source_row_index,Dur,RunTime,Mean,Sum,Min,Max,Proto,sTos,dTos,sDSb,dDSb,sTtl,dTtl,sHops,dHops,Cause,TotPkts,SrcPkts,DstPkts,TotBytes,SrcBytes,DstBytes,sMeanPktSz,dMeanPktSz,Load,SrcLoad,DstLoad,Loss,SrcLoss,DstLoss,pLoss,SrcGap,DstGap,Rate,SrcRate,DstRate,State,SrcWin,DstWin,sVid,dVid,TcpRtt,SynAck,AckDat,label
34,0.0,0.0,0.0,0.0,0.0,0.0,icmp,0.0,,cs0,,58.0,,6.0,,Start,1,1,0,98,98,0,98.0,0.0,0.0,0.0,0.0,0,0,0,0.0,,,0.0,0.0,0.0,ECO,,,,,0.0,0.0,0.0,0
2084,0.092949,0.092949,0.092949,0.092949,0.092949,0.092949,udp,0.0,0.0,cs0,cs0,64.0,53.0,0.0,11.0,Status,8,5,3,4636,3185,1451,637.0,483.666656,302617.5625,219303.0469,83314.5,0,0,0,0.0,,,75.310112,43.034351,21.517176,CON,,,,,0.0,0.0,0.0,0
2098,0.0,0.0,0.0,0.0,0.0,0.0,icmp,0.0,,cs0,,58.0,,6.0,,Start,1,1,0,98,98,0,98.0,0.0,0.0,0.0,0.0,0,0,0,0.0,,,0.0,0.0,0.0,ECO,,,,,0.0,0.0,0.0,0
2136,0.072983,0.072983,0.072983,0.072983,0.072983,0.072983,udp,0.0,0.0,cs0,cs0,64.0,117.0,0.0,11.0,Status,4,2,2,446,308,138,154.0,69.0,24444.04883,16880.64453,7563.405762,0,0,0,0.0,,,41.105465,13.701821,13.701821,CON,,,,,0.0,0.0,0.0,0
2182,4.995316,4.995316,4.995316,4.995316,4.995316,4.995316,udp,0.0,0.0,cs0,cs0,117.0,64.0,11.0,0.0,Status,151,118,33,162075,154387,7688,1308.36438,232.969696,257096.8438,245156.0625,11940.78613,0,0,0,0.0,,,30.02813,23.421942,6.406001,CON,,,,,0.0,0.0,0.0,0
2205,0.0,0.0,0.0,0.0,0.0,0.0,icmp,0.0,,cs0,,58.0,,6.0,,Start,1,1,0,98,98,0,98.0,0.0,0.0,0.0,0.0,0,0,0,0.0,,,0.0,0.0,0.0,ECO,,,,,0.0,0.0,0.0,0
2226,0.0,0.0,0.0,0.0,0.0,0.0,icmp,0.0,,cs0,,58.0,,6.0,,Start,1,1,0,98,98,0,98.0,0.0,0.0,0.0,0.0,0,0,0,0.0,,,0.0,0.0,0.0,ECO,,,,,0.0,0.0,0.0,0
2239,0.0,0.0,0.0,0.0,0.0,0.0,icmp,0.0,,cs0,,58.0,,6.0,,Start,1,1,0,98,98,0,98.0,0.0,0.0,0.0,0.0,0,0,0,0.0,,,0.0,0.0,0.0,ECO,,,,,0.0,0.0,0.0,0
4298,0.0,0.0,0.0,0.0,0.0,0.0,icmp,0.0,,cs0,,58.0,,6.0,,Start,1,1,0,98,98,0,98.0,0.0,0.0,0.0,0.0,0,0,0,0.0,,,0.0,0.0,0.0,ECO,,,,,0.0,0.0,0.0,0
4383,0.04699,0.04699,0.04699,0.04699,0.04699,0.04699,udp,0.0,0.0,cs0,cs0,64.0,117.0,0.0,11.0,Status,5,3,2,668,530,138,176.666672,69.0,72015.32031,60268.14063,11747.18066,0,0,0,0.0,,,85.124496,42.562248,21.281124,CON,,,,,0.0,0.0,0.0,0
4384,0.062867,0.062867,0.062867,0.062867,0.062867,0.062867,udp,0.0,0.0,cs0,cs0,64.0,117.0,0.0,11.0,Status,5,3,2,668,530,138,176.666672,69.0,53827.92188,45047.48047,8780.441406,0,0,0,0.0,,,63.626385,31.813192,15.906596,CON,,,,,0.0,0.0,0.0,0
4486,0.051955,0.051955,0.051955,0.051955,0.051955,0.051955,udp,0.0,0.0,cs0,cs0,64.0,117.0,0.0,11.0,Status,6,3,3,730,530,200,176.666672,66.666664,75141.95313,54508.71094,20633.24023,0,0,0,0.0,,,96.237129,38.49485,38.49485,CON,,,,,0.0,0.0,0.0,0
6600,0.0,0.0,0.0,0.0,0.0,0.0,udp,0.0,,cs0,,249.0,,7.0,,Start,1,1,0,74,74,0,74.0,0.0,0.0,0.0,0.0,0,0,0,0.0,,,0.0,0.0,0.0,INT,,,610.0,,0.0,0.0,0.0,0
6601,0.0,0.0,0.0,0.0,0.0,0.0,udp,0.0,,cs0,,249.0,,7.0,,Start,1,1,0,74,74,0,74.0,0.0,0.0,0.0,0.0,0,0,0,0.0,,,0.0,0.0,0.0,INT,,,610.0,,0.0,0.0,0.0,0
6618,4.997456,4.997456,4.997456,4.997456,4.997456,4.997456,udp,0.0,0.0,cs0,cs0,117.0,64.0,11.0,0.0,Status,105,83,22,112326,106777,5549,1286.469849,252.22728,177351.0313,168871.5156,8479.514648,0,0,0,0.0,,,20.810589,16.408348,4.202138,CON,,,,,0.0,0.0,0.0,0
8785,4.995693,4.995693,4.995693,4.995693,4.995693,4.995693,udp,0.0,0.0,cs0,cs0,117.0,64.0,11.0,0.0,Status,143,130,13,174329,169090,5239,1300.692261,403.0,276439.7188,268695.4375,7744.270508,0,0,0,0.0,,,28.424484,25.822243,2.402069,CON,,,,,0.0,0.0,0.0,0
8810,4.992147,4.992147,4.992147,4.992147,4.992147,4.992147,udp,0.0,0.0,cs0,cs0,117.0,64.0,11.0,0.0,Status,153,136,17,174873,170083,4790,1250.610352,281.764709,277783.5,270557.75,7225.749023,0,0,0,0.0,,,30.447821,27.042473,3.205034,CON,,,,,0.0,0.0,0.0,0
8814,0.0,0.0,0.0,0.0,0.0,0.0,icmp,0.0,,cs0,,58.0,,6.0,,Start,1,1,0,98,98,0,98.0,0.0,0.0,0.0,0.0,0,0,0,0.0,,,0.0,0.0,0.0,ECO,,,,,0.0,0.0,0.0,0
8816,0.049002,0.049002,0.049002,0.049002,0.049002,0.049002,udp,0.0,0.0,cs0,cs0,64.0,117.0,0.0,11.0,Status,6,3,3,730,530,200,176.666672,66.666664,79670.21875,57793.55859,21876.6582,0,0,0,0.0,,,102.036652,40.814663,40.814663,CON,,,,,0.0,0.0,0.0,0
8818,0.0,0.0,0.0,0.0,0.0,0.0,icmp,0.0,,cs0,,58.0,,6.0,,Start,1,1,0,98,98,0,98.0,0.0,0.0,0.0,0.0,0,0,0,0.0,,,0.0,0.0,0.0,ECO,,,,,0.0,0.0,0.0,0
8870,0.100883,0.100883,0.100883,0.100883,0.100883,0.100883,udp,0.0,0.0,cs0,cs0,64.0,53.0,0.0,11.0,Status,9,5,4,5044,3181,1863,636.200012,465.75,312679.0313,201817.9531,110861.0938,0,0,0,0.0,,,79.299782,39.649891,29.737419,CON,,,,,0.0,0.0,0.0,0
8907,0.133016,0.133016,0.133016,0.133016,0.133016,0.133016,tcp,0.0,0.0,cs0,cs0,64.0,116.0,0.0,12.0,Status,10,5,5,2093,921,1172,184.199997,234.399994,100739.7578,44325.49219,56414.26563,0,0,0,0.0,0.0,0.0,67.661034,30.071569,30.071569,CON,776.0,525.0,,,0.0,0.0,0.0,0
8912,0.070005,0.070005,0.070005,0.070005,0.070005,0.070005,udp,0.0,0.0,cs0,cs0,64.0,117.0,0.0,11.0,Status,4,2,2,446,308,138,154.0,69.0,25483.89453,17598.74219,7885.150879,0,0,0,0.0,,,42.85408,14.284694,14.284694,CON,,,,,0.0,0.0,0.0,0
8919,0.052883,0.052883,0.052883,0.052883,0.052883,0.052883,udp,0.0,0.0,cs0,cs0,64.0,117.0,0.0,11.0,Status,5,3,2,668,530,138,176.666672,69.0,63990.32031,53552.18359,10438.13672,0,0,0,0.0,,,75.638672,37.819336,18.909668,CON,,,,,0.0,0.0,0.0,0
9017,0.052997,0.052997,0.052997,0.052997,0.052997,0.052997,udp,0.0,0.0,cs0,cs0,64.0,117.0,0.0,11.0,Status,5,3,2,668,530,138,176.666672,69.0,63852.67188,53436.98828,10415.68359,0,0,0,0.0,,,75.475967,37.737984,18.868992,CON,,,,,0.0,0.0,0.0,0
9030,0.093117,0.093117,0.093117,0.093117,0.093117,0.093117,udp,0.0,0.0,cs0,cs0,64.0,53.0,0.0,11.0,Status,9,5,4,5264,3181,2083,636.200012,520.75,352932.3438,218649.6563,134282.6719,0,0,0,0.0,,,85.913422,42.956711,32.217533,CON,,,,,0.0,0.0,0.0,0
9034,4.99967,4.99967,4.99967,4.99967,4.99967,4.99967,udp,0.0,0.0,cs0,cs0,117.0,64.0,11.0,0.0,Status,161,145,16,187841,183122,4719,1262.9104,294.9375,298075.6875,290995.2188,7080.467285,0,0,0,0.0,,,32.002113,28.801901,3.000198,CON,,,,,0.0,0.0,0.0,0
9060,0.052906,0.052906,0.052906,0.052906,0.052906,0.052906,udp,0.0,0.0,cs0,cs0,64.0,117.0,0.0,11.0,Status,6,3,3,730,530,200,176.666672,66.666664,73791.25,53528.90234,20262.35156,0,0,0,0.0,,,94.50724,37.802895,37.802895,CON,,,,,0.0,0.0,0.0,0
9061,0.052906,0.052906,0.052906,0.052906,0.052906,0.052906,udp,0.0,0.0,cs0,cs0,64.0,117.0,0.0,11.0,Status,6,3,3,730,530,200,176.666672,66.666664,73791.25,53528.90234,20262.35156,0,0,0,0.0,,,94.50724,37.802895,37.802895,CON,,,,,0.0,0.0,0.0,0
10915,4.999935,4.999935,4.999935,4.999935,4.999935,4.999935,udp,0.0,0.0,cs0,cs0,117.0,64.0,11.0,0.0,Status,57,48,9,62944,58494,4450,1218.625,494.444458,97972.46875,91642.78906,6329.682129,0,0,0,0.0,,,11.200146,9.400122,1.600021,CON,,,,,0.0,0.0,0.0,0
11182,0.129883,0.129883,0.129883,0.129883,0.129883,0.129883,tcp,0.0,0.0,cs0,cs0,64.0,53.0,0.0,11.0,Status,10,5,5,2093,921,1172,184.199997,234.399994,103169.7734,45394.69922,57775.07031,0,0,0,0.0,0.0,0.0,69.293129,30.796947,30.796947,CON,843.0,553.0,,,0.0,0.0,0.0,0
11229,4.993154,4.993154,4.993154,4.993154,4.993154,4.993154,udp,0.0,0.0,cs0,cs0,117.0,64.0,11.0,0.0,Status,154,136,18,185029,180027,5002,1323.727905,277.888885,293888.8125,286318.4375,7570.365234,0,0,0,0.0,,,30.641954,27.03702,3.404662,CON,,,,,0.0,0.0,0.0,0
11235,0.132908,0.132908,0.132908,0.132908,0.132908,0.132908,tcp,0.0,0.0,cs0,cs0,64.0,53.0,0.0,11.0,Status,10,5,5,2092,918,1174,183.600006,234.800003,100821.6172,44241.12891,56580.49219,0,0,0,0.0,0.0,0.0,67.716011,30.096006,30.096006,CON,854.0,558.0,,,0.0,0.0,0.0,0
11316,0.0,0.0,0.0,0.0,0.0,0.0,icmp,0.0,,cs0,,58.0,,6.0,,Start,1,1,0,98,98,0,98.0,0.0,0.0,0.0,0.0,0,0,0,0.0,,,0.0,0.0,0.0,ECO,,,,,0.0,0.0,0.0,0
11377,4.997352,4.997352,4.997352,4.997352,4.997352,4.997352,udp,0.0,0.0,cs0,cs0,117.0,64.0,11.0,0.0,Status,137,117,20,162367,157801,4566,1348.72644,228.300003,257401.9063,250457.4375,6944.477539,0,0,0,0.0,,,27.214413,23.212292,3.802013,CON,,,,,0.0,0.0,0.0,0
11443,0.0,0.0,0.0,0.0,0.0,0.0,sctp,40.0,186.0,af11,ef,250.0,255.0,6.0,1.0,Status,2,1,1,192,98,94,98.0,94.0,0.0,0.0,0.0,0,0,0,0.0,,,0.0,0.0,0.0,CON,,,610.0,,0.0,0.0,0.0,0
11452,0.142887,0.142887,0.142887,0.142887,0.142887,0.142887,udp,0.0,0.0,cs0,cs0,64.0,52.0,0.0,12.0,Start,13,7,6,5703,3943,1760,563.285706,293.333344,271375.2813,189240.4531,82134.83594,0,0,0,0.0,,,83.982452,41.991226,34.992687,CON,,,,,0.0,0.0,0.0,0
11503,0.0,0.0,0.0,0.0,0.0,0.0,icmp,0.0,,cs0,,58.0,,6.0,,Start,1,1,0,98,98,0,98.0,0.0,0.0,0.0,0.0,0,0,0,0.0,,,0.0,0.0,0.0,ECO,,,,,0.0,0.0,0.0,0
11517,1.068087,1.068087,1.068087,1.068087,1.068087,1.068087,tcp,0.0,,cs0,,63.0,,1.0,,Start,2,2,0,148,148,0,74.0,0.0,554.261963,554.261963,0.0,1,1,0,33.333333,0.0,0.0,0.936253,0.936253,0.0,REQ,8222720.0,,,,0.0,0.0,0.0,1
11550,0.0,0.0,0.0,0.0,0.0,0.0,tcp,0.0,,cs0,,63.0,,1.0,,Start,1,1,0,74,74,0,74.0,0.0,0.0,0.0,0.0,0,0,0,0.0,0.0,0.0,0.0,0.0,0.0,REQ,0.0,,,,0.0,0.0,0.0,1
11563,0.0,0.0,0.0,0.0,0.0,0.0,tcp,0.0,,cs0,,63.0,,1.0,,Start,1,1,0,74,74,0,74.0,0.0,0.0,0.0,0.0,0,0,0,0.0,0.0,0.0,0.0,0.0,0.0,REQ,0.0,,,,0.0,0.0,0.0,1
11595,0.0,0.0,0.0,0.0,0.0,0.0,tcp,0.0,,cs0,,63.0,,1.0,,Start,1,1,0,74,74,0,74.0,0.0,0.0,0.0,0.0,0,0,0,0.0,0.0,0.0,0.0,0.0,0.0,REQ,0.0,,,,0.0,0.0,0.0,1
11618,0.0,0.0,0.0,0.0,0.0,0.0,tcp,0.0,,cs0,,63.0,,1.0,,Start,1,1,0,74,74,0,74.0,0.0,0.0,0.0,0.0,0,0,0,0.0,0.0,0.0,0.0,0.0,0.0,REQ,0.0,,,,0.0,0.0,0.0,1
11625,0.0,0.0,0.0,0.0,0.0,0.0,tcp,0.0,,cs0,,63.0,,1.0,,Start,1,1,0,74,74,0,74.0,0.0,0.0,0.0,0.0,0,0,0,0.0,0.0,0.0,0.0,0.0,0.0,REQ,0.0,,,,0.0,0.0,0.0,1
11699,0.0,0.0,0.0,0.0,0.0,0.0,tcp,0.0,,cs0,,63.0,,1.0,,Start,1,1,0,74,74,0,74.0,0.0,0.0,0.0,0.0,0,0,0,0.0,0.0,0.0,0.0,0.0,0.0,REQ,0.0,,,,0.0,0.0,0.0,1
11701,0.0,0.0,0.0,0.0,0.0,0.0,tcp,0.0,,cs0,,63.0,,1.0,,Start,1,1,0,74,74,0,74.0,0.0,0.0,0.0,0.0,0,0,0,0.0,0.0,0.0,0.0,0.0,0.0,REQ,0.0,,,,0.0,0.0,0.0,1
11828,0.0,0.0,0.0,0.0,0.0,0.0,tcp,0.0,,cs0,,63.0,,1.0,,Start,1,1,0,74,74,0,74.0,0.0,0.0,0.0,0.0,0,0,0,0.0,0.0,0.0,0.0,0.0,0.0,REQ,0.0,,,,0.0,0.0,0.0,1
11839,0.0,0.0,0.0,0.0,0.0,0.0,tcp,0.0,,cs0,,63.0,,1.0,,Start,1,1,0,74,74,0,74.0,0.0,0.0,0.0,0.0,0,0,0,0.0,0.0,0.0,0.0,0.0,0.0,REQ,0.0,,,,0.0,0.0,0.0,1
11846,0.0,0.0,0.0,0.0,0.0,0.0,tcp,0.0,,cs0,,63.0,,1.0,,Start,1,1,0,74,74,0,74.0,0.0,0.0,0.0,0.0,0,0,0,0.0,0.0,0.0,0.0,0.0,0.0,REQ,0.0,,,,0.0,0.0,0.0,1
11853,0.0,0.0,0.0,0.0,0.0,0.0,tcp,0.0,,cs0,,63.0,,1.0,,Start,1,1,0,74,74,0,74.0,0.0,0.0,0.0,0.0,0,0,0,0.0,0.0,0.0,0.0,0.0,0.0,REQ,0.0,,,,0.0,0.0,0.0,1
11897,0.0,0.0,0.0,0.0,0.0,0.0,tcp,0.0,,cs0,,63.0,,1.0,,Start,1,1,0,74,74,0,74.0,0.0,0.0,0.0,0.0,0,0,0,0.0,0.0,0.0,0.0,0.0,0.0,REQ,0.0,,,,0.0,0.0,0.0,1
12024,0.0,0.0,0.0,0.0,0.0,0.0,tcp,0.0,,cs0,,63.0,,1.0,,Start,1,1,0,74,74,0,74.0,0.0,0.0,0.0,0.0,0,0,0,0.0,0.0,0.0,0.0,0.0,0.0,REQ,0.0,,,,0.0,0.0,0.0,1
12034,0.0,0.0,0.0,0.0,0.0,0.0,tcp,0.0,,cs0,,63.0,,1.0,,Start,1,1,0,74,74,0,74.0,0.0,0.0,0.0,0.0,0,0,0,0.0,0.0,0.0,0.0,0.0,0.0,REQ,0.0,,,,0.0,0.0,0.0,1
12069,0.0,0.0,0.0,0.0,0.0,0.0,tcp,0.0,,cs0,,63.0,,1.0,,Start,1,1,0,74,74,0,74.0,0.0,0.0,0.0,0.0,0,0,0,0.0,0.0,0.0,0.0,0.0,0.0,REQ,0.0,,,,0.0,0.0,0.0,1
12088,0.0,0.0,0.0,0.0,0.0,0.0,tcp,0.0,,cs0,,63.0,,1.0,,Start,1,1,0,74,74,0,74.0,0.0,0.0,0.0,0.0,0,0,0,0.0,0.0,0.0,0.0,0.0,0.0,REQ,0.0,,,,0.0,0.0,0.0,1
12120,0.0,0.0,0.0,0.0,0.0,0.0,tcp,0.0,,cs0,,63.0,,1.0,,Start,1,1,0,74,74,0,74.0,0.0,0.0,0.0,0.0,0,0,0,0.0,0.0,0.0,0.0,0.0,0.0,REQ,0.0,,,,0.0,0.0,0.0,1
12166,0.0,0.0,0.0,0.0,0.0,0.0,tcp,0.0,,cs0,,63.0,,1.0,,Start,1,1,0,74,74,0,74.0,0.0,0.0,0.0,0.0,0,0,0,0.0,0.0,0.0,0.0,0.0,0.0,REQ,0.0,,,,0.0,0.0,0.0,1
12208,0.0,0.0,0.0,0.0,0.0,0.0,tcp,0.0,,cs0,,63.0,,1.0,,Start,1,1,0,74,74,0,74.0,0.0,0.0,0.0,0.0,0,0,0,0.0,0.0,0.0,0.0,0.0,0.0,REQ,0.0,,,,0.0,0.0,0.0,1
12353,0.0,0.0,0.0,0.0,0.0,0.0,tcp,0.0,,cs0,,63.0,,1.0,,Start,1,1,0,74,74,0,74.0,0.0,0.0,0.0,0.0,0,0,0,0.0,0.0,0.0,0.0,0.0,0.0,REQ,8379648.0,,,,0.0,0.0,0.0,1
12419,0.0,0.0,0.0,0.0,0.0,0.0,tcp,0.0,,cs0,,63.0,,1.0,,Start,1,1,0,74,74,0,74.0,0.0,0.0,0.0,0.0,0,0,0,0.0,0.0,0.0,0.0,0.0,0.0,REQ,8379648.0,,,,0.0,0.0,0.0,1
12493,0.0,0.0,0.0,0.0,0.0,0.0,tcp,0.0,,cs0,,63.0,,1.0,,Start,1,1,0,74,74,0,74.0,0.0,0.0,0.0,0.0,0,0,0,0.0,0.0,0.0,0.0,0.0,0.0,REQ,0.0,,,,0.0,0.0,0.0,1
12509,0.0,0.0,0.0,0.0,0.0,0.0,tcp,0.0,,cs0,,63.0,,1.0,,Start,1,1,0,74,74,0,74.0,0.0,0.0,0.0,0.0,0,0,0,0.0,0.0,0.0,0.0,0.0,0.0,REQ,0.0,,,,0.0,0.0,0.0,1
12531,0.0,0.0,0.0,0.0,0.0,0.0,tcp,0.0,,cs0,,63.0,,1.0,,Start,1,1,0,74,74,0,74.0,0.0,0.0,0.0,0.0,0,0,0,0.0,0.0,0.0,0.0,0.0,0.0,REQ,0.0,,,,0.0,0.0,0.0,1
12604,0.0,0.0,0.0,0.0,0.0,0.0,tcp,0.0,,cs0,,63.0,,1.0,,Start,1,1,0,74,74,0,74.0,0.0,0.0,0.0,0.0,0,0,0,0.0,0.0,0.0,0.0,0.0,0.0,REQ,0.0,,,,0.0,0.0,0.0,1
12607,0.0,0.0,0.0,0.0,0.0,0.0,tcp,0.0,,cs0,,63.0,,1.0,,Start,1,1,0,74,74,0,74.0,0.0,0.0,0.0,0.0,0,0,0,0.0,0.0,0.0,0.0,0.0,0.0,REQ,0.0,,,,0.0,0.0,0.0,1
12635,0.0,0.0,0.0,0.0,0.0,0.0,tcp,0.0,,cs0,,63.0,,1.0,,Start,1,1,0,74,74,0,74.0,0.0,0.0,0.0,0.0,0,0,0,0.0,0.0,0.0,0.0,0.0,0.0,REQ,0.0,,,,0.0,0.0,0.0,1
12643,0.0,0.0,0.0,0.0,0.0,0.0,tcp,0.0,,cs0,,63.0,,1.0,,Start,1,1,0,74,74,0,74.0,0.0,0.0,0.0,0.0,0,0,0,0.0,0.0,0.0,0.0,0.0,0.0,REQ,0.0,,,,0.0,0.0,0.0,1
12687,0.0,0.0,0.0,0.0,0.0,0.0,tcp,0.0,,cs0,,63.0,,1.0,,Start,1,1,0,74,74,0,74.0,0.0,0.0,0.0,0.0,0,0,0,0.0,0.0,0.0,0.0,0.0,0.0,REQ,0.0,,,,0.0,0.0,0.0,1
12700,0.0,0.0,0.0,0.0,0.0,0.0,tcp,0.0,,cs0,,63.0,,1.0,,Start,1,1,0,74,74,0,74.0,0.0,0.0,0.0,0.0,0,0,0,0.0,0.0,0.0,0.0,0.0,0.0,REQ,0.0,,,,0.0,0.0,0.0,1
12748,0.0,0.0,0.0,0.0,0.0,0.0,tcp,0.0,,cs0,,63.0,,1.0,,Start,1,1,0,74,74,0,74.0,0.0,0.0,0.0,0.0,0,0,0,0.0,0.0,0.0,0.0,0.0,0.0,REQ,0.0,,,,0.0,0.0,0.0,1
12818,0.0,0.0,0.0,0.0,0.0,0.0,tcp,0.0,,cs0,,63.0,,1.0,,Start,1,1,0,74,74,0,74.0,0.0,0.0,0.0,0.0,0,0,0,0.0,0.0,0.0,0.0,0.0,0.0,REQ,0.0,,,,0.0,0.0,0.0,1
12819,0.0,0.0,0.0,0.0,0.0,0.0,tcp,0.0,,cs0,,63.0,,1.0,,Start,1,1,0,74,74,0,74.0,0.0,0.0,0.0,0.0,0,0,0,0.0,0.0,0.0,0.0,0.0,0.0,REQ,0.0,,,,0.0,0.0,0.0,1
12855,0.0,0.0,0.0,0.0,0.0,0.0,tcp,0.0,,cs0,,63.0,,1.0,,Start,1,1,0,74,74,0,74.0,0.0,0.0,0.0,0.0,0,0,0,0.0,0.0,0.0,0.0,0.0,0.0,REQ,0.0,,,,0.0,0.0,0.0,1
12861,0.0,0.0,0.0,0.0,0.0,0.0,tcp,0.0,,cs0,,63.0,,1.0,,Start,1,1,0,74,74,0,74.0,0.0,0.0,0.0,0.0,0,0,0,0.0,0.0,0.0,0.0,0.0,0.0,REQ,0.0,,,,0.0,0.0,0.0,1
12932,0.0,0.0,0.0,0.0,0.0,0.0,tcp,0.0,,cs0,,63.0,,1.0,,Start,1,1,0,74,74,0,74.0,0.0,0.0,0.0,0.0,0,0,0,0.0,0.0,0.0,0.0,0.0,0.0,REQ,0.0,,,,0.0,0.0,0.0,1
12934,0.0,0.0,0.0,0.0,0.0,0.0,tcp,0.0,,cs0,,63.0,,1.0,,Start,1,1,0,74,74,0,74.0,0.0,0.0,0.0,0.0,0,0,0,0.0,0.0,0.0,0.0,0.0,0.0,REQ,0.0,,,,0.0,0.0,0.0,1
12954,0.0,0.0,0.0,0.0,0.0,0.0,tcp,0.0,,cs0,,63.0,,1.0,,Start,1,1,0,74,74,0,74.0,0.0,0.0,0.0,0.0,0,0,0,0.0,0.0,0.0,0.0,0.0,0.0,REQ,0.0,,,,0.0,0.0,0.0,1
13034,0.0,0.0,0.0,0.0,0.0,0.0,tcp,0.0,,cs0,,63.0,,1.0,,Start,1,1,0,74,74,0,74.0,0.0,0.0,0.0,0.0,0,0,0,0.0,0.0,0.0,0.0,0.0,0.0,REQ,0.0,,,,0.0,0.0,0.0,1
13062,0.0,0.0,0.0,0.0,0.0,0.0,tcp,0.0,,cs0,,63.0,,1.0,,Start,1,1,0,74,74,0,74.0,0.0,0.0,0.0,0.0,0,0,0,0.0,0.0,0.0,0.0,0.0,0.0,REQ,0.0,,,,0.0,0.0,0.0,1
13069,0.0,0.0,0.0,0.0,0.0,0.0,tcp,0.0,,cs0,,63.0,,1.0,,Start,1,1,0,74,74,0,74.0,0.0,0.0,0.0,0.0,0,0,0,0.0,0.0,0.0,0.0,0.0,0.0,REQ,0.0,,,,0.0,0.0,0.0,1
13081,0.0,0.0,0.0,0.0,0.0,0.0,tcp,0.0,,cs0,,63.0,,1.0,,Start,1,1,0,74,74,0,74.0,0.0,0.0,0.0,0.0,0,0,0,0.0,0.0,0.0,0.0,0.0,0.0,REQ,0.0,,,,0.0,0.0,0.0,1
13087,0.0,0.0,0.0,0.0,0.0,0.0,tcp,0.0,,cs0,,63.0,,1.0,,Start,1,1,0,74,74,0,74.0,0.0,0.0,0.0,0.0,0,0,0,0.0,0.0,0.0,0.0,0.0,0.0,REQ,0.0,,,,0.0,0.0,0.0,1
13174,0.0,0.0,0.0,0.0,0.0,0.0,tcp,0.0,,cs0,,63.0,,1.0,,Start,1,1,0,74,74,0,74.0,0.0,0.0,0.0,0.0,0,0,0,0.0,0.0,0.0,0.0,0.0,0.0,REQ,78080.0,,,,0.0,0.0,0.0,1
13330,0.0,0.0,0.0,0.0,0.0,0.0,tcp,0.0,,cs0,,63.0,,1.0,,Start,1,1,0,74,74,0,74.0,0.0,0.0,0.0,0.0,0,0,0,0.0,0.0,0.0,0.0,0.0,0.0,REQ,78080.0,,,,0.0,0.0,0.0,1
13490,0.0,0.0,0.0,0.0,0.0,0.0,tcp,0.0,,cs0,,63.0,,1.0,,Start,1,1,0,74,74,0,74.0,0.0,0.0,0.0,0.0,0,0,0,0.0,0.0,0.0,0.0,0.0,0.0,REQ,0.0,,,,0.0,0.0,0.0,1
13494,0.0,0.0,0.0,0.0,0.0,0.0,tcp,0.0,,cs0,,63.0,,1.0,,Start,1,1,0,74,74,0,74.0,0.0,0.0,0.0,0.0,0,0,0,0.0,0.0,0.0,0.0,0.0,0.0,REQ,0.0,,,,0.0,0.0,0.0,1
13505,0.0,0.0,0.0,0.0,0.0,0.0,tcp,0.0,,cs0,,63.0,,1.0,,Start,1,1,0,74,74,0,74.0,0.0,0.0,0.0,0.0,0,0,0,0.0,0.0,0.0,0.0,0.0,0.0,REQ,0.0,,,,0.0,0.0,0.0,1
13567,4.98919,4.98919,4.98919,4.98919,4.98919,4.98919,udp,0.0,0.0,cs0,cs0,117.0,64.0,11.0,0.0,Status,26,9,17,11733,6927,4806,769.666687,282.705872,17128.23047,9874.147461,7254.083008,0,0,0,0.0,,,5.010833,1.603467,3.206933,CON,,,,,0.0,0.0,0.0,0
13580,0.0,0.0,0.0,0.0,0.0,0.0,icmp,0.0,,cs0,,58.0,,6.0,,Start,1,1,0,98,98,0,98.0,0.0,0.0,0.0,0.0,0,0,0,0.0,,,0.0,0.0,0.0,ECO,,,,,0.0,0.0,0.0,0
13640,0.0,0.0,0.0,0.0,0.0,0.0,icmp,0.0,,cs0,,58.0,,6.0,,Start,1,1,0,98,98,0,98.0,0.0,0.0,0.0,0.0,0,0,0,0.0,,,0.0,0.0,0.0,ECO,,,,,0.0,0.0,0.0,0
13678,4.999008,4.999008,4.999008,4.999008,4.999008,4.999008,udp,0.0,0.0,cs0,cs0,117.0,64.0,11.0,0.0,Status,140,125,15,160220,155563,4657,1244.504028,310.466675,253915.9688,246959.3906,6956.580078,0,0,0,0.0,,,27.805515,24.80492,2.800555,CON,,,,,0.0,0.0,0.0,0
13693,0.0,0.0,0.0,0.0,0.0,0.0,sctp,186.0,40.0,ef,af11,255.0,250.0,1.0,6.0,Status,2,1,1,232,114,118,114.0,118.0,0.0,0.0,0.0,0,0,0,0.0,,,0.0,0.0,0.0,CON,,,,610.0,0.0,0.0,0.0,0
13699,0.0,0.0,0.0,0.0,0.0,0.0,icmp,0.0,,cs0,,58.0,,6.0,,Start,1,1,0,98,98,0,98.0,0.0,0.0,0.0,0.0,0,0,0,0.0,,,0.0,0.0,0.0,ECO,,,,,0.0,0.0,0.0,0
13715,0.0,0.0,0.0,0.0,0.0,0.0,icmp,0.0,,cs0,,58.0,,6.0,,Start,1,1,0,98,98,0,98.0,0.0,0.0,0.0,0.0,0,0,0,0.0,,,0.0,0.0,0.0,ECO,,,,,0.0,0.0,0.0,0
13734,0.174803,0.174803,0.174803,0.174803,0.174803,0.174803,udp,0.0,0.0,cs0,cs0,64.0,53.0,0.0,11.0,Start,22,13,9,13248,8366,4882,643.538452,542.444458,552072.875,353449.3125,198623.5938,0,0,0,0.0,,,120.135239,68.648705,45.765804,CON,,,,,0.0,0.0,0.0,0
13752,4.995119,4.995119,4.995119,4.995119,4.995119,4.995119,udp,0.0,0.0,cs0,cs0,117.0,64.0,11.0,0.0,Status,150,128,22,176567,171859,4708,1342.648438,214.0,280291.2188,273093.7813,7197.425781,0,0,0,0.0,,,29.829119,25.42482,4.204104,CON,,,,,0.0,0.0,0.0,0
13768,4.994052,4.994052,4.994052,4.994052,4.994052,4.994052,udp,0.0,0.0,cs0,cs0,117.0,64.0,11.0,0.0,Status,89,69,20,93169,87942,5227,1274.521729,261.350006,146789.0156,138833.9531,7955.063477,0,0,0,0.0,,,17.620962,13.616198,3.804526,CON,,,,,0.0,0.0,0.0,0
13840,0.0,0.0,0.0,0.0,0.0,0.0,tcp,0.0,,cs0,,63.0,,1.0,,Start,1,1,0,74,74,0,74.0,0.0,0.0,0.0,0.0,0,0,0,0.0,0.0,0.0,0.0,0.0,0.0,REQ,0.0,,,,0.0,0.0,0.0,1
13877,0.0,0.0,0.0,0.0,0.0,0.0,tcp,0.0,,cs0,,63.0,,1.0,,Start,1,1,0,74,74,0,74.0,0.0,0.0,0.0,0.0,0,0,0,0.0,0.0,0.0,0.0,0.0,0.0,REQ,0.0,,,,0.0,0.0,0.0,1
13886,0.0,0.0,0.0,0.0,0.0,0.0,tcp,0.0,,cs0,,63.0,,1.0,,Start,1,1,0,74,74,0,74.0,0.0,0.0,0.0,0.0,0,0,0,0.0,0.0,0.0,0.0,0.0,0.0,REQ,0.0,,,,0.0,0.0,0.0,1
13970,0.0,0.0,0.0,0.0,0.0,0.0,tcp,0.0,,cs0,,63.0,,1.0,,Start,1,1,0,74,74,0,74.0,0.0,0.0,0.0,0.0,0,0,0,0.0,0.0,0.0,0.0,0.0,0.0,REQ,0.0,,,,0.0,0.0,0.0,1
13978,0.0,0.0,0.0,0.0,0.0,0.0,tcp,0.0,,cs0,,63.0,,1.0,,Start,1,1,0,74,74,0,74.0,0.0,0.0,0.0,0.0,0,0,0,0.0,0.0,0.0,0.0,0.0,0.0,REQ,0.0,,,,0.0,0.0,0.0,1
13995,0.0,0.0,0.0,0.0,0.0,0.0,tcp,0.0,,cs0,,63.0,,1.0,,Start,1,1,0,74,74,0,74.0,0.0,0.0,0.0,0.0,0,0,0,0.0,0.0,0.0,0.0,0.0,0.0,REQ,0.0,,,,0.0,0.0,0.0,1
14040,0.0,0.0,0.0,0.0,0.0,0.0,tcp,0.0,,cs0,,63.0,,1.0,,Start,1,1,0,74,74,0,74.0,0.0,0.0,0.0,0.0,0,0,0,0.0,0.0,0.0,0.0,0.0,0.0,REQ,0.0,,,,0.0,0.0,0.0,1
14041,0.0,0.0,0.0,0.0,0.0,0.0,tcp,0.0,,cs0,,63.0,,1.0,,Start,1,1,0,74,74,0,74.0,0.0,0.0,0.0,0.0,0,0,0,0.0,0.0,0.0,0.0,0.0,0.0,REQ,0.0,,,,0.0,0.0,0.0,1
14049,0.0,0.0,0.0,0.0,0.0,0.0,tcp,0.0,,cs0,,63.0,,1.0,,Start,1,1,0,74,74,0,74.0,0.0,0.0,0.0,0.0,0,0,0,0.0,0.0,0.0,0.0,0.0,0.0,REQ,0.0,,,,0.0,0.0,0.0,1
14121,0.0,0.0,0.0,0.0,0.0,0.0,tcp,0.0,,cs0,,63.0,,1.0,,Start,1,1,0,74,74,0,74.0,0.0,0.0,0.0,0.0,0,0,0,0.0,0.0,0.0,0.0,0.0,0.0,REQ,2359296.0,,,,0.0,0.0,0.0,1
14273,0.0,0.0,0.0,0.0,0.0,0.0,tcp,0.0,,cs0,,63.0,,1.0,,Start,1,1,0,74,74,0,74.0,0.0,0.0,0.0,0.0,0,0,0,0.0,0.0,0.0,0.0,0.0,0.0,REQ,0.0,,,,0.0,0.0,0.0,1
14290,0.0,0.0,0.0,0.0,0.0,0.0,tcp,0.0,,cs0,,63.0,,1.0,,Start,1,1,0,74,74,0,74.0,0.0,0.0,0.0,0.0,0,0,0,0.0,0.0,0.0,0.0,0.0,0.0,REQ,0.0,,,,0.0,0.0,0.0,1
14294,0.0,0.0,0.0,0.0,0.0,0.0,tcp,0.0,,cs0,,63.0,,1.0,,Start,1,1,0,74,74,0,74.0,0.0,0.0,0.0,0.0,0,0,0,0.0,0.0,0.0,0.0,0.0,0.0,REQ,0.0,,,,0.0,0.0,0.0,1
14318,0.0,0.0,0.0,0.0,0.0,0.0,tcp,0.0,,cs0,,63.0,,1.0,,Start,1,1,0,74,74,0,74.0,0.0,0.0,0.0,0.0,0,0,0,0.0,0.0,0.0,0.0,0.0,0.0,REQ,0.0,,,,0.0,0.0,0.0,1
14382,0.0,0.0,0.0,0.0,0.0,0.0,tcp,0.0,,cs0,,63.0,,1.0,,Start,1,1,0,74,74,0,74.0,0.0,0.0,0.0,0.0,0,0,0,0.0,0.0,0.0,0.0,0.0,0.0,REQ,0.0,,,,0.0,0.0,0.0,1
14385,0.0,0.0,0.0,0.0,0.0,0.0,tcp,0.0,,cs0,,63.0,,1.0,,Start,1,1,0,74,74,0,74.0,0.0,0.0,0.0,0.0,0,0,0,0.0,0.0,0.0,0.0,0.0,0.0,REQ,0.0,,,,0.0,0.0,0.0,1
14409,0.0,0.0,0.0,0.0,0.0,0.0,tcp,0.0,,cs0,,63.0,,1.0,,Start,1,1,0,74,74,0,74.0,0.0,0.0,0.0,0.0,0,0,0,0.0,0.0,0.0,0.0,0.0,0.0,REQ,0.0,,,,0.0,0.0,0.0,1
14426,0.0,0.0,0.0,0.0,0.0,0.0,tcp,0.0,,cs0,,63.0,,1.0,,Start,1,1,0,74,74,0,74.0,0.0,0.0,0.0,0.0,0,0,0,0.0,0.0,0.0,0.0,0.0,0.0,REQ,0.0,,,,0.0,0.0,0.0,1
14427,0.0,0.0,0.0,0.0,0.0,0.0,tcp,0.0,,cs0,,63.0,,1.0,,Start,1,1,0,74,74,0,74.0,0.0,0.0,0.0,0.0,0,0,0,0.0,0.0,0.0,0.0,0.0,0.0,REQ,0.0,,,,0.0,0.0,0.0,1
14479,0.0,0.0,0.0,0.0,0.0,0.0,tcp,0.0,,cs0,,63.0,,1.0,,Start,1,1,0,74,74,0,74.0,0.0,0.0,0.0,0.0,0,0,0,0.0,0.0,0.0,0.0,0.0,0.0,REQ,0.0,,,,0.0,0.0,0.0,1
14495,0.0,0.0,0.0,0.0,0.0,0.0,tcp,0.0,,cs0,,63.0,,1.0,,Start,1,1,0,74,74,0,74.0,0.0,0.0,0.0,0.0,0,0,0,0.0,0.0,0.0,0.0,0.0,0.0,REQ,0.0,,,,0.0,0.0,0.0,1
14506,0.0,0.0,0.0,0.0,0.0,0.0,tcp,0.0,,cs0,,63.0,,1.0,,Start,1,1,0,74,74,0,74.0,0.0,0.0,0.0,0.0,0,0,0,0.0,0.0,0.0,0.0,0.0,0.0,REQ,0.0,,,,0.0,0.0,0.0,1
14521,0.0,0.0,0.0,0.0,0.0,0.0,tcp,0.0,,cs0,,63.0,,1.0,,Start,1,1,0,74,74,0,74.0,0.0,0.0,0.0,0.0,0,0,0,0.0,0.0,0.0,0.0,0.0,0.0,REQ,0.0,,,,0.0,0.0,0.0,1
14655,0.0,0.0,0.0,0.0,0.0,0.0,tcp,0.0,,cs0,,63.0,,1.0,,Start,1,1,0,74,74,0,74.0,0.0,0.0,0.0,0.0,0,0,0,0.0,0.0,0.0,0.0,0.0,0.0,REQ,0.0,,,,0.0,0.0,0.0,1
14786,0.0,0.0,0.0,0.0,0.0,0.0,tcp,0.0,,cs0,,63.0,,1.0,,Start,1,1,0,74,74,0,74.0,0.0,0.0,0.0,0.0,0,0,0,0.0,0.0,0.0,0.0,0.0,0.0,REQ,0.0,,,,0.0,0.0,0.0,1
14806,0.0,0.0,0.0,0.0,0.0,0.0,tcp,0.0,,cs0,,63.0,,1.0,,Start,1,1,0,74,74,0,74.0,0.0,0.0,0.0,0.0,0,0,0,0.0,0.0,0.0,0.0,0.0,0.0,REQ,0.0,,,,0.0,0.0,0.0,1
14839,0.0,0.0,0.0,0.0,0.0,0.0,tcp,0.0,,cs0,,63.0,,1.0,,Start,1,1,0,74,74,0,74.0,0.0,0.0,0.0,0.0,0,0,0,0.0,0.0,0.0,0.0,0.0,0.0,REQ,0.0,,,,0.0,0.0,0.0,1
15030,0.0,0.0,0.0,0.0,0.0,0.0,tcp,0.0,,cs0,,63.0,,1.0,,Start,1,1,0,74,74,0,74.0,0.0,0.0,0.0,0.0,0,0,0,0.0,0.0,0.0,0.0,0.0,0.0,REQ,0.0,,,,0.0,0.0,0.0,1
15036,0.0,0.0,0.0,0.0,0.0,0.0,tcp,0.0,,cs0,,63.0,,1.0,,Start,1,1,0,74,74,0,74.0,0.0,0.0,0.0,0.0,0,0,0,0.0,0.0,0.0,0.0,0.0,0.0,REQ,0.0,,,,0.0,0.0,0.0,1
15068,0.0,0.0,0.0,0.0,0.0,0.0,tcp,0.0,,cs0,,63.0,,1.0,,Start,1,1,0,74,74,0,74.0,0.0,0.0,0.0,0.0,0,0,0,0.0,0.0,0.0,0.0,0.0,0.0,REQ,0.0,,,,0.0,0.0,0.0,1
15073,0.0,0.0,0.0,0.0,0.0,0.0,tcp,0.0,,cs0,,63.0,,1.0,,Start,1,1,0,74,74,0,74.0,0.0,0.0,0.0,0.0,0,0,0,0.0,0.0,0.0,0.0,0.0,0.0,REQ,0.0,,,,0.0,0.0,0.0,1
15084,0.016878,0.016878,0.016878,0.016878,0.016878,0.016878,tcp,0.0,0.0,cs0,cs0,63.0,59.0,1.0,5.0,Start,4,3,1,280,206,74,68.666664,74.0,65410.59375,65410.59375,0.0,0,0,0,0.0,0.0,0.0,177.746185,118.497459,0.0,RST,64256.0,8340480.0,,,0.015885,0.002245,0.01364,1
15103,0.0,0.0,0.0,0.0,0.0,0.0,tcp,0.0,,cs0,,63.0,,1.0,,Start,1,1,0,74,74,0,74.0,0.0,0.0,0.0,0.0,0,0,0,0.0,0.0,0.0,0.0,0.0,0.0,REQ,0.0,,,,0.0,0.0,0.0,1
15131,0.0,0.0,0.0,0.0,0.0,0.0,tcp,0.0,,cs0,,63.0,,1.0,,Start,1,1,0,74,74,0,74.0,0.0,0.0,0.0,0.0,0,0,0,0.0,0.0,0.0,0.0,0.0,0.0,REQ,0.0,,,,0.0,0.0,0.0,1
15173,0.0,0.0,0.0,0.0,0.0,0.0,tcp,0.0,,cs0,,63.0,,1.0,,Start,1,1,0,74,74,0,74.0,0.0,0.0,0.0,0.0,0,0,0,0.0,0.0,0.0,0.0,0.0,0.0,REQ,0.0,,,,0.0,0.0,0.0,1
15188,0.0,0.0,0.0,0.0,0.0,0.0,tcp,0.0,,cs0,,63.0,,1.0,,Start,1,1,0,74,74,0,74.0,0.0,0.0,0.0,0.0,0,0,0,0.0,0.0,0.0,0.0,0.0,0.0,REQ,0.0,,,,0.0,0.0,0.0,1
15224,0.0,0.0,0.0,0.0,0.0,0.0,tcp,0.0,,cs0,,63.0,,1.0,,Start,1,1,0,74,74,0,74.0,0.0,0.0,0.0,0.0,0,0,0,0.0,0.0,0.0,0.0,0.0,0.0,REQ,0.0,,,,0.0,0.0,0.0,1
15253,0.0,0.0,0.0,0.0,0.0,0.0,tcp,0.0,,cs0,,63.0,,1.0,,Start,1,1,0,74,74,0,74.0,0.0,0.0,0.0,0.0,0,0,0,0.0,0.0,0.0,0.0,0.0,0.0,REQ,0.0,,,,0.0,0.0,0.0,1
15257,0.0,0.0,0.0,0.0,0.0,0.0,tcp,0.0,,cs0,,63.0,,1.0,,Start,1,1,0,74,74,0,74.0,0.0,0.0,0.0,0.0,0,0,0,0.0,0.0,0.0,0.0,0.0,0.0,REQ,0.0,,,,0.0,0.0,0.0,1
15288,0.0,0.0,0.0,0.0,0.0,0.0,tcp,0.0,,cs0,,63.0,,1.0,,Start,1,1,0,74,74,0,74.0,0.0,0.0,0.0,0.0,0,0,0,0.0,0.0,0.0,0.0,0.0,0.0,REQ,0.0,,,,0.0,0.0,0.0,1
15309,0.0,0.0,0.0,0.0,0.0,0.0,tcp,0.0,,cs0,,63.0,,1.0,,Start,1,1,0,74,74,0,74.0,0.0,0.0,0.0,0.0,0,0,0,0.0,0.0,0.0,0.0,0.0,0.0,REQ,0.0,,,,0.0,0.0,0.0,1
15312,0.0,0.0,0.0,0.0,0.0,0.0,tcp,0.0,,cs0,,63.0,,1.0,,Start,1,1,0,74,74,0,74.0,0.0,0.0,0.0,0.0,0,0,0,0.0,0.0,0.0,0.0,0.0,0.0,REQ,0.0,,,,0.0,0.0,0.0,1
15349,0.0,0.0,0.0,0.0,0.0,0.0,tcp,0.0,,cs0,,63.0,,1.0,,Start,1,1,0,74,74,0,74.0,0.0,0.0,0.0,0.0,0,0,0,0.0,0.0,0.0,0.0,0.0,0.0,REQ,0.0,,,,0.0,0.0,0.0,1
15351,0.0,0.0,0.0,0.0,0.0,0.0,tcp,0.0,,cs0,,63.0,,1.0,,Start,1,1,0,74,74,0,74.0,0.0,0.0,0.0,0.0,0,0,0,0.0,0.0,0.0,0.0,0.0,0.0,REQ,0.0,,,,0.0,0.0,0.0,1
15352,0.0,0.0,0.0,0.0,0.0,0.0,tcp,0.0,,cs0,,63.0,,1.0,,Start,1,1,0,74,74,0,74.0,0.0,0.0,0.0,0.0,0,0,0,0.0,0.0,0.0,0.0,0.0,0.0,REQ,0.0,,,,0.0,0.0,0.0,1
15356,0.0,0.0,0.0,0.0,0.0,0.0,tcp,0.0,,cs0,,63.0,,1.0,,Start,1,1,0,74,74,0,74.0,0.0,0.0,0.0,0.0,0,0,0,0.0,0.0,0.0,0.0,0.0,0.0,REQ,0.0,,,,0.0,0.0,0.0,1
15387,0.0,0.0,0.0,0.0,0.0,0.0,tcp,0.0,,cs0,,63.0,,1.0,,Start,1,1,0,74,74,0,74.0,0.0,0.0,0.0,0.0,0,0,0,0.0,0.0,0.0,0.0,0.0,0.0,REQ,0.0,,,,0.0,0.0,0.0,1
15439,0.0,0.0,0.0,0.0,0.0,0.0,tcp,0.0,,cs0,,63.0,,1.0,,Start,1,1,0,74,74,0,74.0,0.0,0.0,0.0,0.0,0,0,0,0.0,0.0,0.0,0.0,0.0,0.0,REQ,0.0,,,,0.0,0.0,0.0,1
15484,0.0,0.0,0.0,0.0,0.0,0.0,tcp,0.0,,cs0,,63.0,,1.0,,Start,1,1,0,74,74,0,74.0,0.0,0.0,0.0,0.0,0,0,0,0.0,0.0,0.0,0.0,0.0,0.0,REQ,0.0,,,,0.0,0.0,0.0,1
15485,0.0,0.0,0.0,0.0,0.0,0.0,tcp,0.0,,cs0,,63.0,,1.0,,Start,1,1,0,74,74,0,74.0,0.0,0.0,0.0,0.0,0,0,0,0.0,0.0,0.0,0.0,0.0,0.0,REQ,0.0,,,,0.0,0.0,0.0,1
15511,0.0,0.0,0.0,0.0,0.0,0.0,tcp,0.0,,cs0,,63.0,,1.0,,Start,1,1,0,74,74,0,74.0,0.0,0.0,0.0,0.0,0,0,0,0.0,0.0,0.0,0.0,0.0,0.0,REQ,0.0,,,,0.0,0.0,0.0,1
15520,0.0,0.0,0.0,0.0,0.0,0.0,tcp,0.0,,cs0,,63.0,,1.0,,Start,1,1,0,74,74,0,74.0,0.0,0.0,0.0,0.0,0,0,0,0.0,0.0,0.0,0.0,0.0,0.0,REQ,0.0,,,,0.0,0.0,0.0,1
15543,0.0,0.0,0.0,0.0,0.0,0.0,tcp,0.0,,cs0,,63.0,,1.0,,Start,1,1,0,74,74,0,74.0,0.0,0.0,0.0,0.0,0,0,0,0.0,0.0,0.0,0.0,0.0,0.0,REQ,0.0,,,,0.0,0.0,0.0,1
15555,0.0,0.0,0.0,0.0,0.0,0.0,tcp,0.0,,cs0,,63.0,,1.0,,Start,1,1,0,74,74,0,74.0,0.0,0.0,0.0,0.0,0,0,0,0.0,0.0,0.0,0.0,0.0,0.0,REQ,0.0,,,,0.0,0.0,0.0,1
15556,0.0,0.0,0.0,0.0,0.0,0.0,tcp,0.0,,cs0,,63.0,,1.0,,Start,1,1,0,74,74,0,74.0,0.0,0.0,0.0,0.0,0,0,0,0.0,0.0,0.0,0.0,0.0,0.0,REQ,0.0,,,,0.0,0.0,0.0,1
15673,0.0,0.0,0.0,0.0,0.0,0.0,tcp,0.0,,cs0,,63.0,,1.0,,Start,1,1,0,74,74,0,74.0,0.0,0.0,0.0,0.0,0,0,0,0.0,0.0,0.0,0.0,0.0,0.0,REQ,0.0,,,,0.0,0.0,0.0,1
15679,0.0,0.0,0.0,0.0,0.0,0.0,tcp,0.0,,cs0,,63.0,,1.0,,Start,1,1,0,74,74,0,74.0,0.0,0.0,0.0,0.0,0,0,0,0.0,0.0,0.0,0.0,0.0,0.0,REQ,0.0,,,,0.0,0.0,0.0,1
15720,0.0,0.0,0.0,0.0,0.0,0.0,tcp,0.0,,cs0,,63.0,,1.0,,Start,1,1,0,74,74,0,74.0,0.0,0.0,0.0,0.0,0,0,0,0.0,0.0,0.0,0.0,0.0,0.0,REQ,0.0,,,,0.0,0.0,0.0,1
15753,0.0,0.0,0.0,0.0,0.0,0.0,tcp,0.0,,cs0,,63.0,,1.0,,Start,1,1,0,74,74,0,74.0,0.0,0.0,0.0,0.0,0,0,0,0.0,0.0,0.0,0.0,0.0,0.0,REQ,0.0,,,,0.0,0.0,0.0,1
15776,0.0,0.0,0.0,0.0,0.0,0.0,tcp,0.0,,cs0,,63.0,,1.0,,Start,1,1,0,74,74,0,74.0,0.0,0.0,0.0,0.0,0,0,0,0.0,0.0,0.0,0.0,0.0,0.0,REQ,0.0,,,,0.0,0.0,0.0,1
15807,0.0,0.0,0.0,0.0,0.0,0.0,icmp,0.0,,cs0,,58.0,,6.0,,Start,1,1,0,98,98,0,98.0,0.0,0.0,0.0,0.0,0,0,0,0.0,,,0.0,0.0,0.0,ECO,,,,,0.0,0.0,0.0,0
15810,0.0,0.0,0.0,0.0,0.0,0.0,udp,0.0,,cs0,,249.0,,7.0,,Start,1,1,0,74,74,0,74.0,0.0,0.0,0.0,0.0,0,0,0,0.0,,,0.0,0.0,0.0,INT,,,610.0,,0.0,0.0,0.0,0
15898,0.0,0.0,0.0,0.0,0.0,0.0,icmp,0.0,,cs0,,58.0,,6.0,,Start,1,1,0,98,98,0,98.0,0.0,0.0,0.0,0.0,0,0,0,0.0,,,0.0,0.0,0.0,ECO,,,,,0.0,0.0,0.0,0
15929,0.0,0.0,0.0,0.0,0.0,0.0,icmp,0.0,,cs0,,58.0,,6.0,,Start,1,1,0,98,98,0,98.0,0.0,0.0,0.0,0.0,0,0,0,0.0,,,0.0,0.0,0.0,ECO,,,,,0.0,0.0,0.0,0
15934,4.931851,4.931851,4.931851,4.931851,4.931851,4.931851,udp,0.0,0.0,cs0,cs0,117.0,64.0,11.0,0.0,Status,146,134,12,182372,177721,4651,1326.276123,387.583344,293048.5938,286131.9375,6916.672852,0,0,0,0.0,,,29.400726,26.967564,2.2304,CON,,,,,0.0,0.0,0.0,0
15949,0.0,0.0,0.0,0.0,0.0,0.0,icmp,0.0,,cs0,,58.0,,6.0,,Start,1,1,0,98,98,0,98.0,0.0,0.0,0.0,0.0,0,0,0,0.0,,,0.0,0.0,0.0,ECO,,,,,0.0,0.0,0.0,0
15975,0.0,0.0,0.0,0.0,0.0,0.0,icmp,0.0,,cs0,,58.0,,6.0,,Start,1,1,0,98,98,0,98.0,0.0,0.0,0.0,0.0,0,0,0,0.0,,,0.0,0.0,0.0,ECO,,,,,0.0,0.0,0.0,0
15997,4.998555,4.998555,4.998555,4.998555,4.998555,4.998555,udp,0.0,0.0,cs0,cs0,117.0,64.0,11.0,0.0,Status,159,142,17,193986,188975,5011,1330.809814,294.764709,307868.1563,300318.7813,7549.381348,0,0,0,0.0,,,31.609135,28.208151,3.200925,CON,,,,,0.0,0.0,0.0,0
16043,0.052983,0.052983,0.052983,0.052983,0.052983,0.052983,udp,0.0,0.0,cs0,cs0,64.0,117.0,0.0,11.0,Status,6,4,2,927,770,157,192.5,78.5,99201.63281,87273.27344,11928.35449,0,0,0,0.0,,,94.369888,56.621933,18.873978,CON,,,,,0.0,0.0,0.0,0
16048,4.995148,4.995148,4.995148,4.995148,4.995148,4.995148,udp,0.0,0.0,cs0,cs0,117.0,64.0,11.0,0.0,Status,221,193,28,267934,262574,5360,1360.487061,191.428574,426626.7813,418348.3438,8278.432617,0,0,0,0.0,,,44.042736,38.437298,5.405245,CON,,,,,0.0,0.0,0.0,0
16050,0.0,0.0,0.0,0.0,0.0,0.0,icmp,0.0,,cs0,,58.0,,6.0,,Start,1,1,0,98,98,0,98.0,0.0,0.0,0.0,0.0,0,0,0,0.0,,,0.0,0.0,0.0,ECO,,,,,0.0,0.0,0.0,0
16058,0.000107,0.000107,0.000107,0.000107,0.000107,0.000107,sctp,186.0,186.0,ef,ef,252.0,255.0,4.0,1.0,Status,2,1,1,200,102,98,102.0,98.0,0.0,0.0,0.0,0,0,0,0.0,,,9345.793945,0.0,0.0,CON,,,610.0,,0.0,0.0,0.0,0
16101,1.04809,1.04809,1.04809,1.04809,1.04809,1.04809,tcp,0.0,,cs0,,63.0,,1.0,,Start,2,2,0,148,148,0,74.0,0.0,564.836975,564.836975,0.0,1,1,0,33.333333,0.0,0.0,0.954117,0.954117,0.0,REQ,8222720.0,,,,0.0,0.0,0.0,1
16286,0.0,0.0,0.0,0.0,0.0,0.0,tcp,0.0,,cs0,,63.0,,1.0,,Start,1,1,0,74,74,0,74.0,0.0,0.0,0.0,0.0,0,0,0,0.0,0.0,0.0,0.0,0.0,0.0,REQ,0.0,,,,0.0,0.0,0.0,1
16292,0.0,0.0,0.0,0.0,0.0,0.0,tcp,0.0,,cs0,,63.0,,1.0,,Start,1,1,0,74,74,0,74.0,0.0,0.0,0.0,0.0,0,0,0,0.0,0.0,0.0,0.0,0.0,0.0,REQ,0.0,,,,0.0,0.0,0.0,1
16336,0.0,0.0,0.0,0.0,0.0,0.0,tcp,0.0,,cs0,,63.0,,1.0,,Start,1,1,0,74,74,0,74.0,0.0,0.0,0.0,0.0,0,0,0,0.0,0.0,0.0,0.0,0.0,0.0,REQ,0.0,,,,0.0,0.0,0.0,1
16339,0.0,0.0,0.0,0.0,0.0,0.0,tcp,0.0,,cs0,,63.0,,1.0,,Start,1,1,0,74,74,0,74.0,0.0,0.0,0.0,0.0,0,0,0,0.0,0.0,0.0,0.0,0.0,0.0,REQ,0.0,,,,0.0,0.0,0.0,1
16350,0.0,0.0,0.0,0.0,0.0,0.0,tcp,0.0,,cs0,,63.0,,1.0,,Start,1,1,0,74,74,0,74.0,0.0,0.0,0.0,0.0,0,0,0,0.0,0.0,0.0,0.0,0.0,0.0,REQ,0.0,,,,0.0,0.0,0.0,1
16392,0.0,0.0,0.0,0.0,0.0,0.0,tcp,0.0,,cs0,,63.0,,1.0,,Start,1,1,0,74,74,0,74.0,0.0,0.0,0.0,0.0,0,0,0,0.0,0.0,0.0,0.0,0.0,0.0,REQ,0.0,,,,0.0,0.0,0.0,1
16435,0.0,0.0,0.0,0.0,0.0,0.0,tcp,0.0,,cs0,,63.0,,1.0,,Start,1,1,0,74,74,0,74.0,0.0,0.0,0.0,0.0,0,0,0,0.0,0.0,0.0,0.0,0.0,0.0,REQ,0.0,,,,0.0,0.0,0.0,1
16479,0.0,0.0,0.0,0.0,0.0,0.0,tcp,0.0,,cs0,,63.0,,1.0,,Start,1,1,0,74,74,0,74.0,0.0,0.0,0.0,0.0,0,0,0,0.0,0.0,0.0,0.0,0.0,0.0,REQ,0.0,,,,0.0,0.0,0.0,1
16485,0.0,0.0,0.0,0.0,0.0,0.0,tcp,0.0,,cs0,,63.0,,1.0,,Start,1,1,0,74,74,0,74.0,0.0,0.0,0.0,0.0,0,0,0,0.0,0.0,0.0,0.0,0.0,0.0,REQ,0.0,,,,0.0,0.0,0.0,1
16508,0.0,0.0,0.0,0.0,0.0,0.0,tcp,0.0,,cs0,,63.0,,1.0,,Start,1,1,0,74,74,0,74.0,0.0,0.0,0.0,0.0,0,0,0,0.0,0.0,0.0,0.0,0.0,0.0,REQ,0.0,,,,0.0,0.0,0.0,1
16509,0.0,0.0,0.0,0.0,0.0,0.0,tcp,0.0,,cs0,,63.0,,1.0,,Start,1,1,0,74,74,0,74.0,0.0,0.0,0.0,0.0,0,0,0,0.0,0.0,0.0,0.0,0.0,0.0,REQ,0.0,,,,0.0,0.0,0.0,1
16515,0.0,0.0,0.0,0.0,0.0,0.0,tcp,0.0,,cs0,,63.0,,1.0,,Start,1,1,0,74,74,0,74.0,0.0,0.0,0.0,0.0,0,0,0,0.0,0.0,0.0,0.0,0.0,0.0,REQ,0.0,,,,0.0,0.0,0.0,1
16537,0.0,0.0,0.0,0.0,0.0,0.0,tcp,0.0,,cs0,,63.0,,1.0,,Start,1,1,0,74,74,0,74.0,0.0,0.0,0.0,0.0,0,0,0,0.0,0.0,0.0,0.0,0.0,0.0,REQ,0.0,,,,0.0,0.0,0.0,1
16637,0.0,0.0,0.0,0.0,0.0,0.0,tcp,0.0,,cs0,,63.0,,1.0,,Start,1,1,0,74,74,0,74.0,0.0,0.0,0.0,0.0,0,0,0,0.0,0.0,0.0,0.0,0.0,0.0,REQ,0.0,,,,0.0,0.0,0.0,1
16706,0.0,0.0,0.0,0.0,0.0,0.0,tcp,0.0,,cs0,,63.0,,1.0,,Start,1,1,0,74,74,0,74.0,0.0,0.0,0.0,0.0,0,0,0,0.0,0.0,0.0,0.0,0.0,0.0,REQ,0.0,,,,0.0,0.0,0.0,1
16731,0.0,0.0,0.0,0.0,0.0,0.0,tcp,0.0,,cs0,,63.0,,1.0,,Start,1,1,0,74,74,0,74.0,0.0,0.0,0.0,0.0,0,0,0,0.0,0.0,0.0,0.0,0.0,0.0,REQ,0.0,,,,0.0,0.0,0.0,1
16736,0.0,0.0,0.0,0.0,0.0,0.0,tcp,0.0,,cs0,,63.0,,1.0,,Start,1,1,0,74,74,0,74.0,0.0,0.0,0.0,0.0,0,0,0,0.0,0.0,0.0,0.0,0.0,0.0,REQ,0.0,,,,0.0,0.0,0.0,1
16751,0.0,0.0,0.0,0.0,0.0,0.0,tcp,0.0,,cs0,,63.0,,1.0,,Start,1,1,0,74,74,0,74.0,0.0,0.0,0.0,0.0,0,0,0,0.0,0.0,0.0,0.0,0.0,0.0,REQ,0.0,,,,0.0,0.0,0.0,1
16803,0.0,0.0,0.0,0.0,0.0,0.0,tcp,0.0,,cs0,,63.0,,1.0,,Start,1,1,0,74,74,0,74.0,0.0,0.0,0.0,0.0,0,0,0,0.0,0.0,0.0,0.0,0.0,0.0,REQ,0.0,,,,0.0,0.0,0.0,1
16942,0.0,0.0,0.0,0.0,0.0,0.0,tcp,0.0,,cs0,,63.0,,1.0,,Start,1,1,0,74,74,0,74.0,0.0,0.0,0.0,0.0,0,0,0,0.0,0.0,0.0,0.0,0.0,0.0,REQ,0.0,,,,0.0,0.0,0.0,1
16966,0.0,0.0,0.0,0.0,0.0,0.0,tcp,0.0,,cs0,,63.0,,1.0,,Start,1,1,0,74,74,0,74.0,0.0,0.0,0.0,0.0,0,0,0,0.0,0.0,0.0,0.0,0.0,0.0,REQ,0.0,,,,0.0,0.0,0.0,1
16985,0.0,0.0,0.0,0.0,0.0,0.0,tcp,0.0,,cs0,,63.0,,1.0,,Start,1,1,0,74,74,0,74.0,0.0,0.0,0.0,0.0,0,0,0,0.0,0.0,0.0,0.0,0.0,0.0,REQ,0.0,,,,0.0,0.0,0.0,1
16987,0.0,0.0,0.0,0.0,0.0,0.0,tcp,0.0,,cs0,,63.0,,1.0,,Start,1,1,0,74,74,0,74.0,0.0,0.0,0.0,0.0,0,0,0,0.0,0.0,0.0,0.0,0.0,0.0,REQ,0.0,,,,0.0,0.0,0.0,1
16992,0.0,0.0,0.0,0.0,0.0,0.0,tcp,0.0,,cs0,,63.0,,1.0,,Start,1,1,0,74,74,0,74.0,0.0,0.0,0.0,0.0,0,0,0,0.0,0.0,0.0,0.0,0.0,0.0,REQ,0.0,,,,0.0,0.0,0.0,1
16996,0.0,0.0,0.0,0.0,0.0,0.0,tcp,0.0,,cs0,,63.0,,1.0,,Start,1,1,0,74,74,0,74.0,0.0,0.0,0.0,0.0,0,0,0,0.0,0.0,0.0,0.0,0.0,0.0,REQ,0.0,,,,0.0,0.0,0.0,1
17066,0.0,0.0,0.0,0.0,0.0,0.0,tcp,0.0,,cs0,,63.0,,1.0,,Start,1,1,0,74,74,0,74.0,0.0,0.0,0.0,0.0,0,0,0,0.0,0.0,0.0,0.0,0.0,0.0,REQ,0.0,,,,0.0,0.0,0.0,1
17130,0.0,0.0,0.0,0.0,0.0,0.0,tcp,0.0,,cs0,,63.0,,1.0,,Start,1,1,0,74,74,0,74.0,0.0,0.0,0.0,0.0,0,0,0,0.0,0.0,0.0,0.0,0.0,0.0,REQ,0.0,,,,0.0,0.0,0.0,1
17172,0.0,0.0,0.0,0.0,0.0,0.0,tcp,0.0,,cs0,,63.0,,1.0,,Start,1,1,0,74,74,0,74.0,0.0,0.0,0.0,0.0,0,0,0,0.0,0.0,0.0,0.0,0.0,0.0,REQ,0.0,,,,0.0,0.0,0.0,1
17239,0.0,0.0,0.0,0.0,0.0,0.0,tcp,0.0,,cs0,,63.0,,1.0,,Start,1,1,0,74,74,0,74.0,0.0,0.0,0.0,0.0,0,0,0,0.0,0.0,0.0,0.0,0.0,0.0,REQ,0.0,,,,0.0,0.0,0.0,1
17262,0.0,0.0,0.0,0.0,0.0,0.0,tcp,0.0,,cs0,,63.0,,1.0,,Start,1,1,0,74,74,0,74.0,0.0,0.0,0.0,0.0,0,0,0,0.0,0.0,0.0,0.0,0.0,0.0,REQ,0.0,,,,0.0,0.0,0.0,1
17282,0.0,0.0,0.0,0.0,0.0,0.0,tcp,0.0,,cs0,,63.0,,1.0,,Start,1,1,0,74,74,0,74.0,0.0,0.0,0.0,0.0,0,0,0,0.0,0.0,0.0,0.0,0.0,0.0,REQ,0.0,,,,0.0,0.0,0.0,1
17325,0.0,0.0,0.0,0.0,0.0,0.0,tcp,0.0,,cs0,,63.0,,1.0,,Start,1,1,0,74,74,0,74.0,0.0,0.0,0.0,0.0,0,0,0,0.0,0.0,0.0,0.0,0.0,0.0,REQ,0.0,,,,0.0,0.0,0.0,1
17373,0.0,0.0,0.0,0.0,0.0,0.0,tcp,0.0,,cs0,,63.0,,1.0,,Start,1,1,0,74,74,0,74.0,0.0,0.0,0.0,0.0,0,0,0,0.0,0.0,0.0,0.0,0.0,0.0,REQ,0.0,,,,0.0,0.0,0.0,1
17536,0.0,0.0,0.0,0.0,0.0,0.0,tcp,0.0,,cs0,,63.0,,1.0,,Start,1,1,0,74,74,0,74.0,0.0,0.0,0.0,0.0,0,0,0,0.0,0.0,0.0,0.0,0.0,0.0,REQ,0.0,,,,0.0,0.0,0.0,1
17564,0.0,0.0,0.0,0.0,0.0,0.0,tcp,0.0,,cs0,,63.0,,1.0,,Start,1,1,0,74,74,0,74.0,0.0,0.0,0.0,0.0,0,0,0,0.0,0.0,0.0,0.0,0.0,0.0,REQ,0.0,,,,0.0,0.0,0.0,1
17607,0.0,0.0,0.0,0.0,0.0,0.0,tcp,0.0,,cs0,,63.0,,1.0,,Start,1,1,0,74,74,0,74.0,0.0,0.0,0.0,0.0,0,0,0,0.0,0.0,0.0,0.0,0.0,0.0,REQ,0.0,,,,0.0,0.0,0.0,1
17612,0.0,0.0,0.0,0.0,0.0,0.0,tcp,0.0,,cs0,,63.0,,1.0,,Start,1,1,0,74,74,0,74.0,0.0,0.0,0.0,0.0,0,0,0,0.0,0.0,0.0,0.0,0.0,0.0,REQ,0.0,,,,0.0,0.0,0.0,1
17628,0.0,0.0,0.0,0.0,0.0,0.0,tcp,0.0,,cs0,,63.0,,1.0,,Start,1,1,0,74,74,0,74.0,0.0,0.0,0.0,0.0,0,0,0,0.0,0.0,0.0,0.0,0.0,0.0,REQ,0.0,,,,0.0,0.0,0.0,1
17745,0.0,0.0,0.0,0.0,0.0,0.0,tcp,0.0,,cs0,,63.0,,1.0,,Start,1,1,0,74,74,0,74.0,0.0,0.0,0.0,0.0,0,0,0,0.0,0.0,0.0,0.0,0.0,0.0,REQ,0.0,,,,0.0,0.0,0.0,1
17793,0.0,0.0,0.0,0.0,0.0,0.0,tcp,0.0,,cs0,,63.0,,1.0,,Start,1,1,0,74,74,0,74.0,0.0,0.0,0.0,0.0,0,0,0,0.0,0.0,0.0,0.0,0.0,0.0,REQ,0.0,,,,0.0,0.0,0.0,1
17900,0.0,0.0,0.0,0.0,0.0,0.0,tcp,0.0,,cs0,,63.0,,1.0,,Start,1,1,0,74,74,0,74.0,0.0,0.0,0.0,0.0,0,0,0,0.0,0.0,0.0,0.0,0.0,0.0,REQ,0.0,,,,0.0,0.0,0.0,1
17904,0.0,0.0,0.0,0.0,0.0,0.0,tcp,0.0,,cs0,,63.0,,1.0,,Start,1,1,0,74,74,0,74.0,0.0,0.0,0.0,0.0,0,0,0,0.0,0.0,0.0,0.0,0.0,0.0,REQ,0.0,,,,0.0,0.0,0.0,1
17923,0.0,0.0,0.0,0.0,0.0,0.0,tcp,0.0,,cs0,,63.0,,1.0,,Start,1,1,0,74,74,0,74.0,0.0,0.0,0.0,0.0,0,0,0,0.0,0.0,0.0,0.0,0.0,0.0,REQ,0.0,,,,0.0,0.0,0.0,1
17995,0.0,0.0,0.0,0.0,0.0,0.0,tcp,0.0,,cs0,,63.0,,1.0,,Start,1,1,0,74,74,0,74.0,0.0,0.0,0.0,0.0,0,0,0,0.0,0.0,0.0,0.0,0.0,0.0,REQ,0.0,,,,0.0,0.0,0.0,1
17998,0.0,0.0,0.0,0.0,0.0,0.0,tcp,0.0,,cs0,,63.0,,1.0,,Start,1,1,0,74,74,0,74.0,0.0,0.0,0.0,0.0,0,0,0,0.0,0.0,0.0,0.0,0.0,0.0,REQ,0.0,,,,0.0,0.0,0.0,1
18025,0.0,0.0,0.0,0.0,0.0,0.0,tcp,0.0,,cs0,,63.0,,1.0,,Start,1,1,0,74,74,0,74.0,0.0,0.0,0.0,0.0,0,0,0,0.0,0.0,0.0,0.0,0.0,0.0,REQ,0.0,,,,0.0,0.0,0.0,1
18077,0.0,0.0,0.0,0.0,0.0,0.0,tcp,0.0,,cs0,,63.0,,1.0,,Start,1,1,0,74,74,0,74.0,0.0,0.0,0.0,0.0,0,0,0,0.0,0.0,0.0,0.0,0.0,0.0,REQ,0.0,,,,0.0,0.0,0.0,1
18104,0.0,0.0,0.0,0.0,0.0,0.0,tcp,0.0,,cs0,,63.0,,1.0,,Start,1,1,0,74,74,0,74.0,0.0,0.0,0.0,0.0,0,0,0,0.0,0.0,0.0,0.0,0.0,0.0,REQ,0.0,,,,0.0,0.0,0.0,1
18144,0.052962,0.052962,0.052962,0.052962,0.052962,0.052962,udp,0.0,0.0,cs0,cs0,64.0,117.0,0.0,11.0,Status,6,4,2,916,761,155,190.25,77.5,98032.54688,86250.51563,11782.03223,0,0,0,0.0,,,94.40731,56.644386,18.881462,CON,,,,,0.0,0.0,0.0,0
18173,4.995809,4.995809,4.995809,4.995809,4.995809,4.995809,udp,0.0,0.0,cs0,cs0,117.0,64.0,11.0,0.0,Status,253,229,24,316084,311225,4859,1359.061157,202.458328,503658.9688,496201.5,7457.450684,0,0,0,0.0,,,50.44228,45.638252,4.603859,CON,,,,,0.0,0.0,0.0,0
18221,0.0,0.0,0.0,0.0,0.0,0.0,icmp,0.0,,cs0,,58.0,,6.0,,Start,1,1,0,98,98,0,98.0,0.0,0.0,0.0,0.0,0,0,0,0.0,,,0.0,0.0,0.0,ECO,,,,,0.0,0.0,0.0,0
18280,0.0,0.0,0.0,0.0,0.0,0.0,tcp,0.0,,cs0,,63.0,,1.0,,Start,1,1,0,74,74,0,74.0,0.0,0.0,0.0,0.0,0,0,0,0.0,0.0,0.0,0.0,0.0,0.0,REQ,9216.0,,,,0.0,0.0,0.0,1
18291,0.0,0.0,0.0,0.0,0.0,0.0,tcp,0.0,,cs0,,63.0,,1.0,,Start,1,1,0,74,74,0,74.0,0.0,0.0,0.0,0.0,0,0,0,0.0,0.0,0.0,0.0,0.0,0.0,REQ,2359296.0,,,,0.0,0.0,0.0,1
18326,0.0,0.0,0.0,0.0,0.0,0.0,tcp,0.0,,cs0,,63.0,,1.0,,Start,1,1,0,74,74,0,74.0,0.0,0.0,0.0,0.0,0,0,0,0.0,0.0,0.0,0.0,0.0,0.0,REQ,0.0,,,,0.0,0.0,0.0,1
18330,0.0,0.0,0.0,0.0,0.0,0.0,tcp,0.0,,cs0,,63.0,,1.0,,Start,1,1,0,74,74,0,74.0,0.0,0.0,0.0,0.0,0,0,0,0.0,0.0,0.0,0.0,0.0,0.0,REQ,0.0,,,,0.0,0.0,0.0,1
18344,0.0,0.0,0.0,0.0,0.0,0.0,tcp,0.0,,cs0,,63.0,,1.0,,Start,1,1,0,74,74,0,74.0,0.0,0.0,0.0,0.0,0,0,0,0.0,0.0,0.0,0.0,0.0,0.0,REQ,0.0,,,,0.0,0.0,0.0,1
18366,0.0,0.0,0.0,0.0,0.0,0.0,tcp,0.0,,cs0,,63.0,,1.0,,Start,1,1,0,74,74,0,74.0,0.0,0.0,0.0,0.0,0,0,0,0.0,0.0,0.0,0.0,0.0,0.0,REQ,9216.0,,,,0.0,0.0,0.0,1
18395,0.0,0.0,0.0,0.0,0.0,0.0,tcp,0.0,,cs0,,63.0,,1.0,,Start,1,1,0,74,74,0,74.0,0.0,0.0,0.0,0.0,0,0,0,0.0,0.0,0.0,0.0,0.0,0.0,REQ,2359296.0,,,,0.0,0.0,0.0,1
18563,0.0,0.0,0.0,0.0,0.0,0.0,tcp,0.0,,cs0,,63.0,,1.0,,Start,1,1,0,74,74,0,74.0,0.0,0.0,0.0,0.0,0,0,0,0.0,0.0,0.0,0.0,0.0,0.0,REQ,2359296.0,,,,0.0,0.0,0.0,1
18569,0.0,0.0,0.0,0.0,0.0,0.0,tcp,0.0,,cs0,,63.0,,1.0,,Start,1,1,0,74,74,0,74.0,0.0,0.0,0.0,0.0,0,0,0,0.0,0.0,0.0,0.0,0.0,0.0,REQ,0.0,,,,0.0,0.0,0.0,1
18578,0.0,0.0,0.0,0.0,0.0,0.0,tcp,0.0,,cs0,,63.0,,1.0,,Start,1,1,0,74,74,0,74.0,0.0,0.0,0.0,0.0,0,0,0,0.0,0.0,0.0,0.0,0.0,0.0,REQ,0.0,,,,0.0,0.0,0.0,1
18582,0.0,0.0,0.0,0.0,0.0,0.0,tcp,0.0,,cs0,,63.0,,1.0,,Start,1,1,0,74,74,0,74.0,0.0,0.0,0.0,0.0,0,0,0,0.0,0.0,0.0,0.0,0.0,0.0,REQ,0.0,,,,0.0,0.0,0.0,1
18655,0.0,0.0,0.0,0.0,0.0,0.0,tcp,0.0,,cs0,,63.0,,1.0,,Start,1,1,0,74,74,0,74.0,0.0,0.0,0.0,0.0,0,0,0,0.0,0.0,0.0,0.0,0.0,0.0,REQ,8281344.0,,,,0.0,0.0,0.0,1
18657,0.0,0.0,0.0,0.0,0.0,0.0,tcp,0.0,,cs0,,63.0,,1.0,,Start,1,1,0,74,74,0,74.0,0.0,0.0,0.0,0.0,0,0,0,0.0,0.0,0.0,0.0,0.0,0.0,REQ,8281344.0,,,,0.0,0.0,0.0,1
18696,0.0,0.0,0.0,0.0,0.0,0.0,tcp,0.0,,cs0,,63.0,,1.0,,Start,1,1,0,74,74,0,74.0,0.0,0.0,0.0,0.0,0,0,0,0.0,0.0,0.0,0.0,0.0,0.0,REQ,6127104.0,,,,0.0,0.0,0.0,1
18703,0.0,0.0,0.0,0.0,0.0,0.0,tcp,0.0,,cs0,,63.0,,1.0,,Start,1,1,0,74,74,0,74.0,0.0,0.0,0.0,0.0,0,0,0,0.0,0.0,0.0,0.0,0.0,0.0,REQ,8281344.0,,,,0.0,0.0,0.0,1
18714,0.0,0.0,0.0,0.0,0.0,0.0,tcp,0.0,,cs0,,63.0,,1.0,,Start,1,1,0,74,74,0,74.0,0.0,0.0,0.0,0.0,0,0,0,0.0,0.0,0.0,0.0,0.0,0.0,REQ,6127104.0,,,,0.0,0.0,0.0,1
18800,0.0,0.0,0.0,0.0,0.0,0.0,tcp,0.0,,cs0,,63.0,,1.0,,Start,1,1,0,74,74,0,74.0,0.0,0.0,0.0,0.0,0,0,0,0.0,0.0,0.0,0.0,0.0,0.0,REQ,6127104.0,,,,0.0,0.0,0.0,1
18803,0.0,0.0,0.0,0.0,0.0,0.0,tcp,0.0,,cs0,,63.0,,1.0,,Start,1,1,0,74,74,0,74.0,0.0,0.0,0.0,0.0,0,0,0,0.0,0.0,0.0,0.0,0.0,0.0,REQ,8281344.0,,,,0.0,0.0,0.0,1
18823,0.0,0.0,0.0,0.0,0.0,0.0,tcp,0.0,,cs0,,63.0,,1.0,,Start,1,1,0,74,74,0,74.0,0.0,0.0,0.0,0.0,0,0,0,0.0,0.0,0.0,0.0,0.0,0.0,REQ,8281344.0,,,,0.0,0.0,0.0,1
18900,0.0,0.0,0.0,0.0,0.0,0.0,tcp,0.0,,cs0,,63.0,,1.0,,Start,1,1,0,74,74,0,74.0,0.0,0.0,0.0,0.0,0,0,0,0.0,0.0,0.0,0.0,0.0,0.0,REQ,6127104.0,,,,0.0,0.0,0.0,1
18904,0.0,0.0,0.0,0.0,0.0,0.0,tcp,0.0,,cs0,,63.0,,1.0,,Start,1,1,0,74,74,0,74.0,0.0,0.0,0.0,0.0,0,0,0,0.0,0.0,0.0,0.0,0.0,0.0,REQ,6127104.0,,,,0.0,0.0,0.0,1
18913,0.0,0.0,0.0,0.0,0.0,0.0,tcp,0.0,,cs0,,63.0,,1.0,,Start,1,1,0,74,74,0,74.0,0.0,0.0,0.0,0.0,0,0,0,0.0,0.0,0.0,0.0,0.0,0.0,REQ,8281344.0,,,,0.0,0.0,0.0,1
19021,0.0,0.0,0.0,0.0,0.0,0.0,tcp,0.0,,cs0,,63.0,,1.0,,Start,1,1,0,74,74,0,74.0,0.0,0.0,0.0,0.0,0,0,0,0.0,0.0,0.0,0.0,0.0,0.0,REQ,8281344.0,,,,0.0,0.0,0.0,1
19199,0.0,0.0,0.0,0.0,0.0,0.0,tcp,0.0,,cs0,,63.0,,1.0,,Start,1,1,0,74,74,0,74.0,0.0,0.0,0.0,0.0,0,0,0,0.0,0.0,0.0,0.0,0.0,0.0,REQ,0.0,,,,0.0,0.0,0.0,1
19217,0.0,0.0,0.0,0.0,0.0,0.0,tcp,0.0,,cs0,,63.0,,1.0,,Start,1,1,0,74,74,0,74.0,0.0,0.0,0.0,0.0,0,0,0,0.0,0.0,0.0,0.0,0.0,0.0,REQ,0.0,,,,0.0,0.0,0.0,1
19220,0.0,0.0,0.0,0.0,0.0,0.0,tcp,0.0,,cs0,,63.0,,1.0,,Start,1,1,0,74,74,0,74.0,0.0,0.0,0.0,0.0,0,0,0,0.0,0.0,0.0,0.0,0.0,0.0,REQ,0.0,,,,0.0,0.0,0.0,1
19226,0.0,0.0,0.0,0.0,0.0,0.0,tcp,0.0,,cs0,,63.0,,1.0,,Start,1,1,0,74,74,0,74.0,0.0,0.0,0.0,0.0,0,0,0,0.0,0.0,0.0,0.0,0.0,0.0,REQ,0.0,,,,0.0,0.0,0.0,1
19278,0.0,0.0,0.0,0.0,0.0,0.0,tcp,0.0,,cs0,,63.0,,1.0,,Start,1,1,0,74,74,0,74.0,0.0,0.0,0.0,0.0,0,0,0,0.0,0.0,0.0,0.0,0.0,0.0,REQ,0.0,,,,0.0,0.0,0.0,1
19374,0.0,0.0,0.0,0.0,0.0,0.0,tcp,0.0,,cs0,,63.0,,1.0,,Start,1,1,0,74,74,0,74.0,0.0,0.0,0.0,0.0,0,0,0,0.0,0.0,0.0,0.0,0.0,0.0,REQ,0.0,,,,0.0,0.0,0.0,1
19423,0.0,0.0,0.0,0.0,0.0,0.0,tcp,0.0,,cs0,,63.0,,1.0,,Start,1,1,0,74,74,0,74.0,0.0,0.0,0.0,0.0,0,0,0,0.0,0.0,0.0,0.0,0.0,0.0,REQ,0.0,,,,0.0,0.0,0.0,1
19480,0.0,0.0,0.0,0.0,0.0,0.0,tcp,0.0,,cs0,,63.0,,1.0,,Start,1,1,0,74,74,0,74.0,0.0,0.0,0.0,0.0,0,0,0,0.0,0.0,0.0,0.0,0.0,0.0,REQ,0.0,,,,0.0,0.0,0.0,1
19484,0.0,0.0,0.0,0.0,0.0,0.0,tcp,0.0,,cs0,,63.0,,1.0,,Start,1,1,0,74,74,0,74.0,0.0,0.0,0.0,0.0,0,0,0,0.0,0.0,0.0,0.0,0.0,0.0,REQ,0.0,,,,0.0,0.0,0.0,1
19550,0.0,0.0,0.0,0.0,0.0,0.0,tcp,0.0,,cs0,,63.0,,1.0,,Start,1,1,0,74,74,0,74.0,0.0,0.0,0.0,0.0,0,0,0,0.0,0.0,0.0,0.0,0.0,0.0,REQ,0.0,,,,0.0,0.0,0.0,1
19590,0.0,0.0,0.0,0.0,0.0,0.0,tcp,0.0,,cs0,,63.0,,1.0,,Start,1,1,0,74,74,0,74.0,0.0,0.0,0.0,0.0,0,0,0,0.0,0.0,0.0,0.0,0.0,0.0,REQ,0.0,,,,0.0,0.0,0.0,1
19608,0.0,0.0,0.0,0.0,0.0,0.0,tcp,0.0,,cs0,,63.0,,1.0,,Start,1,1,0,74,74,0,74.0,0.0,0.0,0.0,0.0,0,0,0,0.0,0.0,0.0,0.0,0.0,0.0,REQ,0.0,,,,0.0,0.0,0.0,1
19612,0.0,0.0,0.0,0.0,0.0,0.0,tcp,0.0,,cs0,,63.0,,1.0,,Start,1,1,0,74,74,0,74.0,0.0,0.0,0.0,0.0,0,0,0,0.0,0.0,0.0,0.0,0.0,0.0,REQ,0.0,,,,0.0,0.0,0.0,1
19733,0.0,0.0,0.0,0.0,0.0,0.0,tcp,0.0,,cs0,,63.0,,1.0,,Start,1,1,0,74,74,0,74.0,0.0,0.0,0.0,0.0,0,0,0,0.0,0.0,0.0,0.0,0.0,0.0,REQ,0.0,,,,0.0,0.0,0.0,1
19740,0.0,0.0,0.0,0.0,0.0,0.0,tcp,0.0,,cs0,,63.0,,1.0,,Start,1,1,0,74,74,0,74.0,0.0,0.0,0.0,0.0,0,0,0,0.0,0.0,0.0,0.0,0.0,0.0,REQ,0.0,,,,0.0,0.0,0.0,1
19755,0.0,0.0,0.0,0.0,0.0,0.0,tcp,0.0,,cs0,,63.0,,1.0,,Start,1,1,0,74,74,0,74.0,0.0,0.0,0.0,0.0,0,0,0,0.0,0.0,0.0,0.0,0.0,0.0,REQ,0.0,,,,0.0,0.0,0.0,1
19756,0.0,0.0,0.0,0.0,0.0,0.0,tcp,0.0,,cs0,,63.0,,1.0,,Start,1,1,0,74,74,0,74.0,0.0,0.0,0.0,0.0,0,0,0,0.0,0.0,0.0,0.0,0.0,0.0,REQ,0.0,,,,0.0,0.0,0.0,1
19798,0.0,0.0,0.0,0.0,0.0,0.0,tcp,0.0,,cs0,,63.0,,1.0,,Start,1,1,0,74,74,0,74.0,0.0,0.0,0.0,0.0,0,0,0,0.0,0.0,0.0,0.0,0.0,0.0,REQ,0.0,,,,0.0,0.0,0.0,1
19854,0.0,0.0,0.0,0.0,0.0,0.0,tcp,0.0,,cs0,,63.0,,1.0,,Start,1,1,0,74,74,0,74.0,0.0,0.0,0.0,0.0,0,0,0,0.0,0.0,0.0,0.0,0.0,0.0,REQ,0.0,,,,0.0,0.0,0.0,1
19909,0.0,0.0,0.0,0.0,0.0,0.0,tcp,0.0,,cs0,,63.0,,1.0,,Start,1,1,0,74,74,0,74.0,0.0,0.0,0.0,0.0,0,0,0,0.0,0.0,0.0,0.0,0.0,0.0,REQ,0.0,,,,0.0,0.0,0.0,1
19934,0.0,0.0,0.0,0.0,0.0,0.0,tcp,0.0,,cs0,,63.0,,1.0,,Start,1,1,0,74,74,0,74.0,0.0,0.0,0.0,0.0,0,0,0,0.0,0.0,0.0,0.0,0.0,0.0,REQ,0.0,,,,0.0,0.0,0.0,1
20008,0.0,0.0,0.0,0.0,0.0,0.0,tcp,0.0,,cs0,,63.0,,1.0,,Start,1,1,0,74,74,0,74.0,0.0,0.0,0.0,0.0,0,0,0,0.0,0.0,0.0,0.0,0.0,0.0,REQ,0.0,,,,0.0,0.0,0.0,1
20049,0.0,0.0,0.0,0.0,0.0,0.0,tcp,0.0,,cs0,,63.0,,1.0,,Start,1,1,0,74,74,0,74.0,0.0,0.0,0.0,0.0,0,0,0,0.0,0.0,0.0,0.0,0.0,0.0,REQ,0.0,,,,0.0,0.0,0.0,1
20051,0.0,0.0,0.0,0.0,0.0,0.0,tcp,0.0,,cs0,,63.0,,1.0,,Start,1,1,0,74,74,0,74.0,0.0,0.0,0.0,0.0,0,0,0,0.0,0.0,0.0,0.0,0.0,0.0,REQ,0.0,,,,0.0,0.0,0.0,1
20140,0.0,0.0,0.0,0.0,0.0,0.0,tcp,0.0,,cs0,,63.0,,1.0,,Start,1,1,0,74,74,0,74.0,0.0,0.0,0.0,0.0,0,0,0,0.0,0.0,0.0,0.0,0.0,0.0,REQ,0.0,,,,0.0,0.0,0.0,1
20173,0.0,0.0,0.0,0.0,0.0,0.0,tcp,0.0,,cs0,,63.0,,1.0,,Start,1,1,0,74,74,0,74.0,0.0,0.0,0.0,0.0,0,0,0,0.0,0.0,0.0,0.0,0.0,0.0,REQ,0.0,,,,0.0,0.0,0.0,1
20193,0.0,0.0,0.0,0.0,0.0,0.0,tcp,0.0,,cs0,,63.0,,1.0,,Start,1,1,0,74,74,0,74.0,0.0,0.0,0.0,0.0,0,0,0,0.0,0.0,0.0,0.0,0.0,0.0,REQ,0.0,,,,0.0,0.0,0.0,1
20222,4.999452,4.999452,4.999452,4.999452,4.999452,4.999452,udp,0.0,0.0,cs0,cs0,117.0,64.0,11.0,0.0,Status,190,166,24,214504,209201,5303,1260.246948,220.958328,340875.75,332742.0625,8133.691406,0,0,0,0.0,,,37.804142,33.003616,4.600504,CON,,,,,0.0,0.0,0.0,0
20237,0.192881,0.192881,0.192881,0.192881,0.192881,0.192881,udp,0.0,0.0,cs0,cs0,64.0,53.0,0.0,11.0,Status,13,7,6,6697,3416,3281,488.0,546.833313,234880.5781,121442.75,113437.8203,0,0,0,0.0,,,62.214523,31.107262,25.922718,CON,,,,,0.0,0.0,0.0,0
20240,0.0,0.0,0.0,0.0,0.0,0.0,icmp,0.0,,cs0,,58.0,,6.0,,Start,1,1,0,98,98,0,98.0,0.0,0.0,0.0,0.0,0,0,0,0.0,,,0.0,0.0,0.0,ECO,,,,,0.0,0.0,0.0,0
20383,0.0,0.0,0.0,0.0,0.0,0.0,sctp,186.0,40.0,ef,af11,255.0,250.0,1.0,6.0,Status,2,1,1,232,114,118,114.0,118.0,0.0,0.0,0.0,0,0,0,0.0,,,0.0,0.0,0.0,CON,,,,610.0,0.0,0.0,0.0,0
20401,0.0,0.0,0.0,0.0,0.0,0.0,icmp,0.0,,cs0,,58.0,,6.0,,Start,1,1,0,98,98,0,98.0,0.0,0.0,0.0,0.0,0,0,0,0.0,,,0.0,0.0,0.0,ECO,,,,,0.0,0.0,0.0,0
20438,0.0,0.0,0.0,0.0,0.0,0.0,icmp,0.0,,cs0,,58.0,,6.0,,Start,1,1,0,98,98,0,98.0,0.0,0.0,0.0,0.0,0,0,0,0.0,,,0.0,0.0,0.0,ECO,,,,,0.0,0.0,0.0,0
20445,0.190944,0.190944,0.190944,0.190944,0.190944,0.190944,udp,0.0,0.0,cs0,cs0,64.0,53.0,0.0,11.0,Start,22,13,9,13835,9089,4746,699.15387,527.333313,528280.5625,351516.6875,176763.8594,0,0,0,0.0,,,109.979889,62.84565,41.897102,CON,,,,,0.0,0.0,0.0,0
20475,0.0,0.0,0.0,0.0,0.0,0.0,icmp,0.0,,cs0,,58.0,,6.0,,Start,1,1,0,98,98,0,98.0,0.0,0.0,0.0,0.0,0,0,0,0.0,,,0.0,0.0,0.0,ECO,,,,,0.0,0.0,0.0,0
20505,0.0,0.0,0.0,0.0,0.0,0.0,icmp,0.0,,cs0,,58.0,,6.0,,Start,1,1,0,98,98,0,98.0,0.0,0.0,0.0,0.0,0,0,0,0.0,,,0.0,0.0,0.0,ECO,,,,,0.0,0.0,0.0,0
20529,4.968977,4.968977,4.968977,4.968977,4.968977,4.968977,udp,0.0,0.0,cs0,cs0,117.0,64.0,11.0,0.0,Status,152,139,13,177618,170397,7221,1225.877686,555.461548,283097.3125,272365.125,10732.18945,0,0,0,0.0,,,30.38855,27.772316,2.414984,CON,,,,,0.0,0.0,0.0,0
20646,0.0,0.0,0.0,0.0,0.0,0.0,icmp,0.0,,cs0,,58.0,,6.0,,Start,1,1,0,98,98,0,98.0,0.0,0.0,0.0,0.0,0,0,0,0.0,,,0.0,0.0,0.0,ECO,,,,,0.0,0.0,0.0,0
20717,0.0,0.0,0.0,0.0,0.0,0.0,tcp,0.0,,cs0,,63.0,,1.0,,Start,1,1,0,74,74,0,74.0,0.0,0.0,0.0,0.0,0,0,0,0.0,0.0,0.0,0.0,0.0,0.0,REQ,0.0,,,,0.0,0.0,0.0,1
20768,0.0,0.0,0.0,0.0,0.0,0.0,tcp,0.0,,cs0,,63.0,,1.0,,Start,1,1,0,74,74,0,74.0,0.0,0.0,0.0,0.0,0,0,0,0.0,0.0,0.0,0.0,0.0,0.0,REQ,0.0,,,,0.0,0.0,0.0,1
20789,0.0,0.0,0.0,0.0,0.0,0.0,tcp,0.0,,cs0,,63.0,,1.0,,Start,1,1,0,74,74,0,74.0,0.0,0.0,0.0,0.0,0,0,0,0.0,0.0,0.0,0.0,0.0,0.0,REQ,0.0,,,,0.0,0.0,0.0,1
20832,0.0,0.0,0.0,0.0,0.0,0.0,tcp,0.0,,cs0,,63.0,,1.0,,Start,1,1,0,74,74,0,74.0,0.0,0.0,0.0,0.0,0,0,0,0.0,0.0,0.0,0.0,0.0,0.0,REQ,0.0,,,,0.0,0.0,0.0,1
20884,0.0,0.0,0.0,0.0,0.0,0.0,tcp,0.0,,cs0,,63.0,,1.0,,Start,1,1,0,74,74,0,74.0,0.0,0.0,0.0,0.0,0,0,0,0.0,0.0,0.0,0.0,0.0,0.0,REQ,0.0,,,,0.0,0.0,0.0,1
20894,0.0,0.0,0.0,0.0,0.0,0.0,tcp,0.0,,cs0,,63.0,,1.0,,Start,1,1,0,74,74,0,74.0,0.0,0.0,0.0,0.0,0,0,0,0.0,0.0,0.0,0.0,0.0,0.0,REQ,0.0,,,,0.0,0.0,0.0,1
20968,0.0,0.0,0.0,0.0,0.0,0.0,tcp,0.0,,cs0,,63.0,,1.0,,Start,1,1,0,74,74,0,74.0,0.0,0.0,0.0,0.0,0,0,0,0.0,0.0,0.0,0.0,0.0,0.0,REQ,0.0,,,,0.0,0.0,0.0,1
20971,0.0,0.0,0.0,0.0,0.0,0.0,tcp,0.0,,cs0,,63.0,,1.0,,Start,1,1,0,74,74,0,74.0,0.0,0.0,0.0,0.0,0,0,0,0.0,0.0,0.0,0.0,0.0,0.0,REQ,0.0,,,,0.0,0.0,0.0,1
21018,0.0,0.0,0.0,0.0,0.0,0.0,tcp,0.0,,cs0,,63.0,,1.0,,Start,1,1,0,74,74,0,74.0,0.0,0.0,0.0,0.0,0,0,0,0.0,0.0,0.0,0.0,0.0,0.0,REQ,0.0,,,,0.0,0.0,0.0,1
21026,0.0,0.0,0.0,0.0,0.0,0.0,tcp,0.0,,cs0,,63.0,,1.0,,Start,1,1,0,74,74,0,74.0,0.0,0.0,0.0,0.0,0,0,0,0.0,0.0,0.0,0.0,0.0,0.0,REQ,0.0,,,,0.0,0.0,0.0,1
21050,0.0,0.0,0.0,0.0,0.0,0.0,tcp,0.0,,cs0,,63.0,,1.0,,Start,1,1,0,74,74,0,74.0,0.0,0.0,0.0,0.0,0,0,0,0.0,0.0,0.0,0.0,0.0,0.0,REQ,0.0,,,,0.0,0.0,0.0,1
21125,0.0,0.0,0.0,0.0,0.0,0.0,tcp,0.0,,cs0,,63.0,,1.0,,Start,1,1,0,74,74,0,74.0,0.0,0.0,0.0,0.0,0,0,0,0.0,0.0,0.0,0.0,0.0,0.0,REQ,0.0,,,,0.0,0.0,0.0,1
21128,0.0,0.0,0.0,0.0,0.0,0.0,tcp,0.0,,cs0,,63.0,,1.0,,Start,1,1,0,74,74,0,74.0,0.0,0.0,0.0,0.0,0,0,0,0.0,0.0,0.0,0.0,0.0,0.0,REQ,0.0,,,,0.0,0.0,0.0,1
21196,0.0,0.0,0.0,0.0,0.0,0.0,tcp,0.0,,cs0,,63.0,,1.0,,Start,1,1,0,74,74,0,74.0,0.0,0.0,0.0,0.0,0,0,0,0.0,0.0,0.0,0.0,0.0,0.0,REQ,0.0,,,,0.0,0.0,0.0,1
21208,0.0,0.0,0.0,0.0,0.0,0.0,tcp,0.0,,cs0,,63.0,,1.0,,Start,1,1,0,74,74,0,74.0,0.0,0.0,0.0,0.0,0,0,0,0.0,0.0,0.0,0.0,0.0,0.0,REQ,0.0,,,,0.0,0.0,0.0,1
21213,0.0,0.0,0.0,0.0,0.0,0.0,tcp,0.0,,cs0,,63.0,,1.0,,Start,1,1,0,74,74,0,74.0,0.0,0.0,0.0,0.0,0,0,0,0.0,0.0,0.0,0.0,0.0,0.0,REQ,0.0,,,,0.0,0.0,0.0,1
21249,0.0,0.0,0.0,0.0,0.0,0.0,tcp,0.0,,cs0,,63.0,,1.0,,Start,1,1,0,74,74,0,74.0,0.0,0.0,0.0,0.0,0,0,0,0.0,0.0,0.0,0.0,0.0,0.0,REQ,0.0,,,,0.0,0.0,0.0,1
21256,0.0,0.0,0.0,0.0,0.0,0.0,tcp,0.0,,cs0,,63.0,,1.0,,Start,1,1,0,74,74,0,74.0,0.0,0.0,0.0,0.0,0,0,0,0.0,0.0,0.0,0.0,0.0,0.0,REQ,0.0,,,,0.0,0.0,0.0,1
21265,0.0,0.0,0.0,0.0,0.0,0.0,tcp,0.0,,cs0,,63.0,,1.0,,Start,1,1,0,74,74,0,74.0,0.0,0.0,0.0,0.0,0,0,0,0.0,0.0,0.0,0.0,0.0,0.0,REQ,0.0,,,,0.0,0.0,0.0,1
21268,0.0,0.0,0.0,0.0,0.0,0.0,tcp,0.0,,cs0,,63.0,,1.0,,Start,1,1,0,74,74,0,74.0,0.0,0.0,0.0,0.0,0,0,0,0.0,0.0,0.0,0.0,0.0,0.0,REQ,0.0,,,,0.0,0.0,0.0,1
21312,0.0,0.0,0.0,0.0,0.0,0.0,tcp,0.0,,cs0,,63.0,,1.0,,Start,1,1,0,74,74,0,74.0,0.0,0.0,0.0,0.0,0,0,0,0.0,0.0,0.0,0.0,0.0,0.0,REQ,0.0,,,,0.0,0.0,0.0,1
21378,0.0,0.0,0.0,0.0,0.0,0.0,tcp,0.0,,cs0,,63.0,,1.0,,Start,1,1,0,74,74,0,74.0,0.0,0.0,0.0,0.0,0,0,0,0.0,0.0,0.0,0.0,0.0,0.0,REQ,0.0,,,,0.0,0.0,0.0,1
21441,0.0,0.0,0.0,0.0,0.0,0.0,tcp,0.0,,cs0,,63.0,,1.0,,Start,1,1,0,74,74,0,74.0,0.0,0.0,0.0,0.0,0,0,0,0.0,0.0,0.0,0.0,0.0,0.0,REQ,0.0,,,,0.0,0.0,0.0,1
21460,0.0,0.0,0.0,0.0,0.0,0.0,tcp,0.0,,cs0,,63.0,,1.0,,Start,1,1,0,74,74,0,74.0,0.0,0.0,0.0,0.0,0,0,0,0.0,0.0,0.0,0.0,0.0,0.0,REQ,0.0,,,,0.0,0.0,0.0,1
21468,0.0,0.0,0.0,0.0,0.0,0.0,tcp,0.0,,cs0,,63.0,,1.0,,Start,1,1,0,74,74,0,74.0,0.0,0.0,0.0,0.0,0,0,0,0.0,0.0,0.0,0.0,0.0,0.0,REQ,0.0,,,,0.0,0.0,0.0,1
21505,0.0,0.0,0.0,0.0,0.0,0.0,tcp,0.0,,cs0,,63.0,,1.0,,Start,1,1,0,74,74,0,74.0,0.0,0.0,0.0,0.0,0,0,0,0.0,0.0,0.0,0.0,0.0,0.0,REQ,0.0,,,,0.0,0.0,0.0,1
21543,0.0,0.0,0.0,0.0,0.0,0.0,tcp,0.0,,cs0,,63.0,,1.0,,Start,1,1,0,74,74,0,74.0,0.0,0.0,0.0,0.0,0,0,0,0.0,0.0,0.0,0.0,0.0,0.0,REQ,0.0,,,,0.0,0.0,0.0,1
21567,0.0,0.0,0.0,0.0,0.0,0.0,tcp,0.0,,cs0,,63.0,,1.0,,Start,1,1,0,74,74,0,74.0,0.0,0.0,0.0,0.0,0,0,0,0.0,0.0,0.0,0.0,0.0,0.0,REQ,0.0,,,,0.0,0.0,0.0,1
21656,0.0,0.0,0.0,0.0,0.0,0.0,tcp,0.0,,cs0,,63.0,,1.0,,Start,1,1,0,74,74,0,74.0,0.0,0.0,0.0,0.0,0,0,0,0.0,0.0,0.0,0.0,0.0,0.0,REQ,0.0,,,,0.0,0.0,0.0,1
21687,0.0,0.0,0.0,0.0,0.0,0.0,tcp,0.0,,cs0,,63.0,,1.0,,Start,1,1,0,74,74,0,74.0,0.0,0.0,0.0,0.0,0,0,0,0.0,0.0,0.0,0.0,0.0,0.0,REQ,0.0,,,,0.0,0.0,0.0,1
21755,0.0,0.0,0.0,0.0,0.0,0.0,tcp,0.0,,cs0,,63.0,,1.0,,Start,1,1,0,74,74,0,74.0,0.0,0.0,0.0,0.0,0,0,0,0.0,0.0,0.0,0.0,0.0,0.0,REQ,0.0,,,,0.0,0.0,0.0,1
21831,0.0,0.0,0.0,0.0,0.0,0.0,tcp,0.0,,cs0,,63.0,,1.0,,Start,1,1,0,74,74,0,74.0,0.0,0.0,0.0,0.0,0,0,0,0.0,0.0,0.0,0.0,0.0,0.0,REQ,0.0,,,,0.0,0.0,0.0,1
21885,0.0,0.0,0.0,0.0,0.0,0.0,tcp,0.0,,cs0,,63.0,,1.0,,Start,1,1,0,74,74,0,74.0,0.0,0.0,0.0,0.0,0,0,0,0.0,0.0,0.0,0.0,0.0,0.0,REQ,0.0,,,,0.0,0.0,0.0,1
21888,0.0,0.0,0.0,0.0,0.0,0.0,tcp,0.0,,cs0,,63.0,,1.0,,Start,1,1,0,74,74,0,74.0,0.0,0.0,0.0,0.0,0,0,0,0.0,0.0,0.0,0.0,0.0,0.0,REQ,0.0,,,,0.0,0.0,0.0,1
22018,0.0,0.0,0.0,0.0,0.0,0.0,tcp,0.0,,cs0,,63.0,,1.0,,Start,1,1,0,74,74,0,74.0,0.0,0.0,0.0,0.0,0,0,0,0.0,0.0,0.0,0.0,0.0,0.0,REQ,0.0,,,,0.0,0.0,0.0,1
22027,0.0,0.0,0.0,0.0,0.0,0.0,tcp,0.0,,cs0,,63.0,,1.0,,Start,1,1,0,74,74,0,74.0,0.0,0.0,0.0,0.0,0,0,0,0.0,0.0,0.0,0.0,0.0,0.0,REQ,0.0,,,,0.0,0.0,0.0,1
22182,0.0,0.0,0.0,0.0,0.0,0.0,tcp,0.0,,cs0,,63.0,,1.0,,Start,1,1,0,74,74,0,74.0,0.0,0.0,0.0,0.0,0,0,0,0.0,0.0,0.0,0.0,0.0,0.0,REQ,0.0,,,,0.0,0.0,0.0,1
22219,0.0,0.0,0.0,0.0,0.0,0.0,tcp,0.0,,cs0,,63.0,,1.0,,Start,1,1,0,74,74,0,74.0,0.0,0.0,0.0,0.0,0,0,0,0.0,0.0,0.0,0.0,0.0,0.0,REQ,0.0,,,,0.0,0.0,0.0,1
22251,0.0,0.0,0.0,0.0,0.0,0.0,tcp,0.0,,cs0,,63.0,,1.0,,Start,1,1,0,74,74,0,74.0,0.0,0.0,0.0,0.0,0,0,0,0.0,0.0,0.0,0.0,0.0,0.0,REQ,0.0,,,,0.0,0.0,0.0,1
22260,0.0,0.0,0.0,0.0,0.0,0.0,tcp,0.0,,cs0,,63.0,,1.0,,Start,1,1,0,74,74,0,74.0,0.0,0.0,0.0,0.0,0,0,0,0.0,0.0,0.0,0.0,0.0,0.0,REQ,0.0,,,,0.0,0.0,0.0,1
22277,0.0,0.0,0.0,0.0,0.0,0.0,tcp,0.0,,cs0,,63.0,,1.0,,Start,1,1,0,74,74,0,74.0,0.0,0.0,0.0,0.0,0,0,0,0.0,0.0,0.0,0.0,0.0,0.0,REQ,0.0,,,,0.0,0.0,0.0,1
22395,0.0,0.0,0.0,0.0,0.0,0.0,tcp,0.0,,cs0,,63.0,,1.0,,Start,1,1,0,74,74,0,74.0,0.0,0.0,0.0,0.0,0,0,0,0.0,0.0,0.0,0.0,0.0,0.0,REQ,0.0,,,,0.0,0.0,0.0,1
22546,0.0,0.0,0.0,0.0,0.0,0.0,tcp,0.0,,cs0,,63.0,,1.0,,Start,1,1,0,74,74,0,74.0,0.0,0.0,0.0,0.0,0,0,0,0.0,0.0,0.0,0.0,0.0,0.0,REQ,0.0,,,,0.0,0.0,0.0,1
22547,0.0,0.0,0.0,0.0,0.0,0.0,tcp,0.0,,cs0,,63.0,,1.0,,Start,1,1,0,74,74,0,74.0,0.0,0.0,0.0,0.0,0,0,0,0.0,0.0,0.0,0.0,0.0,0.0,REQ,0.0,,,,0.0,0.0,0.0,1
22598,0.0,0.0,0.0,0.0,0.0,0.0,tcp,0.0,,cs0,,63.0,,1.0,,Start,1,1,0,74,74,0,74.0,0.0,0.0,0.0,0.0,0,0,0,0.0,0.0,0.0,0.0,0.0,0.0,REQ,0.0,,,,0.0,0.0,0.0,1
22639,0.0,0.0,0.0,0.0,0.0,0.0,tcp,0.0,,cs0,,63.0,,1.0,,Start,1,1,0,74,74,0,74.0,0.0,0.0,0.0,0.0,0,0,0,0.0,0.0,0.0,0.0,0.0,0.0,REQ,0.0,,,,0.0,0.0,0.0,1
22733,0.0,0.0,0.0,0.0,0.0,0.0,icmp,0.0,,cs0,,58.0,,6.0,,Start,1,1,0,98,98,0,98.0,0.0,0.0,0.0,0.0,0,0,0,0.0,,,0.0,0.0,0.0,ECO,,,,,0.0,0.0,0.0,0
22745,0.052875,0.052875,0.052875,0.052875,0.052875,0.052875,udp,0.0,0.0,cs0,cs0,64.0,117.0,0.0,11.0,Status,4,2,2,438,300,138,150.0,69.0,33134.75,22695.03516,10439.71582,0,0,0,0.0,,,56.737587,18.912529,18.912529,CON,,,,,0.0,0.0,0.0,0
22751,0.059995,0.059995,0.059995,0.059995,0.059995,0.059995,udp,0.0,0.0,cs0,cs0,64.0,117.0,0.0,11.0,Status,6,3,3,730,530,200,176.666672,66.666664,65072.08984,47203.93359,17868.15625,0,0,0,0.0,,,83.340279,33.336113,33.336113,CON,,,,,0.0,0.0,0.0,0
22791,0.0,0.0,0.0,0.0,0.0,0.0,icmp,0.0,,cs0,,58.0,,6.0,,Start,1,1,0,98,98,0,98.0,0.0,0.0,0.0,0.0,0,0,0,0.0,,,0.0,0.0,0.0,ECO,,,,,0.0,0.0,0.0,0
22792,4.999301,4.999301,4.999301,4.999301,4.999301,4.999301,udp,0.0,0.0,cs0,cs0,117.0,64.0,11.0,0.0,Status,252,231,21,297800,292642,5158,1266.848511,245.619049,474128.6875,466266.7813,7861.898926,0,0,0,0.0,,,50.20702,46.006432,4.000559,CON,,,,,0.0,0.0,0.0,0
22828,0.053001,0.053001,0.053001,0.053001,0.053001,0.053001,udp,0.0,0.0,cs0,cs0,64.0,117.0,0.0,11.0,Status,6,3,3,751,549,202,183.0,67.333336,75621.21094,55244.23828,20376.97266,0,0,0,0.0,,,94.337837,37.735134,37.735134,CON,,,,,0.0,0.0,0.0,0
22834,4.998716,4.998716,4.998716,4.998716,4.998716,4.998716,udp,0.0,0.0,cs0,cs0,117.0,64.0,11.0,0.0,Status,200,182,18,236239,231347,4892,1271.137329,271.777771,375611.6563,368216.1563,7395.499512,0,0,0,0.0,,,39.810223,36.209301,3.400873,CON,,,,,0.0,0.0,0.0,0
22859,0.0,0.0,0.0,0.0,0.0,0.0,icmp,0.0,,cs0,,58.0,,6.0,,Start,1,1,0,98,98,0,98.0,0.0,0.0,0.0,0.0,0,0,0,0.0,,,0.0,0.0,0.0,ECO,,,,,0.0,0.0,0.0,0
22861,4.993175,4.993175,4.993175,4.993175,4.993175,4.993175,udp,0.0,0.0,cs0,cs0,117.0,64.0,11.0,0.0,Status,197,172,25,219526,214065,5461,1244.563965,218.440002,349379.3125,340979.0313,8400.266602,0,0,0,0.0,,,39.253582,34.246746,4.806561,CON,,,,,0.0,0.0,0.0,0
22878,0.0,0.0,0.0,0.0,0.0,0.0,sctp,186.0,40.0,ef,af11,255.0,250.0,1.0,6.0,Status,2,1,1,232,114,118,114.0,118.0,0.0,0.0,0.0,0,0,0,0.0,,,0.0,0.0,0.0,CON,,,,610.0,0.0,0.0,0.0,0
22890,4.965536,4.965536,4.965536,4.965536,4.965536,4.965536,udp,0.0,0.0,cs0,cs0,117.0,64.0,11.0,0.0,Status,244,224,20,309660,305057,4603,1361.861572,230.149994,496331.5,489286.125,7045.362305,0,0,0,0.0,,,48.937313,44.90955,3.826374,CON,,,,,0.0,0.0,0.0,0
22917,0.073337,0.073337,0.073337,0.073337,0.073337,0.073337,udp,0.0,0.0,cs0,cs0,64.0,117.0,0.0,11.0,Status,9,4,5,1104,761,343,190.25,68.599998,92286.28906,62287.79297,29998.49805,0,0,0,0.0,,,109.085449,40.907043,54.542725,CON,,,,,0.0,0.0,0.0,0
22919,4.988601,4.988601,4.988601,4.988601,4.988601,4.988601,udp,0.0,0.0,cs0,cs0,117.0,64.0,11.0,0.0,Status,239,215,24,294989,289459,5530,1346.320923,230.416672,470533.5,462034.125,8499.376953,0,0,0,0.0,,,47.708763,42.897797,4.610511,CON,,,,,0.0,0.0,0.0,0
22957,0.0,0.0,0.0,0.0,0.0,0.0,icmp,0.0,,cs0,,58.0,,6.0,,Start,1,1,0,98,98,0,98.0,0.0,0.0,0.0,0.0,0,0,0,0.0,,,0.0,0.0,0.0,ECO,,,,,0.0,0.0,0.0,0
22965,0.0,0.0,0.0,0.0,0.0,0.0,icmp,0.0,,cs0,,58.0,,6.0,,Start,1,1,0,98,98,0,98.0,0.0,0.0,0.0,0.0,0,0,0,0.0,,,0.0,0.0,0.0,ECO,,,,,0.0,0.0,0.0,0
23010,0.0,0.0,0.0,0.0,0.0,0.0,icmp,0.0,,cs0,,58.0,,6.0,,Start,1,1,0,98,98,0,98.0,0.0,0.0,0.0,0.0,0,0,0,0.0,,,0.0,0.0,0.0,ECO,,,,,0.0,0.0,0.0,0
23011,2.990173,2.990173,2.990173,2.990173,2.990173,2.990173,tcp,136.0,,af41,,255.0,,1.0,,Start,3,3,0,222,222,0,74.0,0.0,395.963684,395.963684,0.0,2,2,0,40.0,0.0,0.0,0.668858,0.668858,0.0,REQ,3737600.0,,,,0.0,0.0,0.0,0
23018,0.169963,0.169963,0.169963,0.169963,0.169963,0.169963,udp,0.0,0.0,cs0,cs0,64.0,53.0,0.0,11.0,Start,22,13,9,13819,9089,4730,699.15387,525.555542,592834.875,394909.4688,197925.4219,0,0,0,0.0,,,123.556305,70.6036,47.069069,CON,,,,,0.0,0.0,0.0,0
23036,0.052859,0.052859,0.052859,0.052859,0.052859,0.052859,udp,0.0,0.0,cs0,cs0,64.0,117.0,0.0,11.0,Status,5,3,2,670,531,139,177.0,69.5,64170.71875,53576.49609,10594.22266,0,0,0,0.0,,,75.673019,37.83651,18.918255,CON,,,,,0.0,0.0,0.0,0
23048,0.0,0.0,0.0,0.0,0.0,0.0,icmp,0.0,,cs0,,58.0,,6.0,,Start,1,1,0,98,98,0,98.0,0.0,0.0,0.0,0.0,0,0,0,0.0,,,0.0,0.0,0.0,ECO,,,,,0.0,0.0,0.0,0
23049,0.0,0.0,0.0,0.0,0.0,0.0,icmp,0.0,,cs0,,58.0,,6.0,,Start,1,1,0,98,98,0,98.0,0.0,0.0,0.0,0.0,0,0,0,0.0,,,0.0,0.0,0.0,ECO,,,,,0.0,0.0,0.0,0
23135,0.086996,0.086996,0.086996,0.086996,0.086996,0.086996,icmp,0.0,0.0,cs0,cs0,58.0,64.0,6.0,0.0,Start,2,1,1,196,98,98,98.0,98.0,0.0,0.0,0.0,0,0,0,0.0,,,11.494781,0.0,0.0,ECO,,,,,0.0,0.0,0.0,0
23321,4.921394,4.921394,4.921394,4.921394,4.921394,4.921394,udp,0.0,0.0,cs0,cs0,117.0,64.0,11.0,0.0,Status,140,117,23,161488,155865,5623,1332.179443,244.478256,259945.875,251202.0,8743.864258,0,0,0,0.0,,,28.24403,23.570559,4.470278,CON,,,,,0.0,0.0,0.0,0
25145,0.141295,0.141295,0.141295,0.141295,0.141295,0.141295,udp,0.0,0.0,cs0,cs0,64.0,53.0,0.0,11.0,Start,21,11,10,6856,2512,4344,228.363632,434.399994,350698.875,129318.0938,221380.7969,0,0,0,0.0,,,141.547821,70.773911,63.696522,CON,,,,,0.0,0.0,0.0,0
25173,0.091271,0.091271,0.091271,0.091271,0.091271,0.091271,icmp,0.0,0.0,cs0,cs0,58.0,64.0,6.0,0.0,Start,2,1,1,196,98,98,98.0,98.0,0.0,0.0,0.0,0,0,0,0.0,,,10.956383,0.0,0.0,ECO,,,,,0.0,0.0,0.0,0
25187,0.0,0.0,0.0,0.0,0.0,0.0,icmp,0.0,,cs0,,58.0,,6.0,,Start,1,1,0,98,98,0,98.0,0.0,0.0,0.0,0.0,0,0,0,0.0,,,0.0,0.0,0.0,ECO,,,,,0.0,0.0,0.0,0
25188,0.036664,0.036664,0.036664,0.036664,0.036664,0.036664,icmp,0.0,0.0,cs0,cs0,58.0,64.0,6.0,0.0,Start,2,1,1,196,98,98,98.0,98.0,0.0,0.0,0.0,0,0,0,0.0,,,27.27471,0.0,0.0,ECO,,,,,0.0,0.0,0.0,0
25248,0.069396,0.069396,0.069396,0.069396,0.069396,0.069396,udp,0.0,0.0,cs0,cs0,64.0,117.0,0.0,11.0,Status,6,3,3,730,530,200,176.666672,66.666664,56256.84766,40809.26953,15447.57715,0,0,0,0.0,,,72.050262,28.820107,28.820107,CON,,,,,0.0,0.0,0.0,0
25307,0.0,0.0,0.0,0.0,0.0,0.0,icmp,0.0,,cs0,,58.0,,6.0,,Start,1,1,0,98,98,0,98.0,0.0,0.0,0.0,0.0,0,0,0,0.0,,,0.0,0.0,0.0,ECO,,,,,0.0,0.0,0.0,0
25330,0.0,0.0,0.0,0.0,0.0,0.0,icmp,0.0,,cs0,,58.0,,6.0,,Start,1,1,0,98,98,0,98.0,0.0,0.0,0.0,0.0,0,0,0,0.0,,,0.0,0.0,0.0,ECO,,,,,0.0,0.0,0.0,0
25360,0.050171,0.050171,0.050171,0.050171,0.050171,0.050171,icmp,0.0,0.0,cs0,cs0,58.0,64.0,6.0,0.0,Start,2,1,1,196,98,98,98.0,98.0,0.0,0.0,0.0,0,0,0,0.0,,,19.931833,0.0,0.0,ECO,,,,,0.0,0.0,0.0,0
25422,0.073001,0.073001,0.073001,0.073001,0.073001,0.073001,icmp,0.0,0.0,cs0,cs0,58.0,64.0,6.0,0.0,Start,2,1,1,196,98,98,98.0,98.0,0.0,0.0,0.0,0,0,0,0.0,,,13.698443,0.0,0.0,ECO,,,,,0.0,0.0,0.0,0
25441,4.999808,4.999808,4.999808,4.999808,4.999808,4.999808,udp,0.0,0.0,cs0,cs0,117.0,64.0,11.0,0.0,Status,71,53,18,71502,66904,4598,1262.3396,255.444443,111980.3047,105031.2344,6949.066895,0,0,0,0.0,,,14.000538,10.4004,3.400131,CON,,,,,0.0,0.0,0.0,0
25521,0.0,0.0,0.0,0.0,0.0,0.0,icmp,0.0,,cs0,,58.0,,6.0,,Start,1,1,0,98,98,0,98.0,0.0,0.0,0.0,0.0,0,0,0,0.0,,,0.0,0.0,0.0,ECO,,,,,0.0,0.0,0.0,0
25639,0.204987,0.204987,0.204987,0.204987,0.204987,0.204987,udp,0.0,0.0,cs0,cs0,64.0,53.0,0.0,11.0,Start,21,13,8,13153,8364,4789,643.384644,598.625,464888.0,301326.4063,163561.5938,0,0,0,0.0,,,97.567162,58.540295,34.148506,CON,,,,,0.0,0.0,0.0,0
25655,0.132965,0.132965,0.132965,0.132965,0.132965,0.132965,tcp,0.0,0.0,cs0,cs0,64.0,52.0,0.0,12.0,Status,10,5,5,2083,914,1169,182.800003,233.800003,100357.2344,44041.66406,56315.57422,0,0,0,0.0,0.0,0.0,67.686989,30.083105,30.083105,CON,661.0,473.0,,,0.0,0.0,0.0,0
25717,4.99983,4.99983,4.99983,4.99983,4.99983,4.99983,udp,0.0,0.0,cs0,cs0,117.0,64.0,11.0,0.0,Status,115,103,12,141426,138676,2750,1346.368896,229.166672,223769.2188,219735.4844,4033.737305,0,0,0,0.0,,,22.800776,20.400694,2.200075,CON,,,,,0.0,0.0,0.0,0
26090,0.069053,0.069053,0.069053,0.069053,0.069053,0.069053,icmp,0.0,0.0,cs0,cs0,58.0,64.0,6.0,0.0,Start,2,1,1,196,98,98,98.0,98.0,0.0,0.0,0.0,0,0,0,0.0,,,14.481629,0.0,0.0,ECO,,,,,0.0,0.0,0.0,0
26280,4.99821,4.99821,4.99821,4.99821,4.99821,4.99821,udp,0.0,0.0,cs0,cs0,117.0,64.0,11.0,0.0,Status,184,163,21,222361,217407,4954,1333.785278,235.904755,353395.3125,345842.2188,7553.104004,0,0,0,0.0,,,36.61311,32.411602,4.001432,CON,,,,,0.0,0.0,0.0,0
26657,0.03409,0.03409,0.03409,0.03409,0.03409,0.03409,icmp,0.0,0.0,cs0,cs0,58.0,64.0,6.0,0.0,Start,2,1,1,196,98,98,98.0,98.0,0.0,0.0,0.0,0,0,0,0.0,,,29.334114,0.0,0.0,ECO,,,,,0.0,0.0,0.0,0
26781,0.0,0.0,0.0,0.0,0.0,0.0,icmp,0.0,,cs0,,58.0,,6.0,,Start,1,1,0,98,98,0,98.0,0.0,0.0,0.0,0.0,0,0,0,0.0,,,0.0,0.0,0.0,ECO,,,,,0.0,0.0,0.0,0
26848,4.999398,4.999398,4.999398,4.999398,4.999398,4.999398,udp,0.0,0.0,cs0,cs0,117.0,64.0,11.0,0.0,Status,155,129,26,179076,173911,5165,1348.147339,198.653839,284082.1875,276134.0313,7948.156738,0,0,0,0.0,,,30.803707,25.603081,5.000602,CON,,,,,0.0,0.0,0.0,0
26861,0.04577,0.04577,0.04577,0.04577,0.04577,0.04577,icmp,0.0,0.0,cs0,cs0,58.0,64.0,6.0,0.0,Start,2,1,1,196,98,98,98.0,98.0,0.0,0.0,0.0,0,0,0,0.0,,,21.848372,0.0,0.0,ECO,,,,,0.0,0.0,0.0,0
27490,0.047341,0.047341,0.047341,0.047341,0.047341,0.047341,udp,0.0,0.0,cs0,cs0,64.0,117.0,0.0,11.0,Status,6,3,3,730,530,200,176.666672,66.666664,82465.51563,59821.29688,22644.21875,0,0,0,0.0,,,105.616692,42.246677,42.246677,CON,,,,,0.0,0.0,0.0,0
27838,4.996915,4.996915,4.996915,4.996915,4.996915,4.996915,udp,0.0,0.0,cs0,cs0,117.0,64.0,11.0,0.0,Status,66,55,11,74252,69674,4578,1266.800049,416.181824,116183.6875,109520.375,6663.311523,0,0,0,0.0,,,13.008026,10.806668,2.001235,CON,,,,,0.0,0.0,0.0,0
27865,0.013895,0.013895,0.013895,0.013895,0.013895,0.013895,tcp,0.0,0.0,cs0,cs0,64.0,63.0,0.0,1.0,Status,4,3,1,295,229,66,76.333336,66.0,88089.24219,88089.24219,0.0,0,0,0,0.0,0.0,0.0,215.904999,143.936661,0.0,FIN,91136.0,32256.0,,,0.015123,0.001128,0.013995,0
28207,0.0,0.0,0.0,0.0,0.0,0.0,icmp,0.0,,cs0,,58.0,,6.0,,Start,1,1,0,98,98,0,98.0,0.0,0.0,0.0,0.0,0,0,0,0.0,,,0.0,0.0,0.0,ECO,,,,,0.0,0.0,0.0,0
28251,0.050592,0.050592,0.050592,0.050592,0.050592,0.050592,udp,0.0,0.0,cs0,cs0,64.0,117.0,0.0,11.0,Status,6,3,3,730,530,200,176.666672,66.666664,77166.35156,55977.22656,21189.12109,0,0,0,0.0,,,98.829849,39.53194,39.53194,CON,,,,,0.0,0.0,0.0,0
28261,0.0,0.0,0.0,0.0,0.0,0.0,icmp,0.0,,cs0,,58.0,,6.0,,Start,1,1,0,98,98,0,98.0,0.0,0.0,0.0,0.0,0,0,0,0.0,,,0.0,0.0,0.0,ECO,,,,,0.0,0.0,0.0,0
28333,0.047301,0.047301,0.047301,0.047301,0.047301,0.047301,icmp,0.0,0.0,cs0,cs0,58.0,64.0,6.0,0.0,Start,2,1,1,196,98,98,98.0,98.0,0.0,0.0,0.0,0,0,0,0.0,,,21.141201,0.0,0.0,ECO,,,,,0.0,0.0,0.0,0
28624,0.0,0.0,0.0,0.0,0.0,0.0,icmp,0.0,,cs0,,58.0,,6.0,,Start,1,1,0,98,98,0,98.0,0.0,0.0,0.0,0.0,0,0,0,0.0,,,0.0,0.0,0.0,ECO,,,,,0.0,0.0,0.0,0
28668,0.0,0.0,0.0,0.0,0.0,0.0,icmp,0.0,,cs0,,58.0,,6.0,,Start,1,1,0,98,98,0,98.0,0.0,0.0,0.0,0.0,0,0,0,0.0,,,0.0,0.0,0.0,ECO,,,,,0.0,0.0,0.0,0
29079,4.911594,4.911594,4.911594,4.911594,4.911594,4.911594,udp,0.0,0.0,cs0,cs0,117.0,64.0,11.0,0.0,Status,106,86,20,118647,114085,4562,1326.569824,228.100006,190720.9844,183661.7656,7059.215332,0,0,0,0.0,,,21.377989,17.30599,3.868398,CON,,,,,0.0,0.0,0.0,0
29091,0.0,0.0,0.0,0.0,0.0,0.0,icmp,0.0,,cs0,,58.0,,6.0,,Start,1,1,0,98,98,0,98.0,0.0,0.0,0.0,0.0,0,0,0,0.0,,,0.0,0.0,0.0,ECO,,,,,0.0,0.0,0.0,0
29701,0.072338,0.072338,0.072338,0.072338,0.072338,0.072338,icmp,0.0,0.0,cs0,cs0,58.0,64.0,6.0,0.0,Start,2,1,1,196,98,98,98.0,98.0,0.0,0.0,0.0,0,0,0,0.0,,,13.823993,0.0,0.0,ECO,,,,,0.0,0.0,0.0,0
30391,0.092054,0.092054,0.092054,0.092054,0.092054,0.092054,icmp,0.0,0.0,cs0,cs0,58.0,64.0,6.0,0.0,Start,2,1,1,196,98,98,98.0,98.0,0.0,0.0,0.0,0,0,0,0.0,,,10.863189,0.0,0.0,ECO,,,,,0.0,0.0,0.0,0
30495,4.999756,4.999756,4.999756,4.999756,4.999756,4.999756,udp,0.0,0.0,cs0,cs0,117.0,64.0,11.0,0.0,Status,301,280,21,387916,383277,4639,1368.846436,220.904755,618155.0,611084.25,7070.745117,0,0,0,0.0,,,60.00293,55.802723,4.000196,CON,,,,,0.0,0.0,0.0,0
30504,0.079242,0.079242,0.079242,0.079242,0.079242,0.079242,icmp,0.0,0.0,cs0,cs0,58.0,64.0,6.0,0.0,Start,2,1,1,196,98,98,98.0,98.0,0.0,0.0,0.0,0,0,0,0.0,,,12.619571,0.0,0.0,ECO,,,,,0.0,0.0,0.0,0
30518,0.113195,0.113195,0.113195,0.113195,0.113195,0.113195,tcp,0.0,0.0,cs0,cs0,64.0,116.0,0.0,12.0,Status,10,5,5,2096,921,1175,184.199997,235.0,118521.1328,52087.10547,66434.03125,0,0,0,0.0,0.0,0.0,79.508812,35.33725,35.33725,CON,805.0,533.0,,,0.0,0.0,0.0,0
30554,0.0,0.0,0.0,0.0,0.0,0.0,icmp,0.0,,cs0,,58.0,,6.0,,Start,1,1,0,98,98,0,98.0,0.0,0.0,0.0,0.0,0,0,0,0.0,,,0.0,0.0,0.0,ECO,,,,,0.0,0.0,0.0,0
30560,0.175597,0.175597,0.175597,0.175597,0.175597,0.175597,udp,0.0,0.0,cs0,cs0,64.0,52.0,0.0,12.0,Start,22,13,9,13132,8364,4768,643.384644,529.777771,544884.0625,351760.0,193124.0313,0,0,0,0.0,,,119.592026,68.338295,45.558865,CON,,,,,0.0,0.0,0.0,0
30710,4.779221,4.779221,4.779221,4.779221,4.779221,4.779221,udp,0.0,0.0,cs0,cs0,117.0,64.0,11.0,0.0,Status,163,133,30,181010,175418,5592,1318.932373,186.399994,300477.4063,291428.25,9049.173828,0,0,0,0.0,,,33.896736,27.619564,6.067935,CON,,,,,0.0,0.0,0.0,0
30715,0.14147,0.14147,0.14147,0.14147,0.14147,0.14147,udp,0.0,0.0,cs0,cs0,64.0,52.0,0.0,12.0,Start,22,12,10,8293,3914,4379,326.166656,437.899994,425814.6563,202898.1406,222916.5156,0,0,0,0.0,,,148.44136,77.754997,63.617729,CON,,,,,0.0,0.0,0.0,0
30723,3.608989,3.608989,3.608989,3.608989,3.608989,3.608989,sctp,186.0,186.0,ef,ef,252.0,255.0,4.0,1.0,Status,4,2,2,392,200,192,100.0,96.0,434.470703,221.668732,212.801971,0,0,0,0.0,,,0.831258,0.277086,0.277086,CON,,,610.0,,0.0,0.0,0.0,0
30853,0.099998,0.099998,0.099998,0.099998,0.099998,0.099998,udp,0.0,0.0,cs0,cs0,64.0,53.0,0.0,11.0,Status,8,5,3,4685,3185,1500,637.0,500.0,283845.6875,203844.0781,80001.60156,0,0,0,0.0,,,70.001404,40.000801,20.000401,CON,,,,,0.0,0.0,0.0,0
31433,0.0,0.0,0.0,0.0,0.0,0.0,sctp,186.0,40.0,ef,af11,255.0,250.0,1.0,6.0,Status,2,1,1,232,114,118,114.0,118.0,0.0,0.0,0.0,0,0,0,0.0,,,0.0,0.0,0.0,CON,,,,610.0,0.0,0.0,0.0,0
31600,0.048234,0.048234,0.048234,0.048234,0.048234,0.048234,icmp,0.0,0.0,cs0,cs0,58.0,64.0,6.0,0.0,Start,2,1,1,196,98,98,98.0,98.0,0.0,0.0,0.0,0,0,0,0.0,,,20.732264,0.0,0.0,ECO,,,,,0.0,0.0,0.0,0
32349,0.058927,0.058927,0.058927,0.058927,0.058927,0.058927,icmp,0.0,0.0,cs0,cs0,58.0,64.0,6.0,0.0,Start,2,1,1,196,98,98,98.0,98.0,0.0,0.0,0.0,0,0,0,0.0,,,16.97015,0.0,0.0,ECO,,,,,0.0,0.0,0.0,0
32630,0.095186,0.095186,0.095186,0.095186,0.095186,0.095186,icmp,0.0,0.0,cs0,cs0,58.0,64.0,6.0,0.0,Start,2,1,1,196,98,98,98.0,98.0,0.0,0.0,0.0,0,0,0,0.0,,,10.505746,0.0,0.0,ECO,,,,,0.0,0.0,0.0,0
32956,0.0,0.0,0.0,0.0,0.0,0.0,icmp,0.0,,cs0,,58.0,,6.0,,Start,1,1,0,98,98,0,98.0,0.0,0.0,0.0,0.0,0,0,0,0.0,,,0.0,0.0,0.0,ECO,,,,,0.0,0.0,0.0,0
33062,0.015901,0.015901,0.015901,0.015901,0.015901,0.015901,tcp,0.0,0.0,cs0,cs0,64.0,63.0,0.0,1.0,Status,3,2,1,714,291,423,145.5,423.0,73454.5,73454.5,0.0,0,0,0,0.0,0.0,0.0,125.778259,62.88913,0.0,CON,69120.0,32256.0,,,0.015907,0.001097,0.01481,0
33074,4.853473,4.853473,4.853473,4.853473,4.853473,4.853473,udp,0.0,0.0,cs0,cs0,117.0,64.0,11.0,0.0,Status,169,138,31,190116,183921,6195,1332.760864,199.838715,310845.4375,300962.2188,9883.231445,0,0,0,0.0,,,34.614388,28.227209,6.18114,CON,,,,,0.0,0.0,0.0,0
33167,0.053003,0.053003,0.053003,0.053003,0.053003,0.053003,udp,0.0,0.0,cs0,cs0,64.0,117.0,0.0,11.0,Start,4,2,2,437,299,138,149.5,69.0,33054.73438,22640.22852,10414.50488,0,0,0,0.0,,,56.600571,18.866858,18.866858,CON,,,,,0.0,0.0,0.0,0
33266,4.997421,4.997421,4.997421,4.997421,4.997421,4.997421,udp,0.0,0.0,cs0,cs0,117.0,64.0,11.0,0.0,Status,205,189,16,244356,239609,4747,1267.772461,296.6875,388669.3125,381544.0313,7125.275391,0,0,0,0.0,,,40.821056,37.619404,3.001548,CON,,,,,0.0,0.0,0.0,0
33286,0.073311,0.073311,0.073311,0.073311,0.073311,0.073311,icmp,0.0,0.0,cs0,cs0,58.0,64.0,6.0,0.0,Start,2,1,1,196,98,98,98.0,98.0,0.0,0.0,0.0,0,0,0,0.0,,,13.640517,0.0,0.0,ECO,,,,,0.0,0.0,0.0,0
33289,0.044404,0.044404,0.044404,0.044404,0.044404,0.044404,icmp,0.0,0.0,cs0,cs0,58.0,64.0,6.0,0.0,Start,2,1,1,196,98,98,98.0,98.0,0.0,0.0,0.0,0,0,0,0.0,,,22.520494,0.0,0.0,ECO,,,,,0.0,0.0,0.0,0
33321,0.0,0.0,0.0,0.0,0.0,0.0,icmp,0.0,,cs0,,58.0,,6.0,,Start,1,1,0,98,98,0,98.0,0.0,0.0,0.0,0.0,0,0,0,0.0,,,0.0,0.0,0.0,ECO,,,,,0.0,0.0,0.0,0
33347,0.0,0.0,0.0,0.0,0.0,0.0,udp,0.0,,cs0,,249.0,,7.0,,Start,1,1,0,74,74,0,74.0,0.0,0.0,0.0,0.0,0,0,0,0.0,,,0.0,0.0,0.0,INT,,,610.0,,0.0,0.0,0.0,0
33499,0.186919,0.186919,0.186919,0.186919,0.186919,0.186919,icmp,0.0,0.0,cs0,cs0,58.0,64.0,6.0,0.0,Start,2,1,1,196,98,98,98.0,98.0,0.0,0.0,0.0,0,0,0,0.0,,,5.349911,0.0,0.0,ECO,,,,,0.0,0.0,0.0,0
33516,4.999512,4.999512,4.999512,4.999512,4.999512,4.999512,udp,0.0,0.0,cs0,cs0,117.0,64.0,11.0,0.0,Status,345,316,29,438053,432798,5255,1369.613892,181.206894,698472.9375,690353.75,8119.191895,0,0,0,0.0,,,68.806709,63.006145,5.600546,CON,,,,,0.0,0.0,0.0,0
33586,0.10718,0.10718,0.10718,0.10718,0.10718,0.10718,icmp,0.0,0.0,cs0,cs0,58.0,64.0,6.0,0.0,Start,2,1,1,196,98,98,98.0,98.0,0.0,0.0,0.0,0,0,0,0.0,,,9.330099,0.0,0.0,ECO,,,,,0.0,0.0,0.0,0
33640,0.135855,0.135855,0.135855,0.135855,0.135855,0.135855,udp,0.0,0.0,cs0,cs0,64.0,52.0,0.0,12.0,Status,13,7,6,5752,3944,1808,563.428589,301.333344,287836.2813,199094.6094,88741.67188,0,0,0,0.0,,,88.329468,44.164734,36.803944,CON,,,,,0.0,0.0,0.0,0
33655,4.990652,4.990652,4.990652,4.990652,4.990652,4.990652,udp,0.0,0.0,cs0,cs0,117.0,64.0,11.0,0.0,Status,195,166,29,230218,224969,5249,1355.234985,181.0,366576.5313,358452.5625,8123.988281,0,0,0,0.0,,,38.872677,33.061813,5.610489,CON,,,,,0.0,0.0,0.0,0
33681,1.252916,1.252916,1.252916,1.252916,1.252916,1.252916,udp,0.0,0.0,cs0,cs0,64.0,53.0,0.0,11.0,Status,17,10,7,11085,7666,3419,766.599976,488.428558,62771.96484,44057.22266,18714.74219,0,0,0,0.0,,,12.77021,7.183243,4.788829,CON,,,,,0.0,0.0,0.0,0
33700,0.197952,0.197952,0.197952,0.197952,0.197952,0.197952,udp,0.0,0.0,cs0,cs0,64.0,52.0,0.0,12.0,Start,22,13,9,13374,8364,5010,643.384644,556.666687,492038.4688,312035.25,180003.2344,0,0,0,0.0,,,106.086319,60.620754,40.413837,CON,,,,,0.0,0.0,0.0,0
33728,2.99069,2.99069,2.99069,2.99069,2.99069,2.99069,tcp,136.0,,af41,,255.0,,1.0,,Start,3,3,0,222,222,0,74.0,0.0,395.895264,395.895264,0.0,2,2,0,40.0,0.0,0.0,0.668742,0.668742,0.0,REQ,3737600.0,,,,0.0,0.0,0.0,0
33766,0.0,0.0,0.0,0.0,0.0,0.0,sctp,40.0,186.0,af11,ef,250.0,255.0,6.0,1.0,Status,2,1,1,192,98,94,98.0,94.0,0.0,0.0,0.0,0,0,0,0.0,,,0.0,0.0,0.0,CON,,,610.0,,0.0,0.0,0.0,0
33807,0.058175,0.058175,0.058175,0.058175,0.058175,0.058175,icmp,0.0,0.0,cs0,cs0,58.0,64.0,6.0,0.0,Start,2,1,1,196,98,98,98.0,98.0,0.0,0.0,0.0,0,0,0,0.0,,,17.189514,0.0,0.0,ECO,,,,,0.0,0.0,0.0,0
33886,4.822738,4.822738,4.822738,4.822738,4.822738,4.822738,udp,0.0,0.0,cs0,cs0,117.0,64.0,11.0,0.0,Status,209,180,29,231720,225859,5861,1254.772217,202.103455,381963.9375,372576.7188,9387.198242,0,0,0,0.0,,,43.129025,37.115845,5.80583,CON,,,,,0.0,0.0,0.0,0
33986,0.049155,0.049155,0.049155,0.049155,0.049155,0.049155,icmp,0.0,0.0,cs0,cs0,58.0,64.0,6.0,0.0,Start,2,1,1,196,98,98,98.0,98.0,0.0,0.0,0.0,0,0,0,0.0,,,20.343811,0.0,0.0,ECO,,,,,0.0,0.0,0.0,0
33993,4.048318,4.048318,4.048318,4.048318,4.048318,4.048318,udp,0.0,0.0,cs0,cs0,117.0,64.0,11.0,0.0,Status,149,132,17,177122,171760,5362,1301.212158,315.411774,346822.5625,336849.0313,9973.525391,0,0,0,0.0,,,36.558395,32.359119,3.952259,CON,,,,,0.0,0.0,0.0,0
34002,0.140839,0.140839,0.140839,0.140839,0.140839,0.140839,tcp,0.0,0.0,cs0,cs0,64.0,116.0,0.0,12.0,Status,10,5,5,2093,921,1172,184.199997,234.399994,95144.10156,41863.40625,53280.69922,0,0,0,0.0,0.0,0.0,63.902756,28.401224,28.401224,CON,1580.0,856.0,,,0.0,0.0,0.0,0
34007,0.057431,0.057431,0.057431,0.057431,0.057431,0.057431,udp,0.0,0.0,cs0,cs0,64.0,117.0,0.0,11.0,Status,7,4,3,981,761,220,190.25,73.333336,100015.6719,79538.92188,20476.74609,0,0,0,0.0,,,104.47319,52.236595,34.824398,CON,,,,,0.0,0.0,0.0,0
34032,0.093191,0.093191,0.093191,0.093191,0.093191,0.093191,icmp,0.0,0.0,cs0,cs0,58.0,64.0,6.0,0.0,Start,2,1,1,196,98,98,98.0,98.0,0.0,0.0,0.0,0,0,0,0.0,,,10.73065,0.0,0.0,ECO,,,,,0.0,0.0,0.0,0
34045,0.147103,0.147103,0.147103,0.147103,0.147103,0.147103,icmp,0.0,0.0,cs0,cs0,58.0,64.0,6.0,0.0,Start,2,1,1,196,98,98,98.0,98.0,0.0,0.0,0.0,0,0,0,0.0,,,6.797958,0.0,0.0,ECO,,,,,0.0,0.0,0.0,0
34067,4.68328,4.68328,4.68328,4.68328,4.68328,4.68328,udp,0.0,0.0,cs0,cs0,117.0,64.0,11.0,0.0,Status,193,158,35,218669,213547,5122,1351.563232,146.34285,370974.1875,362474.1563,8500.025391,0,0,0,0.0,,,40.99691,33.523514,7.259869,CON,,,,,0.0,0.0,0.0,0
34118,0.034996,0.034996,0.034996,0.034996,0.034996,0.034996,tcp,0.0,0.0,cs0,cs0,52.0,64.0,12.0,0.0,Status,2,0,2,132,0,132,0.0,66.0,15087.43848,0.0,15087.43848,0,0,0,0.0,0.0,0.0,28.574696,0.0,28.574696,FIN,,,,,0.0,0.0,0.0,0
34172,0.172263,0.172263,0.172263,0.172263,0.172263,0.172263,icmp,0.0,0.0,cs0,cs0,58.0,64.0,6.0,0.0,Start,2,1,1,196,98,98,98.0,98.0,0.0,0.0,0.0,0,0,0,0.0,,,5.805077,0.0,0.0,ECO,,,,,0.0,0.0,0.0,0
34183,0.057801,0.057801,0.057801,0.057801,0.057801,0.057801,udp,0.0,0.0,cs0,cs0,64.0,53.0,0.0,11.0,Start,9,5,4,6002,4084,1918,816.799988,479.5,651476.625,452310.5,199166.1094,0,0,0,0.0,,,138.405914,69.202957,51.902214,CON,,,,,0.0,0.0,0.0,0
34187,0.0,0.0,0.0,0.0,0.0,0.0,udp,0.0,,cs0,,249.0,,7.0,,Start,1,1,0,74,74,0,74.0,0.0,0.0,0.0,0.0,0,0,0,0.0,,,0.0,0.0,0.0,INT,,,610.0,,0.0,0.0,0.0,0
34229,4.83654,4.83654,4.83654,4.83654,4.83654,4.83654,udp,0.0,0.0,cs0,cs0,117.0,64.0,11.0,0.0,Status,222,192,30,265458,260693,4765,1357.776001,158.833328,436581.5,428961.1875,7620.323242,0,0,0,0.0,,,45.693821,39.491039,5.996022,CON,,,,,0.0,0.0,0.0,0
34351,1.51296,1.51296,1.51296,1.51296,1.51296,1.51296,tcp,0.0,0.0,cs0,cs0,64.0,63.0,0.0,1.0,Start,16,9,7,2530,1138,1392,126.444443,198.857147,11664.55176,5351.100098,6313.452148,0,0,0,0.0,0.0,0.0,9.91434,5.287648,3.965736,CON,91136.0,32256.0,,,0.013998,0.001316,0.012682,0
34424,3.461035,3.461035,3.461035,3.461035,3.461035,3.461035,udp,0.0,0.0,cs0,cs0,64.0,53.0,0.0,11.0,Start,29,18,11,18947,12928,6019,718.222229,547.181824,40871.01172,28222.77148,12648.23926,0,0,0,0.0,,,8.090066,4.911826,2.889309,CON,,,,,0.0,0.0,0.0,0
34436,0.0,0.0,0.0,0.0,0.0,0.0,icmp,0.0,,cs0,,58.0,,6.0,,Start,1,1,0,98,98,0,98.0,0.0,0.0,0.0,0.0,0,0,0,0.0,,,0.0,0.0,0.0,ECO,,,,,0.0,0.0,0.0,0
34587,4.993401,4.993401,4.993401,4.993401,4.993401,4.993401,udp,0.0,0.0,cs0,cs0,117.0,64.0,11.0,0.0,Status,135,124,11,156282,151734,4548,1223.661255,413.454559,247760.5938,241135.8438,6624.743164,0,0,0,0.0,,,26.835417,24.632509,2.002643,CON,,,,,0.0,0.0,0.0,0
34628,0.071821,0.071821,0.071821,0.071821,0.071821,0.071821,udp,0.0,0.0,cs0,cs0,64.0,117.0,0.0,11.0,Status,9,4,5,1111,768,343,192.0,68.599998,94791.21875,64159.51172,30631.71094,0,0,0,0.0,,,111.388039,41.770515,55.694019,CON,,,,,0.0,0.0,0.0,0
34726,0.060776,0.060776,0.060776,0.060776,0.060776,0.060776,udp,0.0,0.0,cs0,cs0,64.0,52.0,0.0,12.0,Start,10,6,4,7001,5083,1918,847.166687,479.5,747005.4375,557588.5,189416.875,0,0,0,0.0,,,148.084778,82.269318,49.361591,CON,,,,,0.0,0.0,0.0,0
34740,4.997644,4.997644,4.997644,4.997644,4.997644,4.997644,udp,0.0,0.0,cs0,cs0,117.0,64.0,11.0,0.0,Status,212,196,16,250876,246120,4756,1255.714233,297.25,399106.4688,391968.6875,7137.763184,0,0,0,0.0,,,42.219894,39.018387,3.001414,CON,,,,,0.0,0.0,0.0,0
34780,0.0,0.0,0.0,0.0,0.0,0.0,icmp,0.0,,cs0,,58.0,,6.0,,Start,1,1,0,98,98,0,98.0,0.0,0.0,0.0,0.0,0,0,0,0.0,,,0.0,0.0,0.0,ECO,,,,,0.0,0.0,0.0,0
34895,0.067107,0.067107,0.067107,0.067107,0.067107,0.067107,icmp,0.0,0.0,cs0,cs0,58.0,64.0,6.0,0.0,Start,2,1,1,196,98,98,98.0,98.0,0.0,0.0,0.0,0,0,0,0.0,,,14.901575,0.0,0.0,ECO,,,,,0.0,0.0,0.0,0
34897,0.0,0.0,0.0,0.0,0.0,0.0,icmp,0.0,,cs0,,58.0,,6.0,,Start,1,1,0,98,98,0,98.0,0.0,0.0,0.0,0.0,0,0,0,0.0,,,0.0,0.0,0.0,ECO,,,,,0.0,0.0,0.0,0
34959,0.028413,0.028413,0.028413,0.028413,0.028413,0.028413,icmp,0.0,0.0,cs0,cs0,58.0,64.0,6.0,0.0,Start,2,1,1,196,98,98,98.0,98.0,0.0,0.0,0.0,0,0,0,0.0,,,35.195156,0.0,0.0,ECO,,,,,0.0,0.0,0.0,0
34980,0.0,0.0,0.0,0.0,0.0,0.0,icmp,0.0,,cs0,,58.0,,6.0,,Start,1,1,0,98,98,0,98.0,0.0,0.0,0.0,0.0,0,0,0,0.0,,,0.0,0.0,0.0,ECO,,,,,0.0,0.0,0.0,0
34991,0.200519,0.200519,0.200519,0.200519,0.200519,0.200519,udp,0.0,0.0,cs0,cs0,64.0,53.0,0.0,11.0,Start,23,12,11,12126,7479,4647,623.25,422.454559,442092.7813,273530.1875,168562.5781,0,0,0,0.0,,,109.715294,54.857647,49.870586,CON,,,,,0.0,0.0,0.0,0
35021,4.999767,4.999767,4.999767,4.999767,4.999767,4.999767,udp,0.0,0.0,cs0,cs0,117.0,64.0,11.0,0.0,Status,186,165,21,224872,220201,4671,1334.551514,222.428574,357322.25,350203.5313,7118.731934,0,0,0,0.0,,,37.001724,32.801529,4.000186,CON,,,,,0.0,0.0,0.0,0
35050,0.0,0.0,0.0,0.0,0.0,0.0,icmp,0.0,,cs0,,58.0,,6.0,,Start,1,1,0,98,98,0,98.0,0.0,0.0,0.0,0.0,0,0,0,0.0,,,0.0,0.0,0.0,ECO,,,,,0.0,0.0,0.0,0
35073,0.0,0.0,0.0,0.0,0.0,0.0,icmp,0.0,,cs0,,58.0,,6.0,,Start,1,1,0,98,98,0,98.0,0.0,0.0,0.0,0.0,0,0,0,0.0,,,0.0,0.0,0.0,ECO,,,,,0.0,0.0,0.0,0
35225,4.848129,4.848129,4.848129,4.848129,4.848129,4.848129,udp,0.0,0.0,cs0,cs0,117.0,64.0,11.0,0.0,Status,155,145,10,183456,179147,4309,1235.496582,430.899994,299977.1563,293576.3438,6400.819824,0,0,0,0.0,,,31.764833,29.702181,1.856386,CON,,,,,0.0,0.0,0.0,0
35243,4.998203,4.998203,4.998203,4.998203,4.998203,4.998203,udp,0.0,0.0,cs0,cs0,117.0,64.0,11.0,0.0,Status,237,204,33,281704,276159,5545,1353.720581,168.030304,448454.0,439847.6875,8606.292969,0,0,0,0.0,,,47.216972,40.614597,6.402301,CON,,,,,0.0,0.0,0.0,0
35333,0.2072,0.2072,0.2072,0.2072,0.2072,0.2072,udp,0.0,0.0,cs0,cs0,117.0,64.0,11.0,0.0,Status,142,131,11,169967,165585,4382,1264.00769,398.363647,6498262.5,6344440.0,153822.3906,0,0,0,0.0,,,680.501892,627.413086,48.262547,CON,,,,,0.0,0.0,0.0,0
35395,9e-05,9e-05,9e-05,9e-05,9e-05,9e-05,sctp,186.0,186.0,ef,ef,252.0,255.0,4.0,1.0,Status,2,1,1,200,102,98,102.0,98.0,0.0,0.0,0.0,0,0,0,0.0,,,11111.11133,0.0,0.0,CON,,,610.0,,0.0,0.0,0.0,0
35674,0.070109,0.070109,0.070109,0.070109,0.070109,0.070109,udp,0.0,0.0,cs0,cs0,64.0,117.0,0.0,11.0,Status,9,4,5,1111,768,343,192.0,68.599998,97105.92969,65726.22656,31379.70703,0,0,0,0.0,,,114.108025,42.790512,57.054012,CON,,,,,0.0,0.0,0.0,0
35750,0.0,0.0,0.0,0.0,0.0,0.0,icmp,0.0,,cs0,,58.0,,6.0,,Start,1,1,0,98,98,0,98.0,0.0,0.0,0.0,0.0,0,0,0,0.0,,,0.0,0.0,0.0,ECO,,,,,0.0,0.0,0.0,0
35757,0.048314,0.048314,0.048314,0.048314,0.048314,0.048314,icmp,0.0,0.0,cs0,cs0,58.0,64.0,6.0,0.0,Start,2,1,1,196,98,98,98.0,98.0,0.0,0.0,0.0,0,0,0,0.0,,,20.697933,0.0,0.0,ECO,,,,,0.0,0.0,0.0,0
35838,0.052887,0.052887,0.052887,0.052887,0.052887,0.052887,udp,0.0,0.0,cs0,cs0,64.0,117.0,0.0,11.0,Status,5,3,2,668,530,138,176.666672,69.0,63985.47656,53548.12891,10437.34766,0,0,0,0.0,,,75.63295,37.816475,18.908237,CON,,,,,0.0,0.0,0.0,0
35905,0.0,0.0,0.0,0.0,0.0,0.0,icmp,0.0,,cs0,,58.0,,6.0,,Start,1,1,0,98,98,0,98.0,0.0,0.0,0.0,0.0,0,0,0,0.0,,,0.0,0.0,0.0,ECO,,,,,0.0,0.0,0.0,0
35942,0.0,0.0,0.0,0.0,0.0,0.0,icmp,0.0,,cs0,,58.0,,6.0,,Start,1,1,0,98,98,0,98.0,0.0,0.0,0.0,0.0,0,0,0,0.0,,,0.0,0.0,0.0,ECO,,,,,0.0,0.0,0.0,0
35953,0.033115,0.033115,0.033115,0.033115,0.033115,0.033115,icmp,0.0,0.0,cs0,cs0,58.0,64.0,6.0,0.0,Start,2,1,1,196,98,98,98.0,98.0,0.0,0.0,0.0,0,0,0,0.0,,,30.197796,0.0,0.0,ECO,,,,,0.0,0.0,0.0,0
36120,0.052898,0.052898,0.052898,0.052898,0.052898,0.052898,udp,0.0,0.0,cs0,cs0,64.0,117.0,0.0,11.0,Status,4,2,2,446,308,138,154.0,69.0,33725.28125,23290.10547,10435.17676,0,0,0,0.0,,,56.712917,18.904306,18.904306,CON,,,,,0.0,0.0,0.0,0
36180,4.967507,4.967507,4.967507,4.967507,4.967507,4.967507,udp,0.0,0.0,cs0,cs0,117.0,64.0,11.0,0.0,Status,282,257,25,357103,352133,4970,1370.167358,198.800003,572576.9375,564891.8125,7685.143066,0,0,0,0.0,,,56.567612,51.534904,4.831398,CON,,,,,0.0,0.0,0.0,0
36219,0.0,0.0,0.0,0.0,0.0,0.0,icmp,0.0,,cs0,,58.0,,6.0,,Start,1,1,0,98,98,0,98.0,0.0,0.0,0.0,0.0,0,0,0,0.0,,,0.0,0.0,0.0,ECO,,,,,0.0,0.0,0.0,0
36331,0.0,0.0,0.0,0.0,0.0,0.0,icmp,0.0,,cs0,,58.0,,6.0,,Start,1,1,0,98,98,0,98.0,0.0,0.0,0.0,0.0,0,0,0,0.0,,,0.0,0.0,0.0,ECO,,,,,0.0,0.0,0.0,0
36354,0.0,0.0,0.0,0.0,0.0,0.0,icmp,0.0,,cs0,,58.0,,6.0,,Start,1,1,0,98,98,0,98.0,0.0,0.0,0.0,0.0,0,0,0,0.0,,,0.0,0.0,0.0,ECO,,,,,0.0,0.0,0.0,0
36431,0.070991,0.070991,0.070991,0.070991,0.070991,0.070991,udp,0.0,0.0,cs0,cs0,64.0,117.0,0.0,11.0,Status,6,3,3,732,529,203,176.333328,67.666664,55105.57031,39779.6875,15325.88574,0,0,0,0.0,,,70.431458,28.172585,28.172585,CON,,,,,0.0,0.0,0.0,0
36432,0.078961,0.078961,0.078961,0.078961,0.078961,0.078961,udp,0.0,0.0,cs0,cs0,64.0,117.0,0.0,11.0,Status,6,3,3,750,547,203,182.333328,67.666664,50759.23438,36980.28125,13778.9541,0,0,0,0.0,,,63.322399,25.32896,25.32896,CON,,,,,0.0,0.0,0.0,0
36463,4.997892,4.997892,4.997892,4.997892,4.997892,4.997892,udp,0.0,0.0,cs0,cs0,117.0,64.0,11.0,0.0,Status,156,137,19,190076,185539,4537,1354.299316,238.789474,301701.5938,294820.3125,6881.30127,0,0,0,0.0,,,31.013075,27.211473,3.601518,CON,,,,,0.0,0.0,0.0,0
36494,0.48906,0.48906,0.48906,0.48906,0.48906,0.48906,sctp,186.0,186.0,ef,ef,252.0,255.0,4.0,1.0,Status,4,2,2,392,200,192,100.0,96.0,3206.150391,1635.791016,1570.359375,0,0,0,0.0,,,6.134216,2.044739,2.044739,CON,,,610.0,,0.0,0.0,0.0,0
36510,0.067312,0.067312,0.067312,0.067312,0.067312,0.067312,icmp,0.0,0.0,cs0,cs0,58.0,64.0,6.0,0.0,Start,2,1,1,196,98,98,98.0,98.0,0.0,0.0,0.0,0,0,0,0.0,,,14.856192,0.0,0.0,ECO,,,,,0.0,0.0,0.0,0
36624,0.0,0.0,0.0,0.0,0.0,0.0,icmp,0.0,,cs0,,58.0,,6.0,,Start,1,1,0,98,98,0,98.0,0.0,0.0,0.0,0.0,0,0,0,0.0,,,0.0,0.0,0.0,ECO,,,,,0.0,0.0,0.0,0
36655,0.0,0.0,0.0,0.0,0.0,0.0,icmp,0.0,,cs0,,58.0,,6.0,,Start,1,1,0,98,98,0,98.0,0.0,0.0,0.0,0.0,0,0,0,0.0,,,0.0,0.0,0.0,ECO,,,,,0.0,0.0,0.0,0
36667,4.999922,4.999922,4.999922,4.999922,4.999922,4.999922,udp,0.0,0.0,cs0,cs0,117.0,64.0,11.0,0.0,Status,213,193,20,267094,261847,5247,1356.720215,262.350006,424768.25,416792.125,7976.124512,0,0,0,0.0,,,42.400661,38.4006,3.800059,CON,,,,,0.0,0.0,0.0,0
36668,4.933113,4.933113,4.933113,4.933113,4.933113,4.933113,udp,0.0,0.0,cs0,cs0,117.0,64.0,11.0,0.0,Status,246,226,20,313053,308457,4596,1364.854004,229.800003,505092.8125,498010.875,7081.937988,0,0,0,0.0,,,49.664379,45.610146,3.851523,CON,,,,,0.0,0.0,0.0,0
36779,4.998301,4.998301,4.998301,4.998301,4.998301,4.998301,udp,0.0,0.0,cs0,cs0,117.0,64.0,11.0,0.0,Status,215,189,26,260531,255396,5135,1351.301636,197.5,414513.6563,406610.1563,7903.485352,0,0,0,0.0,,,42.814548,37.612782,5.001699,CON,,,,,0.0,0.0,0.0,0
36782,1.511156,1.511156,1.511156,1.511156,1.511156,1.511156,sctp,186.0,186.0,ef,ef,252.0,255.0,4.0,1.0,Status,4,2,2,392,200,192,100.0,96.0,1037.616211,529.396057,508.220215,0,0,0,0.0,,,1.985235,0.661745,0.661745,CON,,,610.0,,0.0,0.0,0.0,0
36820,0.0,0.0,0.0,0.0,0.0,0.0,icmp,0.0,,cs0,,58.0,,6.0,,Start,1,1,0,98,98,0,98.0,0.0,0.0,0.0,0.0,0,0,0,0.0,,,0.0,0.0,0.0,ECO,,,,,0.0,0.0,0.0,0
36842,0.127189,0.127189,0.127189,0.127189,0.127189,0.127189,icmp,0.0,0.0,cs0,cs0,58.0,64.0,6.0,0.0,Start,2,1,1,196,98,98,98.0,98.0,0.0,0.0,0.0,0,0,0,0.0,,,7.862316,0.0,0.0,ECO,,,,,0.0,0.0,0.0,0
36951,0.179438,0.179438,0.179438,0.179438,0.179438,0.179438,icmp,0.0,0.0,cs0,cs0,58.0,64.0,6.0,0.0,Start,2,1,1,196,98,98,98.0,98.0,0.0,0.0,0.0,0,0,0,0.0,,,5.572956,0.0,0.0,ECO,,,,,0.0,0.0,0.0,0
36992,4.831418,4.831418,4.831418,4.831418,4.831418,4.831418,udp,0.0,0.0,cs0,cs0,117.0,64.0,11.0,0.0,Status,156,130,26,177989,173497,4492,1334.592285,172.769226,292225.5938,285072.4063,7153.179199,0,0,0,0.0,,,32.08168,26.700235,5.174464,CON,,,,,0.0,0.0,0.0,0
37023,0.171203,0.171203,0.171203,0.171203,0.171203,0.171203,icmp,0.0,0.0,cs0,cs0,58.0,64.0,6.0,0.0,Start,2,1,1,196,98,98,98.0,98.0,0.0,0.0,0.0,0,0,0,0.0,,,5.841019,0.0,0.0,ECO,,,,,0.0,0.0,0.0,0
37043,0.208686,0.208686,0.208686,0.208686,0.208686,0.208686,icmp,0.0,0.0,cs0,cs0,58.0,64.0,6.0,0.0,Start,2,1,1,196,98,98,98.0,98.0,0.0,0.0,0.0,0,0,0,0.0,,,4.791888,0.0,0.0,ECO,,,,,0.0,0.0,0.0,0
37052,0.0,0.0,0.0,0.0,0.0,0.0,icmp,0.0,,cs0,,58.0,,6.0,,Start,1,1,0,98,98,0,98.0,0.0,0.0,0.0,0.0,0,0,0,0.0,,,0.0,0.0,0.0,ECO,,,,,0.0,0.0,0.0,0
37105,0.0,0.0,0.0,0.0,0.0,0.0,icmp,0.0,,cs0,,58.0,,6.0,,Start,1,1,0,98,98,0,98.0,0.0,0.0,0.0,0.0,0,0,0,0.0,,,0.0,0.0,0.0,ECO,,,,,0.0,0.0,0.0,0
37132,0.121632,0.121632,0.121632,0.121632,0.121632,0.121632,udp,0.0,0.0,cs0,cs0,64.0,53.0,0.0,11.0,Start,20,10,10,6820,2453,4367,245.300003,436.700012,403775.3125,145224.9375,258550.375,0,0,0,0.0,,,156.208893,73.993683,73.993683,CON,,,,,0.0,0.0,0.0,0
37333,0.095417,0.095417,0.095417,0.095417,0.095417,0.095417,icmp,0.0,0.0,cs0,cs0,58.0,64.0,6.0,0.0,Start,2,1,1,196,98,98,98.0,98.0,0.0,0.0,0.0,0,0,0,0.0,,,10.480312,0.0,0.0,ECO,,,,,0.0,0.0,0.0,0
37347,0.128118,0.128118,0.128118,0.128118,0.128118,0.128118,tcp,0.0,0.0,cs0,cs0,53.0,64.0,11.0,0.0,Start,2,1,1,132,66,66,66.0,66.0,0.0,0.0,0.0,0,0,0,0.0,0.0,0.0,7.805305,0.0,0.0,FIN,283.0,187.0,,,0.0,0.0,0.0,0
37473,0.025437,0.025437,0.025437,0.025437,0.025437,0.025437,icmp,0.0,0.0,cs0,cs0,58.0,64.0,6.0,0.0,Start,2,1,1,196,98,98,98.0,98.0,0.0,0.0,0.0,0,0,0,0.0,,,39.312813,0.0,0.0,ECO,,,,,0.0,0.0,0.0,0
37484,0.0,0.0,0.0,0.0,0.0,0.0,icmp,0.0,,cs0,,58.0,,6.0,,Start,1,1,0,98,98,0,98.0,0.0,0.0,0.0,0.0,0,0,0,0.0,,,0.0,0.0,0.0,ECO,,,,,0.0,0.0,0.0,0
37512,0.0,0.0,0.0,0.0,0.0,0.0,icmp,0.0,,cs0,,58.0,,6.0,,Start,1,1,0,98,98,0,98.0,0.0,0.0,0.0,0.0,0,0,0,0.0,,,0.0,0.0,0.0,ECO,,,,,0.0,0.0,0.0,0
37615,0.054072,0.054072,0.054072,0.054072,0.054072,0.054072,icmp,0.0,0.0,cs0,cs0,58.0,64.0,6.0,0.0,Start,2,1,1,196,98,98,98.0,98.0,0.0,0.0,0.0,0,0,0,0.0,,,18.49386,0.0,0.0,ECO,,,,,0.0,0.0,0.0,0
37618,0.053289,0.053289,0.053289,0.053289,0.053289,0.053289,icmp,0.0,0.0,cs0,cs0,58.0,64.0,6.0,0.0,Start,2,1,1,196,98,98,98.0,98.0,0.0,0.0,0.0,0,0,0,0.0,,,18.765598,0.0,0.0,ECO,,,,,0.0,0.0,0.0,0
37651,0.0,0.0,0.0,0.0,0.0,0.0,icmp,0.0,,cs0,,58.0,,6.0,,Start,1,1,0,98,98,0,98.0,0.0,0.0,0.0,0.0,0,0,0,0.0,,,0.0,0.0,0.0,ECO,,,,,0.0,0.0,0.0,0
37668,0.039411,0.039411,0.039411,0.039411,0.039411,0.039411,icmp,0.0,0.0,cs0,cs0,58.0,64.0,6.0,0.0,Start,2,1,1,196,98,98,98.0,98.0,0.0,0.0,0.0,0,0,0,0.0,,,25.373627,0.0,0.0,ECO,,,,,0.0,0.0,0.0,0
37669,0.0,0.0,0.0,0.0,0.0,0.0,icmp,0.0,,cs0,,58.0,,6.0,,Start,1,1,0,98,98,0,98.0,0.0,0.0,0.0,0.0,0,0,0,0.0,,,0.0,0.0,0.0,ECO,,,,,0.0,0.0,0.0,0
37748,4.997723,4.997723,4.997723,4.997723,4.997723,4.997723,udp,0.0,0.0,cs0,cs0,117.0,64.0,11.0,0.0,Status,279,259,20,356541,351290,5251,1356.332031,262.549988,568135.5,560149.5,7986.036621,0,0,0,0.0,,,55.625332,51.623508,3.801731,CON,,,,,0.0,0.0,0.0,0
37766,0.015017,0.015017,0.015017,0.015017,0.015017,0.015017,icmp,0.0,0.0,cs0,cs0,58.0,64.0,6.0,0.0,Start,2,1,1,196,98,98,98.0,98.0,0.0,0.0,0.0,0,0,0,0.0,,,66.591194,0.0,0.0,ECO,,,,,0.0,0.0,0.0,0
37810,0.179749,0.179749,0.179749,0.179749,0.179749,0.179749,udp,0.0,0.0,cs0,cs0,64.0,52.0,0.0,12.0,Start,24,12,12,12178,7480,4698,623.333313,391.5,496870.6563,305181.125,191689.5313,0,0,0,0.0,,,127.956207,61.196445,61.196445,CON,,,,,0.0,0.0,0.0,0
37936,0.0,0.0,0.0,0.0,0.0,0.0,icmp,0.0,,cs0,,58.0,,6.0,,Start,1,1,0,98,98,0,98.0,0.0,0.0,0.0,0.0,0,0,0,0.0,,,0.0,0.0,0.0,ECO,,,,,0.0,0.0,0.0,0
38082,4.99866,4.99866,4.99866,4.99866,4.99866,4.99866,udp,0.0,0.0,cs0,cs0,117.0,64.0,11.0,0.0,Status,388,357,31,494577,489176,5401,1370.240845,174.2258,789064.25,780698.8125,8365.441406,0,0,0,0.0,,,77.420746,71.219086,6.001608,CON,,,,,0.0,0.0,0.0,0
38091,0.037361,0.037361,0.037361,0.037361,0.037361,0.037361,icmp,0.0,0.0,cs0,cs0,58.0,64.0,6.0,0.0,Start,2,1,1,196,98,98,98.0,98.0,0.0,0.0,0.0,0,0,0,0.0,,,26.765879,0.0,0.0,ECO,,,,,0.0,0.0,0.0,0
38119,0.026039,0.026039,0.026039,0.026039,0.026039,0.026039,icmp,0.0,0.0,cs0,cs0,58.0,64.0,6.0,0.0,Start,2,1,1,196,98,98,98.0,98.0,0.0,0.0,0.0,0,0,0,0.0,,,38.403931,0.0,0.0,ECO,,,,,0.0,0.0,0.0,0
38144,0.0,0.0,0.0,0.0,0.0,0.0,icmp,0.0,,cs0,,58.0,,6.0,,Start,1,1,0,98,98,0,98.0,0.0,0.0,0.0,0.0,0,0,0,0.0,,,0.0,0.0,0.0,ECO,,,,,0.0,0.0,0.0,0
38157,8.7e-05,8.7e-05,8.7e-05,8.7e-05,8.7e-05,8.7e-05,sctp,40.0,186.0,af11,ef,250.0,255.0,6.0,1.0,Status,2,1,1,232,118,114,118.0,114.0,0.0,0.0,0.0,0,0,0,0.0,,,11494.25293,0.0,0.0,CON,,,610.0,,0.0,0.0,0.0,0
38177,0.164975,0.164975,0.164975,0.164975,0.164975,0.164975,udp,0.0,0.0,cs0,cs0,64.0,52.0,0.0,12.0,Start,18,10,8,7285,4332,2953,433.200012,369.125,314374.9063,189071.0625,125303.8359,0,0,0,0.0,,,103.045914,54.553719,42.430672,CON,,,,,0.0,0.0,0.0,0
38229,8.1e-05,8.1e-05,8.1e-05,8.1e-05,8.1e-05,8.1e-05,sctp,186.0,186.0,ef,ef,252.0,255.0,4.0,1.0,Status,2,1,1,200,102,98,102.0,98.0,0.0,0.0,0.0,0,0,0,0.0,,,12345.67969,0.0,0.0,CON,,,610.0,,0.0,0.0,0.0,0
38259,0.0,0.0,0.0,0.0,0.0,0.0,icmp,0.0,,cs0,,58.0,,6.0,,Start,1,1,0,98,98,0,98.0,0.0,0.0,0.0,0.0,0,0,0,0.0,,,0.0,0.0,0.0,ECO,,,,,0.0,0.0,0.0,0
38328,0.057981,0.057981,0.057981,0.057981,0.057981,0.057981,udp,0.0,0.0,cs0,cs0,64.0,117.0,0.0,11.0,Status,9,4,5,1113,770,343,192.5,68.599998,117693.7266,79750.26563,37943.46484,0,0,0,0.0,,,137.976242,51.741089,68.988121,CON,,,,,0.0,0.0,0.0,0
38446,0.041038,0.041038,0.041038,0.041038,0.041038,0.041038,icmp,0.0,0.0,cs0,cs0,58.0,64.0,6.0,0.0,Start,2,1,1,196,98,98,98.0,98.0,0.0,0.0,0.0,0,0,0,0.0,,,24.367661,0.0,0.0,ECO,,,,,0.0,0.0,0.0,0
38527,0.012961,0.012961,0.012961,0.012961,0.012961,0.012961,tcp,0.0,0.0,cs0,cs0,64.0,63.0,0.0,1.0,Status,4,3,1,295,229,66,76.333336,66.0,94437.15625,94437.15625,0.0,0,0,0,0.0,0.0,0.0,231.463623,154.309082,0.0,FIN,90112.0,31104.0,,,0.012955,0.001182,0.011773,0
38609,4.999865,4.999865,4.999865,4.999865,4.999865,4.999865,udp,0.0,0.0,cs0,cs0,117.0,64.0,11.0,0.0,Status,178,163,15,208172,203498,4674,1248.453979,311.600006,330589.6875,323608.7188,6980.988281,0,0,0,0.0,,,35.400955,32.400875,2.800076,CON,,,,,0.0,0.0,0.0,0
38614,0.112809,0.112809,0.112809,0.112809,0.112809,0.112809,tcp,0.0,0.0,cs0,cs0,64.0,116.0,0.0,12.0,Status,10,5,5,2096,921,1175,184.199997,235.0,118926.6797,52265.33203,66661.34375,0,0,0,0.0,0.0,0.0,79.780869,35.458164,35.458164,CON,2117.0,1045.0,,,0.0,0.0,0.0,0
38637,0.15279,0.15279,0.15279,0.15279,0.15279,0.15279,udp,0.0,0.0,cs0,cs0,64.0,53.0,0.0,11.0,Start,23,13,10,14793,9778,5015,752.15387,501.5,708946.9375,472596.375,236350.5469,0,0,0,0.0,,,143.98848,78.539177,58.904381,CON,,,,,0.0,0.0,0.0,0
38653,0.001408,0.001408,0.001408,0.001408,0.001408,0.001408,udp,0.0,48.0,cs0,af12,64.0,63.0,0.0,1.0,Start,2,1,1,261,100,161,100.0,161.0,0.0,0.0,0.0,0,0,0,0.0,,,710.227295,0.0,0.0,CON,,,,,0.0,0.0,0.0,0
38715,0.0,0.0,0.0,0.0,0.0,0.0,icmp,0.0,,cs0,,58.0,,6.0,,Start,1,1,0,98,98,0,98.0,0.0,0.0,0.0,0.0,0,0,0,0.0,,,0.0,0.0,0.0,ECO,,,,,0.0,0.0,0.0,0
38751,0.0,0.0,0.0,0.0,0.0,0.0,icmp,0.0,,cs0,,58.0,,6.0,,Start,1,1,0,98,98,0,98.0,0.0,0.0,0.0,0.0,0,0,0,0.0,,,0.0,0.0,0.0,ECO,,,,,0.0,0.0,0.0,0
38802,0.057965,0.057965,0.057965,0.057965,0.057965,0.057965,icmp,0.0,0.0,cs0,cs0,58.0,64.0,6.0,0.0,Start,2,1,1,196,98,98,98.0,98.0,0.0,0.0,0.0,0,0,0,0.0,,,17.251791,0.0,0.0,ECO,,,,,0.0,0.0,0.0,0
38851,4.999754,4.999754,4.999754,4.999754,4.999754,4.999754,udp,0.0,0.0,cs0,cs0,117.0,64.0,11.0,0.0,Status,291,263,28,340218,330970,9248,1258.44104,330.285706,541834.6875,527565.1875,14269.50195,0,0,0,0.0,,,58.002853,52.40258,5.400266,CON,,,,,0.0,0.0,0.0,0
38858,0.065667,0.065667,0.065667,0.065667,0.065667,0.065667,udp,0.0,0.0,cs0,cs0,64.0,117.0,0.0,11.0,Status,6,3,3,748,545,203,181.666672,67.666664,60913.39453,44344.94922,16568.44336,0,0,0,0.0,,,76.141739,30.456697,30.456697,CON,,,,,0.0,0.0,0.0,0
38867,0.045221,0.045221,0.045221,0.045221,0.045221,0.045221,icmp,0.0,0.0,cs0,cs0,58.0,64.0,6.0,0.0,Start,2,1,1,196,98,98,98.0,98.0,0.0,0.0,0.0,0,0,0,0.0,,,22.113619,0.0,0.0,ECO,,,,,0.0,0.0,0.0,0
38870,4.997578,4.997578,4.997578,4.997578,4.997578,4.997578,udp,0.0,0.0,cs0,cs0,117.0,64.0,11.0,0.0,Status,191,169,22,233958,229200,4758,1356.213013,216.27272,371997.7813,364727.0625,7270.72168,0,0,0,0.0,,,38.018414,33.616283,4.202035,CON,,,,,0.0,0.0,0.0,0
38874,0.051392,0.051392,0.051392,0.051392,0.051392,0.051392,icmp,0.0,0.0,cs0,cs0,58.0,64.0,6.0,0.0,Start,2,1,1,196,98,98,98.0,98.0,0.0,0.0,0.0,0,0,0,0.0,,,19.458281,0.0,0.0,ECO,,,,,0.0,0.0,0.0,0
38896,0.0,0.0,0.0,0.0,0.0,0.0,icmp,0.0,,cs0,,58.0,,6.0,,Start,1,1,0,98,98,0,98.0,0.0,0.0,0.0,0.0,0,0,0,0.0,,,0.0,0.0,0.0,ECO,,,,,0.0,0.0,0.0,0
38906,0.00032,0.00032,0.00032,0.00032,0.00032,0.00032,udp,224.0,184.0,cs7,ef,250.0,255.0,6.0,1.0,Start,2,1,1,124,64,60,64.0,60.0,0.0,0.0,0.0,0,0,0,0.0,,,3125.0,0.0,0.0,CON,,,610.0,,0.0,0.0,0.0,0
38908,4.921687,4.921687,4.921687,4.921687,4.921687,4.921687,udp,0.0,0.0,cs0,cs0,117.0,64.0,11.0,0.0,Status,114,93,21,126787,118659,8128,1275.903198,387.047607,203385.5469,190802.8594,12582.67676,0,0,0,0.0,,,22.959606,18.692778,4.063647,CON,,,,,0.0,0.0,0.0,0
38909,4.942306,4.942306,4.942306,4.942306,4.942306,4.942306,udp,0.0,0.0,cs0,cs0,117.0,64.0,11.0,0.0,Status,67,59,8,79893,76162,3731,1290.881348,466.375,126478.6094,121193.625,5284.982422,0,0,0,0.0,,,13.35409,11.735413,1.416343,CON,,,,,0.0,0.0,0.0,0
38915,0.0,0.0,0.0,0.0,0.0,0.0,icmp,0.0,,cs0,,58.0,,6.0,,Start,1,1,0,98,98,0,98.0,0.0,0.0,0.0,0.0,0,0,0,0.0,,,0.0,0.0,0.0,ECO,,,,,0.0,0.0,0.0,0
38964,0.048049,0.048049,0.048049,0.048049,0.048049,0.048049,icmp,0.0,0.0,cs0,cs0,58.0,64.0,6.0,0.0,Start,2,1,1,196,98,98,98.0,98.0,0.0,0.0,0.0,0,0,0,0.0,,,20.812088,0.0,0.0,ECO,,,,,0.0,0.0,0.0,0
38978,0.053003,0.053003,0.053003,0.053003,0.053003,0.053003,udp,0.0,0.0,cs0,cs0,64.0,117.0,0.0,11.0,Status,4,2,2,439,301,138,150.5,69.0,33205.66797,22791.16406,10414.50488,0,0,0,0.0,,,56.600571,18.866858,18.866858,CON,,,,,0.0,0.0,0.0,0
38981,4.998516,4.998516,4.998516,4.998516,4.998516,4.998516,udp,0.0,0.0,cs0,cs0,117.0,64.0,11.0,0.0,Status,359,331,28,460294,455112,5182,1374.960693,185.071426,734193.875,726196.3125,7997.57373,0,0,0,0.0,,,71.621254,66.019592,5.401603,CON,,,,,0.0,0.0,0.0,0
39022,0.0,0.0,0.0,0.0,0.0,0.0,icmp,0.0,,cs0,,58.0,,6.0,,Start,1,1,0,98,98,0,98.0,0.0,0.0,0.0,0.0,0,0,0,0.0,,,0.0,0.0,0.0,ECO,,,,,0.0,0.0,0.0,0
39042,0.0,0.0,0.0,0.0,0.0,0.0,icmp,0.0,,cs0,,58.0,,6.0,,Start,1,1,0,98,98,0,98.0,0.0,0.0,0.0,0.0,0,0,0,0.0,,,0.0,0.0,0.0,ECO,,,,,0.0,0.0,0.0,0
39076,0.0,0.0,0.0,0.0,0.0,0.0,icmp,0.0,,cs0,,58.0,,6.0,,Start,1,1,0,98,98,0,98.0,0.0,0.0,0.0,0.0,0,0,0,0.0,,,0.0,0.0,0.0,ECO,,,,,0.0,0.0,0.0,0
39088,0.0,0.0,0.0,0.0,0.0,0.0,icmp,0.0,,cs0,,58.0,,6.0,,Start,1,1,0,98,98,0,98.0,0.0,0.0,0.0,0.0,0,0,0,0.0,,,0.0,0.0,0.0,ECO,,,,,0.0,0.0,0.0,0
39114,0.000127,0.000127,0.000127,0.000127,0.000127,0.000127,sctp,186.0,186.0,ef,ef,252.0,255.0,4.0,1.0,Status,2,1,1,200,102,98,102.0,98.0,0.0,0.0,0.0,0,0,0,0.0,,,7874.015137,0.0,0.0,CON,,,610.0,,0.0,0.0,0.0,0
39214,0.034084,0.034084,0.034084,0.034084,0.034084,0.034084,icmp,0.0,0.0,cs0,cs0,58.0,64.0,6.0,0.0,Start,2,1,1,196,98,98,98.0,98.0,0.0,0.0,0.0,0,0,0,0.0,,,29.339279,0.0,0.0,ECO,,,,,0.0,0.0,0.0,0
39224,0.232025,0.232025,0.232025,0.232025,0.232025,0.232025,tcp,0.0,0.0,cs0,cs0,64.0,63.0,0.0,1.0,Start,13,7,6,1816,847,969,121.0,161.5,52890.85156,25031.78516,27859.06641,0,0,0,0.0,0.0,0.0,51.718567,25.859283,21.549402,CON,68096.0,31104.0,,,0.017014,0.001054,0.01596,0
39265,4.96474,4.96474,4.96474,4.96474,4.96474,4.96474,udp,0.0,0.0,cs0,cs0,117.0,64.0,11.0,0.0,Status,199,182,17,247762,243068,4694,1335.538452,276.117645,396638.7188,389519.7188,7119.003418,0,0,0,0.0,,,39.881245,36.457096,3.222727,CON,,,,,0.0,0.0,0.0,0
39287,4.953685,4.953685,4.953685,4.953685,4.953685,4.953685,udp,0.0,0.0,cs0,cs0,117.0,64.0,11.0,0.0,Status,124,105,19,144580,136279,8301,1297.895264,436.894745,230692.1094,217990.4531,12701.65625,0,0,0,0.0,,,24.830002,20.994473,3.633659,CON,,,,,0.0,0.0,0.0,0
39299,0.0,0.0,0.0,0.0,0.0,0.0,icmp,0.0,,cs0,,58.0,,6.0,,Start,1,1,0,98,98,0,98.0,0.0,0.0,0.0,0.0,0,0,0,0.0,,,0.0,0.0,0.0,ECO,,,,,0.0,0.0,0.0,0
39311,0.117911,0.117911,0.117911,0.117911,0.117911,0.117911,udp,0.0,0.0,cs0,cs0,64.0,117.0,0.0,11.0,Start,11,7,4,7136,4024,3112,574.857117,778.0,392431.5625,234074.8438,158356.7188,0,0,0,0.0,,,84.809731,50.885838,25.442919,CON,,,,,0.0,0.0,0.0,0
39336,0.0,0.0,0.0,0.0,0.0,0.0,icmp,0.0,,cs0,,58.0,,6.0,,Start,1,1,0,98,98,0,98.0,0.0,0.0,0.0,0.0,0,0,0,0.0,,,0.0,0.0,0.0,ECO,,,,,0.0,0.0,0.0,0
39379,0.0,0.0,0.0,0.0,0.0,0.0,icmp,0.0,,cs0,,58.0,,6.0,,Start,1,1,0,98,98,0,98.0,0.0,0.0,0.0,0.0,0,0,0,0.0,,,0.0,0.0,0.0,ECO,,,,,0.0,0.0,0.0,0
39438,0.0,0.0,0.0,0.0,0.0,0.0,icmp,0.0,,cs0,,58.0,,6.0,,Start,1,1,0,98,98,0,98.0,0.0,0.0,0.0,0.0,0,0,0,0.0,,,0.0,0.0,0.0,ECO,,,,,0.0,0.0,0.0,0
39474,0.074648,0.074648,0.074648,0.074648,0.074648,0.074648,icmp,0.0,0.0,cs0,cs0,58.0,64.0,6.0,0.0,Start,2,1,1,196,98,98,98.0,98.0,0.0,0.0,0.0,0,0,0,0.0,,,13.396206,0.0,0.0,ECO,,,,,0.0,0.0,0.0,0
39570,1.920083,1.920083,1.920083,1.920083,1.920083,1.920083,tcp,0.0,,cs0,,64.0,,0.0,,Start,5,5,0,330,330,0,66.0,0.0,1099.952393,1099.952393,0.0,0,0,0,0.0,0.0,0.0,2.083243,2.083243,0.0,FIN,151.0,,,,0.0,0.0,0.0,0
39667,0.0,0.0,0.0,0.0,0.0,0.0,tcp,0.0,,cs0,,64.0,,0.0,,Status,1,1,0,74,74,0,74.0,0.0,0.0,0.0,0.0,1,1,0,50.0,0.0,0.0,0.0,0.0,0.0,REQ,33553920.0,,,,0.0,0.0,0.0,0
39700,0.0,0.0,0.0,0.0,0.0,0.0,tcp,0.0,,cs0,,64.0,,0.0,,Status,1,1,0,74,74,0,74.0,0.0,0.0,0.0,0.0,1,1,0,50.0,0.0,0.0,0.0,0.0,0.0,REQ,33553920.0,,,,0.0,0.0,0.0,0
39701,0.0,0.0,0.0,0.0,0.0,0.0,tcp,0.0,,cs0,,64.0,,0.0,,Status,1,1,0,74,74,0,74.0,0.0,0.0,0.0,0.0,1,1,0,50.0,0.0,0.0,0.0,0.0,0.0,REQ,33553920.0,,,,0.0,0.0,0.0,0
39723,0.0,0.0,0.0,0.0,0.0,0.0,tcp,0.0,,cs0,,64.0,,0.0,,Status,1,1,0,74,74,0,74.0,0.0,0.0,0.0,0.0,1,1,0,50.0,0.0,0.0,0.0,0.0,0.0,REQ,33553920.0,,,,0.0,0.0,0.0,0
39724,4.013049,4.013049,4.013049,4.013049,4.013049,4.013049,udp,0.0,,cs0,,64.0,,0.0,,Start,6,6,0,7089,7089,0,1181.5,0.0,11777.57813,11777.57813,0.0,0,0,0,0.0,,,1.245935,1.245935,0.0,INT,,,,,0.0,0.0,0.0,0
39743,3.991994,3.991994,3.991994,3.991994,3.991994,3.991994,udp,0.0,,cs0,,64.0,,0.0,,Start,6,6,0,7089,7089,0,1181.5,0.0,11839.69727,11839.69727,0.0,0,0,0,0.0,,,1.252507,1.252507,0.0,INT,,,,,0.0,0.0,0.0,0
39791,0.0,0.0,0.0,0.0,0.0,0.0,tcp,0.0,,cs0,,64.0,,0.0,,Status,1,1,0,74,74,0,74.0,0.0,0.0,0.0,0.0,1,1,0,50.0,0.0,0.0,0.0,0.0,0.0,REQ,33553920.0,,,,0.0,0.0,0.0,0
39871,0.0,0.0,0.0,0.0,0.0,0.0,tcp,0.0,,cs0,,64.0,,0.0,,Status,1,1,0,74,74,0,74.0,0.0,0.0,0.0,0.0,1,1,0,50.0,0.0,0.0,0.0,0.0,0.0,REQ,33553920.0,,,,0.0,0.0,0.0,0
39886,0.814378,0.814378,0.814378,0.814378,0.814378,0.814378,tcp,0.0,,cs0,,64.0,,0.0,,Status,2,2,0,148,148,0,74.0,0.0,726.93512,726.93512,0.0,2,2,0,50.0,0.0,0.0,1.227931,1.227931,0.0,REQ,33553920.0,,,,0.0,0.0,0.0,0
39901,4.880724,4.880724,4.880724,4.880724,4.880724,4.880724,sctp,40.0,186.0,af11,ef,250.0,255.0,6.0,1.0,Status,14,7,7,1908,858,1050,122.571426,150.0,2681.569336,1206.378418,1475.19104,0,0,0,0.0,,,2.663539,1.229326,1.229326,CON,,,610.0,,0.0,0.0,0.0,0
39918,3.802933,3.802933,3.802933,3.802933,3.802933,3.802933,udp,0.0,0.0,cs0,cs0,64.0,53.0,0.0,11.0,Start,31,19,12,21797,15776,6021,830.315796,501.75,43053.08594,31440.99609,11612.08984,0,0,0,0.0,,,7.888648,4.733189,2.892504,CON,,,,,0.0,0.0,0.0,0
39975,0.0,0.0,0.0,0.0,0.0,0.0,udp,0.0,,cs0,,249.0,,7.0,,Start,1,1,0,64,64,0,64.0,0.0,0.0,0.0,0.0,0,0,0,0.0,,,0.0,0.0,0.0,INT,,,610.0,,0.0,0.0,0.0,0
40006,0.0,0.0,0.0,0.0,0.0,0.0,icmp,0.0,,cs0,,58.0,,6.0,,Start,1,1,0,98,98,0,98.0,0.0,0.0,0.0,0.0,0,0,0,0.0,,,0.0,0.0,0.0,ECO,,,,,0.0,0.0,0.0,0
40116,0.0,0.0,0.0,0.0,0.0,0.0,udp,0.0,,cs0,,249.0,,7.0,,Start,1,1,0,74,74,0,74.0,0.0,0.0,0.0,0.0,0,0,0,0.0,,,0.0,0.0,0.0,INT,,,610.0,,0.0,0.0,0.0,0
40148,0.0,0.0,0.0,0.0,0.0,0.0,udp,0.0,,cs0,,249.0,,7.0,,Start,1,1,0,74,74,0,74.0,0.0,0.0,0.0,0.0,0,0,0,0.0,,,0.0,0.0,0.0,INT,,,610.0,,0.0,0.0,0.0,0
40248,0.0,0.0,0.0,0.0,0.0,0.0,udp,0.0,,cs0,,249.0,,7.0,,Start,1,1,0,74,74,0,74.0,0.0,0.0,0.0,0.0,0,0,0,0.0,,,0.0,0.0,0.0,INT,,,610.0,,0.0,0.0,0.0,0
40268,0.0,0.0,0.0,0.0,0.0,0.0,udp,0.0,,cs0,,249.0,,7.0,,Start,1,1,0,74,74,0,74.0,0.0,0.0,0.0,0.0,0,0,0,0.0,,,0.0,0.0,0.0,INT,,,610.0,,0.0,0.0,0.0,0
40320,0.0,0.0,0.0,0.0,0.0,0.0,udp,0.0,,cs0,,249.0,,7.0,,Start,1,1,0,74,74,0,74.0,0.0,0.0,0.0,0.0,0,0,0,0.0,,,0.0,0.0,0.0,INT,,,610.0,,0.0,0.0,0.0,0
40360,0.0,0.0,0.0,0.0,0.0,0.0,udp,0.0,,cs0,,249.0,,7.0,,Start,1,1,0,74,74,0,74.0,0.0,0.0,0.0,0.0,0,0,0,0.0,,,0.0,0.0,0.0,INT,,,610.0,,0.0,0.0,0.0,0
40398,0.0,0.0,0.0,0.0,0.0,0.0,udp,0.0,,cs0,,249.0,,7.0,,Start,1,1,0,74,74,0,74.0,0.0,0.0,0.0,0.0,0,0,0,0.0,,,0.0,0.0,0.0,INT,,,610.0,,0.0,0.0,0.0,0
40435,0.0,0.0,0.0,0.0,0.0,0.0,udp,0.0,,cs0,,249.0,,7.0,,Start,1,1,0,74,74,0,74.0,0.0,0.0,0.0,0.0,0,0,0,0.0,,,0.0,0.0,0.0,INT,,,610.0,,0.0,0.0,0.0,0
40454,0.0,0.0,0.0,0.0,0.0,0.0,udp,0.0,,cs0,,249.0,,7.0,,Start,1,1,0,74,74,0,74.0,0.0,0.0,0.0,0.0,0,0,0,0.0,,,0.0,0.0,0.0,INT,,,610.0,,0.0,0.0,0.0,0
40562,0.0,0.0,0.0,0.0,0.0,0.0,udp,0.0,,cs0,,249.0,,7.0,,Start,1,1,0,74,74,0,74.0,0.0,0.0,0.0,0.0,0,0,0,0.0,,,0.0,0.0,0.0,INT,,,610.0,,0.0,0.0,0.0,0
40700,0.0,0.0,0.0,0.0,0.0,0.0,udp,0.0,,cs0,,249.0,,7.0,,Start,1,1,0,74,74,0,74.0,0.0,0.0,0.0,0.0,0,0,0,0.0,,,0.0,0.0,0.0,INT,,,610.0,,0.0,0.0,0.0,0
40707,0.0,0.0,0.0,0.0,0.0,0.0,udp,0.0,,cs0,,249.0,,7.0,,Start,1,1,0,74,74,0,74.0,0.0,0.0,0.0,0.0,0,0,0,0.0,,,0.0,0.0,0.0,INT,,,610.0,,0.0,0.0,0.0,0
40755,0.0,0.0,0.0,0.0,0.0,0.0,udp,0.0,,cs0,,249.0,,7.0,,Start,1,1,0,74,74,0,74.0,0.0,0.0,0.0,0.0,0,0,0,0.0,,,0.0,0.0,0.0,INT,,,610.0,,0.0,0.0,0.0,0
40770,0.0,0.0,0.0,0.0,0.0,0.0,udp,0.0,,cs0,,249.0,,7.0,,Start,1,1,0,74,74,0,74.0,0.0,0.0,0.0,0.0,0,0,0,0.0,,,0.0,0.0,0.0,INT,,,610.0,,0.0,0.0,0.0,0
40821,0.0,0.0,0.0,0.0,0.0,0.0,udp,0.0,,cs0,,249.0,,7.0,,Start,1,1,0,74,74,0,74.0,0.0,0.0,0.0,0.0,0,0,0,0.0,,,0.0,0.0,0.0,INT,,,610.0,,0.0,0.0,0.0,0
40879,0.0,0.0,0.0,0.0,0.0,0.0,udp,0.0,,cs0,,249.0,,7.0,,Start,1,1,0,74,74,0,74.0,0.0,0.0,0.0,0.0,0,0,0,0.0,,,0.0,0.0,0.0,INT,,,610.0,,0.0,0.0,0.0,0
40883,0.0,0.0,0.0,0.0,0.0,0.0,udp,0.0,,cs0,,249.0,,7.0,,Start,1,1,0,74,74,0,74.0,0.0,0.0,0.0,0.0,0,0,0,0.0,,,0.0,0.0,0.0,INT,,,610.0,,0.0,0.0,0.0,0
40928,0.0,0.0,0.0,0.0,0.0,0.0,udp,0.0,,cs0,,249.0,,7.0,,Start,1,1,0,74,74,0,74.0,0.0,0.0,0.0,0.0,0,0,0,0.0,,,0.0,0.0,0.0,INT,,,610.0,,0.0,0.0,0.0,0
40949,0.0,0.0,0.0,0.0,0.0,0.0,udp,0.0,,cs0,,249.0,,7.0,,Start,1,1,0,74,74,0,74.0,0.0,0.0,0.0,0.0,0,0,0,0.0,,,0.0,0.0,0.0,INT,,,610.0,,0.0,0.0,0.0,0
41010,0.0,0.0,0.0,0.0,0.0,0.0,udp,0.0,,cs0,,249.0,,7.0,,Start,1,1,0,74,74,0,74.0,0.0,0.0,0.0,0.0,0,0,0,0.0,,,0.0,0.0,0.0,INT,,,610.0,,0.0,0.0,0.0,0
41060,0.0,0.0,0.0,0.0,0.0,0.0,udp,0.0,,cs0,,249.0,,7.0,,Start,1,1,0,74,74,0,74.0,0.0,0.0,0.0,0.0,0,0,0,0.0,,,0.0,0.0,0.0,INT,,,610.0,,0.0,0.0,0.0,0
41083,0.0,0.0,0.0,0.0,0.0,0.0,udp,0.0,,cs0,,249.0,,7.0,,Start,1,1,0,74,74,0,74.0,0.0,0.0,0.0,0.0,0,0,0,0.0,,,0.0,0.0,0.0,INT,,,610.0,,0.0,0.0,0.0,0
41111,0.0,0.0,0.0,0.0,0.0,0.0,udp,0.0,,cs0,,249.0,,7.0,,Start,1,1,0,74,74,0,74.0,0.0,0.0,0.0,0.0,0,0,0,0.0,,,0.0,0.0,0.0,INT,,,610.0,,0.0,0.0,0.0,0
41159,0.0,0.0,0.0,0.0,0.0,0.0,udp,0.0,,cs0,,249.0,,7.0,,Start,1,1,0,74,74,0,74.0,0.0,0.0,0.0,0.0,0,0,0,0.0,,,0.0,0.0,0.0,INT,,,610.0,,0.0,0.0,0.0,0
41172,0.0,0.0,0.0,0.0,0.0,0.0,udp,0.0,,cs0,,249.0,,7.0,,Start,1,1,0,74,74,0,74.0,0.0,0.0,0.0,0.0,0,0,0,0.0,,,0.0,0.0,0.0,INT,,,610.0,,0.0,0.0,0.0,0
41209,0.0,0.0,0.0,0.0,0.0,0.0,udp,0.0,,cs0,,249.0,,7.0,,Start,1,1,0,74,74,0,74.0,0.0,0.0,0.0,0.0,0,0,0,0.0,,,0.0,0.0,0.0,INT,,,610.0,,0.0,0.0,0.0,0
41231,0.0,0.0,0.0,0.0,0.0,0.0,udp,0.0,,cs0,,249.0,,7.0,,Start,1,1,0,74,74,0,74.0,0.0,0.0,0.0,0.0,0,0,0,0.0,,,0.0,0.0,0.0,INT,,,610.0,,0.0,0.0,0.0,0
41244,0.0,0.0,0.0,0.0,0.0,0.0,udp,0.0,,cs0,,249.0,,7.0,,Start,1,1,0,74,74,0,74.0,0.0,0.0,0.0,0.0,0,0,0,0.0,,,0.0,0.0,0.0,INT,,,610.0,,0.0,0.0,0.0,0
41265,0.0,0.0,0.0,0.0,0.0,0.0,udp,0.0,,cs0,,249.0,,7.0,,Start,1,1,0,74,74,0,74.0,0.0,0.0,0.0,0.0,0,0,0,0.0,,,0.0,0.0,0.0,INT,,,610.0,,0.0,0.0,0.0,0
41285,0.0,0.0,0.0,0.0,0.0,0.0,udp,0.0,,cs0,,249.0,,7.0,,Start,1,1,0,74,74,0,74.0,0.0,0.0,0.0,0.0,0,0,0,0.0,,,0.0,0.0,0.0,INT,,,610.0,,0.0,0.0,0.0,0
41295,0.0,0.0,0.0,0.0,0.0,0.0,udp,0.0,,cs0,,249.0,,7.0,,Start,1,1,0,74,74,0,74.0,0.0,0.0,0.0,0.0,0,0,0,0.0,,,0.0,0.0,0.0,INT,,,610.0,,0.0,0.0,0.0,0
41445,0.0,0.0,0.0,0.0,0.0,0.0,udp,0.0,,cs0,,249.0,,7.0,,Start,1,1,0,74,74,0,74.0,0.0,0.0,0.0,0.0,0,0,0,0.0,,,0.0,0.0,0.0,INT,,,610.0,,0.0,0.0,0.0,0
41474,0.0,0.0,0.0,0.0,0.0,0.0,udp,0.0,,cs0,,249.0,,7.0,,Start,1,1,0,74,74,0,74.0,0.0,0.0,0.0,0.0,0,0,0,0.0,,,0.0,0.0,0.0,INT,,,610.0,,0.0,0.0,0.0,0
41488,0.0,0.0,0.0,0.0,0.0,0.0,udp,0.0,,cs0,,249.0,,7.0,,Start,1,1,0,74,74,0,74.0,0.0,0.0,0.0,0.0,0,0,0,0.0,,,0.0,0.0,0.0,INT,,,610.0,,0.0,0.0,0.0,0
41547,0.0,0.0,0.0,0.0,0.0,0.0,udp,0.0,,cs0,,249.0,,7.0,,Start,1,1,0,74,74,0,74.0,0.0,0.0,0.0,0.0,0,0,0,0.0,,,0.0,0.0,0.0,INT,,,610.0,,0.0,0.0,0.0,0
41673,0.0,0.0,0.0,0.0,0.0,0.0,udp,0.0,,cs0,,249.0,,7.0,,Start,1,1,0,74,74,0,74.0,0.0,0.0,0.0,0.0,0,0,0,0.0,,,0.0,0.0,0.0,INT,,,610.0,,0.0,0.0,0.0,0
41853,0.0,0.0,0.0,0.0,0.0,0.0,udp,0.0,,cs0,,249.0,,7.0,,Start,1,1,0,74,74,0,74.0,0.0,0.0,0.0,0.0,0,0,0,0.0,,,0.0,0.0,0.0,INT,,,610.0,,0.0,0.0,0.0,0
41855,0.0,0.0,0.0,0.0,0.0,0.0,udp,0.0,,cs0,,249.0,,7.0,,Start,1,1,0,74,74,0,74.0,0.0,0.0,0.0,0.0,0,0,0,0.0,,,0.0,0.0,0.0,INT,,,610.0,,0.0,0.0,0.0,0
41862,0.0,0.0,0.0,0.0,0.0,0.0,udp,0.0,,cs0,,249.0,,7.0,,Start,1,1,0,74,74,0,74.0,0.0,0.0,0.0,0.0,0,0,0,0.0,,,0.0,0.0,0.0,INT,,,610.0,,0.0,0.0,0.0,0
41867,0.0,0.0,0.0,0.0,0.0,0.0,udp,0.0,,cs0,,249.0,,7.0,,Start,1,1,0,74,74,0,74.0,0.0,0.0,0.0,0.0,0,0,0,0.0,,,0.0,0.0,0.0,INT,,,610.0,,0.0,0.0,0.0,0
41888,0.0,0.0,0.0,0.0,0.0,0.0,udp,0.0,,cs0,,249.0,,7.0,,Start,1,1,0,74,74,0,74.0,0.0,0.0,0.0,0.0,0,0,0,0.0,,,0.0,0.0,0.0,INT,,,610.0,,0.0,0.0,0.0,0
41891,0.0,0.0,0.0,0.0,0.0,0.0,udp,0.0,,cs0,,249.0,,7.0,,Start,1,1,0,74,74,0,74.0,0.0,0.0,0.0,0.0,0,0,0,0.0,,,0.0,0.0,0.0,INT,,,610.0,,0.0,0.0,0.0,0
41931,0.0,0.0,0.0,0.0,0.0,0.0,udp,0.0,,cs0,,249.0,,7.0,,Start,1,1,0,74,74,0,74.0,0.0,0.0,0.0,0.0,0,0,0,0.0,,,0.0,0.0,0.0,INT,,,610.0,,0.0,0.0,0.0,0
41946,0.0,0.0,0.0,0.0,0.0,0.0,udp,0.0,,cs0,,249.0,,7.0,,Start,1,1,0,74,74,0,74.0,0.0,0.0,0.0,0.0,0,0,0,0.0,,,0.0,0.0,0.0,INT,,,610.0,,0.0,0.0,0.0,0
41986,0.0,0.0,0.0,0.0,0.0,0.0,udp,0.0,,cs0,,249.0,,7.0,,Start,1,1,0,74,74,0,74.0,0.0,0.0,0.0,0.0,0,0,0,0.0,,,0.0,0.0,0.0,INT,,,610.0,,0.0,0.0,0.0,0
42074,0.0,0.0,0.0,0.0,0.0,0.0,udp,0.0,,cs0,,249.0,,7.0,,Start,1,1,0,74,74,0,74.0,0.0,0.0,0.0,0.0,0,0,0,0.0,,,0.0,0.0,0.0,INT,,,610.0,,0.0,0.0,0.0,0
42112,0.0,0.0,0.0,0.0,0.0,0.0,udp,0.0,,cs0,,249.0,,7.0,,Start,1,1,0,74,74,0,74.0,0.0,0.0,0.0,0.0,0,0,0,0.0,,,0.0,0.0,0.0,INT,,,610.0,,0.0,0.0,0.0,0
42130,0.0,0.0,0.0,0.0,0.0,0.0,udp,0.0,,cs0,,249.0,,7.0,,Start,1,1,0,74,74,0,74.0,0.0,0.0,0.0,0.0,0,0,0,0.0,,,0.0,0.0,0.0,INT,,,610.0,,0.0,0.0,0.0,0
42187,0.0,0.0,0.0,0.0,0.0,0.0,udp,0.0,,cs0,,249.0,,7.0,,Start,1,1,0,74,74,0,74.0,0.0,0.0,0.0,0.0,0,0,0,0.0,,,0.0,0.0,0.0,INT,,,610.0,,0.0,0.0,0.0,0
42201,0.0,0.0,0.0,0.0,0.0,0.0,udp,0.0,,cs0,,249.0,,7.0,,Start,1,1,0,74,74,0,74.0,0.0,0.0,0.0,0.0,0,0,0,0.0,,,0.0,0.0,0.0,INT,,,610.0,,0.0,0.0,0.0,0
42213,0.0,0.0,0.0,0.0,0.0,0.0,udp,0.0,,cs0,,249.0,,7.0,,Start,1,1,0,74,74,0,74.0,0.0,0.0,0.0,0.0,0,0,0,0.0,,,0.0,0.0,0.0,INT,,,610.0,,0.0,0.0,0.0,0
42224,0.0,0.0,0.0,0.0,0.0,0.0,udp,0.0,,cs0,,249.0,,7.0,,Start,1,1,0,74,74,0,74.0,0.0,0.0,0.0,0.0,0,0,0,0.0,,,0.0,0.0,0.0,INT,,,610.0,,0.0,0.0,0.0,0
42250,0.0,0.0,0.0,0.0,0.0,0.0,udp,0.0,,cs0,,249.0,,7.0,,Start,1,1,0,74,74,0,74.0,0.0,0.0,0.0,0.0,0,0,0,0.0,,,0.0,0.0,0.0,INT,,,610.0,,0.0,0.0,0.0,0
42304,0.0,0.0,0.0,0.0,0.0,0.0,udp,0.0,,cs0,,249.0,,7.0,,Start,1,1,0,74,74,0,74.0,0.0,0.0,0.0,0.0,0,0,0,0.0,,,0.0,0.0,0.0,INT,,,610.0,,0.0,0.0,0.0,0
42318,0.0,0.0,0.0,0.0,0.0,0.0,udp,0.0,,cs0,,249.0,,7.0,,Start,1,1,0,74,74,0,74.0,0.0,0.0,0.0,0.0,0,0,0,0.0,,,0.0,0.0,0.0,INT,,,610.0,,0.0,0.0,0.0,0
42344,0.0,0.0,0.0,0.0,0.0,0.0,udp,0.0,,cs0,,249.0,,7.0,,Start,1,1,0,74,74,0,74.0,0.0,0.0,0.0,0.0,0,0,0,0.0,,,0.0,0.0,0.0,INT,,,610.0,,0.0,0.0,0.0,0
42374,0.0,0.0,0.0,0.0,0.0,0.0,udp,0.0,,cs0,,249.0,,7.0,,Start,1,1,0,74,74,0,74.0,0.0,0.0,0.0,0.0,0,0,0,0.0,,,0.0,0.0,0.0,INT,,,610.0,,0.0,0.0,0.0,0
42379,0.0,0.0,0.0,0.0,0.0,0.0,udp,0.0,,cs0,,249.0,,7.0,,Start,1,1,0,74,74,0,74.0,0.0,0.0,0.0,0.0,0,0,0,0.0,,,0.0,0.0,0.0,INT,,,610.0,,0.0,0.0,0.0,0
42482,0.0,0.0,0.0,0.0,0.0,0.0,udp,0.0,,cs0,,249.0,,7.0,,Start,1,1,0,74,74,0,74.0,0.0,0.0,0.0,0.0,0,0,0,0.0,,,0.0,0.0,0.0,INT,,,610.0,,0.0,0.0,0.0,0
42502,0.0,0.0,0.0,0.0,0.0,0.0,udp,0.0,,cs0,,249.0,,7.0,,Start,1,1,0,74,74,0,74.0,0.0,0.0,0.0,0.0,0,0,0,0.0,,,0.0,0.0,0.0,INT,,,610.0,,0.0,0.0,0.0,0
42510,0.0,0.0,0.0,0.0,0.0,0.0,udp,0.0,,cs0,,249.0,,7.0,,Start,1,1,0,74,74,0,74.0,0.0,0.0,0.0,0.0,0,0,0,0.0,,,0.0,0.0,0.0,INT,,,610.0,,0.0,0.0,0.0,0
42532,0.0,0.0,0.0,0.0,0.0,0.0,udp,0.0,,cs0,,249.0,,7.0,,Start,1,1,0,74,74,0,74.0,0.0,0.0,0.0,0.0,0,0,0,0.0,,,0.0,0.0,0.0,INT,,,610.0,,0.0,0.0,0.0,0
42552,0.0,0.0,0.0,0.0,0.0,0.0,udp,0.0,,cs0,,249.0,,7.0,,Start,1,1,0,74,74,0,74.0,0.0,0.0,0.0,0.0,0,0,0,0.0,,,0.0,0.0,0.0,INT,,,610.0,,0.0,0.0,0.0,0
42577,0.0,0.0,0.0,0.0,0.0,0.0,udp,0.0,,cs0,,249.0,,7.0,,Start,1,1,0,74,74,0,74.0,0.0,0.0,0.0,0.0,0,0,0,0.0,,,0.0,0.0,0.0,INT,,,610.0,,0.0,0.0,0.0,0
42582,0.0,0.0,0.0,0.0,0.0,0.0,udp,0.0,,cs0,,249.0,,7.0,,Start,1,1,0,74,74,0,74.0,0.0,0.0,0.0,0.0,0,0,0,0.0,,,0.0,0.0,0.0,INT,,,610.0,,0.0,0.0,0.0,0
42628,0.0,0.0,0.0,0.0,0.0,0.0,udp,0.0,,cs0,,249.0,,7.0,,Start,1,1,0,74,74,0,74.0,0.0,0.0,0.0,0.0,0,0,0,0.0,,,0.0,0.0,0.0,INT,,,610.0,,0.0,0.0,0.0,0
42637,0.0,0.0,0.0,0.0,0.0,0.0,udp,0.0,,cs0,,249.0,,7.0,,Start,1,1,0,74,74,0,74.0,0.0,0.0,0.0,0.0,0,0,0,0.0,,,0.0,0.0,0.0,INT,,,610.0,,0.0,0.0,0.0,0
42670,0.0,0.0,0.0,0.0,0.0,0.0,udp,0.0,,cs0,,249.0,,7.0,,Start,1,1,0,74,74,0,74.0,0.0,0.0,0.0,0.0,0,0,0,0.0,,,0.0,0.0,0.0,INT,,,610.0,,0.0,0.0,0.0,0
42783,0.0,0.0,0.0,0.0,0.0,0.0,udp,0.0,,cs0,,249.0,,7.0,,Start,1,1,0,74,74,0,74.0,0.0,0.0,0.0,0.0,0,0,0,0.0,,,0.0,0.0,0.0,INT,,,610.0,,0.0,0.0,0.0,0
42818,0.0,0.0,0.0,0.0,0.0,0.0,udp,0.0,,cs0,,249.0,,7.0,,Start,1,1,0,74,74,0,74.0,0.0,0.0,0.0,0.0,0,0,0,0.0,,,0.0,0.0,0.0,INT,,,610.0,,0.0,0.0,0.0,0
42868,0.0,0.0,0.0,0.0,0.0,0.0,udp,0.0,,cs0,,249.0,,7.0,,Start,1,1,0,74,74,0,74.0,0.0,0.0,0.0,0.0,0,0,0,0.0,,,0.0,0.0,0.0,INT,,,610.0,,0.0,0.0,0.0,0
42875,0.0,0.0,0.0,0.0,0.0,0.0,udp,0.0,,cs0,,249.0,,7.0,,Start,1,1,0,74,74,0,74.0,0.0,0.0,0.0,0.0,0,0,0,0.0,,,0.0,0.0,0.0,INT,,,610.0,,0.0,0.0,0.0,0
42904,0.0,0.0,0.0,0.0,0.0,0.0,udp,0.0,,cs0,,249.0,,7.0,,Start,1,1,0,74,74,0,74.0,0.0,0.0,0.0,0.0,0,0,0,0.0,,,0.0,0.0,0.0,INT,,,610.0,,0.0,0.0,0.0,0
42909,0.0,0.0,0.0,0.0,0.0,0.0,udp,0.0,,cs0,,249.0,,7.0,,Start,1,1,0,74,74,0,74.0,0.0,0.0,0.0,0.0,0,0,0,0.0,,,0.0,0.0,0.0,INT,,,610.0,,0.0,0.0,0.0,0
42918,0.0,0.0,0.0,0.0,0.0,0.0,udp,0.0,,cs0,,249.0,,7.0,,Start,1,1,0,74,74,0,74.0,0.0,0.0,0.0,0.0,0,0,0,0.0,,,0.0,0.0,0.0,INT,,,610.0,,0.0,0.0,0.0,0
42952,0.0,0.0,0.0,0.0,0.0,0.0,udp,0.0,,cs0,,249.0,,7.0,,Start,1,1,0,74,74,0,74.0,0.0,0.0,0.0,0.0,0,0,0,0.0,,,0.0,0.0,0.0,INT,,,610.0,,0.0,0.0,0.0,0
43077,0.0,0.0,0.0,0.0,0.0,0.0,udp,0.0,,cs0,,249.0,,7.0,,Start,1,1,0,74,74,0,74.0,0.0,0.0,0.0,0.0,0,0,0,0.0,,,0.0,0.0,0.0,INT,,,610.0,,0.0,0.0,0.0,0
43156,0.0,0.0,0.0,0.0,0.0,0.0,udp,0.0,,cs0,,249.0,,7.0,,Start,1,1,0,74,74,0,74.0,0.0,0.0,0.0,0.0,0,0,0,0.0,,,0.0,0.0,0.0,INT,,,610.0,,0.0,0.0,0.0,0
43182,0.0,0.0,0.0,0.0,0.0,0.0,udp,0.0,,cs0,,249.0,,7.0,,Start,1,1,0,74,74,0,74.0,0.0,0.0,0.0,0.0,0,0,0,0.0,,,0.0,0.0,0.0,INT,,,610.0,,0.0,0.0,0.0,0
43327,0.0,0.0,0.0,0.0,0.0,0.0,udp,0.0,,cs0,,249.0,,7.0,,Start,1,1,0,74,74,0,74.0,0.0,0.0,0.0,0.0,0,0,0,0.0,,,0.0,0.0,0.0,INT,,,610.0,,0.0,0.0,0.0,0
43387,0.0,0.0,0.0,0.0,0.0,0.0,udp,0.0,,cs0,,249.0,,7.0,,Start,1,1,0,74,74,0,74.0,0.0,0.0,0.0,0.0,0,0,0,0.0,,,0.0,0.0,0.0,INT,,,610.0,,0.0,0.0,0.0,0
43409,0.0,0.0,0.0,0.0,0.0,0.0,udp,0.0,,cs0,,249.0,,7.0,,Start,1,1,0,74,74,0,74.0,0.0,0.0,0.0,0.0,0,0,0,0.0,,,0.0,0.0,0.0,INT,,,610.0,,0.0,0.0,0.0,0
43453,0.0,0.0,0.0,0.0,0.0,0.0,udp,0.0,,cs0,,249.0,,7.0,,Start,1,1,0,74,74,0,74.0,0.0,0.0,0.0,0.0,0,0,0,0.0,,,0.0,0.0,0.0,INT,,,610.0,,0.0,0.0,0.0,0
43472,0.0,0.0,0.0,0.0,0.0,0.0,udp,0.0,,cs0,,249.0,,7.0,,Start,1,1,0,74,74,0,74.0,0.0,0.0,0.0,0.0,0,0,0,0.0,,,0.0,0.0,0.0,INT,,,610.0,,0.0,0.0,0.0,0
43477,0.0,0.0,0.0,0.0,0.0,0.0,udp,0.0,,cs0,,249.0,,7.0,,Start,1,1,0,74,74,0,74.0,0.0,0.0,0.0,0.0,0,0,0,0.0,,,0.0,0.0,0.0,INT,,,610.0,,0.0,0.0,0.0,0
43538,0.0,0.0,0.0,0.0,0.0,0.0,udp,0.0,,cs0,,249.0,,7.0,,Start,1,1,0,74,74,0,74.0,0.0,0.0,0.0,0.0,0,0,0,0.0,,,0.0,0.0,0.0,INT,,,610.0,,0.0,0.0,0.0,0
43571,0.063924,0.063924,0.063924,0.063924,0.063924,0.063924,udp,0.0,0.0,cs0,cs0,64.0,117.0,0.0,11.0,Status,5,3,2,668,530,138,176.666672,69.0,52937.86328,44302.60938,8635.254883,0,0,0,0.0,,,62.574306,31.287153,15.643577,CON,,,,,0.0,0.0,0.0,0
43716,0.0,0.0,0.0,0.0,0.0,0.0,udp,0.0,,cs0,,249.0,,7.0,,Start,1,1,0,74,74,0,74.0,0.0,0.0,0.0,0.0,0,0,0,0.0,,,0.0,0.0,0.0,INT,,,610.0,,0.0,0.0,0.0,0
43726,0.0,0.0,0.0,0.0,0.0,0.0,udp,0.0,,cs0,,249.0,,7.0,,Start,1,1,0,74,74,0,74.0,0.0,0.0,0.0,0.0,0,0,0,0.0,,,0.0,0.0,0.0,INT,,,610.0,,0.0,0.0,0.0,0
43760,0.0,0.0,0.0,0.0,0.0,0.0,udp,0.0,,cs0,,249.0,,7.0,,Start,1,1,0,74,74,0,74.0,0.0,0.0,0.0,0.0,0,0,0,0.0,,,0.0,0.0,0.0,INT,,,610.0,,0.0,0.0,0.0,0
43762,0.0,0.0,0.0,0.0,0.0,0.0,udp,0.0,,cs0,,249.0,,7.0,,Start,1,1,0,74,74,0,74.0,0.0,0.0,0.0,0.0,0,0,0,0.0,,,0.0,0.0,0.0,INT,,,610.0,,0.0,0.0,0.0,0
43819,0.0,0.0,0.0,0.0,0.0,0.0,udp,0.0,,cs0,,249.0,,7.0,,Start,1,1,0,74,74,0,74.0,0.0,0.0,0.0,0.0,0,0,0,0.0,,,0.0,0.0,0.0,INT,,,610.0,,0.0,0.0,0.0,0
43840,0.0,0.0,0.0,0.0,0.0,0.0,udp,0.0,,cs0,,249.0,,7.0,,Start,1,1,0,74,74,0,74.0,0.0,0.0,0.0,0.0,0,0,0,0.0,,,0.0,0.0,0.0,INT,,,610.0,,0.0,0.0,0.0,0
43843,0.0,0.0,0.0,0.0,0.0,0.0,udp,0.0,,cs0,,249.0,,7.0,,Start,1,1,0,74,74,0,74.0,0.0,0.0,0.0,0.0,0,0,0,0.0,,,0.0,0.0,0.0,INT,,,610.0,,0.0,0.0,0.0,0
43918,0.0,0.0,0.0,0.0,0.0,0.0,udp,0.0,,cs0,,249.0,,7.0,,Start,1,1,0,74,74,0,74.0,0.0,0.0,0.0,0.0,0,0,0,0.0,,,0.0,0.0,0.0,INT,,,610.0,,0.0,0.0,0.0,0
43925,0.0,0.0,0.0,0.0,0.0,0.0,udp,0.0,,cs0,,249.0,,7.0,,Start,1,1,0,74,74,0,74.0,0.0,0.0,0.0,0.0,0,0,0,0.0,,,0.0,0.0,0.0,INT,,,610.0,,0.0,0.0,0.0,0
43931,0.0,0.0,0.0,0.0,0.0,0.0,udp,0.0,,cs0,,249.0,,7.0,,Start,1,1,0,74,74,0,74.0,0.0,0.0,0.0,0.0,0,0,0,0.0,,,0.0,0.0,0.0,INT,,,610.0,,0.0,0.0,0.0,0
44080,0.0,0.0,0.0,0.0,0.0,0.0,udp,0.0,,cs0,,249.0,,7.0,,Start,1,1,0,74,74,0,74.0,0.0,0.0,0.0,0.0,0,0,0,0.0,,,0.0,0.0,0.0,INT,,,610.0,,0.0,0.0,0.0,0
44150,0.0,0.0,0.0,0.0,0.0,0.0,icmp,0.0,,cs0,,58.0,,6.0,,Start,1,1,0,98,98,0,98.0,0.0,0.0,0.0,0.0,0,0,0,0.0,,,0.0,0.0,0.0,ECO,,,,,0.0,0.0,0.0,0
44193,0.0,0.0,0.0,0.0,0.0,0.0,udp,0.0,,cs0,,249.0,,7.0,,Start,1,1,0,74,74,0,74.0,0.0,0.0,0.0,0.0,0,0,0,0.0,,,0.0,0.0,0.0,INT,,,610.0,,0.0,0.0,0.0,0
44203,0.0,0.0,0.0,0.0,0.0,0.0,udp,0.0,,cs0,,249.0,,7.0,,Start,1,1,0,74,74,0,74.0,0.0,0.0,0.0,0.0,0,0,0,0.0,,,0.0,0.0,0.0,INT,,,610.0,,0.0,0.0,0.0,0
44295,0.0,0.0,0.0,0.0,0.0,0.0,udp,0.0,,cs0,,249.0,,7.0,,Start,1,1,0,74,74,0,74.0,0.0,0.0,0.0,0.0,0,0,0,0.0,,,0.0,0.0,0.0,INT,,,610.0,,0.0,0.0,0.0,0
44331,0.0,0.0,0.0,0.0,0.0,0.0,udp,0.0,,cs0,,249.0,,7.0,,Start,1,1,0,74,74,0,74.0,0.0,0.0,0.0,0.0,0,0,0,0.0,,,0.0,0.0,0.0,INT,,,610.0,,0.0,0.0,0.0,0
44339,0.0,0.0,0.0,0.0,0.0,0.0,udp,0.0,,cs0,,249.0,,7.0,,Start,1,1,0,74,74,0,74.0,0.0,0.0,0.0,0.0,0,0,0,0.0,,,0.0,0.0,0.0,INT,,,610.0,,0.0,0.0,0.0,0
44340,0.0,0.0,0.0,0.0,0.0,0.0,udp,0.0,,cs0,,249.0,,7.0,,Start,1,1,0,74,74,0,74.0,0.0,0.0,0.0,0.0,0,0,0,0.0,,,0.0,0.0,0.0,INT,,,610.0,,0.0,0.0,0.0,0
44372,0.0,0.0,0.0,0.0,0.0,0.0,udp,0.0,,cs0,,249.0,,7.0,,Start,1,1,0,74,74,0,74.0,0.0,0.0,0.0,0.0,0,0,0,0.0,,,0.0,0.0,0.0,INT,,,610.0,,0.0,0.0,0.0,0
44376,0.0,0.0,0.0,0.0,0.0,0.0,udp,0.0,,cs0,,249.0,,7.0,,Start,1,1,0,74,74,0,74.0,0.0,0.0,0.0,0.0,0,0,0,0.0,,,0.0,0.0,0.0,INT,,,610.0,,0.0,0.0,0.0,0
44508,0.0,0.0,0.0,0.0,0.0,0.0,udp,0.0,,cs0,,249.0,,7.0,,Start,1,1,0,74,74,0,74.0,0.0,0.0,0.0,0.0,0,0,0,0.0,,,0.0,0.0,0.0,INT,,,610.0,,0.0,0.0,0.0,0
44510,0.0,0.0,0.0,0.0,0.0,0.0,udp,0.0,,cs0,,249.0,,7.0,,Start,1,1,0,74,74,0,74.0,0.0,0.0,0.0,0.0,0,0,0,0.0,,,0.0,0.0,0.0,INT,,,610.0,,0.0,0.0,0.0,0
44545,0.0,0.0,0.0,0.0,0.0,0.0,udp,0.0,,cs0,,249.0,,7.0,,Start,1,1,0,74,74,0,74.0,0.0,0.0,0.0,0.0,0,0,0,0.0,,,0.0,0.0,0.0,INT,,,610.0,,0.0,0.0,0.0,0
44590,0.0,0.0,0.0,0.0,0.0,0.0,udp,0.0,,cs0,,249.0,,7.0,,Start,1,1,0,74,74,0,74.0,0.0,0.0,0.0,0.0,0,0,0,0.0,,,0.0,0.0,0.0,INT,,,610.0,,0.0,0.0,0.0,0
44643,0.0,0.0,0.0,0.0,0.0,0.0,udp,0.0,,cs0,,249.0,,7.0,,Start,1,1,0,74,74,0,74.0,0.0,0.0,0.0,0.0,0,0,0,0.0,,,0.0,0.0,0.0,INT,,,610.0,,0.0,0.0,0.0,0
44698,0.0,0.0,0.0,0.0,0.0,0.0,udp,0.0,,cs0,,249.0,,7.0,,Start,1,1,0,74,74,0,74.0,0.0,0.0,0.0,0.0,0,0,0,0.0,,,0.0,0.0,0.0,INT,,,610.0,,0.0,0.0,0.0,0
44708,0.0,0.0,0.0,0.0,0.0,0.0,udp,0.0,,cs0,,249.0,,7.0,,Start,1,1,0,74,74,0,74.0,0.0,0.0,0.0,0.0,0,0,0,0.0,,,0.0,0.0,0.0,INT,,,610.0,,0.0,0.0,0.0,0
44770,0.0,0.0,0.0,0.0,0.0,0.0,udp,0.0,,cs0,,249.0,,7.0,,Start,1,1,0,74,74,0,74.0,0.0,0.0,0.0,0.0,0,0,0,0.0,,,0.0,0.0,0.0,INT,,,610.0,,0.0,0.0,0.0,0
44779,0.0,0.0,0.0,0.0,0.0,0.0,udp,0.0,,cs0,,249.0,,7.0,,Start,1,1,0,74,74,0,74.0,0.0,0.0,0.0,0.0,0,0,0,0.0,,,0.0,0.0,0.0,INT,,,610.0,,0.0,0.0,0.0,0
44820,0.0,0.0,0.0,0.0,0.0,0.0,udp,0.0,,cs0,,249.0,,7.0,,Start,1,1,0,74,74,0,74.0,0.0,0.0,0.0,0.0,0,0,0,0.0,,,0.0,0.0,0.0,INT,,,610.0,,0.0,0.0,0.0,0
44831,0.0,0.0,0.0,0.0,0.0,0.0,udp,0.0,,cs0,,249.0,,7.0,,Start,1,1,0,74,74,0,74.0,0.0,0.0,0.0,0.0,0,0,0,0.0,,,0.0,0.0,0.0,INT,,,610.0,,0.0,0.0,0.0,0
44883,0.0,0.0,0.0,0.0,0.0,0.0,udp,0.0,,cs0,,249.0,,7.0,,Start,1,1,0,74,74,0,74.0,0.0,0.0,0.0,0.0,0,0,0,0.0,,,0.0,0.0,0.0,INT,,,610.0,,0.0,0.0,0.0,0
44913,0.0,0.0,0.0,0.0,0.0,0.0,udp,0.0,,cs0,,249.0,,7.0,,Start,1,1,0,74,74,0,74.0,0.0,0.0,0.0,0.0,0,0,0,0.0,,,0.0,0.0,0.0,INT,,,610.0,,0.0,0.0,0.0,0
44931,0.0,0.0,0.0,0.0,0.0,0.0,udp,0.0,,cs0,,249.0,,7.0,,Start,1,1,0,74,74,0,74.0,0.0,0.0,0.0,0.0,0,0,0,0.0,,,0.0,0.0,0.0,INT,,,610.0,,0.0,0.0,0.0,0
45033,0.0,0.0,0.0,0.0,0.0,0.0,udp,0.0,,cs0,,249.0,,7.0,,Start,1,1,0,74,74,0,74.0,0.0,0.0,0.0,0.0,0,0,0,0.0,,,0.0,0.0,0.0,INT,,,610.0,,0.0,0.0,0.0,0
45040,0.0,0.0,0.0,0.0,0.0,0.0,udp,0.0,,cs0,,249.0,,7.0,,Start,1,1,0,74,74,0,74.0,0.0,0.0,0.0,0.0,0,0,0,0.0,,,0.0,0.0,0.0,INT,,,610.0,,0.0,0.0,0.0,0
45047,0.0,0.0,0.0,0.0,0.0,0.0,udp,0.0,,cs0,,249.0,,7.0,,Start,1,1,0,74,74,0,74.0,0.0,0.0,0.0,0.0,0,0,0,0.0,,,0.0,0.0,0.0,INT,,,610.0,,0.0,0.0,0.0,0
45053,0.0,0.0,0.0,0.0,0.0,0.0,udp,0.0,,cs0,,249.0,,7.0,,Start,1,1,0,74,74,0,74.0,0.0,0.0,0.0,0.0,0,0,0,0.0,,,0.0,0.0,0.0,INT,,,610.0,,0.0,0.0,0.0,0
45061,0.0,0.0,0.0,0.0,0.0,0.0,udp,0.0,,cs0,,249.0,,7.0,,Start,1,1,0,74,74,0,74.0,0.0,0.0,0.0,0.0,0,0,0,0.0,,,0.0,0.0,0.0,INT,,,610.0,,0.0,0.0,0.0,0
45200,0.0,0.0,0.0,0.0,0.0,0.0,udp,0.0,,cs0,,249.0,,7.0,,Start,1,1,0,74,74,0,74.0,0.0,0.0,0.0,0.0,0,0,0,0.0,,,0.0,0.0,0.0,INT,,,610.0,,0.0,0.0,0.0,0
45293,0.0,0.0,0.0,0.0,0.0,0.0,udp,0.0,,cs0,,249.0,,7.0,,Start,1,1,0,74,74,0,74.0,0.0,0.0,0.0,0.0,0,0,0,0.0,,,0.0,0.0,0.0,INT,,,610.0,,0.0,0.0,0.0,0
45300,0.0,0.0,0.0,0.0,0.0,0.0,udp,0.0,,cs0,,249.0,,7.0,,Start,1,1,0,74,74,0,74.0,0.0,0.0,0.0,0.0,0,0,0,0.0,,,0.0,0.0,0.0,INT,,,610.0,,0.0,0.0,0.0,0
45352,0.0,0.0,0.0,0.0,0.0,0.0,udp,0.0,,cs0,,249.0,,7.0,,Start,1,1,0,74,74,0,74.0,0.0,0.0,0.0,0.0,0,0,0,0.0,,,0.0,0.0,0.0,INT,,,610.0,,0.0,0.0,0.0,0
45398,0.0,0.0,0.0,0.0,0.0,0.0,udp,0.0,,cs0,,249.0,,7.0,,Start,1,1,0,74,74,0,74.0,0.0,0.0,0.0,0.0,0,0,0,0.0,,,0.0,0.0,0.0,INT,,,610.0,,0.0,0.0,0.0,0
45456,0.0,0.0,0.0,0.0,0.0,0.0,udp,0.0,,cs0,,249.0,,7.0,,Start,1,1,0,74,74,0,74.0,0.0,0.0,0.0,0.0,0,0,0,0.0,,,0.0,0.0,0.0,INT,,,610.0,,0.0,0.0,0.0,0
45478,0.0,0.0,0.0,0.0,0.0,0.0,udp,0.0,,cs0,,249.0,,7.0,,Start,1,1,0,74,74,0,74.0,0.0,0.0,0.0,0.0,0,0,0,0.0,,,0.0,0.0,0.0,INT,,,610.0,,0.0,0.0,0.0,0
45493,0.0,0.0,0.0,0.0,0.0,0.0,udp,0.0,,cs0,,249.0,,7.0,,Start,1,1,0,74,74,0,74.0,0.0,0.0,0.0,0.0,0,0,0,0.0,,,0.0,0.0,0.0,INT,,,610.0,,0.0,0.0,0.0,0
45494,0.0,0.0,0.0,0.0,0.0,0.0,udp,0.0,,cs0,,249.0,,7.0,,Start,1,1,0,74,74,0,74.0,0.0,0.0,0.0,0.0,0,0,0,0.0,,,0.0,0.0,0.0,INT,,,610.0,,0.0,0.0,0.0,0
45535,0.0,0.0,0.0,0.0,0.0,0.0,udp,0.0,,cs0,,249.0,,7.0,,Start,1,1,0,74,74,0,74.0,0.0,0.0,0.0,0.0,0,0,0,0.0,,,0.0,0.0,0.0,INT,,,610.0,,0.0,0.0,0.0,0
45559,0.0,0.0,0.0,0.0,0.0,0.0,udp,0.0,,cs0,,249.0,,7.0,,Start,1,1,0,74,74,0,74.0,0.0,0.0,0.0,0.0,0,0,0,0.0,,,0.0,0.0,0.0,INT,,,610.0,,0.0,0.0,0.0,0
45583,0.0,0.0,0.0,0.0,0.0,0.0,udp,0.0,,cs0,,249.0,,7.0,,Start,1,1,0,74,74,0,74.0,0.0,0.0,0.0,0.0,0,0,0,0.0,,,0.0,0.0,0.0,INT,,,610.0,,0.0,0.0,0.0,0
45585,0.0,0.0,0.0,0.0,0.0,0.0,udp,0.0,,cs0,,249.0,,7.0,,Start,1,1,0,74,74,0,74.0,0.0,0.0,0.0,0.0,0,0,0,0.0,,,0.0,0.0,0.0,INT,,,610.0,,0.0,0.0,0.0,0
45588,0.0,0.0,0.0,0.0,0.0,0.0,udp,0.0,,cs0,,249.0,,7.0,,Start,1,1,0,74,74,0,74.0,0.0,0.0,0.0,0.0,0,0,0,0.0,,,0.0,0.0,0.0,INT,,,610.0,,0.0,0.0,0.0,0
45609,0.0,0.0,0.0,0.0,0.0,0.0,udp,0.0,,cs0,,249.0,,7.0,,Start,1,1,0,74,74,0,74.0,0.0,0.0,0.0,0.0,0,0,0,0.0,,,0.0,0.0,0.0,INT,,,610.0,,0.0,0.0,0.0,0
45615,0.0,0.0,0.0,0.0,0.0,0.0,udp,0.0,,cs0,,249.0,,7.0,,Start,1,1,0,74,74,0,74.0,0.0,0.0,0.0,0.0,0,0,0,0.0,,,0.0,0.0,0.0,INT,,,610.0,,0.0,0.0,0.0,0
45617,0.0,0.0,0.0,0.0,0.0,0.0,udp,0.0,,cs0,,249.0,,7.0,,Start,1,1,0,74,74,0,74.0,0.0,0.0,0.0,0.0,0,0,0,0.0,,,0.0,0.0,0.0,INT,,,610.0,,0.0,0.0,0.0,0
45682,0.0,0.0,0.0,0.0,0.0,0.0,udp,0.0,,cs0,,249.0,,7.0,,Start,1,1,0,74,74,0,74.0,0.0,0.0,0.0,0.0,0,0,0,0.0,,,0.0,0.0,0.0,INT,,,610.0,,0.0,0.0,0.0,0
45686,0.0,0.0,0.0,0.0,0.0,0.0,udp,0.0,,cs0,,249.0,,7.0,,Start,1,1,0,74,74,0,74.0,0.0,0.0,0.0,0.0,0,0,0,0.0,,,0.0,0.0,0.0,INT,,,610.0,,0.0,0.0,0.0,0
45714,0.0,0.0,0.0,0.0,0.0,0.0,udp,0.0,,cs0,,249.0,,7.0,,Start,1,1,0,74,74,0,74.0,0.0,0.0,0.0,0.0,0,0,0,0.0,,,0.0,0.0,0.0,INT,,,610.0,,0.0,0.0,0.0,0
45738,0.0,0.0,0.0,0.0,0.0,0.0,udp,0.0,,cs0,,249.0,,7.0,,Start,1,1,0,74,74,0,74.0,0.0,0.0,0.0,0.0,0,0,0,0.0,,,0.0,0.0,0.0,INT,,,610.0,,0.0,0.0,0.0,0
45785,0.0,0.0,0.0,0.0,0.0,0.0,udp,0.0,,cs0,,249.0,,7.0,,Start,1,1,0,74,74,0,74.0,0.0,0.0,0.0,0.0,0,0,0,0.0,,,0.0,0.0,0.0,INT,,,610.0,,0.0,0.0,0.0,0
45854,0.0,0.0,0.0,0.0,0.0,0.0,udp,0.0,,cs0,,249.0,,7.0,,Start,1,1,0,74,74,0,74.0,0.0,0.0,0.0,0.0,0,0,0,0.0,,,0.0,0.0,0.0,INT,,,610.0,,0.0,0.0,0.0,0
45880,0.0,0.0,0.0,0.0,0.0,0.0,udp,0.0,,cs0,,249.0,,7.0,,Start,1,1,0,74,74,0,74.0,0.0,0.0,0.0,0.0,0,0,0,0.0,,,0.0,0.0,0.0,INT,,,610.0,,0.0,0.0,0.0,0
45898,0.0,0.0,0.0,0.0,0.0,0.0,udp,0.0,,cs0,,249.0,,7.0,,Start,1,1,0,74,74,0,74.0,0.0,0.0,0.0,0.0,0,0,0,0.0,,,0.0,0.0,0.0,INT,,,610.0,,0.0,0.0,0.0,0
45913,0.0,0.0,0.0,0.0,0.0,0.0,udp,0.0,,cs0,,249.0,,7.0,,Start,1,1,0,74,74,0,74.0,0.0,0.0,0.0,0.0,0,0,0,0.0,,,0.0,0.0,0.0,INT,,,610.0,,0.0,0.0,0.0,0
45917,0.0,0.0,0.0,0.0,0.0,0.0,udp,0.0,,cs0,,249.0,,7.0,,Start,1,1,0,74,74,0,74.0,0.0,0.0,0.0,0.0,0,0,0,0.0,,,0.0,0.0,0.0,INT,,,610.0,,0.0,0.0,0.0,0
45935,0.0,0.0,0.0,0.0,0.0,0.0,udp,0.0,,cs0,,249.0,,7.0,,Start,1,1,0,74,74,0,74.0,0.0,0.0,0.0,0.0,0,0,0,0.0,,,0.0,0.0,0.0,INT,,,610.0,,0.0,0.0,0.0,0
45940,0.0,0.0,0.0,0.0,0.0,0.0,udp,0.0,,cs0,,249.0,,7.0,,Start,1,1,0,74,74,0,74.0,0.0,0.0,0.0,0.0,0,0,0,0.0,,,0.0,0.0,0.0,INT,,,610.0,,0.0,0.0,0.0,0
45976,0.0,0.0,0.0,0.0,0.0,0.0,udp,0.0,,cs0,,249.0,,7.0,,Start,1,1,0,74,74,0,74.0,0.0,0.0,0.0,0.0,0,0,0,0.0,,,0.0,0.0,0.0,INT,,,610.0,,0.0,0.0,0.0,0
46049,0.0,0.0,0.0,0.0,0.0,0.0,udp,0.0,,cs0,,249.0,,7.0,,Start,1,1,0,74,74,0,74.0,0.0,0.0,0.0,0.0,0,0,0,0.0,,,0.0,0.0,0.0,INT,,,610.0,,0.0,0.0,0.0,0
46120,0.0,0.0,0.0,0.0,0.0,0.0,udp,0.0,,cs0,,249.0,,7.0,,Start,1,1,0,74,74,0,74.0,0.0,0.0,0.0,0.0,0,0,0,0.0,,,0.0,0.0,0.0,INT,,,610.0,,0.0,0.0,0.0,0
46192,0.0,0.0,0.0,0.0,0.0,0.0,udp,0.0,,cs0,,249.0,,7.0,,Start,1,1,0,74,74,0,74.0,0.0,0.0,0.0,0.0,0,0,0,0.0,,,0.0,0.0,0.0,INT,,,610.0,,0.0,0.0,0.0,0
46195,0.0,0.0,0.0,0.0,0.0,0.0,udp,0.0,,cs0,,249.0,,7.0,,Start,1,1,0,74,74,0,74.0,0.0,0.0,0.0,0.0,0,0,0,0.0,,,0.0,0.0,0.0,INT,,,610.0,,0.0,0.0,0.0,0
46228,0.0,0.0,0.0,0.0,0.0,0.0,udp,0.0,,cs0,,249.0,,7.0,,Start,1,1,0,74,74,0,74.0,0.0,0.0,0.0,0.0,0,0,0,0.0,,,0.0,0.0,0.0,INT,,,610.0,,0.0,0.0,0.0,0
46246,0.0,0.0,0.0,0.0,0.0,0.0,udp,0.0,,cs0,,249.0,,7.0,,Start,1,1,0,74,74,0,74.0,0.0,0.0,0.0,0.0,0,0,0,0.0,,,0.0,0.0,0.0,INT,,,610.0,,0.0,0.0,0.0,0
46249,0.0,0.0,0.0,0.0,0.0,0.0,udp,0.0,,cs0,,249.0,,7.0,,Start,1,1,0,74,74,0,74.0,0.0,0.0,0.0,0.0,0,0,0,0.0,,,0.0,0.0,0.0,INT,,,610.0,,0.0,0.0,0.0,0
46290,0.0,0.0,0.0,0.0,0.0,0.0,udp,0.0,,cs0,,249.0,,7.0,,Start,1,1,0,74,74,0,74.0,0.0,0.0,0.0,0.0,0,0,0,0.0,,,0.0,0.0,0.0,INT,,,610.0,,0.0,0.0,0.0,0
46294,0.0,0.0,0.0,0.0,0.0,0.0,udp,0.0,,cs0,,249.0,,7.0,,Start,1,1,0,74,74,0,74.0,0.0,0.0,0.0,0.0,0,0,0,0.0,,,0.0,0.0,0.0,INT,,,610.0,,0.0,0.0,0.0,0
46330,0.0,0.0,0.0,0.0,0.0,0.0,udp,0.0,,cs0,,249.0,,7.0,,Start,1,1,0,74,74,0,74.0,0.0,0.0,0.0,0.0,0,0,0,0.0,,,0.0,0.0,0.0,INT,,,610.0,,0.0,0.0,0.0,0
46356,0.0,0.0,0.0,0.0,0.0,0.0,udp,0.0,,cs0,,249.0,,7.0,,Start,1,1,0,74,74,0,74.0,0.0,0.0,0.0,0.0,0,0,0,0.0,,,0.0,0.0,0.0,INT,,,610.0,,0.0,0.0,0.0,0
46462,0.0,0.0,0.0,0.0,0.0,0.0,udp,0.0,,cs0,,249.0,,7.0,,Start,1,1,0,74,74,0,74.0,0.0,0.0,0.0,0.0,0,0,0,0.0,,,0.0,0.0,0.0,INT,,,610.0,,0.0,0.0,0.0,0
46488,0.0,0.0,0.0,0.0,0.0,0.0,icmp,0.0,,cs0,,58.0,,6.0,,Start,1,1,0,98,98,0,98.0,0.0,0.0,0.0,0.0,0,0,0,0.0,,,0.0,0.0,0.0,ECO,,,,,0.0,0.0,0.0,0
46516,0.0,0.0,0.0,0.0,0.0,0.0,udp,0.0,,cs0,,249.0,,7.0,,Start,1,1,0,74,74,0,74.0,0.0,0.0,0.0,0.0,0,0,0,0.0,,,0.0,0.0,0.0,INT,,,610.0,,0.0,0.0,0.0,0
46575,0.0,0.0,0.0,0.0,0.0,0.0,udp,0.0,,cs0,,249.0,,7.0,,Start,1,1,0,74,74,0,74.0,0.0,0.0,0.0,0.0,0,0,0,0.0,,,0.0,0.0,0.0,INT,,,610.0,,0.0,0.0,0.0,0
46600,0.0,0.0,0.0,0.0,0.0,0.0,udp,0.0,,cs0,,249.0,,7.0,,Start,1,1,0,74,74,0,74.0,0.0,0.0,0.0,0.0,0,0,0,0.0,,,0.0,0.0,0.0,INT,,,610.0,,0.0,0.0,0.0,0
46677,0.120903,0.120903,0.120903,0.120903,0.120903,0.120903,tcp,0.0,0.0,cs0,cs0,64.0,63.0,0.0,1.0,Start,16,9,7,5308,989,4319,109.888885,617.0,303185.1875,58228.49609,244956.7031,0,0,0,0.0,0.0,0.0,124.066399,66.168747,49.62656,CON,77312.0,31104.0,,,0.015801,0.001238,0.014563,0
46692,0.0,0.0,0.0,0.0,0.0,0.0,udp,0.0,,cs0,,249.0,,7.0,,Start,1,1,0,74,74,0,74.0,0.0,0.0,0.0,0.0,0,0,0,0.0,,,0.0,0.0,0.0,INT,,,610.0,,0.0,0.0,0.0,0
46724,0.0,0.0,0.0,0.0,0.0,0.0,udp,0.0,,cs0,,249.0,,7.0,,Start,1,1,0,74,74,0,74.0,0.0,0.0,0.0,0.0,0,0,0,0.0,,,0.0,0.0,0.0,INT,,,610.0,,0.0,0.0,0.0,0
46769,0.0,0.0,0.0,0.0,0.0,0.0,udp,0.0,,cs0,,249.0,,7.0,,Start,1,1,0,74,74,0,74.0,0.0,0.0,0.0,0.0,0,0,0,0.0,,,0.0,0.0,0.0,INT,,,610.0,,0.0,0.0,0.0,0
46790,0.0,0.0,0.0,0.0,0.0,0.0,udp,0.0,,cs0,,249.0,,7.0,,Start,1,1,0,74,74,0,74.0,0.0,0.0,0.0,0.0,0,0,0,0.0,,,0.0,0.0,0.0,INT,,,610.0,,0.0,0.0,0.0,0
46855,0.173014,0.173014,0.173014,0.173014,0.173014,0.173014,tcp,0.0,0.0,cs0,cs0,64.0,115.0,0.0,13.0,Start,15,8,7,6477,2777,3700,347.125,528.571411,259031.0625,112360.8516,146670.2188,0,0,0,0.0,0.0,0.0,80.918304,40.459152,34.679276,CON,96256.0,74240.0,,,0.035005,0.021484,0.013521,0
46877,0.0,0.0,0.0,0.0,0.0,0.0,udp,0.0,,cs0,,249.0,,7.0,,Start,1,1,0,74,74,0,74.0,0.0,0.0,0.0,0.0,0,0,0,0.0,,,0.0,0.0,0.0,INT,,,610.0,,0.0,0.0,0.0,0
46942,0.0,0.0,0.0,0.0,0.0,0.0,udp,0.0,,cs0,,249.0,,7.0,,Start,1,1,0,74,74,0,74.0,0.0,0.0,0.0,0.0,0,0,0,0.0,,,0.0,0.0,0.0,INT,,,610.0,,0.0,0.0,0.0,0
46944,0.0,0.0,0.0,0.0,0.0,0.0,udp,0.0,,cs0,,249.0,,7.0,,Start,1,1,0,74,74,0,74.0,0.0,0.0,0.0,0.0,0,0,0,0.0,,,0.0,0.0,0.0,INT,,,610.0,,0.0,0.0,0.0,0
46998,0.0,0.0,0.0,0.0,0.0,0.0,udp,0.0,,cs0,,249.0,,7.0,,Start,1,1,0,74,74,0,74.0,0.0,0.0,0.0,0.0,0,0,0,0.0,,,0.0,0.0,0.0,INT,,,610.0,,0.0,0.0,0.0,0
47048,0.0,0.0,0.0,0.0,0.0,0.0,udp,0.0,,cs0,,249.0,,7.0,,Start,1,1,0,74,74,0,74.0,0.0,0.0,0.0,0.0,0,0,0,0.0,,,0.0,0.0,0.0,INT,,,610.0,,0.0,0.0,0.0,0
47056,0.0,0.0,0.0,0.0,0.0,0.0,udp,0.0,,cs0,,249.0,,7.0,,Start,1,1,0,74,74,0,74.0,0.0,0.0,0.0,0.0,0,0,0,0.0,,,0.0,0.0,0.0,INT,,,610.0,,0.0,0.0,0.0,0
47071,0.0,0.0,0.0,0.0,0.0,0.0,icmp,0.0,,cs0,,58.0,,6.0,,Start,1,1,0,98,98,0,98.0,0.0,0.0,0.0,0.0,0,0,0,0.0,,,0.0,0.0,0.0,ECO,,,,,0.0,0.0,0.0,0
47097,0.0,0.0,0.0,0.0,0.0,0.0,udp,0.0,,cs0,,249.0,,7.0,,Start,1,1,0,74,74,0,74.0,0.0,0.0,0.0,0.0,0,0,0,0.0,,,0.0,0.0,0.0,INT,,,610.0,,0.0,0.0,0.0,0
47125,0.0,0.0,0.0,0.0,0.0,0.0,udp,0.0,,cs0,,249.0,,7.0,,Start,1,1,0,74,74,0,74.0,0.0,0.0,0.0,0.0,0,0,0,0.0,,,0.0,0.0,0.0,INT,,,610.0,,0.0,0.0,0.0,0
47140,0.0,0.0,0.0,0.0,0.0,0.0,udp,0.0,,cs0,,249.0,,7.0,,Start,1,1,0,74,74,0,74.0,0.0,0.0,0.0,0.0,0,0,0,0.0,,,0.0,0.0,0.0,INT,,,610.0,,0.0,0.0,0.0,0
47192,0.0,0.0,0.0,0.0,0.0,0.0,udp,0.0,,cs0,,249.0,,7.0,,Start,1,1,0,74,74,0,74.0,0.0,0.0,0.0,0.0,0,0,0,0.0,,,0.0,0.0,0.0,INT,,,610.0,,0.0,0.0,0.0,0
47207,0.0,0.0,0.0,0.0,0.0,0.0,udp,0.0,,cs0,,249.0,,7.0,,Start,1,1,0,74,74,0,74.0,0.0,0.0,0.0,0.0,0,0,0,0.0,,,0.0,0.0,0.0,INT,,,610.0,,0.0,0.0,0.0,0
47215,0.0,0.0,0.0,0.0,0.0,0.0,icmp,0.0,,cs0,,58.0,,6.0,,Start,1,1,0,98,98,0,98.0,0.0,0.0,0.0,0.0,0,0,0,0.0,,,0.0,0.0,0.0,ECO,,,,,0.0,0.0,0.0,0
47257,0.0,0.0,0.0,0.0,0.0,0.0,udp,0.0,,cs0,,249.0,,7.0,,Start,1,1,0,74,74,0,74.0,0.0,0.0,0.0,0.0,0,0,0,0.0,,,0.0,0.0,0.0,INT,,,610.0,,0.0,0.0,0.0,0
47274,0.0,0.0,0.0,0.0,0.0,0.0,udp,0.0,,cs0,,249.0,,7.0,,Start,1,1,0,74,74,0,74.0,0.0,0.0,0.0,0.0,0,0,0,0.0,,,0.0,0.0,0.0,INT,,,610.0,,0.0,0.0,0.0,0
47389,0.0,0.0,0.0,0.0,0.0,0.0,udp,0.0,,cs0,,249.0,,7.0,,Start,1,1,0,74,74,0,74.0,0.0,0.0,0.0,0.0,0,0,0,0.0,,,0.0,0.0,0.0,INT,,,610.0,,0.0,0.0,0.0,0
47401,0.0,0.0,0.0,0.0,0.0,0.0,udp,0.0,,cs0,,249.0,,7.0,,Start,1,1,0,74,74,0,74.0,0.0,0.0,0.0,0.0,0,0,0,0.0,,,0.0,0.0,0.0,INT,,,610.0,,0.0,0.0,0.0,0
47435,0.0,0.0,0.0,0.0,0.0,0.0,udp,0.0,,cs0,,249.0,,7.0,,Start,1,1,0,74,74,0,74.0,0.0,0.0,0.0,0.0,0,0,0,0.0,,,0.0,0.0,0.0,INT,,,610.0,,0.0,0.0,0.0,0
47464,0.0,0.0,0.0,0.0,0.0,0.0,udp,0.0,,cs0,,249.0,,7.0,,Start,1,1,0,74,74,0,74.0,0.0,0.0,0.0,0.0,0,0,0,0.0,,,0.0,0.0,0.0,INT,,,610.0,,0.0,0.0,0.0,0
47593,0.0,0.0,0.0,0.0,0.0,0.0,udp,0.0,,cs0,,249.0,,7.0,,Start,1,1,0,74,74,0,74.0,0.0,0.0,0.0,0.0,0,0,0,0.0,,,0.0,0.0,0.0,INT,,,610.0,,0.0,0.0,0.0,0
47602,0.0,0.0,0.0,0.0,0.0,0.0,udp,0.0,,cs0,,249.0,,7.0,,Start,1,1,0,74,74,0,74.0,0.0,0.0,0.0,0.0,0,0,0,0.0,,,0.0,0.0,0.0,INT,,,610.0,,0.0,0.0,0.0,0
47633,0.0,0.0,0.0,0.0,0.0,0.0,udp,0.0,,cs0,,249.0,,7.0,,Start,1,1,0,74,74,0,74.0,0.0,0.0,0.0,0.0,0,0,0,0.0,,,0.0,0.0,0.0,INT,,,610.0,,0.0,0.0,0.0,0
47657,0.0,0.0,0.0,0.0,0.0,0.0,udp,0.0,,cs0,,249.0,,7.0,,Start,1,1,0,74,74,0,74.0,0.0,0.0,0.0,0.0,0,0,0,0.0,,,0.0,0.0,0.0,INT,,,610.0,,0.0,0.0,0.0,0
47686,0.0,0.0,0.0,0.0,0.0,0.0,udp,0.0,,cs0,,249.0,,7.0,,Start,1,1,0,74,74,0,74.0,0.0,0.0,0.0,0.0,0,0,0,0.0,,,0.0,0.0,0.0,INT,,,610.0,,0.0,0.0,0.0,0
47687,0.0,0.0,0.0,0.0,0.0,0.0,udp,0.0,,cs0,,249.0,,7.0,,Start,1,1,0,74,74,0,74.0,0.0,0.0,0.0,0.0,0,0,0,0.0,,,0.0,0.0,0.0,INT,,,610.0,,0.0,0.0,0.0,0
47743,0.0,0.0,0.0,0.0,0.0,0.0,udp,0.0,,cs0,,249.0,,7.0,,Start,1,1,0,74,74,0,74.0,0.0,0.0,0.0,0.0,0,0,0,0.0,,,0.0,0.0,0.0,INT,,,610.0,,0.0,0.0,0.0,0
47780,0.0,0.0,0.0,0.0,0.0,0.0,udp,0.0,,cs0,,249.0,,7.0,,Start,1,1,0,74,74,0,74.0,0.0,0.0,0.0,0.0,0,0,0,0.0,,,0.0,0.0,0.0,INT,,,610.0,,0.0,0.0,0.0,0
47788,0.0,0.0,0.0,0.0,0.0,0.0,udp,0.0,,cs0,,249.0,,7.0,,Start,1,1,0,74,74,0,74.0,0.0,0.0,0.0,0.0,0,0,0,0.0,,,0.0,0.0,0.0,INT,,,610.0,,0.0,0.0,0.0,0
47825,0.0,0.0,0.0,0.0,0.0,0.0,udp,0.0,,cs0,,249.0,,7.0,,Start,1,1,0,74,74,0,74.0,0.0,0.0,0.0,0.0,0,0,0,0.0,,,0.0,0.0,0.0,INT,,,610.0,,0.0,0.0,0.0,0
47886,0.0,0.0,0.0,0.0,0.0,0.0,udp,0.0,,cs0,,249.0,,7.0,,Start,1,1,0,74,74,0,74.0,0.0,0.0,0.0,0.0,0,0,0,0.0,,,0.0,0.0,0.0,INT,,,610.0,,0.0,0.0,0.0,0
47942,0.0,0.0,0.0,0.0,0.0,0.0,udp,0.0,,cs0,,249.0,,7.0,,Start,1,1,0,74,74,0,74.0,0.0,0.0,0.0,0.0,0,0,0,0.0,,,0.0,0.0,0.0,INT,,,610.0,,0.0,0.0,0.0,0
47972,0.0,0.0,0.0,0.0,0.0,0.0,udp,0.0,,cs0,,249.0,,7.0,,Start,1,1,0,74,74,0,74.0,0.0,0.0,0.0,0.0,0,0,0,0.0,,,0.0,0.0,0.0,INT,,,610.0,,0.0,0.0,0.0,0
47992,0.0,0.0,0.0,0.0,0.0,0.0,udp,0.0,,cs0,,249.0,,7.0,,Start,1,1,0,74,74,0,74.0,0.0,0.0,0.0,0.0,0,0,0,0.0,,,0.0,0.0,0.0,INT,,,610.0,,0.0,0.0,0.0,0
48005,0.0,0.0,0.0,0.0,0.0,0.0,udp,0.0,,cs0,,249.0,,7.0,,Start,1,1,0,74,74,0,74.0,0.0,0.0,0.0,0.0,0,0,0,0.0,,,0.0,0.0,0.0,INT,,,610.0,,0.0,0.0,0.0,0
48015,0.0,0.0,0.0,0.0,0.0,0.0,udp,0.0,,cs0,,249.0,,7.0,,Start,1,1,0,74,74,0,74.0,0.0,0.0,0.0,0.0,0,0,0,0.0,,,0.0,0.0,0.0,INT,,,610.0,,0.0,0.0,0.0,0
48021,0.0,0.0,0.0,0.0,0.0,0.0,udp,0.0,,cs0,,249.0,,7.0,,Start,1,1,0,74,74,0,74.0,0.0,0.0,0.0,0.0,0,0,0,0.0,,,0.0,0.0,0.0,INT,,,610.0,,0.0,0.0,0.0,0
48057,0.0,0.0,0.0,0.0,0.0,0.0,udp,0.0,,cs0,,249.0,,7.0,,Start,1,1,0,74,74,0,74.0,0.0,0.0,0.0,0.0,0,0,0,0.0,,,0.0,0.0,0.0,INT,,,610.0,,0.0,0.0,0.0,0
48069,0.0,0.0,0.0,0.0,0.0,0.0,udp,0.0,,cs0,,249.0,,7.0,,Start,1,1,0,74,74,0,74.0,0.0,0.0,0.0,0.0,0,0,0,0.0,,,0.0,0.0,0.0,INT,,,610.0,,0.0,0.0,0.0,0
48105,0.0,0.0,0.0,0.0,0.0,0.0,udp,0.0,,cs0,,249.0,,7.0,,Start,1,1,0,74,74,0,74.0,0.0,0.0,0.0,0.0,0,0,0,0.0,,,0.0,0.0,0.0,INT,,,610.0,,0.0,0.0,0.0,0
48125,0.001118,0.001118,0.001118,0.001118,0.001118,0.001118,tcp,0.0,0.0,cs0,cs0,64.0,62.0,0.0,2.0,Start,2,1,1,128,74,54,74.0,54.0,0.0,0.0,0.0,0,0,0,0.0,0.0,0.0,894.454346,0.0,0.0,RST,33553920.0,0.0,,,0.0,0.0,0.0,0
48160,0.0,0.0,0.0,0.0,0.0,0.0,udp,0.0,,cs0,,249.0,,7.0,,Start,1,1,0,74,74,0,74.0,0.0,0.0,0.0,0.0,0,0,0,0.0,,,0.0,0.0,0.0,INT,,,610.0,,0.0,0.0,0.0,0
48178,0.0,0.0,0.0,0.0,0.0,0.0,udp,0.0,,cs0,,249.0,,7.0,,Start,1,1,0,74,74,0,74.0,0.0,0.0,0.0,0.0,0,0,0,0.0,,,0.0,0.0,0.0,INT,,,610.0,,0.0,0.0,0.0,0
48217,0.0,0.0,0.0,0.0,0.0,0.0,udp,0.0,,cs0,,249.0,,7.0,,Start,1,1,0,74,74,0,74.0,0.0,0.0,0.0,0.0,0,0,0,0.0,,,0.0,0.0,0.0,INT,,,610.0,,0.0,0.0,0.0,0
48219,0.0,0.0,0.0,0.0,0.0,0.0,udp,0.0,,cs0,,249.0,,7.0,,Start,1,1,0,74,74,0,74.0,0.0,0.0,0.0,0.0,0,0,0,0.0,,,0.0,0.0,0.0,INT,,,610.0,,0.0,0.0,0.0,0
48244,0.0,0.0,0.0,0.0,0.0,0.0,udp,0.0,,cs0,,249.0,,7.0,,Start,1,1,0,74,74,0,74.0,0.0,0.0,0.0,0.0,0,0,0,0.0,,,0.0,0.0,0.0,INT,,,610.0,,0.0,0.0,0.0,0
48260,0.0,0.0,0.0,0.0,0.0,0.0,udp,0.0,,cs0,,249.0,,7.0,,Start,1,1,0,74,74,0,74.0,0.0,0.0,0.0,0.0,0,0,0,0.0,,,0.0,0.0,0.0,INT,,,610.0,,0.0,0.0,0.0,0
48267,0.0,0.0,0.0,0.0,0.0,0.0,udp,0.0,,cs0,,249.0,,7.0,,Start,1,1,0,74,74,0,74.0,0.0,0.0,0.0,0.0,0,0,0,0.0,,,0.0,0.0,0.0,INT,,,610.0,,0.0,0.0,0.0,0
48283,0.0,0.0,0.0,0.0,0.0,0.0,udp,0.0,,cs0,,249.0,,7.0,,Start,1,1,0,74,74,0,74.0,0.0,0.0,0.0,0.0,0,0,0,0.0,,,0.0,0.0,0.0,INT,,,610.0,,0.0,0.0,0.0,0
48290,0.0,0.0,0.0,0.0,0.0,0.0,udp,0.0,,cs0,,249.0,,7.0,,Start,1,1,0,74,74,0,74.0,0.0,0.0,0.0,0.0,0,0,0,0.0,,,0.0,0.0,0.0,INT,,,610.0,,0.0,0.0,0.0,0
48296,0.0,0.0,0.0,0.0,0.0,0.0,udp,0.0,,cs0,,249.0,,7.0,,Start,1,1,0,74,74,0,74.0,0.0,0.0,0.0,0.0,0,0,0,0.0,,,0.0,0.0,0.0,INT,,,610.0,,0.0,0.0,0.0,0
48361,0.0,0.0,0.0,0.0,0.0,0.0,udp,0.0,,cs0,,249.0,,7.0,,Start,1,1,0,74,74,0,74.0,0.0,0.0,0.0,0.0,0,0,0,0.0,,,0.0,0.0,0.0,INT,,,610.0,,0.0,0.0,0.0,0
48377,0.0,0.0,0.0,0.0,0.0,0.0,udp,0.0,,cs0,,249.0,,7.0,,Start,1,1,0,74,74,0,74.0,0.0,0.0,0.0,0.0,0,0,0,0.0,,,0.0,0.0,0.0,INT,,,610.0,,0.0,0.0,0.0,0
48414,0.0,0.0,0.0,0.0,0.0,0.0,udp,0.0,,cs0,,249.0,,7.0,,Start,1,1,0,74,74,0,74.0,0.0,0.0,0.0,0.0,0,0,0,0.0,,,0.0,0.0,0.0,INT,,,610.0,,0.0,0.0,0.0,0
48449,0.0,0.0,0.0,0.0,0.0,0.0,udp,0.0,,cs0,,249.0,,7.0,,Start,1,1,0,74,74,0,74.0,0.0,0.0,0.0,0.0,0,0,0,0.0,,,0.0,0.0,0.0,INT,,,610.0,,0.0,0.0,0.0,0
48497,0.0,0.0,0.0,0.0,0.0,0.0,udp,0.0,,cs0,,249.0,,7.0,,Start,1,1,0,74,74,0,74.0,0.0,0.0,0.0,0.0,0,0,0,0.0,,,0.0,0.0,0.0,INT,,,610.0,,0.0,0.0,0.0,0
48586,0.0,0.0,0.0,0.0,0.0,0.0,udp,0.0,,cs0,,249.0,,7.0,,Start,1,1,0,74,74,0,74.0,0.0,0.0,0.0,0.0,0,0,0,0.0,,,0.0,0.0,0.0,INT,,,610.0,,0.0,0.0,0.0,0
48772,0.0,0.0,0.0,0.0,0.0,0.0,udp,0.0,,cs0,,249.0,,7.0,,Start,1,1,0,74,74,0,74.0,0.0,0.0,0.0,0.0,0,0,0,0.0,,,0.0,0.0,0.0,INT,,,610.0,,0.0,0.0,0.0,0
48818,0.0,0.0,0.0,0.0,0.0,0.0,udp,0.0,,cs0,,249.0,,7.0,,Start,1,1,0,74,74,0,74.0,0.0,0.0,0.0,0.0,0,0,0,0.0,,,0.0,0.0,0.0,INT,,,610.0,,0.0,0.0,0.0,0
48823,0.0,0.0,0.0,0.0,0.0,0.0,udp,0.0,,cs0,,249.0,,7.0,,Start,1,1,0,74,74,0,74.0,0.0,0.0,0.0,0.0,0,0,0,0.0,,,0.0,0.0,0.0,INT,,,610.0,,0.0,0.0,0.0,0
48871,0.0,0.0,0.0,0.0,0.0,0.0,udp,0.0,,cs0,,249.0,,7.0,,Start,1,1,0,74,74,0,74.0,0.0,0.0,0.0,0.0,0,0,0,0.0,,,0.0,0.0,0.0,INT,,,610.0,,0.0,0.0,0.0,0
48894,1.297135,1.297135,1.297135,1.297135,1.297135,1.297135,tcp,0.0,0.0,cs0,cs0,64.0,52.0,0.0,12.0,Start,26,14,12,12883,2289,10594,163.5,882.833313,73010.13281,13111.97363,59898.16016,0,0,0,0.0,0.0,0.0,19.273245,10.022087,8.480227,CON,89088.0,68864.0,,,0.037122,0.021518,0.015604,0
49083,0.0,0.0,0.0,0.0,0.0,0.0,udp,0.0,,cs0,,249.0,,7.0,,Start,1,1,0,74,74,0,74.0,0.0,0.0,0.0,0.0,0,0,0,0.0,,,0.0,0.0,0.0,INT,,,610.0,,0.0,0.0,0.0,0
49093,0.0,0.0,0.0,0.0,0.0,0.0,udp,0.0,,cs0,,249.0,,7.0,,Start,1,1,0,74,74,0,74.0,0.0,0.0,0.0,0.0,0,0,0,0.0,,,0.0,0.0,0.0,INT,,,610.0,,0.0,0.0,0.0,0
49094,0.0,0.0,0.0,0.0,0.0,0.0,udp,0.0,,cs0,,249.0,,7.0,,Start,1,1,0,74,74,0,74.0,0.0,0.0,0.0,0.0,0,0,0,0.0,,,0.0,0.0,0.0,INT,,,610.0,,0.0,0.0,0.0,0
49237,0.0,0.0,0.0,0.0,0.0,0.0,udp,0.0,,cs0,,249.0,,7.0,,Start,1,1,0,74,74,0,74.0,0.0,0.0,0.0,0.0,0,0,0,0.0,,,0.0,0.0,0.0,INT,,,610.0,,0.0,0.0,0.0,0
49253,0.0,0.0,0.0,0.0,0.0,0.0,udp,0.0,,cs0,,249.0,,7.0,,Start,1,1,0,74,74,0,74.0,0.0,0.0,0.0,0.0,0,0,0,0.0,,,0.0,0.0,0.0,INT,,,610.0,,0.0,0.0,0.0,0
49268,0.0,0.0,0.0,0.0,0.0,0.0,udp,0.0,,cs0,,249.0,,7.0,,Start,1,1,0,74,74,0,74.0,0.0,0.0,0.0,0.0,0,0,0,0.0,,,0.0,0.0,0.0,INT,,,610.0,,0.0,0.0,0.0,0
49292,0.0,0.0,0.0,0.0,0.0,0.0,udp,0.0,,cs0,,249.0,,7.0,,Start,1,1,0,74,74,0,74.0,0.0,0.0,0.0,0.0,0,0,0,0.0,,,0.0,0.0,0.0,INT,,,610.0,,0.0,0.0,0.0,0
49297,0.0,0.0,0.0,0.0,0.0,0.0,udp,0.0,,cs0,,249.0,,7.0,,Start,1,1,0,74,74,0,74.0,0.0,0.0,0.0,0.0,0,0,0,0.0,,,0.0,0.0,0.0,INT,,,610.0,,0.0,0.0,0.0,0
49350,0.0,0.0,0.0,0.0,0.0,0.0,udp,0.0,,cs0,,249.0,,7.0,,Start,1,1,0,74,74,0,74.0,0.0,0.0,0.0,0.0,0,0,0,0.0,,,0.0,0.0,0.0,INT,,,610.0,,0.0,0.0,0.0,0
49434,0.0,0.0,0.0,0.0,0.0,0.0,udp,0.0,,cs0,,249.0,,7.0,,Start,1,1,0,74,74,0,74.0,0.0,0.0,0.0,0.0,0,0,0,0.0,,,0.0,0.0,0.0,INT,,,610.0,,0.0,0.0,0.0,0
49462,0.0,0.0,0.0,0.0,0.0,0.0,udp,0.0,,cs0,,249.0,,7.0,,Start,1,1,0,74,74,0,74.0,0.0,0.0,0.0,0.0,0,0,0,0.0,,,0.0,0.0,0.0,INT,,,610.0,,0.0,0.0,0.0,0
49467,0.0,0.0,0.0,0.0,0.0,0.0,udp,0.0,,cs0,,249.0,,7.0,,Start,1,1,0,74,74,0,74.0,0.0,0.0,0.0,0.0,0,0,0,0.0,,,0.0,0.0,0.0,INT,,,610.0,,0.0,0.0,0.0,0
49575,0.0,0.0,0.0,0.0,0.0,0.0,udp,0.0,,cs0,,249.0,,7.0,,Start,1,1,0,74,74,0,74.0,0.0,0.0,0.0,0.0,0,0,0,0.0,,,0.0,0.0,0.0,INT,,,610.0,,0.0,0.0,0.0,0
49608,0.0,0.0,0.0,0.0,0.0,0.0,udp,0.0,,cs0,,249.0,,7.0,,Start,1,1,0,74,74,0,74.0,0.0,0.0,0.0,0.0,0,0,0,0.0,,,0.0,0.0,0.0,INT,,,610.0,,0.0,0.0,0.0,0
49633,0.0,0.0,0.0,0.0,0.0,0.0,udp,0.0,,cs0,,249.0,,7.0,,Start,1,1,0,74,74,0,74.0,0.0,0.0,0.0,0.0,0,0,0,0.0,,,0.0,0.0,0.0,INT,,,610.0,,0.0,0.0,0.0,0
49686,0.0,0.0,0.0,0.0,0.0,0.0,udp,0.0,,cs0,,249.0,,7.0,,Start,1,1,0,74,74,0,74.0,0.0,0.0,0.0,0.0,0,0,0,0.0,,,0.0,0.0,0.0,INT,,,610.0,,0.0,0.0,0.0,0
49712,0.0,0.0,0.0,0.0,0.0,0.0,udp,0.0,,cs0,,249.0,,7.0,,Start,1,1,0,74,74,0,74.0,0.0,0.0,0.0,0.0,0,0,0,0.0,,,0.0,0.0,0.0,INT,,,610.0,,0.0,0.0,0.0,0
49757,0.0,0.0,0.0,0.0,0.0,0.0,udp,0.0,,cs0,,249.0,,7.0,,Start,1,1,0,74,74,0,74.0,0.0,0.0,0.0,0.0,0,0,0,0.0,,,0.0,0.0,0.0,INT,,,610.0,,0.0,0.0,0.0,0
49776,0.0,0.0,0.0,0.0,0.0,0.0,udp,0.0,,cs0,,249.0,,7.0,,Start,1,1,0,74,74,0,74.0,0.0,0.0,0.0,0.0,0,0,0,0.0,,,0.0,0.0,0.0,INT,,,610.0,,0.0,0.0,0.0,0
49796,0.0,0.0,0.0,0.0,0.0,0.0,udp,0.0,,cs0,,249.0,,7.0,,Start,1,1,0,74,74,0,74.0,0.0,0.0,0.0,0.0,0,0,0,0.0,,,0.0,0.0,0.0,INT,,,610.0,,0.0,0.0,0.0,0
49807,0.0,0.0,0.0,0.0,0.0,0.0,udp,0.0,,cs0,,249.0,,7.0,,Start,1,1,0,74,74,0,74.0,0.0,0.0,0.0,0.0,0,0,0,0.0,,,0.0,0.0,0.0,INT,,,610.0,,0.0,0.0,0.0,0
49881,0.152946,0.152946,0.152946,0.152946,0.152946,0.152946,udp,0.0,0.0,cs0,cs0,64.0,52.0,0.0,12.0,Start,23,13,10,14820,9778,5042,752.15387,504.200012,709479.1875,472114.3438,237364.8281,0,0,0,0.0,,,143.841629,78.459068,58.844299,CON,,,,,0.0,0.0,0.0,0
49891,0.0,0.0,0.0,0.0,0.0,0.0,udp,0.0,,cs0,,249.0,,7.0,,Start,1,1,0,74,74,0,74.0,0.0,0.0,0.0,0.0,0,0,0,0.0,,,0.0,0.0,0.0,INT,,,610.0,,0.0,0.0,0.0,0
49951,0.0,0.0,0.0,0.0,0.0,0.0,udp,0.0,,cs0,,249.0,,7.0,,Start,1,1,0,74,74,0,74.0,0.0,0.0,0.0,0.0,0,0,0,0.0,,,0.0,0.0,0.0,INT,,,610.0,,0.0,0.0,0.0,0
49955,0.0,0.0,0.0,0.0,0.0,0.0,udp,0.0,,cs0,,249.0,,7.0,,Start,1,1,0,74,74,0,74.0,0.0,0.0,0.0,0.0,0,0,0,0.0,,,0.0,0.0,0.0,INT,,,610.0,,0.0,0.0,0.0,0
50096,0.0,0.0,0.0,0.0,0.0,0.0,udp,0.0,,cs0,,249.0,,7.0,,Start,1,1,0,74,74,0,74.0,0.0,0.0,0.0,0.0,0,0,0,0.0,,,0.0,0.0,0.0,INT,,,610.0,,0.0,0.0,0.0,0
50105,0.0,0.0,0.0,0.0,0.0,0.0,udp,0.0,,cs0,,249.0,,7.0,,Start,1,1,0,74,74,0,74.0,0.0,0.0,0.0,0.0,0,0,0,0.0,,,0.0,0.0,0.0,INT,,,610.0,,0.0,0.0,0.0,0
50190,0.0,0.0,0.0,0.0,0.0,0.0,udp,0.0,,cs0,,249.0,,7.0,,Start,1,1,0,74,74,0,74.0,0.0,0.0,0.0,0.0,0,0,0,0.0,,,0.0,0.0,0.0,INT,,,610.0,,0.0,0.0,0.0,0
50250,0.0,0.0,0.0,0.0,0.0,0.0,udp,0.0,,cs0,,249.0,,7.0,,Start,1,1,0,74,74,0,74.0,0.0,0.0,0.0,0.0,0,0,0,0.0,,,0.0,0.0,0.0,INT,,,610.0,,0.0,0.0,0.0,0
50387,0.0,0.0,0.0,0.0,0.0,0.0,udp,0.0,,cs0,,249.0,,7.0,,Start,1,1,0,74,74,0,74.0,0.0,0.0,0.0,0.0,0,0,0,0.0,,,0.0,0.0,0.0,INT,,,610.0,,0.0,0.0,0.0,0
50388,0.0,0.0,0.0,0.0,0.0,0.0,udp,0.0,,cs0,,249.0,,7.0,,Start,1,1,0,74,74,0,74.0,0.0,0.0,0.0,0.0,0,0,0,0.0,,,0.0,0.0,0.0,INT,,,610.0,,0.0,0.0,0.0,0
50505,0.0,0.0,0.0,0.0,0.0,0.0,udp,0.0,,cs0,,249.0,,7.0,,Start,1,1,0,74,74,0,74.0,0.0,0.0,0.0,0.0,0,0,0,0.0,,,0.0,0.0,0.0,INT,,,610.0,,0.0,0.0,0.0,0
50567,0.0,0.0,0.0,0.0,0.0,0.0,udp,0.0,,cs0,,249.0,,7.0,,Start,1,1,0,74,74,0,74.0,0.0,0.0,0.0,0.0,0,0,0,0.0,,,0.0,0.0,0.0,INT,,,610.0,,0.0,0.0,0.0,0
50602,0.0,0.0,0.0,0.0,0.0,0.0,udp,0.0,,cs0,,249.0,,7.0,,Start,1,1,0,74,74,0,74.0,0.0,0.0,0.0,0.0,0,0,0,0.0,,,0.0,0.0,0.0,INT,,,610.0,,0.0,0.0,0.0,0
50620,0.0,0.0,0.0,0.0,0.0,0.0,udp,0.0,,cs0,,249.0,,7.0,,Start,1,1,0,74,74,0,74.0,0.0,0.0,0.0,0.0,0,0,0,0.0,,,0.0,0.0,0.0,INT,,,610.0,,0.0,0.0,0.0,0
50624,0.0,0.0,0.0,0.0,0.0,0.0,udp,0.0,,cs0,,249.0,,7.0,,Start,1,1,0,74,74,0,74.0,0.0,0.0,0.0,0.0,0,0,0,0.0,,,0.0,0.0,0.0,INT,,,610.0,,0.0,0.0,0.0,0
50686,0.0,0.0,0.0,0.0,0.0,0.0,udp,0.0,,cs0,,249.0,,7.0,,Start,1,1,0,74,74,0,74.0,0.0,0.0,0.0,0.0,0,0,0,0.0,,,0.0,0.0,0.0,INT,,,610.0,,0.0,0.0,0.0,0
50726,0.04713,0.04713,0.04713,0.04713,0.04713,0.04713,tcp,0.0,0.0,cs0,cs0,64.0,117.0,0.0,11.0,Status,76,38,38,52264,4858,47406,127.842102,1247.526367,8638235.0,803055.375,7835179.5,0,0,0,0.0,0.0,0.0,1591.34314,785.062622,785.062622,CON,402944.0,88320.0,,,0.035872,0.021396,0.014476,0
50794,0.0,0.0,0.0,0.0,0.0,0.0,udp,0.0,,cs0,,249.0,,7.0,,Start,1,1,0,74,74,0,74.0,0.0,0.0,0.0,0.0,0,0,0,0.0,,,0.0,0.0,0.0,INT,,,610.0,,0.0,0.0,0.0,0
51065,0.0,0.0,0.0,0.0,0.0,0.0,udp,0.0,,cs0,,249.0,,7.0,,Shutdown,1,1,0,74,74,0,74.0,0.0,0.0,0.0,0.0,0,0,0,0.0,,,0.0,0.0,0.0,REQ,,,610.0,,0.0,0.0,0.0,0
51085,0.0,0.0,0.0,0.0,0.0,0.0,udp,0.0,,cs0,,249.0,,7.0,,Shutdown,1,1,0,74,74,0,74.0,0.0,0.0,0.0,0.0,0,0,0,0.0,,,0.0,0.0,0.0,REQ,,,610.0,,0.0,0.0,0.0,0
51105,0.0,0.0,0.0,0.0,0.0,0.0,udp,0.0,,cs0,,249.0,,7.0,,Shutdown,1,1,0,74,74,0,74.0,0.0,0.0,0.0,0.0,0,0,0,0.0,,,0.0,0.0,0.0,REQ,,,610.0,,0.0,0.0,0.0,0
51120,0.0,0.0,0.0,0.0,0.0,0.0,udp,0.0,,cs0,,249.0,,7.0,,Shutdown,1,1,0,74,74,0,74.0,0.0,0.0,0.0,0.0,0,0,0,0.0,,,0.0,0.0,0.0,REQ,,,610.0,,0.0,0.0,0.0,0
51127,0.0,0.0,0.0,0.0,0.0,0.0,udp,0.0,,cs0,,249.0,,7.0,,Shutdown,1,1,0,74,74,0,74.0,0.0,0.0,0.0,0.0,0,0,0,0.0,,,0.0,0.0,0.0,REQ,,,610.0,,0.0,0.0,0.0,0
51131,0.0,0.0,0.0,0.0,0.0,0.0,udp,0.0,,cs0,,249.0,,7.0,,Shutdown,1,1,0,74,74,0,74.0,0.0,0.0,0.0,0.0,0,0,0,0.0,,,0.0,0.0,0.0,REQ,,,610.0,,0.0,0.0,0.0,0
51138,0.0,0.0,0.0,0.0,0.0,0.0,udp,0.0,,cs0,,249.0,,7.0,,Shutdown,1,1,0,74,74,0,74.0,0.0,0.0,0.0,0.0,0,0,0,0.0,,,0.0,0.0,0.0,REQ,,,610.0,,0.0,0.0,0.0,0
51149,0.0,0.0,0.0,0.0,0.0,0.0,udp,0.0,,cs0,,249.0,,7.0,,Shutdown,1,1,0,74,74,0,74.0,0.0,0.0,0.0,0.0,0,0,0,0.0,,,0.0,0.0,0.0,REQ,,,610.0,,0.0,0.0,0.0,0
51274,0.0,0.0,0.0,0.0,0.0,0.0,udp,0.0,,cs0,,249.0,,7.0,,Shutdown,1,1,0,74,74,0,74.0,0.0,0.0,0.0,0.0,0,0,0,0.0,,,0.0,0.0,0.0,REQ,,,610.0,,0.0,0.0,0.0,0
51277,0.0,0.0,0.0,0.0,0.0,0.0,udp,0.0,,cs0,,249.0,,7.0,,Shutdown,1,1,0,74,74,0,74.0,0.0,0.0,0.0,0.0,0,0,0,0.0,,,0.0,0.0,0.0,REQ,,,610.0,,0.0,0.0,0.0,0
51283,0.0,0.0,0.0,0.0,0.0,0.0,udp,0.0,,cs0,,249.0,,7.0,,Shutdown,1,1,0,74,74,0,74.0,0.0,0.0,0.0,0.0,0,0,0,0.0,,,0.0,0.0,0.0,REQ,,,610.0,,0.0,0.0,0.0,0
51403,0.0,0.0,0.0,0.0,0.0,0.0,udp,0.0,,cs0,,249.0,,7.0,,Shutdown,1,1,0,74,74,0,74.0,0.0,0.0,0.0,0.0,0,0,0,0.0,,,0.0,0.0,0.0,REQ,,,610.0,,0.0,0.0,0.0,0
51444,0.152865,0.152865,0.152865,0.152865,0.152865,0.152865,udp,0.0,0.0,cs0,cs0,64.0,53.0,0.0,11.0,Start,17,10,7,12060,8001,4059,800.099976,579.857117,558976.875,376855.4063,182121.4844,0,0,0,0.0,,,104.667519,58.875481,39.25032,CON,,,,,0.0,0.0,0.0,0
51462,4.295506,4.295506,4.295506,4.295506,4.295506,4.295506,udp,0.0,0.0,cs0,cs0,64.0,52.0,0.0,12.0,Status,44,25,19,19530,12984,6546,519.359985,344.526306,34765.63672,23214.96094,11550.67676,0,0,0,0.0,,,10.010462,5.587234,4.190426,CON,,,,,0.0,0.0,0.0,0
51474,0.060563,0.060563,0.060563,0.060563,0.060563,0.060563,udp,0.0,0.0,cs0,cs0,64.0,117.0,0.0,11.0,Start,6,3,3,730,530,200,176.666672,66.666664,64461.79688,46761.22266,17700.57617,0,0,0,0.0,,,82.558655,33.02346,33.02346,CON,,,,,0.0,0.0,0.0,0
51492,0.04637,0.04637,0.04637,0.04637,0.04637,0.04637,udp,0.0,0.0,cs0,cs0,64.0,117.0,0.0,11.0,Start,6,3,3,746,546,200,182.0,66.666664,85917.61719,62799.22266,23118.39648,0,0,0,0.0,,,107.828339,43.131336,43.131336,CON,,,,,0.0,0.0,0.0,0
51510,4.999535,4.999535,4.999535,4.999535,4.999535,4.999535,udp,0.0,0.0,cs0,cs0,117.0,64.0,11.0,0.0,Status,324,311,13,425768,422126,3642,1357.318359,280.153839,678672.6875,673293.0,5379.700195,0,0,0,0.0,,,64.60601,62.005764,2.400223,CON,,,,,0.0,0.0,0.0,0
51522,0.081286,0.081286,0.081286,0.081286,0.081286,0.081286,udp,0.0,0.0,cs0,cs0,64.0,117.0,0.0,11.0,Start,6,3,3,746,546,200,182.0,66.666664,49012.13281,35824.12891,13188.00293,0,0,0,0.0,,,61.511208,24.604483,24.604483,CON,,,,,0.0,0.0,0.0,0
51536,4.9972,4.9972,4.9972,4.9972,4.9972,4.9972,udp,0.0,0.0,cs0,cs0,117.0,64.0,11.0,0.0,Status,203,180,23,249379,244470,4909,1358.166626,213.434784,396714.9688,389197.1563,7517.810059,0,0,0,0.0,,,40.422638,35.820061,4.402465,CON,,,,,0.0,0.0,0.0,0
51560,0.0,0.0,0.0,0.0,0.0,0.0,icmp,0.0,,cs0,,58.0,,6.0,,Start,1,1,0,98,98,0,98.0,0.0,0.0,0.0,0.0,0,0,0,0.0,,,0.0,0.0,0.0,ECO,,,,,0.0,0.0,0.0,0
51569,4.998853,4.998853,4.998853,4.998853,4.998853,4.998853,udp,0.0,0.0,cs0,cs0,117.0,64.0,11.0,0.0,Status,295,269,26,370817,365806,5011,1359.873657,192.730774,590961.1875,583249.0,7712.168945,0,0,0,0.0,,,58.813488,53.612297,5.001147,CON,,,,,0.0,0.0,0.0,0
51611,0.0,0.0,0.0,0.0,0.0,0.0,icmp,0.0,,cs0,,58.0,,6.0,,Start,1,1,0,98,98,0,98.0,0.0,0.0,0.0,0.0,0,0,0,0.0,,,0.0,0.0,0.0,ECO,,,,,0.0,0.0,0.0,0
51638,0.0,0.0,0.0,0.0,0.0,0.0,icmp,0.0,,cs0,,58.0,,6.0,,Start,1,1,0,98,98,0,98.0,0.0,0.0,0.0,0.0,0,0,0,0.0,,,0.0,0.0,0.0,ECO,,,,,0.0,0.0,0.0,0
51737,0.0,0.0,0.0,0.0,0.0,0.0,icmp,0.0,,cs0,,58.0,,6.0,,Start,1,1,0,98,98,0,98.0,0.0,0.0,0.0,0.0,0,0,0,0.0,,,0.0,0.0,0.0,ECO,,,,,0.0,0.0,0.0,0
51840,0.0,0.0,0.0,0.0,0.0,0.0,icmp,0.0,,cs0,,58.0,,6.0,,Start,1,1,0,98,98,0,98.0,0.0,0.0,0.0,0.0,0,0,0,0.0,,,0.0,0.0,0.0,ECO,,,,,0.0,0.0,0.0,0
51890,0.13125,0.13125,0.13125,0.13125,0.13125,0.13125,udp,0.0,0.0,cs0,cs0,64.0,52.0,0.0,12.0,Start,21,11,10,6867,2522,4345,229.27272,434.5,378148.5938,139763.8125,238384.7656,0,0,0,0.0,,,152.380966,76.190483,68.571434,CON,,,,,0.0,0.0,0.0,0
51935,0.0,0.0,0.0,0.0,0.0,0.0,udp,0.0,,cs0,,249.0,,7.0,,Start,1,1,0,64,64,0,64.0,0.0,0.0,0.0,0.0,0,0,0,0.0,,,0.0,0.0,0.0,INT,,,610.0,,0.0,0.0,0.0,0
51943,0.0,0.0,0.0,0.0,0.0,0.0,udp,0.0,,cs0,,249.0,,7.0,,Start,1,1,0,64,64,0,64.0,0.0,0.0,0.0,0.0,0,0,0,0.0,,,0.0,0.0,0.0,INT,,,610.0,,0.0,0.0,0.0,0
51968,0.0,0.0,0.0,0.0,0.0,0.0,udp,0.0,,cs0,,255.0,,1.0,,Start,1,1,0,60,60,0,60.0,0.0,0.0,0.0,0.0,0,0,0,0.0,,,0.0,0.0,0.0,INT,,,,,0.0,0.0,0.0,0
52040,0.065362,0.065362,0.065362,0.065362,0.065362,0.065362,udp,0.0,0.0,cs0,cs0,64.0,117.0,0.0,11.0,Status,6,3,3,730,530,200,176.666672,66.666664,59728.89453,43327.92969,16400.9668,0,0,0,0.0,,,76.497047,30.59882,30.59882,CON,,,,,0.0,0.0,0.0,0
52132,0.0,0.0,0.0,0.0,0.0,0.0,udp,0.0,,cs0,,249.0,,7.0,,Start,1,1,0,64,64,0,64.0,0.0,0.0,0.0,0.0,0,0,0,0.0,,,0.0,0.0,0.0,INT,,,610.0,,0.0,0.0,0.0,0
52194,0.0,0.0,0.0,0.0,0.0,0.0,udp,0.0,,cs0,,249.0,,7.0,,Start,1,1,0,64,64,0,64.0,0.0,0.0,0.0,0.0,0,0,0,0.0,,,0.0,0.0,0.0,INT,,,610.0,,0.0,0.0,0.0,0
52289,0.0,0.0,0.0,0.0,0.0,0.0,udp,0.0,,cs0,,249.0,,7.0,,Start,1,1,0,64,64,0,64.0,0.0,0.0,0.0,0.0,0,0,0,0.0,,,0.0,0.0,0.0,INT,,,610.0,,0.0,0.0,0.0,0
52312,4.924759,4.924759,4.924759,4.924759,4.924759,4.924759,udp,0.0,0.0,cs0,cs0,117.0,64.0,11.0,0.0,Status,95,90,5,122297,118595,3702,1317.722168,740.400024,195323.2656,190511.6563,4811.605957,0,0,0,0.0,,,19.087229,18.071951,0.812222,CON,,,,,0.0,0.0,0.0,0
52349,4.815324,4.815324,4.815324,4.815324,4.815324,4.815324,udp,0.0,0.0,cs0,cs0,117.0,64.0,11.0,0.0,Status,67,52,15,69273,64705,4568,1244.326904,304.533325,112515.7969,105431.75,7084.05127,0,0,0,0.0,,,13.706244,10.591188,2.907385,CON,,,,,0.0,0.0,0.0,0
52385,0.23541,0.23541,0.23541,0.23541,0.23541,0.23541,sctp,186.0,40.0,ef,af11,255.0,250.0,1.0,6.0,Status,4,2,2,1364,244,1120,122.0,560.0,23176.58594,4145.958008,19030.62695,0,0,0,0.0,,,12.743724,4.247908,4.247908,CON,,,,610.0,0.0,0.0,0.0,0
52391,0.062886,0.062886,0.062886,0.062886,0.062886,0.062886,udp,0.0,0.0,cs0,cs0,64.0,117.0,0.0,11.0,Status,6,4,2,914,760,154,190.0,77.0,82307.67188,72512.16406,9795.50293,0,0,0,0.0,,,79.508957,47.705372,15.901791,CON,,,,,0.0,0.0,0.0,0
52397,0.0,0.0,0.0,0.0,0.0,0.0,icmp,0.0,,cs0,,58.0,,6.0,,Start,1,1,0,98,98,0,98.0,0.0,0.0,0.0,0.0,0,0,0,0.0,,,0.0,0.0,0.0,ECO,,,,,0.0,0.0,0.0,0
52489,2.345085,2.345085,2.345085,2.345085,2.345085,2.345085,sctp,40.0,186.0,af11,ef,250.0,255.0,6.0,1.0,Status,4,2,2,424,216,208,108.0,104.0,723.214783,368.430145,354.784607,0,0,0,0.0,,,1.279271,0.426424,0.426424,CON,,,610.0,,0.0,0.0,0.0,0
52524,0.0,0.0,0.0,0.0,0.0,0.0,icmp,0.0,,cs0,,58.0,,6.0,,Start,1,1,0,98,98,0,98.0,0.0,0.0,0.0,0.0,0,0,0,0.0,,,0.0,0.0,0.0,ECO,,,,,0.0,0.0,0.0,0
52539,0.0689,0.0689,0.0689,0.0689,0.0689,0.0689,udp,0.0,0.0,cs0,cs0,64.0,117.0,0.0,11.0,Status,6,3,3,736,533,203,177.666672,67.666664,57126.27344,41335.26953,15791.00195,0,0,0,0.0,,,72.568947,29.027578,29.027578,CON,,,,,0.0,0.0,0.0,0
52564,0.001113,0.001113,0.001113,0.001113,0.001113,0.001113,tcp,0.0,0.0,cs0,cs0,64.0,63.0,0.0,1.0,Status,2,1,1,132,66,66,66.0,66.0,0.0,0.0,0.0,0,0,0,0.0,0.0,0.0,898.472595,0.0,0.0,CON,68096.0,31104.0,,,0.023902,0.001295,0.022607,0
52650,0.174896,0.174896,0.174896,0.174896,0.174896,0.174896,udp,0.0,0.0,cs0,cs0,64.0,53.0,0.0,11.0,Start,22,13,9,13807,9090,4717,699.230774,524.111084,575610.625,383816.6563,191793.9844,0,0,0,0.0,,,120.071358,68.612206,45.74147,CON,,,,,0.0,0.0,0.0,0
52676,0.065992,0.065992,0.065992,0.065992,0.065992,0.065992,udp,0.0,0.0,cs0,cs0,64.0,117.0,0.0,11.0,Status,5,3,2,668,530,138,176.666672,69.0,51278.94531,42914.29297,8364.650391,0,0,0,0.0,,,60.613411,30.306705,15.153353,CON,,,,,0.0,0.0,0.0,0
52720,8.4e-05,8.4e-05,8.4e-05,8.4e-05,8.4e-05,8.4e-05,udp,224.0,184.0,cs7,ef,250.0,255.0,6.0,1.0,Start,2,1,1,124,64,60,64.0,60.0,0.0,0.0,0.0,0,0,0,0.0,,,11904.76172,0.0,0.0,CON,,,610.0,,0.0,0.0,0.0,0
52747,0.0,0.0,0.0,0.0,0.0,0.0,icmp,0.0,,cs0,,58.0,,6.0,,Start,1,1,0,98,98,0,98.0,0.0,0.0,0.0,0.0,0,0,0,0.0,,,0.0,0.0,0.0,ECO,,,,,0.0,0.0,0.0,0
52796,0.153045,0.153045,0.153045,0.153045,0.153045,0.153045,tcp,0.0,0.0,cs0,cs0,64.0,63.0,0.0,1.0,Start,17,9,8,5398,1013,4385,112.555557,548.125,247665.7188,47097.25781,200568.4688,0,0,0,0.0,0.0,0.0,104.544418,52.272209,45.738182,CON,75776.0,31104.0,,,0.015078,0.001142,0.013936,0
52962,3.105565,3.105565,3.105565,3.105565,3.105565,3.105565,udp,0.0,0.0,cs0,cs0,64.0,52.0,0.0,12.0,Status,40,23,17,18582,12737,5845,553.782593,343.823517,45559.50391,31386.23633,14173.26563,0,0,0,0.0,,,12.558101,7.084057,5.152041,CON,,,,,0.0,0.0,0.0,0
52977,4.96682,4.96682,4.96682,4.96682,4.96682,4.96682,udp,0.0,0.0,cs0,cs0,117.0,64.0,11.0,0.0,Status,134,115,19,154615,149799,4816,1302.599976,253.473679,246532.0,239182.4219,7349.572266,0,0,0,0.0,,,26.777699,22.952312,3.624049,CON,,,,,0.0,0.0,0.0,0
53004,4.888552,4.888552,4.888552,4.888552,4.888552,4.888552,udp,0.0,0.0,cs0,cs0,117.0,64.0,11.0,0.0,Status,126,113,13,154871,150802,4069,1334.531006,313.0,250747.4531,244600.8438,6146.60498,0,0,0,0.0,,,25.569942,22.910669,2.454715,CON,,,,,0.0,0.0,0.0,0
53056,0.199108,0.199108,0.199108,0.199108,0.199108,0.199108,udp,0.0,0.0,cs0,cs0,64.0,53.0,0.0,11.0,Start,21,13,8,13172,8366,4806,643.538452,600.75,479297.6563,310303.9375,168993.7031,0,0,0,0.0,,,100.447998,60.268799,35.156799,CON,,,,,0.0,0.0,0.0,0
53170,0.352727,0.352727,0.352727,0.352727,0.352727,0.352727,udp,0.0,0.0,cs0,cs0,64.0,52.0,0.0,12.0,Start,14,8,6,7202,5103,2099,637.875,349.833344,140981.5469,101290.8047,39690.75391,0,0,0,0.0,,,36.855698,19.845377,14.175269,CON,,,,,0.0,0.0,0.0,0
53180,4.362617,4.362617,4.362617,4.362617,4.362617,4.362617,udp,0.0,0.0,cs0,cs0,64.0,52.0,0.0,12.0,Status,42,24,18,19634,12884,6750,536.833313,375.0,34333.51953,22643.28906,11690.23047,0,0,0,0.0,,,9.398028,5.272065,3.896744,CON,,,,,0.0,0.0,0.0,0
53228,0.016919,0.016919,0.016919,0.016919,0.016919,0.016919,tcp,0.0,0.0,cs0,cs0,64.0,63.0,0.0,1.0,Status,3,2,1,711,291,420,145.5,420.0,69034.8125,69034.8125,0.0,0,0,0,0.0,0.0,0.0,118.210297,59.105148,0.0,CON,69120.0,32256.0,,,0.016687,0.001117,0.01557,0
53280,0.0,0.0,0.0,0.0,0.0,0.0,icmp,0.0,,cs0,,58.0,,6.0,,Start,1,1,0,98,98,0,98.0,0.0,0.0,0.0,0.0,0,0,0,0.0,,,0.0,0.0,0.0,ECO,,,,,0.0,0.0,0.0,0
53372,0.0,0.0,0.0,0.0,0.0,0.0,icmp,0.0,,cs0,,58.0,,6.0,,Start,1,1,0,98,98,0,98.0,0.0,0.0,0.0,0.0,0,0,0,0.0,,,0.0,0.0,0.0,ECO,,,,,0.0,0.0,0.0,0
53451,0.0,0.0,0.0,0.0,0.0,0.0,icmp,0.0,,cs0,,58.0,,6.0,,Start,1,1,0,98,98,0,98.0,0.0,0.0,0.0,0.0,0,0,0,0.0,,,0.0,0.0,0.0,ECO,,,,,0.0,0.0,0.0,0
53459,0.052883,0.052883,0.052883,0.052883,0.052883,0.052883,udp,0.0,0.0,cs0,cs0,64.0,117.0,0.0,11.0,Status,5,3,2,684,546,138,182.0,69.0,65503.09375,55064.95703,10438.13672,0,0,0,0.0,,,75.638672,37.819336,18.909668,CON,,,,,0.0,0.0,0.0,0
53477,0.0,0.0,0.0,0.0,0.0,0.0,icmp,0.0,,cs0,,58.0,,6.0,,Start,1,1,0,98,98,0,98.0,0.0,0.0,0.0,0.0,0,0,0,0.0,,,0.0,0.0,0.0,ECO,,,,,0.0,0.0,0.0,0
53573,0.0,0.0,0.0,0.0,0.0,0.0,udp,0.0,,cs0,,255.0,,1.0,,Start,1,1,0,60,60,0,60.0,0.0,0.0,0.0,0.0,0,0,0,0.0,,,0.0,0.0,0.0,INT,,,,,0.0,0.0,0.0,0
53592,0.0,0.0,0.0,0.0,0.0,0.0,udp,0.0,,cs0,,255.0,,1.0,,Start,1,1,0,60,60,0,60.0,0.0,0.0,0.0,0.0,0,0,0,0.0,,,0.0,0.0,0.0,INT,,,,,0.0,0.0,0.0,0
53607,0.0,0.0,0.0,0.0,0.0,0.0,udp,0.0,,cs0,,255.0,,1.0,,Start,1,1,0,60,60,0,60.0,0.0,0.0,0.0,0.0,0,0,0,0.0,,,0.0,0.0,0.0,INT,,,,,0.0,0.0,0.0,0
53671,0.0,0.0,0.0,0.0,0.0,0.0,udp,0.0,,cs0,,255.0,,1.0,,Start,1,1,0,60,60,0,60.0,0.0,0.0,0.0,0.0,0,0,0,0.0,,,0.0,0.0,0.0,INT,,,,,0.0,0.0,0.0,0
53691,0.0,0.0,0.0,0.0,0.0,0.0,icmp,0.0,,cs0,,58.0,,6.0,,Start,1,1,0,98,98,0,98.0,0.0,0.0,0.0,0.0,0,0,0,0.0,,,0.0,0.0,0.0,ECO,,,,,0.0,0.0,0.0,0
53702,2.998148,2.998148,2.998148,2.998148,2.998148,2.998148,tcp,136.0,,af41,,255.0,,1.0,,Start,3,3,0,222,222,0,74.0,0.0,394.910461,394.910461,0.0,2,2,0,40.0,0.0,0.0,0.667078,0.667078,0.0,REQ,3737600.0,,,,0.0,0.0,0.0,0
53705,0.0,0.0,0.0,0.0,0.0,0.0,icmp,0.0,,cs0,,58.0,,6.0,,Start,1,1,0,98,98,0,98.0,0.0,0.0,0.0,0.0,0,0,0,0.0,,,0.0,0.0,0.0,ECO,,,,,0.0,0.0,0.0,0
53723,0.0,0.0,0.0,0.0,0.0,0.0,icmp,0.0,,cs0,,58.0,,6.0,,Start,1,1,0,98,98,0,98.0,0.0,0.0,0.0,0.0,0,0,0,0.0,,,0.0,0.0,0.0,ECO,,,,,0.0,0.0,0.0,0
53755,4.998715,4.998715,4.998715,4.998715,4.998715,4.998715,udp,0.0,0.0,cs0,cs0,117.0,64.0,11.0,0.0,Status,180,166,14,228512,224335,4177,1351.415649,298.357147,363074.125,356866.125,6207.995605,0,0,0,0.0,,,35.809204,33.008484,2.600668,CON,,,,,0.0,0.0,0.0,0
53835,0.2434,0.2434,0.2434,0.2434,0.2434,0.2434,udp,0.0,0.0,cs0,cs0,117.0,64.0,11.0,0.0,Status,113,101,12,135039,130402,4637,1291.108887,386.416656,4383303.5,4243582.5,139720.625,0,0,0,0.0,,,460.147919,410.846344,45.1931,CON,,,,,0.0,0.0,0.0,0
53884,0.058423,0.058423,0.058423,0.058423,0.058423,0.058423,udp,0.0,0.0,cs0,cs0,64.0,117.0,0.0,11.0,Status,6,3,3,728,528,200,176.0,66.666664,66549.13281,48200.19531,18348.9375,0,0,0,0.0,,,85.582733,34.233093,34.233093,CON,,,,,0.0,0.0,0.0,0
53944,0.073111,0.073111,0.073111,0.073111,0.073111,0.073111,udp,0.0,0.0,cs0,cs0,64.0,117.0,0.0,11.0,Status,7,4,3,985,769,216,192.25,72.0,78893.74219,63136.875,15756.86328,0,0,0,0.0,,,82.066994,41.033497,27.355665,CON,,,,,0.0,0.0,0.0,0
54000,4.998677,4.998677,4.998677,4.998677,4.998677,4.998677,udp,0.0,0.0,cs0,cs0,117.0,64.0,11.0,0.0,Status,128,109,19,149045,144418,4627,1324.935791,243.526321,236027.2656,229011.0,7016.256836,0,0,0,0.0,,,25.406723,21.605719,3.600953,CON,,,,,0.0,0.0,0.0,0
54098,0.133028,0.133028,0.133028,0.133028,0.133028,0.133028,tcp,0.0,0.0,cs0,cs0,64.0,52.0,0.0,12.0,Status,10,5,5,2096,921,1175,184.199997,235.0,100850.9453,44321.49609,56529.45313,0,0,0,0.0,0.0,0.0,67.65493,30.068857,30.068857,CON,1370.0,769.0,,,0.0,0.0,0.0,0
54114,0.061986,0.061986,0.061986,0.061986,0.061986,0.061986,udp,0.0,0.0,cs0,cs0,64.0,117.0,0.0,11.0,Status,4,2,2,438,300,138,150.0,69.0,28264.44727,19359.21094,8905.236328,0,0,0,0.0,,,48.398026,16.132675,16.132675,CON,,,,,0.0,0.0,0.0,0
54151,0.0,0.0,0.0,0.0,0.0,0.0,icmp,0.0,,cs0,,58.0,,6.0,,Start,1,1,0,98,98,0,98.0,0.0,0.0,0.0,0.0,0,0,0,0.0,,,0.0,0.0,0.0,ECO,,,,,0.0,0.0,0.0,0
54152,0.0,0.0,0.0,0.0,0.0,0.0,icmp,0.0,,cs0,,58.0,,6.0,,Start,1,1,0,98,98,0,98.0,0.0,0.0,0.0,0.0,0,0,0,0.0,,,0.0,0.0,0.0,ECO,,,,,0.0,0.0,0.0,0
54251,0.056888,0.056888,0.056888,0.056888,0.056888,0.056888,udp,0.0,0.0,cs0,cs0,64.0,52.0,0.0,12.0,Start,9,5,4,5647,3729,1918,745.799988,479.5,621994.125,419631.5625,202362.5469,0,0,0,0.0,,,140.627197,70.313599,52.735199,CON,,,,,0.0,0.0,0.0,0
54272,0.000131,0.000131,0.000131,0.000131,0.000131,0.000131,sctp,40.0,186.0,af11,ef,250.0,255.0,6.0,1.0,Status,2,1,1,232,118,114,118.0,114.0,0.0,0.0,0.0,0,0,0,0.0,,,7633.588379,0.0,0.0,CON,,,610.0,,0.0,0.0,0.0,0
54338,4.949834,4.949834,4.949834,4.949834,4.949834,4.949834,udp,0.0,0.0,cs0,cs0,117.0,64.0,11.0,0.0,Status,128,106,22,146026,136409,9617,1286.877319,437.136353,233224.7969,218387.9375,14836.86133,0,0,0,0.0,,,25.657427,21.212833,4.242567,CON,,,,,0.0,0.0,0.0,0
54343,0.135885,0.135885,0.135885,0.135885,0.135885,0.135885,tcp,0.0,0.0,cs0,cs0,64.0,63.0,0.0,1.0,Start,13,7,6,1816,847,969,121.0,161.5,90311.66406,42742.02344,47569.63672,0,0,0,0.0,0.0,0.0,88.309967,44.154984,36.795818,CON,68096.0,31104.0,,,0.015968,0.001211,0.014757,0
54392,0.0,0.0,0.0,0.0,0.0,0.0,icmp,0.0,,cs0,,58.0,,6.0,,Start,1,1,0,98,98,0,98.0,0.0,0.0,0.0,0.0,0,0,0,0.0,,,0.0,0.0,0.0,ECO,,,,,0.0,0.0,0.0,0
54427,4.970934,4.970934,4.970934,4.970934,4.970934,4.970934,udp,0.0,0.0,cs0,cs0,117.0,64.0,11.0,0.0,Status,248,227,21,310346,305130,5216,1344.185059,248.380951,496894.9688,488899.6875,7995.27832,0,0,0,0.0,,,49.68885,45.464294,4.023389,CON,,,,,0.0,0.0,0.0,0
54434,0.0,0.0,0.0,0.0,0.0,0.0,icmp,0.0,,cs0,,58.0,,6.0,,Start,1,1,0,98,98,0,98.0,0.0,0.0,0.0,0.0,0,0,0,0.0,,,0.0,0.0,0.0,ECO,,,,,0.0,0.0,0.0,0
54459,0.114223,0.114223,0.114223,0.114223,0.114223,0.114223,tcp,0.0,0.0,cs0,cs0,116.0,64.0,12.0,0.0,Start,4,2,2,337,205,132,102.5,66.0,11836.49512,7213.958496,4622.536621,0,0,0,0.0,0.0,0.0,26.264412,8.754804,8.754804,FIN,269.0,170.0,,,0.0,0.0,0.0,0
54505,4.998766,4.998766,4.998766,4.998766,4.998766,4.998766,udp,0.0,0.0,cs0,cs0,117.0,64.0,11.0,0.0,Status,146,132,14,181376,176976,4400,1340.727295,314.285706,287626.1875,281086.9688,6539.213867,0,0,0,0.0,,,29.00716,26.206469,2.600642,CON,,,,,0.0,0.0,0.0,0
54645,0.0,0.0,0.0,0.0,0.0,0.0,icmp,0.0,,cs0,,58.0,,6.0,,Start,1,1,0,98,98,0,98.0,0.0,0.0,0.0,0.0,0,0,0,0.0,,,0.0,0.0,0.0,ECO,,,,,0.0,0.0,0.0,0
54682,4.882292,4.882292,4.882292,4.882292,4.882292,4.882292,udp,0.0,0.0,cs0,cs0,117.0,64.0,11.0,0.0,Status,151,127,24,174394,168766,5628,1328.866089,234.5,283198.1563,274359.6875,8838.47168,0,0,0,0.0,,,30.723276,25.807552,4.710902,CON,,,,,0.0,0.0,0.0,0
54711,0.0,0.0,0.0,0.0,0.0,0.0,icmp,0.0,,cs0,,58.0,,6.0,,Start,1,1,0,98,98,0,98.0,0.0,0.0,0.0,0.0,0,0,0,0.0,,,0.0,0.0,0.0,ECO,,,,,0.0,0.0,0.0,0
54832,4.978671,4.978671,4.978671,4.978671,4.978671,4.978671,udp,0.0,0.0,cs0,cs0,117.0,64.0,11.0,0.0,Status,94,87,7,117235,113587,3648,1305.597656,521.142883,185445.4844,180420.8438,5024.633789,0,0,0,0.0,,,18.679684,17.273685,1.205141,CON,,,,,0.0,0.0,0.0,0
54869,0.0,0.0,0.0,0.0,0.0,0.0,icmp,0.0,,cs0,,58.0,,6.0,,Start,1,1,0,98,98,0,98.0,0.0,0.0,0.0,0.0,0,0,0,0.0,,,0.0,0.0,0.0,ECO,,,,,0.0,0.0,0.0,0
54887,4.926313,4.926313,4.926313,4.926313,4.926313,4.926313,udp,0.0,0.0,cs0,cs0,117.0,64.0,11.0,0.0,Status,106,87,19,120979,113243,7736,1301.643677,407.157898,193688.0625,181786.2656,11901.80176,0,0,0,0.0,,,21.314116,17.457275,3.653848,CON,,,,,0.0,0.0,0.0,0
56667,4.983748,4.983748,4.983748,4.983748,4.983748,4.983748,udp,0.0,0.0,cs0,cs0,117.0,64.0,11.0,0.0,Status,114,99,15,119900,116844,3056,1180.242432,203.733337,190245.5781,185665.8906,4579.686035,0,0,0,0.0,,,22.673698,19.663916,2.809131,CON,,,,,0.0,0.0,0.0,0
102504,4.894535,4.894535,4.894535,4.894535,4.894535,4.894535,udp,0.0,0.0,cs0,cs0,117.0,64.0,11.0,0.0,Status,104,89,15,120431,114270,6161,1283.932617,410.733337,194074.4063,184674.5313,9399.871094,0,0,0,0.0,,,21.043879,17.979237,2.860333,CON,,,,,0.0,0.0,0.0,0
223637,0.0,0.0,0.0,0.0,0.0,0.0,icmp,0.0,,cs0,,58.0,,6.0,,Start,1,1,0,98,98,0,98.0,0.0,0.0,0.0,0.0,0,0,0,0.0,,,0.0,0.0,0.0,ECO,,,,,0.0,0.0,0.0,0
230390,4.998342,4.998342,4.998342,4.998342,4.998342,4.998342,udp,0.0,0.0,cs0,cs0,117.0,64.0,11.0,0.0,Status,40,26,14,34714,30442,4272,1170.846191,305.142853,53200.03906,46850.73438,6349.305176,0,0,0,0.0,,,7.802588,5.001658,2.600863,CON,,,,,0.0,0.0,0.0,0
230405,0.0,0.0,0.0,0.0,0.0,0.0,icmp,0.0,,cs0,,58.0,,6.0,,Start,1,1,0,98,98,0,98.0,0.0,0.0,0.0,0.0,0,0,0,0.0,,,0.0,0.0,0.0,ECO,,,,,0.0,0.0,0.0,0
230411,0.0,0.0,0.0,0.0,0.0,0.0,icmp,0.0,,cs0,,58.0,,6.0,,Start,1,1,0,98,98,0,98.0,0.0,0.0,0.0,0.0,0,0,0,0.0,,,0.0,0.0,0.0,ECO,,,,,0.0,0.0,0.0,0
230682,0.131854,0.131854,0.131854,0.131854,0.131854,0.131854,udp,0.0,0.0,cs0,cs0,64.0,117.0,0.0,11.0,Status,6,3,3,1894,1693,201,564.333313,67.0,76630.21094,68500.00781,8130.20459,0,0,0,0.0,,,37.920731,15.168292,15.168292,CON,,,,,0.0,0.0,0.0,0
230727,0.0,0.0,0.0,0.0,0.0,0.0,icmp,0.0,,cs0,,58.0,,6.0,,Start,1,1,0,98,98,0,98.0,0.0,0.0,0.0,0.0,0,0,0,0.0,,,0.0,0.0,0.0,ECO,,,,,0.0,0.0,0.0,0
230842,0.0,0.0,0.0,0.0,0.0,0.0,icmp,0.0,,cs0,,58.0,,6.0,,Start,1,1,0,98,98,0,98.0,0.0,0.0,0.0,0.0,0,0,0,0.0,,,0.0,0.0,0.0,ECO,,,,,0.0,0.0,0.0,0
230857,4.966691,4.966691,4.966691,4.966691,4.966691,4.966691,udp,0.0,0.0,cs0,cs0,117.0,64.0,11.0,0.0,Status,162,139,23,194262,185662,8600,1335.697876,373.913055,310152.5625,296901.0938,13251.47852,0,0,0,0.0,,,32.415947,27.785099,4.429509,CON,,,,,0.0,0.0,0.0,0
230863,0.052897,0.052897,0.052897,0.052897,0.052897,0.052897,udp,0.0,0.0,cs0,cs0,64.0,117.0,0.0,11.0,Status,4,2,2,438,300,138,150.0,69.0,33120.97266,22685.59766,10435.375,0,0,0,0.0,,,56.713993,18.904665,18.904665,CON,,,,,0.0,0.0,0.0,0
230866,0.0,0.0,0.0,0.0,0.0,0.0,icmp,0.0,,cs0,,58.0,,6.0,,Start,1,1,0,98,98,0,98.0,0.0,0.0,0.0,0.0,0,0,0,0.0,,,0.0,0.0,0.0,ECO,,,,,0.0,0.0,0.0,0
230887,4.961524,4.961524,4.961524,4.961524,4.961524,4.961524,udp,0.0,0.0,cs0,cs0,117.0,64.0,11.0,0.0,Status,146,129,17,163930,159146,4784,1233.689941,281.411774,261880.8281,254620.1563,7260.672363,0,0,0,0.0,,,29.224892,25.798525,3.224816,CON,,,,,0.0,0.0,0.0,0
231002,0.049975,0.049975,0.049975,0.049975,0.049975,0.049975,udp,0.0,0.0,cs0,cs0,64.0,117.0,0.0,11.0,Status,4,2,2,449,310,139,155.0,69.5,36018.00781,24812.40625,11205.60254,0,0,0,0.0,,,60.030014,20.010004,20.010004,CON,,,,,0.0,0.0,0.0,0
231139,4.798845,4.798845,4.798845,4.798845,4.798845,4.798845,udp,0.0,0.0,cs0,cs0,117.0,64.0,11.0,0.0,Status,132,115,17,160734,156251,4483,1358.704346,263.705872,265252.1563,258217.1406,7035.026367,0,0,0,0.0,,,27.298237,23.755716,3.334136,CON,,,,,0.0,0.0,0.0,0
231291,4.99676,4.99676,4.99676,4.99676,4.99676,4.99676,udp,0.0,0.0,cs0,cs0,117.0,64.0,11.0,0.0,Status,189,169,20,215207,210209,4998,1243.84021,249.899994,342165.7188,334562.4063,7603.327148,0,0,0,0.0,,,37.624382,33.621788,3.802464,CON,,,,,0.0,0.0,0.0,0
231364,4.835539,4.835539,4.835539,4.835539,4.835539,4.835539,udp,0.0,0.0,cs0,cs0,117.0,64.0,11.0,0.0,Status,140,115,25,159154,154101,5053,1340.008667,202.119995,260756.0469,252730.4688,8025.579102,0,0,0,0.0,,,28.745504,23.575449,4.963253,CON,,,,,0.0,0.0,0.0,0
231402,0.0,0.0,0.0,0.0,0.0,0.0,icmp,0.0,,cs0,,58.0,,6.0,,Start,1,1,0,98,98,0,98.0,0.0,0.0,0.0,0.0,0,0,0,0.0,,,0.0,0.0,0.0,ECO,,,,,0.0,0.0,0.0,0
231410,0.0529,0.0529,0.0529,0.0529,0.0529,0.0529,udp,0.0,0.0,cs0,cs0,64.0,117.0,0.0,11.0,Status,6,3,3,734,531,203,177.0,67.666664,74102.07813,53534.96875,20567.10742,0,0,0,0.0,,,94.51796,37.807182,37.807182,CON,,,,,0.0,0.0,0.0,0
231415,0.0,0.0,0.0,0.0,0.0,0.0,icmp,0.0,,cs0,,58.0,,6.0,,Start,1,1,0,98,98,0,98.0,0.0,0.0,0.0,0.0,0,0,0,0.0,,,0.0,0.0,0.0,ECO,,,,,0.0,0.0,0.0,0
231488,0.0,0.0,0.0,0.0,0.0,0.0,icmp,0.0,,cs0,,58.0,,6.0,,Start,1,1,0,98,98,0,98.0,0.0,0.0,0.0,0.0,0,0,0,0.0,,,0.0,0.0,0.0,ECO,,,,,0.0,0.0,0.0,0
231498,4.999857,4.999857,4.999857,4.999857,4.999857,4.999857,udp,0.0,0.0,cs0,cs0,117.0,64.0,11.0,0.0,Status,151,133,18,182356,177338,5018,1333.368408,278.777771,289200.2813,281616.0625,7584.216797,0,0,0,0.0,,,30.000858,26.400755,3.400097,CON,,,,,0.0,0.0,0.0,0
231516,0.0,0.0,0.0,0.0,0.0,0.0,icmp,0.0,,cs0,,58.0,,6.0,,Start,1,1,0,98,98,0,98.0,0.0,0.0,0.0,0.0,0,0,0,0.0,,,0.0,0.0,0.0,ECO,,,,,0.0,0.0,0.0,0
231563,4.998511,4.998511,4.998511,4.998511,4.998511,4.998511,udp,0.0,0.0,cs0,cs0,117.0,64.0,11.0,0.0,Status,177,165,12,226327,222292,4035,1347.224243,336.25,359537.4688,353617.3125,5920.163086,0,0,0,0.0,,,35.210487,32.809772,2.200655,CON,,,,,0.0,0.0,0.0,0
231631,0.0,0.0,0.0,0.0,0.0,0.0,icmp,0.0,,cs0,,58.0,,6.0,,Start,1,1,0,98,98,0,98.0,0.0,0.0,0.0,0.0,0,0,0,0.0,,,0.0,0.0,0.0,ECO,,,,,0.0,0.0,0.0,0
231659,4.998278,4.998278,4.998278,4.998278,4.998278,4.998278,udp,0.0,0.0,cs0,cs0,117.0,64.0,11.0,0.0,Status,187,169,18,215512,210488,5024,1245.491089,279.111115,342498.75,334904.125,7594.615234,0,0,0,0.0,,,37.212814,33.611576,3.401171,CON,,,,,0.0,0.0,0.0,0
231701,0.072999,0.072999,0.072999,0.072999,0.072999,0.072999,udp,0.0,0.0,cs0,cs0,64.0,51.0,0.0,13.0,Start,7,4,3,4499,2642,1857,660.5,619.0,352881.5313,217208.4531,135673.0938,0,0,0,0.0,,,82.192909,41.096455,27.397635,CON,,,,,0.0,0.0,0.0,0
231703,0.0,0.0,0.0,0.0,0.0,0.0,icmp,0.0,,cs0,,58.0,,6.0,,Start,1,1,0,98,98,0,98.0,0.0,0.0,0.0,0.0,0,0,0,0.0,,,0.0,0.0,0.0,ECO,,,,,0.0,0.0,0.0,0
231777,0.0,0.0,0.0,0.0,0.0,0.0,icmp,0.0,,cs0,,58.0,,6.0,,Start,1,1,0,98,98,0,98.0,0.0,0.0,0.0,0.0,0,0,0,0.0,,,0.0,0.0,0.0,ECO,,,,,0.0,0.0,0.0,0
231845,4.966152,4.966152,4.966152,4.966152,4.966152,4.966152,udp,0.0,0.0,cs0,cs0,117.0,64.0,11.0,0.0,Status,163,155,8,213311,209557,3754,1351.980591,469.25,340691.9688,335400.125,5291.823242,0,0,0,0.0,,,32.620831,31.009924,1.409542,CON,,,,,0.0,0.0,0.0,0
231857,0.0,0.0,0.0,0.0,0.0,0.0,icmp,0.0,,cs0,,58.0,,6.0,,Start,1,1,0,98,98,0,98.0,0.0,0.0,0.0,0.0,0,0,0,0.0,,,0.0,0.0,0.0,ECO,,,,,0.0,0.0,0.0,0
231859,0.0,0.0,0.0,0.0,0.0,0.0,lldp,,,,,,,,,Status,1,1,0,72,72,0,72.0,0.0,0.0,0.0,0.0,0,0,0,0.0,,,0.0,0.0,0.0,REQ,,,,,0.0,0.0,0.0,0
231860,4.39294,4.39294,4.39294,4.39294,4.39294,4.39294,udp,0.0,0.0,cs0,cs0,64.0,52.0,0.0,12.0,Status,44,25,19,19707,12957,6750,518.280029,355.263153,34298.66797,22652.71094,11645.95898,0,0,0,0.0,,,9.788433,5.463312,4.097484,CON,,,,,0.0,0.0,0.0,0
231963,0.0,0.0,0.0,0.0,0.0,0.0,icmp,0.0,,cs0,,58.0,,6.0,,Start,1,1,0,98,98,0,98.0,0.0,0.0,0.0,0.0,0,0,0,0.0,,,0.0,0.0,0.0,ECO,,,,,0.0,0.0,0.0,0
231978,0.0,0.0,0.0,0.0,0.0,0.0,lldp,,,,,,,,,Status,1,1,0,64,64,0,64.0,0.0,0.0,0.0,0.0,0,0,0,0.0,,,0.0,0.0,0.0,REQ,,,,,0.0,0.0,0.0,0
232018,0.046019,0.046019,0.046019,0.046019,0.046019,0.046019,udp,0.0,0.0,cs0,cs0,64.0,117.0,0.0,11.0,Status,4,2,2,440,301,139,150.5,69.5,38418.91406,26250.02734,12168.88672,0,0,0,0.0,,,65.190468,21.730156,21.730156,CON,,,,,0.0,0.0,0.0,0
232115,4.862895,4.862895,4.862895,4.862895,4.862895,4.862895,udp,0.0,0.0,cs0,cs0,117.0,64.0,11.0,0.0,Status,144,128,16,175302,171425,3877,1339.257812,242.3125,285790.25,279810.2813,5979.977051,0,0,0,0.0,,,29.406351,26.116131,3.084582,CON,,,,,0.0,0.0,0.0,0
232143,4.968797,4.968797,4.968797,4.968797,4.968797,4.968797,udp,0.0,0.0,cs0,cs0,117.0,64.0,11.0,0.0,Status,276,241,35,332136,326517,5619,1354.842285,160.542862,532317.1875,523527.9063,8789.25,0,0,0,0.0,,,55.345387,48.30143,6.842702,CON,,,,,0.0,0.0,0.0,0
232147,4.927163,4.927163,4.927163,4.927163,4.927163,4.927163,udp,0.0,0.0,cs0,cs0,117.0,64.0,11.0,0.0,Status,141,125,16,168046,162747,5299,1301.975952,331.1875,270198.4688,262132.1719,8066.304688,0,0,0,0.0,,,28.413916,25.166611,3.044348,CON,,,,,0.0,0.0,0.0,0
232199,1e-06,1e-06,1e-06,1e-06,1e-06,1e-06,arp,,,,,,,,,Start,2,1,1,120,60,60,60.0,60.0,0.0,0.0,0.0,0,0,0,0.0,,,1000000.0,0.0,0.0,CON,,,,,0.0,0.0,0.0,0
232288,4.91953,4.91953,4.91953,4.91953,4.91953,4.91953,udp,0.0,0.0,cs0,cs0,117.0,64.0,11.0,0.0,Status,143,117,26,156081,146647,9434,1253.393188,362.846161,251188.2344,236435.5938,14752.62891,0,0,0,0.0,,,28.864546,23.579489,5.081786,CON,,,,,0.0,0.0,0.0,0
232350,2.804869,2.804869,2.804869,2.804869,2.804869,2.804869,udp,0.0,,cs0,,63.0,,1.0,,Start,2,2,0,84,84,0,42.0,0.0,119.791695,119.791695,0.0,0,0,0,0.0,,,0.356523,0.356523,0.0,INT,,,,,0.0,0.0,0.0,0
232403,2.80777,2.80777,2.80777,2.80777,2.80777,2.80777,udp,0.0,,cs0,,63.0,,1.0,,Start,2,2,0,84,84,0,42.0,0.0,119.667923,119.667923,0.0,0,0,0,0.0,,,0.356155,0.356155,0.0,INT,,,,,0.0,0.0,0.0,0
232420,2.807727,2.807727,2.807727,2.807727,2.807727,2.807727,udp,0.0,,cs0,,63.0,,1.0,,Start,2,2,0,84,84,0,42.0,0.0,119.669746,119.669746,0.0,0,0,0,0.0,,,0.35616,0.35616,0.0,INT,,,,,0.0,0.0,0.0,0
232432,2.819772,2.819772,2.819772,2.819772,2.819772,2.819772,udp,0.0,,cs0,,63.0,,1.0,,Start,2,2,0,84,84,0,42.0,0.0,119.158569,119.158569,0.0,0,0,0,0.0,,,0.354639,0.354639,0.0,INT,,,,,0.0,0.0,0.0,0
232455,2.824042,2.824042,2.824042,2.824042,2.824042,2.824042,udp,0.0,,cs0,,63.0,,1.0,,Start,2,2,0,84,84,0,42.0,0.0,118.978394,118.978394,0.0,0,0,0,0.0,,,0.354102,0.354102,0.0,INT,,,,,0.0,0.0,0.0,0
232499,2.829814,2.829814,2.829814,2.829814,2.829814,2.829814,udp,0.0,,cs0,,63.0,,1.0,,Start,2,2,0,84,84,0,42.0,0.0,118.735718,118.735718,0.0,0,0,0,0.0,,,0.35338,0.35338,0.0,INT,,,,,0.0,0.0,0.0,0
232564,2.837438,2.837438,2.837438,2.837438,2.837438,2.837438,udp,0.0,,cs0,,63.0,,1.0,,Start,2,2,0,84,84,0,42.0,0.0,118.416679,118.416679,0.0,0,0,0,0.0,,,0.352431,0.352431,0.0,INT,,,,,0.0,0.0,0.0,0
232566,2.836277,2.836277,2.836277,2.836277,2.836277,2.836277,udp,0.0,,cs0,,63.0,,1.0,,Start,2,2,0,84,84,0,42.0,0.0,118.465157,118.465157,0.0,0,0,0,0.0,,,0.352575,0.352575,0.0,INT,,,,,0.0,0.0,0.0,0
232625,2.880098,2.880098,2.880098,2.880098,2.880098,2.880098,udp,0.0,,cs0,,63.0,,1.0,,Start,2,2,0,84,84,0,42.0,0.0,116.662689,116.662689,0.0,0,0,0,0.0,,,0.34721,0.34721,0.0,INT,,,,,0.0,0.0,0.0,0
232660,2.88521,2.88521,2.88521,2.88521,2.88521,2.88521,udp,0.0,,cs0,,63.0,,1.0,,Start,2,2,0,84,84,0,42.0,0.0,116.455994,116.455994,0.0,0,0,0,0.0,,,0.346595,0.346595,0.0,INT,,,,,0.0,0.0,0.0,0
232706,2.87803,2.87803,2.87803,2.87803,2.87803,2.87803,udp,0.0,,cs0,,63.0,,1.0,,Start,2,2,0,84,84,0,42.0,0.0,116.746521,116.746521,0.0,0,0,0,0.0,,,0.34746,0.34746,0.0,INT,,,,,0.0,0.0,0.0,0
232777,2.875467,2.875467,2.875467,2.875467,2.875467,2.875467,udp,0.0,,cs0,,63.0,,1.0,,Start,2,2,0,84,84,0,42.0,0.0,116.850578,116.850578,0.0,0,0,0,0.0,,,0.34777,0.34777,0.0,INT,,,,,0.0,0.0,0.0,0
232853,2.886363,2.886363,2.886363,2.886363,2.886363,2.886363,udp,0.0,,cs0,,63.0,,1.0,,Start,2,2,0,84,84,0,42.0,0.0,116.40947,116.40947,0.0,0,0,0,0.0,,,0.346457,0.346457,0.0,INT,,,,,0.0,0.0,0.0,0
232867,2.881478,2.881478,2.881478,2.881478,2.881478,2.881478,udp,0.0,,cs0,,63.0,,1.0,,Start,2,2,0,84,84,0,42.0,0.0,116.606819,116.606819,0.0,0,0,0,0.0,,,0.347044,0.347044,0.0,INT,,,,,0.0,0.0,0.0,0
232955,2.871733,2.871733,2.871733,2.871733,2.871733,2.871733,udp,0.0,,cs0,,63.0,,1.0,,Start,2,2,0,84,84,0,42.0,0.0,117.002525,117.002525,0.0,0,0,0,0.0,,,0.348222,0.348222,0.0,INT,,,,,0.0,0.0,0.0,0
233031,2.880968,2.880968,2.880968,2.880968,2.880968,2.880968,udp,0.0,,cs0,,63.0,,1.0,,Start,2,2,0,84,84,0,42.0,0.0,116.627464,116.627464,0.0,0,0,0,0.0,,,0.347106,0.347106,0.0,INT,,,,,0.0,0.0,0.0,0
233148,2.878993,2.878993,2.878993,2.878993,2.878993,2.878993,udp,0.0,,cs0,,63.0,,1.0,,Start,2,2,0,84,84,0,42.0,0.0,116.707474,116.707474,0.0,0,0,0,0.0,,,0.347344,0.347344,0.0,INT,,,,,0.0,0.0,0.0,0
233284,2.877225,2.877225,2.877225,2.877225,2.877225,2.877225,udp,0.0,,cs0,,63.0,,1.0,,Start,2,2,0,84,84,0,42.0,0.0,116.77919,116.77919,0.0,0,0,0,0.0,,,0.347557,0.347557,0.0,INT,,,,,0.0,0.0,0.0,0
233303,2.876962,2.876962,2.876962,2.876962,2.876962,2.876962,udp,0.0,,cs0,,63.0,,1.0,,Start,2,2,0,84,84,0,42.0,0.0,116.789864,116.789864,0.0,0,0,0,0.0,,,0.347589,0.347589,0.0,INT,,,,,0.0,0.0,0.0,0
233318,2.877204,2.877204,2.877204,2.877204,2.877204,2.877204,udp,0.0,,cs0,,63.0,,1.0,,Start,2,2,0,84,84,0,42.0,0.0,116.780045,116.780045,0.0,0,0,0,0.0,,,0.34756,0.34756,0.0,INT,,,,,0.0,0.0,0.0,0
233453,2.877002,2.877002,2.877002,2.877002,2.877002,2.877002,udp,0.0,,cs0,,63.0,,1.0,,Start,2,2,0,84,84,0,42.0,0.0,116.788239,116.788239,0.0,0,0,0,0.0,,,0.347584,0.347584,0.0,INT,,,,,0.0,0.0,0.0,0
233605,2.872836,2.872836,2.872836,2.872836,2.872836,2.872836,udp,0.0,,cs0,,63.0,,1.0,,Start,2,2,0,84,84,0,42.0,0.0,116.957596,116.957596,0.0,0,0,0,0.0,,,0.348088,0.348088,0.0,INT,,,,,0.0,0.0,0.0,0
233631,2.876083,2.876083,2.876083,2.876083,2.876083,2.876083,udp,0.0,,cs0,,63.0,,1.0,,Start,2,2,0,84,84,0,42.0,0.0,116.825562,116.825562,0.0,0,0,0,0.0,,,0.347695,0.347695,0.0,INT,,,,,0.0,0.0,0.0,0
233646,2.876256,2.876256,2.876256,2.876256,2.876256,2.876256,udp,0.0,,cs0,,63.0,,1.0,,Start,2,2,0,84,84,0,42.0,0.0,116.818535,116.818535,0.0,0,0,0,0.0,,,0.347674,0.347674,0.0,INT,,,,,0.0,0.0,0.0,0
233670,2.870382,2.870382,2.870382,2.870382,2.870382,2.870382,udp,0.0,,cs0,,63.0,,1.0,,Start,2,2,0,84,84,0,42.0,0.0,117.057587,117.057587,0.0,0,0,0,0.0,,,0.348386,0.348386,0.0,INT,,,,,0.0,0.0,0.0,0
233685,2.873992,2.873992,2.873992,2.873992,2.873992,2.873992,udp,0.0,,cs0,,63.0,,1.0,,Start,2,2,0,84,84,0,42.0,0.0,116.910553,116.910553,0.0,0,0,0,0.0,,,0.347948,0.347948,0.0,INT,,,,,0.0,0.0,0.0,0
233733,0.0,0.0,0.0,0.0,0.0,0.0,udp,0.0,,cs0,,63.0,,1.0,,Start,1,1,0,42,42,0,42.0,0.0,0.0,0.0,0.0,0,0,0,0.0,,,0.0,0.0,0.0,INT,,,,,0.0,0.0,0.0,0
233782,2.871182,2.871182,2.871182,2.871182,2.871182,2.871182,udp,0.0,,cs0,,63.0,,1.0,,Start,2,2,0,84,84,0,42.0,0.0,117.024979,117.024979,0.0,0,0,0,0.0,,,0.348289,0.348289,0.0,INT,,,,,0.0,0.0,0.0,0
233826,2.874288,2.874288,2.874288,2.874288,2.874288,2.874288,udp,0.0,,cs0,,63.0,,1.0,,Start,2,2,0,84,84,0,42.0,0.0,116.898514,116.898514,0.0,0,0,0,0.0,,,0.347912,0.347912,0.0,INT,,,,,0.0,0.0,0.0,0
233850,2.869069,2.869069,2.869069,2.869069,2.869069,2.869069,udp,0.0,,cs0,,63.0,,1.0,,Start,2,2,0,84,84,0,42.0,0.0,117.111153,117.111153,0.0,0,0,0,0.0,,,0.348545,0.348545,0.0,INT,,,,,0.0,0.0,0.0,0
234150,2.876716,2.876716,2.876716,2.876716,2.876716,2.876716,udp,0.0,,cs0,,63.0,,1.0,,Start,2,2,0,84,84,0,42.0,0.0,116.799858,116.799858,0.0,0,0,0,0.0,,,0.347619,0.347619,0.0,INT,,,,,0.0,0.0,0.0,0
234168,2.876688,2.876688,2.876688,2.876688,2.876688,2.876688,udp,0.0,,cs0,,63.0,,1.0,,Start,2,2,0,84,84,0,42.0,0.0,116.800987,116.800987,0.0,0,0,0,0.0,,,0.347622,0.347622,0.0,INT,,,,,0.0,0.0,0.0,0
234183,0.0,0.0,0.0,0.0,0.0,0.0,udp,0.0,,cs0,,63.0,,1.0,,Start,1,1,0,42,42,0,42.0,0.0,0.0,0.0,0.0,0,0,0,0.0,,,0.0,0.0,0.0,INT,,,,,0.0,0.0,0.0,0
234186,0.0,0.0,0.0,0.0,0.0,0.0,udp,0.0,,cs0,,63.0,,1.0,,Start,1,1,0,42,42,0,42.0,0.0,0.0,0.0,0.0,0,0,0,0.0,,,0.0,0.0,0.0,INT,,,,,0.0,0.0,0.0,0
234279,0.0,0.0,0.0,0.0,0.0,0.0,udp,0.0,,cs0,,63.0,,1.0,,Start,1,1,0,42,42,0,42.0,0.0,0.0,0.0,0.0,0,0,0,0.0,,,0.0,0.0,0.0,INT,,,,,0.0,0.0,0.0,0
234289,0.0,0.0,0.0,0.0,0.0,0.0,udp,0.0,,cs0,,63.0,,1.0,,Start,1,1,0,42,42,0,42.0,0.0,0.0,0.0,0.0,0,0,0,0.0,,,0.0,0.0,0.0,INT,,,,,0.0,0.0,0.0,0
234305,2.872949,2.872949,2.872949,2.872949,2.872949,2.872949,udp,0.0,,cs0,,63.0,,1.0,,Start,2,2,0,84,84,0,42.0,0.0,116.953003,116.953003,0.0,0,0,0,0.0,,,0.348074,0.348074,0.0,INT,,,,,0.0,0.0,0.0,0
234310,2.872949,2.872949,2.872949,2.872949,2.872949,2.872949,udp,0.0,,cs0,,63.0,,1.0,,Start,2,2,0,84,84,0,42.0,0.0,116.953003,116.953003,0.0,0,0,0,0.0,,,0.348074,0.348074,0.0,INT,,,,,0.0,0.0,0.0,0
234313,2.872916,2.872916,2.872916,2.872916,2.872916,2.872916,udp,0.0,,cs0,,63.0,,1.0,,Start,2,2,0,84,84,0,42.0,0.0,116.954346,116.954346,0.0,0,0,0,0.0,,,0.348078,0.348078,0.0,INT,,,,,0.0,0.0,0.0,0
234324,2.87298,2.87298,2.87298,2.87298,2.87298,2.87298,udp,0.0,,cs0,,63.0,,1.0,,Start,2,2,0,84,84,0,42.0,0.0,116.951729,116.951729,0.0,0,0,0,0.0,,,0.348071,0.348071,0.0,INT,,,,,0.0,0.0,0.0,0
234393,2.87313,2.87313,2.87313,2.87313,2.87313,2.87313,udp,0.0,,cs0,,63.0,,1.0,,Start,2,2,0,84,84,0,42.0,0.0,116.945625,116.945625,0.0,0,0,0,0.0,,,0.348052,0.348052,0.0,INT,,,,,0.0,0.0,0.0,0
234509,2.868336,2.868336,2.868336,2.868336,2.868336,2.868336,udp,0.0,,cs0,,63.0,,1.0,,Start,2,2,0,84,84,0,42.0,0.0,117.14109,117.14109,0.0,0,0,0,0.0,,,0.348634,0.348634,0.0,INT,,,,,0.0,0.0,0.0,0
234523,2.868301,2.868301,2.868301,2.868301,2.868301,2.868301,udp,0.0,,cs0,,63.0,,1.0,,Start,2,2,0,84,84,0,42.0,0.0,117.142525,117.142525,0.0,0,0,0,0.0,,,0.348638,0.348638,0.0,INT,,,,,0.0,0.0,0.0,0
234581,2.866191,2.866191,2.866191,2.866191,2.866191,2.866191,udp,0.0,,cs0,,63.0,,1.0,,Start,2,2,0,84,84,0,42.0,0.0,117.22876,117.22876,0.0,0,0,0,0.0,,,0.348895,0.348895,0.0,INT,,,,,0.0,0.0,0.0,0
234615,0.0,0.0,0.0,0.0,0.0,0.0,udp,0.0,,cs0,,63.0,,1.0,,Start,1,1,0,42,42,0,42.0,0.0,0.0,0.0,0.0,0,0,0,0.0,,,0.0,0.0,0.0,INT,,,,,0.0,0.0,0.0,0
234672,2.874354,2.874354,2.874354,2.874354,2.874354,2.874354,udp,0.0,,cs0,,63.0,,1.0,,Start,2,2,0,84,84,0,42.0,0.0,116.895836,116.895836,0.0,0,0,0,0.0,,,0.347904,0.347904,0.0,INT,,,,,0.0,0.0,0.0,0
234698,2.870264,2.870264,2.870264,2.870264,2.870264,2.870264,udp,0.0,,cs0,,63.0,,1.0,,Start,2,2,0,84,84,0,42.0,0.0,117.062401,117.062401,0.0,0,0,0,0.0,,,0.3484,0.3484,0.0,INT,,,,,0.0,0.0,0.0,0
234702,2.870244,2.870244,2.870244,2.870244,2.870244,2.870244,udp,0.0,,cs0,,63.0,,1.0,,Start,2,2,0,84,84,0,42.0,0.0,117.063217,117.063217,0.0,0,0,0,0.0,,,0.348402,0.348402,0.0,INT,,,,,0.0,0.0,0.0,0
234720,2.870326,2.870326,2.870326,2.870326,2.870326,2.870326,udp,0.0,,cs0,,63.0,,1.0,,Start,2,2,0,84,84,0,42.0,0.0,117.059875,117.059875,0.0,0,0,0,0.0,,,0.348392,0.348392,0.0,INT,,,,,0.0,0.0,0.0,0
234754,2.875599,2.875599,2.875599,2.875599,2.875599,2.875599,udp,0.0,,cs0,,63.0,,1.0,,Start,2,2,0,84,84,0,42.0,0.0,116.845222,116.845222,0.0,0,0,0,0.0,,,0.347754,0.347754,0.0,INT,,,,,0.0,0.0,0.0,0
234817,0.0,0.0,0.0,0.0,0.0,0.0,udp,0.0,,cs0,,63.0,,1.0,,Start,1,1,0,42,42,0,42.0,0.0,0.0,0.0,0.0,0,0,0,0.0,,,0.0,0.0,0.0,INT,,,,,0.0,0.0,0.0,0
234906,0.0,0.0,0.0,0.0,0.0,0.0,udp,0.0,,cs0,,63.0,,1.0,,Start,1,1,0,42,42,0,42.0,0.0,0.0,0.0,0.0,0,0,0,0.0,,,0.0,0.0,0.0,INT,,,,,0.0,0.0,0.0,0
234916,0.0,0.0,0.0,0.0,0.0,0.0,udp,0.0,,cs0,,63.0,,1.0,,Start,1,1,0,42,42,0,42.0,0.0,0.0,0.0,0.0,0,0,0,0.0,,,0.0,0.0,0.0,INT,,,,,0.0,0.0,0.0,0
234922,0.0,0.0,0.0,0.0,0.0,0.0,udp,0.0,,cs0,,63.0,,1.0,,Start,1,1,0,42,42,0,42.0,0.0,0.0,0.0,0.0,0,0,0,0.0,,,0.0,0.0,0.0,INT,,,,,0.0,0.0,0.0,0
234963,0.0,0.0,0.0,0.0,0.0,0.0,udp,0.0,,cs0,,63.0,,1.0,,Start,1,1,0,42,42,0,42.0,0.0,0.0,0.0,0.0,0,0,0,0.0,,,0.0,0.0,0.0,INT,,,,,0.0,0.0,0.0,0
235008,2.865702,2.865702,2.865702,2.865702,2.865702,2.865702,udp,0.0,,cs0,,63.0,,1.0,,Start,2,2,0,84,84,0,42.0,0.0,117.248764,117.248764,0.0,0,0,0,0.0,,,0.348955,0.348955,0.0,INT,,,,,0.0,0.0,0.0,0
235044,2.870983,2.870983,2.870983,2.870983,2.870983,2.870983,udp,0.0,,cs0,,63.0,,1.0,,Start,2,2,0,84,84,0,42.0,0.0,117.033089,117.033089,0.0,0,0,0,0.0,,,0.348313,0.348313,0.0,INT,,,,,0.0,0.0,0.0,0
235081,2.869601,2.869601,2.869601,2.869601,2.869601,2.869601,udp,0.0,,cs0,,63.0,,1.0,,Start,2,2,0,84,84,0,42.0,0.0,117.089447,117.089447,0.0,0,0,0,0.0,,,0.34848,0.34848,0.0,INT,,,,,0.0,0.0,0.0,0
235127,2.869824,2.869824,2.869824,2.869824,2.869824,2.869824,udp,0.0,,cs0,,63.0,,1.0,,Start,2,2,0,84,84,0,42.0,0.0,117.080353,117.080353,0.0,0,0,0,0.0,,,0.348453,0.348453,0.0,INT,,,,,0.0,0.0,0.0,0
235193,2.870283,2.870283,2.870283,2.870283,2.870283,2.870283,udp,0.0,,cs0,,63.0,,1.0,,Start,2,2,0,84,84,0,42.0,0.0,117.06163,117.06163,0.0,0,0,0,0.0,,,0.348398,0.348398,0.0,INT,,,,,0.0,0.0,0.0,0
235225,2.867197,2.867197,2.867197,2.867197,2.867197,2.867197,udp,0.0,,cs0,,63.0,,1.0,,Start,2,2,0,84,84,0,42.0,0.0,117.187622,117.187622,0.0,0,0,0,0.0,,,0.348773,0.348773,0.0,INT,,,,,0.0,0.0,0.0,0
235238,2.867188,2.867188,2.867188,2.867188,2.867188,2.867188,udp,0.0,,cs0,,63.0,,1.0,,Start,2,2,0,84,84,0,42.0,0.0,117.187988,117.187988,0.0,0,0,0,0.0,,,0.348774,0.348774,0.0,INT,,,,,0.0,0.0,0.0,0
235345,0.0,0.0,0.0,0.0,0.0,0.0,udp,0.0,,cs0,,63.0,,1.0,,Start,1,1,0,42,42,0,42.0,0.0,0.0,0.0,0.0,0,0,0,0.0,,,0.0,0.0,0.0,INT,,,,,0.0,0.0,0.0,0
235378,2.866934,2.866934,2.866934,2.866934,2.866934,2.866934,udp,0.0,,cs0,,63.0,,1.0,,Start,2,2,0,84,84,0,42.0,0.0,117.198372,117.198372,0.0,0,0,0,0.0,,,0.348805,0.348805,0.0,INT,,,,,0.0,0.0,0.0,0
235397,2.864836,2.864836,2.864836,2.864836,2.864836,2.864836,udp,0.0,,cs0,,63.0,,1.0,,Start,2,2,0,84,84,0,42.0,0.0,117.284203,117.284203,0.0,0,0,0,0.0,,,0.34906,0.34906,0.0,INT,,,,,0.0,0.0,0.0,0
235434,2.871806,2.871806,2.871806,2.871806,2.871806,2.871806,udp,0.0,,cs0,,63.0,,1.0,,Start,2,2,0,84,84,0,42.0,0.0,116.99955,116.99955,0.0,0,0,0,0.0,,,0.348213,0.348213,0.0,INT,,,,,0.0,0.0,0.0,0
235479,2.871696,2.871696,2.871696,2.871696,2.871696,2.871696,udp,0.0,,cs0,,63.0,,1.0,,Start,2,2,0,84,84,0,42.0,0.0,117.004028,117.004028,0.0,0,0,0,0.0,,,0.348226,0.348226,0.0,INT,,,,,0.0,0.0,0.0,0
235498,2.869625,2.869625,2.869625,2.869625,2.869625,2.869625,udp,0.0,,cs0,,63.0,,1.0,,Start,2,2,0,84,84,0,42.0,0.0,117.088463,117.088463,0.0,0,0,0,0.0,,,0.348478,0.348478,0.0,INT,,,,,0.0,0.0,0.0,0
235509,0.0,0.0,0.0,0.0,0.0,0.0,udp,0.0,,cs0,,63.0,,1.0,,Start,1,1,0,42,42,0,42.0,0.0,0.0,0.0,0.0,0,0,0,0.0,,,0.0,0.0,0.0,INT,,,,,0.0,0.0,0.0,0
235573,2.871981,2.871981,2.871981,2.871981,2.871981,2.871981,udp,0.0,,cs0,,63.0,,1.0,,Start,2,2,0,84,84,0,42.0,0.0,116.992424,116.992424,0.0,0,0,0,0.0,,,0.348192,0.348192,0.0,INT,,,,,0.0,0.0,0.0,0
235581,2.871958,2.871958,2.871958,2.871958,2.871958,2.871958,udp,0.0,,cs0,,63.0,,1.0,,Start,2,2,0,84,84,0,42.0,0.0,116.993355,116.993355,0.0,0,0,0,0.0,,,0.348195,0.348195,0.0,INT,,,,,0.0,0.0,0.0,0
235629,0.0,0.0,0.0,0.0,0.0,0.0,udp,0.0,,cs0,,63.0,,1.0,,Start,1,1,0,42,42,0,42.0,0.0,0.0,0.0,0.0,0,0,0,0.0,,,0.0,0.0,0.0,INT,,,,,0.0,0.0,0.0,0
235652,0.0,0.0,0.0,0.0,0.0,0.0,udp,0.0,,cs0,,63.0,,1.0,,Start,1,1,0,42,42,0,42.0,0.0,0.0,0.0,0.0,0,0,0,0.0,,,0.0,0.0,0.0,INT,,,,,0.0,0.0,0.0,0
235668,0.0,0.0,0.0,0.0,0.0,0.0,udp,0.0,,cs0,,63.0,,1.0,,Start,1,1,0,42,42,0,42.0,0.0,0.0,0.0,0.0,0,0,0,0.0,,,0.0,0.0,0.0,INT,,,,,0.0,0.0,0.0,0
235706,0.0,0.0,0.0,0.0,0.0,0.0,udp,0.0,,cs0,,63.0,,1.0,,Start,1,1,0,42,42,0,42.0,0.0,0.0,0.0,0.0,0,0,0,0.0,,,0.0,0.0,0.0,INT,,,,,0.0,0.0,0.0,0
235719,0.0,0.0,0.0,0.0,0.0,0.0,udp,0.0,,cs0,,63.0,,1.0,,Start,1,1,0,42,42,0,42.0,0.0,0.0,0.0,0.0,0,0,0,0.0,,,0.0,0.0,0.0,INT,,,,,0.0,0.0,0.0,0
235721,0.0,0.0,0.0,0.0,0.0,0.0,udp,0.0,,cs0,,63.0,,1.0,,Start,1,1,0,42,42,0,42.0,0.0,0.0,0.0,0.0,0,0,0,0.0,,,0.0,0.0,0.0,INT,,,,,0.0,0.0,0.0,0
235723,0.0,0.0,0.0,0.0,0.0,0.0,udp,0.0,,cs0,,63.0,,1.0,,Start,1,1,0,42,42,0,42.0,0.0,0.0,0.0,0.0,0,0,0,0.0,,,0.0,0.0,0.0,INT,,,,,0.0,0.0,0.0,0
235747,2.86557,2.86557,2.86557,2.86557,2.86557,2.86557,udp,0.0,,cs0,,63.0,,1.0,,Start,2,2,0,84,84,0,42.0,0.0,117.254158,117.254158,0.0,0,0,0,0.0,,,0.348971,0.348971,0.0,INT,,,,,0.0,0.0,0.0,0
235751,2.866652,2.866652,2.866652,2.866652,2.866652,2.866652,udp,0.0,,cs0,,63.0,,1.0,,Start,2,2,0,84,84,0,42.0,0.0,117.2099,117.2099,0.0,0,0,0,0.0,,,0.348839,0.348839,0.0,INT,,,,,0.0,0.0,0.0,0
235782,0.0,0.0,0.0,0.0,0.0,0.0,udp,0.0,,cs0,,63.0,,1.0,,Start,1,1,0,42,42,0,42.0,0.0,0.0,0.0,0.0,0,0,0,0.0,,,0.0,0.0,0.0,INT,,,,,0.0,0.0,0.0,0
235788,2.86856,2.86856,2.86856,2.86856,2.86856,2.86856,udp,0.0,,cs0,,63.0,,1.0,,Start,2,2,0,84,84,0,42.0,0.0,117.131935,117.131935,0.0,0,0,0,0.0,,,0.348607,0.348607,0.0,INT,,,,,0.0,0.0,0.0,0
235804,2.86872,2.86872,2.86872,2.86872,2.86872,2.86872,udp,0.0,,cs0,,63.0,,1.0,,Start,2,2,0,84,84,0,42.0,0.0,117.125404,117.125404,0.0,0,0,0,0.0,,,0.348588,0.348588,0.0,INT,,,,,0.0,0.0,0.0,0
235823,0.0,0.0,0.0,0.0,0.0,0.0,udp,0.0,,cs0,,63.0,,1.0,,Start,1,1,0,42,42,0,42.0,0.0,0.0,0.0,0.0,0,0,0,0.0,,,0.0,0.0,0.0,INT,,,,,0.0,0.0,0.0,0
235886,2.868857,2.868857,2.868857,2.868857,2.868857,2.868857,udp,0.0,,cs0,,63.0,,1.0,,Start,2,2,0,84,84,0,42.0,0.0,117.11982,117.11982,0.0,0,0,0,0.0,,,0.348571,0.348571,0.0,INT,,,,,0.0,0.0,0.0,0
235897,0.0,0.0,0.0,0.0,0.0,0.0,udp,0.0,,cs0,,63.0,,1.0,,Start,1,1,0,42,42,0,42.0,0.0,0.0,0.0,0.0,0,0,0,0.0,,,0.0,0.0,0.0,INT,,,,,0.0,0.0,0.0,0
235924,2.868841,2.868841,2.868841,2.868841,2.868841,2.868841,udp,0.0,,cs0,,63.0,,1.0,,Start,2,2,0,84,84,0,42.0,0.0,117.120468,117.120468,0.0,0,0,0,0.0,,,0.348573,0.348573,0.0,INT,,,,,0.0,0.0,0.0,0
235941,2.863367,2.863367,2.863367,2.863367,2.863367,2.863367,udp,0.0,,cs0,,63.0,,1.0,,Start,2,2,0,84,84,0,42.0,0.0,117.344368,117.344368,0.0,0,0,0,0.0,,,0.349239,0.349239,0.0,INT,,,,,0.0,0.0,0.0,0
235955,0.0,0.0,0.0,0.0,0.0,0.0,udp,0.0,,cs0,,63.0,,1.0,,Start,1,1,0,42,42,0,42.0,0.0,0.0,0.0,0.0,0,0,0,0.0,,,0.0,0.0,0.0,INT,,,,,0.0,0.0,0.0,0
235988,2.868969,2.868969,2.868969,2.868969,2.868969,2.868969,udp,0.0,,cs0,,63.0,,1.0,,Start,2,2,0,84,84,0,42.0,0.0,117.115242,117.115242,0.0,0,0,0,0.0,,,0.348557,0.348557,0.0,INT,,,,,0.0,0.0,0.0,0
236093,2.863176,2.863176,2.863176,2.863176,2.863176,2.863176,udp,0.0,,cs0,,63.0,,1.0,,Start,2,2,0,84,84,0,42.0,0.0,117.352196,117.352196,0.0,0,0,0,0.0,,,0.349262,0.349262,0.0,INT,,,,,0.0,0.0,0.0,0
236205,2.858632,2.858632,2.858632,2.858632,2.858632,2.858632,udp,0.0,,cs0,,63.0,,1.0,,Start,2,2,0,84,84,0,42.0,0.0,117.538734,117.538734,0.0,0,0,0,0.0,,,0.349818,0.349818,0.0,INT,,,,,0.0,0.0,0.0,0
236209,2.858632,2.858632,2.858632,2.858632,2.858632,2.858632,udp,0.0,,cs0,,63.0,,1.0,,Start,2,2,0,84,84,0,42.0,0.0,117.538734,117.538734,0.0,0,0,0,0.0,,,0.349818,0.349818,0.0,INT,,,,,0.0,0.0,0.0,0
236255,2.854804,2.854804,2.854804,2.854804,2.854804,2.854804,udp,0.0,,cs0,,63.0,,1.0,,Start,2,2,0,84,84,0,42.0,0.0,117.696342,117.696342,0.0,0,0,0,0.0,,,0.350287,0.350287,0.0,INT,,,,,0.0,0.0,0.0,0
236308,2.862515,2.862515,2.862515,2.862515,2.862515,2.862515,udp,0.0,,cs0,,63.0,,1.0,,Start,2,2,0,84,84,0,42.0,0.0,117.379295,117.379295,0.0,0,0,0,0.0,,,0.349343,0.349343,0.0,INT,,,,,0.0,0.0,0.0,0
236437,2.870236,2.870236,2.870236,2.870236,2.870236,2.870236,udp,0.0,,cs0,,63.0,,1.0,,Start,2,2,0,84,84,0,42.0,0.0,117.063545,117.063545,0.0,0,0,0,0.0,,,0.348403,0.348403,0.0,INT,,,,,0.0,0.0,0.0,0
236461,2.870261,2.870261,2.870261,2.870261,2.870261,2.870261,udp,0.0,,cs0,,63.0,,1.0,,Start,2,2,0,84,84,0,42.0,0.0,117.062531,117.062531,0.0,0,0,0,0.0,,,0.3484,0.3484,0.0,INT,,,,,0.0,0.0,0.0,0
236497,2.863168,2.863168,2.863168,2.863168,2.863168,2.863168,udp,0.0,,cs0,,63.0,,1.0,,Start,2,2,0,84,84,0,42.0,0.0,117.352524,117.352524,0.0,0,0,0,0.0,,,0.349263,0.349263,0.0,INT,,,,,0.0,0.0,0.0,0
236537,2.862874,2.862874,2.862874,2.862874,2.862874,2.862874,udp,0.0,,cs0,,63.0,,1.0,,Start,2,2,0,84,84,0,42.0,0.0,117.364578,117.364578,0.0,0,0,0,0.0,,,0.349299,0.349299,0.0,INT,,,,,0.0,0.0,0.0,0
236565,2.863012,2.863012,2.863012,2.863012,2.863012,2.863012,udp,0.0,,cs0,,63.0,,1.0,,Start,2,2,0,84,84,0,42.0,0.0,117.358917,117.358917,0.0,0,0,0,0.0,,,0.349283,0.349283,0.0,INT,,,,,0.0,0.0,0.0,0
236596,0.0,0.0,0.0,0.0,0.0,0.0,udp,0.0,,cs0,,63.0,,1.0,,Start,1,1,0,42,42,0,42.0,0.0,0.0,0.0,0.0,0,0,0,0.0,,,0.0,0.0,0.0,INT,,,,,0.0,0.0,0.0,0
236607,2.863004,2.863004,2.863004,2.863004,2.863004,2.863004,udp,0.0,,cs0,,63.0,,1.0,,Start,2,2,0,84,84,0,42.0,0.0,117.359253,117.359253,0.0,0,0,0,0.0,,,0.349283,0.349283,0.0,INT,,,,,0.0,0.0,0.0,0
236614,2.862999,2.862999,2.862999,2.862999,2.862999,2.862999,udp,0.0,,cs0,,63.0,,1.0,,Start,2,2,0,84,84,0,42.0,0.0,117.359459,117.359459,0.0,0,0,0,0.0,,,0.349284,0.349284,0.0,INT,,,,,0.0,0.0,0.0,0
236641,2.863048,2.863048,2.863048,2.863048,2.863048,2.863048,udp,0.0,,cs0,,63.0,,1.0,,Start,2,2,0,84,84,0,42.0,0.0,117.357445,117.357445,0.0,0,0,0,0.0,,,0.349278,0.349278,0.0,INT,,,,,0.0,0.0,0.0,0
236799,2.862481,2.862481,2.862481,2.862481,2.862481,2.862481,udp,0.0,,cs0,,63.0,,1.0,,Start,2,2,0,84,84,0,42.0,0.0,117.380684,117.380684,0.0,0,0,0,0.0,,,0.349347,0.349347,0.0,INT,,,,,0.0,0.0,0.0,0
236873,2.860918,2.860918,2.860918,2.860918,2.860918,2.860918,udp,0.0,,cs0,,63.0,,1.0,,Start,2,2,0,84,84,0,42.0,0.0,117.444817,117.444817,0.0,0,0,0,0.0,,,0.349538,0.349538,0.0,INT,,,,,0.0,0.0,0.0,0
236890,0.0,0.0,0.0,0.0,0.0,0.0,udp,0.0,,cs0,,63.0,,1.0,,Start,1,1,0,42,42,0,42.0,0.0,0.0,0.0,0.0,0,0,0,0.0,,,0.0,0.0,0.0,INT,,,,,0.0,0.0,0.0,0
236916,2.860926,2.860926,2.860926,2.860926,2.860926,2.860926,udp,0.0,,cs0,,63.0,,1.0,,Start,2,2,0,84,84,0,42.0,0.0,117.444496,117.444496,0.0,0,0,0,0.0,,,0.349537,0.349537,0.0,INT,,,,,0.0,0.0,0.0,0
236975,2.862161,2.862161,2.862161,2.862161,2.862161,2.862161,udp,0.0,,cs0,,63.0,,1.0,,Start,2,2,0,84,84,0,42.0,0.0,117.393822,117.393822,0.0,0,0,0,0.0,,,0.349386,0.349386,0.0,INT,,,,,0.0,0.0,0.0,0
237074,0.0,0.0,0.0,0.0,0.0,0.0,udp,0.0,,cs0,,63.0,,1.0,,Start,1,1,0,42,42,0,42.0,0.0,0.0,0.0,0.0,0,0,0,0.0,,,0.0,0.0,0.0,INT,,,,,0.0,0.0,0.0,0
237085,0.0,0.0,0.0,0.0,0.0,0.0,udp,0.0,,cs0,,63.0,,1.0,,Start,1,1,0,42,42,0,42.0,0.0,0.0,0.0,0.0,0,0,0,0.0,,,0.0,0.0,0.0,INT,,,,,0.0,0.0,0.0,0
237117,2.857838,2.857838,2.857838,2.857838,2.857838,2.857838,udp,0.0,,cs0,,63.0,,1.0,,Start,2,2,0,84,84,0,42.0,0.0,117.571396,117.571396,0.0,0,0,0,0.0,,,0.349915,0.349915,0.0,INT,,,,,0.0,0.0,0.0,0
237251,2.865762,2.865762,2.865762,2.865762,2.865762,2.865762,udp,0.0,,cs0,,63.0,,1.0,,Start,2,2,0,84,84,0,42.0,0.0,117.2463,117.2463,0.0,0,0,0,0.0,,,0.348947,0.348947,0.0,INT,,,,,0.0,0.0,0.0,0
237258,2.866087,2.866087,2.866087,2.866087,2.866087,2.866087,udp,0.0,,cs0,,63.0,,1.0,,Start,2,2,0,84,84,0,42.0,0.0,117.233009,117.233009,0.0,0,0,0,0.0,,,0.348908,0.348908,0.0,INT,,,,,0.0,0.0,0.0,0
237318,2.868101,2.868101,2.868101,2.868101,2.868101,2.868101,udp,0.0,,cs0,,63.0,,1.0,,Start,2,2,0,84,84,0,42.0,0.0,117.150688,117.150688,0.0,0,0,0,0.0,,,0.348663,0.348663,0.0,INT,,,,,0.0,0.0,0.0,0
237353,2.860134,2.860134,2.860134,2.860134,2.860134,2.860134,udp,0.0,,cs0,,63.0,,1.0,,Start,2,2,0,84,84,0,42.0,0.0,117.47702,117.47702,0.0,0,0,0,0.0,,,0.349634,0.349634,0.0,INT,,,,,0.0,0.0,0.0,0
237503,0.0,0.0,0.0,0.0,0.0,0.0,udp,0.0,,cs0,,63.0,,1.0,,Start,1,1,0,42,42,0,42.0,0.0,0.0,0.0,0.0,0,0,0,0.0,,,0.0,0.0,0.0,INT,,,,,0.0,0.0,0.0,0
237545,2.857069,2.857069,2.857069,2.857069,2.857069,2.857069,udp,0.0,,cs0,,63.0,,1.0,,Start,2,2,0,84,84,0,42.0,0.0,117.603043,117.603043,0.0,0,0,0,0.0,,,0.350009,0.350009,0.0,INT,,,,,0.0,0.0,0.0,0
237601,0.0,0.0,0.0,0.0,0.0,0.0,udp,0.0,,cs0,,63.0,,1.0,,Start,1,1,0,42,42,0,42.0,0.0,0.0,0.0,0.0,0,0,0,0.0,,,0.0,0.0,0.0,INT,,,,,0.0,0.0,0.0,0
237618,0.0,0.0,0.0,0.0,0.0,0.0,udp,0.0,,cs0,,63.0,,1.0,,Start,1,1,0,42,42,0,42.0,0.0,0.0,0.0,0.0,0,0,0,0.0,,,0.0,0.0,0.0,INT,,,,,0.0,0.0,0.0,0
237652,2.857093,2.857093,2.857093,2.857093,2.857093,2.857093,udp,0.0,,cs0,,63.0,,1.0,,Start,2,2,0,84,84,0,42.0,0.0,117.602051,117.602051,0.0,0,0,0,0.0,,,0.350006,0.350006,0.0,INT,,,,,0.0,0.0,0.0,0
237666,2.856928,2.856928,2.856928,2.856928,2.856928,2.856928,udp,0.0,,cs0,,63.0,,1.0,,Start,2,2,0,84,84,0,42.0,0.0,117.608841,117.608841,0.0,0,0,0,0.0,,,0.350026,0.350026,0.0,INT,,,,,0.0,0.0,0.0,0
237669,2.856924,2.856924,2.856924,2.856924,2.856924,2.856924,udp,0.0,,cs0,,63.0,,1.0,,Start,2,2,0,84,84,0,42.0,0.0,117.609009,117.609009,0.0,0,0,0,0.0,,,0.350027,0.350027,0.0,INT,,,,,0.0,0.0,0.0,0
237689,2.862655,2.862655,2.862655,2.862655,2.862655,2.862655,udp,0.0,,cs0,,63.0,,1.0,,Start,2,2,0,84,84,0,42.0,0.0,117.373558,117.373558,0.0,0,0,0,0.0,,,0.349326,0.349326,0.0,INT,,,,,0.0,0.0,0.0,0
237700,2.862662,2.862662,2.862662,2.862662,2.862662,2.862662,udp,0.0,,cs0,,63.0,,1.0,,Start,2,2,0,84,84,0,42.0,0.0,117.373268,117.373268,0.0,0,0,0,0.0,,,0.349325,0.349325,0.0,INT,,,,,0.0,0.0,0.0,0
237701,2.862656,2.862656,2.862656,2.862656,2.862656,2.862656,udp,0.0,,cs0,,63.0,,1.0,,Start,2,2,0,84,84,0,42.0,0.0,117.373512,117.373512,0.0,0,0,0,0.0,,,0.349326,0.349326,0.0,INT,,,,,0.0,0.0,0.0,0
237731,0.0,0.0,0.0,0.0,0.0,0.0,udp,0.0,,cs0,,63.0,,1.0,,Start,1,1,0,42,42,0,42.0,0.0,0.0,0.0,0.0,0,0,0,0.0,,,0.0,0.0,0.0,INT,,,,,0.0,0.0,0.0,0
237815,2.85557,2.85557,2.85557,2.85557,2.85557,2.85557,udp,0.0,,cs0,,63.0,,1.0,,Start,2,2,0,84,84,0,42.0,0.0,117.664772,117.664772,0.0,0,0,0,0.0,,,0.350193,0.350193,0.0,INT,,,,,0.0,0.0,0.0,0
237838,2.852138,2.852138,2.852138,2.852138,2.852138,2.852138,udp,0.0,,cs0,,63.0,,1.0,,Start,2,2,0,84,84,0,42.0,0.0,117.806358,117.806358,0.0,0,0,0,0.0,,,0.350614,0.350614,0.0,INT,,,,,0.0,0.0,0.0,0
237916,2.852555,2.852555,2.852555,2.852555,2.852555,2.852555,udp,0.0,,cs0,,63.0,,1.0,,Start,2,2,0,84,84,0,42.0,0.0,117.789139,117.789139,0.0,0,0,0,0.0,,,0.350563,0.350563,0.0,INT,,,,,0.0,0.0,0.0,0
237944,0.0,0.0,0.0,0.0,0.0,0.0,udp,0.0,,cs0,,63.0,,1.0,,Start,1,1,0,42,42,0,42.0,0.0,0.0,0.0,0.0,0,0,0,0.0,,,0.0,0.0,0.0,INT,,,,,0.0,0.0,0.0,0
237947,0.0,0.0,0.0,0.0,0.0,0.0,udp,0.0,,cs0,,63.0,,1.0,,Start,1,1,0,42,42,0,42.0,0.0,0.0,0.0,0.0,0,0,0,0.0,,,0.0,0.0,0.0,INT,,,,,0.0,0.0,0.0,0
237959,2.851958,2.851958,2.851958,2.851958,2.851958,2.851958,udp,0.0,,cs0,,63.0,,1.0,,Start,2,2,0,84,84,0,42.0,0.0,117.813797,117.813797,0.0,0,0,0,0.0,,,0.350636,0.350636,0.0,INT,,,,,0.0,0.0,0.0,0
237971,2.851963,2.851963,2.851963,2.851963,2.851963,2.851963,udp,0.0,,cs0,,63.0,,1.0,,Start,2,2,0,84,84,0,42.0,0.0,117.813591,117.813591,0.0,0,0,0,0.0,,,0.350636,0.350636,0.0,INT,,,,,0.0,0.0,0.0,0
237975,2.851985,2.851985,2.851985,2.851985,2.851985,2.851985,udp,0.0,,cs0,,63.0,,1.0,,Start,2,2,0,84,84,0,42.0,0.0,117.812683,117.812683,0.0,0,0,0,0.0,,,0.350633,0.350633,0.0,INT,,,,,0.0,0.0,0.0,0
238020,2.861563,2.861563,2.861563,2.861563,2.861563,2.861563,udp,0.0,,cs0,,63.0,,1.0,,Start,2,2,0,84,84,0,42.0,0.0,117.41835,117.41835,0.0,0,0,0,0.0,,,0.349459,0.349459,0.0,INT,,,,,0.0,0.0,0.0,0
238026,2.862063,2.862063,2.862063,2.862063,2.862063,2.862063,udp,0.0,,cs0,,63.0,,1.0,,Start,2,2,0,84,84,0,42.0,0.0,117.397835,117.397835,0.0,0,0,0,0.0,,,0.349398,0.349398,0.0,INT,,,,,0.0,0.0,0.0,0
238117,2.85378,2.85378,2.85378,2.85378,2.85378,2.85378,udp,0.0,,cs0,,63.0,,1.0,,Start,2,2,0,84,84,0,42.0,0.0,117.738579,117.738579,0.0,0,0,0,0.0,,,0.350412,0.350412,0.0,INT,,,,,0.0,0.0,0.0,0
238143,2.857029,2.857029,2.857029,2.857029,2.857029,2.857029,udp,0.0,,cs0,,63.0,,1.0,,Start,2,2,0,84,84,0,42.0,0.0,117.604691,117.604691,0.0,0,0,0,0.0,,,0.350014,0.350014,0.0,INT,,,,,0.0,0.0,0.0,0
238153,2.85677,2.85677,2.85677,2.85677,2.85677,2.85677,udp,0.0,,cs0,,63.0,,1.0,,Start,2,2,0,84,84,0,42.0,0.0,117.615349,117.615349,0.0,0,0,0,0.0,,,0.350046,0.350046,0.0,INT,,,,,0.0,0.0,0.0,0
238166,2.85675,2.85675,2.85675,2.85675,2.85675,2.85675,udp,0.0,,cs0,,63.0,,1.0,,Start,2,2,0,84,84,0,42.0,0.0,117.616173,117.616173,0.0,0,0,0,0.0,,,0.350048,0.350048,0.0,INT,,,,,0.0,0.0,0.0,0
238230,2.856909,2.856909,2.856909,2.856909,2.856909,2.856909,udp,0.0,,cs0,,63.0,,1.0,,Start,2,2,0,84,84,0,42.0,0.0,117.609627,117.609627,0.0,0,0,0,0.0,,,0.350029,0.350029,0.0,INT,,,,,0.0,0.0,0.0,0
238277,0.0,0.0,0.0,0.0,0.0,0.0,udp,0.0,,cs0,,63.0,,1.0,,Start,1,1,0,42,42,0,42.0,0.0,0.0,0.0,0.0,0,0,0,0.0,,,0.0,0.0,0.0,INT,,,,,0.0,0.0,0.0,0
238285,2.857727,2.857727,2.857727,2.857727,2.857727,2.857727,udp,0.0,,cs0,,63.0,,1.0,,Start,2,2,0,84,84,0,42.0,0.0,117.575958,117.575958,0.0,0,0,0,0.0,,,0.349928,0.349928,0.0,INT,,,,,0.0,0.0,0.0,0
238310,0.0,0.0,0.0,0.0,0.0,0.0,udp,0.0,,cs0,,63.0,,1.0,,Start,1,1,0,42,42,0,42.0,0.0,0.0,0.0,0.0,0,0,0,0.0,,,0.0,0.0,0.0,INT,,,,,0.0,0.0,0.0,0
238335,2.857782,2.857782,2.857782,2.857782,2.857782,2.857782,udp,0.0,,cs0,,63.0,,1.0,,Start,2,2,0,84,84,0,42.0,0.0,117.5737,117.5737,0.0,0,0,0,0.0,,,0.349922,0.349922,0.0,INT,,,,,0.0,0.0,0.0,0
238465,2.856807,2.856807,2.856807,2.856807,2.856807,2.856807,udp,0.0,,cs0,,63.0,,1.0,,Start,2,2,0,84,84,0,42.0,0.0,117.613823,117.613823,0.0,0,0,0,0.0,,,0.350041,0.350041,0.0,INT,,,,,0.0,0.0,0.0,0
238466,2.856806,2.856806,2.856806,2.856806,2.856806,2.856806,udp,0.0,,cs0,,63.0,,1.0,,Start,2,2,0,84,84,0,42.0,0.0,117.613869,117.613869,0.0,0,0,0,0.0,,,0.350041,0.350041,0.0,INT,,,,,0.0,0.0,0.0,0
238470,2.856802,2.856802,2.856802,2.856802,2.856802,2.856802,udp,0.0,,cs0,,63.0,,1.0,,Start,2,2,0,84,84,0,42.0,0.0,117.614029,117.614029,0.0,0,0,0,0.0,,,0.350042,0.350042,0.0,INT,,,,,0.0,0.0,0.0,0
238609,2.85115,2.85115,2.85115,2.85115,2.85115,2.85115,udp,0.0,,cs0,,63.0,,1.0,,Start,2,2,0,84,84,0,42.0,0.0,117.847183,117.847183,0.0,0,0,0,0.0,,,0.350736,0.350736,0.0,INT,,,,,0.0,0.0,0.0,0
238627,2.85266,2.85266,2.85266,2.85266,2.85266,2.85266,udp,0.0,,cs0,,63.0,,1.0,,Start,2,2,0,84,84,0,42.0,0.0,117.784805,117.784805,0.0,0,0,0,0.0,,,0.35055,0.35055,0.0,INT,,,,,0.0,0.0,0.0,0
238659,2.85262,2.85262,2.85262,2.85262,2.85262,2.85262,udp,0.0,,cs0,,63.0,,1.0,,Start,2,2,0,84,84,0,42.0,0.0,117.786461,117.786461,0.0,0,0,0,0.0,,,0.350555,0.350555,0.0,INT,,,,,0.0,0.0,0.0,0
238678,0.0,0.0,0.0,0.0,0.0,0.0,udp,0.0,,cs0,,63.0,,1.0,,Start,1,1,0,42,42,0,42.0,0.0,0.0,0.0,0.0,0,0,0,0.0,,,0.0,0.0,0.0,INT,,,,,0.0,0.0,0.0,0
238787,2.854026,2.854026,2.854026,2.854026,2.854026,2.854026,udp,0.0,,cs0,,63.0,,1.0,,Start,2,2,0,84,84,0,42.0,0.0,117.728424,117.728424,0.0,0,0,0,0.0,,,0.350382,0.350382,0.0,INT,,,,,0.0,0.0,0.0,0
238804,2.852132,2.852132,2.852132,2.852132,2.852132,2.852132,udp,0.0,,cs0,,63.0,,1.0,,Start,2,2,0,84,84,0,42.0,0.0,117.806602,117.806602,0.0,0,0,0,0.0,,,0.350615,0.350615,0.0,INT,,,,,0.0,0.0,0.0,0
238857,0.0,0.0,0.0,0.0,0.0,0.0,udp,0.0,,cs0,,63.0,,1.0,,Start,1,1,0,42,42,0,42.0,0.0,0.0,0.0,0.0,0,0,0,0.0,,,0.0,0.0,0.0,INT,,,,,0.0,0.0,0.0,0
238896,0.0,0.0,0.0,0.0,0.0,0.0,udp,0.0,,cs0,,63.0,,1.0,,Start,1,1,0,42,42,0,42.0,0.0,0.0,0.0,0.0,0,0,0,0.0,,,0.0,0.0,0.0,INT,,,,,0.0,0.0,0.0,0
238906,0.0,0.0,0.0,0.0,0.0,0.0,udp,0.0,,cs0,,63.0,,1.0,,Start,1,1,0,42,42,0,42.0,0.0,0.0,0.0,0.0,0,0,0,0.0,,,0.0,0.0,0.0,INT,,,,,0.0,0.0,0.0,0
238908,0.0,0.0,0.0,0.0,0.0,0.0,udp,0.0,,cs0,,63.0,,1.0,,Start,1,1,0,42,42,0,42.0,0.0,0.0,0.0,0.0,0,0,0,0.0,,,0.0,0.0,0.0,INT,,,,,0.0,0.0,0.0,0
239040,2.854976,2.854976,2.854976,2.854976,2.854976,2.854976,udp,0.0,,cs0,,63.0,,1.0,,Start,2,2,0,84,84,0,42.0,0.0,117.689255,117.689255,0.0,0,0,0,0.0,,,0.350266,0.350266,0.0,INT,,,,,0.0,0.0,0.0,0
239045,2.854996,2.854996,2.854996,2.854996,2.854996,2.854996,udp,0.0,,cs0,,63.0,,1.0,,Start,2,2,0,84,84,0,42.0,0.0,117.688431,117.688431,0.0,0,0,0,0.0,,,0.350263,0.350263,0.0,INT,,,,,0.0,0.0,0.0,0
239102,2.849173,2.849173,2.849173,2.849173,2.849173,2.849173,udp,0.0,,cs0,,63.0,,1.0,,Start,2,2,0,84,84,0,42.0,0.0,117.928955,117.928955,0.0,0,0,0,0.0,,,0.350979,0.350979,0.0,INT,,,,,0.0,0.0,0.0,0
239138,2.854782,2.854782,2.854782,2.854782,2.854782,2.854782,udp,0.0,,cs0,,63.0,,1.0,,Start,2,2,0,84,84,0,42.0,0.0,117.69725,117.69725,0.0,0,0,0,0.0,,,0.350289,0.350289,0.0,INT,,,,,0.0,0.0,0.0,0
239214,2.849195,2.849195,2.849195,2.849195,2.849195,2.849195,udp,0.0,,cs0,,63.0,,1.0,,Start,2,2,0,84,84,0,42.0,0.0,117.928047,117.928047,0.0,0,0,0,0.0,,,0.350976,0.350976,0.0,INT,,,,,0.0,0.0,0.0,0
239220,2.849192,2.849192,2.849192,2.849192,2.849192,2.849192,udp,0.0,,cs0,,63.0,,1.0,,Start,2,2,0,84,84,0,42.0,0.0,117.928177,117.928177,0.0,0,0,0,0.0,,,0.350977,0.350977,0.0,INT,,,,,0.0,0.0,0.0,0
239234,2.850654,2.850654,2.850654,2.850654,2.850654,2.850654,udp,0.0,,cs0,,63.0,,1.0,,Start,2,2,0,84,84,0,42.0,0.0,117.867691,117.867691,0.0,0,0,0,0.0,,,0.350797,0.350797,0.0,INT,,,,,0.0,0.0,0.0,0
239259,2.854535,2.854535,2.854535,2.854535,2.854535,2.854535,udp,0.0,,cs0,,63.0,,1.0,,Start,2,2,0,84,84,0,42.0,0.0,117.707436,117.707436,0.0,0,0,0,0.0,,,0.35032,0.35032,0.0,INT,,,,,0.0,0.0,0.0,0
239404,2.854556,2.854556,2.854556,2.854556,2.854556,2.854556,udp,0.0,,cs0,,63.0,,1.0,,Start,2,2,0,84,84,0,42.0,0.0,117.706566,117.706566,0.0,0,0,0,0.0,,,0.350317,0.350317,0.0,INT,,,,,0.0,0.0,0.0,0
239412,2.854559,2.854559,2.854559,2.854559,2.854559,2.854559,udp,0.0,,cs0,,63.0,,1.0,,Start,2,2,0,84,84,0,42.0,0.0,117.706451,117.706451,0.0,0,0,0,0.0,,,0.350317,0.350317,0.0,INT,,,,,0.0,0.0,0.0,0
239430,2.854682,2.854682,2.854682,2.854682,2.854682,2.854682,udp,0.0,,cs0,,63.0,,1.0,,Start,2,2,0,84,84,0,42.0,0.0,117.701378,117.701378,0.0,0,0,0,0.0,,,0.350302,0.350302,0.0,INT,,,,,0.0,0.0,0.0,0
239444,2.853344,2.853344,2.853344,2.853344,2.853344,2.853344,udp,0.0,,cs0,,63.0,,1.0,,Start,2,2,0,84,84,0,42.0,0.0,117.756569,117.756569,0.0,0,0,0,0.0,,,0.350466,0.350466,0.0,INT,,,,,0.0,0.0,0.0,0
239448,0.0,0.0,0.0,0.0,0.0,0.0,udp,0.0,,cs0,,63.0,,1.0,,Start,1,1,0,42,42,0,42.0,0.0,0.0,0.0,0.0,0,0,0,0.0,,,0.0,0.0,0.0,INT,,,,,0.0,0.0,0.0,0
239468,2.851485,2.851485,2.851485,2.851485,2.851485,2.851485,udp,0.0,,cs0,,63.0,,1.0,,Start,2,2,0,84,84,0,42.0,0.0,117.833336,117.833336,0.0,0,0,0,0.0,,,0.350694,0.350694,0.0,INT,,,,,0.0,0.0,0.0,0
239470,2.851499,2.851499,2.851499,2.851499,2.851499,2.851499,udp,0.0,,cs0,,63.0,,1.0,,Start,2,2,0,84,84,0,42.0,0.0,117.832756,117.832756,0.0,0,0,0,0.0,,,0.350693,0.350693,0.0,INT,,,,,0.0,0.0,0.0,0
239543,2.851717,2.851717,2.851717,2.851717,2.851717,2.851717,udp,0.0,,cs0,,63.0,,1.0,,Start,2,2,0,84,84,0,42.0,0.0,117.823753,117.823753,0.0,0,0,0,0.0,,,0.350666,0.350666,0.0,INT,,,,,0.0,0.0,0.0,0
239545,2.852979,2.852979,2.852979,2.852979,2.852979,2.852979,udp,0.0,,cs0,,63.0,,1.0,,Start,2,2,0,84,84,0,42.0,0.0,117.771637,117.771637,0.0,0,0,0,0.0,,,0.350511,0.350511,0.0,INT,,,,,0.0,0.0,0.0,0
239578,0.0,0.0,0.0,0.0,0.0,0.0,udp,0.0,,cs0,,63.0,,1.0,,Start,1,1,0,42,42,0,42.0,0.0,0.0,0.0,0.0,0,0,0,0.0,,,0.0,0.0,0.0,INT,,,,,0.0,0.0,0.0,0
239591,0.0,0.0,0.0,0.0,0.0,0.0,udp,0.0,,cs0,,63.0,,1.0,,Start,1,1,0,42,42,0,42.0,0.0,0.0,0.0,0.0,0,0,0,0.0,,,0.0,0.0,0.0,INT,,,,,0.0,0.0,0.0,0
239647,2.856261,2.856261,2.856261,2.856261,2.856261,2.856261,udp,0.0,,cs0,,63.0,,1.0,,Start,2,2,0,84,84,0,42.0,0.0,117.636307,117.636307,0.0,0,0,0,0.0,,,0.350108,0.350108,0.0,INT,,,,,0.0,0.0,0.0,0
239697,2.859224,2.859224,2.859224,2.859224,2.859224,2.859224,udp,0.0,,cs0,,63.0,,1.0,,Start,2,2,0,84,84,0,42.0,0.0,117.514397,117.514397,0.0,0,0,0,0.0,,,0.349745,0.349745,0.0,INT,,,,,0.0,0.0,0.0,0
239752,0.0,0.0,0.0,0.0,0.0,0.0,udp,0.0,,cs0,,63.0,,1.0,,Start,1,1,0,42,42,0,42.0,0.0,0.0,0.0,0.0,0,0,0,0.0,,,0.0,0.0,0.0,INT,,,,,0.0,0.0,0.0,0
239763,0.0,0.0,0.0,0.0,0.0,0.0,udp,0.0,,cs0,,63.0,,1.0,,Start,1,1,0,42,42,0,42.0,0.0,0.0,0.0,0.0,0,0,0,0.0,,,0.0,0.0,0.0,INT,,,,,0.0,0.0,0.0,0
239808,0.0,0.0,0.0,0.0,0.0,0.0,udp,0.0,,cs0,,63.0,,1.0,,Start,1,1,0,42,42,0,42.0,0.0,0.0,0.0,0.0,0,0,0,0.0,,,0.0,0.0,0.0,INT,,,,,0.0,0.0,0.0,0
239830,2.849907,2.849907,2.849907,2.849907,2.849907,2.849907,udp,0.0,,cs0,,63.0,,1.0,,Start,2,2,0,84,84,0,42.0,0.0,117.89859,117.89859,0.0,0,0,0,0.0,,,0.350889,0.350889,0.0,INT,,,,,0.0,0.0,0.0,0
240001,0.0,0.0,0.0,0.0,0.0,0.0,udp,0.0,,cs0,,63.0,,1.0,,Start,1,1,0,42,42,0,42.0,0.0,0.0,0.0,0.0,0,0,0,0.0,,,0.0,0.0,0.0,INT,,,,,0.0,0.0,0.0,0
240024,2.84633,2.84633,2.84633,2.84633,2.84633,2.84633,udp,0.0,,cs0,,63.0,,1.0,,Start,2,2,0,84,84,0,42.0,0.0,118.046753,118.046753,0.0,0,0,0,0.0,,,0.35133,0.35133,0.0,INT,,,,,0.0,0.0,0.0,0
240051,2.846957,2.846957,2.846957,2.846957,2.846957,2.846957,udp,0.0,,cs0,,63.0,,1.0,,Start,2,2,0,84,84,0,42.0,0.0,118.020752,118.020752,0.0,0,0,0,0.0,,,0.351252,0.351252,0.0,INT,,,,,0.0,0.0,0.0,0
240084,0.0,0.0,0.0,0.0,0.0,0.0,udp,0.0,,cs0,,63.0,,1.0,,Start,1,1,0,42,42,0,42.0,0.0,0.0,0.0,0.0,0,0,0,0.0,,,0.0,0.0,0.0,INT,,,,,0.0,0.0,0.0,0
240109,2.847502,2.847502,2.847502,2.847502,2.847502,2.847502,udp,0.0,,cs0,,63.0,,1.0,,Start,2,2,0,84,84,0,42.0,0.0,117.998161,117.998161,0.0,0,0,0,0.0,,,0.351185,0.351185,0.0,INT,,,,,0.0,0.0,0.0,0
240119,2.850439,2.850439,2.850439,2.850439,2.850439,2.850439,udp,0.0,,cs0,,63.0,,1.0,,Start,2,2,0,84,84,0,42.0,0.0,117.876579,117.876579,0.0,0,0,0,0.0,,,0.350823,0.350823,0.0,INT,,,,,0.0,0.0,0.0,0
240148,0.0,0.0,0.0,0.0,0.0,0.0,udp,0.0,,cs0,,63.0,,1.0,,Start,1,1,0,42,42,0,42.0,0.0,0.0,0.0,0.0,0,0,0,0.0,,,0.0,0.0,0.0,INT,,,,,0.0,0.0,0.0,0
240170,2.850186,2.850186,2.850186,2.850186,2.850186,2.850186,udp,0.0,,cs0,,63.0,,1.0,,Start,2,2,0,84,84,0,42.0,0.0,117.887039,117.887039,0.0,0,0,0,0.0,,,0.350854,0.350854,0.0,INT,,,,,0.0,0.0,0.0,0
240173,2.850186,2.850186,2.850186,2.850186,2.850186,2.850186,udp,0.0,,cs0,,63.0,,1.0,,Start,2,2,0,84,84,0,42.0,0.0,117.887039,117.887039,0.0,0,0,0,0.0,,,0.350854,0.350854,0.0,INT,,,,,0.0,0.0,0.0,0
240185,0.0,0.0,0.0,0.0,0.0,0.0,udp,0.0,,cs0,,63.0,,1.0,,Start,1,1,0,42,42,0,42.0,0.0,0.0,0.0,0.0,0,0,0,0.0,,,0.0,0.0,0.0,INT,,,,,0.0,0.0,0.0,0
240237,2.844936,2.844936,2.844936,2.844936,2.844936,2.844936,udp,0.0,,cs0,,63.0,,1.0,,Start,2,2,0,84,84,0,42.0,0.0,118.104591,118.104591,0.0,0,0,0,0.0,,,0.351502,0.351502,0.0,INT,,,,,0.0,0.0,0.0,0
240250,2.845002,2.845002,2.845002,2.845002,2.845002,2.845002,udp,0.0,,cs0,,63.0,,1.0,,Start,2,2,0,84,84,0,42.0,0.0,118.101852,118.101852,0.0,0,0,0,0.0,,,0.351494,0.351494,0.0,INT,,,,,0.0,0.0,0.0,0
240268,0.0,0.0,0.0,0.0,0.0,0.0,udp,0.0,,cs0,,63.0,,1.0,,Start,1,1,0,42,42,0,42.0,0.0,0.0,0.0,0.0,0,0,0,0.0,,,0.0,0.0,0.0,INT,,,,,0.0,0.0,0.0,0
240304,2.844872,2.844872,2.844872,2.844872,2.844872,2.844872,udp,0.0,,cs0,,63.0,,1.0,,Start,2,2,0,84,84,0,42.0,0.0,118.107246,118.107246,0.0,0,0,0,0.0,,,0.35151,0.35151,0.0,INT,,,,,0.0,0.0,0.0,0
240329,2.844305,2.844305,2.844305,2.844305,2.844305,2.844305,udp,0.0,,cs0,,63.0,,1.0,,Start,2,2,0,84,84,0,42.0,0.0,118.130791,118.130791,0.0,0,0,0,0.0,,,0.35158,0.35158,0.0,INT,,,,,0.0,0.0,0.0,0
240343,0.0,0.0,0.0,0.0,0.0,0.0,udp,0.0,,cs0,,63.0,,1.0,,Start,1,1,0,42,42,0,42.0,0.0,0.0,0.0,0.0,0,0,0,0.0,,,0.0,0.0,0.0,INT,,,,,0.0,0.0,0.0,0
240391,0.0,0.0,0.0,0.0,0.0,0.0,udp,0.0,,cs0,,63.0,,1.0,,Start,1,1,0,42,42,0,42.0,0.0,0.0,0.0,0.0,0,0,0,0.0,,,0.0,0.0,0.0,INT,,,,,0.0,0.0,0.0,0
240456,2.849242,2.849242,2.849242,2.849242,2.849242,2.849242,udp,0.0,,cs0,,63.0,,1.0,,Start,2,2,0,84,84,0,42.0,0.0,117.926102,117.926102,0.0,0,0,0,0.0,,,0.350971,0.350971,0.0,INT,,,,,0.0,0.0,0.0,0
240465,0.0,0.0,0.0,0.0,0.0,0.0,udp,0.0,,cs0,,63.0,,1.0,,Start,1,1,0,42,42,0,42.0,0.0,0.0,0.0,0.0,0,0,0,0.0,,,0.0,0.0,0.0,INT,,,,,0.0,0.0,0.0,0
240471,0.0,0.0,0.0,0.0,0.0,0.0,udp,0.0,,cs0,,63.0,,1.0,,Start,1,1,0,42,42,0,42.0,0.0,0.0,0.0,0.0,0,0,0,0.0,,,0.0,0.0,0.0,INT,,,,,0.0,0.0,0.0,0
240490,2.853972,2.853972,2.853972,2.853972,2.853972,2.853972,udp,0.0,,cs0,,63.0,,1.0,,Start,2,2,0,84,84,0,42.0,0.0,117.730659,117.730659,0.0,0,0,0,0.0,,,0.350389,0.350389,0.0,INT,,,,,0.0,0.0,0.0,0
240599,2.84244,2.84244,2.84244,2.84244,2.84244,2.84244,udp,0.0,,cs0,,63.0,,1.0,,Start,2,2,0,84,84,0,42.0,0.0,118.208305,118.208305,0.0,0,0,0,0.0,,,0.35181,0.35181,0.0,INT,,,,,0.0,0.0,0.0,0
240604,0.0,0.0,0.0,0.0,0.0,0.0,udp,0.0,,cs0,,63.0,,1.0,,Start,1,1,0,42,42,0,42.0,0.0,0.0,0.0,0.0,0,0,0,0.0,,,0.0,0.0,0.0,INT,,,,,0.0,0.0,0.0,0
240650,0.0,0.0,0.0,0.0,0.0,0.0,udp,0.0,,cs0,,63.0,,1.0,,Start,1,1,0,42,42,0,42.0,0.0,0.0,0.0,0.0,0,0,0,0.0,,,0.0,0.0,0.0,INT,,,,,0.0,0.0,0.0,0
240713,2.8474,2.8474,2.8474,2.8474,2.8474,2.8474,udp,0.0,,cs0,,63.0,,1.0,,Start,2,2,0,84,84,0,42.0,0.0,118.002388,118.002388,0.0,0,0,0,0.0,,,0.351198,0.351198,0.0,INT,,,,,0.0,0.0,0.0,0
240814,2.847795,2.847795,2.847795,2.847795,2.847795,2.847795,udp,0.0,,cs0,,63.0,,1.0,,Start,2,2,0,84,84,0,42.0,0.0,117.986023,117.986023,0.0,0,0,0,0.0,,,0.351149,0.351149,0.0,INT,,,,,0.0,0.0,0.0,0
240913,0.0,0.0,0.0,0.0,0.0,0.0,udp,0.0,,cs0,,63.0,,1.0,,Start,1,1,0,42,42,0,42.0,0.0,0.0,0.0,0.0,0,0,0,0.0,,,0.0,0.0,0.0,INT,,,,,0.0,0.0,0.0,0
240928,2.842655,2.842655,2.842655,2.842655,2.842655,2.842655,udp,0.0,,cs0,,63.0,,1.0,,Start,2,2,0,84,84,0,42.0,0.0,118.199364,118.199364,0.0,0,0,0,0.0,,,0.351784,0.351784,0.0,INT,,,,,0.0,0.0,0.0,0
240953,2.846799,2.846799,2.846799,2.846799,2.846799,2.846799,udp,0.0,,cs0,,63.0,,1.0,,Start,2,2,0,84,84,0,42.0,0.0,118.027306,118.027306,0.0,0,0,0,0.0,,,0.351272,0.351272,0.0,INT,,,,,0.0,0.0,0.0,0
240986,2.846744,2.846744,2.846744,2.846744,2.846744,2.846744,udp,0.0,,cs0,,63.0,,1.0,,Start,2,2,0,84,84,0,42.0,0.0,118.029579,118.029579,0.0,0,0,0,0.0,,,0.351279,0.351279,0.0,INT,,,,,0.0,0.0,0.0,0
240994,2.846762,2.846762,2.846762,2.846762,2.846762,2.846762,udp,0.0,,cs0,,63.0,,1.0,,Start,2,2,0,84,84,0,42.0,0.0,118.028839,118.028839,0.0,0,0,0,0.0,,,0.351276,0.351276,0.0,INT,,,,,0.0,0.0,0.0,0
241053,0.0,0.0,0.0,0.0,0.0,0.0,udp,0.0,,cs0,,63.0,,1.0,,Start,1,1,0,42,42,0,42.0,0.0,0.0,0.0,0.0,0,0,0,0.0,,,0.0,0.0,0.0,INT,,,,,0.0,0.0,0.0,0
241117,2.848958,2.848958,2.848958,2.848958,2.848958,2.848958,udp,0.0,,cs0,,63.0,,1.0,,Start,2,2,0,84,84,0,42.0,0.0,117.937859,117.937859,0.0,0,0,0,0.0,,,0.351006,0.351006,0.0,INT,,,,,0.0,0.0,0.0,0
241194,0.0,0.0,0.0,0.0,0.0,0.0,udp,0.0,,cs0,,63.0,,1.0,,Start,1,1,0,42,42,0,42.0,0.0,0.0,0.0,0.0,0,0,0,0.0,,,0.0,0.0,0.0,INT,,,,,0.0,0.0,0.0,0
241269,2.83985,2.83985,2.83985,2.83985,2.83985,2.83985,udp,0.0,,cs0,,63.0,,1.0,,Start,2,2,0,84,84,0,42.0,0.0,118.316109,118.316109,0.0,0,0,0,0.0,,,0.352131,0.352131,0.0,INT,,,,,0.0,0.0,0.0,0
241361,2.844839,2.844839,2.844839,2.844839,2.844839,2.844839,udp,0.0,,cs0,,63.0,,1.0,,Start,2,2,0,84,84,0,42.0,0.0,118.108612,118.108612,0.0,0,0,0,0.0,,,0.351514,0.351514,0.0,INT,,,,,0.0,0.0,0.0,0
241386,2.844711,2.844711,2.844711,2.844711,2.844711,2.844711,udp,0.0,,cs0,,63.0,,1.0,,Start,2,2,0,84,84,0,42.0,0.0,118.11393,118.11393,0.0,0,0,0,0.0,,,0.35153,0.35153,0.0,INT,,,,,0.0,0.0,0.0,0
241411,2.847985,2.847985,2.847985,2.847985,2.847985,2.847985,udp,0.0,,cs0,,63.0,,1.0,,Start,2,2,0,84,84,0,42.0,0.0,117.978149,117.978149,0.0,0,0,0,0.0,,,0.351125,0.351125,0.0,INT,,,,,0.0,0.0,0.0,0
241418,0.0,0.0,0.0,0.0,0.0,0.0,udp,0.0,,cs0,,63.0,,1.0,,Start,1,1,0,42,42,0,42.0,0.0,0.0,0.0,0.0,0,0,0,0.0,,,0.0,0.0,0.0,INT,,,,,0.0,0.0,0.0,0
241470,0.0,0.0,0.0,0.0,0.0,0.0,udp,0.0,,cs0,,63.0,,1.0,,Start,1,1,0,42,42,0,42.0,0.0,0.0,0.0,0.0,0,0,0,0.0,,,0.0,0.0,0.0,INT,,,,,0.0,0.0,0.0,0
241476,0.0,0.0,0.0,0.0,0.0,0.0,udp,0.0,,cs0,,63.0,,1.0,,Start,1,1,0,42,42,0,42.0,0.0,0.0,0.0,0.0,0,0,0,0.0,,,0.0,0.0,0.0,INT,,,,,0.0,0.0,0.0,0
241481,0.0,0.0,0.0,0.0,0.0,0.0,udp,0.0,,cs0,,63.0,,1.0,,Start,1,1,0,42,42,0,42.0,0.0,0.0,0.0,0.0,0,0,0,0.0,,,0.0,0.0,0.0,INT,,,,,0.0,0.0,0.0,0
241495,2.843129,2.843129,2.843129,2.843129,2.843129,2.843129,udp,0.0,,cs0,,63.0,,1.0,,Start,2,2,0,84,84,0,42.0,0.0,118.179657,118.179657,0.0,0,0,0,0.0,,,0.351725,0.351725,0.0,INT,,,,,0.0,0.0,0.0,0
241553,0.0,0.0,0.0,0.0,0.0,0.0,udp,0.0,,cs0,,63.0,,1.0,,Start,1,1,0,42,42,0,42.0,0.0,0.0,0.0,0.0,0,0,0,0.0,,,0.0,0.0,0.0,INT,,,,,0.0,0.0,0.0,0
241585,0.0,0.0,0.0,0.0,0.0,0.0,udp,0.0,,cs0,,63.0,,1.0,,Start,1,1,0,42,42,0,42.0,0.0,0.0,0.0,0.0,0,0,0,0.0,,,0.0,0.0,0.0,INT,,,,,0.0,0.0,0.0,0
241636,2.840764,2.840764,2.840764,2.840764,2.840764,2.840764,udp,0.0,,cs0,,63.0,,1.0,,Start,2,2,0,84,84,0,42.0,0.0,118.278038,118.278038,0.0,0,0,0,0.0,,,0.352018,0.352018,0.0,INT,,,,,0.0,0.0,0.0,0
241638,2.841566,2.841566,2.841566,2.841566,2.841566,2.841566,udp,0.0,,cs0,,63.0,,1.0,,Start,2,2,0,84,84,0,42.0,0.0,118.244652,118.244652,0.0,0,0,0,0.0,,,0.351919,0.351919,0.0,INT,,,,,0.0,0.0,0.0,0
241643,2.843562,2.843562,2.843562,2.843562,2.843562,2.843562,udp,0.0,,cs0,,63.0,,1.0,,Start,2,2,0,84,84,0,42.0,0.0,118.161659,118.161659,0.0,0,0,0,0.0,,,0.351672,0.351672,0.0,INT,,,,,0.0,0.0,0.0,0
241679,2.846662,2.846662,2.846662,2.846662,2.846662,2.846662,udp,0.0,,cs0,,63.0,,1.0,,Start,2,2,0,84,84,0,42.0,0.0,118.032982,118.032982,0.0,0,0,0,0.0,,,0.351289,0.351289,0.0,INT,,,,,0.0,0.0,0.0,0
241786,0.0,0.0,0.0,0.0,0.0,0.0,udp,0.0,,cs0,,63.0,,1.0,,Start,1,1,0,42,42,0,42.0,0.0,0.0,0.0,0.0,0,0,0,0.0,,,0.0,0.0,0.0,INT,,,,,0.0,0.0,0.0,0
241787,0.0,0.0,0.0,0.0,0.0,0.0,udp,0.0,,cs0,,63.0,,1.0,,Start,1,1,0,42,42,0,42.0,0.0,0.0,0.0,0.0,0,0,0,0.0,,,0.0,0.0,0.0,INT,,,,,0.0,0.0,0.0,0
241835,2.841125,2.841125,2.841125,2.841125,2.841125,2.841125,udp,0.0,,cs0,,63.0,,1.0,,Start,2,2,0,84,84,0,42.0,0.0,118.263008,118.263008,0.0,0,0,0,0.0,,,0.351973,0.351973,0.0,INT,,,,,0.0,0.0,0.0,0
241840,2.841078,2.841078,2.841078,2.841078,2.841078,2.841078,udp,0.0,,cs0,,63.0,,1.0,,Start,2,2,0,84,84,0,42.0,0.0,118.264969,118.264969,0.0,0,0,0,0.0,,,0.351979,0.351979,0.0,INT,,,,,0.0,0.0,0.0,0
241856,2.841225,2.841225,2.841225,2.841225,2.841225,2.841225,udp,0.0,,cs0,,63.0,,1.0,,Start,2,2,0,84,84,0,42.0,0.0,118.25885,118.25885,0.0,0,0,0,0.0,,,0.351961,0.351961,0.0,INT,,,,,0.0,0.0,0.0,0
241878,0.0,0.0,0.0,0.0,0.0,0.0,udp,0.0,,cs0,,63.0,,1.0,,Start,1,1,0,42,42,0,42.0,0.0,0.0,0.0,0.0,0,0,0,0.0,,,0.0,0.0,0.0,INT,,,,,0.0,0.0,0.0,0
241957,0.0,0.0,0.0,0.0,0.0,0.0,udp,0.0,,cs0,,63.0,,1.0,,Start,1,1,0,42,42,0,42.0,0.0,0.0,0.0,0.0,0,0,0,0.0,,,0.0,0.0,0.0,INT,,,,,0.0,0.0,0.0,0
241967,2.840809,2.840809,2.840809,2.840809,2.840809,2.840809,udp,0.0,,cs0,,63.0,,1.0,,Start,2,2,0,84,84,0,42.0,0.0,118.276161,118.276161,0.0,0,0,0,0.0,,,0.352012,0.352012,0.0,INT,,,,,0.0,0.0,0.0,0
241988,2.84072,2.84072,2.84072,2.84072,2.84072,2.84072,udp,0.0,,cs0,,63.0,,1.0,,Start,2,2,0,84,84,0,42.0,0.0,118.279877,118.279877,0.0,0,0,0,0.0,,,0.352023,0.352023,0.0,INT,,,,,0.0,0.0,0.0,0
242113,2.840842,2.840842,2.840842,2.840842,2.840842,2.840842,udp,0.0,,cs0,,63.0,,1.0,,Start,2,2,0,84,84,0,42.0,0.0,118.274796,118.274796,0.0,0,0,0,0.0,,,0.352008,0.352008,0.0,INT,,,,,0.0,0.0,0.0,0
242165,2.83642,2.83642,2.83642,2.83642,2.83642,2.83642,udp,0.0,,cs0,,63.0,,1.0,,Start,2,2,0,84,84,0,42.0,0.0,118.459183,118.459183,0.0,0,0,0,0.0,,,0.352557,0.352557,0.0,INT,,,,,0.0,0.0,0.0,0
242250,0.0,0.0,0.0,0.0,0.0,0.0,udp,0.0,,cs0,,63.0,,1.0,,Start,1,1,0,42,42,0,42.0,0.0,0.0,0.0,0.0,0,0,0,0.0,,,0.0,0.0,0.0,INT,,,,,0.0,0.0,0.0,0
242270,2.839717,2.839717,2.839717,2.839717,2.839717,2.839717,udp,0.0,,cs0,,63.0,,1.0,,Start,2,2,0,84,84,0,42.0,0.0,118.321655,118.321655,0.0,0,0,0,0.0,,,0.352148,0.352148,0.0,INT,,,,,0.0,0.0,0.0,0
242310,0.0,0.0,0.0,0.0,0.0,0.0,udp,0.0,,cs0,,63.0,,1.0,,Start,1,1,0,42,42,0,42.0,0.0,0.0,0.0,0.0,0,0,0,0.0,,,0.0,0.0,0.0,INT,,,,,0.0,0.0,0.0,0
242311,0.0,0.0,0.0,0.0,0.0,0.0,udp,0.0,,cs0,,63.0,,1.0,,Start,1,1,0,42,42,0,42.0,0.0,0.0,0.0,0.0,0,0,0,0.0,,,0.0,0.0,0.0,INT,,,,,0.0,0.0,0.0,0
242375,2.84071,2.84071,2.84071,2.84071,2.84071,2.84071,udp,0.0,,cs0,,63.0,,1.0,,Start,2,2,0,84,84,0,42.0,0.0,118.280289,118.280289,0.0,0,0,0,0.0,,,0.352025,0.352025,0.0,INT,,,,,0.0,0.0,0.0,0
242458,0.0,0.0,0.0,0.0,0.0,0.0,udp,0.0,,cs0,,63.0,,1.0,,Start,1,1,0,42,42,0,42.0,0.0,0.0,0.0,0.0,0,0,0,0.0,,,0.0,0.0,0.0,INT,,,,,0.0,0.0,0.0,0
242470,2.833131,2.833131,2.833131,2.833131,2.833131,2.833131,udp,0.0,,cs0,,63.0,,1.0,,Start,2,2,0,84,84,0,42.0,0.0,118.596703,118.596703,0.0,0,0,0,0.0,,,0.352966,0.352966,0.0,INT,,,,,0.0,0.0,0.0,0
242474,2.833117,2.833117,2.833117,2.833117,2.833117,2.833117,udp,0.0,,cs0,,63.0,,1.0,,Start,2,2,0,84,84,0,42.0,0.0,118.59729,118.59729,0.0,0,0,0,0.0,,,0.352968,0.352968,0.0,INT,,,,,0.0,0.0,0.0,0
242492,2.835993,2.835993,2.835993,2.835993,2.835993,2.835993,udp,0.0,,cs0,,63.0,,1.0,,Start,2,2,0,84,84,0,42.0,0.0,118.47702,118.47702,0.0,0,0,0,0.0,,,0.35261,0.35261,0.0,INT,,,,,0.0,0.0,0.0,0
242502,2.835994,2.835994,2.835994,2.835994,2.835994,2.835994,udp,0.0,,cs0,,63.0,,1.0,,Start,2,2,0,84,84,0,42.0,0.0,118.476974,118.476974,0.0,0,0,0,0.0,,,0.35261,0.35261,0.0,INT,,,,,0.0,0.0,0.0,0
242516,2.836081,2.836081,2.836081,2.836081,2.836081,2.836081,udp,0.0,,cs0,,63.0,,1.0,,Start,2,2,0,84,84,0,42.0,0.0,118.473343,118.473343,0.0,0,0,0,0.0,,,0.352599,0.352599,0.0,INT,,,,,0.0,0.0,0.0,0
242520,2.835926,2.835926,2.835926,2.835926,2.835926,2.835926,udp,0.0,,cs0,,63.0,,1.0,,Start,2,2,0,84,84,0,42.0,0.0,118.47982,118.47982,0.0,0,0,0,0.0,,,0.352619,0.352619,0.0,INT,,,,,0.0,0.0,0.0,0
242525,0.0,0.0,0.0,0.0,0.0,0.0,udp,0.0,,cs0,,63.0,,1.0,,Start,1,1,0,42,42,0,42.0,0.0,0.0,0.0,0.0,0,0,0,0.0,,,0.0,0.0,0.0,INT,,,,,0.0,0.0,0.0,0
242534,0.0,0.0,0.0,0.0,0.0,0.0,udp,0.0,,cs0,,63.0,,1.0,,Start,1,1,0,42,42,0,42.0,0.0,0.0,0.0,0.0,0,0,0,0.0,,,0.0,0.0,0.0,INT,,,,,0.0,0.0,0.0,0
242571,2.841629,2.841629,2.841629,2.841629,2.841629,2.841629,udp,0.0,,cs0,,63.0,,1.0,,Start,2,2,0,84,84,0,42.0,0.0,118.242035,118.242035,0.0,0,0,0,0.0,,,0.351911,0.351911,0.0,INT,,,,,0.0,0.0,0.0,0
242601,0.0,0.0,0.0,0.0,0.0,0.0,udp,0.0,,cs0,,63.0,,1.0,,Start,1,1,0,42,42,0,42.0,0.0,0.0,0.0,0.0,0,0,0,0.0,,,0.0,0.0,0.0,INT,,,,,0.0,0.0,0.0,0
242685,0.0,0.0,0.0,0.0,0.0,0.0,udp,0.0,,cs0,,63.0,,1.0,,Start,1,1,0,42,42,0,42.0,0.0,0.0,0.0,0.0,0,0,0,0.0,,,0.0,0.0,0.0,INT,,,,,0.0,0.0,0.0,0
242709,2.839605,2.839605,2.839605,2.839605,2.839605,2.839605,udp,0.0,,cs0,,63.0,,1.0,,Start,2,2,0,84,84,0,42.0,0.0,118.326309,118.326309,0.0,0,0,0,0.0,,,0.352162,0.352162,0.0,INT,,,,,0.0,0.0,0.0,0
242766,2.833984,2.833984,2.833984,2.833984,2.833984,2.833984,udp,0.0,,cs0,,63.0,,1.0,,Start,2,2,0,84,84,0,42.0,0.0,118.561012,118.561012,0.0,0,0,0,0.0,,,0.35286,0.35286,0.0,INT,,,,,0.0,0.0,0.0,0
242817,2.839756,2.839756,2.839756,2.839756,2.839756,2.839756,udp,0.0,,cs0,,63.0,,1.0,,Start,2,2,0,84,84,0,42.0,0.0,118.320023,118.320023,0.0,0,0,0,0.0,,,0.352143,0.352143,0.0,INT,,,,,0.0,0.0,0.0,0
243001,0.0,0.0,0.0,0.0,0.0,0.0,udp,0.0,,cs0,,63.0,,1.0,,Start,1,1,0,42,42,0,42.0,0.0,0.0,0.0,0.0,0,0,0,0.0,,,0.0,0.0,0.0,INT,,,,,0.0,0.0,0.0,0
243049,2.832124,2.832124,2.832124,2.832124,2.832124,2.832124,udp,0.0,,cs0,,63.0,,1.0,,Start,2,2,0,84,84,0,42.0,0.0,118.63887,118.63887,0.0,0,0,0,0.0,,,0.353092,0.353092,0.0,INT,,,,,0.0,0.0,0.0,0
243134,2.837589,2.837589,2.837589,2.837589,2.837589,2.837589,udp,0.0,,cs0,,63.0,,1.0,,Start,2,2,0,84,84,0,42.0,0.0,118.410385,118.410385,0.0,0,0,0,0.0,,,0.352412,0.352412,0.0,INT,,,,,0.0,0.0,0.0,0
243211,0.0,0.0,0.0,0.0,0.0,0.0,udp,0.0,,cs0,,63.0,,1.0,,Start,1,1,0,42,42,0,42.0,0.0,0.0,0.0,0.0,0,0,0,0.0,,,0.0,0.0,0.0,INT,,,,,0.0,0.0,0.0,0
243283,2.833131,2.833131,2.833131,2.833131,2.833131,2.833131,udp,0.0,,cs0,,63.0,,1.0,,Start,2,2,0,84,84,0,42.0,0.0,118.596703,118.596703,0.0,0,0,0,0.0,,,0.352966,0.352966,0.0,INT,,,,,0.0,0.0,0.0,0
243304,2.833162,2.833162,2.833162,2.833162,2.833162,2.833162,udp,0.0,,cs0,,63.0,,1.0,,Start,2,2,0,84,84,0,42.0,0.0,118.595406,118.595406,0.0,0,0,0,0.0,,,0.352963,0.352963,0.0,INT,,,,,0.0,0.0,0.0,0
243431,2.839712,2.839712,2.839712,2.839712,2.839712,2.839712,udp,0.0,,cs0,,63.0,,1.0,,Start,2,2,0,84,84,0,42.0,0.0,118.321861,118.321861,0.0,0,0,0,0.0,,,0.352148,0.352148,0.0,INT,,,,,0.0,0.0,0.0,0
243454,0.0,0.0,0.0,0.0,0.0,0.0,udp,0.0,,cs0,,63.0,,1.0,,Start,1,1,0,42,42,0,42.0,0.0,0.0,0.0,0.0,0,0,0,0.0,,,0.0,0.0,0.0,INT,,,,,0.0,0.0,0.0,0
243458,2.840501,2.840501,2.840501,2.840501,2.840501,2.840501,udp,0.0,,cs0,,63.0,,1.0,,Start,2,2,0,84,84,0,42.0,0.0,118.288986,118.288986,0.0,0,0,0,0.0,,,0.352051,0.352051,0.0,INT,,,,,0.0,0.0,0.0,0
243460,2.841501,2.841501,2.841501,2.841501,2.841501,2.841501,udp,0.0,,cs0,,63.0,,1.0,,Start,2,2,0,84,84,0,42.0,0.0,118.24736,118.24736,0.0,0,0,0,0.0,,,0.351927,0.351927,0.0,INT,,,,,0.0,0.0,0.0,0
243468,2.84386,2.84386,2.84386,2.84386,2.84386,2.84386,udp,0.0,,cs0,,63.0,,1.0,,Start,2,2,0,84,84,0,42.0,0.0,118.149277,118.149277,0.0,0,0,0,0.0,,,0.351635,0.351635,0.0,INT,,,,,0.0,0.0,0.0,0
243531,0.0,0.0,0.0,0.0,0.0,0.0,udp,0.0,,cs0,,63.0,,1.0,,Start,1,1,0,42,42,0,42.0,0.0,0.0,0.0,0.0,0,0,0,0.0,,,0.0,0.0,0.0,INT,,,,,0.0,0.0,0.0,0
243674,2.834397,2.834397,2.834397,2.834397,2.834397,2.834397,udp,0.0,,cs0,,63.0,,1.0,,Start,2,2,0,84,84,0,42.0,0.0,118.543732,118.543732,0.0,0,0,0,0.0,,,0.352809,0.352809,0.0,INT,,,,,0.0,0.0,0.0,0
243683,0.0,0.0,0.0,0.0,0.0,0.0,udp,0.0,,cs0,,63.0,,1.0,,Start,1,1,0,42,42,0,42.0,0.0,0.0,0.0,0.0,0,0,0,0.0,,,0.0,0.0,0.0,INT,,,,,0.0,0.0,0.0,0
243705,0.0,0.0,0.0,0.0,0.0,0.0,udp,0.0,,cs0,,63.0,,1.0,,Start,1,1,0,42,42,0,42.0,0.0,0.0,0.0,0.0,0,0,0,0.0,,,0.0,0.0,0.0,INT,,,,,0.0,0.0,0.0,0
243816,0.0,0.0,0.0,0.0,0.0,0.0,udp,0.0,,cs0,,63.0,,1.0,,Start,1,1,0,42,42,0,42.0,0.0,0.0,0.0,0.0,0,0,0,0.0,,,0.0,0.0,0.0,INT,,,,,0.0,0.0,0.0,0
243835,2.833827,2.833827,2.833827,2.833827,2.833827,2.833827,udp,0.0,,cs0,,63.0,,1.0,,Start,2,2,0,84,84,0,42.0,0.0,118.567574,118.567574,0.0,0,0,0,0.0,,,0.35288,0.35288,0.0,INT,,,,,0.0,0.0,0.0,0
243854,2.833859,2.833859,2.833859,2.833859,2.833859,2.833859,udp,0.0,,cs0,,63.0,,1.0,,Start,2,2,0,84,84,0,42.0,0.0,118.566238,118.566238,0.0,0,0,0,0.0,,,0.352876,0.352876,0.0,INT,,,,,0.0,0.0,0.0,0
243877,2.833862,2.833862,2.833862,2.833862,2.833862,2.833862,udp,0.0,,cs0,,63.0,,1.0,,Start,2,2,0,84,84,0,42.0,0.0,118.566109,118.566109,0.0,0,0,0,0.0,,,0.352875,0.352875,0.0,INT,,,,,0.0,0.0,0.0,0
243912,2.835533,2.835533,2.835533,2.835533,2.835533,2.835533,udp,0.0,,cs0,,63.0,,1.0,,Start,2,2,0,84,84,0,42.0,0.0,118.496246,118.496246,0.0,0,0,0,0.0,,,0.352667,0.352667,0.0,INT,,,,,0.0,0.0,0.0,0
243913,2.835534,2.835534,2.835534,2.835534,2.835534,2.835534,udp,0.0,,cs0,,63.0,,1.0,,Start,2,2,0,84,84,0,42.0,0.0,118.496193,118.496193,0.0,0,0,0,0.0,,,0.352667,0.352667,0.0,INT,,,,,0.0,0.0,0.0,0
243962,0.0,0.0,0.0,0.0,0.0,0.0,udp,0.0,,cs0,,63.0,,1.0,,Start,1,1,0,42,42,0,42.0,0.0,0.0,0.0,0.0,0,0,0,0.0,,,0.0,0.0,0.0,INT,,,,,0.0,0.0,0.0,0
243989,2.832695,2.832695,2.832695,2.832695,2.832695,2.832695,udp,0.0,,cs0,,63.0,,1.0,,Start,2,2,0,84,84,0,42.0,0.0,118.61496,118.61496,0.0,0,0,0,0.0,,,0.353021,0.353021,0.0,INT,,,,,0.0,0.0,0.0,0
244009,0.0,0.0,0.0,0.0,0.0,0.0,udp,0.0,,cs0,,63.0,,1.0,,Start,1,1,0,42,42,0,42.0,0.0,0.0,0.0,0.0,0,0,0,0.0,,,0.0,0.0,0.0,INT,,,,,0.0,0.0,0.0,0
244020,0.0,0.0,0.0,0.0,0.0,0.0,udp,0.0,,cs0,,63.0,,1.0,,Start,1,1,0,42,42,0,42.0,0.0,0.0,0.0,0.0,0,0,0,0.0,,,0.0,0.0,0.0,INT,,,,,0.0,0.0,0.0,0
244030,2.832737,2.832737,2.832737,2.832737,2.832737,2.832737,udp,0.0,,cs0,,63.0,,1.0,,Start,2,2,0,84,84,0,42.0,0.0,118.613205,118.613205,0.0,0,0,0,0.0,,,0.353015,0.353015,0.0,INT,,,,,0.0,0.0,0.0,0
244033,2.832738,2.832738,2.832738,2.832738,2.832738,2.832738,udp,0.0,,cs0,,63.0,,1.0,,Start,2,2,0,84,84,0,42.0,0.0,118.613159,118.613159,0.0,0,0,0,0.0,,,0.353015,0.353015,0.0,INT,,,,,0.0,0.0,0.0,0
244036,2.83276,2.83276,2.83276,2.83276,2.83276,2.83276,udp,0.0,,cs0,,63.0,,1.0,,Start,2,2,0,84,84,0,42.0,0.0,118.612236,118.612236,0.0,0,0,0,0.0,,,0.353013,0.353013,0.0,INT,,,,,0.0,0.0,0.0,0
244107,0.0,0.0,0.0,0.0,0.0,0.0,udp,0.0,,cs0,,63.0,,1.0,,Start,1,1,0,42,42,0,42.0,0.0,0.0,0.0,0.0,0,0,0,0.0,,,0.0,0.0,0.0,INT,,,,,0.0,0.0,0.0,0
244138,2.833011,2.833011,2.833011,2.833011,2.833011,2.833011,udp,0.0,,cs0,,63.0,,1.0,,Start,2,2,0,84,84,0,42.0,0.0,118.60173,118.60173,0.0,0,0,0,0.0,,,0.352981,0.352981,0.0,INT,,,,,0.0,0.0,0.0,0
244145,2.833006,2.833006,2.833006,2.833006,2.833006,2.833006,udp,0.0,,cs0,,63.0,,1.0,,Start,2,2,0,84,84,0,42.0,0.0,118.601944,118.601944,0.0,0,0,0,0.0,,,0.352982,0.352982,0.0,INT,,,,,0.0,0.0,0.0,0
244158,0.0,0.0,0.0,0.0,0.0,0.0,udp,0.0,,cs0,,63.0,,1.0,,Start,1,1,0,42,42,0,42.0,0.0,0.0,0.0,0.0,0,0,0,0.0,,,0.0,0.0,0.0,INT,,,,,0.0,0.0,0.0,0
244174,0.0,0.0,0.0,0.0,0.0,0.0,udp,0.0,,cs0,,63.0,,1.0,,Start,1,1,0,42,42,0,42.0,0.0,0.0,0.0,0.0,0,0,0,0.0,,,0.0,0.0,0.0,INT,,,,,0.0,0.0,0.0,0
244191,2.835018,2.835018,2.835018,2.835018,2.835018,2.835018,udp,0.0,,cs0,,63.0,,1.0,,Start,2,2,0,84,84,0,42.0,0.0,118.517769,118.517769,0.0,0,0,0,0.0,,,0.352731,0.352731,0.0,INT,,,,,0.0,0.0,0.0,0
244193,2.836029,2.836029,2.836029,2.836029,2.836029,2.836029,udp,0.0,,cs0,,63.0,,1.0,,Start,2,2,0,84,84,0,42.0,0.0,118.475517,118.475517,0.0,0,0,0,0.0,,,0.352606,0.352606,0.0,INT,,,,,0.0,0.0,0.0,0
244235,2.834127,2.834127,2.834127,2.834127,2.834127,2.834127,udp,0.0,,cs0,,63.0,,1.0,,Start,2,2,0,84,84,0,42.0,0.0,118.555031,118.555031,0.0,0,0,0,0.0,,,0.352842,0.352842,0.0,INT,,,,,0.0,0.0,0.0,0
244246,2.830777,2.830777,2.830777,2.830777,2.830777,2.830777,udp,0.0,,cs0,,63.0,,1.0,,Start,2,2,0,84,84,0,42.0,0.0,118.695328,118.695328,0.0,0,0,0,0.0,,,0.35326,0.35326,0.0,INT,,,,,0.0,0.0,0.0,0
244265,0.0,0.0,0.0,0.0,0.0,0.0,udp,0.0,,cs0,,63.0,,1.0,,Start,1,1,0,42,42,0,42.0,0.0,0.0,0.0,0.0,0,0,0,0.0,,,0.0,0.0,0.0,INT,,,,,0.0,0.0,0.0,0
244312,0.0,0.0,0.0,0.0,0.0,0.0,udp,0.0,,cs0,,63.0,,1.0,,Start,1,1,0,42,42,0,42.0,0.0,0.0,0.0,0.0,0,0,0,0.0,,,0.0,0.0,0.0,INT,,,,,0.0,0.0,0.0,0
244339,0.0,0.0,0.0,0.0,0.0,0.0,udp,0.0,,cs0,,63.0,,1.0,,Start,1,1,0,42,42,0,42.0,0.0,0.0,0.0,0.0,0,0,0,0.0,,,0.0,0.0,0.0,INT,,,,,0.0,0.0,0.0,0
244597,0.0,0.0,0.0,0.0,0.0,0.0,udp,0.0,,cs0,,63.0,,1.0,,Start,1,1,0,42,42,0,42.0,0.0,0.0,0.0,0.0,0,0,0,0.0,,,0.0,0.0,0.0,INT,,,,,0.0,0.0,0.0,0
244622,2.827814,2.827814,2.827814,2.827814,2.827814,2.827814,udp,0.0,,cs0,,63.0,,1.0,,Start,2,2,0,84,84,0,42.0,0.0,118.819695,118.819695,0.0,0,0,0,0.0,,,0.35363,0.35363,0.0,INT,,,,,0.0,0.0,0.0,0
244711,2.833271,2.833271,2.833271,2.833271,2.833271,2.833271,udp,0.0,,cs0,,63.0,,1.0,,Start,2,2,0,84,84,0,42.0,0.0,118.590843,118.590843,0.0,0,0,0,0.0,,,0.352949,0.352949,0.0,INT,,,,,0.0,0.0,0.0,0
244729,2.831125,2.831125,2.831125,2.831125,2.831125,2.831125,udp,0.0,,cs0,,63.0,,1.0,,Start,2,2,0,84,84,0,42.0,0.0,118.680733,118.680733,0.0,0,0,0,0.0,,,0.353216,0.353216,0.0,INT,,,,,0.0,0.0,0.0,0
244741,0.0,0.0,0.0,0.0,0.0,0.0,udp,0.0,,cs0,,63.0,,1.0,,Start,1,1,0,42,42,0,42.0,0.0,0.0,0.0,0.0,0,0,0,0.0,,,0.0,0.0,0.0,INT,,,,,0.0,0.0,0.0,0
244745,0.0,0.0,0.0,0.0,0.0,0.0,udp,0.0,,cs0,,63.0,,1.0,,Start,1,1,0,42,42,0,42.0,0.0,0.0,0.0,0.0,0,0,0,0.0,,,0.0,0.0,0.0,INT,,,,,0.0,0.0,0.0,0
244759,0.0,0.0,0.0,0.0,0.0,0.0,udp,0.0,,cs0,,63.0,,1.0,,Start,1,1,0,42,42,0,42.0,0.0,0.0,0.0,0.0,0,0,0,0.0,,,0.0,0.0,0.0,INT,,,,,0.0,0.0,0.0,0
244807,2.833557,2.833557,2.833557,2.833557,2.833557,2.833557,udp,0.0,,cs0,,63.0,,1.0,,Start,2,2,0,84,84,0,42.0,0.0,118.57888,118.57888,0.0,0,0,0,0.0,,,0.352913,0.352913,0.0,INT,,,,,0.0,0.0,0.0,0
244845,2.826566,2.826566,2.826566,2.826566,2.826566,2.826566,udp,0.0,,cs0,,63.0,,1.0,,Start,2,2,0,84,84,0,42.0,0.0,118.872162,118.872162,0.0,0,0,0,0.0,,,0.353786,0.353786,0.0,INT,,,,,0.0,0.0,0.0,0
244881,2.830744,2.830744,2.830744,2.830744,2.830744,2.830744,udp,0.0,,cs0,,63.0,,1.0,,Start,2,2,0,84,84,0,42.0,0.0,118.696709,118.696709,0.0,0,0,0,0.0,,,0.353264,0.353264,0.0,INT,,,,,0.0,0.0,0.0,0
244893,2.83196,2.83196,2.83196,2.83196,2.83196,2.83196,udp,0.0,,cs0,,63.0,,1.0,,Start,2,2,0,84,84,0,42.0,0.0,118.645744,118.645744,0.0,0,0,0,0.0,,,0.353112,0.353112,0.0,INT,,,,,0.0,0.0,0.0,0
244948,2.826146,2.826146,2.826146,2.826146,2.826146,2.826146,udp,0.0,,cs0,,63.0,,1.0,,Start,2,2,0,84,84,0,42.0,0.0,118.889832,118.889832,0.0,0,0,0,0.0,,,0.353839,0.353839,0.0,INT,,,,,0.0,0.0,0.0,0
244983,0.0,0.0,0.0,0.0,0.0,0.0,udp,0.0,,cs0,,63.0,,1.0,,Start,1,1,0,42,42,0,42.0,0.0,0.0,0.0,0.0,0,0,0,0.0,,,0.0,0.0,0.0,INT,,,,,0.0,0.0,0.0,0
245021,0.0,0.0,0.0,0.0,0.0,0.0,udp,0.0,,cs0,,63.0,,1.0,,Start,1,1,0,42,42,0,42.0,0.0,0.0,0.0,0.0,0,0,0,0.0,,,0.0,0.0,0.0,INT,,,,,0.0,0.0,0.0,0
245056,0.0,0.0,0.0,0.0,0.0,0.0,udp,0.0,,cs0,,63.0,,1.0,,Start,1,1,0,42,42,0,42.0,0.0,0.0,0.0,0.0,0,0,0,0.0,,,0.0,0.0,0.0,INT,,,,,0.0,0.0,0.0,0
245057,0.0,0.0,0.0,0.0,0.0,0.0,udp,0.0,,cs0,,63.0,,1.0,,Start,1,1,0,42,42,0,42.0,0.0,0.0,0.0,0.0,0,0,0,0.0,,,0.0,0.0,0.0,INT,,,,,0.0,0.0,0.0,0
245088,0.0,0.0,0.0,0.0,0.0,0.0,udp,0.0,,cs0,,63.0,,1.0,,Start,1,1,0,42,42,0,42.0,0.0,0.0,0.0,0.0,0,0,0,0.0,,,0.0,0.0,0.0,INT,,,,,0.0,0.0,0.0,0
245105,0.0,0.0,0.0,0.0,0.0,0.0,udp,0.0,,cs0,,63.0,,1.0,,Start,1,1,0,42,42,0,42.0,0.0,0.0,0.0,0.0,0,0,0,0.0,,,0.0,0.0,0.0,INT,,,,,0.0,0.0,0.0,0
245130,0.0,0.0,0.0,0.0,0.0,0.0,udp,0.0,,cs0,,63.0,,1.0,,Start,1,1,0,42,42,0,42.0,0.0,0.0,0.0,0.0,0,0,0,0.0,,,0.0,0.0,0.0,INT,,,,,0.0,0.0,0.0,0
245217,0.0,0.0,0.0,0.0,0.0,0.0,udp,0.0,,cs0,,63.0,,1.0,,Start,1,1,0,42,42,0,42.0,0.0,0.0,0.0,0.0,0,0,0,0.0,,,0.0,0.0,0.0,INT,,,,,0.0,0.0,0.0,0
245220,0.0,0.0,0.0,0.0,0.0,0.0,udp,0.0,,cs0,,63.0,,1.0,,Start,1,1,0,42,42,0,42.0,0.0,0.0,0.0,0.0,0,0,0,0.0,,,0.0,0.0,0.0,INT,,,,,0.0,0.0,0.0,0
245262,2.823963,2.823963,2.823963,2.823963,2.823963,2.823963,udp,0.0,,cs0,,63.0,,1.0,,Start,2,2,0,84,84,0,42.0,0.0,118.981735,118.981735,0.0,0,0,0,0.0,,,0.354112,0.354112,0.0,INT,,,,,0.0,0.0,0.0,0
245292,2.826354,2.826354,2.826354,2.826354,2.826354,2.826354,udp,0.0,,cs0,,63.0,,1.0,,Start,2,2,0,84,84,0,42.0,0.0,118.881073,118.881073,0.0,0,0,0,0.0,,,0.353813,0.353813,0.0,INT,,,,,0.0,0.0,0.0,0
245310,0.0,0.0,0.0,0.0,0.0,0.0,udp,0.0,,cs0,,63.0,,1.0,,Start,1,1,0,42,42,0,42.0,0.0,0.0,0.0,0.0,0,0,0,0.0,,,0.0,0.0,0.0,INT,,,,,0.0,0.0,0.0,0
245449,2.827694,2.827694,2.827694,2.827694,2.827694,2.827694,udp,0.0,,cs0,,63.0,,1.0,,Start,2,2,0,84,84,0,42.0,0.0,118.824738,118.824738,0.0,0,0,0,0.0,,,0.353645,0.353645,0.0,INT,,,,,0.0,0.0,0.0,0
245475,0.0,0.0,0.0,0.0,0.0,0.0,udp,0.0,,cs0,,63.0,,1.0,,Start,1,1,0,42,42,0,42.0,0.0,0.0,0.0,0.0,0,0,0,0.0,,,0.0,0.0,0.0,INT,,,,,0.0,0.0,0.0,0
245478,0.0,0.0,0.0,0.0,0.0,0.0,udp,0.0,,cs0,,63.0,,1.0,,Start,1,1,0,42,42,0,42.0,0.0,0.0,0.0,0.0,0,0,0,0.0,,,0.0,0.0,0.0,INT,,,,,0.0,0.0,0.0,0
245486,0.0,0.0,0.0,0.0,0.0,0.0,udp,0.0,,cs0,,63.0,,1.0,,Start,1,1,0,42,42,0,42.0,0.0,0.0,0.0,0.0,0,0,0,0.0,,,0.0,0.0,0.0,INT,,,,,0.0,0.0,0.0,0
245649,2.825221,2.825221,2.825221,2.825221,2.825221,2.825221,udp,0.0,,cs0,,63.0,,1.0,,Start,2,2,0,84,84,0,42.0,0.0,118.928749,118.928749,0.0,0,0,0,0.0,,,0.353955,0.353955,0.0,INT,,,,,0.0,0.0,0.0,0
245660,2.821226,2.821226,2.821226,2.821226,2.821226,2.821226,udp,0.0,,cs0,,63.0,,1.0,,Start,2,2,0,84,84,0,42.0,0.0,119.09716,119.09716,0.0,0,0,0,0.0,,,0.354456,0.354456,0.0,INT,,,,,0.0,0.0,0.0,0
245696,2.82692,2.82692,2.82692,2.82692,2.82692,2.82692,udp,0.0,,cs0,,63.0,,1.0,,Start,2,2,0,84,84,0,42.0,0.0,118.857269,118.857269,0.0,0,0,0,0.0,,,0.353742,0.353742,0.0,INT,,,,,0.0,0.0,0.0,0
245748,2.821446,2.821446,2.821446,2.821446,2.821446,2.821446,udp,0.0,,cs0,,63.0,,1.0,,Start,2,2,0,84,84,0,42.0,0.0,119.087875,119.087875,0.0,0,0,0,0.0,,,0.354428,0.354428,0.0,INT,,,,,0.0,0.0,0.0,0
245787,0.0,0.0,0.0,0.0,0.0,0.0,udp,0.0,,cs0,,63.0,,1.0,,Start,1,1,0,42,42,0,42.0,0.0,0.0,0.0,0.0,0,0,0,0.0,,,0.0,0.0,0.0,INT,,,,,0.0,0.0,0.0,0
245788,0.0,0.0,0.0,0.0,0.0,0.0,udp,0.0,,cs0,,63.0,,1.0,,Start,1,1,0,42,42,0,42.0,0.0,0.0,0.0,0.0,0,0,0,0.0,,,0.0,0.0,0.0,INT,,,,,0.0,0.0,0.0,0
245821,2.826035,2.826035,2.826035,2.826035,2.826035,2.826035,udp,0.0,,cs0,,63.0,,1.0,,Start,2,2,0,84,84,0,42.0,0.0,118.894493,118.894493,0.0,0,0,0,0.0,,,0.353853,0.353853,0.0,INT,,,,,0.0,0.0,0.0,0
245831,0.0,0.0,0.0,0.0,0.0,0.0,udp,0.0,,cs0,,63.0,,1.0,,Start,1,1,0,42,42,0,42.0,0.0,0.0,0.0,0.0,0,0,0,0.0,,,0.0,0.0,0.0,INT,,,,,0.0,0.0,0.0,0
245837,0.0,0.0,0.0,0.0,0.0,0.0,udp,0.0,,cs0,,63.0,,1.0,,Start,1,1,0,42,42,0,42.0,0.0,0.0,0.0,0.0,0,0,0,0.0,,,0.0,0.0,0.0,INT,,,,,0.0,0.0,0.0,0
245842,0.0,0.0,0.0,0.0,0.0,0.0,udp,0.0,,cs0,,63.0,,1.0,,Start,1,1,0,42,42,0,42.0,0.0,0.0,0.0,0.0,0,0,0,0.0,,,0.0,0.0,0.0,INT,,,,,0.0,0.0,0.0,0
245888,0.0,0.0,0.0,0.0,0.0,0.0,udp,0.0,,cs0,,63.0,,1.0,,Start,1,1,0,42,42,0,42.0,0.0,0.0,0.0,0.0,0,0,0,0.0,,,0.0,0.0,0.0,INT,,,,,0.0,0.0,0.0,0
245904,2.820005,2.820005,2.820005,2.820005,2.820005,2.820005,udp,0.0,,cs0,,63.0,,1.0,,Start,2,2,0,84,84,0,42.0,0.0,119.148727,119.148727,0.0,0,0,0,0.0,,,0.354609,0.354609,0.0,INT,,,,,0.0,0.0,0.0,0
245940,2.825682,2.825682,2.825682,2.825682,2.825682,2.825682,udp,0.0,,cs0,,63.0,,1.0,,Start,2,2,0,84,84,0,42.0,0.0,118.909348,118.909348,0.0,0,0,0,0.0,,,0.353897,0.353897,0.0,INT,,,,,0.0,0.0,0.0,0
245961,0.0,0.0,0.0,0.0,0.0,0.0,udp,0.0,,cs0,,63.0,,1.0,,Start,1,1,0,42,42,0,42.0,0.0,0.0,0.0,0.0,0,0,0,0.0,,,0.0,0.0,0.0,INT,,,,,0.0,0.0,0.0,0
246020,0.0,0.0,0.0,0.0,0.0,0.0,udp,0.0,,cs0,,63.0,,1.0,,Start,1,1,0,42,42,0,42.0,0.0,0.0,0.0,0.0,0,0,0,0.0,,,0.0,0.0,0.0,INT,,,,,0.0,0.0,0.0,0
246026,2.819884,2.819884,2.819884,2.819884,2.819884,2.819884,udp,0.0,,cs0,,63.0,,1.0,,Start,2,2,0,84,84,0,42.0,0.0,119.153831,119.153831,0.0,0,0,0,0.0,,,0.354625,0.354625,0.0,INT,,,,,0.0,0.0,0.0,0
246030,2.820432,2.820432,2.820432,2.820432,2.820432,2.820432,udp,0.0,,cs0,,63.0,,1.0,,Start,2,2,0,84,84,0,42.0,0.0,119.130692,119.130692,0.0,0,0,0,0.0,,,0.354556,0.354556,0.0,INT,,,,,0.0,0.0,0.0,0
246049,0.0,0.0,0.0,0.0,0.0,0.0,udp,0.0,,cs0,,63.0,,1.0,,Start,1,1,0,42,42,0,42.0,0.0,0.0,0.0,0.0,0,0,0,0.0,,,0.0,0.0,0.0,INT,,,,,0.0,0.0,0.0,0
246061,2.822208,2.822208,2.822208,2.822208,2.822208,2.822208,udp,0.0,,cs0,,63.0,,1.0,,Start,2,2,0,84,84,0,42.0,0.0,119.055717,119.055717,0.0,0,0,0,0.0,,,0.354333,0.354333,0.0,INT,,,,,0.0,0.0,0.0,0
246065,2.8222,2.8222,2.8222,2.8222,2.8222,2.8222,udp,0.0,,cs0,,63.0,,1.0,,Start,2,2,0,84,84,0,42.0,0.0,119.056053,119.056053,0.0,0,0,0,0.0,,,0.354333,0.354333,0.0,INT,,,,,0.0,0.0,0.0,0
246072,2.820243,2.820243,2.820243,2.820243,2.820243,2.820243,udp,0.0,,cs0,,63.0,,1.0,,Start,2,2,0,84,84,0,42.0,0.0,119.138672,119.138672,0.0,0,0,0,0.0,,,0.354579,0.354579,0.0,INT,,,,,0.0,0.0,0.0,0
246139,2.821356,2.821356,2.821356,2.821356,2.821356,2.821356,udp,0.0,,cs0,,63.0,,1.0,,Start,2,2,0,84,84,0,42.0,0.0,119.091667,119.091667,0.0,0,0,0,0.0,,,0.354439,0.354439,0.0,INT,,,,,0.0,0.0,0.0,0
246187,0.0,0.0,0.0,0.0,0.0,0.0,udp,0.0,,cs0,,63.0,,1.0,,Start,1,1,0,42,42,0,42.0,0.0,0.0,0.0,0.0,0,0,0,0.0,,,0.0,0.0,0.0,INT,,,,,0.0,0.0,0.0,0
246218,0.0,0.0,0.0,0.0,0.0,0.0,udp,0.0,,cs0,,63.0,,1.0,,Start,1,1,0,42,42,0,42.0,0.0,0.0,0.0,0.0,0,0,0,0.0,,,0.0,0.0,0.0,INT,,,,,0.0,0.0,0.0,0
246222,0.0,0.0,0.0,0.0,0.0,0.0,udp,0.0,,cs0,,63.0,,1.0,,Start,1,1,0,42,42,0,42.0,0.0,0.0,0.0,0.0,0,0,0,0.0,,,0.0,0.0,0.0,INT,,,,,0.0,0.0,0.0,0
246245,2.81796,2.81796,2.81796,2.81796,2.81796,2.81796,udp,0.0,,cs0,,63.0,,1.0,,Start,2,2,0,84,84,0,42.0,0.0,119.235191,119.235191,0.0,0,0,0,0.0,,,0.354867,0.354867,0.0,INT,,,,,0.0,0.0,0.0,0
246256,2.817975,2.817975,2.817975,2.817975,2.817975,2.817975,udp,0.0,,cs0,,63.0,,1.0,,Start,2,2,0,84,84,0,42.0,0.0,119.234558,119.234558,0.0,0,0,0,0.0,,,0.354865,0.354865,0.0,INT,,,,,0.0,0.0,0.0,0
246337,2.816778,2.816778,2.816778,2.816778,2.816778,2.816778,udp,0.0,,cs0,,63.0,,1.0,,Start,2,2,0,84,84,0,42.0,0.0,119.285225,119.285225,0.0,0,0,0,0.0,,,0.355016,0.355016,0.0,INT,,,,,0.0,0.0,0.0,0
246343,2.818669,2.818669,2.818669,2.818669,2.818669,2.818669,udp,0.0,,cs0,,63.0,,1.0,,Start,2,2,0,84,84,0,42.0,0.0,119.205193,119.205193,0.0,0,0,0,0.0,,,0.354777,0.354777,0.0,INT,,,,,0.0,0.0,0.0,0
246355,2.821912,2.821912,2.821912,2.821912,2.821912,2.821912,udp,0.0,,cs0,,63.0,,1.0,,Start,2,2,0,84,84,0,42.0,0.0,119.068207,119.068207,0.0,0,0,0,0.0,,,0.35437,0.35437,0.0,INT,,,,,0.0,0.0,0.0,0
246443,2.820841,2.820841,2.820841,2.820841,2.820841,2.820841,udp,0.0,,cs0,,63.0,,1.0,,Start,2,2,0,84,84,0,42.0,0.0,119.113411,119.113411,0.0,0,0,0,0.0,,,0.354504,0.354504,0.0,INT,,,,,0.0,0.0,0.0,0
246506,0.0,0.0,0.0,0.0,0.0,0.0,udp,0.0,,cs0,,63.0,,1.0,,Start,1,1,0,42,42,0,42.0,0.0,0.0,0.0,0.0,0,0,0,0.0,,,0.0,0.0,0.0,INT,,,,,0.0,0.0,0.0,0
246632,2.817212,2.817212,2.817212,2.817212,2.817212,2.817212,udp,0.0,,cs0,,63.0,,1.0,,Start,2,2,0,84,84,0,42.0,0.0,119.266846,119.266846,0.0,0,0,0,0.0,,,0.354961,0.354961,0.0,INT,,,,,0.0,0.0,0.0,0
246736,2.816377,2.816377,2.816377,2.816377,2.816377,2.816377,udp,0.0,,cs0,,63.0,,1.0,,Start,2,2,0,84,84,0,42.0,0.0,119.302216,119.302216,0.0,0,0,0,0.0,,,0.355066,0.355066,0.0,INT,,,,,0.0,0.0,0.0,0
246765,0.0,0.0,0.0,0.0,0.0,0.0,udp,0.0,,cs0,,63.0,,1.0,,Start,1,1,0,42,42,0,42.0,0.0,0.0,0.0,0.0,0,0,0,0.0,,,0.0,0.0,0.0,INT,,,,,0.0,0.0,0.0,0
246784,2.815149,2.815149,2.815149,2.815149,2.815149,2.815149,udp,0.0,,cs0,,63.0,,1.0,,Start,2,2,0,84,84,0,42.0,0.0,119.354248,119.354248,0.0,0,0,0,0.0,,,0.355221,0.355221,0.0,INT,,,,,0.0,0.0,0.0,0
246904,0.0,0.0,0.0,0.0,0.0,0.0,udp,0.0,,cs0,,63.0,,1.0,,Start,1,1,0,42,42,0,42.0,0.0,0.0,0.0,0.0,0,0,0,0.0,,,0.0,0.0,0.0,INT,,,,,0.0,0.0,0.0,0
246916,2.80907,2.80907,2.80907,2.80907,2.80907,2.80907,udp,0.0,,cs0,,63.0,,1.0,,Start,2,2,0,84,84,0,42.0,0.0,119.612534,119.612534,0.0,0,0,0,0.0,,,0.35599,0.35599,0.0,INT,,,,,0.0,0.0,0.0,0
246922,0.0,0.0,0.0,0.0,0.0,0.0,udp,0.0,,cs0,,63.0,,1.0,,Start,1,1,0,42,42,0,42.0,0.0,0.0,0.0,0.0,0,0,0,0.0,,,0.0,0.0,0.0,INT,,,,,0.0,0.0,0.0,0
246934,2.810051,2.810051,2.810051,2.810051,2.810051,2.810051,udp,0.0,,cs0,,63.0,,1.0,,Start,2,2,0,84,84,0,42.0,0.0,119.570786,119.570786,0.0,0,0,0,0.0,,,0.355865,0.355865,0.0,INT,,,,,0.0,0.0,0.0,0
246977,2.806143,2.806143,2.806143,2.806143,2.806143,2.806143,udp,0.0,,cs0,,63.0,,1.0,,Start,2,2,0,84,84,0,42.0,0.0,119.737305,119.737305,0.0,0,0,0,0.0,,,0.356361,0.356361,0.0,INT,,,,,0.0,0.0,0.0,0
246991,2.806034,2.806034,2.806034,2.806034,2.806034,2.806034,udp,0.0,,cs0,,63.0,,1.0,,Start,2,2,0,84,84,0,42.0,0.0,119.741951,119.741951,0.0,0,0,0,0.0,,,0.356375,0.356375,0.0,INT,,,,,0.0,0.0,0.0,0
247109,0.0,0.0,0.0,0.0,0.0,0.0,udp,0.0,,cs0,,63.0,,1.0,,Start,1,1,0,42,42,0,42.0,0.0,0.0,0.0,0.0,0,0,0,0.0,,,0.0,0.0,0.0,INT,,,,,0.0,0.0,0.0,0
247183,2.815925,2.815925,2.815925,2.815925,2.815925,2.815925,udp,0.0,,cs0,,63.0,,1.0,,Start,2,2,0,84,84,0,42.0,0.0,119.321365,119.321365,0.0,0,0,0,0.0,,,0.355123,0.355123,0.0,INT,,,,,0.0,0.0,0.0,0
247185,2.815918,2.815918,2.815918,2.815918,2.815918,2.815918,udp,0.0,,cs0,,63.0,,1.0,,Start,2,2,0,84,84,0,42.0,0.0,119.321655,119.321655,0.0,0,0,0,0.0,,,0.355124,0.355124,0.0,INT,,,,,0.0,0.0,0.0,0
247197,0.0,0.0,0.0,0.0,0.0,0.0,udp,0.0,,cs0,,63.0,,1.0,,Start,1,1,0,42,42,0,42.0,0.0,0.0,0.0,0.0,0,0,0,0.0,,,0.0,0.0,0.0,INT,,,,,0.0,0.0,0.0,0
247252,0.0,0.0,0.0,0.0,0.0,0.0,udp,0.0,,cs0,,63.0,,1.0,,Start,1,1,0,42,42,0,42.0,0.0,0.0,0.0,0.0,0,0,0,0.0,,,0.0,0.0,0.0,INT,,,,,0.0,0.0,0.0,0
247372,0.0,0.0,0.0,0.0,0.0,0.0,udp,0.0,,cs0,,63.0,,1.0,,Start,1,1,0,42,42,0,42.0,0.0,0.0,0.0,0.0,0,0,0,0.0,,,0.0,0.0,0.0,INT,,,,,0.0,0.0,0.0,0
247394,2.815048,2.815048,2.815048,2.815048,2.815048,2.815048,udp,0.0,,cs0,,63.0,,1.0,,Start,2,2,0,84,84,0,42.0,0.0,119.358536,119.358536,0.0,0,0,0,0.0,,,0.355234,0.355234,0.0,INT,,,,,0.0,0.0,0.0,0
247443,0.0,0.0,0.0,0.0,0.0,0.0,udp,0.0,,cs0,,63.0,,1.0,,Start,1,1,0,42,42,0,42.0,0.0,0.0,0.0,0.0,0,0,0,0.0,,,0.0,0.0,0.0,INT,,,,,0.0,0.0,0.0,0
247516,0.0,0.0,0.0,0.0,0.0,0.0,udp,0.0,,cs0,,63.0,,1.0,,Start,1,1,0,42,42,0,42.0,0.0,0.0,0.0,0.0,0,0,0,0.0,,,0.0,0.0,0.0,INT,,,,,0.0,0.0,0.0,0
247529,2.809032,2.809032,2.809032,2.809032,2.809032,2.809032,udp,0.0,,cs0,,63.0,,1.0,,Start,2,2,0,84,84,0,42.0,0.0,119.614159,119.614159,0.0,0,0,0,0.0,,,0.355995,0.355995,0.0,INT,,,,,0.0,0.0,0.0,0
247555,2.811872,2.811872,2.811872,2.811872,2.811872,2.811872,udp,0.0,,cs0,,63.0,,1.0,,Start,2,2,0,84,84,0,42.0,0.0,119.493347,119.493347,0.0,0,0,0,0.0,,,0.355635,0.355635,0.0,INT,,,,,0.0,0.0,0.0,0
247612,2.81083,2.81083,2.81083,2.81083,2.81083,2.81083,udp,0.0,,cs0,,63.0,,1.0,,Start,2,2,0,84,84,0,42.0,0.0,119.537643,119.537643,0.0,0,0,0,0.0,,,0.355767,0.355767,0.0,INT,,,,,0.0,0.0,0.0,0
247626,0.0,0.0,0.0,0.0,0.0,0.0,udp,0.0,,cs0,,63.0,,1.0,,Start,1,1,0,42,42,0,42.0,0.0,0.0,0.0,0.0,0,0,0,0.0,,,0.0,0.0,0.0,INT,,,,,0.0,0.0,0.0,0
247630,0.0,0.0,0.0,0.0,0.0,0.0,udp,0.0,,cs0,,63.0,,1.0,,Start,1,1,0,42,42,0,42.0,0.0,0.0,0.0,0.0,0,0,0,0.0,,,0.0,0.0,0.0,INT,,,,,0.0,0.0,0.0,0
247644,2.809256,2.809256,2.809256,2.809256,2.809256,2.809256,udp,0.0,,cs0,,63.0,,1.0,,Start,2,2,0,84,84,0,42.0,0.0,119.604614,119.604614,0.0,0,0,0,0.0,,,0.355966,0.355966,0.0,INT,,,,,0.0,0.0,0.0,0
247678,0.0,0.0,0.0,0.0,0.0,0.0,udp,0.0,,cs0,,63.0,,1.0,,Start,1,1,0,42,42,0,42.0,0.0,0.0,0.0,0.0,0,0,0,0.0,,,0.0,0.0,0.0,INT,,,,,0.0,0.0,0.0,0
247710,2.812982,2.812982,2.812982,2.812982,2.812982,2.812982,udp,0.0,,cs0,,63.0,,1.0,,Start,2,2,0,84,84,0,42.0,0.0,119.44619,119.44619,0.0,0,0,0,0.0,,,0.355495,0.355495,0.0,INT,,,,,0.0,0.0,0.0,0
247711,2.812982,2.812982,2.812982,2.812982,2.812982,2.812982,udp,0.0,,cs0,,63.0,,1.0,,Start,2,2,0,84,84,0,42.0,0.0,119.44619,119.44619,0.0,0,0,0,0.0,,,0.355495,0.355495,0.0,INT,,,,,0.0,0.0,0.0,0
247772,2.805936,2.805936,2.805936,2.805936,2.805936,2.805936,udp,0.0,,cs0,,63.0,,1.0,,Start,2,2,0,84,84,0,42.0,0.0,119.746132,119.746132,0.0,0,0,0,0.0,,,0.356387,0.356387,0.0,INT,,,,,0.0,0.0,0.0,0
247780,2.806003,2.806003,2.806003,2.806003,2.806003,2.806003,udp,0.0,,cs0,,63.0,,1.0,,Start,2,2,0,84,84,0,42.0,0.0,119.743279,119.743279,0.0,0,0,0,0.0,,,0.356379,0.356379,0.0,INT,,,,,0.0,0.0,0.0,0
247844,0.0,0.0,0.0,0.0,0.0,0.0,udp,0.0,,cs0,,63.0,,1.0,,Start,1,1,0,42,42,0,42.0,0.0,0.0,0.0,0.0,0,0,0,0.0,,,0.0,0.0,0.0,INT,,,,,0.0,0.0,0.0,0
247858,2.808771,2.808771,2.808771,2.808771,2.808771,2.808771,udp,0.0,,cs0,,63.0,,1.0,,Start,2,2,0,84,84,0,42.0,0.0,119.625275,119.625275,0.0,0,0,0,0.0,,,0.356028,0.356028,0.0,INT,,,,,0.0,0.0,0.0,0
247867,2.811874,2.811874,2.811874,2.811874,2.811874,2.811874,udp,0.0,,cs0,,63.0,,1.0,,Start,2,2,0,84,84,0,42.0,0.0,119.493263,119.493263,0.0,0,0,0,0.0,,,0.355635,0.355635,0.0,INT,,,,,0.0,0.0,0.0,0
247912,2.808349,2.808349,2.808349,2.808349,2.808349,2.808349,udp,0.0,,cs0,,63.0,,1.0,,Start,2,2,0,84,84,0,42.0,0.0,119.643257,119.643257,0.0,0,0,0,0.0,,,0.356081,0.356081,0.0,INT,,,,,0.0,0.0,0.0,0
247941,0.0,0.0,0.0,0.0,0.0,0.0,udp,0.0,,cs0,,63.0,,1.0,,Start,1,1,0,42,42,0,42.0,0.0,0.0,0.0,0.0,0,0,0,0.0,,,0.0,0.0,0.0,INT,,,,,0.0,0.0,0.0,0
247983,2.808582,2.808582,2.808582,2.808582,2.808582,2.808582,udp,0.0,,cs0,,63.0,,1.0,,Start,2,2,0,84,84,0,42.0,0.0,119.633324,119.633324,0.0,0,0,0,0.0,,,0.356052,0.356052,0.0,INT,,,,,0.0,0.0,0.0,0
248072,2.808714,2.808714,2.808714,2.808714,2.808714,2.808714,udp,0.0,,cs0,,63.0,,1.0,,Start,2,2,0,84,84,0,42.0,0.0,119.627708,119.627708,0.0,0,0,0,0.0,,,0.356035,0.356035,0.0,INT,,,,,0.0,0.0,0.0,0
248141,0.0,0.0,0.0,0.0,0.0,0.0,udp,0.0,,cs0,,63.0,,1.0,,Start,1,1,0,42,42,0,42.0,0.0,0.0,0.0,0.0,0,0,0,0.0,,,0.0,0.0,0.0,INT,,,,,0.0,0.0,0.0,0
248192,2.805476,2.805476,2.805476,2.805476,2.805476,2.805476,udp,0.0,,cs0,,63.0,,1.0,,Start,2,2,0,84,84,0,42.0,0.0,119.765778,119.765778,0.0,0,0,0,0.0,,,0.356446,0.356446,0.0,INT,,,,,0.0,0.0,0.0,0
248295,2.802775,2.802775,2.802775,2.802775,2.802775,2.802775,udp,0.0,,cs0,,63.0,,1.0,,Start,2,2,0,84,84,0,42.0,0.0,119.881195,119.881195,0.0,0,0,0,0.0,,,0.356789,0.356789,0.0,INT,,,,,0.0,0.0,0.0,0
248403,0.0,0.0,0.0,0.0,0.0,0.0,udp,0.0,,cs0,,63.0,,1.0,,Start,1,1,0,42,42,0,42.0,0.0,0.0,0.0,0.0,0,0,0,0.0,,,0.0,0.0,0.0,INT,,,,,0.0,0.0,0.0,0
248424,2.799895,2.799895,2.799895,2.799895,2.799895,2.799895,udp,0.0,,cs0,,63.0,,1.0,,Start,2,2,0,84,84,0,42.0,0.0,120.004501,120.004501,0.0,0,0,0,0.0,,,0.357156,0.357156,0.0,INT,,,,,0.0,0.0,0.0,0
248471,0.0,0.0,0.0,0.0,0.0,0.0,udp,0.0,,cs0,,63.0,,1.0,,Start,1,1,0,42,42,0,42.0,0.0,0.0,0.0,0.0,0,0,0,0.0,,,0.0,0.0,0.0,INT,,,,,0.0,0.0,0.0,0
248500,2.802644,2.802644,2.802644,2.802644,2.802644,2.802644,udp,0.0,,cs0,,63.0,,1.0,,Start,2,2,0,84,84,0,42.0,0.0,119.886795,119.886795,0.0,0,0,0,0.0,,,0.356806,0.356806,0.0,INT,,,,,0.0,0.0,0.0,0
248560,0.0,0.0,0.0,0.0,0.0,0.0,udp,0.0,,cs0,,63.0,,1.0,,Start,1,1,0,42,42,0,42.0,0.0,0.0,0.0,0.0,0,0,0,0.0,,,0.0,0.0,0.0,INT,,,,,0.0,0.0,0.0,0
248605,2.802718,2.802718,2.802718,2.802718,2.802718,2.802718,udp,0.0,,cs0,,63.0,,1.0,,Start,2,2,0,84,84,0,42.0,0.0,119.883629,119.883629,0.0,0,0,0,0.0,,,0.356797,0.356797,0.0,INT,,,,,0.0,0.0,0.0,0
248760,0.0,0.0,0.0,0.0,0.0,0.0,udp,0.0,,cs0,,63.0,,1.0,,Start,1,1,0,42,42,0,42.0,0.0,0.0,0.0,0.0,0,0,0,0.0,,,0.0,0.0,0.0,INT,,,,,0.0,0.0,0.0,0
248887,2.799928,2.799928,2.799928,2.799928,2.799928,2.799928,udp,0.0,,cs0,,63.0,,1.0,,Start,2,2,0,84,84,0,42.0,0.0,120.00309,120.00309,0.0,0,0,0,0.0,,,0.357152,0.357152,0.0,INT,,,,,0.0,0.0,0.0,0
248901,0.0,0.0,0.0,0.0,0.0,0.0,udp,0.0,,cs0,,63.0,,1.0,,Start,1,1,0,42,42,0,42.0,0.0,0.0,0.0,0.0,0,0,0,0.0,,,0.0,0.0,0.0,INT,,,,,0.0,0.0,0.0,0
248946,2.801117,2.801117,2.801117,2.801117,2.801117,2.801117,udp,0.0,,cs0,,63.0,,1.0,,Start,2,2,0,84,84,0,42.0,0.0,119.952148,119.952148,0.0,0,0,0,0.0,,,0.357,0.357,0.0,INT,,,,,0.0,0.0,0.0,0
248971,2.798006,2.798006,2.798006,2.798006,2.798006,2.798006,udp,0.0,,cs0,,63.0,,1.0,,Start,2,2,0,84,84,0,42.0,0.0,120.085518,120.085518,0.0,0,0,0,0.0,,,0.357397,0.357397,0.0,INT,,,,,0.0,0.0,0.0,0
249075,2.801922,2.801922,2.801922,2.801922,2.801922,2.801922,udp,0.0,,cs0,,63.0,,1.0,,Start,2,2,0,84,84,0,42.0,0.0,119.917679,119.917679,0.0,0,0,0,0.0,,,0.356898,0.356898,0.0,INT,,,,,0.0,0.0,0.0,0
249088,0.0,0.0,0.0,0.0,0.0,0.0,udp,0.0,,cs0,,63.0,,1.0,,Start,1,1,0,42,42,0,42.0,0.0,0.0,0.0,0.0,0,0,0,0.0,,,0.0,0.0,0.0,INT,,,,,0.0,0.0,0.0,0
249113,0.0,0.0,0.0,0.0,0.0,0.0,udp,0.0,,cs0,,63.0,,1.0,,Start,1,1,0,42,42,0,42.0,0.0,0.0,0.0,0.0,0,0,0,0.0,,,0.0,0.0,0.0,INT,,,,,0.0,0.0,0.0,0
249126,2.799176,2.799176,2.799176,2.799176,2.799176,2.799176,udp,0.0,,cs0,,63.0,,1.0,,Start,2,2,0,84,84,0,42.0,0.0,120.035324,120.035324,0.0,0,0,0,0.0,,,0.357248,0.357248,0.0,INT,,,,,0.0,0.0,0.0,0
249289,0.0,0.0,0.0,0.0,0.0,0.0,udp,0.0,,cs0,,63.0,,1.0,,Start,1,1,0,42,42,0,42.0,0.0,0.0,0.0,0.0,0,0,0,0.0,,,0.0,0.0,0.0,INT,,,,,0.0,0.0,0.0,0
249343,0.0,0.0,0.0,0.0,0.0,0.0,udp,0.0,,cs0,,63.0,,1.0,,Start,1,1,0,42,42,0,42.0,0.0,0.0,0.0,0.0,0,0,0,0.0,,,0.0,0.0,0.0,INT,,,,,0.0,0.0,0.0,0
249356,2.798355,2.798355,2.798355,2.798355,2.798355,2.798355,udp,0.0,,cs0,,63.0,,1.0,,Start,2,2,0,84,84,0,42.0,0.0,120.070534,120.070534,0.0,0,0,0,0.0,,,0.357353,0.357353,0.0,INT,,,,,0.0,0.0,0.0,0
249379,0.0,0.0,0.0,0.0,0.0,0.0,udp,0.0,,cs0,,63.0,,1.0,,Start,1,1,0,42,42,0,42.0,0.0,0.0,0.0,0.0,0,0,0,0.0,,,0.0,0.0,0.0,INT,,,,,0.0,0.0,0.0,0
249395,0.0,0.0,0.0,0.0,0.0,0.0,udp,0.0,,cs0,,63.0,,1.0,,Start,1,1,0,42,42,0,42.0,0.0,0.0,0.0,0.0,0,0,0,0.0,,,0.0,0.0,0.0,INT,,,,,0.0,0.0,0.0,0
249403,2.792219,2.792219,2.792219,2.792219,2.792219,2.792219,udp,0.0,,cs0,,63.0,,1.0,,Start,2,2,0,84,84,0,42.0,0.0,120.334404,120.334404,0.0,0,0,0,0.0,,,0.358138,0.358138,0.0,INT,,,,,0.0,0.0,0.0,0
249408,2.795958,2.795958,2.795958,2.795958,2.795958,2.795958,udp,0.0,,cs0,,63.0,,1.0,,Start,2,2,0,84,84,0,42.0,0.0,120.173477,120.173477,0.0,0,0,0,0.0,,,0.357659,0.357659,0.0,INT,,,,,0.0,0.0,0.0,0
249409,2.795957,2.795957,2.795957,2.795957,2.795957,2.795957,udp,0.0,,cs0,,63.0,,1.0,,Start,2,2,0,84,84,0,42.0,0.0,120.173515,120.173515,0.0,0,0,0,0.0,,,0.357659,0.357659,0.0,INT,,,,,0.0,0.0,0.0,0
249432,2.795692,2.795692,2.795692,2.795692,2.795692,2.795692,udp,0.0,,cs0,,63.0,,1.0,,Start,2,2,0,84,84,0,42.0,0.0,120.184914,120.184914,0.0,0,0,0,0.0,,,0.357693,0.357693,0.0,INT,,,,,0.0,0.0,0.0,0
249469,2.799194,2.799194,2.799194,2.799194,2.799194,2.799194,udp,0.0,,cs0,,63.0,,1.0,,Start,2,2,0,84,84,0,42.0,0.0,120.034546,120.034546,0.0,0,0,0,0.0,,,0.357246,0.357246,0.0,INT,,,,,0.0,0.0,0.0,0
249504,0.0,0.0,0.0,0.0,0.0,0.0,udp,0.0,,cs0,,63.0,,1.0,,Start,1,1,0,42,42,0,42.0,0.0,0.0,0.0,0.0,0,0,0,0.0,,,0.0,0.0,0.0,INT,,,,,0.0,0.0,0.0,0
249508,0.0,0.0,0.0,0.0,0.0,0.0,udp,0.0,,cs0,,63.0,,1.0,,Start,1,1,0,42,42,0,42.0,0.0,0.0,0.0,0.0,0,0,0,0.0,,,0.0,0.0,0.0,INT,,,,,0.0,0.0,0.0,0
249515,0.0,0.0,0.0,0.0,0.0,0.0,udp,0.0,,cs0,,63.0,,1.0,,Start,1,1,0,42,42,0,42.0,0.0,0.0,0.0,0.0,0,0,0,0.0,,,0.0,0.0,0.0,INT,,,,,0.0,0.0,0.0,0
249531,2.798103,2.798103,2.798103,2.798103,2.798103,2.798103,udp,0.0,,cs0,,63.0,,1.0,,Start,2,2,0,84,84,0,42.0,0.0,120.081352,120.081352,0.0,0,0,0,0.0,,,0.357385,0.357385,0.0,INT,,,,,0.0,0.0,0.0,0
249540,0.0,0.0,0.0,0.0,0.0,0.0,udp,0.0,,cs0,,63.0,,1.0,,Start,1,1,0,42,42,0,42.0,0.0,0.0,0.0,0.0,0,0,0,0.0,,,0.0,0.0,0.0,INT,,,,,0.0,0.0,0.0,0
249590,2.795973,2.795973,2.795973,2.795973,2.795973,2.795973,udp,0.0,,cs0,,63.0,,1.0,,Start,2,2,0,84,84,0,42.0,0.0,120.172829,120.172829,0.0,0,0,0,0.0,,,0.357657,0.357657,0.0,INT,,,,,0.0,0.0,0.0,0
249617,0.0,0.0,0.0,0.0,0.0,0.0,udp,0.0,,cs0,,63.0,,1.0,,Start,1,1,0,42,42,0,42.0,0.0,0.0,0.0,0.0,0,0,0,0.0,,,0.0,0.0,0.0,INT,,,,,0.0,0.0,0.0,0
249629,2.792805,2.792805,2.792805,2.792805,2.792805,2.792805,udp,0.0,,cs0,,63.0,,1.0,,Start,2,2,0,84,84,0,42.0,0.0,120.309151,120.309151,0.0,0,0,0,0.0,,,0.358063,0.358063,0.0,INT,,,,,0.0,0.0,0.0,0
249762,0.0,0.0,0.0,0.0,0.0,0.0,udp,0.0,,cs0,,63.0,,1.0,,Start,1,1,0,42,42,0,42.0,0.0,0.0,0.0,0.0,0,0,0,0.0,,,0.0,0.0,0.0,INT,,,,,0.0,0.0,0.0,0
249780,2.793413,2.793413,2.793413,2.793413,2.793413,2.793413,udp,0.0,,cs0,,63.0,,1.0,,Start,2,2,0,84,84,0,42.0,0.0,120.282967,120.282967,0.0,0,0,0,0.0,,,0.357985,0.357985,0.0,INT,,,,,0.0,0.0,0.0,0
249791,2.791379,2.791379,2.791379,2.791379,2.791379,2.791379,udp,0.0,,cs0,,63.0,,1.0,,Start,2,2,0,84,84,0,42.0,0.0,120.370613,120.370613,0.0,0,0,0,0.0,,,0.358246,0.358246,0.0,INT,,,,,0.0,0.0,0.0,0
249802,0.0,0.0,0.0,0.0,0.0,0.0,udp,0.0,,cs0,,63.0,,1.0,,Start,1,1,0,42,42,0,42.0,0.0,0.0,0.0,0.0,0,0,0,0.0,,,0.0,0.0,0.0,INT,,,,,0.0,0.0,0.0,0
249872,2.791223,2.791223,2.791223,2.791223,2.791223,2.791223,udp,0.0,,cs0,,63.0,,1.0,,Start,2,2,0,84,84,0,42.0,0.0,120.377335,120.377335,0.0,0,0,0,0.0,,,0.358266,0.358266,0.0,INT,,,,,0.0,0.0,0.0,0
249874,2.791202,2.791202,2.791202,2.791202,2.791202,2.791202,udp,0.0,,cs0,,63.0,,1.0,,Start,2,2,0,84,84,0,42.0,0.0,120.378242,120.378242,0.0,0,0,0,0.0,,,0.358269,0.358269,0.0,INT,,,,,0.0,0.0,0.0,0
250002,2.789723,2.789723,2.789723,2.789723,2.789723,2.789723,udp,0.0,,cs0,,63.0,,1.0,,Start,2,2,0,84,84,0,42.0,0.0,120.44207,120.44207,0.0,0,0,0,0.0,,,0.358459,0.358459,0.0,INT,,,,,0.0,0.0,0.0,0
250062,2.793318,2.793318,2.793318,2.793318,2.793318,2.793318,udp,0.0,,cs0,,63.0,,1.0,,Start,2,2,0,84,84,0,42.0,0.0,120.287056,120.287056,0.0,0,0,0,0.0,,,0.357997,0.357997,0.0,INT,,,,,0.0,0.0,0.0,0
250112,2.791735,2.791735,2.791735,2.791735,2.791735,2.791735,udp,0.0,,cs0,,63.0,,1.0,,Start,2,2,0,84,84,0,42.0,0.0,120.355263,120.355263,0.0,0,0,0,0.0,,,0.3582,0.3582,0.0,INT,,,,,0.0,0.0,0.0,0
250173,2.789126,2.789126,2.789126,2.789126,2.789126,2.789126,udp,0.0,,cs0,,63.0,,1.0,,Start,2,2,0,84,84,0,42.0,0.0,120.46785,120.46785,0.0,0,0,0,0.0,,,0.358535,0.358535,0.0,INT,,,,,0.0,0.0,0.0,0
250183,2.793696,2.793696,2.793696,2.793696,2.793696,2.793696,udp,0.0,,cs0,,63.0,,1.0,,Start,2,2,0,84,84,0,42.0,0.0,120.270782,120.270782,0.0,0,0,0,0.0,,,0.357949,0.357949,0.0,INT,,,,,0.0,0.0,0.0,0
250318,0.0,0.0,0.0,0.0,0.0,0.0,udp,0.0,,cs0,,63.0,,1.0,,Start,1,1,0,42,42,0,42.0,0.0,0.0,0.0,0.0,0,0,0,0.0,,,0.0,0.0,0.0,INT,,,,,0.0,0.0,0.0,0
250378,2.78916,2.78916,2.78916,2.78916,2.78916,2.78916,udp,0.0,,cs0,,63.0,,1.0,,Start,2,2,0,84,84,0,42.0,0.0,120.466377,120.466377,0.0,0,0,0,0.0,,,0.358531,0.358531,0.0,INT,,,,,0.0,0.0,0.0,0
250582,0.0,0.0,0.0,0.0,0.0,0.0,udp,0.0,,cs0,,63.0,,1.0,,Start,1,1,0,42,42,0,42.0,0.0,0.0,0.0,0.0,0,0,0,0.0,,,0.0,0.0,0.0,INT,,,,,0.0,0.0,0.0,0
250597,0.0,0.0,0.0,0.0,0.0,0.0,udp,0.0,,cs0,,63.0,,1.0,,Start,1,1,0,42,42,0,42.0,0.0,0.0,0.0,0.0,0,0,0,0.0,,,0.0,0.0,0.0,INT,,,,,0.0,0.0,0.0,0
250602,0.0,0.0,0.0,0.0,0.0,0.0,udp,0.0,,cs0,,63.0,,1.0,,Start,1,1,0,42,42,0,42.0,0.0,0.0,0.0,0.0,0,0,0,0.0,,,0.0,0.0,0.0,INT,,,,,0.0,0.0,0.0,0
250648,0.0,0.0,0.0,0.0,0.0,0.0,udp,0.0,,cs0,,63.0,,1.0,,Start,1,1,0,42,42,0,42.0,0.0,0.0,0.0,0.0,0,0,0,0.0,,,0.0,0.0,0.0,INT,,,,,0.0,0.0,0.0,0
250730,2.783055,2.783055,2.783055,2.783055,2.783055,2.783055,udp,0.0,,cs0,,63.0,,1.0,,Start,2,2,0,84,84,0,42.0,0.0,120.730637,120.730637,0.0,0,0,0,0.0,,,0.359317,0.359317,0.0,INT,,,,,0.0,0.0,0.0,0
250743,2.778929,2.778929,2.778929,2.778929,2.778929,2.778929,udp,0.0,,cs0,,63.0,,1.0,,Start,2,2,0,84,84,0,42.0,0.0,120.909889,120.909889,0.0,0,0,0,0.0,,,0.359851,0.359851,0.0,INT,,,,,0.0,0.0,0.0,0
250769,2.779965,2.779965,2.779965,2.779965,2.779965,2.779965,udp,0.0,,cs0,,63.0,,1.0,,Start,2,2,0,84,84,0,42.0,0.0,120.864838,120.864838,0.0,0,0,0,0.0,,,0.359717,0.359717,0.0,INT,,,,,0.0,0.0,0.0,0
250786,2.780169,2.780169,2.780169,2.780169,2.780169,2.780169,udp,0.0,,cs0,,63.0,,1.0,,Start,2,2,0,84,84,0,42.0,0.0,120.855965,120.855965,0.0,0,0,0,0.0,,,0.35969,0.35969,0.0,INT,,,,,0.0,0.0,0.0,0
250806,2.776025,2.776025,2.776025,2.776025,2.776025,2.776025,udp,0.0,,cs0,,63.0,,1.0,,Start,2,2,0,84,84,0,42.0,0.0,121.036369,121.036369,0.0,0,0,0,0.0,,,0.360227,0.360227,0.0,INT,,,,,0.0,0.0,0.0,0
250866,2.785342,2.785342,2.785342,2.785342,2.785342,2.785342,udp,0.0,,cs0,,63.0,,1.0,,Start,2,2,0,84,84,0,42.0,0.0,120.631508,120.631508,0.0,0,0,0,0.0,,,0.359022,0.359022,0.0,INT,,,,,0.0,0.0,0.0,0
250895,0.0,0.0,0.0,0.0,0.0,0.0,udp,0.0,,cs0,,63.0,,1.0,,Start,1,1,0,42,42,0,42.0,0.0,0.0,0.0,0.0,0,0,0,0.0,,,0.0,0.0,0.0,INT,,,,,0.0,0.0,0.0,0
250934,0.0,0.0,0.0,0.0,0.0,0.0,udp,0.0,,cs0,,63.0,,1.0,,Start,1,1,0,42,42,0,42.0,0.0,0.0,0.0,0.0,0,0,0,0.0,,,0.0,0.0,0.0,INT,,,,,0.0,0.0,0.0,0
250957,2.785095,2.785095,2.785095,2.785095,2.785095,2.785095,udp,0.0,,cs0,,63.0,,1.0,,Start,2,2,0,84,84,0,42.0,0.0,120.642204,120.642204,0.0,0,0,0,0.0,,,0.359054,0.359054,0.0,INT,,,,,0.0,0.0,0.0,0
250959,2.785095,2.785095,2.785095,2.785095,2.785095,2.785095,udp,0.0,,cs0,,63.0,,1.0,,Start,2,2,0,84,84,0,42.0,0.0,120.642204,120.642204,0.0,0,0,0,0.0,,,0.359054,0.359054,0.0,INT,,,,,0.0,0.0,0.0,0
250972,0.0,0.0,0.0,0.0,0.0,0.0,udp,0.0,,cs0,,63.0,,1.0,,Start,1,1,0,42,42,0,42.0,0.0,0.0,0.0,0.0,0,0,0,0.0,,,0.0,0.0,0.0,INT,,,,,0.0,0.0,0.0,0
251048,2.783905,2.783905,2.783905,2.783905,2.783905,2.783905,udp,0.0,,cs0,,63.0,,1.0,,Start,2,2,0,84,84,0,42.0,0.0,120.693771,120.693771,0.0,0,0,0,0.0,,,0.359208,0.359208,0.0,INT,,,,,0.0,0.0,0.0,0
251053,2.783904,2.783904,2.783904,2.783904,2.783904,2.783904,udp,0.0,,cs0,,63.0,,1.0,,Start,2,2,0,84,84,0,42.0,0.0,120.693817,120.693817,0.0,0,0,0,0.0,,,0.359208,0.359208,0.0,INT,,,,,0.0,0.0,0.0,0
251145,2.784081,2.784081,2.784081,2.784081,2.784081,2.784081,udp,0.0,,cs0,,63.0,,1.0,,Start,2,2,0,84,84,0,42.0,0.0,120.686142,120.686142,0.0,0,0,0,0.0,,,0.359185,0.359185,0.0,INT,,,,,0.0,0.0,0.0,0
251160,2.781265,2.781265,2.781265,2.781265,2.781265,2.781265,udp,0.0,,cs0,,63.0,,1.0,,Start,2,2,0,84,84,0,42.0,0.0,120.808334,120.808334,0.0,0,0,0,0.0,,,0.359549,0.359549,0.0,INT,,,,,0.0,0.0,0.0,0
251172,0.0,0.0,0.0,0.0,0.0,0.0,udp,0.0,,cs0,,63.0,,1.0,,Start,1,1,0,42,42,0,42.0,0.0,0.0,0.0,0.0,0,0,0,0.0,,,0.0,0.0,0.0,INT,,,,,0.0,0.0,0.0,0
251186,2.781897,2.781897,2.781897,2.781897,2.781897,2.781897,udp,0.0,,cs0,,63.0,,1.0,,Start,2,2,0,84,84,0,42.0,0.0,120.780891,120.780891,0.0,0,0,0,0.0,,,0.359467,0.359467,0.0,INT,,,,,0.0,0.0,0.0,0
251211,2.783979,2.783979,2.783979,2.783979,2.783979,2.783979,udp,0.0,,cs0,,63.0,,1.0,,Start,2,2,0,84,84,0,42.0,0.0,120.690567,120.690567,0.0,0,0,0,0.0,,,0.359198,0.359198,0.0,INT,,,,,0.0,0.0,0.0,0
251228,0.0,0.0,0.0,0.0,0.0,0.0,udp,0.0,,cs0,,63.0,,1.0,,Start,1,1,0,42,42,0,42.0,0.0,0.0,0.0,0.0,0,0,0,0.0,,,0.0,0.0,0.0,INT,,,,,0.0,0.0,0.0,0
251307,0.0,0.0,0.0,0.0,0.0,0.0,udp,0.0,,cs0,,63.0,,1.0,,Start,1,1,0,42,42,0,42.0,0.0,0.0,0.0,0.0,0,0,0,0.0,,,0.0,0.0,0.0,INT,,,,,0.0,0.0,0.0,0
251318,0.0,0.0,0.0,0.0,0.0,0.0,udp,0.0,,cs0,,63.0,,1.0,,Start,1,1,0,42,42,0,42.0,0.0,0.0,0.0,0.0,0,0,0,0.0,,,0.0,0.0,0.0,INT,,,,,0.0,0.0,0.0,0
251429,0.0,0.0,0.0,0.0,0.0,0.0,udp,0.0,,cs0,,63.0,,1.0,,Start,1,1,0,42,42,0,42.0,0.0,0.0,0.0,0.0,0,0,0,0.0,,,0.0,0.0,0.0,INT,,,,,0.0,0.0,0.0,0
251475,0.0,0.0,0.0,0.0,0.0,0.0,udp,0.0,,cs0,,63.0,,1.0,,Start,1,1,0,42,42,0,42.0,0.0,0.0,0.0,0.0,0,0,0,0.0,,,0.0,0.0,0.0,INT,,,,,0.0,0.0,0.0,0
251484,0.0,0.0,0.0,0.0,0.0,0.0,udp,0.0,,cs0,,63.0,,1.0,,Start,1,1,0,42,42,0,42.0,0.0,0.0,0.0,0.0,0,0,0,0.0,,,0.0,0.0,0.0,INT,,,,,0.0,0.0,0.0,0
251518,0.0,0.0,0.0,0.0,0.0,0.0,udp,0.0,,cs0,,63.0,,1.0,,Start,1,1,0,42,42,0,42.0,0.0,0.0,0.0,0.0,0,0,0,0.0,,,0.0,0.0,0.0,INT,,,,,0.0,0.0,0.0,0
251542,2.779625,2.779625,2.779625,2.779625,2.779625,2.779625,udp,0.0,,cs0,,63.0,,1.0,,Start,2,2,0,84,84,0,42.0,0.0,120.879616,120.879616,0.0,0,0,0,0.0,,,0.359761,0.359761,0.0,INT,,,,,0.0,0.0,0.0,0
251611,2.782448,2.782448,2.782448,2.782448,2.782448,2.782448,udp,0.0,,cs0,,63.0,,1.0,,Start,2,2,0,84,84,0,42.0,0.0,120.756973,120.756973,0.0,0,0,0,0.0,,,0.359396,0.359396,0.0,INT,,,,,0.0,0.0,0.0,0
251622,0.0,0.0,0.0,0.0,0.0,0.0,udp,0.0,,cs0,,63.0,,1.0,,Start,1,1,0,42,42,0,42.0,0.0,0.0,0.0,0.0,0,0,0,0.0,,,0.0,0.0,0.0,INT,,,,,0.0,0.0,0.0,0
251663,0.0,0.0,0.0,0.0,0.0,0.0,udp,0.0,,cs0,,63.0,,1.0,,Start,1,1,0,42,42,0,42.0,0.0,0.0,0.0,0.0,0,0,0,0.0,,,0.0,0.0,0.0,INT,,,,,0.0,0.0,0.0,0
251701,2.776129,2.776129,2.776129,2.776129,2.776129,2.776129,udp,0.0,,cs0,,63.0,,1.0,,Start,2,2,0,84,84,0,42.0,0.0,121.031837,121.031837,0.0,0,0,0,0.0,,,0.360214,0.360214,0.0,INT,,,,,0.0,0.0,0.0,0
251857,2.777126,2.777126,2.777126,2.777126,2.777126,2.777126,udp,0.0,,cs0,,63.0,,1.0,,Start,2,2,0,84,84,0,42.0,0.0,120.988388,120.988388,0.0,0,0,0,0.0,,,0.360084,0.360084,0.0,INT,,,,,0.0,0.0,0.0,0
251903,0.0,0.0,0.0,0.0,0.0,0.0,udp,0.0,,cs0,,63.0,,1.0,,Start,1,1,0,42,42,0,42.0,0.0,0.0,0.0,0.0,0,0,0,0.0,,,0.0,0.0,0.0,INT,,,,,0.0,0.0,0.0,0
251904,0.0,0.0,0.0,0.0,0.0,0.0,udp,0.0,,cs0,,63.0,,1.0,,Start,1,1,0,42,42,0,42.0,0.0,0.0,0.0,0.0,0,0,0,0.0,,,0.0,0.0,0.0,INT,,,,,0.0,0.0,0.0,0
251989,0.0,0.0,0.0,0.0,0.0,0.0,udp,0.0,,cs0,,63.0,,1.0,,Start,1,1,0,42,42,0,42.0,0.0,0.0,0.0,0.0,0,0,0,0.0,,,0.0,0.0,0.0,INT,,,,,0.0,0.0,0.0,0
252011,0.0,0.0,0.0,0.0,0.0,0.0,udp,0.0,,cs0,,63.0,,1.0,,Start,1,1,0,42,42,0,42.0,0.0,0.0,0.0,0.0,0,0,0,0.0,,,0.0,0.0,0.0,INT,,,,,0.0,0.0,0.0,0
252058,0.0,0.0,0.0,0.0,0.0,0.0,udp,0.0,,cs0,,63.0,,1.0,,Start,1,1,0,42,42,0,42.0,0.0,0.0,0.0,0.0,0,0,0,0.0,,,0.0,0.0,0.0,INT,,,,,0.0,0.0,0.0,0
252076,2.774149,2.774149,2.774149,2.774149,2.774149,2.774149,udp,0.0,,cs0,,63.0,,1.0,,Start,2,2,0,84,84,0,42.0,0.0,121.118225,121.118225,0.0,0,0,0,0.0,,,0.360471,0.360471,0.0,INT,,,,,0.0,0.0,0.0,0
252098,2.774115,2.774115,2.774115,2.774115,2.774115,2.774115,udp,0.0,,cs0,,63.0,,1.0,,Start,2,2,0,84,84,0,42.0,0.0,121.119705,121.119705,0.0,0,0,0,0.0,,,0.360475,0.360475,0.0,INT,,,,,0.0,0.0,0.0,0
252103,2.774123,2.774123,2.774123,2.774123,2.774123,2.774123,udp,0.0,,cs0,,63.0,,1.0,,Start,2,2,0,84,84,0,42.0,0.0,121.119362,121.119362,0.0,0,0,0,0.0,,,0.360474,0.360474,0.0,INT,,,,,0.0,0.0,0.0,0
252213,0.0,0.0,0.0,0.0,0.0,0.0,udp,0.0,,cs0,,63.0,,1.0,,Start,1,1,0,42,42,0,42.0,0.0,0.0,0.0,0.0,0,0,0,0.0,,,0.0,0.0,0.0,INT,,,,,0.0,0.0,0.0,0
252262,0.0,0.0,0.0,0.0,0.0,0.0,udp,0.0,,cs0,,63.0,,1.0,,Start,1,1,0,42,42,0,42.0,0.0,0.0,0.0,0.0,0,0,0,0.0,,,0.0,0.0,0.0,INT,,,,,0.0,0.0,0.0,0
252322,2.772274,2.772274,2.772274,2.772274,2.772274,2.772274,udp,0.0,,cs0,,63.0,,1.0,,Start,2,2,0,84,84,0,42.0,0.0,121.200142,121.200142,0.0,0,0,0,0.0,,,0.360715,0.360715,0.0,INT,,,,,0.0,0.0,0.0,0
252405,2.773996,2.773996,2.773996,2.773996,2.773996,2.773996,udp,0.0,,cs0,,63.0,,1.0,,Start,2,2,0,84,84,0,42.0,0.0,121.124901,121.124901,0.0,0,0,0,0.0,,,0.360491,0.360491,0.0,INT,,,,,0.0,0.0,0.0,0
252415,2.773965,2.773965,2.773965,2.773965,2.773965,2.773965,udp,0.0,,cs0,,63.0,,1.0,,Start,2,2,0,84,84,0,42.0,0.0,121.126266,121.126266,0.0,0,0,0,0.0,,,0.360495,0.360495,0.0,INT,,,,,0.0,0.0,0.0,0
252450,2.772839,2.772839,2.772839,2.772839,2.772839,2.772839,udp,0.0,,cs0,,63.0,,1.0,,Start,2,2,0,84,84,0,42.0,0.0,121.175446,121.175446,0.0,0,0,0,0.0,,,0.360641,0.360641,0.0,INT,,,,,0.0,0.0,0.0,0
252467,2.772825,2.772825,2.772825,2.772825,2.772825,2.772825,udp,0.0,,cs0,,63.0,,1.0,,Start,2,2,0,84,84,0,42.0,0.0,121.176056,121.176056,0.0,0,0,0,0.0,,,0.360643,0.360643,0.0,INT,,,,,0.0,0.0,0.0,0
252485,2.777694,2.777694,2.777694,2.777694,2.777694,2.777694,udp,0.0,,cs0,,63.0,,1.0,,Start,2,2,0,84,84,0,42.0,0.0,120.963646,120.963646,0.0,0,0,0,0.0,,,0.360011,0.360011,0.0,INT,,,,,0.0,0.0,0.0,0
252489,0.0,0.0,0.0,0.0,0.0,0.0,udp,0.0,,cs0,,63.0,,1.0,,Start,1,1,0,42,42,0,42.0,0.0,0.0,0.0,0.0,0,0,0,0.0,,,0.0,0.0,0.0,INT,,,,,0.0,0.0,0.0,0
252527,0.0,0.0,0.0,0.0,0.0,0.0,udp,0.0,,cs0,,63.0,,1.0,,Start,1,1,0,42,42,0,42.0,0.0,0.0,0.0,0.0,0,0,0,0.0,,,0.0,0.0,0.0,INT,,,,,0.0,0.0,0.0,0
252576,0.0,0.0,0.0,0.0,0.0,0.0,udp,0.0,,cs0,,63.0,,1.0,,Start,1,1,0,42,42,0,42.0,0.0,0.0,0.0,0.0,0,0,0,0.0,,,0.0,0.0,0.0,INT,,,,,0.0,0.0,0.0,0
252684,0.0,0.0,0.0,0.0,0.0,0.0,udp,0.0,,cs0,,63.0,,1.0,,Start,1,1,0,42,42,0,42.0,0.0,0.0,0.0,0.0,0,0,0,0.0,,,0.0,0.0,0.0,INT,,,,,0.0,0.0,0.0,0
252711,0.0,0.0,0.0,0.0,0.0,0.0,udp,0.0,,cs0,,63.0,,1.0,,Start,1,1,0,42,42,0,42.0,0.0,0.0,0.0,0.0,0,0,0,0.0,,,0.0,0.0,0.0,INT,,,,,0.0,0.0,0.0,0
252787,2.770247,2.770247,2.770247,2.770247,2.770247,2.770247,udp,0.0,,cs0,,63.0,,1.0,,Start,2,2,0,84,84,0,42.0,0.0,121.288826,121.288826,0.0,0,0,0,0.0,,,0.360979,0.360979,0.0,INT,,,,,0.0,0.0,0.0,0
252843,0.0,0.0,0.0,0.0,0.0,0.0,udp,0.0,,cs0,,63.0,,1.0,,Start,1,1,0,42,42,0,42.0,0.0,0.0,0.0,0.0,0,0,0,0.0,,,0.0,0.0,0.0,INT,,,,,0.0,0.0,0.0,0
252844,0.0,0.0,0.0,0.0,0.0,0.0,udp,0.0,,cs0,,63.0,,1.0,,Start,1,1,0,42,42,0,42.0,0.0,0.0,0.0,0.0,0,0,0,0.0,,,0.0,0.0,0.0,INT,,,,,0.0,0.0,0.0,0
252845,0.0,0.0,0.0,0.0,0.0,0.0,udp,0.0,,cs0,,63.0,,1.0,,Start,1,1,0,42,42,0,42.0,0.0,0.0,0.0,0.0,0,0,0,0.0,,,0.0,0.0,0.0,INT,,,,,0.0,0.0,0.0,0
252898,0.0,0.0,0.0,0.0,0.0,0.0,udp,0.0,,cs0,,63.0,,1.0,,Start,1,1,0,42,42,0,42.0,0.0,0.0,0.0,0.0,0,0,0,0.0,,,0.0,0.0,0.0,INT,,,,,0.0,0.0,0.0,0
252906,0.0,0.0,0.0,0.0,0.0,0.0,udp,0.0,,cs0,,63.0,,1.0,,Start,1,1,0,42,42,0,42.0,0.0,0.0,0.0,0.0,0,0,0,0.0,,,0.0,0.0,0.0,INT,,,,,0.0,0.0,0.0,0
252950,0.0,0.0,0.0,0.0,0.0,0.0,udp,0.0,,cs0,,63.0,,1.0,,Start,1,1,0,42,42,0,42.0,0.0,0.0,0.0,0.0,0,0,0,0.0,,,0.0,0.0,0.0,INT,,,,,0.0,0.0,0.0,0
253054,0.0,0.0,0.0,0.0,0.0,0.0,udp,0.0,,cs0,,63.0,,1.0,,Start,1,1,0,42,42,0,42.0,0.0,0.0,0.0,0.0,0,0,0,0.0,,,0.0,0.0,0.0,INT,,,,,0.0,0.0,0.0,0
253059,0.0,0.0,0.0,0.0,0.0,0.0,udp,0.0,,cs0,,63.0,,1.0,,Start,1,1,0,42,42,0,42.0,0.0,0.0,0.0,0.0,0,0,0,0.0,,,0.0,0.0,0.0,INT,,,,,0.0,0.0,0.0,0
253067,0.0,0.0,0.0,0.0,0.0,0.0,udp,0.0,,cs0,,63.0,,1.0,,Start,1,1,0,42,42,0,42.0,0.0,0.0,0.0,0.0,0,0,0,0.0,,,0.0,0.0,0.0,INT,,,,,0.0,0.0,0.0,0
253157,0.0,0.0,0.0,0.0,0.0,0.0,udp,0.0,,cs0,,63.0,,1.0,,Start,1,1,0,42,42,0,42.0,0.0,0.0,0.0,0.0,0,0,0,0.0,,,0.0,0.0,0.0,INT,,,,,0.0,0.0,0.0,0
253161,0.0,0.0,0.0,0.0,0.0,0.0,udp,0.0,,cs0,,63.0,,1.0,,Start,1,1,0,42,42,0,42.0,0.0,0.0,0.0,0.0,0,0,0,0.0,,,0.0,0.0,0.0,INT,,,,,0.0,0.0,0.0,0
253189,2.764157,2.764157,2.764157,2.764157,2.764157,2.764157,udp,0.0,,cs0,,63.0,,1.0,,Start,2,2,0,84,84,0,42.0,0.0,121.556046,121.556046,0.0,0,0,0,0.0,,,0.361774,0.361774,0.0,INT,,,,,0.0,0.0,0.0,0
253464,2.764228,2.764228,2.764228,2.764228,2.764228,2.764228,udp,0.0,,cs0,,63.0,,1.0,,Start,2,2,0,84,84,0,42.0,0.0,121.552917,121.552917,0.0,0,0,0,0.0,,,0.361765,0.361765,0.0,INT,,,,,0.0,0.0,0.0,0
253486,0.0,0.0,0.0,0.0,0.0,0.0,udp,0.0,,cs0,,63.0,,1.0,,Start,1,1,0,42,42,0,42.0,0.0,0.0,0.0,0.0,0,0,0,0.0,,,0.0,0.0,0.0,INT,,,,,0.0,0.0,0.0,0
253568,0.0,0.0,0.0,0.0,0.0,0.0,udp,0.0,,cs0,,63.0,,1.0,,Start,1,1,0,42,42,0,42.0,0.0,0.0,0.0,0.0,0,0,0,0.0,,,0.0,0.0,0.0,INT,,,,,0.0,0.0,0.0,0
253569,0.0,0.0,0.0,0.0,0.0,0.0,udp,0.0,,cs0,,63.0,,1.0,,Start,1,1,0,42,42,0,42.0,0.0,0.0,0.0,0.0,0,0,0,0.0,,,0.0,0.0,0.0,INT,,,,,0.0,0.0,0.0,0
253584,2.759792,2.759792,2.759792,2.759792,2.759792,2.759792,udp,0.0,,cs0,,63.0,,1.0,,Start,2,2,0,84,84,0,42.0,0.0,121.748299,121.748299,0.0,0,0,0,0.0,,,0.362346,0.362346,0.0,INT,,,,,0.0,0.0,0.0,0
253597,0.0,0.0,0.0,0.0,0.0,0.0,udp,0.0,,cs0,,63.0,,1.0,,Start,1,1,0,42,42,0,42.0,0.0,0.0,0.0,0.0,0,0,0,0.0,,,0.0,0.0,0.0,INT,,,,,0.0,0.0,0.0,0
253630,0.0,0.0,0.0,0.0,0.0,0.0,udp,0.0,,cs0,,63.0,,1.0,,Start,1,1,0,42,42,0,42.0,0.0,0.0,0.0,0.0,0,0,0,0.0,,,0.0,0.0,0.0,INT,,,,,0.0,0.0,0.0,0
253658,0.0,0.0,0.0,0.0,0.0,0.0,udp,0.0,,cs0,,63.0,,1.0,,Start,1,1,0,42,42,0,42.0,0.0,0.0,0.0,0.0,0,0,0,0.0,,,0.0,0.0,0.0,INT,,,,,0.0,0.0,0.0,0
253737,0.0,0.0,0.0,0.0,0.0,0.0,udp,0.0,,cs0,,63.0,,1.0,,Start,1,1,0,42,42,0,42.0,0.0,0.0,0.0,0.0,0,0,0,0.0,,,0.0,0.0,0.0,INT,,,,,0.0,0.0,0.0,0
253749,2.75707,2.75707,2.75707,2.75707,2.75707,2.75707,udp,0.0,,cs0,,63.0,,1.0,,Start,2,2,0,84,84,0,42.0,0.0,121.8685,121.8685,0.0,0,0,0,0.0,,,0.362704,0.362704,0.0,INT,,,,,0.0,0.0,0.0,0
253821,0.0,0.0,0.0,0.0,0.0,0.0,udp,0.0,,cs0,,63.0,,1.0,,Start,1,1,0,42,42,0,42.0,0.0,0.0,0.0,0.0,0,0,0,0.0,,,0.0,0.0,0.0,INT,,,,,0.0,0.0,0.0,0
253856,2.76012,2.76012,2.76012,2.76012,2.76012,2.76012,udp,0.0,,cs0,,63.0,,1.0,,Start,2,2,0,84,84,0,42.0,0.0,121.733841,121.733841,0.0,0,0,0,0.0,,,0.362303,0.362303,0.0,INT,,,,,0.0,0.0,0.0,0
253860,2.760115,2.760115,2.760115,2.760115,2.760115,2.760115,udp,0.0,,cs0,,63.0,,1.0,,Start,2,2,0,84,84,0,42.0,0.0,121.734062,121.734062,0.0,0,0,0,0.0,,,0.362304,0.362304,0.0,INT,,,,,0.0,0.0,0.0,0
253911,0.0,0.0,0.0,0.0,0.0,0.0,udp,0.0,,cs0,,63.0,,1.0,,Start,1,1,0,42,42,0,42.0,0.0,0.0,0.0,0.0,0,0,0,0.0,,,0.0,0.0,0.0,INT,,,,,0.0,0.0,0.0,0
253987,2.762006,2.762006,2.762006,2.762006,2.762006,2.762006,udp,0.0,,cs0,,63.0,,1.0,,Start,2,2,0,84,84,0,42.0,0.0,121.650711,121.650711,0.0,0,0,0,0.0,,,0.362056,0.362056,0.0,INT,,,,,0.0,0.0,0.0,0
253992,2.762006,2.762006,2.762006,2.762006,2.762006,2.762006,udp,0.0,,cs0,,63.0,,1.0,,Start,2,2,0,84,84,0,42.0,0.0,121.650711,121.650711,0.0,0,0,0,0.0,,,0.362056,0.362056,0.0,INT,,,,,0.0,0.0,0.0,0
254070,0.0,0.0,0.0,0.0,0.0,0.0,udp,0.0,,cs0,,63.0,,1.0,,Start,1,1,0,42,42,0,42.0,0.0,0.0,0.0,0.0,0,0,0,0.0,,,0.0,0.0,0.0,INT,,,,,0.0,0.0,0.0,0
254118,0.0,0.0,0.0,0.0,0.0,0.0,udp,0.0,,cs0,,63.0,,1.0,,Start,1,1,0,42,42,0,42.0,0.0,0.0,0.0,0.0,0,0,0,0.0,,,0.0,0.0,0.0,INT,,,,,0.0,0.0,0.0,0
254232,0.0,0.0,0.0,0.0,0.0,0.0,udp,0.0,,cs0,,63.0,,1.0,,Start,1,1,0,42,42,0,42.0,0.0,0.0,0.0,0.0,0,0,0,0.0,,,0.0,0.0,0.0,INT,,,,,0.0,0.0,0.0,0
254286,0.0,0.0,0.0,0.0,0.0,0.0,udp,0.0,,cs0,,63.0,,1.0,,Start,1,1,0,42,42,0,42.0,0.0,0.0,0.0,0.0,0,0,0,0.0,,,0.0,0.0,0.0,INT,,,,,0.0,0.0,0.0,0
254304,2.760156,2.760156,2.760156,2.760156,2.760156,2.760156,udp,0.0,,cs0,,63.0,,1.0,,Start,2,2,0,84,84,0,42.0,0.0,121.732254,121.732254,0.0,0,0,0,0.0,,,0.362298,0.362298,0.0,INT,,,,,0.0,0.0,0.0,0
254308,2.759311,2.759311,2.759311,2.759311,2.759311,2.759311,udp,0.0,,cs0,,63.0,,1.0,,Start,2,2,0,84,84,0,42.0,0.0,121.769531,121.769531,0.0,0,0,0,0.0,,,0.362409,0.362409,0.0,INT,,,,,0.0,0.0,0.0,0
254347,0.0,0.0,0.0,0.0,0.0,0.0,udp,0.0,,cs0,,63.0,,1.0,,Start,1,1,0,42,42,0,42.0,0.0,0.0,0.0,0.0,0,0,0,0.0,,,0.0,0.0,0.0,INT,,,,,0.0,0.0,0.0,0
254351,0.0,0.0,0.0,0.0,0.0,0.0,udp,0.0,,cs0,,63.0,,1.0,,Start,1,1,0,42,42,0,42.0,0.0,0.0,0.0,0.0,0,0,0,0.0,,,0.0,0.0,0.0,INT,,,,,0.0,0.0,0.0,0
254366,0.0,0.0,0.0,0.0,0.0,0.0,udp,0.0,,cs0,,63.0,,1.0,,Start,1,1,0,42,42,0,42.0,0.0,0.0,0.0,0.0,0,0,0,0.0,,,0.0,0.0,0.0,INT,,,,,0.0,0.0,0.0,0
254370,0.0,0.0,0.0,0.0,0.0,0.0,udp,0.0,,cs0,,63.0,,1.0,,Start,1,1,0,42,42,0,42.0,0.0,0.0,0.0,0.0,0,0,0,0.0,,,0.0,0.0,0.0,INT,,,,,0.0,0.0,0.0,0
254417,2.7559,2.7559,2.7559,2.7559,2.7559,2.7559,udp,0.0,,cs0,,63.0,,1.0,,Start,2,2,0,84,84,0,42.0,0.0,121.92025,121.92025,0.0,0,0,0,0.0,,,0.362858,0.362858,0.0,INT,,,,,0.0,0.0,0.0,0
254432,0.0,0.0,0.0,0.0,0.0,0.0,udp,0.0,,cs0,,63.0,,1.0,,Start,1,1,0,42,42,0,42.0,0.0,0.0,0.0,0.0,0,0,0,0.0,,,0.0,0.0,0.0,INT,,,,,0.0,0.0,0.0,0
254449,0.0,0.0,0.0,0.0,0.0,0.0,udp,0.0,,cs0,,63.0,,1.0,,Start,1,1,0,42,42,0,42.0,0.0,0.0,0.0,0.0,0,0,0,0.0,,,0.0,0.0,0.0,INT,,,,,0.0,0.0,0.0,0
254450,0.0,0.0,0.0,0.0,0.0,0.0,udp,0.0,,cs0,,63.0,,1.0,,Start,1,1,0,42,42,0,42.0,0.0,0.0,0.0,0.0,0,0,0,0.0,,,0.0,0.0,0.0,INT,,,,,0.0,0.0,0.0,0
254468,2.754297,2.754297,2.754297,2.754297,2.754297,2.754297,udp,0.0,,cs0,,63.0,,1.0,,Start,2,2,0,84,84,0,42.0,0.0,121.991203,121.991203,0.0,0,0,0,0.0,,,0.363069,0.363069,0.0,INT,,,,,0.0,0.0,0.0,0
254480,2.754294,2.754294,2.754294,2.754294,2.754294,2.754294,udp,0.0,,cs0,,63.0,,1.0,,Start,2,2,0,84,84,0,42.0,0.0,121.991341,121.991341,0.0,0,0,0,0.0,,,0.363069,0.363069,0.0,INT,,,,,0.0,0.0,0.0,0
254489,0.0,0.0,0.0,0.0,0.0,0.0,udp,0.0,,cs0,,63.0,,1.0,,Start,1,1,0,42,42,0,42.0,0.0,0.0,0.0,0.0,0,0,0,0.0,,,0.0,0.0,0.0,INT,,,,,0.0,0.0,0.0,0
254555,0.0,0.0,0.0,0.0,0.0,0.0,udp,0.0,,cs0,,63.0,,1.0,,Start,1,1,0,42,42,0,42.0,0.0,0.0,0.0,0.0,0,0,0,0.0,,,0.0,0.0,0.0,INT,,,,,0.0,0.0,0.0,0
254605,2.750312,2.750312,2.750312,2.750312,2.750312,2.750312,udp,0.0,,cs0,,63.0,,1.0,,Start,2,2,0,84,84,0,42.0,0.0,122.167953,122.167953,0.0,0,0,0,0.0,,,0.363595,0.363595,0.0,INT,,,,,0.0,0.0,0.0,0
254608,0.0,0.0,0.0,0.0,0.0,0.0,udp,0.0,,cs0,,63.0,,1.0,,Start,1,1,0,42,42,0,42.0,0.0,0.0,0.0,0.0,0,0,0,0.0,,,0.0,0.0,0.0,INT,,,,,0.0,0.0,0.0,0
254647,2.754701,2.754701,2.754701,2.754701,2.754701,2.754701,udp,0.0,,cs0,,63.0,,1.0,,Start,2,2,0,84,84,0,42.0,0.0,121.973312,121.973312,0.0,0,0,0,0.0,,,0.363016,0.363016,0.0,INT,,,,,0.0,0.0,0.0,0
254687,2.753062,2.753062,2.753062,2.753062,2.753062,2.753062,udp,0.0,,cs0,,63.0,,1.0,,Start,2,2,0,84,84,0,42.0,0.0,122.045929,122.045929,0.0,0,0,0,0.0,,,0.363232,0.363232,0.0,INT,,,,,0.0,0.0,0.0,0
254705,2.75306,2.75306,2.75306,2.75306,2.75306,2.75306,udp,0.0,,cs0,,63.0,,1.0,,Start,2,2,0,84,84,0,42.0,0.0,122.046013,122.046013,0.0,0,0,0,0.0,,,0.363232,0.363232,0.0,INT,,,,,0.0,0.0,0.0,0
254738,0.0,0.0,0.0,0.0,0.0,0.0,udp,0.0,,cs0,,63.0,,1.0,,Start,1,1,0,42,42,0,42.0,0.0,0.0,0.0,0.0,0,0,0,0.0,,,0.0,0.0,0.0,INT,,,,,0.0,0.0,0.0,0
254740,0.0,0.0,0.0,0.0,0.0,0.0,udp,0.0,,cs0,,63.0,,1.0,,Start,1,1,0,42,42,0,42.0,0.0,0.0,0.0,0.0,0,0,0,0.0,,,0.0,0.0,0.0,INT,,,,,0.0,0.0,0.0,0
254818,2.747212,2.747212,2.747212,2.747212,2.747212,2.747212,udp,0.0,,cs0,,63.0,,1.0,,Start,2,2,0,84,84,0,42.0,0.0,122.305817,122.305817,0.0,0,0,0,0.0,,,0.364005,0.364005,0.0,INT,,,,,0.0,0.0,0.0,0
254841,2.751683,2.751683,2.751683,2.751683,2.751683,2.751683,udp,0.0,,cs0,,63.0,,1.0,,Start,2,2,0,84,84,0,42.0,0.0,122.107086,122.107086,0.0,0,0,0,0.0,,,0.363414,0.363414,0.0,INT,,,,,0.0,0.0,0.0,0
254964,2.749068,2.749068,2.749068,2.749068,2.749068,2.749068,udp,0.0,,cs0,,63.0,,1.0,,Start,2,2,0,84,84,0,42.0,0.0,122.223236,122.223236,0.0,0,0,0,0.0,,,0.36376,0.36376,0.0,INT,,,,,0.0,0.0,0.0,0
255140,2.752139,2.752139,2.752139,2.752139,2.752139,2.752139,udp,0.0,,cs0,,63.0,,1.0,,Start,2,2,0,84,84,0,42.0,0.0,122.086853,122.086853,0.0,0,0,0,0.0,,,0.363354,0.363354,0.0,INT,,,,,0.0,0.0,0.0,0
255173,2.748137,2.748137,2.748137,2.748137,2.748137,2.748137,udp,0.0,,cs0,,63.0,,1.0,,Start,2,2,0,84,84,0,42.0,0.0,122.264648,122.264648,0.0,0,0,0,0.0,,,0.363883,0.363883,0.0,INT,,,,,0.0,0.0,0.0,0
255246,0.0,0.0,0.0,0.0,0.0,0.0,udp,0.0,,cs0,,63.0,,1.0,,Start,1,1,0,42,42,0,42.0,0.0,0.0,0.0,0.0,0,0,0,0.0,,,0.0,0.0,0.0,INT,,,,,0.0,0.0,0.0,0
255264,2.744023,2.744023,2.744023,2.744023,2.744023,2.744023,udp,0.0,,cs0,,63.0,,1.0,,Start,2,2,0,84,84,0,42.0,0.0,122.447952,122.447952,0.0,0,0,0,0.0,,,0.364428,0.364428,0.0,INT,,,,,0.0,0.0,0.0,0
255272,2.745916,2.745916,2.745916,2.745916,2.745916,2.745916,udp,0.0,,cs0,,63.0,,1.0,,Start,2,2,0,84,84,0,42.0,0.0,122.363541,122.363541,0.0,0,0,0,0.0,,,0.364177,0.364177,0.0,INT,,,,,0.0,0.0,0.0,0
255329,2.746032,2.746032,2.746032,2.746032,2.746032,2.746032,udp,0.0,,cs0,,63.0,,1.0,,Start,2,2,0,84,84,0,42.0,0.0,122.358368,122.358368,0.0,0,0,0,0.0,,,0.364162,0.364162,0.0,INT,,,,,0.0,0.0,0.0,0
255363,0.0,0.0,0.0,0.0,0.0,0.0,udp,0.0,,cs0,,63.0,,1.0,,Start,1,1,0,42,42,0,42.0,0.0,0.0,0.0,0.0,0,0,0,0.0,,,0.0,0.0,0.0,INT,,,,,0.0,0.0,0.0,0
255384,2.747152,2.747152,2.747152,2.747152,2.747152,2.747152,udp,0.0,,cs0,,63.0,,1.0,,Start,2,2,0,84,84,0,42.0,0.0,122.308479,122.308479,0.0,0,0,0,0.0,,,0.364013,0.364013,0.0,INT,,,,,0.0,0.0,0.0,0
255395,0.0,0.0,0.0,0.0,0.0,0.0,udp,0.0,,cs0,,63.0,,1.0,,Start,1,1,0,42,42,0,42.0,0.0,0.0,0.0,0.0,0,0,0,0.0,,,0.0,0.0,0.0,INT,,,,,0.0,0.0,0.0,0
255419,0.0,0.0,0.0,0.0,0.0,0.0,udp,0.0,,cs0,,63.0,,1.0,,Start,1,1,0,42,42,0,42.0,0.0,0.0,0.0,0.0,0,0,0,0.0,,,0.0,0.0,0.0,INT,,,,,0.0,0.0,0.0,0
255456,2.745338,2.745338,2.745338,2.745338,2.745338,2.745338,udp,0.0,,cs0,,63.0,,1.0,,Start,2,2,0,84,84,0,42.0,0.0,122.389305,122.389305,0.0,0,0,0,0.0,,,0.364254,0.364254,0.0,INT,,,,,0.0,0.0,0.0,0
255636,0.0,0.0,0.0,0.0,0.0,0.0,udp,0.0,,cs0,,63.0,,1.0,,Start,1,1,0,42,42,0,42.0,0.0,0.0,0.0,0.0,0,0,0,0.0,,,0.0,0.0,0.0,INT,,,,,0.0,0.0,0.0,0
255673,2.742415,2.742415,2.742415,2.742415,2.742415,2.742415,udp,0.0,,cs0,,63.0,,1.0,,Start,2,2,0,84,84,0,42.0,0.0,122.519753,122.519753,0.0,0,0,0,0.0,,,0.364642,0.364642,0.0,INT,,,,,0.0,0.0,0.0,0
255677,2.743418,2.743418,2.743418,2.743418,2.743418,2.743418,udp,0.0,,cs0,,63.0,,1.0,,Start,2,2,0,84,84,0,42.0,0.0,122.47496,122.47496,0.0,0,0,0,0.0,,,0.364509,0.364509,0.0,INT,,,,,0.0,0.0,0.0,0
255679,2.744415,2.744415,2.744415,2.744415,2.744415,2.744415,udp,0.0,,cs0,,63.0,,1.0,,Start,2,2,0,84,84,0,42.0,0.0,122.430458,122.430458,0.0,0,0,0,0.0,,,0.364376,0.364376,0.0,INT,,,,,0.0,0.0,0.0,0
255708,2.745481,2.745481,2.745481,2.745481,2.745481,2.745481,udp,0.0,,cs0,,63.0,,1.0,,Start,2,2,0,84,84,0,42.0,0.0,122.382927,122.382927,0.0,0,0,0,0.0,,,0.364235,0.364235,0.0,INT,,,,,0.0,0.0,0.0,0
255784,0.0,0.0,0.0,0.0,0.0,0.0,udp,0.0,,cs0,,63.0,,1.0,,Start,1,1,0,42,42,0,42.0,0.0,0.0,0.0,0.0,0,0,0,0.0,,,0.0,0.0,0.0,INT,,,,,0.0,0.0,0.0,0
255807,2.746072,2.746072,2.746072,2.746072,2.746072,2.746072,udp,0.0,,cs0,,63.0,,1.0,,Start,2,2,0,84,84,0,42.0,0.0,122.356583,122.356583,0.0,0,0,0,0.0,,,0.364157,0.364157,0.0,INT,,,,,0.0,0.0,0.0,0
255834,0.0,0.0,0.0,0.0,0.0,0.0,udp,0.0,,cs0,,63.0,,1.0,,Start,1,1,0,42,42,0,42.0,0.0,0.0,0.0,0.0,0,0,0,0.0,,,0.0,0.0,0.0,INT,,,,,0.0,0.0,0.0,0
255894,0.0,0.0,0.0,0.0,0.0,0.0,udp,0.0,,cs0,,63.0,,1.0,,Start,1,1,0,42,42,0,42.0,0.0,0.0,0.0,0.0,0,0,0,0.0,,,0.0,0.0,0.0,INT,,,,,0.0,0.0,0.0,0
255980,0.0,0.0,0.0,0.0,0.0,0.0,udp,0.0,,cs0,,63.0,,1.0,,Start,1,1,0,42,42,0,42.0,0.0,0.0,0.0,0.0,0,0,0,0.0,,,0.0,0.0,0.0,INT,,,,,0.0,0.0,0.0,0
255985,0.0,0.0,0.0,0.0,0.0,0.0,udp,0.0,,cs0,,63.0,,1.0,,Start,1,1,0,42,42,0,42.0,0.0,0.0,0.0,0.0,0,0,0,0.0,,,0.0,0.0,0.0,INT,,,,,0.0,0.0,0.0,0
256035,2.740317,2.740317,2.740317,2.740317,2.740317,2.740317,udp,0.0,,cs0,,63.0,,1.0,,Start,2,2,0,84,84,0,42.0,0.0,122.613548,122.613548,0.0,0,0,0,0.0,,,0.364921,0.364921,0.0,INT,,,,,0.0,0.0,0.0,0
256041,2.737256,2.737256,2.737256,2.737256,2.737256,2.737256,udp,0.0,,cs0,,63.0,,1.0,,Start,2,2,0,84,84,0,42.0,0.0,122.750664,122.750664,0.0,0,0,0,0.0,,,0.365329,0.365329,0.0,INT,,,,,0.0,0.0,0.0,0
256070,0.0,0.0,0.0,0.0,0.0,0.0,udp,0.0,,cs0,,63.0,,1.0,,Start,1,1,0,42,42,0,42.0,0.0,0.0,0.0,0.0,0,0,0,0.0,,,0.0,0.0,0.0,INT,,,,,0.0,0.0,0.0,0
256084,2.739674,2.739674,2.739674,2.739674,2.739674,2.739674,udp,0.0,,cs0,,63.0,,1.0,,Start,2,2,0,84,84,0,42.0,0.0,122.642326,122.642326,0.0,0,0,0,0.0,,,0.365007,0.365007,0.0,INT,,,,,0.0,0.0,0.0,0
256087,0.0,0.0,0.0,0.0,0.0,0.0,udp,0.0,,cs0,,63.0,,1.0,,Start,1,1,0,42,42,0,42.0,0.0,0.0,0.0,0.0,0,0,0,0.0,,,0.0,0.0,0.0,INT,,,,,0.0,0.0,0.0,0
256159,0.0,0.0,0.0,0.0,0.0,0.0,udp,0.0,,cs0,,63.0,,1.0,,Start,1,1,0,42,42,0,42.0,0.0,0.0,0.0,0.0,0,0,0,0.0,,,0.0,0.0,0.0,INT,,,,,0.0,0.0,0.0,0
256276,2.73804,2.73804,2.73804,2.73804,2.73804,2.73804,udp,0.0,,cs0,,63.0,,1.0,,Start,2,2,0,84,84,0,42.0,0.0,122.715523,122.715523,0.0,0,0,0,0.0,,,0.365225,0.365225,0.0,INT,,,,,0.0,0.0,0.0,0
256362,2.736684,2.736684,2.736684,2.736684,2.736684,2.736684,udp,0.0,,cs0,,63.0,,1.0,,Start,2,2,0,84,84,0,42.0,0.0,122.776321,122.776321,0.0,0,0,0,0.0,,,0.365406,0.365406,0.0,INT,,,,,0.0,0.0,0.0,0
256367,2.737778,2.737778,2.737778,2.737778,2.737778,2.737778,udp,0.0,,cs0,,63.0,,1.0,,Start,2,2,0,84,84,0,42.0,0.0,122.727264,122.727264,0.0,0,0,0,0.0,,,0.36526,0.36526,0.0,INT,,,,,0.0,0.0,0.0,0
256379,0.0,0.0,0.0,0.0,0.0,0.0,udp,0.0,,cs0,,63.0,,1.0,,Start,1,1,0,42,42,0,42.0,0.0,0.0,0.0,0.0,0,0,0,0.0,,,0.0,0.0,0.0,INT,,,,,0.0,0.0,0.0,0
256387,2.737856,2.737856,2.737856,2.737856,2.737856,2.737856,udp,0.0,,cs0,,63.0,,1.0,,Start,2,2,0,84,84,0,42.0,0.0,122.72377,122.72377,0.0,0,0,0,0.0,,,0.365249,0.365249,0.0,INT,,,,,0.0,0.0,0.0,0
256426,2.7436,2.7436,2.7436,2.7436,2.7436,2.7436,udp,0.0,,cs0,,63.0,,1.0,,Start,2,2,0,84,84,0,42.0,0.0,122.466835,122.466835,0.0,0,0,0,0.0,,,0.364485,0.364485,0.0,INT,,,,,0.0,0.0,0.0,0
256484,0.0,0.0,0.0,0.0,0.0,0.0,udp,0.0,,cs0,,63.0,,1.0,,Start,1,1,0,42,42,0,42.0,0.0,0.0,0.0,0.0,0,0,0,0.0,,,0.0,0.0,0.0,INT,,,,,0.0,0.0,0.0,0
256485,2.743813,2.743813,2.743813,2.743813,2.743813,2.743813,udp,0.0,,cs0,,63.0,,1.0,,Start,2,2,0,84,84,0,42.0,0.0,122.457321,122.457321,0.0,0,0,0,0.0,,,0.364456,0.364456,0.0,INT,,,,,0.0,0.0,0.0,0
256518,0.0,0.0,0.0,0.0,0.0,0.0,udp,0.0,,cs0,,63.0,,1.0,,Start,1,1,0,42,42,0,42.0,0.0,0.0,0.0,0.0,0,0,0,0.0,,,0.0,0.0,0.0,INT,,,,,0.0,0.0,0.0,0
256523,0.0,0.0,0.0,0.0,0.0,0.0,udp,0.0,,cs0,,63.0,,1.0,,Start,1,1,0,42,42,0,42.0,0.0,0.0,0.0,0.0,0,0,0,0.0,,,0.0,0.0,0.0,INT,,,,,0.0,0.0,0.0,0
256531,2.741396,2.741396,2.741396,2.741396,2.741396,2.741396,udp,0.0,,cs0,,63.0,,1.0,,Start,2,2,0,84,84,0,42.0,0.0,122.565292,122.565292,0.0,0,0,0,0.0,,,0.364778,0.364778,0.0,INT,,,,,0.0,0.0,0.0,0
256558,2.73536,2.73536,2.73536,2.73536,2.73536,2.73536,udp,0.0,,cs0,,63.0,,1.0,,Start,2,2,0,84,84,0,42.0,0.0,122.835754,122.835754,0.0,0,0,0,0.0,,,0.365583,0.365583,0.0,INT,,,,,0.0,0.0,0.0,0
256599,2.73287,2.73287,2.73287,2.73287,2.73287,2.73287,udp,0.0,,cs0,,63.0,,1.0,,Start,2,2,0,84,84,0,42.0,0.0,122.947662,122.947662,0.0,0,0,0,0.0,,,0.365916,0.365916,0.0,INT,,,,,0.0,0.0,0.0,0
256647,0.0,0.0,0.0,0.0,0.0,0.0,udp,0.0,,cs0,,63.0,,1.0,,Start,1,1,0,42,42,0,42.0,0.0,0.0,0.0,0.0,0,0,0,0.0,,,0.0,0.0,0.0,INT,,,,,0.0,0.0,0.0,0
256668,0.0,0.0,0.0,0.0,0.0,0.0,udp,0.0,,cs0,,63.0,,1.0,,Start,1,1,0,42,42,0,42.0,0.0,0.0,0.0,0.0,0,0,0,0.0,,,0.0,0.0,0.0,INT,,,,,0.0,0.0,0.0,0
256683,2.730601,2.730601,2.730601,2.730601,2.730601,2.730601,udp,0.0,,cs0,,63.0,,1.0,,Start,2,2,0,84,84,0,42.0,0.0,123.049828,123.049828,0.0,0,0,0,0.0,,,0.36622,0.36622,0.0,INT,,,,,0.0,0.0,0.0,0
256689,0.0,0.0,0.0,0.0,0.0,0.0,udp,0.0,,cs0,,63.0,,1.0,,Start,1,1,0,42,42,0,42.0,0.0,0.0,0.0,0.0,0,0,0,0.0,,,0.0,0.0,0.0,INT,,,,,0.0,0.0,0.0,0
256706,0.0,0.0,0.0,0.0,0.0,0.0,udp,0.0,,cs0,,63.0,,1.0,,Start,1,1,0,42,42,0,42.0,0.0,0.0,0.0,0.0,0,0,0,0.0,,,0.0,0.0,0.0,INT,,,,,0.0,0.0,0.0,0
256733,2.735764,2.735764,2.735764,2.735764,2.735764,2.735764,udp,0.0,,cs0,,63.0,,1.0,,Start,2,2,0,84,84,0,42.0,0.0,122.817612,122.817612,0.0,0,0,0,0.0,,,0.365529,0.365529,0.0,INT,,,,,0.0,0.0,0.0,0
256751,2.733419,2.733419,2.733419,2.733419,2.733419,2.733419,udp,0.0,,cs0,,63.0,,1.0,,Start,2,2,0,84,84,0,42.0,0.0,122.922981,122.922981,0.0,0,0,0,0.0,,,0.365842,0.365842,0.0,INT,,,,,0.0,0.0,0.0,0
256828,0.0,0.0,0.0,0.0,0.0,0.0,udp,0.0,,cs0,,63.0,,1.0,,Start,1,1,0,42,42,0,42.0,0.0,0.0,0.0,0.0,0,0,0,0.0,,,0.0,0.0,0.0,INT,,,,,0.0,0.0,0.0,0
256852,2.731906,2.731906,2.731906,2.731906,2.731906,2.731906,udp,0.0,,cs0,,63.0,,1.0,,Start,2,2,0,84,84,0,42.0,0.0,122.991058,122.991058,0.0,0,0,0,0.0,,,0.366045,0.366045,0.0,INT,,,,,0.0,0.0,0.0,0
256926,0.0,0.0,0.0,0.0,0.0,0.0,udp,0.0,,cs0,,63.0,,1.0,,Start,1,1,0,42,42,0,42.0,0.0,0.0,0.0,0.0,0,0,0,0.0,,,0.0,0.0,0.0,INT,,,,,0.0,0.0,0.0,0
256936,0.0,0.0,0.0,0.0,0.0,0.0,udp,0.0,,cs0,,63.0,,1.0,,Start,1,1,0,42,42,0,42.0,0.0,0.0,0.0,0.0,0,0,0,0.0,,,0.0,0.0,0.0,INT,,,,,0.0,0.0,0.0,0
256940,2.733986,2.733986,2.733986,2.733986,2.733986,2.733986,udp,0.0,,cs0,,63.0,,1.0,,Start,2,2,0,84,84,0,42.0,0.0,122.897491,122.897491,0.0,0,0,0,0.0,,,0.365766,0.365766,0.0,INT,,,,,0.0,0.0,0.0,0
256980,2.728381,2.728381,2.728381,2.728381,2.728381,2.728381,udp,0.0,,cs0,,63.0,,1.0,,Start,2,2,0,84,84,0,42.0,0.0,123.149963,123.149963,0.0,0,0,0,0.0,,,0.366518,0.366518,0.0,INT,,,,,0.0,0.0,0.0,0
257002,0.0,0.0,0.0,0.0,0.0,0.0,udp,0.0,,cs0,,63.0,,1.0,,Start,1,1,0,42,42,0,42.0,0.0,0.0,0.0,0.0,0,0,0,0.0,,,0.0,0.0,0.0,INT,,,,,0.0,0.0,0.0,0
257024,0.0,0.0,0.0,0.0,0.0,0.0,udp,0.0,,cs0,,63.0,,1.0,,Start,1,1,0,42,42,0,42.0,0.0,0.0,0.0,0.0,0,0,0,0.0,,,0.0,0.0,0.0,INT,,,,,0.0,0.0,0.0,0
257122,0.0,0.0,0.0,0.0,0.0,0.0,udp,0.0,,cs0,,63.0,,1.0,,Start,1,1,0,42,42,0,42.0,0.0,0.0,0.0,0.0,0,0,0,0.0,,,0.0,0.0,0.0,INT,,,,,0.0,0.0,0.0,0
257133,0.0,0.0,0.0,0.0,0.0,0.0,udp,0.0,,cs0,,63.0,,1.0,,Start,1,1,0,42,42,0,42.0,0.0,0.0,0.0,0.0,0,0,0,0.0,,,0.0,0.0,0.0,INT,,,,,0.0,0.0,0.0,0
257162,2.730625,2.730625,2.730625,2.730625,2.730625,2.730625,udp,0.0,,cs0,,63.0,,1.0,,Start,2,2,0,84,84,0,42.0,0.0,123.048759,123.048759,0.0,0,0,0,0.0,,,0.366217,0.366217,0.0,INT,,,,,0.0,0.0,0.0,0
257207,2.732656,2.732656,2.732656,2.732656,2.732656,2.732656,udp,0.0,,cs0,,63.0,,1.0,,Start,2,2,0,84,84,0,42.0,0.0,122.957298,122.957298,0.0,0,0,0,0.0,,,0.365944,0.365944,0.0,INT,,,,,0.0,0.0,0.0,0
257262,0.0,0.0,0.0,0.0,0.0,0.0,udp,0.0,,cs0,,63.0,,1.0,,Start,1,1,0,42,42,0,42.0,0.0,0.0,0.0,0.0,0,0,0,0.0,,,0.0,0.0,0.0,INT,,,,,0.0,0.0,0.0,0
257332,2.730197,2.730197,2.730197,2.730197,2.730197,2.730197,udp,0.0,,cs0,,63.0,,1.0,,Start,2,2,0,84,84,0,42.0,0.0,123.068047,123.068047,0.0,0,0,0,0.0,,,0.366274,0.366274,0.0,INT,,,,,0.0,0.0,0.0,0
257381,0.0,0.0,0.0,0.0,0.0,0.0,udp,0.0,,cs0,,63.0,,1.0,,Start,1,1,0,42,42,0,42.0,0.0,0.0,0.0,0.0,0,0,0,0.0,,,0.0,0.0,0.0,INT,,,,,0.0,0.0,0.0,0
257530,2.721911,2.721911,2.721911,2.721911,2.721911,2.721911,udp,0.0,,cs0,,63.0,,1.0,,Start,2,2,0,84,84,0,42.0,0.0,123.442688,123.442688,0.0,0,0,0,0.0,,,0.367389,0.367389,0.0,INT,,,,,0.0,0.0,0.0,0
257561,0.0,0.0,0.0,0.0,0.0,0.0,udp,0.0,,cs0,,63.0,,1.0,,Start,1,1,0,42,42,0,42.0,0.0,0.0,0.0,0.0,0,0,0,0.0,,,0.0,0.0,0.0,INT,,,,,0.0,0.0,0.0,0
257570,2.727977,2.727977,2.727977,2.727977,2.727977,2.727977,udp,0.0,,cs0,,63.0,,1.0,,Start,2,2,0,84,84,0,42.0,0.0,123.16819,123.16819,0.0,0,0,0,0.0,,,0.366572,0.366572,0.0,INT,,,,,0.0,0.0,0.0,0
257596,0.0,0.0,0.0,0.0,0.0,0.0,udp,0.0,,cs0,,63.0,,1.0,,Start,1,1,0,42,42,0,42.0,0.0,0.0,0.0,0.0,0,0,0,0.0,,,0.0,0.0,0.0,INT,,,,,0.0,0.0,0.0,0
257699,0.0,0.0,0.0,0.0,0.0,0.0,udp,0.0,,cs0,,63.0,,1.0,,Start,1,1,0,42,42,0,42.0,0.0,0.0,0.0,0.0,0,0,0,0.0,,,0.0,0.0,0.0,INT,,,,,0.0,0.0,0.0,0
257701,0.0,0.0,0.0,0.0,0.0,0.0,udp,0.0,,cs0,,63.0,,1.0,,Start,1,1,0,42,42,0,42.0,0.0,0.0,0.0,0.0,0,0,0,0.0,,,0.0,0.0,0.0,INT,,,,,0.0,0.0,0.0,0
257779,0.0,0.0,0.0,0.0,0.0,0.0,udp,0.0,,cs0,,63.0,,1.0,,Start,1,1,0,42,42,0,42.0,0.0,0.0,0.0,0.0,0,0,0,0.0,,,0.0,0.0,0.0,INT,,,,,0.0,0.0,0.0,0
257933,2.725741,2.725741,2.725741,2.725741,2.725741,2.725741,udp,0.0,,cs0,,63.0,,1.0,,Start,2,2,0,84,84,0,42.0,0.0,123.269234,123.269234,0.0,0,0,0,0.0,,,0.366873,0.366873,0.0,INT,,,,,0.0,0.0,0.0,0
257949,0.0,0.0,0.0,0.0,0.0,0.0,udp,0.0,,cs0,,63.0,,1.0,,Start,1,1,0,42,42,0,42.0,0.0,0.0,0.0,0.0,0,0,0,0.0,,,0.0,0.0,0.0,INT,,,,,0.0,0.0,0.0,0
258080,0.0,0.0,0.0,0.0,0.0,0.0,udp,0.0,,cs0,,63.0,,1.0,,Start,1,1,0,42,42,0,42.0,0.0,0.0,0.0,0.0,0,0,0,0.0,,,0.0,0.0,0.0,INT,,,,,0.0,0.0,0.0,0
258123,0.0,0.0,0.0,0.0,0.0,0.0,udp,0.0,,cs0,,63.0,,1.0,,Start,1,1,0,42,42,0,42.0,0.0,0.0,0.0,0.0,0,0,0,0.0,,,0.0,0.0,0.0,INT,,,,,0.0,0.0,0.0,0
258166,2.721151,2.721151,2.721151,2.721151,2.721151,2.721151,udp,0.0,,cs0,,63.0,,1.0,,Start,2,2,0,84,84,0,42.0,0.0,123.477158,123.477158,0.0,0,0,0,0.0,,,0.367492,0.367492,0.0,INT,,,,,0.0,0.0,0.0,0
258198,2.723773,2.723773,2.723773,2.723773,2.723773,2.723773,udp,0.0,,cs0,,63.0,,1.0,,Start,2,2,0,84,84,0,42.0,0.0,123.358299,123.358299,0.0,0,0,0,0.0,,,0.367138,0.367138,0.0,INT,,,,,0.0,0.0,0.0,0
258281,2.721241,2.721241,2.721241,2.721241,2.721241,2.721241,udp,0.0,,cs0,,63.0,,1.0,,Start,2,2,0,84,84,0,42.0,0.0,123.473076,123.473076,0.0,0,0,0,0.0,,,0.367479,0.367479,0.0,INT,,,,,0.0,0.0,0.0,0
258300,0.0,0.0,0.0,0.0,0.0,0.0,udp,0.0,,cs0,,63.0,,1.0,,Start,1,1,0,42,42,0,42.0,0.0,0.0,0.0,0.0,0,0,0,0.0,,,0.0,0.0,0.0,INT,,,,,0.0,0.0,0.0,0
258392,0.0,0.0,0.0,0.0,0.0,0.0,udp,0.0,,cs0,,63.0,,1.0,,Start,1,1,0,42,42,0,42.0,0.0,0.0,0.0,0.0,0,0,0,0.0,,,0.0,0.0,0.0,INT,,,,,0.0,0.0,0.0,0
258451,2.717246,2.717246,2.717246,2.717246,2.717246,2.717246,udp,0.0,,cs0,,63.0,,1.0,,Start,2,2,0,84,84,0,42.0,0.0,123.65461,123.65461,0.0,0,0,0,0.0,,,0.36802,0.36802,0.0,INT,,,,,0.0,0.0,0.0,0
258459,2.717244,2.717244,2.717244,2.717244,2.717244,2.717244,udp,0.0,,cs0,,63.0,,1.0,,Start,2,2,0,84,84,0,42.0,0.0,123.654709,123.654709,0.0,0,0,0,0.0,,,0.36802,0.36802,0.0,INT,,,,,0.0,0.0,0.0,0
258476,0.0,0.0,0.0,0.0,0.0,0.0,udp,0.0,,cs0,,63.0,,1.0,,Start,1,1,0,42,42,0,42.0,0.0,0.0,0.0,0.0,0,0,0,0.0,,,0.0,0.0,0.0,INT,,,,,0.0,0.0,0.0,0
258496,2.719682,2.719682,2.719682,2.719682,2.719682,2.719682,udp,0.0,,cs0,,63.0,,1.0,,Start,2,2,0,84,84,0,42.0,0.0,123.543854,123.543854,0.0,0,0,0,0.0,,,0.36769,0.36769,0.0,INT,,,,,0.0,0.0,0.0,0
258517,0.0,0.0,0.0,0.0,0.0,0.0,udp,0.0,,cs0,,63.0,,1.0,,Start,1,1,0,42,42,0,42.0,0.0,0.0,0.0,0.0,0,0,0,0.0,,,0.0,0.0,0.0,INT,,,,,0.0,0.0,0.0,0
258569,2.716879,2.716879,2.716879,2.716879,2.716879,2.716879,udp,0.0,,cs0,,63.0,,1.0,,Start,2,2,0,84,84,0,42.0,0.0,123.671318,123.671318,0.0,0,0,0,0.0,,,0.368069,0.368069,0.0,INT,,,,,0.0,0.0,0.0,0
258688,2.71692,2.71692,2.71692,2.71692,2.71692,2.71692,udp,0.0,,cs0,,63.0,,1.0,,Start,2,2,0,84,84,0,42.0,0.0,123.669456,123.669456,0.0,0,0,0,0.0,,,0.368064,0.368064,0.0,INT,,,,,0.0,0.0,0.0,0
258789,2.716844,2.716844,2.716844,2.716844,2.716844,2.716844,udp,0.0,,cs0,,63.0,,1.0,,Start,2,2,0,84,84,0,42.0,0.0,123.672905,123.672905,0.0,0,0,0,0.0,,,0.368074,0.368074,0.0,INT,,,,,0.0,0.0,0.0,0
258793,2.716843,2.716843,2.716843,2.716843,2.716843,2.716843,udp,0.0,,cs0,,63.0,,1.0,,Start,2,2,0,84,84,0,42.0,0.0,123.672958,123.672958,0.0,0,0,0,0.0,,,0.368074,0.368074,0.0,INT,,,,,0.0,0.0,0.0,0
258815,2.717271,2.717271,2.717271,2.717271,2.717271,2.717271,udp,0.0,,cs0,,63.0,,1.0,,Start,2,2,0,84,84,0,42.0,0.0,123.653473,123.653473,0.0,0,0,0,0.0,,,0.368016,0.368016,0.0,INT,,,,,0.0,0.0,0.0,0
258825,0.0,0.0,0.0,0.0,0.0,0.0,udp,0.0,,cs0,,63.0,,1.0,,Start,1,1,0,42,42,0,42.0,0.0,0.0,0.0,0.0,0,0,0,0.0,,,0.0,0.0,0.0,INT,,,,,0.0,0.0,0.0,0
258853,0.0,0.0,0.0,0.0,0.0,0.0,udp,0.0,,cs0,,63.0,,1.0,,Start,1,1,0,42,42,0,42.0,0.0,0.0,0.0,0.0,0,0,0,0.0,,,0.0,0.0,0.0,INT,,,,,0.0,0.0,0.0,0
258868,0.0,0.0,0.0,0.0,0.0,0.0,udp,0.0,,cs0,,63.0,,1.0,,Start,1,1,0,42,42,0,42.0,0.0,0.0,0.0,0.0,0,0,0,0.0,,,0.0,0.0,0.0,INT,,,,,0.0,0.0,0.0,0
258925,2.71691,2.71691,2.71691,2.71691,2.71691,2.71691,udp,0.0,,cs0,,63.0,,1.0,,Start,2,2,0,84,84,0,42.0,0.0,123.669907,123.669907,0.0,0,0,0,0.0,,,0.368065,0.368065,0.0,INT,,,,,0.0,0.0,0.0,0
258944,0.0,0.0,0.0,0.0,0.0,0.0,udp,0.0,,cs0,,63.0,,1.0,,Start,1,1,0,42,42,0,42.0,0.0,0.0,0.0,0.0,0,0,0,0.0,,,0.0,0.0,0.0,INT,,,,,0.0,0.0,0.0,0
259022,0.0,0.0,0.0,0.0,0.0,0.0,udp,0.0,,cs0,,63.0,,1.0,,Start,1,1,0,42,42,0,42.0,0.0,0.0,0.0,0.0,0,0,0,0.0,,,0.0,0.0,0.0,INT,,,,,0.0,0.0,0.0,0
259087,2.711206,2.711206,2.711206,2.711206,2.711206,2.711206,udp,0.0,,cs0,,63.0,,1.0,,Start,2,2,0,84,84,0,42.0,0.0,123.930092,123.930092,0.0,0,0,0,0.0,,,0.36884,0.36884,0.0,INT,,,,,0.0,0.0,0.0,0
259097,2.711189,2.711189,2.711189,2.711189,2.711189,2.711189,udp,0.0,,cs0,,63.0,,1.0,,Start,2,2,0,84,84,0,42.0,0.0,123.930862,123.930862,0.0,0,0,0,0.0,,,0.368842,0.368842,0.0,INT,,,,,0.0,0.0,0.0,0
259115,0.0,0.0,0.0,0.0,0.0,0.0,udp,0.0,,cs0,,63.0,,1.0,,Start,1,1,0,42,42,0,42.0,0.0,0.0,0.0,0.0,0,0,0,0.0,,,0.0,0.0,0.0,INT,,,,,0.0,0.0,0.0,0
259213,0.0,0.0,0.0,0.0,0.0,0.0,udp,0.0,,cs0,,63.0,,1.0,,Start,1,1,0,42,42,0,42.0,0.0,0.0,0.0,0.0,0,0,0,0.0,,,0.0,0.0,0.0,INT,,,,,0.0,0.0,0.0,0
259303,2.713222,2.713222,2.713222,2.713222,2.713222,2.713222,udp,0.0,,cs0,,63.0,,1.0,,Start,2,2,0,84,84,0,42.0,0.0,123.838005,123.838005,0.0,0,0,0,0.0,,,0.368565,0.368565,0.0,INT,,,,,0.0,0.0,0.0,0
259414,0.0,0.0,0.0,0.0,0.0,0.0,udp,0.0,,cs0,,63.0,,1.0,,Start,1,1,0,42,42,0,42.0,0.0,0.0,0.0,0.0,0,0,0,0.0,,,0.0,0.0,0.0,INT,,,,,0.0,0.0,0.0,0
259464,0.0,0.0,0.0,0.0,0.0,0.0,udp,0.0,,cs0,,63.0,,1.0,,Start,1,1,0,42,42,0,42.0,0.0,0.0,0.0,0.0,0,0,0,0.0,,,0.0,0.0,0.0,INT,,,,,0.0,0.0,0.0,0
259546,0.0,0.0,0.0,0.0,0.0,0.0,udp,0.0,,cs0,,63.0,,1.0,,Start,1,1,0,42,42,0,42.0,0.0,0.0,0.0,0.0,0,0,0,0.0,,,0.0,0.0,0.0,INT,,,,,0.0,0.0,0.0,0
259548,2.705907,2.705907,2.705907,2.705907,2.705907,2.705907,udp,0.0,,cs0,,63.0,,1.0,,Start,2,2,0,84,84,0,42.0,0.0,124.172775,124.172775,0.0,0,0,0,0.0,,,0.369562,0.369562,0.0,INT,,,,,0.0,0.0,0.0,0
259558,2.708039,2.708039,2.708039,2.708039,2.708039,2.708039,udp,0.0,,cs0,,63.0,,1.0,,Start,2,2,0,84,84,0,42.0,0.0,124.07502,124.07502,0.0,0,0,0,0.0,,,0.369271,0.369271,0.0,INT,,,,,0.0,0.0,0.0,0
259571,2.708042,2.708042,2.708042,2.708042,2.708042,2.708042,udp,0.0,,cs0,,63.0,,1.0,,Start,2,2,0,84,84,0,42.0,0.0,124.07489,124.07489,0.0,0,0,0,0.0,,,0.369271,0.369271,0.0,INT,,,,,0.0,0.0,0.0,0
259586,0.0,0.0,0.0,0.0,0.0,0.0,udp,0.0,,cs0,,63.0,,1.0,,Start,1,1,0,42,42,0,42.0,0.0,0.0,0.0,0.0,0,0,0,0.0,,,0.0,0.0,0.0,INT,,,,,0.0,0.0,0.0,0
259607,2.707918,2.707918,2.707918,2.707918,2.707918,2.707918,udp,0.0,,cs0,,63.0,,1.0,,Start,2,2,0,84,84,0,42.0,0.0,124.080566,124.080566,0.0,0,0,0,0.0,,,0.369287,0.369287,0.0,INT,,,,,0.0,0.0,0.0,0
259612,0.0,0.0,0.0,0.0,0.0,0.0,udp,0.0,,cs0,,63.0,,1.0,,Start,1,1,0,42,42,0,42.0,0.0,0.0,0.0,0.0,0,0,0,0.0,,,0.0,0.0,0.0,INT,,,,,0.0,0.0,0.0,0
259628,0.0,0.0,0.0,0.0,0.0,0.0,udp,0.0,,cs0,,63.0,,1.0,,Start,1,1,0,42,42,0,42.0,0.0,0.0,0.0,0.0,0,0,0,0.0,,,0.0,0.0,0.0,INT,,,,,0.0,0.0,0.0,0
259688,0.0,0.0,0.0,0.0,0.0,0.0,udp,0.0,,cs0,,63.0,,1.0,,Start,1,1,0,42,42,0,42.0,0.0,0.0,0.0,0.0,0,0,0,0.0,,,0.0,0.0,0.0,INT,,,,,0.0,0.0,0.0,0
259723,2.704966,2.704966,2.704966,2.704966,2.704966,2.704966,udp,0.0,,cs0,,63.0,,1.0,,Start,2,2,0,84,84,0,42.0,0.0,124.215973,124.215973,0.0,0,0,0,0.0,,,0.36969,0.36969,0.0,INT,,,,,0.0,0.0,0.0,0
259792,0.0,0.0,0.0,0.0,0.0,0.0,udp,0.0,,cs0,,63.0,,1.0,,Start,1,1,0,42,42,0,42.0,0.0,0.0,0.0,0.0,0,0,0,0.0,,,0.0,0.0,0.0,INT,,,,,0.0,0.0,0.0,0
259808,2.702117,2.702117,2.702117,2.702117,2.702117,2.702117,udp,0.0,,cs0,,63.0,,1.0,,Start,2,2,0,84,84,0,42.0,0.0,124.346947,124.346947,0.0,0,0,0,0.0,,,0.37008,0.37008,0.0,INT,,,,,0.0,0.0,0.0,0
259834,2.702159,2.702159,2.702159,2.702159,2.702159,2.702159,udp,0.0,,cs0,,63.0,,1.0,,Start,2,2,0,84,84,0,42.0,0.0,124.345016,124.345016,0.0,0,0,0,0.0,,,0.370074,0.370074,0.0,INT,,,,,0.0,0.0,0.0,0
259860,0.0,0.0,0.0,0.0,0.0,0.0,udp,0.0,,cs0,,63.0,,1.0,,Start,1,1,0,42,42,0,42.0,0.0,0.0,0.0,0.0,0,0,0,0.0,,,0.0,0.0,0.0,INT,,,,,0.0,0.0,0.0,0
259871,2.702003,2.702003,2.702003,2.702003,2.702003,2.702003,udp,0.0,,cs0,,63.0,,1.0,,Start,2,2,0,84,84,0,42.0,0.0,124.352196,124.352196,0.0,0,0,0,0.0,,,0.370096,0.370096,0.0,INT,,,,,0.0,0.0,0.0,0
259913,0.0,0.0,0.0,0.0,0.0,0.0,udp,0.0,,cs0,,63.0,,1.0,,Start,1,1,0,42,42,0,42.0,0.0,0.0,0.0,0.0,0,0,0,0.0,,,0.0,0.0,0.0,INT,,,,,0.0,0.0,0.0,0
259980,0.0,0.0,0.0,0.0,0.0,0.0,udp,0.0,,cs0,,63.0,,1.0,,Start,1,1,0,42,42,0,42.0,0.0,0.0,0.0,0.0,0,0,0,0.0,,,0.0,0.0,0.0,INT,,,,,0.0,0.0,0.0,0
259997,2.702539,2.702539,2.702539,2.702539,2.702539,2.702539,udp,0.0,,cs0,,63.0,,1.0,,Start,2,2,0,84,84,0,42.0,0.0,124.32753,124.32753,0.0,0,0,0,0.0,,,0.370022,0.370022,0.0,INT,,,,,0.0,0.0,0.0,0
260093,2.698821,2.698821,2.698821,2.698821,2.698821,2.698821,udp,0.0,,cs0,,63.0,,1.0,,Start,2,2,0,84,84,0,42.0,0.0,124.498802,124.498802,0.0,0,0,0,0.0,,,0.370532,0.370532,0.0,INT,,,,,0.0,0.0,0.0,0
260122,2.70292,2.70292,2.70292,2.70292,2.70292,2.70292,udp,0.0,,cs0,,63.0,,1.0,,Start,2,2,0,84,84,0,42.0,0.0,124.310005,124.310005,0.0,0,0,0,0.0,,,0.36997,0.36997,0.0,INT,,,,,0.0,0.0,0.0,0
260123,2.702921,2.702921,2.702921,2.702921,2.702921,2.702921,udp,0.0,,cs0,,63.0,,1.0,,Start,2,2,0,84,84,0,42.0,0.0,124.309967,124.309967,0.0,0,0,0,0.0,,,0.36997,0.36997,0.0,INT,,,,,0.0,0.0,0.0,0
260204,2.701089,2.701089,2.701089,2.701089,2.701089,2.701089,udp,0.0,,cs0,,63.0,,1.0,,Start,2,2,0,84,84,0,42.0,0.0,124.394279,124.394279,0.0,0,0,0,0.0,,,0.370221,0.370221,0.0,INT,,,,,0.0,0.0,0.0,0
260215,2.701074,2.701074,2.701074,2.701074,2.701074,2.701074,udp,0.0,,cs0,,63.0,,1.0,,Start,2,2,0,84,84,0,42.0,0.0,124.394966,124.394966,0.0,0,0,0,0.0,,,0.370223,0.370223,0.0,INT,,,,,0.0,0.0,0.0,0
260228,0.0,0.0,0.0,0.0,0.0,0.0,udp,0.0,,cs0,,63.0,,1.0,,Start,1,1,0,42,42,0,42.0,0.0,0.0,0.0,0.0,0,0,0,0.0,,,0.0,0.0,0.0,INT,,,,,0.0,0.0,0.0,0
260270,0.0,0.0,0.0,0.0,0.0,0.0,udp,0.0,,cs0,,63.0,,1.0,,Start,1,1,0,42,42,0,42.0,0.0,0.0,0.0,0.0,0,0,0,0.0,,,0.0,0.0,0.0,INT,,,,,0.0,0.0,0.0,0
260312,0.0,0.0,0.0,0.0,0.0,0.0,udp,0.0,,cs0,,63.0,,1.0,,Start,1,1,0,42,42,0,42.0,0.0,0.0,0.0,0.0,0,0,0,0.0,,,0.0,0.0,0.0,INT,,,,,0.0,0.0,0.0,0
260353,2.701005,2.701005,2.701005,2.701005,2.701005,2.701005,udp,0.0,,cs0,,63.0,,1.0,,Start,2,2,0,84,84,0,42.0,0.0,124.39814,124.39814,0.0,0,0,0,0.0,,,0.370233,0.370233,0.0,INT,,,,,0.0,0.0,0.0,0
260390,0.0,0.0,0.0,0.0,0.0,0.0,udp,0.0,,cs0,,63.0,,1.0,,Start,1,1,0,42,42,0,42.0,0.0,0.0,0.0,0.0,0,0,0,0.0,,,0.0,0.0,0.0,INT,,,,,0.0,0.0,0.0,0
260435,2.700826,2.700826,2.700826,2.700826,2.700826,2.700826,udp,0.0,,cs0,,63.0,,1.0,,Start,2,2,0,84,84,0,42.0,0.0,124.406387,124.406387,0.0,0,0,0,0.0,,,0.370257,0.370257,0.0,INT,,,,,0.0,0.0,0.0,0
260437,2.700826,2.700826,2.700826,2.700826,2.700826,2.700826,udp,0.0,,cs0,,63.0,,1.0,,Start,2,2,0,84,84,0,42.0,0.0,124.406387,124.406387,0.0,0,0,0,0.0,,,0.370257,0.370257,0.0,INT,,,,,0.0,0.0,0.0,0
260455,0.0,0.0,0.0,0.0,0.0,0.0,udp,0.0,,cs0,,63.0,,1.0,,Start,1,1,0,42,42,0,42.0,0.0,0.0,0.0,0.0,0,0,0,0.0,,,0.0,0.0,0.0,INT,,,,,0.0,0.0,0.0,0
260501,2.698998,2.698998,2.698998,2.698998,2.698998,2.698998,udp,0.0,,cs0,,63.0,,1.0,,Start,2,2,0,84,84,0,42.0,0.0,124.490646,124.490646,0.0,0,0,0,0.0,,,0.370508,0.370508,0.0,INT,,,,,0.0,0.0,0.0,0
260537,2.692261,2.692261,2.692261,2.692261,2.692261,2.692261,udp,0.0,,cs0,,63.0,,1.0,,Start,2,2,0,84,84,0,42.0,0.0,124.802162,124.802162,0.0,0,0,0,0.0,,,0.371435,0.371435,0.0,INT,,,,,0.0,0.0,0.0,0
260561,2.687414,2.687414,2.687414,2.687414,2.687414,2.687414,udp,0.0,,cs0,,63.0,,1.0,,Start,2,2,0,84,84,0,42.0,0.0,125.02726,125.02726,0.0,0,0,0,0.0,,,0.372105,0.372105,0.0,INT,,,,,0.0,0.0,0.0,0
260848,0.0,0.0,0.0,0.0,0.0,0.0,udp,0.0,,cs0,,63.0,,1.0,,Start,1,1,0,42,42,0,42.0,0.0,0.0,0.0,0.0,0,0,0,0.0,,,0.0,0.0,0.0,INT,,,,,0.0,0.0,0.0,0
260874,2.691162,2.691162,2.691162,2.691162,2.691162,2.691162,udp,0.0,,cs0,,63.0,,1.0,,Start,2,2,0,84,84,0,42.0,0.0,124.853127,124.853127,0.0,0,0,0,0.0,,,0.371587,0.371587,0.0,INT,,,,,0.0,0.0,0.0,0
260881,2.691161,2.691161,2.691161,2.691161,2.691161,2.691161,udp,0.0,,cs0,,63.0,,1.0,,Start,2,2,0,84,84,0,42.0,0.0,124.85318,124.85318,0.0,0,0,0,0.0,,,0.371587,0.371587,0.0,INT,,,,,0.0,0.0,0.0,0
260883,0.0,0.0,0.0,0.0,0.0,0.0,udp,0.0,,cs0,,63.0,,1.0,,Start,1,1,0,42,42,0,42.0,0.0,0.0,0.0,0.0,0,0,0,0.0,,,0.0,0.0,0.0,INT,,,,,0.0,0.0,0.0,0
260979,2.682757,2.682757,2.682757,2.682757,2.682757,2.682757,udp,0.0,,cs0,,63.0,,1.0,,Start,2,2,0,84,84,0,42.0,0.0,125.244293,125.244293,0.0,0,0,0,0.0,,,0.372751,0.372751,0.0,INT,,,,,0.0,0.0,0.0,0
260986,2.684404,2.684404,2.684404,2.684404,2.684404,2.684404,udp,0.0,,cs0,,63.0,,1.0,,Start,2,2,0,84,84,0,42.0,0.0,125.16745,125.16745,0.0,0,0,0,0.0,,,0.372522,0.372522,0.0,INT,,,,,0.0,0.0,0.0,0
260995,2.686681,2.686681,2.686681,2.686681,2.686681,2.686681,udp,0.0,,cs0,,63.0,,1.0,,Start,2,2,0,84,84,0,42.0,0.0,125.061363,125.061363,0.0,0,0,0,0.0,,,0.372206,0.372206,0.0,INT,,,,,0.0,0.0,0.0,0
261046,2.689357,2.689357,2.689357,2.689357,2.689357,2.689357,udp,0.0,,cs0,,63.0,,1.0,,Start,2,2,0,84,84,0,42.0,0.0,124.936928,124.936928,0.0,0,0,0,0.0,,,0.371836,0.371836,0.0,INT,,,,,0.0,0.0,0.0,0
261084,0.0,0.0,0.0,0.0,0.0,0.0,udp,0.0,,cs0,,63.0,,1.0,,Start,1,1,0,42,42,0,42.0,0.0,0.0,0.0,0.0,0,0,0,0.0,,,0.0,0.0,0.0,INT,,,,,0.0,0.0,0.0,0
261098,0.0,0.0,0.0,0.0,0.0,0.0,udp,0.0,,cs0,,63.0,,1.0,,Start,1,1,0,42,42,0,42.0,0.0,0.0,0.0,0.0,0,0,0,0.0,,,0.0,0.0,0.0,INT,,,,,0.0,0.0,0.0,0
261116,2.695042,2.695042,2.695042,2.695042,2.695042,2.695042,udp,0.0,,cs0,,63.0,,1.0,,Start,2,2,0,84,84,0,42.0,0.0,124.673386,124.673386,0.0,0,0,0,0.0,,,0.371052,0.371052,0.0,INT,,,,,0.0,0.0,0.0,0
261131,0.0,0.0,0.0,0.0,0.0,0.0,udp,0.0,,cs0,,63.0,,1.0,,Start,1,1,0,42,42,0,42.0,0.0,0.0,0.0,0.0,0,0,0,0.0,,,0.0,0.0,0.0,INT,,,,,0.0,0.0,0.0,0
261138,0.0,0.0,0.0,0.0,0.0,0.0,udp,0.0,,cs0,,63.0,,1.0,,Start,1,1,0,42,42,0,42.0,0.0,0.0,0.0,0.0,0,0,0,0.0,,,0.0,0.0,0.0,INT,,,,,0.0,0.0,0.0,0
261139,0.0,0.0,0.0,0.0,0.0,0.0,udp,0.0,,cs0,,63.0,,1.0,,Start,1,1,0,42,42,0,42.0,0.0,0.0,0.0,0.0,0,0,0,0.0,,,0.0,0.0,0.0,INT,,,,,0.0,0.0,0.0,0
261205,2.699053,2.699053,2.699053,2.699053,2.699053,2.699053,udp,0.0,,cs0,,63.0,,1.0,,Start,2,2,0,84,84,0,42.0,0.0,124.488106,124.488106,0.0,0,0,0,0.0,,,0.3705,0.3705,0.0,INT,,,,,0.0,0.0,0.0,0
261237,0.0,0.0,0.0,0.0,0.0,0.0,udp,0.0,,cs0,,63.0,,1.0,,Start,1,1,0,42,42,0,42.0,0.0,0.0,0.0,0.0,0,0,0,0.0,,,0.0,0.0,0.0,INT,,,,,0.0,0.0,0.0,0
261240,0.0,0.0,0.0,0.0,0.0,0.0,udp,0.0,,cs0,,63.0,,1.0,,Start,1,1,0,42,42,0,42.0,0.0,0.0,0.0,0.0,0,0,0,0.0,,,0.0,0.0,0.0,INT,,,,,0.0,0.0,0.0,0
261288,0.0,0.0,0.0,0.0,0.0,0.0,udp,0.0,,cs0,,63.0,,1.0,,Start,1,1,0,42,42,0,42.0,0.0,0.0,0.0,0.0,0,0,0,0.0,,,0.0,0.0,0.0,INT,,,,,0.0,0.0,0.0,0
261289,0.0,0.0,0.0,0.0,0.0,0.0,udp,0.0,,cs0,,63.0,,1.0,,Start,1,1,0,42,42,0,42.0,0.0,0.0,0.0,0.0,0,0,0,0.0,,,0.0,0.0,0.0,INT,,,,,0.0,0.0,0.0,0
261331,0.0,0.0,0.0,0.0,0.0,0.0,udp,0.0,,cs0,,63.0,,1.0,,Start,1,1,0,42,42,0,42.0,0.0,0.0,0.0,0.0,0,0,0,0.0,,,0.0,0.0,0.0,INT,,,,,0.0,0.0,0.0,0
261341,0.0,0.0,0.0,0.0,0.0,0.0,icmp,0.0,,cs0,,58.0,,6.0,,Start,1,1,0,98,98,0,98.0,0.0,0.0,0.0,0.0,0,0,0,0.0,,,0.0,0.0,0.0,ECO,,,,,0.0,0.0,0.0,0
261355,2.685114,2.685114,2.685114,2.685114,2.685114,2.685114,udp,0.0,,cs0,,63.0,,1.0,,Start,2,2,0,84,84,0,42.0,0.0,125.134354,125.134354,0.0,0,0,0,0.0,,,0.372424,0.372424,0.0,INT,,,,,0.0,0.0,0.0,0
261356,2.685114,2.685114,2.685114,2.685114,2.685114,2.685114,udp,0.0,,cs0,,63.0,,1.0,,Start,2,2,0,84,84,0,42.0,0.0,125.134354,125.134354,0.0,0,0,0,0.0,,,0.372424,0.372424,0.0,INT,,,,,0.0,0.0,0.0,0
261376,0.0,0.0,0.0,0.0,0.0,0.0,udp,0.0,,cs0,,63.0,,1.0,,Start,1,1,0,42,42,0,42.0,0.0,0.0,0.0,0.0,0,0,0,0.0,,,0.0,0.0,0.0,INT,,,,,0.0,0.0,0.0,0
261394,2.685252,2.685252,2.685252,2.685252,2.685252,2.685252,udp,0.0,,cs0,,63.0,,1.0,,Start,2,2,0,84,84,0,42.0,0.0,125.127922,125.127922,0.0,0,0,0,0.0,,,0.372405,0.372405,0.0,INT,,,,,0.0,0.0,0.0,0
261407,0.0,0.0,0.0,0.0,0.0,0.0,udp,0.0,,cs0,,63.0,,1.0,,Start,1,1,0,42,42,0,42.0,0.0,0.0,0.0,0.0,0,0,0,0.0,,,0.0,0.0,0.0,INT,,,,,0.0,0.0,0.0,0
261430,2.685126,2.685126,2.685126,2.685126,2.685126,2.685126,udp,0.0,,cs0,,63.0,,1.0,,Start,2,2,0,84,84,0,42.0,0.0,125.133789,125.133789,0.0,0,0,0,0.0,,,0.372422,0.372422,0.0,INT,,,,,0.0,0.0,0.0,0
261483,2.688767,2.688767,2.688767,2.688767,2.688767,2.688767,udp,0.0,,cs0,,63.0,,1.0,,Start,2,2,0,84,84,0,42.0,0.0,124.964348,124.964348,0.0,0,0,0,0.0,,,0.371918,0.371918,0.0,INT,,,,,0.0,0.0,0.0,0
261486,2.688761,2.688761,2.688761,2.688761,2.688761,2.688761,udp,0.0,,cs0,,63.0,,1.0,,Start,2,2,0,84,84,0,42.0,0.0,124.964622,124.964622,0.0,0,0,0,0.0,,,0.371919,0.371919,0.0,INT,,,,,0.0,0.0,0.0,0
261517,0.0,0.0,0.0,0.0,0.0,0.0,udp,0.0,,cs0,,63.0,,1.0,,Start,1,1,0,42,42,0,42.0,0.0,0.0,0.0,0.0,0,0,0,0.0,,,0.0,0.0,0.0,INT,,,,,0.0,0.0,0.0,0
261592,2.685399,2.685399,2.685399,2.685399,2.685399,2.685399,udp,0.0,,cs0,,63.0,,1.0,,Start,2,2,0,84,84,0,42.0,0.0,125.121071,125.121071,0.0,0,0,0,0.0,,,0.372384,0.372384,0.0,INT,,,,,0.0,0.0,0.0,0
261627,0.0,0.0,0.0,0.0,0.0,0.0,udp,0.0,,cs0,,63.0,,1.0,,Start,1,1,0,42,42,0,42.0,0.0,0.0,0.0,0.0,0,0,0,0.0,,,0.0,0.0,0.0,INT,,,,,0.0,0.0,0.0,0
261639,0.0,0.0,0.0,0.0,0.0,0.0,udp,0.0,,cs0,,63.0,,1.0,,Start,1,1,0,42,42,0,42.0,0.0,0.0,0.0,0.0,0,0,0,0.0,,,0.0,0.0,0.0,INT,,,,,0.0,0.0,0.0,0
261706,2.684856,2.684856,2.684856,2.684856,2.684856,2.684856,udp,0.0,,cs0,,63.0,,1.0,,Start,2,2,0,84,84,0,42.0,0.0,125.146378,125.146378,0.0,0,0,0,0.0,,,0.372459,0.372459,0.0,INT,,,,,0.0,0.0,0.0,0
261737,0.0,0.0,0.0,0.0,0.0,0.0,udp,0.0,,cs0,,63.0,,1.0,,Start,1,1,0,42,42,0,42.0,0.0,0.0,0.0,0.0,0,0,0,0.0,,,0.0,0.0,0.0,INT,,,,,0.0,0.0,0.0,0
261744,2.686214,2.686214,2.686214,2.686214,2.686214,2.686214,udp,0.0,,cs0,,63.0,,1.0,,Start,2,2,0,84,84,0,42.0,0.0,125.083115,125.083115,0.0,0,0,0,0.0,,,0.372271,0.372271,0.0,INT,,,,,0.0,0.0,0.0,0
261748,2.684962,2.684962,2.684962,2.684962,2.684962,2.684962,udp,0.0,,cs0,,63.0,,1.0,,Start,2,2,0,84,84,0,42.0,0.0,125.141434,125.141434,0.0,0,0,0,0.0,,,0.372445,0.372445,0.0,INT,,,,,0.0,0.0,0.0,0
261832,0.0,0.0,0.0,0.0,0.0,0.0,udp,0.0,,cs0,,63.0,,1.0,,Start,1,1,0,42,42,0,42.0,0.0,0.0,0.0,0.0,0,0,0,0.0,,,0.0,0.0,0.0,INT,,,,,0.0,0.0,0.0,0
261893,0.0,0.0,0.0,0.0,0.0,0.0,udp,0.0,,cs0,,63.0,,1.0,,Start,1,1,0,42,42,0,42.0,0.0,0.0,0.0,0.0,0,0,0,0.0,,,0.0,0.0,0.0,INT,,,,,0.0,0.0,0.0,0
261923,2.686202,2.686202,2.686202,2.686202,2.686202,2.686202,udp,0.0,,cs0,,63.0,,1.0,,Start,2,2,0,84,84,0,42.0,0.0,125.083664,125.083664,0.0,0,0,0,0.0,,,0.372273,0.372273,0.0,INT,,,,,0.0,0.0,0.0,0
261971,0.0,0.0,0.0,0.0,0.0,0.0,udp,0.0,,cs0,,63.0,,1.0,,Start,1,1,0,42,42,0,42.0,0.0,0.0,0.0,0.0,0,0,0,0.0,,,0.0,0.0,0.0,INT,,,,,0.0,0.0,0.0,0
261994,2.681363,2.681363,2.681363,2.681363,2.681363,2.681363,udp,0.0,,cs0,,63.0,,1.0,,Start,2,2,0,84,84,0,42.0,0.0,125.309402,125.309402,0.0,0,0,0,0.0,,,0.372945,0.372945,0.0,INT,,,,,0.0,0.0,0.0,0
262066,0.0,0.0,0.0,0.0,0.0,0.0,udp,0.0,,cs0,,63.0,,1.0,,Start,1,1,0,42,42,0,42.0,0.0,0.0,0.0,0.0,0,0,0,0.0,,,0.0,0.0,0.0,INT,,,,,0.0,0.0,0.0,0
262120,2.676936,2.676936,2.676936,2.676936,2.676936,2.676936,udp,0.0,,cs0,,63.0,,1.0,,Start,2,2,0,84,84,0,42.0,0.0,125.51664,125.51664,0.0,0,0,0,0.0,,,0.373561,0.373561,0.0,INT,,,,,0.0,0.0,0.0,0
262121,0.0,0.0,0.0,0.0,0.0,0.0,udp,0.0,,cs0,,63.0,,1.0,,Start,1,1,0,42,42,0,42.0,0.0,0.0,0.0,0.0,0,0,0,0.0,,,0.0,0.0,0.0,INT,,,,,0.0,0.0,0.0,0
262288,0.0,0.0,0.0,0.0,0.0,0.0,udp,0.0,,cs0,,63.0,,1.0,,Start,1,1,0,42,42,0,42.0,0.0,0.0,0.0,0.0,0,0,0,0.0,,,0.0,0.0,0.0,INT,,,,,0.0,0.0,0.0,0
262369,2.675057,2.675057,2.675057,2.675057,2.675057,2.675057,udp,0.0,,cs0,,63.0,,1.0,,Start,2,2,0,84,84,0,42.0,0.0,125.604805,125.604805,0.0,0,0,0,0.0,,,0.373824,0.373824,0.0,INT,,,,,0.0,0.0,0.0,0
262381,2.675133,2.675133,2.675133,2.675133,2.675133,2.675133,udp,0.0,,cs0,,63.0,,1.0,,Start,2,2,0,84,84,0,42.0,0.0,125.601234,125.601234,0.0,0,0,0,0.0,,,0.373813,0.373813,0.0,INT,,,,,0.0,0.0,0.0,0
262408,2.675029,2.675029,2.675029,2.675029,2.675029,2.675029,udp,0.0,,cs0,,63.0,,1.0,,Start,2,2,0,84,84,0,42.0,0.0,125.60611,125.60611,0.0,0,0,0,0.0,,,0.373828,0.373828,0.0,INT,,,,,0.0,0.0,0.0,0
262462,0.0,0.0,0.0,0.0,0.0,0.0,udp,0.0,,cs0,,63.0,,1.0,,Start,1,1,0,42,42,0,42.0,0.0,0.0,0.0,0.0,0,0,0,0.0,,,0.0,0.0,0.0,INT,,,,,0.0,0.0,0.0,0
262499,0.0,0.0,0.0,0.0,0.0,0.0,udp,0.0,,cs0,,63.0,,1.0,,Start,1,1,0,42,42,0,42.0,0.0,0.0,0.0,0.0,0,0,0,0.0,,,0.0,0.0,0.0,INT,,,,,0.0,0.0,0.0,0
262505,0.0,0.0,0.0,0.0,0.0,0.0,udp,0.0,,cs0,,63.0,,1.0,,Start,1,1,0,42,42,0,42.0,0.0,0.0,0.0,0.0,0,0,0,0.0,,,0.0,0.0,0.0,INT,,,,,0.0,0.0,0.0,0
262530,2.684021,2.684021,2.684021,2.684021,2.684021,2.684021,udp,0.0,,cs0,,63.0,,1.0,,Start,2,2,0,84,84,0,42.0,0.0,125.18531,125.18531,0.0,0,0,0,0.0,,,0.372575,0.372575,0.0,INT,,,,,0.0,0.0,0.0,0
262551,0.0,0.0,0.0,0.0,0.0,0.0,udp,0.0,,cs0,,63.0,,1.0,,Start,1,1,0,42,42,0,42.0,0.0,0.0,0.0,0.0,0,0,0,0.0,,,0.0,0.0,0.0,INT,,,,,0.0,0.0,0.0,0
262597,2.676021,2.676021,2.676021,2.676021,2.676021,2.676021,udp,0.0,,cs0,,63.0,,1.0,,Start,2,2,0,84,84,0,42.0,0.0,125.559547,125.559547,0.0,0,0,0,0.0,,,0.373689,0.373689,0.0,INT,,,,,0.0,0.0,0.0,0
262603,2.676963,2.676963,2.676963,2.676963,2.676963,2.676963,udp,0.0,,cs0,,63.0,,1.0,,Start,2,2,0,84,84,0,42.0,0.0,125.515366,125.515366,0.0,0,0,0,0.0,,,0.373558,0.373558,0.0,INT,,,,,0.0,0.0,0.0,0
262673,0.0,0.0,0.0,0.0,0.0,0.0,udp,0.0,,cs0,,63.0,,1.0,,Start,1,1,0,42,42,0,42.0,0.0,0.0,0.0,0.0,0,0,0,0.0,,,0.0,0.0,0.0,INT,,,,,0.0,0.0,0.0,0
262696,2.674854,2.674854,2.674854,2.674854,2.674854,2.674854,udp,0.0,,cs0,,63.0,,1.0,,Start,2,2,0,84,84,0,42.0,0.0,125.614334,125.614334,0.0,0,0,0,0.0,,,0.373852,0.373852,0.0,INT,,,,,0.0,0.0,0.0,0
262719,0.0,0.0,0.0,0.0,0.0,0.0,udp,0.0,,cs0,,63.0,,1.0,,Start,1,1,0,42,42,0,42.0,0.0,0.0,0.0,0.0,0,0,0,0.0,,,0.0,0.0,0.0,INT,,,,,0.0,0.0,0.0,0
262771,2.67491,2.67491,2.67491,2.67491,2.67491,2.67491,udp,0.0,,cs0,,63.0,,1.0,,Start,2,2,0,84,84,0,42.0,0.0,125.611702,125.611702,0.0,0,0,0,0.0,,,0.373844,0.373844,0.0,INT,,,,,0.0,0.0,0.0,0
262806,2.670378,2.670378,2.670378,2.670378,2.670378,2.670378,udp,0.0,,cs0,,63.0,,1.0,,Start,2,2,0,84,84,0,42.0,0.0,125.824883,125.824883,0.0,0,0,0,0.0,,,0.374479,0.374479,0.0,INT,,,,,0.0,0.0,0.0,0
262820,2.670787,2.670787,2.670787,2.670787,2.670787,2.670787,udp,0.0,,cs0,,63.0,,1.0,,Start,2,2,0,84,84,0,42.0,0.0,125.805611,125.805611,0.0,0,0,0,0.0,,,0.374421,0.374421,0.0,INT,,,,,0.0,0.0,0.0,0
262916,0.0,0.0,0.0,0.0,0.0,0.0,udp,0.0,,cs0,,63.0,,1.0,,Start,1,1,0,42,42,0,42.0,0.0,0.0,0.0,0.0,0,0,0,0.0,,,0.0,0.0,0.0,INT,,,,,0.0,0.0,0.0,0
262932,2.67279,2.67279,2.67279,2.67279,2.67279,2.67279,udp,0.0,,cs0,,63.0,,1.0,,Start,2,2,0,84,84,0,42.0,0.0,125.711334,125.711334,0.0,0,0,0,0.0,,,0.374141,0.374141,0.0,INT,,,,,0.0,0.0,0.0,0
263003,0.0,0.0,0.0,0.0,0.0,0.0,udp,0.0,,cs0,,63.0,,1.0,,Start,1,1,0,42,42,0,42.0,0.0,0.0,0.0,0.0,0,0,0,0.0,,,0.0,0.0,0.0,INT,,,,,0.0,0.0,0.0,0
263016,0.0,0.0,0.0,0.0,0.0,0.0,udp,0.0,,cs0,,63.0,,1.0,,Start,1,1,0,42,42,0,42.0,0.0,0.0,0.0,0.0,0,0,0,0.0,,,0.0,0.0,0.0,INT,,,,,0.0,0.0,0.0,0
263021,0.0,0.0,0.0,0.0,0.0,0.0,udp,0.0,,cs0,,63.0,,1.0,,Start,1,1,0,42,42,0,42.0,0.0,0.0,0.0,0.0,0,0,0,0.0,,,0.0,0.0,0.0,INT,,,,,0.0,0.0,0.0,0
263066,2.669746,2.669746,2.669746,2.669746,2.669746,2.669746,udp,0.0,,cs0,,63.0,,1.0,,Start,2,2,0,84,84,0,42.0,0.0,125.854675,125.854675,0.0,0,0,0,0.0,,,0.374567,0.374567,0.0,INT,,,,,0.0,0.0,0.0,0
263087,2.670337,2.670337,2.670337,2.670337,2.670337,2.670337,udp,0.0,,cs0,,63.0,,1.0,,Start,2,2,0,84,84,0,42.0,0.0,125.82682,125.82682,0.0,0,0,0,0.0,,,0.374485,0.374485,0.0,INT,,,,,0.0,0.0,0.0,0
263110,2.666074,2.666074,2.666074,2.666074,2.666074,2.666074,udp,0.0,,cs0,,63.0,,1.0,,Start,2,2,0,84,84,0,42.0,0.0,126.028008,126.028008,0.0,0,0,0,0.0,,,0.375083,0.375083,0.0,INT,,,,,0.0,0.0,0.0,0
263158,2.67063,2.67063,2.67063,2.67063,2.67063,2.67063,udp,0.0,,cs0,,63.0,,1.0,,Start,2,2,0,84,84,0,42.0,0.0,125.813011,125.813011,0.0,0,0,0,0.0,,,0.374444,0.374444,0.0,INT,,,,,0.0,0.0,0.0,0
263185,0.0,0.0,0.0,0.0,0.0,0.0,udp,0.0,,cs0,,63.0,,1.0,,Start,1,1,0,42,42,0,42.0,0.0,0.0,0.0,0.0,0,0,0,0.0,,,0.0,0.0,0.0,INT,,,,,0.0,0.0,0.0,0
263247,0.0,0.0,0.0,0.0,0.0,0.0,udp,0.0,,cs0,,63.0,,1.0,,Start,1,1,0,42,42,0,42.0,0.0,0.0,0.0,0.0,0,0,0,0.0,,,0.0,0.0,0.0,INT,,,,,0.0,0.0,0.0,0
263272,2.666846,2.666846,2.666846,2.666846,2.666846,2.666846,udp,0.0,,cs0,,63.0,,1.0,,Start,2,2,0,84,84,0,42.0,0.0,125.991524,125.991524,0.0,0,0,0,0.0,,,0.374975,0.374975,0.0,INT,,,,,0.0,0.0,0.0,0
263282,2.666845,2.666845,2.666845,2.666845,2.666845,2.666845,udp,0.0,,cs0,,63.0,,1.0,,Start,2,2,0,84,84,0,42.0,0.0,125.99157,125.99157,0.0,0,0,0,0.0,,,0.374975,0.374975,0.0,INT,,,,,0.0,0.0,0.0,0
263373,0.0,0.0,0.0,0.0,0.0,0.0,udp,0.0,,cs0,,63.0,,1.0,,Start,1,1,0,42,42,0,42.0,0.0,0.0,0.0,0.0,0,0,0,0.0,,,0.0,0.0,0.0,INT,,,,,0.0,0.0,0.0,0
263429,0.0,0.0,0.0,0.0,0.0,0.0,udp,0.0,,cs0,,63.0,,1.0,,Start,1,1,0,42,42,0,42.0,0.0,0.0,0.0,0.0,0,0,0,0.0,,,0.0,0.0,0.0,INT,,,,,0.0,0.0,0.0,0
263465,0.0,0.0,0.0,0.0,0.0,0.0,udp,0.0,,cs0,,63.0,,1.0,,Start,1,1,0,42,42,0,42.0,0.0,0.0,0.0,0.0,0,0,0,0.0,,,0.0,0.0,0.0,INT,,,,,0.0,0.0,0.0,0
263525,0.0,0.0,0.0,0.0,0.0,0.0,udp,0.0,,cs0,,63.0,,1.0,,Start,1,1,0,42,42,0,42.0,0.0,0.0,0.0,0.0,0,0,0,0.0,,,0.0,0.0,0.0,INT,,,,,0.0,0.0,0.0,0
263540,2.669032,2.669032,2.669032,2.669032,2.669032,2.669032,udp,0.0,,cs0,,63.0,,1.0,,Start,2,2,0,84,84,0,42.0,0.0,125.888336,125.888336,0.0,0,0,0,0.0,,,0.374668,0.374668,0.0,INT,,,,,0.0,0.0,0.0,0
263634,0.0,0.0,0.0,0.0,0.0,0.0,udp,0.0,,cs0,,63.0,,1.0,,Start,1,1,0,42,42,0,42.0,0.0,0.0,0.0,0.0,0,0,0,0.0,,,0.0,0.0,0.0,INT,,,,,0.0,0.0,0.0,0
263667,0.0,0.0,0.0,0.0,0.0,0.0,udp,0.0,,cs0,,63.0,,1.0,,Start,1,1,0,42,42,0,42.0,0.0,0.0,0.0,0.0,0,0,0,0.0,,,0.0,0.0,0.0,INT,,,,,0.0,0.0,0.0,0
263676,0.0,0.0,0.0,0.0,0.0,0.0,udp,0.0,,cs0,,63.0,,1.0,,Start,1,1,0,42,42,0,42.0,0.0,0.0,0.0,0.0,0,0,0,0.0,,,0.0,0.0,0.0,INT,,,,,0.0,0.0,0.0,0
263691,0.0,0.0,0.0,0.0,0.0,0.0,udp,0.0,,cs0,,63.0,,1.0,,Start,1,1,0,42,42,0,42.0,0.0,0.0,0.0,0.0,0,0,0,0.0,,,0.0,0.0,0.0,INT,,,,,0.0,0.0,0.0,0
263827,2.660796,2.660796,2.660796,2.660796,2.660796,2.660796,udp,0.0,,cs0,,63.0,,1.0,,Start,2,2,0,84,84,0,42.0,0.0,126.278008,126.278008,0.0,0,0,0,0.0,,,0.375827,0.375827,0.0,INT,,,,,0.0,0.0,0.0,0
263835,2.660795,2.660795,2.660795,2.660795,2.660795,2.660795,udp,0.0,,cs0,,63.0,,1.0,,Start,2,2,0,84,84,0,42.0,0.0,126.278053,126.278053,0.0,0,0,0,0.0,,,0.375828,0.375828,0.0,INT,,,,,0.0,0.0,0.0,0
263914,2.65975,2.65975,2.65975,2.65975,2.65975,2.65975,udp,0.0,,cs0,,63.0,,1.0,,Start,2,2,0,84,84,0,42.0,0.0,126.32766,126.32766,0.0,0,0,0,0.0,,,0.375975,0.375975,0.0,INT,,,,,0.0,0.0,0.0,0
263951,2.659778,2.659778,2.659778,2.659778,2.659778,2.659778,udp,0.0,,cs0,,63.0,,1.0,,Start,2,2,0,84,84,0,42.0,0.0,126.326324,126.326324,0.0,0,0,0,0.0,,,0.375971,0.375971,0.0,INT,,,,,0.0,0.0,0.0,0
263980,0.0,0.0,0.0,0.0,0.0,0.0,udp,0.0,,cs0,,63.0,,1.0,,Start,1,1,0,42,42,0,42.0,0.0,0.0,0.0,0.0,0,0,0,0.0,,,0.0,0.0,0.0,INT,,,,,0.0,0.0,0.0,0
263996,2.665192,2.665192,2.665192,2.665192,2.665192,2.665192,udp,0.0,,cs0,,63.0,,1.0,,Start,2,2,0,84,84,0,42.0,0.0,126.069725,126.069725,0.0,0,0,0,0.0,,,0.375208,0.375208,0.0,INT,,,,,0.0,0.0,0.0,0
264056,2.658904,2.658904,2.658904,2.658904,2.658904,2.658904,udp,0.0,,cs0,,63.0,,1.0,,Start,2,2,0,84,84,0,42.0,0.0,126.367851,126.367851,0.0,0,0,0,0.0,,,0.376095,0.376095,0.0,INT,,,,,0.0,0.0,0.0,0
264193,0.0,0.0,0.0,0.0,0.0,0.0,udp,0.0,,cs0,,63.0,,1.0,,Start,1,1,0,42,42,0,42.0,0.0,0.0,0.0,0.0,0,0,0,0.0,,,0.0,0.0,0.0,INT,,,,,0.0,0.0,0.0,0
264209,2.657964,2.657964,2.657964,2.657964,2.657964,2.657964,udp,0.0,,cs0,,63.0,,1.0,,Start,2,2,0,84,84,0,42.0,0.0,126.412544,126.412544,0.0,0,0,0,0.0,,,0.376228,0.376228,0.0,INT,,,,,0.0,0.0,0.0,0
264215,2.657956,2.657956,2.657956,2.657956,2.657956,2.657956,udp,0.0,,cs0,,63.0,,1.0,,Start,2,2,0,84,84,0,42.0,0.0,126.412933,126.412933,0.0,0,0,0,0.0,,,0.376229,0.376229,0.0,INT,,,,,0.0,0.0,0.0,0
264307,2.658932,2.658932,2.658932,2.658932,2.658932,2.658932,udp,0.0,,cs0,,63.0,,1.0,,Start,2,2,0,84,84,0,42.0,0.0,126.366524,126.366524,0.0,0,0,0,0.0,,,0.376091,0.376091,0.0,INT,,,,,0.0,0.0,0.0,0
264387,2.656197,2.656197,2.656197,2.656197,2.656197,2.656197,udp,0.0,,cs0,,63.0,,1.0,,Start,2,2,0,84,84,0,42.0,0.0,126.496635,126.496635,0.0,0,0,0,0.0,,,0.376478,0.376478,0.0,INT,,,,,0.0,0.0,0.0,0
264389,2.65519,2.65519,2.65519,2.65519,2.65519,2.65519,udp,0.0,,cs0,,63.0,,1.0,,Start,2,2,0,84,84,0,42.0,0.0,126.544617,126.544617,0.0,0,0,0,0.0,,,0.376621,0.376621,0.0,INT,,,,,0.0,0.0,0.0,0
264402,2.651982,2.651982,2.651982,2.651982,2.651982,2.651982,udp,0.0,,cs0,,63.0,,1.0,,Start,2,2,0,84,84,0,42.0,0.0,126.697693,126.697693,0.0,0,0,0,0.0,,,0.377076,0.377076,0.0,INT,,,,,0.0,0.0,0.0,0
264408,2.652029,2.652029,2.652029,2.652029,2.652029,2.652029,udp,0.0,,cs0,,63.0,,1.0,,Start,2,2,0,84,84,0,42.0,0.0,126.695442,126.695442,0.0,0,0,0,0.0,,,0.37707,0.37707,0.0,INT,,,,,0.0,0.0,0.0,0
264453,0.0,0.0,0.0,0.0,0.0,0.0,udp,0.0,,cs0,,63.0,,1.0,,Start,1,1,0,42,42,0,42.0,0.0,0.0,0.0,0.0,0,0,0,0.0,,,0.0,0.0,0.0,INT,,,,,0.0,0.0,0.0,0
264484,2.650646,2.650646,2.650646,2.650646,2.650646,2.650646,udp,0.0,,cs0,,63.0,,1.0,,Start,2,2,0,84,84,0,42.0,0.0,126.761551,126.761551,0.0,0,0,0,0.0,,,0.377267,0.377267,0.0,INT,,,,,0.0,0.0,0.0,0
264490,2.650646,2.650646,2.650646,2.650646,2.650646,2.650646,udp,0.0,,cs0,,63.0,,1.0,,Start,2,2,0,84,84,0,42.0,0.0,126.761551,126.761551,0.0,0,0,0,0.0,,,0.377267,0.377267,0.0,INT,,,,,0.0,0.0,0.0,0
264542,2.653928,2.653928,2.653928,2.653928,2.653928,2.653928,udp,0.0,,cs0,,63.0,,1.0,,Start,2,2,0,84,84,0,42.0,0.0,126.60479,126.60479,0.0,0,0,0,0.0,,,0.3768,0.3768,0.0,INT,,,,,0.0,0.0,0.0,0
264556,2.655072,2.655072,2.655072,2.655072,2.655072,2.655072,udp,0.0,,cs0,,63.0,,1.0,,Start,2,2,0,84,84,0,42.0,0.0,126.55024,126.55024,0.0,0,0,0,0.0,,,0.376638,0.376638,0.0,INT,,,,,0.0,0.0,0.0,0
264623,0.0,0.0,0.0,0.0,0.0,0.0,udp,0.0,,cs0,,63.0,,1.0,,Start,1,1,0,42,42,0,42.0,0.0,0.0,0.0,0.0,0,0,0,0.0,,,0.0,0.0,0.0,INT,,,,,0.0,0.0,0.0,0
264665,2.653093,2.653093,2.653093,2.653093,2.653093,2.653093,udp,0.0,,cs0,,63.0,,1.0,,Start,2,2,0,84,84,0,42.0,0.0,126.64463,126.64463,0.0,0,0,0,0.0,,,0.376919,0.376919,0.0,INT,,,,,0.0,0.0,0.0,0
264717,0.0,0.0,0.0,0.0,0.0,0.0,udp,0.0,,cs0,,63.0,,1.0,,Start,1,1,0,42,42,0,42.0,0.0,0.0,0.0,0.0,0,0,0,0.0,,,0.0,0.0,0.0,INT,,,,,0.0,0.0,0.0,0
264738,2.652988,2.652988,2.652988,2.652988,2.652988,2.652988,udp,0.0,,cs0,,63.0,,1.0,,Start,2,2,0,84,84,0,42.0,0.0,126.649651,126.649651,0.0,0,0,0,0.0,,,0.376933,0.376933,0.0,INT,,,,,0.0,0.0,0.0,0
264817,0.0,0.0,0.0,0.0,0.0,0.0,udp,0.0,,cs0,,63.0,,1.0,,Start,1,1,0,42,42,0,42.0,0.0,0.0,0.0,0.0,0,0,0,0.0,,,0.0,0.0,0.0,INT,,,,,0.0,0.0,0.0,0
264878,0.0,0.0,0.0,0.0,0.0,0.0,udp,0.0,,cs0,,63.0,,1.0,,Start,1,1,0,42,42,0,42.0,0.0,0.0,0.0,0.0,0,0,0,0.0,,,0.0,0.0,0.0,INT,,,,,0.0,0.0,0.0,0
264894,2.647183,2.647183,2.647183,2.647183,2.647183,2.647183,udp,0.0,,cs0,,63.0,,1.0,,Start,2,2,0,84,84,0,42.0,0.0,126.927383,126.927383,0.0,0,0,0,0.0,,,0.37776,0.37776,0.0,INT,,,,,0.0,0.0,0.0,0
264900,2.646054,2.646054,2.646054,2.646054,2.646054,2.646054,udp,0.0,,cs0,,63.0,,1.0,,Start,2,2,0,84,84,0,42.0,0.0,126.981537,126.981537,0.0,0,0,0,0.0,,,0.377921,0.377921,0.0,INT,,,,,0.0,0.0,0.0,0
264901,2.646054,2.646054,2.646054,2.646054,2.646054,2.646054,udp,0.0,,cs0,,63.0,,1.0,,Start,2,2,0,84,84,0,42.0,0.0,126.981537,126.981537,0.0,0,0,0,0.0,,,0.377921,0.377921,0.0,INT,,,,,0.0,0.0,0.0,0
264915,0.0,0.0,0.0,0.0,0.0,0.0,udp,0.0,,cs0,,63.0,,1.0,,Start,1,1,0,42,42,0,42.0,0.0,0.0,0.0,0.0,0,0,0,0.0,,,0.0,0.0,0.0,INT,,,,,0.0,0.0,0.0,0
264922,0.0,0.0,0.0,0.0,0.0,0.0,udp,0.0,,cs0,,63.0,,1.0,,Start,1,1,0,42,42,0,42.0,0.0,0.0,0.0,0.0,0,0,0,0.0,,,0.0,0.0,0.0,INT,,,,,0.0,0.0,0.0,0
264971,0.0,0.0,0.0,0.0,0.0,0.0,udp,0.0,,cs0,,63.0,,1.0,,Start,1,1,0,42,42,0,42.0,0.0,0.0,0.0,0.0,0,0,0,0.0,,,0.0,0.0,0.0,INT,,,,,0.0,0.0,0.0,0
265079,2.64523,2.64523,2.64523,2.64523,2.64523,2.64523,udp,0.0,,cs0,,63.0,,1.0,,Start,2,2,0,84,84,0,42.0,0.0,127.021088,127.021088,0.0,0,0,0,0.0,,,0.378039,0.378039,0.0,INT,,,,,0.0,0.0,0.0,0
265100,0.0,0.0,0.0,0.0,0.0,0.0,udp,0.0,,cs0,,63.0,,1.0,,Start,1,1,0,42,42,0,42.0,0.0,0.0,0.0,0.0,0,0,0,0.0,,,0.0,0.0,0.0,INT,,,,,0.0,0.0,0.0,0
265128,2.647784,2.647784,2.647784,2.647784,2.647784,2.647784,udp,0.0,,cs0,,63.0,,1.0,,Start,2,2,0,84,84,0,42.0,0.0,126.898567,126.898567,0.0,0,0,0,0.0,,,0.377674,0.377674,0.0,INT,,,,,0.0,0.0,0.0,0
265213,0.0,0.0,0.0,0.0,0.0,0.0,udp,0.0,,cs0,,63.0,,1.0,,Start,1,1,0,42,42,0,42.0,0.0,0.0,0.0,0.0,0,0,0,0.0,,,0.0,0.0,0.0,INT,,,,,0.0,0.0,0.0,0
265341,0.0,0.0,0.0,0.0,0.0,0.0,udp,0.0,,cs0,,63.0,,1.0,,Start,1,1,0,42,42,0,42.0,0.0,0.0,0.0,0.0,0,0,0,0.0,,,0.0,0.0,0.0,INT,,,,,0.0,0.0,0.0,0
265386,2.643636,2.643636,2.643636,2.643636,2.643636,2.643636,udp,0.0,,cs0,,63.0,,1.0,,Start,2,2,0,84,84,0,42.0,0.0,127.097679,127.097679,0.0,0,0,0,0.0,,,0.378267,0.378267,0.0,INT,,,,,0.0,0.0,0.0,0
265443,2.643924,2.643924,2.643924,2.643924,2.643924,2.643924,udp,0.0,,cs0,,63.0,,1.0,,Start,2,2,0,84,84,0,42.0,0.0,127.083832,127.083832,0.0,0,0,0,0.0,,,0.378226,0.378226,0.0,INT,,,,,0.0,0.0,0.0,0
265507,0.0,0.0,0.0,0.0,0.0,0.0,udp,0.0,,cs0,,63.0,,1.0,,Start,1,1,0,42,42,0,42.0,0.0,0.0,0.0,0.0,0,0,0,0.0,,,0.0,0.0,0.0,INT,,,,,0.0,0.0,0.0,0
265603,2.643902,2.643902,2.643902,2.643902,2.643902,2.643902,udp,0.0,,cs0,,63.0,,1.0,,Start,2,2,0,84,84,0,42.0,0.0,127.084892,127.084892,0.0,0,0,0,0.0,,,0.378229,0.378229,0.0,INT,,,,,0.0,0.0,0.0,0
265629,0.0,0.0,0.0,0.0,0.0,0.0,udp,0.0,,cs0,,63.0,,1.0,,Start,1,1,0,42,42,0,42.0,0.0,0.0,0.0,0.0,0,0,0,0.0,,,0.0,0.0,0.0,INT,,,,,0.0,0.0,0.0,0
265667,0.0,0.0,0.0,0.0,0.0,0.0,udp,0.0,,cs0,,63.0,,1.0,,Start,1,1,0,42,42,0,42.0,0.0,0.0,0.0,0.0,0,0,0,0.0,,,0.0,0.0,0.0,INT,,,,,0.0,0.0,0.0,0
265693,0.0,0.0,0.0,0.0,0.0,0.0,udp,0.0,,cs0,,63.0,,1.0,,Start,1,1,0,42,42,0,42.0,0.0,0.0,0.0,0.0,0,0,0,0.0,,,0.0,0.0,0.0,INT,,,,,0.0,0.0,0.0,0
265810,0.0,0.0,0.0,0.0,0.0,0.0,udp,0.0,,cs0,,63.0,,1.0,,Start,1,1,0,42,42,0,42.0,0.0,0.0,0.0,0.0,0,0,0,0.0,,,0.0,0.0,0.0,INT,,,,,0.0,0.0,0.0,0
265822,0.0,0.0,0.0,0.0,0.0,0.0,udp,0.0,,cs0,,63.0,,1.0,,Start,1,1,0,42,42,0,42.0,0.0,0.0,0.0,0.0,0,0,0,0.0,,,0.0,0.0,0.0,INT,,,,,0.0,0.0,0.0,0
265844,0.0,0.0,0.0,0.0,0.0,0.0,udp,0.0,,cs0,,63.0,,1.0,,Start,1,1,0,42,42,0,42.0,0.0,0.0,0.0,0.0,0,0,0,0.0,,,0.0,0.0,0.0,INT,,,,,0.0,0.0,0.0,0
265879,2.640224,2.640224,2.640224,2.640224,2.640224,2.640224,udp,0.0,,cs0,,63.0,,1.0,,Start,2,2,0,84,84,0,42.0,0.0,127.261932,127.261932,0.0,0,0,0,0.0,,,0.378756,0.378756,0.0,INT,,,,,0.0,0.0,0.0,0
265919,0.0,0.0,0.0,0.0,0.0,0.0,udp,0.0,,cs0,,63.0,,1.0,,Start,1,1,0,42,42,0,42.0,0.0,0.0,0.0,0.0,0,0,0,0.0,,,0.0,0.0,0.0,INT,,,,,0.0,0.0,0.0,0
266083,2.63802,2.63802,2.63802,2.63802,2.63802,2.63802,udp,0.0,,cs0,,63.0,,1.0,,Start,2,2,0,84,84,0,42.0,0.0,127.368248,127.368248,0.0,0,0,0,0.0,,,0.379072,0.379072,0.0,INT,,,,,0.0,0.0,0.0,0
266084,2.637411,2.637411,2.637411,2.637411,2.637411,2.637411,udp,0.0,,cs0,,63.0,,1.0,,Start,2,2,0,84,84,0,42.0,0.0,127.397659,127.397659,0.0,0,0,0,0.0,,,0.37916,0.37916,0.0,INT,,,,,0.0,0.0,0.0,0
266098,0.0,0.0,0.0,0.0,0.0,0.0,udp,0.0,,cs0,,63.0,,1.0,,Start,1,1,0,42,42,0,42.0,0.0,0.0,0.0,0.0,0,0,0,0.0,,,0.0,0.0,0.0,INT,,,,,0.0,0.0,0.0,0
266104,0.0,0.0,0.0,0.0,0.0,0.0,udp,0.0,,cs0,,63.0,,1.0,,Start,1,1,0,42,42,0,42.0,0.0,0.0,0.0,0.0,0,0,0,0.0,,,0.0,0.0,0.0,INT,,,,,0.0,0.0,0.0,0
266105,0.0,0.0,0.0,0.0,0.0,0.0,udp,0.0,,cs0,,63.0,,1.0,,Start,1,1,0,42,42,0,42.0,0.0,0.0,0.0,0.0,0,0,0,0.0,,,0.0,0.0,0.0,INT,,,,,0.0,0.0,0.0,0
266127,2.635714,2.635714,2.635714,2.635714,2.635714,2.635714,udp,0.0,,cs0,,63.0,,1.0,,Start,2,2,0,84,84,0,42.0,0.0,127.479683,127.479683,0.0,0,0,0,0.0,,,0.379404,0.379404,0.0,INT,,,,,0.0,0.0,0.0,0
266142,0.0,0.0,0.0,0.0,0.0,0.0,udp,0.0,,cs0,,63.0,,1.0,,Start,1,1,0,42,42,0,42.0,0.0,0.0,0.0,0.0,0,0,0,0.0,,,0.0,0.0,0.0,INT,,,,,0.0,0.0,0.0,0
266147,2.637214,2.637214,2.637214,2.637214,2.637214,2.637214,udp,0.0,,cs0,,63.0,,1.0,,Start,2,2,0,84,84,0,42.0,0.0,127.407181,127.407181,0.0,0,0,0,0.0,,,0.379188,0.379188,0.0,INT,,,,,0.0,0.0,0.0,0
266177,2.635074,2.635074,2.635074,2.635074,2.635074,2.635074,udp,0.0,,cs0,,63.0,,1.0,,Start,2,2,0,84,84,0,42.0,0.0,127.510658,127.510658,0.0,0,0,0,0.0,,,0.379496,0.379496,0.0,INT,,,,,0.0,0.0,0.0,0
266203,0.0,0.0,0.0,0.0,0.0,0.0,udp,0.0,,cs0,,63.0,,1.0,,Start,1,1,0,42,42,0,42.0,0.0,0.0,0.0,0.0,0,0,0,0.0,,,0.0,0.0,0.0,INT,,,,,0.0,0.0,0.0,0
266228,2.63844,2.63844,2.63844,2.63844,2.63844,2.63844,udp,0.0,,cs0,,63.0,,1.0,,Start,2,2,0,84,84,0,42.0,0.0,127.347984,127.347984,0.0,0,0,0,0.0,,,0.379012,0.379012,0.0,INT,,,,,0.0,0.0,0.0,0
266237,0.0,0.0,0.0,0.0,0.0,0.0,udp,0.0,,cs0,,63.0,,1.0,,Start,1,1,0,42,42,0,42.0,0.0,0.0,0.0,0.0,0,0,0,0.0,,,0.0,0.0,0.0,INT,,,,,0.0,0.0,0.0,0
266261,2.635005,2.635005,2.635005,2.635005,2.635005,2.635005,udp,0.0,,cs0,,63.0,,1.0,,Start,2,2,0,84,84,0,42.0,0.0,127.513992,127.513992,0.0,0,0,0,0.0,,,0.379506,0.379506,0.0,INT,,,,,0.0,0.0,0.0,0
266271,0.0,0.0,0.0,0.0,0.0,0.0,udp,0.0,,cs0,,63.0,,1.0,,Start,1,1,0,42,42,0,42.0,0.0,0.0,0.0,0.0,0,0,0,0.0,,,0.0,0.0,0.0,INT,,,,,0.0,0.0,0.0,0
266295,2.634785,2.634785,2.634785,2.634785,2.634785,2.634785,udp,0.0,,cs0,,63.0,,1.0,,Start,2,2,0,84,84,0,42.0,0.0,127.524643,127.524643,0.0,0,0,0,0.0,,,0.379538,0.379538,0.0,INT,,,,,0.0,0.0,0.0,0
266325,2.635062,2.635062,2.635062,2.635062,2.635062,2.635062,udp,0.0,,cs0,,63.0,,1.0,,Start,2,2,0,84,84,0,42.0,0.0,127.51123,127.51123,0.0,0,0,0,0.0,,,0.379498,0.379498,0.0,INT,,,,,0.0,0.0,0.0,0
266349,0.0,0.0,0.0,0.0,0.0,0.0,udp,0.0,,cs0,,63.0,,1.0,,Start,1,1,0,42,42,0,42.0,0.0,0.0,0.0,0.0,0,0,0,0.0,,,0.0,0.0,0.0,INT,,,,,0.0,0.0,0.0,0
266362,2.634797,2.634797,2.634797,2.634797,2.634797,2.634797,udp,0.0,,cs0,,63.0,,1.0,,Start,2,2,0,84,84,0,42.0,0.0,127.524048,127.524048,0.0,0,0,0,0.0,,,0.379536,0.379536,0.0,INT,,,,,0.0,0.0,0.0,0
266373,2.634677,2.634677,2.634677,2.634677,2.634677,2.634677,udp,0.0,,cs0,,63.0,,1.0,,Start,2,2,0,84,84,0,42.0,0.0,127.529869,127.529869,0.0,0,0,0,0.0,,,0.379553,0.379553,0.0,INT,,,,,0.0,0.0,0.0,0
266381,2.634676,2.634676,2.634676,2.634676,2.634676,2.634676,udp,0.0,,cs0,,63.0,,1.0,,Start,2,2,0,84,84,0,42.0,0.0,127.529915,127.529915,0.0,0,0,0,0.0,,,0.379553,0.379553,0.0,INT,,,,,0.0,0.0,0.0,0
266396,0.0,0.0,0.0,0.0,0.0,0.0,udp,0.0,,cs0,,63.0,,1.0,,Start,1,1,0,42,42,0,42.0,0.0,0.0,0.0,0.0,0,0,0,0.0,,,0.0,0.0,0.0,INT,,,,,0.0,0.0,0.0,0
266517,0.0,0.0,0.0,0.0,0.0,0.0,udp,0.0,,cs0,,63.0,,1.0,,Start,1,1,0,42,42,0,42.0,0.0,0.0,0.0,0.0,0,0,0,0.0,,,0.0,0.0,0.0,INT,,,,,0.0,0.0,0.0,0
266529,2.634004,2.634004,2.634004,2.634004,2.634004,2.634004,udp,0.0,,cs0,,63.0,,1.0,,Start,2,2,0,84,84,0,42.0,0.0,127.562447,127.562447,0.0,0,0,0,0.0,,,0.37965,0.37965,0.0,INT,,,,,0.0,0.0,0.0,0
266571,2.638321,2.638321,2.638321,2.638321,2.638321,2.638321,udp,0.0,,cs0,,63.0,,1.0,,Start,2,2,0,84,84,0,42.0,0.0,127.353729,127.353729,0.0,0,0,0,0.0,,,0.379029,0.379029,0.0,INT,,,,,0.0,0.0,0.0,0
266613,0.0,0.0,0.0,0.0,0.0,0.0,udp,0.0,,cs0,,63.0,,1.0,,Start,1,1,0,42,42,0,42.0,0.0,0.0,0.0,0.0,0,0,0,0.0,,,0.0,0.0,0.0,INT,,,,,0.0,0.0,0.0,0
266634,0.0,0.0,0.0,0.0,0.0,0.0,udp,0.0,,cs0,,63.0,,1.0,,Start,1,1,0,42,42,0,42.0,0.0,0.0,0.0,0.0,0,0,0,0.0,,,0.0,0.0,0.0,INT,,,,,0.0,0.0,0.0,0
266657,2.627768,2.627768,2.627768,2.627768,2.627768,2.627768,udp,0.0,,cs0,,63.0,,1.0,,Start,2,2,0,84,84,0,42.0,0.0,127.865166,127.865166,0.0,0,0,0,0.0,,,0.380551,0.380551,0.0,INT,,,,,0.0,0.0,0.0,0
266708,0.0,0.0,0.0,0.0,0.0,0.0,udp,0.0,,cs0,,63.0,,1.0,,Start,1,1,0,42,42,0,42.0,0.0,0.0,0.0,0.0,0,0,0,0.0,,,0.0,0.0,0.0,INT,,,,,0.0,0.0,0.0,0
266726,0.0,0.0,0.0,0.0,0.0,0.0,udp,0.0,,cs0,,63.0,,1.0,,Start,1,1,0,42,42,0,42.0,0.0,0.0,0.0,0.0,0,0,0,0.0,,,0.0,0.0,0.0,INT,,,,,0.0,0.0,0.0,0
266825,2.626752,2.626752,2.626752,2.626752,2.626752,2.626752,udp,0.0,,cs0,,63.0,,1.0,,Start,2,2,0,84,84,0,42.0,0.0,127.914635,127.914635,0.0,0,0,0,0.0,,,0.380698,0.380698,0.0,INT,,,,,0.0,0.0,0.0,0
266827,2.627785,2.627785,2.627785,2.627785,2.627785,2.627785,udp,0.0,,cs0,,63.0,,1.0,,Start,2,2,0,84,84,0,42.0,0.0,127.864342,127.864342,0.0,0,0,0,0.0,,,0.380549,0.380549,0.0,INT,,,,,0.0,0.0,0.0,0
266838,2.630021,2.630021,2.630021,2.630021,2.630021,2.630021,udp,0.0,,cs0,,63.0,,1.0,,Start,2,2,0,84,84,0,42.0,0.0,127.75563,127.75563,0.0,0,0,0,0.0,,,0.380225,0.380225,0.0,INT,,,,,0.0,0.0,0.0,0
266842,0.0,0.0,0.0,0.0,0.0,0.0,udp,0.0,,cs0,,63.0,,1.0,,Start,1,1,0,42,42,0,42.0,0.0,0.0,0.0,0.0,0,0,0,0.0,,,0.0,0.0,0.0,INT,,,,,0.0,0.0,0.0,0
266949,2.620952,2.620952,2.620952,2.620952,2.620952,2.620952,udp,0.0,,cs0,,63.0,,1.0,,Start,2,2,0,84,84,0,42.0,0.0,128.197693,128.197693,0.0,0,0,0,0.0,,,0.381541,0.381541,0.0,INT,,,,,0.0,0.0,0.0,0
267006,2.62415,2.62415,2.62415,2.62415,2.62415,2.62415,udp,0.0,,cs0,,63.0,,1.0,,Start,2,2,0,84,84,0,42.0,0.0,128.041458,128.041458,0.0,0,0,0,0.0,,,0.381076,0.381076,0.0,INT,,,,,0.0,0.0,0.0,0
267024,0.0,0.0,0.0,0.0,0.0,0.0,udp,0.0,,cs0,,63.0,,1.0,,Start,1,1,0,42,42,0,42.0,0.0,0.0,0.0,0.0,0,0,0,0.0,,,0.0,0.0,0.0,INT,,,,,0.0,0.0,0.0,0
267059,0.0,0.0,0.0,0.0,0.0,0.0,udp,0.0,,cs0,,63.0,,1.0,,Start,1,1,0,42,42,0,42.0,0.0,0.0,0.0,0.0,0,0,0,0.0,,,0.0,0.0,0.0,INT,,,,,0.0,0.0,0.0,0
267082,0.0,0.0,0.0,0.0,0.0,0.0,udp,0.0,,cs0,,63.0,,1.0,,Start,1,1,0,42,42,0,42.0,0.0,0.0,0.0,0.0,0,0,0,0.0,,,0.0,0.0,0.0,INT,,,,,0.0,0.0,0.0,0
267091,0.0,0.0,0.0,0.0,0.0,0.0,udp,0.0,,cs0,,63.0,,1.0,,Start,1,1,0,42,42,0,42.0,0.0,0.0,0.0,0.0,0,0,0,0.0,,,0.0,0.0,0.0,INT,,,,,0.0,0.0,0.0,0
267096,0.0,0.0,0.0,0.0,0.0,0.0,udp,0.0,,cs0,,63.0,,1.0,,Start,1,1,0,42,42,0,42.0,0.0,0.0,0.0,0.0,0,0,0,0.0,,,0.0,0.0,0.0,INT,,,,,0.0,0.0,0.0,0
267148,2.623968,2.623968,2.623968,2.623968,2.623968,2.623968,udp,0.0,,cs0,,63.0,,1.0,,Start,2,2,0,84,84,0,42.0,0.0,128.050354,128.050354,0.0,0,0,0,0.0,,,0.381102,0.381102,0.0,INT,,,,,0.0,0.0,0.0,0
267232,0.0,0.0,0.0,0.0,0.0,0.0,udp,0.0,,cs0,,63.0,,1.0,,Start,1,1,0,42,42,0,42.0,0.0,0.0,0.0,0.0,0,0,0,0.0,,,0.0,0.0,0.0,INT,,,,,0.0,0.0,0.0,0
267344,0.0,0.0,0.0,0.0,0.0,0.0,udp,0.0,,cs0,,63.0,,1.0,,Start,1,1,0,42,42,0,42.0,0.0,0.0,0.0,0.0,0,0,0,0.0,,,0.0,0.0,0.0,INT,,,,,0.0,0.0,0.0,0
267428,0.0,0.0,0.0,0.0,0.0,0.0,udp,0.0,,cs0,,63.0,,1.0,,Start,1,1,0,42,42,0,42.0,0.0,0.0,0.0,0.0,0,0,0,0.0,,,0.0,0.0,0.0,INT,,,,,0.0,0.0,0.0,0
267443,2.619969,2.619969,2.619969,2.619969,2.619969,2.619969,udp,0.0,,cs0,,63.0,,1.0,,Start,2,2,0,84,84,0,42.0,0.0,128.245804,128.245804,0.0,0,0,0,0.0,,,0.381684,0.381684,0.0,INT,,,,,0.0,0.0,0.0,0
267519,0.0,0.0,0.0,0.0,0.0,0.0,udp,0.0,,cs0,,63.0,,1.0,,Start,1,1,0,42,42,0,42.0,0.0,0.0,0.0,0.0,0,0,0,0.0,,,0.0,0.0,0.0,INT,,,,,0.0,0.0,0.0,0
267525,2.61779,2.61779,2.61779,2.61779,2.61779,2.61779,udp,0.0,,cs0,,63.0,,1.0,,Start,2,2,0,84,84,0,42.0,0.0,128.352539,128.352539,0.0,0,0,0,0.0,,,0.382002,0.382002,0.0,INT,,,,,0.0,0.0,0.0,0
267545,0.0,0.0,0.0,0.0,0.0,0.0,udp,0.0,,cs0,,63.0,,1.0,,Start,1,1,0,42,42,0,42.0,0.0,0.0,0.0,0.0,0,0,0,0.0,,,0.0,0.0,0.0,INT,,,,,0.0,0.0,0.0,0
267571,0.0,0.0,0.0,0.0,0.0,0.0,udp,0.0,,cs0,,63.0,,1.0,,Start,1,1,0,42,42,0,42.0,0.0,0.0,0.0,0.0,0,0,0,0.0,,,0.0,0.0,0.0,INT,,,,,0.0,0.0,0.0,0
267655,2.61331,2.61331,2.61331,2.61331,2.61331,2.61331,udp,0.0,,cs0,,63.0,,1.0,,Start,2,2,0,84,84,0,42.0,0.0,128.572571,128.572571,0.0,0,0,0,0.0,,,0.382656,0.382656,0.0,INT,,,,,0.0,0.0,0.0,0
267660,2.612207,2.612207,2.612207,2.612207,2.612207,2.612207,udp,0.0,,cs0,,63.0,,1.0,,Start,2,2,0,84,84,0,42.0,0.0,128.626877,128.626877,0.0,0,0,0,0.0,,,0.382818,0.382818,0.0,INT,,,,,0.0,0.0,0.0,0
267708,2.607893,2.607893,2.607893,2.607893,2.607893,2.607893,udp,0.0,,cs0,,63.0,,1.0,,Start,2,2,0,84,84,0,42.0,0.0,128.839645,128.839645,0.0,0,0,0,0.0,,,0.383451,0.383451,0.0,INT,,,,,0.0,0.0,0.0,0
267732,0.0,0.0,0.0,0.0,0.0,0.0,udp,0.0,,cs0,,63.0,,1.0,,Start,1,1,0,42,42,0,42.0,0.0,0.0,0.0,0.0,0,0,0,0.0,,,0.0,0.0,0.0,INT,,,,,0.0,0.0,0.0,0
267750,0.0,0.0,0.0,0.0,0.0,0.0,udp,0.0,,cs0,,63.0,,1.0,,Start,1,1,0,42,42,0,42.0,0.0,0.0,0.0,0.0,0,0,0,0.0,,,0.0,0.0,0.0,INT,,,,,0.0,0.0,0.0,0
267797,2.613742,2.613742,2.613742,2.613742,2.613742,2.613742,udp,0.0,,cs0,,63.0,,1.0,,Start,2,2,0,84,84,0,42.0,0.0,128.551315,128.551315,0.0,0,0,0,0.0,,,0.382593,0.382593,0.0,INT,,,,,0.0,0.0,0.0,0
267823,2.616796,2.616796,2.616796,2.616796,2.616796,2.616796,udp,0.0,,cs0,,63.0,,1.0,,Start,2,2,0,84,84,0,42.0,0.0,128.401291,128.401291,0.0,0,0,0,0.0,,,0.382147,0.382147,0.0,INT,,,,,0.0,0.0,0.0,0
267909,2.621813,2.621813,2.621813,2.621813,2.621813,2.621813,udp,0.0,,cs0,,63.0,,1.0,,Start,2,2,0,84,84,0,42.0,0.0,128.155594,128.155594,0.0,0,0,0,0.0,,,0.381415,0.381415,0.0,INT,,,,,0.0,0.0,0.0,0
267977,0.0,0.0,0.0,0.0,0.0,0.0,udp,0.0,,cs0,,63.0,,1.0,,Start,1,1,0,42,42,0,42.0,0.0,0.0,0.0,0.0,0,0,0,0.0,,,0.0,0.0,0.0,INT,,,,,0.0,0.0,0.0,0
268006,2.613953,2.613953,2.613953,2.613953,2.613953,2.613953,udp,0.0,,cs0,,63.0,,1.0,,Start,2,2,0,84,84,0,42.0,0.0,128.540939,128.540939,0.0,0,0,0,0.0,,,0.382562,0.382562,0.0,INT,,,,,0.0,0.0,0.0,0
268136,2.613878,2.613878,2.613878,2.613878,2.613878,2.613878,udp,0.0,,cs0,,63.0,,1.0,,Start,2,2,0,84,84,0,42.0,0.0,128.544632,128.544632,0.0,0,0,0,0.0,,,0.382573,0.382573,0.0,INT,,,,,0.0,0.0,0.0,0
268184,2.609038,2.609038,2.609038,2.609038,2.609038,2.609038,udp,0.0,,cs0,,63.0,,1.0,,Start,2,2,0,84,84,0,42.0,0.0,128.783096,128.783096,0.0,0,0,0,0.0,,,0.383283,0.383283,0.0,INT,,,,,0.0,0.0,0.0,0
268229,0.0,0.0,0.0,0.0,0.0,0.0,udp,0.0,,cs0,,63.0,,1.0,,Start,1,1,0,42,42,0,42.0,0.0,0.0,0.0,0.0,0,0,0,0.0,,,0.0,0.0,0.0,INT,,,,,0.0,0.0,0.0,0
268337,0.0,0.0,0.0,0.0,0.0,0.0,udp,0.0,,cs0,,63.0,,1.0,,Start,1,1,0,42,42,0,42.0,0.0,0.0,0.0,0.0,0,0,0,0.0,,,0.0,0.0,0.0,INT,,,,,0.0,0.0,0.0,0
268346,0.0,0.0,0.0,0.0,0.0,0.0,udp,0.0,,cs0,,63.0,,1.0,,Start,1,1,0,42,42,0,42.0,0.0,0.0,0.0,0.0,0,0,0,0.0,,,0.0,0.0,0.0,INT,,,,,0.0,0.0,0.0,0
268383,0.0,0.0,0.0,0.0,0.0,0.0,udp,0.0,,cs0,,63.0,,1.0,,Start,1,1,0,42,42,0,42.0,0.0,0.0,0.0,0.0,0,0,0,0.0,,,0.0,0.0,0.0,INT,,,,,0.0,0.0,0.0,0
268401,0.0,0.0,0.0,0.0,0.0,0.0,udp,0.0,,cs0,,63.0,,1.0,,Start,1,1,0,42,42,0,42.0,0.0,0.0,0.0,0.0,0,0,0,0.0,,,0.0,0.0,0.0,INT,,,,,0.0,0.0,0.0,0
268470,2.602955,2.602955,2.602955,2.602955,2.602955,2.602955,udp,0.0,,cs0,,63.0,,1.0,,Start,2,2,0,84,84,0,42.0,0.0,129.084061,129.084061,0.0,0,0,0,0.0,,,0.384179,0.384179,0.0,INT,,,,,0.0,0.0,0.0,0
268571,2.602796,2.602796,2.602796,2.602796,2.602796,2.602796,udp,0.0,,cs0,,63.0,,1.0,,Start,2,2,0,84,84,0,42.0,0.0,129.091949,129.091949,0.0,0,0,0,0.0,,,0.384202,0.384202,0.0,INT,,,,,0.0,0.0,0.0,0
268579,2.599725,2.599725,2.599725,2.599725,2.599725,2.599725,udp,0.0,,cs0,,63.0,,1.0,,Start,2,2,0,84,84,0,42.0,0.0,129.244446,129.244446,0.0,0,0,0,0.0,,,0.384656,0.384656,0.0,INT,,,,,0.0,0.0,0.0,0
268657,2.604872,2.604872,2.604872,2.604872,2.604872,2.604872,udp,0.0,,cs0,,63.0,,1.0,,Start,2,2,0,84,84,0,42.0,0.0,128.989059,128.989059,0.0,0,0,0,0.0,,,0.383896,0.383896,0.0,INT,,,,,0.0,0.0,0.0,0
268674,2.604773,2.604773,2.604773,2.604773,2.604773,2.604773,udp,0.0,,cs0,,63.0,,1.0,,Start,2,2,0,84,84,0,42.0,0.0,128.993958,128.993958,0.0,0,0,0,0.0,,,0.383911,0.383911,0.0,INT,,,,,0.0,0.0,0.0,0
268712,0.0,0.0,0.0,0.0,0.0,0.0,udp,0.0,,cs0,,63.0,,1.0,,Start,1,1,0,42,42,0,42.0,0.0,0.0,0.0,0.0,0,0,0,0.0,,,0.0,0.0,0.0,INT,,,,,0.0,0.0,0.0,0
268728,0.0,0.0,0.0,0.0,0.0,0.0,udp,0.0,,cs0,,63.0,,1.0,,Start,1,1,0,42,42,0,42.0,0.0,0.0,0.0,0.0,0,0,0,0.0,,,0.0,0.0,0.0,INT,,,,,0.0,0.0,0.0,0
268767,0.0,0.0,0.0,0.0,0.0,0.0,udp,0.0,,cs0,,63.0,,1.0,,Start,1,1,0,42,42,0,42.0,0.0,0.0,0.0,0.0,0,0,0,0.0,,,0.0,0.0,0.0,INT,,,,,0.0,0.0,0.0,0
268770,2.604905,2.604905,2.604905,2.604905,2.604905,2.604905,udp,0.0,,cs0,,63.0,,1.0,,Start,2,2,0,84,84,0,42.0,0.0,128.987442,128.987442,0.0,0,0,0,0.0,,,0.383891,0.383891,0.0,INT,,,,,0.0,0.0,0.0,0
268785,2.602183,2.602183,2.602183,2.602183,2.602183,2.602183,udp,0.0,,cs0,,63.0,,1.0,,Start,2,2,0,84,84,0,42.0,0.0,129.122345,129.122345,0.0,0,0,0,0.0,,,0.384293,0.384293,0.0,INT,,,,,0.0,0.0,0.0,0
268884,0.0,0.0,0.0,0.0,0.0,0.0,udp,0.0,,cs0,,63.0,,1.0,,Start,1,1,0,42,42,0,42.0,0.0,0.0,0.0,0.0,0,0,0,0.0,,,0.0,0.0,0.0,INT,,,,,0.0,0.0,0.0,0
268912,2.599872,2.599872,2.599872,2.599872,2.599872,2.599872,udp,0.0,,cs0,,63.0,,1.0,,Start,2,2,0,84,84,0,42.0,0.0,129.237122,129.237122,0.0,0,0,0,0.0,,,0.384634,0.384634,0.0,INT,,,,,0.0,0.0,0.0,0
268943,0.0,0.0,0.0,0.0,0.0,0.0,udp,0.0,,cs0,,63.0,,1.0,,Start,1,1,0,42,42,0,42.0,0.0,0.0,0.0,0.0,0,0,0,0.0,,,0.0,0.0,0.0,INT,,,,,0.0,0.0,0.0,0
269012,0.0,0.0,0.0,0.0,0.0,0.0,udp,0.0,,cs0,,63.0,,1.0,,Start,1,1,0,42,42,0,42.0,0.0,0.0,0.0,0.0,0,0,0,0.0,,,0.0,0.0,0.0,INT,,,,,0.0,0.0,0.0,0
269014,0.0,0.0,0.0,0.0,0.0,0.0,udp,0.0,,cs0,,63.0,,1.0,,Start,1,1,0,42,42,0,42.0,0.0,0.0,0.0,0.0,0,0,0,0.0,,,0.0,0.0,0.0,INT,,,,,0.0,0.0,0.0,0
269016,0.0,0.0,0.0,0.0,0.0,0.0,udp,0.0,,cs0,,63.0,,1.0,,Start,1,1,0,42,42,0,42.0,0.0,0.0,0.0,0.0,0,0,0,0.0,,,0.0,0.0,0.0,INT,,,,,0.0,0.0,0.0,0
269094,0.0,0.0,0.0,0.0,0.0,0.0,udp,0.0,,cs0,,63.0,,1.0,,Start,1,1,0,42,42,0,42.0,0.0,0.0,0.0,0.0,0,0,0,0.0,,,0.0,0.0,0.0,INT,,,,,0.0,0.0,0.0,0
269152,0.0,0.0,0.0,0.0,0.0,0.0,udp,0.0,,cs0,,63.0,,1.0,,Start,1,1,0,42,42,0,42.0,0.0,0.0,0.0,0.0,0,0,0,0.0,,,0.0,0.0,0.0,INT,,,,,0.0,0.0,0.0,0
269166,2.597435,2.597435,2.597435,2.597435,2.597435,2.597435,udp,0.0,,cs0,,63.0,,1.0,,Start,2,2,0,84,84,0,42.0,0.0,129.358383,129.358383,0.0,0,0,0,0.0,,,0.384995,0.384995,0.0,INT,,,,,0.0,0.0,0.0,0
269247,2.602761,2.602761,2.602761,2.602761,2.602761,2.602761,udp,0.0,,cs0,,63.0,,1.0,,Start,2,2,0,84,84,0,42.0,0.0,129.093674,129.093674,0.0,0,0,0,0.0,,,0.384207,0.384207,0.0,INT,,,,,0.0,0.0,0.0,0
269277,0.0,0.0,0.0,0.0,0.0,0.0,udp,0.0,,cs0,,63.0,,1.0,,Start,1,1,0,42,42,0,42.0,0.0,0.0,0.0,0.0,0,0,0,0.0,,,0.0,0.0,0.0,INT,,,,,0.0,0.0,0.0,0
269281,0.0,0.0,0.0,0.0,0.0,0.0,udp,0.0,,cs0,,63.0,,1.0,,Start,1,1,0,42,42,0,42.0,0.0,0.0,0.0,0.0,0,0,0,0.0,,,0.0,0.0,0.0,INT,,,,,0.0,0.0,0.0,0
269285,0.0,0.0,0.0,0.0,0.0,0.0,udp,0.0,,cs0,,63.0,,1.0,,Start,1,1,0,42,42,0,42.0,0.0,0.0,0.0,0.0,0,0,0,0.0,,,0.0,0.0,0.0,INT,,,,,0.0,0.0,0.0,0
269305,0.0,0.0,0.0,0.0,0.0,0.0,udp,0.0,,cs0,,63.0,,1.0,,Start,1,1,0,42,42,0,42.0,0.0,0.0,0.0,0.0,0,0,0,0.0,,,0.0,0.0,0.0,INT,,,,,0.0,0.0,0.0,0
269371,2.595458,2.595458,2.595458,2.595458,2.595458,2.595458,udp,0.0,,cs0,,63.0,,1.0,,Start,2,2,0,84,84,0,42.0,0.0,129.456924,129.456924,0.0,0,0,0,0.0,,,0.385288,0.385288,0.0,INT,,,,,0.0,0.0,0.0,0
269381,0.0,0.0,0.0,0.0,0.0,0.0,udp,0.0,,cs0,,63.0,,1.0,,Start,1,1,0,42,42,0,42.0,0.0,0.0,0.0,0.0,0,0,0,0.0,,,0.0,0.0,0.0,INT,,,,,0.0,0.0,0.0,0
269421,2.596723,2.596723,2.596723,2.596723,2.596723,2.596723,udp,0.0,,cs0,,63.0,,1.0,,Start,2,2,0,84,84,0,42.0,0.0,129.393845,129.393845,0.0,0,0,0,0.0,,,0.385101,0.385101,0.0,INT,,,,,0.0,0.0,0.0,0
269451,0.0,0.0,0.0,0.0,0.0,0.0,udp,0.0,,cs0,,63.0,,1.0,,Start,1,1,0,42,42,0,42.0,0.0,0.0,0.0,0.0,0,0,0,0.0,,,0.0,0.0,0.0,INT,,,,,0.0,0.0,0.0,0
269459,0.0,0.0,0.0,0.0,0.0,0.0,udp,0.0,,cs0,,63.0,,1.0,,Start,1,1,0,42,42,0,42.0,0.0,0.0,0.0,0.0,0,0,0,0.0,,,0.0,0.0,0.0,INT,,,,,0.0,0.0,0.0,0
269472,2.594256,2.594256,2.594256,2.594256,2.594256,2.594256,udp,0.0,,cs0,,63.0,,1.0,,Start,2,2,0,84,84,0,42.0,0.0,129.516907,129.516907,0.0,0,0,0,0.0,,,0.385467,0.385467,0.0,INT,,,,,0.0,0.0,0.0,0
269591,2.588299,2.588299,2.588299,2.588299,2.588299,2.588299,udp,0.0,,cs0,,63.0,,1.0,,Start,2,2,0,84,84,0,42.0,0.0,129.814987,129.814987,0.0,0,0,0,0.0,,,0.386354,0.386354,0.0,INT,,,,,0.0,0.0,0.0,0
269593,0.0,0.0,0.0,0.0,0.0,0.0,udp,0.0,,cs0,,63.0,,1.0,,Start,1,1,0,42,42,0,42.0,0.0,0.0,0.0,0.0,0,0,0,0.0,,,0.0,0.0,0.0,INT,,,,,0.0,0.0,0.0,0
269713,2.588156,2.588156,2.588156,2.588156,2.588156,2.588156,udp,0.0,,cs0,,63.0,,1.0,,Start,2,2,0,84,84,0,42.0,0.0,129.822159,129.822159,0.0,0,0,0,0.0,,,0.386375,0.386375,0.0,INT,,,,,0.0,0.0,0.0,0
269714,2.588156,2.588156,2.588156,2.588156,2.588156,2.588156,udp,0.0,,cs0,,63.0,,1.0,,Start,2,2,0,84,84,0,42.0,0.0,129.822159,129.822159,0.0,0,0,0,0.0,,,0.386375,0.386375,0.0,INT,,,,,0.0,0.0,0.0,0
269839,0.0,0.0,0.0,0.0,0.0,0.0,udp,0.0,,cs0,,63.0,,1.0,,Start,1,1,0,42,42,0,42.0,0.0,0.0,0.0,0.0,0,0,0,0.0,,,0.0,0.0,0.0,INT,,,,,0.0,0.0,0.0,0
269843,2.59104,2.59104,2.59104,2.59104,2.59104,2.59104,udp,0.0,,cs0,,63.0,,1.0,,Start,2,2,0,84,84,0,42.0,0.0,129.677658,129.677658,0.0,0,0,0,0.0,,,0.385945,0.385945,0.0,INT,,,,,0.0,0.0,0.0,0
269852,2.591113,2.591113,2.591113,2.591113,2.591113,2.591113,udp,0.0,,cs0,,63.0,,1.0,,Start,2,2,0,84,84,0,42.0,0.0,129.673996,129.673996,0.0,0,0,0,0.0,,,0.385935,0.385935,0.0,INT,,,,,0.0,0.0,0.0,0
269878,0.0,0.0,0.0,0.0,0.0,0.0,udp,0.0,,cs0,,63.0,,1.0,,Start,1,1,0,42,42,0,42.0,0.0,0.0,0.0,0.0,0,0,0,0.0,,,0.0,0.0,0.0,INT,,,,,0.0,0.0,0.0,0
269918,0.0,0.0,0.0,0.0,0.0,0.0,udp,0.0,,cs0,,63.0,,1.0,,Start,1,1,0,42,42,0,42.0,0.0,0.0,0.0,0.0,0,0,0,0.0,,,0.0,0.0,0.0,INT,,,,,0.0,0.0,0.0,0
270160,0.0,0.0,0.0,0.0,0.0,0.0,udp,0.0,,cs0,,63.0,,1.0,,Start,1,1,0,42,42,0,42.0,0.0,0.0,0.0,0.0,0,0,0,0.0,,,0.0,0.0,0.0,INT,,,,,0.0,0.0,0.0,0
270231,2.585125,2.585125,2.585125,2.585125,2.585125,2.585125,udp,0.0,,cs0,,63.0,,1.0,,Start,2,2,0,84,84,0,42.0,0.0,129.97438,129.97438,0.0,0,0,0,0.0,,,0.386828,0.386828,0.0,INT,,,,,0.0,0.0,0.0,0
270285,0.0,0.0,0.0,0.0,0.0,0.0,udp,0.0,,cs0,,63.0,,1.0,,Start,1,1,0,42,42,0,42.0,0.0,0.0,0.0,0.0,0,0,0,0.0,,,0.0,0.0,0.0,INT,,,,,0.0,0.0,0.0,0
270326,0.0,0.0,0.0,0.0,0.0,0.0,udp,0.0,,cs0,,63.0,,1.0,,Start,1,1,0,42,42,0,42.0,0.0,0.0,0.0,0.0,0,0,0,0.0,,,0.0,0.0,0.0,INT,,,,,0.0,0.0,0.0,0
270432,2.58691,2.58691,2.58691,2.58691,2.58691,2.58691,udp,0.0,,cs0,,63.0,,1.0,,Start,2,2,0,84,84,0,42.0,0.0,129.884689,129.884689,0.0,0,0,0,0.0,,,0.386562,0.386562,0.0,INT,,,,,0.0,0.0,0.0,0
270484,2.585992,2.585992,2.585992,2.585992,2.585992,2.585992,udp,0.0,,cs0,,63.0,,1.0,,Start,2,2,0,84,84,0,42.0,0.0,129.930786,129.930786,0.0,0,0,0,0.0,,,0.386699,0.386699,0.0,INT,,,,,0.0,0.0,0.0,0
270485,2.585992,2.585992,2.585992,2.585992,2.585992,2.585992,udp,0.0,,cs0,,63.0,,1.0,,Start,2,2,0,84,84,0,42.0,0.0,129.930786,129.930786,0.0,0,0,0,0.0,,,0.386699,0.386699,0.0,INT,,,,,0.0,0.0,0.0,0
270523,0.0,0.0,0.0,0.0,0.0,0.0,udp,0.0,,cs0,,63.0,,1.0,,Start,1,1,0,42,42,0,42.0,0.0,0.0,0.0,0.0,0,0,0,0.0,,,0.0,0.0,0.0,INT,,,,,0.0,0.0,0.0,0
270561,2.582393,2.582393,2.582393,2.582393,2.582393,2.582393,udp,0.0,,cs0,,63.0,,1.0,,Start,2,2,0,84,84,0,42.0,0.0,130.111877,130.111877,0.0,0,0,0,0.0,,,0.387238,0.387238,0.0,INT,,,,,0.0,0.0,0.0,0
270602,0.0,0.0,0.0,0.0,0.0,0.0,udp,0.0,,cs0,,63.0,,1.0,,Start,1,1,0,42,42,0,42.0,0.0,0.0,0.0,0.0,0,0,0,0.0,,,0.0,0.0,0.0,INT,,,,,0.0,0.0,0.0,0
270617,0.0,0.0,0.0,0.0,0.0,0.0,udp,0.0,,cs0,,63.0,,1.0,,Start,1,1,0,42,42,0,42.0,0.0,0.0,0.0,0.0,0,0,0,0.0,,,0.0,0.0,0.0,INT,,,,,0.0,0.0,0.0,0
270695,0.0,0.0,0.0,0.0,0.0,0.0,udp,0.0,,cs0,,63.0,,1.0,,Start,1,1,0,42,42,0,42.0,0.0,0.0,0.0,0.0,0,0,0,0.0,,,0.0,0.0,0.0,INT,,,,,0.0,0.0,0.0,0
270696,2.581921,2.581921,2.581921,2.581921,2.581921,2.581921,udp,0.0,,cs0,,63.0,,1.0,,Start,2,2,0,84,84,0,42.0,0.0,130.135651,130.135651,0.0,0,0,0,0.0,,,0.387309,0.387309,0.0,INT,,,,,0.0,0.0,0.0,0
270718,2.581932,2.581932,2.581932,2.581932,2.581932,2.581932,udp,0.0,,cs0,,63.0,,1.0,,Start,2,2,0,84,84,0,42.0,0.0,130.135101,130.135101,0.0,0,0,0,0.0,,,0.387307,0.387307,0.0,INT,,,,,0.0,0.0,0.0,0
270831,2.585248,2.585248,2.585248,2.585248,2.585248,2.585248,udp,0.0,,cs0,,63.0,,1.0,,Start,2,2,0,84,84,0,42.0,0.0,129.968185,129.968185,0.0,0,0,0,0.0,,,0.38681,0.38681,0.0,INT,,,,,0.0,0.0,0.0,0
270866,2.588153,2.588153,2.588153,2.588153,2.588153,2.588153,udp,0.0,,cs0,,63.0,,1.0,,Start,2,2,0,84,84,0,42.0,0.0,129.822311,129.822311,0.0,0,0,0,0.0,,,0.386376,0.386376,0.0,INT,,,,,0.0,0.0,0.0,0
270876,2.588168,2.588168,2.588168,2.588168,2.588168,2.588168,udp,0.0,,cs0,,63.0,,1.0,,Start,2,2,0,84,84,0,42.0,0.0,129.821564,129.821564,0.0,0,0,0,0.0,,,0.386374,0.386374,0.0,INT,,,,,0.0,0.0,0.0,0
270881,2.588224,2.588224,2.588224,2.588224,2.588224,2.588224,udp,0.0,,cs0,,63.0,,1.0,,Start,2,2,0,84,84,0,42.0,0.0,129.818756,129.818756,0.0,0,0,0,0.0,,,0.386365,0.386365,0.0,INT,,,,,0.0,0.0,0.0,0
270888,2.585477,2.585477,2.585477,2.585477,2.585477,2.585477,udp,0.0,,cs0,,63.0,,1.0,,Start,2,2,0,84,84,0,42.0,0.0,129.956665,129.956665,0.0,0,0,0,0.0,,,0.386776,0.386776,0.0,INT,,,,,0.0,0.0,0.0,0
270928,0.0,0.0,0.0,0.0,0.0,0.0,udp,0.0,,cs0,,63.0,,1.0,,Start,1,1,0,42,42,0,42.0,0.0,0.0,0.0,0.0,0,0,0,0.0,,,0.0,0.0,0.0,INT,,,,,0.0,0.0,0.0,0
271112,2.589749,2.589749,2.589749,2.589749,2.589749,2.589749,udp,0.0,,cs0,,63.0,,1.0,,Start,2,2,0,84,84,0,42.0,0.0,129.742294,129.742294,0.0,0,0,0,0.0,,,0.386138,0.386138,0.0,INT,,,,,0.0,0.0,0.0,0
271150,2.588182,2.588182,2.588182,2.588182,2.588182,2.588182,udp,0.0,,cs0,,63.0,,1.0,,Start,2,2,0,84,84,0,42.0,0.0,129.820862,129.820862,0.0,0,0,0,0.0,,,0.386372,0.386372,0.0,INT,,,,,0.0,0.0,0.0,0
271271,2.5861,2.5861,2.5861,2.5861,2.5861,2.5861,udp,0.0,,cs0,,63.0,,1.0,,Start,2,2,0,84,84,0,42.0,0.0,129.925369,129.925369,0.0,0,0,0,0.0,,,0.386683,0.386683,0.0,INT,,,,,0.0,0.0,0.0,0
271302,2.583999,2.583999,2.583999,2.583999,2.583999,2.583999,udp,0.0,,cs0,,63.0,,1.0,,Start,2,2,0,84,84,0,42.0,0.0,130.031021,130.031021,0.0,0,0,0,0.0,,,0.386997,0.386997,0.0,INT,,,,,0.0,0.0,0.0,0
271357,2.590084,2.590084,2.590084,2.590084,2.590084,2.590084,udp,0.0,,cs0,,63.0,,1.0,,Start,2,2,0,84,84,0,42.0,0.0,129.725525,129.725525,0.0,0,0,0,0.0,,,0.386088,0.386088,0.0,INT,,,,,0.0,0.0,0.0,0
271389,0.0,0.0,0.0,0.0,0.0,0.0,udp,0.0,,cs0,,63.0,,1.0,,Start,1,1,0,42,42,0,42.0,0.0,0.0,0.0,0.0,0,0,0,0.0,,,0.0,0.0,0.0,INT,,,,,0.0,0.0,0.0,0
271405,0.0,0.0,0.0,0.0,0.0,0.0,udp,0.0,,cs0,,63.0,,1.0,,Start,1,1,0,42,42,0,42.0,0.0,0.0,0.0,0.0,0,0,0,0.0,,,0.0,0.0,0.0,INT,,,,,0.0,0.0,0.0,0
271433,2.585735,2.585735,2.585735,2.585735,2.585735,2.585735,udp,0.0,,cs0,,63.0,,1.0,,Start,2,2,0,84,84,0,42.0,0.0,129.94371,129.94371,0.0,0,0,0,0.0,,,0.386737,0.386737,0.0,INT,,,,,0.0,0.0,0.0,0
271437,2.58513,2.58513,2.58513,2.58513,2.58513,2.58513,udp,0.0,,cs0,,63.0,,1.0,,Start,2,2,0,84,84,0,42.0,0.0,129.974121,129.974121,0.0,0,0,0,0.0,,,0.386828,0.386828,0.0,INT,,,,,0.0,0.0,0.0,0
271441,2.584161,2.584161,2.584161,2.584161,2.584161,2.584161,udp,0.0,,cs0,,63.0,,1.0,,Start,2,2,0,84,84,0,42.0,0.0,130.022858,130.022858,0.0,0,0,0,0.0,,,0.386973,0.386973,0.0,INT,,,,,0.0,0.0,0.0,0
271445,0.0,0.0,0.0,0.0,0.0,0.0,udp,0.0,,cs0,,63.0,,1.0,,Start,1,1,0,42,42,0,42.0,0.0,0.0,0.0,0.0,0,0,0,0.0,,,0.0,0.0,0.0,INT,,,,,0.0,0.0,0.0,0
271473,2.587863,2.587863,2.587863,2.587863,2.587863,2.587863,udp,0.0,,cs0,,63.0,,1.0,,Start,2,2,0,84,84,0,42.0,0.0,129.836853,129.836853,0.0,0,0,0,0.0,,,0.386419,0.386419,0.0,INT,,,,,0.0,0.0,0.0,0
271503,0.0,0.0,0.0,0.0,0.0,0.0,udp,0.0,,cs0,,63.0,,1.0,,Start,1,1,0,42,42,0,42.0,0.0,0.0,0.0,0.0,0,0,0,0.0,,,0.0,0.0,0.0,INT,,,,,0.0,0.0,0.0,0
271674,2.583634,2.583634,2.583634,2.583634,2.583634,2.583634,udp,0.0,,cs0,,63.0,,1.0,,Start,2,2,0,84,84,0,42.0,0.0,130.049393,130.049393,0.0,0,0,0,0.0,,,0.387052,0.387052,0.0,INT,,,,,0.0,0.0,0.0,0
271700,0.0,0.0,0.0,0.0,0.0,0.0,udp,0.0,,cs0,,63.0,,1.0,,Start,1,1,0,42,42,0,42.0,0.0,0.0,0.0,0.0,0,0,0,0.0,,,0.0,0.0,0.0,INT,,,,,0.0,0.0,0.0,0
271736,0.0,0.0,0.0,0.0,0.0,0.0,udp,0.0,,cs0,,63.0,,1.0,,Start,1,1,0,42,42,0,42.0,0.0,0.0,0.0,0.0,0,0,0,0.0,,,0.0,0.0,0.0,INT,,,,,0.0,0.0,0.0,0
271752,2.589867,2.589867,2.589867,2.589867,2.589867,2.589867,udp,0.0,,cs0,,63.0,,1.0,,Start,2,2,0,84,84,0,42.0,0.0,129.736389,129.736389,0.0,0,0,0,0.0,,,0.38612,0.38612,0.0,INT,,,,,0.0,0.0,0.0,0
271762,0.0,0.0,0.0,0.0,0.0,0.0,udp,0.0,,cs0,,63.0,,1.0,,Start,1,1,0,42,42,0,42.0,0.0,0.0,0.0,0.0,0,0,0,0.0,,,0.0,0.0,0.0,INT,,,,,0.0,0.0,0.0,0
271848,0.0,0.0,0.0,0.0,0.0,0.0,udp,0.0,,cs0,,63.0,,1.0,,Start,1,1,0,42,42,0,42.0,0.0,0.0,0.0,0.0,0,0,0,0.0,,,0.0,0.0,0.0,INT,,,,,0.0,0.0,0.0,0
271850,0.0,0.0,0.0,0.0,0.0,0.0,udp,0.0,,cs0,,63.0,,1.0,,Start,1,1,0,42,42,0,42.0,0.0,0.0,0.0,0.0,0,0,0,0.0,,,0.0,0.0,0.0,INT,,,,,0.0,0.0,0.0,0
271886,0.0,0.0,0.0,0.0,0.0,0.0,udp,0.0,,cs0,,63.0,,1.0,,Start,1,1,0,42,42,0,42.0,0.0,0.0,0.0,0.0,0,0,0,0.0,,,0.0,0.0,0.0,INT,,,,,0.0,0.0,0.0,0
271887,0.0,0.0,0.0,0.0,0.0,0.0,udp,0.0,,cs0,,63.0,,1.0,,Start,1,1,0,42,42,0,42.0,0.0,0.0,0.0,0.0,0,0,0,0.0,,,0.0,0.0,0.0,INT,,,,,0.0,0.0,0.0,0
271942,0.0,0.0,0.0,0.0,0.0,0.0,udp,0.0,,cs0,,63.0,,1.0,,Start,1,1,0,42,42,0,42.0,0.0,0.0,0.0,0.0,0,0,0,0.0,,,0.0,0.0,0.0,INT,,,,,0.0,0.0,0.0,0
272023,2.58921,2.58921,2.58921,2.58921,2.58921,2.58921,udp,0.0,,cs0,,63.0,,1.0,,Start,2,2,0,84,84,0,42.0,0.0,129.769318,129.769318,0.0,0,0,0,0.0,,,0.386218,0.386218,0.0,INT,,,,,0.0,0.0,0.0,0
272027,0.0,0.0,0.0,0.0,0.0,0.0,udp,0.0,,cs0,,63.0,,1.0,,Start,1,1,0,42,42,0,42.0,0.0,0.0,0.0,0.0,0,0,0,0.0,,,0.0,0.0,0.0,INT,,,,,0.0,0.0,0.0,0
272075,0.0,0.0,0.0,0.0,0.0,0.0,udp,0.0,,cs0,,63.0,,1.0,,Start,1,1,0,42,42,0,42.0,0.0,0.0,0.0,0.0,0,0,0,0.0,,,0.0,0.0,0.0,INT,,,,,0.0,0.0,0.0,0
272123,2.5935,2.5935,2.5935,2.5935,2.5935,2.5935,udp,0.0,,cs0,,63.0,,1.0,,Start,2,2,0,84,84,0,42.0,0.0,129.554657,129.554657,0.0,0,0,0,0.0,,,0.385579,0.385579,0.0,INT,,,,,0.0,0.0,0.0,0
272133,2.593441,2.593441,2.593441,2.593441,2.593441,2.593441,udp,0.0,,cs0,,63.0,,1.0,,Start,2,2,0,84,84,0,42.0,0.0,129.557602,129.557602,0.0,0,0,0,0.0,,,0.385588,0.385588,0.0,INT,,,,,0.0,0.0,0.0,0
272162,0.0,0.0,0.0,0.0,0.0,0.0,udp,0.0,,cs0,,63.0,,1.0,,Start,1,1,0,42,42,0,42.0,0.0,0.0,0.0,0.0,0,0,0,0.0,,,0.0,0.0,0.0,INT,,,,,0.0,0.0,0.0,0
272177,2.587714,2.587714,2.587714,2.587714,2.587714,2.587714,udp,0.0,,cs0,,63.0,,1.0,,Start,2,2,0,84,84,0,42.0,0.0,129.84433,129.84433,0.0,0,0,0,0.0,,,0.386441,0.386441,0.0,INT,,,,,0.0,0.0,0.0,0
272186,2.587711,2.587711,2.587711,2.587711,2.587711,2.587711,udp,0.0,,cs0,,63.0,,1.0,,Start,2,2,0,84,84,0,42.0,0.0,129.844482,129.844482,0.0,0,0,0,0.0,,,0.386442,0.386442,0.0,INT,,,,,0.0,0.0,0.0,0
272232,2.587662,2.587662,2.587662,2.587662,2.587662,2.587662,udp,0.0,,cs0,,63.0,,1.0,,Start,2,2,0,84,84,0,42.0,0.0,129.846939,129.846939,0.0,0,0,0,0.0,,,0.386449,0.386449,0.0,INT,,,,,0.0,0.0,0.0,0
272271,0.0,0.0,0.0,0.0,0.0,0.0,udp,0.0,,cs0,,63.0,,1.0,,Start,1,1,0,42,42,0,42.0,0.0,0.0,0.0,0.0,0,0,0,0.0,,,0.0,0.0,0.0,INT,,,,,0.0,0.0,0.0,0
272290,2.587024,2.587024,2.587024,2.587024,2.587024,2.587024,udp,0.0,,cs0,,63.0,,1.0,,Start,2,2,0,84,84,0,42.0,0.0,129.878967,129.878967,0.0,0,0,0,0.0,,,0.386545,0.386545,0.0,INT,,,,,0.0,0.0,0.0,0
272300,2.587028,2.587028,2.587028,2.587028,2.587028,2.587028,udp,0.0,,cs0,,63.0,,1.0,,Start,2,2,0,84,84,0,42.0,0.0,129.878769,129.878769,0.0,0,0,0,0.0,,,0.386544,0.386544,0.0,INT,,,,,0.0,0.0,0.0,0
272344,0.0,0.0,0.0,0.0,0.0,0.0,udp,0.0,,cs0,,63.0,,1.0,,Start,1,1,0,42,42,0,42.0,0.0,0.0,0.0,0.0,0,0,0,0.0,,,0.0,0.0,0.0,INT,,,,,0.0,0.0,0.0,0
272358,2.588872,2.588872,2.588872,2.588872,2.588872,2.588872,udp,0.0,,cs0,,63.0,,1.0,,Start,2,2,0,84,84,0,42.0,0.0,129.786255,129.786255,0.0,0,0,0,0.0,,,0.386269,0.386269,0.0,INT,,,,,0.0,0.0,0.0,0
272359,0.0,0.0,0.0,0.0,0.0,0.0,udp,0.0,,cs0,,63.0,,1.0,,Start,1,1,0,42,42,0,42.0,0.0,0.0,0.0,0.0,0,0,0,0.0,,,0.0,0.0,0.0,INT,,,,,0.0,0.0,0.0,0
272362,0.0,0.0,0.0,0.0,0.0,0.0,udp,0.0,,cs0,,63.0,,1.0,,Start,1,1,0,42,42,0,42.0,0.0,0.0,0.0,0.0,0,0,0,0.0,,,0.0,0.0,0.0,INT,,,,,0.0,0.0,0.0,0
272392,0.0,0.0,0.0,0.0,0.0,0.0,udp,0.0,,cs0,,63.0,,1.0,,Start,1,1,0,42,42,0,42.0,0.0,0.0,0.0,0.0,0,0,0,0.0,,,0.0,0.0,0.0,INT,,,,,0.0,0.0,0.0,0
272425,2.586898,2.586898,2.586898,2.586898,2.586898,2.586898,udp,0.0,,cs0,,63.0,,1.0,,Start,2,2,0,84,84,0,42.0,0.0,129.885284,129.885284,0.0,0,0,0,0.0,,,0.386563,0.386563,0.0,INT,,,,,0.0,0.0,0.0,0
272463,0.0,0.0,0.0,0.0,0.0,0.0,udp,0.0,,cs0,,63.0,,1.0,,Start,1,1,0,42,42,0,42.0,0.0,0.0,0.0,0.0,0,0,0,0.0,,,0.0,0.0,0.0,INT,,,,,0.0,0.0,0.0,0
272497,2.586963,2.586963,2.586963,2.586963,2.586963,2.586963,udp,0.0,,cs0,,63.0,,1.0,,Start,2,2,0,84,84,0,42.0,0.0,129.882034,129.882034,0.0,0,0,0,0.0,,,0.386554,0.386554,0.0,INT,,,,,0.0,0.0,0.0,0
272499,0.0,0.0,0.0,0.0,0.0,0.0,udp,0.0,,cs0,,63.0,,1.0,,Start,1,1,0,42,42,0,42.0,0.0,0.0,0.0,0.0,0,0,0,0.0,,,0.0,0.0,0.0,INT,,,,,0.0,0.0,0.0,0
272548,2.587008,2.587008,2.587008,2.587008,2.587008,2.587008,udp,0.0,,cs0,,63.0,,1.0,,Start,2,2,0,84,84,0,42.0,0.0,129.879776,129.879776,0.0,0,0,0,0.0,,,0.386547,0.386547,0.0,INT,,,,,0.0,0.0,0.0,0
272637,2.584582,2.584582,2.584582,2.584582,2.584582,2.584582,udp,0.0,,cs0,,63.0,,1.0,,Start,2,2,0,84,84,0,42.0,0.0,130.001678,130.001678,0.0,0,0,0,0.0,,,0.38691,0.38691,0.0,INT,,,,,0.0,0.0,0.0,0
272763,0.0,0.0,0.0,0.0,0.0,0.0,udp,0.0,,cs0,,63.0,,1.0,,Start,1,1,0,42,42,0,42.0,0.0,0.0,0.0,0.0,0,0,0,0.0,,,0.0,0.0,0.0,INT,,,,,0.0,0.0,0.0,0
272810,0.0,0.0,0.0,0.0,0.0,0.0,udp,0.0,,cs0,,63.0,,1.0,,Start,1,1,0,42,42,0,42.0,0.0,0.0,0.0,0.0,0,0,0,0.0,,,0.0,0.0,0.0,INT,,,,,0.0,0.0,0.0,0
272820,2.5852,2.5852,2.5852,2.5852,2.5852,2.5852,udp,0.0,,cs0,,63.0,,1.0,,Start,2,2,0,84,84,0,42.0,0.0,129.970596,129.970596,0.0,0,0,0,0.0,,,0.386817,0.386817,0.0,INT,,,,,0.0,0.0,0.0,0
272832,2.585787,2.585787,2.585787,2.585787,2.585787,2.585787,udp,0.0,,cs0,,63.0,,1.0,,Start,2,2,0,84,84,0,42.0,0.0,129.941101,129.941101,0.0,0,0,0,0.0,,,0.386729,0.386729,0.0,INT,,,,,0.0,0.0,0.0,0
272843,0.0,0.0,0.0,0.0,0.0,0.0,udp,0.0,,cs0,,63.0,,1.0,,Start,1,1,0,42,42,0,42.0,0.0,0.0,0.0,0.0,0,0,0,0.0,,,0.0,0.0,0.0,INT,,,,,0.0,0.0,0.0,0
272897,0.0,0.0,0.0,0.0,0.0,0.0,udp,0.0,,cs0,,63.0,,1.0,,Start,1,1,0,42,42,0,42.0,0.0,0.0,0.0,0.0,0,0,0,0.0,,,0.0,0.0,0.0,INT,,,,,0.0,0.0,0.0,0
272957,0.0,0.0,0.0,0.0,0.0,0.0,udp,0.0,,cs0,,63.0,,1.0,,Start,1,1,0,42,42,0,42.0,0.0,0.0,0.0,0.0,0,0,0,0.0,,,0.0,0.0,0.0,INT,,,,,0.0,0.0,0.0,0
272963,0.0,0.0,0.0,0.0,0.0,0.0,udp,0.0,,cs0,,63.0,,1.0,,Start,1,1,0,42,42,0,42.0,0.0,0.0,0.0,0.0,0,0,0,0.0,,,0.0,0.0,0.0,INT,,,,,0.0,0.0,0.0,0
273012,2.586765,2.586765,2.586765,2.586765,2.586765,2.586765,udp,0.0,,cs0,,63.0,,1.0,,Start,2,2,0,84,84,0,42.0,0.0,129.891968,129.891968,0.0,0,0,0,0.0,,,0.386583,0.386583,0.0,INT,,,,,0.0,0.0,0.0,0
273016,2.587882,2.587882,2.587882,2.587882,2.587882,2.587882,udp,0.0,,cs0,,63.0,,1.0,,Start,2,2,0,84,84,0,42.0,0.0,129.835907,129.835907,0.0,0,0,0,0.0,,,0.386416,0.386416,0.0,INT,,,,,0.0,0.0,0.0,0
273052,2.587986,2.587986,2.587986,2.587986,2.587986,2.587986,udp,0.0,,cs0,,63.0,,1.0,,Start,2,2,0,84,84,0,42.0,0.0,129.830688,129.830688,0.0,0,0,0,0.0,,,0.386401,0.386401,0.0,INT,,,,,0.0,0.0,0.0,0
273075,0.0,0.0,0.0,0.0,0.0,0.0,udp,0.0,,cs0,,63.0,,1.0,,Start,1,1,0,42,42,0,42.0,0.0,0.0,0.0,0.0,0,0,0,0.0,,,0.0,0.0,0.0,INT,,,,,0.0,0.0,0.0,0
273084,2.585842,2.585842,2.585842,2.585842,2.585842,2.585842,udp,0.0,,cs0,,63.0,,1.0,,Start,2,2,0,84,84,0,42.0,0.0,129.938339,129.938339,0.0,0,0,0,0.0,,,0.386721,0.386721,0.0,INT,,,,,0.0,0.0,0.0,0
273135,2.585673,2.585673,2.585673,2.585673,2.585673,2.585673,udp,0.0,,cs0,,63.0,,1.0,,Start,2,2,0,84,84,0,42.0,0.0,129.946823,129.946823,0.0,0,0,0,0.0,,,0.386746,0.386746,0.0,INT,,,,,0.0,0.0,0.0,0
273163,0.0,0.0,0.0,0.0,0.0,0.0,udp,0.0,,cs0,,63.0,,1.0,,Start,1,1,0,42,42,0,42.0,0.0,0.0,0.0,0.0,0,0,0,0.0,,,0.0,0.0,0.0,INT,,,,,0.0,0.0,0.0,0
273271,2.583869,2.583869,2.583869,2.583869,2.583869,2.583869,udp,0.0,,cs0,,63.0,,1.0,,Start,2,2,0,84,84,0,42.0,0.0,130.037552,130.037552,0.0,0,0,0,0.0,,,0.387017,0.387017,0.0,INT,,,,,0.0,0.0,0.0,0
273320,2.586794,2.586794,2.586794,2.586794,2.586794,2.586794,udp,0.0,,cs0,,63.0,,1.0,,Start,2,2,0,84,84,0,42.0,0.0,129.890518,129.890518,0.0,0,0,0,0.0,,,0.386579,0.386579,0.0,INT,,,,,0.0,0.0,0.0,0
273332,2.586884,2.586884,2.586884,2.586884,2.586884,2.586884,udp,0.0,,cs0,,63.0,,1.0,,Start,2,2,0,84,84,0,42.0,0.0,129.885986,129.885986,0.0,0,0,0,0.0,,,0.386565,0.386565,0.0,INT,,,,,0.0,0.0,0.0,0
273346,2.586648,2.586648,2.586648,2.586648,2.586648,2.586648,udp,0.0,,cs0,,63.0,,1.0,,Start,2,2,0,84,84,0,42.0,0.0,129.897842,129.897842,0.0,0,0,0,0.0,,,0.386601,0.386601,0.0,INT,,,,,0.0,0.0,0.0,0
273351,2.586703,2.586703,2.586703,2.586703,2.586703,2.586703,udp,0.0,,cs0,,63.0,,1.0,,Start,2,2,0,84,84,0,42.0,0.0,129.895081,129.895081,0.0,0,0,0,0.0,,,0.386593,0.386593,0.0,INT,,,,,0.0,0.0,0.0,0
273382,0.0,0.0,0.0,0.0,0.0,0.0,udp,0.0,,cs0,,63.0,,1.0,,Start,1,1,0,42,42,0,42.0,0.0,0.0,0.0,0.0,0,0,0,0.0,,,0.0,0.0,0.0,INT,,,,,0.0,0.0,0.0,0
273421,2.595094,2.595094,2.595094,2.595094,2.595094,2.595094,udp,0.0,,cs0,,63.0,,1.0,,Start,2,2,0,84,84,0,42.0,0.0,129.475082,129.475082,0.0,0,0,0,0.0,,,0.385343,0.385343,0.0,INT,,,,,0.0,0.0,0.0,0
273465,0.0,0.0,0.0,0.0,0.0,0.0,udp,0.0,,cs0,,63.0,,1.0,,Start,1,1,0,42,42,0,42.0,0.0,0.0,0.0,0.0,0,0,0,0.0,,,0.0,0.0,0.0,INT,,,,,0.0,0.0,0.0,0
273519,2.58761,2.58761,2.58761,2.58761,2.58761,2.58761,udp,0.0,,cs0,,63.0,,1.0,,Start,2,2,0,84,84,0,42.0,0.0,129.849548,129.849548,0.0,0,0,0,0.0,,,0.386457,0.386457,0.0,INT,,,,,0.0,0.0,0.0,0
273568,2.58605,2.58605,2.58605,2.58605,2.58605,2.58605,udp,0.0,,cs0,,63.0,,1.0,,Start,2,2,0,84,84,0,42.0,0.0,129.927887,129.927887,0.0,0,0,0,0.0,,,0.38669,0.38669,0.0,INT,,,,,0.0,0.0,0.0,0
273638,2.585918,2.585918,2.585918,2.585918,2.585918,2.585918,udp,0.0,,cs0,,63.0,,1.0,,Start,2,2,0,84,84,0,42.0,0.0,129.934525,129.934525,0.0,0,0,0,0.0,,,0.38671,0.38671,0.0,INT,,,,,0.0,0.0,0.0,0
273656,0.0,0.0,0.0,0.0,0.0,0.0,udp,0.0,,cs0,,63.0,,1.0,,Start,1,1,0,42,42,0,42.0,0.0,0.0,0.0,0.0,0,0,0,0.0,,,0.0,0.0,0.0,INT,,,,,0.0,0.0,0.0,0
273759,2.583607,2.583607,2.583607,2.583607,2.583607,2.583607,udp,0.0,,cs0,,63.0,,1.0,,Start,2,2,0,84,84,0,42.0,0.0,130.050735,130.050735,0.0,0,0,0,0.0,,,0.387056,0.387056,0.0,INT,,,,,0.0,0.0,0.0,0
273846,2.582803,2.582803,2.582803,2.582803,2.582803,2.582803,udp,0.0,,cs0,,63.0,,1.0,,Start,2,2,0,84,84,0,42.0,0.0,130.091217,130.091217,0.0,0,0,0,0.0,,,0.387176,0.387176,0.0,INT,,,,,0.0,0.0,0.0,0
273855,0.0,0.0,0.0,0.0,0.0,0.0,udp,0.0,,cs0,,63.0,,1.0,,Start,1,1,0,42,42,0,42.0,0.0,0.0,0.0,0.0,0,0,0,0.0,,,0.0,0.0,0.0,INT,,,,,0.0,0.0,0.0,0
273857,2.58324,2.58324,2.58324,2.58324,2.58324,2.58324,udp,0.0,,cs0,,63.0,,1.0,,Start,2,2,0,84,84,0,42.0,0.0,130.069214,130.069214,0.0,0,0,0,0.0,,,0.387111,0.387111,0.0,INT,,,,,0.0,0.0,0.0,0
273938,0.0,0.0,0.0,0.0,0.0,0.0,udp,0.0,,cs0,,63.0,,1.0,,Start,1,1,0,42,42,0,42.0,0.0,0.0,0.0,0.0,0,0,0,0.0,,,0.0,0.0,0.0,INT,,,,,0.0,0.0,0.0,0
274048,2.586949,2.586949,2.586949,2.586949,2.586949,2.586949,udp,0.0,,cs0,,63.0,,1.0,,Start,2,2,0,84,84,0,42.0,0.0,129.882721,129.882721,0.0,0,0,0,0.0,,,0.386556,0.386556,0.0,INT,,,,,0.0,0.0,0.0,0
274065,2.586954,2.586954,2.586954,2.586954,2.586954,2.586954,udp,0.0,,cs0,,63.0,,1.0,,Start,2,2,0,84,84,0,42.0,0.0,129.882477,129.882477,0.0,0,0,0,0.0,,,0.386555,0.386555,0.0,INT,,,,,0.0,0.0,0.0,0
274110,2.59411,2.59411,2.59411,2.59411,2.59411,2.59411,udp,0.0,,cs0,,63.0,,1.0,,Start,2,2,0,84,84,0,42.0,0.0,129.524185,129.524185,0.0,0,0,0,0.0,,,0.385489,0.385489,0.0,INT,,,,,0.0,0.0,0.0,0
274158,2.584721,2.584721,2.584721,2.584721,2.584721,2.584721,udp,0.0,,cs0,,63.0,,1.0,,Start,2,2,0,84,84,0,42.0,0.0,129.99469,129.99469,0.0,0,0,0,0.0,,,0.386889,0.386889,0.0,INT,,,,,0.0,0.0,0.0,0
274205,0.0,0.0,0.0,0.0,0.0,0.0,udp,0.0,,cs0,,63.0,,1.0,,Start,1,1,0,42,42,0,42.0,0.0,0.0,0.0,0.0,0,0,0,0.0,,,0.0,0.0,0.0,INT,,,,,0.0,0.0,0.0,0
274220,2.584625,2.584625,2.584625,2.584625,2.584625,2.584625,udp,0.0,,cs0,,63.0,,1.0,,Start,2,2,0,84,84,0,42.0,0.0,129.999512,129.999512,0.0,0,0,0,0.0,,,0.386903,0.386903,0.0,INT,,,,,0.0,0.0,0.0,0
274240,2.585109,2.585109,2.585109,2.585109,2.585109,2.585109,udp,0.0,,cs0,,63.0,,1.0,,Start,2,2,0,84,84,0,42.0,0.0,129.975174,129.975174,0.0,0,0,0,0.0,,,0.386831,0.386831,0.0,INT,,,,,0.0,0.0,0.0,0
274332,2.595495,2.595495,2.595495,2.595495,2.595495,2.595495,udp,0.0,,cs0,,63.0,,1.0,,Start,2,2,0,84,84,0,42.0,0.0,129.455078,129.455078,0.0,0,0,0,0.0,,,0.385283,0.385283,0.0,INT,,,,,0.0,0.0,0.0,0
274335,2.594394,2.594394,2.594394,2.594394,2.594394,2.594394,udp,0.0,,cs0,,63.0,,1.0,,Start,2,2,0,84,84,0,42.0,0.0,129.51001,129.51001,0.0,0,0,0,0.0,,,0.385446,0.385446,0.0,INT,,,,,0.0,0.0,0.0,0
274338,0.0,0.0,0.0,0.0,0.0,0.0,udp,0.0,,cs0,,63.0,,1.0,,Start,1,1,0,42,42,0,42.0,0.0,0.0,0.0,0.0,0,0,0,0.0,,,0.0,0.0,0.0,INT,,,,,0.0,0.0,0.0,0
274362,0.0,0.0,0.0,0.0,0.0,0.0,udp,0.0,,cs0,,63.0,,1.0,,Start,1,1,0,42,42,0,42.0,0.0,0.0,0.0,0.0,0,0,0,0.0,,,0.0,0.0,0.0,INT,,,,,0.0,0.0,0.0,0
274425,2.584955,2.584955,2.584955,2.584955,2.584955,2.584955,udp,0.0,,cs0,,63.0,,1.0,,Start,2,2,0,84,84,0,42.0,0.0,129.982925,129.982925,0.0,0,0,0,0.0,,,0.386854,0.386854,0.0,INT,,,,,0.0,0.0,0.0,0
274444,2.586384,2.586384,2.586384,2.586384,2.586384,2.586384,udp,0.0,,cs0,,63.0,,1.0,,Start,2,2,0,84,84,0,42.0,0.0,129.911102,129.911102,0.0,0,0,0,0.0,,,0.38664,0.38664,0.0,INT,,,,,0.0,0.0,0.0,0
274456,0.0,0.0,0.0,0.0,0.0,0.0,udp,0.0,,cs0,,63.0,,1.0,,Start,1,1,0,42,42,0,42.0,0.0,0.0,0.0,0.0,0,0,0,0.0,,,0.0,0.0,0.0,INT,,,,,0.0,0.0,0.0,0
274484,2.582245,2.582245,2.582245,2.582245,2.582245,2.582245,udp,0.0,,cs0,,63.0,,1.0,,Start,2,2,0,84,84,0,42.0,0.0,130.119324,130.119324,0.0,0,0,0,0.0,,,0.38726,0.38726,0.0,INT,,,,,0.0,0.0,0.0,0
274523,2.586499,2.586499,2.586499,2.586499,2.586499,2.586499,udp,0.0,,cs0,,63.0,,1.0,,Start,2,2,0,84,84,0,42.0,0.0,129.905334,129.905334,0.0,0,0,0,0.0,,,0.386623,0.386623,0.0,INT,,,,,0.0,0.0,0.0,0
274525,2.585498,2.585498,2.585498,2.585498,2.585498,2.585498,udp,0.0,,cs0,,63.0,,1.0,,Start,2,2,0,84,84,0,42.0,0.0,129.955612,129.955612,0.0,0,0,0,0.0,,,0.386773,0.386773,0.0,INT,,,,,0.0,0.0,0.0,0
274570,0.0,0.0,0.0,0.0,0.0,0.0,udp,0.0,,cs0,,63.0,,1.0,,Start,1,1,0,42,42,0,42.0,0.0,0.0,0.0,0.0,0,0,0,0.0,,,0.0,0.0,0.0,INT,,,,,0.0,0.0,0.0,0
274604,0.0,0.0,0.0,0.0,0.0,0.0,udp,0.0,,cs0,,63.0,,1.0,,Start,1,1,0,42,42,0,42.0,0.0,0.0,0.0,0.0,0,0,0,0.0,,,0.0,0.0,0.0,INT,,,,,0.0,0.0,0.0,0
274663,0.0,0.0,0.0,0.0,0.0,0.0,udp,0.0,,cs0,,63.0,,1.0,,Start,1,1,0,42,42,0,42.0,0.0,0.0,0.0,0.0,0,0,0,0.0,,,0.0,0.0,0.0,INT,,,,,0.0,0.0,0.0,0
274738,2.585007,2.585007,2.585007,2.585007,2.585007,2.585007,udp,0.0,,cs0,,63.0,,1.0,,Start,2,2,0,84,84,0,42.0,0.0,129.980301,129.980301,0.0,0,0,0,0.0,,,0.386846,0.386846,0.0,INT,,,,,0.0,0.0,0.0,0
274744,2.585028,2.585028,2.585028,2.585028,2.585028,2.585028,udp,0.0,,cs0,,63.0,,1.0,,Start,2,2,0,84,84,0,42.0,0.0,129.979248,129.979248,0.0,0,0,0,0.0,,,0.386843,0.386843,0.0,INT,,,,,0.0,0.0,0.0,0
274753,2.580592,2.580592,2.580592,2.580592,2.580592,2.580592,udp,0.0,,cs0,,63.0,,1.0,,Start,2,2,0,84,84,0,42.0,0.0,130.202682,130.202682,0.0,0,0,0,0.0,,,0.387508,0.387508,0.0,INT,,,,,0.0,0.0,0.0,0
274778,0.0,0.0,0.0,0.0,0.0,0.0,udp,0.0,,cs0,,63.0,,1.0,,Start,1,1,0,42,42,0,42.0,0.0,0.0,0.0,0.0,0,0,0,0.0,,,0.0,0.0,0.0,INT,,,,,0.0,0.0,0.0,0
274800,2.587619,2.587619,2.587619,2.587619,2.587619,2.587619,udp,0.0,,cs0,,63.0,,1.0,,Start,2,2,0,84,84,0,42.0,0.0,129.849091,129.849091,0.0,0,0,0,0.0,,,0.386456,0.386456,0.0,INT,,,,,0.0,0.0,0.0,0
274817,0.0,0.0,0.0,0.0,0.0,0.0,udp,0.0,,cs0,,63.0,,1.0,,Start,1,1,0,42,42,0,42.0,0.0,0.0,0.0,0.0,0,0,0,0.0,,,0.0,0.0,0.0,INT,,,,,0.0,0.0,0.0,0
274877,2.583888,2.583888,2.583888,2.583888,2.583888,2.583888,udp,0.0,,cs0,,63.0,,1.0,,Start,2,2,0,84,84,0,42.0,0.0,130.036591,130.036591,0.0,0,0,0,0.0,,,0.387014,0.387014,0.0,INT,,,,,0.0,0.0,0.0,0
274880,2.583895,2.583895,2.583895,2.583895,2.583895,2.583895,udp,0.0,,cs0,,63.0,,1.0,,Start,2,2,0,84,84,0,42.0,0.0,130.03624,130.03624,0.0,0,0,0,0.0,,,0.387013,0.387013,0.0,INT,,,,,0.0,0.0,0.0,0
274917,2.581397,2.581397,2.581397,2.581397,2.581397,2.581397,udp,0.0,,cs0,,63.0,,1.0,,Start,2,2,0,84,84,0,42.0,0.0,130.162079,130.162079,0.0,0,0,0,0.0,,,0.387387,0.387387,0.0,INT,,,,,0.0,0.0,0.0,0
274918,2.581397,2.581397,2.581397,2.581397,2.581397,2.581397,udp,0.0,,cs0,,63.0,,1.0,,Start,2,2,0,84,84,0,42.0,0.0,130.162079,130.162079,0.0,0,0,0,0.0,,,0.387387,0.387387,0.0,INT,,,,,0.0,0.0,0.0,0
274919,2.582503,2.582503,2.582503,2.582503,2.582503,2.582503,udp,0.0,,cs0,,63.0,,1.0,,Start,2,2,0,84,84,0,42.0,0.0,130.106323,130.106323,0.0,0,0,0,0.0,,,0.387221,0.387221,0.0,INT,,,,,0.0,0.0,0.0,0
274959,2.581976,2.581976,2.581976,2.581976,2.581976,2.581976,udp,0.0,,cs0,,63.0,,1.0,,Start,2,2,0,84,84,0,42.0,0.0,130.132889,130.132889,0.0,0,0,0,0.0,,,0.3873,0.3873,0.0,INT,,,,,0.0,0.0,0.0,0
275070,2.58296,2.58296,2.58296,2.58296,2.58296,2.58296,udp,0.0,,cs0,,63.0,,1.0,,Start,2,2,0,84,84,0,42.0,0.0,130.083328,130.083328,0.0,0,0,0,0.0,,,0.387153,0.387153,0.0,INT,,,,,0.0,0.0,0.0,0
275074,2.582958,2.582958,2.582958,2.582958,2.582958,2.582958,udp,0.0,,cs0,,63.0,,1.0,,Start,2,2,0,84,84,0,42.0,0.0,130.08342,130.08342,0.0,0,0,0,0.0,,,0.387153,0.387153,0.0,INT,,,,,0.0,0.0,0.0,0
275142,2.593146,2.593146,2.593146,2.593146,2.593146,2.593146,udp,0.0,,cs0,,63.0,,1.0,,Start,2,2,0,84,84,0,42.0,0.0,129.572342,129.572342,0.0,0,0,0,0.0,,,0.385632,0.385632,0.0,INT,,,,,0.0,0.0,0.0,0
275149,2.592494,2.592494,2.592494,2.592494,2.592494,2.592494,udp,0.0,,cs0,,63.0,,1.0,,Start,2,2,0,84,84,0,42.0,0.0,129.604935,129.604935,0.0,0,0,0,0.0,,,0.385729,0.385729,0.0,INT,,,,,0.0,0.0,0.0,0
275166,2.591559,2.591559,2.591559,2.591559,2.591559,2.591559,udp,0.0,,cs0,,63.0,,1.0,,Start,2,2,0,84,84,0,42.0,0.0,129.651688,129.651688,0.0,0,0,0,0.0,,,0.385868,0.385868,0.0,INT,,,,,0.0,0.0,0.0,0
275229,2.582677,2.582677,2.582677,2.582677,2.582677,2.582677,udp,0.0,,cs0,,63.0,,1.0,,Start,2,2,0,84,84,0,42.0,0.0,130.09758,130.09758,0.0,0,0,0,0.0,,,0.387195,0.387195,0.0,INT,,,,,0.0,0.0,0.0,0
275261,0.0,0.0,0.0,0.0,0.0,0.0,udp,0.0,,cs0,,63.0,,1.0,,Start,1,1,0,42,42,0,42.0,0.0,0.0,0.0,0.0,0,0,0,0.0,,,0.0,0.0,0.0,INT,,,,,0.0,0.0,0.0,0
275275,2.588488,2.588488,2.588488,2.588488,2.588488,2.588488,udp,0.0,,cs0,,63.0,,1.0,,Start,2,2,0,84,84,0,42.0,0.0,129.805496,129.805496,0.0,0,0,0,0.0,,,0.386326,0.386326,0.0,INT,,,,,0.0,0.0,0.0,0
275418,0.0,0.0,0.0,0.0,0.0,0.0,udp,0.0,,cs0,,63.0,,1.0,,Start,1,1,0,42,42,0,42.0,0.0,0.0,0.0,0.0,0,0,0,0.0,,,0.0,0.0,0.0,INT,,,,,0.0,0.0,0.0,0
275500,2.583075,2.583075,2.583075,2.583075,2.583075,2.583075,udp,0.0,,cs0,,63.0,,1.0,,Start,2,2,0,84,84,0,42.0,0.0,130.077515,130.077515,0.0,0,0,0,0.0,,,0.387135,0.387135,0.0,INT,,,,,0.0,0.0,0.0,0
275510,0.0,0.0,0.0,0.0,0.0,0.0,udp,0.0,,cs0,,63.0,,1.0,,Start,1,1,0,42,42,0,42.0,0.0,0.0,0.0,0.0,0,0,0,0.0,,,0.0,0.0,0.0,INT,,,,,0.0,0.0,0.0,0
275519,2.583016,2.583016,2.583016,2.583016,2.583016,2.583016,udp,0.0,,cs0,,63.0,,1.0,,Start,2,2,0,84,84,0,42.0,0.0,130.080505,130.080505,0.0,0,0,0,0.0,,,0.387144,0.387144,0.0,INT,,,,,0.0,0.0,0.0,0
275521,2.583016,2.583016,2.583016,2.583016,2.583016,2.583016,udp,0.0,,cs0,,63.0,,1.0,,Start,2,2,0,84,84,0,42.0,0.0,130.080505,130.080505,0.0,0,0,0,0.0,,,0.387144,0.387144,0.0,INT,,,,,0.0,0.0,0.0,0
275525,2.583081,2.583081,2.583081,2.583081,2.583081,2.583081,udp,0.0,,cs0,,63.0,,1.0,,Start,2,2,0,84,84,0,42.0,0.0,130.077225,130.077225,0.0,0,0,0,0.0,,,0.387135,0.387135,0.0,INT,,,,,0.0,0.0,0.0,0
275612,2.581897,2.581897,2.581897,2.581897,2.581897,2.581897,udp,0.0,,cs0,,63.0,,1.0,,Start,2,2,0,84,84,0,42.0,0.0,130.136871,130.136871,0.0,0,0,0,0.0,,,0.387312,0.387312,0.0,INT,,,,,0.0,0.0,0.0,0
275695,2.586406,2.586406,2.586406,2.586406,2.586406,2.586406,udp,0.0,,cs0,,63.0,,1.0,,Start,2,2,0,84,84,0,42.0,0.0,129.910004,129.910004,0.0,0,0,0,0.0,,,0.386637,0.386637,0.0,INT,,,,,0.0,0.0,0.0,0
275710,2.581847,2.581847,2.581847,2.581847,2.581847,2.581847,udp,0.0,,cs0,,63.0,,1.0,,Start,2,2,0,84,84,0,42.0,0.0,130.139389,130.139389,0.0,0,0,0,0.0,,,0.38732,0.38732,0.0,INT,,,,,0.0,0.0,0.0,0
275711,2.58184,2.58184,2.58184,2.58184,2.58184,2.58184,udp,0.0,,cs0,,63.0,,1.0,,Start,2,2,0,84,84,0,42.0,0.0,130.13974,130.13974,0.0,0,0,0,0.0,,,0.387321,0.387321,0.0,INT,,,,,0.0,0.0,0.0,0
275886,0.0,0.0,0.0,0.0,0.0,0.0,udp,0.0,,cs0,,63.0,,1.0,,Start,1,1,0,42,42,0,42.0,0.0,0.0,0.0,0.0,0,0,0,0.0,,,0.0,0.0,0.0,INT,,,,,0.0,0.0,0.0,0
275893,0.0,0.0,0.0,0.0,0.0,0.0,udp,0.0,,cs0,,63.0,,1.0,,Start,1,1,0,42,42,0,42.0,0.0,0.0,0.0,0.0,0,0,0,0.0,,,0.0,0.0,0.0,INT,,,,,0.0,0.0,0.0,0
275930,2.581033,2.581033,2.581033,2.581033,2.581033,2.581033,udp,0.0,,cs0,,63.0,,1.0,,Start,2,2,0,84,84,0,42.0,0.0,130.180435,130.180435,0.0,0,0,0,0.0,,,0.387442,0.387442,0.0,INT,,,,,0.0,0.0,0.0,0
276020,2.584909,2.584909,2.584909,2.584909,2.584909,2.584909,udp,0.0,,cs0,,63.0,,1.0,,Start,2,2,0,84,84,0,42.0,0.0,129.985229,129.985229,0.0,0,0,0,0.0,,,0.386861,0.386861,0.0,INT,,,,,0.0,0.0,0.0,0
276033,2.584794,2.584794,2.584794,2.584794,2.584794,2.584794,udp,0.0,,cs0,,63.0,,1.0,,Start,2,2,0,84,84,0,42.0,0.0,129.991013,129.991013,0.0,0,0,0,0.0,,,0.386878,0.386878,0.0,INT,,,,,0.0,0.0,0.0,0
276125,2.584492,2.584492,2.584492,2.584492,2.584492,2.584492,udp,0.0,,cs0,,63.0,,1.0,,Start,2,2,0,84,84,0,42.0,0.0,130.00621,130.00621,0.0,0,0,0,0.0,,,0.386923,0.386923,0.0,INT,,,,,0.0,0.0,0.0,0
276166,2.583157,2.583157,2.583157,2.583157,2.583157,2.583157,udp,0.0,,cs0,,63.0,,1.0,,Start,2,2,0,84,84,0,42.0,0.0,130.073395,130.073395,0.0,0,0,0,0.0,,,0.387123,0.387123,0.0,INT,,,,,0.0,0.0,0.0,0
276178,2.58313,2.58313,2.58313,2.58313,2.58313,2.58313,udp,0.0,,cs0,,63.0,,1.0,,Start,2,2,0,84,84,0,42.0,0.0,130.074753,130.074753,0.0,0,0,0,0.0,,,0.387127,0.387127,0.0,INT,,,,,0.0,0.0,0.0,0
276185,0.0,0.0,0.0,0.0,0.0,0.0,udp,0.0,,cs0,,63.0,,1.0,,Start,1,1,0,42,42,0,42.0,0.0,0.0,0.0,0.0,0,0,0,0.0,,,0.0,0.0,0.0,INT,,,,,0.0,0.0,0.0,0
276190,0.0,0.0,0.0,0.0,0.0,0.0,udp,0.0,,cs0,,63.0,,1.0,,Start,1,1,0,42,42,0,42.0,0.0,0.0,0.0,0.0,0,0,0,0.0,,,0.0,0.0,0.0,INT,,,,,0.0,0.0,0.0,0
276195,0.0,0.0,0.0,0.0,0.0,0.0,udp,0.0,,cs0,,63.0,,1.0,,Start,1,1,0,42,42,0,42.0,0.0,0.0,0.0,0.0,0,0,0,0.0,,,0.0,0.0,0.0,INT,,,,,0.0,0.0,0.0,0
276251,0.0,0.0,0.0,0.0,0.0,0.0,udp,0.0,,cs0,,63.0,,1.0,,Start,1,1,0,42,42,0,42.0,0.0,0.0,0.0,0.0,0,0,0,0.0,,,0.0,0.0,0.0,INT,,,,,0.0,0.0,0.0,0
276270,2.583691,2.583691,2.583691,2.583691,2.583691,2.583691,udp,0.0,,cs0,,63.0,,1.0,,Start,2,2,0,84,84,0,42.0,0.0,130.046524,130.046524,0.0,0,0,0,0.0,,,0.387043,0.387043,0.0,INT,,,,,0.0,0.0,0.0,0
276279,2.57875,2.57875,2.57875,2.57875,2.57875,2.57875,udp,0.0,,cs0,,63.0,,1.0,,Start,2,2,0,84,84,0,42.0,0.0,130.295685,130.295685,0.0,0,0,0,0.0,,,0.387785,0.387785,0.0,INT,,,,,0.0,0.0,0.0,0
276317,2.583994,2.583994,2.583994,2.583994,2.583994,2.583994,udp,0.0,,cs0,,63.0,,1.0,,Start,2,2,0,84,84,0,42.0,0.0,130.031265,130.031265,0.0,0,0,0,0.0,,,0.386998,0.386998,0.0,INT,,,,,0.0,0.0,0.0,0
276323,2.58198,2.58198,2.58198,2.58198,2.58198,2.58198,udp,0.0,,cs0,,63.0,,1.0,,Start,2,2,0,84,84,0,42.0,0.0,130.13269,130.13269,0.0,0,0,0,0.0,,,0.3873,0.3873,0.0,INT,,,,,0.0,0.0,0.0,0
276345,0.0,0.0,0.0,0.0,0.0,0.0,udp,0.0,,cs0,,63.0,,1.0,,Start,1,1,0,42,42,0,42.0,0.0,0.0,0.0,0.0,0,0,0,0.0,,,0.0,0.0,0.0,INT,,,,,0.0,0.0,0.0,0
276398,2.582946,2.582946,2.582946,2.582946,2.582946,2.582946,udp,0.0,,cs0,,63.0,,1.0,,Start,2,2,0,84,84,0,42.0,0.0,130.084015,130.084015,0.0,0,0,0,0.0,,,0.387155,0.387155,0.0,INT,,,,,0.0,0.0,0.0,0
276496,0.0,0.0,0.0,0.0,0.0,0.0,udp,0.0,,cs0,,63.0,,1.0,,Start,1,1,0,42,42,0,42.0,0.0,0.0,0.0,0.0,0,0,0,0.0,,,0.0,0.0,0.0,INT,,,,,0.0,0.0,0.0,0
276498,0.0,0.0,0.0,0.0,0.0,0.0,udp,0.0,,cs0,,63.0,,1.0,,Start,1,1,0,42,42,0,42.0,0.0,0.0,0.0,0.0,0,0,0,0.0,,,0.0,0.0,0.0,INT,,,,,0.0,0.0,0.0,0
276559,0.0,0.0,0.0,0.0,0.0,0.0,udp,0.0,,cs0,,63.0,,1.0,,Start,1,1,0,42,42,0,42.0,0.0,0.0,0.0,0.0,0,0,0,0.0,,,0.0,0.0,0.0,INT,,,,,0.0,0.0,0.0,0
276620,0.0,0.0,0.0,0.0,0.0,0.0,udp,0.0,,cs0,,63.0,,1.0,,Start,1,1,0,42,42,0,42.0,0.0,0.0,0.0,0.0,0,0,0,0.0,,,0.0,0.0,0.0,INT,,,,,0.0,0.0,0.0,0
276626,2.578234,2.578234,2.578234,2.578234,2.578234,2.578234,udp,0.0,,cs0,,63.0,,1.0,,Start,2,2,0,84,84,0,42.0,0.0,130.321762,130.321762,0.0,0,0,0,0.0,,,0.387862,0.387862,0.0,INT,,,,,0.0,0.0,0.0,0
276673,0.0,0.0,0.0,0.0,0.0,0.0,udp,0.0,,cs0,,63.0,,1.0,,Start,1,1,0,42,42,0,42.0,0.0,0.0,0.0,0.0,0,0,0,0.0,,,0.0,0.0,0.0,INT,,,,,0.0,0.0,0.0,0
276720,2.57918,2.57918,2.57918,2.57918,2.57918,2.57918,udp,0.0,,cs0,,63.0,,1.0,,Start,2,2,0,84,84,0,42.0,0.0,130.273956,130.273956,0.0,0,0,0,0.0,,,0.38772,0.38772,0.0,INT,,,,,0.0,0.0,0.0,0
276721,0.0,0.0,0.0,0.0,0.0,0.0,udp,0.0,,cs0,,63.0,,1.0,,Start,1,1,0,42,42,0,42.0,0.0,0.0,0.0,0.0,0,0,0,0.0,,,0.0,0.0,0.0,INT,,,,,0.0,0.0,0.0,0
276800,0.0,0.0,0.0,0.0,0.0,0.0,udp,0.0,,cs0,,63.0,,1.0,,Start,1,1,0,42,42,0,42.0,0.0,0.0,0.0,0.0,0,0,0,0.0,,,0.0,0.0,0.0,INT,,,,,0.0,0.0,0.0,0
276874,0.0,0.0,0.0,0.0,0.0,0.0,udp,0.0,,cs0,,63.0,,1.0,,Start,1,1,0,42,42,0,42.0,0.0,0.0,0.0,0.0,0,0,0,0.0,,,0.0,0.0,0.0,INT,,,,,0.0,0.0,0.0,0
276876,2.580149,2.580149,2.580149,2.580149,2.580149,2.580149,udp,0.0,,cs0,,63.0,,1.0,,Start,2,2,0,84,84,0,42.0,0.0,130.225037,130.225037,0.0,0,0,0,0.0,,,0.387575,0.387575,0.0,INT,,,,,0.0,0.0,0.0,0
276911,0.0,0.0,0.0,0.0,0.0,0.0,udp,0.0,,cs0,,63.0,,1.0,,Start,1,1,0,42,42,0,42.0,0.0,0.0,0.0,0.0,0,0,0,0.0,,,0.0,0.0,0.0,INT,,,,,0.0,0.0,0.0,0
276951,2.580665,2.580665,2.580665,2.580665,2.580665,2.580665,udp,0.0,,cs0,,63.0,,1.0,,Start,2,2,0,84,84,0,42.0,0.0,130.19899,130.19899,0.0,0,0,0,0.0,,,0.387497,0.387497,0.0,INT,,,,,0.0,0.0,0.0,0
276952,2.58065,2.58065,2.58065,2.58065,2.58065,2.58065,udp,0.0,,cs0,,63.0,,1.0,,Start,2,2,0,84,84,0,42.0,0.0,130.199753,130.199753,0.0,0,0,0,0.0,,,0.387499,0.387499,0.0,INT,,,,,0.0,0.0,0.0,0
277015,0.0,0.0,0.0,0.0,0.0,0.0,udp,0.0,,cs0,,63.0,,1.0,,Start,1,1,0,42,42,0,42.0,0.0,0.0,0.0,0.0,0,0,0,0.0,,,0.0,0.0,0.0,INT,,,,,0.0,0.0,0.0,0
277103,2.585704,2.585704,2.585704,2.585704,2.585704,2.585704,udp,0.0,,cs0,,63.0,,1.0,,Start,2,2,0,84,84,0,42.0,0.0,129.945267,129.945267,0.0,0,0,0,0.0,,,0.386742,0.386742,0.0,INT,,,,,0.0,0.0,0.0,0
277204,2.577886,2.577886,2.577886,2.577886,2.577886,2.577886,udp,0.0,,cs0,,63.0,,1.0,,Start,2,2,0,84,84,0,42.0,0.0,130.339355,130.339355,0.0,0,0,0,0.0,,,0.387915,0.387915,0.0,INT,,,,,0.0,0.0,0.0,0
277215,2.582058,2.582058,2.582058,2.582058,2.582058,2.582058,udp,0.0,,cs0,,63.0,,1.0,,Start,2,2,0,84,84,0,42.0,0.0,130.128754,130.128754,0.0,0,0,0,0.0,,,0.387288,0.387288,0.0,INT,,,,,0.0,0.0,0.0,0
277270,2.582115,2.582115,2.582115,2.582115,2.582115,2.582115,udp,0.0,,cs0,,63.0,,1.0,,Start,2,2,0,84,84,0,42.0,0.0,130.125885,130.125885,0.0,0,0,0,0.0,,,0.387279,0.387279,0.0,INT,,,,,0.0,0.0,0.0,0
277276,2.57853,2.57853,2.57853,2.57853,2.57853,2.57853,udp,0.0,,cs0,,63.0,,1.0,,Start,2,2,0,84,84,0,42.0,0.0,130.306793,130.306793,0.0,0,0,0,0.0,,,0.387818,0.387818,0.0,INT,,,,,0.0,0.0,0.0,0
277396,2.582706,2.582706,2.582706,2.582706,2.582706,2.582706,udp,0.0,,cs0,,63.0,,1.0,,Start,2,2,0,84,84,0,42.0,0.0,130.096115,130.096115,0.0,0,0,0,0.0,,,0.387191,0.387191,0.0,INT,,,,,0.0,0.0,0.0,0
277449,0.0,0.0,0.0,0.0,0.0,0.0,udp,0.0,,cs0,,63.0,,1.0,,Start,1,1,0,42,42,0,42.0,0.0,0.0,0.0,0.0,0,0,0,0.0,,,0.0,0.0,0.0,INT,,,,,0.0,0.0,0.0,0
277473,2.579394,2.579394,2.579394,2.579394,2.579394,2.579394,udp,0.0,,cs0,,63.0,,1.0,,Start,2,2,0,84,84,0,42.0,0.0,130.263153,130.263153,0.0,0,0,0,0.0,,,0.387688,0.387688,0.0,INT,,,,,0.0,0.0,0.0,0
277489,2.585592,2.585592,2.585592,2.585592,2.585592,2.585592,udp,0.0,,cs0,,63.0,,1.0,,Start,2,2,0,84,84,0,42.0,0.0,129.950897,129.950897,0.0,0,0,0,0.0,,,0.386759,0.386759,0.0,INT,,,,,0.0,0.0,0.0,0
277565,2.585152,2.585152,2.585152,2.585152,2.585152,2.585152,udp,0.0,,cs0,,63.0,,1.0,,Start,2,2,0,84,84,0,42.0,0.0,129.973022,129.973022,0.0,0,0,0,0.0,,,0.386824,0.386824,0.0,INT,,,,,0.0,0.0,0.0,0
277611,0.0,0.0,0.0,0.0,0.0,0.0,udp,0.0,,cs0,,63.0,,1.0,,Start,1,1,0,42,42,0,42.0,0.0,0.0,0.0,0.0,0,0,0,0.0,,,0.0,0.0,0.0,INT,,,,,0.0,0.0,0.0,0
277614,0.0,0.0,0.0,0.0,0.0,0.0,udp,0.0,,cs0,,63.0,,1.0,,Start,1,1,0,42,42,0,42.0,0.0,0.0,0.0,0.0,0,0,0,0.0,,,0.0,0.0,0.0,INT,,,,,0.0,0.0,0.0,0
277653,0.0,0.0,0.0,0.0,0.0,0.0,udp,0.0,,cs0,,63.0,,1.0,,Start,1,1,0,42,42,0,42.0,0.0,0.0,0.0,0.0,0,0,0,0.0,,,0.0,0.0,0.0,INT,,,,,0.0,0.0,0.0,0
277758,0.0,0.0,0.0,0.0,0.0,0.0,udp,0.0,,cs0,,63.0,,1.0,,Start,1,1,0,42,42,0,42.0,0.0,0.0,0.0,0.0,0,0,0,0.0,,,0.0,0.0,0.0,INT,,,,,0.0,0.0,0.0,0
277760,2.581164,2.581164,2.581164,2.581164,2.581164,2.581164,udp,0.0,,cs0,,63.0,,1.0,,Start,2,2,0,84,84,0,42.0,0.0,130.173828,130.173828,0.0,0,0,0,0.0,,,0.387422,0.387422,0.0,INT,,,,,0.0,0.0,0.0,0
277841,2.582427,2.582427,2.582427,2.582427,2.582427,2.582427,udp,0.0,,cs0,,63.0,,1.0,,Start,2,2,0,84,84,0,42.0,0.0,130.110168,130.110168,0.0,0,0,0,0.0,,,0.387233,0.387233,0.0,INT,,,,,0.0,0.0,0.0,0
277905,0.0,0.0,0.0,0.0,0.0,0.0,udp,0.0,,cs0,,63.0,,1.0,,Start,1,1,0,42,42,0,42.0,0.0,0.0,0.0,0.0,0,0,0,0.0,,,0.0,0.0,0.0,INT,,,,,0.0,0.0,0.0,0
277931,0.0,0.0,0.0,0.0,0.0,0.0,udp,0.0,,cs0,,63.0,,1.0,,Start,1,1,0,42,42,0,42.0,0.0,0.0,0.0,0.0,0,0,0,0.0,,,0.0,0.0,0.0,INT,,,,,0.0,0.0,0.0,0
277935,0.0,0.0,0.0,0.0,0.0,0.0,udp,0.0,,cs0,,63.0,,1.0,,Start,1,1,0,42,42,0,42.0,0.0,0.0,0.0,0.0,0,0,0,0.0,,,0.0,0.0,0.0,INT,,,,,0.0,0.0,0.0,0
277966,2.589666,2.589666,2.589666,2.589666,2.589666,2.589666,udp,0.0,,cs0,,63.0,,1.0,,Start,2,2,0,84,84,0,42.0,0.0,129.74646,129.74646,0.0,0,0,0,0.0,,,0.38615,0.38615,0.0,INT,,,,,0.0,0.0,0.0,0
277979,2.584463,2.584463,2.584463,2.584463,2.584463,2.584463,udp,0.0,,cs0,,63.0,,1.0,,Start,2,2,0,84,84,0,42.0,0.0,130.007675,130.007675,0.0,0,0,0,0.0,,,0.386928,0.386928,0.0,INT,,,,,0.0,0.0,0.0,0
277998,0.0,0.0,0.0,0.0,0.0,0.0,udp,0.0,,cs0,,63.0,,1.0,,Start,1,1,0,42,42,0,42.0,0.0,0.0,0.0,0.0,0,0,0,0.0,,,0.0,0.0,0.0,INT,,,,,0.0,0.0,0.0,0
278012,2.584513,2.584513,2.584513,2.584513,2.584513,2.584513,udp,0.0,,cs0,,63.0,,1.0,,Start,2,2,0,84,84,0,42.0,0.0,130.005157,130.005157,0.0,0,0,0,0.0,,,0.38692,0.38692,0.0,INT,,,,,0.0,0.0,0.0,0
278082,0.0,0.0,0.0,0.0,0.0,0.0,udp,0.0,,cs0,,63.0,,1.0,,Start,1,1,0,42,42,0,42.0,0.0,0.0,0.0,0.0,0,0,0,0.0,,,0.0,0.0,0.0,INT,,,,,0.0,0.0,0.0,0
278091,2.580986,2.580986,2.580986,2.580986,2.580986,2.580986,udp,0.0,,cs0,,63.0,,1.0,,Start,2,2,0,84,84,0,42.0,0.0,130.1828,130.1828,0.0,0,0,0,0.0,,,0.387449,0.387449,0.0,INT,,,,,0.0,0.0,0.0,0
278142,0.0,0.0,0.0,0.0,0.0,0.0,udp,0.0,,cs0,,63.0,,1.0,,Start,1,1,0,42,42,0,42.0,0.0,0.0,0.0,0.0,0,0,0,0.0,,,0.0,0.0,0.0,INT,,,,,0.0,0.0,0.0,0
278181,0.0,0.0,0.0,0.0,0.0,0.0,udp,0.0,,cs0,,63.0,,1.0,,Start,1,1,0,42,42,0,42.0,0.0,0.0,0.0,0.0,0,0,0,0.0,,,0.0,0.0,0.0,INT,,,,,0.0,0.0,0.0,0
278182,0.0,0.0,0.0,0.0,0.0,0.0,udp,0.0,,cs0,,63.0,,1.0,,Start,1,1,0,42,42,0,42.0,0.0,0.0,0.0,0.0,0,0,0,0.0,,,0.0,0.0,0.0,INT,,,,,0.0,0.0,0.0,0
278230,0.0,0.0,0.0,0.0,0.0,0.0,udp,0.0,,cs0,,63.0,,1.0,,Start,1,1,0,42,42,0,42.0,0.0,0.0,0.0,0.0,0,0,0,0.0,,,0.0,0.0,0.0,INT,,,,,0.0,0.0,0.0,0
278231,0.0,0.0,0.0,0.0,0.0,0.0,udp,0.0,,cs0,,63.0,,1.0,,Start,1,1,0,42,42,0,42.0,0.0,0.0,0.0,0.0,0,0,0,0.0,,,0.0,0.0,0.0,INT,,,,,0.0,0.0,0.0,0
278283,2.580321,2.580321,2.580321,2.580321,2.580321,2.580321,udp,0.0,,cs0,,63.0,,1.0,,Start,2,2,0,84,84,0,42.0,0.0,130.216354,130.216354,0.0,0,0,0,0.0,,,0.387549,0.387549,0.0,INT,,,,,0.0,0.0,0.0,0
278287,2.580312,2.580312,2.580312,2.580312,2.580312,2.580312,udp,0.0,,cs0,,63.0,,1.0,,Start,2,2,0,84,84,0,42.0,0.0,130.216812,130.216812,0.0,0,0,0,0.0,,,0.38755,0.38755,0.0,INT,,,,,0.0,0.0,0.0,0
278368,2.577762,2.577762,2.577762,2.577762,2.577762,2.577762,udp,0.0,,cs0,,63.0,,1.0,,Start,2,2,0,84,84,0,42.0,0.0,130.345627,130.345627,0.0,0,0,0,0.0,,,0.387933,0.387933,0.0,INT,,,,,0.0,0.0,0.0,0
278393,2.577095,2.577095,2.577095,2.577095,2.577095,2.577095,udp,0.0,,cs0,,63.0,,1.0,,Start,2,2,0,84,84,0,42.0,0.0,130.379364,130.379364,0.0,0,0,0,0.0,,,0.388034,0.388034,0.0,INT,,,,,0.0,0.0,0.0,0
278440,0.0,0.0,0.0,0.0,0.0,0.0,udp,0.0,,cs0,,63.0,,1.0,,Start,1,1,0,42,42,0,42.0,0.0,0.0,0.0,0.0,0,0,0,0.0,,,0.0,0.0,0.0,INT,,,,,0.0,0.0,0.0,0
278449,0.0,0.0,0.0,0.0,0.0,0.0,udp,0.0,,cs0,,63.0,,1.0,,Start,1,1,0,42,42,0,42.0,0.0,0.0,0.0,0.0,0,0,0,0.0,,,0.0,0.0,0.0,INT,,,,,0.0,0.0,0.0,0
278500,2.572911,2.572911,2.572911,2.572911,2.572911,2.572911,udp,0.0,,cs0,,63.0,,1.0,,Start,2,2,0,84,84,0,42.0,0.0,130.591385,130.591385,0.0,0,0,0,0.0,,,0.388665,0.388665,0.0,INT,,,,,0.0,0.0,0.0,0
278501,2.572911,2.572911,2.572911,2.572911,2.572911,2.572911,udp,0.0,,cs0,,63.0,,1.0,,Start,2,2,0,84,84,0,42.0,0.0,130.591385,130.591385,0.0,0,0,0,0.0,,,0.388665,0.388665,0.0,INT,,,,,0.0,0.0,0.0,0
278505,2.572898,2.572898,2.572898,2.572898,2.572898,2.572898,udp,0.0,,cs0,,63.0,,1.0,,Start,2,2,0,84,84,0,42.0,0.0,130.592041,130.592041,0.0,0,0,0,0.0,,,0.388667,0.388667,0.0,INT,,,,,0.0,0.0,0.0,0
278508,2.580021,2.580021,2.580021,2.580021,2.580021,2.580021,udp,0.0,,cs0,,63.0,,1.0,,Start,2,2,0,84,84,0,42.0,0.0,130.231506,130.231506,0.0,0,0,0,0.0,,,0.387594,0.387594,0.0,INT,,,,,0.0,0.0,0.0,0
278518,0.0,0.0,0.0,0.0,0.0,0.0,udp,0.0,,cs0,,63.0,,1.0,,Start,1,1,0,42,42,0,42.0,0.0,0.0,0.0,0.0,0,0,0,0.0,,,0.0,0.0,0.0,INT,,,,,0.0,0.0,0.0,0
278570,2.576742,2.576742,2.576742,2.576742,2.576742,2.576742,udp,0.0,,cs0,,63.0,,1.0,,Start,2,2,0,84,84,0,42.0,0.0,130.397232,130.397232,0.0,0,0,0,0.0,,,0.388087,0.388087,0.0,INT,,,,,0.0,0.0,0.0,0
278590,2.581486,2.581486,2.581486,2.581486,2.581486,2.581486,udp,0.0,,cs0,,63.0,,1.0,,Start,2,2,0,84,84,0,42.0,0.0,130.157593,130.157593,0.0,0,0,0,0.0,,,0.387374,0.387374,0.0,INT,,,,,0.0,0.0,0.0,0
278690,0.0,0.0,0.0,0.0,0.0,0.0,udp,0.0,,cs0,,63.0,,1.0,,Start,1,1,0,42,42,0,42.0,0.0,0.0,0.0,0.0,0,0,0,0.0,,,0.0,0.0,0.0,INT,,,,,0.0,0.0,0.0,0
278750,2.582158,2.582158,2.582158,2.582158,2.582158,2.582158,udp,0.0,,cs0,,63.0,,1.0,,Start,2,2,0,84,84,0,42.0,0.0,130.123718,130.123718,0.0,0,0,0,0.0,,,0.387273,0.387273,0.0,INT,,,,,0.0,0.0,0.0,0
278832,2.5723,2.5723,2.5723,2.5723,2.5723,2.5723,udp,0.0,,cs0,,63.0,,1.0,,Start,2,2,0,84,84,0,42.0,0.0,130.622406,130.622406,0.0,0,0,0,0.0,,,0.388757,0.388757,0.0,INT,,,,,0.0,0.0,0.0,0
278868,2.578009,2.578009,2.578009,2.578009,2.578009,2.578009,udp,0.0,,cs0,,63.0,,1.0,,Start,2,2,0,84,84,0,42.0,0.0,130.333145,130.333145,0.0,0,0,0,0.0,,,0.387896,0.387896,0.0,INT,,,,,0.0,0.0,0.0,0
278935,0.0,0.0,0.0,0.0,0.0,0.0,udp,0.0,,cs0,,63.0,,1.0,,Start,1,1,0,42,42,0,42.0,0.0,0.0,0.0,0.0,0,0,0,0.0,,,0.0,0.0,0.0,INT,,,,,0.0,0.0,0.0,0
279028,2.575126,2.575126,2.575126,2.575126,2.575126,2.575126,udp,0.0,,cs0,,63.0,,1.0,,Start,2,2,0,84,84,0,42.0,0.0,130.47905,130.47905,0.0,0,0,0,0.0,,,0.388331,0.388331,0.0,INT,,,,,0.0,0.0,0.0,0
279049,0.0,0.0,0.0,0.0,0.0,0.0,udp,0.0,,cs0,,63.0,,1.0,,Start,1,1,0,42,42,0,42.0,0.0,0.0,0.0,0.0,0,0,0,0.0,,,0.0,0.0,0.0,INT,,,,,0.0,0.0,0.0,0
279088,0.0,0.0,0.0,0.0,0.0,0.0,udp,0.0,,cs0,,63.0,,1.0,,Start,1,1,0,42,42,0,42.0,0.0,0.0,0.0,0.0,0,0,0,0.0,,,0.0,0.0,0.0,INT,,,,,0.0,0.0,0.0,0
279158,2.588941,2.588941,2.588941,2.588941,2.588941,2.588941,udp,0.0,,cs0,,63.0,,1.0,,Start,2,2,0,84,84,0,42.0,0.0,129.782791,129.782791,0.0,0,0,0,0.0,,,0.386258,0.386258,0.0,INT,,,,,0.0,0.0,0.0,0
279168,0.0,0.0,0.0,0.0,0.0,0.0,udp,0.0,,cs0,,63.0,,1.0,,Start,1,1,0,42,42,0,42.0,0.0,0.0,0.0,0.0,0,0,0,0.0,,,0.0,0.0,0.0,INT,,,,,0.0,0.0,0.0,0
279180,2.588131,2.588131,2.588131,2.588131,2.588131,2.588131,udp,0.0,,cs0,,63.0,,1.0,,Start,2,2,0,84,84,0,42.0,0.0,129.82341,129.82341,0.0,0,0,0,0.0,,,0.386379,0.386379,0.0,INT,,,,,0.0,0.0,0.0,0
279211,0.0,0.0,0.0,0.0,0.0,0.0,udp,0.0,,cs0,,63.0,,1.0,,Start,1,1,0,42,42,0,42.0,0.0,0.0,0.0,0.0,0,0,0,0.0,,,0.0,0.0,0.0,INT,,,,,0.0,0.0,0.0,0
279221,0.0,0.0,0.0,0.0,0.0,0.0,udp,0.0,,cs0,,63.0,,1.0,,Start,1,1,0,42,42,0,42.0,0.0,0.0,0.0,0.0,0,0,0,0.0,,,0.0,0.0,0.0,INT,,,,,0.0,0.0,0.0,0
279246,0.0,0.0,0.0,0.0,0.0,0.0,udp,0.0,,cs0,,63.0,,1.0,,Start,1,1,0,42,42,0,42.0,0.0,0.0,0.0,0.0,0,0,0,0.0,,,0.0,0.0,0.0,INT,,,,,0.0,0.0,0.0,0
279265,2.579936,2.579936,2.579936,2.579936,2.579936,2.579936,udp,0.0,,cs0,,63.0,,1.0,,Start,2,2,0,84,84,0,42.0,0.0,130.235794,130.235794,0.0,0,0,0,0.0,,,0.387607,0.387607,0.0,INT,,,,,0.0,0.0,0.0,0
279272,2.577351,2.577351,2.577351,2.577351,2.577351,2.577351,udp,0.0,,cs0,,63.0,,1.0,,Start,2,2,0,84,84,0,42.0,0.0,130.366409,130.366409,0.0,0,0,0,0.0,,,0.387995,0.387995,0.0,INT,,,,,0.0,0.0,0.0,0
279403,0.0,0.0,0.0,0.0,0.0,0.0,udp,0.0,,cs0,,63.0,,1.0,,Start,1,1,0,42,42,0,42.0,0.0,0.0,0.0,0.0,0,0,0,0.0,,,0.0,0.0,0.0,INT,,,,,0.0,0.0,0.0,0
279523,0.0,0.0,0.0,0.0,0.0,0.0,udp,0.0,,cs0,,63.0,,1.0,,Start,1,1,0,42,42,0,42.0,0.0,0.0,0.0,0.0,0,0,0,0.0,,,0.0,0.0,0.0,INT,,,,,0.0,0.0,0.0,0
279532,2.57922,2.57922,2.57922,2.57922,2.57922,2.57922,udp,0.0,,cs0,,63.0,,1.0,,Start,2,2,0,84,84,0,42.0,0.0,130.271942,130.271942,0.0,0,0,0,0.0,,,0.387714,0.387714,0.0,INT,,,,,0.0,0.0,0.0,0
279555,2.578918,2.578918,2.578918,2.578918,2.578918,2.578918,udp,0.0,,cs0,,63.0,,1.0,,Start,2,2,0,84,84,0,42.0,0.0,130.287201,130.287201,0.0,0,0,0,0.0,,,0.38776,0.38776,0.0,INT,,,,,0.0,0.0,0.0,0
279716,0.0,0.0,0.0,0.0,0.0,0.0,udp,0.0,,cs0,,63.0,,1.0,,Start,1,1,0,42,42,0,42.0,0.0,0.0,0.0,0.0,0,0,0,0.0,,,0.0,0.0,0.0,INT,,,,,0.0,0.0,0.0,0
279740,2.579648,2.579648,2.579648,2.579648,2.579648,2.579648,udp,0.0,,cs0,,63.0,,1.0,,Start,2,2,0,84,84,0,42.0,0.0,130.25032,130.25032,0.0,0,0,0,0.0,,,0.38765,0.38765,0.0,INT,,,,,0.0,0.0,0.0,0
279759,0.0,0.0,0.0,0.0,0.0,0.0,udp,0.0,,cs0,,63.0,,1.0,,Start,1,1,0,42,42,0,42.0,0.0,0.0,0.0,0.0,0,0,0,0.0,,,0.0,0.0,0.0,INT,,,,,0.0,0.0,0.0,0
279785,2.575522,2.575522,2.575522,2.575522,2.575522,2.575522,udp,0.0,,cs0,,63.0,,1.0,,Start,2,2,0,84,84,0,42.0,0.0,130.459,130.459,0.0,0,0,0,0.0,,,0.388271,0.388271,0.0,INT,,,,,0.0,0.0,0.0,0
279898,2.577209,2.577209,2.577209,2.577209,2.577209,2.577209,udp,0.0,,cs0,,63.0,,1.0,,Start,2,2,0,84,84,0,42.0,0.0,130.373596,130.373596,0.0,0,0,0,0.0,,,0.388017,0.388017,0.0,INT,,,,,0.0,0.0,0.0,0
279906,2.580939,2.580939,2.580939,2.580939,2.580939,2.580939,udp,0.0,,cs0,,63.0,,1.0,,Start,2,2,0,84,84,0,42.0,0.0,130.185181,130.185181,0.0,0,0,0,0.0,,,0.387456,0.387456,0.0,INT,,,,,0.0,0.0,0.0,0
279964,2.579806,2.579806,2.579806,2.579806,2.579806,2.579806,udp,0.0,,cs0,,63.0,,1.0,,Start,2,2,0,84,84,0,42.0,0.0,130.24234,130.24234,0.0,0,0,0,0.0,,,0.387626,0.387626,0.0,INT,,,,,0.0,0.0,0.0,0
279995,0.0,0.0,0.0,0.0,0.0,0.0,udp,0.0,,cs0,,63.0,,1.0,,Start,1,1,0,42,42,0,42.0,0.0,0.0,0.0,0.0,0,0,0,0.0,,,0.0,0.0,0.0,INT,,,,,0.0,0.0,0.0,0
280016,2.580643,2.580643,2.580643,2.580643,2.580643,2.580643,udp,0.0,,cs0,,63.0,,1.0,,Start,2,2,0,84,84,0,42.0,0.0,130.200119,130.200119,0.0,0,0,0,0.0,,,0.3875,0.3875,0.0,INT,,,,,0.0,0.0,0.0,0
280038,0.0,0.0,0.0,0.0,0.0,0.0,udp,0.0,,cs0,,63.0,,1.0,,Start,1,1,0,42,42,0,42.0,0.0,0.0,0.0,0.0,0,0,0,0.0,,,0.0,0.0,0.0,INT,,,,,0.0,0.0,0.0,0
280075,2.582162,2.582162,2.582162,2.582162,2.582162,2.582162,udp,0.0,,cs0,,63.0,,1.0,,Start,2,2,0,84,84,0,42.0,0.0,130.12352,130.12352,0.0,0,0,0,0.0,,,0.387272,0.387272,0.0,INT,,,,,0.0,0.0,0.0,0
280223,2.579007,2.579007,2.579007,2.579007,2.579007,2.579007,udp,0.0,,cs0,,63.0,,1.0,,Start,2,2,0,84,84,0,42.0,0.0,130.2827,130.2827,0.0,0,0,0,0.0,,,0.387746,0.387746,0.0,INT,,,,,0.0,0.0,0.0,0
280335,0.0,0.0,0.0,0.0,0.0,0.0,udp,0.0,,cs0,,63.0,,1.0,,Start,1,1,0,42,42,0,42.0,0.0,0.0,0.0,0.0,0,0,0,0.0,,,0.0,0.0,0.0,INT,,,,,0.0,0.0,0.0,0
280463,2.577354,2.577354,2.577354,2.577354,2.577354,2.577354,udp,0.0,,cs0,,63.0,,1.0,,Start,2,2,0,84,84,0,42.0,0.0,130.366257,130.366257,0.0,0,0,0,0.0,,,0.387995,0.387995,0.0,INT,,,,,0.0,0.0,0.0,0
280485,0.0,0.0,0.0,0.0,0.0,0.0,udp,0.0,,cs0,,63.0,,1.0,,Start,1,1,0,42,42,0,42.0,0.0,0.0,0.0,0.0,0,0,0,0.0,,,0.0,0.0,0.0,INT,,,,,0.0,0.0,0.0,0
280501,0.0,0.0,0.0,0.0,0.0,0.0,udp,0.0,,cs0,,63.0,,1.0,,Start,1,1,0,42,42,0,42.0,0.0,0.0,0.0,0.0,0,0,0,0.0,,,0.0,0.0,0.0,INT,,,,,0.0,0.0,0.0,0
280509,2.581062,2.581062,2.581062,2.581062,2.581062,2.581062,udp,0.0,,cs0,,63.0,,1.0,,Start,2,2,0,84,84,0,42.0,0.0,130.17897,130.17897,0.0,0,0,0,0.0,,,0.387437,0.387437,0.0,INT,,,,,0.0,0.0,0.0,0
280518,0.0,0.0,0.0,0.0,0.0,0.0,udp,0.0,,cs0,,63.0,,1.0,,Start,1,1,0,42,42,0,42.0,0.0,0.0,0.0,0.0,0,0,0,0.0,,,0.0,0.0,0.0,INT,,,,,0.0,0.0,0.0,0
280531,0.0,0.0,0.0,0.0,0.0,0.0,udp,0.0,,cs0,,63.0,,1.0,,Start,1,1,0,42,42,0,42.0,0.0,0.0,0.0,0.0,0,0,0,0.0,,,0.0,0.0,0.0,INT,,,,,0.0,0.0,0.0,0
280534,0.0,0.0,0.0,0.0,0.0,0.0,udp,0.0,,cs0,,63.0,,1.0,,Start,1,1,0,42,42,0,42.0,0.0,0.0,0.0,0.0,0,0,0,0.0,,,0.0,0.0,0.0,INT,,,,,0.0,0.0,0.0,0
280553,0.0,0.0,0.0,0.0,0.0,0.0,udp,0.0,,cs0,,63.0,,1.0,,Start,1,1,0,42,42,0,42.0,0.0,0.0,0.0,0.0,0,0,0,0.0,,,0.0,0.0,0.0,INT,,,,,0.0,0.0,0.0,0
280601,0.0,0.0,0.0,0.0,0.0,0.0,udp,0.0,,cs0,,63.0,,1.0,,Start,1,1,0,42,42,0,42.0,0.0,0.0,0.0,0.0,0,0,0,0.0,,,0.0,0.0,0.0,INT,,,,,0.0,0.0,0.0,0
280731,2.579117,2.579117,2.579117,2.579117,2.579117,2.579117,udp,0.0,,cs0,,63.0,,1.0,,Start,2,2,0,84,84,0,42.0,0.0,130.277145,130.277145,0.0,0,0,0,0.0,,,0.38773,0.38773,0.0,INT,,,,,0.0,0.0,0.0,0
280789,2.57888,2.57888,2.57888,2.57888,2.57888,2.57888,udp,0.0,,cs0,,63.0,,1.0,,Start,2,2,0,84,84,0,42.0,0.0,130.289108,130.289108,0.0,0,0,0,0.0,,,0.387765,0.387765,0.0,INT,,,,,0.0,0.0,0.0,0
280801,0.0,0.0,0.0,0.0,0.0,0.0,udp,0.0,,cs0,,63.0,,1.0,,Start,1,1,0,42,42,0,42.0,0.0,0.0,0.0,0.0,0,0,0,0.0,,,0.0,0.0,0.0,INT,,,,,0.0,0.0,0.0,0
280813,0.0,0.0,0.0,0.0,0.0,0.0,udp,0.0,,cs0,,63.0,,1.0,,Start,1,1,0,42,42,0,42.0,0.0,0.0,0.0,0.0,0,0,0,0.0,,,0.0,0.0,0.0,INT,,,,,0.0,0.0,0.0,0
280892,2.575811,2.575811,2.575811,2.575811,2.575811,2.575811,udp,0.0,,cs0,,63.0,,1.0,,Start,2,2,0,84,84,0,42.0,0.0,130.444351,130.444351,0.0,0,0,0,0.0,,,0.388227,0.388227,0.0,INT,,,,,0.0,0.0,0.0,0
280923,0.0,0.0,0.0,0.0,0.0,0.0,udp,0.0,,cs0,,63.0,,1.0,,Start,1,1,0,42,42,0,42.0,0.0,0.0,0.0,0.0,0,0,0,0.0,,,0.0,0.0,0.0,INT,,,,,0.0,0.0,0.0,0
280975,0.0,0.0,0.0,0.0,0.0,0.0,udp,0.0,,cs0,,63.0,,1.0,,Start,1,1,0,42,42,0,42.0,0.0,0.0,0.0,0.0,0,0,0,0.0,,,0.0,0.0,0.0,INT,,,,,0.0,0.0,0.0,0
281026,0.0,0.0,0.0,0.0,0.0,0.0,udp,0.0,,cs0,,63.0,,1.0,,Start,1,1,0,42,42,0,42.0,0.0,0.0,0.0,0.0,0,0,0,0.0,,,0.0,0.0,0.0,INT,,,,,0.0,0.0,0.0,0
281039,0.0,0.0,0.0,0.0,0.0,0.0,udp,0.0,,cs0,,63.0,,1.0,,Start,1,1,0,42,42,0,42.0,0.0,0.0,0.0,0.0,0,0,0,0.0,,,0.0,0.0,0.0,INT,,,,,0.0,0.0,0.0,0
281048,0.0,0.0,0.0,0.0,0.0,0.0,udp,0.0,,cs0,,63.0,,1.0,,Start,1,1,0,42,42,0,42.0,0.0,0.0,0.0,0.0,0,0,0,0.0,,,0.0,0.0,0.0,INT,,,,,0.0,0.0,0.0,0
281228,2.579658,2.579658,2.579658,2.579658,2.579658,2.579658,udp,0.0,,cs0,,63.0,,1.0,,Start,2,2,0,84,84,0,42.0,0.0,130.249817,130.249817,0.0,0,0,0,0.0,,,0.387648,0.387648,0.0,INT,,,,,0.0,0.0,0.0,0
281336,2.581118,2.581118,2.581118,2.581118,2.581118,2.581118,udp,0.0,,cs0,,63.0,,1.0,,Start,2,2,0,84,84,0,42.0,0.0,130.176147,130.176147,0.0,0,0,0,0.0,,,0.387429,0.387429,0.0,INT,,,,,0.0,0.0,0.0,0
281378,0.0,0.0,0.0,0.0,0.0,0.0,udp,0.0,,cs0,,63.0,,1.0,,Start,1,1,0,42,42,0,42.0,0.0,0.0,0.0,0.0,0,0,0,0.0,,,0.0,0.0,0.0,INT,,,,,0.0,0.0,0.0,0
281508,2.577872,2.577872,2.577872,2.577872,2.577872,2.577872,udp,0.0,,cs0,,63.0,,1.0,,Start,2,2,0,84,84,0,42.0,0.0,130.340057,130.340057,0.0,0,0,0,0.0,,,0.387917,0.387917,0.0,INT,,,,,0.0,0.0,0.0,0
281551,2.57805,2.57805,2.57805,2.57805,2.57805,2.57805,udp,0.0,,cs0,,63.0,,1.0,,Start,2,2,0,84,84,0,42.0,0.0,130.33107,130.33107,0.0,0,0,0,0.0,,,0.38789,0.38789,0.0,INT,,,,,0.0,0.0,0.0,0
281576,0.0,0.0,0.0,0.0,0.0,0.0,udp,0.0,,cs0,,63.0,,1.0,,Start,1,1,0,42,42,0,42.0,0.0,0.0,0.0,0.0,0,0,0,0.0,,,0.0,0.0,0.0,INT,,,,,0.0,0.0,0.0,0
281577,0.0,0.0,0.0,0.0,0.0,0.0,udp,0.0,,cs0,,63.0,,1.0,,Start,1,1,0,42,42,0,42.0,0.0,0.0,0.0,0.0,0,0,0,0.0,,,0.0,0.0,0.0,INT,,,,,0.0,0.0,0.0,0
281636,2.593934,2.593934,2.593934,2.593934,2.593934,2.593934,udp,0.0,,cs0,,63.0,,1.0,,Start,2,2,0,84,84,0,42.0,0.0,129.532974,129.532974,0.0,0,0,0,0.0,,,0.385515,0.385515,0.0,INT,,,,,0.0,0.0,0.0,0
281685,0.0,0.0,0.0,0.0,0.0,0.0,udp,0.0,,cs0,,63.0,,1.0,,Start,1,1,0,42,42,0,42.0,0.0,0.0,0.0,0.0,0,0,0,0.0,,,0.0,0.0,0.0,INT,,,,,0.0,0.0,0.0,0
281748,2.593648,2.593648,2.593648,2.593648,2.593648,2.593648,udp,0.0,,cs0,,63.0,,1.0,,Start,2,2,0,84,84,0,42.0,0.0,129.547272,129.547272,0.0,0,0,0,0.0,,,0.385557,0.385557,0.0,INT,,,,,0.0,0.0,0.0,0
281749,2.593648,2.593648,2.593648,2.593648,2.593648,2.593648,udp,0.0,,cs0,,63.0,,1.0,,Start,2,2,0,84,84,0,42.0,0.0,129.547272,129.547272,0.0,0,0,0,0.0,,,0.385557,0.385557,0.0,INT,,,,,0.0,0.0,0.0,0
281753,0.0,0.0,0.0,0.0,0.0,0.0,udp,0.0,,cs0,,63.0,,1.0,,Start,1,1,0,42,42,0,42.0,0.0,0.0,0.0,0.0,0,0,0,0.0,,,0.0,0.0,0.0,INT,,,,,0.0,0.0,0.0,0
281780,2.591976,2.591976,2.591976,2.591976,2.591976,2.591976,udp,0.0,,cs0,,63.0,,1.0,,Start,2,2,0,84,84,0,42.0,0.0,129.630829,129.630829,0.0,0,0,0,0.0,,,0.385806,0.385806,0.0,INT,,,,,0.0,0.0,0.0,0
281799,2.590836,2.590836,2.590836,2.590836,2.590836,2.590836,udp,0.0,,cs0,,63.0,,1.0,,Start,2,2,0,84,84,0,42.0,0.0,129.687866,129.687866,0.0,0,0,0,0.0,,,0.385976,0.385976,0.0,INT,,,,,0.0,0.0,0.0,0
281837,0.0,0.0,0.0,0.0,0.0,0.0,udp,0.0,,cs0,,63.0,,1.0,,Start,1,1,0,42,42,0,42.0,0.0,0.0,0.0,0.0,0,0,0,0.0,,,0.0,0.0,0.0,INT,,,,,0.0,0.0,0.0,0
281883,2.592135,2.592135,2.592135,2.592135,2.592135,2.592135,udp,0.0,,cs0,,63.0,,1.0,,Start,2,2,0,84,84,0,42.0,0.0,129.622879,129.622879,0.0,0,0,0,0.0,,,0.385782,0.385782,0.0,INT,,,,,0.0,0.0,0.0,0
281895,2.590997,2.590997,2.590997,2.590997,2.590997,2.590997,udp,0.0,,cs0,,63.0,,1.0,,Start,2,2,0,84,84,0,42.0,0.0,129.67981,129.67981,0.0,0,0,0,0.0,,,0.385952,0.385952,0.0,INT,,,,,0.0,0.0,0.0,0
281905,2.591074,2.591074,2.591074,2.591074,2.591074,2.591074,udp,0.0,,cs0,,63.0,,1.0,,Start,2,2,0,84,84,0,42.0,0.0,129.675964,129.675964,0.0,0,0,0,0.0,,,0.38594,0.38594,0.0,INT,,,,,0.0,0.0,0.0,0
281908,2.592601,2.592601,2.592601,2.592601,2.592601,2.592601,udp,0.0,,cs0,,63.0,,1.0,,Start,2,2,0,84,84,0,42.0,0.0,129.599579,129.599579,0.0,0,0,0,0.0,,,0.385713,0.385713,0.0,INT,,,,,0.0,0.0,0.0,0
281957,0.0,0.0,0.0,0.0,0.0,0.0,udp,0.0,,cs0,,63.0,,1.0,,Start,1,1,0,42,42,0,42.0,0.0,0.0,0.0,0.0,0,0,0,0.0,,,0.0,0.0,0.0,INT,,,,,0.0,0.0,0.0,0
282031,0.0,0.0,0.0,0.0,0.0,0.0,udp,0.0,,cs0,,63.0,,1.0,,Start,1,1,0,42,42,0,42.0,0.0,0.0,0.0,0.0,0,0,0,0.0,,,0.0,0.0,0.0,INT,,,,,0.0,0.0,0.0,0
282055,0.0,0.0,0.0,0.0,0.0,0.0,udp,0.0,,cs0,,63.0,,1.0,,Start,1,1,0,42,42,0,42.0,0.0,0.0,0.0,0.0,0,0,0,0.0,,,0.0,0.0,0.0,INT,,,,,0.0,0.0,0.0,0
282061,0.0,0.0,0.0,0.0,0.0,0.0,udp,0.0,,cs0,,63.0,,1.0,,Start,1,1,0,42,42,0,42.0,0.0,0.0,0.0,0.0,0,0,0,0.0,,,0.0,0.0,0.0,INT,,,,,0.0,0.0,0.0,0
282128,2.590973,2.590973,2.590973,2.590973,2.590973,2.590973,udp,0.0,,cs0,,63.0,,1.0,,Start,2,2,0,84,84,0,42.0,0.0,129.681015,129.681015,0.0,0,0,0,0.0,,,0.385955,0.385955,0.0,INT,,,,,0.0,0.0,0.0,0
282147,2.586887,2.586887,2.586887,2.586887,2.586887,2.586887,udp,0.0,,cs0,,63.0,,1.0,,Start,2,2,0,84,84,0,42.0,0.0,129.885849,129.885849,0.0,0,0,0,0.0,,,0.386565,0.386565,0.0,INT,,,,,0.0,0.0,0.0,0
282257,2.593647,2.593647,2.593647,2.593647,2.593647,2.593647,udp,0.0,,cs0,,63.0,,1.0,,Start,2,2,0,84,84,0,42.0,0.0,129.547318,129.547318,0.0,0,0,0,0.0,,,0.385557,0.385557,0.0,INT,,,,,0.0,0.0,0.0,0
282308,0.0,0.0,0.0,0.0,0.0,0.0,udp,0.0,,cs0,,63.0,,1.0,,Start,1,1,0,42,42,0,42.0,0.0,0.0,0.0,0.0,0,0,0,0.0,,,0.0,0.0,0.0,INT,,,,,0.0,0.0,0.0,0
282431,0.0,0.0,0.0,0.0,0.0,0.0,udp,0.0,,cs0,,63.0,,1.0,,Start,1,1,0,42,42,0,42.0,0.0,0.0,0.0,0.0,0,0,0,0.0,,,0.0,0.0,0.0,INT,,,,,0.0,0.0,0.0,0
282462,0.0,0.0,0.0,0.0,0.0,0.0,udp,0.0,,cs0,,63.0,,1.0,,Start,1,1,0,42,42,0,42.0,0.0,0.0,0.0,0.0,0,0,0,0.0,,,0.0,0.0,0.0,INT,,,,,0.0,0.0,0.0,0
282537,2.583946,2.583946,2.583946,2.583946,2.583946,2.583946,udp,0.0,,cs0,,63.0,,1.0,,Start,2,2,0,84,84,0,42.0,0.0,130.033676,130.033676,0.0,0,0,0,0.0,,,0.387005,0.387005,0.0,INT,,,,,0.0,0.0,0.0,0
282545,2.583955,2.583955,2.583955,2.583955,2.583955,2.583955,udp,0.0,,cs0,,63.0,,1.0,,Start,2,2,0,84,84,0,42.0,0.0,130.033218,130.033218,0.0,0,0,0,0.0,,,0.387004,0.387004,0.0,INT,,,,,0.0,0.0,0.0,0
282582,0.0,0.0,0.0,0.0,0.0,0.0,udp,0.0,,cs0,,63.0,,1.0,,Start,1,1,0,42,42,0,42.0,0.0,0.0,0.0,0.0,0,0,0,0.0,,,0.0,0.0,0.0,INT,,,,,0.0,0.0,0.0,0
282594,0.0,0.0,0.0,0.0,0.0,0.0,udp,0.0,,cs0,,63.0,,1.0,,Start,1,1,0,42,42,0,42.0,0.0,0.0,0.0,0.0,0,0,0,0.0,,,0.0,0.0,0.0,INT,,,,,0.0,0.0,0.0,0
282607,0.0,0.0,0.0,0.0,0.0,0.0,udp,0.0,,cs0,,63.0,,1.0,,Start,1,1,0,42,42,0,42.0,0.0,0.0,0.0,0.0,0,0,0,0.0,,,0.0,0.0,0.0,INT,,,,,0.0,0.0,0.0,0
282608,0.0,0.0,0.0,0.0,0.0,0.0,udp,0.0,,cs0,,63.0,,1.0,,Start,1,1,0,42,42,0,42.0,0.0,0.0,0.0,0.0,0,0,0,0.0,,,0.0,0.0,0.0,INT,,,,,0.0,0.0,0.0,0
282650,2.593354,2.593354,2.593354,2.593354,2.593354,2.593354,udp,0.0,,cs0,,63.0,,1.0,,Start,2,2,0,84,84,0,42.0,0.0,129.561951,129.561951,0.0,0,0,0,0.0,,,0.385601,0.385601,0.0,INT,,,,,0.0,0.0,0.0,0
282688,0.0,0.0,0.0,0.0,0.0,0.0,udp,0.0,,cs0,,63.0,,1.0,,Start,1,1,0,42,42,0,42.0,0.0,0.0,0.0,0.0,0,0,0,0.0,,,0.0,0.0,0.0,INT,,,,,0.0,0.0,0.0,0
282694,0.0,0.0,0.0,0.0,0.0,0.0,udp,0.0,,cs0,,63.0,,1.0,,Start,1,1,0,42,42,0,42.0,0.0,0.0,0.0,0.0,0,0,0,0.0,,,0.0,0.0,0.0,INT,,,,,0.0,0.0,0.0,0
282745,0.0,0.0,0.0,0.0,0.0,0.0,udp,0.0,,cs0,,63.0,,1.0,,Start,1,1,0,42,42,0,42.0,0.0,0.0,0.0,0.0,0,0,0,0.0,,,0.0,0.0,0.0,INT,,,,,0.0,0.0,0.0,0
282772,0.0,0.0,0.0,0.0,0.0,0.0,udp,0.0,,cs0,,63.0,,1.0,,Start,1,1,0,42,42,0,42.0,0.0,0.0,0.0,0.0,0,0,0,0.0,,,0.0,0.0,0.0,INT,,,,,0.0,0.0,0.0,0
282779,2.598058,2.598058,2.598058,2.598058,2.598058,2.598058,udp,0.0,,cs0,,63.0,,1.0,,Start,2,2,0,84,84,0,42.0,0.0,129.327362,129.327362,0.0,0,0,0,0.0,,,0.384903,0.384903,0.0,INT,,,,,0.0,0.0,0.0,0
282794,2.591305,2.591305,2.591305,2.591305,2.591305,2.591305,udp,0.0,,cs0,,63.0,,1.0,,Start,2,2,0,84,84,0,42.0,0.0,129.664398,129.664398,0.0,0,0,0,0.0,,,0.385906,0.385906,0.0,INT,,,,,0.0,0.0,0.0,0
282815,0.0,0.0,0.0,0.0,0.0,0.0,udp,0.0,,cs0,,63.0,,1.0,,Start,1,1,0,42,42,0,42.0,0.0,0.0,0.0,0.0,0,0,0,0.0,,,0.0,0.0,0.0,INT,,,,,0.0,0.0,0.0,0
282957,2.590359,2.590359,2.590359,2.590359,2.590359,2.590359,udp,0.0,,cs0,,63.0,,1.0,,Start,2,2,0,84,84,0,42.0,0.0,129.711746,129.711746,0.0,0,0,0,0.0,,,0.386047,0.386047,0.0,INT,,,,,0.0,0.0,0.0,0
282961,2.590358,2.590358,2.590358,2.590358,2.590358,2.590358,udp,0.0,,cs0,,63.0,,1.0,,Start,2,2,0,84,84,0,42.0,0.0,129.711792,129.711792,0.0,0,0,0,0.0,,,0.386047,0.386047,0.0,INT,,,,,0.0,0.0,0.0,0
282968,0.0,0.0,0.0,0.0,0.0,0.0,udp,0.0,,cs0,,63.0,,1.0,,Start,1,1,0,42,42,0,42.0,0.0,0.0,0.0,0.0,0,0,0,0.0,,,0.0,0.0,0.0,INT,,,,,0.0,0.0,0.0,0
282978,0.0,0.0,0.0,0.0,0.0,0.0,udp,0.0,,cs0,,63.0,,1.0,,Start,1,1,0,42,42,0,42.0,0.0,0.0,0.0,0.0,0,0,0,0.0,,,0.0,0.0,0.0,INT,,,,,0.0,0.0,0.0,0
283153,2.59095,2.59095,2.59095,2.59095,2.59095,2.59095,udp,0.0,,cs0,,63.0,,1.0,,Start,2,2,0,84,84,0,42.0,0.0,129.682159,129.682159,0.0,0,0,0,0.0,,,0.385959,0.385959,0.0,INT,,,,,0.0,0.0,0.0,0
283220,0.0,0.0,0.0,0.0,0.0,0.0,udp,0.0,,cs0,,63.0,,1.0,,Start,1,1,0,42,42,0,42.0,0.0,0.0,0.0,0.0,0,0,0,0.0,,,0.0,0.0,0.0,INT,,,,,0.0,0.0,0.0,0
283223,0.0,0.0,0.0,0.0,0.0,0.0,udp,0.0,,cs0,,63.0,,1.0,,Start,1,1,0,42,42,0,42.0,0.0,0.0,0.0,0.0,0,0,0,0.0,,,0.0,0.0,0.0,INT,,,,,0.0,0.0,0.0,0
283262,0.0,0.0,0.0,0.0,0.0,0.0,udp,0.0,,cs0,,63.0,,1.0,,Start,1,1,0,42,42,0,42.0,0.0,0.0,0.0,0.0,0,0,0,0.0,,,0.0,0.0,0.0,INT,,,,,0.0,0.0,0.0,0
283388,0.0,0.0,0.0,0.0,0.0,0.0,udp,0.0,,cs0,,63.0,,1.0,,Start,1,1,0,42,42,0,42.0,0.0,0.0,0.0,0.0,0,0,0,0.0,,,0.0,0.0,0.0,INT,,,,,0.0,0.0,0.0,0
283434,0.0,0.0,0.0,0.0,0.0,0.0,udp,0.0,,cs0,,63.0,,1.0,,Start,1,1,0,42,42,0,42.0,0.0,0.0,0.0,0.0,0,0,0,0.0,,,0.0,0.0,0.0,INT,,,,,0.0,0.0,0.0,0
283509,0.0,0.0,0.0,0.0,0.0,0.0,udp,0.0,,cs0,,63.0,,1.0,,Start,1,1,0,42,42,0,42.0,0.0,0.0,0.0,0.0,0,0,0,0.0,,,0.0,0.0,0.0,INT,,,,,0.0,0.0,0.0,0
283515,0.0,0.0,0.0,0.0,0.0,0.0,udp,0.0,,cs0,,63.0,,1.0,,Start,1,1,0,42,42,0,42.0,0.0,0.0,0.0,0.0,0,0,0,0.0,,,0.0,0.0,0.0,INT,,,,,0.0,0.0,0.0,0
283551,2.595794,2.595794,2.595794,2.595794,2.595794,2.595794,udp,0.0,,cs0,,63.0,,1.0,,Start,2,2,0,84,84,0,42.0,0.0,129.44017,129.44017,0.0,0,0,0,0.0,,,0.385239,0.385239,0.0,INT,,,,,0.0,0.0,0.0,0
283589,2.598061,2.598061,2.598061,2.598061,2.598061,2.598061,udp,0.0,,cs0,,63.0,,1.0,,Start,2,2,0,84,84,0,42.0,0.0,129.327209,129.327209,0.0,0,0,0,0.0,,,0.384902,0.384902,0.0,INT,,,,,0.0,0.0,0.0,0
283611,0.0,0.0,0.0,0.0,0.0,0.0,udp,0.0,,cs0,,63.0,,1.0,,Start,1,1,0,42,42,0,42.0,0.0,0.0,0.0,0.0,0,0,0,0.0,,,0.0,0.0,0.0,INT,,,,,0.0,0.0,0.0,0
283660,0.0,0.0,0.0,0.0,0.0,0.0,udp,0.0,,cs0,,63.0,,1.0,,Start,1,1,0,42,42,0,42.0,0.0,0.0,0.0,0.0,0,0,0,0.0,,,0.0,0.0,0.0,INT,,,,,0.0,0.0,0.0,0
283674,0.0,0.0,0.0,0.0,0.0,0.0,udp,0.0,,cs0,,63.0,,1.0,,Start,1,1,0,42,42,0,42.0,0.0,0.0,0.0,0.0,0,0,0,0.0,,,0.0,0.0,0.0,INT,,,,,0.0,0.0,0.0,0
283724,2.589287,2.589287,2.589287,2.589287,2.589287,2.589287,udp,0.0,,cs0,,63.0,,1.0,,Start,2,2,0,84,84,0,42.0,0.0,129.765457,129.765457,0.0,0,0,0,0.0,,,0.386207,0.386207,0.0,INT,,,,,0.0,0.0,0.0,0
283787,2.593984,2.593984,2.593984,2.593984,2.593984,2.593984,udp,0.0,,cs0,,63.0,,1.0,,Start,2,2,0,84,84,0,42.0,0.0,129.530487,129.530487,0.0,0,0,0,0.0,,,0.385507,0.385507,0.0,INT,,,,,0.0,0.0,0.0,0
283796,0.0,0.0,0.0,0.0,0.0,0.0,udp,0.0,,cs0,,63.0,,1.0,,Start,1,1,0,42,42,0,42.0,0.0,0.0,0.0,0.0,0,0,0,0.0,,,0.0,0.0,0.0,INT,,,,,0.0,0.0,0.0,0
283805,2.593872,2.593872,2.593872,2.593872,2.593872,2.593872,udp,0.0,,cs0,,63.0,,1.0,,Start,2,2,0,84,84,0,42.0,0.0,129.536072,129.536072,0.0,0,0,0,0.0,,,0.385524,0.385524,0.0,INT,,,,,0.0,0.0,0.0,0
283822,2.591057,2.591057,2.591057,2.591057,2.591057,2.591057,udp,0.0,,cs0,,63.0,,1.0,,Start,2,2,0,84,84,0,42.0,0.0,129.676804,129.676804,0.0,0,0,0,0.0,,,0.385943,0.385943,0.0,INT,,,,,0.0,0.0,0.0,0
283962,2.591701,2.591701,2.591701,2.591701,2.591701,2.591701,udp,0.0,,cs0,,63.0,,1.0,,Start,2,2,0,84,84,0,42.0,0.0,129.644577,129.644577,0.0,0,0,0,0.0,,,0.385847,0.385847,0.0,INT,,,,,0.0,0.0,0.0,0
284004,0.0,0.0,0.0,0.0,0.0,0.0,udp,0.0,,cs0,,63.0,,1.0,,Start,1,1,0,42,42,0,42.0,0.0,0.0,0.0,0.0,0,0,0,0.0,,,0.0,0.0,0.0,INT,,,,,0.0,0.0,0.0,0
284110,0.0,0.0,0.0,0.0,0.0,0.0,udp,0.0,,cs0,,63.0,,1.0,,Start,1,1,0,42,42,0,42.0,0.0,0.0,0.0,0.0,0,0,0,0.0,,,0.0,0.0,0.0,INT,,,,,0.0,0.0,0.0,0
284135,2.587792,2.587792,2.587792,2.587792,2.587792,2.587792,udp,0.0,,cs0,,63.0,,1.0,,Start,2,2,0,84,84,0,42.0,0.0,129.840424,129.840424,0.0,0,0,0,0.0,,,0.38643,0.38643,0.0,INT,,,,,0.0,0.0,0.0,0
284234,2.588209,2.588209,2.588209,2.588209,2.588209,2.588209,udp,0.0,,cs0,,63.0,,1.0,,Start,2,2,0,84,84,0,42.0,0.0,129.819504,129.819504,0.0,0,0,0,0.0,,,0.386368,0.386368,0.0,INT,,,,,0.0,0.0,0.0,0
284236,4.957205,4.957205,4.957205,4.957205,4.957205,4.957205,udp,0.0,0.0,cs0,cs0,117.0,64.0,11.0,0.0,Status,235,176,59,242158,232639,9519,1321.8125,161.338989,388405.9688,373303.9063,15102.05859,0,0,0,0.0,,,47.204021,35.302151,11.700142,CON,,,,,0.0,0.0,0.0,0
284342,0.0,0.0,0.0,0.0,0.0,0.0,udp,0.0,,cs0,,63.0,,1.0,,Start,1,1,0,42,42,0,42.0,0.0,0.0,0.0,0.0,0,0,0,0.0,,,0.0,0.0,0.0,INT,,,,,0.0,0.0,0.0,0
284344,0.0,0.0,0.0,0.0,0.0,0.0,udp,0.0,,cs0,,63.0,,1.0,,Start,1,1,0,42,42,0,42.0,0.0,0.0,0.0,0.0,0,0,0,0.0,,,0.0,0.0,0.0,INT,,,,,0.0,0.0,0.0,0
284373,0.0,0.0,0.0,0.0,0.0,0.0,udp,0.0,,cs0,,63.0,,1.0,,Start,1,1,0,42,42,0,42.0,0.0,0.0,0.0,0.0,0,0,0,0.0,,,0.0,0.0,0.0,INT,,,,,0.0,0.0,0.0,0
284391,2.581941,2.581941,2.581941,2.581941,2.581941,2.581941,udp,0.0,,cs0,,63.0,,1.0,,Start,2,2,0,84,84,0,42.0,0.0,130.134659,130.134659,0.0,0,0,0,0.0,,,0.387306,0.387306,0.0,INT,,,,,0.0,0.0,0.0,0
284400,2.582776,2.582776,2.582776,2.582776,2.582776,2.582776,udp,0.0,,cs0,,63.0,,1.0,,Start,2,2,0,84,84,0,42.0,0.0,130.092575,130.092575,0.0,0,0,0,0.0,,,0.38718,0.38718,0.0,INT,,,,,0.0,0.0,0.0,0
284403,2.582767,2.582767,2.582767,2.582767,2.582767,2.582767,udp,0.0,,cs0,,63.0,,1.0,,Start,2,2,0,84,84,0,42.0,0.0,130.093033,130.093033,0.0,0,0,0,0.0,,,0.387182,0.387182,0.0,INT,,,,,0.0,0.0,0.0,0
284420,2.58376,2.58376,2.58376,2.58376,2.58376,2.58376,udp,0.0,,cs0,,63.0,,1.0,,Start,2,2,0,84,84,0,42.0,0.0,130.04303,130.04303,0.0,0,0,0,0.0,,,0.387033,0.387033,0.0,INT,,,,,0.0,0.0,0.0,0
284427,2.583759,2.583759,2.583759,2.583759,2.583759,2.583759,udp,0.0,,cs0,,63.0,,1.0,,Start,2,2,0,84,84,0,42.0,0.0,130.043091,130.043091,0.0,0,0,0,0.0,,,0.387033,0.387033,0.0,INT,,,,,0.0,0.0,0.0,0
284495,2.589987,2.589987,2.589987,2.589987,2.589987,2.589987,udp,0.0,,cs0,,63.0,,1.0,,Start,2,2,0,84,84,0,42.0,0.0,129.730377,129.730377,0.0,0,0,0,0.0,,,0.386102,0.386102,0.0,INT,,,,,0.0,0.0,0.0,0
284497,0.0,0.0,0.0,0.0,0.0,0.0,udp,0.0,,cs0,,63.0,,1.0,,Start,1,1,0,42,42,0,42.0,0.0,0.0,0.0,0.0,0,0,0,0.0,,,0.0,0.0,0.0,INT,,,,,0.0,0.0,0.0,0
284531,0.0,0.0,0.0,0.0,0.0,0.0,udp,0.0,,cs0,,63.0,,1.0,,Start,1,1,0,42,42,0,42.0,0.0,0.0,0.0,0.0,0,0,0,0.0,,,0.0,0.0,0.0,INT,,,,,0.0,0.0,0.0,0
284583,2.591098,2.591098,2.591098,2.591098,2.591098,2.591098,udp,0.0,,cs0,,63.0,,1.0,,Start,2,2,0,84,84,0,42.0,0.0,129.674759,129.674759,0.0,0,0,0,0.0,,,0.385937,0.385937,0.0,INT,,,,,0.0,0.0,0.0,0
284592,2.589844,2.589844,2.589844,2.589844,2.589844,2.589844,udp,0.0,,cs0,,63.0,,1.0,,Start,2,2,0,84,84,0,42.0,0.0,129.737549,129.737549,0.0,0,0,0,0.0,,,0.386124,0.386124,0.0,INT,,,,,0.0,0.0,0.0,0
284635,0.0,0.0,0.0,0.0,0.0,0.0,udp,0.0,,cs0,,63.0,,1.0,,Start,1,1,0,42,42,0,42.0,0.0,0.0,0.0,0.0,0,0,0,0.0,,,0.0,0.0,0.0,INT,,,,,0.0,0.0,0.0,0
284650,2.588198,2.588198,2.588198,2.588198,2.588198,2.588198,udp,0.0,,cs0,,63.0,,1.0,,Start,2,2,0,84,84,0,42.0,0.0,129.820053,129.820053,0.0,0,0,0,0.0,,,0.386369,0.386369,0.0,INT,,,,,0.0,0.0,0.0,0
284741,0.0,0.0,0.0,0.0,0.0,0.0,udp,0.0,,cs0,,63.0,,1.0,,Start,1,1,0,42,42,0,42.0,0.0,0.0,0.0,0.0,0,0,0,0.0,,,0.0,0.0,0.0,INT,,,,,0.0,0.0,0.0,0
284746,2.593949,2.593949,2.593949,2.593949,2.593949,2.593949,udp,0.0,,cs0,,63.0,,1.0,,Start,2,2,0,84,84,0,42.0,0.0,129.532227,129.532227,0.0,0,0,0,0.0,,,0.385513,0.385513,0.0,INT,,,,,0.0,0.0,0.0,0
284757,0.0,0.0,0.0,0.0,0.0,0.0,udp,0.0,,cs0,,63.0,,1.0,,Start,1,1,0,42,42,0,42.0,0.0,0.0,0.0,0.0,0,0,0,0.0,,,0.0,0.0,0.0,INT,,,,,0.0,0.0,0.0,0
284803,0.0,0.0,0.0,0.0,0.0,0.0,udp,0.0,,cs0,,63.0,,1.0,,Start,1,1,0,42,42,0,42.0,0.0,0.0,0.0,0.0,0,0,0,0.0,,,0.0,0.0,0.0,INT,,,,,0.0,0.0,0.0,0
284843,2.592822,2.592822,2.592822,2.592822,2.592822,2.592822,udp,0.0,,cs0,,63.0,,1.0,,Start,2,2,0,84,84,0,42.0,0.0,129.588531,129.588531,0.0,0,0,0,0.0,,,0.38568,0.38568,0.0,INT,,,,,0.0,0.0,0.0,0
284881,0.0,0.0,0.0,0.0,0.0,0.0,udp,0.0,,cs0,,63.0,,1.0,,Start,1,1,0,42,42,0,42.0,0.0,0.0,0.0,0.0,0,0,0,0.0,,,0.0,0.0,0.0,INT,,,,,0.0,0.0,0.0,0
284928,2.589491,2.589491,2.589491,2.589491,2.589491,2.589491,udp,0.0,,cs0,,63.0,,1.0,,Start,2,2,0,84,84,0,42.0,0.0,129.755234,129.755234,0.0,0,0,0,0.0,,,0.386176,0.386176,0.0,INT,,,,,0.0,0.0,0.0,0
284949,2.589846,2.589846,2.589846,2.589846,2.589846,2.589846,udp,0.0,,cs0,,63.0,,1.0,,Start,2,2,0,84,84,0,42.0,0.0,129.737442,129.737442,0.0,0,0,0,0.0,,,0.386123,0.386123,0.0,INT,,,,,0.0,0.0,0.0,0
284996,0.0,0.0,0.0,0.0,0.0,0.0,udp,0.0,,cs0,,63.0,,1.0,,Start,1,1,0,42,42,0,42.0,0.0,0.0,0.0,0.0,0,0,0,0.0,,,0.0,0.0,0.0,INT,,,,,0.0,0.0,0.0,0
284999,0.0,0.0,0.0,0.0,0.0,0.0,udp,0.0,,cs0,,63.0,,1.0,,Start,1,1,0,42,42,0,42.0,0.0,0.0,0.0,0.0,0,0,0,0.0,,,0.0,0.0,0.0,INT,,,,,0.0,0.0,0.0,0
285020,2.588964,2.588964,2.588964,2.588964,2.588964,2.588964,udp,0.0,,cs0,,63.0,,1.0,,Start,2,2,0,84,84,0,42.0,0.0,129.781647,129.781647,0.0,0,0,0,0.0,,,0.386255,0.386255,0.0,INT,,,,,0.0,0.0,0.0,0
285085,0.0,0.0,0.0,0.0,0.0,0.0,udp,0.0,,cs0,,63.0,,1.0,,Start,1,1,0,42,42,0,42.0,0.0,0.0,0.0,0.0,0,0,0,0.0,,,0.0,0.0,0.0,INT,,,,,0.0,0.0,0.0,0
285119,2.59443,2.59443,2.59443,2.59443,2.59443,2.59443,udp,0.0,,cs0,,63.0,,1.0,,Start,2,2,0,84,84,0,42.0,0.0,129.508224,129.508224,0.0,0,0,0,0.0,,,0.385441,0.385441,0.0,INT,,,,,0.0,0.0,0.0,0
285122,2.592491,2.592491,2.592491,2.592491,2.592491,2.592491,udp,0.0,,cs0,,63.0,,1.0,,Start,2,2,0,84,84,0,42.0,0.0,129.605087,129.605087,0.0,0,0,0,0.0,,,0.385729,0.385729,0.0,INT,,,,,0.0,0.0,0.0,0
285200,0.0,0.0,0.0,0.0,0.0,0.0,udp,0.0,,cs0,,63.0,,1.0,,Start,1,1,0,42,42,0,42.0,0.0,0.0,0.0,0.0,0,0,0,0.0,,,0.0,0.0,0.0,INT,,,,,0.0,0.0,0.0,0
285230,0.0,0.0,0.0,0.0,0.0,0.0,udp,0.0,,cs0,,63.0,,1.0,,Start,1,1,0,42,42,0,42.0,0.0,0.0,0.0,0.0,0,0,0,0.0,,,0.0,0.0,0.0,INT,,,,,0.0,0.0,0.0,0
285243,2.591116,2.591116,2.591116,2.591116,2.591116,2.591116,udp,0.0,,cs0,,63.0,,1.0,,Start,2,2,0,84,84,0,42.0,0.0,129.673859,129.673859,0.0,0,0,0,0.0,,,0.385934,0.385934,0.0,INT,,,,,0.0,0.0,0.0,0
285277,2.592209,2.592209,2.592209,2.592209,2.592209,2.592209,udp,0.0,,cs0,,63.0,,1.0,,Start,2,2,0,84,84,0,42.0,0.0,129.619171,129.619171,0.0,0,0,0,0.0,,,0.385771,0.385771,0.0,INT,,,,,0.0,0.0,0.0,0
285411,2.588146,2.588146,2.588146,2.588146,2.588146,2.588146,udp,0.0,,cs0,,63.0,,1.0,,Status,2,2,0,84,84,0,42.0,0.0,129.822662,129.822662,0.0,0,0,0,0.0,,,0.386377,0.386377,0.0,REQ,,,,,0.0,0.0,0.0,0
285433,2.587891,2.587891,2.587891,2.587891,2.587891,2.587891,udp,0.0,,cs0,,63.0,,1.0,,Status,2,2,0,84,84,0,42.0,0.0,129.835449,129.835449,0.0,0,0,0,0.0,,,0.386415,0.386415,0.0,REQ,,,,,0.0,0.0,0.0,0
285478,2.582106,2.582106,2.582106,2.582106,2.582106,2.582106,udp,0.0,,cs0,,63.0,,1.0,,Status,2,2,0,84,84,0,42.0,0.0,130.126328,130.126328,0.0,0,0,0,0.0,,,0.387281,0.387281,0.0,REQ,,,,,0.0,0.0,0.0,0
285510,2.582456,2.582456,2.582456,2.582456,2.582456,2.582456,udp,0.0,,cs0,,63.0,,1.0,,Start,2,2,0,84,84,0,42.0,0.0,130.108704,130.108704,0.0,0,0,0,0.0,,,0.387228,0.387228,0.0,INT,,,,,0.0,0.0,0.0,0
285548,2.592735,2.592735,2.592735,2.592735,2.592735,2.592735,udp,0.0,,cs0,,63.0,,1.0,,Start,2,2,0,84,84,0,42.0,0.0,129.59288,129.59288,0.0,0,0,0,0.0,,,0.385693,0.385693,0.0,INT,,,,,0.0,0.0,0.0,0
285560,0.0,0.0,0.0,0.0,0.0,0.0,udp,0.0,,cs0,,63.0,,1.0,,Start,1,1,0,42,42,0,42.0,0.0,0.0,0.0,0.0,0,0,0,0.0,,,0.0,0.0,0.0,INT,,,,,0.0,0.0,0.0,0
285569,0.0,0.0,0.0,0.0,0.0,0.0,udp,0.0,,cs0,,63.0,,1.0,,Start,1,1,0,42,42,0,42.0,0.0,0.0,0.0,0.0,0,0,0,0.0,,,0.0,0.0,0.0,INT,,,,,0.0,0.0,0.0,0
285657,2.588476,2.588476,2.588476,2.588476,2.588476,2.588476,udp,0.0,,cs0,,63.0,,1.0,,Status,2,2,0,84,84,0,42.0,0.0,129.806107,129.806107,0.0,0,0,0,0.0,,,0.386328,0.386328,0.0,REQ,,,,,0.0,0.0,0.0,0
285662,2.587271,2.587271,2.587271,2.587271,2.587271,2.587271,udp,0.0,,cs0,,63.0,,1.0,,Status,2,2,0,84,84,0,42.0,0.0,129.866562,129.866562,0.0,0,0,0,0.0,,,0.386508,0.386508,0.0,REQ,,,,,0.0,0.0,0.0,0
285721,2.593174,2.593174,2.593174,2.593174,2.593174,2.593174,udp,0.0,,cs0,,63.0,,1.0,,Status,2,2,0,84,84,0,42.0,0.0,129.570938,129.570938,0.0,0,0,0,0.0,,,0.385628,0.385628,0.0,REQ,,,,,0.0,0.0,0.0,0
285744,0.0,0.0,0.0,0.0,0.0,0.0,udp,0.0,,cs0,,63.0,,1.0,,Start,1,1,0,42,42,0,42.0,0.0,0.0,0.0,0.0,0,0,0,0.0,,,0.0,0.0,0.0,INT,,,,,0.0,0.0,0.0,0
285768,2.593155,2.593155,2.593155,2.593155,2.593155,2.593155,udp,0.0,,cs0,,63.0,,1.0,,Status,2,2,0,84,84,0,42.0,0.0,129.571899,129.571899,0.0,0,0,0,0.0,,,0.385631,0.385631,0.0,REQ,,,,,0.0,0.0,0.0,0
285769,2.593154,2.593154,2.593154,2.593154,2.593154,2.593154,udp,0.0,,cs0,,63.0,,1.0,,Status,2,2,0,84,84,0,42.0,0.0,129.571945,129.571945,0.0,0,0,0,0.0,,,0.385631,0.385631,0.0,REQ,,,,,0.0,0.0,0.0,0
285797,0.0,0.0,0.0,0.0,0.0,0.0,udp,0.0,,cs0,,63.0,,1.0,,Start,1,1,0,42,42,0,42.0,0.0,0.0,0.0,0.0,0,0,0,0.0,,,0.0,0.0,0.0,INT,,,,,0.0,0.0,0.0,0
285824,0.0,0.0,0.0,0.0,0.0,0.0,udp,0.0,,cs0,,63.0,,1.0,,Start,1,1,0,42,42,0,42.0,0.0,0.0,0.0,0.0,0,0,0,0.0,,,0.0,0.0,0.0,INT,,,,,0.0,0.0,0.0,0
285903,2.592636,2.592636,2.592636,2.592636,2.592636,2.592636,udp,0.0,,cs0,,63.0,,1.0,,Status,2,2,0,84,84,0,42.0,0.0,129.597824,129.597824,0.0,0,0,0,0.0,,,0.385708,0.385708,0.0,REQ,,,,,0.0,0.0,0.0,0
285949,2.590145,2.590145,2.590145,2.590145,2.590145,2.590145,udp,0.0,,cs0,,63.0,,1.0,,Start,2,2,0,84,84,0,42.0,0.0,129.722458,129.722458,0.0,0,0,0,0.0,,,0.386079,0.386079,0.0,INT,,,,,0.0,0.0,0.0,0
285956,2.590158,2.590158,2.590158,2.590158,2.590158,2.590158,udp,0.0,,cs0,,63.0,,1.0,,Start,2,2,0,84,84,0,42.0,0.0,129.721817,129.721817,0.0,0,0,0,0.0,,,0.386077,0.386077,0.0,INT,,,,,0.0,0.0,0.0,0
285958,2.590158,2.590158,2.590158,2.590158,2.590158,2.590158,udp,0.0,,cs0,,63.0,,1.0,,Start,2,2,0,84,84,0,42.0,0.0,129.721817,129.721817,0.0,0,0,0,0.0,,,0.386077,0.386077,0.0,INT,,,,,0.0,0.0,0.0,0
286085,0.0,0.0,0.0,0.0,0.0,0.0,udp,0.0,,cs0,,63.0,,1.0,,Start,1,1,0,42,42,0,42.0,0.0,0.0,0.0,0.0,0,0,0,0.0,,,0.0,0.0,0.0,INT,,,,,0.0,0.0,0.0,0
286158,2.590977,2.590977,2.590977,2.590977,2.590977,2.590977,udp,0.0,,cs0,,63.0,,1.0,,Status,2,2,0,84,84,0,42.0,0.0,129.680817,129.680817,0.0,0,0,0,0.0,,,0.385955,0.385955,0.0,REQ,,,,,0.0,0.0,0.0,0
286196,2.588194,2.588194,2.588194,2.588194,2.588194,2.588194,udp,0.0,,cs0,,63.0,,1.0,,Start,2,2,0,84,84,0,42.0,0.0,129.820251,129.820251,0.0,0,0,0,0.0,,,0.38637,0.38637,0.0,INT,,,,,0.0,0.0,0.0,0
286282,0.0,0.0,0.0,0.0,0.0,0.0,udp,0.0,,cs0,,63.0,,1.0,,Start,1,1,0,42,42,0,42.0,0.0,0.0,0.0,0.0,0,0,0,0.0,,,0.0,0.0,0.0,INT,,,,,0.0,0.0,0.0,0
286293,2.589208,2.589208,2.589208,2.589208,2.589208,2.589208,udp,0.0,,cs0,,63.0,,1.0,,Start,2,2,0,84,84,0,42.0,0.0,129.769424,129.769424,0.0,0,0,0,0.0,,,0.386219,0.386219,0.0,INT,,,,,0.0,0.0,0.0,0
286353,2.590942,2.590942,2.590942,2.590942,2.590942,2.590942,udp,0.0,,cs0,,63.0,,1.0,,Status,2,2,0,84,84,0,42.0,0.0,129.682571,129.682571,0.0,0,0,0,0.0,,,0.38596,0.38596,0.0,REQ,,,,,0.0,0.0,0.0,0
286356,2.593111,2.593111,2.593111,2.593111,2.593111,2.593111,udp,0.0,,cs0,,63.0,,1.0,,Start,2,2,0,84,84,0,42.0,0.0,129.574081,129.574081,0.0,0,0,0,0.0,,,0.385637,0.385637,0.0,INT,,,,,0.0,0.0,0.0,0
286383,2.587219,2.587219,2.587219,2.587219,2.587219,2.587219,udp,0.0,,cs0,,63.0,,1.0,,Status,2,2,0,84,84,0,42.0,0.0,129.869171,129.869171,0.0,0,0,0,0.0,,,0.386515,0.386515,0.0,REQ,,,,,0.0,0.0,0.0,0
286449,2.575957,2.575957,2.575957,2.575957,2.575957,2.575957,udp,0.0,,cs0,,63.0,,1.0,,Status,2,2,0,84,84,0,42.0,0.0,130.436951,130.436951,0.0,0,0,0,0.0,,,0.388205,0.388205,0.0,REQ,,,,,0.0,0.0,0.0,0
286464,2.575819,2.575819,2.575819,2.575819,2.575819,2.575819,udp,0.0,,cs0,,63.0,,1.0,,Status,2,2,0,84,84,0,42.0,0.0,130.443954,130.443954,0.0,0,0,0,0.0,,,0.388226,0.388226,0.0,REQ,,,,,0.0,0.0,0.0,0
286465,2.575819,2.575819,2.575819,2.575819,2.575819,2.575819,udp,0.0,,cs0,,63.0,,1.0,,Status,2,2,0,84,84,0,42.0,0.0,130.443954,130.443954,0.0,0,0,0,0.0,,,0.388226,0.388226,0.0,REQ,,,,,0.0,0.0,0.0,0
286489,2.584201,2.584201,2.584201,2.584201,2.584201,2.584201,udp,0.0,,cs0,,63.0,,1.0,,Status,2,2,0,84,84,0,42.0,0.0,130.020844,130.020844,0.0,0,0,0,0.0,,,0.386967,0.386967,0.0,REQ,,,,,0.0,0.0,0.0,0
286619,2.58688,2.58688,2.58688,2.58688,2.58688,2.58688,udp,0.0,,cs0,,63.0,,1.0,,Start,2,2,0,84,84,0,42.0,0.0,129.8862,129.8862,0.0,0,0,0,0.0,,,0.386566,0.386566,0.0,INT,,,,,0.0,0.0,0.0,0
286641,2.587111,2.587111,2.587111,2.587111,2.587111,2.587111,udp,0.0,,cs0,,63.0,,1.0,,Status,2,2,0,84,84,0,42.0,0.0,129.874603,129.874603,0.0,0,0,0,0.0,,,0.386532,0.386532,0.0,REQ,,,,,0.0,0.0,0.0,0
286687,2.587209,2.587209,2.587209,2.587209,2.587209,2.587209,udp,0.0,,cs0,,63.0,,1.0,,Start,2,2,0,84,84,0,42.0,0.0,129.869675,129.869675,0.0,0,0,0,0.0,,,0.386517,0.386517,0.0,INT,,,,,0.0,0.0,0.0,0
286710,2.581403,2.581403,2.581403,2.581403,2.581403,2.581403,udp,0.0,,cs0,,63.0,,1.0,,Start,2,2,0,84,84,0,42.0,0.0,130.161774,130.161774,0.0,0,0,0,0.0,,,0.387386,0.387386,0.0,INT,,,,,0.0,0.0,0.0,0
286722,2.584912,2.584912,2.584912,2.584912,2.584912,2.584912,udp,0.0,,cs0,,63.0,,1.0,,Start,2,2,0,84,84,0,42.0,0.0,129.985077,129.985077,0.0,0,0,0,0.0,,,0.38686,0.38686,0.0,INT,,,,,0.0,0.0,0.0,0
286754,2.583748,2.583748,2.583748,2.583748,2.583748,2.583748,udp,0.0,,cs0,,63.0,,1.0,,Status,2,2,0,84,84,0,42.0,0.0,130.04364,130.04364,0.0,0,0,0,0.0,,,0.387035,0.387035,0.0,REQ,,,,,0.0,0.0,0.0,0
286828,0.0,0.0,0.0,0.0,0.0,0.0,udp,0.0,,cs0,,63.0,,1.0,,Status,1,1,0,42,42,0,42.0,0.0,0.0,0.0,0.0,0,0,0,0.0,,,0.0,0.0,0.0,REQ,,,,,0.0,0.0,0.0,0
286831,2.583398,2.583398,2.583398,2.583398,2.583398,2.583398,udp,0.0,,cs0,,63.0,,1.0,,Status,2,2,0,84,84,0,42.0,0.0,130.061249,130.061249,0.0,0,0,0,0.0,,,0.387087,0.387087,0.0,REQ,,,,,0.0,0.0,0.0,0
286845,2.587814,2.587814,2.587814,2.587814,2.587814,2.587814,udp,0.0,,cs0,,63.0,,1.0,,Start,2,2,0,84,84,0,42.0,0.0,129.83931,129.83931,0.0,0,0,0,0.0,,,0.386427,0.386427,0.0,INT,,,,,0.0,0.0,0.0,0
286847,2.58782,2.58782,2.58782,2.58782,2.58782,2.58782,udp,0.0,,cs0,,63.0,,1.0,,Start,2,2,0,84,84,0,42.0,0.0,129.83902,129.83902,0.0,0,0,0,0.0,,,0.386426,0.386426,0.0,INT,,,,,0.0,0.0,0.0,0
286851,0.0,0.0,0.0,0.0,0.0,0.0,udp,0.0,,cs0,,63.0,,1.0,,Start,1,1,0,42,42,0,42.0,0.0,0.0,0.0,0.0,0,0,0,0.0,,,0.0,0.0,0.0,INT,,,,,0.0,0.0,0.0,0
286907,0.0,0.0,0.0,0.0,0.0,0.0,udp,0.0,,cs0,,63.0,,1.0,,Start,1,1,0,42,42,0,42.0,0.0,0.0,0.0,0.0,0,0,0,0.0,,,0.0,0.0,0.0,INT,,,,,0.0,0.0,0.0,0
287005,2.588777,2.588777,2.588777,2.588777,2.588777,2.588777,udp,0.0,,cs0,,63.0,,1.0,,Status,2,2,0,84,84,0,42.0,0.0,129.791016,129.791016,0.0,0,0,0,0.0,,,0.386283,0.386283,0.0,REQ,,,,,0.0,0.0,0.0,0
287054,0.0,0.0,0.0,0.0,0.0,0.0,udp,0.0,,cs0,,63.0,,1.0,,Start,1,1,0,42,42,0,42.0,0.0,0.0,0.0,0.0,0,0,0,0.0,,,0.0,0.0,0.0,INT,,,,,0.0,0.0,0.0,0
287179,0.0,0.0,0.0,0.0,0.0,0.0,udp,0.0,,cs0,,63.0,,1.0,,Start,1,1,0,42,42,0,42.0,0.0,0.0,0.0,0.0,0,0,0,0.0,,,0.0,0.0,0.0,INT,,,,,0.0,0.0,0.0,0
287235,2.586165,2.586165,2.586165,2.586165,2.586165,2.586165,udp,0.0,,cs0,,63.0,,1.0,,Start,2,2,0,84,84,0,42.0,0.0,129.922104,129.922104,0.0,0,0,0,0.0,,,0.386673,0.386673,0.0,INT,,,,,0.0,0.0,0.0,0
287314,0.0,0.0,0.0,0.0,0.0,0.0,udp,0.0,,cs0,,63.0,,1.0,,Start,1,1,0,42,42,0,42.0,0.0,0.0,0.0,0.0,0,0,0,0.0,,,0.0,0.0,0.0,INT,,,,,0.0,0.0,0.0,0
287519,2.585045,2.585045,2.585045,2.585045,2.585045,2.585045,udp,0.0,,cs0,,63.0,,1.0,,Status,2,2,0,84,84,0,42.0,0.0,129.978394,129.978394,0.0,0,0,0,0.0,,,0.38684,0.38684,0.0,REQ,,,,,0.0,0.0,0.0,0
287555,2.585567,2.585567,2.585567,2.585567,2.585567,2.585567,udp,0.0,,cs0,,63.0,,1.0,,Status,2,2,0,84,84,0,42.0,0.0,129.952148,129.952148,0.0,0,0,0,0.0,,,0.386762,0.386762,0.0,REQ,,,,,0.0,0.0,0.0,0
287595,2.584038,2.584038,2.584038,2.584038,2.584038,2.584038,udp,0.0,,cs0,,63.0,,1.0,,Status,2,2,0,84,84,0,42.0,0.0,130.029053,130.029053,0.0,0,0,0,0.0,,,0.386991,0.386991,0.0,REQ,,,,,0.0,0.0,0.0,0
287625,2.587339,2.587339,2.587339,2.587339,2.587339,2.587339,udp,0.0,,cs0,,63.0,,1.0,,Status,2,2,0,84,84,0,42.0,0.0,129.863159,129.863159,0.0,0,0,0,0.0,,,0.386497,0.386497,0.0,REQ,,,,,0.0,0.0,0.0,0
287674,2.58615,2.58615,2.58615,2.58615,2.58615,2.58615,udp,0.0,,cs0,,63.0,,1.0,,Start,2,2,0,84,84,0,42.0,0.0,129.922867,129.922867,0.0,0,0,0,0.0,,,0.386675,0.386675,0.0,INT,,,,,0.0,0.0,0.0,0
287686,2.58828,2.58828,2.58828,2.58828,2.58828,2.58828,udp,0.0,,cs0,,63.0,,1.0,,Status,2,2,0,84,84,0,42.0,0.0,129.815948,129.815948,0.0,0,0,0,0.0,,,0.386357,0.386357,0.0,REQ,,,,,0.0,0.0,0.0,0
287698,2.584981,2.584981,2.584981,2.584981,2.584981,2.584981,udp,0.0,,cs0,,63.0,,1.0,,Start,2,2,0,84,84,0,42.0,0.0,129.981613,129.981613,0.0,0,0,0,0.0,,,0.38685,0.38685,0.0,INT,,,,,0.0,0.0,0.0,0
287811,0.0,0.0,0.0,0.0,0.0,0.0,udp,0.0,,cs0,,63.0,,1.0,,Status,1,1,0,42,42,0,42.0,0.0,0.0,0.0,0.0,0,0,0,0.0,,,0.0,0.0,0.0,REQ,,,,,0.0,0.0,0.0,0
287826,0.0,0.0,0.0,0.0,0.0,0.0,udp,0.0,,cs0,,63.0,,1.0,,Status,1,1,0,42,42,0,42.0,0.0,0.0,0.0,0.0,0,0,0,0.0,,,0.0,0.0,0.0,REQ,,,,,0.0,0.0,0.0,0
287863,0.0,0.0,0.0,0.0,0.0,0.0,udp,0.0,,cs0,,63.0,,1.0,,Status,1,1,0,42,42,0,42.0,0.0,0.0,0.0,0.0,0,0,0,0.0,,,0.0,0.0,0.0,REQ,,,,,0.0,0.0,0.0,0
287910,0.0,0.0,0.0,0.0,0.0,0.0,udp,0.0,,cs0,,63.0,,1.0,,Start,1,1,0,42,42,0,42.0,0.0,0.0,0.0,0.0,0,0,0,0.0,,,0.0,0.0,0.0,INT,,,,,0.0,0.0,0.0,0
288006,2.590433,2.590433,2.590433,2.590433,2.590433,2.590433,udp,0.0,,cs0,,63.0,,1.0,,Status,2,2,0,84,84,0,42.0,0.0,129.708054,129.708054,0.0,0,0,0,0.0,,,0.386036,0.386036,0.0,REQ,,,,,0.0,0.0,0.0,0
288027,2.587448,2.587448,2.587448,2.587448,2.587448,2.587448,udp,0.0,,cs0,,63.0,,1.0,,Status,2,2,0,84,84,0,42.0,0.0,129.857681,129.857681,0.0,0,0,0,0.0,,,0.386481,0.386481,0.0,REQ,,,,,0.0,0.0,0.0,0
288208,0.0,0.0,0.0,0.0,0.0,0.0,udp,0.0,,cs0,,63.0,,1.0,,Status,1,1,0,42,42,0,42.0,0.0,0.0,0.0,0.0,0,0,0,0.0,,,0.0,0.0,0.0,REQ,,,,,0.0,0.0,0.0,0
288216,0.0,0.0,0.0,0.0,0.0,0.0,udp,0.0,,cs0,,63.0,,1.0,,Status,1,1,0,42,42,0,42.0,0.0,0.0,0.0,0.0,0,0,0,0.0,,,0.0,0.0,0.0,REQ,,,,,0.0,0.0,0.0,0
288252,0.0,0.0,0.0,0.0,0.0,0.0,udp,0.0,,cs0,,63.0,,1.0,,Status,1,1,0,42,42,0,42.0,0.0,0.0,0.0,0.0,0,0,0,0.0,,,0.0,0.0,0.0,REQ,,,,,0.0,0.0,0.0,0
288297,2.586571,2.586571,2.586571,2.586571,2.586571,2.586571,udp,0.0,,cs0,,63.0,,1.0,,Status,2,2,0,84,84,0,42.0,0.0,129.901718,129.901718,0.0,0,0,0,0.0,,,0.386612,0.386612,0.0,REQ,,,,,0.0,0.0,0.0,0
288331,2.588989,2.588989,2.588989,2.588989,2.588989,2.588989,udp,0.0,,cs0,,63.0,,1.0,,Status,2,2,0,84,84,0,42.0,0.0,129.780396,129.780396,0.0,0,0,0,0.0,,,0.386251,0.386251,0.0,REQ,,,,,0.0,0.0,0.0,0
288382,2.592437,2.592437,2.592437,2.592437,2.592437,2.592437,udp,0.0,,cs0,,63.0,,1.0,,Start,2,2,0,84,84,0,42.0,0.0,129.607773,129.607773,0.0,0,0,0,0.0,,,0.385737,0.385737,0.0,INT,,,,,0.0,0.0,0.0,0
288404,0.0,0.0,0.0,0.0,0.0,0.0,udp,0.0,,cs0,,63.0,,1.0,,Status,1,1,0,42,42,0,42.0,0.0,0.0,0.0,0.0,0,0,0,0.0,,,0.0,0.0,0.0,REQ,,,,,0.0,0.0,0.0,0
288408,0.0,0.0,0.0,0.0,0.0,0.0,udp,0.0,,cs0,,63.0,,1.0,,Status,1,1,0,42,42,0,42.0,0.0,0.0,0.0,0.0,0,0,0,0.0,,,0.0,0.0,0.0,REQ,,,,,0.0,0.0,0.0,0
288423,0.0,0.0,0.0,0.0,0.0,0.0,udp,0.0,,cs0,,63.0,,1.0,,Start,1,1,0,42,42,0,42.0,0.0,0.0,0.0,0.0,0,0,0,0.0,,,0.0,0.0,0.0,INT,,,,,0.0,0.0,0.0,0
288484,2.579123,2.579123,2.579123,2.579123,2.579123,2.579123,udp,0.0,,cs0,,63.0,,1.0,,Start,2,2,0,84,84,0,42.0,0.0,130.27684,130.27684,0.0,0,0,0,0.0,,,0.387729,0.387729,0.0,INT,,,,,0.0,0.0,0.0,0
288485,2.579123,2.579123,2.579123,2.579123,2.579123,2.579123,udp,0.0,,cs0,,63.0,,1.0,,Start,2,2,0,84,84,0,42.0,0.0,130.27684,130.27684,0.0,0,0,0,0.0,,,0.387729,0.387729,0.0,INT,,,,,0.0,0.0,0.0,0
288506,2.579252,2.579252,2.579252,2.579252,2.579252,2.579252,udp,0.0,,cs0,,63.0,,1.0,,Status,2,2,0,84,84,0,42.0,0.0,130.270325,130.270325,0.0,0,0,0,0.0,,,0.387709,0.387709,0.0,REQ,,,,,0.0,0.0,0.0,0
288556,2.58512,2.58512,2.58512,2.58512,2.58512,2.58512,udp,0.0,,cs0,,63.0,,1.0,,Status,2,2,0,84,84,0,42.0,0.0,129.974625,129.974625,0.0,0,0,0,0.0,,,0.386829,0.386829,0.0,REQ,,,,,0.0,0.0,0.0,0
288620,2.590911,2.590911,2.590911,2.590911,2.590911,2.590911,udp,0.0,,cs0,,63.0,,1.0,,Status,2,2,0,84,84,0,42.0,0.0,129.684113,129.684113,0.0,0,0,0,0.0,,,0.385965,0.385965,0.0,REQ,,,,,0.0,0.0,0.0,0
288625,2.59006,2.59006,2.59006,2.59006,2.59006,2.59006,udp,0.0,,cs0,,63.0,,1.0,,Status,2,2,0,84,84,0,42.0,0.0,129.72673,129.72673,0.0,0,0,0,0.0,,,0.386091,0.386091,0.0,REQ,,,,,0.0,0.0,0.0,0
288678,2.584423,2.584423,2.584423,2.584423,2.584423,2.584423,udp,0.0,,cs0,,63.0,,1.0,,Start,2,2,0,84,84,0,42.0,0.0,130.009674,130.009674,0.0,0,0,0,0.0,,,0.386934,0.386934,0.0,INT,,,,,0.0,0.0,0.0,0
288813,2.586368,2.586368,2.586368,2.586368,2.586368,2.586368,udp,0.0,,cs0,,63.0,,1.0,,Status,2,2,0,84,84,0,42.0,0.0,129.911896,129.911896,0.0,0,0,0,0.0,,,0.386643,0.386643,0.0,REQ,,,,,0.0,0.0,0.0,0
289042,0.0,0.0,0.0,0.0,0.0,0.0,udp,0.0,,cs0,,63.0,,1.0,,Status,1,1,0,42,42,0,42.0,0.0,0.0,0.0,0.0,0,0,0,0.0,,,0.0,0.0,0.0,REQ,,,,,0.0,0.0,0.0,0
289071,2.58176,2.58176,2.58176,2.58176,2.58176,2.58176,udp,0.0,,cs0,,63.0,,1.0,,Status,2,2,0,84,84,0,42.0,0.0,130.143784,130.143784,0.0,0,0,0,0.0,,,0.387333,0.387333,0.0,REQ,,,,,0.0,0.0,0.0,0
289076,2.581846,2.581846,2.581846,2.581846,2.581846,2.581846,udp,0.0,,cs0,,63.0,,1.0,,Status,2,2,0,84,84,0,42.0,0.0,130.13945,130.13945,0.0,0,0,0,0.0,,,0.38732,0.38732,0.0,REQ,,,,,0.0,0.0,0.0,0
289107,2.577781,2.577781,2.577781,2.577781,2.577781,2.577781,udp,0.0,,cs0,,63.0,,1.0,,Status,2,2,0,84,84,0,42.0,0.0,130.344666,130.344666,0.0,0,0,0,0.0,,,0.387931,0.387931,0.0,REQ,,,,,0.0,0.0,0.0,0
289159,0.0,0.0,0.0,0.0,0.0,0.0,udp,0.0,,cs0,,63.0,,1.0,,Status,1,1,0,42,42,0,42.0,0.0,0.0,0.0,0.0,0,0,0,0.0,,,0.0,0.0,0.0,REQ,,,,,0.0,0.0,0.0,0
289179,2.591602,2.591602,2.591602,2.591602,2.591602,2.591602,udp,0.0,,cs0,,63.0,,1.0,,Start,2,2,0,84,84,0,42.0,0.0,129.649536,129.649536,0.0,0,0,0,0.0,,,0.385862,0.385862,0.0,INT,,,,,0.0,0.0,0.0,0
289227,2.586148,2.586148,2.586148,2.586148,2.586148,2.586148,udp,0.0,,cs0,,63.0,,1.0,,Status,2,2,0,84,84,0,42.0,0.0,129.922958,129.922958,0.0,0,0,0,0.0,,,0.386675,0.386675,0.0,REQ,,,,,0.0,0.0,0.0,0
289254,2.591952,2.591952,2.591952,2.591952,2.591952,2.591952,udp,0.0,,cs0,,63.0,,1.0,,Status,2,2,0,84,84,0,42.0,0.0,129.632019,129.632019,0.0,0,0,0,0.0,,,0.38581,0.38581,0.0,REQ,,,,,0.0,0.0,0.0,0
289269,0.0,0.0,0.0,0.0,0.0,0.0,udp,0.0,,cs0,,63.0,,1.0,,Start,1,1,0,42,42,0,42.0,0.0,0.0,0.0,0.0,0,0,0,0.0,,,0.0,0.0,0.0,INT,,,,,0.0,0.0,0.0,0
289336,0.0,0.0,0.0,0.0,0.0,0.0,udp,0.0,,cs0,,63.0,,1.0,,Start,1,1,0,42,42,0,42.0,0.0,0.0,0.0,0.0,0,0,0,0.0,,,0.0,0.0,0.0,INT,,,,,0.0,0.0,0.0,0
289394,0.0,0.0,0.0,0.0,0.0,0.0,udp,0.0,,cs0,,63.0,,1.0,,Status,1,1,0,42,42,0,42.0,0.0,0.0,0.0,0.0,0,0,0,0.0,,,0.0,0.0,0.0,REQ,,,,,0.0,0.0,0.0,0
289419,0.0,0.0,0.0,0.0,0.0,0.0,udp,0.0,,cs0,,63.0,,1.0,,Status,1,1,0,42,42,0,42.0,0.0,0.0,0.0,0.0,0,0,0,0.0,,,0.0,0.0,0.0,REQ,,,,,0.0,0.0,0.0,0
289592,0.0,0.0,0.0,0.0,0.0,0.0,udp,0.0,,cs0,,63.0,,1.0,,Status,1,1,0,42,42,0,42.0,0.0,0.0,0.0,0.0,0,0,0,0.0,,,0.0,0.0,0.0,REQ,,,,,0.0,0.0,0.0,0
289625,2.58423,2.58423,2.58423,2.58423,2.58423,2.58423,udp,0.0,,cs0,,63.0,,1.0,,Status,2,2,0,84,84,0,42.0,0.0,130.019394,130.019394,0.0,0,0,0,0.0,,,0.386962,0.386962,0.0,REQ,,,,,0.0,0.0,0.0,0
289631,2.584059,2.584059,2.584059,2.584059,2.584059,2.584059,udp,0.0,,cs0,,63.0,,1.0,,Status,2,2,0,84,84,0,42.0,0.0,130.027985,130.027985,0.0,0,0,0,0.0,,,0.386988,0.386988,0.0,REQ,,,,,0.0,0.0,0.0,0
289798,0.0,0.0,0.0,0.0,0.0,0.0,udp,0.0,,cs0,,63.0,,1.0,,Status,1,1,0,42,42,0,42.0,0.0,0.0,0.0,0.0,0,0,0,0.0,,,0.0,0.0,0.0,REQ,,,,,0.0,0.0,0.0,0
289859,2.586962,2.586962,2.586962,2.586962,2.586962,2.586962,udp,0.0,,cs0,,63.0,,1.0,,Status,2,2,0,84,84,0,42.0,0.0,129.88208,129.88208,0.0,0,0,0,0.0,,,0.386554,0.386554,0.0,REQ,,,,,0.0,0.0,0.0,0
289863,2.586962,2.586962,2.586962,2.586962,2.586962,2.586962,udp,0.0,,cs0,,63.0,,1.0,,Status,2,2,0,84,84,0,42.0,0.0,129.88208,129.88208,0.0,0,0,0,0.0,,,0.386554,0.386554,0.0,REQ,,,,,0.0,0.0,0.0,0
289882,2.586966,2.586966,2.586966,2.586966,2.586966,2.586966,udp,0.0,,cs0,,63.0,,1.0,,Status,2,2,0,84,84,0,42.0,0.0,129.881882,129.881882,0.0,0,0,0,0.0,,,0.386553,0.386553,0.0,REQ,,,,,0.0,0.0,0.0,0
289888,2.590497,2.590497,2.590497,2.590497,2.590497,2.590497,udp,0.0,,cs0,,63.0,,1.0,,Status,2,2,0,84,84,0,42.0,0.0,129.704834,129.704834,0.0,0,0,0,0.0,,,0.386026,0.386026,0.0,REQ,,,,,0.0,0.0,0.0,0
290022,2.586255,2.586255,2.586255,2.586255,2.586255,2.586255,udp,0.0,,cs0,,63.0,,1.0,,Status,2,2,0,84,84,0,42.0,0.0,129.917587,129.917587,0.0,0,0,0,0.0,,,0.386659,0.386659,0.0,REQ,,,,,0.0,0.0,0.0,0
290109,0.0,0.0,0.0,0.0,0.0,0.0,udp,0.0,,cs0,,63.0,,1.0,,Status,1,1,0,42,42,0,42.0,0.0,0.0,0.0,0.0,0,0,0,0.0,,,0.0,0.0,0.0,REQ,,,,,0.0,0.0,0.0,0
290134,0.0,0.0,0.0,0.0,0.0,0.0,udp,0.0,,cs0,,63.0,,1.0,,Status,1,1,0,42,42,0,42.0,0.0,0.0,0.0,0.0,0,0,0,0.0,,,0.0,0.0,0.0,REQ,,,,,0.0,0.0,0.0,0
290148,0.0,0.0,0.0,0.0,0.0,0.0,udp,0.0,,cs0,,63.0,,1.0,,Status,1,1,0,42,42,0,42.0,0.0,0.0,0.0,0.0,0,0,0,0.0,,,0.0,0.0,0.0,REQ,,,,,0.0,0.0,0.0,0
290211,2.590174,2.590174,2.590174,2.590174,2.590174,2.590174,udp,0.0,,cs0,,63.0,,1.0,,Status,2,2,0,84,84,0,42.0,0.0,129.721024,129.721024,0.0,0,0,0,0.0,,,0.386074,0.386074,0.0,REQ,,,,,0.0,0.0,0.0,0
290221,2.586289,2.586289,2.586289,2.586289,2.586289,2.586289,udp,0.0,,cs0,,63.0,,1.0,,Status,2,2,0,84,84,0,42.0,0.0,129.915878,129.915878,0.0,0,0,0,0.0,,,0.386654,0.386654,0.0,REQ,,,,,0.0,0.0,0.0,0
290273,0.0,0.0,0.0,0.0,0.0,0.0,udp,0.0,,cs0,,63.0,,1.0,,Status,1,1,0,42,42,0,42.0,0.0,0.0,0.0,0.0,0,0,0,0.0,,,0.0,0.0,0.0,REQ,,,,,0.0,0.0,0.0,0
290311,0.0,0.0,0.0,0.0,0.0,0.0,udp,0.0,,cs0,,63.0,,1.0,,Status,1,1,0,42,42,0,42.0,0.0,0.0,0.0,0.0,0,0,0,0.0,,,0.0,0.0,0.0,REQ,,,,,0.0,0.0,0.0,0
290348,2.590773,2.590773,2.590773,2.590773,2.590773,2.590773,udp,0.0,,cs0,,63.0,,1.0,,Status,2,2,0,84,84,0,42.0,0.0,129.691025,129.691025,0.0,0,0,0,0.0,,,0.385985,0.385985,0.0,REQ,,,,,0.0,0.0,0.0,0
290369,2.590688,2.590688,2.590688,2.590688,2.590688,2.590688,udp,0.0,,cs0,,63.0,,1.0,,Status,2,2,0,84,84,0,42.0,0.0,129.695282,129.695282,0.0,0,0,0,0.0,,,0.385998,0.385998,0.0,REQ,,,,,0.0,0.0,0.0,0
290378,2.586332,2.586332,2.586332,2.586332,2.586332,2.586332,udp,0.0,,cs0,,63.0,,1.0,,Start,2,2,0,84,84,0,42.0,0.0,129.913712,129.913712,0.0,0,0,0,0.0,,,0.386648,0.386648,0.0,INT,,,,,0.0,0.0,0.0,0
290440,2.589598,2.589598,2.589598,2.589598,2.589598,2.589598,udp,0.0,,cs0,,63.0,,1.0,,Start,2,2,0,84,84,0,42.0,0.0,129.749878,129.749878,0.0,0,0,0,0.0,,,0.38616,0.38616,0.0,INT,,,,,0.0,0.0,0.0,0
290455,2.590192,2.590192,2.590192,2.590192,2.590192,2.590192,udp,0.0,,cs0,,63.0,,1.0,,Status,2,2,0,84,84,0,42.0,0.0,129.720108,129.720108,0.0,0,0,0,0.0,,,0.386072,0.386072,0.0,REQ,,,,,0.0,0.0,0.0,0
290457,2.589164,2.589164,2.589164,2.589164,2.589164,2.589164,udp,0.0,,cs0,,63.0,,1.0,,Status,2,2,0,84,84,0,42.0,0.0,129.771622,129.771622,0.0,0,0,0,0.0,,,0.386225,0.386225,0.0,REQ,,,,,0.0,0.0,0.0,0
290458,2.589164,2.589164,2.589164,2.589164,2.589164,2.589164,udp,0.0,,cs0,,63.0,,1.0,,Status,2,2,0,84,84,0,42.0,0.0,129.771622,129.771622,0.0,0,0,0,0.0,,,0.386225,0.386225,0.0,REQ,,,,,0.0,0.0,0.0,0
290469,0.0,0.0,0.0,0.0,0.0,0.0,udp,0.0,,cs0,,63.0,,1.0,,Status,1,1,0,42,42,0,42.0,0.0,0.0,0.0,0.0,0,0,0,0.0,,,0.0,0.0,0.0,REQ,,,,,0.0,0.0,0.0,0
290513,0.0,0.0,0.0,0.0,0.0,0.0,udp,0.0,,cs0,,63.0,,1.0,,Status,1,1,0,42,42,0,42.0,0.0,0.0,0.0,0.0,0,0,0,0.0,,,0.0,0.0,0.0,REQ,,,,,0.0,0.0,0.0,0
290525,0.0,0.0,0.0,0.0,0.0,0.0,udp,0.0,,cs0,,63.0,,1.0,,Status,1,1,0,42,42,0,42.0,0.0,0.0,0.0,0.0,0,0,0,0.0,,,0.0,0.0,0.0,REQ,,,,,0.0,0.0,0.0,0
290529,0.0,0.0,0.0,0.0,0.0,0.0,udp,0.0,,cs0,,63.0,,1.0,,Status,1,1,0,42,42,0,42.0,0.0,0.0,0.0,0.0,0,0,0,0.0,,,0.0,0.0,0.0,REQ,,,,,0.0,0.0,0.0,0
290549,2.591213,2.591213,2.591213,2.591213,2.591213,2.591213,udp,0.0,,cs0,,63.0,,1.0,,Status,2,2,0,84,84,0,42.0,0.0,129.669006,129.669006,0.0,0,0,0,0.0,,,0.38592,0.38592,0.0,REQ,,,,,0.0,0.0,0.0,0
290591,0.0,0.0,0.0,0.0,0.0,0.0,udp,0.0,,cs0,,63.0,,1.0,,Status,1,1,0,42,42,0,42.0,0.0,0.0,0.0,0.0,0,0,0,0.0,,,0.0,0.0,0.0,REQ,,,,,0.0,0.0,0.0,0
290611,0.0,0.0,0.0,0.0,0.0,0.0,udp,0.0,,cs0,,63.0,,1.0,,Status,1,1,0,42,42,0,42.0,0.0,0.0,0.0,0.0,0,0,0,0.0,,,0.0,0.0,0.0,REQ,,,,,0.0,0.0,0.0,0
290620,0.0,0.0,0.0,0.0,0.0,0.0,udp,0.0,,cs0,,63.0,,1.0,,Status,1,1,0,42,42,0,42.0,0.0,0.0,0.0,0.0,0,0,0,0.0,,,0.0,0.0,0.0,REQ,,,,,0.0,0.0,0.0,0
290630,0.0,0.0,0.0,0.0,0.0,0.0,udp,0.0,,cs0,,63.0,,1.0,,Status,1,1,0,42,42,0,42.0,0.0,0.0,0.0,0.0,0,0,0,0.0,,,0.0,0.0,0.0,REQ,,,,,0.0,0.0,0.0,0
290690,2.585915,2.585915,2.585915,2.585915,2.585915,2.585915,udp,0.0,,cs0,,63.0,,1.0,,Status,2,2,0,84,84,0,42.0,0.0,129.934662,129.934662,0.0,0,0,0,0.0,,,0.38671,0.38671,0.0,REQ,,,,,0.0,0.0,0.0,0
290724,0.0,0.0,0.0,0.0,0.0,0.0,udp,0.0,,cs0,,63.0,,1.0,,Status,1,1,0,42,42,0,42.0,0.0,0.0,0.0,0.0,0,0,0,0.0,,,0.0,0.0,0.0,REQ,,,,,0.0,0.0,0.0,0
290746,2.590274,2.590274,2.590274,2.590274,2.590274,2.590274,udp,0.0,,cs0,,63.0,,1.0,,Status,2,2,0,84,84,0,42.0,0.0,129.716003,129.716003,0.0,0,0,0,0.0,,,0.38606,0.38606,0.0,REQ,,,,,0.0,0.0,0.0,0
290757,0.0,0.0,0.0,0.0,0.0,0.0,udp,0.0,,cs0,,63.0,,1.0,,Status,1,1,0,42,42,0,42.0,0.0,0.0,0.0,0.0,0,0,0,0.0,,,0.0,0.0,0.0,REQ,,,,,0.0,0.0,0.0,0
290779,0.0,0.0,0.0,0.0,0.0,0.0,udp,0.0,,cs0,,63.0,,1.0,,Status,1,1,0,42,42,0,42.0,0.0,0.0,0.0,0.0,0,0,0,0.0,,,0.0,0.0,0.0,REQ,,,,,0.0,0.0,0.0,0
290802,2.589557,2.589557,2.589557,2.589557,2.589557,2.589557,udp,0.0,,cs0,,63.0,,1.0,,Status,2,2,0,84,84,0,42.0,0.0,129.751923,129.751923,0.0,0,0,0,0.0,,,0.386166,0.386166,0.0,REQ,,,,,0.0,0.0,0.0,0
290878,0.0,0.0,0.0,0.0,0.0,0.0,udp,0.0,,cs0,,63.0,,1.0,,Status,1,1,0,42,42,0,42.0,0.0,0.0,0.0,0.0,0,0,0,0.0,,,0.0,0.0,0.0,REQ,,,,,0.0,0.0,0.0,0
290889,0.0,0.0,0.0,0.0,0.0,0.0,udp,0.0,,cs0,,63.0,,1.0,,Status,1,1,0,42,42,0,42.0,0.0,0.0,0.0,0.0,0,0,0,0.0,,,0.0,0.0,0.0,REQ,,,,,0.0,0.0,0.0,0
290978,0.0,0.0,0.0,0.0,0.0,0.0,udp,0.0,,cs0,,63.0,,1.0,,Status,1,1,0,42,42,0,42.0,0.0,0.0,0.0,0.0,0,0,0,0.0,,,0.0,0.0,0.0,REQ,,,,,0.0,0.0,0.0,0
291026,2.590195,2.590195,2.590195,2.590195,2.590195,2.590195,udp,0.0,,cs0,,63.0,,1.0,,Status,2,2,0,84,84,0,42.0,0.0,129.719971,129.719971,0.0,0,0,0,0.0,,,0.386071,0.386071,0.0,REQ,,,,,0.0,0.0,0.0,0
291038,2.590194,2.590194,2.590194,2.590194,2.590194,2.590194,udp,0.0,,cs0,,63.0,,1.0,,Status,2,2,0,84,84,0,42.0,0.0,129.720016,129.720016,0.0,0,0,0,0.0,,,0.386071,0.386071,0.0,REQ,,,,,0.0,0.0,0.0,0
291053,2.590271,2.590271,2.590271,2.590271,2.590271,2.590271,udp,0.0,,cs0,,63.0,,1.0,,Status,2,2,0,84,84,0,42.0,0.0,129.716156,129.716156,0.0,0,0,0,0.0,,,0.38606,0.38606,0.0,REQ,,,,,0.0,0.0,0.0,0
291058,2.588765,2.588765,2.588765,2.588765,2.588765,2.588765,udp,0.0,,cs0,,63.0,,1.0,,Status,2,2,0,84,84,0,42.0,0.0,129.791626,129.791626,0.0,0,0,0,0.0,,,0.386285,0.386285,0.0,REQ,,,,,0.0,0.0,0.0,0
291095,0.0,0.0,0.0,0.0,0.0,0.0,udp,0.0,,cs0,,63.0,,1.0,,Status,1,1,0,42,42,0,42.0,0.0,0.0,0.0,0.0,0,0,0,0.0,,,0.0,0.0,0.0,REQ,,,,,0.0,0.0,0.0,0
291121,2.588135,2.588135,2.588135,2.588135,2.588135,2.588135,udp,0.0,,cs0,,63.0,,1.0,,Start,2,2,0,84,84,0,42.0,0.0,129.823212,129.823212,0.0,0,0,0,0.0,,,0.386379,0.386379,0.0,INT,,,,,0.0,0.0,0.0,0
291130,2.588409,2.588409,2.588409,2.588409,2.588409,2.588409,udp,0.0,,cs0,,63.0,,1.0,,Status,2,2,0,84,84,0,42.0,0.0,129.809479,129.809479,0.0,0,0,0,0.0,,,0.386338,0.386338,0.0,REQ,,,,,0.0,0.0,0.0,0
291132,2.587241,2.587241,2.587241,2.587241,2.587241,2.587241,udp,0.0,,cs0,,63.0,,1.0,,Status,2,2,0,84,84,0,42.0,0.0,129.868073,129.868073,0.0,0,0,0,0.0,,,0.386512,0.386512,0.0,REQ,,,,,0.0,0.0,0.0,0
291240,2.587217,2.587217,2.587217,2.587217,2.587217,2.587217,udp,0.0,,cs0,,63.0,,1.0,,Status,2,2,0,84,84,0,42.0,0.0,129.869278,129.869278,0.0,0,0,0,0.0,,,0.386516,0.386516,0.0,REQ,,,,,0.0,0.0,0.0,0
291242,2.587217,2.587217,2.587217,2.587217,2.587217,2.587217,udp,0.0,,cs0,,63.0,,1.0,,Status,2,2,0,84,84,0,42.0,0.0,129.869278,129.869278,0.0,0,0,0,0.0,,,0.386516,0.386516,0.0,REQ,,,,,0.0,0.0,0.0,0
291368,0.0,0.0,0.0,0.0,0.0,0.0,udp,0.0,,cs0,,63.0,,1.0,,Start,1,1,0,42,42,0,42.0,0.0,0.0,0.0,0.0,0,0,0,0.0,,,0.0,0.0,0.0,INT,,,,,0.0,0.0,0.0,0
291473,2.601023,2.601023,2.601023,2.601023,2.601023,2.601023,udp,0.0,,cs0,,63.0,,1.0,,Status,2,2,0,84,84,0,42.0,0.0,129.179947,129.179947,0.0,0,0,0,0.0,,,0.384464,0.384464,0.0,REQ,,,,,0.0,0.0,0.0,0
291546,0.0,0.0,0.0,0.0,0.0,0.0,udp,0.0,,cs0,,63.0,,1.0,,Status,1,1,0,42,42,0,42.0,0.0,0.0,0.0,0.0,0,0,0,0.0,,,0.0,0.0,0.0,REQ,,,,,0.0,0.0,0.0,0
291574,0.0,0.0,0.0,0.0,0.0,0.0,udp,0.0,,cs0,,63.0,,1.0,,Status,1,1,0,42,42,0,42.0,0.0,0.0,0.0,0.0,0,0,0,0.0,,,0.0,0.0,0.0,REQ,,,,,0.0,0.0,0.0,0
291591,0.0,0.0,0.0,0.0,0.0,0.0,udp,0.0,,cs0,,63.0,,1.0,,Status,1,1,0,42,42,0,42.0,0.0,0.0,0.0,0.0,0,0,0,0.0,,,0.0,0.0,0.0,REQ,,,,,0.0,0.0,0.0,0
291663,2.589496,2.589496,2.589496,2.589496,2.589496,2.589496,udp,0.0,,cs0,,63.0,,1.0,,Status,2,2,0,84,84,0,42.0,0.0,129.75499,129.75499,0.0,0,0,0,0.0,,,0.386176,0.386176,0.0,REQ,,,,,0.0,0.0,0.0,0
291682,2.589451,2.589451,2.589451,2.589451,2.589451,2.589451,udp,0.0,,cs0,,63.0,,1.0,,Status,2,2,0,84,84,0,42.0,0.0,129.757233,129.757233,0.0,0,0,0,0.0,,,0.386182,0.386182,0.0,REQ,,,,,0.0,0.0,0.0,0
291762,2.589036,2.589036,2.589036,2.589036,2.589036,2.589036,udp,0.0,,cs0,,63.0,,1.0,,Status,2,2,0,84,84,0,42.0,0.0,129.77803,129.77803,0.0,0,0,0,0.0,,,0.386244,0.386244,0.0,REQ,,,,,0.0,0.0,0.0,0
291767,0.0,0.0,0.0,0.0,0.0,0.0,udp,0.0,,cs0,,63.0,,1.0,,Status,1,1,0,42,42,0,42.0,0.0,0.0,0.0,0.0,0,0,0,0.0,,,0.0,0.0,0.0,REQ,,,,,0.0,0.0,0.0,0
291819,2.589892,2.589892,2.589892,2.589892,2.589892,2.589892,udp,0.0,,cs0,,63.0,,1.0,,Status,2,2,0,84,84,0,42.0,0.0,129.735138,129.735138,0.0,0,0,0,0.0,,,0.386117,0.386117,0.0,REQ,,,,,0.0,0.0,0.0,0
291858,0.0,0.0,0.0,0.0,0.0,0.0,udp,0.0,,cs0,,63.0,,1.0,,Start,1,1,0,42,42,0,42.0,0.0,0.0,0.0,0.0,0,0,0,0.0,,,0.0,0.0,0.0,INT,,,,,0.0,0.0,0.0,0
291932,2.590909,2.590909,2.590909,2.590909,2.590909,2.590909,udp,0.0,,cs0,,63.0,,1.0,,Status,2,2,0,84,84,0,42.0,0.0,129.684219,129.684219,0.0,0,0,0,0.0,,,0.385965,0.385965,0.0,REQ,,,,,0.0,0.0,0.0,0
291951,0.0,0.0,0.0,0.0,0.0,0.0,udp,0.0,,cs0,,63.0,,1.0,,Status,1,1,0,42,42,0,42.0,0.0,0.0,0.0,0.0,0,0,0,0.0,,,0.0,0.0,0.0,REQ,,,,,0.0,0.0,0.0,0
292010,0.0,0.0,0.0,0.0,0.0,0.0,udp,0.0,,cs0,,63.0,,1.0,,Status,1,1,0,42,42,0,42.0,0.0,0.0,0.0,0.0,0,0,0,0.0,,,0.0,0.0,0.0,REQ,,,,,0.0,0.0,0.0,0
292052,2.594944,2.594944,2.594944,2.594944,2.594944,2.594944,udp,0.0,,cs0,,63.0,,1.0,,Status,2,2,0,84,84,0,42.0,0.0,129.482559,129.482559,0.0,0,0,0,0.0,,,0.385365,0.385365,0.0,REQ,,,,,0.0,0.0,0.0,0
292155,0.0,0.0,0.0,0.0,0.0,0.0,udp,0.0,,cs0,,63.0,,1.0,,Status,1,1,0,42,42,0,42.0,0.0,0.0,0.0,0.0,0,0,0,0.0,,,0.0,0.0,0.0,REQ,,,,,0.0,0.0,0.0,0
292192,2.589117,2.589117,2.589117,2.589117,2.589117,2.589117,udp,0.0,,cs0,,63.0,,1.0,,Status,2,2,0,84,84,0,42.0,0.0,129.773972,129.773972,0.0,0,0,0,0.0,,,0.386232,0.386232,0.0,REQ,,,,,0.0,0.0,0.0,0
292259,2.589262,2.589262,2.589262,2.589262,2.589262,2.589262,udp,0.0,,cs0,,63.0,,1.0,,Status,2,2,0,84,84,0,42.0,0.0,129.766708,129.766708,0.0,0,0,0,0.0,,,0.38621,0.38621,0.0,REQ,,,,,0.0,0.0,0.0,0
292278,0.0,0.0,0.0,0.0,0.0,0.0,udp,0.0,,cs0,,63.0,,1.0,,Status,1,1,0,42,42,0,42.0,0.0,0.0,0.0,0.0,0,0,0,0.0,,,0.0,0.0,0.0,REQ,,,,,0.0,0.0,0.0,0
292298,2.589012,2.589012,2.589012,2.589012,2.589012,2.589012,udp,0.0,,cs0,,63.0,,1.0,,Status,2,2,0,84,84,0,42.0,0.0,129.779236,129.779236,0.0,0,0,0,0.0,,,0.386248,0.386248,0.0,REQ,,,,,0.0,0.0,0.0,0
292370,0.0,0.0,0.0,0.0,0.0,0.0,udp,0.0,,cs0,,63.0,,1.0,,Status,1,1,0,42,42,0,42.0,0.0,0.0,0.0,0.0,0,0,0,0.0,,,0.0,0.0,0.0,REQ,,,,,0.0,0.0,0.0,0
292458,0.0,0.0,0.0,0.0,0.0,0.0,udp,0.0,,cs0,,63.0,,1.0,,Status,1,1,0,42,42,0,42.0,0.0,0.0,0.0,0.0,0,0,0,0.0,,,0.0,0.0,0.0,REQ,,,,,0.0,0.0,0.0,0
292517,2.594805,2.594805,2.594805,2.594805,2.594805,2.594805,udp,0.0,,cs0,,63.0,,1.0,,Status,2,2,0,84,84,0,42.0,0.0,129.489502,129.489502,0.0,0,0,0,0.0,,,0.385385,0.385385,0.0,REQ,,,,,0.0,0.0,0.0,0
292524,2.594798,2.594798,2.594798,2.594798,2.594798,2.594798,udp,0.0,,cs0,,63.0,,1.0,,Status,2,2,0,84,84,0,42.0,0.0,129.489838,129.489838,0.0,0,0,0,0.0,,,0.385386,0.385386,0.0,REQ,,,,,0.0,0.0,0.0,0
292576,2.594042,2.594042,2.594042,2.594042,2.594042,2.594042,udp,0.0,,cs0,,63.0,,1.0,,Status,2,2,0,84,84,0,42.0,0.0,129.527588,129.527588,0.0,0,0,0,0.0,,,0.385499,0.385499,0.0,REQ,,,,,0.0,0.0,0.0,0
292588,0.0,0.0,0.0,0.0,0.0,0.0,udp,0.0,,cs0,,63.0,,1.0,,Status,1,1,0,42,42,0,42.0,0.0,0.0,0.0,0.0,0,0,0,0.0,,,0.0,0.0,0.0,REQ,,,,,0.0,0.0,0.0,0
292677,0.0,0.0,0.0,0.0,0.0,0.0,udp,0.0,,cs0,,63.0,,1.0,,Start,1,1,0,42,42,0,42.0,0.0,0.0,0.0,0.0,0,0,0,0.0,,,0.0,0.0,0.0,INT,,,,,0.0,0.0,0.0,0
292705,2.592261,2.592261,2.592261,2.592261,2.592261,2.592261,udp,0.0,,cs0,,63.0,,1.0,,Status,2,2,0,84,84,0,42.0,0.0,129.616577,129.616577,0.0,0,0,0,0.0,,,0.385764,0.385764,0.0,REQ,,,,,0.0,0.0,0.0,0
292792,2.592764,2.592764,2.592764,2.592764,2.592764,2.592764,udp,0.0,,cs0,,63.0,,1.0,,Status,2,2,0,84,84,0,42.0,0.0,129.591431,129.591431,0.0,0,0,0,0.0,,,0.385689,0.385689,0.0,REQ,,,,,0.0,0.0,0.0,0
292824,2.585772,2.585772,2.585772,2.585772,2.585772,2.585772,udp,0.0,,cs0,,63.0,,1.0,,Status,2,2,0,84,84,0,42.0,0.0,129.941849,129.941849,0.0,0,0,0,0.0,,,0.386732,0.386732,0.0,REQ,,,,,0.0,0.0,0.0,0
292845,0.0,0.0,0.0,0.0,0.0,0.0,udp,0.0,,cs0,,63.0,,1.0,,Status,1,1,0,42,42,0,42.0,0.0,0.0,0.0,0.0,0,0,0,0.0,,,0.0,0.0,0.0,REQ,,,,,0.0,0.0,0.0,0
292850,0.0,0.0,0.0,0.0,0.0,0.0,udp,0.0,,cs0,,63.0,,1.0,,Status,1,1,0,42,42,0,42.0,0.0,0.0,0.0,0.0,0,0,0,0.0,,,0.0,0.0,0.0,REQ,,,,,0.0,0.0,0.0,0
292870,2.587663,2.587663,2.587663,2.587663,2.587663,2.587663,udp,0.0,,cs0,,63.0,,1.0,,Status,2,2,0,84,84,0,42.0,0.0,129.846893,129.846893,0.0,0,0,0,0.0,,,0.386449,0.386449,0.0,REQ,,,,,0.0,0.0,0.0,0
292876,2.58772,2.58772,2.58772,2.58772,2.58772,2.58772,udp,0.0,,cs0,,63.0,,1.0,,Status,2,2,0,84,84,0,42.0,0.0,129.84404,129.84404,0.0,0,0,0,0.0,,,0.386441,0.386441,0.0,REQ,,,,,0.0,0.0,0.0,0
292904,0.0,0.0,0.0,0.0,0.0,0.0,udp,0.0,,cs0,,63.0,,1.0,,Status,1,1,0,42,42,0,42.0,0.0,0.0,0.0,0.0,0,0,0,0.0,,,0.0,0.0,0.0,REQ,,,,,0.0,0.0,0.0,0
292953,0.0,0.0,0.0,0.0,0.0,0.0,udp,0.0,,cs0,,63.0,,1.0,,Status,1,1,0,42,42,0,42.0,0.0,0.0,0.0,0.0,0,0,0,0.0,,,0.0,0.0,0.0,REQ,,,,,0.0,0.0,0.0,0
293010,0.0,0.0,0.0,0.0,0.0,0.0,udp,0.0,,cs0,,63.0,,1.0,,Status,1,1,0,42,42,0,42.0,0.0,0.0,0.0,0.0,0,0,0,0.0,,,0.0,0.0,0.0,REQ,,,,,0.0,0.0,0.0,0
293038,2.586347,2.586347,2.586347,2.586347,2.586347,2.586347,udp,0.0,,cs0,,63.0,,1.0,,Status,2,2,0,84,84,0,42.0,0.0,129.912964,129.912964,0.0,0,0,0,0.0,,,0.386646,0.386646,0.0,REQ,,,,,0.0,0.0,0.0,0
293067,0.0,0.0,0.0,0.0,0.0,0.0,udp,0.0,,cs0,,63.0,,1.0,,Status,1,1,0,42,42,0,42.0,0.0,0.0,0.0,0.0,0,0,0,0.0,,,0.0,0.0,0.0,REQ,,,,,0.0,0.0,0.0,0
293142,0.0,0.0,0.0,0.0,0.0,0.0,udp,0.0,,cs0,,63.0,,1.0,,Status,1,1,0,42,42,0,42.0,0.0,0.0,0.0,0.0,0,0,0,0.0,,,0.0,0.0,0.0,REQ,,,,,0.0,0.0,0.0,0
293152,0.0,0.0,0.0,0.0,0.0,0.0,udp,0.0,,cs0,,63.0,,1.0,,Status,1,1,0,42,42,0,42.0,0.0,0.0,0.0,0.0,0,0,0,0.0,,,0.0,0.0,0.0,REQ,,,,,0.0,0.0,0.0,0
293168,2.589327,2.589327,2.589327,2.589327,2.589327,2.589327,udp,0.0,,cs0,,63.0,,1.0,,Status,2,2,0,84,84,0,42.0,0.0,129.763443,129.763443,0.0,0,0,0,0.0,,,0.386201,0.386201,0.0,REQ,,,,,0.0,0.0,0.0,0
293181,0.0,0.0,0.0,0.0,0.0,0.0,udp,0.0,,cs0,,63.0,,1.0,,Status,1,1,0,42,42,0,42.0,0.0,0.0,0.0,0.0,0,0,0,0.0,,,0.0,0.0,0.0,REQ,,,,,0.0,0.0,0.0,0
293187,0.0,0.0,0.0,0.0,0.0,0.0,udp,0.0,,cs0,,63.0,,1.0,,Status,1,1,0,42,42,0,42.0,0.0,0.0,0.0,0.0,0,0,0,0.0,,,0.0,0.0,0.0,REQ,,,,,0.0,0.0,0.0,0
293201,2.587002,2.587002,2.587002,2.587002,2.587002,2.587002,udp,0.0,,cs0,,63.0,,1.0,,Status,2,2,0,84,84,0,42.0,0.0,129.880066,129.880066,0.0,0,0,0,0.0,,,0.386548,0.386548,0.0,REQ,,,,,0.0,0.0,0.0,0
293293,0.0,0.0,0.0,0.0,0.0,0.0,udp,0.0,,cs0,,63.0,,1.0,,Status,1,1,0,42,42,0,42.0,0.0,0.0,0.0,0.0,0,0,0,0.0,,,0.0,0.0,0.0,REQ,,,,,0.0,0.0,0.0,0
293414,0.0,0.0,0.0,0.0,0.0,0.0,udp,0.0,,cs0,,63.0,,1.0,,Status,1,1,0,42,42,0,42.0,0.0,0.0,0.0,0.0,0,0,0,0.0,,,0.0,0.0,0.0,REQ,,,,,0.0,0.0,0.0,0
293416,0.0,0.0,0.0,0.0,0.0,0.0,udp,0.0,,cs0,,63.0,,1.0,,Status,1,1,0,42,42,0,42.0,0.0,0.0,0.0,0.0,0,0,0,0.0,,,0.0,0.0,0.0,REQ,,,,,0.0,0.0,0.0,0
293484,2.588028,2.588028,2.588028,2.588028,2.588028,2.588028,udp,0.0,,cs0,,63.0,,1.0,,Status,2,2,0,84,84,0,42.0,0.0,129.828583,129.828583,0.0,0,0,0,0.0,,,0.386395,0.386395,0.0,REQ,,,,,0.0,0.0,0.0,0
293543,2.589264,2.589264,2.589264,2.589264,2.589264,2.589264,udp,0.0,,cs0,,63.0,,1.0,,Status,2,2,0,84,84,0,42.0,0.0,129.766617,129.766617,0.0,0,0,0,0.0,,,0.38621,0.38621,0.0,REQ,,,,,0.0,0.0,0.0,0
293613,2.590416,2.590416,2.590416,2.590416,2.590416,2.590416,udp,0.0,,cs0,,63.0,,1.0,,Status,2,2,0,84,84,0,42.0,0.0,129.708893,129.708893,0.0,0,0,0,0.0,,,0.386038,0.386038,0.0,REQ,,,,,0.0,0.0,0.0,0
293664,0.0,0.0,0.0,0.0,0.0,0.0,udp,0.0,,cs0,,63.0,,1.0,,Status,1,1,0,42,42,0,42.0,0.0,0.0,0.0,0.0,0,0,0,0.0,,,0.0,0.0,0.0,REQ,,,,,0.0,0.0,0.0,0
293701,0.0,0.0,0.0,0.0,0.0,0.0,udp,0.0,,cs0,,63.0,,1.0,,Status,1,1,0,42,42,0,42.0,0.0,0.0,0.0,0.0,0,0,0,0.0,,,0.0,0.0,0.0,REQ,,,,,0.0,0.0,0.0,0
293763,2.586011,2.586011,2.586011,2.586011,2.586011,2.586011,udp,0.0,,cs0,,63.0,,1.0,,Status,2,2,0,84,84,0,42.0,0.0,129.92984,129.92984,0.0,0,0,0,0.0,,,0.386696,0.386696,0.0,REQ,,,,,0.0,0.0,0.0,0
293836,2.589144,2.589144,2.589144,2.589144,2.589144,2.589144,udp,0.0,,cs0,,63.0,,1.0,,Status,2,2,0,84,84,0,42.0,0.0,129.772614,129.772614,0.0,0,0,0,0.0,,,0.386228,0.386228,0.0,REQ,,,,,0.0,0.0,0.0,0
293840,2.590223,2.590223,2.590223,2.590223,2.590223,2.590223,udp,0.0,,cs0,,63.0,,1.0,,Status,2,2,0,84,84,0,42.0,0.0,129.718552,129.718552,0.0,0,0,0,0.0,,,0.386067,0.386067,0.0,REQ,,,,,0.0,0.0,0.0,0
293868,0.0,0.0,0.0,0.0,0.0,0.0,udp,0.0,,cs0,,63.0,,1.0,,Status,1,1,0,42,42,0,42.0,0.0,0.0,0.0,0.0,0,0,0,0.0,,,0.0,0.0,0.0,REQ,,,,,0.0,0.0,0.0,0
293922,2.587405,2.587405,2.587405,2.587405,2.587405,2.587405,udp,0.0,,cs0,,63.0,,1.0,,Status,2,2,0,84,84,0,42.0,0.0,129.859848,129.859848,0.0,0,0,0,0.0,,,0.386488,0.386488,0.0,REQ,,,,,0.0,0.0,0.0,0
293923,2.587405,2.587405,2.587405,2.587405,2.587405,2.587405,udp,0.0,,cs0,,63.0,,1.0,,Status,2,2,0,84,84,0,42.0,0.0,129.859848,129.859848,0.0,0,0,0,0.0,,,0.386488,0.386488,0.0,REQ,,,,,0.0,0.0,0.0,0
294075,0.0,0.0,0.0,0.0,0.0,0.0,udp,0.0,,cs0,,63.0,,1.0,,Status,1,1,0,42,42,0,42.0,0.0,0.0,0.0,0.0,0,0,0,0.0,,,0.0,0.0,0.0,REQ,,,,,0.0,0.0,0.0,0
294105,2.58085,2.58085,2.58085,2.58085,2.58085,2.58085,udp,0.0,,cs0,,63.0,,1.0,,Status,2,2,0,84,84,0,42.0,0.0,130.189667,130.189667,0.0,0,0,0,0.0,,,0.387469,0.387469,0.0,REQ,,,,,0.0,0.0,0.0,0
294187,0.0,0.0,0.0,0.0,0.0,0.0,udp,0.0,,cs0,,63.0,,1.0,,Status,1,1,0,42,42,0,42.0,0.0,0.0,0.0,0.0,0,0,0,0.0,,,0.0,0.0,0.0,REQ,,,,,0.0,0.0,0.0,0
294197,0.0,0.0,0.0,0.0,0.0,0.0,udp,0.0,,cs0,,63.0,,1.0,,Start,1,1,0,42,42,0,42.0,0.0,0.0,0.0,0.0,0,0,0,0.0,,,0.0,0.0,0.0,INT,,,,,0.0,0.0,0.0,0
294212,2.590788,2.590788,2.590788,2.590788,2.590788,2.590788,udp,0.0,,cs0,,63.0,,1.0,,Status,2,2,0,84,84,0,42.0,0.0,129.690277,129.690277,0.0,0,0,0,0.0,,,0.385983,0.385983,0.0,REQ,,,,,0.0,0.0,0.0,0
294254,2.588042,2.588042,2.588042,2.588042,2.588042,2.588042,udp,0.0,,cs0,,63.0,,1.0,,Status,2,2,0,84,84,0,42.0,0.0,129.827881,129.827881,0.0,0,0,0,0.0,,,0.386393,0.386393,0.0,REQ,,,,,0.0,0.0,0.0,0
294296,0.0,0.0,0.0,0.0,0.0,0.0,udp,0.0,,cs0,,63.0,,1.0,,Status,1,1,0,42,42,0,42.0,0.0,0.0,0.0,0.0,0,0,0,0.0,,,0.0,0.0,0.0,REQ,,,,,0.0,0.0,0.0,0
294389,0.0,0.0,0.0,0.0,0.0,0.0,udp,0.0,,cs0,,63.0,,1.0,,Status,1,1,0,42,42,0,42.0,0.0,0.0,0.0,0.0,0,0,0,0.0,,,0.0,0.0,0.0,REQ,,,,,0.0,0.0,0.0,0
294400,0.0,0.0,0.0,0.0,0.0,0.0,udp,0.0,,cs0,,63.0,,1.0,,Status,1,1,0,42,42,0,42.0,0.0,0.0,0.0,0.0,0,0,0,0.0,,,0.0,0.0,0.0,REQ,,,,,0.0,0.0,0.0,0
294505,2.593441,2.593441,2.593441,2.593441,2.593441,2.593441,udp,0.0,,cs0,,63.0,,1.0,,Status,2,2,0,84,84,0,42.0,0.0,129.557602,129.557602,0.0,0,0,0,0.0,,,0.385588,0.385588,0.0,REQ,,,,,0.0,0.0,0.0,0
294523,2.592179,2.592179,2.592179,2.592179,2.592179,2.592179,udp,0.0,,cs0,,63.0,,1.0,,Status,2,2,0,84,84,0,42.0,0.0,129.620682,129.620682,0.0,0,0,0,0.0,,,0.385776,0.385776,0.0,REQ,,,,,0.0,0.0,0.0,0
294588,0.0,0.0,0.0,0.0,0.0,0.0,udp,0.0,,cs0,,63.0,,1.0,,Status,1,1,0,42,42,0,42.0,0.0,0.0,0.0,0.0,0,0,0,0.0,,,0.0,0.0,0.0,REQ,,,,,0.0,0.0,0.0,0
294607,2.589207,2.589207,2.589207,2.589207,2.589207,2.589207,udp,0.0,,cs0,,63.0,,1.0,,Status,2,2,0,84,84,0,42.0,0.0,129.76947,129.76947,0.0,0,0,0,0.0,,,0.386219,0.386219,0.0,REQ,,,,,0.0,0.0,0.0,0
294616,2.586334,2.586334,2.586334,2.586334,2.586334,2.586334,udp,0.0,,cs0,,63.0,,1.0,,Status,2,2,0,84,84,0,42.0,0.0,129.91362,129.91362,0.0,0,0,0,0.0,,,0.386648,0.386648,0.0,REQ,,,,,0.0,0.0,0.0,0
294644,2.58634,2.58634,2.58634,2.58634,2.58634,2.58634,udp,0.0,,cs0,,63.0,,1.0,,Status,2,2,0,84,84,0,42.0,0.0,129.913315,129.913315,0.0,0,0,0,0.0,,,0.386647,0.386647,0.0,REQ,,,,,0.0,0.0,0.0,0
294679,0.0,0.0,0.0,0.0,0.0,0.0,udp,0.0,,cs0,,63.0,,1.0,,Status,1,1,0,42,42,0,42.0,0.0,0.0,0.0,0.0,0,0,0,0.0,,,0.0,0.0,0.0,REQ,,,,,0.0,0.0,0.0,0
294698,0.0,0.0,0.0,0.0,0.0,0.0,udp,0.0,,cs0,,63.0,,1.0,,Status,1,1,0,42,42,0,42.0,0.0,0.0,0.0,0.0,0,0,0,0.0,,,0.0,0.0,0.0,REQ,,,,,0.0,0.0,0.0,0
294706,0.0,0.0,0.0,0.0,0.0,0.0,udp,0.0,,cs0,,63.0,,1.0,,Status,1,1,0,42,42,0,42.0,0.0,0.0,0.0,0.0,0,0,0,0.0,,,0.0,0.0,0.0,REQ,,,,,0.0,0.0,0.0,0
294715,0.0,0.0,0.0,0.0,0.0,0.0,udp,0.0,,cs0,,63.0,,1.0,,Status,1,1,0,42,42,0,42.0,0.0,0.0,0.0,0.0,0,0,0,0.0,,,0.0,0.0,0.0,REQ,,,,,0.0,0.0,0.0,0
294737,0.0,0.0,0.0,0.0,0.0,0.0,udp,0.0,,cs0,,63.0,,1.0,,Status,1,1,0,42,42,0,42.0,0.0,0.0,0.0,0.0,0,0,0,0.0,,,0.0,0.0,0.0,REQ,,,,,0.0,0.0,0.0,0
294753,0.0,0.0,0.0,0.0,0.0,0.0,udp,0.0,,cs0,,63.0,,1.0,,Status,1,1,0,42,42,0,42.0,0.0,0.0,0.0,0.0,0,0,0,0.0,,,0.0,0.0,0.0,REQ,,,,,0.0,0.0,0.0,0
294779,2.592008,2.592008,2.592008,2.592008,2.592008,2.592008,udp,0.0,,cs0,,63.0,,1.0,,Status,2,2,0,84,84,0,42.0,0.0,129.629227,129.629227,0.0,0,0,0,0.0,,,0.385801,0.385801,0.0,REQ,,,,,0.0,0.0,0.0,0
294787,2.592021,2.592021,2.592021,2.592021,2.592021,2.592021,udp,0.0,,cs0,,63.0,,1.0,,Status,2,2,0,84,84,0,42.0,0.0,129.628586,129.628586,0.0,0,0,0,0.0,,,0.385799,0.385799,0.0,REQ,,,,,0.0,0.0,0.0,0
294839,0.0,0.0,0.0,0.0,0.0,0.0,udp,0.0,,cs0,,63.0,,1.0,,Status,1,1,0,42,42,0,42.0,0.0,0.0,0.0,0.0,0,0,0,0.0,,,0.0,0.0,0.0,REQ,,,,,0.0,0.0,0.0,0
294842,0.0,0.0,0.0,0.0,0.0,0.0,udp,0.0,,cs0,,63.0,,1.0,,Status,1,1,0,42,42,0,42.0,0.0,0.0,0.0,0.0,0,0,0,0.0,,,0.0,0.0,0.0,REQ,,,,,0.0,0.0,0.0,0
294883,2.59283,2.59283,2.59283,2.59283,2.59283,2.59283,udp,0.0,,cs0,,63.0,,1.0,,Status,2,2,0,84,84,0,42.0,0.0,129.588135,129.588135,0.0,0,0,0,0.0,,,0.385679,0.385679,0.0,REQ,,,,,0.0,0.0,0.0,0
294889,0.0,0.0,0.0,0.0,0.0,0.0,udp,0.0,,cs0,,63.0,,1.0,,Status,1,1,0,42,42,0,42.0,0.0,0.0,0.0,0.0,0,0,0,0.0,,,0.0,0.0,0.0,REQ,,,,,0.0,0.0,0.0,0
294913,0.0,0.0,0.0,0.0,0.0,0.0,udp,0.0,,cs0,,63.0,,1.0,,Status,1,1,0,42,42,0,42.0,0.0,0.0,0.0,0.0,0,0,0,0.0,,,0.0,0.0,0.0,REQ,,,,,0.0,0.0,0.0,0
294917,0.0,0.0,0.0,0.0,0.0,0.0,udp,0.0,,cs0,,63.0,,1.0,,Status,1,1,0,42,42,0,42.0,0.0,0.0,0.0,0.0,0,0,0,0.0,,,0.0,0.0,0.0,REQ,,,,,0.0,0.0,0.0,0
294919,0.0,0.0,0.0,0.0,0.0,0.0,udp,0.0,,cs0,,63.0,,1.0,,Status,1,1,0,42,42,0,42.0,0.0,0.0,0.0,0.0,0,0,0,0.0,,,0.0,0.0,0.0,REQ,,,,,0.0,0.0,0.0,0
294950,2.592123,2.592123,2.592123,2.592123,2.592123,2.592123,udp,0.0,,cs0,,63.0,,1.0,,Status,2,2,0,84,84,0,42.0,0.0,129.623474,129.623474,0.0,0,0,0,0.0,,,0.385784,0.385784,0.0,REQ,,,,,0.0,0.0,0.0,0
294995,2.591748,2.591748,2.591748,2.591748,2.591748,2.591748,udp,0.0,,cs0,,63.0,,1.0,,Status,2,2,0,84,84,0,42.0,0.0,129.642227,129.642227,0.0,0,0,0,0.0,,,0.38584,0.38584,0.0,REQ,,,,,0.0,0.0,0.0,0
295104,2.591216,2.591216,2.591216,2.591216,2.591216,2.591216,udp,0.0,,cs0,,63.0,,1.0,,Status,2,2,0,84,84,0,42.0,0.0,129.668839,129.668839,0.0,0,0,0,0.0,,,0.385919,0.385919,0.0,REQ,,,,,0.0,0.0,0.0,0
295115,2.587175,2.587175,2.587175,2.587175,2.587175,2.587175,udp,0.0,,cs0,,63.0,,1.0,,Status,2,2,0,84,84,0,42.0,0.0,129.871384,129.871384,0.0,0,0,0,0.0,,,0.386522,0.386522,0.0,REQ,,,,,0.0,0.0,0.0,0
295119,2.587175,2.587175,2.587175,2.587175,2.587175,2.587175,udp,0.0,,cs0,,63.0,,1.0,,Status,2,2,0,84,84,0,42.0,0.0,129.871384,129.871384,0.0,0,0,0,0.0,,,0.386522,0.386522,0.0,REQ,,,,,0.0,0.0,0.0,0
295174,2.590327,2.590327,2.590327,2.590327,2.590327,2.590327,udp,0.0,,cs0,,63.0,,1.0,,Status,2,2,0,84,84,0,42.0,0.0,129.713348,129.713348,0.0,0,0,0,0.0,,,0.386052,0.386052,0.0,REQ,,,,,0.0,0.0,0.0,0
295183,0.0,0.0,0.0,0.0,0.0,0.0,udp,0.0,,cs0,,63.0,,1.0,,Status,1,1,0,42,42,0,42.0,0.0,0.0,0.0,0.0,0,0,0,0.0,,,0.0,0.0,0.0,REQ,,,,,0.0,0.0,0.0,0
295187,0.0,0.0,0.0,0.0,0.0,0.0,udp,0.0,,cs0,,63.0,,1.0,,Status,1,1,0,42,42,0,42.0,0.0,0.0,0.0,0.0,0,0,0,0.0,,,0.0,0.0,0.0,REQ,,,,,0.0,0.0,0.0,0
295212,0.0,0.0,0.0,0.0,0.0,0.0,udp,0.0,,cs0,,63.0,,1.0,,Status,1,1,0,42,42,0,42.0,0.0,0.0,0.0,0.0,0,0,0,0.0,,,0.0,0.0,0.0,REQ,,,,,0.0,0.0,0.0,0
295272,2.587137,2.587137,2.587137,2.587137,2.587137,2.587137,udp,0.0,,cs0,,63.0,,1.0,,Status,2,2,0,84,84,0,42.0,0.0,129.873291,129.873291,0.0,0,0,0,0.0,,,0.386528,0.386528,0.0,REQ,,,,,0.0,0.0,0.0,0
295277,2.587609,2.587609,2.587609,2.587609,2.587609,2.587609,udp,0.0,,cs0,,63.0,,1.0,,Status,2,2,0,84,84,0,42.0,0.0,129.849594,129.849594,0.0,0,0,0,0.0,,,0.386457,0.386457,0.0,REQ,,,,,0.0,0.0,0.0,0
295305,0.0,0.0,0.0,0.0,0.0,0.0,udp,0.0,,cs0,,63.0,,1.0,,Status,1,1,0,42,42,0,42.0,0.0,0.0,0.0,0.0,0,0,0,0.0,,,0.0,0.0,0.0,REQ,,,,,0.0,0.0,0.0,0
295450,0.0,0.0,0.0,0.0,0.0,0.0,udp,0.0,,cs0,,63.0,,1.0,,Status,1,1,0,42,42,0,42.0,0.0,0.0,0.0,0.0,0,0,0,0.0,,,0.0,0.0,0.0,REQ,,,,,0.0,0.0,0.0,0
295478,0.0,0.0,0.0,0.0,0.0,0.0,udp,0.0,,cs0,,63.0,,1.0,,Status,1,1,0,42,42,0,42.0,0.0,0.0,0.0,0.0,0,0,0,0.0,,,0.0,0.0,0.0,REQ,,,,,0.0,0.0,0.0,0
295494,0.0,0.0,0.0,0.0,0.0,0.0,udp,0.0,,cs0,,63.0,,1.0,,Status,1,1,0,42,42,0,42.0,0.0,0.0,0.0,0.0,0,0,0,0.0,,,0.0,0.0,0.0,REQ,,,,,0.0,0.0,0.0,0
295550,2.592769,2.592769,2.592769,2.592769,2.592769,2.592769,udp,0.0,,cs0,,63.0,,1.0,,Status,2,2,0,84,84,0,42.0,0.0,129.591187,129.591187,0.0,0,0,0,0.0,,,0.385688,0.385688,0.0,REQ,,,,,0.0,0.0,0.0,0
295559,2.59279,2.59279,2.59279,2.59279,2.59279,2.59279,udp,0.0,,cs0,,63.0,,1.0,,Status,2,2,0,84,84,0,42.0,0.0,129.590134,129.590134,0.0,0,0,0,0.0,,,0.385685,0.385685,0.0,REQ,,,,,0.0,0.0,0.0,0
295563,2.5928,2.5928,2.5928,2.5928,2.5928,2.5928,udp,0.0,,cs0,,63.0,,1.0,,Status,2,2,0,84,84,0,42.0,0.0,129.58963,129.58963,0.0,0,0,0,0.0,,,0.385683,0.385683,0.0,REQ,,,,,0.0,0.0,0.0,0
295605,2.591834,2.591834,2.591834,2.591834,2.591834,2.591834,udp,0.0,,cs0,,63.0,,1.0,,Status,2,2,0,84,84,0,42.0,0.0,129.637924,129.637924,0.0,0,0,0,0.0,,,0.385827,0.385827,0.0,REQ,,,,,0.0,0.0,0.0,0
295614,2.589177,2.589177,2.589177,2.589177,2.589177,2.589177,udp,0.0,,cs0,,63.0,,1.0,,Start,2,2,0,84,84,0,42.0,0.0,129.770966,129.770966,0.0,0,0,0,0.0,,,0.386223,0.386223,0.0,INT,,,,,0.0,0.0,0.0,0
295667,0.0,0.0,0.0,0.0,0.0,0.0,udp,0.0,,cs0,,63.0,,1.0,,Status,1,1,0,42,42,0,42.0,0.0,0.0,0.0,0.0,0,0,0,0.0,,,0.0,0.0,0.0,REQ,,,,,0.0,0.0,0.0,0
295739,2.589916,2.589916,2.589916,2.589916,2.589916,2.589916,udp,0.0,,cs0,,63.0,,1.0,,Status,2,2,0,84,84,0,42.0,0.0,129.733932,129.733932,0.0,0,0,0,0.0,,,0.386113,0.386113,0.0,REQ,,,,,0.0,0.0,0.0,0
295804,0.0,0.0,0.0,0.0,0.0,0.0,udp,0.0,,cs0,,63.0,,1.0,,Status,1,1,0,42,42,0,42.0,0.0,0.0,0.0,0.0,0,0,0,0.0,,,0.0,0.0,0.0,REQ,,,,,0.0,0.0,0.0,0
295867,2.589113,2.589113,2.589113,2.589113,2.589113,2.589113,udp,0.0,,cs0,,63.0,,1.0,,Status,2,2,0,84,84,0,42.0,0.0,129.77417,129.77417,0.0,0,0,0,0.0,,,0.386233,0.386233,0.0,REQ,,,,,0.0,0.0,0.0,0
295884,0.0,0.0,0.0,0.0,0.0,0.0,udp,0.0,,cs0,,63.0,,1.0,,Status,1,1,0,42,42,0,42.0,0.0,0.0,0.0,0.0,0,0,0,0.0,,,0.0,0.0,0.0,REQ,,,,,0.0,0.0,0.0,0
295890,0.0,0.0,0.0,0.0,0.0,0.0,udp,0.0,,cs0,,63.0,,1.0,,Status,1,1,0,42,42,0,42.0,0.0,0.0,0.0,0.0,0,0,0,0.0,,,0.0,0.0,0.0,REQ,,,,,0.0,0.0,0.0,0
295894,0.0,0.0,0.0,0.0,0.0,0.0,udp,0.0,,cs0,,63.0,,1.0,,Status,1,1,0,42,42,0,42.0,0.0,0.0,0.0,0.0,0,0,0,0.0,,,0.0,0.0,0.0,REQ,,,,,0.0,0.0,0.0,0
295922,0.0,0.0,0.0,0.0,0.0,0.0,udp,0.0,,cs0,,63.0,,1.0,,Status,1,1,0,42,42,0,42.0,0.0,0.0,0.0,0.0,0,0,0,0.0,,,0.0,0.0,0.0,REQ,,,,,0.0,0.0,0.0,0
295970,0.0,0.0,0.0,0.0,0.0,0.0,udp,0.0,,cs0,,63.0,,1.0,,Start,1,1,0,42,42,0,42.0,0.0,0.0,0.0,0.0,0,0,0,0.0,,,0.0,0.0,0.0,INT,,,,,0.0,0.0,0.0,0
296054,2.593653,2.593653,2.593653,2.593653,2.593653,2.593653,udp,0.0,,cs0,,63.0,,1.0,,Start,2,2,0,84,84,0,42.0,0.0,129.547012,129.547012,0.0,0,0,0,0.0,,,0.385557,0.385557,0.0,INT,,,,,0.0,0.0,0.0,0
296081,2.591619,2.591619,2.591619,2.591619,2.591619,2.591619,udp,0.0,,cs0,,63.0,,1.0,,Status,2,2,0,84,84,0,42.0,0.0,129.648682,129.648682,0.0,0,0,0,0.0,,,0.385859,0.385859,0.0,REQ,,,,,0.0,0.0,0.0,0
296108,2.593801,2.593801,2.593801,2.593801,2.593801,2.593801,udp,0.0,,cs0,,63.0,,1.0,,Start,2,2,0,84,84,0,42.0,0.0,129.539627,129.539627,0.0,0,0,0,0.0,,,0.385535,0.385535,0.0,INT,,,,,0.0,0.0,0.0,0
296127,0.0,0.0,0.0,0.0,0.0,0.0,udp,0.0,,cs0,,63.0,,1.0,,Status,1,1,0,42,42,0,42.0,0.0,0.0,0.0,0.0,0,0,0,0.0,,,0.0,0.0,0.0,REQ,,,,,0.0,0.0,0.0,0
296187,0.0,0.0,0.0,0.0,0.0,0.0,udp,0.0,,cs0,,63.0,,1.0,,Status,1,1,0,42,42,0,42.0,0.0,0.0,0.0,0.0,0,0,0,0.0,,,0.0,0.0,0.0,REQ,,,,,0.0,0.0,0.0,0
296241,0.0,0.0,0.0,0.0,0.0,0.0,udp,0.0,,cs0,,63.0,,1.0,,Status,1,1,0,42,42,0,42.0,0.0,0.0,0.0,0.0,0,0,0,0.0,,,0.0,0.0,0.0,REQ,,,,,0.0,0.0,0.0,0
296248,0.0,0.0,0.0,0.0,0.0,0.0,udp,0.0,,cs0,,63.0,,1.0,,Start,1,1,0,42,42,0,42.0,0.0,0.0,0.0,0.0,0,0,0,0.0,,,0.0,0.0,0.0,INT,,,,,0.0,0.0,0.0,0
296343,0.0,0.0,0.0,0.0,0.0,0.0,udp,0.0,,cs0,,63.0,,1.0,,Status,1,1,0,42,42,0,42.0,0.0,0.0,0.0,0.0,0,0,0,0.0,,,0.0,0.0,0.0,REQ,,,,,0.0,0.0,0.0,0
296371,2.593141,2.593141,2.593141,2.593141,2.593141,2.593141,udp,0.0,,cs0,,63.0,,1.0,,Status,2,2,0,84,84,0,42.0,0.0,129.572586,129.572586,0.0,0,0,0,0.0,,,0.385633,0.385633,0.0,REQ,,,,,0.0,0.0,0.0,0
296432,2.588076,2.588076,2.588076,2.588076,2.588076,2.588076,udp,0.0,,cs0,,63.0,,1.0,,Status,2,2,0,84,84,0,42.0,0.0,129.826172,129.826172,0.0,0,0,0,0.0,,,0.386387,0.386387,0.0,REQ,,,,,0.0,0.0,0.0,0
296440,2.588042,2.588042,2.588042,2.588042,2.588042,2.588042,udp,0.0,,cs0,,63.0,,1.0,,Status,2,2,0,84,84,0,42.0,0.0,129.827881,129.827881,0.0,0,0,0,0.0,,,0.386393,0.386393,0.0,REQ,,,,,0.0,0.0,0.0,0
296523,2.58864,2.58864,2.58864,2.58864,2.58864,2.58864,udp,0.0,,cs0,,63.0,,1.0,,Start,2,2,0,84,84,0,42.0,0.0,129.797882,129.797882,0.0,0,0,0,0.0,,,0.386303,0.386303,0.0,INT,,,,,0.0,0.0,0.0,0
296527,2.589636,2.589636,2.589636,2.589636,2.589636,2.589636,udp,0.0,,cs0,,63.0,,1.0,,Start,2,2,0,84,84,0,42.0,0.0,129.747955,129.747955,0.0,0,0,0,0.0,,,0.386155,0.386155,0.0,INT,,,,,0.0,0.0,0.0,0
296530,2.590617,2.590617,2.590617,2.590617,2.590617,2.590617,udp,0.0,,cs0,,63.0,,1.0,,Start,2,2,0,84,84,0,42.0,0.0,129.698837,129.698837,0.0,0,0,0,0.0,,,0.386008,0.386008,0.0,INT,,,,,0.0,0.0,0.0,0
296568,2.589068,2.589068,2.589068,2.589068,2.589068,2.589068,udp,0.0,,cs0,,63.0,,1.0,,Status,2,2,0,84,84,0,42.0,0.0,129.776428,129.776428,0.0,0,0,0,0.0,,,0.386239,0.386239,0.0,REQ,,,,,0.0,0.0,0.0,0
296641,0.0,0.0,0.0,0.0,0.0,0.0,udp,0.0,,cs0,,63.0,,1.0,,Status,1,1,0,42,42,0,42.0,0.0,0.0,0.0,0.0,0,0,0,0.0,,,0.0,0.0,0.0,REQ,,,,,0.0,0.0,0.0,0
296671,0.0,0.0,0.0,0.0,0.0,0.0,udp,0.0,,cs0,,63.0,,1.0,,Status,1,1,0,42,42,0,42.0,0.0,0.0,0.0,0.0,0,0,0,0.0,,,0.0,0.0,0.0,REQ,,,,,0.0,0.0,0.0,0
296684,2.588814,2.588814,2.588814,2.588814,2.588814,2.588814,udp,0.0,,cs0,,63.0,,1.0,,Status,2,2,0,84,84,0,42.0,0.0,129.789154,129.789154,0.0,0,0,0,0.0,,,0.386277,0.386277,0.0,REQ,,,,,0.0,0.0,0.0,0
296796,2.593106,2.593106,2.593106,2.593106,2.593106,2.593106,udp,0.0,,cs0,,63.0,,1.0,,Status,2,2,0,84,84,0,42.0,0.0,129.574341,129.574341,0.0,0,0,0,0.0,,,0.385638,0.385638,0.0,REQ,,,,,0.0,0.0,0.0,0
296797,2.592096,2.592096,2.592096,2.592096,2.592096,2.592096,udp,0.0,,cs0,,63.0,,1.0,,Status,2,2,0,84,84,0,42.0,0.0,129.624817,129.624817,0.0,0,0,0,0.0,,,0.385788,0.385788,0.0,REQ,,,,,0.0,0.0,0.0,0
296822,0.0,0.0,0.0,0.0,0.0,0.0,udp,0.0,,cs0,,63.0,,1.0,,Status,1,1,0,42,42,0,42.0,0.0,0.0,0.0,0.0,0,0,0,0.0,,,0.0,0.0,0.0,REQ,,,,,0.0,0.0,0.0,0
296850,0.0,0.0,0.0,0.0,0.0,0.0,udp,0.0,,cs0,,63.0,,1.0,,Status,1,1,0,42,42,0,42.0,0.0,0.0,0.0,0.0,0,0,0,0.0,,,0.0,0.0,0.0,REQ,,,,,0.0,0.0,0.0,0
296872,2.593539,2.593539,2.593539,2.593539,2.593539,2.593539,udp,0.0,,cs0,,63.0,,1.0,,Status,2,2,0,84,84,0,42.0,0.0,129.552704,129.552704,0.0,0,0,0,0.0,,,0.385574,0.385574,0.0,REQ,,,,,0.0,0.0,0.0,0
296987,0.0,0.0,0.0,0.0,0.0,0.0,udp,0.0,,cs0,,63.0,,1.0,,Status,1,1,0,42,42,0,42.0,0.0,0.0,0.0,0.0,0,0,0,0.0,,,0.0,0.0,0.0,REQ,,,,,0.0,0.0,0.0,0
296989,0.0,0.0,0.0,0.0,0.0,0.0,udp,0.0,,cs0,,63.0,,1.0,,Status,1,1,0,42,42,0,42.0,0.0,0.0,0.0,0.0,0,0,0,0.0,,,0.0,0.0,0.0,REQ,,,,,0.0,0.0,0.0,0
296992,0.0,0.0,0.0,0.0,0.0,0.0,udp,0.0,,cs0,,63.0,,1.0,,Status,1,1,0,42,42,0,42.0,0.0,0.0,0.0,0.0,0,0,0,0.0,,,0.0,0.0,0.0,REQ,,,,,0.0,0.0,0.0,0
297052,0.0,0.0,0.0,0.0,0.0,0.0,udp,0.0,,cs0,,63.0,,1.0,,Status,1,1,0,42,42,0,42.0,0.0,0.0,0.0,0.0,0,0,0,0.0,,,0.0,0.0,0.0,REQ,,,,,0.0,0.0,0.0,0
297087,2.594181,2.594181,2.594181,2.594181,2.594181,2.594181,udp,0.0,,cs0,,63.0,,1.0,,Status,2,2,0,84,84,0,42.0,0.0,129.520645,129.520645,0.0,0,0,0,0.0,,,0.385478,0.385478,0.0,REQ,,,,,0.0,0.0,0.0,0
297099,2.583333,2.583333,2.583333,2.583333,2.583333,2.583333,udp,0.0,,cs0,,63.0,,1.0,,Status,2,2,0,84,84,0,42.0,0.0,130.064529,130.064529,0.0,0,0,0,0.0,,,0.387097,0.387097,0.0,REQ,,,,,0.0,0.0,0.0,0
297128,0.0,0.0,0.0,0.0,0.0,0.0,udp,0.0,,cs0,,63.0,,1.0,,Status,1,1,0,42,42,0,42.0,0.0,0.0,0.0,0.0,0,0,0,0.0,,,0.0,0.0,0.0,REQ,,,,,0.0,0.0,0.0,0
297170,2.590151,2.590151,2.590151,2.590151,2.590151,2.590151,udp,0.0,,cs0,,63.0,,1.0,,Status,2,2,0,84,84,0,42.0,0.0,129.722168,129.722168,0.0,0,0,0,0.0,,,0.386078,0.386078,0.0,REQ,,,,,0.0,0.0,0.0,0
297182,2.59014,2.59014,2.59014,2.59014,2.59014,2.59014,udp,0.0,,cs0,,63.0,,1.0,,Status,2,2,0,84,84,0,42.0,0.0,129.722717,129.722717,0.0,0,0,0,0.0,,,0.386079,0.386079,0.0,REQ,,,,,0.0,0.0,0.0,0
297205,0.0,0.0,0.0,0.0,0.0,0.0,udp,0.0,,cs0,,63.0,,1.0,,Status,1,1,0,42,42,0,42.0,0.0,0.0,0.0,0.0,0,0,0,0.0,,,0.0,0.0,0.0,REQ,,,,,0.0,0.0,0.0,0
297216,2.595754,2.595754,2.595754,2.595754,2.595754,2.595754,udp,0.0,,cs0,,63.0,,1.0,,Status,2,2,0,84,84,0,42.0,0.0,129.442169,129.442169,0.0,0,0,0,0.0,,,0.385245,0.385245,0.0,REQ,,,,,0.0,0.0,0.0,0
297296,0.0,0.0,0.0,0.0,0.0,0.0,udp,0.0,,cs0,,63.0,,1.0,,Status,1,1,0,42,42,0,42.0,0.0,0.0,0.0,0.0,0,0,0,0.0,,,0.0,0.0,0.0,REQ,,,,,0.0,0.0,0.0,0
297312,0.0,0.0,0.0,0.0,0.0,0.0,udp,0.0,,cs0,,63.0,,1.0,,Start,1,1,0,42,42,0,42.0,0.0,0.0,0.0,0.0,0,0,0,0.0,,,0.0,0.0,0.0,INT,,,,,0.0,0.0,0.0,0
297354,2.583055,2.583055,2.583055,2.583055,2.583055,2.583055,udp,0.0,,cs0,,63.0,,1.0,,Status,2,2,0,84,84,0,42.0,0.0,130.078537,130.078537,0.0,0,0,0,0.0,,,0.387138,0.387138,0.0,REQ,,,,,0.0,0.0,0.0,0
297358,0.0,0.0,0.0,0.0,0.0,0.0,udp,0.0,,cs0,,63.0,,1.0,,Status,1,1,0,42,42,0,42.0,0.0,0.0,0.0,0.0,0,0,0,0.0,,,0.0,0.0,0.0,REQ,,,,,0.0,0.0,0.0,0
297366,0.0,0.0,0.0,0.0,0.0,0.0,udp,0.0,,cs0,,63.0,,1.0,,Status,1,1,0,42,42,0,42.0,0.0,0.0,0.0,0.0,0,0,0,0.0,,,0.0,0.0,0.0,REQ,,,,,0.0,0.0,0.0,0
297432,0.0,0.0,0.0,0.0,0.0,0.0,udp,0.0,,cs0,,63.0,,1.0,,Start,1,1,0,42,42,0,42.0,0.0,0.0,0.0,0.0,0,0,0,0.0,,,0.0,0.0,0.0,INT,,,,,0.0,0.0,0.0,0
297439,2.593198,2.593198,2.593198,2.593198,2.593198,2.593198,udp,0.0,,cs0,,63.0,,1.0,,Start,2,2,0,84,84,0,42.0,0.0,129.569748,129.569748,0.0,0,0,0,0.0,,,0.385624,0.385624,0.0,INT,,,,,0.0,0.0,0.0,0
297462,2.588063,2.588063,2.588063,2.588063,2.588063,2.588063,udp,0.0,,cs0,,63.0,,1.0,,Start,2,2,0,84,84,0,42.0,0.0,129.826828,129.826828,0.0,0,0,0,0.0,,,0.386389,0.386389,0.0,INT,,,,,0.0,0.0,0.0,0
297472,0.0,0.0,0.0,0.0,0.0,0.0,udp,0.0,,cs0,,63.0,,1.0,,Status,1,1,0,42,42,0,42.0,0.0,0.0,0.0,0.0,0,0,0,0.0,,,0.0,0.0,0.0,REQ,,,,,0.0,0.0,0.0,0
297507,2.588314,2.588314,2.588314,2.588314,2.588314,2.588314,udp,0.0,,cs0,,63.0,,1.0,,Status,2,2,0,84,84,0,42.0,0.0,129.814224,129.814224,0.0,0,0,0,0.0,,,0.386352,0.386352,0.0,REQ,,,,,0.0,0.0,0.0,0
297595,0.0,0.0,0.0,0.0,0.0,0.0,udp,0.0,,cs0,,63.0,,1.0,,Status,1,1,0,42,42,0,42.0,0.0,0.0,0.0,0.0,0,0,0,0.0,,,0.0,0.0,0.0,REQ,,,,,0.0,0.0,0.0,0
297598,0.0,0.0,0.0,0.0,0.0,0.0,udp,0.0,,cs0,,63.0,,1.0,,Status,1,1,0,42,42,0,42.0,0.0,0.0,0.0,0.0,0,0,0,0.0,,,0.0,0.0,0.0,REQ,,,,,0.0,0.0,0.0,0
297616,2.590953,2.590953,2.590953,2.590953,2.590953,2.590953,udp,0.0,,cs0,,63.0,,1.0,,Status,2,2,0,84,84,0,42.0,0.0,129.682007,129.682007,0.0,0,0,0,0.0,,,0.385958,0.385958,0.0,REQ,,,,,0.0,0.0,0.0,0
297674,0.0,0.0,0.0,0.0,0.0,0.0,udp,0.0,,cs0,,63.0,,1.0,,Status,1,1,0,42,42,0,42.0,0.0,0.0,0.0,0.0,0,0,0,0.0,,,0.0,0.0,0.0,REQ,,,,,0.0,0.0,0.0,0
297684,0.0,0.0,0.0,0.0,0.0,0.0,udp,0.0,,cs0,,63.0,,1.0,,Status,1,1,0,42,42,0,42.0,0.0,0.0,0.0,0.0,0,0,0,0.0,,,0.0,0.0,0.0,REQ,,,,,0.0,0.0,0.0,0
297733,2.592961,2.592961,2.592961,2.592961,2.592961,2.592961,udp,0.0,,cs0,,63.0,,1.0,,Status,2,2,0,84,84,0,42.0,0.0,129.581589,129.581589,0.0,0,0,0,0.0,,,0.385659,0.385659,0.0,REQ,,,,,0.0,0.0,0.0,0
297751,2.596091,2.596091,2.596091,2.596091,2.596091,2.596091,udp,0.0,,cs0,,63.0,,1.0,,Status,2,2,0,84,84,0,42.0,0.0,129.425354,129.425354,0.0,0,0,0,0.0,,,0.385195,0.385195,0.0,REQ,,,,,0.0,0.0,0.0,0
297848,2.591812,2.591812,2.591812,2.591812,2.591812,2.591812,udp,0.0,,cs0,,63.0,,1.0,,Start,2,2,0,84,84,0,42.0,0.0,129.639038,129.639038,0.0,0,0,0,0.0,,,0.38583,0.38583,0.0,INT,,,,,0.0,0.0,0.0,0
297860,2.591792,2.591792,2.591792,2.591792,2.591792,2.591792,udp,0.0,,cs0,,63.0,,1.0,,Status,2,2,0,84,84,0,42.0,0.0,129.64003,129.64003,0.0,0,0,0,0.0,,,0.385833,0.385833,0.0,REQ,,,,,0.0,0.0,0.0,0
297991,2.59016,2.59016,2.59016,2.59016,2.59016,2.59016,udp,0.0,,cs0,,63.0,,1.0,,Status,2,2,0,84,84,0,42.0,0.0,129.721725,129.721725,0.0,0,0,0,0.0,,,0.386077,0.386077,0.0,REQ,,,,,0.0,0.0,0.0,0
298006,2.590141,2.590141,2.590141,2.590141,2.590141,2.590141,udp,0.0,,cs0,,63.0,,1.0,,Status,2,2,0,84,84,0,42.0,0.0,129.722672,129.722672,0.0,0,0,0,0.0,,,0.386079,0.386079,0.0,REQ,,,,,0.0,0.0,0.0,0
298101,2.590354,2.590354,2.590354,2.590354,2.590354,2.590354,udp,0.0,,cs0,,63.0,,1.0,,Status,2,2,0,84,84,0,42.0,0.0,129.712006,129.712006,0.0,0,0,0,0.0,,,0.386048,0.386048,0.0,REQ,,,,,0.0,0.0,0.0,0
298106,0.0,0.0,0.0,0.0,0.0,0.0,udp,0.0,,cs0,,63.0,,1.0,,Status,1,1,0,42,42,0,42.0,0.0,0.0,0.0,0.0,0,0,0,0.0,,,0.0,0.0,0.0,REQ,,,,,0.0,0.0,0.0,0
298187,2.591116,2.591116,2.591116,2.591116,2.591116,2.591116,udp,0.0,,cs0,,63.0,,1.0,,Status,2,2,0,84,84,0,42.0,0.0,129.673859,129.673859,0.0,0,0,0,0.0,,,0.385934,0.385934,0.0,REQ,,,,,0.0,0.0,0.0,0
298225,2.595259,2.595259,2.595259,2.595259,2.595259,2.595259,udp,0.0,,cs0,,63.0,,1.0,,Status,2,2,0,84,84,0,42.0,0.0,129.466843,129.466843,0.0,0,0,0,0.0,,,0.385318,0.385318,0.0,REQ,,,,,0.0,0.0,0.0,0
298261,0.0,0.0,0.0,0.0,0.0,0.0,udp,0.0,,cs0,,63.0,,1.0,,Status,1,1,0,42,42,0,42.0,0.0,0.0,0.0,0.0,0,0,0,0.0,,,0.0,0.0,0.0,REQ,,,,,0.0,0.0,0.0,0
298340,2.591025,2.591025,2.591025,2.591025,2.591025,2.591025,udp,0.0,,cs0,,63.0,,1.0,,Status,2,2,0,84,84,0,42.0,0.0,129.678406,129.678406,0.0,0,0,0,0.0,,,0.385948,0.385948,0.0,REQ,,,,,0.0,0.0,0.0,0
298411,0.0,0.0,0.0,0.0,0.0,0.0,udp,0.0,,cs0,,63.0,,1.0,,Status,1,1,0,42,42,0,42.0,0.0,0.0,0.0,0.0,0,0,0,0.0,,,0.0,0.0,0.0,REQ,,,,,0.0,0.0,0.0,0
298437,0.0,0.0,0.0,0.0,0.0,0.0,udp,0.0,,cs0,,63.0,,1.0,,Start,1,1,0,42,42,0,42.0,0.0,0.0,0.0,0.0,0,0,0,0.0,,,0.0,0.0,0.0,INT,,,,,0.0,0.0,0.0,0
298498,0.0,0.0,0.0,0.0,0.0,0.0,udp,0.0,,cs0,,63.0,,1.0,,Status,1,1,0,42,42,0,42.0,0.0,0.0,0.0,0.0,0,0,0,0.0,,,0.0,0.0,0.0,REQ,,,,,0.0,0.0,0.0,0
298559,2.586982,2.586982,2.586982,2.586982,2.586982,2.586982,udp,0.0,,cs0,,63.0,,1.0,,Status,2,2,0,84,84,0,42.0,0.0,129.881073,129.881073,0.0,0,0,0,0.0,,,0.386551,0.386551,0.0,REQ,,,,,0.0,0.0,0.0,0
298677,0.0,0.0,0.0,0.0,0.0,0.0,udp,0.0,,cs0,,63.0,,1.0,,Status,1,1,0,42,42,0,42.0,0.0,0.0,0.0,0.0,0,0,0,0.0,,,0.0,0.0,0.0,REQ,,,,,0.0,0.0,0.0,0
298770,0.0,0.0,0.0,0.0,0.0,0.0,udp,0.0,,cs0,,63.0,,1.0,,Status,1,1,0,42,42,0,42.0,0.0,0.0,0.0,0.0,0,0,0,0.0,,,0.0,0.0,0.0,REQ,,,,,0.0,0.0,0.0,0
298787,2.590983,2.590983,2.590983,2.590983,2.590983,2.590983,udp,0.0,,cs0,,63.0,,1.0,,Status,2,2,0,84,84,0,42.0,0.0,129.680511,129.680511,0.0,0,0,0,0.0,,,0.385954,0.385954,0.0,REQ,,,,,0.0,0.0,0.0,0
298821,0.0,0.0,0.0,0.0,0.0,0.0,udp,0.0,,cs0,,63.0,,1.0,,Status,1,1,0,42,42,0,42.0,0.0,0.0,0.0,0.0,0,0,0,0.0,,,0.0,0.0,0.0,REQ,,,,,0.0,0.0,0.0,0
298825,0.0,0.0,0.0,0.0,0.0,0.0,udp,0.0,,cs0,,63.0,,1.0,,Status,1,1,0,42,42,0,42.0,0.0,0.0,0.0,0.0,0,0,0,0.0,,,0.0,0.0,0.0,REQ,,,,,0.0,0.0,0.0,0
298850,2.600103,2.600103,2.600103,2.600103,2.600103,2.600103,udp,0.0,,cs0,,63.0,,1.0,,Status,2,2,0,84,84,0,42.0,0.0,129.225662,129.225662,0.0,0,0,0,0.0,,,0.3846,0.3846,0.0,REQ,,,,,0.0,0.0,0.0,0
298872,0.0,0.0,0.0,0.0,0.0,0.0,udp,0.0,,cs0,,63.0,,1.0,,Status,1,1,0,42,42,0,42.0,0.0,0.0,0.0,0.0,0,0,0,0.0,,,0.0,0.0,0.0,REQ,,,,,0.0,0.0,0.0,0
298895,2.597214,2.597214,2.597214,2.597214,2.597214,2.597214,udp,0.0,,cs0,,63.0,,1.0,,Status,2,2,0,84,84,0,42.0,0.0,129.3694,129.3694,0.0,0,0,0,0.0,,,0.385028,0.385028,0.0,REQ,,,,,0.0,0.0,0.0,0
298933,0.0,0.0,0.0,0.0,0.0,0.0,udp,0.0,,cs0,,63.0,,1.0,,Status,1,1,0,42,42,0,42.0,0.0,0.0,0.0,0.0,0,0,0,0.0,,,0.0,0.0,0.0,REQ,,,,,0.0,0.0,0.0,0
298944,0.0,0.0,0.0,0.0,0.0,0.0,udp,0.0,,cs0,,63.0,,1.0,,Status,1,1,0,42,42,0,42.0,0.0,0.0,0.0,0.0,0,0,0,0.0,,,0.0,0.0,0.0,REQ,,,,,0.0,0.0,0.0,0
298979,0.0,0.0,0.0,0.0,0.0,0.0,udp,0.0,,cs0,,63.0,,1.0,,Status,1,1,0,42,42,0,42.0,0.0,0.0,0.0,0.0,0,0,0,0.0,,,0.0,0.0,0.0,REQ,,,,,0.0,0.0,0.0,0
298985,2.588916,2.588916,2.588916,2.588916,2.588916,2.588916,udp,0.0,,cs0,,63.0,,1.0,,Status,2,2,0,84,84,0,42.0,0.0,129.784042,129.784042,0.0,0,0,0,0.0,,,0.386262,0.386262,0.0,REQ,,,,,0.0,0.0,0.0,0
298990,2.592003,2.592003,2.592003,2.592003,2.592003,2.592003,udp,0.0,,cs0,,63.0,,1.0,,Status,2,2,0,84,84,0,42.0,0.0,129.629471,129.629471,0.0,0,0,0,0.0,,,0.385802,0.385802,0.0,REQ,,,,,0.0,0.0,0.0,0
298998,0.0,0.0,0.0,0.0,0.0,0.0,udp,0.0,,cs0,,63.0,,1.0,,Start,1,1,0,42,42,0,42.0,0.0,0.0,0.0,0.0,0,0,0,0.0,,,0.0,0.0,0.0,INT,,,,,0.0,0.0,0.0,0
299115,2.59519,2.59519,2.59519,2.59519,2.59519,2.59519,udp,0.0,,cs0,,63.0,,1.0,,Start,2,2,0,84,84,0,42.0,0.0,129.470291,129.470291,0.0,0,0,0,0.0,,,0.385328,0.385328,0.0,INT,,,,,0.0,0.0,0.0,0
299141,2.589289,2.589289,2.589289,2.589289,2.589289,2.589289,udp,0.0,,cs0,,63.0,,1.0,,Status,2,2,0,84,84,0,42.0,0.0,129.76535,129.76535,0.0,0,0,0,0.0,,,0.386206,0.386206,0.0,REQ,,,,,0.0,0.0,0.0,0
299153,2.589183,2.589183,2.589183,2.589183,2.589183,2.589183,udp,0.0,,cs0,,63.0,,1.0,,Status,2,2,0,84,84,0,42.0,0.0,129.77066,129.77066,0.0,0,0,0,0.0,,,0.386222,0.386222,0.0,REQ,,,,,0.0,0.0,0.0,0
299166,0.0,0.0,0.0,0.0,0.0,0.0,udp,0.0,,cs0,,63.0,,1.0,,Start,1,1,0,42,42,0,42.0,0.0,0.0,0.0,0.0,0,0,0,0.0,,,0.0,0.0,0.0,INT,,,,,0.0,0.0,0.0,0
299179,2.591729,2.591729,2.591729,2.591729,2.591729,2.591729,udp,0.0,,cs0,,63.0,,1.0,,Status,2,2,0,84,84,0,42.0,0.0,129.643188,129.643188,0.0,0,0,0,0.0,,,0.385843,0.385843,0.0,REQ,,,,,0.0,0.0,0.0,0
299191,0.0,0.0,0.0,0.0,0.0,0.0,udp,0.0,,cs0,,63.0,,1.0,,Start,1,1,0,42,42,0,42.0,0.0,0.0,0.0,0.0,0,0,0,0.0,,,0.0,0.0,0.0,INT,,,,,0.0,0.0,0.0,0
299220,0.0,0.0,0.0,0.0,0.0,0.0,udp,0.0,,cs0,,63.0,,1.0,,Status,1,1,0,42,42,0,42.0,0.0,0.0,0.0,0.0,0,0,0,0.0,,,0.0,0.0,0.0,REQ,,,,,0.0,0.0,0.0,0
299238,2.58911,2.58911,2.58911,2.58911,2.58911,2.58911,udp,0.0,,cs0,,63.0,,1.0,,Status,2,2,0,84,84,0,42.0,0.0,129.774323,129.774323,0.0,0,0,0,0.0,,,0.386233,0.386233,0.0,REQ,,,,,0.0,0.0,0.0,0
299314,2.591862,2.591862,2.591862,2.591862,2.591862,2.591862,udp,0.0,,cs0,,63.0,,1.0,,Status,2,2,0,84,84,0,42.0,0.0,129.636536,129.636536,0.0,0,0,0,0.0,,,0.385823,0.385823,0.0,REQ,,,,,0.0,0.0,0.0,0
299322,2.595429,2.595429,2.595429,2.595429,2.595429,2.595429,udp,0.0,,cs0,,63.0,,1.0,,Status,2,2,0,84,84,0,42.0,0.0,129.458374,129.458374,0.0,0,0,0,0.0,,,0.385293,0.385293,0.0,REQ,,,,,0.0,0.0,0.0,0
299349,0.0,0.0,0.0,0.0,0.0,0.0,udp,0.0,,cs0,,63.0,,1.0,,Status,1,1,0,42,42,0,42.0,0.0,0.0,0.0,0.0,0,0,0,0.0,,,0.0,0.0,0.0,REQ,,,,,0.0,0.0,0.0,0
299450,0.0,0.0,0.0,0.0,0.0,0.0,udp,0.0,,cs0,,63.0,,1.0,,Status,1,1,0,42,42,0,42.0,0.0,0.0,0.0,0.0,0,0,0,0.0,,,0.0,0.0,0.0,REQ,,,,,0.0,0.0,0.0,0
299505,2.594917,2.594917,2.594917,2.594917,2.594917,2.594917,udp,0.0,,cs0,,63.0,,1.0,,Start,2,2,0,84,84,0,42.0,0.0,129.483902,129.483902,0.0,0,0,0,0.0,,,0.385369,0.385369,0.0,INT,,,,,0.0,0.0,0.0,0
299577,2.595226,2.595226,2.595226,2.595226,2.595226,2.595226,udp,0.0,,cs0,,63.0,,1.0,,Status,2,2,0,84,84,0,42.0,0.0,129.468491,129.468491,0.0,0,0,0,0.0,,,0.385323,0.385323,0.0,REQ,,,,,0.0,0.0,0.0,0
299580,2.594642,2.594642,2.594642,2.594642,2.594642,2.594642,udp,0.0,,cs0,,63.0,,1.0,,Status,2,2,0,84,84,0,42.0,0.0,129.497635,129.497635,0.0,0,0,0,0.0,,,0.38541,0.38541,0.0,REQ,,,,,0.0,0.0,0.0,0
299740,2.589093,2.589093,2.589093,2.589093,2.589093,2.589093,udp,0.0,,cs0,,63.0,,1.0,,Status,2,2,0,84,84,0,42.0,0.0,129.775177,129.775177,0.0,0,0,0,0.0,,,0.386236,0.386236,0.0,REQ,,,,,0.0,0.0,0.0,0
299742,2.589805,2.589805,2.589805,2.589805,2.589805,2.589805,udp,0.0,,cs0,,63.0,,1.0,,Status,2,2,0,84,84,0,42.0,0.0,129.739502,129.739502,0.0,0,0,0,0.0,,,0.386129,0.386129,0.0,REQ,,,,,0.0,0.0,0.0,0
299809,0.0,0.0,0.0,0.0,0.0,0.0,udp,0.0,,cs0,,63.0,,1.0,,Start,1,1,0,42,42,0,42.0,0.0,0.0,0.0,0.0,0,0,0,0.0,,,0.0,0.0,0.0,INT,,,,,0.0,0.0,0.0,0
299813,0.0,0.0,0.0,0.0,0.0,0.0,udp,0.0,,cs0,,63.0,,1.0,,Start,1,1,0,42,42,0,42.0,0.0,0.0,0.0,0.0,0,0,0,0.0,,,0.0,0.0,0.0,INT,,,,,0.0,0.0,0.0,0
299822,2.59394,2.59394,2.59394,2.59394,2.59394,2.59394,udp,0.0,,cs0,,63.0,,1.0,,Start,2,2,0,84,84,0,42.0,0.0,129.532684,129.532684,0.0,0,0,0,0.0,,,0.385514,0.385514,0.0,INT,,,,,0.0,0.0,0.0,0
299868,0.0,0.0,0.0,0.0,0.0,0.0,udp,0.0,,cs0,,63.0,,1.0,,Start,1,1,0,42,42,0,42.0,0.0,0.0,0.0,0.0,0,0,0,0.0,,,0.0,0.0,0.0,INT,,,,,0.0,0.0,0.0,0
299919,0.0,0.0,0.0,0.0,0.0,0.0,udp,0.0,,cs0,,63.0,,1.0,,Start,1,1,0,42,42,0,42.0,0.0,0.0,0.0,0.0,0,0,0,0.0,,,0.0,0.0,0.0,INT,,,,,0.0,0.0,0.0,0
300028,0.0,0.0,0.0,0.0,0.0,0.0,udp,0.0,,cs0,,63.0,,1.0,,Start,1,1,0,42,42,0,42.0,0.0,0.0,0.0,0.0,0,0,0,0.0,,,0.0,0.0,0.0,INT,,,,,0.0,0.0,0.0,0
300063,2.593269,2.593269,2.593269,2.593269,2.593269,2.593269,udp,0.0,,cs0,,63.0,,1.0,,Status,2,2,0,84,84,0,42.0,0.0,129.566193,129.566193,0.0,0,0,0,0.0,,,0.385614,0.385614,0.0,REQ,,,,,0.0,0.0,0.0,0
300109,2.588727,2.588727,2.588727,2.588727,2.588727,2.588727,udp,0.0,,cs0,,63.0,,1.0,,Status,2,2,0,84,84,0,42.0,0.0,129.793518,129.793518,0.0,0,0,0,0.0,,,0.38629,0.38629,0.0,REQ,,,,,0.0,0.0,0.0,0
300126,0.0,0.0,0.0,0.0,0.0,0.0,udp,0.0,,cs0,,63.0,,1.0,,Start,1,1,0,42,42,0,42.0,0.0,0.0,0.0,0.0,0,0,0,0.0,,,0.0,0.0,0.0,INT,,,,,0.0,0.0,0.0,0
300199,0.0,0.0,0.0,0.0,0.0,0.0,udp,0.0,,cs0,,63.0,,1.0,,Status,1,1,0,42,42,0,42.0,0.0,0.0,0.0,0.0,0,0,0,0.0,,,0.0,0.0,0.0,REQ,,,,,0.0,0.0,0.0,0
300254,0.0,0.0,0.0,0.0,0.0,0.0,udp,0.0,,cs0,,63.0,,1.0,,Status,1,1,0,42,42,0,42.0,0.0,0.0,0.0,0.0,0,0,0,0.0,,,0.0,0.0,0.0,REQ,,,,,0.0,0.0,0.0,0
300349,0.0,0.0,0.0,0.0,0.0,0.0,udp,0.0,,cs0,,63.0,,1.0,,Status,1,1,0,42,42,0,42.0,0.0,0.0,0.0,0.0,0,0,0,0.0,,,0.0,0.0,0.0,REQ,,,,,0.0,0.0,0.0,0
300395,0.0,0.0,0.0,0.0,0.0,0.0,udp,0.0,,cs0,,63.0,,1.0,,Status,1,1,0,42,42,0,42.0,0.0,0.0,0.0,0.0,0,0,0,0.0,,,0.0,0.0,0.0,REQ,,,,,0.0,0.0,0.0,0
300428,0.0,0.0,0.0,0.0,0.0,0.0,udp,0.0,,cs0,,63.0,,1.0,,Status,1,1,0,42,42,0,42.0,0.0,0.0,0.0,0.0,0,0,0,0.0,,,0.0,0.0,0.0,REQ,,,,,0.0,0.0,0.0,0
300454,2.593848,2.593848,2.593848,2.593848,2.593848,2.593848,udp,0.0,,cs0,,63.0,,1.0,,Start,2,2,0,84,84,0,42.0,0.0,129.537277,129.537277,0.0,0,0,0,0.0,,,0.385528,0.385528,0.0,INT,,,,,0.0,0.0,0.0,0
300587,2.588199,2.588199,2.588199,2.588199,2.588199,2.588199,udp,0.0,,cs0,,63.0,,1.0,,Status,2,2,0,84,84,0,42.0,0.0,129.820007,129.820007,0.0,0,0,0,0.0,,,0.386369,0.386369,0.0,REQ,,,,,0.0,0.0,0.0,0
300612,0.0,0.0,0.0,0.0,0.0,0.0,udp,0.0,,cs0,,63.0,,1.0,,Start,1,1,0,42,42,0,42.0,0.0,0.0,0.0,0.0,0,0,0,0.0,,,0.0,0.0,0.0,INT,,,,,0.0,0.0,0.0,0
300641,0.0,0.0,0.0,0.0,0.0,0.0,udp,0.0,,cs0,,63.0,,1.0,,Start,1,1,0,42,42,0,42.0,0.0,0.0,0.0,0.0,0,0,0,0.0,,,0.0,0.0,0.0,INT,,,,,0.0,0.0,0.0,0
300683,2.588623,2.588623,2.588623,2.588623,2.588623,2.588623,udp,0.0,,cs0,,63.0,,1.0,,Start,2,2,0,84,84,0,42.0,0.0,129.798737,129.798737,0.0,0,0,0,0.0,,,0.386306,0.386306,0.0,INT,,,,,0.0,0.0,0.0,0
300696,2.594864,2.594864,2.594864,2.594864,2.594864,2.594864,udp,0.0,,cs0,,63.0,,1.0,,Status,2,2,0,84,84,0,42.0,0.0,129.486557,129.486557,0.0,0,0,0,0.0,,,0.385377,0.385377,0.0,REQ,,,,,0.0,0.0,0.0,0
300731,0.0,0.0,0.0,0.0,0.0,0.0,udp,0.0,,cs0,,63.0,,1.0,,Start,1,1,0,42,42,0,42.0,0.0,0.0,0.0,0.0,0,0,0,0.0,,,0.0,0.0,0.0,INT,,,,,0.0,0.0,0.0,0
300732,0.0,0.0,0.0,0.0,0.0,0.0,udp,0.0,,cs0,,63.0,,1.0,,Start,1,1,0,42,42,0,42.0,0.0,0.0,0.0,0.0,0,0,0,0.0,,,0.0,0.0,0.0,INT,,,,,0.0,0.0,0.0,0
300746,0.0,0.0,0.0,0.0,0.0,0.0,udp,0.0,,cs0,,63.0,,1.0,,Status,1,1,0,42,42,0,42.0,0.0,0.0,0.0,0.0,0,0,0,0.0,,,0.0,0.0,0.0,REQ,,,,,0.0,0.0,0.0,0
300756,2.588944,2.588944,2.588944,2.588944,2.588944,2.588944,udp,0.0,,cs0,,63.0,,1.0,,Status,2,2,0,84,84,0,42.0,0.0,129.782654,129.782654,0.0,0,0,0,0.0,,,0.386258,0.386258,0.0,REQ,,,,,0.0,0.0,0.0,0
300780,2.591848,2.591848,2.591848,2.591848,2.591848,2.591848,udp,0.0,,cs0,,63.0,,1.0,,Status,2,2,0,84,84,0,42.0,0.0,129.637238,129.637238,0.0,0,0,0,0.0,,,0.385825,0.385825,0.0,REQ,,,,,0.0,0.0,0.0,0
300806,2.589224,2.589224,2.589224,2.589224,2.589224,2.589224,udp,0.0,,cs0,,63.0,,1.0,,Start,2,2,0,84,84,0,42.0,0.0,129.7686,129.7686,0.0,0,0,0,0.0,,,0.386216,0.386216,0.0,INT,,,,,0.0,0.0,0.0,0
300832,2.58996,2.58996,2.58996,2.58996,2.58996,2.58996,udp,0.0,,cs0,,63.0,,1.0,,Status,2,2,0,84,84,0,42.0,0.0,129.731735,129.731735,0.0,0,0,0,0.0,,,0.386106,0.386106,0.0,REQ,,,,,0.0,0.0,0.0,0
300910,2.587934,2.587934,2.587934,2.587934,2.587934,2.587934,udp,0.0,,cs0,,63.0,,1.0,,Start,2,2,0,84,84,0,42.0,0.0,129.833298,129.833298,0.0,0,0,0,0.0,,,0.386409,0.386409,0.0,INT,,,,,0.0,0.0,0.0,0
300994,2.591083,2.591083,2.591083,2.591083,2.591083,2.591083,udp,0.0,,cs0,,63.0,,1.0,,Status,2,2,0,84,84,0,42.0,0.0,129.675507,129.675507,0.0,0,0,0,0.0,,,0.385939,0.385939,0.0,REQ,,,,,0.0,0.0,0.0,0
301106,0.0,0.0,0.0,0.0,0.0,0.0,udp,0.0,,cs0,,63.0,,1.0,,Status,1,1,0,42,42,0,42.0,0.0,0.0,0.0,0.0,0,0,0,0.0,,,0.0,0.0,0.0,REQ,,,,,0.0,0.0,0.0,0
301176,2.590038,2.590038,2.590038,2.590038,2.590038,2.590038,udp,0.0,,cs0,,63.0,,1.0,,Status,2,2,0,84,84,0,42.0,0.0,129.727829,129.727829,0.0,0,0,0,0.0,,,0.386095,0.386095,0.0,REQ,,,,,0.0,0.0,0.0,0
301268,2.590002,2.590002,2.590002,2.590002,2.590002,2.590002,udp,0.0,,cs0,,63.0,,1.0,,Start,2,2,0,84,84,0,42.0,0.0,129.72963,129.72963,0.0,0,0,0,0.0,,,0.3861,0.3861,0.0,INT,,,,,0.0,0.0,0.0,0
301279,2.590071,2.590071,2.590071,2.590071,2.590071,2.590071,udp,0.0,,cs0,,63.0,,1.0,,Status,2,2,0,84,84,0,42.0,0.0,129.726181,129.726181,0.0,0,0,0,0.0,,,0.38609,0.38609,0.0,REQ,,,,,0.0,0.0,0.0,0
301342,0.0,0.0,0.0,0.0,0.0,0.0,udp,0.0,,cs0,,63.0,,1.0,,Status,1,1,0,42,42,0,42.0,0.0,0.0,0.0,0.0,0,0,0,0.0,,,0.0,0.0,0.0,REQ,,,,,0.0,0.0,0.0,0
301404,2.59282,2.59282,2.59282,2.59282,2.59282,2.59282,udp,0.0,,cs0,,63.0,,1.0,,Status,2,2,0,84,84,0,42.0,0.0,129.588638,129.588638,0.0,0,0,0,0.0,,,0.38568,0.38568,0.0,REQ,,,,,0.0,0.0,0.0,0
301462,0.0,0.0,0.0,0.0,0.0,0.0,udp,0.0,,cs0,,63.0,,1.0,,Start,1,1,0,42,42,0,42.0,0.0,0.0,0.0,0.0,0,0,0,0.0,,,0.0,0.0,0.0,INT,,,,,0.0,0.0,0.0,0
301470,2.596983,2.596983,2.596983,2.596983,2.596983,2.596983,udp,0.0,,cs0,,63.0,,1.0,,Start,2,2,0,84,84,0,42.0,0.0,129.380905,129.380905,0.0,0,0,0,0.0,,,0.385062,0.385062,0.0,INT,,,,,0.0,0.0,0.0,0
301473,2.596988,2.596988,2.596988,2.596988,2.596988,2.596988,udp,0.0,,cs0,,63.0,,1.0,,Start,2,2,0,84,84,0,42.0,0.0,129.380661,129.380661,0.0,0,0,0,0.0,,,0.385061,0.385061,0.0,INT,,,,,0.0,0.0,0.0,0
301480,2.596973,2.596973,2.596973,2.596973,2.596973,2.596973,udp,0.0,,cs0,,63.0,,1.0,,Start,2,2,0,84,84,0,42.0,0.0,129.381409,129.381409,0.0,0,0,0,0.0,,,0.385064,0.385064,0.0,INT,,,,,0.0,0.0,0.0,0
301553,2.587169,2.587169,2.587169,2.587169,2.587169,2.587169,udp,0.0,,cs0,,63.0,,1.0,,Start,2,2,0,84,84,0,42.0,0.0,129.871689,129.871689,0.0,0,0,0,0.0,,,0.386523,0.386523,0.0,INT,,,,,0.0,0.0,0.0,0
301611,2.590079,2.590079,2.590079,2.590079,2.590079,2.590079,udp,0.0,,cs0,,63.0,,1.0,,Start,2,2,0,84,84,0,42.0,0.0,129.725769,129.725769,0.0,0,0,0,0.0,,,0.386089,0.386089,0.0,INT,,,,,0.0,0.0,0.0,0
301628,2.591209,2.591209,2.591209,2.591209,2.591209,2.591209,udp,0.0,,cs0,,63.0,,1.0,,Start,2,2,0,84,84,0,42.0,0.0,129.669205,129.669205,0.0,0,0,0,0.0,,,0.38592,0.38592,0.0,INT,,,,,0.0,0.0,0.0,0
301652,2.592923,2.592923,2.592923,2.592923,2.592923,2.592923,udp,0.0,,cs0,,63.0,,1.0,,Status,2,2,0,84,84,0,42.0,0.0,129.583496,129.583496,0.0,0,0,0,0.0,,,0.385665,0.385665,0.0,REQ,,,,,0.0,0.0,0.0,0
301754,2.591838,2.591838,2.591838,2.591838,2.591838,2.591838,udp,0.0,,cs0,,63.0,,1.0,,Start,2,2,0,84,84,0,42.0,0.0,129.637741,129.637741,0.0,0,0,0,0.0,,,0.385827,0.385827,0.0,INT,,,,,0.0,0.0,0.0,0
301766,0.0,0.0,0.0,0.0,0.0,0.0,udp,0.0,,cs0,,63.0,,1.0,,Status,1,1,0,42,42,0,42.0,0.0,0.0,0.0,0.0,0,0,0,0.0,,,0.0,0.0,0.0,REQ,,,,,0.0,0.0,0.0,0
301770,0.0,0.0,0.0,0.0,0.0,0.0,udp,0.0,,cs0,,63.0,,1.0,,Start,1,1,0,42,42,0,42.0,0.0,0.0,0.0,0.0,0,0,0,0.0,,,0.0,0.0,0.0,INT,,,,,0.0,0.0,0.0,0
301771,0.0,0.0,0.0,0.0,0.0,0.0,udp,0.0,,cs0,,63.0,,1.0,,Start,1,1,0,42,42,0,42.0,0.0,0.0,0.0,0.0,0,0,0,0.0,,,0.0,0.0,0.0,INT,,,,,0.0,0.0,0.0,0
301839,0.0,0.0,0.0,0.0,0.0,0.0,udp,0.0,,cs0,,63.0,,1.0,,Status,1,1,0,42,42,0,42.0,0.0,0.0,0.0,0.0,0,0,0,0.0,,,0.0,0.0,0.0,REQ,,,,,0.0,0.0,0.0,0
301869,2.587234,2.587234,2.587234,2.587234,2.587234,2.587234,udp,0.0,,cs0,,63.0,,1.0,,Start,2,2,0,84,84,0,42.0,0.0,129.868423,129.868423,0.0,0,0,0,0.0,,,0.386513,0.386513,0.0,INT,,,,,0.0,0.0,0.0,0
301944,2.586857,2.586857,2.586857,2.586857,2.586857,2.586857,udp,0.0,,cs0,,63.0,,1.0,,Status,2,2,0,84,84,0,42.0,0.0,129.887344,129.887344,0.0,0,0,0,0.0,,,0.386569,0.386569,0.0,REQ,,,,,0.0,0.0,0.0,0
302010,0.0,0.0,0.0,0.0,0.0,0.0,udp,0.0,,cs0,,63.0,,1.0,,Start,1,1,0,42,42,0,42.0,0.0,0.0,0.0,0.0,0,0,0,0.0,,,0.0,0.0,0.0,INT,,,,,0.0,0.0,0.0,0
302016,0.0,0.0,0.0,0.0,0.0,0.0,udp,0.0,,cs0,,63.0,,1.0,,Status,1,1,0,42,42,0,42.0,0.0,0.0,0.0,0.0,0,0,0,0.0,,,0.0,0.0,0.0,REQ,,,,,0.0,0.0,0.0,0
302170,0.0,0.0,0.0,0.0,0.0,0.0,udp,0.0,,cs0,,63.0,,1.0,,Status,1,1,0,42,42,0,42.0,0.0,0.0,0.0,0.0,0,0,0,0.0,,,0.0,0.0,0.0,REQ,,,,,0.0,0.0,0.0,0
302208,0.0,0.0,0.0,0.0,0.0,0.0,udp,0.0,,cs0,,63.0,,1.0,,Status,1,1,0,42,42,0,42.0,0.0,0.0,0.0,0.0,0,0,0,0.0,,,0.0,0.0,0.0,REQ,,,,,0.0,0.0,0.0,0
302234,0.0,0.0,0.0,0.0,0.0,0.0,udp,0.0,,cs0,,63.0,,1.0,,Status,1,1,0,42,42,0,42.0,0.0,0.0,0.0,0.0,0,0,0,0.0,,,0.0,0.0,0.0,REQ,,,,,0.0,0.0,0.0,0
302327,2.589814,2.589814,2.589814,2.589814,2.589814,2.589814,udp,0.0,,cs0,,63.0,,1.0,,Start,2,2,0,84,84,0,42.0,0.0,129.739044,129.739044,0.0,0,0,0,0.0,,,0.386128,0.386128,0.0,INT,,,,,0.0,0.0,0.0,0
302434,0.0,0.0,0.0,0.0,0.0,0.0,udp,0.0,,cs0,,63.0,,1.0,,Status,1,1,0,42,42,0,42.0,0.0,0.0,0.0,0.0,0,0,0,0.0,,,0.0,0.0,0.0,REQ,,,,,0.0,0.0,0.0,0
302436,0.0,0.0,0.0,0.0,0.0,0.0,udp,0.0,,cs0,,63.0,,1.0,,Status,1,1,0,42,42,0,42.0,0.0,0.0,0.0,0.0,0,0,0,0.0,,,0.0,0.0,0.0,REQ,,,,,0.0,0.0,0.0,0
302456,2.589715,2.589715,2.589715,2.589715,2.589715,2.589715,udp,0.0,,cs0,,63.0,,1.0,,Start,2,2,0,84,84,0,42.0,0.0,129.744003,129.744003,0.0,0,0,0,0.0,,,0.386143,0.386143,0.0,INT,,,,,0.0,0.0,0.0,0
302458,2.590713,2.590713,2.590713,2.590713,2.590713,2.590713,udp,0.0,,cs0,,63.0,,1.0,,Status,2,2,0,84,84,0,42.0,0.0,129.694031,129.694031,0.0,0,0,0,0.0,,,0.385994,0.385994,0.0,REQ,,,,,0.0,0.0,0.0,0
302509,0.0,0.0,0.0,0.0,0.0,0.0,udp,0.0,,cs0,,63.0,,1.0,,Status,1,1,0,42,42,0,42.0,0.0,0.0,0.0,0.0,0,0,0,0.0,,,0.0,0.0,0.0,REQ,,,,,0.0,0.0,0.0,0
302527,0.0,0.0,0.0,0.0,0.0,0.0,udp,0.0,,cs0,,63.0,,1.0,,Status,1,1,0,42,42,0,42.0,0.0,0.0,0.0,0.0,0,0,0,0.0,,,0.0,0.0,0.0,REQ,,,,,0.0,0.0,0.0,0
302598,0.0,0.0,0.0,0.0,0.0,0.0,udp,0.0,,cs0,,63.0,,1.0,,Start,1,1,0,42,42,0,42.0,0.0,0.0,0.0,0.0,0,0,0,0.0,,,0.0,0.0,0.0,INT,,,,,0.0,0.0,0.0,0
302604,2.589254,2.589254,2.589254,2.589254,2.589254,2.589254,udp,0.0,,cs0,,63.0,,1.0,,Status,2,2,0,84,84,0,42.0,0.0,129.767105,129.767105,0.0,0,0,0,0.0,,,0.386212,0.386212,0.0,REQ,,,,,0.0,0.0,0.0,0
302619,2.593127,2.593127,2.593127,2.593127,2.593127,2.593127,udp,0.0,,cs0,,63.0,,1.0,,Status,2,2,0,84,84,0,42.0,0.0,129.573288,129.573288,0.0,0,0,0,0.0,,,0.385635,0.385635,0.0,REQ,,,,,0.0,0.0,0.0,0
302622,2.592181,2.592181,2.592181,2.592181,2.592181,2.592181,udp,0.0,,cs0,,63.0,,1.0,,Status,2,2,0,84,84,0,42.0,0.0,129.620575,129.620575,0.0,0,0,0,0.0,,,0.385776,0.385776,0.0,REQ,,,,,0.0,0.0,0.0,0
302641,2.589064,2.589064,2.589064,2.589064,2.589064,2.589064,udp,0.0,,cs0,,63.0,,1.0,,Status,2,2,0,84,84,0,42.0,0.0,129.776642,129.776642,0.0,0,0,0,0.0,,,0.38624,0.38624,0.0,REQ,,,,,0.0,0.0,0.0,0
302651,0.0,0.0,0.0,0.0,0.0,0.0,udp,0.0,,cs0,,63.0,,1.0,,Status,1,1,0,42,42,0,42.0,0.0,0.0,0.0,0.0,0,0,0,0.0,,,0.0,0.0,0.0,REQ,,,,,0.0,0.0,0.0,0
302712,0.0,0.0,0.0,0.0,0.0,0.0,udp,0.0,,cs0,,63.0,,1.0,,Start,1,1,0,42,42,0,42.0,0.0,0.0,0.0,0.0,0,0,0,0.0,,,0.0,0.0,0.0,INT,,,,,0.0,0.0,0.0,0
302741,2.591245,2.591245,2.591245,2.591245,2.591245,2.591245,udp,0.0,,cs0,,63.0,,1.0,,Status,2,2,0,84,84,0,42.0,0.0,129.667404,129.667404,0.0,0,0,0,0.0,,,0.385915,0.385915,0.0,REQ,,,,,0.0,0.0,0.0,0
302755,2.590221,2.590221,2.590221,2.590221,2.590221,2.590221,udp,0.0,,cs0,,63.0,,1.0,,Status,2,2,0,84,84,0,42.0,0.0,129.718658,129.718658,0.0,0,0,0,0.0,,,0.386067,0.386067,0.0,REQ,,,,,0.0,0.0,0.0,0
302800,0.0,0.0,0.0,0.0,0.0,0.0,udp,0.0,,cs0,,63.0,,1.0,,Status,1,1,0,42,42,0,42.0,0.0,0.0,0.0,0.0,0,0,0,0.0,,,0.0,0.0,0.0,REQ,,,,,0.0,0.0,0.0,0
302811,2.59012,2.59012,2.59012,2.59012,2.59012,2.59012,udp,0.0,,cs0,,63.0,,1.0,,Start,2,2,0,84,84,0,42.0,0.0,129.723709,129.723709,0.0,0,0,0,0.0,,,0.386083,0.386083,0.0,INT,,,,,0.0,0.0,0.0,0
302893,0.0,0.0,0.0,0.0,0.0,0.0,udp,0.0,,cs0,,63.0,,1.0,,Status,1,1,0,42,42,0,42.0,0.0,0.0,0.0,0.0,0,0,0,0.0,,,0.0,0.0,0.0,REQ,,,,,0.0,0.0,0.0,0
302919,2.588049,2.588049,2.588049,2.588049,2.588049,2.588049,udp,0.0,,cs0,,63.0,,1.0,,Status,2,2,0,84,84,0,42.0,0.0,129.82753,129.82753,0.0,0,0,0,0.0,,,0.386391,0.386391,0.0,REQ,,,,,0.0,0.0,0.0,0
302925,2.587832,2.587832,2.587832,2.587832,2.587832,2.587832,udp,0.0,,cs0,,63.0,,1.0,,Status,2,2,0,84,84,0,42.0,0.0,129.838409,129.838409,0.0,0,0,0,0.0,,,0.386424,0.386424,0.0,REQ,,,,,0.0,0.0,0.0,0
302965,0.0,0.0,0.0,0.0,0.0,0.0,udp,0.0,,cs0,,63.0,,1.0,,Start,1,1,0,42,42,0,42.0,0.0,0.0,0.0,0.0,0,0,0,0.0,,,0.0,0.0,0.0,INT,,,,,0.0,0.0,0.0,0
303031,2.583836,2.583836,2.583836,2.583836,2.583836,2.583836,udp,0.0,,cs0,,63.0,,1.0,,Status,2,2,0,84,84,0,42.0,0.0,130.039215,130.039215,0.0,0,0,0,0.0,,,0.387021,0.387021,0.0,REQ,,,,,0.0,0.0,0.0,0
303092,0.0,0.0,0.0,0.0,0.0,0.0,udp,0.0,,cs0,,63.0,,1.0,,Status,1,1,0,42,42,0,42.0,0.0,0.0,0.0,0.0,0,0,0,0.0,,,0.0,0.0,0.0,REQ,,,,,0.0,0.0,0.0,0
303098,2.592141,2.592141,2.592141,2.592141,2.592141,2.592141,udp,0.0,,cs0,,63.0,,1.0,,Status,2,2,0,84,84,0,42.0,0.0,129.622589,129.622589,0.0,0,0,0,0.0,,,0.385781,0.385781,0.0,REQ,,,,,0.0,0.0,0.0,0
303146,2.589939,2.589939,2.589939,2.589939,2.589939,2.589939,udp,0.0,,cs0,,63.0,,1.0,,Status,2,2,0,84,84,0,42.0,0.0,129.732773,129.732773,0.0,0,0,0,0.0,,,0.386109,0.386109,0.0,REQ,,,,,0.0,0.0,0.0,0
303159,2.589917,2.589917,2.589917,2.589917,2.589917,2.589917,udp,0.0,,cs0,,63.0,,1.0,,Status,2,2,0,84,84,0,42.0,0.0,129.733887,129.733887,0.0,0,0,0,0.0,,,0.386113,0.386113,0.0,REQ,,,,,0.0,0.0,0.0,0
303220,0.0,0.0,0.0,0.0,0.0,0.0,udp,0.0,,cs0,,63.0,,1.0,,Start,1,1,0,42,42,0,42.0,0.0,0.0,0.0,0.0,0,0,0,0.0,,,0.0,0.0,0.0,INT,,,,,0.0,0.0,0.0,0
303230,2.590981,2.590981,2.590981,2.590981,2.590981,2.590981,udp,0.0,,cs0,,63.0,,1.0,,Status,2,2,0,84,84,0,42.0,0.0,129.680618,129.680618,0.0,0,0,0,0.0,,,0.385954,0.385954,0.0,REQ,,,,,0.0,0.0,0.0,0
303284,0.0,0.0,0.0,0.0,0.0,0.0,udp,0.0,,cs0,,63.0,,1.0,,Status,1,1,0,42,42,0,42.0,0.0,0.0,0.0,0.0,0,0,0,0.0,,,0.0,0.0,0.0,REQ,,,,,0.0,0.0,0.0,0
303358,2.592196,2.592196,2.592196,2.592196,2.592196,2.592196,udp,0.0,,cs0,,63.0,,1.0,,Start,2,2,0,84,84,0,42.0,0.0,129.619827,129.619827,0.0,0,0,0,0.0,,,0.385773,0.385773,0.0,INT,,,,,0.0,0.0,0.0,0
303386,0.0,0.0,0.0,0.0,0.0,0.0,udp,0.0,,cs0,,63.0,,1.0,,Status,1,1,0,42,42,0,42.0,0.0,0.0,0.0,0.0,0,0,0,0.0,,,0.0,0.0,0.0,REQ,,,,,0.0,0.0,0.0,0
303387,2.592189,2.592189,2.592189,2.592189,2.592189,2.592189,udp,0.0,,cs0,,63.0,,1.0,,Status,2,2,0,84,84,0,42.0,0.0,129.620178,129.620178,0.0,0,0,0,0.0,,,0.385774,0.385774,0.0,REQ,,,,,0.0,0.0,0.0,0
303423,2.592151,2.592151,2.592151,2.592151,2.592151,2.592151,udp,0.0,,cs0,,63.0,,1.0,,Status,2,2,0,84,84,0,42.0,0.0,129.622086,129.622086,0.0,0,0,0,0.0,,,0.38578,0.38578,0.0,REQ,,,,,0.0,0.0,0.0,0
303460,2.591288,2.591288,2.591288,2.591288,2.591288,2.591288,udp,0.0,,cs0,,63.0,,1.0,,Status,2,2,0,84,84,0,42.0,0.0,129.665237,129.665237,0.0,0,0,0,0.0,,,0.385908,0.385908,0.0,REQ,,,,,0.0,0.0,0.0,0
303504,0.0,0.0,0.0,0.0,0.0,0.0,udp,0.0,,cs0,,63.0,,1.0,,Status,1,1,0,42,42,0,42.0,0.0,0.0,0.0,0.0,0,0,0,0.0,,,0.0,0.0,0.0,REQ,,,,,0.0,0.0,0.0,0
303522,2.587789,2.587789,2.587789,2.587789,2.587789,2.587789,udp,0.0,,cs0,,63.0,,1.0,,Status,2,2,0,84,84,0,42.0,0.0,129.840561,129.840561,0.0,0,0,0,0.0,,,0.38643,0.38643,0.0,REQ,,,,,0.0,0.0,0.0,0
303536,2.58778,2.58778,2.58778,2.58778,2.58778,2.58778,udp,0.0,,cs0,,63.0,,1.0,,Status,2,2,0,84,84,0,42.0,0.0,129.841019,129.841019,0.0,0,0,0,0.0,,,0.386432,0.386432,0.0,REQ,,,,,0.0,0.0,0.0,0
303548,0.0,0.0,0.0,0.0,0.0,0.0,udp,0.0,,cs0,,63.0,,1.0,,Status,1,1,0,42,42,0,42.0,0.0,0.0,0.0,0.0,0,0,0,0.0,,,0.0,0.0,0.0,REQ,,,,,0.0,0.0,0.0,0
303566,2.586334,2.586334,2.586334,2.586334,2.586334,2.586334,udp,0.0,,cs0,,63.0,,1.0,,Status,2,2,0,84,84,0,42.0,0.0,129.91362,129.91362,0.0,0,0,0,0.0,,,0.386648,0.386648,0.0,REQ,,,,,0.0,0.0,0.0,0
303570,2.585398,2.585398,2.585398,2.585398,2.585398,2.585398,udp,0.0,,cs0,,63.0,,1.0,,Status,2,2,0,84,84,0,42.0,0.0,129.960648,129.960648,0.0,0,0,0,0.0,,,0.386788,0.386788,0.0,REQ,,,,,0.0,0.0,0.0,0
303573,2.58508,2.58508,2.58508,2.58508,2.58508,2.58508,udp,0.0,,cs0,,63.0,,1.0,,Status,2,2,0,84,84,0,42.0,0.0,129.976639,129.976639,0.0,0,0,0,0.0,,,0.386835,0.386835,0.0,REQ,,,,,0.0,0.0,0.0,0
303595,2.583165,2.583165,2.583165,2.583165,2.583165,2.583165,udp,0.0,,cs0,,63.0,,1.0,,Status,2,2,0,84,84,0,42.0,0.0,130.072998,130.072998,0.0,0,0,0,0.0,,,0.387122,0.387122,0.0,REQ,,,,,0.0,0.0,0.0,0
303675,2.594118,2.594118,2.594118,2.594118,2.594118,2.594118,udp,0.0,,cs0,,63.0,,1.0,,Status,2,2,0,84,84,0,42.0,0.0,129.523788,129.523788,0.0,0,0,0,0.0,,,0.385487,0.385487,0.0,REQ,,,,,0.0,0.0,0.0,0
303738,0.0,0.0,0.0,0.0,0.0,0.0,udp,0.0,,cs0,,63.0,,1.0,,Status,1,1,0,42,42,0,42.0,0.0,0.0,0.0,0.0,0,0,0,0.0,,,0.0,0.0,0.0,REQ,,,,,0.0,0.0,0.0,0
303773,0.0,0.0,0.0,0.0,0.0,0.0,udp,0.0,,cs0,,63.0,,1.0,,Start,1,1,0,42,42,0,42.0,0.0,0.0,0.0,0.0,0,0,0,0.0,,,0.0,0.0,0.0,INT,,,,,0.0,0.0,0.0,0
303841,2.590871,2.590871,2.590871,2.590871,2.590871,2.590871,udp,0.0,,cs0,,63.0,,1.0,,Status,2,2,0,84,84,0,42.0,0.0,129.686111,129.686111,0.0,0,0,0,0.0,,,0.385971,0.385971,0.0,REQ,,,,,0.0,0.0,0.0,0
303890,2.591005,2.591005,2.591005,2.591005,2.591005,2.591005,udp,0.0,,cs0,,63.0,,1.0,,Status,2,2,0,84,84,0,42.0,0.0,129.679413,129.679413,0.0,0,0,0,0.0,,,0.385951,0.385951,0.0,REQ,,,,,0.0,0.0,0.0,0
303911,0.0,0.0,0.0,0.0,0.0,0.0,udp,0.0,,cs0,,63.0,,1.0,,Status,1,1,0,42,42,0,42.0,0.0,0.0,0.0,0.0,0,0,0,0.0,,,0.0,0.0,0.0,REQ,,,,,0.0,0.0,0.0,0
303937,2.590759,2.590759,2.590759,2.590759,2.590759,2.590759,udp,0.0,,cs0,,63.0,,1.0,,Start,2,2,0,84,84,0,42.0,0.0,129.691727,129.691727,0.0,0,0,0,0.0,,,0.385987,0.385987,0.0,INT,,,,,0.0,0.0,0.0,0
303967,2.590764,2.590764,2.590764,2.590764,2.590764,2.590764,udp,0.0,,cs0,,63.0,,1.0,,Status,2,2,0,84,84,0,42.0,0.0,129.691467,129.691467,0.0,0,0,0,0.0,,,0.385987,0.385987,0.0,REQ,,,,,0.0,0.0,0.0,0
304021,2.587114,2.587114,2.587114,2.587114,2.587114,2.587114,udp,0.0,,cs0,,63.0,,1.0,,Start,2,2,0,84,84,0,42.0,0.0,129.874435,129.874435,0.0,0,0,0,0.0,,,0.386531,0.386531,0.0,INT,,,,,0.0,0.0,0.0,0
304071,0.0,0.0,0.0,0.0,0.0,0.0,udp,0.0,,cs0,,63.0,,1.0,,Start,1,1,0,42,42,0,42.0,0.0,0.0,0.0,0.0,0,0,0,0.0,,,0.0,0.0,0.0,INT,,,,,0.0,0.0,0.0,0
304078,0.0,0.0,0.0,0.0,0.0,0.0,udp,0.0,,cs0,,63.0,,1.0,,Start,1,1,0,42,42,0,42.0,0.0,0.0,0.0,0.0,0,0,0,0.0,,,0.0,0.0,0.0,INT,,,,,0.0,0.0,0.0,0
304104,2.583963,2.583963,2.583963,2.583963,2.583963,2.583963,udp,0.0,,cs0,,63.0,,1.0,,Status,2,2,0,84,84,0,42.0,0.0,130.032822,130.032822,0.0,0,0,0,0.0,,,0.387002,0.387002,0.0,REQ,,,,,0.0,0.0,0.0,0
304115,2.584673,2.584673,2.584673,2.584673,2.584673,2.584673,udp,0.0,,cs0,,63.0,,1.0,,Status,2,2,0,84,84,0,42.0,0.0,129.997101,129.997101,0.0,0,0,0,0.0,,,0.386896,0.386896,0.0,REQ,,,,,0.0,0.0,0.0,0
304207,0.0,0.0,0.0,0.0,0.0,0.0,udp,0.0,,cs0,,63.0,,1.0,,Status,1,1,0,42,42,0,42.0,0.0,0.0,0.0,0.0,0,0,0,0.0,,,0.0,0.0,0.0,REQ,,,,,0.0,0.0,0.0,0
304302,2.592257,2.592257,2.592257,2.592257,2.592257,2.592257,udp,0.0,,cs0,,63.0,,1.0,,Status,2,2,0,84,84,0,42.0,0.0,129.616776,129.616776,0.0,0,0,0,0.0,,,0.385764,0.385764,0.0,REQ,,,,,0.0,0.0,0.0,0
304305,2.592097,2.592097,2.592097,2.592097,2.592097,2.592097,udp,0.0,,cs0,,63.0,,1.0,,Status,2,2,0,84,84,0,42.0,0.0,129.624771,129.624771,0.0,0,0,0,0.0,,,0.385788,0.385788,0.0,REQ,,,,,0.0,0.0,0.0,0
304328,0.0,0.0,0.0,0.0,0.0,0.0,udp,0.0,,cs0,,63.0,,1.0,,Status,1,1,0,42,42,0,42.0,0.0,0.0,0.0,0.0,0,0,0,0.0,,,0.0,0.0,0.0,REQ,,,,,0.0,0.0,0.0,0
304372,2.588117,2.588117,2.588117,2.588117,2.588117,2.588117,udp,0.0,,cs0,,63.0,,1.0,,Status,2,2,0,84,84,0,42.0,0.0,129.824127,129.824127,0.0,0,0,0,0.0,,,0.386381,0.386381,0.0,REQ,,,,,0.0,0.0,0.0,0
304433,0.0,0.0,0.0,0.0,0.0,0.0,udp,0.0,,cs0,,63.0,,1.0,,Status,1,1,0,42,42,0,42.0,0.0,0.0,0.0,0.0,0,0,0,0.0,,,0.0,0.0,0.0,REQ,,,,,0.0,0.0,0.0,0
304439,0.0,0.0,0.0,0.0,0.0,0.0,udp,0.0,,cs0,,63.0,,1.0,,Status,1,1,0,42,42,0,42.0,0.0,0.0,0.0,0.0,0,0,0,0.0,,,0.0,0.0,0.0,REQ,,,,,0.0,0.0,0.0,0
304442,0.0,0.0,0.0,0.0,0.0,0.0,udp,0.0,,cs0,,63.0,,1.0,,Start,1,1,0,42,42,0,42.0,0.0,0.0,0.0,0.0,0,0,0,0.0,,,0.0,0.0,0.0,INT,,,,,0.0,0.0,0.0,0
304449,0.0,0.0,0.0,0.0,0.0,0.0,udp,0.0,,cs0,,63.0,,1.0,,Status,1,1,0,42,42,0,42.0,0.0,0.0,0.0,0.0,0,0,0,0.0,,,0.0,0.0,0.0,REQ,,,,,0.0,0.0,0.0,0
304509,0.0,0.0,0.0,0.0,0.0,0.0,udp,0.0,,cs0,,63.0,,1.0,,Status,1,1,0,42,42,0,42.0,0.0,0.0,0.0,0.0,0,0,0,0.0,,,0.0,0.0,0.0,REQ,,,,,0.0,0.0,0.0,0
304546,0.0,0.0,0.0,0.0,0.0,0.0,udp,0.0,,cs0,,63.0,,1.0,,Status,1,1,0,42,42,0,42.0,0.0,0.0,0.0,0.0,0,0,0,0.0,,,0.0,0.0,0.0,REQ,,,,,0.0,0.0,0.0,0
304547,0.0,0.0,0.0,0.0,0.0,0.0,udp,0.0,,cs0,,63.0,,1.0,,Status,1,1,0,42,42,0,42.0,0.0,0.0,0.0,0.0,0,0,0,0.0,,,0.0,0.0,0.0,REQ,,,,,0.0,0.0,0.0,0
304556,0.0,0.0,0.0,0.0,0.0,0.0,udp,0.0,,cs0,,63.0,,1.0,,Status,1,1,0,42,42,0,42.0,0.0,0.0,0.0,0.0,0,0,0,0.0,,,0.0,0.0,0.0,REQ,,,,,0.0,0.0,0.0,0
304557,0.0,0.0,0.0,0.0,0.0,0.0,udp,0.0,,cs0,,63.0,,1.0,,Status,1,1,0,42,42,0,42.0,0.0,0.0,0.0,0.0,0,0,0,0.0,,,0.0,0.0,0.0,REQ,,,,,0.0,0.0,0.0,0
304602,0.0,0.0,0.0,0.0,0.0,0.0,udp,0.0,,cs0,,63.0,,1.0,,Status,1,1,0,42,42,0,42.0,0.0,0.0,0.0,0.0,0,0,0,0.0,,,0.0,0.0,0.0,REQ,,,,,0.0,0.0,0.0,0
304621,2.593115,2.593115,2.593115,2.593115,2.593115,2.593115,udp,0.0,,cs0,,63.0,,1.0,,Status,2,2,0,84,84,0,42.0,0.0,129.573883,129.573883,0.0,0,0,0,0.0,,,0.385637,0.385637,0.0,REQ,,,,,0.0,0.0,0.0,0
304625,2.593136,2.593136,2.593136,2.593136,2.593136,2.593136,udp,0.0,,cs0,,63.0,,1.0,,Status,2,2,0,84,84,0,42.0,0.0,129.572845,129.572845,0.0,0,0,0,0.0,,,0.385633,0.385633,0.0,REQ,,,,,0.0,0.0,0.0,0
304653,2.587532,2.587532,2.587532,2.587532,2.587532,2.587532,udp,0.0,,cs0,,63.0,,1.0,,Status,2,2,0,84,84,0,42.0,0.0,129.85347,129.85347,0.0,0,0,0,0.0,,,0.386469,0.386469,0.0,REQ,,,,,0.0,0.0,0.0,0
304781,2.592043,2.592043,2.592043,2.592043,2.592043,2.592043,udp,0.0,,cs0,,63.0,,1.0,,Start,2,2,0,84,84,0,42.0,0.0,129.627487,129.627487,0.0,0,0,0,0.0,,,0.385796,0.385796,0.0,INT,,,,,0.0,0.0,0.0,0
304882,2.570282,2.570282,2.570282,2.570282,2.570282,2.570282,udp,0.0,,cs0,,63.0,,1.0,,Status,2,2,0,84,84,0,42.0,0.0,130.72496,130.72496,0.0,0,0,0,0.0,,,0.389062,0.389062,0.0,REQ,,,,,0.0,0.0,0.0,0
304913,0.0,0.0,0.0,0.0,0.0,0.0,udp,0.0,,cs0,,63.0,,1.0,,Status,1,1,0,42,42,0,42.0,0.0,0.0,0.0,0.0,0,0,0,0.0,,,0.0,0.0,0.0,REQ,,,,,0.0,0.0,0.0,0
305073,0.0,0.0,0.0,0.0,0.0,0.0,udp,0.0,,cs0,,63.0,,1.0,,Status,1,1,0,42,42,0,42.0,0.0,0.0,0.0,0.0,0,0,0,0.0,,,0.0,0.0,0.0,REQ,,,,,0.0,0.0,0.0,0
305152,0.0,0.0,0.0,0.0,0.0,0.0,udp,0.0,,cs0,,63.0,,1.0,,Start,1,1,0,42,42,0,42.0,0.0,0.0,0.0,0.0,0,0,0,0.0,,,0.0,0.0,0.0,INT,,,,,0.0,0.0,0.0,0
305196,2.577019,2.577019,2.577019,2.577019,2.577019,2.577019,udp,0.0,,cs0,,63.0,,1.0,,Status,2,2,0,84,84,0,42.0,0.0,130.383209,130.383209,0.0,0,0,0,0.0,,,0.388045,0.388045,0.0,REQ,,,,,0.0,0.0,0.0,0
305244,0.0,0.0,0.0,0.0,0.0,0.0,udp,0.0,,cs0,,63.0,,1.0,,Status,1,1,0,42,42,0,42.0,0.0,0.0,0.0,0.0,0,0,0,0.0,,,0.0,0.0,0.0,REQ,,,,,0.0,0.0,0.0,0
305272,2.575339,2.575339,2.575339,2.575339,2.575339,2.575339,udp,0.0,,cs0,,63.0,,1.0,,Status,2,2,0,84,84,0,42.0,0.0,130.468262,130.468262,0.0,0,0,0,0.0,,,0.388298,0.388298,0.0,REQ,,,,,0.0,0.0,0.0,0
305299,0.0,0.0,0.0,0.0,0.0,0.0,udp,0.0,,cs0,,63.0,,1.0,,Status,1,1,0,42,42,0,42.0,0.0,0.0,0.0,0.0,0,0,0,0.0,,,0.0,0.0,0.0,REQ,,,,,0.0,0.0,0.0,0
305302,0.0,0.0,0.0,0.0,0.0,0.0,udp,0.0,,cs0,,63.0,,1.0,,Status,1,1,0,42,42,0,42.0,0.0,0.0,0.0,0.0,0,0,0,0.0,,,0.0,0.0,0.0,REQ,,,,,0.0,0.0,0.0,0
305397,0.0,0.0,0.0,0.0,0.0,0.0,udp,0.0,,cs0,,63.0,,1.0,,Status,1,1,0,42,42,0,42.0,0.0,0.0,0.0,0.0,0,0,0,0.0,,,0.0,0.0,0.0,REQ,,,,,0.0,0.0,0.0,0
305403,2.576191,2.576191,2.576191,2.576191,2.576191,2.576191,udp,0.0,,cs0,,63.0,,1.0,,Start,2,2,0,84,84,0,42.0,0.0,130.42511,130.42511,0.0,0,0,0,0.0,,,0.38817,0.38817,0.0,INT,,,,,0.0,0.0,0.0,0
305457,0.0,0.0,0.0,0.0,0.0,0.0,udp,0.0,,cs0,,63.0,,1.0,,Status,1,1,0,42,42,0,42.0,0.0,0.0,0.0,0.0,0,0,0,0.0,,,0.0,0.0,0.0,REQ,,,,,0.0,0.0,0.0,0
305458,0.0,0.0,0.0,0.0,0.0,0.0,udp,0.0,,cs0,,63.0,,1.0,,Status,1,1,0,42,42,0,42.0,0.0,0.0,0.0,0.0,0,0,0,0.0,,,0.0,0.0,0.0,REQ,,,,,0.0,0.0,0.0,0
305467,0.0,0.0,0.0,0.0,0.0,0.0,udp,0.0,,cs0,,63.0,,1.0,,Status,1,1,0,42,42,0,42.0,0.0,0.0,0.0,0.0,0,0,0,0.0,,,0.0,0.0,0.0,REQ,,,,,0.0,0.0,0.0,0
305489,0.0,0.0,0.0,0.0,0.0,0.0,udp,0.0,,cs0,,63.0,,1.0,,Status,1,1,0,42,42,0,42.0,0.0,0.0,0.0,0.0,0,0,0,0.0,,,0.0,0.0,0.0,REQ,,,,,0.0,0.0,0.0,0
305563,0.0,0.0,0.0,0.0,0.0,0.0,udp,0.0,,cs0,,63.0,,1.0,,Status,1,1,0,42,42,0,42.0,0.0,0.0,0.0,0.0,0,0,0,0.0,,,0.0,0.0,0.0,REQ,,,,,0.0,0.0,0.0,0
305568,2.577139,2.577139,2.577139,2.577139,2.577139,2.577139,udp,0.0,,cs0,,63.0,,1.0,,Status,2,2,0,84,84,0,42.0,0.0,130.377136,130.377136,0.0,0,0,0,0.0,,,0.388027,0.388027,0.0,REQ,,,,,0.0,0.0,0.0,0
305600,0.0,0.0,0.0,0.0,0.0,0.0,udp,0.0,,cs0,,63.0,,1.0,,Status,1,1,0,42,42,0,42.0,0.0,0.0,0.0,0.0,0,0,0,0.0,,,0.0,0.0,0.0,REQ,,,,,0.0,0.0,0.0,0
305617,2.57531,2.57531,2.57531,2.57531,2.57531,2.57531,udp,0.0,,cs0,,63.0,,1.0,,Start,2,2,0,84,84,0,42.0,0.0,130.469727,130.469727,0.0,0,0,0,0.0,,,0.388303,0.388303,0.0,INT,,,,,0.0,0.0,0.0,0
305622,2.581206,2.581206,2.581206,2.581206,2.581206,2.581206,udp,0.0,,cs0,,63.0,,1.0,,Status,2,2,0,84,84,0,42.0,0.0,130.171707,130.171707,0.0,0,0,0,0.0,,,0.387416,0.387416,0.0,REQ,,,,,0.0,0.0,0.0,0
305623,2.581206,2.581206,2.581206,2.581206,2.581206,2.581206,udp,0.0,,cs0,,63.0,,1.0,,Status,2,2,0,84,84,0,42.0,0.0,130.171707,130.171707,0.0,0,0,0,0.0,,,0.387416,0.387416,0.0,REQ,,,,,0.0,0.0,0.0,0
305636,2.580458,2.580458,2.580458,2.580458,2.580458,2.580458,udp,0.0,,cs0,,63.0,,1.0,,Status,2,2,0,84,84,0,42.0,0.0,130.209442,130.209442,0.0,0,0,0,0.0,,,0.387528,0.387528,0.0,REQ,,,,,0.0,0.0,0.0,0
305707,2.580809,2.580809,2.580809,2.580809,2.580809,2.580809,udp,0.0,,cs0,,63.0,,1.0,,Start,2,2,0,84,84,0,42.0,0.0,130.191727,130.191727,0.0,0,0,0,0.0,,,0.387475,0.387475,0.0,INT,,,,,0.0,0.0,0.0,0
305840,2.578966,2.578966,2.578966,2.578966,2.578966,2.578966,udp,0.0,,cs0,,63.0,,1.0,,Status,2,2,0,84,84,0,42.0,0.0,130.284775,130.284775,0.0,0,0,0,0.0,,,0.387752,0.387752,0.0,REQ,,,,,0.0,0.0,0.0,0
305907,0.0,0.0,0.0,0.0,0.0,0.0,udp,0.0,,cs0,,63.0,,1.0,,Status,1,1,0,42,42,0,42.0,0.0,0.0,0.0,0.0,0,0,0,0.0,,,0.0,0.0,0.0,REQ,,,,,0.0,0.0,0.0,0
305950,0.0,0.0,0.0,0.0,0.0,0.0,udp,0.0,,cs0,,63.0,,1.0,,Status,1,1,0,42,42,0,42.0,0.0,0.0,0.0,0.0,0,0,0,0.0,,,0.0,0.0,0.0,REQ,,,,,0.0,0.0,0.0,0
305952,0.0,0.0,0.0,0.0,0.0,0.0,udp,0.0,,cs0,,63.0,,1.0,,Status,1,1,0,42,42,0,42.0,0.0,0.0,0.0,0.0,0,0,0,0.0,,,0.0,0.0,0.0,REQ,,,,,0.0,0.0,0.0,0
305956,0.0,0.0,0.0,0.0,0.0,0.0,udp,0.0,,cs0,,63.0,,1.0,,Status,1,1,0,42,42,0,42.0,0.0,0.0,0.0,0.0,0,0,0,0.0,,,0.0,0.0,0.0,REQ,,,,,0.0,0.0,0.0,0
305999,2.57769,2.57769,2.57769,2.57769,2.57769,2.57769,udp,0.0,,cs0,,63.0,,1.0,,Start,2,2,0,84,84,0,42.0,0.0,130.349274,130.349274,0.0,0,0,0,0.0,,,0.387944,0.387944,0.0,INT,,,,,0.0,0.0,0.0,0
306011,0.0,0.0,0.0,0.0,0.0,0.0,udp,0.0,,cs0,,63.0,,1.0,,Start,1,1,0,42,42,0,42.0,0.0,0.0,0.0,0.0,0,0,0,0.0,,,0.0,0.0,0.0,INT,,,,,0.0,0.0,0.0,0
306035,2.580153,2.580153,2.580153,2.580153,2.580153,2.580153,udp,0.0,,cs0,,63.0,,1.0,,Status,2,2,0,84,84,0,42.0,0.0,130.224838,130.224838,0.0,0,0,0,0.0,,,0.387574,0.387574,0.0,REQ,,,,,0.0,0.0,0.0,0
306074,0.0,0.0,0.0,0.0,0.0,0.0,udp,0.0,,cs0,,63.0,,1.0,,Start,1,1,0,42,42,0,42.0,0.0,0.0,0.0,0.0,0,0,0,0.0,,,0.0,0.0,0.0,INT,,,,,0.0,0.0,0.0,0
306080,2.575938,2.575938,2.575938,2.575938,2.575938,2.575938,udp,0.0,,cs0,,63.0,,1.0,,Start,2,2,0,84,84,0,42.0,0.0,130.437927,130.437927,0.0,0,0,0,0.0,,,0.388208,0.388208,0.0,INT,,,,,0.0,0.0,0.0,0
306118,2.583085,2.583085,2.583085,2.583085,2.583085,2.583085,udp,0.0,,cs0,,63.0,,1.0,,Status,2,2,0,84,84,0,42.0,0.0,130.077011,130.077011,0.0,0,0,0,0.0,,,0.387134,0.387134,0.0,REQ,,,,,0.0,0.0,0.0,0
306137,0.0,0.0,0.0,0.0,0.0,0.0,udp,0.0,,cs0,,63.0,,1.0,,Status,1,1,0,42,42,0,42.0,0.0,0.0,0.0,0.0,0,0,0,0.0,,,0.0,0.0,0.0,REQ,,,,,0.0,0.0,0.0,0
306141,2.577227,2.577227,2.577227,2.577227,2.577227,2.577227,udp,0.0,,cs0,,63.0,,1.0,,Start,2,2,0,84,84,0,42.0,0.0,130.372681,130.372681,0.0,0,0,0,0.0,,,0.388014,0.388014,0.0,INT,,,,,0.0,0.0,0.0,0
306181,2.581575,2.581575,2.581575,2.581575,2.581575,2.581575,udp,0.0,,cs0,,63.0,,1.0,,Start,2,2,0,84,84,0,42.0,0.0,130.153107,130.153107,0.0,0,0,0,0.0,,,0.38736,0.38736,0.0,INT,,,,,0.0,0.0,0.0,0
306200,0.0,0.0,0.0,0.0,0.0,0.0,udp,0.0,,cs0,,63.0,,1.0,,Status,1,1,0,42,42,0,42.0,0.0,0.0,0.0,0.0,0,0,0,0.0,,,0.0,0.0,0.0,REQ,,,,,0.0,0.0,0.0,0
306205,0.0,0.0,0.0,0.0,0.0,0.0,udp,0.0,,cs0,,63.0,,1.0,,Status,1,1,0,42,42,0,42.0,0.0,0.0,0.0,0.0,0,0,0,0.0,,,0.0,0.0,0.0,REQ,,,,,0.0,0.0,0.0,0
306244,2.575863,2.575863,2.575863,2.575863,2.575863,2.575863,udp,0.0,,cs0,,63.0,,1.0,,Status,2,2,0,84,84,0,42.0,0.0,130.441727,130.441727,0.0,0,0,0,0.0,,,0.388219,0.388219,0.0,REQ,,,,,0.0,0.0,0.0,0
306338,2.578195,2.578195,2.578195,2.578195,2.578195,2.578195,udp,0.0,,cs0,,63.0,,1.0,,Start,2,2,0,84,84,0,42.0,0.0,130.32373,130.32373,0.0,0,0,0,0.0,,,0.387868,0.387868,0.0,INT,,,,,0.0,0.0,0.0,0
306346,2.578693,2.578693,2.578693,2.578693,2.578693,2.578693,udp,0.0,,cs0,,63.0,,1.0,,Start,2,2,0,84,84,0,42.0,0.0,130.298569,130.298569,0.0,0,0,0,0.0,,,0.387793,0.387793,0.0,INT,,,,,0.0,0.0,0.0,0
306372,0.0,0.0,0.0,0.0,0.0,0.0,udp,0.0,,cs0,,63.0,,1.0,,Status,1,1,0,42,42,0,42.0,0.0,0.0,0.0,0.0,0,0,0,0.0,,,0.0,0.0,0.0,REQ,,,,,0.0,0.0,0.0,0
306490,2.576833,2.576833,2.576833,2.576833,2.576833,2.576833,udp,0.0,,cs0,,63.0,,1.0,,Start,2,2,0,84,84,0,42.0,0.0,130.392624,130.392624,0.0,0,0,0,0.0,,,0.388073,0.388073,0.0,INT,,,,,0.0,0.0,0.0,0
306527,0.0,0.0,0.0,0.0,0.0,0.0,udp,0.0,,cs0,,63.0,,1.0,,Status,1,1,0,42,42,0,42.0,0.0,0.0,0.0,0.0,0,0,0,0.0,,,0.0,0.0,0.0,REQ,,,,,0.0,0.0,0.0,0
306542,2.574181,2.574181,2.574181,2.574181,2.574181,2.574181,udp,0.0,,cs0,,63.0,,1.0,,Status,2,2,0,84,84,0,42.0,0.0,130.526947,130.526947,0.0,0,0,0,0.0,,,0.388473,0.388473,0.0,REQ,,,,,0.0,0.0,0.0,0
306604,2.583768,2.583768,2.583768,2.583768,2.583768,2.583768,udp,0.0,,cs0,,63.0,,1.0,,Status,2,2,0,84,84,0,42.0,0.0,130.042648,130.042648,0.0,0,0,0,0.0,,,0.387032,0.387032,0.0,REQ,,,,,0.0,0.0,0.0,0
306753,2.576354,2.576354,2.576354,2.576354,2.576354,2.576354,udp,0.0,,cs0,,63.0,,1.0,,Status,2,2,0,84,84,0,42.0,0.0,130.416855,130.416855,0.0,0,0,0,0.0,,,0.388145,0.388145,0.0,REQ,,,,,0.0,0.0,0.0,0
306770,2.577735,2.577735,2.577735,2.577735,2.577735,2.577735,udp,0.0,,cs0,,63.0,,1.0,,Status,2,2,0,84,84,0,42.0,0.0,130.347,130.347,0.0,0,0,0,0.0,,,0.387937,0.387937,0.0,REQ,,,,,0.0,0.0,0.0,0
306772,2.578641,2.578641,2.578641,2.578641,2.578641,2.578641,udp,0.0,,cs0,,63.0,,1.0,,Status,2,2,0,84,84,0,42.0,0.0,130.301193,130.301193,0.0,0,0,0,0.0,,,0.387801,0.387801,0.0,REQ,,,,,0.0,0.0,0.0,0
306825,2.577543,2.577543,2.577543,2.577543,2.577543,2.577543,udp,0.0,,cs0,,63.0,,1.0,,Status,2,2,0,84,84,0,42.0,0.0,130.356705,130.356705,0.0,0,0,0,0.0,,,0.387966,0.387966,0.0,REQ,,,,,0.0,0.0,0.0,0
306830,2.575539,2.575539,2.575539,2.575539,2.575539,2.575539,udp,0.0,,cs0,,63.0,,1.0,,Status,2,2,0,84,84,0,42.0,0.0,130.45813,130.45813,0.0,0,0,0,0.0,,,0.388268,0.388268,0.0,REQ,,,,,0.0,0.0,0.0,0
306851,0.0,0.0,0.0,0.0,0.0,0.0,udp,0.0,,cs0,,63.0,,1.0,,Start,1,1,0,42,42,0,42.0,0.0,0.0,0.0,0.0,0,0,0,0.0,,,0.0,0.0,0.0,INT,,,,,0.0,0.0,0.0,0
306860,0.0,0.0,0.0,0.0,0.0,0.0,udp,0.0,,cs0,,63.0,,1.0,,Start,1,1,0,42,42,0,42.0,0.0,0.0,0.0,0.0,0,0,0,0.0,,,0.0,0.0,0.0,INT,,,,,0.0,0.0,0.0,0
306884,0.0,0.0,0.0,0.0,0.0,0.0,udp,0.0,,cs0,,63.0,,1.0,,Status,1,1,0,42,42,0,42.0,0.0,0.0,0.0,0.0,0,0,0,0.0,,,0.0,0.0,0.0,REQ,,,,,0.0,0.0,0.0,0
306891,0.0,0.0,0.0,0.0,0.0,0.0,udp,0.0,,cs0,,63.0,,1.0,,Status,1,1,0,42,42,0,42.0,0.0,0.0,0.0,0.0,0,0,0,0.0,,,0.0,0.0,0.0,REQ,,,,,0.0,0.0,0.0,0
306913,2.577013,2.577013,2.577013,2.577013,2.577013,2.577013,udp,0.0,,cs0,,63.0,,1.0,,Start,2,2,0,84,84,0,42.0,0.0,130.383514,130.383514,0.0,0,0,0,0.0,,,0.388046,0.388046,0.0,INT,,,,,0.0,0.0,0.0,0
306917,2.578915,2.578915,2.578915,2.578915,2.578915,2.578915,udp,0.0,,cs0,,63.0,,1.0,,Start,2,2,0,84,84,0,42.0,0.0,130.287338,130.287338,0.0,0,0,0,0.0,,,0.38776,0.38776,0.0,INT,,,,,0.0,0.0,0.0,0
306970,2.579184,2.579184,2.579184,2.579184,2.579184,2.579184,udp,0.0,,cs0,,63.0,,1.0,,Status,2,2,0,84,84,0,42.0,0.0,130.273758,130.273758,0.0,0,0,0,0.0,,,0.38772,0.38772,0.0,REQ,,,,,0.0,0.0,0.0,0
306988,0.0,0.0,0.0,0.0,0.0,0.0,udp,0.0,,cs0,,63.0,,1.0,,Status,1,1,0,42,42,0,42.0,0.0,0.0,0.0,0.0,0,0,0,0.0,,,0.0,0.0,0.0,REQ,,,,,0.0,0.0,0.0,0
307156,2.57894,2.57894,2.57894,2.57894,2.57894,2.57894,udp,0.0,,cs0,,63.0,,1.0,,Status,2,2,0,84,84,0,42.0,0.0,130.286087,130.286087,0.0,0,0,0,0.0,,,0.387756,0.387756,0.0,REQ,,,,,0.0,0.0,0.0,0
307175,0.0,0.0,0.0,0.0,0.0,0.0,udp,0.0,,cs0,,63.0,,1.0,,Status,1,1,0,42,42,0,42.0,0.0,0.0,0.0,0.0,0,0,0,0.0,,,0.0,0.0,0.0,REQ,,,,,0.0,0.0,0.0,0
307252,0.0,0.0,0.0,0.0,0.0,0.0,udp,0.0,,cs0,,63.0,,1.0,,Status,1,1,0,42,42,0,42.0,0.0,0.0,0.0,0.0,0,0,0,0.0,,,0.0,0.0,0.0,REQ,,,,,0.0,0.0,0.0,0
307286,2.573781,2.573781,2.573781,2.573781,2.573781,2.573781,udp,0.0,,cs0,,63.0,,1.0,,Start,2,2,0,84,84,0,42.0,0.0,130.547241,130.547241,0.0,0,0,0,0.0,,,0.388533,0.388533,0.0,INT,,,,,0.0,0.0,0.0,0
307346,2.577838,2.577838,2.577838,2.577838,2.577838,2.577838,udp,0.0,,cs0,,63.0,,1.0,,Status,2,2,0,84,84,0,42.0,0.0,130.341782,130.341782,0.0,0,0,0,0.0,,,0.387922,0.387922,0.0,REQ,,,,,0.0,0.0,0.0,0
307365,2.58304,2.58304,2.58304,2.58304,2.58304,2.58304,udp,0.0,,cs0,,63.0,,1.0,,Status,2,2,0,84,84,0,42.0,0.0,130.079285,130.079285,0.0,0,0,0,0.0,,,0.387141,0.387141,0.0,REQ,,,,,0.0,0.0,0.0,0
307387,2.577221,2.577221,2.577221,2.577221,2.577221,2.577221,udp,0.0,,cs0,,63.0,,1.0,,Start,2,2,0,84,84,0,42.0,0.0,130.372986,130.372986,0.0,0,0,0,0.0,,,0.388015,0.388015,0.0,INT,,,,,0.0,0.0,0.0,0
307409,0.0,0.0,0.0,0.0,0.0,0.0,udp,0.0,,cs0,,63.0,,1.0,,Status,1,1,0,42,42,0,42.0,0.0,0.0,0.0,0.0,0,0,0,0.0,,,0.0,0.0,0.0,REQ,,,,,0.0,0.0,0.0,0
307454,2.579968,2.579968,2.579968,2.579968,2.579968,2.579968,udp,0.0,,cs0,,63.0,,1.0,,Start,2,2,0,84,84,0,42.0,0.0,130.234177,130.234177,0.0,0,0,0,0.0,,,0.387602,0.387602,0.0,INT,,,,,0.0,0.0,0.0,0
307477,2.578983,2.578983,2.578983,2.578983,2.578983,2.578983,udp,0.0,,cs0,,63.0,,1.0,,Start,2,2,0,84,84,0,42.0,0.0,130.283905,130.283905,0.0,0,0,0,0.0,,,0.38775,0.38775,0.0,INT,,,,,0.0,0.0,0.0,0
307538,2.580136,2.580136,2.580136,2.580136,2.580136,2.580136,udp,0.0,,cs0,,63.0,,1.0,,Start,2,2,0,84,84,0,42.0,0.0,130.225693,130.225693,0.0,0,0,0,0.0,,,0.387576,0.387576,0.0,INT,,,,,0.0,0.0,0.0,0
307548,0.0,0.0,0.0,0.0,0.0,0.0,udp,0.0,,cs0,,63.0,,1.0,,Status,1,1,0,42,42,0,42.0,0.0,0.0,0.0,0.0,0,0,0,0.0,,,0.0,0.0,0.0,REQ,,,,,0.0,0.0,0.0,0
307558,0.0,0.0,0.0,0.0,0.0,0.0,udp,0.0,,cs0,,63.0,,1.0,,Status,1,1,0,42,42,0,42.0,0.0,0.0,0.0,0.0,0,0,0,0.0,,,0.0,0.0,0.0,REQ,,,,,0.0,0.0,0.0,0
307641,2.581707,2.581707,2.581707,2.581707,2.581707,2.581707,udp,0.0,,cs0,,63.0,,1.0,,Start,2,2,0,84,84,0,42.0,0.0,130.146454,130.146454,0.0,0,0,0,0.0,,,0.387341,0.387341,0.0,INT,,,,,0.0,0.0,0.0,0
307679,0.0,0.0,0.0,0.0,0.0,0.0,udp,0.0,,cs0,,63.0,,1.0,,Status,1,1,0,42,42,0,42.0,0.0,0.0,0.0,0.0,0,0,0,0.0,,,0.0,0.0,0.0,REQ,,,,,0.0,0.0,0.0,0
307695,2.577642,2.577642,2.577642,2.577642,2.577642,2.577642,udp,0.0,,cs0,,63.0,,1.0,,Status,2,2,0,84,84,0,42.0,0.0,130.3517,130.3517,0.0,0,0,0,0.0,,,0.387951,0.387951,0.0,REQ,,,,,0.0,0.0,0.0,0
307708,2.580808,2.580808,2.580808,2.580808,2.580808,2.580808,udp,0.0,,cs0,,63.0,,1.0,,Start,2,2,0,84,84,0,42.0,0.0,130.191788,130.191788,0.0,0,0,0,0.0,,,0.387476,0.387476,0.0,INT,,,,,0.0,0.0,0.0,0
307734,0.0,0.0,0.0,0.0,0.0,0.0,udp,0.0,,cs0,,63.0,,1.0,,Start,1,1,0,42,42,0,42.0,0.0,0.0,0.0,0.0,0,0,0,0.0,,,0.0,0.0,0.0,INT,,,,,0.0,0.0,0.0,0
307736,2.580642,2.580642,2.580642,2.580642,2.580642,2.580642,udp,0.0,,cs0,,63.0,,1.0,,Status,2,2,0,84,84,0,42.0,0.0,130.200165,130.200165,0.0,0,0,0,0.0,,,0.3875,0.3875,0.0,REQ,,,,,0.0,0.0,0.0,0
307775,0.0,0.0,0.0,0.0,0.0,0.0,udp,0.0,,cs0,,63.0,,1.0,,Status,1,1,0,42,42,0,42.0,0.0,0.0,0.0,0.0,0,0,0,0.0,,,0.0,0.0,0.0,REQ,,,,,0.0,0.0,0.0,0
307838,2.576624,2.576624,2.576624,2.576624,2.576624,2.576624,udp,0.0,,cs0,,63.0,,1.0,,Status,2,2,0,84,84,0,42.0,0.0,130.403198,130.403198,0.0,0,0,0,0.0,,,0.388105,0.388105,0.0,REQ,,,,,0.0,0.0,0.0,0
307847,2.580215,2.580215,2.580215,2.580215,2.580215,2.580215,udp,0.0,,cs0,,63.0,,1.0,,Start,2,2,0,84,84,0,42.0,0.0,130.22171,130.22171,0.0,0,0,0,0.0,,,0.387565,0.387565,0.0,INT,,,,,0.0,0.0,0.0,0
307900,2.579174,2.579174,2.579174,2.579174,2.579174,2.579174,udp,0.0,,cs0,,63.0,,1.0,,Status,2,2,0,84,84,0,42.0,0.0,130.274261,130.274261,0.0,0,0,0,0.0,,,0.387721,0.387721,0.0,REQ,,,,,0.0,0.0,0.0,0
307921,0.0,0.0,0.0,0.0,0.0,0.0,udp,0.0,,cs0,,63.0,,1.0,,Status,1,1,0,42,42,0,42.0,0.0,0.0,0.0,0.0,0,0,0,0.0,,,0.0,0.0,0.0,REQ,,,,,0.0,0.0,0.0,0
308007,2.578144,2.578144,2.578144,2.578144,2.578144,2.578144,udp,0.0,,cs0,,63.0,,1.0,,Status,2,2,0,84,84,0,42.0,0.0,130.326309,130.326309,0.0,0,0,0,0.0,,,0.387876,0.387876,0.0,REQ,,,,,0.0,0.0,0.0,0
308034,2.578035,2.578035,2.578035,2.578035,2.578035,2.578035,udp,0.0,,cs0,,63.0,,1.0,,Status,2,2,0,84,84,0,42.0,0.0,130.331818,130.331818,0.0,0,0,0,0.0,,,0.387892,0.387892,0.0,REQ,,,,,0.0,0.0,0.0,0
308044,2.576968,2.576968,2.576968,2.576968,2.576968,2.576968,udp,0.0,,cs0,,63.0,,1.0,,Status,2,2,0,84,84,0,42.0,0.0,130.385788,130.385788,0.0,0,0,0,0.0,,,0.388053,0.388053,0.0,REQ,,,,,0.0,0.0,0.0,0
308128,0.0,0.0,0.0,0.0,0.0,0.0,udp,0.0,,cs0,,63.0,,1.0,,Status,1,1,0,42,42,0,42.0,0.0,0.0,0.0,0.0,0,0,0,0.0,,,0.0,0.0,0.0,REQ,,,,,0.0,0.0,0.0,0
308138,2.57723,2.57723,2.57723,2.57723,2.57723,2.57723,udp,0.0,,cs0,,63.0,,1.0,,Status,2,2,0,84,84,0,42.0,0.0,130.372528,130.372528,0.0,0,0,0,0.0,,,0.388013,0.388013,0.0,REQ,,,,,0.0,0.0,0.0,0
308159,0.0,0.0,0.0,0.0,0.0,0.0,udp,0.0,,cs0,,63.0,,1.0,,Start,1,1,0,42,42,0,42.0,0.0,0.0,0.0,0.0,0,0,0,0.0,,,0.0,0.0,0.0,INT,,,,,0.0,0.0,0.0,0
308284,0.0,0.0,0.0,0.0,0.0,0.0,udp,0.0,,cs0,,63.0,,1.0,,Status,1,1,0,42,42,0,42.0,0.0,0.0,0.0,0.0,0,0,0,0.0,,,0.0,0.0,0.0,REQ,,,,,0.0,0.0,0.0,0
308293,0.0,0.0,0.0,0.0,0.0,0.0,udp,0.0,,cs0,,63.0,,1.0,,Status,1,1,0,42,42,0,42.0,0.0,0.0,0.0,0.0,0,0,0,0.0,,,0.0,0.0,0.0,REQ,,,,,0.0,0.0,0.0,0
308310,2.579192,2.579192,2.579192,2.579192,2.579192,2.579192,udp,0.0,,cs0,,63.0,,1.0,,Status,2,2,0,84,84,0,42.0,0.0,130.273361,130.273361,0.0,0,0,0,0.0,,,0.387718,0.387718,0.0,REQ,,,,,0.0,0.0,0.0,0
308321,2.579199,2.579199,2.579199,2.579199,2.579199,2.579199,udp,0.0,,cs0,,63.0,,1.0,,Status,2,2,0,84,84,0,42.0,0.0,130.272995,130.272995,0.0,0,0,0,0.0,,,0.387717,0.387717,0.0,REQ,,,,,0.0,0.0,0.0,0
308389,2.578921,2.578921,2.578921,2.578921,2.578921,2.578921,udp,0.0,,cs0,,63.0,,1.0,,Status,2,2,0,84,84,0,42.0,0.0,130.287048,130.287048,0.0,0,0,0,0.0,,,0.387759,0.387759,0.0,REQ,,,,,0.0,0.0,0.0,0
308430,0.0,0.0,0.0,0.0,0.0,0.0,udp,0.0,,cs0,,63.0,,1.0,,Status,1,1,0,42,42,0,42.0,0.0,0.0,0.0,0.0,0,0,0,0.0,,,0.0,0.0,0.0,REQ,,,,,0.0,0.0,0.0,0
308442,2.580181,2.580181,2.580181,2.580181,2.580181,2.580181,udp,0.0,,cs0,,63.0,,1.0,,Status,2,2,0,84,84,0,42.0,0.0,130.223434,130.223434,0.0,0,0,0,0.0,,,0.38757,0.38757,0.0,REQ,,,,,0.0,0.0,0.0,0
308503,2.580123,2.580123,2.580123,2.580123,2.580123,2.580123,udp,0.0,,cs0,,63.0,,1.0,,Status,2,2,0,84,84,0,42.0,0.0,130.226349,130.226349,0.0,0,0,0,0.0,,,0.387578,0.387578,0.0,REQ,,,,,0.0,0.0,0.0,0
308519,2.575899,2.575899,2.575899,2.575899,2.575899,2.575899,udp,0.0,,cs0,,63.0,,1.0,,Status,2,2,0,84,84,0,42.0,0.0,130.439896,130.439896,0.0,0,0,0,0.0,,,0.388214,0.388214,0.0,REQ,,,,,0.0,0.0,0.0,0
308524,0.0,0.0,0.0,0.0,0.0,0.0,udp,0.0,,cs0,,63.0,,1.0,,Status,1,1,0,42,42,0,42.0,0.0,0.0,0.0,0.0,0,0,0,0.0,,,0.0,0.0,0.0,REQ,,,,,0.0,0.0,0.0,0
308586,0.0,0.0,0.0,0.0,0.0,0.0,udp,0.0,,cs0,,63.0,,1.0,,Status,1,1,0,42,42,0,42.0,0.0,0.0,0.0,0.0,0,0,0,0.0,,,0.0,0.0,0.0,REQ,,,,,0.0,0.0,0.0,0
308596,0.0,0.0,0.0,0.0,0.0,0.0,udp,0.0,,cs0,,63.0,,1.0,,Status,1,1,0,42,42,0,42.0,0.0,0.0,0.0,0.0,0,0,0,0.0,,,0.0,0.0,0.0,REQ,,,,,0.0,0.0,0.0,0
308606,0.0,0.0,0.0,0.0,0.0,0.0,udp,0.0,,cs0,,63.0,,1.0,,Status,1,1,0,42,42,0,42.0,0.0,0.0,0.0,0.0,0,0,0,0.0,,,0.0,0.0,0.0,REQ,,,,,0.0,0.0,0.0,0
308634,2.577178,2.577178,2.577178,2.577178,2.577178,2.577178,udp,0.0,,cs0,,63.0,,1.0,,Status,2,2,0,84,84,0,42.0,0.0,130.375168,130.375168,0.0,0,0,0,0.0,,,0.388021,0.388021,0.0,REQ,,,,,0.0,0.0,0.0,0
308638,2.574915,2.574915,2.574915,2.574915,2.574915,2.574915,udp,0.0,,cs0,,63.0,,1.0,,Status,2,2,0,84,84,0,42.0,0.0,130.489746,130.489746,0.0,0,0,0,0.0,,,0.388362,0.388362,0.0,REQ,,,,,0.0,0.0,0.0,0
308701,2.578847,2.578847,2.578847,2.578847,2.578847,2.578847,udp,0.0,,cs0,,63.0,,1.0,,Status,2,2,0,84,84,0,42.0,0.0,130.290787,130.290787,0.0,0,0,0,0.0,,,0.38777,0.38777,0.0,REQ,,,,,0.0,0.0,0.0,0
308712,0.0,0.0,0.0,0.0,0.0,0.0,udp,0.0,,cs0,,63.0,,1.0,,Status,1,1,0,42,42,0,42.0,0.0,0.0,0.0,0.0,0,0,0,0.0,,,0.0,0.0,0.0,REQ,,,,,0.0,0.0,0.0,0
308718,2.580977,2.580977,2.580977,2.580977,2.580977,2.580977,udp,0.0,,cs0,,63.0,,1.0,,Start,2,2,0,84,84,0,42.0,0.0,130.183258,130.183258,0.0,0,0,0,0.0,,,0.38745,0.38745,0.0,INT,,,,,0.0,0.0,0.0,0
308725,2.580966,2.580966,2.580966,2.580966,2.580966,2.580966,udp,0.0,,cs0,,63.0,,1.0,,Start,2,2,0,84,84,0,42.0,0.0,130.183823,130.183823,0.0,0,0,0,0.0,,,0.387452,0.387452,0.0,INT,,,,,0.0,0.0,0.0,0
308797,0.0,0.0,0.0,0.0,0.0,0.0,udp,0.0,,cs0,,63.0,,1.0,,Status,1,1,0,42,42,0,42.0,0.0,0.0,0.0,0.0,0,0,0,0.0,,,0.0,0.0,0.0,REQ,,,,,0.0,0.0,0.0,0
308799,0.0,0.0,0.0,0.0,0.0,0.0,udp,0.0,,cs0,,63.0,,1.0,,Status,1,1,0,42,42,0,42.0,0.0,0.0,0.0,0.0,0,0,0,0.0,,,0.0,0.0,0.0,REQ,,,,,0.0,0.0,0.0,0
308832,0.0,0.0,0.0,0.0,0.0,0.0,udp,0.0,,cs0,,63.0,,1.0,,Status,1,1,0,42,42,0,42.0,0.0,0.0,0.0,0.0,0,0,0,0.0,,,0.0,0.0,0.0,REQ,,,,,0.0,0.0,0.0,0
308973,2.580874,2.580874,2.580874,2.580874,2.580874,2.580874,udp,0.0,,cs0,,63.0,,1.0,,Status,2,2,0,84,84,0,42.0,0.0,130.188461,130.188461,0.0,0,0,0,0.0,,,0.387466,0.387466,0.0,REQ,,,,,0.0,0.0,0.0,0
309012,2.580312,2.580312,2.580312,2.580312,2.580312,2.580312,udp,0.0,,cs0,,63.0,,1.0,,Status,2,2,0,84,84,0,42.0,0.0,130.216812,130.216812,0.0,0,0,0,0.0,,,0.38755,0.38755,0.0,REQ,,,,,0.0,0.0,0.0,0
309022,2.576393,2.576393,2.576393,2.576393,2.576393,2.576393,udp,0.0,,cs0,,63.0,,1.0,,Status,2,2,0,84,84,0,42.0,0.0,130.414886,130.414886,0.0,0,0,0,0.0,,,0.38814,0.38814,0.0,REQ,,,,,0.0,0.0,0.0,0
309092,2.576247,2.576247,2.576247,2.576247,2.576247,2.576247,udp,0.0,,cs0,,63.0,,1.0,,Status,2,2,0,84,84,0,42.0,0.0,130.422272,130.422272,0.0,0,0,0,0.0,,,0.388162,0.388162,0.0,REQ,,,,,0.0,0.0,0.0,0
309178,2.576103,2.576103,2.576103,2.576103,2.576103,2.576103,udp,0.0,,cs0,,63.0,,1.0,,Status,2,2,0,84,84,0,42.0,0.0,130.429565,130.429565,0.0,0,0,0,0.0,,,0.388183,0.388183,0.0,REQ,,,,,0.0,0.0,0.0,0
309197,0.0,0.0,0.0,0.0,0.0,0.0,udp,0.0,,cs0,,63.0,,1.0,,Status,1,1,0,42,42,0,42.0,0.0,0.0,0.0,0.0,0,0,0,0.0,,,0.0,0.0,0.0,REQ,,,,,0.0,0.0,0.0,0
309276,0.0,0.0,0.0,0.0,0.0,0.0,udp,0.0,,cs0,,63.0,,1.0,,Status,1,1,0,42,42,0,42.0,0.0,0.0,0.0,0.0,0,0,0,0.0,,,0.0,0.0,0.0,REQ,,,,,0.0,0.0,0.0,0
309306,0.0,0.0,0.0,0.0,0.0,0.0,udp,0.0,,cs0,,63.0,,1.0,,Status,1,1,0,42,42,0,42.0,0.0,0.0,0.0,0.0,0,0,0,0.0,,,0.0,0.0,0.0,REQ,,,,,0.0,0.0,0.0,0
309386,2.581756,2.581756,2.581756,2.581756,2.581756,2.581756,udp,0.0,,cs0,,63.0,,1.0,,Status,2,2,0,84,84,0,42.0,0.0,130.143967,130.143967,0.0,0,0,0,0.0,,,0.387333,0.387333,0.0,REQ,,,,,0.0,0.0,0.0,0
309442,0.0,0.0,0.0,0.0,0.0,0.0,udp,0.0,,cs0,,63.0,,1.0,,Start,1,1,0,42,42,0,42.0,0.0,0.0,0.0,0.0,0,0,0,0.0,,,0.0,0.0,0.0,INT,,,,,0.0,0.0,0.0,0
309480,2.581249,2.581249,2.581249,2.581249,2.581249,2.581249,udp,0.0,,cs0,,63.0,,1.0,,Status,2,2,0,84,84,0,42.0,0.0,130.16954,130.16954,0.0,0,0,0,0.0,,,0.387409,0.387409,0.0,REQ,,,,,0.0,0.0,0.0,0
309519,0.0,0.0,0.0,0.0,0.0,0.0,udp,0.0,,cs0,,63.0,,1.0,,Status,1,1,0,42,42,0,42.0,0.0,0.0,0.0,0.0,0,0,0,0.0,,,0.0,0.0,0.0,REQ,,,,,0.0,0.0,0.0,0
309561,0.0,0.0,0.0,0.0,0.0,0.0,udp,0.0,,cs0,,63.0,,1.0,,Status,1,1,0,42,42,0,42.0,0.0,0.0,0.0,0.0,0,0,0,0.0,,,0.0,0.0,0.0,REQ,,,,,0.0,0.0,0.0,0
309589,2.582403,2.582403,2.582403,2.582403,2.582403,2.582403,udp,0.0,,cs0,,63.0,,1.0,,Status,2,2,0,84,84,0,42.0,0.0,130.111374,130.111374,0.0,0,0,0,0.0,,,0.387236,0.387236,0.0,REQ,,,,,0.0,0.0,0.0,0
309652,2.578072,2.578072,2.578072,2.578072,2.578072,2.578072,udp,0.0,,cs0,,63.0,,1.0,,Status,2,2,0,84,84,0,42.0,0.0,130.329941,130.329941,0.0,0,0,0,0.0,,,0.387887,0.387887,0.0,REQ,,,,,0.0,0.0,0.0,0
309660,2.578069,2.578069,2.578069,2.578069,2.578069,2.578069,udp,0.0,,cs0,,63.0,,1.0,,Status,2,2,0,84,84,0,42.0,0.0,130.330109,130.330109,0.0,0,0,0,0.0,,,0.387887,0.387887,0.0,REQ,,,,,0.0,0.0,0.0,0
309674,2.577047,2.577047,2.577047,2.577047,2.577047,2.577047,udp,0.0,,cs0,,63.0,,1.0,,Status,2,2,0,84,84,0,42.0,0.0,130.38179,130.38179,0.0,0,0,0,0.0,,,0.388041,0.388041,0.0,REQ,,,,,0.0,0.0,0.0,0
309706,0.0,0.0,0.0,0.0,0.0,0.0,udp,0.0,,cs0,,63.0,,1.0,,Start,1,1,0,42,42,0,42.0,0.0,0.0,0.0,0.0,0,0,0,0.0,,,0.0,0.0,0.0,INT,,,,,0.0,0.0,0.0,0
309720,0.0,0.0,0.0,0.0,0.0,0.0,udp,0.0,,cs0,,63.0,,1.0,,Start,1,1,0,42,42,0,42.0,0.0,0.0,0.0,0.0,0,0,0,0.0,,,0.0,0.0,0.0,INT,,,,,0.0,0.0,0.0,0
309723,0.0,0.0,0.0,0.0,0.0,0.0,udp,0.0,,cs0,,63.0,,1.0,,Start,1,1,0,42,42,0,42.0,0.0,0.0,0.0,0.0,0,0,0,0.0,,,0.0,0.0,0.0,INT,,,,,0.0,0.0,0.0,0
309747,0.0,0.0,0.0,0.0,0.0,0.0,udp,0.0,,cs0,,63.0,,1.0,,Status,1,1,0,42,42,0,42.0,0.0,0.0,0.0,0.0,0,0,0,0.0,,,0.0,0.0,0.0,REQ,,,,,0.0,0.0,0.0,0
309773,2.578201,2.578201,2.578201,2.578201,2.578201,2.578201,udp,0.0,,cs0,,63.0,,1.0,,Start,2,2,0,84,84,0,42.0,0.0,130.323425,130.323425,0.0,0,0,0,0.0,,,0.387867,0.387867,0.0,INT,,,,,0.0,0.0,0.0,0
309859,2.580044,2.580044,2.580044,2.580044,2.580044,2.580044,udp,0.0,,cs0,,63.0,,1.0,,Status,2,2,0,84,84,0,42.0,0.0,130.230331,130.230331,0.0,0,0,0,0.0,,,0.38759,0.38759,0.0,REQ,,,,,0.0,0.0,0.0,0
309895,2.57714,2.57714,2.57714,2.57714,2.57714,2.57714,udp,0.0,,cs0,,63.0,,1.0,,Start,2,2,0,84,84,0,42.0,0.0,130.377075,130.377075,0.0,0,0,0,0.0,,,0.388027,0.388027,0.0,INT,,,,,0.0,0.0,0.0,0
309901,2.579133,2.579133,2.579133,2.579133,2.579133,2.579133,udp,0.0,,cs0,,63.0,,1.0,,Start,2,2,0,84,84,0,42.0,0.0,130.276337,130.276337,0.0,0,0,0,0.0,,,0.387727,0.387727,0.0,INT,,,,,0.0,0.0,0.0,0
309965,0.0,0.0,0.0,0.0,0.0,0.0,udp,0.0,,cs0,,63.0,,1.0,,Status,1,1,0,42,42,0,42.0,0.0,0.0,0.0,0.0,0,0,0,0.0,,,0.0,0.0,0.0,REQ,,,,,0.0,0.0,0.0,0
310023,0.0,0.0,0.0,0.0,0.0,0.0,udp,0.0,,cs0,,63.0,,1.0,,Status,1,1,0,42,42,0,42.0,0.0,0.0,0.0,0.0,0,0,0,0.0,,,0.0,0.0,0.0,REQ,,,,,0.0,0.0,0.0,0
310038,2.57702,2.57702,2.57702,2.57702,2.57702,2.57702,udp,0.0,,cs0,,63.0,,1.0,,Status,2,2,0,84,84,0,42.0,0.0,130.383163,130.383163,0.0,0,0,0,0.0,,,0.388045,0.388045,0.0,REQ,,,,,0.0,0.0,0.0,0
310041,2.577152,2.577152,2.577152,2.577152,2.577152,2.577152,udp,0.0,,cs0,,63.0,,1.0,,Status,2,2,0,84,84,0,42.0,0.0,130.37648,130.37648,0.0,0,0,0,0.0,,,0.388025,0.388025,0.0,REQ,,,,,0.0,0.0,0.0,0
310067,0.0,0.0,0.0,0.0,0.0,0.0,udp,0.0,,cs0,,63.0,,1.0,,Start,1,1,0,42,42,0,42.0,0.0,0.0,0.0,0.0,0,0,0,0.0,,,0.0,0.0,0.0,INT,,,,,0.0,0.0,0.0,0
310233,2.578908,2.578908,2.578908,2.578908,2.578908,2.578908,udp,0.0,,cs0,,63.0,,1.0,,Status,2,2,0,84,84,0,42.0,0.0,130.287704,130.287704,0.0,0,0,0,0.0,,,0.387761,0.387761,0.0,REQ,,,,,0.0,0.0,0.0,0
310239,2.578909,2.578909,2.578909,2.578909,2.578909,2.578909,udp,0.0,,cs0,,63.0,,1.0,,Status,2,2,0,84,84,0,42.0,0.0,130.287659,130.287659,0.0,0,0,0,0.0,,,0.387761,0.387761,0.0,REQ,,,,,0.0,0.0,0.0,0
310292,2.580968,2.580968,2.580968,2.580968,2.580968,2.580968,udp,0.0,,cs0,,63.0,,1.0,,Status,2,2,0,84,84,0,42.0,0.0,130.183716,130.183716,0.0,0,0,0,0.0,,,0.387452,0.387452,0.0,REQ,,,,,0.0,0.0,0.0,0
310333,0.0,0.0,0.0,0.0,0.0,0.0,udp,0.0,,cs0,,63.0,,1.0,,Status,1,1,0,42,42,0,42.0,0.0,0.0,0.0,0.0,0,0,0,0.0,,,0.0,0.0,0.0,REQ,,,,,0.0,0.0,0.0,0
310340,2.580099,2.580099,2.580099,2.580099,2.580099,2.580099,udp,0.0,,cs0,,63.0,,1.0,,Status,2,2,0,84,84,0,42.0,0.0,130.227554,130.227554,0.0,0,0,0,0.0,,,0.387582,0.387582,0.0,REQ,,,,,0.0,0.0,0.0,0
310363,0.0,0.0,0.0,0.0,0.0,0.0,udp,0.0,,cs0,,63.0,,1.0,,Status,1,1,0,42,42,0,42.0,0.0,0.0,0.0,0.0,0,0,0,0.0,,,0.0,0.0,0.0,REQ,,,,,0.0,0.0,0.0,0
310412,2.579992,2.579992,2.579992,2.579992,2.579992,2.579992,udp,0.0,,cs0,,63.0,,1.0,,Start,2,2,0,84,84,0,42.0,0.0,130.232956,130.232956,0.0,0,0,0,0.0,,,0.387598,0.387598,0.0,INT,,,,,0.0,0.0,0.0,0
310516,0.0,0.0,0.0,0.0,0.0,0.0,udp,0.0,,cs0,,63.0,,1.0,,Start,1,1,0,42,42,0,42.0,0.0,0.0,0.0,0.0,0,0,0,0.0,,,0.0,0.0,0.0,INT,,,,,0.0,0.0,0.0,0
310529,0.0,0.0,0.0,0.0,0.0,0.0,udp,0.0,,cs0,,63.0,,1.0,,Start,1,1,0,42,42,0,42.0,0.0,0.0,0.0,0.0,0,0,0,0.0,,,0.0,0.0,0.0,INT,,,,,0.0,0.0,0.0,0
310723,2.580864,2.580864,2.580864,2.580864,2.580864,2.580864,udp,0.0,,cs0,,63.0,,1.0,,Status,2,2,0,84,84,0,42.0,0.0,130.188965,130.188965,0.0,0,0,0,0.0,,,0.387467,0.387467,0.0,REQ,,,,,0.0,0.0,0.0,0
310909,2.579463,2.579463,2.579463,2.579463,2.579463,2.579463,udp,0.0,,cs0,,63.0,,1.0,,Status,2,2,0,84,84,0,42.0,0.0,130.259674,130.259674,0.0,0,0,0,0.0,,,0.387678,0.387678,0.0,REQ,,,,,0.0,0.0,0.0,0
310966,2.578157,2.578157,2.578157,2.578157,2.578157,2.578157,udp,0.0,,cs0,,63.0,,1.0,,Start,2,2,0,84,84,0,42.0,0.0,130.325653,130.325653,0.0,0,0,0,0.0,,,0.387874,0.387874,0.0,INT,,,,,0.0,0.0,0.0,0
310983,2.578174,2.578174,2.578174,2.578174,2.578174,2.578174,udp,0.0,,cs0,,63.0,,1.0,,Status,2,2,0,84,84,0,42.0,0.0,130.324783,130.324783,0.0,0,0,0,0.0,,,0.387871,0.387871,0.0,REQ,,,,,0.0,0.0,0.0,0
311059,2.580439,2.580439,2.580439,2.580439,2.580439,2.580439,udp,0.0,,cs0,,63.0,,1.0,,Start,2,2,0,84,84,0,42.0,0.0,130.210403,130.210403,0.0,0,0,0,0.0,,,0.387531,0.387531,0.0,INT,,,,,0.0,0.0,0.0,0
311080,0.0,0.0,0.0,0.0,0.0,0.0,udp,0.0,,cs0,,63.0,,1.0,,Status,1,1,0,42,42,0,42.0,0.0,0.0,0.0,0.0,0,0,0,0.0,,,0.0,0.0,0.0,REQ,,,,,0.0,0.0,0.0,0
311205,2.580476,2.580476,2.580476,2.580476,2.580476,2.580476,udp,0.0,,cs0,,63.0,,1.0,,Status,2,2,0,84,84,0,42.0,0.0,130.208527,130.208527,0.0,0,0,0,0.0,,,0.387525,0.387525,0.0,REQ,,,,,0.0,0.0,0.0,0
311272,2.576955,2.576955,2.576955,2.576955,2.576955,2.576955,udp,0.0,,cs0,,63.0,,1.0,,Start,2,2,0,84,84,0,42.0,0.0,130.386444,130.386444,0.0,0,0,0,0.0,,,0.388055,0.388055,0.0,INT,,,,,0.0,0.0,0.0,0
311276,2.577654,2.577654,2.577654,2.577654,2.577654,2.577654,udp,0.0,,cs0,,63.0,,1.0,,Start,2,2,0,84,84,0,42.0,0.0,130.351089,130.351089,0.0,0,0,0,0.0,,,0.38795,0.38795,0.0,INT,,,,,0.0,0.0,0.0,0
311337,0.0,0.0,0.0,0.0,0.0,0.0,udp,0.0,,cs0,,63.0,,1.0,,Status,1,1,0,42,42,0,42.0,0.0,0.0,0.0,0.0,0,0,0,0.0,,,0.0,0.0,0.0,REQ,,,,,0.0,0.0,0.0,0
311414,2.576163,2.576163,2.576163,2.576163,2.576163,2.576163,udp,0.0,,cs0,,63.0,,1.0,,Status,2,2,0,84,84,0,42.0,0.0,130.426529,130.426529,0.0,0,0,0,0.0,,,0.388174,0.388174,0.0,REQ,,,,,0.0,0.0,0.0,0
311459,0.0,0.0,0.0,0.0,0.0,0.0,udp,0.0,,cs0,,63.0,,1.0,,Status,1,1,0,42,42,0,42.0,0.0,0.0,0.0,0.0,0,0,0,0.0,,,0.0,0.0,0.0,REQ,,,,,0.0,0.0,0.0,0
311483,2.578788,2.578788,2.578788,2.578788,2.578788,2.578788,udp,0.0,,cs0,,63.0,,1.0,,Status,2,2,0,84,84,0,42.0,0.0,130.293762,130.293762,0.0,0,0,0,0.0,,,0.387779,0.387779,0.0,REQ,,,,,0.0,0.0,0.0,0
311521,0.0,0.0,0.0,0.0,0.0,0.0,udp,0.0,,cs0,,63.0,,1.0,,Start,1,1,0,42,42,0,42.0,0.0,0.0,0.0,0.0,0,0,0,0.0,,,0.0,0.0,0.0,INT,,,,,0.0,0.0,0.0,0
311576,0.0,0.0,0.0,0.0,0.0,0.0,udp,0.0,,cs0,,63.0,,1.0,,Start,1,1,0,42,42,0,42.0,0.0,0.0,0.0,0.0,0,0,0,0.0,,,0.0,0.0,0.0,INT,,,,,0.0,0.0,0.0,0
311611,2.580878,2.580878,2.580878,2.580878,2.580878,2.580878,udp,0.0,,cs0,,63.0,,1.0,,Status,2,2,0,84,84,0,42.0,0.0,130.188248,130.188248,0.0,0,0,0,0.0,,,0.387465,0.387465,0.0,REQ,,,,,0.0,0.0,0.0,0
311863,0.0,0.0,0.0,0.0,0.0,0.0,udp,0.0,,cs0,,63.0,,1.0,,Status,1,1,0,42,42,0,42.0,0.0,0.0,0.0,0.0,0,0,0,0.0,,,0.0,0.0,0.0,REQ,,,,,0.0,0.0,0.0,0
311879,0.0,0.0,0.0,0.0,0.0,0.0,udp,0.0,,cs0,,63.0,,1.0,,Start,1,1,0,42,42,0,42.0,0.0,0.0,0.0,0.0,0,0,0,0.0,,,0.0,0.0,0.0,INT,,,,,0.0,0.0,0.0,0
311882,0.0,0.0,0.0,0.0,0.0,0.0,udp,0.0,,cs0,,63.0,,1.0,,Start,1,1,0,42,42,0,42.0,0.0,0.0,0.0,0.0,0,0,0,0.0,,,0.0,0.0,0.0,INT,,,,,0.0,0.0,0.0,0
311889,2.579282,2.579282,2.579282,2.579282,2.579282,2.579282,udp,0.0,,cs0,,63.0,,1.0,,Status,2,2,0,84,84,0,42.0,0.0,130.268814,130.268814,0.0,0,0,0,0.0,,,0.387705,0.387705,0.0,REQ,,,,,0.0,0.0,0.0,0
311911,2.579792,2.579792,2.579792,2.579792,2.579792,2.579792,udp,0.0,,cs0,,63.0,,1.0,,Status,2,2,0,84,84,0,42.0,0.0,130.243057,130.243057,0.0,0,0,0,0.0,,,0.387628,0.387628,0.0,REQ,,,,,0.0,0.0,0.0,0
311992,2.580692,2.580692,2.580692,2.580692,2.580692,2.580692,udp,0.0,,cs0,,63.0,,1.0,,Start,2,2,0,84,84,0,42.0,0.0,130.197632,130.197632,0.0,0,0,0,0.0,,,0.387493,0.387493,0.0,INT,,,,,0.0,0.0,0.0,0
312006,2.582907,2.582907,2.582907,2.582907,2.582907,2.582907,udp,0.0,,cs0,,63.0,,1.0,,Start,2,2,0,84,84,0,42.0,0.0,130.085983,130.085983,0.0,0,0,0,0.0,,,0.387161,0.387161,0.0,INT,,,,,0.0,0.0,0.0,0
312046,0.0,0.0,0.0,0.0,0.0,0.0,udp,0.0,,cs0,,63.0,,1.0,,Start,1,1,0,42,42,0,42.0,0.0,0.0,0.0,0.0,0,0,0,0.0,,,0.0,0.0,0.0,INT,,,,,0.0,0.0,0.0,0
312064,2.578624,2.578624,2.578624,2.578624,2.578624,2.578624,udp,0.0,,cs0,,63.0,,1.0,,Status,2,2,0,84,84,0,42.0,0.0,130.302048,130.302048,0.0,0,0,0,0.0,,,0.387804,0.387804,0.0,REQ,,,,,0.0,0.0,0.0,0
312095,0.0,0.0,0.0,0.0,0.0,0.0,udp,0.0,,cs0,,63.0,,1.0,,Status,1,1,0,42,42,0,42.0,0.0,0.0,0.0,0.0,0,0,0,0.0,,,0.0,0.0,0.0,REQ,,,,,0.0,0.0,0.0,0
312218,2.58051,2.58051,2.58051,2.58051,2.58051,2.58051,udp,0.0,,cs0,,63.0,,1.0,,Status,2,2,0,84,84,0,42.0,0.0,130.206818,130.206818,0.0,0,0,0,0.0,,,0.38752,0.38752,0.0,REQ,,,,,0.0,0.0,0.0,0
312233,0.0,0.0,0.0,0.0,0.0,0.0,udp,0.0,,cs0,,63.0,,1.0,,Status,1,1,0,42,42,0,42.0,0.0,0.0,0.0,0.0,0,0,0,0.0,,,0.0,0.0,0.0,REQ,,,,,0.0,0.0,0.0,0
312244,0.0,0.0,0.0,0.0,0.0,0.0,udp,0.0,,cs0,,63.0,,1.0,,Start,1,1,0,42,42,0,42.0,0.0,0.0,0.0,0.0,0,0,0,0.0,,,0.0,0.0,0.0,INT,,,,,0.0,0.0,0.0,0
312261,2.582965,2.582965,2.582965,2.582965,2.582965,2.582965,udp,0.0,,cs0,,63.0,,1.0,,Status,2,2,0,84,84,0,42.0,0.0,130.083069,130.083069,0.0,0,0,0,0.0,,,0.387152,0.387152,0.0,REQ,,,,,0.0,0.0,0.0,0
312274,0.0,0.0,0.0,0.0,0.0,0.0,udp,0.0,,cs0,,63.0,,1.0,,Status,1,1,0,42,42,0,42.0,0.0,0.0,0.0,0.0,0,0,0,0.0,,,0.0,0.0,0.0,REQ,,,,,0.0,0.0,0.0,0
312481,2.579134,2.579134,2.579134,2.579134,2.579134,2.579134,udp,0.0,,cs0,,63.0,,1.0,,Status,2,2,0,84,84,0,42.0,0.0,130.276291,130.276291,0.0,0,0,0,0.0,,,0.387727,0.387727,0.0,REQ,,,,,0.0,0.0,0.0,0
312482,2.579134,2.579134,2.579134,2.579134,2.579134,2.579134,udp,0.0,,cs0,,63.0,,1.0,,Status,2,2,0,84,84,0,42.0,0.0,130.276291,130.276291,0.0,0,0,0,0.0,,,0.387727,0.387727,0.0,REQ,,,,,0.0,0.0,0.0,0
312513,0.0,0.0,0.0,0.0,0.0,0.0,udp,0.0,,cs0,,63.0,,1.0,,Status,1,1,0,42,42,0,42.0,0.0,0.0,0.0,0.0,0,0,0,0.0,,,0.0,0.0,0.0,REQ,,,,,0.0,0.0,0.0,0
312538,0.0,0.0,0.0,0.0,0.0,0.0,udp,0.0,,cs0,,63.0,,1.0,,Start,1,1,0,42,42,0,42.0,0.0,0.0,0.0,0.0,0,0,0,0.0,,,0.0,0.0,0.0,INT,,,,,0.0,0.0,0.0,0
312621,0.0,0.0,0.0,0.0,0.0,0.0,udp,0.0,,cs0,,63.0,,1.0,,Status,1,1,0,42,42,0,42.0,0.0,0.0,0.0,0.0,0,0,0,0.0,,,0.0,0.0,0.0,REQ,,,,,0.0,0.0,0.0,0
312692,2.582034,2.582034,2.582034,2.582034,2.582034,2.582034,udp,0.0,,cs0,,63.0,,1.0,,Status,2,2,0,84,84,0,42.0,0.0,130.129959,130.129959,0.0,0,0,0,0.0,,,0.387292,0.387292,0.0,REQ,,,,,0.0,0.0,0.0,0
312719,2.576976,2.576976,2.576976,2.576976,2.576976,2.576976,udp,0.0,,cs0,,63.0,,1.0,,Status,2,2,0,84,84,0,42.0,0.0,130.385376,130.385376,0.0,0,0,0,0.0,,,0.388052,0.388052,0.0,REQ,,,,,0.0,0.0,0.0,0
312771,0.0,0.0,0.0,0.0,0.0,0.0,udp,0.0,,cs0,,63.0,,1.0,,Status,1,1,0,42,42,0,42.0,0.0,0.0,0.0,0.0,0,0,0,0.0,,,0.0,0.0,0.0,REQ,,,,,0.0,0.0,0.0,0
312774,2.576894,2.576894,2.576894,2.576894,2.576894,2.576894,udp,0.0,,cs0,,63.0,,1.0,,Status,2,2,0,84,84,0,42.0,0.0,130.389526,130.389526,0.0,0,0,0,0.0,,,0.388064,0.388064,0.0,REQ,,,,,0.0,0.0,0.0,0
312790,2.582622,2.582622,2.582622,2.582622,2.582622,2.582622,udp,0.0,,cs0,,63.0,,1.0,,Status,2,2,0,84,84,0,42.0,0.0,130.100342,130.100342,0.0,0,0,0,0.0,,,0.387203,0.387203,0.0,REQ,,,,,0.0,0.0,0.0,0
312860,2.582818,2.582818,2.582818,2.582818,2.582818,2.582818,udp,0.0,,cs0,,63.0,,1.0,,Start,2,2,0,84,84,0,42.0,0.0,130.090469,130.090469,0.0,0,0,0,0.0,,,0.387174,0.387174,0.0,INT,,,,,0.0,0.0,0.0,0
313016,2.578303,2.578303,2.578303,2.578303,2.578303,2.578303,udp,0.0,,cs0,,63.0,,1.0,,Status,2,2,0,84,84,0,42.0,0.0,130.318268,130.318268,0.0,0,0,0,0.0,,,0.387852,0.387852,0.0,REQ,,,,,0.0,0.0,0.0,0
313037,0.0,0.0,0.0,0.0,0.0,0.0,udp,0.0,,cs0,,63.0,,1.0,,Status,1,1,0,42,42,0,42.0,0.0,0.0,0.0,0.0,0,0,0,0.0,,,0.0,0.0,0.0,REQ,,,,,0.0,0.0,0.0,0
313077,2.578735,2.578735,2.578735,2.578735,2.578735,2.578735,udp,0.0,,cs0,,63.0,,1.0,,Status,2,2,0,84,84,0,42.0,0.0,130.296432,130.296432,0.0,0,0,0,0.0,,,0.387787,0.387787,0.0,REQ,,,,,0.0,0.0,0.0,0
313092,2.57917,2.57917,2.57917,2.57917,2.57917,2.57917,udp,0.0,,cs0,,63.0,,1.0,,Status,2,2,0,84,84,0,42.0,0.0,130.274475,130.274475,0.0,0,0,0,0.0,,,0.387722,0.387722,0.0,REQ,,,,,0.0,0.0,0.0,0
313179,2.579765,2.579765,2.579765,2.579765,2.579765,2.579765,udp,0.0,,cs0,,63.0,,1.0,,Status,2,2,0,84,84,0,42.0,0.0,130.244415,130.244415,0.0,0,0,0,0.0,,,0.387632,0.387632,0.0,REQ,,,,,0.0,0.0,0.0,0
313196,2.580744,2.580744,2.580744,2.580744,2.580744,2.580744,udp,0.0,,cs0,,63.0,,1.0,,Status,2,2,0,84,84,0,42.0,0.0,130.195007,130.195007,0.0,0,0,0,0.0,,,0.387485,0.387485,0.0,REQ,,,,,0.0,0.0,0.0,0
313210,0.0,0.0,0.0,0.0,0.0,0.0,udp,0.0,,cs0,,63.0,,1.0,,Status,1,1,0,42,42,0,42.0,0.0,0.0,0.0,0.0,0,0,0,0.0,,,0.0,0.0,0.0,REQ,,,,,0.0,0.0,0.0,0
313251,2.580617,2.580617,2.580617,2.580617,2.580617,2.580617,udp,0.0,,cs0,,63.0,,1.0,,Status,2,2,0,84,84,0,42.0,0.0,130.201416,130.201416,0.0,0,0,0,0.0,,,0.387504,0.387504,0.0,REQ,,,,,0.0,0.0,0.0,0
313319,2.583124,2.583124,2.583124,2.583124,2.583124,2.583124,udp,0.0,,cs0,,63.0,,1.0,,Start,2,2,0,84,84,0,42.0,0.0,130.075058,130.075058,0.0,0,0,0,0.0,,,0.387128,0.387128,0.0,INT,,,,,0.0,0.0,0.0,0
313402,2.580288,2.580288,2.580288,2.580288,2.580288,2.580288,udp,0.0,,cs0,,63.0,,1.0,,Status,2,2,0,84,84,0,42.0,0.0,130.218033,130.218033,0.0,0,0,0,0.0,,,0.387554,0.387554,0.0,REQ,,,,,0.0,0.0,0.0,0
313566,2.57855,2.57855,2.57855,2.57855,2.57855,2.57855,udp,0.0,,cs0,,63.0,,1.0,,Start,2,2,0,84,84,0,42.0,0.0,130.305786,130.305786,0.0,0,0,0,0.0,,,0.387815,0.387815,0.0,INT,,,,,0.0,0.0,0.0,0
313584,0.0,0.0,0.0,0.0,0.0,0.0,udp,0.0,,cs0,,63.0,,1.0,,Status,1,1,0,42,42,0,42.0,0.0,0.0,0.0,0.0,0,0,0,0.0,,,0.0,0.0,0.0,REQ,,,,,0.0,0.0,0.0,0
313640,0.0,0.0,0.0,0.0,0.0,0.0,udp,0.0,,cs0,,63.0,,1.0,,Status,1,1,0,42,42,0,42.0,0.0,0.0,0.0,0.0,0,0,0,0.0,,,0.0,0.0,0.0,REQ,,,,,0.0,0.0,0.0,0
313663,0.0,0.0,0.0,0.0,0.0,0.0,udp,0.0,,cs0,,63.0,,1.0,,Status,1,1,0,42,42,0,42.0,0.0,0.0,0.0,0.0,0,0,0,0.0,,,0.0,0.0,0.0,REQ,,,,,0.0,0.0,0.0,0
313725,2.578362,2.578362,2.578362,2.578362,2.578362,2.578362,udp,0.0,,cs0,,63.0,,1.0,,Start,2,2,0,84,84,0,42.0,0.0,130.315292,130.315292,0.0,0,0,0,0.0,,,0.387843,0.387843,0.0,INT,,,,,0.0,0.0,0.0,0
313771,2.579909,2.579909,2.579909,2.579909,2.579909,2.579909,udp,0.0,,cs0,,63.0,,1.0,,Status,2,2,0,84,84,0,42.0,0.0,130.237152,130.237152,0.0,0,0,0,0.0,,,0.387611,0.387611,0.0,REQ,,,,,0.0,0.0,0.0,0
313779,2.580129,2.580129,2.580129,2.580129,2.580129,2.580129,udp,0.0,,cs0,,63.0,,1.0,,Start,2,2,0,84,84,0,42.0,0.0,130.226059,130.226059,0.0,0,0,0,0.0,,,0.387578,0.387578,0.0,INT,,,,,0.0,0.0,0.0,0
313827,0.0,0.0,0.0,0.0,0.0,0.0,udp,0.0,,cs0,,63.0,,1.0,,Start,1,1,0,42,42,0,42.0,0.0,0.0,0.0,0.0,0,0,0,0.0,,,0.0,0.0,0.0,INT,,,,,0.0,0.0,0.0,0
313887,2.577201,2.577201,2.577201,2.577201,2.577201,2.577201,udp,0.0,,cs0,,63.0,,1.0,,Status,2,2,0,84,84,0,42.0,0.0,130.374008,130.374008,0.0,0,0,0,0.0,,,0.388018,0.388018,0.0,REQ,,,,,0.0,0.0,0.0,0
313891,2.577164,2.577164,2.577164,2.577164,2.577164,2.577164,udp,0.0,,cs0,,63.0,,1.0,,Status,2,2,0,84,84,0,42.0,0.0,130.37587,130.37587,0.0,0,0,0,0.0,,,0.388023,0.388023,0.0,REQ,,,,,0.0,0.0,0.0,0
313961,0.228894,0.228894,0.228894,0.228894,0.228894,0.228894,udp,0.0,0.0,cs0,cs0,64.0,53.0,0.0,11.0,Start,20,13,7,14887,9778,5109,752.15387,729.857117,468548.7813,315464.8125,153083.9688,0,0,0,0.0,,,83.007858,52.426014,26.213007,CON,,,,,0.0,0.0,0.0,0
313989,2.582865,2.582865,2.582865,2.582865,2.582865,2.582865,udp,0.0,,cs0,,63.0,,1.0,,Status,2,2,0,84,84,0,42.0,0.0,130.088104,130.088104,0.0,0,0,0,0.0,,,0.387167,0.387167,0.0,REQ,,,,,0.0,0.0,0.0,0
314056,2.583147,2.583147,2.583147,2.583147,2.583147,2.583147,udp,0.0,,cs0,,63.0,,1.0,,Status,2,2,0,84,84,0,42.0,0.0,130.073898,130.073898,0.0,0,0,0,0.0,,,0.387125,0.387125,0.0,REQ,,,,,0.0,0.0,0.0,0
314151,2.580054,2.580054,2.580054,2.580054,2.580054,2.580054,udp,0.0,,cs0,,63.0,,1.0,,Status,2,2,0,84,84,0,42.0,0.0,130.229828,130.229828,0.0,0,0,0,0.0,,,0.387589,0.387589,0.0,REQ,,,,,0.0,0.0,0.0,0
314172,0.0,0.0,0.0,0.0,0.0,0.0,udp,0.0,,cs0,,63.0,,1.0,,Status,1,1,0,42,42,0,42.0,0.0,0.0,0.0,0.0,0,0,0,0.0,,,0.0,0.0,0.0,REQ,,,,,0.0,0.0,0.0,0
314176,2.577697,2.577697,2.577697,2.577697,2.577697,2.577697,udp,0.0,,cs0,,63.0,,1.0,,Status,2,2,0,84,84,0,42.0,0.0,130.348907,130.348907,0.0,0,0,0,0.0,,,0.387943,0.387943,0.0,REQ,,,,,0.0,0.0,0.0,0
314215,0.0,0.0,0.0,0.0,0.0,0.0,udp,0.0,,cs0,,63.0,,1.0,,Status,1,1,0,42,42,0,42.0,0.0,0.0,0.0,0.0,0,0,0,0.0,,,0.0,0.0,0.0,REQ,,,,,0.0,0.0,0.0,0
314267,2.580916,2.580916,2.580916,2.580916,2.580916,2.580916,udp,0.0,,cs0,,63.0,,1.0,,Status,2,2,0,84,84,0,42.0,0.0,130.18634,130.18634,0.0,0,0,0,0.0,,,0.387459,0.387459,0.0,REQ,,,,,0.0,0.0,0.0,0
314286,0.0,0.0,0.0,0.0,0.0,0.0,udp,0.0,,cs0,,63.0,,1.0,,Status,1,1,0,42,42,0,42.0,0.0,0.0,0.0,0.0,0,0,0,0.0,,,0.0,0.0,0.0,REQ,,,,,0.0,0.0,0.0,0
314406,0.0,0.0,0.0,0.0,0.0,0.0,udp,0.0,,cs0,,63.0,,1.0,,Status,1,1,0,42,42,0,42.0,0.0,0.0,0.0,0.0,0,0,0,0.0,,,0.0,0.0,0.0,REQ,,,,,0.0,0.0,0.0,0
314431,0.0,0.0,0.0,0.0,0.0,0.0,udp,0.0,,cs0,,63.0,,1.0,,Start,1,1,0,42,42,0,42.0,0.0,0.0,0.0,0.0,0,0,0,0.0,,,0.0,0.0,0.0,INT,,,,,0.0,0.0,0.0,0
314536,2.583203,2.583203,2.583203,2.583203,2.583203,2.583203,udp,0.0,,cs0,,63.0,,1.0,,Status,2,2,0,84,84,0,42.0,0.0,130.071075,130.071075,0.0,0,0,0,0.0,,,0.387116,0.387116,0.0,REQ,,,,,0.0,0.0,0.0,0
314567,2.582109,2.582109,2.582109,2.582109,2.582109,2.582109,udp,0.0,,cs0,,63.0,,1.0,,Status,2,2,0,84,84,0,42.0,0.0,130.12619,130.12619,0.0,0,0,0,0.0,,,0.38728,0.38728,0.0,REQ,,,,,0.0,0.0,0.0,0
314620,2.581764,2.581764,2.581764,2.581764,2.581764,2.581764,udp,0.0,,cs0,,63.0,,1.0,,Status,2,2,0,84,84,0,42.0,0.0,130.14357,130.14357,0.0,0,0,0,0.0,,,0.387332,0.387332,0.0,REQ,,,,,0.0,0.0,0.0,0
314646,2.581759,2.581759,2.581759,2.581759,2.581759,2.581759,udp,0.0,,cs0,,63.0,,1.0,,Status,2,2,0,84,84,0,42.0,0.0,130.143829,130.143829,0.0,0,0,0,0.0,,,0.387333,0.387333,0.0,REQ,,,,,0.0,0.0,0.0,0
314712,0.0,0.0,0.0,0.0,0.0,0.0,udp,0.0,,cs0,,63.0,,1.0,,Start,1,1,0,42,42,0,42.0,0.0,0.0,0.0,0.0,0,0,0,0.0,,,0.0,0.0,0.0,INT,,,,,0.0,0.0,0.0,0
314789,2.576392,2.576392,2.576392,2.576392,2.576392,2.576392,udp,0.0,,cs0,,63.0,,1.0,,Status,2,2,0,84,84,0,42.0,0.0,130.414948,130.414948,0.0,0,0,0,0.0,,,0.38814,0.38814,0.0,REQ,,,,,0.0,0.0,0.0,0
314795,2.576834,2.576834,2.576834,2.576834,2.576834,2.576834,udp,0.0,,cs0,,63.0,,1.0,,Status,2,2,0,84,84,0,42.0,0.0,130.392563,130.392563,0.0,0,0,0,0.0,,,0.388073,0.388073,0.0,REQ,,,,,0.0,0.0,0.0,0
314818,0.0,0.0,0.0,0.0,0.0,0.0,udp,0.0,,cs0,,63.0,,1.0,,Status,1,1,0,42,42,0,42.0,0.0,0.0,0.0,0.0,0,0,0,0.0,,,0.0,0.0,0.0,REQ,,,,,0.0,0.0,0.0,0
314824,0.0,0.0,0.0,0.0,0.0,0.0,udp,0.0,,cs0,,63.0,,1.0,,Status,1,1,0,42,42,0,42.0,0.0,0.0,0.0,0.0,0,0,0,0.0,,,0.0,0.0,0.0,REQ,,,,,0.0,0.0,0.0,0
314838,2.574673,2.574673,2.574673,2.574673,2.574673,2.574673,udp,0.0,,cs0,,63.0,,1.0,,Start,2,2,0,84,84,0,42.0,0.0,130.502014,130.502014,0.0,0,0,0,0.0,,,0.388399,0.388399,0.0,INT,,,,,0.0,0.0,0.0,0
314854,2.582228,2.582228,2.582228,2.582228,2.582228,2.582228,udp,0.0,,cs0,,63.0,,1.0,,Status,2,2,0,84,84,0,42.0,0.0,130.120193,130.120193,0.0,0,0,0,0.0,,,0.387262,0.387262,0.0,REQ,,,,,0.0,0.0,0.0,0
314961,2.584096,2.584096,2.584096,2.584096,2.584096,2.584096,udp,0.0,,cs0,,63.0,,1.0,,Status,2,2,0,84,84,0,42.0,0.0,130.026138,130.026138,0.0,0,0,0,0.0,,,0.386983,0.386983,0.0,REQ,,,,,0.0,0.0,0.0,0
315111,2.577131,2.577131,2.577131,2.577131,2.577131,2.577131,udp,0.0,,cs0,,63.0,,1.0,,Status,2,2,0,84,84,0,42.0,0.0,130.377533,130.377533,0.0,0,0,0,0.0,,,0.388028,0.388028,0.0,REQ,,,,,0.0,0.0,0.0,0
315128,0.0,0.0,0.0,0.0,0.0,0.0,udp,0.0,,cs0,,63.0,,1.0,,Status,1,1,0,42,42,0,42.0,0.0,0.0,0.0,0.0,0,0,0,0.0,,,0.0,0.0,0.0,REQ,,,,,0.0,0.0,0.0,0
315143,2.576966,2.576966,2.576966,2.576966,2.576966,2.576966,udp,0.0,,cs0,,63.0,,1.0,,Start,2,2,0,84,84,0,42.0,0.0,130.38588,130.38588,0.0,0,0,0,0.0,,,0.388053,0.388053,0.0,INT,,,,,0.0,0.0,0.0,0
315210,0.0,0.0,0.0,0.0,0.0,0.0,udp,0.0,,cs0,,63.0,,1.0,,Status,1,1,0,42,42,0,42.0,0.0,0.0,0.0,0.0,0,0,0,0.0,,,0.0,0.0,0.0,REQ,,,,,0.0,0.0,0.0,0
315233,0.0,0.0,0.0,0.0,0.0,0.0,udp,0.0,,cs0,,63.0,,1.0,,Status,1,1,0,42,42,0,42.0,0.0,0.0,0.0,0.0,0,0,0,0.0,,,0.0,0.0,0.0,REQ,,,,,0.0,0.0,0.0,0
315370,2.581164,2.581164,2.581164,2.581164,2.581164,2.581164,udp,0.0,,cs0,,63.0,,1.0,,Status,2,2,0,84,84,0,42.0,0.0,130.173828,130.173828,0.0,0,0,0,0.0,,,0.387422,0.387422,0.0,REQ,,,,,0.0,0.0,0.0,0
315444,2.583176,2.583176,2.583176,2.583176,2.583176,2.583176,udp,0.0,,cs0,,63.0,,1.0,,Start,2,2,0,84,84,0,42.0,0.0,130.072449,130.072449,0.0,0,0,0,0.0,,,0.38712,0.38712,0.0,INT,,,,,0.0,0.0,0.0,0
315537,2.580421,2.580421,2.580421,2.580421,2.580421,2.580421,udp,0.0,,cs0,,63.0,,1.0,,Status,2,2,0,84,84,0,42.0,0.0,130.211319,130.211319,0.0,0,0,0,0.0,,,0.387534,0.387534,0.0,REQ,,,,,0.0,0.0,0.0,0
315547,2.582222,2.582222,2.582222,2.582222,2.582222,2.582222,udp,0.0,,cs0,,63.0,,1.0,,Status,2,2,0,84,84,0,42.0,0.0,130.120499,130.120499,0.0,0,0,0,0.0,,,0.387263,0.387263,0.0,REQ,,,,,0.0,0.0,0.0,0
315559,2.581705,2.581705,2.581705,2.581705,2.581705,2.581705,udp,0.0,,cs0,,63.0,,1.0,,Status,2,2,0,84,84,0,42.0,0.0,130.146545,130.146545,0.0,0,0,0,0.0,,,0.387341,0.387341,0.0,REQ,,,,,0.0,0.0,0.0,0
315658,0.0,0.0,0.0,0.0,0.0,0.0,udp,0.0,,cs0,,63.0,,1.0,,Status,1,1,0,42,42,0,42.0,0.0,0.0,0.0,0.0,0,0,0,0.0,,,0.0,0.0,0.0,REQ,,,,,0.0,0.0,0.0,0
315666,0.0,0.0,0.0,0.0,0.0,0.0,udp,0.0,,cs0,,63.0,,1.0,,Start,1,1,0,42,42,0,42.0,0.0,0.0,0.0,0.0,0,0,0,0.0,,,0.0,0.0,0.0,INT,,,,,0.0,0.0,0.0,0
315704,2.574693,2.574693,2.574693,2.574693,2.574693,2.574693,udp,0.0,,cs0,,63.0,,1.0,,Start,2,2,0,84,84,0,42.0,0.0,130.500992,130.500992,0.0,0,0,0,0.0,,,0.388396,0.388396,0.0,INT,,,,,0.0,0.0,0.0,0
315726,2.579296,2.579296,2.579296,2.579296,2.579296,2.579296,udp,0.0,,cs0,,63.0,,1.0,,Status,2,2,0,84,84,0,42.0,0.0,130.268097,130.268097,0.0,0,0,0,0.0,,,0.387703,0.387703,0.0,REQ,,,,,0.0,0.0,0.0,0
315750,2.584086,2.584086,2.584086,2.584086,2.584086,2.584086,udp,0.0,,cs0,,63.0,,1.0,,Status,2,2,0,84,84,0,42.0,0.0,130.026642,130.026642,0.0,0,0,0,0.0,,,0.386984,0.386984,0.0,REQ,,,,,0.0,0.0,0.0,0
315855,0.0,0.0,0.0,0.0,0.0,0.0,udp,0.0,,cs0,,63.0,,1.0,,Start,1,1,0,42,42,0,42.0,0.0,0.0,0.0,0.0,0,0,0,0.0,,,0.0,0.0,0.0,INT,,,,,0.0,0.0,0.0,0
315911,0.0,0.0,0.0,0.0,0.0,0.0,udp,0.0,,cs0,,63.0,,1.0,,Status,1,1,0,42,42,0,42.0,0.0,0.0,0.0,0.0,0,0,0,0.0,,,0.0,0.0,0.0,REQ,,,,,0.0,0.0,0.0,0
315919,2.58413,2.58413,2.58413,2.58413,2.58413,2.58413,udp,0.0,,cs0,,63.0,,1.0,,Status,2,2,0,84,84,0,42.0,0.0,130.024414,130.024414,0.0,0,0,0,0.0,,,0.386977,0.386977,0.0,REQ,,,,,0.0,0.0,0.0,0
315964,0.0,0.0,0.0,0.0,0.0,0.0,udp,0.0,,cs0,,63.0,,1.0,,Status,1,1,0,42,42,0,42.0,0.0,0.0,0.0,0.0,0,0,0,0.0,,,0.0,0.0,0.0,REQ,,,,,0.0,0.0,0.0,0
316018,0.0,0.0,0.0,0.0,0.0,0.0,udp,0.0,,cs0,,63.0,,1.0,,Status,1,1,0,42,42,0,42.0,0.0,0.0,0.0,0.0,0,0,0,0.0,,,0.0,0.0,0.0,REQ,,,,,0.0,0.0,0.0,0
316045,2.587152,2.587152,2.587152,2.587152,2.587152,2.587152,udp,0.0,,cs0,,63.0,,1.0,,Status,2,2,0,84,84,0,42.0,0.0,129.872543,129.872543,0.0,0,0,0,0.0,,,0.386525,0.386525,0.0,REQ,,,,,0.0,0.0,0.0,0
316051,0.0,0.0,0.0,0.0,0.0,0.0,udp,0.0,,cs0,,63.0,,1.0,,Status,1,1,0,42,42,0,42.0,0.0,0.0,0.0,0.0,0,0,0,0.0,,,0.0,0.0,0.0,REQ,,,,,0.0,0.0,0.0,0
316062,0.0,0.0,0.0,0.0,0.0,0.0,udp,0.0,,cs0,,63.0,,1.0,,Status,1,1,0,42,42,0,42.0,0.0,0.0,0.0,0.0,0,0,0,0.0,,,0.0,0.0,0.0,REQ,,,,,0.0,0.0,0.0,0
316075,2.579823,2.579823,2.579823,2.579823,2.579823,2.579823,udp,0.0,,cs0,,63.0,,1.0,,Status,2,2,0,84,84,0,42.0,0.0,130.241486,130.241486,0.0,0,0,0,0.0,,,0.387623,0.387623,0.0,REQ,,,,,0.0,0.0,0.0,0
316082,2.577835,2.577835,2.577835,2.577835,2.577835,2.577835,udp,0.0,,cs0,,63.0,,1.0,,Status,2,2,0,84,84,0,42.0,0.0,130.341934,130.341934,0.0,0,0,0,0.0,,,0.387922,0.387922,0.0,REQ,,,,,0.0,0.0,0.0,0
316105,0.0,0.0,0.0,0.0,0.0,0.0,udp,0.0,,cs0,,63.0,,1.0,,Status,1,1,0,42,42,0,42.0,0.0,0.0,0.0,0.0,0,0,0,0.0,,,0.0,0.0,0.0,REQ,,,,,0.0,0.0,0.0,0
316117,0.0,0.0,0.0,0.0,0.0,0.0,udp,0.0,,cs0,,63.0,,1.0,,Status,1,1,0,42,42,0,42.0,0.0,0.0,0.0,0.0,0,0,0,0.0,,,0.0,0.0,0.0,REQ,,,,,0.0,0.0,0.0,0
316125,2.576777,2.576777,2.576777,2.576777,2.576777,2.576777,udp,0.0,,cs0,,63.0,,1.0,,Status,2,2,0,84,84,0,42.0,0.0,130.395447,130.395447,0.0,0,0,0,0.0,,,0.388082,0.388082,0.0,REQ,,,,,0.0,0.0,0.0,0
316256,2.583027,2.583027,2.583027,2.583027,2.583027,2.583027,udp,0.0,,cs0,,63.0,,1.0,,Status,2,2,0,84,84,0,42.0,0.0,130.079941,130.079941,0.0,0,0,0,0.0,,,0.387143,0.387143,0.0,REQ,,,,,0.0,0.0,0.0,0
316326,2.57853,2.57853,2.57853,2.57853,2.57853,2.57853,udp,0.0,,cs0,,63.0,,1.0,,Status,2,2,0,84,84,0,42.0,0.0,130.306793,130.306793,0.0,0,0,0,0.0,,,0.387818,0.387818,0.0,REQ,,,,,0.0,0.0,0.0,0
316336,2.582965,2.582965,2.582965,2.582965,2.582965,2.582965,udp,0.0,,cs0,,63.0,,1.0,,Status,2,2,0,84,84,0,42.0,0.0,130.083069,130.083069,0.0,0,0,0,0.0,,,0.387152,0.387152,0.0,REQ,,,,,0.0,0.0,0.0,0
316385,2.581451,2.581451,2.581451,2.581451,2.581451,2.581451,udp,0.0,,cs0,,63.0,,1.0,,Status,2,2,0,84,84,0,42.0,0.0,130.159363,130.159363,0.0,0,0,0,0.0,,,0.387379,0.387379,0.0,REQ,,,,,0.0,0.0,0.0,0
316469,2.575316,2.575316,2.575316,2.575316,2.575316,2.575316,udp,0.0,,cs0,,63.0,,1.0,,Status,2,2,0,84,84,0,42.0,0.0,130.469421,130.469421,0.0,0,0,0,0.0,,,0.388302,0.388302,0.0,REQ,,,,,0.0,0.0,0.0,0
316506,2.582225,2.582225,2.582225,2.582225,2.582225,2.582225,udp,0.0,,cs0,,63.0,,1.0,,Status,2,2,0,84,84,0,42.0,0.0,130.120331,130.120331,0.0,0,0,0,0.0,,,0.387263,0.387263,0.0,REQ,,,,,0.0,0.0,0.0,0
316509,2.579842,2.579842,2.579842,2.579842,2.579842,2.579842,udp,0.0,,cs0,,63.0,,1.0,,Status,2,2,0,84,84,0,42.0,0.0,130.240524,130.240524,0.0,0,0,0,0.0,,,0.387621,0.387621,0.0,REQ,,,,,0.0,0.0,0.0,0
316525,2.579835,2.579835,2.579835,2.579835,2.579835,2.579835,udp,0.0,,cs0,,63.0,,1.0,,Status,2,2,0,84,84,0,42.0,0.0,130.240891,130.240891,0.0,0,0,0,0.0,,,0.387622,0.387622,0.0,REQ,,,,,0.0,0.0,0.0,0
316559,2.582429,2.582429,2.582429,2.582429,2.582429,2.582429,udp,0.0,,cs0,,63.0,,1.0,,Status,2,2,0,84,84,0,42.0,0.0,130.110062,130.110062,0.0,0,0,0,0.0,,,0.387232,0.387232,0.0,REQ,,,,,0.0,0.0,0.0,0
316578,2.580209,2.580209,2.580209,2.580209,2.580209,2.580209,udp,0.0,,cs0,,63.0,,1.0,,Status,2,2,0,84,84,0,42.0,0.0,130.222015,130.222015,0.0,0,0,0,0.0,,,0.387565,0.387565,0.0,REQ,,,,,0.0,0.0,0.0,0
316595,2.585754,2.585754,2.585754,2.585754,2.585754,2.585754,udp,0.0,,cs0,,63.0,,1.0,,Status,2,2,0,84,84,0,42.0,0.0,129.942764,129.942764,0.0,0,0,0,0.0,,,0.386734,0.386734,0.0,REQ,,,,,0.0,0.0,0.0,0
316596,2.585754,2.585754,2.585754,2.585754,2.585754,2.585754,udp,0.0,,cs0,,63.0,,1.0,,Status,2,2,0,84,84,0,42.0,0.0,129.942764,129.942764,0.0,0,0,0,0.0,,,0.386734,0.386734,0.0,REQ,,,,,0.0,0.0,0.0,0
316642,2.57992,2.57992,2.57992,2.57992,2.57992,2.57992,udp,0.0,,cs0,,63.0,,1.0,,Status,2,2,0,84,84,0,42.0,0.0,130.236588,130.236588,0.0,0,0,0,0.0,,,0.387609,0.387609,0.0,REQ,,,,,0.0,0.0,0.0,0
316681,2.58251,2.58251,2.58251,2.58251,2.58251,2.58251,udp,0.0,,cs0,,63.0,,1.0,,Status,2,2,0,84,84,0,42.0,0.0,130.105988,130.105988,0.0,0,0,0,0.0,,,0.38722,0.38722,0.0,REQ,,,,,0.0,0.0,0.0,0
316709,2.580276,2.580276,2.580276,2.580276,2.580276,2.580276,udp,0.0,,cs0,,63.0,,1.0,,Status,2,2,0,84,84,0,42.0,0.0,130.218628,130.218628,0.0,0,0,0,0.0,,,0.387555,0.387555,0.0,REQ,,,,,0.0,0.0,0.0,0
316748,0.0,0.0,0.0,0.0,0.0,0.0,udp,0.0,,cs0,,63.0,,1.0,,Status,1,1,0,42,42,0,42.0,0.0,0.0,0.0,0.0,0,0,0,0.0,,,0.0,0.0,0.0,REQ,,,,,0.0,0.0,0.0,0
316806,0.0,0.0,0.0,0.0,0.0,0.0,udp,0.0,,cs0,,63.0,,1.0,,Status,1,1,0,42,42,0,42.0,0.0,0.0,0.0,0.0,0,0,0,0.0,,,0.0,0.0,0.0,REQ,,,,,0.0,0.0,0.0,0
316811,2.590018,2.590018,2.590018,2.590018,2.590018,2.590018,udp,0.0,,cs0,,63.0,,1.0,,Status,2,2,0,84,84,0,42.0,0.0,129.728821,129.728821,0.0,0,0,0,0.0,,,0.386098,0.386098,0.0,REQ,,,,,0.0,0.0,0.0,0
316839,2.585268,2.585268,2.585268,2.585268,2.585268,2.585268,udp,0.0,,cs0,,63.0,,1.0,,Status,2,2,0,84,84,0,42.0,0.0,129.967178,129.967178,0.0,0,0,0,0.0,,,0.386807,0.386807,0.0,REQ,,,,,0.0,0.0,0.0,0
316844,0.0,0.0,0.0,0.0,0.0,0.0,udp,0.0,,cs0,,63.0,,1.0,,Status,1,1,0,42,42,0,42.0,0.0,0.0,0.0,0.0,0,0,0,0.0,,,0.0,0.0,0.0,REQ,,,,,0.0,0.0,0.0,0
316931,0.0,0.0,0.0,0.0,0.0,0.0,udp,0.0,,cs0,,63.0,,1.0,,Status,1,1,0,42,42,0,42.0,0.0,0.0,0.0,0.0,0,0,0,0.0,,,0.0,0.0,0.0,REQ,,,,,0.0,0.0,0.0,0
317090,0.0,0.0,0.0,0.0,0.0,0.0,udp,0.0,,cs0,,63.0,,1.0,,Status,1,1,0,42,42,0,42.0,0.0,0.0,0.0,0.0,0,0,0,0.0,,,0.0,0.0,0.0,REQ,,,,,0.0,0.0,0.0,0
317114,2.581103,2.581103,2.581103,2.581103,2.581103,2.581103,udp,0.0,,cs0,,63.0,,1.0,,Start,2,2,0,84,84,0,42.0,0.0,130.176895,130.176895,0.0,0,0,0,0.0,,,0.387431,0.387431,0.0,INT,,,,,0.0,0.0,0.0,0
317118,2.581109,2.581109,2.581109,2.581109,2.581109,2.581109,udp,0.0,,cs0,,63.0,,1.0,,Status,2,2,0,84,84,0,42.0,0.0,130.176605,130.176605,0.0,0,0,0,0.0,,,0.38743,0.38743,0.0,REQ,,,,,0.0,0.0,0.0,0
317167,2.579859,2.579859,2.579859,2.579859,2.579859,2.579859,udp,0.0,,cs0,,63.0,,1.0,,Status,2,2,0,84,84,0,42.0,0.0,130.23967,130.23967,0.0,0,0,0,0.0,,,0.387618,0.387618,0.0,REQ,,,,,0.0,0.0,0.0,0
317304,0.0,0.0,0.0,0.0,0.0,0.0,udp,0.0,,cs0,,63.0,,1.0,,Status,1,1,0,42,42,0,42.0,0.0,0.0,0.0,0.0,0,0,0,0.0,,,0.0,0.0,0.0,REQ,,,,,0.0,0.0,0.0,0
317374,2.572963,2.572963,2.572963,2.572963,2.572963,2.572963,udp,0.0,,cs0,,63.0,,1.0,,Status,2,2,0,84,84,0,42.0,0.0,130.588745,130.588745,0.0,0,0,0,0.0,,,0.388657,0.388657,0.0,REQ,,,,,0.0,0.0,0.0,0
317465,2.581145,2.581145,2.581145,2.581145,2.581145,2.581145,udp,0.0,,cs0,,63.0,,1.0,,Status,2,2,0,84,84,0,42.0,0.0,130.174789,130.174789,0.0,0,0,0,0.0,,,0.387425,0.387425,0.0,REQ,,,,,0.0,0.0,0.0,0
317519,2.581011,2.581011,2.581011,2.581011,2.581011,2.581011,udp,0.0,,cs0,,63.0,,1.0,,Status,2,2,0,84,84,0,42.0,0.0,130.181549,130.181549,0.0,0,0,0,0.0,,,0.387445,0.387445,0.0,REQ,,,,,0.0,0.0,0.0,0
317545,0.0,0.0,0.0,0.0,0.0,0.0,udp,0.0,,cs0,,63.0,,1.0,,Status,1,1,0,42,42,0,42.0,0.0,0.0,0.0,0.0,0,0,0,0.0,,,0.0,0.0,0.0,REQ,,,,,0.0,0.0,0.0,0
317718,2.577042,2.577042,2.577042,2.577042,2.577042,2.577042,udp,0.0,,cs0,,63.0,,1.0,,Status,2,2,0,84,84,0,42.0,0.0,130.382034,130.382034,0.0,0,0,0,0.0,,,0.388042,0.388042,0.0,REQ,,,,,0.0,0.0,0.0,0
317721,0.0,0.0,0.0,0.0,0.0,0.0,udp,0.0,,cs0,,63.0,,1.0,,Status,1,1,0,42,42,0,42.0,0.0,0.0,0.0,0.0,0,0,0,0.0,,,0.0,0.0,0.0,REQ,,,,,0.0,0.0,0.0,0
317906,0.0,0.0,0.0,0.0,0.0,0.0,udp,0.0,,cs0,,63.0,,1.0,,Status,1,1,0,42,42,0,42.0,0.0,0.0,0.0,0.0,0,0,0,0.0,,,0.0,0.0,0.0,REQ,,,,,0.0,0.0,0.0,0
318041,2.581242,2.581242,2.581242,2.581242,2.581242,2.581242,udp,0.0,,cs0,,63.0,,1.0,,Status,2,2,0,84,84,0,42.0,0.0,130.169891,130.169891,0.0,0,0,0,0.0,,,0.38741,0.38741,0.0,REQ,,,,,0.0,0.0,0.0,0
318047,0.0,0.0,0.0,0.0,0.0,0.0,udp,0.0,,cs0,,63.0,,1.0,,Status,1,1,0,42,42,0,42.0,0.0,0.0,0.0,0.0,0,0,0,0.0,,,0.0,0.0,0.0,REQ,,,,,0.0,0.0,0.0,0
318057,2.583337,2.583337,2.583337,2.583337,2.583337,2.583337,udp,0.0,,cs0,,63.0,,1.0,,Status,2,2,0,84,84,0,42.0,0.0,130.064331,130.064331,0.0,0,0,0,0.0,,,0.387096,0.387096,0.0,REQ,,,,,0.0,0.0,0.0,0
318069,0.0,0.0,0.0,0.0,0.0,0.0,udp,0.0,,cs0,,63.0,,1.0,,Status,1,1,0,42,42,0,42.0,0.0,0.0,0.0,0.0,0,0,0,0.0,,,0.0,0.0,0.0,REQ,,,,,0.0,0.0,0.0,0
318119,2.579893,2.579893,2.579893,2.579893,2.579893,2.579893,udp,0.0,,cs0,,63.0,,1.0,,Status,2,2,0,84,84,0,42.0,0.0,130.237961,130.237961,0.0,0,0,0,0.0,,,0.387613,0.387613,0.0,REQ,,,,,0.0,0.0,0.0,0
318134,0.0,0.0,0.0,0.0,0.0,0.0,udp,0.0,,cs0,,63.0,,1.0,,Status,1,1,0,42,42,0,42.0,0.0,0.0,0.0,0.0,0,0,0,0.0,,,0.0,0.0,0.0,REQ,,,,,0.0,0.0,0.0,0
318206,2.580048,2.580048,2.580048,2.580048,2.580048,2.580048,udp,0.0,,cs0,,63.0,,1.0,,Status,2,2,0,84,84,0,42.0,0.0,130.230133,130.230133,0.0,0,0,0,0.0,,,0.38759,0.38759,0.0,REQ,,,,,0.0,0.0,0.0,0
318223,0.0,0.0,0.0,0.0,0.0,0.0,udp,0.0,,cs0,,63.0,,1.0,,Status,1,1,0,42,42,0,42.0,0.0,0.0,0.0,0.0,0,0,0,0.0,,,0.0,0.0,0.0,REQ,,,,,0.0,0.0,0.0,0
318236,2.580093,2.580093,2.580093,2.580093,2.580093,2.580093,udp,0.0,,cs0,,63.0,,1.0,,Status,2,2,0,84,84,0,42.0,0.0,130.227875,130.227875,0.0,0,0,0,0.0,,,0.387583,0.387583,0.0,REQ,,,,,0.0,0.0,0.0,0
318241,2.580084,2.580084,2.580084,2.580084,2.580084,2.580084,udp,0.0,,cs0,,63.0,,1.0,,Status,2,2,0,84,84,0,42.0,0.0,130.228317,130.228317,0.0,0,0,0,0.0,,,0.387584,0.387584,0.0,REQ,,,,,0.0,0.0,0.0,0
318277,2.576852,2.576852,2.576852,2.576852,2.576852,2.576852,udp,0.0,,cs0,,63.0,,1.0,,Status,2,2,0,84,84,0,42.0,0.0,130.391647,130.391647,0.0,0,0,0,0.0,,,0.38807,0.38807,0.0,REQ,,,,,0.0,0.0,0.0,0
318282,0.0,0.0,0.0,0.0,0.0,0.0,udp,0.0,,cs0,,63.0,,1.0,,Status,1,1,0,42,42,0,42.0,0.0,0.0,0.0,0.0,0,0,0,0.0,,,0.0,0.0,0.0,REQ,,,,,0.0,0.0,0.0,0
318524,0.0,0.0,0.0,0.0,0.0,0.0,udp,0.0,,cs0,,63.0,,1.0,,Status,1,1,0,42,42,0,42.0,0.0,0.0,0.0,0.0,0,0,0,0.0,,,0.0,0.0,0.0,REQ,,,,,0.0,0.0,0.0,0
318543,0.0,0.0,0.0,0.0,0.0,0.0,udp,0.0,,cs0,,63.0,,1.0,,Status,1,1,0,42,42,0,42.0,0.0,0.0,0.0,0.0,0,0,0,0.0,,,0.0,0.0,0.0,REQ,,,,,0.0,0.0,0.0,0
318616,0.0,0.0,0.0,0.0,0.0,0.0,udp,0.0,,cs0,,63.0,,1.0,,Status,1,1,0,42,42,0,42.0,0.0,0.0,0.0,0.0,0,0,0,0.0,,,0.0,0.0,0.0,REQ,,,,,0.0,0.0,0.0,0
318644,2.577828,2.577828,2.577828,2.577828,2.577828,2.577828,udp,0.0,,cs0,,63.0,,1.0,,Status,2,2,0,84,84,0,42.0,0.0,130.342285,130.342285,0.0,0,0,0,0.0,,,0.387923,0.387923,0.0,REQ,,,,,0.0,0.0,0.0,0
318663,2.574339,2.574339,2.574339,2.574339,2.574339,2.574339,udp,0.0,,cs0,,63.0,,1.0,,Status,2,2,0,84,84,0,42.0,0.0,130.518951,130.518951,0.0,0,0,0,0.0,,,0.388449,0.388449,0.0,REQ,,,,,0.0,0.0,0.0,0
318703,0.0,0.0,0.0,0.0,0.0,0.0,udp,0.0,,cs0,,63.0,,1.0,,Status,1,1,0,42,42,0,42.0,0.0,0.0,0.0,0.0,0,0,0,0.0,,,0.0,0.0,0.0,REQ,,,,,0.0,0.0,0.0,0
318824,2.582328,2.582328,2.582328,2.582328,2.582328,2.582328,udp,0.0,,cs0,,63.0,,1.0,,Status,2,2,0,84,84,0,42.0,0.0,130.115143,130.115143,0.0,0,0,0,0.0,,,0.387247,0.387247,0.0,REQ,,,,,0.0,0.0,0.0,0
318833,2.577186,2.577186,2.577186,2.577186,2.577186,2.577186,udp,0.0,,cs0,,63.0,,1.0,,Status,2,2,0,84,84,0,42.0,0.0,130.374756,130.374756,0.0,0,0,0,0.0,,,0.38802,0.38802,0.0,REQ,,,,,0.0,0.0,0.0,0
318840,0.0,0.0,0.0,0.0,0.0,0.0,udp,0.0,,cs0,,63.0,,1.0,,Status,1,1,0,42,42,0,42.0,0.0,0.0,0.0,0.0,0,0,0,0.0,,,0.0,0.0,0.0,REQ,,,,,0.0,0.0,0.0,0
318851,2.578711,2.578711,2.578711,2.578711,2.578711,2.578711,udp,0.0,,cs0,,63.0,,1.0,,Status,2,2,0,84,84,0,42.0,0.0,130.297653,130.297653,0.0,0,0,0,0.0,,,0.387791,0.387791,0.0,REQ,,,,,0.0,0.0,0.0,0
318862,0.0,0.0,0.0,0.0,0.0,0.0,udp,0.0,,cs0,,63.0,,1.0,,Status,1,1,0,42,42,0,42.0,0.0,0.0,0.0,0.0,0,0,0,0.0,,,0.0,0.0,0.0,REQ,,,,,0.0,0.0,0.0,0
318993,2.578153,2.578153,2.578153,2.578153,2.578153,2.578153,udp,0.0,,cs0,,63.0,,1.0,,Status,2,2,0,84,84,0,42.0,0.0,130.325867,130.325867,0.0,0,0,0,0.0,,,0.387875,0.387875,0.0,REQ,,,,,0.0,0.0,0.0,0
319037,2.575991,2.575991,2.575991,2.575991,2.575991,2.575991,udp,0.0,,cs0,,63.0,,1.0,,Status,2,2,0,84,84,0,42.0,0.0,130.435242,130.435242,0.0,0,0,0,0.0,,,0.3882,0.3882,0.0,REQ,,,,,0.0,0.0,0.0,0
319090,2.57593,2.57593,2.57593,2.57593,2.57593,2.57593,udp,0.0,,cs0,,63.0,,1.0,,Status,2,2,0,84,84,0,42.0,0.0,130.438324,130.438324,0.0,0,0,0,0.0,,,0.388209,0.388209,0.0,REQ,,,,,0.0,0.0,0.0,0
319134,0.0,0.0,0.0,0.0,0.0,0.0,udp,0.0,,cs0,,63.0,,1.0,,Status,1,1,0,42,42,0,42.0,0.0,0.0,0.0,0.0,0,0,0,0.0,,,0.0,0.0,0.0,REQ,,,,,0.0,0.0,0.0,0
319151,0.0,0.0,0.0,0.0,0.0,0.0,udp,0.0,,cs0,,63.0,,1.0,,Status,1,1,0,42,42,0,42.0,0.0,0.0,0.0,0.0,0,0,0,0.0,,,0.0,0.0,0.0,REQ,,,,,0.0,0.0,0.0,0
319258,0.0,0.0,0.0,0.0,0.0,0.0,udp,0.0,,cs0,,63.0,,1.0,,Status,1,1,0,42,42,0,42.0,0.0,0.0,0.0,0.0,0,0,0,0.0,,,0.0,0.0,0.0,REQ,,,,,0.0,0.0,0.0,0
319271,2.571966,2.571966,2.571966,2.571966,2.571966,2.571966,udp,0.0,,cs0,,63.0,,1.0,,Status,2,2,0,84,84,0,42.0,0.0,130.639374,130.639374,0.0,0,0,0,0.0,,,0.388808,0.388808,0.0,REQ,,,,,0.0,0.0,0.0,0
319286,2.568318,2.568318,2.568318,2.568318,2.568318,2.568318,udp,0.0,,cs0,,63.0,,1.0,,Status,2,2,0,84,84,0,42.0,0.0,130.824921,130.824921,0.0,0,0,0,0.0,,,0.38936,0.38936,0.0,REQ,,,,,0.0,0.0,0.0,0
319322,0.0,0.0,0.0,0.0,0.0,0.0,udp,0.0,,cs0,,63.0,,1.0,,Status,1,1,0,42,42,0,42.0,0.0,0.0,0.0,0.0,0,0,0,0.0,,,0.0,0.0,0.0,REQ,,,,,0.0,0.0,0.0,0
319393,0.0,0.0,0.0,0.0,0.0,0.0,udp,0.0,,cs0,,63.0,,1.0,,Status,1,1,0,42,42,0,42.0,0.0,0.0,0.0,0.0,0,0,0,0.0,,,0.0,0.0,0.0,REQ,,,,,0.0,0.0,0.0,0
319402,0.0,0.0,0.0,0.0,0.0,0.0,udp,0.0,,cs0,,63.0,,1.0,,Status,1,1,0,42,42,0,42.0,0.0,0.0,0.0,0.0,0,0,0,0.0,,,0.0,0.0,0.0,REQ,,,,,0.0,0.0,0.0,0
319470,0.0,0.0,0.0,0.0,0.0,0.0,udp,0.0,,cs0,,63.0,,1.0,,Status,1,1,0,42,42,0,42.0,0.0,0.0,0.0,0.0,0,0,0,0.0,,,0.0,0.0,0.0,REQ,,,,,0.0,0.0,0.0,0
319483,0.0,0.0,0.0,0.0,0.0,0.0,udp,0.0,,cs0,,63.0,,1.0,,Status,1,1,0,42,42,0,42.0,0.0,0.0,0.0,0.0,0,0,0,0.0,,,0.0,0.0,0.0,REQ,,,,,0.0,0.0,0.0,0
319488,0.0,0.0,0.0,0.0,0.0,0.0,udp,0.0,,cs0,,63.0,,1.0,,Status,1,1,0,42,42,0,42.0,0.0,0.0,0.0,0.0,0,0,0,0.0,,,0.0,0.0,0.0,REQ,,,,,0.0,0.0,0.0,0
319529,0.0,0.0,0.0,0.0,0.0,0.0,udp,0.0,,cs0,,63.0,,1.0,,Status,1,1,0,42,42,0,42.0,0.0,0.0,0.0,0.0,0,0,0,0.0,,,0.0,0.0,0.0,REQ,,,,,0.0,0.0,0.0,0
319545,2.579172,2.579172,2.579172,2.579172,2.579172,2.579172,udp,0.0,,cs0,,63.0,,1.0,,Status,2,2,0,84,84,0,42.0,0.0,130.274368,130.274368,0.0,0,0,0,0.0,,,0.387721,0.387721,0.0,REQ,,,,,0.0,0.0,0.0,0
319557,2.579176,2.579176,2.579176,2.579176,2.579176,2.579176,udp,0.0,,cs0,,63.0,,1.0,,Status,2,2,0,84,84,0,42.0,0.0,130.27417,130.27417,0.0,0,0,0,0.0,,,0.387721,0.387721,0.0,REQ,,,,,0.0,0.0,0.0,0
319625,2.575101,2.575101,2.575101,2.575101,2.575101,2.575101,udp,0.0,,cs0,,63.0,,1.0,,Status,2,2,0,84,84,0,42.0,0.0,130.480331,130.480331,0.0,0,0,0,0.0,,,0.388334,0.388334,0.0,REQ,,,,,0.0,0.0,0.0,0
319631,2.575051,2.575051,2.575051,2.575051,2.575051,2.575051,udp,0.0,,cs0,,63.0,,1.0,,Status,2,2,0,84,84,0,42.0,0.0,130.482849,130.482849,0.0,0,0,0,0.0,,,0.388342,0.388342,0.0,REQ,,,,,0.0,0.0,0.0,0
319634,0.0,0.0,0.0,0.0,0.0,0.0,udp,0.0,,cs0,,63.0,,1.0,,Status,1,1,0,42,42,0,42.0,0.0,0.0,0.0,0.0,0,0,0,0.0,,,0.0,0.0,0.0,REQ,,,,,0.0,0.0,0.0,0
319645,0.0,0.0,0.0,0.0,0.0,0.0,udp,0.0,,cs0,,63.0,,1.0,,Status,1,1,0,42,42,0,42.0,0.0,0.0,0.0,0.0,0,0,0,0.0,,,0.0,0.0,0.0,REQ,,,,,0.0,0.0,0.0,0
319659,2.571104,2.571104,2.571104,2.571104,2.571104,2.571104,udp,0.0,,cs0,,63.0,,1.0,,Status,2,2,0,84,84,0,42.0,0.0,130.683167,130.683167,0.0,0,0,0,0.0,,,0.388938,0.388938,0.0,REQ,,,,,0.0,0.0,0.0,0
319669,2.57102,2.57102,2.57102,2.57102,2.57102,2.57102,udp,0.0,,cs0,,63.0,,1.0,,Status,2,2,0,84,84,0,42.0,0.0,130.687439,130.687439,0.0,0,0,0,0.0,,,0.388951,0.388951,0.0,REQ,,,,,0.0,0.0,0.0,0
319752,0.0,0.0,0.0,0.0,0.0,0.0,udp,0.0,,cs0,,63.0,,1.0,,Status,1,1,0,42,42,0,42.0,0.0,0.0,0.0,0.0,0,0,0,0.0,,,0.0,0.0,0.0,REQ,,,,,0.0,0.0,0.0,0
319761,2.57928,2.57928,2.57928,2.57928,2.57928,2.57928,udp,0.0,,cs0,,63.0,,1.0,,Status,2,2,0,84,84,0,42.0,0.0,130.268921,130.268921,0.0,0,0,0,0.0,,,0.387705,0.387705,0.0,REQ,,,,,0.0,0.0,0.0,0
319795,0.0,0.0,0.0,0.0,0.0,0.0,udp,0.0,,cs0,,63.0,,1.0,,Status,1,1,0,42,42,0,42.0,0.0,0.0,0.0,0.0,0,0,0,0.0,,,0.0,0.0,0.0,REQ,,,,,0.0,0.0,0.0,0
319807,0.0,0.0,0.0,0.0,0.0,0.0,udp,0.0,,cs0,,63.0,,1.0,,Start,1,1,0,42,42,0,42.0,0.0,0.0,0.0,0.0,0,0,0,0.0,,,0.0,0.0,0.0,INT,,,,,0.0,0.0,0.0,0
319873,2.576683,2.576683,2.576683,2.576683,2.576683,2.576683,udp,0.0,,cs0,,63.0,,1.0,,Status,2,2,0,84,84,0,42.0,0.0,130.400208,130.400208,0.0,0,0,0,0.0,,,0.388096,0.388096,0.0,REQ,,,,,0.0,0.0,0.0,0
319881,2.576747,2.576747,2.576747,2.576747,2.576747,2.576747,udp,0.0,,cs0,,63.0,,1.0,,Start,2,2,0,84,84,0,42.0,0.0,130.396973,130.396973,0.0,0,0,0,0.0,,,0.388086,0.388086,0.0,INT,,,,,0.0,0.0,0.0,0
319892,0.0,0.0,0.0,0.0,0.0,0.0,udp,0.0,,cs0,,63.0,,1.0,,Status,1,1,0,42,42,0,42.0,0.0,0.0,0.0,0.0,0,0,0,0.0,,,0.0,0.0,0.0,REQ,,,,,0.0,0.0,0.0,0
319908,2.580905,2.580905,2.580905,2.580905,2.580905,2.580905,udp,0.0,,cs0,,63.0,,1.0,,Status,2,2,0,84,84,0,42.0,0.0,130.18689,130.18689,0.0,0,0,0,0.0,,,0.387461,0.387461,0.0,REQ,,,,,0.0,0.0,0.0,0
320081,0.0,0.0,0.0,0.0,0.0,0.0,udp,0.0,,cs0,,63.0,,1.0,,Status,1,1,0,42,42,0,42.0,0.0,0.0,0.0,0.0,0,0,0,0.0,,,0.0,0.0,0.0,REQ,,,,,0.0,0.0,0.0,0
320094,0.0,0.0,0.0,0.0,0.0,0.0,udp,0.0,,cs0,,63.0,,1.0,,Status,1,1,0,42,42,0,42.0,0.0,0.0,0.0,0.0,0,0,0,0.0,,,0.0,0.0,0.0,REQ,,,,,0.0,0.0,0.0,0
320105,0.0,0.0,0.0,0.0,0.0,0.0,udp,0.0,,cs0,,63.0,,1.0,,Status,1,1,0,42,42,0,42.0,0.0,0.0,0.0,0.0,0,0,0,0.0,,,0.0,0.0,0.0,REQ,,,,,0.0,0.0,0.0,0
320141,2.575751,2.575751,2.575751,2.575751,2.575751,2.575751,udp,0.0,,cs0,,63.0,,1.0,,Start,2,2,0,84,84,0,42.0,0.0,130.447388,130.447388,0.0,0,0,0,0.0,,,0.388236,0.388236,0.0,INT,,,,,0.0,0.0,0.0,0
320194,0.0,0.0,0.0,0.0,0.0,0.0,udp,0.0,,cs0,,63.0,,1.0,,Status,1,1,0,42,42,0,42.0,0.0,0.0,0.0,0.0,0,0,0,0.0,,,0.0,0.0,0.0,REQ,,,,,0.0,0.0,0.0,0
320310,0.0,0.0,0.0,0.0,0.0,0.0,udp,0.0,,cs0,,63.0,,1.0,,Status,1,1,0,42,42,0,42.0,0.0,0.0,0.0,0.0,0,0,0,0.0,,,0.0,0.0,0.0,REQ,,,,,0.0,0.0,0.0,0
320373,2.573172,2.573172,2.573172,2.573172,2.573172,2.573172,udp,0.0,,cs0,,63.0,,1.0,,Start,2,2,0,84,84,0,42.0,0.0,130.578125,130.578125,0.0,0,0,0,0.0,,,0.388625,0.388625,0.0,INT,,,,,0.0,0.0,0.0,0
320381,2.572231,2.572231,2.572231,2.572231,2.572231,2.572231,udp,0.0,,cs0,,63.0,,1.0,,Status,2,2,0,84,84,0,42.0,0.0,130.6259,130.6259,0.0,0,0,0,0.0,,,0.388768,0.388768,0.0,REQ,,,,,0.0,0.0,0.0,0
320434,2.57897,2.57897,2.57897,2.57897,2.57897,2.57897,udp,0.0,,cs0,,63.0,,1.0,,Status,2,2,0,84,84,0,42.0,0.0,130.284576,130.284576,0.0,0,0,0,0.0,,,0.387752,0.387752,0.0,REQ,,,,,0.0,0.0,0.0,0
320505,2.579391,2.579391,2.579391,2.579391,2.579391,2.579391,udp,0.0,,cs0,,63.0,,1.0,,Status,2,2,0,84,84,0,42.0,0.0,130.263306,130.263306,0.0,0,0,0,0.0,,,0.387688,0.387688,0.0,REQ,,,,,0.0,0.0,0.0,0
320539,0.0,0.0,0.0,0.0,0.0,0.0,udp,0.0,,cs0,,63.0,,1.0,,Status,1,1,0,42,42,0,42.0,0.0,0.0,0.0,0.0,0,0,0,0.0,,,0.0,0.0,0.0,REQ,,,,,0.0,0.0,0.0,0
320579,0.0,0.0,0.0,0.0,0.0,0.0,udp,0.0,,cs0,,63.0,,1.0,,Status,1,1,0,42,42,0,42.0,0.0,0.0,0.0,0.0,0,0,0,0.0,,,0.0,0.0,0.0,REQ,,,,,0.0,0.0,0.0,0
320596,2.575114,2.575114,2.575114,2.575114,2.575114,2.575114,udp,0.0,,cs0,,63.0,,1.0,,Status,2,2,0,84,84,0,42.0,0.0,130.47966,130.47966,0.0,0,0,0,0.0,,,0.388332,0.388332,0.0,REQ,,,,,0.0,0.0,0.0,0
320597,2.575115,2.575115,2.575115,2.575115,2.575115,2.575115,udp,0.0,,cs0,,63.0,,1.0,,Status,2,2,0,84,84,0,42.0,0.0,130.479614,130.479614,0.0,0,0,0,0.0,,,0.388332,0.388332,0.0,REQ,,,,,0.0,0.0,0.0,0
320605,2.575119,2.575119,2.575119,2.575119,2.575119,2.575119,udp,0.0,,cs0,,63.0,,1.0,,Start,2,2,0,84,84,0,42.0,0.0,130.479401,130.479401,0.0,0,0,0,0.0,,,0.388332,0.388332,0.0,INT,,,,,0.0,0.0,0.0,0
320631,2.57769,2.57769,2.57769,2.57769,2.57769,2.57769,udp,0.0,,cs0,,63.0,,1.0,,Start,2,2,0,84,84,0,42.0,0.0,130.349274,130.349274,0.0,0,0,0,0.0,,,0.387944,0.387944,0.0,INT,,,,,0.0,0.0,0.0,0
320670,2.577872,2.577872,2.577872,2.577872,2.577872,2.577872,udp,0.0,,cs0,,63.0,,1.0,,Status,2,2,0,84,84,0,42.0,0.0,130.340057,130.340057,0.0,0,0,0,0.0,,,0.387917,0.387917,0.0,REQ,,,,,0.0,0.0,0.0,0
320775,2.575643,2.575643,2.575643,2.575643,2.575643,2.575643,udp,0.0,,cs0,,63.0,,1.0,,Status,2,2,0,84,84,0,42.0,0.0,130.452866,130.452866,0.0,0,0,0,0.0,,,0.388253,0.388253,0.0,REQ,,,,,0.0,0.0,0.0,0
320786,2.577016,2.577016,2.577016,2.577016,2.577016,2.577016,udp,0.0,,cs0,,63.0,,1.0,,Status,2,2,0,84,84,0,42.0,0.0,130.383347,130.383347,0.0,0,0,0,0.0,,,0.388046,0.388046,0.0,REQ,,,,,0.0,0.0,0.0,0
320788,2.577016,2.577016,2.577016,2.577016,2.577016,2.577016,udp,0.0,,cs0,,63.0,,1.0,,Status,2,2,0,84,84,0,42.0,0.0,130.383347,130.383347,0.0,0,0,0,0.0,,,0.388046,0.388046,0.0,REQ,,,,,0.0,0.0,0.0,0
320806,2.576855,2.576855,2.576855,2.576855,2.576855,2.576855,udp,0.0,,cs0,,63.0,,1.0,,Status,2,2,0,84,84,0,42.0,0.0,130.39151,130.39151,0.0,0,0,0,0.0,,,0.38807,0.38807,0.0,REQ,,,,,0.0,0.0,0.0,0
320813,2.57686,2.57686,2.57686,2.57686,2.57686,2.57686,udp,0.0,,cs0,,63.0,,1.0,,Status,2,2,0,84,84,0,42.0,0.0,130.391251,130.391251,0.0,0,0,0,0.0,,,0.388069,0.388069,0.0,REQ,,,,,0.0,0.0,0.0,0
320818,0.0,0.0,0.0,0.0,0.0,0.0,udp,0.0,,cs0,,63.0,,1.0,,Status,1,1,0,42,42,0,42.0,0.0,0.0,0.0,0.0,0,0,0,0.0,,,0.0,0.0,0.0,REQ,,,,,0.0,0.0,0.0,0
320844,2.575913,2.575913,2.575913,2.575913,2.575913,2.575913,udp,0.0,,cs0,,63.0,,1.0,,Status,2,2,0,84,84,0,42.0,0.0,130.439194,130.439194,0.0,0,0,0,0.0,,,0.388212,0.388212,0.0,REQ,,,,,0.0,0.0,0.0,0
320883,2.578386,2.578386,2.578386,2.578386,2.578386,2.578386,udp,0.0,,cs0,,63.0,,1.0,,Start,2,2,0,84,84,0,42.0,0.0,130.314072,130.314072,0.0,0,0,0,0.0,,,0.38784,0.38784,0.0,INT,,,,,0.0,0.0,0.0,0
320968,2.577029,2.577029,2.577029,2.577029,2.577029,2.577029,udp,0.0,,cs0,,63.0,,1.0,,Status,2,2,0,84,84,0,42.0,0.0,130.382706,130.382706,0.0,0,0,0,0.0,,,0.388044,0.388044,0.0,REQ,,,,,0.0,0.0,0.0,0
321024,2.579005,2.579005,2.579005,2.579005,2.579005,2.579005,udp,0.0,,cs0,,63.0,,1.0,,Status,2,2,0,84,84,0,42.0,0.0,130.282806,130.282806,0.0,0,0,0,0.0,,,0.387746,0.387746,0.0,REQ,,,,,0.0,0.0,0.0,0
321049,2.576384,2.576384,2.576384,2.576384,2.576384,2.576384,udp,0.0,,cs0,,63.0,,1.0,,Status,2,2,0,84,84,0,42.0,0.0,130.415344,130.415344,0.0,0,0,0,0.0,,,0.388141,0.388141,0.0,REQ,,,,,0.0,0.0,0.0,0
321052,2.575381,2.575381,2.575381,2.575381,2.575381,2.575381,udp,0.0,,cs0,,63.0,,1.0,,Status,2,2,0,84,84,0,42.0,0.0,130.466125,130.466125,0.0,0,0,0,0.0,,,0.388292,0.388292,0.0,REQ,,,,,0.0,0.0,0.0,0
321074,2.575648,2.575648,2.575648,2.575648,2.575648,2.575648,udp,0.0,,cs0,,63.0,,1.0,,Status,2,2,0,84,84,0,42.0,0.0,130.452606,130.452606,0.0,0,0,0,0.0,,,0.388252,0.388252,0.0,REQ,,,,,0.0,0.0,0.0,0
321331,2.575239,2.575239,2.575239,2.575239,2.575239,2.575239,udp,0.0,,cs0,,63.0,,1.0,,Status,2,2,0,84,84,0,42.0,0.0,130.473328,130.473328,0.0,0,0,0,0.0,,,0.388313,0.388313,0.0,REQ,,,,,0.0,0.0,0.0,0
321388,2.57714,2.57714,2.57714,2.57714,2.57714,2.57714,udp,0.0,,cs0,,63.0,,1.0,,Status,2,2,0,84,84,0,42.0,0.0,130.377075,130.377075,0.0,0,0,0,0.0,,,0.388027,0.388027,0.0,REQ,,,,,0.0,0.0,0.0,0
321390,2.57714,2.57714,2.57714,2.57714,2.57714,2.57714,udp,0.0,,cs0,,63.0,,1.0,,Status,2,2,0,84,84,0,42.0,0.0,130.377075,130.377075,0.0,0,0,0,0.0,,,0.388027,0.388027,0.0,REQ,,,,,0.0,0.0,0.0,0
321448,0.0,0.0,0.0,0.0,0.0,0.0,udp,0.0,,cs0,,63.0,,1.0,,Start,1,1,0,42,42,0,42.0,0.0,0.0,0.0,0.0,0,0,0,0.0,,,0.0,0.0,0.0,INT,,,,,0.0,0.0,0.0,0
321467,2.57527,2.57527,2.57527,2.57527,2.57527,2.57527,udp,0.0,,cs0,,63.0,,1.0,,Status,2,2,0,84,84,0,42.0,0.0,130.471756,130.471756,0.0,0,0,0,0.0,,,0.388309,0.388309,0.0,REQ,,,,,0.0,0.0,0.0,0
321551,0.0,0.0,0.0,0.0,0.0,0.0,udp,0.0,,cs0,,63.0,,1.0,,Status,1,1,0,42,42,0,42.0,0.0,0.0,0.0,0.0,0,0,0,0.0,,,0.0,0.0,0.0,REQ,,,,,0.0,0.0,0.0,0
321619,2.575304,2.575304,2.575304,2.575304,2.575304,2.575304,udp,0.0,,cs0,,63.0,,1.0,,Status,2,2,0,84,84,0,42.0,0.0,130.470032,130.470032,0.0,0,0,0,0.0,,,0.388304,0.388304,0.0,REQ,,,,,0.0,0.0,0.0,0
321638,0.0,0.0,0.0,0.0,0.0,0.0,udp,0.0,,cs0,,63.0,,1.0,,Status,1,1,0,42,42,0,42.0,0.0,0.0,0.0,0.0,0,0,0,0.0,,,0.0,0.0,0.0,REQ,,,,,0.0,0.0,0.0,0
321651,0.0,0.0,0.0,0.0,0.0,0.0,udp,0.0,,cs0,,63.0,,1.0,,Status,1,1,0,42,42,0,42.0,0.0,0.0,0.0,0.0,0,0,0,0.0,,,0.0,0.0,0.0,REQ,,,,,0.0,0.0,0.0,0
321667,2.576706,2.576706,2.576706,2.576706,2.576706,2.576706,udp,0.0,,cs0,,63.0,,1.0,,Status,2,2,0,84,84,0,42.0,0.0,130.399048,130.399048,0.0,0,0,0,0.0,,,0.388092,0.388092,0.0,REQ,,,,,0.0,0.0,0.0,0
321711,0.0,0.0,0.0,0.0,0.0,0.0,udp,0.0,,cs0,,63.0,,1.0,,Status,1,1,0,42,42,0,42.0,0.0,0.0,0.0,0.0,0,0,0,0.0,,,0.0,0.0,0.0,REQ,,,,,0.0,0.0,0.0,0
321743,2.581066,2.581066,2.581066,2.581066,2.581066,2.581066,udp,0.0,,cs0,,63.0,,1.0,,Status,2,2,0,84,84,0,42.0,0.0,130.178772,130.178772,0.0,0,0,0,0.0,,,0.387437,0.387437,0.0,REQ,,,,,0.0,0.0,0.0,0
321797,0.0,0.0,0.0,0.0,0.0,0.0,udp,0.0,,cs0,,63.0,,1.0,,Status,1,1,0,42,42,0,42.0,0.0,0.0,0.0,0.0,0,0,0,0.0,,,0.0,0.0,0.0,REQ,,,,,0.0,0.0,0.0,0
321826,2.572932,2.572932,2.572932,2.572932,2.572932,2.572932,udp,0.0,,cs0,,63.0,,1.0,,Status,2,2,0,84,84,0,42.0,0.0,130.590317,130.590317,0.0,0,0,0,0.0,,,0.388662,0.388662,0.0,REQ,,,,,0.0,0.0,0.0,0
321846,0.0,0.0,0.0,0.0,0.0,0.0,udp,0.0,,cs0,,63.0,,1.0,,Status,1,1,0,42,42,0,42.0,0.0,0.0,0.0,0.0,0,0,0,0.0,,,0.0,0.0,0.0,REQ,,,,,0.0,0.0,0.0,0
321888,2.569006,2.569006,2.569006,2.569006,2.569006,2.569006,udp,0.0,,cs0,,63.0,,1.0,,Status,2,2,0,84,84,0,42.0,0.0,130.789886,130.789886,0.0,0,0,0,0.0,,,0.389256,0.389256,0.0,REQ,,,,,0.0,0.0,0.0,0
321914,0.0,0.0,0.0,0.0,0.0,0.0,udp,0.0,,cs0,,63.0,,1.0,,Status,1,1,0,42,42,0,42.0,0.0,0.0,0.0,0.0,0,0,0,0.0,,,0.0,0.0,0.0,REQ,,,,,0.0,0.0,0.0,0
322076,2.576154,2.576154,2.576154,2.576154,2.576154,2.576154,udp,0.0,,cs0,,63.0,,1.0,,Start,2,2,0,84,84,0,42.0,0.0,130.426987,130.426987,0.0,0,0,0,0.0,,,0.388176,0.388176,0.0,INT,,,,,0.0,0.0,0.0,0
322120,0.0,0.0,0.0,0.0,0.0,0.0,udp,0.0,,cs0,,63.0,,1.0,,Status,1,1,0,42,42,0,42.0,0.0,0.0,0.0,0.0,0,0,0,0.0,,,0.0,0.0,0.0,REQ,,,,,0.0,0.0,0.0,0
322187,2.578064,2.578064,2.578064,2.578064,2.578064,2.578064,udp,0.0,,cs0,,63.0,,1.0,,Status,2,2,0,84,84,0,42.0,0.0,130.330353,130.330353,0.0,0,0,0,0.0,,,0.387888,0.387888,0.0,REQ,,,,,0.0,0.0,0.0,0
322257,2.571181,2.571181,2.571181,2.571181,2.571181,2.571181,udp,0.0,,cs0,,63.0,,1.0,,Status,2,2,0,84,84,0,42.0,0.0,130.679245,130.679245,0.0,0,0,0,0.0,,,0.388926,0.388926,0.0,REQ,,,,,0.0,0.0,0.0,0
322263,2.569714,2.569714,2.569714,2.569714,2.569714,2.569714,udp,0.0,,cs0,,63.0,,1.0,,Status,2,2,0,84,84,0,42.0,0.0,130.753845,130.753845,0.0,0,0,0,0.0,,,0.389148,0.389148,0.0,REQ,,,,,0.0,0.0,0.0,0
322299,0.0,0.0,0.0,0.0,0.0,0.0,udp,0.0,,cs0,,63.0,,1.0,,Status,1,1,0,42,42,0,42.0,0.0,0.0,0.0,0.0,0,0,0,0.0,,,0.0,0.0,0.0,REQ,,,,,0.0,0.0,0.0,0
322308,0.0,0.0,0.0,0.0,0.0,0.0,udp,0.0,,cs0,,63.0,,1.0,,Status,1,1,0,42,42,0,42.0,0.0,0.0,0.0,0.0,0,0,0,0.0,,,0.0,0.0,0.0,REQ,,,,,0.0,0.0,0.0,0
322350,2.579039,2.579039,2.579039,2.579039,2.579039,2.579039,udp,0.0,,cs0,,63.0,,1.0,,Status,2,2,0,84,84,0,42.0,0.0,130.281082,130.281082,0.0,0,0,0,0.0,,,0.387741,0.387741,0.0,REQ,,,,,0.0,0.0,0.0,0
322381,0.0,0.0,0.0,0.0,0.0,0.0,udp,0.0,,cs0,,63.0,,1.0,,Status,1,1,0,42,42,0,42.0,0.0,0.0,0.0,0.0,0,0,0,0.0,,,0.0,0.0,0.0,REQ,,,,,0.0,0.0,0.0,0
322400,0.0,0.0,0.0,0.0,0.0,0.0,udp,0.0,,cs0,,63.0,,1.0,,Status,1,1,0,42,42,0,42.0,0.0,0.0,0.0,0.0,0,0,0,0.0,,,0.0,0.0,0.0,REQ,,,,,0.0,0.0,0.0,0
322491,2.578849,2.578849,2.578849,2.578849,2.578849,2.578849,udp,0.0,,cs0,,63.0,,1.0,,Status,2,2,0,84,84,0,42.0,0.0,130.29068,130.29068,0.0,0,0,0,0.0,,,0.38777,0.38777,0.0,REQ,,,,,0.0,0.0,0.0,0
322529,0.0,0.0,0.0,0.0,0.0,0.0,udp,0.0,,cs0,,63.0,,1.0,,Start,1,1,0,42,42,0,42.0,0.0,0.0,0.0,0.0,0,0,0,0.0,,,0.0,0.0,0.0,INT,,,,,0.0,0.0,0.0,0
322545,0.0,0.0,0.0,0.0,0.0,0.0,udp,0.0,,cs0,,63.0,,1.0,,Status,1,1,0,42,42,0,42.0,0.0,0.0,0.0,0.0,0,0,0,0.0,,,0.0,0.0,0.0,REQ,,,,,0.0,0.0,0.0,0
322593,0.0,0.0,0.0,0.0,0.0,0.0,udp,0.0,,cs0,,63.0,,1.0,,Status,1,1,0,42,42,0,42.0,0.0,0.0,0.0,0.0,0,0,0,0.0,,,0.0,0.0,0.0,REQ,,,,,0.0,0.0,0.0,0
322611,0.0,0.0,0.0,0.0,0.0,0.0,udp,0.0,,cs0,,63.0,,1.0,,Status,1,1,0,42,42,0,42.0,0.0,0.0,0.0,0.0,0,0,0,0.0,,,0.0,0.0,0.0,REQ,,,,,0.0,0.0,0.0,0
322649,2.5721,2.5721,2.5721,2.5721,2.5721,2.5721,udp,0.0,,cs0,,63.0,,1.0,,Status,2,2,0,84,84,0,42.0,0.0,130.632568,130.632568,0.0,0,0,0,0.0,,,0.388787,0.388787,0.0,REQ,,,,,0.0,0.0,0.0,0
322685,0.0,0.0,0.0,0.0,0.0,0.0,udp,0.0,,cs0,,63.0,,1.0,,Start,1,1,0,42,42,0,42.0,0.0,0.0,0.0,0.0,0,0,0,0.0,,,0.0,0.0,0.0,INT,,,,,0.0,0.0,0.0,0
322699,2.577812,2.577812,2.577812,2.577812,2.577812,2.577812,udp,0.0,,cs0,,63.0,,1.0,,Status,2,2,0,84,84,0,42.0,0.0,130.343094,130.343094,0.0,0,0,0,0.0,,,0.387926,0.387926,0.0,REQ,,,,,0.0,0.0,0.0,0
322737,2.581082,2.581082,2.581082,2.581082,2.581082,2.581082,udp,0.0,,cs0,,63.0,,1.0,,Status,2,2,0,84,84,0,42.0,0.0,130.177963,130.177963,0.0,0,0,0,0.0,,,0.387434,0.387434,0.0,REQ,,,,,0.0,0.0,0.0,0
322771,2.576171,2.576171,2.576171,2.576171,2.576171,2.576171,udp,0.0,,cs0,,63.0,,1.0,,Status,2,2,0,84,84,0,42.0,0.0,130.426132,130.426132,0.0,0,0,0,0.0,,,0.388173,0.388173,0.0,REQ,,,,,0.0,0.0,0.0,0
322827,2.577445,2.577445,2.577445,2.577445,2.577445,2.577445,udp,0.0,,cs0,,63.0,,1.0,,Status,2,2,0,84,84,0,42.0,0.0,130.361649,130.361649,0.0,0,0,0,0.0,,,0.387981,0.387981,0.0,REQ,,,,,0.0,0.0,0.0,0
322901,2.575049,2.575049,2.575049,2.575049,2.575049,2.575049,udp,0.0,,cs0,,63.0,,1.0,,Status,2,2,0,84,84,0,42.0,0.0,130.482956,130.482956,0.0,0,0,0,0.0,,,0.388342,0.388342,0.0,REQ,,,,,0.0,0.0,0.0,0
322931,2.567092,2.567092,2.567092,2.567092,2.567092,2.567092,udp,0.0,,cs0,,63.0,,1.0,,Status,2,2,0,84,84,0,42.0,0.0,130.887405,130.887405,0.0,0,0,0,0.0,,,0.389546,0.389546,0.0,REQ,,,,,0.0,0.0,0.0,0
323000,0.0,0.0,0.0,0.0,0.0,0.0,udp,0.0,,cs0,,63.0,,1.0,,Status,1,1,0,42,42,0,42.0,0.0,0.0,0.0,0.0,0,0,0,0.0,,,0.0,0.0,0.0,REQ,,,,,0.0,0.0,0.0,0
323056,0.0,0.0,0.0,0.0,0.0,0.0,udp,0.0,,cs0,,63.0,,1.0,,Status,1,1,0,42,42,0,42.0,0.0,0.0,0.0,0.0,0,0,0,0.0,,,0.0,0.0,0.0,REQ,,,,,0.0,0.0,0.0,0
323058,2.577838,2.577838,2.577838,2.577838,2.577838,2.577838,udp,0.0,,cs0,,63.0,,1.0,,Status,2,2,0,84,84,0,42.0,0.0,130.341782,130.341782,0.0,0,0,0,0.0,,,0.387922,0.387922,0.0,REQ,,,,,0.0,0.0,0.0,0
323074,0.0,0.0,0.0,0.0,0.0,0.0,udp,0.0,,cs0,,63.0,,1.0,,Start,1,1,0,42,42,0,42.0,0.0,0.0,0.0,0.0,0,0,0,0.0,,,0.0,0.0,0.0,INT,,,,,0.0,0.0,0.0,0
323112,0.0,0.0,0.0,0.0,0.0,0.0,udp,0.0,,cs0,,63.0,,1.0,,Start,1,1,0,42,42,0,42.0,0.0,0.0,0.0,0.0,0,0,0,0.0,,,0.0,0.0,0.0,INT,,,,,0.0,0.0,0.0,0
323119,0.0,0.0,0.0,0.0,0.0,0.0,udp,0.0,,cs0,,63.0,,1.0,,Status,1,1,0,42,42,0,42.0,0.0,0.0,0.0,0.0,0,0,0,0.0,,,0.0,0.0,0.0,REQ,,,,,0.0,0.0,0.0,0
323120,0.0,0.0,0.0,0.0,0.0,0.0,udp,0.0,,cs0,,63.0,,1.0,,Status,1,1,0,42,42,0,42.0,0.0,0.0,0.0,0.0,0,0,0,0.0,,,0.0,0.0,0.0,REQ,,,,,0.0,0.0,0.0,0
323309,0.0,0.0,0.0,0.0,0.0,0.0,udp,0.0,,cs0,,63.0,,1.0,,Status,1,1,0,42,42,0,42.0,0.0,0.0,0.0,0.0,0,0,0,0.0,,,0.0,0.0,0.0,REQ,,,,,0.0,0.0,0.0,0
323426,2.578927,2.578927,2.578927,2.578927,2.578927,2.578927,udp,0.0,,cs0,,63.0,,1.0,,Status,2,2,0,84,84,0,42.0,0.0,130.286743,130.286743,0.0,0,0,0,0.0,,,0.387758,0.387758,0.0,REQ,,,,,0.0,0.0,0.0,0
323469,0.0,0.0,0.0,0.0,0.0,0.0,udp,0.0,,cs0,,63.0,,1.0,,Status,1,1,0,42,42,0,42.0,0.0,0.0,0.0,0.0,0,0,0,0.0,,,0.0,0.0,0.0,REQ,,,,,0.0,0.0,0.0,0
323609,2.578206,2.578206,2.578206,2.578206,2.578206,2.578206,udp,0.0,,cs0,,63.0,,1.0,,Status,2,2,0,84,84,0,42.0,0.0,130.323181,130.323181,0.0,0,0,0,0.0,,,0.387867,0.387867,0.0,REQ,,,,,0.0,0.0,0.0,0
323612,2.577163,2.577163,2.577163,2.577163,2.577163,2.577163,udp,0.0,,cs0,,63.0,,1.0,,Status,2,2,0,84,84,0,42.0,0.0,130.375916,130.375916,0.0,0,0,0,0.0,,,0.388024,0.388024,0.0,REQ,,,,,0.0,0.0,0.0,0
323684,0.0,0.0,0.0,0.0,0.0,0.0,udp,0.0,,cs0,,63.0,,1.0,,Status,1,1,0,42,42,0,42.0,0.0,0.0,0.0,0.0,0,0,0,0.0,,,0.0,0.0,0.0,REQ,,,,,0.0,0.0,0.0,0
323722,2.578164,2.578164,2.578164,2.578164,2.578164,2.578164,udp,0.0,,cs0,,63.0,,1.0,,Status,2,2,0,84,84,0,42.0,0.0,130.325302,130.325302,0.0,0,0,0,0.0,,,0.387873,0.387873,0.0,REQ,,,,,0.0,0.0,0.0,0
323741,0.0,0.0,0.0,0.0,0.0,0.0,udp,0.0,,cs0,,63.0,,1.0,,Start,1,1,0,42,42,0,42.0,0.0,0.0,0.0,0.0,0,0,0,0.0,,,0.0,0.0,0.0,INT,,,,,0.0,0.0,0.0,0
323771,2.579886,2.579886,2.579886,2.579886,2.579886,2.579886,udp,0.0,,cs0,,63.0,,1.0,,Status,2,2,0,84,84,0,42.0,0.0,130.238312,130.238312,0.0,0,0,0,0.0,,,0.387614,0.387614,0.0,REQ,,,,,0.0,0.0,0.0,0
323787,2.579224,2.579224,2.579224,2.579224,2.579224,2.579224,udp,0.0,,cs0,,63.0,,1.0,,Status,2,2,0,84,84,0,42.0,0.0,130.271729,130.271729,0.0,0,0,0,0.0,,,0.387713,0.387713,0.0,REQ,,,,,0.0,0.0,0.0,0
323797,0.0,0.0,0.0,0.0,0.0,0.0,udp,0.0,,cs0,,63.0,,1.0,,Status,1,1,0,42,42,0,42.0,0.0,0.0,0.0,0.0,0,0,0,0.0,,,0.0,0.0,0.0,REQ,,,,,0.0,0.0,0.0,0
324019,0.0,0.0,0.0,0.0,0.0,0.0,udp,0.0,,cs0,,63.0,,1.0,,Status,1,1,0,42,42,0,42.0,0.0,0.0,0.0,0.0,0,0,0,0.0,,,0.0,0.0,0.0,REQ,,,,,0.0,0.0,0.0,0
324020,0.0,0.0,0.0,0.0,0.0,0.0,udp,0.0,,cs0,,63.0,,1.0,,Status,1,1,0,42,42,0,42.0,0.0,0.0,0.0,0.0,0,0,0,0.0,,,0.0,0.0,0.0,REQ,,,,,0.0,0.0,0.0,0
324053,0.0,0.0,0.0,0.0,0.0,0.0,udp,0.0,,cs0,,63.0,,1.0,,Start,1,1,0,42,42,0,42.0,0.0,0.0,0.0,0.0,0,0,0,0.0,,,0.0,0.0,0.0,INT,,,,,0.0,0.0,0.0,0
324101,0.0,0.0,0.0,0.0,0.0,0.0,udp,0.0,,cs0,,63.0,,1.0,,Status,1,1,0,42,42,0,42.0,0.0,0.0,0.0,0.0,0,0,0,0.0,,,0.0,0.0,0.0,REQ,,,,,0.0,0.0,0.0,0
324117,2.577013,2.577013,2.577013,2.577013,2.577013,2.577013,udp,0.0,,cs0,,63.0,,1.0,,Start,2,2,0,84,84,0,42.0,0.0,130.383514,130.383514,0.0,0,0,0,0.0,,,0.388046,0.388046,0.0,INT,,,,,0.0,0.0,0.0,0
324134,2.577027,2.577027,2.577027,2.577027,2.577027,2.577027,udp,0.0,,cs0,,63.0,,1.0,,Status,2,2,0,84,84,0,42.0,0.0,130.382797,130.382797,0.0,0,0,0,0.0,,,0.388044,0.388044,0.0,REQ,,,,,0.0,0.0,0.0,0
324139,0.0,0.0,0.0,0.0,0.0,0.0,udp,0.0,,cs0,,63.0,,1.0,,Start,1,1,0,42,42,0,42.0,0.0,0.0,0.0,0.0,0,0,0,0.0,,,0.0,0.0,0.0,INT,,,,,0.0,0.0,0.0,0
324289,0.0,0.0,0.0,0.0,0.0,0.0,udp,0.0,,cs0,,63.0,,1.0,,Status,1,1,0,42,42,0,42.0,0.0,0.0,0.0,0.0,0,0,0,0.0,,,0.0,0.0,0.0,REQ,,,,,0.0,0.0,0.0,0
324313,0.0,0.0,0.0,0.0,0.0,0.0,udp,0.0,,cs0,,63.0,,1.0,,Start,1,1,0,42,42,0,42.0,0.0,0.0,0.0,0.0,0,0,0,0.0,,,0.0,0.0,0.0,INT,,,,,0.0,0.0,0.0,0
324390,0.0,0.0,0.0,0.0,0.0,0.0,udp,0.0,,cs0,,63.0,,1.0,,Status,1,1,0,42,42,0,42.0,0.0,0.0,0.0,0.0,0,0,0,0.0,,,0.0,0.0,0.0,REQ,,,,,0.0,0.0,0.0,0
324573,2.577064,2.577064,2.577064,2.577064,2.577064,2.577064,udp,0.0,,cs0,,63.0,,1.0,,Status,2,2,0,84,84,0,42.0,0.0,130.38092,130.38092,0.0,0,0,0,0.0,,,0.388038,0.388038,0.0,REQ,,,,,0.0,0.0,0.0,0
324591,0.0,0.0,0.0,0.0,0.0,0.0,udp,0.0,,cs0,,63.0,,1.0,,Status,1,1,0,42,42,0,42.0,0.0,0.0,0.0,0.0,0,0,0,0.0,,,0.0,0.0,0.0,REQ,,,,,0.0,0.0,0.0,0
324677,0.0,0.0,0.0,0.0,0.0,0.0,udp,0.0,,cs0,,63.0,,1.0,,Status,1,1,0,42,42,0,42.0,0.0,0.0,0.0,0.0,0,0,0,0.0,,,0.0,0.0,0.0,REQ,,,,,0.0,0.0,0.0,0
324680,0.0,0.0,0.0,0.0,0.0,0.0,udp,0.0,,cs0,,63.0,,1.0,,Status,1,1,0,42,42,0,42.0,0.0,0.0,0.0,0.0,0,0,0,0.0,,,0.0,0.0,0.0,REQ,,,,,0.0,0.0,0.0,0
324794,2.578164,2.578164,2.578164,2.578164,2.578164,2.578164,udp,0.0,,cs0,,63.0,,1.0,,Start,2,2,0,84,84,0,42.0,0.0,130.325302,130.325302,0.0,0,0,0,0.0,,,0.387873,0.387873,0.0,INT,,,,,0.0,0.0,0.0,0
324802,2.578092,2.578092,2.578092,2.578092,2.578092,2.578092,udp,0.0,,cs0,,63.0,,1.0,,Status,2,2,0,84,84,0,42.0,0.0,130.328934,130.328934,0.0,0,0,0,0.0,,,0.387884,0.387884,0.0,REQ,,,,,0.0,0.0,0.0,0
324813,0.0,0.0,0.0,0.0,0.0,0.0,udp,0.0,,cs0,,63.0,,1.0,,Status,1,1,0,42,42,0,42.0,0.0,0.0,0.0,0.0,0,0,0,0.0,,,0.0,0.0,0.0,REQ,,,,,0.0,0.0,0.0,0
324921,0.0,0.0,0.0,0.0,0.0,0.0,udp,0.0,,cs0,,63.0,,1.0,,Status,1,1,0,42,42,0,42.0,0.0,0.0,0.0,0.0,0,0,0,0.0,,,0.0,0.0,0.0,REQ,,,,,0.0,0.0,0.0,0
324925,2.577019,2.577019,2.577019,2.577019,2.577019,2.577019,udp,0.0,,cs0,,63.0,,1.0,,Status,2,2,0,84,84,0,42.0,0.0,130.383209,130.383209,0.0,0,0,0,0.0,,,0.388045,0.388045,0.0,REQ,,,,,0.0,0.0,0.0,0
324932,2.577028,2.577028,2.577028,2.577028,2.577028,2.577028,udp,0.0,,cs0,,63.0,,1.0,,Status,2,2,0,84,84,0,42.0,0.0,130.382751,130.382751,0.0,0,0,0,0.0,,,0.388044,0.388044,0.0,REQ,,,,,0.0,0.0,0.0,0
324942,2.57702,2.57702,2.57702,2.57702,2.57702,2.57702,udp,0.0,,cs0,,63.0,,1.0,,Status,2,2,0,84,84,0,42.0,0.0,130.383163,130.383163,0.0,0,0,0,0.0,,,0.388045,0.388045,0.0,REQ,,,,,0.0,0.0,0.0,0
324966,2.576923,2.576923,2.576923,2.576923,2.576923,2.576923,udp,0.0,,cs0,,63.0,,1.0,,Status,2,2,0,84,84,0,42.0,0.0,130.388062,130.388062,0.0,0,0,0,0.0,,,0.38806,0.38806,0.0,REQ,,,,,0.0,0.0,0.0,0
324977,0.0,0.0,0.0,0.0,0.0,0.0,udp,0.0,,cs0,,63.0,,1.0,,Status,1,1,0,42,42,0,42.0,0.0,0.0,0.0,0.0,0,0,0,0.0,,,0.0,0.0,0.0,REQ,,,,,0.0,0.0,0.0,0
324999,2.577164,2.577164,2.577164,2.577164,2.577164,2.577164,udp,0.0,,cs0,,63.0,,1.0,,Status,2,2,0,84,84,0,42.0,0.0,130.37587,130.37587,0.0,0,0,0,0.0,,,0.388023,0.388023,0.0,REQ,,,,,0.0,0.0,0.0,0
325017,2.577263,2.577263,2.577263,2.577263,2.577263,2.577263,udp,0.0,,cs0,,63.0,,1.0,,Status,2,2,0,84,84,0,42.0,0.0,130.37085,130.37085,0.0,0,0,0,0.0,,,0.388009,0.388009,0.0,REQ,,,,,0.0,0.0,0.0,0
325032,0.0,0.0,0.0,0.0,0.0,0.0,udp,0.0,,cs0,,63.0,,1.0,,Status,1,1,0,42,42,0,42.0,0.0,0.0,0.0,0.0,0,0,0,0.0,,,0.0,0.0,0.0,REQ,,,,,0.0,0.0,0.0,0
325073,2.575693,2.575693,2.575693,2.575693,2.575693,2.575693,udp,0.0,,cs0,,63.0,,1.0,,Status,2,2,0,84,84,0,42.0,0.0,130.450333,130.450333,0.0,0,0,0,0.0,,,0.388245,0.388245,0.0,REQ,,,,,0.0,0.0,0.0,0
325136,2.571577,2.571577,2.571577,2.571577,2.571577,2.571577,udp,0.0,,cs0,,63.0,,1.0,,Start,2,2,0,84,84,0,42.0,0.0,130.659119,130.659119,0.0,0,0,0,0.0,,,0.388866,0.388866,0.0,INT,,,,,0.0,0.0,0.0,0
325169,2.57179,2.57179,2.57179,2.57179,2.57179,2.57179,udp,0.0,,cs0,,63.0,,1.0,,Status,2,2,0,84,84,0,42.0,0.0,130.6483,130.6483,0.0,0,0,0,0.0,,,0.388834,0.388834,0.0,REQ,,,,,0.0,0.0,0.0,0
325191,0.0,0.0,0.0,0.0,0.0,0.0,udp,0.0,,cs0,,63.0,,1.0,,Status,1,1,0,42,42,0,42.0,0.0,0.0,0.0,0.0,0,0,0,0.0,,,0.0,0.0,0.0,REQ,,,,,0.0,0.0,0.0,0
325200,0.0,0.0,0.0,0.0,0.0,0.0,udp,0.0,,cs0,,63.0,,1.0,,Status,1,1,0,42,42,0,42.0,0.0,0.0,0.0,0.0,0,0,0,0.0,,,0.0,0.0,0.0,REQ,,,,,0.0,0.0,0.0,0
325282,2.577241,2.577241,2.577241,2.577241,2.577241,2.577241,udp,0.0,,cs0,,63.0,,1.0,,Status,2,2,0,84,84,0,42.0,0.0,130.371979,130.371979,0.0,0,0,0,0.0,,,0.388012,0.388012,0.0,REQ,,,,,0.0,0.0,0.0,0
325330,2.579218,2.579218,2.579218,2.579218,2.579218,2.579218,udp,0.0,,cs0,,63.0,,1.0,,Status,2,2,0,84,84,0,42.0,0.0,130.272049,130.272049,0.0,0,0,0,0.0,,,0.387714,0.387714,0.0,REQ,,,,,0.0,0.0,0.0,0
325369,0.0,0.0,0.0,0.0,0.0,0.0,udp,0.0,,cs0,,63.0,,1.0,,Status,1,1,0,42,42,0,42.0,0.0,0.0,0.0,0.0,0,0,0,0.0,,,0.0,0.0,0.0,REQ,,,,,0.0,0.0,0.0,0
325463,2.578779,2.578779,2.578779,2.578779,2.578779,2.578779,udp,0.0,,cs0,,63.0,,1.0,,Status,2,2,0,84,84,0,42.0,0.0,130.29422,130.29422,0.0,0,0,0,0.0,,,0.38778,0.38778,0.0,REQ,,,,,0.0,0.0,0.0,0
325486,0.0,0.0,0.0,0.0,0.0,0.0,udp,0.0,,cs0,,63.0,,1.0,,Status,1,1,0,42,42,0,42.0,0.0,0.0,0.0,0.0,0,0,0,0.0,,,0.0,0.0,0.0,REQ,,,,,0.0,0.0,0.0,0
325499,2.578902,2.578902,2.578902,2.578902,2.578902,2.578902,udp,0.0,,cs0,,63.0,,1.0,,Status,2,2,0,84,84,0,42.0,0.0,130.28801,130.28801,0.0,0,0,0,0.0,,,0.387762,0.387762,0.0,REQ,,,,,0.0,0.0,0.0,0
325609,2.578077,2.578077,2.578077,2.578077,2.578077,2.578077,udp,0.0,,cs0,,63.0,,1.0,,Status,2,2,0,84,84,0,42.0,0.0,130.329697,130.329697,0.0,0,0,0,0.0,,,0.387886,0.387886,0.0,REQ,,,,,0.0,0.0,0.0,0
325613,2.576471,2.576471,2.576471,2.576471,2.576471,2.576471,udp,0.0,,cs0,,63.0,,1.0,,Status,2,2,0,84,84,0,42.0,0.0,130.410934,130.410934,0.0,0,0,0,0.0,,,0.388128,0.388128,0.0,REQ,,,,,0.0,0.0,0.0,0
325668,2.576993,2.576993,2.576993,2.576993,2.576993,2.576993,udp,0.0,,cs0,,63.0,,1.0,,Status,2,2,0,84,84,0,42.0,0.0,130.384521,130.384521,0.0,0,0,0,0.0,,,0.388049,0.388049,0.0,REQ,,,,,0.0,0.0,0.0,0
325758,0.0,0.0,0.0,0.0,0.0,0.0,udp,0.0,,cs0,,63.0,,1.0,,Status,1,1,0,42,42,0,42.0,0.0,0.0,0.0,0.0,0,0,0,0.0,,,0.0,0.0,0.0,REQ,,,,,0.0,0.0,0.0,0
325830,0.0,0.0,0.0,0.0,0.0,0.0,udp,0.0,,cs0,,63.0,,1.0,,Status,1,1,0,42,42,0,42.0,0.0,0.0,0.0,0.0,0,0,0,0.0,,,0.0,0.0,0.0,REQ,,,,,0.0,0.0,0.0,0
325832,0.0,0.0,0.0,0.0,0.0,0.0,udp,0.0,,cs0,,63.0,,1.0,,Status,1,1,0,42,42,0,42.0,0.0,0.0,0.0,0.0,0,0,0,0.0,,,0.0,0.0,0.0,REQ,,,,,0.0,0.0,0.0,0
325864,2.571069,2.571069,2.571069,2.571069,2.571069,2.571069,udp,0.0,,cs0,,63.0,,1.0,,Status,2,2,0,84,84,0,42.0,0.0,130.684937,130.684937,0.0,0,0,0,0.0,,,0.388943,0.388943,0.0,REQ,,,,,0.0,0.0,0.0,0
326007,2.575874,2.575874,2.575874,2.575874,2.575874,2.575874,udp,0.0,,cs0,,63.0,,1.0,,Status,2,2,0,84,84,0,42.0,0.0,130.441162,130.441162,0.0,0,0,0,0.0,,,0.388218,0.388218,0.0,REQ,,,,,0.0,0.0,0.0,0
326026,0.0,0.0,0.0,0.0,0.0,0.0,udp,0.0,,cs0,,63.0,,1.0,,Status,1,1,0,42,42,0,42.0,0.0,0.0,0.0,0.0,0,0,0,0.0,,,0.0,0.0,0.0,REQ,,,,,0.0,0.0,0.0,0
326244,2.575159,2.575159,2.575159,2.575159,2.575159,2.575159,udp,0.0,,cs0,,63.0,,1.0,,Status,2,2,0,84,84,0,42.0,0.0,130.477371,130.477371,0.0,0,0,0,0.0,,,0.388326,0.388326,0.0,REQ,,,,,0.0,0.0,0.0,0
326252,2.57499,2.57499,2.57499,2.57499,2.57499,2.57499,udp,0.0,,cs0,,63.0,,1.0,,Status,2,2,0,84,84,0,42.0,0.0,130.485947,130.485947,0.0,0,0,0,0.0,,,0.388351,0.388351,0.0,REQ,,,,,0.0,0.0,0.0,0
326270,0.0,0.0,0.0,0.0,0.0,0.0,udp,0.0,,cs0,,63.0,,1.0,,Status,1,1,0,42,42,0,42.0,0.0,0.0,0.0,0.0,0,0,0,0.0,,,0.0,0.0,0.0,REQ,,,,,0.0,0.0,0.0,0
326274,0.0,0.0,0.0,0.0,0.0,0.0,udp,0.0,,cs0,,63.0,,1.0,,Status,1,1,0,42,42,0,42.0,0.0,0.0,0.0,0.0,0,0,0,0.0,,,0.0,0.0,0.0,REQ,,,,,0.0,0.0,0.0,0
326291,0.0,0.0,0.0,0.0,0.0,0.0,udp,0.0,,cs0,,63.0,,1.0,,Status,1,1,0,42,42,0,42.0,0.0,0.0,0.0,0.0,0,0,0,0.0,,,0.0,0.0,0.0,REQ,,,,,0.0,0.0,0.0,0
326325,0.0,0.0,0.0,0.0,0.0,0.0,udp,0.0,,cs0,,63.0,,1.0,,Start,1,1,0,42,42,0,42.0,0.0,0.0,0.0,0.0,0,0,0,0.0,,,0.0,0.0,0.0,INT,,,,,0.0,0.0,0.0,0
326361,2.58074,2.58074,2.58074,2.58074,2.58074,2.58074,udp,0.0,,cs0,,63.0,,1.0,,Status,2,2,0,84,84,0,42.0,0.0,130.195221,130.195221,0.0,0,0,0,0.0,,,0.387486,0.387486,0.0,REQ,,,,,0.0,0.0,0.0,0
326409,2.575955,2.575955,2.575955,2.575955,2.575955,2.575955,udp,0.0,,cs0,,63.0,,1.0,,Start,2,2,0,84,84,0,42.0,0.0,130.437073,130.437073,0.0,0,0,0,0.0,,,0.388206,0.388206,0.0,INT,,,,,0.0,0.0,0.0,0
326507,2.583782,2.583782,2.583782,2.583782,2.583782,2.583782,udp,0.0,,cs0,,63.0,,1.0,,Status,2,2,0,84,84,0,42.0,0.0,130.041931,130.041931,0.0,0,0,0,0.0,,,0.38703,0.38703,0.0,REQ,,,,,0.0,0.0,0.0,0
326529,2.582265,2.582265,2.582265,2.582265,2.582265,2.582265,udp,0.0,,cs0,,63.0,,1.0,,Status,2,2,0,84,84,0,42.0,0.0,130.118332,130.118332,0.0,0,0,0,0.0,,,0.387257,0.387257,0.0,REQ,,,,,0.0,0.0,0.0,0
326582,2.578798,2.578798,2.578798,2.578798,2.578798,2.578798,udp,0.0,,cs0,,63.0,,1.0,,Status,2,2,0,84,84,0,42.0,0.0,130.293259,130.293259,0.0,0,0,0,0.0,,,0.387778,0.387778,0.0,REQ,,,,,0.0,0.0,0.0,0
326599,2.57815,2.57815,2.57815,2.57815,2.57815,2.57815,udp,0.0,,cs0,,63.0,,1.0,,Status,2,2,0,84,84,0,42.0,0.0,130.326004,130.326004,0.0,0,0,0,0.0,,,0.387875,0.387875,0.0,REQ,,,,,0.0,0.0,0.0,0
326650,0.0,0.0,0.0,0.0,0.0,0.0,udp,0.0,,cs0,,63.0,,1.0,,Status,1,1,0,42,42,0,42.0,0.0,0.0,0.0,0.0,0,0,0,0.0,,,0.0,0.0,0.0,REQ,,,,,0.0,0.0,0.0,0
326754,0.0,0.0,0.0,0.0,0.0,0.0,udp,0.0,,cs0,,63.0,,1.0,,Status,1,1,0,42,42,0,42.0,0.0,0.0,0.0,0.0,0,0,0,0.0,,,0.0,0.0,0.0,REQ,,,,,0.0,0.0,0.0,0
326812,2.574256,2.574256,2.574256,2.574256,2.574256,2.574256,udp,0.0,,cs0,,63.0,,1.0,,Status,2,2,0,84,84,0,42.0,0.0,130.523148,130.523148,0.0,0,0,0,0.0,,,0.388462,0.388462,0.0,REQ,,,,,0.0,0.0,0.0,0
326836,2.57393,2.57393,2.57393,2.57393,2.57393,2.57393,udp,0.0,,cs0,,63.0,,1.0,,Status,2,2,0,84,84,0,42.0,0.0,130.539673,130.539673,0.0,0,0,0,0.0,,,0.388511,0.388511,0.0,REQ,,,,,0.0,0.0,0.0,0
326838,2.57393,2.57393,2.57393,2.57393,2.57393,2.57393,udp,0.0,,cs0,,63.0,,1.0,,Status,2,2,0,84,84,0,42.0,0.0,130.539673,130.539673,0.0,0,0,0,0.0,,,0.388511,0.388511,0.0,REQ,,,,,0.0,0.0,0.0,0
326876,0.0,0.0,0.0,0.0,0.0,0.0,udp,0.0,,cs0,,63.0,,1.0,,Status,1,1,0,42,42,0,42.0,0.0,0.0,0.0,0.0,0,0,0,0.0,,,0.0,0.0,0.0,REQ,,,,,0.0,0.0,0.0,0
326907,2.577919,2.577919,2.577919,2.577919,2.577919,2.577919,udp,0.0,,cs0,,63.0,,1.0,,Status,2,2,0,84,84,0,42.0,0.0,130.337692,130.337692,0.0,0,0,0,0.0,,,0.38791,0.38791,0.0,REQ,,,,,0.0,0.0,0.0,0
326908,2.577366,2.577366,2.577366,2.577366,2.577366,2.577366,udp,0.0,,cs0,,63.0,,1.0,,Status,2,2,0,84,84,0,42.0,0.0,130.365646,130.365646,0.0,0,0,0,0.0,,,0.387993,0.387993,0.0,REQ,,,,,0.0,0.0,0.0,0
326934,0.0,0.0,0.0,0.0,0.0,0.0,udp,0.0,,cs0,,63.0,,1.0,,Status,1,1,0,42,42,0,42.0,0.0,0.0,0.0,0.0,0,0,0,0.0,,,0.0,0.0,0.0,REQ,,,,,0.0,0.0,0.0,0
326986,2.574733,2.574733,2.574733,2.574733,2.574733,2.574733,udp,0.0,,cs0,,63.0,,1.0,,Status,2,2,0,84,84,0,42.0,0.0,130.498962,130.498962,0.0,0,0,0,0.0,,,0.38839,0.38839,0.0,REQ,,,,,0.0,0.0,0.0,0
327049,2.580633,2.580633,2.580633,2.580633,2.580633,2.580633,udp,0.0,,cs0,,63.0,,1.0,,Status,2,2,0,84,84,0,42.0,0.0,130.200623,130.200623,0.0,0,0,0,0.0,,,0.387502,0.387502,0.0,REQ,,,,,0.0,0.0,0.0,0
327061,2.580702,2.580702,2.580702,2.580702,2.580702,2.580702,udp,0.0,,cs0,,63.0,,1.0,,Status,2,2,0,84,84,0,42.0,0.0,130.197128,130.197128,0.0,0,0,0,0.0,,,0.387491,0.387491,0.0,REQ,,,,,0.0,0.0,0.0,0
327099,0.0,0.0,0.0,0.0,0.0,0.0,udp,0.0,,cs0,,63.0,,1.0,,Status,1,1,0,42,42,0,42.0,0.0,0.0,0.0,0.0,0,0,0,0.0,,,0.0,0.0,0.0,REQ,,,,,0.0,0.0,0.0,0
327134,2.576909,2.576909,2.576909,2.576909,2.576909,2.576909,udp,0.0,,cs0,,63.0,,1.0,,Status,2,2,0,84,84,0,42.0,0.0,130.388763,130.388763,0.0,0,0,0,0.0,,,0.388062,0.388062,0.0,REQ,,,,,0.0,0.0,0.0,0
327152,2.576812,2.576812,2.576812,2.576812,2.576812,2.576812,udp,0.0,,cs0,,63.0,,1.0,,Status,2,2,0,84,84,0,42.0,0.0,130.393677,130.393677,0.0,0,0,0,0.0,,,0.388076,0.388076,0.0,REQ,,,,,0.0,0.0,0.0,0
327230,0.0,0.0,0.0,0.0,0.0,0.0,udp,0.0,,cs0,,63.0,,1.0,,Status,1,1,0,42,42,0,42.0,0.0,0.0,0.0,0.0,0,0,0,0.0,,,0.0,0.0,0.0,REQ,,,,,0.0,0.0,0.0,0
327231,0.0,0.0,0.0,0.0,0.0,0.0,udp,0.0,,cs0,,63.0,,1.0,,Status,1,1,0,42,42,0,42.0,0.0,0.0,0.0,0.0,0,0,0,0.0,,,0.0,0.0,0.0,REQ,,,,,0.0,0.0,0.0,0
327234,2.57121,2.57121,2.57121,2.57121,2.57121,2.57121,udp,0.0,,cs0,,63.0,,1.0,,Status,2,2,0,84,84,0,42.0,0.0,130.67778,130.67778,0.0,0,0,0,0.0,,,0.388922,0.388922,0.0,REQ,,,,,0.0,0.0,0.0,0
327380,2.575201,2.575201,2.575201,2.575201,2.575201,2.575201,udp,0.0,,cs0,,63.0,,1.0,,Status,2,2,0,84,84,0,42.0,0.0,130.47525,130.47525,0.0,0,0,0,0.0,,,0.388319,0.388319,0.0,REQ,,,,,0.0,0.0,0.0,0
327468,2.577324,2.577324,2.577324,2.577324,2.577324,2.577324,udp,0.0,,cs0,,63.0,,1.0,,Start,2,2,0,84,84,0,42.0,0.0,130.367783,130.367783,0.0,0,0,0,0.0,,,0.387999,0.387999,0.0,INT,,,,,0.0,0.0,0.0,0
327475,2.574339,2.574339,2.574339,2.574339,2.574339,2.574339,udp,0.0,,cs0,,63.0,,1.0,,Status,2,2,0,84,84,0,42.0,0.0,130.518951,130.518951,0.0,0,0,0,0.0,,,0.388449,0.388449,0.0,REQ,,,,,0.0,0.0,0.0,0
327484,2.573323,2.573323,2.573323,2.573323,2.573323,2.573323,udp,0.0,,cs0,,63.0,,1.0,,Status,2,2,0,84,84,0,42.0,0.0,130.570465,130.570465,0.0,0,0,0,0.0,,,0.388603,0.388603,0.0,REQ,,,,,0.0,0.0,0.0,0
327494,0.0,0.0,0.0,0.0,0.0,0.0,udp,0.0,,cs0,,63.0,,1.0,,Status,1,1,0,42,42,0,42.0,0.0,0.0,0.0,0.0,0,0,0,0.0,,,0.0,0.0,0.0,REQ,,,,,0.0,0.0,0.0,0
327581,0.0,0.0,0.0,0.0,0.0,0.0,udp,0.0,,cs0,,63.0,,1.0,,Status,1,1,0,42,42,0,42.0,0.0,0.0,0.0,0.0,0,0,0,0.0,,,0.0,0.0,0.0,REQ,,,,,0.0,0.0,0.0,0
327649,2.574047,2.574047,2.574047,2.574047,2.574047,2.574047,udp,0.0,,cs0,,63.0,,1.0,,Status,2,2,0,84,84,0,42.0,0.0,130.533737,130.533737,0.0,0,0,0,0.0,,,0.388493,0.388493,0.0,REQ,,,,,0.0,0.0,0.0,0
327658,2.574055,2.574055,2.574055,2.574055,2.574055,2.574055,udp,0.0,,cs0,,63.0,,1.0,,Status,2,2,0,84,84,0,42.0,0.0,130.53334,130.53334,0.0,0,0,0,0.0,,,0.388492,0.388492,0.0,REQ,,,,,0.0,0.0,0.0,0
327695,0.0,0.0,0.0,0.0,0.0,0.0,udp,0.0,,cs0,,63.0,,1.0,,Status,1,1,0,42,42,0,42.0,0.0,0.0,0.0,0.0,0,0,0,0.0,,,0.0,0.0,0.0,REQ,,,,,0.0,0.0,0.0,0
327707,2.572727,2.572727,2.572727,2.572727,2.572727,2.572727,udp,0.0,,cs0,,63.0,,1.0,,Status,2,2,0,84,84,0,42.0,0.0,130.600723,130.600723,0.0,0,0,0,0.0,,,0.388693,0.388693,0.0,REQ,,,,,0.0,0.0,0.0,0
327777,2.573265,2.573265,2.573265,2.573265,2.573265,2.573265,udp,0.0,,cs0,,63.0,,1.0,,Start,2,2,0,84,84,0,42.0,0.0,130.57341,130.57341,0.0,0,0,0,0.0,,,0.388611,0.388611,0.0,INT,,,,,0.0,0.0,0.0,0
327785,2.573275,2.573275,2.573275,2.573275,2.573275,2.573275,udp,0.0,,cs0,,63.0,,1.0,,Status,2,2,0,84,84,0,42.0,0.0,130.572906,130.572906,0.0,0,0,0,0.0,,,0.38861,0.38861,0.0,REQ,,,,,0.0,0.0,0.0,0
327894,0.0,0.0,0.0,0.0,0.0,0.0,udp,0.0,,cs0,,63.0,,1.0,,Status,1,1,0,42,42,0,42.0,0.0,0.0,0.0,0.0,0,0,0,0.0,,,0.0,0.0,0.0,REQ,,,,,0.0,0.0,0.0,0
327898,2.572376,2.572376,2.572376,2.572376,2.572376,2.572376,udp,0.0,,cs0,,63.0,,1.0,,Status,2,2,0,84,84,0,42.0,0.0,130.618546,130.618546,0.0,0,0,0,0.0,,,0.388746,0.388746,0.0,REQ,,,,,0.0,0.0,0.0,0
327988,0.0,0.0,0.0,0.0,0.0,0.0,udp,0.0,,cs0,,63.0,,1.0,,Status,1,1,0,42,42,0,42.0,0.0,0.0,0.0,0.0,0,0,0,0.0,,,0.0,0.0,0.0,REQ,,,,,0.0,0.0,0.0,0
328035,2.574292,2.574292,2.574292,2.574292,2.574292,2.574292,udp,0.0,,cs0,,63.0,,1.0,,Status,2,2,0,84,84,0,42.0,0.0,130.521332,130.521332,0.0,0,0,0,0.0,,,0.388456,0.388456,0.0,REQ,,,,,0.0,0.0,0.0,0
328054,0.0,0.0,0.0,0.0,0.0,0.0,udp,0.0,,cs0,,63.0,,1.0,,Start,1,1,0,42,42,0,42.0,0.0,0.0,0.0,0.0,0,0,0,0.0,,,0.0,0.0,0.0,INT,,,,,0.0,0.0,0.0,0
328166,0.0,0.0,0.0,0.0,0.0,0.0,udp,0.0,,cs0,,63.0,,1.0,,Start,1,1,0,42,42,0,42.0,0.0,0.0,0.0,0.0,0,0,0,0.0,,,0.0,0.0,0.0,INT,,,,,0.0,0.0,0.0,0
328184,2.577021,2.577021,2.577021,2.577021,2.577021,2.577021,udp,0.0,,cs0,,63.0,,1.0,,Status,2,2,0,84,84,0,42.0,0.0,130.383118,130.383118,0.0,0,0,0,0.0,,,0.388045,0.388045,0.0,REQ,,,,,0.0,0.0,0.0,0
328190,2.576997,2.576997,2.576997,2.576997,2.576997,2.576997,udp,0.0,,cs0,,63.0,,1.0,,Status,2,2,0,84,84,0,42.0,0.0,130.384323,130.384323,0.0,0,0,0,0.0,,,0.388049,0.388049,0.0,REQ,,,,,0.0,0.0,0.0,0
328285,0.0,0.0,0.0,0.0,0.0,0.0,udp,0.0,,cs0,,63.0,,1.0,,Status,1,1,0,42,42,0,42.0,0.0,0.0,0.0,0.0,0,0,0,0.0,,,0.0,0.0,0.0,REQ,,,,,0.0,0.0,0.0,0
328287,0.0,0.0,0.0,0.0,0.0,0.0,udp,0.0,,cs0,,63.0,,1.0,,Status,1,1,0,42,42,0,42.0,0.0,0.0,0.0,0.0,0,0,0,0.0,,,0.0,0.0,0.0,REQ,,,,,0.0,0.0,0.0,0
328306,2.575764,2.575764,2.575764,2.575764,2.575764,2.575764,udp,0.0,,cs0,,63.0,,1.0,,Status,2,2,0,84,84,0,42.0,0.0,130.446732,130.446732,0.0,0,0,0,0.0,,,0.388234,0.388234,0.0,REQ,,,,,0.0,0.0,0.0,0
328347,2.5733,2.5733,2.5733,2.5733,2.5733,2.5733,udp,0.0,,cs0,,63.0,,1.0,,Status,2,2,0,84,84,0,42.0,0.0,130.57164,130.57164,0.0,0,0,0,0.0,,,0.388606,0.388606,0.0,REQ,,,,,0.0,0.0,0.0,0
328352,2.571869,2.571869,2.571869,2.571869,2.571869,2.571869,udp,0.0,,cs0,,63.0,,1.0,,Status,2,2,0,84,84,0,42.0,0.0,130.644302,130.644302,0.0,0,0,0,0.0,,,0.388822,0.388822,0.0,REQ,,,,,0.0,0.0,0.0,0
328529,2.574211,2.574211,2.574211,2.574211,2.574211,2.574211,udp,0.0,,cs0,,63.0,,1.0,,Status,2,2,0,84,84,0,42.0,0.0,130.525436,130.525436,0.0,0,0,0,0.0,,,0.388469,0.388469,0.0,REQ,,,,,0.0,0.0,0.0,0
328542,2.574193,2.574193,2.574193,2.574193,2.574193,2.574193,udp,0.0,,cs0,,63.0,,1.0,,Status,2,2,0,84,84,0,42.0,0.0,130.526337,130.526337,0.0,0,0,0,0.0,,,0.388471,0.388471,0.0,REQ,,,,,0.0,0.0,0.0,0
328549,2.574191,2.574191,2.574191,2.574191,2.574191,2.574191,udp,0.0,,cs0,,63.0,,1.0,,Status,2,2,0,84,84,0,42.0,0.0,130.526443,130.526443,0.0,0,0,0,0.0,,,0.388472,0.388472,0.0,REQ,,,,,0.0,0.0,0.0,0
328567,0.0,0.0,0.0,0.0,0.0,0.0,udp,0.0,,cs0,,63.0,,1.0,,Status,1,1,0,42,42,0,42.0,0.0,0.0,0.0,0.0,0,0,0,0.0,,,0.0,0.0,0.0,REQ,,,,,0.0,0.0,0.0,0
328640,2.574391,2.574391,2.574391,2.574391,2.574391,2.574391,udp,0.0,,cs0,,63.0,,1.0,,Start,2,2,0,84,84,0,42.0,0.0,130.516312,130.516312,0.0,0,0,0,0.0,,,0.388441,0.388441,0.0,INT,,,,,0.0,0.0,0.0,0
328783,0.0,0.0,0.0,0.0,0.0,0.0,udp,0.0,,cs0,,63.0,,1.0,,Status,1,1,0,42,42,0,42.0,0.0,0.0,0.0,0.0,0,0,0,0.0,,,0.0,0.0,0.0,REQ,,,,,0.0,0.0,0.0,0
328822,0.0,0.0,0.0,0.0,0.0,0.0,udp,0.0,,cs0,,63.0,,1.0,,Status,1,1,0,42,42,0,42.0,0.0,0.0,0.0,0.0,0,0,0,0.0,,,0.0,0.0,0.0,REQ,,,,,0.0,0.0,0.0,0
328823,0.0,0.0,0.0,0.0,0.0,0.0,udp,0.0,,cs0,,63.0,,1.0,,Status,1,1,0,42,42,0,42.0,0.0,0.0,0.0,0.0,0,0,0,0.0,,,0.0,0.0,0.0,REQ,,,,,0.0,0.0,0.0,0
328837,0.0,0.0,0.0,0.0,0.0,0.0,udp,0.0,,cs0,,63.0,,1.0,,Status,1,1,0,42,42,0,42.0,0.0,0.0,0.0,0.0,0,0,0,0.0,,,0.0,0.0,0.0,REQ,,,,,0.0,0.0,0.0,0
328862,0.0,0.0,0.0,0.0,0.0,0.0,udp,0.0,,cs0,,63.0,,1.0,,Status,1,1,0,42,42,0,42.0,0.0,0.0,0.0,0.0,0,0,0,0.0,,,0.0,0.0,0.0,REQ,,,,,0.0,0.0,0.0,0
328882,0.0,0.0,0.0,0.0,0.0,0.0,udp,0.0,,cs0,,63.0,,1.0,,Status,1,1,0,42,42,0,42.0,0.0,0.0,0.0,0.0,0,0,0,0.0,,,0.0,0.0,0.0,REQ,,,,,0.0,0.0,0.0,0
328887,0.0,0.0,0.0,0.0,0.0,0.0,udp,0.0,,cs0,,63.0,,1.0,,Status,1,1,0,42,42,0,42.0,0.0,0.0,0.0,0.0,0,0,0,0.0,,,0.0,0.0,0.0,REQ,,,,,0.0,0.0,0.0,0
328923,2.574887,2.574887,2.574887,2.574887,2.574887,2.574887,udp,0.0,,cs0,,63.0,,1.0,,Status,2,2,0,84,84,0,42.0,0.0,130.491165,130.491165,0.0,0,0,0,0.0,,,0.388367,0.388367,0.0,REQ,,,,,0.0,0.0,0.0,0
328959,2.571021,2.571021,2.571021,2.571021,2.571021,2.571021,udp,0.0,,cs0,,63.0,,1.0,,Status,2,2,0,84,84,0,42.0,0.0,130.687378,130.687378,0.0,0,0,0,0.0,,,0.388951,0.388951,0.0,REQ,,,,,0.0,0.0,0.0,0
328977,2.57697,2.57697,2.57697,2.57697,2.57697,2.57697,udp,0.0,,cs0,,63.0,,1.0,,Start,2,2,0,84,84,0,42.0,0.0,130.385681,130.385681,0.0,0,0,0,0.0,,,0.388053,0.388053,0.0,INT,,,,,0.0,0.0,0.0,0
329080,0.0,0.0,0.0,0.0,0.0,0.0,udp,0.0,,cs0,,63.0,,1.0,,Status,1,1,0,42,42,0,42.0,0.0,0.0,0.0,0.0,0,0,0,0.0,,,0.0,0.0,0.0,REQ,,,,,0.0,0.0,0.0,0
329126,2.573254,2.573254,2.573254,2.573254,2.573254,2.573254,udp,0.0,,cs0,,63.0,,1.0,,Status,2,2,0,84,84,0,42.0,0.0,130.573975,130.573975,0.0,0,0,0,0.0,,,0.388613,0.388613,0.0,REQ,,,,,0.0,0.0,0.0,0
329339,0.0,0.0,0.0,0.0,0.0,0.0,udp,0.0,,cs0,,63.0,,1.0,,Status,1,1,0,42,42,0,42.0,0.0,0.0,0.0,0.0,0,0,0,0.0,,,0.0,0.0,0.0,REQ,,,,,0.0,0.0,0.0,0
329400,2.575248,2.575248,2.575248,2.575248,2.575248,2.575248,udp,0.0,,cs0,,63.0,,1.0,,Status,2,2,0,84,84,0,42.0,0.0,130.47287,130.47287,0.0,0,0,0,0.0,,,0.388312,0.388312,0.0,REQ,,,,,0.0,0.0,0.0,0
329408,0.0,0.0,0.0,0.0,0.0,0.0,udp,0.0,,cs0,,63.0,,1.0,,Start,1,1,0,42,42,0,42.0,0.0,0.0,0.0,0.0,0,0,0,0.0,,,0.0,0.0,0.0,INT,,,,,0.0,0.0,0.0,0
329441,0.0,0.0,0.0,0.0,0.0,0.0,udp,0.0,,cs0,,63.0,,1.0,,Status,1,1,0,42,42,0,42.0,0.0,0.0,0.0,0.0,0,0,0,0.0,,,0.0,0.0,0.0,REQ,,,,,0.0,0.0,0.0,0
329481,2.574614,2.574614,2.574614,2.574614,2.574614,2.574614,udp,0.0,,cs0,,63.0,,1.0,,Status,2,2,0,84,84,0,42.0,0.0,130.505005,130.505005,0.0,0,0,0,0.0,,,0.388408,0.388408,0.0,REQ,,,,,0.0,0.0,0.0,0
329577,2.574763,2.574763,2.574763,2.574763,2.574763,2.574763,udp,0.0,,cs0,,63.0,,1.0,,Status,2,2,0,84,84,0,42.0,0.0,130.497452,130.497452,0.0,0,0,0,0.0,,,0.388385,0.388385,0.0,REQ,,,,,0.0,0.0,0.0,0
329582,2.574763,2.574763,2.574763,2.574763,2.574763,2.574763,udp,0.0,,cs0,,63.0,,1.0,,Status,2,2,0,84,84,0,42.0,0.0,130.497452,130.497452,0.0,0,0,0,0.0,,,0.388385,0.388385,0.0,REQ,,,,,0.0,0.0,0.0,0
329622,2.578107,2.578107,2.578107,2.578107,2.578107,2.578107,udp,0.0,,cs0,,63.0,,1.0,,Status,2,2,0,84,84,0,42.0,0.0,130.328171,130.328171,0.0,0,0,0,0.0,,,0.387881,0.387881,0.0,REQ,,,,,0.0,0.0,0.0,0
329627,2.57813,2.57813,2.57813,2.57813,2.57813,2.57813,udp,0.0,,cs0,,63.0,,1.0,,Status,2,2,0,84,84,0,42.0,0.0,130.327026,130.327026,0.0,0,0,0,0.0,,,0.387878,0.387878,0.0,REQ,,,,,0.0,0.0,0.0,0
329659,0.0,0.0,0.0,0.0,0.0,0.0,udp,0.0,,cs0,,63.0,,1.0,,Status,1,1,0,42,42,0,42.0,0.0,0.0,0.0,0.0,0,0,0,0.0,,,0.0,0.0,0.0,REQ,,,,,0.0,0.0,0.0,0
329737,0.0,0.0,0.0,0.0,0.0,0.0,udp,0.0,,cs0,,63.0,,1.0,,Status,1,1,0,42,42,0,42.0,0.0,0.0,0.0,0.0,0,0,0,0.0,,,0.0,0.0,0.0,REQ,,,,,0.0,0.0,0.0,0
329749,2.566103,2.566103,2.566103,2.566103,2.566103,2.566103,udp,0.0,,cs0,,63.0,,1.0,,Status,2,2,0,84,84,0,42.0,0.0,130.937851,130.937851,0.0,0,0,0,0.0,,,0.389696,0.389696,0.0,REQ,,,,,0.0,0.0,0.0,0
329750,0.0,0.0,0.0,0.0,0.0,0.0,udp,0.0,,cs0,,63.0,,1.0,,Status,1,1,0,42,42,0,42.0,0.0,0.0,0.0,0.0,0,0,0,0.0,,,0.0,0.0,0.0,REQ,,,,,0.0,0.0,0.0,0
329765,2.574869,2.574869,2.574869,2.574869,2.574869,2.574869,udp,0.0,,cs0,,63.0,,1.0,,Start,2,2,0,84,84,0,42.0,0.0,130.492081,130.492081,0.0,0,0,0,0.0,,,0.388369,0.388369,0.0,INT,,,,,0.0,0.0,0.0,0
329820,0.0,0.0,0.0,0.0,0.0,0.0,udp,0.0,,cs0,,63.0,,1.0,,Status,1,1,0,42,42,0,42.0,0.0,0.0,0.0,0.0,0,0,0,0.0,,,0.0,0.0,0.0,REQ,,,,,0.0,0.0,0.0,0
329864,2.576089,2.576089,2.576089,2.576089,2.576089,2.576089,udp,0.0,,cs0,,63.0,,1.0,,Start,2,2,0,84,84,0,42.0,0.0,130.430283,130.430283,0.0,0,0,0,0.0,,,0.388185,0.388185,0.0,INT,,,,,0.0,0.0,0.0,0
329869,2.5761,2.5761,2.5761,2.5761,2.5761,2.5761,udp,0.0,,cs0,,63.0,,1.0,,Start,2,2,0,84,84,0,42.0,0.0,130.429718,130.429718,0.0,0,0,0,0.0,,,0.388184,0.388184,0.0,INT,,,,,0.0,0.0,0.0,0
329900,0.0,0.0,0.0,0.0,0.0,0.0,udp,0.0,,cs0,,63.0,,1.0,,Status,1,1,0,42,42,0,42.0,0.0,0.0,0.0,0.0,0,0,0,0.0,,,0.0,0.0,0.0,REQ,,,,,0.0,0.0,0.0,0
329929,0.0,0.0,0.0,0.0,0.0,0.0,udp,0.0,,cs0,,63.0,,1.0,,Status,1,1,0,42,42,0,42.0,0.0,0.0,0.0,0.0,0,0,0,0.0,,,0.0,0.0,0.0,REQ,,,,,0.0,0.0,0.0,0
329998,0.0,0.0,0.0,0.0,0.0,0.0,udp,0.0,,cs0,,63.0,,1.0,,Status,1,1,0,42,42,0,42.0,0.0,0.0,0.0,0.0,0,0,0,0.0,,,0.0,0.0,0.0,REQ,,,,,0.0,0.0,0.0,0
330038,0.0,0.0,0.0,0.0,0.0,0.0,udp,0.0,,cs0,,63.0,,1.0,,Status,1,1,0,42,42,0,42.0,0.0,0.0,0.0,0.0,0,0,0,0.0,,,0.0,0.0,0.0,REQ,,,,,0.0,0.0,0.0,0
330047,2.573558,2.573558,2.573558,2.573558,2.573558,2.573558,udp,0.0,,cs0,,63.0,,1.0,,Status,2,2,0,84,84,0,42.0,0.0,130.558548,130.558548,0.0,0,0,0,0.0,,,0.388567,0.388567,0.0,REQ,,,,,0.0,0.0,0.0,0
330087,0.0,0.0,0.0,0.0,0.0,0.0,udp,0.0,,cs0,,63.0,,1.0,,Status,1,1,0,42,42,0,42.0,0.0,0.0,0.0,0.0,0,0,0,0.0,,,0.0,0.0,0.0,REQ,,,,,0.0,0.0,0.0,0
330106,0.0,0.0,0.0,0.0,0.0,0.0,udp,0.0,,cs0,,63.0,,1.0,,Status,1,1,0,42,42,0,42.0,0.0,0.0,0.0,0.0,0,0,0,0.0,,,0.0,0.0,0.0,REQ,,,,,0.0,0.0,0.0,0
330169,0.0,0.0,0.0,0.0,0.0,0.0,udp,0.0,,cs0,,63.0,,1.0,,Start,1,1,0,42,42,0,42.0,0.0,0.0,0.0,0.0,0,0,0,0.0,,,0.0,0.0,0.0,INT,,,,,0.0,0.0,0.0,0
330219,2.574667,2.574667,2.574667,2.574667,2.574667,2.574667,udp,0.0,,cs0,,63.0,,1.0,,Status,2,2,0,84,84,0,42.0,0.0,130.502319,130.502319,0.0,0,0,0,0.0,,,0.3884,0.3884,0.0,REQ,,,,,0.0,0.0,0.0,0
330225,2.574475,2.574475,2.574475,2.574475,2.574475,2.574475,udp,0.0,,cs0,,63.0,,1.0,,Status,2,2,0,84,84,0,42.0,0.0,130.512039,130.512039,0.0,0,0,0,0.0,,,0.388429,0.388429,0.0,REQ,,,,,0.0,0.0,0.0,0
330234,2.574549,2.574549,2.574549,2.574549,2.574549,2.574549,udp,0.0,,cs0,,63.0,,1.0,,Status,2,2,0,84,84,0,42.0,0.0,130.508301,130.508301,0.0,0,0,0,0.0,,,0.388418,0.388418,0.0,REQ,,,,,0.0,0.0,0.0,0
330316,0.0,0.0,0.0,0.0,0.0,0.0,udp,0.0,,cs0,,63.0,,1.0,,Status,1,1,0,42,42,0,42.0,0.0,0.0,0.0,0.0,0,0,0,0.0,,,0.0,0.0,0.0,REQ,,,,,0.0,0.0,0.0,0
330322,0.0,0.0,0.0,0.0,0.0,0.0,udp,0.0,,cs0,,63.0,,1.0,,Status,1,1,0,42,42,0,42.0,0.0,0.0,0.0,0.0,0,0,0,0.0,,,0.0,0.0,0.0,REQ,,,,,0.0,0.0,0.0,0
330327,0.0,0.0,0.0,0.0,0.0,0.0,udp,0.0,,cs0,,63.0,,1.0,,Status,1,1,0,42,42,0,42.0,0.0,0.0,0.0,0.0,0,0,0,0.0,,,0.0,0.0,0.0,REQ,,,,,0.0,0.0,0.0,0
330351,2.572956,2.572956,2.572956,2.572956,2.572956,2.572956,udp,0.0,,cs0,,63.0,,1.0,,Status,2,2,0,84,84,0,42.0,0.0,130.589096,130.589096,0.0,0,0,0,0.0,,,0.388658,0.388658,0.0,REQ,,,,,0.0,0.0,0.0,0
330377,2.573021,2.573021,2.573021,2.573021,2.573021,2.573021,udp,0.0,,cs0,,63.0,,1.0,,Start,2,2,0,84,84,0,42.0,0.0,130.5858,130.5858,0.0,0,0,0,0.0,,,0.388648,0.388648,0.0,INT,,,,,0.0,0.0,0.0,0
330424,0.0,0.0,0.0,0.0,0.0,0.0,udp,0.0,,cs0,,63.0,,1.0,,Status,1,1,0,42,42,0,42.0,0.0,0.0,0.0,0.0,0,0,0,0.0,,,0.0,0.0,0.0,REQ,,,,,0.0,0.0,0.0,0
330452,2.570992,2.570992,2.570992,2.570992,2.570992,2.570992,udp,0.0,,cs0,,63.0,,1.0,,Status,2,2,0,84,84,0,42.0,0.0,130.688858,130.688858,0.0,0,0,0,0.0,,,0.388955,0.388955,0.0,REQ,,,,,0.0,0.0,0.0,0
330481,0.0,0.0,0.0,0.0,0.0,0.0,udp,0.0,,cs0,,63.0,,1.0,,Status,1,1,0,42,42,0,42.0,0.0,0.0,0.0,0.0,0,0,0,0.0,,,0.0,0.0,0.0,REQ,,,,,0.0,0.0,0.0,0
330532,0.0,0.0,0.0,0.0,0.0,0.0,udp,0.0,,cs0,,63.0,,1.0,,Status,1,1,0,42,42,0,42.0,0.0,0.0,0.0,0.0,0,0,0,0.0,,,0.0,0.0,0.0,REQ,,,,,0.0,0.0,0.0,0
330642,0.0,0.0,0.0,0.0,0.0,0.0,udp,0.0,,cs0,,63.0,,1.0,,Status,1,1,0,42,42,0,42.0,0.0,0.0,0.0,0.0,0,0,0,0.0,,,0.0,0.0,0.0,REQ,,,,,0.0,0.0,0.0,0
330707,2.571152,2.571152,2.571152,2.571152,2.571152,2.571152,udp,0.0,,cs0,,63.0,,1.0,,Status,2,2,0,84,84,0,42.0,0.0,130.680725,130.680725,0.0,0,0,0,0.0,,,0.388931,0.388931,0.0,REQ,,,,,0.0,0.0,0.0,0
330763,0.0,0.0,0.0,0.0,0.0,0.0,udp,0.0,,cs0,,63.0,,1.0,,Status,1,1,0,42,42,0,42.0,0.0,0.0,0.0,0.0,0,0,0,0.0,,,0.0,0.0,0.0,REQ,,,,,0.0,0.0,0.0,0
330774,0.0,0.0,0.0,0.0,0.0,0.0,udp,0.0,,cs0,,63.0,,1.0,,Status,1,1,0,42,42,0,42.0,0.0,0.0,0.0,0.0,0,0,0,0.0,,,0.0,0.0,0.0,REQ,,,,,0.0,0.0,0.0,0
330927,2.575818,2.575818,2.575818,2.575818,2.575818,2.575818,udp,0.0,,cs0,,63.0,,1.0,,Status,2,2,0,84,84,0,42.0,0.0,130.444,130.444,0.0,0,0,0,0.0,,,0.388226,0.388226,0.0,REQ,,,,,0.0,0.0,0.0,0
330952,2.576216,2.576216,2.576216,2.576216,2.576216,2.576216,udp,0.0,,cs0,,63.0,,1.0,,Status,2,2,0,84,84,0,42.0,0.0,130.423843,130.423843,0.0,0,0,0,0.0,,,0.388166,0.388166,0.0,REQ,,,,,0.0,0.0,0.0,0
331009,0.0,0.0,0.0,0.0,0.0,0.0,udp,0.0,,cs0,,63.0,,1.0,,Status,1,1,0,42,42,0,42.0,0.0,0.0,0.0,0.0,0,0,0,0.0,,,0.0,0.0,0.0,REQ,,,,,0.0,0.0,0.0,0
331021,2.577193,2.577193,2.577193,2.577193,2.577193,2.577193,udp,0.0,,cs0,,63.0,,1.0,,Status,2,2,0,84,84,0,42.0,0.0,130.374405,130.374405,0.0,0,0,0,0.0,,,0.388019,0.388019,0.0,REQ,,,,,0.0,0.0,0.0,0
331031,2.574214,2.574214,2.574214,2.574214,2.574214,2.574214,udp,0.0,,cs0,,63.0,,1.0,,Status,2,2,0,84,84,0,42.0,0.0,130.525284,130.525284,0.0,0,0,0,0.0,,,0.388468,0.388468,0.0,REQ,,,,,0.0,0.0,0.0,0
331058,2.573009,2.573009,2.573009,2.573009,2.573009,2.573009,udp,0.0,,cs0,,63.0,,1.0,,Start,2,2,0,84,84,0,42.0,0.0,130.586411,130.586411,0.0,0,0,0,0.0,,,0.38865,0.38865,0.0,INT,,,,,0.0,0.0,0.0,0
331075,0.0,0.0,0.0,0.0,0.0,0.0,udp,0.0,,cs0,,63.0,,1.0,,Status,1,1,0,42,42,0,42.0,0.0,0.0,0.0,0.0,0,0,0,0.0,,,0.0,0.0,0.0,REQ,,,,,0.0,0.0,0.0,0
331088,0.0,0.0,0.0,0.0,0.0,0.0,udp,0.0,,cs0,,63.0,,1.0,,Status,1,1,0,42,42,0,42.0,0.0,0.0,0.0,0.0,0,0,0,0.0,,,0.0,0.0,0.0,REQ,,,,,0.0,0.0,0.0,0
331130,0.0,0.0,0.0,0.0,0.0,0.0,udp,0.0,,cs0,,63.0,,1.0,,Status,1,1,0,42,42,0,42.0,0.0,0.0,0.0,0.0,0,0,0,0.0,,,0.0,0.0,0.0,REQ,,,,,0.0,0.0,0.0,0
331155,0.0,0.0,0.0,0.0,0.0,0.0,udp,0.0,,cs0,,63.0,,1.0,,Status,1,1,0,42,42,0,42.0,0.0,0.0,0.0,0.0,0,0,0,0.0,,,0.0,0.0,0.0,REQ,,,,,0.0,0.0,0.0,0
331203,0.0,0.0,0.0,0.0,0.0,0.0,udp,0.0,,cs0,,63.0,,1.0,,Status,1,1,0,42,42,0,42.0,0.0,0.0,0.0,0.0,0,0,0,0.0,,,0.0,0.0,0.0,REQ,,,,,0.0,0.0,0.0,0
331301,0.0,0.0,0.0,0.0,0.0,0.0,udp,0.0,,cs0,,63.0,,1.0,,Status,1,1,0,42,42,0,42.0,0.0,0.0,0.0,0.0,0,0,0,0.0,,,0.0,0.0,0.0,REQ,,,,,0.0,0.0,0.0,0
331307,2.57804,2.57804,2.57804,2.57804,2.57804,2.57804,udp,0.0,,cs0,,63.0,,1.0,,Status,2,2,0,84,84,0,42.0,0.0,130.331573,130.331573,0.0,0,0,0,0.0,,,0.387892,0.387892,0.0,REQ,,,,,0.0,0.0,0.0,0
331364,2.574914,2.574914,2.574914,2.574914,2.574914,2.574914,udp,0.0,,cs0,,63.0,,1.0,,Status,2,2,0,84,84,0,42.0,0.0,130.489792,130.489792,0.0,0,0,0,0.0,,,0.388362,0.388362,0.0,REQ,,,,,0.0,0.0,0.0,0
331384,0.0,0.0,0.0,0.0,0.0,0.0,udp,0.0,,cs0,,63.0,,1.0,,Status,1,1,0,42,42,0,42.0,0.0,0.0,0.0,0.0,0,0,0,0.0,,,0.0,0.0,0.0,REQ,,,,,0.0,0.0,0.0,0
331393,0.0,0.0,0.0,0.0,0.0,0.0,udp,0.0,,cs0,,63.0,,1.0,,Status,1,1,0,42,42,0,42.0,0.0,0.0,0.0,0.0,0,0,0,0.0,,,0.0,0.0,0.0,REQ,,,,,0.0,0.0,0.0,0
331434,0.0,0.0,0.0,0.0,0.0,0.0,udp,0.0,,cs0,,63.0,,1.0,,Status,1,1,0,42,42,0,42.0,0.0,0.0,0.0,0.0,0,0,0,0.0,,,0.0,0.0,0.0,REQ,,,,,0.0,0.0,0.0,0
331437,0.0,0.0,0.0,0.0,0.0,0.0,udp,0.0,,cs0,,63.0,,1.0,,Status,1,1,0,42,42,0,42.0,0.0,0.0,0.0,0.0,0,0,0,0.0,,,0.0,0.0,0.0,REQ,,,,,0.0,0.0,0.0,0
331475,2.57353,2.57353,2.57353,2.57353,2.57353,2.57353,udp,0.0,,cs0,,63.0,,1.0,,Start,2,2,0,84,84,0,42.0,0.0,130.559967,130.559967,0.0,0,0,0,0.0,,,0.388571,0.388571,0.0,INT,,,,,0.0,0.0,0.0,0
331531,0.0,0.0,0.0,0.0,0.0,0.0,udp,0.0,,cs0,,63.0,,1.0,,Status,1,1,0,42,42,0,42.0,0.0,0.0,0.0,0.0,0,0,0,0.0,,,0.0,0.0,0.0,REQ,,,,,0.0,0.0,0.0,0
331555,0.0,0.0,0.0,0.0,0.0,0.0,udp,0.0,,cs0,,63.0,,1.0,,Status,1,1,0,42,42,0,42.0,0.0,0.0,0.0,0.0,0,0,0,0.0,,,0.0,0.0,0.0,REQ,,,,,0.0,0.0,0.0,0
331586,0.0,0.0,0.0,0.0,0.0,0.0,udp,0.0,,cs0,,63.0,,1.0,,Status,1,1,0,42,42,0,42.0,0.0,0.0,0.0,0.0,0,0,0,0.0,,,0.0,0.0,0.0,REQ,,,,,0.0,0.0,0.0,0
331610,0.0,0.0,0.0,0.0,0.0,0.0,udp,0.0,,cs0,,63.0,,1.0,,Start,1,1,0,42,42,0,42.0,0.0,0.0,0.0,0.0,0,0,0,0.0,,,0.0,0.0,0.0,INT,,,,,0.0,0.0,0.0,0
331614,2.574694,2.574694,2.574694,2.574694,2.574694,2.574694,udp,0.0,,cs0,,63.0,,1.0,,Start,2,2,0,84,84,0,42.0,0.0,130.500946,130.500946,0.0,0,0,0,0.0,,,0.388396,0.388396,0.0,INT,,,,,0.0,0.0,0.0,0
331636,0.0,0.0,0.0,0.0,0.0,0.0,udp,0.0,,cs0,,63.0,,1.0,,Status,1,1,0,42,42,0,42.0,0.0,0.0,0.0,0.0,0,0,0,0.0,,,0.0,0.0,0.0,REQ,,,,,0.0,0.0,0.0,0
331893,2.573811,2.573811,2.573811,2.573811,2.573811,2.573811,udp,0.0,,cs0,,63.0,,1.0,,Status,2,2,0,84,84,0,42.0,0.0,130.545715,130.545715,0.0,0,0,0,0.0,,,0.388529,0.388529,0.0,REQ,,,,,0.0,0.0,0.0,0
331898,0.0,0.0,0.0,0.0,0.0,0.0,udp,0.0,,cs0,,63.0,,1.0,,Start,1,1,0,42,42,0,42.0,0.0,0.0,0.0,0.0,0,0,0,0.0,,,0.0,0.0,0.0,INT,,,,,0.0,0.0,0.0,0
331904,0.0,0.0,0.0,0.0,0.0,0.0,udp,0.0,,cs0,,63.0,,1.0,,Status,1,1,0,42,42,0,42.0,0.0,0.0,0.0,0.0,0,0,0,0.0,,,0.0,0.0,0.0,REQ,,,,,0.0,0.0,0.0,0
331945,0.0,0.0,0.0,0.0,0.0,0.0,udp,0.0,,cs0,,63.0,,1.0,,Status,1,1,0,42,42,0,42.0,0.0,0.0,0.0,0.0,0,0,0,0.0,,,0.0,0.0,0.0,REQ,,,,,0.0,0.0,0.0,0
332004,0.0,0.0,0.0,0.0,0.0,0.0,udp,0.0,,cs0,,63.0,,1.0,,Status,1,1,0,42,42,0,42.0,0.0,0.0,0.0,0.0,0,0,0,0.0,,,0.0,0.0,0.0,REQ,,,,,0.0,0.0,0.0,0
332025,2.575839,2.575839,2.575839,2.575839,2.575839,2.575839,udp,0.0,,cs0,,63.0,,1.0,,Status,2,2,0,84,84,0,42.0,0.0,130.442932,130.442932,0.0,0,0,0,0.0,,,0.388223,0.388223,0.0,REQ,,,,,0.0,0.0,0.0,0
332026,0.0,0.0,0.0,0.0,0.0,0.0,udp,0.0,,cs0,,63.0,,1.0,,Start,1,1,0,42,42,0,42.0,0.0,0.0,0.0,0.0,0,0,0,0.0,,,0.0,0.0,0.0,INT,,,,,0.0,0.0,0.0,0
332049,2.57197,2.57197,2.57197,2.57197,2.57197,2.57197,udp,0.0,,cs0,,63.0,,1.0,,Status,2,2,0,84,84,0,42.0,0.0,130.63916,130.63916,0.0,0,0,0,0.0,,,0.388807,0.388807,0.0,REQ,,,,,0.0,0.0,0.0,0
332145,2.572864,2.572864,2.572864,2.572864,2.572864,2.572864,udp,0.0,,cs0,,63.0,,1.0,,Status,2,2,0,84,84,0,42.0,0.0,130.593765,130.593765,0.0,0,0,0,0.0,,,0.388672,0.388672,0.0,REQ,,,,,0.0,0.0,0.0,0
332202,2.573158,2.573158,2.573158,2.573158,2.573158,2.573158,udp,0.0,,cs0,,63.0,,1.0,,Start,2,2,0,84,84,0,42.0,0.0,130.578842,130.578842,0.0,0,0,0,0.0,,,0.388627,0.388627,0.0,INT,,,,,0.0,0.0,0.0,0
332242,0.0,0.0,0.0,0.0,0.0,0.0,udp,0.0,,cs0,,63.0,,1.0,,Status,1,1,0,42,42,0,42.0,0.0,0.0,0.0,0.0,0,0,0,0.0,,,0.0,0.0,0.0,REQ,,,,,0.0,0.0,0.0,0
332245,0.0,0.0,0.0,0.0,0.0,0.0,udp,0.0,,cs0,,63.0,,1.0,,Status,1,1,0,42,42,0,42.0,0.0,0.0,0.0,0.0,0,0,0,0.0,,,0.0,0.0,0.0,REQ,,,,,0.0,0.0,0.0,0
332307,0.0,0.0,0.0,0.0,0.0,0.0,udp,0.0,,cs0,,63.0,,1.0,,Status,1,1,0,42,42,0,42.0,0.0,0.0,0.0,0.0,0,0,0,0.0,,,0.0,0.0,0.0,REQ,,,,,0.0,0.0,0.0,0
332315,0.0,0.0,0.0,0.0,0.0,0.0,udp,0.0,,cs0,,63.0,,1.0,,Status,1,1,0,42,42,0,42.0,0.0,0.0,0.0,0.0,0,0,0,0.0,,,0.0,0.0,0.0,REQ,,,,,0.0,0.0,0.0,0
332348,2.575231,2.575231,2.575231,2.575231,2.575231,2.575231,udp,0.0,,cs0,,63.0,,1.0,,Status,2,2,0,84,84,0,42.0,0.0,130.473724,130.473724,0.0,0,0,0,0.0,,,0.388315,0.388315,0.0,REQ,,,,,0.0,0.0,0.0,0
332552,2.574798,2.574798,2.574798,2.574798,2.574798,2.574798,udp,0.0,,cs0,,63.0,,1.0,,Status,2,2,0,84,84,0,42.0,0.0,130.495667,130.495667,0.0,0,0,0,0.0,,,0.38838,0.38838,0.0,REQ,,,,,0.0,0.0,0.0,0
332555,2.574797,2.574797,2.574797,2.574797,2.574797,2.574797,udp,0.0,,cs0,,63.0,,1.0,,Status,2,2,0,84,84,0,42.0,0.0,130.495728,130.495728,0.0,0,0,0,0.0,,,0.38838,0.38838,0.0,REQ,,,,,0.0,0.0,0.0,0
332612,2.575033,2.575033,2.575033,2.575033,2.575033,2.575033,udp,0.0,,cs0,,63.0,,1.0,,Status,2,2,0,84,84,0,42.0,0.0,130.483765,130.483765,0.0,0,0,0,0.0,,,0.388345,0.388345,0.0,REQ,,,,,0.0,0.0,0.0,0
332668,2.575273,2.575273,2.575273,2.575273,2.575273,2.575273,udp,0.0,,cs0,,63.0,,1.0,,Start,2,2,0,84,84,0,42.0,0.0,130.471603,130.471603,0.0,0,0,0,0.0,,,0.388308,0.388308,0.0,INT,,,,,0.0,0.0,0.0,0
332784,2.572044,2.572044,2.572044,2.572044,2.572044,2.572044,udp,0.0,,cs0,,63.0,,1.0,,Start,2,2,0,84,84,0,42.0,0.0,130.635406,130.635406,0.0,0,0,0,0.0,,,0.388796,0.388796,0.0,INT,,,,,0.0,0.0,0.0,0
332786,2.572052,2.572052,2.572052,2.572052,2.572052,2.572052,udp,0.0,,cs0,,63.0,,1.0,,Start,2,2,0,84,84,0,42.0,0.0,130.634995,130.634995,0.0,0,0,0,0.0,,,0.388795,0.388795,0.0,INT,,,,,0.0,0.0,0.0,0
332803,0.0,0.0,0.0,0.0,0.0,0.0,udp,0.0,,cs0,,63.0,,1.0,,Status,1,1,0,42,42,0,42.0,0.0,0.0,0.0,0.0,0,0,0,0.0,,,0.0,0.0,0.0,REQ,,,,,0.0,0.0,0.0,0
332966,0.0,0.0,0.0,0.0,0.0,0.0,udp,0.0,,cs0,,63.0,,1.0,,Status,1,1,0,42,42,0,42.0,0.0,0.0,0.0,0.0,0,0,0,0.0,,,0.0,0.0,0.0,REQ,,,,,0.0,0.0,0.0,0
333102,2.570666,2.570666,2.570666,2.570666,2.570666,2.570666,udp,0.0,,cs0,,63.0,,1.0,,Status,2,2,0,84,84,0,42.0,0.0,130.705429,130.705429,0.0,0,0,0,0.0,,,0.389004,0.389004,0.0,REQ,,,,,0.0,0.0,0.0,0
333120,0.0,0.0,0.0,0.0,0.0,0.0,udp,0.0,,cs0,,63.0,,1.0,,Status,1,1,0,42,42,0,42.0,0.0,0.0,0.0,0.0,0,0,0,0.0,,,0.0,0.0,0.0,REQ,,,,,0.0,0.0,0.0,0
333184,0.0,0.0,0.0,0.0,0.0,0.0,udp,0.0,,cs0,,63.0,,1.0,,Status,1,1,0,42,42,0,42.0,0.0,0.0,0.0,0.0,0,0,0,0.0,,,0.0,0.0,0.0,REQ,,,,,0.0,0.0,0.0,0
333206,2.571166,2.571166,2.571166,2.571166,2.571166,2.571166,udp,0.0,,cs0,,63.0,,1.0,,Start,2,2,0,84,84,0,42.0,0.0,130.680008,130.680008,0.0,0,0,0,0.0,,,0.388929,0.388929,0.0,INT,,,,,0.0,0.0,0.0,0
333213,0.0,0.0,0.0,0.0,0.0,0.0,udp,0.0,,cs0,,63.0,,1.0,,Status,1,1,0,42,42,0,42.0,0.0,0.0,0.0,0.0,0,0,0,0.0,,,0.0,0.0,0.0,REQ,,,,,0.0,0.0,0.0,0
333329,0.0,0.0,0.0,0.0,0.0,0.0,udp,0.0,,cs0,,63.0,,1.0,,Start,1,1,0,42,42,0,42.0,0.0,0.0,0.0,0.0,0,0,0,0.0,,,0.0,0.0,0.0,INT,,,,,0.0,0.0,0.0,0
333419,2.575808,2.575808,2.575808,2.575808,2.575808,2.575808,udp,0.0,,cs0,,63.0,,1.0,,Status,2,2,0,84,84,0,42.0,0.0,130.444504,130.444504,0.0,0,0,0,0.0,,,0.388228,0.388228,0.0,REQ,,,,,0.0,0.0,0.0,0
333438,0.0,0.0,0.0,0.0,0.0,0.0,udp,0.0,,cs0,,63.0,,1.0,,Status,1,1,0,42,42,0,42.0,0.0,0.0,0.0,0.0,0,0,0,0.0,,,0.0,0.0,0.0,REQ,,,,,0.0,0.0,0.0,0
333455,0.0,0.0,0.0,0.0,0.0,0.0,udp,0.0,,cs0,,63.0,,1.0,,Status,1,1,0,42,42,0,42.0,0.0,0.0,0.0,0.0,0,0,0,0.0,,,0.0,0.0,0.0,REQ,,,,,0.0,0.0,0.0,0
333514,0.0,0.0,0.0,0.0,0.0,0.0,udp,0.0,,cs0,,63.0,,1.0,,Status,1,1,0,42,42,0,42.0,0.0,0.0,0.0,0.0,0,0,0,0.0,,,0.0,0.0,0.0,REQ,,,,,0.0,0.0,0.0,0
333558,2.573742,2.573742,2.573742,2.573742,2.573742,2.573742,udp,0.0,,cs0,,63.0,,1.0,,Status,2,2,0,84,84,0,42.0,0.0,130.549225,130.549225,0.0,0,0,0,0.0,,,0.388539,0.388539,0.0,REQ,,,,,0.0,0.0,0.0,0
333598,0.0,0.0,0.0,0.0,0.0,0.0,udp,0.0,,cs0,,63.0,,1.0,,Status,1,1,0,42,42,0,42.0,0.0,0.0,0.0,0.0,0,0,0,0.0,,,0.0,0.0,0.0,REQ,,,,,0.0,0.0,0.0,0
333626,2.572147,2.572147,2.572147,2.572147,2.572147,2.572147,udp,0.0,,cs0,,63.0,,1.0,,Status,2,2,0,84,84,0,42.0,0.0,130.630173,130.630173,0.0,0,0,0,0.0,,,0.38878,0.38878,0.0,REQ,,,,,0.0,0.0,0.0,0
333798,2.57709,2.57709,2.57709,2.57709,2.57709,2.57709,udp,0.0,,cs0,,63.0,,1.0,,Status,2,2,0,84,84,0,42.0,0.0,130.379608,130.379608,0.0,0,0,0,0.0,,,0.388035,0.388035,0.0,REQ,,,,,0.0,0.0,0.0,0
333805,0.0,0.0,0.0,0.0,0.0,0.0,udp,0.0,,cs0,,63.0,,1.0,,Status,1,1,0,42,42,0,42.0,0.0,0.0,0.0,0.0,0,0,0,0.0,,,0.0,0.0,0.0,REQ,,,,,0.0,0.0,0.0,0
333894,0.0,0.0,0.0,0.0,0.0,0.0,udp,0.0,,cs0,,63.0,,1.0,,Status,1,1,0,42,42,0,42.0,0.0,0.0,0.0,0.0,0,0,0,0.0,,,0.0,0.0,0.0,REQ,,,,,0.0,0.0,0.0,0
333939,2.571559,2.571559,2.571559,2.571559,2.571559,2.571559,udp,0.0,,cs0,,63.0,,1.0,,Status,2,2,0,84,84,0,42.0,0.0,130.660034,130.660034,0.0,0,0,0,0.0,,,0.388869,0.388869,0.0,REQ,,,,,0.0,0.0,0.0,0
334106,2.575548,2.575548,2.575548,2.575548,2.575548,2.575548,udp,0.0,,cs0,,63.0,,1.0,,Status,2,2,0,84,84,0,42.0,0.0,130.457672,130.457672,0.0,0,0,0,0.0,,,0.388267,0.388267,0.0,REQ,,,,,0.0,0.0,0.0,0
334285,2.57902,2.57902,2.57902,2.57902,2.57902,2.57902,udp,0.0,,cs0,,63.0,,1.0,,Start,2,2,0,84,84,0,42.0,0.0,130.282043,130.282043,0.0,0,0,0,0.0,,,0.387744,0.387744,0.0,INT,,,,,0.0,0.0,0.0,0
334336,0.0,0.0,0.0,0.0,0.0,0.0,udp,0.0,,cs0,,63.0,,1.0,,Status,1,1,0,42,42,0,42.0,0.0,0.0,0.0,0.0,0,0,0,0.0,,,0.0,0.0,0.0,REQ,,,,,0.0,0.0,0.0,0
334510,2.572422,2.572422,2.572422,2.572422,2.572422,2.572422,udp,0.0,,cs0,,63.0,,1.0,,Status,2,2,0,84,84,0,42.0,0.0,130.616211,130.616211,0.0,0,0,0,0.0,,,0.388739,0.388739,0.0,REQ,,,,,0.0,0.0,0.0,0
334519,0.0,0.0,0.0,0.0,0.0,0.0,udp,0.0,,cs0,,63.0,,1.0,,Status,1,1,0,42,42,0,42.0,0.0,0.0,0.0,0.0,0,0,0,0.0,,,0.0,0.0,0.0,REQ,,,,,0.0,0.0,0.0,0
334529,0.0,0.0,0.0,0.0,0.0,0.0,udp,0.0,,cs0,,63.0,,1.0,,Status,1,1,0,42,42,0,42.0,0.0,0.0,0.0,0.0,0,0,0,0.0,,,0.0,0.0,0.0,REQ,,,,,0.0,0.0,0.0,0
334551,2.575729,2.575729,2.575729,2.575729,2.575729,2.575729,udp,0.0,,cs0,,63.0,,1.0,,Status,2,2,0,84,84,0,42.0,0.0,130.448517,130.448517,0.0,0,0,0,0.0,,,0.38824,0.38824,0.0,REQ,,,,,0.0,0.0,0.0,0
334558,0.0,0.0,0.0,0.0,0.0,0.0,udp,0.0,,cs0,,63.0,,1.0,,Status,1,1,0,42,42,0,42.0,0.0,0.0,0.0,0.0,0,0,0,0.0,,,0.0,0.0,0.0,REQ,,,,,0.0,0.0,0.0,0
334613,2.575913,2.575913,2.575913,2.575913,2.575913,2.575913,udp,0.0,,cs0,,63.0,,1.0,,Status,2,2,0,84,84,0,42.0,0.0,130.439194,130.439194,0.0,0,0,0,0.0,,,0.388212,0.388212,0.0,REQ,,,,,0.0,0.0,0.0,0
334619,2.575966,2.575966,2.575966,2.575966,2.575966,2.575966,udp,0.0,,cs0,,63.0,,1.0,,Status,2,2,0,84,84,0,42.0,0.0,130.436508,130.436508,0.0,0,0,0,0.0,,,0.388204,0.388204,0.0,REQ,,,,,0.0,0.0,0.0,0
334638,0.0,0.0,0.0,0.0,0.0,0.0,udp,0.0,,cs0,,63.0,,1.0,,Status,1,1,0,42,42,0,42.0,0.0,0.0,0.0,0.0,0,0,0,0.0,,,0.0,0.0,0.0,REQ,,,,,0.0,0.0,0.0,0
334692,2.575706,2.575706,2.575706,2.575706,2.575706,2.575706,udp,0.0,,cs0,,63.0,,1.0,,Status,2,2,0,84,84,0,42.0,0.0,130.449677,130.449677,0.0,0,0,0,0.0,,,0.388243,0.388243,0.0,REQ,,,,,0.0,0.0,0.0,0
334705,2.575554,2.575554,2.575554,2.575554,2.575554,2.575554,udp,0.0,,cs0,,63.0,,1.0,,Status,2,2,0,84,84,0,42.0,0.0,130.457382,130.457382,0.0,0,0,0,0.0,,,0.388266,0.388266,0.0,REQ,,,,,0.0,0.0,0.0,0
334727,0.0,0.0,0.0,0.0,0.0,0.0,udp,0.0,,cs0,,63.0,,1.0,,Status,1,1,0,42,42,0,42.0,0.0,0.0,0.0,0.0,0,0,0,0.0,,,0.0,0.0,0.0,REQ,,,,,0.0,0.0,0.0,0
334732,2.578911,2.578911,2.578911,2.578911,2.578911,2.578911,udp,0.0,,cs0,,63.0,,1.0,,Status,2,2,0,84,84,0,42.0,0.0,130.287552,130.287552,0.0,0,0,0,0.0,,,0.387761,0.387761,0.0,REQ,,,,,0.0,0.0,0.0,0
334737,2.5781,2.5781,2.5781,2.5781,2.5781,2.5781,udp,0.0,,cs0,,63.0,,1.0,,Status,2,2,0,84,84,0,42.0,0.0,130.328537,130.328537,0.0,0,0,0,0.0,,,0.387883,0.387883,0.0,REQ,,,,,0.0,0.0,0.0,0
334793,2.577436,2.577436,2.577436,2.577436,2.577436,2.577436,udp,0.0,,cs0,,63.0,,1.0,,Status,2,2,0,84,84,0,42.0,0.0,130.362106,130.362106,0.0,0,0,0,0.0,,,0.387982,0.387982,0.0,REQ,,,,,0.0,0.0,0.0,0
334823,2.581795,2.581795,2.581795,2.581795,2.581795,2.581795,udp,0.0,,cs0,,63.0,,1.0,,Status,2,2,0,84,84,0,42.0,0.0,130.142014,130.142014,0.0,0,0,0,0.0,,,0.387327,0.387327,0.0,REQ,,,,,0.0,0.0,0.0,0
334836,2.58216,2.58216,2.58216,2.58216,2.58216,2.58216,udp,0.0,,cs0,,63.0,,1.0,,Status,2,2,0,84,84,0,42.0,0.0,130.123611,130.123611,0.0,0,0,0,0.0,,,0.387273,0.387273,0.0,REQ,,,,,0.0,0.0,0.0,0
334841,0.0,0.0,0.0,0.0,0.0,0.0,udp,0.0,,cs0,,63.0,,1.0,,Status,1,1,0,42,42,0,42.0,0.0,0.0,0.0,0.0,0,0,0,0.0,,,0.0,0.0,0.0,REQ,,,,,0.0,0.0,0.0,0
334845,0.0,0.0,0.0,0.0,0.0,0.0,udp,0.0,,cs0,,63.0,,1.0,,Status,1,1,0,42,42,0,42.0,0.0,0.0,0.0,0.0,0,0,0,0.0,,,0.0,0.0,0.0,REQ,,,,,0.0,0.0,0.0,0
334907,0.0,0.0,0.0,0.0,0.0,0.0,udp,0.0,,cs0,,63.0,,1.0,,Status,1,1,0,42,42,0,42.0,0.0,0.0,0.0,0.0,0,0,0,0.0,,,0.0,0.0,0.0,REQ,,,,,0.0,0.0,0.0,0
334928,2.573083,2.573083,2.573083,2.573083,2.573083,2.573083,udp,0.0,,cs0,,63.0,,1.0,,Status,2,2,0,84,84,0,42.0,0.0,130.582657,130.582657,0.0,0,0,0,0.0,,,0.388639,0.388639,0.0,REQ,,,,,0.0,0.0,0.0,0
334975,2.57614,2.57614,2.57614,2.57614,2.57614,2.57614,udp,0.0,,cs0,,63.0,,1.0,,Status,2,2,0,84,84,0,42.0,0.0,130.427704,130.427704,0.0,0,0,0,0.0,,,0.388178,0.388178,0.0,REQ,,,,,0.0,0.0,0.0,0
334994,2.570091,2.570091,2.570091,2.570091,2.570091,2.570091,udp,0.0,,cs0,,63.0,,1.0,,Status,2,2,0,84,84,0,42.0,0.0,130.734665,130.734665,0.0,0,0,0,0.0,,,0.389091,0.389091,0.0,REQ,,,,,0.0,0.0,0.0,0
335007,0.0,0.0,0.0,0.0,0.0,0.0,udp,0.0,,cs0,,63.0,,1.0,,Status,1,1,0,42,42,0,42.0,0.0,0.0,0.0,0.0,0,0,0,0.0,,,0.0,0.0,0.0,REQ,,,,,0.0,0.0,0.0,0
335023,2.573714,2.573714,2.573714,2.573714,2.573714,2.573714,udp,0.0,,cs0,,63.0,,1.0,,Status,2,2,0,84,84,0,42.0,0.0,130.550629,130.550629,0.0,0,0,0,0.0,,,0.388544,0.388544,0.0,REQ,,,,,0.0,0.0,0.0,0
335090,0.0,0.0,0.0,0.0,0.0,0.0,udp,0.0,,cs0,,63.0,,1.0,,Status,1,1,0,42,42,0,42.0,0.0,0.0,0.0,0.0,0,0,0,0.0,,,0.0,0.0,0.0,REQ,,,,,0.0,0.0,0.0,0
335164,2.578311,2.578311,2.578311,2.578311,2.578311,2.578311,udp,0.0,,cs0,,63.0,,1.0,,Status,2,2,0,84,84,0,42.0,0.0,130.317871,130.317871,0.0,0,0,0,0.0,,,0.387851,0.387851,0.0,REQ,,,,,0.0,0.0,0.0,0
335166,2.578246,2.578246,2.578246,2.578246,2.578246,2.578246,udp,0.0,,cs0,,63.0,,1.0,,Status,2,2,0,84,84,0,42.0,0.0,130.321152,130.321152,0.0,0,0,0,0.0,,,0.387861,0.387861,0.0,REQ,,,,,0.0,0.0,0.0,0
335187,2.578201,2.578201,2.578201,2.578201,2.578201,2.578201,udp,0.0,,cs0,,63.0,,1.0,,Status,2,2,0,84,84,0,42.0,0.0,130.323425,130.323425,0.0,0,0,0,0.0,,,0.387867,0.387867,0.0,REQ,,,,,0.0,0.0,0.0,0
335235,2.573268,2.573268,2.573268,2.573268,2.573268,2.573268,udp,0.0,,cs0,,63.0,,1.0,,Status,2,2,0,84,84,0,42.0,0.0,130.573273,130.573273,0.0,0,0,0,0.0,,,0.388611,0.388611,0.0,REQ,,,,,0.0,0.0,0.0,0
335253,2.573367,2.573367,2.573367,2.573367,2.573367,2.573367,udp,0.0,,cs0,,63.0,,1.0,,Status,2,2,0,84,84,0,42.0,0.0,130.568237,130.568237,0.0,0,0,0,0.0,,,0.388596,0.388596,0.0,REQ,,,,,0.0,0.0,0.0,0
335265,2.577372,2.577372,2.577372,2.577372,2.577372,2.577372,udp,0.0,,cs0,,63.0,,1.0,,Status,2,2,0,84,84,0,42.0,0.0,130.365341,130.365341,0.0,0,0,0,0.0,,,0.387992,0.387992,0.0,REQ,,,,,0.0,0.0,0.0,0
335359,2.582593,2.582593,2.582593,2.582593,2.582593,2.582593,udp,0.0,,cs0,,63.0,,1.0,,Status,2,2,0,84,84,0,42.0,0.0,130.101807,130.101807,0.0,0,0,0,0.0,,,0.387208,0.387208,0.0,REQ,,,,,0.0,0.0,0.0,0
335360,2.582593,2.582593,2.582593,2.582593,2.582593,2.582593,udp,0.0,,cs0,,63.0,,1.0,,Status,2,2,0,84,84,0,42.0,0.0,130.101807,130.101807,0.0,0,0,0,0.0,,,0.387208,0.387208,0.0,REQ,,,,,0.0,0.0,0.0,0
335416,0.0,0.0,0.0,0.0,0.0,0.0,udp,0.0,,cs0,,63.0,,1.0,,Status,1,1,0,42,42,0,42.0,0.0,0.0,0.0,0.0,0,0,0,0.0,,,0.0,0.0,0.0,REQ,,,,,0.0,0.0,0.0,0
335428,2.571969,2.571969,2.571969,2.571969,2.571969,2.571969,udp,0.0,,cs0,,63.0,,1.0,,Status,2,2,0,84,84,0,42.0,0.0,130.639206,130.639206,0.0,0,0,0,0.0,,,0.388807,0.388807,0.0,REQ,,,,,0.0,0.0,0.0,0
335457,2.571842,2.571842,2.571842,2.571842,2.571842,2.571842,udp,0.0,,cs0,,63.0,,1.0,,Status,2,2,0,84,84,0,42.0,0.0,130.64566,130.64566,0.0,0,0,0,0.0,,,0.388826,0.388826,0.0,REQ,,,,,0.0,0.0,0.0,0
335477,2.571793,2.571793,2.571793,2.571793,2.571793,2.571793,udp,0.0,,cs0,,63.0,,1.0,,Status,2,2,0,84,84,0,42.0,0.0,130.648148,130.648148,0.0,0,0,0,0.0,,,0.388834,0.388834,0.0,REQ,,,,,0.0,0.0,0.0,0
335523,2.57189,2.57189,2.57189,2.57189,2.57189,2.57189,udp,0.0,,cs0,,63.0,,1.0,,Status,2,2,0,84,84,0,42.0,0.0,130.643219,130.643219,0.0,0,0,0,0.0,,,0.388819,0.388819,0.0,REQ,,,,,0.0,0.0,0.0,0
335563,0.0,0.0,0.0,0.0,0.0,0.0,udp,0.0,,cs0,,63.0,,1.0,,Start,1,1,0,42,42,0,42.0,0.0,0.0,0.0,0.0,0,0,0,0.0,,,0.0,0.0,0.0,INT,,,,,0.0,0.0,0.0,0
335575,0.0,0.0,0.0,0.0,0.0,0.0,udp,0.0,,cs0,,63.0,,1.0,,Status,1,1,0,42,42,0,42.0,0.0,0.0,0.0,0.0,0,0,0,0.0,,,0.0,0.0,0.0,REQ,,,,,0.0,0.0,0.0,0
335587,2.574558,2.574558,2.574558,2.574558,2.574558,2.574558,udp,0.0,,cs0,,63.0,,1.0,,Status,2,2,0,84,84,0,42.0,0.0,130.507843,130.507843,0.0,0,0,0,0.0,,,0.388416,0.388416,0.0,REQ,,,,,0.0,0.0,0.0,0
335599,2.576691,2.576691,2.576691,2.576691,2.576691,2.576691,udp,0.0,,cs0,,63.0,,1.0,,Status,2,2,0,84,84,0,42.0,0.0,130.399811,130.399811,0.0,0,0,0,0.0,,,0.388095,0.388095,0.0,REQ,,,,,0.0,0.0,0.0,0
335648,2.574743,2.574743,2.574743,2.574743,2.574743,2.574743,udp,0.0,,cs0,,63.0,,1.0,,Status,2,2,0,84,84,0,42.0,0.0,130.498459,130.498459,0.0,0,0,0,0.0,,,0.388388,0.388388,0.0,REQ,,,,,0.0,0.0,0.0,0
335700,0.0,0.0,0.0,0.0,0.0,0.0,udp,0.0,,cs0,,63.0,,1.0,,Status,1,1,0,42,42,0,42.0,0.0,0.0,0.0,0.0,0,0,0,0.0,,,0.0,0.0,0.0,REQ,,,,,0.0,0.0,0.0,0
335733,2.574787,2.574787,2.574787,2.574787,2.574787,2.574787,udp,0.0,,cs0,,63.0,,1.0,,Status,2,2,0,84,84,0,42.0,0.0,130.496231,130.496231,0.0,0,0,0,0.0,,,0.388382,0.388382,0.0,REQ,,,,,0.0,0.0,0.0,0
335748,0.0,0.0,0.0,0.0,0.0,0.0,udp,0.0,,cs0,,63.0,,1.0,,Status,1,1,0,42,42,0,42.0,0.0,0.0,0.0,0.0,0,0,0,0.0,,,0.0,0.0,0.0,REQ,,,,,0.0,0.0,0.0,0
335763,0.0,0.0,0.0,0.0,0.0,0.0,udp,0.0,,cs0,,63.0,,1.0,,Status,1,1,0,42,42,0,42.0,0.0,0.0,0.0,0.0,0,0,0,0.0,,,0.0,0.0,0.0,REQ,,,,,0.0,0.0,0.0,0
335776,0.0,0.0,0.0,0.0,0.0,0.0,udp,0.0,,cs0,,63.0,,1.0,,Status,1,1,0,42,42,0,42.0,0.0,0.0,0.0,0.0,0,0,0,0.0,,,0.0,0.0,0.0,REQ,,,,,0.0,0.0,0.0,0
335822,2.575761,2.575761,2.575761,2.575761,2.575761,2.575761,udp,0.0,,cs0,,63.0,,1.0,,Status,2,2,0,84,84,0,42.0,0.0,130.446884,130.446884,0.0,0,0,0,0.0,,,0.388235,0.388235,0.0,REQ,,,,,0.0,0.0,0.0,0
335866,0.0,0.0,0.0,0.0,0.0,0.0,udp,0.0,,cs0,,63.0,,1.0,,Status,1,1,0,42,42,0,42.0,0.0,0.0,0.0,0.0,0,0,0,0.0,,,0.0,0.0,0.0,REQ,,,,,0.0,0.0,0.0,0
335888,2.581531,2.581531,2.581531,2.581531,2.581531,2.581531,udp,0.0,,cs0,,63.0,,1.0,,Status,2,2,0,84,84,0,42.0,0.0,130.155319,130.155319,0.0,0,0,0,0.0,,,0.387367,0.387367,0.0,REQ,,,,,0.0,0.0,0.0,0
335952,0.0,0.0,0.0,0.0,0.0,0.0,udp,0.0,,cs0,,63.0,,1.0,,Status,1,1,0,42,42,0,42.0,0.0,0.0,0.0,0.0,0,0,0,0.0,,,0.0,0.0,0.0,REQ,,,,,0.0,0.0,0.0,0
335992,0.0,0.0,0.0,0.0,0.0,0.0,udp,0.0,,cs0,,63.0,,1.0,,Status,1,1,0,42,42,0,42.0,0.0,0.0,0.0,0.0,0,0,0,0.0,,,0.0,0.0,0.0,REQ,,,,,0.0,0.0,0.0,0
336154,0.0,0.0,0.0,0.0,0.0,0.0,udp,0.0,,cs0,,63.0,,1.0,,Status,1,1,0,42,42,0,42.0,0.0,0.0,0.0,0.0,0,0,0,0.0,,,0.0,0.0,0.0,REQ,,,,,0.0,0.0,0.0,0
336197,0.0,0.0,0.0,0.0,0.0,0.0,udp,0.0,,cs0,,63.0,,1.0,,Status,1,1,0,42,42,0,42.0,0.0,0.0,0.0,0.0,0,0,0,0.0,,,0.0,0.0,0.0,REQ,,,,,0.0,0.0,0.0,0
336225,2.572085,2.572085,2.572085,2.572085,2.572085,2.572085,udp,0.0,,cs0,,63.0,,1.0,,Status,2,2,0,84,84,0,42.0,0.0,130.633331,130.633331,0.0,0,0,0,0.0,,,0.38879,0.38879,0.0,REQ,,,,,0.0,0.0,0.0,0
336259,2.571222,2.571222,2.571222,2.571222,2.571222,2.571222,udp,0.0,,cs0,,63.0,,1.0,,Status,2,2,0,84,84,0,42.0,0.0,130.677155,130.677155,0.0,0,0,0,0.0,,,0.38892,0.38892,0.0,REQ,,,,,0.0,0.0,0.0,0
336307,2.567632,2.567632,2.567632,2.567632,2.567632,2.567632,udp,0.0,,cs0,,63.0,,1.0,,Status,2,2,0,84,84,0,42.0,0.0,130.859879,130.859879,0.0,0,0,0,0.0,,,0.389464,0.389464,0.0,REQ,,,,,0.0,0.0,0.0,0
336391,2.573348,2.573348,2.573348,2.573348,2.573348,2.573348,udp,0.0,,cs0,,63.0,,1.0,,Start,2,2,0,84,84,0,42.0,0.0,130.569199,130.569199,0.0,0,0,0,0.0,,,0.388599,0.388599,0.0,INT,,,,,0.0,0.0,0.0,0
336395,2.574221,2.574221,2.574221,2.574221,2.574221,2.574221,udp,0.0,,cs0,,63.0,,1.0,,Status,2,2,0,84,84,0,42.0,0.0,130.524933,130.524933,0.0,0,0,0,0.0,,,0.388467,0.388467,0.0,REQ,,,,,0.0,0.0,0.0,0
336417,2.575785,2.575785,2.575785,2.575785,2.575785,2.575785,udp,0.0,,cs0,,63.0,,1.0,,Status,2,2,0,84,84,0,42.0,0.0,130.445679,130.445679,0.0,0,0,0,0.0,,,0.388231,0.388231,0.0,REQ,,,,,0.0,0.0,0.0,0
336478,0.0,0.0,0.0,0.0,0.0,0.0,udp,0.0,,cs0,,63.0,,1.0,,Status,1,1,0,42,42,0,42.0,0.0,0.0,0.0,0.0,0,0,0,0.0,,,0.0,0.0,0.0,REQ,,,,,0.0,0.0,0.0,0
336631,2.57469,2.57469,2.57469,2.57469,2.57469,2.57469,udp,0.0,,cs0,,63.0,,1.0,,Status,2,2,0,84,84,0,42.0,0.0,130.501144,130.501144,0.0,0,0,0,0.0,,,0.388396,0.388396,0.0,REQ,,,,,0.0,0.0,0.0,0
336691,2.574652,2.574652,2.574652,2.574652,2.574652,2.574652,udp,0.0,,cs0,,63.0,,1.0,,Status,2,2,0,84,84,0,42.0,0.0,130.503082,130.503082,0.0,0,0,0,0.0,,,0.388402,0.388402,0.0,REQ,,,,,0.0,0.0,0.0,0
336710,2.577865,2.577865,2.577865,2.577865,2.577865,2.577865,udp,0.0,,cs0,,63.0,,1.0,,Status,2,2,0,84,84,0,42.0,0.0,130.340424,130.340424,0.0,0,0,0,0.0,,,0.387918,0.387918,0.0,REQ,,,,,0.0,0.0,0.0,0
336728,2.57523,2.57523,2.57523,2.57523,2.57523,2.57523,udp,0.0,,cs0,,63.0,,1.0,,Status,2,2,0,84,84,0,42.0,0.0,130.473785,130.473785,0.0,0,0,0,0.0,,,0.388315,0.388315,0.0,REQ,,,,,0.0,0.0,0.0,0
336731,2.574251,2.574251,2.574251,2.574251,2.574251,2.574251,udp,0.0,,cs0,,63.0,,1.0,,Status,2,2,0,84,84,0,42.0,0.0,130.523407,130.523407,0.0,0,0,0,0.0,,,0.388463,0.388463,0.0,REQ,,,,,0.0,0.0,0.0,0
336772,2.572038,2.572038,2.572038,2.572038,2.572038,2.572038,udp,0.0,,cs0,,63.0,,1.0,,Status,2,2,0,84,84,0,42.0,0.0,130.635712,130.635712,0.0,0,0,0,0.0,,,0.388797,0.388797,0.0,REQ,,,,,0.0,0.0,0.0,0
336786,0.0,0.0,0.0,0.0,0.0,0.0,udp,0.0,,cs0,,63.0,,1.0,,Status,1,1,0,42,42,0,42.0,0.0,0.0,0.0,0.0,0,0,0,0.0,,,0.0,0.0,0.0,REQ,,,,,0.0,0.0,0.0,0
336826,2.575236,2.575236,2.575236,2.575236,2.575236,2.575236,udp,0.0,,cs0,,63.0,,1.0,,Status,2,2,0,84,84,0,42.0,0.0,130.47348,130.47348,0.0,0,0,0,0.0,,,0.388314,0.388314,0.0,REQ,,,,,0.0,0.0,0.0,0
336884,2.574595,2.574595,2.574595,2.574595,2.574595,2.574595,udp,0.0,,cs0,,63.0,,1.0,,Status,2,2,0,84,84,0,42.0,0.0,130.505966,130.505966,0.0,0,0,0,0.0,,,0.388411,0.388411,0.0,REQ,,,,,0.0,0.0,0.0,0
336996,2.575526,2.575526,2.575526,2.575526,2.575526,2.575526,udp,0.0,,cs0,,63.0,,1.0,,Status,2,2,0,84,84,0,42.0,0.0,130.458786,130.458786,0.0,0,0,0,0.0,,,0.38827,0.38827,0.0,REQ,,,,,0.0,0.0,0.0,0
337070,2.570345,2.570345,2.570345,2.570345,2.570345,2.570345,udp,0.0,,cs0,,63.0,,1.0,,Status,2,2,0,84,84,0,42.0,0.0,130.721756,130.721756,0.0,0,0,0,0.0,,,0.389053,0.389053,0.0,REQ,,,,,0.0,0.0,0.0,0
337086,0.0,0.0,0.0,0.0,0.0,0.0,udp,0.0,,cs0,,63.0,,1.0,,Status,1,1,0,42,42,0,42.0,0.0,0.0,0.0,0.0,0,0,0,0.0,,,0.0,0.0,0.0,REQ,,,,,0.0,0.0,0.0,0
337096,0.0,0.0,0.0,0.0,0.0,0.0,udp,0.0,,cs0,,63.0,,1.0,,Status,1,1,0,42,42,0,42.0,0.0,0.0,0.0,0.0,0,0,0,0.0,,,0.0,0.0,0.0,REQ,,,,,0.0,0.0,0.0,0
337105,2.568264,2.568264,2.568264,2.568264,2.568264,2.568264,udp,0.0,,cs0,,63.0,,1.0,,Status,2,2,0,84,84,0,42.0,0.0,130.827667,130.827667,0.0,0,0,0,0.0,,,0.389368,0.389368,0.0,REQ,,,,,0.0,0.0,0.0,0
337109,2.566281,2.566281,2.566281,2.566281,2.566281,2.566281,udp,0.0,,cs0,,63.0,,1.0,,Status,2,2,0,84,84,0,42.0,0.0,130.928757,130.928757,0.0,0,0,0,0.0,,,0.389669,0.389669,0.0,REQ,,,,,0.0,0.0,0.0,0
337164,2.567701,2.567701,2.567701,2.567701,2.567701,2.567701,udp,0.0,,cs0,,63.0,,1.0,,Status,2,2,0,84,84,0,42.0,0.0,130.856354,130.856354,0.0,0,0,0,0.0,,,0.389453,0.389453,0.0,REQ,,,,,0.0,0.0,0.0,0
337287,2.572306,2.572306,2.572306,2.572306,2.572306,2.572306,udp,0.0,,cs0,,63.0,,1.0,,Status,2,2,0,84,84,0,42.0,0.0,130.622101,130.622101,0.0,0,0,0,0.0,,,0.388756,0.388756,0.0,REQ,,,,,0.0,0.0,0.0,0
337318,0.0,0.0,0.0,0.0,0.0,0.0,udp,0.0,,cs0,,63.0,,1.0,,Start,1,1,0,42,42,0,42.0,0.0,0.0,0.0,0.0,0,0,0,0.0,,,0.0,0.0,0.0,INT,,,,,0.0,0.0,0.0,0
337448,2.571186,2.571186,2.571186,2.571186,2.571186,2.571186,udp,0.0,,cs0,,63.0,,1.0,,Status,2,2,0,84,84,0,42.0,0.0,130.678986,130.678986,0.0,0,0,0,0.0,,,0.388926,0.388926,0.0,REQ,,,,,0.0,0.0,0.0,0
337534,0.0,0.0,0.0,0.0,0.0,0.0,udp,0.0,,cs0,,63.0,,1.0,,Status,1,1,0,42,42,0,42.0,0.0,0.0,0.0,0.0,0,0,0,0.0,,,0.0,0.0,0.0,REQ,,,,,0.0,0.0,0.0,0
337538,2.573965,2.573965,2.573965,2.573965,2.573965,2.573965,udp,0.0,,cs0,,63.0,,1.0,,Status,2,2,0,84,84,0,42.0,0.0,130.537903,130.537903,0.0,0,0,0,0.0,,,0.388506,0.388506,0.0,REQ,,,,,0.0,0.0,0.0,0
337583,0.0,0.0,0.0,0.0,0.0,0.0,udp,0.0,,cs0,,63.0,,1.0,,Status,1,1,0,42,42,0,42.0,0.0,0.0,0.0,0.0,0,0,0,0.0,,,0.0,0.0,0.0,REQ,,,,,0.0,0.0,0.0,0
337630,0.0,0.0,0.0,0.0,0.0,0.0,udp,0.0,,cs0,,63.0,,1.0,,Status,1,1,0,42,42,0,42.0,0.0,0.0,0.0,0.0,0,0,0,0.0,,,0.0,0.0,0.0,REQ,,,,,0.0,0.0,0.0,0
337706,2.577016,2.577016,2.577016,2.577016,2.577016,2.577016,udp,0.0,,cs0,,63.0,,1.0,,Status,2,2,0,84,84,0,42.0,0.0,130.383347,130.383347,0.0,0,0,0,0.0,,,0.388046,0.388046,0.0,REQ,,,,,0.0,0.0,0.0,0
337709,2.577017,2.577017,2.577017,2.577017,2.577017,2.577017,udp,0.0,,cs0,,63.0,,1.0,,Status,2,2,0,84,84,0,42.0,0.0,130.383301,130.383301,0.0,0,0,0,0.0,,,0.388046,0.388046,0.0,REQ,,,,,0.0,0.0,0.0,0
337714,0.0,0.0,0.0,0.0,0.0,0.0,udp,0.0,,cs0,,63.0,,1.0,,Status,1,1,0,42,42,0,42.0,0.0,0.0,0.0,0.0,0,0,0,0.0,,,0.0,0.0,0.0,REQ,,,,,0.0,0.0,0.0,0
337806,0.0,0.0,0.0,0.0,0.0,0.0,udp,0.0,,cs0,,63.0,,1.0,,Status,1,1,0,42,42,0,42.0,0.0,0.0,0.0,0.0,0,0,0,0.0,,,0.0,0.0,0.0,REQ,,,,,0.0,0.0,0.0,0
337936,0.0,0.0,0.0,0.0,0.0,0.0,udp,0.0,,cs0,,63.0,,1.0,,Status,1,1,0,42,42,0,42.0,0.0,0.0,0.0,0.0,0,0,0,0.0,,,0.0,0.0,0.0,REQ,,,,,0.0,0.0,0.0,0
337952,2.576753,2.576753,2.576753,2.576753,2.576753,2.576753,udp,0.0,,cs0,,63.0,,1.0,,Status,2,2,0,84,84,0,42.0,0.0,130.396667,130.396667,0.0,0,0,0,0.0,,,0.388085,0.388085,0.0,REQ,,,,,0.0,0.0,0.0,0
337953,2.576753,2.576753,2.576753,2.576753,2.576753,2.576753,udp,0.0,,cs0,,63.0,,1.0,,Status,2,2,0,84,84,0,42.0,0.0,130.396667,130.396667,0.0,0,0,0,0.0,,,0.388085,0.388085,0.0,REQ,,,,,0.0,0.0,0.0,0
337998,2.571454,2.571454,2.571454,2.571454,2.571454,2.571454,udp,0.0,,cs0,,63.0,,1.0,,Start,2,2,0,84,84,0,42.0,0.0,130.665375,130.665375,0.0,0,0,0,0.0,,,0.388885,0.388885,0.0,INT,,,,,0.0,0.0,0.0,0
338035,0.0,0.0,0.0,0.0,0.0,0.0,udp,0.0,,cs0,,63.0,,1.0,,Status,1,1,0,42,42,0,42.0,0.0,0.0,0.0,0.0,0,0,0,0.0,,,0.0,0.0,0.0,REQ,,,,,0.0,0.0,0.0,0
338093,0.0,0.0,0.0,0.0,0.0,0.0,udp,0.0,,cs0,,63.0,,1.0,,Status,1,1,0,42,42,0,42.0,0.0,0.0,0.0,0.0,0,0,0,0.0,,,0.0,0.0,0.0,REQ,,,,,0.0,0.0,0.0,0
338109,0.0,0.0,0.0,0.0,0.0,0.0,udp,0.0,,cs0,,63.0,,1.0,,Status,1,1,0,42,42,0,42.0,0.0,0.0,0.0,0.0,0,0,0,0.0,,,0.0,0.0,0.0,REQ,,,,,0.0,0.0,0.0,0
338121,2.575362,2.575362,2.575362,2.575362,2.575362,2.575362,udp,0.0,,cs0,,63.0,,1.0,,Status,2,2,0,84,84,0,42.0,0.0,130.467102,130.467102,0.0,0,0,0,0.0,,,0.388295,0.388295,0.0,REQ,,,,,0.0,0.0,0.0,0
338161,2.575273,2.575273,2.575273,2.575273,2.575273,2.575273,udp,0.0,,cs0,,63.0,,1.0,,Status,2,2,0,84,84,0,42.0,0.0,130.471603,130.471603,0.0,0,0,0,0.0,,,0.388308,0.388308,0.0,REQ,,,,,0.0,0.0,0.0,0
338188,0.0,0.0,0.0,0.0,0.0,0.0,udp,0.0,,cs0,,63.0,,1.0,,Status,1,1,0,42,42,0,42.0,0.0,0.0,0.0,0.0,0,0,0,0.0,,,0.0,0.0,0.0,REQ,,,,,0.0,0.0,0.0,0
338199,0.0,0.0,0.0,0.0,0.0,0.0,udp,0.0,,cs0,,63.0,,1.0,,Status,1,1,0,42,42,0,42.0,0.0,0.0,0.0,0.0,0,0,0,0.0,,,0.0,0.0,0.0,REQ,,,,,0.0,0.0,0.0,0
338293,2.578802,2.578802,2.578802,2.578802,2.578802,2.578802,udp,0.0,,cs0,,63.0,,1.0,,Status,2,2,0,84,84,0,42.0,0.0,130.29306,130.29306,0.0,0,0,0,0.0,,,0.387777,0.387777,0.0,REQ,,,,,0.0,0.0,0.0,0
338296,0.0,0.0,0.0,0.0,0.0,0.0,udp,0.0,,cs0,,63.0,,1.0,,Status,1,1,0,42,42,0,42.0,0.0,0.0,0.0,0.0,0,0,0,0.0,,,0.0,0.0,0.0,REQ,,,,,0.0,0.0,0.0,0
338328,2.58141,2.58141,2.58141,2.58141,2.58141,2.58141,udp,0.0,,cs0,,63.0,,1.0,,Status,2,2,0,84,84,0,42.0,0.0,130.161423,130.161423,0.0,0,0,0,0.0,,,0.387385,0.387385,0.0,REQ,,,,,0.0,0.0,0.0,0
338336,2.578431,2.578431,2.578431,2.578431,2.578431,2.578431,udp,0.0,,cs0,,63.0,,1.0,,Status,2,2,0,84,84,0,42.0,0.0,130.311813,130.311813,0.0,0,0,0,0.0,,,0.387833,0.387833,0.0,REQ,,,,,0.0,0.0,0.0,0
338378,2.575103,2.575103,2.575103,2.575103,2.575103,2.575103,udp,0.0,,cs0,,63.0,,1.0,,Status,2,2,0,84,84,0,42.0,0.0,130.480209,130.480209,0.0,0,0,0,0.0,,,0.388334,0.388334,0.0,REQ,,,,,0.0,0.0,0.0,0
338380,2.575104,2.575104,2.575104,2.575104,2.575104,2.575104,udp,0.0,,cs0,,63.0,,1.0,,Status,2,2,0,84,84,0,42.0,0.0,130.480164,130.480164,0.0,0,0,0,0.0,,,0.388334,0.388334,0.0,REQ,,,,,0.0,0.0,0.0,0
338403,2.574937,2.574937,2.574937,2.574937,2.574937,2.574937,udp,0.0,,cs0,,63.0,,1.0,,Status,2,2,0,84,84,0,42.0,0.0,130.488617,130.488617,0.0,0,0,0,0.0,,,0.388359,0.388359,0.0,REQ,,,,,0.0,0.0,0.0,0
338404,2.574937,2.574937,2.574937,2.574937,2.574937,2.574937,udp,0.0,,cs0,,63.0,,1.0,,Status,2,2,0,84,84,0,42.0,0.0,130.488617,130.488617,0.0,0,0,0,0.0,,,0.388359,0.388359,0.0,REQ,,,,,0.0,0.0,0.0,0
338520,0.0,0.0,0.0,0.0,0.0,0.0,udp,0.0,,cs0,,63.0,,1.0,,Status,1,1,0,42,42,0,42.0,0.0,0.0,0.0,0.0,0,0,0,0.0,,,0.0,0.0,0.0,REQ,,,,,0.0,0.0,0.0,0
338533,0.0,0.0,0.0,0.0,0.0,0.0,udp,0.0,,cs0,,63.0,,1.0,,Status,1,1,0,42,42,0,42.0,0.0,0.0,0.0,0.0,0,0,0,0.0,,,0.0,0.0,0.0,REQ,,,,,0.0,0.0,0.0,0
338548,2.573182,2.573182,2.573182,2.573182,2.573182,2.573182,udp,0.0,,cs0,,63.0,,1.0,,Status,2,2,0,84,84,0,42.0,0.0,130.577621,130.577621,0.0,0,0,0,0.0,,,0.388624,0.388624,0.0,REQ,,,,,0.0,0.0,0.0,0
338596,0.0,0.0,0.0,0.0,0.0,0.0,udp,0.0,,cs0,,63.0,,1.0,,Status,1,1,0,42,42,0,42.0,0.0,0.0,0.0,0.0,0,0,0,0.0,,,0.0,0.0,0.0,REQ,,,,,0.0,0.0,0.0,0
338615,0.0,0.0,0.0,0.0,0.0,0.0,udp,0.0,,cs0,,63.0,,1.0,,Status,1,1,0,42,42,0,42.0,0.0,0.0,0.0,0.0,0,0,0,0.0,,,0.0,0.0,0.0,REQ,,,,,0.0,0.0,0.0,0
338653,0.0,0.0,0.0,0.0,0.0,0.0,udp,0.0,,cs0,,63.0,,1.0,,Status,1,1,0,42,42,0,42.0,0.0,0.0,0.0,0.0,0,0,0,0.0,,,0.0,0.0,0.0,REQ,,,,,0.0,0.0,0.0,0
338776,2.57702,2.57702,2.57702,2.57702,2.57702,2.57702,udp,0.0,,cs0,,63.0,,1.0,,Status,2,2,0,84,84,0,42.0,0.0,130.383163,130.383163,0.0,0,0,0,0.0,,,0.388045,0.388045,0.0,REQ,,,,,0.0,0.0,0.0,0
338779,2.57702,2.57702,2.57702,2.57702,2.57702,2.57702,udp,0.0,,cs0,,63.0,,1.0,,Status,2,2,0,84,84,0,42.0,0.0,130.383163,130.383163,0.0,0,0,0,0.0,,,0.388045,0.388045,0.0,REQ,,,,,0.0,0.0,0.0,0
338840,0.0,0.0,0.0,0.0,0.0,0.0,udp,0.0,,cs0,,63.0,,1.0,,Status,1,1,0,42,42,0,42.0,0.0,0.0,0.0,0.0,0,0,0,0.0,,,0.0,0.0,0.0,REQ,,,,,0.0,0.0,0.0,0
338852,0.0,0.0,0.0,0.0,0.0,0.0,udp,0.0,,cs0,,63.0,,1.0,,Status,1,1,0,42,42,0,42.0,0.0,0.0,0.0,0.0,0,0,0,0.0,,,0.0,0.0,0.0,REQ,,,,,0.0,0.0,0.0,0
338855,0.0,0.0,0.0,0.0,0.0,0.0,udp,0.0,,cs0,,63.0,,1.0,,Status,1,1,0,42,42,0,42.0,0.0,0.0,0.0,0.0,0,0,0,0.0,,,0.0,0.0,0.0,REQ,,,,,0.0,0.0,0.0,0
338874,2.577597,2.577597,2.577597,2.577597,2.577597,2.577597,udp,0.0,,cs0,,63.0,,1.0,,Status,2,2,0,84,84,0,42.0,0.0,130.353973,130.353973,0.0,0,0,0,0.0,,,0.387958,0.387958,0.0,REQ,,,,,0.0,0.0,0.0,0
339024,0.0,0.0,0.0,0.0,0.0,0.0,udp,0.0,,cs0,,63.0,,1.0,,Status,1,1,0,42,42,0,42.0,0.0,0.0,0.0,0.0,0,0,0,0.0,,,0.0,0.0,0.0,REQ,,,,,0.0,0.0,0.0,0
339096,2.575628,2.575628,2.575628,2.575628,2.575628,2.575628,udp,0.0,,cs0,,63.0,,1.0,,Status,2,2,0,84,84,0,42.0,0.0,130.453613,130.453613,0.0,0,0,0,0.0,,,0.388255,0.388255,0.0,REQ,,,,,0.0,0.0,0.0,0
339105,2.571629,2.571629,2.571629,2.571629,2.571629,2.571629,udp,0.0,,cs0,,63.0,,1.0,,Status,2,2,0,84,84,0,42.0,0.0,130.656479,130.656479,0.0,0,0,0,0.0,,,0.388859,0.388859,0.0,REQ,,,,,0.0,0.0,0.0,0
339138,2.571655,2.571655,2.571655,2.571655,2.571655,2.571655,udp,0.0,,cs0,,63.0,,1.0,,Status,2,2,0,84,84,0,42.0,0.0,130.655167,130.655167,0.0,0,0,0,0.0,,,0.388855,0.388855,0.0,REQ,,,,,0.0,0.0,0.0,0
339203,2.577097,2.577097,2.577097,2.577097,2.577097,2.577097,udp,0.0,,cs0,,63.0,,1.0,,Status,2,2,0,84,84,0,42.0,0.0,130.379257,130.379257,0.0,0,0,0,0.0,,,0.388034,0.388034,0.0,REQ,,,,,0.0,0.0,0.0,0
339249,0.0,0.0,0.0,0.0,0.0,0.0,udp,0.0,,cs0,,63.0,,1.0,,Status,1,1,0,42,42,0,42.0,0.0,0.0,0.0,0.0,0,0,0,0.0,,,0.0,0.0,0.0,REQ,,,,,0.0,0.0,0.0,0
339281,2.577586,2.577586,2.577586,2.577586,2.577586,2.577586,udp,0.0,,cs0,,63.0,,1.0,,Status,2,2,0,84,84,0,42.0,0.0,130.354523,130.354523,0.0,0,0,0,0.0,,,0.38796,0.38796,0.0,REQ,,,,,0.0,0.0,0.0,0
339297,2.573575,2.573575,2.573575,2.573575,2.573575,2.573575,udp,0.0,,cs0,,63.0,,1.0,,Start,2,2,0,84,84,0,42.0,0.0,130.557693,130.557693,0.0,0,0,0,0.0,,,0.388565,0.388565,0.0,INT,,,,,0.0,0.0,0.0,0
339343,0.0,0.0,0.0,0.0,0.0,0.0,udp,0.0,,cs0,,63.0,,1.0,,Status,1,1,0,42,42,0,42.0,0.0,0.0,0.0,0.0,0,0,0,0.0,,,0.0,0.0,0.0,REQ,,,,,0.0,0.0,0.0,0
339358,2.572803,2.572803,2.572803,2.572803,2.572803,2.572803,udp,0.0,,cs0,,63.0,,1.0,,Status,2,2,0,84,84,0,42.0,0.0,130.596863,130.596863,0.0,0,0,0,0.0,,,0.388681,0.388681,0.0,REQ,,,,,0.0,0.0,0.0,0
339406,2.57965,2.57965,2.57965,2.57965,2.57965,2.57965,udp,0.0,,cs0,,63.0,,1.0,,Status,2,2,0,84,84,0,42.0,0.0,130.250229,130.250229,0.0,0,0,0,0.0,,,0.38765,0.38765,0.0,REQ,,,,,0.0,0.0,0.0,0
339419,2.577192,2.577192,2.577192,2.577192,2.577192,2.577192,udp,0.0,,cs0,,63.0,,1.0,,Start,2,2,0,84,84,0,42.0,0.0,130.374451,130.374451,0.0,0,0,0,0.0,,,0.388019,0.388019,0.0,INT,,,,,0.0,0.0,0.0,0
339460,2.573849,2.573849,2.573849,2.573849,2.573849,2.573849,udp,0.0,,cs0,,63.0,,1.0,,Status,2,2,0,84,84,0,42.0,0.0,130.543793,130.543793,0.0,0,0,0,0.0,,,0.388523,0.388523,0.0,REQ,,,,,0.0,0.0,0.0,0
339461,2.573849,2.573849,2.573849,2.573849,2.573849,2.573849,udp,0.0,,cs0,,63.0,,1.0,,Status,2,2,0,84,84,0,42.0,0.0,130.543793,130.543793,0.0,0,0,0,0.0,,,0.388523,0.388523,0.0,REQ,,,,,0.0,0.0,0.0,0
339467,0.0,0.0,0.0,0.0,0.0,0.0,udp,0.0,,cs0,,63.0,,1.0,,Status,1,1,0,42,42,0,42.0,0.0,0.0,0.0,0.0,0,0,0,0.0,,,0.0,0.0,0.0,REQ,,,,,0.0,0.0,0.0,0
339474,2.57384,2.57384,2.57384,2.57384,2.57384,2.57384,udp,0.0,,cs0,,63.0,,1.0,,Status,2,2,0,84,84,0,42.0,0.0,130.54425,130.54425,0.0,0,0,0,0.0,,,0.388525,0.388525,0.0,REQ,,,,,0.0,0.0,0.0,0
339498,0.0,0.0,0.0,0.0,0.0,0.0,udp,0.0,,cs0,,63.0,,1.0,,Status,1,1,0,42,42,0,42.0,0.0,0.0,0.0,0.0,0,0,0,0.0,,,0.0,0.0,0.0,REQ,,,,,0.0,0.0,0.0,0
339508,0.0,0.0,0.0,0.0,0.0,0.0,udp,0.0,,cs0,,63.0,,1.0,,Status,1,1,0,42,42,0,42.0,0.0,0.0,0.0,0.0,0,0,0,0.0,,,0.0,0.0,0.0,REQ,,,,,0.0,0.0,0.0,0
339517,0.0,0.0,0.0,0.0,0.0,0.0,udp,0.0,,cs0,,63.0,,1.0,,Status,1,1,0,42,42,0,42.0,0.0,0.0,0.0,0.0,0,0,0,0.0,,,0.0,0.0,0.0,REQ,,,,,0.0,0.0,0.0,0
339526,0.0,0.0,0.0,0.0,0.0,0.0,udp,0.0,,cs0,,63.0,,1.0,,Status,1,1,0,42,42,0,42.0,0.0,0.0,0.0,0.0,0,0,0,0.0,,,0.0,0.0,0.0,REQ,,,,,0.0,0.0,0.0,0
339594,2.578375,2.578375,2.578375,2.578375,2.578375,2.578375,udp,0.0,,cs0,,63.0,,1.0,,Status,2,2,0,84,84,0,42.0,0.0,130.314636,130.314636,0.0,0,0,0,0.0,,,0.387841,0.387841,0.0,REQ,,,,,0.0,0.0,0.0,0
339624,2.573717,2.573717,2.573717,2.573717,2.573717,2.573717,udp,0.0,,cs0,,63.0,,1.0,,Status,2,2,0,84,84,0,42.0,0.0,130.550476,130.550476,0.0,0,0,0,0.0,,,0.388543,0.388543,0.0,REQ,,,,,0.0,0.0,0.0,0
339650,0.0,0.0,0.0,0.0,0.0,0.0,udp,0.0,,cs0,,63.0,,1.0,,Status,1,1,0,42,42,0,42.0,0.0,0.0,0.0,0.0,0,0,0,0.0,,,0.0,0.0,0.0,REQ,,,,,0.0,0.0,0.0,0
339666,0.0,0.0,0.0,0.0,0.0,0.0,udp,0.0,,cs0,,63.0,,1.0,,Status,1,1,0,42,42,0,42.0,0.0,0.0,0.0,0.0,0,0,0,0.0,,,0.0,0.0,0.0,REQ,,,,,0.0,0.0,0.0,0
339689,2.572799,2.572799,2.572799,2.572799,2.572799,2.572799,udp,0.0,,cs0,,63.0,,1.0,,Status,2,2,0,84,84,0,42.0,0.0,130.597061,130.597061,0.0,0,0,0,0.0,,,0.388682,0.388682,0.0,REQ,,,,,0.0,0.0,0.0,0
339693,0.0,0.0,0.0,0.0,0.0,0.0,udp,0.0,,cs0,,63.0,,1.0,,Status,1,1,0,42,42,0,42.0,0.0,0.0,0.0,0.0,0,0,0,0.0,,,0.0,0.0,0.0,REQ,,,,,0.0,0.0,0.0,0
339725,2.572824,2.572824,2.572824,2.572824,2.572824,2.572824,udp,0.0,,cs0,,63.0,,1.0,,Status,2,2,0,84,84,0,42.0,0.0,130.595795,130.595795,0.0,0,0,0,0.0,,,0.388678,0.388678,0.0,REQ,,,,,0.0,0.0,0.0,0
339766,0.0,0.0,0.0,0.0,0.0,0.0,udp,0.0,,cs0,,63.0,,1.0,,Status,1,1,0,42,42,0,42.0,0.0,0.0,0.0,0.0,0,0,0,0.0,,,0.0,0.0,0.0,REQ,,,,,0.0,0.0,0.0,0
339804,0.0,0.0,0.0,0.0,0.0,0.0,udp,0.0,,cs0,,63.0,,1.0,,Status,1,1,0,42,42,0,42.0,0.0,0.0,0.0,0.0,0,0,0,0.0,,,0.0,0.0,0.0,REQ,,,,,0.0,0.0,0.0,0
339863,0.0,0.0,0.0,0.0,0.0,0.0,udp,0.0,,cs0,,63.0,,1.0,,Status,1,1,0,42,42,0,42.0,0.0,0.0,0.0,0.0,0,0,0,0.0,,,0.0,0.0,0.0,REQ,,,,,0.0,0.0,0.0,0
339883,0.0,0.0,0.0,0.0,0.0,0.0,udp,0.0,,cs0,,63.0,,1.0,,Status,1,1,0,42,42,0,42.0,0.0,0.0,0.0,0.0,0,0,0,0.0,,,0.0,0.0,0.0,REQ,,,,,0.0,0.0,0.0,0
339949,2.572299,2.572299,2.572299,2.572299,2.572299,2.572299,udp,0.0,,cs0,,63.0,,1.0,,Status,2,2,0,84,84,0,42.0,0.0,130.622452,130.622452,0.0,0,0,0,0.0,,,0.388757,0.388757,0.0,REQ,,,,,0.0,0.0,0.0,0
340107,0.0,0.0,0.0,0.0,0.0,0.0,udp,0.0,,cs0,,63.0,,1.0,,Status,1,1,0,42,42,0,42.0,0.0,0.0,0.0,0.0,0,0,0,0.0,,,0.0,0.0,0.0,REQ,,,,,0.0,0.0,0.0,0
340115,2.573051,2.573051,2.573051,2.573051,2.573051,2.573051,udp,0.0,,cs0,,63.0,,1.0,,Status,2,2,0,84,84,0,42.0,0.0,130.584274,130.584274,0.0,0,0,0,0.0,,,0.388644,0.388644,0.0,REQ,,,,,0.0,0.0,0.0,0
340196,2.573042,2.573042,2.573042,2.573042,2.573042,2.573042,udp,0.0,,cs0,,63.0,,1.0,,Status,2,2,0,84,84,0,42.0,0.0,130.584732,130.584732,0.0,0,0,0,0.0,,,0.388645,0.388645,0.0,REQ,,,,,0.0,0.0,0.0,0
340205,0.0,0.0,0.0,0.0,0.0,0.0,udp,0.0,,cs0,,63.0,,1.0,,Status,1,1,0,42,42,0,42.0,0.0,0.0,0.0,0.0,0,0,0,0.0,,,0.0,0.0,0.0,REQ,,,,,0.0,0.0,0.0,0
340251,2.573012,2.573012,2.573012,2.573012,2.573012,2.573012,udp,0.0,,cs0,,63.0,,1.0,,Start,2,2,0,84,84,0,42.0,0.0,130.586243,130.586243,0.0,0,0,0,0.0,,,0.38865,0.38865,0.0,INT,,,,,0.0,0.0,0.0,0
340275,0.0,0.0,0.0,0.0,0.0,0.0,udp,0.0,,cs0,,63.0,,1.0,,Status,1,1,0,42,42,0,42.0,0.0,0.0,0.0,0.0,0,0,0,0.0,,,0.0,0.0,0.0,REQ,,,,,0.0,0.0,0.0,0
340326,2.582226,2.582226,2.582226,2.582226,2.582226,2.582226,udp,0.0,,cs0,,63.0,,1.0,,Status,2,2,0,84,84,0,42.0,0.0,130.120285,130.120285,0.0,0,0,0,0.0,,,0.387263,0.387263,0.0,REQ,,,,,0.0,0.0,0.0,0
340339,2.587178,2.587178,2.587178,2.587178,2.587178,2.587178,udp,0.0,,cs0,,63.0,,1.0,,Status,2,2,0,84,84,0,42.0,0.0,129.871231,129.871231,0.0,0,0,0,0.0,,,0.386522,0.386522,0.0,REQ,,,,,0.0,0.0,0.0,0
340370,0.0,0.0,0.0,0.0,0.0,0.0,udp,0.0,,cs0,,63.0,,1.0,,Status,1,1,0,42,42,0,42.0,0.0,0.0,0.0,0.0,0,0,0,0.0,,,0.0,0.0,0.0,REQ,,,,,0.0,0.0,0.0,0
340391,0.0,0.0,0.0,0.0,0.0,0.0,udp,0.0,,cs0,,63.0,,1.0,,Status,1,1,0,42,42,0,42.0,0.0,0.0,0.0,0.0,0,0,0,0.0,,,0.0,0.0,0.0,REQ,,,,,0.0,0.0,0.0,0
340419,0.0,0.0,0.0,0.0,0.0,0.0,udp,0.0,,cs0,,63.0,,1.0,,Status,1,1,0,42,42,0,42.0,0.0,0.0,0.0,0.0,0,0,0,0.0,,,0.0,0.0,0.0,REQ,,,,,0.0,0.0,0.0,0
340425,0.0,0.0,0.0,0.0,0.0,0.0,udp,0.0,,cs0,,63.0,,1.0,,Status,1,1,0,42,42,0,42.0,0.0,0.0,0.0,0.0,0,0,0,0.0,,,0.0,0.0,0.0,REQ,,,,,0.0,0.0,0.0,0
340430,0.0,0.0,0.0,0.0,0.0,0.0,udp,0.0,,cs0,,63.0,,1.0,,Status,1,1,0,42,42,0,42.0,0.0,0.0,0.0,0.0,0,0,0,0.0,,,0.0,0.0,0.0,REQ,,,,,0.0,0.0,0.0,0
340485,2.571976,2.571976,2.571976,2.571976,2.571976,2.571976,udp,0.0,,cs0,,63.0,,1.0,,Start,2,2,0,84,84,0,42.0,0.0,130.638855,130.638855,0.0,0,0,0,0.0,,,0.388806,0.388806,0.0,INT,,,,,0.0,0.0,0.0,0
340517,2.5775,2.5775,2.5775,2.5775,2.5775,2.5775,udp,0.0,,cs0,,63.0,,1.0,,Status,2,2,0,84,84,0,42.0,0.0,130.358871,130.358871,0.0,0,0,0,0.0,,,0.387973,0.387973,0.0,REQ,,,,,0.0,0.0,0.0,0
340540,0.0,0.0,0.0,0.0,0.0,0.0,udp,0.0,,cs0,,63.0,,1.0,,Status,1,1,0,42,42,0,42.0,0.0,0.0,0.0,0.0,0,0,0,0.0,,,0.0,0.0,0.0,REQ,,,,,0.0,0.0,0.0,0
340586,0.0,0.0,0.0,0.0,0.0,0.0,udp,0.0,,cs0,,63.0,,1.0,,Status,1,1,0,42,42,0,42.0,0.0,0.0,0.0,0.0,0,0,0,0.0,,,0.0,0.0,0.0,REQ,,,,,0.0,0.0,0.0,0
340626,2.574306,2.574306,2.574306,2.574306,2.574306,2.574306,udp,0.0,,cs0,,63.0,,1.0,,Status,2,2,0,84,84,0,42.0,0.0,130.520615,130.520615,0.0,0,0,0,0.0,,,0.388454,0.388454,0.0,REQ,,,,,0.0,0.0,0.0,0
340627,2.574305,2.574305,2.574305,2.574305,2.574305,2.574305,udp,0.0,,cs0,,63.0,,1.0,,Status,2,2,0,84,84,0,42.0,0.0,130.52066,130.52066,0.0,0,0,0,0.0,,,0.388454,0.388454,0.0,REQ,,,,,0.0,0.0,0.0,0
340647,2.572245,2.572245,2.572245,2.572245,2.572245,2.572245,udp,0.0,,cs0,,63.0,,1.0,,Status,2,2,0,84,84,0,42.0,0.0,130.625198,130.625198,0.0,0,0,0,0.0,,,0.388765,0.388765,0.0,REQ,,,,,0.0,0.0,0.0,0
340661,0.0,0.0,0.0,0.0,0.0,0.0,udp,0.0,,cs0,,63.0,,1.0,,Status,1,1,0,42,42,0,42.0,0.0,0.0,0.0,0.0,0,0,0,0.0,,,0.0,0.0,0.0,REQ,,,,,0.0,0.0,0.0,0
340708,2.575707,2.575707,2.575707,2.575707,2.575707,2.575707,udp,0.0,,cs0,,63.0,,1.0,,Status,2,2,0,84,84,0,42.0,0.0,130.449615,130.449615,0.0,0,0,0,0.0,,,0.388243,0.388243,0.0,REQ,,,,,0.0,0.0,0.0,0
340712,2.577691,2.577691,2.577691,2.577691,2.577691,2.577691,udp,0.0,,cs0,,63.0,,1.0,,Status,2,2,0,84,84,0,42.0,0.0,130.349213,130.349213,0.0,0,0,0,0.0,,,0.387944,0.387944,0.0,REQ,,,,,0.0,0.0,0.0,0
340804,0.0,0.0,0.0,0.0,0.0,0.0,udp,0.0,,cs0,,63.0,,1.0,,Status,1,1,0,42,42,0,42.0,0.0,0.0,0.0,0.0,0,0,0,0.0,,,0.0,0.0,0.0,REQ,,,,,0.0,0.0,0.0,0
340845,0.0,0.0,0.0,0.0,0.0,0.0,udp,0.0,,cs0,,63.0,,1.0,,Status,1,1,0,42,42,0,42.0,0.0,0.0,0.0,0.0,0,0,0,0.0,,,0.0,0.0,0.0,REQ,,,,,0.0,0.0,0.0,0
340872,0.0,0.0,0.0,0.0,0.0,0.0,udp,0.0,,cs0,,63.0,,1.0,,Status,1,1,0,42,42,0,42.0,0.0,0.0,0.0,0.0,0,0,0,0.0,,,0.0,0.0,0.0,REQ,,,,,0.0,0.0,0.0,0
340875,0.0,0.0,0.0,0.0,0.0,0.0,udp,0.0,,cs0,,63.0,,1.0,,Status,1,1,0,42,42,0,42.0,0.0,0.0,0.0,0.0,0,0,0,0.0,,,0.0,0.0,0.0,REQ,,,,,0.0,0.0,0.0,0
340891,2.571968,2.571968,2.571968,2.571968,2.571968,2.571968,udp,0.0,,cs0,,63.0,,1.0,,Status,2,2,0,84,84,0,42.0,0.0,130.639252,130.639252,0.0,0,0,0,0.0,,,0.388807,0.388807,0.0,REQ,,,,,0.0,0.0,0.0,0
340897,0.0,0.0,0.0,0.0,0.0,0.0,udp,0.0,,cs0,,63.0,,1.0,,Status,1,1,0,42,42,0,42.0,0.0,0.0,0.0,0.0,0,0,0,0.0,,,0.0,0.0,0.0,REQ,,,,,0.0,0.0,0.0,0
340943,2.576321,2.576321,2.576321,2.576321,2.576321,2.576321,udp,0.0,,cs0,,63.0,,1.0,,Status,2,2,0,84,84,0,42.0,0.0,130.418533,130.418533,0.0,0,0,0,0.0,,,0.38815,0.38815,0.0,REQ,,,,,0.0,0.0,0.0,0
340944,2.576321,2.576321,2.576321,2.576321,2.576321,2.576321,udp,0.0,,cs0,,63.0,,1.0,,Status,2,2,0,84,84,0,42.0,0.0,130.418533,130.418533,0.0,0,0,0,0.0,,,0.38815,0.38815,0.0,REQ,,,,,0.0,0.0,0.0,0
340973,0.0,0.0,0.0,0.0,0.0,0.0,udp,0.0,,cs0,,63.0,,1.0,,Status,1,1,0,42,42,0,42.0,0.0,0.0,0.0,0.0,0,0,0,0.0,,,0.0,0.0,0.0,REQ,,,,,0.0,0.0,0.0,0
340987,2.57509,2.57509,2.57509,2.57509,2.57509,2.57509,udp,0.0,,cs0,,63.0,,1.0,,Status,2,2,0,84,84,0,42.0,0.0,130.480881,130.480881,0.0,0,0,0,0.0,,,0.388336,0.388336,0.0,REQ,,,,,0.0,0.0,0.0,0
340995,2.575086,2.575086,2.575086,2.575086,2.575086,2.575086,udp,0.0,,cs0,,63.0,,1.0,,Status,2,2,0,84,84,0,42.0,0.0,130.481079,130.481079,0.0,0,0,0,0.0,,,0.388337,0.388337,0.0,REQ,,,,,0.0,0.0,0.0,0
341200,2.574862,2.574862,2.574862,2.574862,2.574862,2.574862,udp,0.0,,cs0,,63.0,,1.0,,Status,2,2,0,84,84,0,42.0,0.0,130.492432,130.492432,0.0,0,0,0,0.0,,,0.38837,0.38837,0.0,REQ,,,,,0.0,0.0,0.0,0
341228,2.572378,2.572378,2.572378,2.572378,2.572378,2.572378,udp,0.0,,cs0,,63.0,,1.0,,Status,2,2,0,84,84,0,42.0,0.0,130.618439,130.618439,0.0,0,0,0,0.0,,,0.388745,0.388745,0.0,REQ,,,,,0.0,0.0,0.0,0
341332,2.572027,2.572027,2.572027,2.572027,2.572027,2.572027,udp,0.0,,cs0,,63.0,,1.0,,Status,2,2,0,84,84,0,42.0,0.0,130.636261,130.636261,0.0,0,0,0,0.0,,,0.388798,0.388798,0.0,REQ,,,,,0.0,0.0,0.0,0
341340,2.572029,2.572029,2.572029,2.572029,2.572029,2.572029,udp,0.0,,cs0,,63.0,,1.0,,Status,2,2,0,84,84,0,42.0,0.0,130.636154,130.636154,0.0,0,0,0,0.0,,,0.388798,0.388798,0.0,REQ,,,,,0.0,0.0,0.0,0
341391,0.0,0.0,0.0,0.0,0.0,0.0,udp,0.0,,cs0,,63.0,,1.0,,Status,1,1,0,42,42,0,42.0,0.0,0.0,0.0,0.0,0,0,0,0.0,,,0.0,0.0,0.0,REQ,,,,,0.0,0.0,0.0,0
341463,0.0,0.0,0.0,0.0,0.0,0.0,udp,0.0,,cs0,,63.0,,1.0,,Status,1,1,0,42,42,0,42.0,0.0,0.0,0.0,0.0,0,0,0,0.0,,,0.0,0.0,0.0,REQ,,,,,0.0,0.0,0.0,0
341481,2.574146,2.574146,2.574146,2.574146,2.574146,2.574146,udp,0.0,,cs0,,63.0,,1.0,,Status,2,2,0,84,84,0,42.0,0.0,130.528732,130.528732,0.0,0,0,0,0.0,,,0.388478,0.388478,0.0,REQ,,,,,0.0,0.0,0.0,0
341488,0.0,0.0,0.0,0.0,0.0,0.0,udp,0.0,,cs0,,63.0,,1.0,,Status,1,1,0,42,42,0,42.0,0.0,0.0,0.0,0.0,0,0,0,0.0,,,0.0,0.0,0.0,REQ,,,,,0.0,0.0,0.0,0
341526,0.0,0.0,0.0,0.0,0.0,0.0,udp,0.0,,cs0,,63.0,,1.0,,Status,1,1,0,42,42,0,42.0,0.0,0.0,0.0,0.0,0,0,0,0.0,,,0.0,0.0,0.0,REQ,,,,,0.0,0.0,0.0,0
341530,0.0,0.0,0.0,0.0,0.0,0.0,udp,0.0,,cs0,,63.0,,1.0,,Status,1,1,0,42,42,0,42.0,0.0,0.0,0.0,0.0,0,0,0,0.0,,,0.0,0.0,0.0,REQ,,,,,0.0,0.0,0.0,0
341555,0.0,0.0,0.0,0.0,0.0,0.0,udp,0.0,,cs0,,63.0,,1.0,,Status,1,1,0,42,42,0,42.0,0.0,0.0,0.0,0.0,0,0,0,0.0,,,0.0,0.0,0.0,REQ,,,,,0.0,0.0,0.0,0
341573,0.0,0.0,0.0,0.0,0.0,0.0,udp,0.0,,cs0,,63.0,,1.0,,Status,1,1,0,42,42,0,42.0,0.0,0.0,0.0,0.0,0,0,0,0.0,,,0.0,0.0,0.0,REQ,,,,,0.0,0.0,0.0,0
341595,0.0,0.0,0.0,0.0,0.0,0.0,udp,0.0,,cs0,,63.0,,1.0,,Status,1,1,0,42,42,0,42.0,0.0,0.0,0.0,0.0,0,0,0,0.0,,,0.0,0.0,0.0,REQ,,,,,0.0,0.0,0.0,0
341607,2.567065,2.567065,2.567065,2.567065,2.567065,2.567065,udp,0.0,,cs0,,63.0,,1.0,,Status,2,2,0,84,84,0,42.0,0.0,130.888779,130.888779,0.0,0,0,0,0.0,,,0.38955,0.38955,0.0,REQ,,,,,0.0,0.0,0.0,0
341631,0.0,0.0,0.0,0.0,0.0,0.0,udp,0.0,,cs0,,63.0,,1.0,,Status,1,1,0,42,42,0,42.0,0.0,0.0,0.0,0.0,0,0,0,0.0,,,0.0,0.0,0.0,REQ,,,,,0.0,0.0,0.0,0
341675,2.57147,2.57147,2.57147,2.57147,2.57147,2.57147,udp,0.0,,cs0,,63.0,,1.0,,Status,2,2,0,84,84,0,42.0,0.0,130.664566,130.664566,0.0,0,0,0,0.0,,,0.388883,0.388883,0.0,REQ,,,,,0.0,0.0,0.0,0
341719,0.0,0.0,0.0,0.0,0.0,0.0,udp,0.0,,cs0,,63.0,,1.0,,Status,1,1,0,42,42,0,42.0,0.0,0.0,0.0,0.0,0,0,0,0.0,,,0.0,0.0,0.0,REQ,,,,,0.0,0.0,0.0,0
341770,0.0,0.0,0.0,0.0,0.0,0.0,udp,0.0,,cs0,,63.0,,1.0,,Start,1,1,0,42,42,0,42.0,0.0,0.0,0.0,0.0,0,0,0,0.0,,,0.0,0.0,0.0,INT,,,,,0.0,0.0,0.0,0
341797,0.0,0.0,0.0,0.0,0.0,0.0,udp,0.0,,cs0,,63.0,,1.0,,Status,1,1,0,42,42,0,42.0,0.0,0.0,0.0,0.0,0,0,0,0.0,,,0.0,0.0,0.0,REQ,,,,,0.0,0.0,0.0,0
341827,0.0,0.0,0.0,0.0,0.0,0.0,udp,0.0,,cs0,,63.0,,1.0,,Status,1,1,0,42,42,0,42.0,0.0,0.0,0.0,0.0,0,0,0,0.0,,,0.0,0.0,0.0,REQ,,,,,0.0,0.0,0.0,0
341841,0.0,0.0,0.0,0.0,0.0,0.0,udp,0.0,,cs0,,63.0,,1.0,,Status,1,1,0,42,42,0,42.0,0.0,0.0,0.0,0.0,0,0,0,0.0,,,0.0,0.0,0.0,REQ,,,,,0.0,0.0,0.0,0
341884,0.0,0.0,0.0,0.0,0.0,0.0,udp,0.0,,cs0,,63.0,,1.0,,Status,1,1,0,42,42,0,42.0,0.0,0.0,0.0,0.0,0,0,0,0.0,,,0.0,0.0,0.0,REQ,,,,,0.0,0.0,0.0,0
341913,0.0,0.0,0.0,0.0,0.0,0.0,udp,0.0,,cs0,,63.0,,1.0,,Start,1,1,0,42,42,0,42.0,0.0,0.0,0.0,0.0,0,0,0,0.0,,,0.0,0.0,0.0,INT,,,,,0.0,0.0,0.0,0
341926,0.0,0.0,0.0,0.0,0.0,0.0,udp,0.0,,cs0,,63.0,,1.0,,Status,1,1,0,42,42,0,42.0,0.0,0.0,0.0,0.0,0,0,0,0.0,,,0.0,0.0,0.0,REQ,,,,,0.0,0.0,0.0,0
341928,2.574089,2.574089,2.574089,2.574089,2.574089,2.574089,udp,0.0,,cs0,,63.0,,1.0,,Status,2,2,0,84,84,0,42.0,0.0,130.531616,130.531616,0.0,0,0,0,0.0,,,0.388487,0.388487,0.0,REQ,,,,,0.0,0.0,0.0,0
341954,2.573983,2.573983,2.573983,2.573983,2.573983,2.573983,udp,0.0,,cs0,,63.0,,1.0,,Status,2,2,0,84,84,0,42.0,0.0,130.537003,130.537003,0.0,0,0,0,0.0,,,0.388503,0.388503,0.0,REQ,,,,,0.0,0.0,0.0,0
341959,2.573923,2.573923,2.573923,2.573923,2.573923,2.573923,udp,0.0,,cs0,,63.0,,1.0,,Status,2,2,0,84,84,0,42.0,0.0,130.540024,130.540024,0.0,0,0,0,0.0,,,0.388512,0.388512,0.0,REQ,,,,,0.0,0.0,0.0,0
341992,0.0,0.0,0.0,0.0,0.0,0.0,udp,0.0,,cs0,,63.0,,1.0,,Start,1,1,0,42,42,0,42.0,0.0,0.0,0.0,0.0,0,0,0,0.0,,,0.0,0.0,0.0,INT,,,,,0.0,0.0,0.0,0
342020,2.565917,2.565917,2.565917,2.565917,2.565917,2.565917,udp,0.0,,cs0,,63.0,,1.0,,Status,2,2,0,84,84,0,42.0,0.0,130.947342,130.947342,0.0,0,0,0,0.0,,,0.389724,0.389724,0.0,REQ,,,,,0.0,0.0,0.0,0
342151,2.5733,2.5733,2.5733,2.5733,2.5733,2.5733,udp,0.0,,cs0,,63.0,,1.0,,Status,2,2,0,84,84,0,42.0,0.0,130.57164,130.57164,0.0,0,0,0,0.0,,,0.388606,0.388606,0.0,REQ,,,,,0.0,0.0,0.0,0
342183,2.573016,2.573016,2.573016,2.573016,2.573016,2.573016,udp,0.0,,cs0,,63.0,,1.0,,Status,2,2,0,84,84,0,42.0,0.0,130.58606,130.58606,0.0,0,0,0,0.0,,,0.388649,0.388649,0.0,REQ,,,,,0.0,0.0,0.0,0
342203,0.0,0.0,0.0,0.0,0.0,0.0,udp,0.0,,cs0,,63.0,,1.0,,Status,1,1,0,42,42,0,42.0,0.0,0.0,0.0,0.0,0,0,0,0.0,,,0.0,0.0,0.0,REQ,,,,,0.0,0.0,0.0,0
342252,0.0,0.0,0.0,0.0,0.0,0.0,udp,0.0,,cs0,,63.0,,1.0,,Status,1,1,0,42,42,0,42.0,0.0,0.0,0.0,0.0,0,0,0,0.0,,,0.0,0.0,0.0,REQ,,,,,0.0,0.0,0.0,0
342305,0.0,0.0,0.0,0.0,0.0,0.0,udp,0.0,,cs0,,63.0,,1.0,,Status,1,1,0,42,42,0,42.0,0.0,0.0,0.0,0.0,0,0,0,0.0,,,0.0,0.0,0.0,REQ,,,,,0.0,0.0,0.0,0
342306,0.0,0.0,0.0,0.0,0.0,0.0,udp,0.0,,cs0,,63.0,,1.0,,Status,1,1,0,42,42,0,42.0,0.0,0.0,0.0,0.0,0,0,0,0.0,,,0.0,0.0,0.0,REQ,,,,,0.0,0.0,0.0,0
342322,2.572141,2.572141,2.572141,2.572141,2.572141,2.572141,udp,0.0,,cs0,,63.0,,1.0,,Status,2,2,0,84,84,0,42.0,0.0,130.630478,130.630478,0.0,0,0,0,0.0,,,0.388781,0.388781,0.0,REQ,,,,,0.0,0.0,0.0,0
342356,2.573387,2.573387,2.573387,2.573387,2.573387,2.573387,udp,0.0,,cs0,,63.0,,1.0,,Status,2,2,0,84,84,0,42.0,0.0,130.56723,130.56723,0.0,0,0,0,0.0,,,0.388593,0.388593,0.0,REQ,,,,,0.0,0.0,0.0,0
342435,0.0,0.0,0.0,0.0,0.0,0.0,udp,0.0,,cs0,,63.0,,1.0,,Status,1,1,0,42,42,0,42.0,0.0,0.0,0.0,0.0,0,0,0,0.0,,,0.0,0.0,0.0,REQ,,,,,0.0,0.0,0.0,0
342458,0.0,0.0,0.0,0.0,0.0,0.0,udp,0.0,,cs0,,63.0,,1.0,,Status,1,1,0,42,42,0,42.0,0.0,0.0,0.0,0.0,0,0,0,0.0,,,0.0,0.0,0.0,REQ,,,,,0.0,0.0,0.0,0
342563,0.0,0.0,0.0,0.0,0.0,0.0,udp,0.0,,cs0,,63.0,,1.0,,Status,1,1,0,42,42,0,42.0,0.0,0.0,0.0,0.0,0,0,0,0.0,,,0.0,0.0,0.0,REQ,,,,,0.0,0.0,0.0,0
342566,0.0,0.0,0.0,0.0,0.0,0.0,udp,0.0,,cs0,,63.0,,1.0,,Status,1,1,0,42,42,0,42.0,0.0,0.0,0.0,0.0,0,0,0,0.0,,,0.0,0.0,0.0,REQ,,,,,0.0,0.0,0.0,0
342592,0.0,0.0,0.0,0.0,0.0,0.0,udp,0.0,,cs0,,63.0,,1.0,,Status,1,1,0,42,42,0,42.0,0.0,0.0,0.0,0.0,0,0,0,0.0,,,0.0,0.0,0.0,REQ,,,,,0.0,0.0,0.0,0
342598,0.0,0.0,0.0,0.0,0.0,0.0,udp,0.0,,cs0,,63.0,,1.0,,Status,1,1,0,42,42,0,42.0,0.0,0.0,0.0,0.0,0,0,0,0.0,,,0.0,0.0,0.0,REQ,,,,,0.0,0.0,0.0,0
342618,2.572316,2.572316,2.572316,2.572316,2.572316,2.572316,udp,0.0,,cs0,,63.0,,1.0,,Status,2,2,0,84,84,0,42.0,0.0,130.621597,130.621597,0.0,0,0,0,0.0,,,0.388755,0.388755,0.0,REQ,,,,,0.0,0.0,0.0,0
342628,0.0,0.0,0.0,0.0,0.0,0.0,udp,0.0,,cs0,,63.0,,1.0,,Status,1,1,0,42,42,0,42.0,0.0,0.0,0.0,0.0,0,0,0,0.0,,,0.0,0.0,0.0,REQ,,,,,0.0,0.0,0.0,0
342629,0.0,0.0,0.0,0.0,0.0,0.0,udp,0.0,,cs0,,63.0,,1.0,,Status,1,1,0,42,42,0,42.0,0.0,0.0,0.0,0.0,0,0,0,0.0,,,0.0,0.0,0.0,REQ,,,,,0.0,0.0,0.0,0
342660,0.0,0.0,0.0,0.0,0.0,0.0,udp,0.0,,cs0,,63.0,,1.0,,Status,1,1,0,42,42,0,42.0,0.0,0.0,0.0,0.0,0,0,0,0.0,,,0.0,0.0,0.0,REQ,,,,,0.0,0.0,0.0,0
342671,2.572081,2.572081,2.572081,2.572081,2.572081,2.572081,udp,0.0,,cs0,,63.0,,1.0,,Status,2,2,0,84,84,0,42.0,0.0,130.633514,130.633514,0.0,0,0,0,0.0,,,0.38879,0.38879,0.0,REQ,,,,,0.0,0.0,0.0,0
342677,2.57208,2.57208,2.57208,2.57208,2.57208,2.57208,udp,0.0,,cs0,,63.0,,1.0,,Status,2,2,0,84,84,0,42.0,0.0,130.633575,130.633575,0.0,0,0,0,0.0,,,0.38879,0.38879,0.0,REQ,,,,,0.0,0.0,0.0,0
342711,0.0,0.0,0.0,0.0,0.0,0.0,udp,0.0,,cs0,,63.0,,1.0,,Start,1,1,0,42,42,0,42.0,0.0,0.0,0.0,0.0,0,0,0,0.0,,,0.0,0.0,0.0,INT,,,,,0.0,0.0,0.0,0
342714,0.0,0.0,0.0,0.0,0.0,0.0,udp,0.0,,cs0,,63.0,,1.0,,Start,1,1,0,42,42,0,42.0,0.0,0.0,0.0,0.0,0,0,0,0.0,,,0.0,0.0,0.0,INT,,,,,0.0,0.0,0.0,0
342733,2.57773,2.57773,2.57773,2.57773,2.57773,2.57773,udp,0.0,,cs0,,63.0,,1.0,,Status,2,2,0,84,84,0,42.0,0.0,130.347244,130.347244,0.0,0,0,0,0.0,,,0.387938,0.387938,0.0,REQ,,,,,0.0,0.0,0.0,0
342960,2.578509,2.578509,2.578509,2.578509,2.578509,2.578509,udp,0.0,,cs0,,63.0,,1.0,,Status,2,2,0,84,84,0,42.0,0.0,130.307861,130.307861,0.0,0,0,0,0.0,,,0.387821,0.387821,0.0,REQ,,,,,0.0,0.0,0.0,0
342970,0.0,0.0,0.0,0.0,0.0,0.0,udp,0.0,,cs0,,63.0,,1.0,,Status,1,1,0,42,42,0,42.0,0.0,0.0,0.0,0.0,0,0,0,0.0,,,0.0,0.0,0.0,REQ,,,,,0.0,0.0,0.0,0
343086,0.0,0.0,0.0,0.0,0.0,0.0,udp,0.0,,cs0,,63.0,,1.0,,Status,1,1,0,42,42,0,42.0,0.0,0.0,0.0,0.0,0,0,0,0.0,,,0.0,0.0,0.0,REQ,,,,,0.0,0.0,0.0,0
343172,0.0,0.0,0.0,0.0,0.0,0.0,udp,0.0,,cs0,,63.0,,1.0,,Status,1,1,0,42,42,0,42.0,0.0,0.0,0.0,0.0,0,0,0,0.0,,,0.0,0.0,0.0,REQ,,,,,0.0,0.0,0.0,0
343189,2.573182,2.573182,2.573182,2.573182,2.573182,2.573182,udp,0.0,,cs0,,63.0,,1.0,,Status,2,2,0,84,84,0,42.0,0.0,130.577621,130.577621,0.0,0,0,0,0.0,,,0.388624,0.388624,0.0,REQ,,,,,0.0,0.0,0.0,0
343227,0.0,0.0,0.0,0.0,0.0,0.0,udp,0.0,,cs0,,63.0,,1.0,,Status,1,1,0,42,42,0,42.0,0.0,0.0,0.0,0.0,0,0,0,0.0,,,0.0,0.0,0.0,REQ,,,,,0.0,0.0,0.0,0
343259,0.0,0.0,0.0,0.0,0.0,0.0,udp,0.0,,cs0,,63.0,,1.0,,Status,1,1,0,42,42,0,42.0,0.0,0.0,0.0,0.0,0,0,0,0.0,,,0.0,0.0,0.0,REQ,,,,,0.0,0.0,0.0,0
343315,2.572938,2.572938,2.572938,2.572938,2.572938,2.572938,udp,0.0,,cs0,,63.0,,1.0,,Status,2,2,0,84,84,0,42.0,0.0,130.590012,130.590012,0.0,0,0,0,0.0,,,0.388661,0.388661,0.0,REQ,,,,,0.0,0.0,0.0,0
343337,0.0,0.0,0.0,0.0,0.0,0.0,udp,0.0,,cs0,,63.0,,1.0,,Status,1,1,0,42,42,0,42.0,0.0,0.0,0.0,0.0,0,0,0,0.0,,,0.0,0.0,0.0,REQ,,,,,0.0,0.0,0.0,0
343344,0.0,0.0,0.0,0.0,0.0,0.0,udp,0.0,,cs0,,63.0,,1.0,,Status,1,1,0,42,42,0,42.0,0.0,0.0,0.0,0.0,0,0,0,0.0,,,0.0,0.0,0.0,REQ,,,,,0.0,0.0,0.0,0
343382,0.0,0.0,0.0,0.0,0.0,0.0,udp,0.0,,cs0,,63.0,,1.0,,Status,1,1,0,42,42,0,42.0,0.0,0.0,0.0,0.0,0,0,0,0.0,,,0.0,0.0,0.0,REQ,,,,,0.0,0.0,0.0,0
343395,2.57711,2.57711,2.57711,2.57711,2.57711,2.57711,udp,0.0,,cs0,,63.0,,1.0,,Status,2,2,0,84,84,0,42.0,0.0,130.378601,130.378601,0.0,0,0,0,0.0,,,0.388032,0.388032,0.0,REQ,,,,,0.0,0.0,0.0,0
343415,2.575014,2.575014,2.575014,2.575014,2.575014,2.575014,udp,0.0,,cs0,,63.0,,1.0,,Status,2,2,0,84,84,0,42.0,0.0,130.484726,130.484726,0.0,0,0,0,0.0,,,0.388347,0.388347,0.0,REQ,,,,,0.0,0.0,0.0,0
343508,0.0,0.0,0.0,0.0,0.0,0.0,udp,0.0,,cs0,,63.0,,1.0,,Status,1,1,0,42,42,0,42.0,0.0,0.0,0.0,0.0,0,0,0,0.0,,,0.0,0.0,0.0,REQ,,,,,0.0,0.0,0.0,0
343555,0.0,0.0,0.0,0.0,0.0,0.0,udp,0.0,,cs0,,63.0,,1.0,,Status,1,1,0,42,42,0,42.0,0.0,0.0,0.0,0.0,0,0,0,0.0,,,0.0,0.0,0.0,REQ,,,,,0.0,0.0,0.0,0
343629,2.570253,2.570253,2.570253,2.570253,2.570253,2.570253,udp,0.0,,cs0,,63.0,,1.0,,Status,2,2,0,84,84,0,42.0,0.0,130.72644,130.72644,0.0,0,0,0,0.0,,,0.389067,0.389067,0.0,REQ,,,,,0.0,0.0,0.0,0
343695,2.570387,2.570387,2.570387,2.570387,2.570387,2.570387,udp,0.0,,cs0,,63.0,,1.0,,Start,2,2,0,84,84,0,42.0,0.0,130.71962,130.71962,0.0,0,0,0,0.0,,,0.389046,0.389046,0.0,INT,,,,,0.0,0.0,0.0,0
343731,0.0,0.0,0.0,0.0,0.0,0.0,udp,0.0,,cs0,,63.0,,1.0,,Status,1,1,0,42,42,0,42.0,0.0,0.0,0.0,0.0,0,0,0,0.0,,,0.0,0.0,0.0,REQ,,,,,0.0,0.0,0.0,0
343736,0.0,0.0,0.0,0.0,0.0,0.0,udp,0.0,,cs0,,63.0,,1.0,,Status,1,1,0,42,42,0,42.0,0.0,0.0,0.0,0.0,0,0,0,0.0,,,0.0,0.0,0.0,REQ,,,,,0.0,0.0,0.0,0
343766,0.0,0.0,0.0,0.0,0.0,0.0,udp,0.0,,cs0,,63.0,,1.0,,Status,1,1,0,42,42,0,42.0,0.0,0.0,0.0,0.0,0,0,0,0.0,,,0.0,0.0,0.0,REQ,,,,,0.0,0.0,0.0,0
343825,2.574586,2.574586,2.574586,2.574586,2.574586,2.574586,udp,0.0,,cs0,,63.0,,1.0,,Status,2,2,0,84,84,0,42.0,0.0,130.506424,130.506424,0.0,0,0,0,0.0,,,0.388412,0.388412,0.0,REQ,,,,,0.0,0.0,0.0,0
343863,2.574832,2.574832,2.574832,2.574832,2.574832,2.574832,udp,0.0,,cs0,,63.0,,1.0,,Status,2,2,0,84,84,0,42.0,0.0,130.493958,130.493958,0.0,0,0,0,0.0,,,0.388375,0.388375,0.0,REQ,,,,,0.0,0.0,0.0,0
343980,0.0,0.0,0.0,0.0,0.0,0.0,udp,0.0,,cs0,,63.0,,1.0,,Status,1,1,0,42,42,0,42.0,0.0,0.0,0.0,0.0,0,0,0,0.0,,,0.0,0.0,0.0,REQ,,,,,0.0,0.0,0.0,0
344027,2.575185,2.575185,2.575185,2.575185,2.575185,2.575185,udp,0.0,,cs0,,63.0,,1.0,,Status,2,2,0,84,84,0,42.0,0.0,130.476059,130.476059,0.0,0,0,0,0.0,,,0.388322,0.388322,0.0,REQ,,,,,0.0,0.0,0.0,0
344067,0.0,0.0,0.0,0.0,0.0,0.0,udp,0.0,,cs0,,63.0,,1.0,,Status,1,1,0,42,42,0,42.0,0.0,0.0,0.0,0.0,0,0,0,0.0,,,0.0,0.0,0.0,REQ,,,,,0.0,0.0,0.0,0
344080,0.0,0.0,0.0,0.0,0.0,0.0,udp,0.0,,cs0,,63.0,,1.0,,Status,1,1,0,42,42,0,42.0,0.0,0.0,0.0,0.0,0,0,0,0.0,,,0.0,0.0,0.0,REQ,,,,,0.0,0.0,0.0,0
344187,0.0,0.0,0.0,0.0,0.0,0.0,udp,0.0,,cs0,,63.0,,1.0,,Status,1,1,0,42,42,0,42.0,0.0,0.0,0.0,0.0,0,0,0,0.0,,,0.0,0.0,0.0,REQ,,,,,0.0,0.0,0.0,0
344239,0.0,0.0,0.0,0.0,0.0,0.0,udp,0.0,,cs0,,63.0,,1.0,,Status,1,1,0,42,42,0,42.0,0.0,0.0,0.0,0.0,0,0,0,0.0,,,0.0,0.0,0.0,REQ,,,,,0.0,0.0,0.0,0
344251,2.580237,2.580237,2.580237,2.580237,2.580237,2.580237,udp,0.0,,cs0,,63.0,,1.0,,Status,2,2,0,84,84,0,42.0,0.0,130.220596,130.220596,0.0,0,0,0,0.0,,,0.387561,0.387561,0.0,REQ,,,,,0.0,0.0,0.0,0
344266,2.577554,2.577554,2.577554,2.577554,2.577554,2.577554,udp,0.0,,cs0,,63.0,,1.0,,Status,2,2,0,84,84,0,42.0,0.0,130.35614,130.35614,0.0,0,0,0,0.0,,,0.387965,0.387965,0.0,REQ,,,,,0.0,0.0,0.0,0
344480,2.573295,2.573295,2.573295,2.573295,2.573295,2.573295,udp,0.0,,cs0,,63.0,,1.0,,Status,2,2,0,84,84,0,42.0,0.0,130.571884,130.571884,0.0,0,0,0,0.0,,,0.388607,0.388607,0.0,REQ,,,,,0.0,0.0,0.0,0
344567,0.0,0.0,0.0,0.0,0.0,0.0,udp,0.0,,cs0,,63.0,,1.0,,Status,1,1,0,42,42,0,42.0,0.0,0.0,0.0,0.0,0,0,0,0.0,,,0.0,0.0,0.0,REQ,,,,,0.0,0.0,0.0,0
344572,0.0,0.0,0.0,0.0,0.0,0.0,udp,0.0,,cs0,,63.0,,1.0,,Status,1,1,0,42,42,0,42.0,0.0,0.0,0.0,0.0,0,0,0,0.0,,,0.0,0.0,0.0,REQ,,,,,0.0,0.0,0.0,0
344600,0.0,0.0,0.0,0.0,0.0,0.0,udp,0.0,,cs0,,63.0,,1.0,,Status,1,1,0,42,42,0,42.0,0.0,0.0,0.0,0.0,0,0,0,0.0,,,0.0,0.0,0.0,REQ,,,,,0.0,0.0,0.0,0
344664,0.0,0.0,0.0,0.0,0.0,0.0,udp,0.0,,cs0,,63.0,,1.0,,Status,1,1,0,42,42,0,42.0,0.0,0.0,0.0,0.0,0,0,0,0.0,,,0.0,0.0,0.0,REQ,,,,,0.0,0.0,0.0,0
344707,2.572232,2.572232,2.572232,2.572232,2.572232,2.572232,udp,0.0,,cs0,,63.0,,1.0,,Status,2,2,0,84,84,0,42.0,0.0,130.625854,130.625854,0.0,0,0,0,0.0,,,0.388767,0.388767,0.0,REQ,,,,,0.0,0.0,0.0,0
344712,2.572221,2.572221,2.572221,2.572221,2.572221,2.572221,udp,0.0,,cs0,,63.0,,1.0,,Status,2,2,0,84,84,0,42.0,0.0,130.626404,130.626404,0.0,0,0,0,0.0,,,0.388769,0.388769,0.0,REQ,,,,,0.0,0.0,0.0,0
344746,0.0,0.0,0.0,0.0,0.0,0.0,udp,0.0,,cs0,,63.0,,1.0,,Status,1,1,0,42,42,0,42.0,0.0,0.0,0.0,0.0,0,0,0,0.0,,,0.0,0.0,0.0,REQ,,,,,0.0,0.0,0.0,0
344805,0.0,0.0,0.0,0.0,0.0,0.0,udp,0.0,,cs0,,63.0,,1.0,,Status,1,1,0,42,42,0,42.0,0.0,0.0,0.0,0.0,0,0,0,0.0,,,0.0,0.0,0.0,REQ,,,,,0.0,0.0,0.0,0
344879,0.0,0.0,0.0,0.0,0.0,0.0,udp,0.0,,cs0,,63.0,,1.0,,Status,1,1,0,42,42,0,42.0,0.0,0.0,0.0,0.0,0,0,0,0.0,,,0.0,0.0,0.0,REQ,,,,,0.0,0.0,0.0,0
344909,0.0,0.0,0.0,0.0,0.0,0.0,udp,0.0,,cs0,,63.0,,1.0,,Status,1,1,0,42,42,0,42.0,0.0,0.0,0.0,0.0,0,0,0,0.0,,,0.0,0.0,0.0,REQ,,,,,0.0,0.0,0.0,0
345008,2.570023,2.570023,2.570023,2.570023,2.570023,2.570023,udp,0.0,,cs0,,63.0,,1.0,,Status,2,2,0,84,84,0,42.0,0.0,130.738129,130.738129,0.0,0,0,0,0.0,,,0.389102,0.389102,0.0,REQ,,,,,0.0,0.0,0.0,0
345096,0.0,0.0,0.0,0.0,0.0,0.0,udp,0.0,,cs0,,63.0,,1.0,,Status,1,1,0,42,42,0,42.0,0.0,0.0,0.0,0.0,0,0,0,0.0,,,0.0,0.0,0.0,REQ,,,,,0.0,0.0,0.0,0
345205,0.0,0.0,0.0,0.0,0.0,0.0,udp,0.0,,cs0,,63.0,,1.0,,Status,1,1,0,42,42,0,42.0,0.0,0.0,0.0,0.0,0,0,0,0.0,,,0.0,0.0,0.0,REQ,,,,,0.0,0.0,0.0,0
345224,0.0,0.0,0.0,0.0,0.0,0.0,udp,0.0,,cs0,,63.0,,1.0,,Status,1,1,0,42,42,0,42.0,0.0,0.0,0.0,0.0,0,0,0,0.0,,,0.0,0.0,0.0,REQ,,,,,0.0,0.0,0.0,0
345237,2.575749,2.575749,2.575749,2.575749,2.575749,2.575749,udp,0.0,,cs0,,63.0,,1.0,,Status,2,2,0,84,84,0,42.0,0.0,130.447495,130.447495,0.0,0,0,0,0.0,,,0.388237,0.388237,0.0,REQ,,,,,0.0,0.0,0.0,0
345281,2.575997,2.575997,2.575997,2.575997,2.575997,2.575997,udp,0.0,,cs0,,63.0,,1.0,,Status,2,2,0,84,84,0,42.0,0.0,130.434921,130.434921,0.0,0,0,0,0.0,,,0.388199,0.388199,0.0,REQ,,,,,0.0,0.0,0.0,0
345291,0.0,0.0,0.0,0.0,0.0,0.0,udp,0.0,,cs0,,63.0,,1.0,,Start,1,1,0,42,42,0,42.0,0.0,0.0,0.0,0.0,0,0,0,0.0,,,0.0,0.0,0.0,INT,,,,,0.0,0.0,0.0,0
345449,2.573252,2.573252,2.573252,2.573252,2.573252,2.573252,udp,0.0,,cs0,,63.0,,1.0,,Status,2,2,0,84,84,0,42.0,0.0,130.574081,130.574081,0.0,0,0,0,0.0,,,0.388613,0.388613,0.0,REQ,,,,,0.0,0.0,0.0,0
345611,0.0,0.0,0.0,0.0,0.0,0.0,udp,0.0,,cs0,,63.0,,1.0,,Status,1,1,0,42,42,0,42.0,0.0,0.0,0.0,0.0,0,0,0,0.0,,,0.0,0.0,0.0,REQ,,,,,0.0,0.0,0.0,0
345619,0.0,0.0,0.0,0.0,0.0,0.0,udp,0.0,,cs0,,63.0,,1.0,,Start,1,1,0,42,42,0,42.0,0.0,0.0,0.0,0.0,0,0,0,0.0,,,0.0,0.0,0.0,INT,,,,,0.0,0.0,0.0,0
345632,2.571013,2.571013,2.571013,2.571013,2.571013,2.571013,udp,0.0,,cs0,,63.0,,1.0,,Status,2,2,0,84,84,0,42.0,0.0,130.68779,130.68779,0.0,0,0,0,0.0,,,0.388952,0.388952,0.0,REQ,,,,,0.0,0.0,0.0,0
345636,2.571033,2.571033,2.571033,2.571033,2.571033,2.571033,udp,0.0,,cs0,,63.0,,1.0,,Status,2,2,0,84,84,0,42.0,0.0,130.686768,130.686768,0.0,0,0,0,0.0,,,0.388949,0.388949,0.0,REQ,,,,,0.0,0.0,0.0,0
345646,2.575649,2.575649,2.575649,2.575649,2.575649,2.575649,udp,0.0,,cs0,,63.0,,1.0,,Start,2,2,0,84,84,0,42.0,0.0,130.45256,130.45256,0.0,0,0,0,0.0,,,0.388252,0.388252,0.0,INT,,,,,0.0,0.0,0.0,0
345677,2.57078,2.57078,2.57078,2.57078,2.57078,2.57078,udp,0.0,,cs0,,63.0,,1.0,,Status,2,2,0,84,84,0,42.0,0.0,130.699631,130.699631,0.0,0,0,0,0.0,,,0.388987,0.388987,0.0,REQ,,,,,0.0,0.0,0.0,0
345699,0.0,0.0,0.0,0.0,0.0,0.0,udp,0.0,,cs0,,63.0,,1.0,,Status,1,1,0,42,42,0,42.0,0.0,0.0,0.0,0.0,0,0,0,0.0,,,0.0,0.0,0.0,REQ,,,,,0.0,0.0,0.0,0
345784,0.0,0.0,0.0,0.0,0.0,0.0,udp,0.0,,cs0,,63.0,,1.0,,Status,1,1,0,42,42,0,42.0,0.0,0.0,0.0,0.0,0,0,0,0.0,,,0.0,0.0,0.0,REQ,,,,,0.0,0.0,0.0,0
345818,2.573999,2.573999,2.573999,2.573999,2.573999,2.573999,udp,0.0,,cs0,,63.0,,1.0,,Start,2,2,0,84,84,0,42.0,0.0,130.536179,130.536179,0.0,0,0,0,0.0,,,0.388501,0.388501,0.0,INT,,,,,0.0,0.0,0.0,0
345883,2.573817,2.573817,2.573817,2.573817,2.573817,2.573817,udp,0.0,,cs0,,63.0,,1.0,,Status,2,2,0,84,84,0,42.0,0.0,130.54541,130.54541,0.0,0,0,0,0.0,,,0.388528,0.388528,0.0,REQ,,,,,0.0,0.0,0.0,0
345895,2.573789,2.573789,2.573789,2.573789,2.573789,2.573789,udp,0.0,,cs0,,63.0,,1.0,,Status,2,2,0,84,84,0,42.0,0.0,130.546844,130.546844,0.0,0,0,0,0.0,,,0.388532,0.388532,0.0,REQ,,,,,0.0,0.0,0.0,0
345925,0.0,0.0,0.0,0.0,0.0,0.0,udp,0.0,,cs0,,63.0,,1.0,,Status,1,1,0,42,42,0,42.0,0.0,0.0,0.0,0.0,0,0,0,0.0,,,0.0,0.0,0.0,REQ,,,,,0.0,0.0,0.0,0
345948,2.573879,2.573879,2.573879,2.573879,2.573879,2.573879,udp,0.0,,cs0,,63.0,,1.0,,Status,2,2,0,84,84,0,42.0,0.0,130.542267,130.542267,0.0,0,0,0,0.0,,,0.388519,0.388519,0.0,REQ,,,,,0.0,0.0,0.0,0
345987,0.0,0.0,0.0,0.0,0.0,0.0,udp,0.0,,cs0,,63.0,,1.0,,Status,1,1,0,42,42,0,42.0,0.0,0.0,0.0,0.0,0,0,0,0.0,,,0.0,0.0,0.0,REQ,,,,,0.0,0.0,0.0,0
346035,0.0,0.0,0.0,0.0,0.0,0.0,udp,0.0,,cs0,,63.0,,1.0,,Status,1,1,0,42,42,0,42.0,0.0,0.0,0.0,0.0,0,0,0,0.0,,,0.0,0.0,0.0,REQ,,,,,0.0,0.0,0.0,0
346048,0.0,0.0,0.0,0.0,0.0,0.0,udp,0.0,,cs0,,63.0,,1.0,,Status,1,1,0,42,42,0,42.0,0.0,0.0,0.0,0.0,0,0,0,0.0,,,0.0,0.0,0.0,REQ,,,,,0.0,0.0,0.0,0
346106,0.0,0.0,0.0,0.0,0.0,0.0,udp,0.0,,cs0,,63.0,,1.0,,Status,1,1,0,42,42,0,42.0,0.0,0.0,0.0,0.0,0,0,0,0.0,,,0.0,0.0,0.0,REQ,,,,,0.0,0.0,0.0,0
346268,2.572251,2.572251,2.572251,2.572251,2.572251,2.572251,udp,0.0,,cs0,,63.0,,1.0,,Status,2,2,0,84,84,0,42.0,0.0,130.624878,130.624878,0.0,0,0,0,0.0,,,0.388765,0.388765,0.0,REQ,,,,,0.0,0.0,0.0,0
346277,0.0,0.0,0.0,0.0,0.0,0.0,udp,0.0,,cs0,,63.0,,1.0,,Status,1,1,0,42,42,0,42.0,0.0,0.0,0.0,0.0,0,0,0,0.0,,,0.0,0.0,0.0,REQ,,,,,0.0,0.0,0.0,0
346316,0.0,0.0,0.0,0.0,0.0,0.0,udp,0.0,,cs0,,63.0,,1.0,,Status,1,1,0,42,42,0,42.0,0.0,0.0,0.0,0.0,0,0,0,0.0,,,0.0,0.0,0.0,REQ,,,,,0.0,0.0,0.0,0
346339,0.0,0.0,0.0,0.0,0.0,0.0,udp,0.0,,cs0,,63.0,,1.0,,Start,1,1,0,42,42,0,42.0,0.0,0.0,0.0,0.0,0,0,0,0.0,,,0.0,0.0,0.0,INT,,,,,0.0,0.0,0.0,0
346379,2.568698,2.568698,2.568698,2.568698,2.568698,2.568698,udp,0.0,,cs0,,63.0,,1.0,,Status,2,2,0,84,84,0,42.0,0.0,130.805573,130.805573,0.0,0,0,0,0.0,,,0.389302,0.389302,0.0,REQ,,,,,0.0,0.0,0.0,0
346401,0.0,0.0,0.0,0.0,0.0,0.0,udp,0.0,,cs0,,63.0,,1.0,,Start,1,1,0,42,42,0,42.0,0.0,0.0,0.0,0.0,0,0,0,0.0,,,0.0,0.0,0.0,INT,,,,,0.0,0.0,0.0,0
346412,2.573534,2.573534,2.573534,2.573534,2.573534,2.573534,udp,0.0,,cs0,,63.0,,1.0,,Status,2,2,0,84,84,0,42.0,0.0,130.559769,130.559769,0.0,0,0,0,0.0,,,0.388571,0.388571,0.0,REQ,,,,,0.0,0.0,0.0,0
346477,0.0,0.0,0.0,0.0,0.0,0.0,udp,0.0,,cs0,,63.0,,1.0,,Status,1,1,0,42,42,0,42.0,0.0,0.0,0.0,0.0,0,0,0,0.0,,,0.0,0.0,0.0,REQ,,,,,0.0,0.0,0.0,0
346483,2.569164,2.569164,2.569164,2.569164,2.569164,2.569164,udp,0.0,,cs0,,63.0,,1.0,,Status,2,2,0,84,84,0,42.0,0.0,130.781845,130.781845,0.0,0,0,0,0.0,,,0.389232,0.389232,0.0,REQ,,,,,0.0,0.0,0.0,0
346552,2.572814,2.572814,2.572814,2.572814,2.572814,2.572814,udp,0.0,,cs0,,63.0,,1.0,,Status,2,2,0,84,84,0,42.0,0.0,130.596298,130.596298,0.0,0,0,0,0.0,,,0.388679,0.388679,0.0,REQ,,,,,0.0,0.0,0.0,0
346561,2.572875,2.572875,2.572875,2.572875,2.572875,2.572875,udp,0.0,,cs0,,63.0,,1.0,,Status,2,2,0,84,84,0,42.0,0.0,130.593201,130.593201,0.0,0,0,0,0.0,,,0.38867,0.38867,0.0,REQ,,,,,0.0,0.0,0.0,0
346593,2.573651,2.573651,2.573651,2.573651,2.573651,2.573651,udp,0.0,,cs0,,63.0,,1.0,,Status,2,2,0,84,84,0,42.0,0.0,130.553833,130.553833,0.0,0,0,0,0.0,,,0.388553,0.388553,0.0,REQ,,,,,0.0,0.0,0.0,0
346599,2.575671,2.575671,2.575671,2.575671,2.575671,2.575671,udp,0.0,,cs0,,63.0,,1.0,,Status,2,2,0,84,84,0,42.0,0.0,130.451447,130.451447,0.0,0,0,0,0.0,,,0.388248,0.388248,0.0,REQ,,,,,0.0,0.0,0.0,0
346641,0.0,0.0,0.0,0.0,0.0,0.0,udp,0.0,,cs0,,63.0,,1.0,,Status,1,1,0,42,42,0,42.0,0.0,0.0,0.0,0.0,0,0,0,0.0,,,0.0,0.0,0.0,REQ,,,,,0.0,0.0,0.0,0
346735,2.574533,2.574533,2.574533,2.574533,2.574533,2.574533,udp,0.0,,cs0,,63.0,,1.0,,Status,2,2,0,84,84,0,42.0,0.0,130.509109,130.509109,0.0,0,0,0,0.0,,,0.38842,0.38842,0.0,REQ,,,,,0.0,0.0,0.0,0
346746,0.0,0.0,0.0,0.0,0.0,0.0,udp,0.0,,cs0,,63.0,,1.0,,Status,1,1,0,42,42,0,42.0,0.0,0.0,0.0,0.0,0,0,0,0.0,,,0.0,0.0,0.0,REQ,,,,,0.0,0.0,0.0,0
346783,2.573982,2.573982,2.573982,2.573982,2.573982,2.573982,udp,0.0,,cs0,,63.0,,1.0,,Status,2,2,0,84,84,0,42.0,0.0,130.537048,130.537048,0.0,0,0,0,0.0,,,0.388503,0.388503,0.0,REQ,,,,,0.0,0.0,0.0,0
346875,0.0,0.0,0.0,0.0,0.0,0.0,udp,0.0,,cs0,,63.0,,1.0,,Status,1,1,0,42,42,0,42.0,0.0,0.0,0.0,0.0,0,0,0,0.0,,,0.0,0.0,0.0,REQ,,,,,0.0,0.0,0.0,0
346879,0.0,0.0,0.0,0.0,0.0,0.0,udp,0.0,,cs0,,63.0,,1.0,,Status,1,1,0,42,42,0,42.0,0.0,0.0,0.0,0.0,0,0,0,0.0,,,0.0,0.0,0.0,REQ,,,,,0.0,0.0,0.0,0
346897,2.574282,2.574282,2.574282,2.574282,2.574282,2.574282,udp,0.0,,cs0,,63.0,,1.0,,Status,2,2,0,84,84,0,42.0,0.0,130.521835,130.521835,0.0,0,0,0,0.0,,,0.388458,0.388458,0.0,REQ,,,,,0.0,0.0,0.0,0
346926,2.573825,2.573825,2.573825,2.573825,2.573825,2.573825,udp,0.0,,cs0,,63.0,,1.0,,Status,2,2,0,84,84,0,42.0,0.0,130.545013,130.545013,0.0,0,0,0,0.0,,,0.388527,0.388527,0.0,REQ,,,,,0.0,0.0,0.0,0
346931,2.57382,2.57382,2.57382,2.57382,2.57382,2.57382,udp,0.0,,cs0,,63.0,,1.0,,Status,2,2,0,84,84,0,42.0,0.0,130.545258,130.545258,0.0,0,0,0,0.0,,,0.388528,0.388528,0.0,REQ,,,,,0.0,0.0,0.0,0
346948,0.0,0.0,0.0,0.0,0.0,0.0,udp,0.0,,cs0,,63.0,,1.0,,Status,1,1,0,42,42,0,42.0,0.0,0.0,0.0,0.0,0,0,0,0.0,,,0.0,0.0,0.0,REQ,,,,,0.0,0.0,0.0,0
346971,2.575221,2.575221,2.575221,2.575221,2.575221,2.575221,udp,0.0,,cs0,,63.0,,1.0,,Status,2,2,0,84,84,0,42.0,0.0,130.474243,130.474243,0.0,0,0,0,0.0,,,0.388316,0.388316,0.0,REQ,,,,,0.0,0.0,0.0,0
347061,2.572792,2.572792,2.572792,2.572792,2.572792,2.572792,udp,0.0,,cs0,,63.0,,1.0,,Start,2,2,0,84,84,0,42.0,0.0,130.597412,130.597412,0.0,0,0,0,0.0,,,0.388683,0.388683,0.0,INT,,,,,0.0,0.0,0.0,0
347114,0.0,0.0,0.0,0.0,0.0,0.0,udp,0.0,,cs0,,63.0,,1.0,,Status,1,1,0,42,42,0,42.0,0.0,0.0,0.0,0.0,0,0,0,0.0,,,0.0,0.0,0.0,REQ,,,,,0.0,0.0,0.0,0
347129,2.571661,2.571661,2.571661,2.571661,2.571661,2.571661,udp,0.0,,cs0,,63.0,,1.0,,Status,2,2,0,84,84,0,42.0,0.0,130.654861,130.654861,0.0,0,0,0,0.0,,,0.388854,0.388854,0.0,REQ,,,,,0.0,0.0,0.0,0
347160,0.0,0.0,0.0,0.0,0.0,0.0,udp,0.0,,cs0,,63.0,,1.0,,Status,1,1,0,42,42,0,42.0,0.0,0.0,0.0,0.0,0,0,0,0.0,,,0.0,0.0,0.0,REQ,,,,,0.0,0.0,0.0,0
347184,2.569987,2.569987,2.569987,2.569987,2.569987,2.569987,udp,0.0,,cs0,,63.0,,1.0,,Status,2,2,0,84,84,0,42.0,0.0,130.73996,130.73996,0.0,0,0,0,0.0,,,0.389107,0.389107,0.0,REQ,,,,,0.0,0.0,0.0,0
347197,0.0,0.0,0.0,0.0,0.0,0.0,udp,0.0,,cs0,,63.0,,1.0,,Status,1,1,0,42,42,0,42.0,0.0,0.0,0.0,0.0,0,0,0,0.0,,,0.0,0.0,0.0,REQ,,,,,0.0,0.0,0.0,0
347239,2.572233,2.572233,2.572233,2.572233,2.572233,2.572233,udp,0.0,,cs0,,63.0,,1.0,,Status,2,2,0,84,84,0,42.0,0.0,130.625809,130.625809,0.0,0,0,0,0.0,,,0.388767,0.388767,0.0,REQ,,,,,0.0,0.0,0.0,0
347247,0.0,0.0,0.0,0.0,0.0,0.0,udp,0.0,,cs0,,63.0,,1.0,,Status,1,1,0,42,42,0,42.0,0.0,0.0,0.0,0.0,0,0,0,0.0,,,0.0,0.0,0.0,REQ,,,,,0.0,0.0,0.0,0
347351,2.573729,2.573729,2.573729,2.573729,2.573729,2.573729,udp,0.0,,cs0,,63.0,,1.0,,Status,2,2,0,84,84,0,42.0,0.0,130.549881,130.549881,0.0,0,0,0,0.0,,,0.388541,0.388541,0.0,REQ,,,,,0.0,0.0,0.0,0
347364,2.573738,2.573738,2.573738,2.573738,2.573738,2.573738,udp,0.0,,cs0,,63.0,,1.0,,Status,2,2,0,84,84,0,42.0,0.0,130.549408,130.549408,0.0,0,0,0,0.0,,,0.38854,0.38854,0.0,REQ,,,,,0.0,0.0,0.0,0
347365,2.573728,2.573728,2.573728,2.573728,2.573728,2.573728,udp,0.0,,cs0,,63.0,,1.0,,Status,2,2,0,84,84,0,42.0,0.0,130.549927,130.549927,0.0,0,0,0,0.0,,,0.388541,0.388541,0.0,REQ,,,,,0.0,0.0,0.0,0
347422,0.0,0.0,0.0,0.0,0.0,0.0,udp,0.0,,cs0,,63.0,,1.0,,Start,1,1,0,42,42,0,42.0,0.0,0.0,0.0,0.0,0,0,0,0.0,,,0.0,0.0,0.0,INT,,,,,0.0,0.0,0.0,0
347439,0.0,0.0,0.0,0.0,0.0,0.0,udp,0.0,,cs0,,63.0,,1.0,,Status,1,1,0,42,42,0,42.0,0.0,0.0,0.0,0.0,0,0,0,0.0,,,0.0,0.0,0.0,REQ,,,,,0.0,0.0,0.0,0
347478,0.0,0.0,0.0,0.0,0.0,0.0,udp,0.0,,cs0,,63.0,,1.0,,Status,1,1,0,42,42,0,42.0,0.0,0.0,0.0,0.0,0,0,0,0.0,,,0.0,0.0,0.0,REQ,,,,,0.0,0.0,0.0,0
347483,0.0,0.0,0.0,0.0,0.0,0.0,udp,0.0,,cs0,,63.0,,1.0,,Status,1,1,0,42,42,0,42.0,0.0,0.0,0.0,0.0,0,0,0,0.0,,,0.0,0.0,0.0,REQ,,,,,0.0,0.0,0.0,0
347518,2.573059,2.573059,2.573059,2.573059,2.573059,2.573059,udp,0.0,,cs0,,63.0,,1.0,,Status,2,2,0,84,84,0,42.0,0.0,130.583862,130.583862,0.0,0,0,0,0.0,,,0.388642,0.388642,0.0,REQ,,,,,0.0,0.0,0.0,0
347581,0.0,0.0,0.0,0.0,0.0,0.0,udp,0.0,,cs0,,63.0,,1.0,,Status,1,1,0,42,42,0,42.0,0.0,0.0,0.0,0.0,0,0,0,0.0,,,0.0,0.0,0.0,REQ,,,,,0.0,0.0,0.0,0
347607,0.0,0.0,0.0,0.0,0.0,0.0,udp,0.0,,cs0,,63.0,,1.0,,Status,1,1,0,42,42,0,42.0,0.0,0.0,0.0,0.0,0,0,0,0.0,,,0.0,0.0,0.0,REQ,,,,,0.0,0.0,0.0,0
347612,2.57303,2.57303,2.57303,2.57303,2.57303,2.57303,udp,0.0,,cs0,,63.0,,1.0,,Start,2,2,0,84,84,0,42.0,0.0,130.585342,130.585342,0.0,0,0,0,0.0,,,0.388647,0.388647,0.0,INT,,,,,0.0,0.0,0.0,0
347655,0.0,0.0,0.0,0.0,0.0,0.0,udp,0.0,,cs0,,63.0,,1.0,,Status,1,1,0,42,42,0,42.0,0.0,0.0,0.0,0.0,0,0,0,0.0,,,0.0,0.0,0.0,REQ,,,,,0.0,0.0,0.0,0
347705,2.572917,2.572917,2.572917,2.572917,2.572917,2.572917,udp,0.0,,cs0,,63.0,,1.0,,Status,2,2,0,84,84,0,42.0,0.0,130.59108,130.59108,0.0,0,0,0,0.0,,,0.388664,0.388664,0.0,REQ,,,,,0.0,0.0,0.0,0
347731,0.0,0.0,0.0,0.0,0.0,0.0,udp,0.0,,cs0,,63.0,,1.0,,Status,1,1,0,42,42,0,42.0,0.0,0.0,0.0,0.0,0,0,0,0.0,,,0.0,0.0,0.0,REQ,,,,,0.0,0.0,0.0,0
347786,0.0,0.0,0.0,0.0,0.0,0.0,udp,0.0,,cs0,,63.0,,1.0,,Status,1,1,0,42,42,0,42.0,0.0,0.0,0.0,0.0,0,0,0,0.0,,,0.0,0.0,0.0,REQ,,,,,0.0,0.0,0.0,0
347864,2.573388,2.573388,2.573388,2.573388,2.573388,2.573388,udp,0.0,,cs0,,63.0,,1.0,,Status,2,2,0,84,84,0,42.0,0.0,130.567169,130.567169,0.0,0,0,0,0.0,,,0.388593,0.388593,0.0,REQ,,,,,0.0,0.0,0.0,0
347905,2.572886,2.572886,2.572886,2.572886,2.572886,2.572886,udp,0.0,,cs0,,63.0,,1.0,,Status,2,2,0,84,84,0,42.0,0.0,130.592651,130.592651,0.0,0,0,0,0.0,,,0.388669,0.388669,0.0,REQ,,,,,0.0,0.0,0.0,0
347922,0.0,0.0,0.0,0.0,0.0,0.0,udp,0.0,,cs0,,63.0,,1.0,,Status,1,1,0,42,42,0,42.0,0.0,0.0,0.0,0.0,0,0,0,0.0,,,0.0,0.0,0.0,REQ,,,,,0.0,0.0,0.0,0
347977,2.56987,2.56987,2.56987,2.56987,2.56987,2.56987,udp,0.0,,cs0,,63.0,,1.0,,Start,2,2,0,84,84,0,42.0,0.0,130.745911,130.745911,0.0,0,0,0,0.0,,,0.389125,0.389125,0.0,INT,,,,,0.0,0.0,0.0,0
347991,2.569879,2.569879,2.569879,2.569879,2.569879,2.569879,udp,0.0,,cs0,,63.0,,1.0,,Status,2,2,0,84,84,0,42.0,0.0,130.745453,130.745453,0.0,0,0,0,0.0,,,0.389123,0.389123,0.0,REQ,,,,,0.0,0.0,0.0,0
348053,0.0,0.0,0.0,0.0,0.0,0.0,udp,0.0,,cs0,,63.0,,1.0,,Status,1,1,0,42,42,0,42.0,0.0,0.0,0.0,0.0,0,0,0,0.0,,,0.0,0.0,0.0,REQ,,,,,0.0,0.0,0.0,0
348058,0.0,0.0,0.0,0.0,0.0,0.0,udp,0.0,,cs0,,63.0,,1.0,,Status,1,1,0,42,42,0,42.0,0.0,0.0,0.0,0.0,0,0,0,0.0,,,0.0,0.0,0.0,REQ,,,,,0.0,0.0,0.0,0
348089,2.574137,2.574137,2.574137,2.574137,2.574137,2.574137,udp,0.0,,cs0,,63.0,,1.0,,Status,2,2,0,84,84,0,42.0,0.0,130.52919,130.52919,0.0,0,0,0,0.0,,,0.38848,0.38848,0.0,REQ,,,,,0.0,0.0,0.0,0
348116,0.0,0.0,0.0,0.0,0.0,0.0,udp,0.0,,cs0,,63.0,,1.0,,Status,1,1,0,42,42,0,42.0,0.0,0.0,0.0,0.0,0,0,0,0.0,,,0.0,0.0,0.0,REQ,,,,,0.0,0.0,0.0,0
348123,2.574835,2.574835,2.574835,2.574835,2.574835,2.574835,udp,0.0,,cs0,,63.0,,1.0,,Status,2,2,0,84,84,0,42.0,0.0,130.49379,130.49379,0.0,0,0,0,0.0,,,0.388374,0.388374,0.0,REQ,,,,,0.0,0.0,0.0,0
348199,0.0,0.0,0.0,0.0,0.0,0.0,udp,0.0,,cs0,,63.0,,1.0,,Status,1,1,0,42,42,0,42.0,0.0,0.0,0.0,0.0,0,0,0,0.0,,,0.0,0.0,0.0,REQ,,,,,0.0,0.0,0.0,0
348200,0.0,0.0,0.0,0.0,0.0,0.0,udp,0.0,,cs0,,63.0,,1.0,,Status,1,1,0,42,42,0,42.0,0.0,0.0,0.0,0.0,0,0,0,0.0,,,0.0,0.0,0.0,REQ,,,,,0.0,0.0,0.0,0
348302,0.0,0.0,0.0,0.0,0.0,0.0,udp,0.0,,cs0,,63.0,,1.0,,Status,1,1,0,42,42,0,42.0,0.0,0.0,0.0,0.0,0,0,0,0.0,,,0.0,0.0,0.0,REQ,,,,,0.0,0.0,0.0,0
348372,2.57243,2.57243,2.57243,2.57243,2.57243,2.57243,udp,0.0,,cs0,,63.0,,1.0,,Status,2,2,0,84,84,0,42.0,0.0,130.615799,130.615799,0.0,0,0,0,0.0,,,0.388737,0.388737,0.0,REQ,,,,,0.0,0.0,0.0,0
348447,0.0,0.0,0.0,0.0,0.0,0.0,udp,0.0,,cs0,,63.0,,1.0,,Status,1,1,0,42,42,0,42.0,0.0,0.0,0.0,0.0,0,0,0,0.0,,,0.0,0.0,0.0,REQ,,,,,0.0,0.0,0.0,0
348457,2.570108,2.570108,2.570108,2.570108,2.570108,2.570108,udp,0.0,,cs0,,63.0,,1.0,,Status,2,2,0,84,84,0,42.0,0.0,130.73381,130.73381,0.0,0,0,0,0.0,,,0.389089,0.389089,0.0,REQ,,,,,0.0,0.0,0.0,0
348473,0.0,0.0,0.0,0.0,0.0,0.0,udp,0.0,,cs0,,63.0,,1.0,,Status,1,1,0,42,42,0,42.0,0.0,0.0,0.0,0.0,0,0,0,0.0,,,0.0,0.0,0.0,REQ,,,,,0.0,0.0,0.0,0
348506,2.570667,2.570667,2.570667,2.570667,2.570667,2.570667,udp,0.0,,cs0,,63.0,,1.0,,Status,2,2,0,84,84,0,42.0,0.0,130.705383,130.705383,0.0,0,0,0,0.0,,,0.389004,0.389004,0.0,REQ,,,,,0.0,0.0,0.0,0
348559,2.575947,2.575947,2.575947,2.575947,2.575947,2.575947,udp,0.0,,cs0,,63.0,,1.0,,Status,2,2,0,84,84,0,42.0,0.0,130.437469,130.437469,0.0,0,0,0,0.0,,,0.388207,0.388207,0.0,REQ,,,,,0.0,0.0,0.0,0
348617,0.0,0.0,0.0,0.0,0.0,0.0,udp,0.0,,cs0,,63.0,,1.0,,Status,1,1,0,42,42,0,42.0,0.0,0.0,0.0,0.0,0,0,0,0.0,,,0.0,0.0,0.0,REQ,,,,,0.0,0.0,0.0,0
348620,0.0,0.0,0.0,0.0,0.0,0.0,udp,0.0,,cs0,,63.0,,1.0,,Status,1,1,0,42,42,0,42.0,0.0,0.0,0.0,0.0,0,0,0,0.0,,,0.0,0.0,0.0,REQ,,,,,0.0,0.0,0.0,0
348654,2.576154,2.576154,2.576154,2.576154,2.576154,2.576154,udp,0.0,,cs0,,63.0,,1.0,,Status,2,2,0,84,84,0,42.0,0.0,130.426987,130.426987,0.0,0,0,0,0.0,,,0.388176,0.388176,0.0,REQ,,,,,0.0,0.0,0.0,0
348709,2.57018,2.57018,2.57018,2.57018,2.57018,2.57018,udp,0.0,,cs0,,63.0,,1.0,,Status,2,2,0,84,84,0,42.0,0.0,130.730148,130.730148,0.0,0,0,0,0.0,,,0.389078,0.389078,0.0,REQ,,,,,0.0,0.0,0.0,0
348740,0.0,0.0,0.0,0.0,0.0,0.0,udp,0.0,,cs0,,63.0,,1.0,,Status,1,1,0,42,42,0,42.0,0.0,0.0,0.0,0.0,0,0,0,0.0,,,0.0,0.0,0.0,REQ,,,,,0.0,0.0,0.0,0
348741,0.0,0.0,0.0,0.0,0.0,0.0,udp,0.0,,cs0,,63.0,,1.0,,Status,1,1,0,42,42,0,42.0,0.0,0.0,0.0,0.0,0,0,0,0.0,,,0.0,0.0,0.0,REQ,,,,,0.0,0.0,0.0,0
348817,0.0,0.0,0.0,0.0,0.0,0.0,udp,0.0,,cs0,,63.0,,1.0,,Status,1,1,0,42,42,0,42.0,0.0,0.0,0.0,0.0,0,0,0,0.0,,,0.0,0.0,0.0,REQ,,,,,0.0,0.0,0.0,0
348884,0.0,0.0,0.0,0.0,0.0,0.0,udp,0.0,,cs0,,63.0,,1.0,,Status,1,1,0,42,42,0,42.0,0.0,0.0,0.0,0.0,0,0,0,0.0,,,0.0,0.0,0.0,REQ,,,,,0.0,0.0,0.0,0
348929,0.0,0.0,0.0,0.0,0.0,0.0,udp,0.0,,cs0,,63.0,,1.0,,Status,1,1,0,42,42,0,42.0,0.0,0.0,0.0,0.0,0,0,0,0.0,,,0.0,0.0,0.0,REQ,,,,,0.0,0.0,0.0,0
348981,2.574631,2.574631,2.574631,2.574631,2.574631,2.574631,udp,0.0,,cs0,,63.0,,1.0,,Status,2,2,0,84,84,0,42.0,0.0,130.504135,130.504135,0.0,0,0,0,0.0,,,0.388405,0.388405,0.0,REQ,,,,,0.0,0.0,0.0,0
349049,0.0,0.0,0.0,0.0,0.0,0.0,udp,0.0,,cs0,,63.0,,1.0,,Status,1,1,0,42,42,0,42.0,0.0,0.0,0.0,0.0,0,0,0,0.0,,,0.0,0.0,0.0,REQ,,,,,0.0,0.0,0.0,0
349078,2.572869,2.572869,2.572869,2.572869,2.572869,2.572869,udp,0.0,,cs0,,63.0,,1.0,,Status,2,2,0,84,84,0,42.0,0.0,130.593506,130.593506,0.0,0,0,0,0.0,,,0.388671,0.388671,0.0,REQ,,,,,0.0,0.0,0.0,0
349289,0.0,0.0,0.0,0.0,0.0,0.0,udp,0.0,,cs0,,63.0,,1.0,,Status,1,1,0,42,42,0,42.0,0.0,0.0,0.0,0.0,0,0,0,0.0,,,0.0,0.0,0.0,REQ,,,,,0.0,0.0,0.0,0
349295,2.572978,2.572978,2.572978,2.572978,2.572978,2.572978,udp,0.0,,cs0,,63.0,,1.0,,Status,2,2,0,84,84,0,42.0,0.0,130.587982,130.587982,0.0,0,0,0,0.0,,,0.388655,0.388655,0.0,REQ,,,,,0.0,0.0,0.0,0
349332,2.572868,2.572868,2.572868,2.572868,2.572868,2.572868,udp,0.0,,cs0,,63.0,,1.0,,Status,2,2,0,84,84,0,42.0,0.0,130.593552,130.593552,0.0,0,0,0,0.0,,,0.388671,0.388671,0.0,REQ,,,,,0.0,0.0,0.0,0
349358,0.0,0.0,0.0,0.0,0.0,0.0,udp,0.0,,cs0,,63.0,,1.0,,Status,1,1,0,42,42,0,42.0,0.0,0.0,0.0,0.0,0,0,0,0.0,,,0.0,0.0,0.0,REQ,,,,,0.0,0.0,0.0,0
349359,0.0,0.0,0.0,0.0,0.0,0.0,udp,0.0,,cs0,,63.0,,1.0,,Status,1,1,0,42,42,0,42.0,0.0,0.0,0.0,0.0,0,0,0,0.0,,,0.0,0.0,0.0,REQ,,,,,0.0,0.0,0.0,0
349381,0.0,0.0,0.0,0.0,0.0,0.0,udp,0.0,,cs0,,63.0,,1.0,,Status,1,1,0,42,42,0,42.0,0.0,0.0,0.0,0.0,0,0,0,0.0,,,0.0,0.0,0.0,REQ,,,,,0.0,0.0,0.0,0
349447,0.0,0.0,0.0,0.0,0.0,0.0,udp,0.0,,cs0,,63.0,,1.0,,Status,1,1,0,42,42,0,42.0,0.0,0.0,0.0,0.0,0,0,0,0.0,,,0.0,0.0,0.0,REQ,,,,,0.0,0.0,0.0,0
349635,2.575024,2.575024,2.575024,2.575024,2.575024,2.575024,udp,0.0,,cs0,,63.0,,1.0,,Status,2,2,0,84,84,0,42.0,0.0,130.484222,130.484222,0.0,0,0,0,0.0,,,0.388346,0.388346,0.0,REQ,,,,,0.0,0.0,0.0,0
349654,0.0,0.0,0.0,0.0,0.0,0.0,udp,0.0,,cs0,,63.0,,1.0,,Status,1,1,0,42,42,0,42.0,0.0,0.0,0.0,0.0,0,0,0,0.0,,,0.0,0.0,0.0,REQ,,,,,0.0,0.0,0.0,0
349681,2.571684,2.571684,2.571684,2.571684,2.571684,2.571684,udp,0.0,,cs0,,63.0,,1.0,,Status,2,2,0,84,84,0,42.0,0.0,130.653702,130.653702,0.0,0,0,0,0.0,,,0.38885,0.38885,0.0,REQ,,,,,0.0,0.0,0.0,0
349682,2.576781,2.576781,2.576781,2.576781,2.576781,2.576781,udp,0.0,,cs0,,63.0,,1.0,,Status,2,2,0,84,84,0,42.0,0.0,130.395248,130.395248,0.0,0,0,0,0.0,,,0.388081,0.388081,0.0,REQ,,,,,0.0,0.0,0.0,0
349706,0.0,0.0,0.0,0.0,0.0,0.0,udp,0.0,,cs0,,63.0,,1.0,,Status,1,1,0,42,42,0,42.0,0.0,0.0,0.0,0.0,0,0,0,0.0,,,0.0,0.0,0.0,REQ,,,,,0.0,0.0,0.0,0
349708,0.0,0.0,0.0,0.0,0.0,0.0,udp,0.0,,cs0,,63.0,,1.0,,Status,1,1,0,42,42,0,42.0,0.0,0.0,0.0,0.0,0,0,0,0.0,,,0.0,0.0,0.0,REQ,,,,,0.0,0.0,0.0,0
349719,0.0,0.0,0.0,0.0,0.0,0.0,udp,0.0,,cs0,,63.0,,1.0,,Status,1,1,0,42,42,0,42.0,0.0,0.0,0.0,0.0,0,0,0,0.0,,,0.0,0.0,0.0,REQ,,,,,0.0,0.0,0.0,0
349755,2.572885,2.572885,2.572885,2.572885,2.572885,2.572885,udp,0.0,,cs0,,63.0,,1.0,,Status,2,2,0,84,84,0,42.0,0.0,130.592697,130.592697,0.0,0,0,0,0.0,,,0.388669,0.388669,0.0,REQ,,,,,0.0,0.0,0.0,0
349759,0.0,0.0,0.0,0.0,0.0,0.0,udp,0.0,,cs0,,63.0,,1.0,,Status,1,1,0,42,42,0,42.0,0.0,0.0,0.0,0.0,0,0,0,0.0,,,0.0,0.0,0.0,REQ,,,,,0.0,0.0,0.0,0
349805,0.0,0.0,0.0,0.0,0.0,0.0,udp,0.0,,cs0,,63.0,,1.0,,Status,1,1,0,42,42,0,42.0,0.0,0.0,0.0,0.0,0,0,0,0.0,,,0.0,0.0,0.0,REQ,,,,,0.0,0.0,0.0,0
349821,2.572932,2.572932,2.572932,2.572932,2.572932,2.572932,udp,0.0,,cs0,,63.0,,1.0,,Status,2,2,0,84,84,0,42.0,0.0,130.590317,130.590317,0.0,0,0,0,0.0,,,0.388662,0.388662,0.0,REQ,,,,,0.0,0.0,0.0,0
349834,2.570051,2.570051,2.570051,2.570051,2.570051,2.570051,udp,0.0,,cs0,,63.0,,1.0,,Status,2,2,0,84,84,0,42.0,0.0,130.73671,130.73671,0.0,0,0,0,0.0,,,0.389097,0.389097,0.0,REQ,,,,,0.0,0.0,0.0,0
349890,0.0,0.0,0.0,0.0,0.0,0.0,udp,0.0,,cs0,,63.0,,1.0,,Status,1,1,0,42,42,0,42.0,0.0,0.0,0.0,0.0,0,0,0,0.0,,,0.0,0.0,0.0,REQ,,,,,0.0,0.0,0.0,0
349898,2.570055,2.570055,2.570055,2.570055,2.570055,2.570055,udp,0.0,,cs0,,63.0,,1.0,,Status,2,2,0,84,84,0,42.0,0.0,130.736496,130.736496,0.0,0,0,0,0.0,,,0.389097,0.389097,0.0,REQ,,,,,0.0,0.0,0.0,0
349930,0.0,0.0,0.0,0.0,0.0,0.0,udp,0.0,,cs0,,63.0,,1.0,,Status,1,1,0,42,42,0,42.0,0.0,0.0,0.0,0.0,0,0,0,0.0,,,0.0,0.0,0.0,REQ,,,,,0.0,0.0,0.0,0
349951,2.575108,2.575108,2.575108,2.575108,2.575108,2.575108,udp,0.0,,cs0,,63.0,,1.0,,Status,2,2,0,84,84,0,42.0,0.0,130.479965,130.479965,0.0,0,0,0,0.0,,,0.388333,0.388333,0.0,REQ,,,,,0.0,0.0,0.0,0
349952,2.575108,2.575108,2.575108,2.575108,2.575108,2.575108,udp,0.0,,cs0,,63.0,,1.0,,Status,2,2,0,84,84,0,42.0,0.0,130.479965,130.479965,0.0,0,0,0,0.0,,,0.388333,0.388333,0.0,REQ,,,,,0.0,0.0,0.0,0
349984,0.0,0.0,0.0,0.0,0.0,0.0,udp,0.0,,cs0,,63.0,,1.0,,Status,1,1,0,42,42,0,42.0,0.0,0.0,0.0,0.0,0,0,0,0.0,,,0.0,0.0,0.0,REQ,,,,,0.0,0.0,0.0,0
350024,0.0,0.0,0.0,0.0,0.0,0.0,udp,0.0,,cs0,,63.0,,1.0,,Status,1,1,0,42,42,0,42.0,0.0,0.0,0.0,0.0,0,0,0,0.0,,,0.0,0.0,0.0,REQ,,,,,0.0,0.0,0.0,0
350041,0.0,0.0,0.0,0.0,0.0,0.0,udp,0.0,,cs0,,63.0,,1.0,,Status,1,1,0,42,42,0,42.0,0.0,0.0,0.0,0.0,0,0,0,0.0,,,0.0,0.0,0.0,REQ,,,,,0.0,0.0,0.0,0
350108,0.0,0.0,0.0,0.0,0.0,0.0,udp,0.0,,cs0,,63.0,,1.0,,Status,1,1,0,42,42,0,42.0,0.0,0.0,0.0,0.0,0,0,0,0.0,,,0.0,0.0,0.0,REQ,,,,,0.0,0.0,0.0,0
350124,2.572005,2.572005,2.572005,2.572005,2.572005,2.572005,udp,0.0,,cs0,,63.0,,1.0,,Status,2,2,0,84,84,0,42.0,0.0,130.637375,130.637375,0.0,0,0,0,0.0,,,0.388802,0.388802,0.0,REQ,,,,,0.0,0.0,0.0,0
350132,0.0,0.0,0.0,0.0,0.0,0.0,udp,0.0,,cs0,,63.0,,1.0,,Status,1,1,0,42,42,0,42.0,0.0,0.0,0.0,0.0,0,0,0,0.0,,,0.0,0.0,0.0,REQ,,,,,0.0,0.0,0.0,0
350160,2.577893,2.577893,2.577893,2.577893,2.577893,2.577893,udp,0.0,,cs0,,63.0,,1.0,,Status,2,2,0,84,84,0,42.0,0.0,130.339005,130.339005,0.0,0,0,0,0.0,,,0.387914,0.387914,0.0,REQ,,,,,0.0,0.0,0.0,0
350260,0.0,0.0,0.0,0.0,0.0,0.0,udp,0.0,,cs0,,63.0,,1.0,,Status,1,1,0,42,42,0,42.0,0.0,0.0,0.0,0.0,0,0,0,0.0,,,0.0,0.0,0.0,REQ,,,,,0.0,0.0,0.0,0
350273,0.0,0.0,0.0,0.0,0.0,0.0,udp,0.0,,cs0,,63.0,,1.0,,Status,1,1,0,42,42,0,42.0,0.0,0.0,0.0,0.0,0,0,0,0.0,,,0.0,0.0,0.0,REQ,,,,,0.0,0.0,0.0,0
350358,2.57204,2.57204,2.57204,2.57204,2.57204,2.57204,udp,0.0,,cs0,,63.0,,1.0,,Status,2,2,0,84,84,0,42.0,0.0,130.635605,130.635605,0.0,0,0,0,0.0,,,0.388796,0.388796,0.0,REQ,,,,,0.0,0.0,0.0,0
350468,0.0,0.0,0.0,0.0,0.0,0.0,udp,0.0,,cs0,,63.0,,1.0,,Status,1,1,0,42,42,0,42.0,0.0,0.0,0.0,0.0,0,0,0,0.0,,,0.0,0.0,0.0,REQ,,,,,0.0,0.0,0.0,0
350501,2.571372,2.571372,2.571372,2.571372,2.571372,2.571372,udp,0.0,,cs0,,63.0,,1.0,,Status,2,2,0,84,84,0,42.0,0.0,130.66954,130.66954,0.0,0,0,0,0.0,,,0.388897,0.388897,0.0,REQ,,,,,0.0,0.0,0.0,0
350597,2.572922,2.572922,2.572922,2.572922,2.572922,2.572922,udp,0.0,,cs0,,63.0,,1.0,,Status,2,2,0,84,84,0,42.0,0.0,130.59082,130.59082,0.0,0,0,0,0.0,,,0.388663,0.388663,0.0,REQ,,,,,0.0,0.0,0.0,0
350681,0.0,0.0,0.0,0.0,0.0,0.0,udp,0.0,,cs0,,63.0,,1.0,,Status,1,1,0,42,42,0,42.0,0.0,0.0,0.0,0.0,0,0,0,0.0,,,0.0,0.0,0.0,REQ,,,,,0.0,0.0,0.0,0
350728,0.0,0.0,0.0,0.0,0.0,0.0,udp,0.0,,cs0,,63.0,,1.0,,Status,1,1,0,42,42,0,42.0,0.0,0.0,0.0,0.0,0,0,0,0.0,,,0.0,0.0,0.0,REQ,,,,,0.0,0.0,0.0,0
350780,0.0,0.0,0.0,0.0,0.0,0.0,udp,0.0,,cs0,,63.0,,1.0,,Status,1,1,0,42,42,0,42.0,0.0,0.0,0.0,0.0,0,0,0,0.0,,,0.0,0.0,0.0,REQ,,,,,0.0,0.0,0.0,0
350870,2.576037,2.576037,2.576037,2.576037,2.576037,2.576037,udp,0.0,,cs0,,63.0,,1.0,,Status,2,2,0,84,84,0,42.0,0.0,130.432907,130.432907,0.0,0,0,0,0.0,,,0.388193,0.388193,0.0,REQ,,,,,0.0,0.0,0.0,0
350888,2.575994,2.575994,2.575994,2.575994,2.575994,2.575994,udp,0.0,,cs0,,63.0,,1.0,,Status,2,2,0,84,84,0,42.0,0.0,130.435089,130.435089,0.0,0,0,0,0.0,,,0.3882,0.3882,0.0,REQ,,,,,0.0,0.0,0.0,0
350917,2.580865,2.580865,2.580865,2.580865,2.580865,2.580865,udp,0.0,,cs0,,63.0,,1.0,,Status,2,2,0,84,84,0,42.0,0.0,130.188919,130.188919,0.0,0,0,0,0.0,,,0.387467,0.387467,0.0,REQ,,,,,0.0,0.0,0.0,0
350961,0.0,0.0,0.0,0.0,0.0,0.0,udp,0.0,,cs0,,63.0,,1.0,,Status,1,1,0,42,42,0,42.0,0.0,0.0,0.0,0.0,0,0,0,0.0,,,0.0,0.0,0.0,REQ,,,,,0.0,0.0,0.0,0
350979,2.574934,2.574934,2.574934,2.574934,2.574934,2.574934,udp,0.0,,cs0,,63.0,,1.0,,Status,2,2,0,84,84,0,42.0,0.0,130.488785,130.488785,0.0,0,0,0,0.0,,,0.388359,0.388359,0.0,REQ,,,,,0.0,0.0,0.0,0
351042,0.0,0.0,0.0,0.0,0.0,0.0,udp,0.0,,cs0,,63.0,,1.0,,Status,1,1,0,42,42,0,42.0,0.0,0.0,0.0,0.0,0,0,0,0.0,,,0.0,0.0,0.0,REQ,,,,,0.0,0.0,0.0,0
351059,2.571066,2.571066,2.571066,2.571066,2.571066,2.571066,udp,0.0,,cs0,,63.0,,1.0,,Status,2,2,0,84,84,0,42.0,0.0,130.685104,130.685104,0.0,0,0,0,0.0,,,0.388944,0.388944,0.0,REQ,,,,,0.0,0.0,0.0,0
351067,2.571059,2.571059,2.571059,2.571059,2.571059,2.571059,udp,0.0,,cs0,,63.0,,1.0,,Status,2,2,0,84,84,0,42.0,0.0,130.685455,130.685455,0.0,0,0,0,0.0,,,0.388945,0.388945,0.0,REQ,,,,,0.0,0.0,0.0,0
351081,2.571076,2.571076,2.571076,2.571076,2.571076,2.571076,udp,0.0,,cs0,,63.0,,1.0,,Status,2,2,0,84,84,0,42.0,0.0,130.684586,130.684586,0.0,0,0,0,0.0,,,0.388942,0.388942,0.0,REQ,,,,,0.0,0.0,0.0,0
351137,2.568065,2.568065,2.568065,2.568065,2.568065,2.568065,udp,0.0,,cs0,,63.0,,1.0,,Status,2,2,0,84,84,0,42.0,0.0,130.837814,130.837814,0.0,0,0,0,0.0,,,0.389398,0.389398,0.0,REQ,,,,,0.0,0.0,0.0,0
351251,2.570443,2.570443,2.570443,2.570443,2.570443,2.570443,udp,0.0,,cs0,,63.0,,1.0,,Status,2,2,0,84,84,0,42.0,0.0,130.716766,130.716766,0.0,0,0,0,0.0,,,0.389038,0.389038,0.0,REQ,,,,,0.0,0.0,0.0,0
351317,2.568024,2.568024,2.568024,2.568024,2.568024,2.568024,udp,0.0,,cs0,,63.0,,1.0,,Status,2,2,0,84,84,0,42.0,0.0,130.839905,130.839905,0.0,0,0,0,0.0,,,0.389404,0.389404,0.0,REQ,,,,,0.0,0.0,0.0,0
351349,0.0,0.0,0.0,0.0,0.0,0.0,udp,0.0,,cs0,,63.0,,1.0,,Status,1,1,0,42,42,0,42.0,0.0,0.0,0.0,0.0,0,0,0,0.0,,,0.0,0.0,0.0,REQ,,,,,0.0,0.0,0.0,0
351354,0.0,0.0,0.0,0.0,0.0,0.0,udp,0.0,,cs0,,63.0,,1.0,,Status,1,1,0,42,42,0,42.0,0.0,0.0,0.0,0.0,0,0,0,0.0,,,0.0,0.0,0.0,REQ,,,,,0.0,0.0,0.0,0
351383,2.57191,2.57191,2.57191,2.57191,2.57191,2.57191,udp,0.0,,cs0,,63.0,,1.0,,Status,2,2,0,84,84,0,42.0,0.0,130.642212,130.642212,0.0,0,0,0,0.0,,,0.388816,0.388816,0.0,REQ,,,,,0.0,0.0,0.0,0
351411,2.574984,2.574984,2.574984,2.574984,2.574984,2.574984,udp,0.0,,cs0,,63.0,,1.0,,Status,2,2,0,84,84,0,42.0,0.0,130.486237,130.486237,0.0,0,0,0,0.0,,,0.388352,0.388352,0.0,REQ,,,,,0.0,0.0,0.0,0
351495,0.0,0.0,0.0,0.0,0.0,0.0,udp,0.0,,cs0,,63.0,,1.0,,Status,1,1,0,42,42,0,42.0,0.0,0.0,0.0,0.0,0,0,0,0.0,,,0.0,0.0,0.0,REQ,,,,,0.0,0.0,0.0,0
351497,0.0,0.0,0.0,0.0,0.0,0.0,udp,0.0,,cs0,,63.0,,1.0,,Status,1,1,0,42,42,0,42.0,0.0,0.0,0.0,0.0,0,0,0,0.0,,,0.0,0.0,0.0,REQ,,,,,0.0,0.0,0.0,0
351539,2.574494,2.574494,2.574494,2.574494,2.574494,2.574494,udp,0.0,,cs0,,63.0,,1.0,,Status,2,2,0,84,84,0,42.0,0.0,130.511093,130.511093,0.0,0,0,0,0.0,,,0.388426,0.388426,0.0,REQ,,,,,0.0,0.0,0.0,0
351587,2.569923,2.569923,2.569923,2.569923,2.569923,2.569923,udp,0.0,,cs0,,63.0,,1.0,,Status,2,2,0,84,84,0,42.0,0.0,130.743225,130.743225,0.0,0,0,0,0.0,,,0.389117,0.389117,0.0,REQ,,,,,0.0,0.0,0.0,0
351597,2.572015,2.572015,2.572015,2.572015,2.572015,2.572015,udp,0.0,,cs0,,63.0,,1.0,,Status,2,2,0,84,84,0,42.0,0.0,130.636871,130.636871,0.0,0,0,0,0.0,,,0.3888,0.3888,0.0,REQ,,,,,0.0,0.0,0.0,0
351620,0.0,0.0,0.0,0.0,0.0,0.0,udp,0.0,,cs0,,63.0,,1.0,,Status,1,1,0,42,42,0,42.0,0.0,0.0,0.0,0.0,0,0,0,0.0,,,0.0,0.0,0.0,REQ,,,,,0.0,0.0,0.0,0
351758,2.571275,2.571275,2.571275,2.571275,2.571275,2.571275,udp,0.0,,cs0,,63.0,,1.0,,Status,2,2,0,84,84,0,42.0,0.0,130.674469,130.674469,0.0,0,0,0,0.0,,,0.388912,0.388912,0.0,REQ,,,,,0.0,0.0,0.0,0
351814,2.570925,2.570925,2.570925,2.570925,2.570925,2.570925,udp,0.0,,cs0,,63.0,,1.0,,Status,2,2,0,84,84,0,42.0,0.0,130.692261,130.692261,0.0,0,0,0,0.0,,,0.388965,0.388965,0.0,REQ,,,,,0.0,0.0,0.0,0
351817,0.0,0.0,0.0,0.0,0.0,0.0,udp,0.0,,cs0,,63.0,,1.0,,Status,1,1,0,42,42,0,42.0,0.0,0.0,0.0,0.0,0,0,0,0.0,,,0.0,0.0,0.0,REQ,,,,,0.0,0.0,0.0,0
351835,0.0,0.0,0.0,0.0,0.0,0.0,udp,0.0,,cs0,,63.0,,1.0,,Status,1,1,0,42,42,0,42.0,0.0,0.0,0.0,0.0,0,0,0,0.0,,,0.0,0.0,0.0,REQ,,,,,0.0,0.0,0.0,0
351922,2.571615,2.571615,2.571615,2.571615,2.571615,2.571615,udp,0.0,,cs0,,63.0,,1.0,,Status,2,2,0,84,84,0,42.0,0.0,130.657196,130.657196,0.0,0,0,0,0.0,,,0.388861,0.388861,0.0,REQ,,,,,0.0,0.0,0.0,0
351995,0.0,0.0,0.0,0.0,0.0,0.0,udp,0.0,,cs0,,63.0,,1.0,,Start,1,1,0,42,42,0,42.0,0.0,0.0,0.0,0.0,0,0,0,0.0,,,0.0,0.0,0.0,INT,,,,,0.0,0.0,0.0,0
352004,0.0,0.0,0.0,0.0,0.0,0.0,udp,0.0,,cs0,,63.0,,1.0,,Status,1,1,0,42,42,0,42.0,0.0,0.0,0.0,0.0,0,0,0,0.0,,,0.0,0.0,0.0,REQ,,,,,0.0,0.0,0.0,0
352044,0.0,0.0,0.0,0.0,0.0,0.0,udp,0.0,,cs0,,63.0,,1.0,,Status,1,1,0,42,42,0,42.0,0.0,0.0,0.0,0.0,0,0,0,0.0,,,0.0,0.0,0.0,REQ,,,,,0.0,0.0,0.0,0
352215,0.0,0.0,0.0,0.0,0.0,0.0,udp,0.0,,cs0,,63.0,,1.0,,Status,1,1,0,42,42,0,42.0,0.0,0.0,0.0,0.0,0,0,0,0.0,,,0.0,0.0,0.0,REQ,,,,,0.0,0.0,0.0,0
352241,2.566908,2.566908,2.566908,2.566908,2.566908,2.566908,udp,0.0,,cs0,,63.0,,1.0,,Status,2,2,0,84,84,0,42.0,0.0,130.89679,130.89679,0.0,0,0,0,0.0,,,0.389574,0.389574,0.0,REQ,,,,,0.0,0.0,0.0,0
352242,2.566908,2.566908,2.566908,2.566908,2.566908,2.566908,udp,0.0,,cs0,,63.0,,1.0,,Status,2,2,0,84,84,0,42.0,0.0,130.89679,130.89679,0.0,0,0,0,0.0,,,0.389574,0.389574,0.0,REQ,,,,,0.0,0.0,0.0,0
352292,2.571898,2.571898,2.571898,2.571898,2.571898,2.571898,udp,0.0,,cs0,,63.0,,1.0,,Status,2,2,0,84,84,0,42.0,0.0,130.642822,130.642822,0.0,0,0,0,0.0,,,0.388818,0.388818,0.0,REQ,,,,,0.0,0.0,0.0,0
352313,2.5671,2.5671,2.5671,2.5671,2.5671,2.5671,udp,0.0,,cs0,,63.0,,1.0,,Status,2,2,0,84,84,0,42.0,0.0,130.886993,130.886993,0.0,0,0,0,0.0,,,0.389545,0.389545,0.0,REQ,,,,,0.0,0.0,0.0,0
352354,0.0,0.0,0.0,0.0,0.0,0.0,udp,0.0,,cs0,,63.0,,1.0,,Status,1,1,0,42,42,0,42.0,0.0,0.0,0.0,0.0,0,0,0,0.0,,,0.0,0.0,0.0,REQ,,,,,0.0,0.0,0.0,0
352464,2.571375,2.571375,2.571375,2.571375,2.571375,2.571375,udp,0.0,,cs0,,63.0,,1.0,,Status,2,2,0,84,84,0,42.0,0.0,130.669388,130.669388,0.0,0,0,0,0.0,,,0.388897,0.388897,0.0,REQ,,,,,0.0,0.0,0.0,0
352495,2.57287,2.57287,2.57287,2.57287,2.57287,2.57287,udp,0.0,,cs0,,63.0,,1.0,,Status,2,2,0,84,84,0,42.0,0.0,130.59346,130.59346,0.0,0,0,0,0.0,,,0.388671,0.388671,0.0,REQ,,,,,0.0,0.0,0.0,0
352512,2.572913,2.572913,2.572913,2.572913,2.572913,2.572913,udp,0.0,,cs0,,63.0,,1.0,,Start,2,2,0,84,84,0,42.0,0.0,130.591278,130.591278,0.0,0,0,0,0.0,,,0.388665,0.388665,0.0,INT,,,,,0.0,0.0,0.0,0
352514,2.572914,2.572914,2.572914,2.572914,2.572914,2.572914,udp,0.0,,cs0,,63.0,,1.0,,Status,2,2,0,84,84,0,42.0,0.0,130.591232,130.591232,0.0,0,0,0,0.0,,,0.388664,0.388664,0.0,REQ,,,,,0.0,0.0,0.0,0
352635,0.0,0.0,0.0,0.0,0.0,0.0,udp,0.0,,cs0,,63.0,,1.0,,Status,1,1,0,42,42,0,42.0,0.0,0.0,0.0,0.0,0,0,0,0.0,,,0.0,0.0,0.0,REQ,,,,,0.0,0.0,0.0,0
352646,0.0,0.0,0.0,0.0,0.0,0.0,udp,0.0,,cs0,,63.0,,1.0,,Status,1,1,0,42,42,0,42.0,0.0,0.0,0.0,0.0,0,0,0,0.0,,,0.0,0.0,0.0,REQ,,,,,0.0,0.0,0.0,0
352706,2.568139,2.568139,2.568139,2.568139,2.568139,2.568139,udp,0.0,,cs0,,63.0,,1.0,,Status,2,2,0,84,84,0,42.0,0.0,130.83403,130.83403,0.0,0,0,0,0.0,,,0.389387,0.389387,0.0,REQ,,,,,0.0,0.0,0.0,0
352710,2.568139,2.568139,2.568139,2.568139,2.568139,2.568139,udp,0.0,,cs0,,63.0,,1.0,,Status,2,2,0,84,84,0,42.0,0.0,130.83403,130.83403,0.0,0,0,0,0.0,,,0.389387,0.389387,0.0,REQ,,,,,0.0,0.0,0.0,0
352715,2.56811,2.56811,2.56811,2.56811,2.56811,2.56811,udp,0.0,,cs0,,63.0,,1.0,,Status,2,2,0,84,84,0,42.0,0.0,130.83551,130.83551,0.0,0,0,0,0.0,,,0.389391,0.389391,0.0,REQ,,,,,0.0,0.0,0.0,0
352799,2.571119,2.571119,2.571119,2.571119,2.571119,2.571119,udp,0.0,,cs0,,63.0,,1.0,,Status,2,2,0,84,84,0,42.0,0.0,130.682388,130.682388,0.0,0,0,0,0.0,,,0.388936,0.388936,0.0,REQ,,,,,0.0,0.0,0.0,0
352819,0.0,0.0,0.0,0.0,0.0,0.0,udp,0.0,,cs0,,63.0,,1.0,,Status,1,1,0,42,42,0,42.0,0.0,0.0,0.0,0.0,0,0,0,0.0,,,0.0,0.0,0.0,REQ,,,,,0.0,0.0,0.0,0
352858,2.571963,2.571963,2.571963,2.571963,2.571963,2.571963,udp,0.0,,cs0,,63.0,,1.0,,Start,2,2,0,84,84,0,42.0,0.0,130.639511,130.639511,0.0,0,0,0,0.0,,,0.388808,0.388808,0.0,INT,,,,,0.0,0.0,0.0,0
352896,2.571883,2.571883,2.571883,2.571883,2.571883,2.571883,udp,0.0,,cs0,,63.0,,1.0,,Status,2,2,0,84,84,0,42.0,0.0,130.643585,130.643585,0.0,0,0,0,0.0,,,0.38882,0.38882,0.0,REQ,,,,,0.0,0.0,0.0,0
352909,0.0,0.0,0.0,0.0,0.0,0.0,udp,0.0,,cs0,,63.0,,1.0,,Status,1,1,0,42,42,0,42.0,0.0,0.0,0.0,0.0,0,0,0,0.0,,,0.0,0.0,0.0,REQ,,,,,0.0,0.0,0.0,0
352926,2.566635,2.566635,2.566635,2.566635,2.566635,2.566635,udp,0.0,,cs0,,63.0,,1.0,,Start,2,2,0,84,84,0,42.0,0.0,130.910706,130.910706,0.0,0,0,0,0.0,,,0.389615,0.389615,0.0,INT,,,,,0.0,0.0,0.0,0
352968,2.570912,2.570912,2.570912,2.570912,2.570912,2.570912,udp,0.0,,cs0,,63.0,,1.0,,Status,2,2,0,84,84,0,42.0,0.0,130.692932,130.692932,0.0,0,0,0,0.0,,,0.388967,0.388967,0.0,REQ,,,,,0.0,0.0,0.0,0
352976,2.572978,2.572978,2.572978,2.572978,2.572978,2.572978,udp,0.0,,cs0,,63.0,,1.0,,Status,2,2,0,84,84,0,42.0,0.0,130.587982,130.587982,0.0,0,0,0,0.0,,,0.388655,0.388655,0.0,REQ,,,,,0.0,0.0,0.0,0
353015,0.0,0.0,0.0,0.0,0.0,0.0,udp,0.0,,cs0,,63.0,,1.0,,Status,1,1,0,42,42,0,42.0,0.0,0.0,0.0,0.0,0,0,0,0.0,,,0.0,0.0,0.0,REQ,,,,,0.0,0.0,0.0,0
353052,0.0,0.0,0.0,0.0,0.0,0.0,udp,0.0,,cs0,,63.0,,1.0,,Status,1,1,0,42,42,0,42.0,0.0,0.0,0.0,0.0,0,0,0,0.0,,,0.0,0.0,0.0,REQ,,,,,0.0,0.0,0.0,0
353072,2.565997,2.565997,2.565997,2.565997,2.565997,2.565997,udp,0.0,,cs0,,63.0,,1.0,,Status,2,2,0,84,84,0,42.0,0.0,130.943268,130.943268,0.0,0,0,0,0.0,,,0.389712,0.389712,0.0,REQ,,,,,0.0,0.0,0.0,0
353220,2.571763,2.571763,2.571763,2.571763,2.571763,2.571763,udp,0.0,,cs0,,63.0,,1.0,,Status,2,2,0,84,84,0,42.0,0.0,130.649673,130.649673,0.0,0,0,0,0.0,,,0.388838,0.388838,0.0,REQ,,,,,0.0,0.0,0.0,0
353263,0.0,0.0,0.0,0.0,0.0,0.0,udp,0.0,,cs0,,63.0,,1.0,,Status,1,1,0,42,42,0,42.0,0.0,0.0,0.0,0.0,0,0,0,0.0,,,0.0,0.0,0.0,REQ,,,,,0.0,0.0,0.0,0
353304,2.571847,2.571847,2.571847,2.571847,2.571847,2.571847,udp,0.0,,cs0,,63.0,,1.0,,Status,2,2,0,84,84,0,42.0,0.0,130.645416,130.645416,0.0,0,0,0,0.0,,,0.388826,0.388826,0.0,REQ,,,,,0.0,0.0,0.0,0
353327,0.0,0.0,0.0,0.0,0.0,0.0,udp,0.0,,cs0,,63.0,,1.0,,Status,1,1,0,42,42,0,42.0,0.0,0.0,0.0,0.0,0,0,0,0.0,,,0.0,0.0,0.0,REQ,,,,,0.0,0.0,0.0,0
353343,2.570882,2.570882,2.570882,2.570882,2.570882,2.570882,udp,0.0,,cs0,,63.0,,1.0,,Status,2,2,0,84,84,0,42.0,0.0,130.694443,130.694443,0.0,0,0,0,0.0,,,0.388972,0.388972,0.0,REQ,,,,,0.0,0.0,0.0,0
353394,0.0,0.0,0.0,0.0,0.0,0.0,udp,0.0,,cs0,,63.0,,1.0,,Status,1,1,0,42,42,0,42.0,0.0,0.0,0.0,0.0,0,0,0,0.0,,,0.0,0.0,0.0,REQ,,,,,0.0,0.0,0.0,0
353412,0.0,0.0,0.0,0.0,0.0,0.0,udp,0.0,,cs0,,63.0,,1.0,,Status,1,1,0,42,42,0,42.0,0.0,0.0,0.0,0.0,0,0,0,0.0,,,0.0,0.0,0.0,REQ,,,,,0.0,0.0,0.0,0
353462,0.0,0.0,0.0,0.0,0.0,0.0,udp,0.0,,cs0,,63.0,,1.0,,Status,1,1,0,42,42,0,42.0,0.0,0.0,0.0,0.0,0,0,0,0.0,,,0.0,0.0,0.0,REQ,,,,,0.0,0.0,0.0,0
353488,0.0,0.0,0.0,0.0,0.0,0.0,udp,0.0,,cs0,,63.0,,1.0,,Status,1,1,0,42,42,0,42.0,0.0,0.0,0.0,0.0,0,0,0,0.0,,,0.0,0.0,0.0,REQ,,,,,0.0,0.0,0.0,0
353501,2.5664,2.5664,2.5664,2.5664,2.5664,2.5664,udp,0.0,,cs0,,63.0,,1.0,,Status,2,2,0,84,84,0,42.0,0.0,130.922684,130.922684,0.0,0,0,0,0.0,,,0.389651,0.389651,0.0,REQ,,,,,0.0,0.0,0.0,0
353594,2.569813,2.569813,2.569813,2.569813,2.569813,2.569813,udp,0.0,,cs0,,63.0,,1.0,,Status,2,2,0,84,84,0,42.0,0.0,130.74881,130.74881,0.0,0,0,0,0.0,,,0.389133,0.389133,0.0,REQ,,,,,0.0,0.0,0.0,0
353635,2.568161,2.568161,2.568161,2.568161,2.568161,2.568161,udp,0.0,,cs0,,63.0,,1.0,,Status,2,2,0,84,84,0,42.0,0.0,130.832916,130.832916,0.0,0,0,0,0.0,,,0.389384,0.389384,0.0,REQ,,,,,0.0,0.0,0.0,0
353672,2.570754,2.570754,2.570754,2.570754,2.570754,2.570754,udp,0.0,,cs0,,63.0,,1.0,,Status,2,2,0,84,84,0,42.0,0.0,130.700958,130.700958,0.0,0,0,0,0.0,,,0.388991,0.388991,0.0,REQ,,,,,0.0,0.0,0.0,0
353682,2.569281,2.569281,2.569281,2.569281,2.569281,2.569281,udp,0.0,,cs0,,63.0,,1.0,,Status,2,2,0,84,84,0,42.0,0.0,130.775879,130.775879,0.0,0,0,0,0.0,,,0.389214,0.389214,0.0,REQ,,,,,0.0,0.0,0.0,0
353685,2.568014,2.568014,2.568014,2.568014,2.568014,2.568014,udp,0.0,,cs0,,63.0,,1.0,,Status,2,2,0,84,84,0,42.0,0.0,130.840408,130.840408,0.0,0,0,0,0.0,,,0.389406,0.389406,0.0,REQ,,,,,0.0,0.0,0.0,0
353704,2.567978,2.567978,2.567978,2.567978,2.567978,2.567978,udp,0.0,,cs0,,63.0,,1.0,,Status,2,2,0,84,84,0,42.0,0.0,130.842255,130.842255,0.0,0,0,0,0.0,,,0.389411,0.389411,0.0,REQ,,,,,0.0,0.0,0.0,0
353710,2.569852,2.569852,2.569852,2.569852,2.569852,2.569852,udp,0.0,,cs0,,63.0,,1.0,,Status,2,2,0,84,84,0,42.0,0.0,130.746826,130.746826,0.0,0,0,0,0.0,,,0.389127,0.389127,0.0,REQ,,,,,0.0,0.0,0.0,0
353770,0.0,0.0,0.0,0.0,0.0,0.0,udp,0.0,,cs0,,63.0,,1.0,,Status,1,1,0,42,42,0,42.0,0.0,0.0,0.0,0.0,0,0,0,0.0,,,0.0,0.0,0.0,REQ,,,,,0.0,0.0,0.0,0
353772,2.575368,2.575368,2.575368,2.575368,2.575368,2.575368,udp,0.0,,cs0,,63.0,,1.0,,Status,2,2,0,84,84,0,42.0,0.0,130.466797,130.466797,0.0,0,0,0,0.0,,,0.388294,0.388294,0.0,REQ,,,,,0.0,0.0,0.0,0
353773,2.575368,2.575368,2.575368,2.575368,2.575368,2.575368,udp,0.0,,cs0,,63.0,,1.0,,Status,2,2,0,84,84,0,42.0,0.0,130.466797,130.466797,0.0,0,0,0,0.0,,,0.388294,0.388294,0.0,REQ,,,,,0.0,0.0,0.0,0
353809,2.570292,2.570292,2.570292,2.570292,2.570292,2.570292,udp,0.0,,cs0,,63.0,,1.0,,Status,2,2,0,84,84,0,42.0,0.0,130.724442,130.724442,0.0,0,0,0,0.0,,,0.389061,0.389061,0.0,REQ,,,,,0.0,0.0,0.0,0
353843,0.0,0.0,0.0,0.0,0.0,0.0,udp,0.0,,cs0,,63.0,,1.0,,Status,1,1,0,42,42,0,42.0,0.0,0.0,0.0,0.0,0,0,0,0.0,,,0.0,0.0,0.0,REQ,,,,,0.0,0.0,0.0,0
353871,0.0,0.0,0.0,0.0,0.0,0.0,udp,0.0,,cs0,,63.0,,1.0,,Status,1,1,0,42,42,0,42.0,0.0,0.0,0.0,0.0,0,0,0,0.0,,,0.0,0.0,0.0,REQ,,,,,0.0,0.0,0.0,0
353935,2.576586,2.576586,2.576586,2.576586,2.576586,2.576586,udp,0.0,,cs0,,63.0,,1.0,,Status,2,2,0,84,84,0,42.0,0.0,130.405121,130.405121,0.0,0,0,0,0.0,,,0.38811,0.38811,0.0,REQ,,,,,0.0,0.0,0.0,0
353947,2.572433,2.572433,2.572433,2.572433,2.572433,2.572433,udp,0.0,,cs0,,63.0,,1.0,,Status,2,2,0,84,84,0,42.0,0.0,130.615646,130.615646,0.0,0,0,0,0.0,,,0.388737,0.388737,0.0,REQ,,,,,0.0,0.0,0.0,0
353964,2.571312,2.571312,2.571312,2.571312,2.571312,2.571312,udp,0.0,,cs0,,63.0,,1.0,,Status,2,2,0,84,84,0,42.0,0.0,130.672592,130.672592,0.0,0,0,0,0.0,,,0.388907,0.388907,0.0,REQ,,,,,0.0,0.0,0.0,0
353971,2.57122,2.57122,2.57122,2.57122,2.57122,2.57122,udp,0.0,,cs0,,63.0,,1.0,,Status,2,2,0,84,84,0,42.0,0.0,130.677277,130.677277,0.0,0,0,0,0.0,,,0.38892,0.38892,0.0,REQ,,,,,0.0,0.0,0.0,0
354046,2.572071,2.572071,2.572071,2.572071,2.572071,2.572071,udp,0.0,,cs0,,63.0,,1.0,,Status,2,2,0,84,84,0,42.0,0.0,130.634033,130.634033,0.0,0,0,0,0.0,,,0.388792,0.388792,0.0,REQ,,,,,0.0,0.0,0.0,0
354088,2.570053,2.570053,2.570053,2.570053,2.570053,2.570053,udp,0.0,,cs0,,63.0,,1.0,,Status,2,2,0,84,84,0,42.0,0.0,130.736603,130.736603,0.0,0,0,0,0.0,,,0.389097,0.389097,0.0,REQ,,,,,0.0,0.0,0.0,0
354133,0.0,0.0,0.0,0.0,0.0,0.0,udp,0.0,,cs0,,63.0,,1.0,,Status,1,1,0,42,42,0,42.0,0.0,0.0,0.0,0.0,0,0,0,0.0,,,0.0,0.0,0.0,REQ,,,,,0.0,0.0,0.0,0
354250,0.0,0.0,0.0,0.0,0.0,0.0,udp,0.0,,cs0,,63.0,,1.0,,Status,1,1,0,42,42,0,42.0,0.0,0.0,0.0,0.0,0,0,0,0.0,,,0.0,0.0,0.0,REQ,,,,,0.0,0.0,0.0,0
354334,0.0,0.0,0.0,0.0,0.0,0.0,udp,0.0,,cs0,,63.0,,1.0,,Status,1,1,0,42,42,0,42.0,0.0,0.0,0.0,0.0,0,0,0,0.0,,,0.0,0.0,0.0,REQ,,,,,0.0,0.0,0.0,0
354338,0.0,0.0,0.0,0.0,0.0,0.0,udp,0.0,,cs0,,63.0,,1.0,,Status,1,1,0,42,42,0,42.0,0.0,0.0,0.0,0.0,0,0,0,0.0,,,0.0,0.0,0.0,REQ,,,,,0.0,0.0,0.0,0
354344,0.0,0.0,0.0,0.0,0.0,0.0,udp,0.0,,cs0,,63.0,,1.0,,Status,1,1,0,42,42,0,42.0,0.0,0.0,0.0,0.0,0,0,0,0.0,,,0.0,0.0,0.0,REQ,,,,,0.0,0.0,0.0,0
354348,0.0,0.0,0.0,0.0,0.0,0.0,udp,0.0,,cs0,,63.0,,1.0,,Status,1,1,0,42,42,0,42.0,0.0,0.0,0.0,0.0,0,0,0,0.0,,,0.0,0.0,0.0,REQ,,,,,0.0,0.0,0.0,0
354362,0.0,0.0,0.0,0.0,0.0,0.0,udp,0.0,,cs0,,63.0,,1.0,,Status,1,1,0,42,42,0,42.0,0.0,0.0,0.0,0.0,0,0,0,0.0,,,0.0,0.0,0.0,REQ,,,,,0.0,0.0,0.0,0
354367,2.568857,2.568857,2.568857,2.568857,2.568857,2.568857,udp,0.0,,cs0,,63.0,,1.0,,Status,2,2,0,84,84,0,42.0,0.0,130.79747,130.79747,0.0,0,0,0,0.0,,,0.389278,0.389278,0.0,REQ,,,,,0.0,0.0,0.0,0
354398,0.0,0.0,0.0,0.0,0.0,0.0,udp,0.0,,cs0,,63.0,,1.0,,Status,1,1,0,42,42,0,42.0,0.0,0.0,0.0,0.0,0,0,0,0.0,,,0.0,0.0,0.0,REQ,,,,,0.0,0.0,0.0,0
354511,0.0,0.0,0.0,0.0,0.0,0.0,udp,0.0,,cs0,,63.0,,1.0,,Status,1,1,0,42,42,0,42.0,0.0,0.0,0.0,0.0,0,0,0,0.0,,,0.0,0.0,0.0,REQ,,,,,0.0,0.0,0.0,0
354576,0.0,0.0,0.0,0.0,0.0,0.0,udp,0.0,,cs0,,63.0,,1.0,,Start,1,1,0,42,42,0,42.0,0.0,0.0,0.0,0.0,0,0,0,0.0,,,0.0,0.0,0.0,INT,,,,,0.0,0.0,0.0,0
354610,0.0,0.0,0.0,0.0,0.0,0.0,udp,0.0,,cs0,,63.0,,1.0,,Status,1,1,0,42,42,0,42.0,0.0,0.0,0.0,0.0,0,0,0,0.0,,,0.0,0.0,0.0,REQ,,,,,0.0,0.0,0.0,0
354632,2.569005,2.569005,2.569005,2.569005,2.569005,2.569005,udp,0.0,,cs0,,63.0,,1.0,,Status,2,2,0,84,84,0,42.0,0.0,130.789932,130.789932,0.0,0,0,0,0.0,,,0.389256,0.389256,0.0,REQ,,,,,0.0,0.0,0.0,0
354679,2.574778,2.574778,2.574778,2.574778,2.574778,2.574778,udp,0.0,,cs0,,63.0,,1.0,,Status,2,2,0,84,84,0,42.0,0.0,130.496689,130.496689,0.0,0,0,0,0.0,,,0.388383,0.388383,0.0,REQ,,,,,0.0,0.0,0.0,0
354691,2.574799,2.574799,2.574799,2.574799,2.574799,2.574799,udp,0.0,,cs0,,63.0,,1.0,,Status,2,2,0,84,84,0,42.0,0.0,130.495621,130.495621,0.0,0,0,0,0.0,,,0.38838,0.38838,0.0,REQ,,,,,0.0,0.0,0.0,0
354706,2.569385,2.569385,2.569385,2.569385,2.569385,2.569385,udp,0.0,,cs0,,63.0,,1.0,,Status,2,2,0,84,84,0,42.0,0.0,130.770584,130.770584,0.0,0,0,0,0.0,,,0.389198,0.389198,0.0,REQ,,,,,0.0,0.0,0.0,0
354736,0.0,0.0,0.0,0.0,0.0,0.0,udp,0.0,,cs0,,63.0,,1.0,,Start,1,1,0,42,42,0,42.0,0.0,0.0,0.0,0.0,0,0,0,0.0,,,0.0,0.0,0.0,INT,,,,,0.0,0.0,0.0,0
354804,2.571313,2.571313,2.571313,2.571313,2.571313,2.571313,udp,0.0,,cs0,,63.0,,1.0,,Status,2,2,0,84,84,0,42.0,0.0,130.672546,130.672546,0.0,0,0,0,0.0,,,0.388906,0.388906,0.0,REQ,,,,,0.0,0.0,0.0,0
354867,2.574866,2.574866,2.574866,2.574866,2.574866,2.574866,udp,0.0,,cs0,,63.0,,1.0,,Status,2,2,0,84,84,0,42.0,0.0,130.492218,130.492218,0.0,0,0,0,0.0,,,0.38837,0.38837,0.0,REQ,,,,,0.0,0.0,0.0,0
354896,0.0,0.0,0.0,0.0,0.0,0.0,udp,0.0,,cs0,,63.0,,1.0,,Status,1,1,0,42,42,0,42.0,0.0,0.0,0.0,0.0,0,0,0,0.0,,,0.0,0.0,0.0,REQ,,,,,0.0,0.0,0.0,0
354943,2.57098,2.57098,2.57098,2.57098,2.57098,2.57098,udp,0.0,,cs0,,63.0,,1.0,,Status,2,2,0,84,84,0,42.0,0.0,130.689468,130.689468,0.0,0,0,0,0.0,,,0.388957,0.388957,0.0,REQ,,,,,0.0,0.0,0.0,0
354993,2.572195,2.572195,2.572195,2.572195,2.572195,2.572195,udp,0.0,,cs0,,63.0,,1.0,,Status,2,2,0,84,84,0,42.0,0.0,130.627731,130.627731,0.0,0,0,0,0.0,,,0.388773,0.388773,0.0,REQ,,,,,0.0,0.0,0.0,0
355013,0.0,0.0,0.0,0.0,0.0,0.0,udp,0.0,,cs0,,63.0,,1.0,,Status,1,1,0,42,42,0,42.0,0.0,0.0,0.0,0.0,0,0,0,0.0,,,0.0,0.0,0.0,REQ,,,,,0.0,0.0,0.0,0
355016,0.0,0.0,0.0,0.0,0.0,0.0,udp,0.0,,cs0,,63.0,,1.0,,Status,1,1,0,42,42,0,42.0,0.0,0.0,0.0,0.0,0,0,0,0.0,,,0.0,0.0,0.0,REQ,,,,,0.0,0.0,0.0,0
355036,0.0,0.0,0.0,0.0,0.0,0.0,udp,0.0,,cs0,,63.0,,1.0,,Start,1,1,0,42,42,0,42.0,0.0,0.0,0.0,0.0,0,0,0,0.0,,,0.0,0.0,0.0,INT,,,,,0.0,0.0,0.0,0
355078,0.0,0.0,0.0,0.0,0.0,0.0,udp,0.0,,cs0,,63.0,,1.0,,Status,1,1,0,42,42,0,42.0,0.0,0.0,0.0,0.0,0,0,0,0.0,,,0.0,0.0,0.0,REQ,,,,,0.0,0.0,0.0,0
355103,2.571213,2.571213,2.571213,2.571213,2.571213,2.571213,udp,0.0,,cs0,,63.0,,1.0,,Status,2,2,0,84,84,0,42.0,0.0,130.677628,130.677628,0.0,0,0,0,0.0,,,0.388921,0.388921,0.0,REQ,,,,,0.0,0.0,0.0,0
355193,2.575937,2.575937,2.575937,2.575937,2.575937,2.575937,udp,0.0,,cs0,,63.0,,1.0,,Status,2,2,0,84,84,0,42.0,0.0,130.437973,130.437973,0.0,0,0,0,0.0,,,0.388208,0.388208,0.0,REQ,,,,,0.0,0.0,0.0,0
355220,0.0,0.0,0.0,0.0,0.0,0.0,udp,0.0,,cs0,,63.0,,1.0,,Status,1,1,0,42,42,0,42.0,0.0,0.0,0.0,0.0,0,0,0,0.0,,,0.0,0.0,0.0,REQ,,,,,0.0,0.0,0.0,0
355292,0.0,0.0,0.0,0.0,0.0,0.0,udp,0.0,,cs0,,63.0,,1.0,,Status,1,1,0,42,42,0,42.0,0.0,0.0,0.0,0.0,0,0,0,0.0,,,0.0,0.0,0.0,REQ,,,,,0.0,0.0,0.0,0
355367,2.568083,2.568083,2.568083,2.568083,2.568083,2.568083,udp,0.0,,cs0,,63.0,,1.0,,Status,2,2,0,84,84,0,42.0,0.0,130.836884,130.836884,0.0,0,0,0,0.0,,,0.389396,0.389396,0.0,REQ,,,,,0.0,0.0,0.0,0
355371,2.56808,2.56808,2.56808,2.56808,2.56808,2.56808,udp,0.0,,cs0,,63.0,,1.0,,Status,2,2,0,84,84,0,42.0,0.0,130.837051,130.837051,0.0,0,0,0,0.0,,,0.389396,0.389396,0.0,REQ,,,,,0.0,0.0,0.0,0
355502,0.0,0.0,0.0,0.0,0.0,0.0,udp,0.0,,cs0,,63.0,,1.0,,Status,1,1,0,42,42,0,42.0,0.0,0.0,0.0,0.0,0,0,0,0.0,,,0.0,0.0,0.0,REQ,,,,,0.0,0.0,0.0,0
355517,0.0,0.0,0.0,0.0,0.0,0.0,udp,0.0,,cs0,,63.0,,1.0,,Status,1,1,0,42,42,0,42.0,0.0,0.0,0.0,0.0,0,0,0,0.0,,,0.0,0.0,0.0,REQ,,,,,0.0,0.0,0.0,0
355538,2.567633,2.567633,2.567633,2.567633,2.567633,2.567633,udp,0.0,,cs0,,63.0,,1.0,,Status,2,2,0,84,84,0,42.0,0.0,130.859833,130.859833,0.0,0,0,0,0.0,,,0.389464,0.389464,0.0,REQ,,,,,0.0,0.0,0.0,0
355648,2.572801,2.572801,2.572801,2.572801,2.572801,2.572801,udp,0.0,,cs0,,63.0,,1.0,,Status,2,2,0,84,84,0,42.0,0.0,130.596954,130.596954,0.0,0,0,0,0.0,,,0.388681,0.388681,0.0,REQ,,,,,0.0,0.0,0.0,0
355669,0.0,0.0,0.0,0.0,0.0,0.0,udp,0.0,,cs0,,63.0,,1.0,,Status,1,1,0,42,42,0,42.0,0.0,0.0,0.0,0.0,0,0,0,0.0,,,0.0,0.0,0.0,REQ,,,,,0.0,0.0,0.0,0
355691,0.0,0.0,0.0,0.0,0.0,0.0,udp,0.0,,cs0,,63.0,,1.0,,Status,1,1,0,42,42,0,42.0,0.0,0.0,0.0,0.0,0,0,0,0.0,,,0.0,0.0,0.0,REQ,,,,,0.0,0.0,0.0,0
355696,0.0,0.0,0.0,0.0,0.0,0.0,udp,0.0,,cs0,,63.0,,1.0,,Status,1,1,0,42,42,0,42.0,0.0,0.0,0.0,0.0,0,0,0,0.0,,,0.0,0.0,0.0,REQ,,,,,0.0,0.0,0.0,0
355744,0.0,0.0,0.0,0.0,0.0,0.0,udp,0.0,,cs0,,63.0,,1.0,,Status,1,1,0,42,42,0,42.0,0.0,0.0,0.0,0.0,0,0,0,0.0,,,0.0,0.0,0.0,REQ,,,,,0.0,0.0,0.0,0
355748,0.0,0.0,0.0,0.0,0.0,0.0,udp,0.0,,cs0,,63.0,,1.0,,Status,1,1,0,42,42,0,42.0,0.0,0.0,0.0,0.0,0,0,0,0.0,,,0.0,0.0,0.0,REQ,,,,,0.0,0.0,0.0,0
355787,2.572075,2.572075,2.572075,2.572075,2.572075,2.572075,udp,0.0,,cs0,,63.0,,1.0,,Status,2,2,0,84,84,0,42.0,0.0,130.633835,130.633835,0.0,0,0,0,0.0,,,0.388791,0.388791,0.0,REQ,,,,,0.0,0.0,0.0,0
355797,2.572016,2.572016,2.572016,2.572016,2.572016,2.572016,udp,0.0,,cs0,,63.0,,1.0,,Status,2,2,0,84,84,0,42.0,0.0,130.636826,130.636826,0.0,0,0,0,0.0,,,0.3888,0.3888,0.0,REQ,,,,,0.0,0.0,0.0,0
355805,2.572047,2.572047,2.572047,2.572047,2.572047,2.572047,udp,0.0,,cs0,,63.0,,1.0,,Status,2,2,0,84,84,0,42.0,0.0,130.635254,130.635254,0.0,0,0,0,0.0,,,0.388795,0.388795,0.0,REQ,,,,,0.0,0.0,0.0,0
355815,2.572095,2.572095,2.572095,2.572095,2.572095,2.572095,udp,0.0,,cs0,,63.0,,1.0,,Status,2,2,0,84,84,0,42.0,0.0,130.632812,130.632812,0.0,0,0,0,0.0,,,0.388788,0.388788,0.0,REQ,,,,,0.0,0.0,0.0,0
355843,2.572266,2.572266,2.572266,2.572266,2.572266,2.572266,udp,0.0,,cs0,,63.0,,1.0,,Status,2,2,0,84,84,0,42.0,0.0,130.624115,130.624115,0.0,0,0,0,0.0,,,0.388762,0.388762,0.0,REQ,,,,,0.0,0.0,0.0,0
355893,0.0,0.0,0.0,0.0,0.0,0.0,udp,0.0,,cs0,,63.0,,1.0,,Status,1,1,0,42,42,0,42.0,0.0,0.0,0.0,0.0,0,0,0,0.0,,,0.0,0.0,0.0,REQ,,,,,0.0,0.0,0.0,0
355896,0.0,0.0,0.0,0.0,0.0,0.0,udp,0.0,,cs0,,63.0,,1.0,,Status,1,1,0,42,42,0,42.0,0.0,0.0,0.0,0.0,0,0,0,0.0,,,0.0,0.0,0.0,REQ,,,,,0.0,0.0,0.0,0
355938,0.0,0.0,0.0,0.0,0.0,0.0,udp,0.0,,cs0,,63.0,,1.0,,Status,1,1,0,42,42,0,42.0,0.0,0.0,0.0,0.0,0,0,0,0.0,,,0.0,0.0,0.0,REQ,,,,,0.0,0.0,0.0,0
356104,2.571868,2.571868,2.571868,2.571868,2.571868,2.571868,udp,0.0,,cs0,,63.0,,1.0,,Status,2,2,0,84,84,0,42.0,0.0,130.644348,130.644348,0.0,0,0,0,0.0,,,0.388822,0.388822,0.0,REQ,,,,,0.0,0.0,0.0,0
356110,2.570403,2.570403,2.570403,2.570403,2.570403,2.570403,udp,0.0,,cs0,,63.0,,1.0,,Status,2,2,0,84,84,0,42.0,0.0,130.718796,130.718796,0.0,0,0,0,0.0,,,0.389044,0.389044,0.0,REQ,,,,,0.0,0.0,0.0,0
356125,0.0,0.0,0.0,0.0,0.0,0.0,udp,0.0,,cs0,,63.0,,1.0,,Status,1,1,0,42,42,0,42.0,0.0,0.0,0.0,0.0,0,0,0,0.0,,,0.0,0.0,0.0,REQ,,,,,0.0,0.0,0.0,0
356126,0.0,0.0,0.0,0.0,0.0,0.0,udp,0.0,,cs0,,63.0,,1.0,,Status,1,1,0,42,42,0,42.0,0.0,0.0,0.0,0.0,0,0,0,0.0,,,0.0,0.0,0.0,REQ,,,,,0.0,0.0,0.0,0
356135,2.5749,2.5749,2.5749,2.5749,2.5749,2.5749,udp,0.0,,cs0,,63.0,,1.0,,Status,2,2,0,84,84,0,42.0,0.0,130.490509,130.490509,0.0,0,0,0,0.0,,,0.388365,0.388365,0.0,REQ,,,,,0.0,0.0,0.0,0
356146,2.574924,2.574924,2.574924,2.574924,2.574924,2.574924,udp,0.0,,cs0,,63.0,,1.0,,Status,2,2,0,84,84,0,42.0,0.0,130.489288,130.489288,0.0,0,0,0,0.0,,,0.388361,0.388361,0.0,REQ,,,,,0.0,0.0,0.0,0
356152,2.574934,2.574934,2.574934,2.574934,2.574934,2.574934,udp,0.0,,cs0,,63.0,,1.0,,Status,2,2,0,84,84,0,42.0,0.0,130.488785,130.488785,0.0,0,0,0,0.0,,,0.388359,0.388359,0.0,REQ,,,,,0.0,0.0,0.0,0
356196,2.579005,2.579005,2.579005,2.579005,2.579005,2.579005,udp,0.0,,cs0,,63.0,,1.0,,Status,2,2,0,84,84,0,42.0,0.0,130.282806,130.282806,0.0,0,0,0,0.0,,,0.387746,0.387746,0.0,REQ,,,,,0.0,0.0,0.0,0
356208,2.578184,2.578184,2.578184,2.578184,2.578184,2.578184,udp,0.0,,cs0,,63.0,,1.0,,Status,2,2,0,84,84,0,42.0,0.0,130.324295,130.324295,0.0,0,0,0,0.0,,,0.38787,0.38787,0.0,REQ,,,,,0.0,0.0,0.0,0
356220,2.576401,2.576401,2.576401,2.576401,2.576401,2.576401,udp,0.0,,cs0,,63.0,,1.0,,Status,2,2,0,84,84,0,42.0,0.0,130.414474,130.414474,0.0,0,0,0,0.0,,,0.388138,0.388138,0.0,REQ,,,,,0.0,0.0,0.0,0
356233,2.573431,2.573431,2.573431,2.573431,2.573431,2.573431,udp,0.0,,cs0,,63.0,,1.0,,Status,2,2,0,84,84,0,42.0,0.0,130.564987,130.564987,0.0,0,0,0,0.0,,,0.388586,0.388586,0.0,REQ,,,,,0.0,0.0,0.0,0
356299,2.569649,2.569649,2.569649,2.569649,2.569649,2.569649,udp,0.0,,cs0,,63.0,,1.0,,Status,2,2,0,84,84,0,42.0,0.0,130.757156,130.757156,0.0,0,0,0,0.0,,,0.389158,0.389158,0.0,REQ,,,,,0.0,0.0,0.0,0
356316,0.0,0.0,0.0,0.0,0.0,0.0,udp,0.0,,cs0,,63.0,,1.0,,Status,1,1,0,42,42,0,42.0,0.0,0.0,0.0,0.0,0,0,0,0.0,,,0.0,0.0,0.0,REQ,,,,,0.0,0.0,0.0,0
356393,0.0,0.0,0.0,0.0,0.0,0.0,udp,0.0,,cs0,,63.0,,1.0,,Start,1,1,0,42,42,0,42.0,0.0,0.0,0.0,0.0,0,0,0,0.0,,,0.0,0.0,0.0,INT,,,,,0.0,0.0,0.0,0
356575,2.571455,2.571455,2.571455,2.571455,2.571455,2.571455,udp,0.0,,cs0,,63.0,,1.0,,Status,2,2,0,84,84,0,42.0,0.0,130.665329,130.665329,0.0,0,0,0,0.0,,,0.388885,0.388885,0.0,REQ,,,,,0.0,0.0,0.0,0
356595,0.0,0.0,0.0,0.0,0.0,0.0,udp,0.0,,cs0,,63.0,,1.0,,Status,1,1,0,42,42,0,42.0,0.0,0.0,0.0,0.0,0,0,0,0.0,,,0.0,0.0,0.0,REQ,,,,,0.0,0.0,0.0,0
356635,2.574261,2.574261,2.574261,2.574261,2.574261,2.574261,udp,0.0,,cs0,,63.0,,1.0,,Status,2,2,0,84,84,0,42.0,0.0,130.522903,130.522903,0.0,0,0,0,0.0,,,0.388461,0.388461,0.0,REQ,,,,,0.0,0.0,0.0,0
356706,2.567555,2.567555,2.567555,2.567555,2.567555,2.567555,udp,0.0,,cs0,,63.0,,1.0,,Status,2,2,0,84,84,0,42.0,0.0,130.8638,130.8638,0.0,0,0,0,0.0,,,0.389476,0.389476,0.0,REQ,,,,,0.0,0.0,0.0,0
356710,2.566131,2.566131,2.566131,2.566131,2.566131,2.566131,udp,0.0,,cs0,,63.0,,1.0,,Status,2,2,0,84,84,0,42.0,0.0,130.936417,130.936417,0.0,0,0,0,0.0,,,0.389692,0.389692,0.0,REQ,,,,,0.0,0.0,0.0,0
356719,2.566126,2.566126,2.566126,2.566126,2.566126,2.566126,udp,0.0,,cs0,,63.0,,1.0,,Status,2,2,0,84,84,0,42.0,0.0,130.936661,130.936661,0.0,0,0,0,0.0,,,0.389692,0.389692,0.0,REQ,,,,,0.0,0.0,0.0,0
356748,0.0,0.0,0.0,0.0,0.0,0.0,udp,0.0,,cs0,,63.0,,1.0,,Status,1,1,0,42,42,0,42.0,0.0,0.0,0.0,0.0,0,0,0,0.0,,,0.0,0.0,0.0,REQ,,,,,0.0,0.0,0.0,0
356758,2.56602,2.56602,2.56602,2.56602,2.56602,2.56602,udp,0.0,,cs0,,63.0,,1.0,,Status,2,2,0,84,84,0,42.0,0.0,130.942078,130.942078,0.0,0,0,0,0.0,,,0.389709,0.389709,0.0,REQ,,,,,0.0,0.0,0.0,0
356766,2.571569,2.571569,2.571569,2.571569,2.571569,2.571569,udp,0.0,,cs0,,63.0,,1.0,,Status,2,2,0,84,84,0,42.0,0.0,130.659531,130.659531,0.0,0,0,0,0.0,,,0.388868,0.388868,0.0,REQ,,,,,0.0,0.0,0.0,0
356768,2.571561,2.571561,2.571561,2.571561,2.571561,2.571561,udp,0.0,,cs0,,63.0,,1.0,,Status,2,2,0,84,84,0,42.0,0.0,130.659927,130.659927,0.0,0,0,0,0.0,,,0.388869,0.388869,0.0,REQ,,,,,0.0,0.0,0.0,0
356810,2.571805,2.571805,2.571805,2.571805,2.571805,2.571805,udp,0.0,,cs0,,63.0,,1.0,,Status,2,2,0,84,84,0,42.0,0.0,130.647537,130.647537,0.0,0,0,0,0.0,,,0.388832,0.388832,0.0,REQ,,,,,0.0,0.0,0.0,0
356865,0.0,0.0,0.0,0.0,0.0,0.0,udp,0.0,,cs0,,63.0,,1.0,,Status,1,1,0,42,42,0,42.0,0.0,0.0,0.0,0.0,0,0,0,0.0,,,0.0,0.0,0.0,REQ,,,,,0.0,0.0,0.0,0
356886,2.572876,2.572876,2.572876,2.572876,2.572876,2.572876,udp,0.0,,cs0,,63.0,,1.0,,Status,2,2,0,84,84,0,42.0,0.0,130.593155,130.593155,0.0,0,0,0,0.0,,,0.38867,0.38867,0.0,REQ,,,,,0.0,0.0,0.0,0
356903,0.0,0.0,0.0,0.0,0.0,0.0,udp,0.0,,cs0,,63.0,,1.0,,Status,1,1,0,42,42,0,42.0,0.0,0.0,0.0,0.0,0,0,0,0.0,,,0.0,0.0,0.0,REQ,,,,,0.0,0.0,0.0,0
356939,0.0,0.0,0.0,0.0,0.0,0.0,udp,0.0,,cs0,,63.0,,1.0,,Status,1,1,0,42,42,0,42.0,0.0,0.0,0.0,0.0,0,0,0,0.0,,,0.0,0.0,0.0,REQ,,,,,0.0,0.0,0.0,0
357009,2.573117,2.573117,2.573117,2.573117,2.573117,2.573117,udp,0.0,,cs0,,63.0,,1.0,,Status,2,2,0,84,84,0,42.0,0.0,130.580917,130.580917,0.0,0,0,0,0.0,,,0.388634,0.388634,0.0,REQ,,,,,0.0,0.0,0.0,0
357132,0.0,0.0,0.0,0.0,0.0,0.0,udp,0.0,,cs0,,63.0,,1.0,,Status,1,1,0,42,42,0,42.0,0.0,0.0,0.0,0.0,0,0,0,0.0,,,0.0,0.0,0.0,REQ,,,,,0.0,0.0,0.0,0
357153,2.572888,2.572888,2.572888,2.572888,2.572888,2.572888,udp,0.0,,cs0,,63.0,,1.0,,Status,2,2,0,84,84,0,42.0,0.0,130.59256,130.59256,0.0,0,0,0,0.0,,,0.388668,0.388668,0.0,REQ,,,,,0.0,0.0,0.0,0
357211,0.0,0.0,0.0,0.0,0.0,0.0,udp,0.0,,cs0,,63.0,,1.0,,Status,1,1,0,42,42,0,42.0,0.0,0.0,0.0,0.0,0,0,0,0.0,,,0.0,0.0,0.0,REQ,,,,,0.0,0.0,0.0,0
357220,0.0,0.0,0.0,0.0,0.0,0.0,udp,0.0,,cs0,,63.0,,1.0,,Status,1,1,0,42,42,0,42.0,0.0,0.0,0.0,0.0,0,0,0,0.0,,,0.0,0.0,0.0,REQ,,,,,0.0,0.0,0.0,0
357238,2.570866,2.570866,2.570866,2.570866,2.570866,2.570866,udp,0.0,,cs0,,63.0,,1.0,,Status,2,2,0,84,84,0,42.0,0.0,130.695251,130.695251,0.0,0,0,0,0.0,,,0.388974,0.388974,0.0,REQ,,,,,0.0,0.0,0.0,0
357283,2.572203,2.572203,2.572203,2.572203,2.572203,2.572203,udp,0.0,,cs0,,63.0,,1.0,,Status,2,2,0,84,84,0,42.0,0.0,130.627335,130.627335,0.0,0,0,0,0.0,,,0.388772,0.388772,0.0,REQ,,,,,0.0,0.0,0.0,0
357323,2.571199,2.571199,2.571199,2.571199,2.571199,2.571199,udp,0.0,,cs0,,63.0,,1.0,,Status,2,2,0,84,84,0,42.0,0.0,130.678329,130.678329,0.0,0,0,0,0.0,,,0.388924,0.388924,0.0,REQ,,,,,0.0,0.0,0.0,0
357355,2.5707,2.5707,2.5707,2.5707,2.5707,2.5707,udp,0.0,,cs0,,63.0,,1.0,,Status,2,2,0,84,84,0,42.0,0.0,130.703705,130.703705,0.0,0,0,0,0.0,,,0.388999,0.388999,0.0,REQ,,,,,0.0,0.0,0.0,0
357366,2.574867,2.574867,2.574867,2.574867,2.574867,2.574867,udp,0.0,,cs0,,63.0,,1.0,,Status,2,2,0,84,84,0,42.0,0.0,130.492172,130.492172,0.0,0,0,0,0.0,,,0.38837,0.38837,0.0,REQ,,,,,0.0,0.0,0.0,0
357389,0.0,0.0,0.0,0.0,0.0,0.0,udp,0.0,,cs0,,63.0,,1.0,,Status,1,1,0,42,42,0,42.0,0.0,0.0,0.0,0.0,0,0,0,0.0,,,0.0,0.0,0.0,REQ,,,,,0.0,0.0,0.0,0
357397,0.0,0.0,0.0,0.0,0.0,0.0,udp,0.0,,cs0,,63.0,,1.0,,Status,1,1,0,42,42,0,42.0,0.0,0.0,0.0,0.0,0,0,0,0.0,,,0.0,0.0,0.0,REQ,,,,,0.0,0.0,0.0,0
357416,2.566969,2.566969,2.566969,2.566969,2.566969,2.566969,udp,0.0,,cs0,,63.0,,1.0,,Status,2,2,0,84,84,0,42.0,0.0,130.893677,130.893677,0.0,0,0,0,0.0,,,0.389565,0.389565,0.0,REQ,,,,,0.0,0.0,0.0,0
357451,2.570521,2.570521,2.570521,2.570521,2.570521,2.570521,udp,0.0,,cs0,,63.0,,1.0,,Status,2,2,0,84,84,0,42.0,0.0,130.712799,130.712799,0.0,0,0,0,0.0,,,0.389026,0.389026,0.0,REQ,,,,,0.0,0.0,0.0,0
357530,0.0,0.0,0.0,0.0,0.0,0.0,udp,0.0,,cs0,,63.0,,1.0,,Status,1,1,0,42,42,0,42.0,0.0,0.0,0.0,0.0,0,0,0,0.0,,,0.0,0.0,0.0,REQ,,,,,0.0,0.0,0.0,0
357542,2.571924,2.571924,2.571924,2.571924,2.571924,2.571924,udp,0.0,,cs0,,63.0,,1.0,,Status,2,2,0,84,84,0,42.0,0.0,130.641495,130.641495,0.0,0,0,0,0.0,,,0.388814,0.388814,0.0,REQ,,,,,0.0,0.0,0.0,0
357592,0.0,0.0,0.0,0.0,0.0,0.0,icmp,0.0,,cs0,,58.0,,6.0,,Start,1,1,0,98,98,0,98.0,0.0,0.0,0.0,0.0,0,0,0,0.0,,,0.0,0.0,0.0,ECO,,,,,0.0,0.0,0.0,0
357605,0.0,0.0,0.0,0.0,0.0,0.0,udp,0.0,,cs0,,63.0,,1.0,,Start,1,1,0,42,42,0,42.0,0.0,0.0,0.0,0.0,0,0,0,0.0,,,0.0,0.0,0.0,INT,,,,,0.0,0.0,0.0,0
357625,2.570977,2.570977,2.570977,2.570977,2.570977,2.570977,udp,0.0,,cs0,,63.0,,1.0,,Start,2,2,0,84,84,0,42.0,0.0,130.689621,130.689621,0.0,0,0,0,0.0,,,0.388957,0.388957,0.0,INT,,,,,0.0,0.0,0.0,0
357700,2.569609,2.569609,2.569609,2.569609,2.569609,2.569609,udp,0.0,,cs0,,63.0,,1.0,,Status,2,2,0,84,84,0,42.0,0.0,130.759201,130.759201,0.0,0,0,0,0.0,,,0.389164,0.389164,0.0,REQ,,,,,0.0,0.0,0.0,0
357746,2.565251,2.565251,2.565251,2.565251,2.565251,2.565251,udp,0.0,,cs0,,63.0,,1.0,,Status,2,2,0,84,84,0,42.0,0.0,130.981323,130.981323,0.0,0,0,0,0.0,,,0.389825,0.389825,0.0,REQ,,,,,0.0,0.0,0.0,0
357756,2.570944,2.570944,2.570944,2.570944,2.570944,2.570944,udp,0.0,,cs0,,63.0,,1.0,,Status,2,2,0,84,84,0,42.0,0.0,130.691284,130.691284,0.0,0,0,0,0.0,,,0.388962,0.388962,0.0,REQ,,,,,0.0,0.0,0.0,0
357757,2.570944,2.570944,2.570944,2.570944,2.570944,2.570944,udp,0.0,,cs0,,63.0,,1.0,,Status,2,2,0,84,84,0,42.0,0.0,130.691284,130.691284,0.0,0,0,0,0.0,,,0.388962,0.388962,0.0,REQ,,,,,0.0,0.0,0.0,0
357873,0.0,0.0,0.0,0.0,0.0,0.0,udp,0.0,,cs0,,63.0,,1.0,,Status,1,1,0,42,42,0,42.0,0.0,0.0,0.0,0.0,0,0,0,0.0,,,0.0,0.0,0.0,REQ,,,,,0.0,0.0,0.0,0
357949,0.0,0.0,0.0,0.0,0.0,0.0,udp,0.0,,cs0,,63.0,,1.0,,Start,1,1,0,42,42,0,42.0,0.0,0.0,0.0,0.0,0,0,0,0.0,,,0.0,0.0,0.0,INT,,,,,0.0,0.0,0.0,0
358082,0.0,0.0,0.0,0.0,0.0,0.0,udp,0.0,,cs0,,63.0,,1.0,,Status,1,1,0,42,42,0,42.0,0.0,0.0,0.0,0.0,0,0,0,0.0,,,0.0,0.0,0.0,REQ,,,,,0.0,0.0,0.0,0
358092,2.569682,2.569682,2.569682,2.569682,2.569682,2.569682,udp,0.0,,cs0,,63.0,,1.0,,Status,2,2,0,84,84,0,42.0,0.0,130.755478,130.755478,0.0,0,0,0,0.0,,,0.389153,0.389153,0.0,REQ,,,,,0.0,0.0,0.0,0
358170,0.0,0.0,0.0,0.0,0.0,0.0,udp,0.0,,cs0,,63.0,,1.0,,Status,1,1,0,42,42,0,42.0,0.0,0.0,0.0,0.0,0,0,0,0.0,,,0.0,0.0,0.0,REQ,,,,,0.0,0.0,0.0,0
358238,0.0,0.0,0.0,0.0,0.0,0.0,udp,0.0,,cs0,,63.0,,1.0,,Status,1,1,0,42,42,0,42.0,0.0,0.0,0.0,0.0,0,0,0,0.0,,,0.0,0.0,0.0,REQ,,,,,0.0,0.0,0.0,0
358304,2.572967,2.572967,2.572967,2.572967,2.572967,2.572967,udp,0.0,,cs0,,63.0,,1.0,,Status,2,2,0,84,84,0,42.0,0.0,130.588531,130.588531,0.0,0,0,0,0.0,,,0.388656,0.388656,0.0,REQ,,,,,0.0,0.0,0.0,0
358391,2.569043,2.569043,2.569043,2.569043,2.569043,2.569043,udp,0.0,,cs0,,63.0,,1.0,,Status,2,2,0,84,84,0,42.0,0.0,130.78801,130.78801,0.0,0,0,0,0.0,,,0.38925,0.38925,0.0,REQ,,,,,0.0,0.0,0.0,0
358424,0.0,0.0,0.0,0.0,0.0,0.0,udp,0.0,,cs0,,63.0,,1.0,,Status,1,1,0,42,42,0,42.0,0.0,0.0,0.0,0.0,0,0,0,0.0,,,0.0,0.0,0.0,REQ,,,,,0.0,0.0,0.0,0
358436,2.570119,2.570119,2.570119,2.570119,2.570119,2.570119,udp,0.0,,cs0,,63.0,,1.0,,Status,2,2,0,84,84,0,42.0,0.0,130.733246,130.733246,0.0,0,0,0,0.0,,,0.389087,0.389087,0.0,REQ,,,,,0.0,0.0,0.0,0
358438,2.570119,2.570119,2.570119,2.570119,2.570119,2.570119,udp,0.0,,cs0,,63.0,,1.0,,Status,2,2,0,84,84,0,42.0,0.0,130.733246,130.733246,0.0,0,0,0,0.0,,,0.389087,0.389087,0.0,REQ,,,,,0.0,0.0,0.0,0
358591,0.0,0.0,0.0,0.0,0.0,0.0,udp,0.0,,cs0,,63.0,,1.0,,Status,1,1,0,42,42,0,42.0,0.0,0.0,0.0,0.0,0,0,0,0.0,,,0.0,0.0,0.0,REQ,,,,,0.0,0.0,0.0,0
358670,0.0,0.0,0.0,0.0,0.0,0.0,udp,0.0,,cs0,,63.0,,1.0,,Status,1,1,0,42,42,0,42.0,0.0,0.0,0.0,0.0,0,0,0,0.0,,,0.0,0.0,0.0,REQ,,,,,0.0,0.0,0.0,0
358758,2.567285,2.567285,2.567285,2.567285,2.567285,2.567285,udp,0.0,,cs0,,63.0,,1.0,,Status,2,2,0,84,84,0,42.0,0.0,130.877563,130.877563,0.0,0,0,0,0.0,,,0.389517,0.389517,0.0,REQ,,,,,0.0,0.0,0.0,0
358786,0.0,0.0,0.0,0.0,0.0,0.0,udp,0.0,,cs0,,63.0,,1.0,,Status,1,1,0,42,42,0,42.0,0.0,0.0,0.0,0.0,0,0,0,0.0,,,0.0,0.0,0.0,REQ,,,,,0.0,0.0,0.0,0
358797,2.568672,2.568672,2.568672,2.568672,2.568672,2.568672,udp,0.0,,cs0,,63.0,,1.0,,Status,2,2,0,84,84,0,42.0,0.0,130.8069,130.8069,0.0,0,0,0,0.0,,,0.389306,0.389306,0.0,REQ,,,,,0.0,0.0,0.0,0
358807,2.57335,2.57335,2.57335,2.57335,2.57335,2.57335,udp,0.0,,cs0,,63.0,,1.0,,Status,2,2,0,84,84,0,42.0,0.0,130.569107,130.569107,0.0,0,0,0,0.0,,,0.388599,0.388599,0.0,REQ,,,,,0.0,0.0,0.0,0
358890,2.572327,2.572327,2.572327,2.572327,2.572327,2.572327,udp,0.0,,cs0,,63.0,,1.0,,Status,2,2,0,84,84,0,42.0,0.0,130.621033,130.621033,0.0,0,0,0,0.0,,,0.388753,0.388753,0.0,REQ,,,,,0.0,0.0,0.0,0
358963,2.572009,2.572009,2.572009,2.572009,2.572009,2.572009,udp,0.0,,cs0,,63.0,,1.0,,Status,2,2,0,84,84,0,42.0,0.0,130.637177,130.637177,0.0,0,0,0,0.0,,,0.388801,0.388801,0.0,REQ,,,,,0.0,0.0,0.0,0
358976,2.572095,2.572095,2.572095,2.572095,2.572095,2.572095,udp,0.0,,cs0,,63.0,,1.0,,Status,2,2,0,84,84,0,42.0,0.0,130.632812,130.632812,0.0,0,0,0,0.0,,,0.388788,0.388788,0.0,REQ,,,,,0.0,0.0,0.0,0
358984,2.572085,2.572085,2.572085,2.572085,2.572085,2.572085,udp,0.0,,cs0,,63.0,,1.0,,Status,2,2,0,84,84,0,42.0,0.0,130.633331,130.633331,0.0,0,0,0,0.0,,,0.38879,0.38879,0.0,REQ,,,,,0.0,0.0,0.0,0
359093,2.567298,2.567298,2.567298,2.567298,2.567298,2.567298,udp,0.0,,cs0,,63.0,,1.0,,Status,2,2,0,84,84,0,42.0,0.0,130.876907,130.876907,0.0,0,0,0,0.0,,,0.389515,0.389515,0.0,REQ,,,,,0.0,0.0,0.0,0
359095,2.567298,2.567298,2.567298,2.567298,2.567298,2.567298,udp,0.0,,cs0,,63.0,,1.0,,Status,2,2,0,84,84,0,42.0,0.0,130.876907,130.876907,0.0,0,0,0,0.0,,,0.389515,0.389515,0.0,REQ,,,,,0.0,0.0,0.0,0
359164,2.57168,2.57168,2.57168,2.57168,2.57168,2.57168,udp,0.0,,cs0,,63.0,,1.0,,Status,2,2,0,84,84,0,42.0,0.0,130.653885,130.653885,0.0,0,0,0,0.0,,,0.388851,0.388851,0.0,REQ,,,,,0.0,0.0,0.0,0
359300,0.0,0.0,0.0,0.0,0.0,0.0,udp,0.0,,cs0,,63.0,,1.0,,Status,1,1,0,42,42,0,42.0,0.0,0.0,0.0,0.0,0,0,0,0.0,,,0.0,0.0,0.0,REQ,,,,,0.0,0.0,0.0,0
359333,2.571762,2.571762,2.571762,2.571762,2.571762,2.571762,udp,0.0,,cs0,,63.0,,1.0,,Status,2,2,0,84,84,0,42.0,0.0,130.649719,130.649719,0.0,0,0,0,0.0,,,0.388838,0.388838,0.0,REQ,,,,,0.0,0.0,0.0,0
359404,2.563923,2.563923,2.563923,2.563923,2.563923,2.563923,udp,0.0,,cs0,,63.0,,1.0,,Status,2,2,0,84,84,0,42.0,0.0,131.049179,131.049179,0.0,0,0,0,0.0,,,0.390027,0.390027,0.0,REQ,,,,,0.0,0.0,0.0,0
359410,2.563353,2.563353,2.563353,2.563353,2.563353,2.563353,udp,0.0,,cs0,,63.0,,1.0,,Status,2,2,0,84,84,0,42.0,0.0,131.078308,131.078308,0.0,0,0,0,0.0,,,0.390114,0.390114,0.0,REQ,,,,,0.0,0.0,0.0,0
359419,2.568774,2.568774,2.568774,2.568774,2.568774,2.568774,udp,0.0,,cs0,,63.0,,1.0,,Status,2,2,0,84,84,0,42.0,0.0,130.801697,130.801697,0.0,0,0,0,0.0,,,0.389291,0.389291,0.0,REQ,,,,,0.0,0.0,0.0,0
359426,2.568876,2.568876,2.568876,2.568876,2.568876,2.568876,udp,0.0,,cs0,,63.0,,1.0,,Status,2,2,0,84,84,0,42.0,0.0,130.796509,130.796509,0.0,0,0,0,0.0,,,0.389275,0.389275,0.0,REQ,,,,,0.0,0.0,0.0,0
359440,2.568863,2.568863,2.568863,2.568863,2.568863,2.568863,udp,0.0,,cs0,,63.0,,1.0,,Status,2,2,0,84,84,0,42.0,0.0,130.797165,130.797165,0.0,0,0,0,0.0,,,0.389277,0.389277,0.0,REQ,,,,,0.0,0.0,0.0,0
359463,2.568206,2.568206,2.568206,2.568206,2.568206,2.568206,udp,0.0,,cs0,,63.0,,1.0,,Status,2,2,0,84,84,0,42.0,0.0,130.830627,130.830627,0.0,0,0,0,0.0,,,0.389377,0.389377,0.0,REQ,,,,,0.0,0.0,0.0,0
359504,0.0,0.0,0.0,0.0,0.0,0.0,udp,0.0,,cs0,,63.0,,1.0,,Status,1,1,0,42,42,0,42.0,0.0,0.0,0.0,0.0,0,0,0,0.0,,,0.0,0.0,0.0,REQ,,,,,0.0,0.0,0.0,0
359589,0.0,0.0,0.0,0.0,0.0,0.0,udp,0.0,,cs0,,63.0,,1.0,,Status,1,1,0,42,42,0,42.0,0.0,0.0,0.0,0.0,0,0,0,0.0,,,0.0,0.0,0.0,REQ,,,,,0.0,0.0,0.0,0
359688,0.0,0.0,0.0,0.0,0.0,0.0,udp,0.0,,cs0,,63.0,,1.0,,Status,1,1,0,42,42,0,42.0,0.0,0.0,0.0,0.0,0,0,0,0.0,,,0.0,0.0,0.0,REQ,,,,,0.0,0.0,0.0,0
359744,2.570761,2.570761,2.570761,2.570761,2.570761,2.570761,udp,0.0,,cs0,,63.0,,1.0,,Status,2,2,0,84,84,0,42.0,0.0,130.700607,130.700607,0.0,0,0,0,0.0,,,0.38899,0.38899,0.0,REQ,,,,,0.0,0.0,0.0,0
359751,0.0,0.0,0.0,0.0,0.0,0.0,udp,0.0,,cs0,,63.0,,1.0,,Status,1,1,0,42,42,0,42.0,0.0,0.0,0.0,0.0,0,0,0,0.0,,,0.0,0.0,0.0,REQ,,,,,0.0,0.0,0.0,0
359790,0.0,0.0,0.0,0.0,0.0,0.0,udp,0.0,,cs0,,63.0,,1.0,,Status,1,1,0,42,42,0,42.0,0.0,0.0,0.0,0.0,0,0,0,0.0,,,0.0,0.0,0.0,REQ,,,,,0.0,0.0,0.0,0
359904,2.573417,2.573417,2.573417,2.573417,2.573417,2.573417,udp,0.0,,cs0,,63.0,,1.0,,Status,2,2,0,84,84,0,42.0,0.0,130.565704,130.565704,0.0,0,0,0,0.0,,,0.388588,0.388588,0.0,REQ,,,,,0.0,0.0,0.0,0
360036,2.569424,2.569424,2.569424,2.569424,2.569424,2.569424,udp,0.0,,cs0,,63.0,,1.0,,Status,2,2,0,84,84,0,42.0,0.0,130.768616,130.768616,0.0,0,0,0,0.0,,,0.389192,0.389192,0.0,REQ,,,,,0.0,0.0,0.0,0
360038,2.568326,2.568326,2.568326,2.568326,2.568326,2.568326,udp,0.0,,cs0,,63.0,,1.0,,Status,2,2,0,84,84,0,42.0,0.0,130.824509,130.824509,0.0,0,0,0,0.0,,,0.389359,0.389359,0.0,REQ,,,,,0.0,0.0,0.0,0
360050,2.568265,2.568265,2.568265,2.568265,2.568265,2.568265,udp,0.0,,cs0,,63.0,,1.0,,Status,2,2,0,84,84,0,42.0,0.0,130.827621,130.827621,0.0,0,0,0,0.0,,,0.389368,0.389368,0.0,REQ,,,,,0.0,0.0,0.0,0
360073,2.573921,2.573921,2.573921,2.573921,2.573921,2.573921,udp,0.0,,cs0,,63.0,,1.0,,Status,2,2,0,84,84,0,42.0,0.0,130.540146,130.540146,0.0,0,0,0,0.0,,,0.388512,0.388512,0.0,REQ,,,,,0.0,0.0,0.0,0
360086,2.573906,2.573906,2.573906,2.573906,2.573906,2.573906,udp,0.0,,cs0,,63.0,,1.0,,Status,2,2,0,84,84,0,42.0,0.0,130.540894,130.540894,0.0,0,0,0,0.0,,,0.388515,0.388515,0.0,REQ,,,,,0.0,0.0,0.0,0
360210,2.565389,2.565389,2.565389,2.565389,2.565389,2.565389,udp,0.0,,cs0,,63.0,,1.0,,Status,2,2,0,84,84,0,42.0,0.0,130.974289,130.974289,0.0,0,0,0,0.0,,,0.389804,0.389804,0.0,REQ,,,,,0.0,0.0,0.0,0
360280,2.568805,2.568805,2.568805,2.568805,2.568805,2.568805,udp,0.0,,cs0,,63.0,,1.0,,Status,2,2,0,84,84,0,42.0,0.0,130.800125,130.800125,0.0,0,0,0,0.0,,,0.389286,0.389286,0.0,REQ,,,,,0.0,0.0,0.0,0
360381,2.563881,2.563881,2.563881,2.563881,2.563881,2.563881,udp,0.0,,cs0,,63.0,,1.0,,Status,2,2,0,84,84,0,42.0,0.0,131.051331,131.051331,0.0,0,0,0,0.0,,,0.390034,0.390034,0.0,REQ,,,,,0.0,0.0,0.0,0
360387,2.563252,2.563252,2.563252,2.563252,2.563252,2.563252,udp,0.0,,cs0,,63.0,,1.0,,Status,2,2,0,84,84,0,42.0,0.0,131.083481,131.083481,0.0,0,0,0,0.0,,,0.390129,0.390129,0.0,REQ,,,,,0.0,0.0,0.0,0
360389,2.56326,2.56326,2.56326,2.56326,2.56326,2.56326,udp,0.0,,cs0,,63.0,,1.0,,Status,2,2,0,84,84,0,42.0,0.0,131.083069,131.083069,0.0,0,0,0,0.0,,,0.390128,0.390128,0.0,REQ,,,,,0.0,0.0,0.0,0
360414,0.0,0.0,0.0,0.0,0.0,0.0,udp,0.0,,cs0,,63.0,,1.0,,Status,1,1,0,42,42,0,42.0,0.0,0.0,0.0,0.0,0,0,0,0.0,,,0.0,0.0,0.0,REQ,,,,,0.0,0.0,0.0,0
360422,0.0,0.0,0.0,0.0,0.0,0.0,udp,0.0,,cs0,,63.0,,1.0,,Status,1,1,0,42,42,0,42.0,0.0,0.0,0.0,0.0,0,0,0,0.0,,,0.0,0.0,0.0,REQ,,,,,0.0,0.0,0.0,0
360434,2.569515,2.569515,2.569515,2.569515,2.569515,2.569515,udp,0.0,,cs0,,63.0,,1.0,,Status,2,2,0,84,84,0,42.0,0.0,130.763977,130.763977,0.0,0,0,0,0.0,,,0.389179,0.389179,0.0,REQ,,,,,0.0,0.0,0.0,0
360475,0.0,0.0,0.0,0.0,0.0,0.0,udp,0.0,,cs0,,63.0,,1.0,,Status,1,1,0,42,42,0,42.0,0.0,0.0,0.0,0.0,0,0,0,0.0,,,0.0,0.0,0.0,REQ,,,,,0.0,0.0,0.0,0
360480,0.0,0.0,0.0,0.0,0.0,0.0,udp,0.0,,cs0,,63.0,,1.0,,Status,1,1,0,42,42,0,42.0,0.0,0.0,0.0,0.0,0,0,0,0.0,,,0.0,0.0,0.0,REQ,,,,,0.0,0.0,0.0,0
360508,2.57021,2.57021,2.57021,2.57021,2.57021,2.57021,udp,0.0,,cs0,,63.0,,1.0,,Status,2,2,0,84,84,0,42.0,0.0,130.728622,130.728622,0.0,0,0,0,0.0,,,0.389073,0.389073,0.0,REQ,,,,,0.0,0.0,0.0,0
360515,2.570226,2.570226,2.570226,2.570226,2.570226,2.570226,udp,0.0,,cs0,,63.0,,1.0,,Status,2,2,0,84,84,0,42.0,0.0,130.727798,130.727798,0.0,0,0,0,0.0,,,0.389071,0.389071,0.0,REQ,,,,,0.0,0.0,0.0,0
360547,0.0,0.0,0.0,0.0,0.0,0.0,udp,0.0,,cs0,,63.0,,1.0,,Status,1,1,0,42,42,0,42.0,0.0,0.0,0.0,0.0,0,0,0,0.0,,,0.0,0.0,0.0,REQ,,,,,0.0,0.0,0.0,0
360582,0.0,0.0,0.0,0.0,0.0,0.0,udp,0.0,,cs0,,63.0,,1.0,,Status,1,1,0,42,42,0,42.0,0.0,0.0,0.0,0.0,0,0,0,0.0,,,0.0,0.0,0.0,REQ,,,,,0.0,0.0,0.0,0
360658,0.0,0.0,0.0,0.0,0.0,0.0,udp,0.0,,cs0,,63.0,,1.0,,Status,1,1,0,42,42,0,42.0,0.0,0.0,0.0,0.0,0,0,0,0.0,,,0.0,0.0,0.0,REQ,,,,,0.0,0.0,0.0,0
360661,2.569219,2.569219,2.569219,2.569219,2.569219,2.569219,udp,0.0,,cs0,,63.0,,1.0,,Status,2,2,0,84,84,0,42.0,0.0,130.779037,130.779037,0.0,0,0,0,0.0,,,0.389223,0.389223,0.0,REQ,,,,,0.0,0.0,0.0,0
360768,0.0,0.0,0.0,0.0,0.0,0.0,udp,0.0,,cs0,,63.0,,1.0,,Status,1,1,0,42,42,0,42.0,0.0,0.0,0.0,0.0,0,0,0,0.0,,,0.0,0.0,0.0,REQ,,,,,0.0,0.0,0.0,0
360782,2.569951,2.569951,2.569951,2.569951,2.569951,2.569951,udp,0.0,,cs0,,63.0,,1.0,,Status,2,2,0,84,84,0,42.0,0.0,130.741791,130.741791,0.0,0,0,0,0.0,,,0.389112,0.389112,0.0,REQ,,,,,0.0,0.0,0.0,0
360835,0.0,0.0,0.0,0.0,0.0,0.0,udp,0.0,,cs0,,63.0,,1.0,,Status,1,1,0,42,42,0,42.0,0.0,0.0,0.0,0.0,0,0,0,0.0,,,0.0,0.0,0.0,REQ,,,,,0.0,0.0,0.0,0
361037,2.566832,2.566832,2.566832,2.566832,2.566832,2.566832,udp,0.0,,cs0,,63.0,,1.0,,Status,2,2,0,84,84,0,42.0,0.0,130.90065,130.90065,0.0,0,0,0,0.0,,,0.389585,0.389585,0.0,REQ,,,,,0.0,0.0,0.0,0
361148,2.570772,2.570772,2.570772,2.570772,2.570772,2.570772,udp,0.0,,cs0,,63.0,,1.0,,Status,2,2,0,84,84,0,42.0,0.0,130.700043,130.700043,0.0,0,0,0,0.0,,,0.388988,0.388988,0.0,REQ,,,,,0.0,0.0,0.0,0
361178,2.570882,2.570882,2.570882,2.570882,2.570882,2.570882,udp,0.0,,cs0,,63.0,,1.0,,Status,2,2,0,84,84,0,42.0,0.0,130.694443,130.694443,0.0,0,0,0,0.0,,,0.388972,0.388972,0.0,REQ,,,,,0.0,0.0,0.0,0
361184,2.57267,2.57267,2.57267,2.57267,2.57267,2.57267,udp,0.0,,cs0,,63.0,,1.0,,Status,2,2,0,84,84,0,42.0,0.0,130.603622,130.603622,0.0,0,0,0,0.0,,,0.388701,0.388701,0.0,REQ,,,,,0.0,0.0,0.0,0
361214,2.569094,2.569094,2.569094,2.569094,2.569094,2.569094,udp,0.0,,cs0,,63.0,,1.0,,Status,2,2,0,84,84,0,42.0,0.0,130.785416,130.785416,0.0,0,0,0,0.0,,,0.389242,0.389242,0.0,REQ,,,,,0.0,0.0,0.0,0
361217,0.0,0.0,0.0,0.0,0.0,0.0,udp,0.0,,cs0,,63.0,,1.0,,Start,1,1,0,42,42,0,42.0,0.0,0.0,0.0,0.0,0,0,0,0.0,,,0.0,0.0,0.0,INT,,,,,0.0,0.0,0.0,0
361227,0.0,0.0,0.0,0.0,0.0,0.0,udp,0.0,,cs0,,63.0,,1.0,,Status,1,1,0,42,42,0,42.0,0.0,0.0,0.0,0.0,0,0,0,0.0,,,0.0,0.0,0.0,REQ,,,,,0.0,0.0,0.0,0
361252,0.0,0.0,0.0,0.0,0.0,0.0,udp,0.0,,cs0,,63.0,,1.0,,Status,1,1,0,42,42,0,42.0,0.0,0.0,0.0,0.0,0,0,0,0.0,,,0.0,0.0,0.0,REQ,,,,,0.0,0.0,0.0,0
361281,0.0,0.0,0.0,0.0,0.0,0.0,udp,0.0,,cs0,,63.0,,1.0,,Status,1,1,0,42,42,0,42.0,0.0,0.0,0.0,0.0,0,0,0,0.0,,,0.0,0.0,0.0,REQ,,,,,0.0,0.0,0.0,0
361324,2.567758,2.567758,2.567758,2.567758,2.567758,2.567758,udp,0.0,,cs0,,63.0,,1.0,,Status,2,2,0,84,84,0,42.0,0.0,130.853455,130.853455,0.0,0,0,0,0.0,,,0.389445,0.389445,0.0,REQ,,,,,0.0,0.0,0.0,0
361349,2.573035,2.573035,2.573035,2.573035,2.573035,2.573035,udp,0.0,,cs0,,63.0,,1.0,,Status,2,2,0,84,84,0,42.0,0.0,130.585083,130.585083,0.0,0,0,0,0.0,,,0.388646,0.388646,0.0,REQ,,,,,0.0,0.0,0.0,0
361418,2.573854,2.573854,2.573854,2.573854,2.573854,2.573854,udp,0.0,,cs0,,63.0,,1.0,,Status,2,2,0,84,84,0,42.0,0.0,130.543533,130.543533,0.0,0,0,0,0.0,,,0.388522,0.388522,0.0,REQ,,,,,0.0,0.0,0.0,0
361420,2.573854,2.573854,2.573854,2.573854,2.573854,2.573854,udp,0.0,,cs0,,63.0,,1.0,,Status,2,2,0,84,84,0,42.0,0.0,130.543533,130.543533,0.0,0,0,0,0.0,,,0.388522,0.388522,0.0,REQ,,,,,0.0,0.0,0.0,0
361425,2.573858,2.573858,2.573858,2.573858,2.573858,2.573858,udp,0.0,,cs0,,63.0,,1.0,,Status,2,2,0,84,84,0,42.0,0.0,130.543335,130.543335,0.0,0,0,0,0.0,,,0.388522,0.388522,0.0,REQ,,,,,0.0,0.0,0.0,0
361523,0.0,0.0,0.0,0.0,0.0,0.0,udp,0.0,,cs0,,63.0,,1.0,,Status,1,1,0,42,42,0,42.0,0.0,0.0,0.0,0.0,0,0,0,0.0,,,0.0,0.0,0.0,REQ,,,,,0.0,0.0,0.0,0
361551,2.567888,2.567888,2.567888,2.567888,2.567888,2.567888,udp,0.0,,cs0,,63.0,,1.0,,Status,2,2,0,84,84,0,42.0,0.0,130.846832,130.846832,0.0,0,0,0,0.0,,,0.389425,0.389425,0.0,REQ,,,,,0.0,0.0,0.0,0
361568,2.569661,2.569661,2.569661,2.569661,2.569661,2.569661,udp,0.0,,cs0,,63.0,,1.0,,Status,2,2,0,84,84,0,42.0,0.0,130.756546,130.756546,0.0,0,0,0,0.0,,,0.389156,0.389156,0.0,REQ,,,,,0.0,0.0,0.0,0
361589,2.580166,2.580166,2.580166,2.580166,2.580166,2.580166,udp,0.0,,cs0,,63.0,,1.0,,Status,2,2,0,84,84,0,42.0,0.0,130.224167,130.224167,0.0,0,0,0,0.0,,,0.387572,0.387572,0.0,REQ,,,,,0.0,0.0,0.0,0
361667,0.0,0.0,0.0,0.0,0.0,0.0,udp,0.0,,cs0,,63.0,,1.0,,Status,1,1,0,42,42,0,42.0,0.0,0.0,0.0,0.0,0,0,0,0.0,,,0.0,0.0,0.0,REQ,,,,,0.0,0.0,0.0,0
361700,0.0,0.0,0.0,0.0,0.0,0.0,udp,0.0,,cs0,,63.0,,1.0,,Status,1,1,0,42,42,0,42.0,0.0,0.0,0.0,0.0,0,0,0,0.0,,,0.0,0.0,0.0,REQ,,,,,0.0,0.0,0.0,0
361781,2.57093,2.57093,2.57093,2.57093,2.57093,2.57093,udp,0.0,,cs0,,63.0,,1.0,,Status,2,2,0,84,84,0,42.0,0.0,130.692001,130.692001,0.0,0,0,0,0.0,,,0.388964,0.388964,0.0,REQ,,,,,0.0,0.0,0.0,0
361783,2.57093,2.57093,2.57093,2.57093,2.57093,2.57093,udp,0.0,,cs0,,63.0,,1.0,,Status,2,2,0,84,84,0,42.0,0.0,130.692001,130.692001,0.0,0,0,0,0.0,,,0.388964,0.388964,0.0,REQ,,,,,0.0,0.0,0.0,0
361786,2.570997,2.570997,2.570997,2.570997,2.570997,2.570997,udp,0.0,,cs0,,63.0,,1.0,,Status,2,2,0,84,84,0,42.0,0.0,130.688599,130.688599,0.0,0,0,0,0.0,,,0.388954,0.388954,0.0,REQ,,,,,0.0,0.0,0.0,0
361848,0.0,0.0,0.0,0.0,0.0,0.0,udp,0.0,,cs0,,63.0,,1.0,,Status,1,1,0,42,42,0,42.0,0.0,0.0,0.0,0.0,0,0,0,0.0,,,0.0,0.0,0.0,REQ,,,,,0.0,0.0,0.0,0
361918,2.570816,2.570816,2.570816,2.570816,2.570816,2.570816,udp,0.0,,cs0,,63.0,,1.0,,Status,2,2,0,84,84,0,42.0,0.0,130.6978,130.6978,0.0,0,0,0,0.0,,,0.388982,0.388982,0.0,REQ,,,,,0.0,0.0,0.0,0
361926,2.570978,2.570978,2.570978,2.570978,2.570978,2.570978,udp,0.0,,cs0,,63.0,,1.0,,Status,2,2,0,84,84,0,42.0,0.0,130.689575,130.689575,0.0,0,0,0,0.0,,,0.388957,0.388957,0.0,REQ,,,,,0.0,0.0,0.0,0
361935,2.570969,2.570969,2.570969,2.570969,2.570969,2.570969,udp,0.0,,cs0,,63.0,,1.0,,Status,2,2,0,84,84,0,42.0,0.0,130.690018,130.690018,0.0,0,0,0,0.0,,,0.388958,0.388958,0.0,REQ,,,,,0.0,0.0,0.0,0
361956,2.565162,2.565162,2.565162,2.565162,2.565162,2.565162,udp,0.0,,cs0,,63.0,,1.0,,Status,2,2,0,84,84,0,42.0,0.0,130.985886,130.985886,0.0,0,0,0,0.0,,,0.389839,0.389839,0.0,REQ,,,,,0.0,0.0,0.0,0
361997,2.570678,2.570678,2.570678,2.570678,2.570678,2.570678,udp,0.0,,cs0,,63.0,,1.0,,Status,2,2,0,84,84,0,42.0,0.0,130.704819,130.704819,0.0,0,0,0,0.0,,,0.389002,0.389002,0.0,REQ,,,,,0.0,0.0,0.0,0
362031,2.570708,2.570708,2.570708,2.570708,2.570708,2.570708,udp,0.0,,cs0,,63.0,,1.0,,Status,2,2,0,84,84,0,42.0,0.0,130.703293,130.703293,0.0,0,0,0,0.0,,,0.388998,0.388998,0.0,REQ,,,,,0.0,0.0,0.0,0
362035,2.570698,2.570698,2.570698,2.570698,2.570698,2.570698,udp,0.0,,cs0,,63.0,,1.0,,Status,2,2,0,84,84,0,42.0,0.0,130.703796,130.703796,0.0,0,0,0,0.0,,,0.388999,0.388999,0.0,REQ,,,,,0.0,0.0,0.0,0
362058,2.571108,2.571108,2.571108,2.571108,2.571108,2.571108,udp,0.0,,cs0,,63.0,,1.0,,Status,2,2,0,84,84,0,42.0,0.0,130.682953,130.682953,0.0,0,0,0,0.0,,,0.388937,0.388937,0.0,REQ,,,,,0.0,0.0,0.0,0
362263,2.569847,2.569847,2.569847,2.569847,2.569847,2.569847,udp,0.0,,cs0,,63.0,,1.0,,Status,2,2,0,84,84,0,42.0,0.0,130.747086,130.747086,0.0,0,0,0,0.0,,,0.389128,0.389128,0.0,REQ,,,,,0.0,0.0,0.0,0
362286,2.571109,2.571109,2.571109,2.571109,2.571109,2.571109,udp,0.0,,cs0,,63.0,,1.0,,Status,2,2,0,84,84,0,42.0,0.0,130.682907,130.682907,0.0,0,0,0,0.0,,,0.388937,0.388937,0.0,REQ,,,,,0.0,0.0,0.0,0
362315,2.56729,2.56729,2.56729,2.56729,2.56729,2.56729,udp,0.0,,cs0,,63.0,,1.0,,Status,2,2,0,84,84,0,42.0,0.0,130.877304,130.877304,0.0,0,0,0,0.0,,,0.389516,0.389516,0.0,REQ,,,,,0.0,0.0,0.0,0
362353,0.0,0.0,0.0,0.0,0.0,0.0,udp,0.0,,cs0,,63.0,,1.0,,Status,1,1,0,42,42,0,42.0,0.0,0.0,0.0,0.0,0,0,0,0.0,,,0.0,0.0,0.0,REQ,,,,,0.0,0.0,0.0,0
362448,0.0,0.0,0.0,0.0,0.0,0.0,udp,0.0,,cs0,,63.0,,1.0,,Status,1,1,0,42,42,0,42.0,0.0,0.0,0.0,0.0,0,0,0,0.0,,,0.0,0.0,0.0,REQ,,,,,0.0,0.0,0.0,0
362472,0.0,0.0,0.0,0.0,0.0,0.0,udp,0.0,,cs0,,63.0,,1.0,,Status,1,1,0,42,42,0,42.0,0.0,0.0,0.0,0.0,0,0,0,0.0,,,0.0,0.0,0.0,REQ,,,,,0.0,0.0,0.0,0
362499,0.0,0.0,0.0,0.0,0.0,0.0,udp,0.0,,cs0,,63.0,,1.0,,Status,1,1,0,42,42,0,42.0,0.0,0.0,0.0,0.0,0,0,0,0.0,,,0.0,0.0,0.0,REQ,,,,,0.0,0.0,0.0,0
362607,2.571871,2.571871,2.571871,2.571871,2.571871,2.571871,udp,0.0,,cs0,,63.0,,1.0,,Status,2,2,0,84,84,0,42.0,0.0,130.64418,130.64418,0.0,0,0,0,0.0,,,0.388822,0.388822,0.0,REQ,,,,,0.0,0.0,0.0,0
362750,0.0,0.0,0.0,0.0,0.0,0.0,udp,0.0,,cs0,,63.0,,1.0,,Status,1,1,0,42,42,0,42.0,0.0,0.0,0.0,0.0,0,0,0,0.0,,,0.0,0.0,0.0,REQ,,,,,0.0,0.0,0.0,0
362774,2.569252,2.569252,2.569252,2.569252,2.569252,2.569252,udp,0.0,,cs0,,63.0,,1.0,,Status,2,2,0,84,84,0,42.0,0.0,130.777359,130.777359,0.0,0,0,0,0.0,,,0.389218,0.389218,0.0,REQ,,,,,0.0,0.0,0.0,0
362780,2.570676,2.570676,2.570676,2.570676,2.570676,2.570676,udp,0.0,,cs0,,63.0,,1.0,,Status,2,2,0,84,84,0,42.0,0.0,130.70491,130.70491,0.0,0,0,0,0.0,,,0.389003,0.389003,0.0,REQ,,,,,0.0,0.0,0.0,0
362819,2.568999,2.568999,2.568999,2.568999,2.568999,2.568999,udp,0.0,,cs0,,63.0,,1.0,,Status,2,2,0,84,84,0,42.0,0.0,130.790237,130.790237,0.0,0,0,0,0.0,,,0.389257,0.389257,0.0,REQ,,,,,0.0,0.0,0.0,0
362835,2.570452,2.570452,2.570452,2.570452,2.570452,2.570452,udp,0.0,,cs0,,63.0,,1.0,,Status,2,2,0,84,84,0,42.0,0.0,130.716309,130.716309,0.0,0,0,0,0.0,,,0.389037,0.389037,0.0,REQ,,,,,0.0,0.0,0.0,0
362941,2.572691,2.572691,2.572691,2.572691,2.572691,2.572691,udp,0.0,,cs0,,63.0,,1.0,,Status,2,2,0,84,84,0,42.0,0.0,130.602554,130.602554,0.0,0,0,0,0.0,,,0.388698,0.388698,0.0,REQ,,,,,0.0,0.0,0.0,0
362965,0.0,0.0,0.0,0.0,0.0,0.0,udp,0.0,,cs0,,63.0,,1.0,,Status,1,1,0,42,42,0,42.0,0.0,0.0,0.0,0.0,0,0,0,0.0,,,0.0,0.0,0.0,REQ,,,,,0.0,0.0,0.0,0
362974,0.0,0.0,0.0,0.0,0.0,0.0,udp,0.0,,cs0,,63.0,,1.0,,Status,1,1,0,42,42,0,42.0,0.0,0.0,0.0,0.0,0,0,0,0.0,,,0.0,0.0,0.0,REQ,,,,,0.0,0.0,0.0,0
362983,2.57253,2.57253,2.57253,2.57253,2.57253,2.57253,udp,0.0,,cs0,,63.0,,1.0,,Status,2,2,0,84,84,0,42.0,0.0,130.610718,130.610718,0.0,0,0,0,0.0,,,0.388722,0.388722,0.0,REQ,,,,,0.0,0.0,0.0,0
363053,0.0,0.0,0.0,0.0,0.0,0.0,udp,0.0,,cs0,,63.0,,1.0,,Status,1,1,0,42,42,0,42.0,0.0,0.0,0.0,0.0,0,0,0,0.0,,,0.0,0.0,0.0,REQ,,,,,0.0,0.0,0.0,0
363058,0.0,0.0,0.0,0.0,0.0,0.0,udp,0.0,,cs0,,63.0,,1.0,,Status,1,1,0,42,42,0,42.0,0.0,0.0,0.0,0.0,0,0,0,0.0,,,0.0,0.0,0.0,REQ,,,,,0.0,0.0,0.0,0
363103,2.566628,2.566628,2.566628,2.566628,2.566628,2.566628,udp,0.0,,cs0,,63.0,,1.0,,Status,2,2,0,84,84,0,42.0,0.0,130.911057,130.911057,0.0,0,0,0,0.0,,,0.389616,0.389616,0.0,REQ,,,,,0.0,0.0,0.0,0
363155,0.0,0.0,0.0,0.0,0.0,0.0,udp,0.0,,cs0,,63.0,,1.0,,Status,1,1,0,42,42,0,42.0,0.0,0.0,0.0,0.0,0,0,0,0.0,,,0.0,0.0,0.0,REQ,,,,,0.0,0.0,0.0,0
363276,2.567054,2.567054,2.567054,2.567054,2.567054,2.567054,udp,0.0,,cs0,,63.0,,1.0,,Status,2,2,0,84,84,0,42.0,0.0,130.889343,130.889343,0.0,0,0,0,0.0,,,0.389552,0.389552,0.0,REQ,,,,,0.0,0.0,0.0,0
363312,0.0,0.0,0.0,0.0,0.0,0.0,udp,0.0,,cs0,,63.0,,1.0,,Status,1,1,0,42,42,0,42.0,0.0,0.0,0.0,0.0,0,0,0,0.0,,,0.0,0.0,0.0,REQ,,,,,0.0,0.0,0.0,0
363330,2.567221,2.567221,2.567221,2.567221,2.567221,2.567221,udp,0.0,,cs0,,63.0,,1.0,,Status,2,2,0,84,84,0,42.0,0.0,130.880829,130.880829,0.0,0,0,0,0.0,,,0.389526,0.389526,0.0,REQ,,,,,0.0,0.0,0.0,0
363341,2.567131,2.567131,2.567131,2.567131,2.567131,2.567131,udp,0.0,,cs0,,63.0,,1.0,,Status,2,2,0,84,84,0,42.0,0.0,130.885406,130.885406,0.0,0,0,0,0.0,,,0.38954,0.38954,0.0,REQ,,,,,0.0,0.0,0.0,0
363398,0.0,0.0,0.0,0.0,0.0,0.0,udp,0.0,,cs0,,63.0,,1.0,,Status,1,1,0,42,42,0,42.0,0.0,0.0,0.0,0.0,0,0,0,0.0,,,0.0,0.0,0.0,REQ,,,,,0.0,0.0,0.0,0
363403,2.570666,2.570666,2.570666,2.570666,2.570666,2.570666,udp,0.0,,cs0,,63.0,,1.0,,Status,2,2,0,84,84,0,42.0,0.0,130.705429,130.705429,0.0,0,0,0,0.0,,,0.389004,0.389004,0.0,REQ,,,,,0.0,0.0,0.0,0
363405,2.571682,2.571682,2.571682,2.571682,2.571682,2.571682,udp,0.0,,cs0,,63.0,,1.0,,Status,2,2,0,84,84,0,42.0,0.0,130.653793,130.653793,0.0,0,0,0,0.0,,,0.388851,0.388851,0.0,REQ,,,,,0.0,0.0,0.0,0
363508,0.0,0.0,0.0,0.0,0.0,0.0,udp,0.0,,cs0,,63.0,,1.0,,Status,1,1,0,42,42,0,42.0,0.0,0.0,0.0,0.0,0,0,0,0.0,,,0.0,0.0,0.0,REQ,,,,,0.0,0.0,0.0,0
363531,0.0,0.0,0.0,0.0,0.0,0.0,udp,0.0,,cs0,,63.0,,1.0,,Status,1,1,0,42,42,0,42.0,0.0,0.0,0.0,0.0,0,0,0,0.0,,,0.0,0.0,0.0,REQ,,,,,0.0,0.0,0.0,0
363582,0.0,0.0,0.0,0.0,0.0,0.0,udp,0.0,,cs0,,63.0,,1.0,,Status,1,1,0,42,42,0,42.0,0.0,0.0,0.0,0.0,0,0,0,0.0,,,0.0,0.0,0.0,REQ,,,,,0.0,0.0,0.0,0
363608,2.571058,2.571058,2.571058,2.571058,2.571058,2.571058,udp,0.0,,cs0,,63.0,,1.0,,Status,2,2,0,84,84,0,42.0,0.0,130.685501,130.685501,0.0,0,0,0,0.0,,,0.388945,0.388945,0.0,REQ,,,,,0.0,0.0,0.0,0
363611,2.571039,2.571039,2.571039,2.571039,2.571039,2.571039,udp,0.0,,cs0,,63.0,,1.0,,Status,2,2,0,84,84,0,42.0,0.0,130.686462,130.686462,0.0,0,0,0,0.0,,,0.388948,0.388948,0.0,REQ,,,,,0.0,0.0,0.0,0
363628,2.570881,2.570881,2.570881,2.570881,2.570881,2.570881,udp,0.0,,cs0,,63.0,,1.0,,Status,2,2,0,84,84,0,42.0,0.0,130.694504,130.694504,0.0,0,0,0,0.0,,,0.388972,0.388972,0.0,REQ,,,,,0.0,0.0,0.0,0
363660,2.573129,2.573129,2.573129,2.573129,2.573129,2.573129,udp,0.0,,cs0,,63.0,,1.0,,Status,2,2,0,84,84,0,42.0,0.0,130.580322,130.580322,0.0,0,0,0,0.0,,,0.388632,0.388632,0.0,REQ,,,,,0.0,0.0,0.0,0
363735,2.571102,2.571102,2.571102,2.571102,2.571102,2.571102,udp,0.0,,cs0,,63.0,,1.0,,Status,2,2,0,84,84,0,42.0,0.0,130.683273,130.683273,0.0,0,0,0,0.0,,,0.388938,0.388938,0.0,REQ,,,,,0.0,0.0,0.0,0
363736,2.571121,2.571121,2.571121,2.571121,2.571121,2.571121,udp,0.0,,cs0,,63.0,,1.0,,Status,2,2,0,84,84,0,42.0,0.0,130.682297,130.682297,0.0,0,0,0,0.0,,,0.388935,0.388935,0.0,REQ,,,,,0.0,0.0,0.0,0
363843,0.0,0.0,0.0,0.0,0.0,0.0,udp,0.0,,cs0,,63.0,,1.0,,Status,1,1,0,42,42,0,42.0,0.0,0.0,0.0,0.0,0,0,0,0.0,,,0.0,0.0,0.0,REQ,,,,,0.0,0.0,0.0,0
363863,0.0,0.0,0.0,0.0,0.0,0.0,udp,0.0,,cs0,,63.0,,1.0,,Status,1,1,0,42,42,0,42.0,0.0,0.0,0.0,0.0,0,0,0,0.0,,,0.0,0.0,0.0,REQ,,,,,0.0,0.0,0.0,0
363905,0.0,0.0,0.0,0.0,0.0,0.0,udp,0.0,,cs0,,63.0,,1.0,,Start,1,1,0,42,42,0,42.0,0.0,0.0,0.0,0.0,0,0,0,0.0,,,0.0,0.0,0.0,INT,,,,,0.0,0.0,0.0,0
363917,0.0,0.0,0.0,0.0,0.0,0.0,udp,0.0,,cs0,,63.0,,1.0,,Status,1,1,0,42,42,0,42.0,0.0,0.0,0.0,0.0,0,0,0,0.0,,,0.0,0.0,0.0,REQ,,,,,0.0,0.0,0.0,0
363926,2.573249,2.573249,2.573249,2.573249,2.573249,2.573249,udp,0.0,,cs0,,63.0,,1.0,,Status,2,2,0,84,84,0,42.0,0.0,130.574219,130.574219,0.0,0,0,0,0.0,,,0.388614,0.388614,0.0,REQ,,,,,0.0,0.0,0.0,0
363941,2.572441,2.572441,2.572441,2.572441,2.572441,2.572441,udp,0.0,,cs0,,63.0,,1.0,,Status,2,2,0,84,84,0,42.0,0.0,130.615234,130.615234,0.0,0,0,0,0.0,,,0.388736,0.388736,0.0,REQ,,,,,0.0,0.0,0.0,0
363951,2.572444,2.572444,2.572444,2.572444,2.572444,2.572444,udp,0.0,,cs0,,63.0,,1.0,,Status,2,2,0,84,84,0,42.0,0.0,130.615097,130.615097,0.0,0,0,0,0.0,,,0.388735,0.388735,0.0,REQ,,,,,0.0,0.0,0.0,0
363960,2.572449,2.572449,2.572449,2.572449,2.572449,2.572449,udp,0.0,,cs0,,63.0,,1.0,,Status,2,2,0,84,84,0,42.0,0.0,130.614838,130.614838,0.0,0,0,0,0.0,,,0.388735,0.388735,0.0,REQ,,,,,0.0,0.0,0.0,0
363973,2.566399,2.566399,2.566399,2.566399,2.566399,2.566399,udp,0.0,,cs0,,63.0,,1.0,,Status,2,2,0,84,84,0,42.0,0.0,130.922745,130.922745,0.0,0,0,0,0.0,,,0.389651,0.389651,0.0,REQ,,,,,0.0,0.0,0.0,0
363991,2.566314,2.566314,2.566314,2.566314,2.566314,2.566314,udp,0.0,,cs0,,63.0,,1.0,,Status,2,2,0,84,84,0,42.0,0.0,130.927078,130.927078,0.0,0,0,0,0.0,,,0.389664,0.389664,0.0,REQ,,,,,0.0,0.0,0.0,0
363992,2.566314,2.566314,2.566314,2.566314,2.566314,2.566314,udp,0.0,,cs0,,63.0,,1.0,,Status,2,2,0,84,84,0,42.0,0.0,130.927078,130.927078,0.0,0,0,0,0.0,,,0.389664,0.389664,0.0,REQ,,,,,0.0,0.0,0.0,0
364006,0.0,0.0,0.0,0.0,0.0,0.0,udp,0.0,,cs0,,63.0,,1.0,,Status,1,1,0,42,42,0,42.0,0.0,0.0,0.0,0.0,0,0,0,0.0,,,0.0,0.0,0.0,REQ,,,,,0.0,0.0,0.0,0
364019,0.0,0.0,0.0,0.0,0.0,0.0,udp,0.0,,cs0,,63.0,,1.0,,Status,1,1,0,42,42,0,42.0,0.0,0.0,0.0,0.0,0,0,0,0.0,,,0.0,0.0,0.0,REQ,,,,,0.0,0.0,0.0,0
364021,0.0,0.0,0.0,0.0,0.0,0.0,udp,0.0,,cs0,,63.0,,1.0,,Status,1,1,0,42,42,0,42.0,0.0,0.0,0.0,0.0,0,0,0,0.0,,,0.0,0.0,0.0,REQ,,,,,0.0,0.0,0.0,0
364038,2.568896,2.568896,2.568896,2.568896,2.568896,2.568896,udp,0.0,,cs0,,63.0,,1.0,,Status,2,2,0,84,84,0,42.0,0.0,130.795486,130.795486,0.0,0,0,0,0.0,,,0.389272,0.389272,0.0,REQ,,,,,0.0,0.0,0.0,0
364146,0.0,0.0,0.0,0.0,0.0,0.0,udp,0.0,,cs0,,63.0,,1.0,,Status,1,1,0,42,42,0,42.0,0.0,0.0,0.0,0.0,0,0,0,0.0,,,0.0,0.0,0.0,REQ,,,,,0.0,0.0,0.0,0
364188,2.569848,2.569848,2.569848,2.569848,2.569848,2.569848,udp,0.0,,cs0,,63.0,,1.0,,Status,2,2,0,84,84,0,42.0,0.0,130.747025,130.747025,0.0,0,0,0,0.0,,,0.389128,0.389128,0.0,REQ,,,,,0.0,0.0,0.0,0
364253,2.570205,2.570205,2.570205,2.570205,2.570205,2.570205,udp,0.0,,cs0,,63.0,,1.0,,Status,2,2,0,84,84,0,42.0,0.0,130.728867,130.728867,0.0,0,0,0,0.0,,,0.389074,0.389074,0.0,REQ,,,,,0.0,0.0,0.0,0
364258,2.570241,2.570241,2.570241,2.570241,2.570241,2.570241,udp,0.0,,cs0,,63.0,,1.0,,Status,2,2,0,84,84,0,42.0,0.0,130.727036,130.727036,0.0,0,0,0,0.0,,,0.389069,0.389069,0.0,REQ,,,,,0.0,0.0,0.0,0
364317,0.0,0.0,0.0,0.0,0.0,0.0,udp,0.0,,cs0,,63.0,,1.0,,Status,1,1,0,42,42,0,42.0,0.0,0.0,0.0,0.0,0,0,0,0.0,,,0.0,0.0,0.0,REQ,,,,,0.0,0.0,0.0,0
364335,2.575777,2.575777,2.575777,2.575777,2.575777,2.575777,udp,0.0,,cs0,,63.0,,1.0,,Status,2,2,0,84,84,0,42.0,0.0,130.446075,130.446075,0.0,0,0,0,0.0,,,0.388232,0.388232,0.0,REQ,,,,,0.0,0.0,0.0,0
364361,0.0,0.0,0.0,0.0,0.0,0.0,udp,0.0,,cs0,,63.0,,1.0,,Status,1,1,0,42,42,0,42.0,0.0,0.0,0.0,0.0,0,0,0,0.0,,,0.0,0.0,0.0,REQ,,,,,0.0,0.0,0.0,0
364378,0.0,0.0,0.0,0.0,0.0,0.0,udp,0.0,,cs0,,63.0,,1.0,,Status,1,1,0,42,42,0,42.0,0.0,0.0,0.0,0.0,0,0,0,0.0,,,0.0,0.0,0.0,REQ,,,,,0.0,0.0,0.0,0
364431,2.56817,2.56817,2.56817,2.56817,2.56817,2.56817,udp,0.0,,cs0,,63.0,,1.0,,Status,2,2,0,84,84,0,42.0,0.0,130.832458,130.832458,0.0,0,0,0,0.0,,,0.389382,0.389382,0.0,REQ,,,,,0.0,0.0,0.0,0
364490,2.572191,2.572191,2.572191,2.572191,2.572191,2.572191,udp,0.0,,cs0,,63.0,,1.0,,Status,2,2,0,84,84,0,42.0,0.0,130.62793,130.62793,0.0,0,0,0,0.0,,,0.388774,0.388774,0.0,REQ,,,,,0.0,0.0,0.0,0
364538,2.569156,2.569156,2.569156,2.569156,2.569156,2.569156,udp,0.0,,cs0,,63.0,,1.0,,Status,2,2,0,84,84,0,42.0,0.0,130.782257,130.782257,0.0,0,0,0,0.0,,,0.389233,0.389233,0.0,REQ,,,,,0.0,0.0,0.0,0
364542,2.569155,2.569155,2.569155,2.569155,2.569155,2.569155,udp,0.0,,cs0,,63.0,,1.0,,Status,2,2,0,84,84,0,42.0,0.0,130.782303,130.782303,0.0,0,0,0,0.0,,,0.389233,0.389233,0.0,REQ,,,,,0.0,0.0,0.0,0
364660,2.570942,2.570942,2.570942,2.570942,2.570942,2.570942,udp,0.0,,cs0,,63.0,,1.0,,Status,2,2,0,84,84,0,42.0,0.0,130.691406,130.691406,0.0,0,0,0,0.0,,,0.388963,0.388963,0.0,REQ,,,,,0.0,0.0,0.0,0
364676,0.0,0.0,0.0,0.0,0.0,0.0,udp,0.0,,cs0,,63.0,,1.0,,Status,1,1,0,42,42,0,42.0,0.0,0.0,0.0,0.0,0,0,0,0.0,,,0.0,0.0,0.0,REQ,,,,,0.0,0.0,0.0,0
364687,2.575607,2.575607,2.575607,2.575607,2.575607,2.575607,udp,0.0,,cs0,,63.0,,1.0,,Status,2,2,0,84,84,0,42.0,0.0,130.454681,130.454681,0.0,0,0,0,0.0,,,0.388258,0.388258,0.0,REQ,,,,,0.0,0.0,0.0,0
364691,2.576682,2.576682,2.576682,2.576682,2.576682,2.576682,udp,0.0,,cs0,,63.0,,1.0,,Status,2,2,0,84,84,0,42.0,0.0,130.400253,130.400253,0.0,0,0,0,0.0,,,0.388096,0.388096,0.0,REQ,,,,,0.0,0.0,0.0,0
364737,2.571207,2.571207,2.571207,2.571207,2.571207,2.571207,udp,0.0,,cs0,,63.0,,1.0,,Status,2,2,0,84,84,0,42.0,0.0,130.677917,130.677917,0.0,0,0,0,0.0,,,0.388922,0.388922,0.0,REQ,,,,,0.0,0.0,0.0,0
364754,2.571205,2.571205,2.571205,2.571205,2.571205,2.571205,udp,0.0,,cs0,,63.0,,1.0,,Status,2,2,0,84,84,0,42.0,0.0,130.67804,130.67804,0.0,0,0,0,0.0,,,0.388923,0.388923,0.0,REQ,,,,,0.0,0.0,0.0,0
364846,0.0,0.0,0.0,0.0,0.0,0.0,udp,0.0,,cs0,,63.0,,1.0,,Status,1,1,0,42,42,0,42.0,0.0,0.0,0.0,0.0,0,0,0,0.0,,,0.0,0.0,0.0,REQ,,,,,0.0,0.0,0.0,0
364955,0.0,0.0,0.0,0.0,0.0,0.0,udp,0.0,,cs0,,63.0,,1.0,,Status,1,1,0,42,42,0,42.0,0.0,0.0,0.0,0.0,0,0,0,0.0,,,0.0,0.0,0.0,REQ,,,,,0.0,0.0,0.0,0
365029,0.0,0.0,0.0,0.0,0.0,0.0,udp,0.0,,cs0,,63.0,,1.0,,Status,1,1,0,42,42,0,42.0,0.0,0.0,0.0,0.0,0,0,0,0.0,,,0.0,0.0,0.0,REQ,,,,,0.0,0.0,0.0,0
365262,2.57475,2.57475,2.57475,2.57475,2.57475,2.57475,udp,0.0,,cs0,,63.0,,1.0,,Status,2,2,0,84,84,0,42.0,0.0,130.498108,130.498108,0.0,0,0,0,0.0,,,0.388387,0.388387,0.0,REQ,,,,,0.0,0.0,0.0,0
365269,2.573296,2.573296,2.573296,2.573296,2.573296,2.573296,udp,0.0,,cs0,,63.0,,1.0,,Status,2,2,0,84,84,0,42.0,0.0,130.571838,130.571838,0.0,0,0,0,0.0,,,0.388607,0.388607,0.0,REQ,,,,,0.0,0.0,0.0,0
365285,2.569182,2.569182,2.569182,2.569182,2.569182,2.569182,udp,0.0,,cs0,,63.0,,1.0,,Status,2,2,0,84,84,0,42.0,0.0,130.78093,130.78093,0.0,0,0,0,0.0,,,0.389229,0.389229,0.0,REQ,,,,,0.0,0.0,0.0,0
365308,0.0,0.0,0.0,0.0,0.0,0.0,udp,0.0,,cs0,,63.0,,1.0,,Status,1,1,0,42,42,0,42.0,0.0,0.0,0.0,0.0,0,0,0,0.0,,,0.0,0.0,0.0,REQ,,,,,0.0,0.0,0.0,0
365411,2.57483,2.57483,2.57483,2.57483,2.57483,2.57483,udp,0.0,,cs0,,63.0,,1.0,,Start,2,2,0,84,84,0,42.0,0.0,130.494049,130.494049,0.0,0,0,0,0.0,,,0.388375,0.388375,0.0,INT,,,,,0.0,0.0,0.0,0
365423,2.574781,2.574781,2.574781,2.574781,2.574781,2.574781,udp,0.0,,cs0,,63.0,,1.0,,Status,2,2,0,84,84,0,42.0,0.0,130.496536,130.496536,0.0,0,0,0,0.0,,,0.388383,0.388383,0.0,REQ,,,,,0.0,0.0,0.0,0
365447,0.0,0.0,0.0,0.0,0.0,0.0,udp,0.0,,cs0,,63.0,,1.0,,Status,1,1,0,42,42,0,42.0,0.0,0.0,0.0,0.0,0,0,0,0.0,,,0.0,0.0,0.0,REQ,,,,,0.0,0.0,0.0,0
365512,2.573155,2.573155,2.573155,2.573155,2.573155,2.573155,udp,0.0,,cs0,,63.0,,1.0,,Status,2,2,0,84,84,0,42.0,0.0,130.578995,130.578995,0.0,0,0,0,0.0,,,0.388628,0.388628,0.0,REQ,,,,,0.0,0.0,0.0,0
365599,0.0,0.0,0.0,0.0,0.0,0.0,udp,0.0,,cs0,,63.0,,1.0,,Status,1,1,0,42,42,0,42.0,0.0,0.0,0.0,0.0,0,0,0,0.0,,,0.0,0.0,0.0,REQ,,,,,0.0,0.0,0.0,0
365654,2.574818,2.574818,2.574818,2.574818,2.574818,2.574818,udp,0.0,,cs0,,63.0,,1.0,,Status,2,2,0,84,84,0,42.0,0.0,130.494659,130.494659,0.0,0,0,0,0.0,,,0.388377,0.388377,0.0,REQ,,,,,0.0,0.0,0.0,0
365671,2.574831,2.574831,2.574831,2.574831,2.574831,2.574831,udp,0.0,,cs0,,63.0,,1.0,,Status,2,2,0,84,84,0,42.0,0.0,130.494003,130.494003,0.0,0,0,0,0.0,,,0.388375,0.388375,0.0,REQ,,,,,0.0,0.0,0.0,0
365713,2.572539,2.572539,2.572539,2.572539,2.572539,2.572539,udp,0.0,,cs0,,63.0,,1.0,,Status,2,2,0,84,84,0,42.0,0.0,130.61026,130.61026,0.0,0,0,0,0.0,,,0.388721,0.388721,0.0,REQ,,,,,0.0,0.0,0.0,0
365757,2.571248,2.571248,2.571248,2.571248,2.571248,2.571248,udp,0.0,,cs0,,63.0,,1.0,,Status,2,2,0,84,84,0,42.0,0.0,130.675842,130.675842,0.0,0,0,0,0.0,,,0.388916,0.388916,0.0,REQ,,,,,0.0,0.0,0.0,0
365758,2.570199,2.570199,2.570199,2.570199,2.570199,2.570199,udp,0.0,,cs0,,63.0,,1.0,,Status,2,2,0,84,84,0,42.0,0.0,130.729172,130.729172,0.0,0,0,0,0.0,,,0.389075,0.389075,0.0,REQ,,,,,0.0,0.0,0.0,0
365760,2.570221,2.570221,2.570221,2.570221,2.570221,2.570221,udp,0.0,,cs0,,63.0,,1.0,,Status,2,2,0,84,84,0,42.0,0.0,130.728058,130.728058,0.0,0,0,0,0.0,,,0.389072,0.389072,0.0,REQ,,,,,0.0,0.0,0.0,0
365874,2.564831,2.564831,2.564831,2.564831,2.564831,2.564831,udp,0.0,,cs0,,63.0,,1.0,,Status,2,2,0,84,84,0,42.0,0.0,131.002777,131.002777,0.0,0,0,0,0.0,,,0.389889,0.389889,0.0,REQ,,,,,0.0,0.0,0.0,0
365890,0.0,0.0,0.0,0.0,0.0,0.0,udp,0.0,,cs0,,63.0,,1.0,,Status,1,1,0,42,42,0,42.0,0.0,0.0,0.0,0.0,0,0,0,0.0,,,0.0,0.0,0.0,REQ,,,,,0.0,0.0,0.0,0
365920,2.576122,2.576122,2.576122,2.576122,2.576122,2.576122,udp,0.0,,cs0,,63.0,,1.0,,Status,2,2,0,84,84,0,42.0,0.0,130.428604,130.428604,0.0,0,0,0,0.0,,,0.38818,0.38818,0.0,REQ,,,,,0.0,0.0,0.0,0
365948,0.0,0.0,0.0,0.0,0.0,0.0,udp,0.0,,cs0,,63.0,,1.0,,Status,1,1,0,42,42,0,42.0,0.0,0.0,0.0,0.0,0,0,0,0.0,,,0.0,0.0,0.0,REQ,,,,,0.0,0.0,0.0,0
365976,0.0,0.0,0.0,0.0,0.0,0.0,udp,0.0,,cs0,,63.0,,1.0,,Status,1,1,0,42,42,0,42.0,0.0,0.0,0.0,0.0,0,0,0,0.0,,,0.0,0.0,0.0,REQ,,,,,0.0,0.0,0.0,0
366016,0.0,0.0,0.0,0.0,0.0,0.0,udp,0.0,,cs0,,63.0,,1.0,,Status,1,1,0,42,42,0,42.0,0.0,0.0,0.0,0.0,0,0,0,0.0,,,0.0,0.0,0.0,REQ,,,,,0.0,0.0,0.0,0
366038,2.576382,2.576382,2.576382,2.576382,2.576382,2.576382,udp,0.0,,cs0,,63.0,,1.0,,Status,2,2,0,84,84,0,42.0,0.0,130.415451,130.415451,0.0,0,0,0,0.0,,,0.388141,0.388141,0.0,REQ,,,,,0.0,0.0,0.0,0
366100,2.565971,2.565971,2.565971,2.565971,2.565971,2.565971,udp,0.0,,cs0,,63.0,,1.0,,Status,2,2,0,84,84,0,42.0,0.0,130.94458,130.94458,0.0,0,0,0,0.0,,,0.389716,0.389716,0.0,REQ,,,,,0.0,0.0,0.0,0
366119,2.569621,2.569621,2.569621,2.569621,2.569621,2.569621,udp,0.0,,cs0,,63.0,,1.0,,Status,2,2,0,84,84,0,42.0,0.0,130.758575,130.758575,0.0,0,0,0,0.0,,,0.389162,0.389162,0.0,REQ,,,,,0.0,0.0,0.0,0
366126,2.569719,2.569719,2.569719,2.569719,2.569719,2.569719,udp,0.0,,cs0,,63.0,,1.0,,Status,2,2,0,84,84,0,42.0,0.0,130.753586,130.753586,0.0,0,0,0,0.0,,,0.389148,0.389148,0.0,REQ,,,,,0.0,0.0,0.0,0
366133,2.569734,2.569734,2.569734,2.569734,2.569734,2.569734,udp,0.0,,cs0,,63.0,,1.0,,Status,2,2,0,84,84,0,42.0,0.0,130.752823,130.752823,0.0,0,0,0,0.0,,,0.389145,0.389145,0.0,REQ,,,,,0.0,0.0,0.0,0
366158,2.573438,2.573438,2.573438,2.573438,2.573438,2.573438,udp,0.0,,cs0,,63.0,,1.0,,Status,2,2,0,84,84,0,42.0,0.0,130.564636,130.564636,0.0,0,0,0,0.0,,,0.388585,0.388585,0.0,REQ,,,,,0.0,0.0,0.0,0
366200,2.573783,2.573783,2.573783,2.573783,2.573783,2.573783,udp,0.0,,cs0,,63.0,,1.0,,Status,2,2,0,84,84,0,42.0,0.0,130.547134,130.547134,0.0,0,0,0,0.0,,,0.388533,0.388533,0.0,REQ,,,,,0.0,0.0,0.0,0
366360,0.0,0.0,0.0,0.0,0.0,0.0,udp,0.0,,cs0,,63.0,,1.0,,Status,1,1,0,42,42,0,42.0,0.0,0.0,0.0,0.0,0,0,0,0.0,,,0.0,0.0,0.0,REQ,,,,,0.0,0.0,0.0,0
366478,0.0,0.0,0.0,0.0,0.0,0.0,udp,0.0,,cs0,,63.0,,1.0,,Status,1,1,0,42,42,0,42.0,0.0,0.0,0.0,0.0,0,0,0,0.0,,,0.0,0.0,0.0,REQ,,,,,0.0,0.0,0.0,0
366482,2.575058,2.575058,2.575058,2.575058,2.575058,2.575058,udp,0.0,,cs0,,63.0,,1.0,,Status,2,2,0,84,84,0,42.0,0.0,130.482498,130.482498,0.0,0,0,0,0.0,,,0.388341,0.388341,0.0,REQ,,,,,0.0,0.0,0.0,0
366564,2.5747,2.5747,2.5747,2.5747,2.5747,2.5747,udp,0.0,,cs0,,63.0,,1.0,,Status,2,2,0,84,84,0,42.0,0.0,130.500641,130.500641,0.0,0,0,0,0.0,,,0.388395,0.388395,0.0,REQ,,,,,0.0,0.0,0.0,0
366570,2.574702,2.574702,2.574702,2.574702,2.574702,2.574702,udp,0.0,,cs0,,63.0,,1.0,,Status,2,2,0,84,84,0,42.0,0.0,130.500534,130.500534,0.0,0,0,0,0.0,,,0.388394,0.388394,0.0,REQ,,,,,0.0,0.0,0.0,0
366638,0.0,0.0,0.0,0.0,0.0,0.0,udp,0.0,,cs0,,63.0,,1.0,,Status,1,1,0,42,42,0,42.0,0.0,0.0,0.0,0.0,0,0,0,0.0,,,0.0,0.0,0.0,REQ,,,,,0.0,0.0,0.0,0
366663,2.569117,2.569117,2.569117,2.569117,2.569117,2.569117,udp,0.0,,cs0,,63.0,,1.0,,Status,2,2,0,84,84,0,42.0,0.0,130.784225,130.784225,0.0,0,0,0,0.0,,,0.389239,0.389239,0.0,REQ,,,,,0.0,0.0,0.0,0
366707,2.574717,2.574717,2.574717,2.574717,2.574717,2.574717,udp,0.0,,cs0,,63.0,,1.0,,Status,2,2,0,84,84,0,42.0,0.0,130.499771,130.499771,0.0,0,0,0,0.0,,,0.388392,0.388392,0.0,REQ,,,,,0.0,0.0,0.0,0
366785,2.569193,2.569193,2.569193,2.569193,2.569193,2.569193,udp,0.0,,cs0,,63.0,,1.0,,Status,2,2,0,84,84,0,42.0,0.0,130.780365,130.780365,0.0,0,0,0,0.0,,,0.389227,0.389227,0.0,REQ,,,,,0.0,0.0,0.0,0
366802,0.0,0.0,0.0,0.0,0.0,0.0,udp,0.0,,cs0,,63.0,,1.0,,Status,1,1,0,42,42,0,42.0,0.0,0.0,0.0,0.0,0,0,0,0.0,,,0.0,0.0,0.0,REQ,,,,,0.0,0.0,0.0,0
366830,0.0,0.0,0.0,0.0,0.0,0.0,udp,0.0,,cs0,,63.0,,1.0,,Status,1,1,0,42,42,0,42.0,0.0,0.0,0.0,0.0,0,0,0,0.0,,,0.0,0.0,0.0,REQ,,,,,0.0,0.0,0.0,0
366843,0.0,0.0,0.0,0.0,0.0,0.0,udp,0.0,,cs0,,63.0,,1.0,,Status,1,1,0,42,42,0,42.0,0.0,0.0,0.0,0.0,0,0,0,0.0,,,0.0,0.0,0.0,REQ,,,,,0.0,0.0,0.0,0
366871,0.0,0.0,0.0,0.0,0.0,0.0,udp,0.0,,cs0,,63.0,,1.0,,Status,1,1,0,42,42,0,42.0,0.0,0.0,0.0,0.0,0,0,0,0.0,,,0.0,0.0,0.0,REQ,,,,,0.0,0.0,0.0,0
366945,0.0,0.0,0.0,0.0,0.0,0.0,udp,0.0,,cs0,,63.0,,1.0,,Status,1,1,0,42,42,0,42.0,0.0,0.0,0.0,0.0,0,0,0,0.0,,,0.0,0.0,0.0,REQ,,,,,0.0,0.0,0.0,0
366974,2.569896,2.569896,2.569896,2.569896,2.569896,2.569896,udp,0.0,,cs0,,63.0,,1.0,,Status,2,2,0,84,84,0,42.0,0.0,130.744598,130.744598,0.0,0,0,0,0.0,,,0.389121,0.389121,0.0,REQ,,,,,0.0,0.0,0.0,0
366991,0.0,0.0,0.0,0.0,0.0,0.0,udp,0.0,,cs0,,63.0,,1.0,,Status,1,1,0,42,42,0,42.0,0.0,0.0,0.0,0.0,0,0,0,0.0,,,0.0,0.0,0.0,REQ,,,,,0.0,0.0,0.0,0
367035,0.0,0.0,0.0,0.0,0.0,0.0,udp,0.0,,cs0,,63.0,,1.0,,Status,1,1,0,42,42,0,42.0,0.0,0.0,0.0,0.0,0,0,0,0.0,,,0.0,0.0,0.0,REQ,,,,,0.0,0.0,0.0,0
367045,0.0,0.0,0.0,0.0,0.0,0.0,udp,0.0,,cs0,,63.0,,1.0,,Status,1,1,0,42,42,0,42.0,0.0,0.0,0.0,0.0,0,0,0,0.0,,,0.0,0.0,0.0,REQ,,,,,0.0,0.0,0.0,0
367061,2.572558,2.572558,2.572558,2.572558,2.572558,2.572558,udp,0.0,,cs0,,63.0,,1.0,,Status,2,2,0,84,84,0,42.0,0.0,130.609299,130.609299,0.0,0,0,0,0.0,,,0.388718,0.388718,0.0,REQ,,,,,0.0,0.0,0.0,0
367066,2.572472,2.572472,2.572472,2.572472,2.572472,2.572472,udp,0.0,,cs0,,63.0,,1.0,,Status,2,2,0,84,84,0,42.0,0.0,130.613663,130.613663,0.0,0,0,0,0.0,,,0.388731,0.388731,0.0,REQ,,,,,0.0,0.0,0.0,0
367208,2.576032,2.576032,2.576032,2.576032,2.576032,2.576032,udp,0.0,,cs0,,63.0,,1.0,,Status,2,2,0,84,84,0,42.0,0.0,130.433167,130.433167,0.0,0,0,0,0.0,,,0.388194,0.388194,0.0,REQ,,,,,0.0,0.0,0.0,0
367228,0.0,0.0,0.0,0.0,0.0,0.0,udp,0.0,,cs0,,63.0,,1.0,,Status,1,1,0,42,42,0,42.0,0.0,0.0,0.0,0.0,0,0,0,0.0,,,0.0,0.0,0.0,REQ,,,,,0.0,0.0,0.0,0
367271,2.571292,2.571292,2.571292,2.571292,2.571292,2.571292,udp,0.0,,cs0,,63.0,,1.0,,Status,2,2,0,84,84,0,42.0,0.0,130.673615,130.673615,0.0,0,0,0,0.0,,,0.38891,0.38891,0.0,REQ,,,,,0.0,0.0,0.0,0
367298,2.570134,2.570134,2.570134,2.570134,2.570134,2.570134,udp,0.0,,cs0,,63.0,,1.0,,Status,2,2,0,84,84,0,42.0,0.0,130.732483,130.732483,0.0,0,0,0,0.0,,,0.389085,0.389085,0.0,REQ,,,,,0.0,0.0,0.0,0
367346,0.0,0.0,0.0,0.0,0.0,0.0,udp,0.0,,cs0,,63.0,,1.0,,Status,1,1,0,42,42,0,42.0,0.0,0.0,0.0,0.0,0,0,0,0.0,,,0.0,0.0,0.0,REQ,,,,,0.0,0.0,0.0,0
367377,0.0,0.0,0.0,0.0,0.0,0.0,udp,0.0,,cs0,,63.0,,1.0,,Status,1,1,0,42,42,0,42.0,0.0,0.0,0.0,0.0,0,0,0,0.0,,,0.0,0.0,0.0,REQ,,,,,0.0,0.0,0.0,0
367395,0.0,0.0,0.0,0.0,0.0,0.0,udp,0.0,,cs0,,63.0,,1.0,,Status,1,1,0,42,42,0,42.0,0.0,0.0,0.0,0.0,0,0,0,0.0,,,0.0,0.0,0.0,REQ,,,,,0.0,0.0,0.0,0
367401,0.0,0.0,0.0,0.0,0.0,0.0,udp,0.0,,cs0,,63.0,,1.0,,Status,1,1,0,42,42,0,42.0,0.0,0.0,0.0,0.0,0,0,0,0.0,,,0.0,0.0,0.0,REQ,,,,,0.0,0.0,0.0,0
367420,0.0,0.0,0.0,0.0,0.0,0.0,udp,0.0,,cs0,,63.0,,1.0,,Status,1,1,0,42,42,0,42.0,0.0,0.0,0.0,0.0,0,0,0,0.0,,,0.0,0.0,0.0,REQ,,,,,0.0,0.0,0.0,0
367469,2.571433,2.571433,2.571433,2.571433,2.571433,2.571433,udp,0.0,,cs0,,63.0,,1.0,,Status,2,2,0,84,84,0,42.0,0.0,130.666443,130.666443,0.0,0,0,0,0.0,,,0.388888,0.388888,0.0,REQ,,,,,0.0,0.0,0.0,0
367491,2.576228,2.576228,2.576228,2.576228,2.576228,2.576228,udp,0.0,,cs0,,63.0,,1.0,,Status,2,2,0,84,84,0,42.0,0.0,130.423248,130.423248,0.0,0,0,0,0.0,,,0.388164,0.388164,0.0,REQ,,,,,0.0,0.0,0.0,0
367501,0.0,0.0,0.0,0.0,0.0,0.0,udp,0.0,,cs0,,63.0,,1.0,,Status,1,1,0,42,42,0,42.0,0.0,0.0,0.0,0.0,0,0,0,0.0,,,0.0,0.0,0.0,REQ,,,,,0.0,0.0,0.0,0
367512,2.570402,2.570402,2.570402,2.570402,2.570402,2.570402,udp,0.0,,cs0,,63.0,,1.0,,Status,2,2,0,84,84,0,42.0,0.0,130.718857,130.718857,0.0,0,0,0,0.0,,,0.389044,0.389044,0.0,REQ,,,,,0.0,0.0,0.0,0
367629,2.574991,2.574991,2.574991,2.574991,2.574991,2.574991,udp,0.0,,cs0,,63.0,,1.0,,Status,2,2,0,84,84,0,42.0,0.0,130.485901,130.485901,0.0,0,0,0,0.0,,,0.388351,0.388351,0.0,REQ,,,,,0.0,0.0,0.0,0
367641,2.570878,2.570878,2.570878,2.570878,2.570878,2.570878,udp,0.0,,cs0,,63.0,,1.0,,Status,2,2,0,84,84,0,42.0,0.0,130.694641,130.694641,0.0,0,0,0,0.0,,,0.388972,0.388972,0.0,REQ,,,,,0.0,0.0,0.0,0
367751,2.575935,2.575935,2.575935,2.575935,2.575935,2.575935,udp,0.0,,cs0,,63.0,,1.0,,Status,2,2,0,84,84,0,42.0,0.0,130.43808,130.43808,0.0,0,0,0,0.0,,,0.388209,0.388209,0.0,REQ,,,,,0.0,0.0,0.0,0
367757,2.575937,2.575937,2.575937,2.575937,2.575937,2.575937,udp,0.0,,cs0,,63.0,,1.0,,Status,2,2,0,84,84,0,42.0,0.0,130.437973,130.437973,0.0,0,0,0,0.0,,,0.388208,0.388208,0.0,REQ,,,,,0.0,0.0,0.0,0
367783,0.0,0.0,0.0,0.0,0.0,0.0,udp,0.0,,cs0,,63.0,,1.0,,Status,1,1,0,42,42,0,42.0,0.0,0.0,0.0,0.0,0,0,0,0.0,,,0.0,0.0,0.0,REQ,,,,,0.0,0.0,0.0,0
367787,0.0,0.0,0.0,0.0,0.0,0.0,udp,0.0,,cs0,,63.0,,1.0,,Status,1,1,0,42,42,0,42.0,0.0,0.0,0.0,0.0,0,0,0,0.0,,,0.0,0.0,0.0,REQ,,,,,0.0,0.0,0.0,0
367842,2.574134,2.574134,2.574134,2.574134,2.574134,2.574134,udp,0.0,,cs0,,63.0,,1.0,,Status,2,2,0,84,84,0,42.0,0.0,130.529327,130.529327,0.0,0,0,0,0.0,,,0.38848,0.38848,0.0,REQ,,,,,0.0,0.0,0.0,0
367856,2.574066,2.574066,2.574066,2.574066,2.574066,2.574066,udp,0.0,,cs0,,63.0,,1.0,,Status,2,2,0,84,84,0,42.0,0.0,130.532791,130.532791,0.0,0,0,0,0.0,,,0.38849,0.38849,0.0,REQ,,,,,0.0,0.0,0.0,0
367932,2.574269,2.574269,2.574269,2.574269,2.574269,2.574269,udp,0.0,,cs0,,63.0,,1.0,,Status,2,2,0,84,84,0,42.0,0.0,130.522491,130.522491,0.0,0,0,0,0.0,,,0.38846,0.38846,0.0,REQ,,,,,0.0,0.0,0.0,0
368006,0.0,0.0,0.0,0.0,0.0,0.0,udp,0.0,,cs0,,63.0,,1.0,,Status,1,1,0,42,42,0,42.0,0.0,0.0,0.0,0.0,0,0,0,0.0,,,0.0,0.0,0.0,REQ,,,,,0.0,0.0,0.0,0
368062,0.0,0.0,0.0,0.0,0.0,0.0,udp,0.0,,cs0,,63.0,,1.0,,Status,1,1,0,42,42,0,42.0,0.0,0.0,0.0,0.0,0,0,0,0.0,,,0.0,0.0,0.0,REQ,,,,,0.0,0.0,0.0,0
368136,2.573056,2.573056,2.573056,2.573056,2.573056,2.573056,udp,0.0,,cs0,,63.0,,1.0,,Status,2,2,0,84,84,0,42.0,0.0,130.584015,130.584015,0.0,0,0,0,0.0,,,0.388643,0.388643,0.0,REQ,,,,,0.0,0.0,0.0,0
368170,2.573889,2.573889,2.573889,2.573889,2.573889,2.573889,udp,0.0,,cs0,,63.0,,1.0,,Status,2,2,0,84,84,0,42.0,0.0,130.541763,130.541763,0.0,0,0,0,0.0,,,0.388517,0.388517,0.0,REQ,,,,,0.0,0.0,0.0,0
368198,2.57237,2.57237,2.57237,2.57237,2.57237,2.57237,udp,0.0,,cs0,,63.0,,1.0,,Status,2,2,0,84,84,0,42.0,0.0,130.618835,130.618835,0.0,0,0,0,0.0,,,0.388747,0.388747,0.0,REQ,,,,,0.0,0.0,0.0,0
368244,2.572752,2.572752,2.572752,2.572752,2.572752,2.572752,udp,0.0,,cs0,,63.0,,1.0,,Status,2,2,0,84,84,0,42.0,0.0,130.599457,130.599457,0.0,0,0,0,0.0,,,0.388689,0.388689,0.0,REQ,,,,,0.0,0.0,0.0,0
368248,2.574679,2.574679,2.574679,2.574679,2.574679,2.574679,udp,0.0,,cs0,,63.0,,1.0,,Status,2,2,0,84,84,0,42.0,0.0,130.501709,130.501709,0.0,0,0,0,0.0,,,0.388398,0.388398,0.0,REQ,,,,,0.0,0.0,0.0,0
368396,2.573278,2.573278,2.573278,2.573278,2.573278,2.573278,udp,0.0,,cs0,,63.0,,1.0,,Start,2,2,0,84,84,0,42.0,0.0,130.572754,130.572754,0.0,0,0,0,0.0,,,0.388609,0.388609,0.0,INT,,,,,0.0,0.0,0.0,0
368446,0.0,0.0,0.0,0.0,0.0,0.0,udp,0.0,,cs0,,63.0,,1.0,,Status,1,1,0,42,42,0,42.0,0.0,0.0,0.0,0.0,0,0,0,0.0,,,0.0,0.0,0.0,REQ,,,,,0.0,0.0,0.0,0
368495,0.0,0.0,0.0,0.0,0.0,0.0,udp,0.0,,cs0,,63.0,,1.0,,Status,1,1,0,42,42,0,42.0,0.0,0.0,0.0,0.0,0,0,0,0.0,,,0.0,0.0,0.0,REQ,,,,,0.0,0.0,0.0,0
368530,0.0,0.0,0.0,0.0,0.0,0.0,udp,0.0,,cs0,,63.0,,1.0,,Status,1,1,0,42,42,0,42.0,0.0,0.0,0.0,0.0,0,0,0,0.0,,,0.0,0.0,0.0,REQ,,,,,0.0,0.0,0.0,0
368541,2.572095,2.572095,2.572095,2.572095,2.572095,2.572095,udp,0.0,,cs0,,63.0,,1.0,,Status,2,2,0,84,84,0,42.0,0.0,130.632812,130.632812,0.0,0,0,0,0.0,,,0.388788,0.388788,0.0,REQ,,,,,0.0,0.0,0.0,0
368550,0.0,0.0,0.0,0.0,0.0,0.0,udp,0.0,,cs0,,63.0,,1.0,,Status,1,1,0,42,42,0,42.0,0.0,0.0,0.0,0.0,0,0,0,0.0,,,0.0,0.0,0.0,REQ,,,,,0.0,0.0,0.0,0
368629,0.0,0.0,0.0,0.0,0.0,0.0,udp,0.0,,cs0,,63.0,,1.0,,Status,1,1,0,42,42,0,42.0,0.0,0.0,0.0,0.0,0,0,0,0.0,,,0.0,0.0,0.0,REQ,,,,,0.0,0.0,0.0,0
368690,0.0,0.0,0.0,0.0,0.0,0.0,udp,0.0,,cs0,,63.0,,1.0,,Status,1,1,0,42,42,0,42.0,0.0,0.0,0.0,0.0,0,0,0,0.0,,,0.0,0.0,0.0,REQ,,,,,0.0,0.0,0.0,0
368709,2.571823,2.571823,2.571823,2.571823,2.571823,2.571823,udp,0.0,,cs0,,63.0,,1.0,,Status,2,2,0,84,84,0,42.0,0.0,130.646637,130.646637,0.0,0,0,0,0.0,,,0.388829,0.388829,0.0,REQ,,,,,0.0,0.0,0.0,0
368768,0.0,0.0,0.0,0.0,0.0,0.0,udp,0.0,,cs0,,63.0,,1.0,,Status,1,1,0,42,42,0,42.0,0.0,0.0,0.0,0.0,0,0,0,0.0,,,0.0,0.0,0.0,REQ,,,,,0.0,0.0,0.0,0
368896,2.573606,2.573606,2.573606,2.573606,2.573606,2.573606,udp,0.0,,cs0,,63.0,,1.0,,Status,2,2,0,84,84,0,42.0,0.0,130.556107,130.556107,0.0,0,0,0,0.0,,,0.38856,0.38856,0.0,REQ,,,,,0.0,0.0,0.0,0
368982,0.0,0.0,0.0,0.0,0.0,0.0,udp,0.0,,cs0,,63.0,,1.0,,Status,1,1,0,42,42,0,42.0,0.0,0.0,0.0,0.0,0,0,0,0.0,,,0.0,0.0,0.0,REQ,,,,,0.0,0.0,0.0,0
369077,0.0,0.0,0.0,0.0,0.0,0.0,udp,0.0,,cs0,,63.0,,1.0,,Status,1,1,0,42,42,0,42.0,0.0,0.0,0.0,0.0,0,0,0,0.0,,,0.0,0.0,0.0,REQ,,,,,0.0,0.0,0.0,0
369113,2.576305,2.576305,2.576305,2.576305,2.576305,2.576305,udp,0.0,,cs0,,63.0,,1.0,,Status,2,2,0,84,84,0,42.0,0.0,130.419342,130.419342,0.0,0,0,0,0.0,,,0.388153,0.388153,0.0,REQ,,,,,0.0,0.0,0.0,0
369121,2.574259,2.574259,2.574259,2.574259,2.574259,2.574259,udp,0.0,,cs0,,63.0,,1.0,,Status,2,2,0,84,84,0,42.0,0.0,130.522995,130.522995,0.0,0,0,0,0.0,,,0.388461,0.388461,0.0,REQ,,,,,0.0,0.0,0.0,0
369155,0.0,0.0,0.0,0.0,0.0,0.0,udp,0.0,,cs0,,63.0,,1.0,,Status,1,1,0,42,42,0,42.0,0.0,0.0,0.0,0.0,0,0,0,0.0,,,0.0,0.0,0.0,REQ,,,,,0.0,0.0,0.0,0
369212,0.0,0.0,0.0,0.0,0.0,0.0,udp,0.0,,cs0,,63.0,,1.0,,Start,1,1,0,42,42,0,42.0,0.0,0.0,0.0,0.0,0,0,0,0.0,,,0.0,0.0,0.0,INT,,,,,0.0,0.0,0.0,0
369213,0.0,0.0,0.0,0.0,0.0,0.0,udp,0.0,,cs0,,63.0,,1.0,,Start,1,1,0,42,42,0,42.0,0.0,0.0,0.0,0.0,0,0,0,0.0,,,0.0,0.0,0.0,INT,,,,,0.0,0.0,0.0,0
369220,2.573157,2.573157,2.573157,2.573157,2.573157,2.573157,udp,0.0,,cs0,,63.0,,1.0,,Start,2,2,0,84,84,0,42.0,0.0,130.578888,130.578888,0.0,0,0,0,0.0,,,0.388628,0.388628,0.0,INT,,,,,0.0,0.0,0.0,0
369223,2.573156,2.573156,2.573156,2.573156,2.573156,2.573156,udp,0.0,,cs0,,63.0,,1.0,,Start,2,2,0,84,84,0,42.0,0.0,130.578934,130.578934,0.0,0,0,0,0.0,,,0.388628,0.388628,0.0,INT,,,,,0.0,0.0,0.0,0
369253,2.573086,2.573086,2.573086,2.573086,2.573086,2.573086,udp,0.0,,cs0,,63.0,,1.0,,Status,2,2,0,84,84,0,42.0,0.0,130.582504,130.582504,0.0,0,0,0,0.0,,,0.388638,0.388638,0.0,REQ,,,,,0.0,0.0,0.0,0
369397,0.0,0.0,0.0,0.0,0.0,0.0,udp,0.0,,cs0,,63.0,,1.0,,Status,1,1,0,42,42,0,42.0,0.0,0.0,0.0,0.0,0,0,0,0.0,,,0.0,0.0,0.0,REQ,,,,,0.0,0.0,0.0,0
369436,0.0,0.0,0.0,0.0,0.0,0.0,udp,0.0,,cs0,,63.0,,1.0,,Status,1,1,0,42,42,0,42.0,0.0,0.0,0.0,0.0,0,0,0,0.0,,,0.0,0.0,0.0,REQ,,,,,0.0,0.0,0.0,0
369437,0.0,0.0,0.0,0.0,0.0,0.0,udp,0.0,,cs0,,63.0,,1.0,,Status,1,1,0,42,42,0,42.0,0.0,0.0,0.0,0.0,0,0,0,0.0,,,0.0,0.0,0.0,REQ,,,,,0.0,0.0,0.0,0
369488,2.572432,2.572432,2.572432,2.572432,2.572432,2.572432,udp,0.0,,cs0,,63.0,,1.0,,Status,2,2,0,84,84,0,42.0,0.0,130.615692,130.615692,0.0,0,0,0,0.0,,,0.388737,0.388737,0.0,REQ,,,,,0.0,0.0,0.0,0
369498,2.568273,2.568273,2.568273,2.568273,2.568273,2.568273,udp,0.0,,cs0,,63.0,,1.0,,Status,2,2,0,84,84,0,42.0,0.0,130.827209,130.827209,0.0,0,0,0,0.0,,,0.389367,0.389367,0.0,REQ,,,,,0.0,0.0,0.0,0
369532,0.0,0.0,0.0,0.0,0.0,0.0,udp,0.0,,cs0,,63.0,,1.0,,Status,1,1,0,42,42,0,42.0,0.0,0.0,0.0,0.0,0,0,0,0.0,,,0.0,0.0,0.0,REQ,,,,,0.0,0.0,0.0,0
369536,0.0,0.0,0.0,0.0,0.0,0.0,udp,0.0,,cs0,,63.0,,1.0,,Status,1,1,0,42,42,0,42.0,0.0,0.0,0.0,0.0,0,0,0,0.0,,,0.0,0.0,0.0,REQ,,,,,0.0,0.0,0.0,0
369538,2.563021,2.563021,2.563021,2.563021,2.563021,2.563021,udp,0.0,,cs0,,63.0,,1.0,,Status,2,2,0,84,84,0,42.0,0.0,131.095306,131.095306,0.0,0,0,0,0.0,,,0.390165,0.390165,0.0,REQ,,,,,0.0,0.0,0.0,0
369581,2.574021,2.574021,2.574021,2.574021,2.574021,2.574021,udp,0.0,,cs0,,63.0,,1.0,,Status,2,2,0,84,84,0,42.0,0.0,130.535065,130.535065,0.0,0,0,0,0.0,,,0.388497,0.388497,0.0,REQ,,,,,0.0,0.0,0.0,0
369770,0.0,0.0,0.0,0.0,0.0,0.0,udp,0.0,,cs0,,63.0,,1.0,,Status,1,1,0,42,42,0,42.0,0.0,0.0,0.0,0.0,0,0,0,0.0,,,0.0,0.0,0.0,REQ,,,,,0.0,0.0,0.0,0
369786,0.0,0.0,0.0,0.0,0.0,0.0,udp,0.0,,cs0,,63.0,,1.0,,Status,1,1,0,42,42,0,42.0,0.0,0.0,0.0,0.0,0,0,0,0.0,,,0.0,0.0,0.0,REQ,,,,,0.0,0.0,0.0,0
369791,0.0,0.0,0.0,0.0,0.0,0.0,udp,0.0,,cs0,,63.0,,1.0,,Status,1,1,0,42,42,0,42.0,0.0,0.0,0.0,0.0,0,0,0,0.0,,,0.0,0.0,0.0,REQ,,,,,0.0,0.0,0.0,0
369795,0.0,0.0,0.0,0.0,0.0,0.0,udp,0.0,,cs0,,63.0,,1.0,,Status,1,1,0,42,42,0,42.0,0.0,0.0,0.0,0.0,0,0,0,0.0,,,0.0,0.0,0.0,REQ,,,,,0.0,0.0,0.0,0
369810,0.0,0.0,0.0,0.0,0.0,0.0,udp,0.0,,cs0,,63.0,,1.0,,Status,1,1,0,42,42,0,42.0,0.0,0.0,0.0,0.0,0,0,0,0.0,,,0.0,0.0,0.0,REQ,,,,,0.0,0.0,0.0,0
369858,2.568892,2.568892,2.568892,2.568892,2.568892,2.568892,udp,0.0,,cs0,,63.0,,1.0,,Status,2,2,0,84,84,0,42.0,0.0,130.795685,130.795685,0.0,0,0,0,0.0,,,0.389273,0.389273,0.0,REQ,,,,,0.0,0.0,0.0,0
369879,2.565196,2.565196,2.565196,2.565196,2.565196,2.565196,udp,0.0,,cs0,,63.0,,1.0,,Status,2,2,0,84,84,0,42.0,0.0,130.984146,130.984146,0.0,0,0,0,0.0,,,0.389834,0.389834,0.0,REQ,,,,,0.0,0.0,0.0,0
369932,0.0,0.0,0.0,0.0,0.0,0.0,udp,0.0,,cs0,,63.0,,1.0,,Status,1,1,0,42,42,0,42.0,0.0,0.0,0.0,0.0,0,0,0,0.0,,,0.0,0.0,0.0,REQ,,,,,0.0,0.0,0.0,0
369951,2.576418,2.576418,2.576418,2.576418,2.576418,2.576418,udp,0.0,,cs0,,63.0,,1.0,,Status,2,2,0,84,84,0,42.0,0.0,130.41362,130.41362,0.0,0,0,0,0.0,,,0.388136,0.388136,0.0,REQ,,,,,0.0,0.0,0.0,0
369971,2.57428,2.57428,2.57428,2.57428,2.57428,2.57428,udp,0.0,,cs0,,63.0,,1.0,,Status,2,2,0,84,84,0,42.0,0.0,130.521927,130.521927,0.0,0,0,0,0.0,,,0.388458,0.388458,0.0,REQ,,,,,0.0,0.0,0.0,0
369998,0.0,0.0,0.0,0.0,0.0,0.0,udp,0.0,,cs0,,63.0,,1.0,,Status,1,1,0,42,42,0,42.0,0.0,0.0,0.0,0.0,0,0,0,0.0,,,0.0,0.0,0.0,REQ,,,,,0.0,0.0,0.0,0
369999,0.0,0.0,0.0,0.0,0.0,0.0,udp,0.0,,cs0,,63.0,,1.0,,Status,1,1,0,42,42,0,42.0,0.0,0.0,0.0,0.0,0,0,0,0.0,,,0.0,0.0,0.0,REQ,,,,,0.0,0.0,0.0,0
370027,0.0,0.0,0.0,0.0,0.0,0.0,udp,0.0,,cs0,,63.0,,1.0,,Status,1,1,0,42,42,0,42.0,0.0,0.0,0.0,0.0,0,0,0,0.0,,,0.0,0.0,0.0,REQ,,,,,0.0,0.0,0.0,0
370042,2.570873,2.570873,2.570873,2.570873,2.570873,2.570873,udp,0.0,,cs0,,63.0,,1.0,,Status,2,2,0,84,84,0,42.0,0.0,130.694901,130.694901,0.0,0,0,0,0.0,,,0.388973,0.388973,0.0,REQ,,,,,0.0,0.0,0.0,0
370055,0.0,0.0,0.0,0.0,0.0,0.0,udp,0.0,,cs0,,63.0,,1.0,,Status,1,1,0,42,42,0,42.0,0.0,0.0,0.0,0.0,0,0,0,0.0,,,0.0,0.0,0.0,REQ,,,,,0.0,0.0,0.0,0
370142,0.0,0.0,0.0,0.0,0.0,0.0,udp,0.0,,cs0,,63.0,,1.0,,Status,1,1,0,42,42,0,42.0,0.0,0.0,0.0,0.0,0,0,0,0.0,,,0.0,0.0,0.0,REQ,,,,,0.0,0.0,0.0,0
370184,2.574747,2.574747,2.574747,2.574747,2.574747,2.574747,udp,0.0,,cs0,,63.0,,1.0,,Status,2,2,0,84,84,0,42.0,0.0,130.49826,130.49826,0.0,0,0,0,0.0,,,0.388388,0.388388,0.0,REQ,,,,,0.0,0.0,0.0,0
370259,2.575992,2.575992,2.575992,2.575992,2.575992,2.575992,udp,0.0,,cs0,,63.0,,1.0,,Status,2,2,0,84,84,0,42.0,0.0,130.435181,130.435181,0.0,0,0,0,0.0,,,0.3882,0.3882,0.0,REQ,,,,,0.0,0.0,0.0,0
370268,0.0,0.0,0.0,0.0,0.0,0.0,udp,0.0,,cs0,,63.0,,1.0,,Status,1,1,0,42,42,0,42.0,0.0,0.0,0.0,0.0,0,0,0,0.0,,,0.0,0.0,0.0,REQ,,,,,0.0,0.0,0.0,0
370272,0.0,0.0,0.0,0.0,0.0,0.0,udp,0.0,,cs0,,63.0,,1.0,,Status,1,1,0,42,42,0,42.0,0.0,0.0,0.0,0.0,0,0,0,0.0,,,0.0,0.0,0.0,REQ,,,,,0.0,0.0,0.0,0
370308,2.575872,2.575872,2.575872,2.575872,2.575872,2.575872,udp,0.0,,cs0,,63.0,,1.0,,Status,2,2,0,84,84,0,42.0,0.0,130.441269,130.441269,0.0,0,0,0,0.0,,,0.388218,0.388218,0.0,REQ,,,,,0.0,0.0,0.0,0
370340,2.57341,2.57341,2.57341,2.57341,2.57341,2.57341,udp,0.0,,cs0,,63.0,,1.0,,Status,2,2,0,84,84,0,42.0,0.0,130.566055,130.566055,0.0,0,0,0,0.0,,,0.388589,0.388589,0.0,REQ,,,,,0.0,0.0,0.0,0
370350,2.570072,2.570072,2.570072,2.570072,2.570072,2.570072,udp,0.0,,cs0,,63.0,,1.0,,Status,2,2,0,84,84,0,42.0,0.0,130.735641,130.735641,0.0,0,0,0,0.0,,,0.389094,0.389094,0.0,REQ,,,,,0.0,0.0,0.0,0
370397,2.575659,2.575659,2.575659,2.575659,2.575659,2.575659,udp,0.0,,cs0,,63.0,,1.0,,Status,2,2,0,84,84,0,42.0,0.0,130.452057,130.452057,0.0,0,0,0,0.0,,,0.38825,0.38825,0.0,REQ,,,,,0.0,0.0,0.0,0
370408,2.57568,2.57568,2.57568,2.57568,2.57568,2.57568,udp,0.0,,cs0,,63.0,,1.0,,Status,2,2,0,84,84,0,42.0,0.0,130.450989,130.450989,0.0,0,0,0,0.0,,,0.388247,0.388247,0.0,REQ,,,,,0.0,0.0,0.0,0
370437,0.0,0.0,0.0,0.0,0.0,0.0,udp,0.0,,cs0,,63.0,,1.0,,Status,1,1,0,42,42,0,42.0,0.0,0.0,0.0,0.0,0,0,0,0.0,,,0.0,0.0,0.0,REQ,,,,,0.0,0.0,0.0,0
370451,2.577282,2.577282,2.577282,2.577282,2.577282,2.577282,udp,0.0,,cs0,,63.0,,1.0,,Status,2,2,0,84,84,0,42.0,0.0,130.369904,130.369904,0.0,0,0,0,0.0,,,0.388006,0.388006,0.0,REQ,,,,,0.0,0.0,0.0,0
370453,2.576284,2.576284,2.576284,2.576284,2.576284,2.576284,udp,0.0,,cs0,,63.0,,1.0,,Status,2,2,0,84,84,0,42.0,0.0,130.42041,130.42041,0.0,0,0,0,0.0,,,0.388156,0.388156,0.0,REQ,,,,,0.0,0.0,0.0,0
370470,0.0,0.0,0.0,0.0,0.0,0.0,udp,0.0,,cs0,,63.0,,1.0,,Status,1,1,0,42,42,0,42.0,0.0,0.0,0.0,0.0,0,0,0,0.0,,,0.0,0.0,0.0,REQ,,,,,0.0,0.0,0.0,0
370526,2.57341,2.57341,2.57341,2.57341,2.57341,2.57341,udp,0.0,,cs0,,63.0,,1.0,,Status,2,2,0,84,84,0,42.0,0.0,130.566055,130.566055,0.0,0,0,0,0.0,,,0.388589,0.388589,0.0,REQ,,,,,0.0,0.0,0.0,0
370569,0.0,0.0,0.0,0.0,0.0,0.0,udp,0.0,,cs0,,63.0,,1.0,,Status,1,1,0,42,42,0,42.0,0.0,0.0,0.0,0.0,0,0,0,0.0,,,0.0,0.0,0.0,REQ,,,,,0.0,0.0,0.0,0
370581,0.0,0.0,0.0,0.0,0.0,0.0,udp,0.0,,cs0,,63.0,,1.0,,Status,1,1,0,42,42,0,42.0,0.0,0.0,0.0,0.0,0,0,0,0.0,,,0.0,0.0,0.0,REQ,,,,,0.0,0.0,0.0,0
370592,0.0,0.0,0.0,0.0,0.0,0.0,udp,0.0,,cs0,,63.0,,1.0,,Status,1,1,0,42,42,0,42.0,0.0,0.0,0.0,0.0,0,0,0,0.0,,,0.0,0.0,0.0,REQ,,,,,0.0,0.0,0.0,0
370648,0.0,0.0,0.0,0.0,0.0,0.0,udp,0.0,,cs0,,63.0,,1.0,,Status,1,1,0,42,42,0,42.0,0.0,0.0,0.0,0.0,0,0,0,0.0,,,0.0,0.0,0.0,REQ,,,,,0.0,0.0,0.0,0
370702,2.578297,2.578297,2.578297,2.578297,2.578297,2.578297,udp,0.0,,cs0,,63.0,,1.0,,Status,2,2,0,84,84,0,42.0,0.0,130.318588,130.318588,0.0,0,0,0,0.0,,,0.387853,0.387853,0.0,REQ,,,,,0.0,0.0,0.0,0
370723,2.577783,2.577783,2.577783,2.577783,2.577783,2.577783,udp,0.0,,cs0,,63.0,,1.0,,Status,2,2,0,84,84,0,42.0,0.0,130.344559,130.344559,0.0,0,0,0,0.0,,,0.38793,0.38793,0.0,REQ,,,,,0.0,0.0,0.0,0
370783,2.583106,2.583106,2.583106,2.583106,2.583106,2.583106,udp,0.0,,cs0,,63.0,,1.0,,Status,2,2,0,84,84,0,42.0,0.0,130.075958,130.075958,0.0,0,0,0,0.0,,,0.387131,0.387131,0.0,REQ,,,,,0.0,0.0,0.0,0
370823,2.579285,2.579285,2.579285,2.579285,2.579285,2.579285,udp,0.0,,cs0,,63.0,,1.0,,Status,2,2,0,84,84,0,42.0,0.0,130.268661,130.268661,0.0,0,0,0,0.0,,,0.387704,0.387704,0.0,REQ,,,,,0.0,0.0,0.0,0
370855,0.0,0.0,0.0,0.0,0.0,0.0,udp,0.0,,cs0,,63.0,,1.0,,Start,1,1,0,42,42,0,42.0,0.0,0.0,0.0,0.0,0,0,0,0.0,,,0.0,0.0,0.0,INT,,,,,0.0,0.0,0.0,0
370925,0.0,0.0,0.0,0.0,0.0,0.0,udp,0.0,,cs0,,63.0,,1.0,,Status,1,1,0,42,42,0,42.0,0.0,0.0,0.0,0.0,0,0,0,0.0,,,0.0,0.0,0.0,REQ,,,,,0.0,0.0,0.0,0
370965,0.0,0.0,0.0,0.0,0.0,0.0,udp,0.0,,cs0,,63.0,,1.0,,Status,1,1,0,42,42,0,42.0,0.0,0.0,0.0,0.0,0,0,0,0.0,,,0.0,0.0,0.0,REQ,,,,,0.0,0.0,0.0,0
371012,2.577089,2.577089,2.577089,2.577089,2.577089,2.577089,udp,0.0,,cs0,,63.0,,1.0,,Status,2,2,0,84,84,0,42.0,0.0,130.379654,130.379654,0.0,0,0,0,0.0,,,0.388035,0.388035,0.0,REQ,,,,,0.0,0.0,0.0,0
371049,2.575215,2.575215,2.575215,2.575215,2.575215,2.575215,udp,0.0,,cs0,,63.0,,1.0,,Status,2,2,0,84,84,0,42.0,0.0,130.474533,130.474533,0.0,0,0,0,0.0,,,0.388317,0.388317,0.0,REQ,,,,,0.0,0.0,0.0,0
371067,0.0,0.0,0.0,0.0,0.0,0.0,udp,0.0,,cs0,,63.0,,1.0,,Status,1,1,0,42,42,0,42.0,0.0,0.0,0.0,0.0,0,0,0,0.0,,,0.0,0.0,0.0,REQ,,,,,0.0,0.0,0.0,0
371088,0.0,0.0,0.0,0.0,0.0,0.0,udp,0.0,,cs0,,63.0,,1.0,,Status,1,1,0,42,42,0,42.0,0.0,0.0,0.0,0.0,0,0,0,0.0,,,0.0,0.0,0.0,REQ,,,,,0.0,0.0,0.0,0
371167,2.577906,2.577906,2.577906,2.577906,2.577906,2.577906,udp,0.0,,cs0,,63.0,,1.0,,Status,2,2,0,84,84,0,42.0,0.0,130.338348,130.338348,0.0,0,0,0,0.0,,,0.387912,0.387912,0.0,REQ,,,,,0.0,0.0,0.0,0
371248,2.578003,2.578003,2.578003,2.578003,2.578003,2.578003,udp,0.0,,cs0,,63.0,,1.0,,Status,2,2,0,84,84,0,42.0,0.0,130.33345,130.33345,0.0,0,0,0,0.0,,,0.387897,0.387897,0.0,REQ,,,,,0.0,0.0,0.0,0
371358,2.575907,2.575907,2.575907,2.575907,2.575907,2.575907,udp,0.0,,cs0,,63.0,,1.0,,Status,2,2,0,84,84,0,42.0,0.0,130.439499,130.439499,0.0,0,0,0,0.0,,,0.388213,0.388213,0.0,REQ,,,,,0.0,0.0,0.0,0
371462,0.0,0.0,0.0,0.0,0.0,0.0,udp,0.0,,cs0,,63.0,,1.0,,Status,1,1,0,42,42,0,42.0,0.0,0.0,0.0,0.0,0,0,0,0.0,,,0.0,0.0,0.0,REQ,,,,,0.0,0.0,0.0,0
371475,0.0,0.0,0.0,0.0,0.0,0.0,udp,0.0,,cs0,,63.0,,1.0,,Status,1,1,0,42,42,0,42.0,0.0,0.0,0.0,0.0,0,0,0,0.0,,,0.0,0.0,0.0,REQ,,,,,0.0,0.0,0.0,0
371481,0.0,0.0,0.0,0.0,0.0,0.0,udp,0.0,,cs0,,63.0,,1.0,,Status,1,1,0,42,42,0,42.0,0.0,0.0,0.0,0.0,0,0,0,0.0,,,0.0,0.0,0.0,REQ,,,,,0.0,0.0,0.0,0
371484,2.580675,2.580675,2.580675,2.580675,2.580675,2.580675,udp,0.0,,cs0,,63.0,,1.0,,Status,2,2,0,84,84,0,42.0,0.0,130.198502,130.198502,0.0,0,0,0,0.0,,,0.387496,0.387496,0.0,REQ,,,,,0.0,0.0,0.0,0
371497,2.57736,2.57736,2.57736,2.57736,2.57736,2.57736,udp,0.0,,cs0,,63.0,,1.0,,Status,2,2,0,84,84,0,42.0,0.0,130.365967,130.365967,0.0,0,0,0,0.0,,,0.387994,0.387994,0.0,REQ,,,,,0.0,0.0,0.0,0
371501,2.57514,2.57514,2.57514,2.57514,2.57514,2.57514,udp,0.0,,cs0,,63.0,,1.0,,Status,2,2,0,84,84,0,42.0,0.0,130.478348,130.478348,0.0,0,0,0,0.0,,,0.388328,0.388328,0.0,REQ,,,,,0.0,0.0,0.0,0
371603,2.578363,2.578363,2.578363,2.578363,2.578363,2.578363,udp,0.0,,cs0,,63.0,,1.0,,Start,2,2,0,84,84,0,42.0,0.0,130.315247,130.315247,0.0,0,0,0,0.0,,,0.387843,0.387843,0.0,INT,,,,,0.0,0.0,0.0,0
371657,2.580787,2.580787,2.580787,2.580787,2.580787,2.580787,udp,0.0,,cs0,,63.0,,1.0,,Status,2,2,0,84,84,0,42.0,0.0,130.192841,130.192841,0.0,0,0,0,0.0,,,0.387479,0.387479,0.0,REQ,,,,,0.0,0.0,0.0,0
371755,0.0,0.0,0.0,0.0,0.0,0.0,udp,0.0,,cs0,,63.0,,1.0,,Status,1,1,0,42,42,0,42.0,0.0,0.0,0.0,0.0,0,0,0,0.0,,,0.0,0.0,0.0,REQ,,,,,0.0,0.0,0.0,0
371767,0.0,0.0,0.0,0.0,0.0,0.0,udp,0.0,,cs0,,63.0,,1.0,,Status,1,1,0,42,42,0,42.0,0.0,0.0,0.0,0.0,0,0,0,0.0,,,0.0,0.0,0.0,REQ,,,,,0.0,0.0,0.0,0
371805,0.0,0.0,0.0,0.0,0.0,0.0,udp,0.0,,cs0,,63.0,,1.0,,Status,1,1,0,42,42,0,42.0,0.0,0.0,0.0,0.0,0,0,0,0.0,,,0.0,0.0,0.0,REQ,,,,,0.0,0.0,0.0,0
371844,0.0,0.0,0.0,0.0,0.0,0.0,udp,0.0,,cs0,,63.0,,1.0,,Status,1,1,0,42,42,0,42.0,0.0,0.0,0.0,0.0,0,0,0,0.0,,,0.0,0.0,0.0,REQ,,,,,0.0,0.0,0.0,0
371859,0.0,0.0,0.0,0.0,0.0,0.0,udp,0.0,,cs0,,63.0,,1.0,,Status,1,1,0,42,42,0,42.0,0.0,0.0,0.0,0.0,0,0,0,0.0,,,0.0,0.0,0.0,REQ,,,,,0.0,0.0,0.0,0
371991,0.0,0.0,0.0,0.0,0.0,0.0,udp,0.0,,cs0,,63.0,,1.0,,Status,1,1,0,42,42,0,42.0,0.0,0.0,0.0,0.0,0,0,0,0.0,,,0.0,0.0,0.0,REQ,,,,,0.0,0.0,0.0,0
372039,0.0,0.0,0.0,0.0,0.0,0.0,udp,0.0,,cs0,,63.0,,1.0,,Status,1,1,0,42,42,0,42.0,0.0,0.0,0.0,0.0,0,0,0,0.0,,,0.0,0.0,0.0,REQ,,,,,0.0,0.0,0.0,0
372057,0.0,0.0,0.0,0.0,0.0,0.0,udp,0.0,,cs0,,63.0,,1.0,,Status,1,1,0,42,42,0,42.0,0.0,0.0,0.0,0.0,0,0,0,0.0,,,0.0,0.0,0.0,REQ,,,,,0.0,0.0,0.0,0
372068,0.0,0.0,0.0,0.0,0.0,0.0,udp,0.0,,cs0,,63.0,,1.0,,Status,1,1,0,42,42,0,42.0,0.0,0.0,0.0,0.0,0,0,0,0.0,,,0.0,0.0,0.0,REQ,,,,,0.0,0.0,0.0,0
372104,2.578899,2.578899,2.578899,2.578899,2.578899,2.578899,udp,0.0,,cs0,,63.0,,1.0,,Status,2,2,0,84,84,0,42.0,0.0,130.288162,130.288162,0.0,0,0,0,0.0,,,0.387762,0.387762,0.0,REQ,,,,,0.0,0.0,0.0,0
372115,0.0,0.0,0.0,0.0,0.0,0.0,udp,0.0,,cs0,,63.0,,1.0,,Status,1,1,0,42,42,0,42.0,0.0,0.0,0.0,0.0,0,0,0,0.0,,,0.0,0.0,0.0,REQ,,,,,0.0,0.0,0.0,0
372138,2.575948,2.575948,2.575948,2.575948,2.575948,2.575948,udp,0.0,,cs0,,63.0,,1.0,,Status,2,2,0,84,84,0,42.0,0.0,130.437408,130.437408,0.0,0,0,0,0.0,,,0.388207,0.388207,0.0,REQ,,,,,0.0,0.0,0.0,0
372168,2.579083,2.579083,2.579083,2.579083,2.579083,2.579083,udp,0.0,,cs0,,63.0,,1.0,,Status,2,2,0,84,84,0,42.0,0.0,130.27887,130.27887,0.0,0,0,0,0.0,,,0.387735,0.387735,0.0,REQ,,,,,0.0,0.0,0.0,0
372405,0.0,0.0,0.0,0.0,0.0,0.0,udp,0.0,,cs0,,63.0,,1.0,,Status,1,1,0,42,42,0,42.0,0.0,0.0,0.0,0.0,0,0,0,0.0,,,0.0,0.0,0.0,REQ,,,,,0.0,0.0,0.0,0
372410,0.0,0.0,0.0,0.0,0.0,0.0,udp,0.0,,cs0,,63.0,,1.0,,Status,1,1,0,42,42,0,42.0,0.0,0.0,0.0,0.0,0,0,0,0.0,,,0.0,0.0,0.0,REQ,,,,,0.0,0.0,0.0,0
372454,0.0,0.0,0.0,0.0,0.0,0.0,udp,0.0,,cs0,,63.0,,1.0,,Status,1,1,0,42,42,0,42.0,0.0,0.0,0.0,0.0,0,0,0,0.0,,,0.0,0.0,0.0,REQ,,,,,0.0,0.0,0.0,0
372518,2.576036,2.576036,2.576036,2.576036,2.576036,2.576036,udp,0.0,,cs0,,63.0,,1.0,,Status,2,2,0,84,84,0,42.0,0.0,130.432968,130.432968,0.0,0,0,0,0.0,,,0.388193,0.388193,0.0,REQ,,,,,0.0,0.0,0.0,0
372538,2.57613,2.57613,2.57613,2.57613,2.57613,2.57613,udp,0.0,,cs0,,63.0,,1.0,,Status,2,2,0,84,84,0,42.0,0.0,130.428207,130.428207,0.0,0,0,0,0.0,,,0.388179,0.388179,0.0,REQ,,,,,0.0,0.0,0.0,0
372545,0.0,0.0,0.0,0.0,0.0,0.0,udp,0.0,,cs0,,63.0,,1.0,,Status,1,1,0,42,42,0,42.0,0.0,0.0,0.0,0.0,0,0,0,0.0,,,0.0,0.0,0.0,REQ,,,,,0.0,0.0,0.0,0
372559,0.0,0.0,0.0,0.0,0.0,0.0,udp,0.0,,cs0,,63.0,,1.0,,Status,1,1,0,42,42,0,42.0,0.0,0.0,0.0,0.0,0,0,0,0.0,,,0.0,0.0,0.0,REQ,,,,,0.0,0.0,0.0,0
372651,2.579912,2.579912,2.579912,2.579912,2.579912,2.579912,udp,0.0,,cs0,,63.0,,1.0,,Status,2,2,0,84,84,0,42.0,0.0,130.237,130.237,0.0,0,0,0,0.0,,,0.38761,0.38761,0.0,REQ,,,,,0.0,0.0,0.0,0
372681,2.579787,2.579787,2.579787,2.579787,2.579787,2.579787,udp,0.0,,cs0,,63.0,,1.0,,Status,2,2,0,84,84,0,42.0,0.0,130.243317,130.243317,0.0,0,0,0,0.0,,,0.387629,0.387629,0.0,REQ,,,,,0.0,0.0,0.0,0
372686,0.0,0.0,0.0,0.0,0.0,0.0,udp,0.0,,cs0,,63.0,,1.0,,Status,1,1,0,42,42,0,42.0,0.0,0.0,0.0,0.0,0,0,0,0.0,,,0.0,0.0,0.0,REQ,,,,,0.0,0.0,0.0,0
372767,2.577888,2.577888,2.577888,2.577888,2.577888,2.577888,udp,0.0,,cs0,,63.0,,1.0,,Status,2,2,0,84,84,0,42.0,0.0,130.339249,130.339249,0.0,0,0,0,0.0,,,0.387914,0.387914,0.0,REQ,,,,,0.0,0.0,0.0,0
372798,0.0,0.0,0.0,0.0,0.0,0.0,udp,0.0,,cs0,,63.0,,1.0,,Status,1,1,0,42,42,0,42.0,0.0,0.0,0.0,0.0,0,0,0,0.0,,,0.0,0.0,0.0,REQ,,,,,0.0,0.0,0.0,0
372851,2.579942,2.579942,2.579942,2.579942,2.579942,2.579942,udp,0.0,,cs0,,63.0,,1.0,,Status,2,2,0,84,84,0,42.0,0.0,130.235489,130.235489,0.0,0,0,0,0.0,,,0.387606,0.387606,0.0,REQ,,,,,0.0,0.0,0.0,0
372883,2.576367,2.576367,2.576367,2.576367,2.576367,2.576367,udp,0.0,,cs0,,63.0,,1.0,,Status,2,2,0,84,84,0,42.0,0.0,130.416214,130.416214,0.0,0,0,0,0.0,,,0.388143,0.388143,0.0,REQ,,,,,0.0,0.0,0.0,0
372888,2.579778,2.579778,2.579778,2.579778,2.579778,2.579778,udp,0.0,,cs0,,63.0,,1.0,,Status,2,2,0,84,84,0,42.0,0.0,130.243774,130.243774,0.0,0,0,0,0.0,,,0.38763,0.38763,0.0,REQ,,,,,0.0,0.0,0.0,0
373106,0.0,0.0,0.0,0.0,0.0,0.0,udp,0.0,,cs0,,63.0,,1.0,,Status,1,1,0,42,42,0,42.0,0.0,0.0,0.0,0.0,0,0,0,0.0,,,0.0,0.0,0.0,REQ,,,,,0.0,0.0,0.0,0
373138,2.573153,2.573153,2.573153,2.573153,2.573153,2.573153,udp,0.0,,cs0,,63.0,,1.0,,Status,2,2,0,84,84,0,42.0,0.0,130.579102,130.579102,0.0,0,0,0,0.0,,,0.388628,0.388628,0.0,REQ,,,,,0.0,0.0,0.0,0
373144,2.574778,2.574778,2.574778,2.574778,2.574778,2.574778,udp,0.0,,cs0,,63.0,,1.0,,Status,2,2,0,84,84,0,42.0,0.0,130.496689,130.496689,0.0,0,0,0,0.0,,,0.388383,0.388383,0.0,REQ,,,,,0.0,0.0,0.0,0
373187,0.0,0.0,0.0,0.0,0.0,0.0,udp,0.0,,cs0,,63.0,,1.0,,Status,1,1,0,42,42,0,42.0,0.0,0.0,0.0,0.0,0,0,0,0.0,,,0.0,0.0,0.0,REQ,,,,,0.0,0.0,0.0,0
373193,0.0,0.0,0.0,0.0,0.0,0.0,udp,0.0,,cs0,,63.0,,1.0,,Status,1,1,0,42,42,0,42.0,0.0,0.0,0.0,0.0,0,0,0,0.0,,,0.0,0.0,0.0,REQ,,,,,0.0,0.0,0.0,0
373208,0.0,0.0,0.0,0.0,0.0,0.0,udp,0.0,,cs0,,63.0,,1.0,,Status,1,1,0,42,42,0,42.0,0.0,0.0,0.0,0.0,0,0,0,0.0,,,0.0,0.0,0.0,REQ,,,,,0.0,0.0,0.0,0
373219,0.0,0.0,0.0,0.0,0.0,0.0,udp,0.0,,cs0,,63.0,,1.0,,Status,1,1,0,42,42,0,42.0,0.0,0.0,0.0,0.0,0,0,0,0.0,,,0.0,0.0,0.0,REQ,,,,,0.0,0.0,0.0,0
373226,0.0,0.0,0.0,0.0,0.0,0.0,udp,0.0,,cs0,,63.0,,1.0,,Status,1,1,0,42,42,0,42.0,0.0,0.0,0.0,0.0,0,0,0,0.0,,,0.0,0.0,0.0,REQ,,,,,0.0,0.0,0.0,0
373251,0.0,0.0,0.0,0.0,0.0,0.0,udp,0.0,,cs0,,63.0,,1.0,,Status,1,1,0,42,42,0,42.0,0.0,0.0,0.0,0.0,0,0,0,0.0,,,0.0,0.0,0.0,REQ,,,,,0.0,0.0,0.0,0
373594,2.578027,2.578027,2.578027,2.578027,2.578027,2.578027,udp,0.0,,cs0,,63.0,,1.0,,Status,2,2,0,84,84,0,42.0,0.0,130.33223,130.33223,0.0,0,0,0,0.0,,,0.387894,0.387894,0.0,REQ,,,,,0.0,0.0,0.0,0
373675,0.0,0.0,0.0,0.0,0.0,0.0,udp,0.0,,cs0,,63.0,,1.0,,Status,1,1,0,42,42,0,42.0,0.0,0.0,0.0,0.0,0,0,0,0.0,,,0.0,0.0,0.0,REQ,,,,,0.0,0.0,0.0,0
373701,2.575212,2.575212,2.575212,2.575212,2.575212,2.575212,udp,0.0,,cs0,,63.0,,1.0,,Start,2,2,0,84,84,0,42.0,0.0,130.474701,130.474701,0.0,0,0,0,0.0,,,0.388318,0.388318,0.0,INT,,,,,0.0,0.0,0.0,0
373719,2.580799,2.580799,2.580799,2.580799,2.580799,2.580799,udp,0.0,,cs0,,63.0,,1.0,,Status,2,2,0,84,84,0,42.0,0.0,130.19223,130.19223,0.0,0,0,0,0.0,,,0.387477,0.387477,0.0,REQ,,,,,0.0,0.0,0.0,0
373987,2.579789,2.579789,2.579789,2.579789,2.579789,2.579789,udp,0.0,,cs0,,63.0,,1.0,,Status,2,2,0,84,84,0,42.0,0.0,130.24321,130.24321,0.0,0,0,0,0.0,,,0.387629,0.387629,0.0,REQ,,,,,0.0,0.0,0.0,0
374057,0.0,0.0,0.0,0.0,0.0,0.0,udp,0.0,,cs0,,63.0,,1.0,,Status,1,1,0,42,42,0,42.0,0.0,0.0,0.0,0.0,0,0,0,0.0,,,0.0,0.0,0.0,REQ,,,,,0.0,0.0,0.0,0
374228,0.0,0.0,0.0,0.0,0.0,0.0,udp,0.0,,cs0,,63.0,,1.0,,Status,1,1,0,42,42,0,42.0,0.0,0.0,0.0,0.0,0,0,0,0.0,,,0.0,0.0,0.0,REQ,,,,,0.0,0.0,0.0,0
374270,2.577423,2.577423,2.577423,2.577423,2.577423,2.577423,udp,0.0,,cs0,,63.0,,1.0,,Status,2,2,0,84,84,0,42.0,0.0,130.362762,130.362762,0.0,0,0,0,0.0,,,0.387984,0.387984,0.0,REQ,,,,,0.0,0.0,0.0,0
374311,0.0,0.0,0.0,0.0,0.0,0.0,udp,0.0,,cs0,,63.0,,1.0,,Status,1,1,0,42,42,0,42.0,0.0,0.0,0.0,0.0,0,0,0,0.0,,,0.0,0.0,0.0,REQ,,,,,0.0,0.0,0.0,0
374332,2.579548,2.579548,2.579548,2.579548,2.579548,2.579548,udp,0.0,,cs0,,63.0,,1.0,,Status,2,2,0,84,84,0,42.0,0.0,130.255386,130.255386,0.0,0,0,0,0.0,,,0.387665,0.387665,0.0,REQ,,,,,0.0,0.0,0.0,0
374367,0.0,0.0,0.0,0.0,0.0,0.0,udp,0.0,,cs0,,63.0,,1.0,,Status,1,1,0,42,42,0,42.0,0.0,0.0,0.0,0.0,0,0,0,0.0,,,0.0,0.0,0.0,REQ,,,,,0.0,0.0,0.0,0
374381,2.583083,2.583083,2.583083,2.583083,2.583083,2.583083,udp,0.0,,cs0,,63.0,,1.0,,Status,2,2,0,84,84,0,42.0,0.0,130.077118,130.077118,0.0,0,0,0,0.0,,,0.387134,0.387134,0.0,REQ,,,,,0.0,0.0,0.0,0
374388,2.581402,2.581402,2.581402,2.581402,2.581402,2.581402,udp,0.0,,cs0,,63.0,,1.0,,Status,2,2,0,84,84,0,42.0,0.0,130.161819,130.161819,0.0,0,0,0,0.0,,,0.387386,0.387386,0.0,REQ,,,,,0.0,0.0,0.0,0
374507,0.0,0.0,0.0,0.0,0.0,0.0,udp,0.0,,cs0,,63.0,,1.0,,Status,1,1,0,42,42,0,42.0,0.0,0.0,0.0,0.0,0,0,0,0.0,,,0.0,0.0,0.0,REQ,,,,,0.0,0.0,0.0,0
374508,0.0,0.0,0.0,0.0,0.0,0.0,udp,0.0,,cs0,,63.0,,1.0,,Status,1,1,0,42,42,0,42.0,0.0,0.0,0.0,0.0,0,0,0,0.0,,,0.0,0.0,0.0,REQ,,,,,0.0,0.0,0.0,0
374590,2.580098,2.580098,2.580098,2.580098,2.580098,2.580098,udp,0.0,,cs0,,63.0,,1.0,,Start,2,2,0,84,84,0,42.0,0.0,130.227615,130.227615,0.0,0,0,0,0.0,,,0.387582,0.387582,0.0,INT,,,,,0.0,0.0,0.0,0
374724,2.577341,2.577341,2.577341,2.577341,2.577341,2.577341,udp,0.0,,cs0,,63.0,,1.0,,Start,2,2,0,84,84,0,42.0,0.0,130.366913,130.366913,0.0,0,0,0,0.0,,,0.387997,0.387997,0.0,INT,,,,,0.0,0.0,0.0,0
374753,0.0,0.0,0.0,0.0,0.0,0.0,udp,0.0,,cs0,,63.0,,1.0,,Status,1,1,0,42,42,0,42.0,0.0,0.0,0.0,0.0,0,0,0,0.0,,,0.0,0.0,0.0,REQ,,,,,0.0,0.0,0.0,0
374779,0.0,0.0,0.0,0.0,0.0,0.0,udp,0.0,,cs0,,63.0,,1.0,,Status,1,1,0,42,42,0,42.0,0.0,0.0,0.0,0.0,0,0,0,0.0,,,0.0,0.0,0.0,REQ,,,,,0.0,0.0,0.0,0
374851,2.578364,2.578364,2.578364,2.578364,2.578364,2.578364,udp,0.0,,cs0,,63.0,,1.0,,Status,2,2,0,84,84,0,42.0,0.0,130.315201,130.315201,0.0,0,0,0,0.0,,,0.387843,0.387843,0.0,REQ,,,,,0.0,0.0,0.0,0
374956,2.577204,2.577204,2.577204,2.577204,2.577204,2.577204,udp,0.0,,cs0,,63.0,,1.0,,Status,2,2,0,84,84,0,42.0,0.0,130.37384,130.37384,0.0,0,0,0,0.0,,,0.388017,0.388017,0.0,REQ,,,,,0.0,0.0,0.0,0
374982,2.57722,2.57722,2.57722,2.57722,2.57722,2.57722,udp,0.0,,cs0,,63.0,,1.0,,Status,2,2,0,84,84,0,42.0,0.0,130.373047,130.373047,0.0,0,0,0,0.0,,,0.388015,0.388015,0.0,REQ,,,,,0.0,0.0,0.0,0
375026,2.577117,2.577117,2.577117,2.577117,2.577117,2.577117,udp,0.0,,cs0,,63.0,,1.0,,Status,2,2,0,84,84,0,42.0,0.0,130.37825,130.37825,0.0,0,0,0,0.0,,,0.38803,0.38803,0.0,REQ,,,,,0.0,0.0,0.0,0
375047,2.574435,2.574435,2.574435,2.574435,2.574435,2.574435,udp,0.0,,cs0,,63.0,,1.0,,Status,2,2,0,84,84,0,42.0,0.0,130.514069,130.514069,0.0,0,0,0,0.0,,,0.388435,0.388435,0.0,REQ,,,,,0.0,0.0,0.0,0
375090,2.576126,2.576126,2.576126,2.576126,2.576126,2.576126,udp,0.0,,cs0,,63.0,,1.0,,Status,2,2,0,84,84,0,42.0,0.0,130.428391,130.428391,0.0,0,0,0,0.0,,,0.38818,0.38818,0.0,REQ,,,,,0.0,0.0,0.0,0
375249,2.577895,2.577895,2.577895,2.577895,2.577895,2.577895,udp,0.0,,cs0,,63.0,,1.0,,Status,2,2,0,84,84,0,42.0,0.0,130.338898,130.338898,0.0,0,0,0,0.0,,,0.387913,0.387913,0.0,REQ,,,,,0.0,0.0,0.0,0
375290,0.0,0.0,0.0,0.0,0.0,0.0,udp,0.0,,cs0,,63.0,,1.0,,Status,1,1,0,42,42,0,42.0,0.0,0.0,0.0,0.0,0,0,0,0.0,,,0.0,0.0,0.0,REQ,,,,,0.0,0.0,0.0,0
375362,0.0,0.0,0.0,0.0,0.0,0.0,udp,0.0,,cs0,,63.0,,1.0,,Status,1,1,0,42,42,0,42.0,0.0,0.0,0.0,0.0,0,0,0,0.0,,,0.0,0.0,0.0,REQ,,,,,0.0,0.0,0.0,0
375391,2.581766,2.581766,2.581766,2.581766,2.581766,2.581766,udp,0.0,,cs0,,63.0,,1.0,,Status,2,2,0,84,84,0,42.0,0.0,130.143478,130.143478,0.0,0,0,0,0.0,,,0.387332,0.387332,0.0,REQ,,,,,0.0,0.0,0.0,0
375530,0.0,0.0,0.0,0.0,0.0,0.0,udp,0.0,,cs0,,63.0,,1.0,,Status,1,1,0,42,42,0,42.0,0.0,0.0,0.0,0.0,0,0,0,0.0,,,0.0,0.0,0.0,REQ,,,,,0.0,0.0,0.0,0
375533,2.574182,2.574182,2.574182,2.574182,2.574182,2.574182,udp,0.0,,cs0,,63.0,,1.0,,Status,2,2,0,84,84,0,42.0,0.0,130.526901,130.526901,0.0,0,0,0,0.0,,,0.388473,0.388473,0.0,REQ,,,,,0.0,0.0,0.0,0
375563,0.0,0.0,0.0,0.0,0.0,0.0,udp,0.0,,cs0,,63.0,,1.0,,Status,1,1,0,42,42,0,42.0,0.0,0.0,0.0,0.0,0,0,0,0.0,,,0.0,0.0,0.0,REQ,,,,,0.0,0.0,0.0,0
375672,0.0,0.0,0.0,0.0,0.0,0.0,udp,0.0,,cs0,,63.0,,1.0,,Status,1,1,0,42,42,0,42.0,0.0,0.0,0.0,0.0,0,0,0,0.0,,,0.0,0.0,0.0,REQ,,,,,0.0,0.0,0.0,0
375686,2.582035,2.582035,2.582035,2.582035,2.582035,2.582035,udp,0.0,,cs0,,63.0,,1.0,,Status,2,2,0,84,84,0,42.0,0.0,130.129913,130.129913,0.0,0,0,0,0.0,,,0.387291,0.387291,0.0,REQ,,,,,0.0,0.0,0.0,0
375687,2.582035,2.582035,2.582035,2.582035,2.582035,2.582035,udp,0.0,,cs0,,63.0,,1.0,,Status,2,2,0,84,84,0,42.0,0.0,130.129913,130.129913,0.0,0,0,0,0.0,,,0.387291,0.387291,0.0,REQ,,,,,0.0,0.0,0.0,0
375721,0.0,0.0,0.0,0.0,0.0,0.0,udp,0.0,,cs0,,63.0,,1.0,,Status,1,1,0,42,42,0,42.0,0.0,0.0,0.0,0.0,0,0,0,0.0,,,0.0,0.0,0.0,REQ,,,,,0.0,0.0,0.0,0
375724,0.0,0.0,0.0,0.0,0.0,0.0,udp,0.0,,cs0,,63.0,,1.0,,Status,1,1,0,42,42,0,42.0,0.0,0.0,0.0,0.0,0,0,0,0.0,,,0.0,0.0,0.0,REQ,,,,,0.0,0.0,0.0,0
375741,2.576161,2.576161,2.576161,2.576161,2.576161,2.576161,udp,0.0,,cs0,,63.0,,1.0,,Status,2,2,0,84,84,0,42.0,0.0,130.426636,130.426636,0.0,0,0,0,0.0,,,0.388175,0.388175,0.0,REQ,,,,,0.0,0.0,0.0,0
375775,2.578083,2.578083,2.578083,2.578083,2.578083,2.578083,udp,0.0,,cs0,,63.0,,1.0,,Status,2,2,0,84,84,0,42.0,0.0,130.329391,130.329391,0.0,0,0,0,0.0,,,0.387885,0.387885,0.0,REQ,,,,,0.0,0.0,0.0,0
375862,0.0,0.0,0.0,0.0,0.0,0.0,udp,0.0,,cs0,,63.0,,1.0,,Start,1,1,0,42,42,0,42.0,0.0,0.0,0.0,0.0,0,0,0,0.0,,,0.0,0.0,0.0,INT,,,,,0.0,0.0,0.0,0
375991,0.0,0.0,0.0,0.0,0.0,0.0,udp,0.0,,cs0,,63.0,,1.0,,Status,1,1,0,42,42,0,42.0,0.0,0.0,0.0,0.0,0,0,0,0.0,,,0.0,0.0,0.0,REQ,,,,,0.0,0.0,0.0,0
376010,2.579194,2.579194,2.579194,2.579194,2.579194,2.579194,udp,0.0,,cs0,,63.0,,1.0,,Status,2,2,0,84,84,0,42.0,0.0,130.273254,130.273254,0.0,0,0,0,0.0,,,0.387718,0.387718,0.0,REQ,,,,,0.0,0.0,0.0,0
376011,2.579194,2.579194,2.579194,2.579194,2.579194,2.579194,udp,0.0,,cs0,,63.0,,1.0,,Status,2,2,0,84,84,0,42.0,0.0,130.273254,130.273254,0.0,0,0,0,0.0,,,0.387718,0.387718,0.0,REQ,,,,,0.0,0.0,0.0,0
376125,0.0,0.0,0.0,0.0,0.0,0.0,udp,0.0,,cs0,,63.0,,1.0,,Status,1,1,0,42,42,0,42.0,0.0,0.0,0.0,0.0,0,0,0,0.0,,,0.0,0.0,0.0,REQ,,,,,0.0,0.0,0.0,0
376131,0.0,0.0,0.0,0.0,0.0,0.0,udp,0.0,,cs0,,63.0,,1.0,,Status,1,1,0,42,42,0,42.0,0.0,0.0,0.0,0.0,0,0,0,0.0,,,0.0,0.0,0.0,REQ,,,,,0.0,0.0,0.0,0
376135,0.0,0.0,0.0,0.0,0.0,0.0,udp,0.0,,cs0,,63.0,,1.0,,Status,1,1,0,42,42,0,42.0,0.0,0.0,0.0,0.0,0,0,0,0.0,,,0.0,0.0,0.0,REQ,,,,,0.0,0.0,0.0,0
376184,0.0,0.0,0.0,0.0,0.0,0.0,udp,0.0,,cs0,,63.0,,1.0,,Status,1,1,0,42,42,0,42.0,0.0,0.0,0.0,0.0,0,0,0,0.0,,,0.0,0.0,0.0,REQ,,,,,0.0,0.0,0.0,0
376212,2.580685,2.580685,2.580685,2.580685,2.580685,2.580685,udp,0.0,,cs0,,63.0,,1.0,,Status,2,2,0,84,84,0,42.0,0.0,130.197998,130.197998,0.0,0,0,0,0.0,,,0.387494,0.387494,0.0,REQ,,,,,0.0,0.0,0.0,0
376323,0.0,0.0,0.0,0.0,0.0,0.0,udp,0.0,,cs0,,63.0,,1.0,,Status,1,1,0,42,42,0,42.0,0.0,0.0,0.0,0.0,0,0,0,0.0,,,0.0,0.0,0.0,REQ,,,,,0.0,0.0,0.0,0
376392,2.579984,2.579984,2.579984,2.579984,2.579984,2.579984,udp,0.0,,cs0,,63.0,,1.0,,Status,2,2,0,84,84,0,42.0,0.0,130.233368,130.233368,0.0,0,0,0,0.0,,,0.387599,0.387599,0.0,REQ,,,,,0.0,0.0,0.0,0
376416,2.580194,2.580194,2.580194,2.580194,2.580194,2.580194,udp,0.0,,cs0,,63.0,,1.0,,Status,2,2,0,84,84,0,42.0,0.0,130.222763,130.222763,0.0,0,0,0,0.0,,,0.387568,0.387568,0.0,REQ,,,,,0.0,0.0,0.0,0
376550,2.577865,2.577865,2.577865,2.577865,2.577865,2.577865,udp,0.0,,cs0,,63.0,,1.0,,Status,2,2,0,84,84,0,42.0,0.0,130.340424,130.340424,0.0,0,0,0,0.0,,,0.387918,0.387918,0.0,REQ,,,,,0.0,0.0,0.0,0
376650,2.579018,2.579018,2.579018,2.579018,2.579018,2.579018,udp,0.0,,cs0,,63.0,,1.0,,Status,2,2,0,84,84,0,42.0,0.0,130.282135,130.282135,0.0,0,0,0,0.0,,,0.387744,0.387744,0.0,REQ,,,,,0.0,0.0,0.0,0
376665,2.575305,2.575305,2.575305,2.575305,2.575305,2.575305,udp,0.0,,cs0,,63.0,,1.0,,Status,2,2,0,84,84,0,42.0,0.0,130.469986,130.469986,0.0,0,0,0,0.0,,,0.388304,0.388304,0.0,REQ,,,,,0.0,0.0,0.0,0
376727,2.578231,2.578231,2.578231,2.578231,2.578231,2.578231,udp,0.0,,cs0,,63.0,,1.0,,Status,2,2,0,84,84,0,42.0,0.0,130.321915,130.321915,0.0,0,0,0,0.0,,,0.387863,0.387863,0.0,REQ,,,,,0.0,0.0,0.0,0
376742,2.572393,2.572393,2.572393,2.572393,2.572393,2.572393,udp,0.0,,cs0,,63.0,,1.0,,Status,2,2,0,84,84,0,42.0,0.0,130.617676,130.617676,0.0,0,0,0,0.0,,,0.388743,0.388743,0.0,REQ,,,,,0.0,0.0,0.0,0
376744,2.572403,2.572403,2.572403,2.572403,2.572403,2.572403,udp,0.0,,cs0,,63.0,,1.0,,Status,2,2,0,84,84,0,42.0,0.0,130.617172,130.617172,0.0,0,0,0,0.0,,,0.388742,0.388742,0.0,REQ,,,,,0.0,0.0,0.0,0
376760,2.572373,2.572373,2.572373,2.572373,2.572373,2.572373,udp,0.0,,cs0,,63.0,,1.0,,Status,2,2,0,84,84,0,42.0,0.0,130.618698,130.618698,0.0,0,0,0,0.0,,,0.388746,0.388746,0.0,REQ,,,,,0.0,0.0,0.0,0
376819,2.575016,2.575016,2.575016,2.575016,2.575016,2.575016,udp,0.0,,cs0,,63.0,,1.0,,Status,2,2,0,84,84,0,42.0,0.0,130.484619,130.484619,0.0,0,0,0,0.0,,,0.388347,0.388347,0.0,REQ,,,,,0.0,0.0,0.0,0
376827,2.580834,2.580834,2.580834,2.580834,2.580834,2.580834,udp,0.0,,cs0,,63.0,,1.0,,Status,2,2,0,84,84,0,42.0,0.0,130.190475,130.190475,0.0,0,0,0,0.0,,,0.387472,0.387472,0.0,REQ,,,,,0.0,0.0,0.0,0
376846,0.0,0.0,0.0,0.0,0.0,0.0,udp,0.0,,cs0,,63.0,,1.0,,Status,1,1,0,42,42,0,42.0,0.0,0.0,0.0,0.0,0,0,0,0.0,,,0.0,0.0,0.0,REQ,,,,,0.0,0.0,0.0,0
376940,2.577185,2.577185,2.577185,2.577185,2.577185,2.577185,udp,0.0,,cs0,,63.0,,1.0,,Status,2,2,0,84,84,0,42.0,0.0,130.374817,130.374817,0.0,0,0,0,0.0,,,0.38802,0.38802,0.0,REQ,,,,,0.0,0.0,0.0,0
377001,0.0,0.0,0.0,0.0,0.0,0.0,udp,0.0,,cs0,,63.0,,1.0,,Status,1,1,0,42,42,0,42.0,0.0,0.0,0.0,0.0,0,0,0,0.0,,,0.0,0.0,0.0,REQ,,,,,0.0,0.0,0.0,0
377041,2.576505,2.576505,2.576505,2.576505,2.576505,2.576505,udp,0.0,,cs0,,63.0,,1.0,,Status,2,2,0,84,84,0,42.0,0.0,130.409225,130.409225,0.0,0,0,0,0.0,,,0.388123,0.388123,0.0,REQ,,,,,0.0,0.0,0.0,0
377067,0.0,0.0,0.0,0.0,0.0,0.0,udp,0.0,,cs0,,63.0,,1.0,,Status,1,1,0,42,42,0,42.0,0.0,0.0,0.0,0.0,0,0,0,0.0,,,0.0,0.0,0.0,REQ,,,,,0.0,0.0,0.0,0
377080,2.579664,2.579664,2.579664,2.579664,2.579664,2.579664,udp,0.0,,cs0,,63.0,,1.0,,Status,2,2,0,84,84,0,42.0,0.0,130.249527,130.249527,0.0,0,0,0,0.0,,,0.387647,0.387647,0.0,REQ,,,,,0.0,0.0,0.0,0
377094,0.0,0.0,0.0,0.0,0.0,0.0,udp,0.0,,cs0,,63.0,,1.0,,Status,1,1,0,42,42,0,42.0,0.0,0.0,0.0,0.0,0,0,0,0.0,,,0.0,0.0,0.0,REQ,,,,,0.0,0.0,0.0,0
377109,0.0,0.0,0.0,0.0,0.0,0.0,udp,0.0,,cs0,,63.0,,1.0,,Status,1,1,0,42,42,0,42.0,0.0,0.0,0.0,0.0,0,0,0,0.0,,,0.0,0.0,0.0,REQ,,,,,0.0,0.0,0.0,0
377136,2.579864,2.579864,2.579864,2.579864,2.579864,2.579864,udp,0.0,,cs0,,63.0,,1.0,,Status,2,2,0,84,84,0,42.0,0.0,130.239426,130.239426,0.0,0,0,0,0.0,,,0.387617,0.387617,0.0,REQ,,,,,0.0,0.0,0.0,0
377222,2.576072,2.576072,2.576072,2.576072,2.576072,2.576072,udp,0.0,,cs0,,63.0,,1.0,,Status,2,2,0,84,84,0,42.0,0.0,130.431137,130.431137,0.0,0,0,0,0.0,,,0.388188,0.388188,0.0,REQ,,,,,0.0,0.0,0.0,0
377239,2.579042,2.579042,2.579042,2.579042,2.579042,2.579042,udp,0.0,,cs0,,63.0,,1.0,,Status,2,2,0,84,84,0,42.0,0.0,130.28093,130.28093,0.0,0,0,0,0.0,,,0.387741,0.387741,0.0,REQ,,,,,0.0,0.0,0.0,0
377304,0.0,0.0,0.0,0.0,0.0,0.0,udp,0.0,,cs0,,63.0,,1.0,,Status,1,1,0,42,42,0,42.0,0.0,0.0,0.0,0.0,0,0,0,0.0,,,0.0,0.0,0.0,REQ,,,,,0.0,0.0,0.0,0
377395,0.0,0.0,0.0,0.0,0.0,0.0,udp,0.0,,cs0,,63.0,,1.0,,Status,1,1,0,42,42,0,42.0,0.0,0.0,0.0,0.0,0,0,0,0.0,,,0.0,0.0,0.0,REQ,,,,,0.0,0.0,0.0,0
377491,2.578648,2.578648,2.578648,2.578648,2.578648,2.578648,udp,0.0,,cs0,,63.0,,1.0,,Status,2,2,0,84,84,0,42.0,0.0,130.300842,130.300842,0.0,0,0,0,0.0,,,0.3878,0.3878,0.0,REQ,,,,,0.0,0.0,0.0,0
377503,2.579273,2.579273,2.579273,2.579273,2.579273,2.579273,udp,0.0,,cs0,,63.0,,1.0,,Status,2,2,0,84,84,0,42.0,0.0,130.269272,130.269272,0.0,0,0,0,0.0,,,0.387706,0.387706,0.0,REQ,,,,,0.0,0.0,0.0,0
377534,0.0,0.0,0.0,0.0,0.0,0.0,udp,0.0,,cs0,,63.0,,1.0,,Status,1,1,0,42,42,0,42.0,0.0,0.0,0.0,0.0,0,0,0,0.0,,,0.0,0.0,0.0,REQ,,,,,0.0,0.0,0.0,0
377543,0.0,0.0,0.0,0.0,0.0,0.0,udp,0.0,,cs0,,63.0,,1.0,,Status,1,1,0,42,42,0,42.0,0.0,0.0,0.0,0.0,0,0,0,0.0,,,0.0,0.0,0.0,REQ,,,,,0.0,0.0,0.0,0
377554,2.578635,2.578635,2.578635,2.578635,2.578635,2.578635,udp,0.0,,cs0,,63.0,,1.0,,Status,2,2,0,84,84,0,42.0,0.0,130.301498,130.301498,0.0,0,0,0,0.0,,,0.387802,0.387802,0.0,REQ,,,,,0.0,0.0,0.0,0
377560,2.576536,2.576536,2.576536,2.576536,2.576536,2.576536,udp,0.0,,cs0,,63.0,,1.0,,Status,2,2,0,84,84,0,42.0,0.0,130.407654,130.407654,0.0,0,0,0,0.0,,,0.388118,0.388118,0.0,REQ,,,,,0.0,0.0,0.0,0
377562,2.575536,2.575536,2.575536,2.575536,2.575536,2.575536,udp,0.0,,cs0,,63.0,,1.0,,Status,2,2,0,84,84,0,42.0,0.0,130.458282,130.458282,0.0,0,0,0,0.0,,,0.388269,0.388269,0.0,REQ,,,,,0.0,0.0,0.0,0
377607,0.0,0.0,0.0,0.0,0.0,0.0,udp,0.0,,cs0,,63.0,,1.0,,Status,1,1,0,42,42,0,42.0,0.0,0.0,0.0,0.0,0,0,0,0.0,,,0.0,0.0,0.0,REQ,,,,,0.0,0.0,0.0,0
377630,0.0,0.0,0.0,0.0,0.0,0.0,udp,0.0,,cs0,,63.0,,1.0,,Status,1,1,0,42,42,0,42.0,0.0,0.0,0.0,0.0,0,0,0,0.0,,,0.0,0.0,0.0,REQ,,,,,0.0,0.0,0.0,0
377669,2.579461,2.579461,2.579461,2.579461,2.579461,2.579461,udp,0.0,,cs0,,63.0,,1.0,,Status,2,2,0,84,84,0,42.0,0.0,130.259766,130.259766,0.0,0,0,0,0.0,,,0.387678,0.387678,0.0,REQ,,,,,0.0,0.0,0.0,0
377683,2.576312,2.576312,2.576312,2.576312,2.576312,2.576312,udp,0.0,,cs0,,63.0,,1.0,,Status,2,2,0,84,84,0,42.0,0.0,130.418976,130.418976,0.0,0,0,0,0.0,,,0.388152,0.388152,0.0,REQ,,,,,0.0,0.0,0.0,0
377813,2.575686,2.575686,2.575686,2.575686,2.575686,2.575686,udp,0.0,,cs0,,63.0,,1.0,,Status,2,2,0,84,84,0,42.0,0.0,130.450684,130.450684,0.0,0,0,0,0.0,,,0.388246,0.388246,0.0,REQ,,,,,0.0,0.0,0.0,0
377864,0.0,0.0,0.0,0.0,0.0,0.0,udp,0.0,,cs0,,63.0,,1.0,,Status,1,1,0,42,42,0,42.0,0.0,0.0,0.0,0.0,0,0,0,0.0,,,0.0,0.0,0.0,REQ,,,,,0.0,0.0,0.0,0
377981,0.0,0.0,0.0,0.0,0.0,0.0,udp,0.0,,cs0,,63.0,,1.0,,Status,1,1,0,42,42,0,42.0,0.0,0.0,0.0,0.0,0,0,0,0.0,,,0.0,0.0,0.0,REQ,,,,,0.0,0.0,0.0,0
378183,0.0,0.0,0.0,0.0,0.0,0.0,udp,0.0,,cs0,,63.0,,1.0,,Status,1,1,0,42,42,0,42.0,0.0,0.0,0.0,0.0,0,0,0,0.0,,,0.0,0.0,0.0,REQ,,,,,0.0,0.0,0.0,0
378198,0.0,0.0,0.0,0.0,0.0,0.0,udp,0.0,,cs0,,63.0,,1.0,,Status,1,1,0,42,42,0,42.0,0.0,0.0,0.0,0.0,0,0,0,0.0,,,0.0,0.0,0.0,REQ,,,,,0.0,0.0,0.0,0
378260,2.577676,2.577676,2.577676,2.577676,2.577676,2.577676,udp,0.0,,cs0,,63.0,,1.0,,Status,2,2,0,84,84,0,42.0,0.0,130.349976,130.349976,0.0,0,0,0,0.0,,,0.387946,0.387946,0.0,REQ,,,,,0.0,0.0,0.0,0
378271,2.57923,2.57923,2.57923,2.57923,2.57923,2.57923,udp,0.0,,cs0,,63.0,,1.0,,Status,2,2,0,84,84,0,42.0,0.0,130.271439,130.271439,0.0,0,0,0,0.0,,,0.387713,0.387713,0.0,REQ,,,,,0.0,0.0,0.0,0
378313,0.0,0.0,0.0,0.0,0.0,0.0,udp,0.0,,cs0,,63.0,,1.0,,Status,1,1,0,42,42,0,42.0,0.0,0.0,0.0,0.0,0,0,0,0.0,,,0.0,0.0,0.0,REQ,,,,,0.0,0.0,0.0,0
378318,0.0,0.0,0.0,0.0,0.0,0.0,udp,0.0,,cs0,,63.0,,1.0,,Status,1,1,0,42,42,0,42.0,0.0,0.0,0.0,0.0,0,0,0,0.0,,,0.0,0.0,0.0,REQ,,,,,0.0,0.0,0.0,0
378342,2.578987,2.578987,2.578987,2.578987,2.578987,2.578987,udp,0.0,,cs0,,63.0,,1.0,,Status,2,2,0,84,84,0,42.0,0.0,130.283722,130.283722,0.0,0,0,0,0.0,,,0.387749,0.387749,0.0,REQ,,,,,0.0,0.0,0.0,0
378350,2.578941,2.578941,2.578941,2.578941,2.578941,2.578941,udp,0.0,,cs0,,63.0,,1.0,,Status,2,2,0,84,84,0,42.0,0.0,130.286026,130.286026,0.0,0,0,0,0.0,,,0.387756,0.387756,0.0,REQ,,,,,0.0,0.0,0.0,0
378378,2.579188,2.579188,2.579188,2.579188,2.579188,2.579188,udp,0.0,,cs0,,63.0,,1.0,,Status,2,2,0,84,84,0,42.0,0.0,130.27356,130.27356,0.0,0,0,0,0.0,,,0.387719,0.387719,0.0,REQ,,,,,0.0,0.0,0.0,0
378468,2.579121,2.579121,2.579121,2.579121,2.579121,2.579121,udp,0.0,,cs0,,63.0,,1.0,,Status,2,2,0,84,84,0,42.0,0.0,130.276932,130.276932,0.0,0,0,0,0.0,,,0.387729,0.387729,0.0,REQ,,,,,0.0,0.0,0.0,0
378519,0.0,0.0,0.0,0.0,0.0,0.0,udp,0.0,,cs0,,63.0,,1.0,,Status,1,1,0,42,42,0,42.0,0.0,0.0,0.0,0.0,0,0,0,0.0,,,0.0,0.0,0.0,REQ,,,,,0.0,0.0,0.0,0
378521,0.0,0.0,0.0,0.0,0.0,0.0,udp,0.0,,cs0,,63.0,,1.0,,Status,1,1,0,42,42,0,42.0,0.0,0.0,0.0,0.0,0,0,0,0.0,,,0.0,0.0,0.0,REQ,,,,,0.0,0.0,0.0,0
378542,2.57885,2.57885,2.57885,2.57885,2.57885,2.57885,udp,0.0,,cs0,,63.0,,1.0,,Status,2,2,0,84,84,0,42.0,0.0,130.290634,130.290634,0.0,0,0,0,0.0,,,0.38777,0.38777,0.0,REQ,,,,,0.0,0.0,0.0,0
378550,0.0,0.0,0.0,0.0,0.0,0.0,udp,0.0,,cs0,,63.0,,1.0,,Status,1,1,0,42,42,0,42.0,0.0,0.0,0.0,0.0,0,0,0,0.0,,,0.0,0.0,0.0,REQ,,,,,0.0,0.0,0.0,0
378597,2.580119,2.580119,2.580119,2.580119,2.580119,2.580119,udp,0.0,,cs0,,63.0,,1.0,,Status,2,2,0,84,84,0,42.0,0.0,130.226562,130.226562,0.0,0,0,0,0.0,,,0.387579,0.387579,0.0,REQ,,,,,0.0,0.0,0.0,0
378665,2.578107,2.578107,2.578107,2.578107,2.578107,2.578107,udp,0.0,,cs0,,63.0,,1.0,,Status,2,2,0,84,84,0,42.0,0.0,130.328171,130.328171,0.0,0,0,0,0.0,,,0.387881,0.387881,0.0,REQ,,,,,0.0,0.0,0.0,0
378669,2.578105,2.578105,2.578105,2.578105,2.578105,2.578105,udp,0.0,,cs0,,63.0,,1.0,,Status,2,2,0,84,84,0,42.0,0.0,130.328278,130.328278,0.0,0,0,0,0.0,,,0.387882,0.387882,0.0,REQ,,,,,0.0,0.0,0.0,0
378700,0.0,0.0,0.0,0.0,0.0,0.0,udp,0.0,,cs0,,63.0,,1.0,,Status,1,1,0,42,42,0,42.0,0.0,0.0,0.0,0.0,0,0,0,0.0,,,0.0,0.0,0.0,REQ,,,,,0.0,0.0,0.0,0
378708,0.0,0.0,0.0,0.0,0.0,0.0,udp,0.0,,cs0,,63.0,,1.0,,Status,1,1,0,42,42,0,42.0,0.0,0.0,0.0,0.0,0,0,0,0.0,,,0.0,0.0,0.0,REQ,,,,,0.0,0.0,0.0,0
378769,2.579559,2.579559,2.579559,2.579559,2.579559,2.579559,udp,0.0,,cs0,,63.0,,1.0,,Status,2,2,0,84,84,0,42.0,0.0,130.254822,130.254822,0.0,0,0,0,0.0,,,0.387663,0.387663,0.0,REQ,,,,,0.0,0.0,0.0,0
378808,2.577236,2.577236,2.577236,2.577236,2.577236,2.577236,udp,0.0,,cs0,,63.0,,1.0,,Status,2,2,0,84,84,0,42.0,0.0,130.372238,130.372238,0.0,0,0,0,0.0,,,0.388013,0.388013,0.0,REQ,,,,,0.0,0.0,0.0,0
378944,2.576336,2.576336,2.576336,2.576336,2.576336,2.576336,udp,0.0,,cs0,,63.0,,1.0,,Status,2,2,0,84,84,0,42.0,0.0,130.41777,130.41777,0.0,0,0,0,0.0,,,0.388148,0.388148,0.0,REQ,,,,,0.0,0.0,0.0,0
379045,2.576155,2.576155,2.576155,2.576155,2.576155,2.576155,udp,0.0,,cs0,,63.0,,1.0,,Status,2,2,0,84,84,0,42.0,0.0,130.426941,130.426941,0.0,0,0,0,0.0,,,0.388175,0.388175,0.0,REQ,,,,,0.0,0.0,0.0,0
379078,0.0,0.0,0.0,0.0,0.0,0.0,udp,0.0,,cs0,,63.0,,1.0,,Status,1,1,0,42,42,0,42.0,0.0,0.0,0.0,0.0,0,0,0,0.0,,,0.0,0.0,0.0,REQ,,,,,0.0,0.0,0.0,0
379099,2.575162,2.575162,2.575162,2.575162,2.575162,2.575162,udp,0.0,,cs0,,63.0,,1.0,,Status,2,2,0,84,84,0,42.0,0.0,130.477234,130.477234,0.0,0,0,0,0.0,,,0.388325,0.388325,0.0,REQ,,,,,0.0,0.0,0.0,0
379123,2.575888,2.575888,2.575888,2.575888,2.575888,2.575888,udp,0.0,,cs0,,63.0,,1.0,,Status,2,2,0,84,84,0,42.0,0.0,130.44046,130.44046,0.0,0,0,0,0.0,,,0.388216,0.388216,0.0,REQ,,,,,0.0,0.0,0.0,0
379148,2.58108,2.58108,2.58108,2.58108,2.58108,2.58108,udp,0.0,,cs0,,63.0,,1.0,,Status,2,2,0,84,84,0,42.0,0.0,130.17807,130.17807,0.0,0,0,0,0.0,,,0.387435,0.387435,0.0,REQ,,,,,0.0,0.0,0.0,0
379155,0.0,0.0,0.0,0.0,0.0,0.0,udp,0.0,,cs0,,63.0,,1.0,,Status,1,1,0,42,42,0,42.0,0.0,0.0,0.0,0.0,0,0,0,0.0,,,0.0,0.0,0.0,REQ,,,,,0.0,0.0,0.0,0
379173,2.577318,2.577318,2.577318,2.577318,2.577318,2.577318,udp,0.0,,cs0,,63.0,,1.0,,Status,2,2,0,84,84,0,42.0,0.0,130.368088,130.368088,0.0,0,0,0,0.0,,,0.388,0.388,0.0,REQ,,,,,0.0,0.0,0.0,0
379176,2.577308,2.577308,2.577308,2.577308,2.577308,2.577308,udp,0.0,,cs0,,63.0,,1.0,,Status,2,2,0,84,84,0,42.0,0.0,130.368591,130.368591,0.0,0,0,0,0.0,,,0.388002,0.388002,0.0,REQ,,,,,0.0,0.0,0.0,0
379390,2.588207,2.588207,2.588207,2.588207,2.588207,2.588207,udp,0.0,,cs0,,63.0,,1.0,,Status,2,2,0,84,84,0,42.0,0.0,129.819595,129.819595,0.0,0,0,0,0.0,,,0.386368,0.386368,0.0,REQ,,,,,0.0,0.0,0.0,0
379434,0.0,0.0,0.0,0.0,0.0,0.0,udp,0.0,,cs0,,63.0,,1.0,,Status,1,1,0,42,42,0,42.0,0.0,0.0,0.0,0.0,0,0,0,0.0,,,0.0,0.0,0.0,REQ,,,,,0.0,0.0,0.0,0
379463,0.0,0.0,0.0,0.0,0.0,0.0,udp,0.0,,cs0,,63.0,,1.0,,Status,1,1,0,42,42,0,42.0,0.0,0.0,0.0,0.0,0,0,0,0.0,,,0.0,0.0,0.0,REQ,,,,,0.0,0.0,0.0,0
379464,0.0,0.0,0.0,0.0,0.0,0.0,udp,0.0,,cs0,,63.0,,1.0,,Status,1,1,0,42,42,0,42.0,0.0,0.0,0.0,0.0,0,0,0,0.0,,,0.0,0.0,0.0,REQ,,,,,0.0,0.0,0.0,0
379486,2.577163,2.577163,2.577163,2.577163,2.577163,2.577163,udp,0.0,,cs0,,63.0,,1.0,,Status,2,2,0,84,84,0,42.0,0.0,130.375916,130.375916,0.0,0,0,0,0.0,,,0.388024,0.388024,0.0,REQ,,,,,0.0,0.0,0.0,0
379513,2.57707,2.57707,2.57707,2.57707,2.57707,2.57707,udp,0.0,,cs0,,63.0,,1.0,,Status,2,2,0,84,84,0,42.0,0.0,130.38063,130.38063,0.0,0,0,0,0.0,,,0.388038,0.388038,0.0,REQ,,,,,0.0,0.0,0.0,0
379530,2.577042,2.577042,2.577042,2.577042,2.577042,2.577042,udp,0.0,,cs0,,63.0,,1.0,,Start,2,2,0,84,84,0,42.0,0.0,130.382034,130.382034,0.0,0,0,0,0.0,,,0.388042,0.388042,0.0,INT,,,,,0.0,0.0,0.0,0
379539,0.0,0.0,0.0,0.0,0.0,0.0,udp,0.0,,cs0,,63.0,,1.0,,Status,1,1,0,42,42,0,42.0,0.0,0.0,0.0,0.0,0,0,0,0.0,,,0.0,0.0,0.0,REQ,,,,,0.0,0.0,0.0,0
379575,0.0,0.0,0.0,0.0,0.0,0.0,udp,0.0,,cs0,,63.0,,1.0,,Status,1,1,0,42,42,0,42.0,0.0,0.0,0.0,0.0,0,0,0,0.0,,,0.0,0.0,0.0,REQ,,,,,0.0,0.0,0.0,0
379589,0.0,0.0,0.0,0.0,0.0,0.0,udp,0.0,,cs0,,63.0,,1.0,,Status,1,1,0,42,42,0,42.0,0.0,0.0,0.0,0.0,0,0,0,0.0,,,0.0,0.0,0.0,REQ,,,,,0.0,0.0,0.0,0
379611,0.0,0.0,0.0,0.0,0.0,0.0,udp,0.0,,cs0,,63.0,,1.0,,Status,1,1,0,42,42,0,42.0,0.0,0.0,0.0,0.0,0,0,0,0.0,,,0.0,0.0,0.0,REQ,,,,,0.0,0.0,0.0,0
379634,2.583121,2.583121,2.583121,2.583121,2.583121,2.583121,udp,0.0,,cs0,,63.0,,1.0,,Status,2,2,0,84,84,0,42.0,0.0,130.075211,130.075211,0.0,0,0,0,0.0,,,0.387129,0.387129,0.0,REQ,,,,,0.0,0.0,0.0,0
379667,2.577179,2.577179,2.577179,2.577179,2.577179,2.577179,udp,0.0,,cs0,,63.0,,1.0,,Status,2,2,0,84,84,0,42.0,0.0,130.375107,130.375107,0.0,0,0,0,0.0,,,0.388021,0.388021,0.0,REQ,,,,,0.0,0.0,0.0,0
379690,0.0,0.0,0.0,0.0,0.0,0.0,udp,0.0,,cs0,,63.0,,1.0,,Status,1,1,0,42,42,0,42.0,0.0,0.0,0.0,0.0,0,0,0,0.0,,,0.0,0.0,0.0,REQ,,,,,0.0,0.0,0.0,0
379708,2.580451,2.580451,2.580451,2.580451,2.580451,2.580451,udp,0.0,,cs0,,63.0,,1.0,,Status,2,2,0,84,84,0,42.0,0.0,130.209793,130.209793,0.0,0,0,0,0.0,,,0.387529,0.387529,0.0,REQ,,,,,0.0,0.0,0.0,0
379723,2.575396,2.575396,2.575396,2.575396,2.575396,2.575396,udp,0.0,,cs0,,63.0,,1.0,,Status,2,2,0,84,84,0,42.0,0.0,130.465363,130.465363,0.0,0,0,0,0.0,,,0.38829,0.38829,0.0,REQ,,,,,0.0,0.0,0.0,0
379819,2.578051,2.578051,2.578051,2.578051,2.578051,2.578051,udp,0.0,,cs0,,63.0,,1.0,,Status,2,2,0,84,84,0,42.0,0.0,130.331009,130.331009,0.0,0,0,0,0.0,,,0.38789,0.38789,0.0,REQ,,,,,0.0,0.0,0.0,0
379840,2.578123,2.578123,2.578123,2.578123,2.578123,2.578123,udp,0.0,,cs0,,63.0,,1.0,,Status,2,2,0,84,84,0,42.0,0.0,130.327362,130.327362,0.0,0,0,0,0.0,,,0.387879,0.387879,0.0,REQ,,,,,0.0,0.0,0.0,0
379859,0.0,0.0,0.0,0.0,0.0,0.0,udp,0.0,,cs0,,63.0,,1.0,,Status,1,1,0,42,42,0,42.0,0.0,0.0,0.0,0.0,0,0,0,0.0,,,0.0,0.0,0.0,REQ,,,,,0.0,0.0,0.0,0
379888,0.0,0.0,0.0,0.0,0.0,0.0,udp,0.0,,cs0,,63.0,,1.0,,Status,1,1,0,42,42,0,42.0,0.0,0.0,0.0,0.0,0,0,0,0.0,,,0.0,0.0,0.0,REQ,,,,,0.0,0.0,0.0,0
379903,0.0,0.0,0.0,0.0,0.0,0.0,udp,0.0,,cs0,,63.0,,1.0,,Status,1,1,0,42,42,0,42.0,0.0,0.0,0.0,0.0,0,0,0,0.0,,,0.0,0.0,0.0,REQ,,,,,0.0,0.0,0.0,0
380018,2.579981,2.579981,2.579981,2.579981,2.579981,2.579981,udp,0.0,,cs0,,63.0,,1.0,,Start,2,2,0,84,84,0,42.0,0.0,130.233505,130.233505,0.0,0,0,0,0.0,,,0.3876,0.3876,0.0,INT,,,,,0.0,0.0,0.0,0
380078,2.579225,2.579225,2.579225,2.579225,2.579225,2.579225,udp,0.0,,cs0,,63.0,,1.0,,Status,2,2,0,84,84,0,42.0,0.0,130.271683,130.271683,0.0,0,0,0,0.0,,,0.387713,0.387713,0.0,REQ,,,,,0.0,0.0,0.0,0
380171,0.0,0.0,0.0,0.0,0.0,0.0,udp,0.0,,cs0,,63.0,,1.0,,Status,1,1,0,42,42,0,42.0,0.0,0.0,0.0,0.0,0,0,0,0.0,,,0.0,0.0,0.0,REQ,,,,,0.0,0.0,0.0,0
380180,2.578273,2.578273,2.578273,2.578273,2.578273,2.578273,udp,0.0,,cs0,,63.0,,1.0,,Status,2,2,0,84,84,0,42.0,0.0,130.319794,130.319794,0.0,0,0,0,0.0,,,0.387857,0.387857,0.0,REQ,,,,,0.0,0.0,0.0,0
380194,2.575208,2.575208,2.575208,2.575208,2.575208,2.575208,udp,0.0,,cs0,,63.0,,1.0,,Status,2,2,0,84,84,0,42.0,0.0,130.474899,130.474899,0.0,0,0,0,0.0,,,0.388318,0.388318,0.0,REQ,,,,,0.0,0.0,0.0,0
380256,2.579464,2.579464,2.579464,2.579464,2.579464,2.579464,udp,0.0,,cs0,,63.0,,1.0,,Status,2,2,0,84,84,0,42.0,0.0,130.259628,130.259628,0.0,0,0,0,0.0,,,0.387677,0.387677,0.0,REQ,,,,,0.0,0.0,0.0,0
380275,0.0,0.0,0.0,0.0,0.0,0.0,udp,0.0,,cs0,,63.0,,1.0,,Status,1,1,0,42,42,0,42.0,0.0,0.0,0.0,0.0,0,0,0,0.0,,,0.0,0.0,0.0,REQ,,,,,0.0,0.0,0.0,0
380289,2.574991,2.574991,2.574991,2.574991,2.574991,2.574991,udp,0.0,,cs0,,63.0,,1.0,,Status,2,2,0,84,84,0,42.0,0.0,130.485901,130.485901,0.0,0,0,0,0.0,,,0.388351,0.388351,0.0,REQ,,,,,0.0,0.0,0.0,0
380341,2.576487,2.576487,2.576487,2.576487,2.576487,2.576487,udp,0.0,,cs0,,63.0,,1.0,,Status,2,2,0,84,84,0,42.0,0.0,130.410126,130.410126,0.0,0,0,0,0.0,,,0.388125,0.388125,0.0,REQ,,,,,0.0,0.0,0.0,0
380394,0.0,0.0,0.0,0.0,0.0,0.0,udp,0.0,,cs0,,63.0,,1.0,,Status,1,1,0,42,42,0,42.0,0.0,0.0,0.0,0.0,0,0,0,0.0,,,0.0,0.0,0.0,REQ,,,,,0.0,0.0,0.0,0
380481,2.580931,2.580931,2.580931,2.580931,2.580931,2.580931,udp,0.0,,cs0,,63.0,,1.0,,Status,2,2,0,84,84,0,42.0,0.0,130.185577,130.185577,0.0,0,0,0,0.0,,,0.387457,0.387457,0.0,REQ,,,,,0.0,0.0,0.0,0
380511,2.582375,2.582375,2.582375,2.582375,2.582375,2.582375,udp,0.0,,cs0,,63.0,,1.0,,Status,2,2,0,84,84,0,42.0,0.0,130.112778,130.112778,0.0,0,0,0,0.0,,,0.38724,0.38724,0.0,REQ,,,,,0.0,0.0,0.0,0
380522,2.579123,2.579123,2.579123,2.579123,2.579123,2.579123,udp,0.0,,cs0,,63.0,,1.0,,Status,2,2,0,84,84,0,42.0,0.0,130.27684,130.27684,0.0,0,0,0,0.0,,,0.387729,0.387729,0.0,REQ,,,,,0.0,0.0,0.0,0
380669,2.579863,2.579863,2.579863,2.579863,2.579863,2.579863,udp,0.0,,cs0,,63.0,,1.0,,Status,2,2,0,84,84,0,42.0,0.0,130.239471,130.239471,0.0,0,0,0,0.0,,,0.387617,0.387617,0.0,REQ,,,,,0.0,0.0,0.0,0
380687,0.0,0.0,0.0,0.0,0.0,0.0,udp,0.0,,cs0,,63.0,,1.0,,Status,1,1,0,42,42,0,42.0,0.0,0.0,0.0,0.0,0,0,0,0.0,,,0.0,0.0,0.0,REQ,,,,,0.0,0.0,0.0,0
380785,2.581526,2.581526,2.581526,2.581526,2.581526,2.581526,udp,0.0,,cs0,,63.0,,1.0,,Status,2,2,0,84,84,0,42.0,0.0,130.155579,130.155579,0.0,0,0,0,0.0,,,0.387368,0.387368,0.0,REQ,,,,,0.0,0.0,0.0,0
380788,2.581532,2.581532,2.581532,2.581532,2.581532,2.581532,udp,0.0,,cs0,,63.0,,1.0,,Status,2,2,0,84,84,0,42.0,0.0,130.155273,130.155273,0.0,0,0,0,0.0,,,0.387367,0.387367,0.0,REQ,,,,,0.0,0.0,0.0,0
380813,2.575008,2.575008,2.575008,2.575008,2.575008,2.575008,udp,0.0,,cs0,,63.0,,1.0,,Status,2,2,0,84,84,0,42.0,0.0,130.485031,130.485031,0.0,0,0,0,0.0,,,0.388348,0.388348,0.0,REQ,,,,,0.0,0.0,0.0,0
380872,2.574179,2.574179,2.574179,2.574179,2.574179,2.574179,udp,0.0,,cs0,,63.0,,1.0,,Status,2,2,0,84,84,0,42.0,0.0,130.527054,130.527054,0.0,0,0,0,0.0,,,0.388473,0.388473,0.0,REQ,,,,,0.0,0.0,0.0,0
380996,2.57887,2.57887,2.57887,2.57887,2.57887,2.57887,udp,0.0,,cs0,,63.0,,1.0,,Status,2,2,0,84,84,0,42.0,0.0,130.289627,130.289627,0.0,0,0,0,0.0,,,0.387767,0.387767,0.0,REQ,,,,,0.0,0.0,0.0,0
380998,2.578862,2.578862,2.578862,2.578862,2.578862,2.578862,udp,0.0,,cs0,,63.0,,1.0,,Status,2,2,0,84,84,0,42.0,0.0,130.290024,130.290024,0.0,0,0,0,0.0,,,0.387768,0.387768,0.0,REQ,,,,,0.0,0.0,0.0,0
381079,0.0,0.0,0.0,0.0,0.0,0.0,udp,0.0,,cs0,,63.0,,1.0,,Status,1,1,0,42,42,0,42.0,0.0,0.0,0.0,0.0,0,0,0,0.0,,,0.0,0.0,0.0,REQ,,,,,0.0,0.0,0.0,0
381085,0.0,0.0,0.0,0.0,0.0,0.0,udp,0.0,,cs0,,63.0,,1.0,,Status,1,1,0,42,42,0,42.0,0.0,0.0,0.0,0.0,0,0,0,0.0,,,0.0,0.0,0.0,REQ,,,,,0.0,0.0,0.0,0
381086,2.57905,2.57905,2.57905,2.57905,2.57905,2.57905,udp,0.0,,cs0,,63.0,,1.0,,Status,2,2,0,84,84,0,42.0,0.0,130.280533,130.280533,0.0,0,0,0,0.0,,,0.38774,0.38774,0.0,REQ,,,,,0.0,0.0,0.0,0
381109,2.57895,2.57895,2.57895,2.57895,2.57895,2.57895,udp,0.0,,cs0,,63.0,,1.0,,Status,2,2,0,84,84,0,42.0,0.0,130.285583,130.285583,0.0,0,0,0,0.0,,,0.387755,0.387755,0.0,REQ,,,,,0.0,0.0,0.0,0
381110,2.57895,2.57895,2.57895,2.57895,2.57895,2.57895,udp,0.0,,cs0,,63.0,,1.0,,Status,2,2,0,84,84,0,42.0,0.0,130.285583,130.285583,0.0,0,0,0,0.0,,,0.387755,0.387755,0.0,REQ,,,,,0.0,0.0,0.0,0
381121,2.578793,2.578793,2.578793,2.578793,2.578793,2.578793,udp,0.0,,cs0,,63.0,,1.0,,Status,2,2,0,84,84,0,42.0,0.0,130.293518,130.293518,0.0,0,0,0,0.0,,,0.387778,0.387778,0.0,REQ,,,,,0.0,0.0,0.0,0
381155,0.0,0.0,0.0,0.0,0.0,0.0,udp,0.0,,cs0,,63.0,,1.0,,Status,1,1,0,42,42,0,42.0,0.0,0.0,0.0,0.0,0,0,0,0.0,,,0.0,0.0,0.0,REQ,,,,,0.0,0.0,0.0,0
381200,2.579003,2.579003,2.579003,2.579003,2.579003,2.579003,udp,0.0,,cs0,,63.0,,1.0,,Status,2,2,0,84,84,0,42.0,0.0,130.282898,130.282898,0.0,0,0,0,0.0,,,0.387747,0.387747,0.0,REQ,,,,,0.0,0.0,0.0,0
381309,2.581807,2.581807,2.581807,2.581807,2.581807,2.581807,udp,0.0,,cs0,,63.0,,1.0,,Status,2,2,0,84,84,0,42.0,0.0,130.141418,130.141418,0.0,0,0,0,0.0,,,0.387326,0.387326,0.0,REQ,,,,,0.0,0.0,0.0,0
381371,0.0,0.0,0.0,0.0,0.0,0.0,udp,0.0,,cs0,,63.0,,1.0,,Status,1,1,0,42,42,0,42.0,0.0,0.0,0.0,0.0,0,0,0,0.0,,,0.0,0.0,0.0,REQ,,,,,0.0,0.0,0.0,0
381408,2.577943,2.577943,2.577943,2.577943,2.577943,2.577943,udp,0.0,,cs0,,63.0,,1.0,,Status,2,2,0,84,84,0,42.0,0.0,130.336472,130.336472,0.0,0,0,0,0.0,,,0.387906,0.387906,0.0,REQ,,,,,0.0,0.0,0.0,0
381414,2.57792,2.57792,2.57792,2.57792,2.57792,2.57792,udp,0.0,,cs0,,63.0,,1.0,,Status,2,2,0,84,84,0,42.0,0.0,130.337631,130.337631,0.0,0,0,0,0.0,,,0.38791,0.38791,0.0,REQ,,,,,0.0,0.0,0.0,0
381428,0.0,0.0,0.0,0.0,0.0,0.0,udp,0.0,,cs0,,63.0,,1.0,,Status,1,1,0,42,42,0,42.0,0.0,0.0,0.0,0.0,0,0,0,0.0,,,0.0,0.0,0.0,REQ,,,,,0.0,0.0,0.0,0
381448,0.0,0.0,0.0,0.0,0.0,0.0,udp,0.0,,cs0,,63.0,,1.0,,Status,1,1,0,42,42,0,42.0,0.0,0.0,0.0,0.0,0,0,0,0.0,,,0.0,0.0,0.0,REQ,,,,,0.0,0.0,0.0,0
381499,0.0,0.0,0.0,0.0,0.0,0.0,udp,0.0,,cs0,,63.0,,1.0,,Status,1,1,0,42,42,0,42.0,0.0,0.0,0.0,0.0,0,0,0,0.0,,,0.0,0.0,0.0,REQ,,,,,0.0,0.0,0.0,0
381509,2.582887,2.582887,2.582887,2.582887,2.582887,2.582887,udp,0.0,,cs0,,63.0,,1.0,,Status,2,2,0,84,84,0,42.0,0.0,130.08699,130.08699,0.0,0,0,0,0.0,,,0.387164,0.387164,0.0,REQ,,,,,0.0,0.0,0.0,0
381516,2.582333,2.582333,2.582333,2.582333,2.582333,2.582333,udp,0.0,,cs0,,63.0,,1.0,,Status,2,2,0,84,84,0,42.0,0.0,130.114899,130.114899,0.0,0,0,0,0.0,,,0.387247,0.387247,0.0,REQ,,,,,0.0,0.0,0.0,0
381518,2.581386,2.581386,2.581386,2.581386,2.581386,2.581386,udp,0.0,,cs0,,63.0,,1.0,,Status,2,2,0,84,84,0,42.0,0.0,130.162628,130.162628,0.0,0,0,0,0.0,,,0.387389,0.387389,0.0,REQ,,,,,0.0,0.0,0.0,0
381577,2.577861,2.577861,2.577861,2.577861,2.577861,2.577861,udp,0.0,,cs0,,63.0,,1.0,,Status,2,2,0,84,84,0,42.0,0.0,130.340622,130.340622,0.0,0,0,0,0.0,,,0.387919,0.387919,0.0,REQ,,,,,0.0,0.0,0.0,0
381591,2.580563,2.580563,2.580563,2.580563,2.580563,2.580563,udp,0.0,,cs0,,63.0,,1.0,,Status,2,2,0,84,84,0,42.0,0.0,130.204147,130.204147,0.0,0,0,0,0.0,,,0.387512,0.387512,0.0,REQ,,,,,0.0,0.0,0.0,0
381598,0.0,0.0,0.0,0.0,0.0,0.0,udp,0.0,,cs0,,63.0,,1.0,,Status,1,1,0,42,42,0,42.0,0.0,0.0,0.0,0.0,0,0,0,0.0,,,0.0,0.0,0.0,REQ,,,,,0.0,0.0,0.0,0
381675,2.577818,2.577818,2.577818,2.577818,2.577818,2.577818,udp,0.0,,cs0,,63.0,,1.0,,Status,2,2,0,84,84,0,42.0,0.0,130.342804,130.342804,0.0,0,0,0,0.0,,,0.387925,0.387925,0.0,REQ,,,,,0.0,0.0,0.0,0
381720,0.0,0.0,0.0,0.0,0.0,0.0,udp,0.0,,cs0,,63.0,,1.0,,Status,1,1,0,42,42,0,42.0,0.0,0.0,0.0,0.0,0,0,0,0.0,,,0.0,0.0,0.0,REQ,,,,,0.0,0.0,0.0,0
381788,2.577685,2.577685,2.577685,2.577685,2.577685,2.577685,udp,0.0,,cs0,,63.0,,1.0,,Status,2,2,0,84,84,0,42.0,0.0,130.349518,130.349518,0.0,0,0,0,0.0,,,0.387945,0.387945,0.0,REQ,,,,,0.0,0.0,0.0,0
381797,2.579105,2.579105,2.579105,2.579105,2.579105,2.579105,udp,0.0,,cs0,,63.0,,1.0,,Status,2,2,0,84,84,0,42.0,0.0,130.277756,130.277756,0.0,0,0,0,0.0,,,0.387731,0.387731,0.0,REQ,,,,,0.0,0.0,0.0,0
381803,2.580341,2.580341,2.580341,2.580341,2.580341,2.580341,udp,0.0,,cs0,,63.0,,1.0,,Status,2,2,0,84,84,0,42.0,0.0,130.215347,130.215347,0.0,0,0,0,0.0,,,0.387546,0.387546,0.0,REQ,,,,,0.0,0.0,0.0,0
381840,0.0,0.0,0.0,0.0,0.0,0.0,udp,0.0,,cs0,,63.0,,1.0,,Status,1,1,0,42,42,0,42.0,0.0,0.0,0.0,0.0,0,0,0,0.0,,,0.0,0.0,0.0,REQ,,,,,0.0,0.0,0.0,0
381848,0.0,0.0,0.0,0.0,0.0,0.0,udp,0.0,,cs0,,63.0,,1.0,,Status,1,1,0,42,42,0,42.0,0.0,0.0,0.0,0.0,0,0,0,0.0,,,0.0,0.0,0.0,REQ,,,,,0.0,0.0,0.0,0
381922,2.581125,2.581125,2.581125,2.581125,2.581125,2.581125,udp,0.0,,cs0,,63.0,,1.0,,Status,2,2,0,84,84,0,42.0,0.0,130.175797,130.175797,0.0,0,0,0,0.0,,,0.387428,0.387428,0.0,REQ,,,,,0.0,0.0,0.0,0
381970,2.582007,2.582007,2.582007,2.582007,2.582007,2.582007,udp,0.0,,cs0,,63.0,,1.0,,Status,2,2,0,84,84,0,42.0,0.0,130.131332,130.131332,0.0,0,0,0,0.0,,,0.387296,0.387296,0.0,REQ,,,,,0.0,0.0,0.0,0
381975,2.582016,2.582016,2.582016,2.582016,2.582016,2.582016,udp,0.0,,cs0,,63.0,,1.0,,Status,2,2,0,84,84,0,42.0,0.0,130.130875,130.130875,0.0,0,0,0,0.0,,,0.387294,0.387294,0.0,REQ,,,,,0.0,0.0,0.0,0
381989,0.0,0.0,0.0,0.0,0.0,0.0,udp,0.0,,cs0,,63.0,,1.0,,Status,1,1,0,42,42,0,42.0,0.0,0.0,0.0,0.0,0,0,0,0.0,,,0.0,0.0,0.0,REQ,,,,,0.0,0.0,0.0,0
382013,2.577448,2.577448,2.577448,2.577448,2.577448,2.577448,udp,0.0,,cs0,,63.0,,1.0,,Status,2,2,0,84,84,0,42.0,0.0,130.361511,130.361511,0.0,0,0,0,0.0,,,0.387981,0.387981,0.0,REQ,,,,,0.0,0.0,0.0,0
382112,2.582267,2.582267,2.582267,2.582267,2.582267,2.582267,udp,0.0,,cs0,,63.0,,1.0,,Status,2,2,0,84,84,0,42.0,0.0,130.118225,130.118225,0.0,0,0,0,0.0,,,0.387257,0.387257,0.0,REQ,,,,,0.0,0.0,0.0,0
382127,0.0,0.0,0.0,0.0,0.0,0.0,udp,0.0,,cs0,,63.0,,1.0,,Status,1,1,0,42,42,0,42.0,0.0,0.0,0.0,0.0,0,0,0,0.0,,,0.0,0.0,0.0,REQ,,,,,0.0,0.0,0.0,0
382180,0.0,0.0,0.0,0.0,0.0,0.0,udp,0.0,,cs0,,63.0,,1.0,,Status,1,1,0,42,42,0,42.0,0.0,0.0,0.0,0.0,0,0,0,0.0,,,0.0,0.0,0.0,REQ,,,,,0.0,0.0,0.0,0
382191,0.0,0.0,0.0,0.0,0.0,0.0,udp,0.0,,cs0,,63.0,,1.0,,Status,1,1,0,42,42,0,42.0,0.0,0.0,0.0,0.0,0,0,0,0.0,,,0.0,0.0,0.0,REQ,,,,,0.0,0.0,0.0,0
382314,2.579391,2.579391,2.579391,2.579391,2.579391,2.579391,udp,0.0,,cs0,,63.0,,1.0,,Status,2,2,0,84,84,0,42.0,0.0,130.263306,130.263306,0.0,0,0,0,0.0,,,0.387688,0.387688,0.0,REQ,,,,,0.0,0.0,0.0,0
382395,0.0,0.0,0.0,0.0,0.0,0.0,udp,0.0,,cs0,,63.0,,1.0,,Status,1,1,0,42,42,0,42.0,0.0,0.0,0.0,0.0,0,0,0,0.0,,,0.0,0.0,0.0,REQ,,,,,0.0,0.0,0.0,0
382551,2.578597,2.578597,2.578597,2.578597,2.578597,2.578597,udp,0.0,,cs0,,63.0,,1.0,,Status,2,2,0,84,84,0,42.0,0.0,130.303421,130.303421,0.0,0,0,0,0.0,,,0.387808,0.387808,0.0,REQ,,,,,0.0,0.0,0.0,0
382690,2.578165,2.578165,2.578165,2.578165,2.578165,2.578165,udp,0.0,,cs0,,63.0,,1.0,,Status,2,2,0,84,84,0,42.0,0.0,130.325241,130.325241,0.0,0,0,0,0.0,,,0.387873,0.387873,0.0,REQ,,,,,0.0,0.0,0.0,0
382722,0.0,0.0,0.0,0.0,0.0,0.0,udp,0.0,,cs0,,63.0,,1.0,,Status,1,1,0,42,42,0,42.0,0.0,0.0,0.0,0.0,0,0,0,0.0,,,0.0,0.0,0.0,REQ,,,,,0.0,0.0,0.0,0
382735,2.577985,2.577985,2.577985,2.577985,2.577985,2.577985,udp,0.0,,cs0,,63.0,,1.0,,Status,2,2,0,84,84,0,42.0,0.0,130.334351,130.334351,0.0,0,0,0,0.0,,,0.3879,0.3879,0.0,REQ,,,,,0.0,0.0,0.0,0
382750,2.579717,2.579717,2.579717,2.579717,2.579717,2.579717,udp,0.0,,cs0,,63.0,,1.0,,Status,2,2,0,84,84,0,42.0,0.0,130.246841,130.246841,0.0,0,0,0,0.0,,,0.387639,0.387639,0.0,REQ,,,,,0.0,0.0,0.0,0
382770,0.0,0.0,0.0,0.0,0.0,0.0,udp,0.0,,cs0,,63.0,,1.0,,Status,1,1,0,42,42,0,42.0,0.0,0.0,0.0,0.0,0,0,0,0.0,,,0.0,0.0,0.0,REQ,,,,,0.0,0.0,0.0,0
382880,2.579967,2.579967,2.579967,2.579967,2.579967,2.579967,udp,0.0,,cs0,,63.0,,1.0,,Status,2,2,0,84,84,0,42.0,0.0,130.234222,130.234222,0.0,0,0,0,0.0,,,0.387602,0.387602,0.0,REQ,,,,,0.0,0.0,0.0,0
382892,0.0,0.0,0.0,0.0,0.0,0.0,udp,0.0,,cs0,,63.0,,1.0,,Status,1,1,0,42,42,0,42.0,0.0,0.0,0.0,0.0,0,0,0,0.0,,,0.0,0.0,0.0,REQ,,,,,0.0,0.0,0.0,0
382893,0.0,0.0,0.0,0.0,0.0,0.0,udp,0.0,,cs0,,63.0,,1.0,,Status,1,1,0,42,42,0,42.0,0.0,0.0,0.0,0.0,0,0,0,0.0,,,0.0,0.0,0.0,REQ,,,,,0.0,0.0,0.0,0
382947,0.0,0.0,0.0,0.0,0.0,0.0,udp,0.0,,cs0,,63.0,,1.0,,Status,1,1,0,42,42,0,42.0,0.0,0.0,0.0,0.0,0,0,0,0.0,,,0.0,0.0,0.0,REQ,,,,,0.0,0.0,0.0,0
383039,2.580002,2.580002,2.580002,2.580002,2.580002,2.580002,udp,0.0,,cs0,,63.0,,1.0,,Status,2,2,0,84,84,0,42.0,0.0,130.232452,130.232452,0.0,0,0,0,0.0,,,0.387597,0.387597,0.0,REQ,,,,,0.0,0.0,0.0,0
383068,0.0,0.0,0.0,0.0,0.0,0.0,udp,0.0,,cs0,,63.0,,1.0,,Status,1,1,0,42,42,0,42.0,0.0,0.0,0.0,0.0,0,0,0,0.0,,,0.0,0.0,0.0,REQ,,,,,0.0,0.0,0.0,0
383105,2.58018,2.58018,2.58018,2.58018,2.58018,2.58018,udp,0.0,,cs0,,63.0,,1.0,,Status,2,2,0,84,84,0,42.0,0.0,130.22348,130.22348,0.0,0,0,0,0.0,,,0.38757,0.38757,0.0,REQ,,,,,0.0,0.0,0.0,0
383106,2.58018,2.58018,2.58018,2.58018,2.58018,2.58018,udp,0.0,,cs0,,63.0,,1.0,,Status,2,2,0,84,84,0,42.0,0.0,130.22348,130.22348,0.0,0,0,0,0.0,,,0.38757,0.38757,0.0,REQ,,,,,0.0,0.0,0.0,0
383115,2.580288,2.580288,2.580288,2.580288,2.580288,2.580288,udp,0.0,,cs0,,63.0,,1.0,,Status,2,2,0,84,84,0,42.0,0.0,130.218033,130.218033,0.0,0,0,0,0.0,,,0.387554,0.387554,0.0,REQ,,,,,0.0,0.0,0.0,0
383132,0.0,0.0,0.0,0.0,0.0,0.0,udp,0.0,,cs0,,63.0,,1.0,,Status,1,1,0,42,42,0,42.0,0.0,0.0,0.0,0.0,0,0,0,0.0,,,0.0,0.0,0.0,REQ,,,,,0.0,0.0,0.0,0
383172,2.587165,2.587165,2.587165,2.587165,2.587165,2.587165,udp,0.0,,cs0,,63.0,,1.0,,Status,2,2,0,84,84,0,42.0,0.0,129.871887,129.871887,0.0,0,0,0,0.0,,,0.386523,0.386523,0.0,REQ,,,,,0.0,0.0,0.0,0
383173,2.587165,2.587165,2.587165,2.587165,2.587165,2.587165,udp,0.0,,cs0,,63.0,,1.0,,Status,2,2,0,84,84,0,42.0,0.0,129.871887,129.871887,0.0,0,0,0,0.0,,,0.386523,0.386523,0.0,REQ,,,,,0.0,0.0,0.0,0
383240,0.0,0.0,0.0,0.0,0.0,0.0,udp,0.0,,cs0,,63.0,,1.0,,Status,1,1,0,42,42,0,42.0,0.0,0.0,0.0,0.0,0,0,0,0.0,,,0.0,0.0,0.0,REQ,,,,,0.0,0.0,0.0,0
383262,0.0,0.0,0.0,0.0,0.0,0.0,udp,0.0,,cs0,,63.0,,1.0,,Status,1,1,0,42,42,0,42.0,0.0,0.0,0.0,0.0,0,0,0,0.0,,,0.0,0.0,0.0,REQ,,,,,0.0,0.0,0.0,0
383267,0.0,0.0,0.0,0.0,0.0,0.0,udp,0.0,,cs0,,63.0,,1.0,,Status,1,1,0,42,42,0,42.0,0.0,0.0,0.0,0.0,0,0,0,0.0,,,0.0,0.0,0.0,REQ,,,,,0.0,0.0,0.0,0
383334,0.0,0.0,0.0,0.0,0.0,0.0,udp,0.0,,cs0,,63.0,,1.0,,Status,1,1,0,42,42,0,42.0,0.0,0.0,0.0,0.0,0,0,0,0.0,,,0.0,0.0,0.0,REQ,,,,,0.0,0.0,0.0,0
383438,2.578702,2.578702,2.578702,2.578702,2.578702,2.578702,udp,0.0,,cs0,,63.0,,1.0,,Status,2,2,0,84,84,0,42.0,0.0,130.298111,130.298111,0.0,0,0,0,0.0,,,0.387792,0.387792,0.0,REQ,,,,,0.0,0.0,0.0,0
383461,0.0,0.0,0.0,0.0,0.0,0.0,udp,0.0,,cs0,,63.0,,1.0,,Status,1,1,0,42,42,0,42.0,0.0,0.0,0.0,0.0,0,0,0,0.0,,,0.0,0.0,0.0,REQ,,,,,0.0,0.0,0.0,0
383467,0.0,0.0,0.0,0.0,0.0,0.0,udp,0.0,,cs0,,63.0,,1.0,,Status,1,1,0,42,42,0,42.0,0.0,0.0,0.0,0.0,0,0,0,0.0,,,0.0,0.0,0.0,REQ,,,,,0.0,0.0,0.0,0
383507,0.0,0.0,0.0,0.0,0.0,0.0,udp,0.0,,cs0,,63.0,,1.0,,Status,1,1,0,42,42,0,42.0,0.0,0.0,0.0,0.0,0,0,0,0.0,,,0.0,0.0,0.0,REQ,,,,,0.0,0.0,0.0,0
383569,2.57801,2.57801,2.57801,2.57801,2.57801,2.57801,udp,0.0,,cs0,,63.0,,1.0,,Status,2,2,0,84,84,0,42.0,0.0,130.333084,130.333084,0.0,0,0,0,0.0,,,0.387896,0.387896,0.0,REQ,,,,,0.0,0.0,0.0,0
383752,0.0,0.0,0.0,0.0,0.0,0.0,udp,0.0,,cs0,,63.0,,1.0,,Status,1,1,0,42,42,0,42.0,0.0,0.0,0.0,0.0,0,0,0,0.0,,,0.0,0.0,0.0,REQ,,,,,0.0,0.0,0.0,0
383783,2.573238,2.573238,2.573238,2.573238,2.573238,2.573238,udp,0.0,,cs0,,63.0,,1.0,,Status,2,2,0,84,84,0,42.0,0.0,130.574783,130.574783,0.0,0,0,0,0.0,,,0.388615,0.388615,0.0,REQ,,,,,0.0,0.0,0.0,0
383911,2.581039,2.581039,2.581039,2.581039,2.581039,2.581039,udp,0.0,,cs0,,63.0,,1.0,,Status,2,2,0,84,84,0,42.0,0.0,130.18013,130.18013,0.0,0,0,0,0.0,,,0.387441,0.387441,0.0,REQ,,,,,0.0,0.0,0.0,0
383943,0.0,0.0,0.0,0.0,0.0,0.0,udp,0.0,,cs0,,63.0,,1.0,,Status,1,1,0,42,42,0,42.0,0.0,0.0,0.0,0.0,0,0,0,0.0,,,0.0,0.0,0.0,REQ,,,,,0.0,0.0,0.0,0
383976,2.575369,2.575369,2.575369,2.575369,2.575369,2.575369,udp,0.0,,cs0,,63.0,,1.0,,Status,2,2,0,84,84,0,42.0,0.0,130.466751,130.466751,0.0,0,0,0,0.0,,,0.388294,0.388294,0.0,REQ,,,,,0.0,0.0,0.0,0
384087,0.0,0.0,0.0,0.0,0.0,0.0,udp,0.0,,cs0,,63.0,,1.0,,Status,1,1,0,42,42,0,42.0,0.0,0.0,0.0,0.0,0,0,0,0.0,,,0.0,0.0,0.0,REQ,,,,,0.0,0.0,0.0,0
384180,0.0,0.0,0.0,0.0,0.0,0.0,udp,0.0,,cs0,,63.0,,1.0,,Status,1,1,0,42,42,0,42.0,0.0,0.0,0.0,0.0,0,0,0,0.0,,,0.0,0.0,0.0,REQ,,,,,0.0,0.0,0.0,0
384190,2.58278,2.58278,2.58278,2.58278,2.58278,2.58278,udp,0.0,,cs0,,63.0,,1.0,,Status,2,2,0,84,84,0,42.0,0.0,130.092392,130.092392,0.0,0,0,0,0.0,,,0.38718,0.38718,0.0,REQ,,,,,0.0,0.0,0.0,0
384192,2.58278,2.58278,2.58278,2.58278,2.58278,2.58278,udp,0.0,,cs0,,63.0,,1.0,,Status,2,2,0,84,84,0,42.0,0.0,130.092392,130.092392,0.0,0,0,0,0.0,,,0.38718,0.38718,0.0,REQ,,,,,0.0,0.0,0.0,0
384215,2.577283,2.577283,2.577283,2.577283,2.577283,2.577283,udp,0.0,,cs0,,63.0,,1.0,,Status,2,2,0,84,84,0,42.0,0.0,130.369858,130.369858,0.0,0,0,0,0.0,,,0.388006,0.388006,0.0,REQ,,,,,0.0,0.0,0.0,0
384228,0.0,0.0,0.0,0.0,0.0,0.0,udp,0.0,,cs0,,63.0,,1.0,,Status,1,1,0,42,42,0,42.0,0.0,0.0,0.0,0.0,0,0,0,0.0,,,0.0,0.0,0.0,REQ,,,,,0.0,0.0,0.0,0
384260,2.571354,2.571354,2.571354,2.571354,2.571354,2.571354,udp,0.0,,cs0,,63.0,,1.0,,Status,2,2,0,84,84,0,42.0,0.0,130.670456,130.670456,0.0,0,0,0,0.0,,,0.3889,0.3889,0.0,REQ,,,,,0.0,0.0,0.0,0
384284,2.571743,2.571743,2.571743,2.571743,2.571743,2.571743,udp,0.0,,cs0,,63.0,,1.0,,Status,2,2,0,84,84,0,42.0,0.0,130.650696,130.650696,0.0,0,0,0,0.0,,,0.388841,0.388841,0.0,REQ,,,,,0.0,0.0,0.0,0
384301,2.573522,2.573522,2.573522,2.573522,2.573522,2.573522,udp,0.0,,cs0,,63.0,,1.0,,Status,2,2,0,84,84,0,42.0,0.0,130.560379,130.560379,0.0,0,0,0,0.0,,,0.388573,0.388573,0.0,REQ,,,,,0.0,0.0,0.0,0
384352,2.579231,2.579231,2.579231,2.579231,2.579231,2.579231,udp,0.0,,cs0,,63.0,,1.0,,Status,2,2,0,84,84,0,42.0,0.0,130.271393,130.271393,0.0,0,0,0,0.0,,,0.387712,0.387712,0.0,REQ,,,,,0.0,0.0,0.0,0
384423,0.0,0.0,0.0,0.0,0.0,0.0,udp,0.0,,cs0,,63.0,,1.0,,Status,1,1,0,42,42,0,42.0,0.0,0.0,0.0,0.0,0,0,0,0.0,,,0.0,0.0,0.0,REQ,,,,,0.0,0.0,0.0,0
384430,0.0,0.0,0.0,0.0,0.0,0.0,udp,0.0,,cs0,,63.0,,1.0,,Status,1,1,0,42,42,0,42.0,0.0,0.0,0.0,0.0,0,0,0,0.0,,,0.0,0.0,0.0,REQ,,,,,0.0,0.0,0.0,0
384467,2.578816,2.578816,2.578816,2.578816,2.578816,2.578816,udp,0.0,,cs0,,63.0,,1.0,,Status,2,2,0,84,84,0,42.0,0.0,130.292358,130.292358,0.0,0,0,0,0.0,,,0.387775,0.387775,0.0,REQ,,,,,0.0,0.0,0.0,0
384508,0.0,0.0,0.0,0.0,0.0,0.0,udp,0.0,,cs0,,63.0,,1.0,,Status,1,1,0,42,42,0,42.0,0.0,0.0,0.0,0.0,0,0,0,0.0,,,0.0,0.0,0.0,REQ,,,,,0.0,0.0,0.0,0
384509,0.0,0.0,0.0,0.0,0.0,0.0,udp,0.0,,cs0,,63.0,,1.0,,Status,1,1,0,42,42,0,42.0,0.0,0.0,0.0,0.0,0,0,0,0.0,,,0.0,0.0,0.0,REQ,,,,,0.0,0.0,0.0,0
384535,2.577645,2.577645,2.577645,2.577645,2.577645,2.577645,udp,0.0,,cs0,,63.0,,1.0,,Status,2,2,0,84,84,0,42.0,0.0,130.351532,130.351532,0.0,0,0,0,0.0,,,0.387951,0.387951,0.0,REQ,,,,,0.0,0.0,0.0,0
384595,2.578952,2.578952,2.578952,2.578952,2.578952,2.578952,udp,0.0,,cs0,,63.0,,1.0,,Status,2,2,0,84,84,0,42.0,0.0,130.285477,130.285477,0.0,0,0,0,0.0,,,0.387754,0.387754,0.0,REQ,,,,,0.0,0.0,0.0,0
384601,2.578483,2.578483,2.578483,2.578483,2.578483,2.578483,udp,0.0,,cs0,,63.0,,1.0,,Status,2,2,0,84,84,0,42.0,0.0,130.309174,130.309174,0.0,0,0,0,0.0,,,0.387825,0.387825,0.0,REQ,,,,,0.0,0.0,0.0,0
384612,2.578934,2.578934,2.578934,2.578934,2.578934,2.578934,udp,0.0,,cs0,,63.0,,1.0,,Status,2,2,0,84,84,0,42.0,0.0,130.286392,130.286392,0.0,0,0,0,0.0,,,0.387757,0.387757,0.0,REQ,,,,,0.0,0.0,0.0,0
384616,2.578934,2.578934,2.578934,2.578934,2.578934,2.578934,udp,0.0,,cs0,,63.0,,1.0,,Status,2,2,0,84,84,0,42.0,0.0,130.286392,130.286392,0.0,0,0,0,0.0,,,0.387757,0.387757,0.0,REQ,,,,,0.0,0.0,0.0,0
384667,0.0,0.0,0.0,0.0,0.0,0.0,udp,0.0,,cs0,,63.0,,1.0,,Status,1,1,0,42,42,0,42.0,0.0,0.0,0.0,0.0,0,0,0,0.0,,,0.0,0.0,0.0,REQ,,,,,0.0,0.0,0.0,0
384674,0.0,0.0,0.0,0.0,0.0,0.0,udp,0.0,,cs0,,63.0,,1.0,,Status,1,1,0,42,42,0,42.0,0.0,0.0,0.0,0.0,0,0,0,0.0,,,0.0,0.0,0.0,REQ,,,,,0.0,0.0,0.0,0
384719,2.573294,2.573294,2.573294,2.573294,2.573294,2.573294,udp,0.0,,cs0,,63.0,,1.0,,Status,2,2,0,84,84,0,42.0,0.0,130.571945,130.571945,0.0,0,0,0,0.0,,,0.388607,0.388607,0.0,REQ,,,,,0.0,0.0,0.0,0
384728,2.574995,2.574995,2.574995,2.574995,2.574995,2.574995,udp,0.0,,cs0,,63.0,,1.0,,Status,2,2,0,84,84,0,42.0,0.0,130.485687,130.485687,0.0,0,0,0,0.0,,,0.38835,0.38835,0.0,REQ,,,,,0.0,0.0,0.0,0
384773,0.0,0.0,0.0,0.0,0.0,0.0,udp,0.0,,cs0,,63.0,,1.0,,Status,1,1,0,42,42,0,42.0,0.0,0.0,0.0,0.0,0,0,0,0.0,,,0.0,0.0,0.0,REQ,,,,,0.0,0.0,0.0,0
384903,2.579118,2.579118,2.579118,2.579118,2.579118,2.579118,udp,0.0,,cs0,,63.0,,1.0,,Status,2,2,0,84,84,0,42.0,0.0,130.2771,130.2771,0.0,0,0,0,0.0,,,0.387729,0.387729,0.0,REQ,,,,,0.0,0.0,0.0,0
384908,2.579136,2.579136,2.579136,2.579136,2.579136,2.579136,udp,0.0,,cs0,,63.0,,1.0,,Status,2,2,0,84,84,0,42.0,0.0,130.276184,130.276184,0.0,0,0,0,0.0,,,0.387727,0.387727,0.0,REQ,,,,,0.0,0.0,0.0,0
384949,0.0,0.0,0.0,0.0,0.0,0.0,udp,0.0,,cs0,,63.0,,1.0,,Status,1,1,0,42,42,0,42.0,0.0,0.0,0.0,0.0,0,0,0,0.0,,,0.0,0.0,0.0,REQ,,,,,0.0,0.0,0.0,0
384955,2.58717,2.58717,2.58717,2.58717,2.58717,2.58717,udp,0.0,,cs0,,63.0,,1.0,,Status,2,2,0,84,84,0,42.0,0.0,129.871643,129.871643,0.0,0,0,0,0.0,,,0.386523,0.386523,0.0,REQ,,,,,0.0,0.0,0.0,0
384993,2.579476,2.579476,2.579476,2.579476,2.579476,2.579476,udp,0.0,,cs0,,63.0,,1.0,,Status,2,2,0,84,84,0,42.0,0.0,130.259003,130.259003,0.0,0,0,0,0.0,,,0.387676,0.387676,0.0,REQ,,,,,0.0,0.0,0.0,0
384999,2.579493,2.579493,2.579493,2.579493,2.579493,2.579493,udp,0.0,,cs0,,63.0,,1.0,,Status,2,2,0,84,84,0,42.0,0.0,130.258148,130.258148,0.0,0,0,0,0.0,,,0.387673,0.387673,0.0,REQ,,,,,0.0,0.0,0.0,0
385034,2.576702,2.576702,2.576702,2.576702,2.576702,2.576702,udp,0.0,,cs0,,63.0,,1.0,,Status,2,2,0,84,84,0,42.0,0.0,130.399246,130.399246,0.0,0,0,0,0.0,,,0.388093,0.388093,0.0,REQ,,,,,0.0,0.0,0.0,0
385061,2.573178,2.573178,2.573178,2.573178,2.573178,2.573178,udp,0.0,,cs0,,63.0,,1.0,,Status,2,2,0,84,84,0,42.0,0.0,130.577835,130.577835,0.0,0,0,0,0.0,,,0.388624,0.388624,0.0,REQ,,,,,0.0,0.0,0.0,0
385221,0.0,0.0,0.0,0.0,0.0,0.0,udp,0.0,,cs0,,63.0,,1.0,,Status,1,1,0,42,42,0,42.0,0.0,0.0,0.0,0.0,0,0,0,0.0,,,0.0,0.0,0.0,REQ,,,,,0.0,0.0,0.0,0
385382,2.583845,2.583845,2.583845,2.583845,2.583845,2.583845,udp,0.0,,cs0,,63.0,,1.0,,Status,2,2,0,84,84,0,42.0,0.0,130.038773,130.038773,0.0,0,0,0,0.0,,,0.38702,0.38702,0.0,REQ,,,,,0.0,0.0,0.0,0
385441,0.0,0.0,0.0,0.0,0.0,0.0,udp,0.0,,cs0,,63.0,,1.0,,Status,1,1,0,42,42,0,42.0,0.0,0.0,0.0,0.0,0,0,0,0.0,,,0.0,0.0,0.0,REQ,,,,,0.0,0.0,0.0,0
385452,0.0,0.0,0.0,0.0,0.0,0.0,udp,0.0,,cs0,,63.0,,1.0,,Status,1,1,0,42,42,0,42.0,0.0,0.0,0.0,0.0,0,0,0,0.0,,,0.0,0.0,0.0,REQ,,,,,0.0,0.0,0.0,0
385457,0.0,0.0,0.0,0.0,0.0,0.0,udp,0.0,,cs0,,63.0,,1.0,,Status,1,1,0,42,42,0,42.0,0.0,0.0,0.0,0.0,0,0,0,0.0,,,0.0,0.0,0.0,REQ,,,,,0.0,0.0,0.0,0
385498,2.579718,2.579718,2.579718,2.579718,2.579718,2.579718,udp,0.0,,cs0,,63.0,,1.0,,Status,2,2,0,84,84,0,42.0,0.0,130.246796,130.246796,0.0,0,0,0,0.0,,,0.387639,0.387639,0.0,REQ,,,,,0.0,0.0,0.0,0
385511,2.578269,2.578269,2.578269,2.578269,2.578269,2.578269,udp,0.0,,cs0,,63.0,,1.0,,Status,2,2,0,84,84,0,42.0,0.0,130.319992,130.319992,0.0,0,0,0,0.0,,,0.387857,0.387857,0.0,REQ,,,,,0.0,0.0,0.0,0
385601,2.576893,2.576893,2.576893,2.576893,2.576893,2.576893,udp,0.0,,cs0,,63.0,,1.0,,Status,2,2,0,84,84,0,42.0,0.0,130.389572,130.389572,0.0,0,0,0,0.0,,,0.388064,0.388064,0.0,REQ,,,,,0.0,0.0,0.0,0
385686,0.0,0.0,0.0,0.0,0.0,0.0,udp,0.0,,cs0,,63.0,,1.0,,Status,1,1,0,42,42,0,42.0,0.0,0.0,0.0,0.0,0,0,0,0.0,,,0.0,0.0,0.0,REQ,,,,,0.0,0.0,0.0,0
385755,2.578049,2.578049,2.578049,2.578049,2.578049,2.578049,udp,0.0,,cs0,,63.0,,1.0,,Status,2,2,0,84,84,0,42.0,0.0,130.331116,130.331116,0.0,0,0,0,0.0,,,0.38789,0.38789,0.0,REQ,,,,,0.0,0.0,0.0,0
385769,2.578171,2.578171,2.578171,2.578171,2.578171,2.578171,udp,0.0,,cs0,,63.0,,1.0,,Status,2,2,0,84,84,0,42.0,0.0,130.324951,130.324951,0.0,0,0,0,0.0,,,0.387872,0.387872,0.0,REQ,,,,,0.0,0.0,0.0,0
385869,2.578844,2.578844,2.578844,2.578844,2.578844,2.578844,udp,0.0,,cs0,,63.0,,1.0,,Status,2,2,0,84,84,0,42.0,0.0,130.290939,130.290939,0.0,0,0,0,0.0,,,0.387771,0.387771,0.0,REQ,,,,,0.0,0.0,0.0,0
385896,2.576994,2.576994,2.576994,2.576994,2.576994,2.576994,udp,0.0,,cs0,,63.0,,1.0,,Status,2,2,0,84,84,0,42.0,0.0,130.384476,130.384476,0.0,0,0,0,0.0,,,0.388049,0.388049,0.0,REQ,,,,,0.0,0.0,0.0,0
385902,2.577006,2.577006,2.577006,2.577006,2.577006,2.577006,udp,0.0,,cs0,,63.0,,1.0,,Status,2,2,0,84,84,0,42.0,0.0,130.383865,130.383865,0.0,0,0,0,0.0,,,0.388047,0.388047,0.0,REQ,,,,,0.0,0.0,0.0,0
385926,0.0,0.0,0.0,0.0,0.0,0.0,udp,0.0,,cs0,,63.0,,1.0,,Status,1,1,0,42,42,0,42.0,0.0,0.0,0.0,0.0,0,0,0,0.0,,,0.0,0.0,0.0,REQ,,,,,0.0,0.0,0.0,0
385941,0.0,0.0,0.0,0.0,0.0,0.0,udp,0.0,,cs0,,63.0,,1.0,,Status,1,1,0,42,42,0,42.0,0.0,0.0,0.0,0.0,0,0,0,0.0,,,0.0,0.0,0.0,REQ,,,,,0.0,0.0,0.0,0
385979,2.577679,2.577679,2.577679,2.577679,2.577679,2.577679,udp,0.0,,cs0,,63.0,,1.0,,Status,2,2,0,84,84,0,42.0,0.0,130.349823,130.349823,0.0,0,0,0,0.0,,,0.387946,0.387946,0.0,REQ,,,,,0.0,0.0,0.0,0
385987,0.0,0.0,0.0,0.0,0.0,0.0,udp,0.0,,cs0,,63.0,,1.0,,Status,1,1,0,42,42,0,42.0,0.0,0.0,0.0,0.0,0,0,0,0.0,,,0.0,0.0,0.0,REQ,,,,,0.0,0.0,0.0,0
385992,0.0,0.0,0.0,0.0,0.0,0.0,udp,0.0,,cs0,,63.0,,1.0,,Status,1,1,0,42,42,0,42.0,0.0,0.0,0.0,0.0,0,0,0,0.0,,,0.0,0.0,0.0,REQ,,,,,0.0,0.0,0.0,0
386134,0.0,0.0,0.0,0.0,0.0,0.0,udp,0.0,,cs0,,63.0,,1.0,,Status,1,1,0,42,42,0,42.0,0.0,0.0,0.0,0.0,0,0,0,0.0,,,0.0,0.0,0.0,REQ,,,,,0.0,0.0,0.0,0
386157,2.579811,2.579811,2.579811,2.579811,2.579811,2.579811,udp,0.0,,cs0,,63.0,,1.0,,Status,2,2,0,84,84,0,42.0,0.0,130.242096,130.242096,0.0,0,0,0,0.0,,,0.387625,0.387625,0.0,REQ,,,,,0.0,0.0,0.0,0
386237,2.574098,2.574098,2.574098,2.574098,2.574098,2.574098,udp,0.0,,cs0,,63.0,,1.0,,Status,2,2,0,84,84,0,42.0,0.0,130.531158,130.531158,0.0,0,0,0,0.0,,,0.388486,0.388486,0.0,REQ,,,,,0.0,0.0,0.0,0
386298,0.0,0.0,0.0,0.0,0.0,0.0,udp,0.0,,cs0,,63.0,,1.0,,Status,1,1,0,42,42,0,42.0,0.0,0.0,0.0,0.0,0,0,0,0.0,,,0.0,0.0,0.0,REQ,,,,,0.0,0.0,0.0,0
386329,2.57798,2.57798,2.57798,2.57798,2.57798,2.57798,udp,0.0,,cs0,,63.0,,1.0,,Status,2,2,0,84,84,0,42.0,0.0,130.334595,130.334595,0.0,0,0,0,0.0,,,0.387901,0.387901,0.0,REQ,,,,,0.0,0.0,0.0,0
386341,0.0,0.0,0.0,0.0,0.0,0.0,udp,0.0,,cs0,,63.0,,1.0,,Status,1,1,0,42,42,0,42.0,0.0,0.0,0.0,0.0,0,0,0,0.0,,,0.0,0.0,0.0,REQ,,,,,0.0,0.0,0.0,0
386471,2.588412,2.588412,2.588412,2.588412,2.588412,2.588412,udp,0.0,,cs0,,63.0,,1.0,,Status,2,2,0,84,84,0,42.0,0.0,129.809311,129.809311,0.0,0,0,0,0.0,,,0.386337,0.386337,0.0,REQ,,,,,0.0,0.0,0.0,0
386487,2.587359,2.587359,2.587359,2.587359,2.587359,2.587359,udp,0.0,,cs0,,63.0,,1.0,,Status,2,2,0,84,84,0,42.0,0.0,129.862152,129.862152,0.0,0,0,0,0.0,,,0.386494,0.386494,0.0,REQ,,,,,0.0,0.0,0.0,0
386505,0.0,0.0,0.0,0.0,0.0,0.0,udp,0.0,,cs0,,63.0,,1.0,,Status,1,1,0,42,42,0,42.0,0.0,0.0,0.0,0.0,0,0,0,0.0,,,0.0,0.0,0.0,REQ,,,,,0.0,0.0,0.0,0
386516,2.587008,2.587008,2.587008,2.587008,2.587008,2.587008,udp,0.0,,cs0,,63.0,,1.0,,Status,2,2,0,84,84,0,42.0,0.0,129.879776,129.879776,0.0,0,0,0,0.0,,,0.386547,0.386547,0.0,REQ,,,,,0.0,0.0,0.0,0
386550,0.0,0.0,0.0,0.0,0.0,0.0,udp,0.0,,cs0,,63.0,,1.0,,Status,1,1,0,42,42,0,42.0,0.0,0.0,0.0,0.0,0,0,0,0.0,,,0.0,0.0,0.0,REQ,,,,,0.0,0.0,0.0,0
386704,0.0,0.0,0.0,0.0,0.0,0.0,udp,0.0,,cs0,,63.0,,1.0,,Status,1,1,0,42,42,0,42.0,0.0,0.0,0.0,0.0,0,0,0,0.0,,,0.0,0.0,0.0,REQ,,,,,0.0,0.0,0.0,0
386723,2.584621,2.584621,2.584621,2.584621,2.584621,2.584621,udp,0.0,,cs0,,63.0,,1.0,,Start,2,2,0,84,84,0,42.0,0.0,129.999725,129.999725,0.0,0,0,0,0.0,,,0.386904,0.386904,0.0,INT,,,,,0.0,0.0,0.0,0
386735,0.0,0.0,0.0,0.0,0.0,0.0,udp,0.0,,cs0,,63.0,,1.0,,Status,1,1,0,42,42,0,42.0,0.0,0.0,0.0,0.0,0,0,0,0.0,,,0.0,0.0,0.0,REQ,,,,,0.0,0.0,0.0,0
386844,2.580817,2.580817,2.580817,2.580817,2.580817,2.580817,udp,0.0,,cs0,,63.0,,1.0,,Status,2,2,0,84,84,0,42.0,0.0,130.19133,130.19133,0.0,0,0,0,0.0,,,0.387474,0.387474,0.0,REQ,,,,,0.0,0.0,0.0,0
386866,0.0,0.0,0.0,0.0,0.0,0.0,udp,0.0,,cs0,,63.0,,1.0,,Status,1,1,0,42,42,0,42.0,0.0,0.0,0.0,0.0,0,0,0,0.0,,,0.0,0.0,0.0,REQ,,,,,0.0,0.0,0.0,0
386880,2.58396,2.58396,2.58396,2.58396,2.58396,2.58396,udp,0.0,,cs0,,63.0,,1.0,,Status,2,2,0,84,84,0,42.0,0.0,130.032974,130.032974,0.0,0,0,0,0.0,,,0.387003,0.387003,0.0,REQ,,,,,0.0,0.0,0.0,0
386938,0.0,0.0,0.0,0.0,0.0,0.0,udp,0.0,,cs0,,63.0,,1.0,,Status,1,1,0,42,42,0,42.0,0.0,0.0,0.0,0.0,0,0,0,0.0,,,0.0,0.0,0.0,REQ,,,,,0.0,0.0,0.0,0
387029,0.0,0.0,0.0,0.0,0.0,0.0,udp,0.0,,cs0,,63.0,,1.0,,Status,1,1,0,42,42,0,42.0,0.0,0.0,0.0,0.0,0,0,0,0.0,,,0.0,0.0,0.0,REQ,,,,,0.0,0.0,0.0,0
387046,0.0,0.0,0.0,0.0,0.0,0.0,udp,0.0,,cs0,,63.0,,1.0,,Status,1,1,0,42,42,0,42.0,0.0,0.0,0.0,0.0,0,0,0,0.0,,,0.0,0.0,0.0,REQ,,,,,0.0,0.0,0.0,0
387078,0.0,0.0,0.0,0.0,0.0,0.0,udp,0.0,,cs0,,63.0,,1.0,,Status,1,1,0,42,42,0,42.0,0.0,0.0,0.0,0.0,0,0,0,0.0,,,0.0,0.0,0.0,REQ,,,,,0.0,0.0,0.0,0
387132,2.587195,2.587195,2.587195,2.587195,2.587195,2.587195,udp,0.0,,cs0,,63.0,,1.0,,Status,2,2,0,84,84,0,42.0,0.0,129.870392,129.870392,0.0,0,0,0,0.0,,,0.386519,0.386519,0.0,REQ,,,,,0.0,0.0,0.0,0
387234,0.0,0.0,0.0,0.0,0.0,0.0,udp,0.0,,cs0,,63.0,,1.0,,Status,1,1,0,42,42,0,42.0,0.0,0.0,0.0,0.0,0,0,0,0.0,,,0.0,0.0,0.0,REQ,,,,,0.0,0.0,0.0,0
387252,2.583399,2.583399,2.583399,2.583399,2.583399,2.583399,udp,0.0,,cs0,,63.0,,1.0,,Status,2,2,0,84,84,0,42.0,0.0,130.061203,130.061203,0.0,0,0,0,0.0,,,0.387087,0.387087,0.0,REQ,,,,,0.0,0.0,0.0,0
387320,0.0,0.0,0.0,0.0,0.0,0.0,udp,0.0,,cs0,,63.0,,1.0,,Status,1,1,0,42,42,0,42.0,0.0,0.0,0.0,0.0,0,0,0,0.0,,,0.0,0.0,0.0,REQ,,,,,0.0,0.0,0.0,0
387339,0.0,0.0,0.0,0.0,0.0,0.0,udp,0.0,,cs0,,63.0,,1.0,,Status,1,1,0,42,42,0,42.0,0.0,0.0,0.0,0.0,0,0,0,0.0,,,0.0,0.0,0.0,REQ,,,,,0.0,0.0,0.0,0
387351,2.58699,2.58699,2.58699,2.58699,2.58699,2.58699,udp,0.0,,cs0,,63.0,,1.0,,Status,2,2,0,84,84,0,42.0,0.0,129.880661,129.880661,0.0,0,0,0,0.0,,,0.38655,0.38655,0.0,REQ,,,,,0.0,0.0,0.0,0
387392,2.583126,2.583126,2.583126,2.583126,2.583126,2.583126,udp,0.0,,cs0,,63.0,,1.0,,Status,2,2,0,84,84,0,42.0,0.0,130.074951,130.074951,0.0,0,0,0,0.0,,,0.387128,0.387128,0.0,REQ,,,,,0.0,0.0,0.0,0
387413,0.0,0.0,0.0,0.0,0.0,0.0,udp,0.0,,cs0,,63.0,,1.0,,Status,1,1,0,42,42,0,42.0,0.0,0.0,0.0,0.0,0,0,0,0.0,,,0.0,0.0,0.0,REQ,,,,,0.0,0.0,0.0,0
387429,2.585259,2.585259,2.585259,2.585259,2.585259,2.585259,udp,0.0,,cs0,,63.0,,1.0,,Status,2,2,0,84,84,0,42.0,0.0,129.967636,129.967636,0.0,0,0,0,0.0,,,0.386808,0.386808,0.0,REQ,,,,,0.0,0.0,0.0,0
387464,2.588923,2.588923,2.588923,2.588923,2.588923,2.588923,udp,0.0,,cs0,,63.0,,1.0,,Status,2,2,0,84,84,0,42.0,0.0,129.783691,129.783691,0.0,0,0,0,0.0,,,0.386261,0.386261,0.0,REQ,,,,,0.0,0.0,0.0,0
387504,2.591452,2.591452,2.591452,2.591452,2.591452,2.591452,udp,0.0,,cs0,,63.0,,1.0,,Status,2,2,0,84,84,0,42.0,0.0,129.657043,129.657043,0.0,0,0,0,0.0,,,0.385884,0.385884,0.0,REQ,,,,,0.0,0.0,0.0,0
387513,2.588694,2.588694,2.588694,2.588694,2.588694,2.588694,udp,0.0,,cs0,,63.0,,1.0,,Status,2,2,0,84,84,0,42.0,0.0,129.795181,129.795181,0.0,0,0,0,0.0,,,0.386295,0.386295,0.0,REQ,,,,,0.0,0.0,0.0,0
387568,0.0,0.0,0.0,0.0,0.0,0.0,udp,0.0,,cs0,,63.0,,1.0,,Status,1,1,0,42,42,0,42.0,0.0,0.0,0.0,0.0,0,0,0,0.0,,,0.0,0.0,0.0,REQ,,,,,0.0,0.0,0.0,0
387665,2.58751,2.58751,2.58751,2.58751,2.58751,2.58751,udp,0.0,,cs0,,63.0,,1.0,,Status,2,2,0,84,84,0,42.0,0.0,129.854568,129.854568,0.0,0,0,0,0.0,,,0.386472,0.386472,0.0,REQ,,,,,0.0,0.0,0.0,0
387734,2.580796,2.580796,2.580796,2.580796,2.580796,2.580796,udp,0.0,,cs0,,63.0,,1.0,,Status,2,2,0,84,84,0,42.0,0.0,130.192383,130.192383,0.0,0,0,0,0.0,,,0.387477,0.387477,0.0,REQ,,,,,0.0,0.0,0.0,0
387767,0.0,0.0,0.0,0.0,0.0,0.0,udp,0.0,,cs0,,63.0,,1.0,,Status,1,1,0,42,42,0,42.0,0.0,0.0,0.0,0.0,0,0,0,0.0,,,0.0,0.0,0.0,REQ,,,,,0.0,0.0,0.0,0
387786,0.0,0.0,0.0,0.0,0.0,0.0,udp,0.0,,cs0,,63.0,,1.0,,Status,1,1,0,42,42,0,42.0,0.0,0.0,0.0,0.0,0,0,0,0.0,,,0.0,0.0,0.0,REQ,,,,,0.0,0.0,0.0,0
387812,2.581997,2.581997,2.581997,2.581997,2.581997,2.581997,udp,0.0,,cs0,,63.0,,1.0,,Status,2,2,0,84,84,0,42.0,0.0,130.131836,130.131836,0.0,0,0,0,0.0,,,0.387297,0.387297,0.0,REQ,,,,,0.0,0.0,0.0,0
387843,0.0,0.0,0.0,0.0,0.0,0.0,udp,0.0,,cs0,,63.0,,1.0,,Status,1,1,0,42,42,0,42.0,0.0,0.0,0.0,0.0,0,0,0,0.0,,,0.0,0.0,0.0,REQ,,,,,0.0,0.0,0.0,0
387851,0.0,0.0,0.0,0.0,0.0,0.0,udp,0.0,,cs0,,63.0,,1.0,,Status,1,1,0,42,42,0,42.0,0.0,0.0,0.0,0.0,0,0,0,0.0,,,0.0,0.0,0.0,REQ,,,,,0.0,0.0,0.0,0
387957,2.587019,2.587019,2.587019,2.587019,2.587019,2.587019,udp,0.0,,cs0,,63.0,,1.0,,Status,2,2,0,84,84,0,42.0,0.0,129.879211,129.879211,0.0,0,0,0,0.0,,,0.386545,0.386545,0.0,REQ,,,,,0.0,0.0,0.0,0
387991,2.584199,2.584199,2.584199,2.584199,2.584199,2.584199,udp,0.0,,cs0,,63.0,,1.0,,Status,2,2,0,84,84,0,42.0,0.0,130.02095,130.02095,0.0,0,0,0,0.0,,,0.386967,0.386967,0.0,REQ,,,,,0.0,0.0,0.0,0
387992,2.584199,2.584199,2.584199,2.584199,2.584199,2.584199,udp,0.0,,cs0,,63.0,,1.0,,Status,2,2,0,84,84,0,42.0,0.0,130.02095,130.02095,0.0,0,0,0,0.0,,,0.386967,0.386967,0.0,REQ,,,,,0.0,0.0,0.0,0
388031,0.0,0.0,0.0,0.0,0.0,0.0,udp,0.0,,cs0,,63.0,,1.0,,Status,1,1,0,42,42,0,42.0,0.0,0.0,0.0,0.0,0,0,0,0.0,,,0.0,0.0,0.0,REQ,,,,,0.0,0.0,0.0,0
388096,2.583364,2.583364,2.583364,2.583364,2.583364,2.583364,udp,0.0,,cs0,,63.0,,1.0,,Status,2,2,0,84,84,0,42.0,0.0,130.062973,130.062973,0.0,0,0,0,0.0,,,0.387092,0.387092,0.0,REQ,,,,,0.0,0.0,0.0,0
388120,2.5832,2.5832,2.5832,2.5832,2.5832,2.5832,udp,0.0,,cs0,,63.0,,1.0,,Status,2,2,0,84,84,0,42.0,0.0,130.071228,130.071228,0.0,0,0,0,0.0,,,0.387117,0.387117,0.0,REQ,,,,,0.0,0.0,0.0,0
388215,2.58796,2.58796,2.58796,2.58796,2.58796,2.58796,udp,0.0,,cs0,,63.0,,1.0,,Status,2,2,0,84,84,0,42.0,0.0,129.831985,129.831985,0.0,0,0,0,0.0,,,0.386405,0.386405,0.0,REQ,,,,,0.0,0.0,0.0,0
388253,2.588047,2.588047,2.588047,2.588047,2.588047,2.588047,udp,0.0,,cs0,,63.0,,1.0,,Status,2,2,0,84,84,0,42.0,0.0,129.827621,129.827621,0.0,0,0,0,0.0,,,0.386392,0.386392,0.0,REQ,,,,,0.0,0.0,0.0,0
388269,2.583595,2.583595,2.583595,2.583595,2.583595,2.583595,udp,0.0,,cs0,,63.0,,1.0,,Status,2,2,0,84,84,0,42.0,0.0,130.051346,130.051346,0.0,0,0,0,0.0,,,0.387058,0.387058,0.0,REQ,,,,,0.0,0.0,0.0,0
388363,0.0,0.0,0.0,0.0,0.0,0.0,udp,0.0,,cs0,,63.0,,1.0,,Status,1,1,0,42,42,0,42.0,0.0,0.0,0.0,0.0,0,0,0,0.0,,,0.0,0.0,0.0,REQ,,,,,0.0,0.0,0.0,0
388389,0.0,0.0,0.0,0.0,0.0,0.0,udp,0.0,,cs0,,63.0,,1.0,,Status,1,1,0,42,42,0,42.0,0.0,0.0,0.0,0.0,0,0,0,0.0,,,0.0,0.0,0.0,REQ,,,,,0.0,0.0,0.0,0
388394,0.0,0.0,0.0,0.0,0.0,0.0,udp,0.0,,cs0,,63.0,,1.0,,Status,1,1,0,42,42,0,42.0,0.0,0.0,0.0,0.0,0,0,0,0.0,,,0.0,0.0,0.0,REQ,,,,,0.0,0.0,0.0,0
388399,2.58394,2.58394,2.58394,2.58394,2.58394,2.58394,udp,0.0,,cs0,,63.0,,1.0,,Status,2,2,0,84,84,0,42.0,0.0,130.033981,130.033981,0.0,0,0,0,0.0,,,0.387006,0.387006,0.0,REQ,,,,,0.0,0.0,0.0,0
388508,0.0,0.0,0.0,0.0,0.0,0.0,udp,0.0,,cs0,,63.0,,1.0,,Status,1,1,0,42,42,0,42.0,0.0,0.0,0.0,0.0,0,0,0,0.0,,,0.0,0.0,0.0,REQ,,,,,0.0,0.0,0.0,0
388626,0.0,0.0,0.0,0.0,0.0,0.0,udp,0.0,,cs0,,63.0,,1.0,,Status,1,1,0,42,42,0,42.0,0.0,0.0,0.0,0.0,0,0,0,0.0,,,0.0,0.0,0.0,REQ,,,,,0.0,0.0,0.0,0
388630,0.0,0.0,0.0,0.0,0.0,0.0,udp,0.0,,cs0,,63.0,,1.0,,Status,1,1,0,42,42,0,42.0,0.0,0.0,0.0,0.0,0,0,0,0.0,,,0.0,0.0,0.0,REQ,,,,,0.0,0.0,0.0,0
388671,2.581036,2.581036,2.581036,2.581036,2.581036,2.581036,udp,0.0,,cs0,,63.0,,1.0,,Status,2,2,0,84,84,0,42.0,0.0,130.180283,130.180283,0.0,0,0,0,0.0,,,0.387441,0.387441,0.0,REQ,,,,,0.0,0.0,0.0,0
388681,0.0,0.0,0.0,0.0,0.0,0.0,udp,0.0,,cs0,,63.0,,1.0,,Status,1,1,0,42,42,0,42.0,0.0,0.0,0.0,0.0,0,0,0,0.0,,,0.0,0.0,0.0,REQ,,,,,0.0,0.0,0.0,0
388792,2.582263,2.582263,2.582263,2.582263,2.582263,2.582263,udp,0.0,,cs0,,63.0,,1.0,,Status,2,2,0,84,84,0,42.0,0.0,130.118423,130.118423,0.0,0,0,0,0.0,,,0.387257,0.387257,0.0,REQ,,,,,0.0,0.0,0.0,0
388853,2.583596,2.583596,2.583596,2.583596,2.583596,2.583596,udp,0.0,,cs0,,63.0,,1.0,,Status,2,2,0,84,84,0,42.0,0.0,130.0513,130.0513,0.0,0,0,0,0.0,,,0.387057,0.387057,0.0,REQ,,,,,0.0,0.0,0.0,0
388857,2.584629,2.584629,2.584629,2.584629,2.584629,2.584629,udp,0.0,,cs0,,63.0,,1.0,,Status,2,2,0,84,84,0,42.0,0.0,129.999313,129.999313,0.0,0,0,0,0.0,,,0.386903,0.386903,0.0,REQ,,,,,0.0,0.0,0.0,0
388862,2.586589,2.586589,2.586589,2.586589,2.586589,2.586589,udp,0.0,,cs0,,63.0,,1.0,,Status,2,2,0,84,84,0,42.0,0.0,129.900803,129.900803,0.0,0,0,0,0.0,,,0.38661,0.38661,0.0,REQ,,,,,0.0,0.0,0.0,0
388868,0.0,0.0,0.0,0.0,0.0,0.0,udp,0.0,,cs0,,63.0,,1.0,,Status,1,1,0,42,42,0,42.0,0.0,0.0,0.0,0.0,0,0,0,0.0,,,0.0,0.0,0.0,REQ,,,,,0.0,0.0,0.0,0
388874,0.0,0.0,0.0,0.0,0.0,0.0,udp,0.0,,cs0,,63.0,,1.0,,Status,1,1,0,42,42,0,42.0,0.0,0.0,0.0,0.0,0,0,0,0.0,,,0.0,0.0,0.0,REQ,,,,,0.0,0.0,0.0,0
388959,2.583363,2.583363,2.583363,2.583363,2.583363,2.583363,udp,0.0,,cs0,,63.0,,1.0,,Status,2,2,0,84,84,0,42.0,0.0,130.063019,130.063019,0.0,0,0,0,0.0,,,0.387092,0.387092,0.0,REQ,,,,,0.0,0.0,0.0,0
389013,0.0,0.0,0.0,0.0,0.0,0.0,udp,0.0,,cs0,,63.0,,1.0,,Status,1,1,0,42,42,0,42.0,0.0,0.0,0.0,0.0,0,0,0,0.0,,,0.0,0.0,0.0,REQ,,,,,0.0,0.0,0.0,0
389090,0.0,0.0,0.0,0.0,0.0,0.0,udp,0.0,,cs0,,63.0,,1.0,,Status,1,1,0,42,42,0,42.0,0.0,0.0,0.0,0.0,0,0,0,0.0,,,0.0,0.0,0.0,REQ,,,,,0.0,0.0,0.0,0
389092,0.0,0.0,0.0,0.0,0.0,0.0,udp,0.0,,cs0,,63.0,,1.0,,Status,1,1,0,42,42,0,42.0,0.0,0.0,0.0,0.0,0,0,0,0.0,,,0.0,0.0,0.0,REQ,,,,,0.0,0.0,0.0,0
389136,0.0,0.0,0.0,0.0,0.0,0.0,udp,0.0,,cs0,,63.0,,1.0,,Status,1,1,0,42,42,0,42.0,0.0,0.0,0.0,0.0,0,0,0,0.0,,,0.0,0.0,0.0,REQ,,,,,0.0,0.0,0.0,0
389166,2.584956,2.584956,2.584956,2.584956,2.584956,2.584956,udp,0.0,,cs0,,63.0,,1.0,,Status,2,2,0,84,84,0,42.0,0.0,129.98288,129.98288,0.0,0,0,0,0.0,,,0.386854,0.386854,0.0,REQ,,,,,0.0,0.0,0.0,0
389261,0.0,0.0,0.0,0.0,0.0,0.0,udp,0.0,,cs0,,63.0,,1.0,,Status,1,1,0,42,42,0,42.0,0.0,0.0,0.0,0.0,0,0,0,0.0,,,0.0,0.0,0.0,REQ,,,,,0.0,0.0,0.0,0
389276,2.587176,2.587176,2.587176,2.587176,2.587176,2.587176,udp,0.0,,cs0,,63.0,,1.0,,Status,2,2,0,84,84,0,42.0,0.0,129.871338,129.871338,0.0,0,0,0,0.0,,,0.386522,0.386522,0.0,REQ,,,,,0.0,0.0,0.0,0
389383,0.0,0.0,0.0,0.0,0.0,0.0,udp,0.0,,cs0,,63.0,,1.0,,Status,1,1,0,42,42,0,42.0,0.0,0.0,0.0,0.0,0,0,0,0.0,,,0.0,0.0,0.0,REQ,,,,,0.0,0.0,0.0,0
389384,2.580817,2.580817,2.580817,2.580817,2.580817,2.580817,udp,0.0,,cs0,,63.0,,1.0,,Status,2,2,0,84,84,0,42.0,0.0,130.19133,130.19133,0.0,0,0,0,0.0,,,0.387474,0.387474,0.0,REQ,,,,,0.0,0.0,0.0,0
389469,2.587069,2.587069,2.587069,2.587069,2.587069,2.587069,udp,0.0,,cs0,,63.0,,1.0,,Status,2,2,0,84,84,0,42.0,0.0,129.876709,129.876709,0.0,0,0,0,0.0,,,0.386538,0.386538,0.0,REQ,,,,,0.0,0.0,0.0,0
389511,2.583187,2.583187,2.583187,2.583187,2.583187,2.583187,udp,0.0,,cs0,,63.0,,1.0,,Status,2,2,0,84,84,0,42.0,0.0,130.071884,130.071884,0.0,0,0,0,0.0,,,0.387119,0.387119,0.0,REQ,,,,,0.0,0.0,0.0,0
389536,2.583164,2.583164,2.583164,2.583164,2.583164,2.583164,udp,0.0,,cs0,,63.0,,1.0,,Status,2,2,0,84,84,0,42.0,0.0,130.073044,130.073044,0.0,0,0,0,0.0,,,0.387122,0.387122,0.0,REQ,,,,,0.0,0.0,0.0,0
389573,0.0,0.0,0.0,0.0,0.0,0.0,udp,0.0,,cs0,,63.0,,1.0,,Status,1,1,0,42,42,0,42.0,0.0,0.0,0.0,0.0,0,0,0,0.0,,,0.0,0.0,0.0,REQ,,,,,0.0,0.0,0.0,0
389580,0.0,0.0,0.0,0.0,0.0,0.0,udp,0.0,,cs0,,63.0,,1.0,,Status,1,1,0,42,42,0,42.0,0.0,0.0,0.0,0.0,0,0,0,0.0,,,0.0,0.0,0.0,REQ,,,,,0.0,0.0,0.0,0
389602,0.0,0.0,0.0,0.0,0.0,0.0,udp,0.0,,cs0,,63.0,,1.0,,Status,1,1,0,42,42,0,42.0,0.0,0.0,0.0,0.0,0,0,0,0.0,,,0.0,0.0,0.0,REQ,,,,,0.0,0.0,0.0,0
389738,0.0,0.0,0.0,0.0,0.0,0.0,udp,0.0,,cs0,,63.0,,1.0,,Status,1,1,0,42,42,0,42.0,0.0,0.0,0.0,0.0,0,0,0,0.0,,,0.0,0.0,0.0,REQ,,,,,0.0,0.0,0.0,0
389781,2.58112,2.58112,2.58112,2.58112,2.58112,2.58112,udp,0.0,,cs0,,63.0,,1.0,,Status,2,2,0,84,84,0,42.0,0.0,130.176041,130.176041,0.0,0,0,0,0.0,,,0.387429,0.387429,0.0,REQ,,,,,0.0,0.0,0.0,0
389807,0.0,0.0,0.0,0.0,0.0,0.0,udp,0.0,,cs0,,63.0,,1.0,,Status,1,1,0,42,42,0,42.0,0.0,0.0,0.0,0.0,0,0,0,0.0,,,0.0,0.0,0.0,REQ,,,,,0.0,0.0,0.0,0
389835,2.579829,2.579829,2.579829,2.579829,2.579829,2.579829,udp,0.0,,cs0,,63.0,,1.0,,Status,2,2,0,84,84,0,42.0,0.0,130.241196,130.241196,0.0,0,0,0,0.0,,,0.387623,0.387623,0.0,REQ,,,,,0.0,0.0,0.0,0
389953,2.583066,2.583066,2.583066,2.583066,2.583066,2.583066,udp,0.0,,cs0,,63.0,,1.0,,Status,2,2,0,84,84,0,42.0,0.0,130.077972,130.077972,0.0,0,0,0,0.0,,,0.387137,0.387137,0.0,REQ,,,,,0.0,0.0,0.0,0
389974,0.0,0.0,0.0,0.0,0.0,0.0,udp,0.0,,cs0,,63.0,,1.0,,Status,1,1,0,42,42,0,42.0,0.0,0.0,0.0,0.0,0,0,0,0.0,,,0.0,0.0,0.0,REQ,,,,,0.0,0.0,0.0,0
390005,2.580226,2.580226,2.580226,2.580226,2.580226,2.580226,udp,0.0,,cs0,,63.0,,1.0,,Status,2,2,0,84,84,0,42.0,0.0,130.221161,130.221161,0.0,0,0,0,0.0,,,0.387563,0.387563,0.0,REQ,,,,,0.0,0.0,0.0,0
390026,0.0,0.0,0.0,0.0,0.0,0.0,udp,0.0,,cs0,,63.0,,1.0,,Status,1,1,0,42,42,0,42.0,0.0,0.0,0.0,0.0,0,0,0,0.0,,,0.0,0.0,0.0,REQ,,,,,0.0,0.0,0.0,0
390086,2.581895,2.581895,2.581895,2.581895,2.581895,2.581895,udp,0.0,,cs0,,63.0,,1.0,,Status,2,2,0,84,84,0,42.0,0.0,130.136963,130.136963,0.0,0,0,0,0.0,,,0.387312,0.387312,0.0,REQ,,,,,0.0,0.0,0.0,0
390112,0.0,0.0,0.0,0.0,0.0,0.0,udp,0.0,,cs0,,63.0,,1.0,,Status,1,1,0,42,42,0,42.0,0.0,0.0,0.0,0.0,0,0,0,0.0,,,0.0,0.0,0.0,REQ,,,,,0.0,0.0,0.0,0
390170,0.0,0.0,0.0,0.0,0.0,0.0,udp,0.0,,cs0,,63.0,,1.0,,Status,1,1,0,42,42,0,42.0,0.0,0.0,0.0,0.0,0,0,0,0.0,,,0.0,0.0,0.0,REQ,,,,,0.0,0.0,0.0,0
390183,0.0,0.0,0.0,0.0,0.0,0.0,udp,0.0,,cs0,,63.0,,1.0,,Status,1,1,0,42,42,0,42.0,0.0,0.0,0.0,0.0,0,0,0,0.0,,,0.0,0.0,0.0,REQ,,,,,0.0,0.0,0.0,0
390291,0.0,0.0,0.0,0.0,0.0,0.0,udp,0.0,,cs0,,63.0,,1.0,,Status,1,1,0,42,42,0,42.0,0.0,0.0,0.0,0.0,0,0,0,0.0,,,0.0,0.0,0.0,REQ,,,,,0.0,0.0,0.0,0
390322,2.580139,2.580139,2.580139,2.580139,2.580139,2.580139,udp,0.0,,cs0,,63.0,,1.0,,Status,2,2,0,84,84,0,42.0,0.0,130.22554,130.22554,0.0,0,0,0,0.0,,,0.387576,0.387576,0.0,REQ,,,,,0.0,0.0,0.0,0
390347,2.580273,2.580273,2.580273,2.580273,2.580273,2.580273,udp,0.0,,cs0,,63.0,,1.0,,Status,2,2,0,84,84,0,42.0,0.0,130.218781,130.218781,0.0,0,0,0,0.0,,,0.387556,0.387556,0.0,REQ,,,,,0.0,0.0,0.0,0
390499,2.58582,2.58582,2.58582,2.58582,2.58582,2.58582,udp,0.0,,cs0,,63.0,,1.0,,Status,2,2,0,84,84,0,42.0,0.0,129.939438,129.939438,0.0,0,0,0,0.0,,,0.386725,0.386725,0.0,REQ,,,,,0.0,0.0,0.0,0
390579,0.0,0.0,0.0,0.0,0.0,0.0,udp,0.0,,cs0,,63.0,,1.0,,Status,1,1,0,42,42,0,42.0,0.0,0.0,0.0,0.0,0,0,0,0.0,,,0.0,0.0,0.0,REQ,,,,,0.0,0.0,0.0,0
390611,0.0,0.0,0.0,0.0,0.0,0.0,udp,0.0,,cs0,,63.0,,1.0,,Status,1,1,0,42,42,0,42.0,0.0,0.0,0.0,0.0,0,0,0,0.0,,,0.0,0.0,0.0,REQ,,,,,0.0,0.0,0.0,0
390676,0.0,0.0,0.0,0.0,0.0,0.0,udp,0.0,,cs0,,63.0,,1.0,,Status,1,1,0,42,42,0,42.0,0.0,0.0,0.0,0.0,0,0,0,0.0,,,0.0,0.0,0.0,REQ,,,,,0.0,0.0,0.0,0
390695,0.0,0.0,0.0,0.0,0.0,0.0,udp,0.0,,cs0,,63.0,,1.0,,Status,1,1,0,42,42,0,42.0,0.0,0.0,0.0,0.0,0,0,0,0.0,,,0.0,0.0,0.0,REQ,,,,,0.0,0.0,0.0,0
390696,0.0,0.0,0.0,0.0,0.0,0.0,udp,0.0,,cs0,,63.0,,1.0,,Status,1,1,0,42,42,0,42.0,0.0,0.0,0.0,0.0,0,0,0,0.0,,,0.0,0.0,0.0,REQ,,,,,0.0,0.0,0.0,0
390725,0.0,0.0,0.0,0.0,0.0,0.0,udp,0.0,,cs0,,63.0,,1.0,,Status,1,1,0,42,42,0,42.0,0.0,0.0,0.0,0.0,0,0,0,0.0,,,0.0,0.0,0.0,REQ,,,,,0.0,0.0,0.0,0
390745,0.0,0.0,0.0,0.0,0.0,0.0,udp,0.0,,cs0,,63.0,,1.0,,Status,1,1,0,42,42,0,42.0,0.0,0.0,0.0,0.0,0,0,0,0.0,,,0.0,0.0,0.0,REQ,,,,,0.0,0.0,0.0,0
390760,2.577572,2.577572,2.577572,2.577572,2.577572,2.577572,udp,0.0,,cs0,,63.0,,1.0,,Status,2,2,0,84,84,0,42.0,0.0,130.355225,130.355225,0.0,0,0,0,0.0,,,0.387962,0.387962,0.0,REQ,,,,,0.0,0.0,0.0,0
390818,0.0,0.0,0.0,0.0,0.0,0.0,udp,0.0,,cs0,,63.0,,1.0,,Status,1,1,0,42,42,0,42.0,0.0,0.0,0.0,0.0,0,0,0,0.0,,,0.0,0.0,0.0,REQ,,,,,0.0,0.0,0.0,0
390830,2.583055,2.583055,2.583055,2.583055,2.583055,2.583055,udp,0.0,,cs0,,63.0,,1.0,,Status,2,2,0,84,84,0,42.0,0.0,130.078537,130.078537,0.0,0,0,0,0.0,,,0.387138,0.387138,0.0,REQ,,,,,0.0,0.0,0.0,0
390874,2.58301,2.58301,2.58301,2.58301,2.58301,2.58301,udp,0.0,,cs0,,63.0,,1.0,,Status,2,2,0,84,84,0,42.0,0.0,130.080795,130.080795,0.0,0,0,0,0.0,,,0.387145,0.387145,0.0,REQ,,,,,0.0,0.0,0.0,0
391169,2.582663,2.582663,2.582663,2.582663,2.582663,2.582663,udp,0.0,,cs0,,63.0,,1.0,,Status,2,2,0,84,84,0,42.0,0.0,130.098267,130.098267,0.0,0,0,0,0.0,,,0.387197,0.387197,0.0,REQ,,,,,0.0,0.0,0.0,0
391170,2.582712,2.582712,2.582712,2.582712,2.582712,2.582712,udp,0.0,,cs0,,63.0,,1.0,,Status,2,2,0,84,84,0,42.0,0.0,130.09581,130.09581,0.0,0,0,0,0.0,,,0.38719,0.38719,0.0,REQ,,,,,0.0,0.0,0.0,0
391179,0.0,0.0,0.0,0.0,0.0,0.0,udp,0.0,,cs0,,63.0,,1.0,,Status,1,1,0,42,42,0,42.0,0.0,0.0,0.0,0.0,0,0,0,0.0,,,0.0,0.0,0.0,REQ,,,,,0.0,0.0,0.0,0
391236,2.577288,2.577288,2.577288,2.577288,2.577288,2.577288,udp,0.0,,cs0,,63.0,,1.0,,Status,2,2,0,84,84,0,42.0,0.0,130.369598,130.369598,0.0,0,0,0,0.0,,,0.388005,0.388005,0.0,REQ,,,,,0.0,0.0,0.0,0
391319,2.582074,2.582074,2.582074,2.582074,2.582074,2.582074,udp,0.0,,cs0,,63.0,,1.0,,Status,2,2,0,84,84,0,42.0,0.0,130.12796,130.12796,0.0,0,0,0,0.0,,,0.387286,0.387286,0.0,REQ,,,,,0.0,0.0,0.0,0
391353,2.581774,2.581774,2.581774,2.581774,2.581774,2.581774,udp,0.0,,cs0,,63.0,,1.0,,Status,2,2,0,84,84,0,42.0,0.0,130.143066,130.143066,0.0,0,0,0,0.0,,,0.387331,0.387331,0.0,REQ,,,,,0.0,0.0,0.0,0
391390,2.580903,2.580903,2.580903,2.580903,2.580903,2.580903,udp,0.0,,cs0,,63.0,,1.0,,Status,2,2,0,84,84,0,42.0,0.0,130.186996,130.186996,0.0,0,0,0,0.0,,,0.387461,0.387461,0.0,REQ,,,,,0.0,0.0,0.0,0
391507,2.581189,2.581189,2.581189,2.581189,2.581189,2.581189,udp,0.0,,cs0,,63.0,,1.0,,Status,2,2,0,84,84,0,42.0,0.0,130.172577,130.172577,0.0,0,0,0,0.0,,,0.387418,0.387418,0.0,REQ,,,,,0.0,0.0,0.0,0
391580,0.0,0.0,0.0,0.0,0.0,0.0,udp,0.0,,cs0,,63.0,,1.0,,Status,1,1,0,42,42,0,42.0,0.0,0.0,0.0,0.0,0,0,0,0.0,,,0.0,0.0,0.0,REQ,,,,,0.0,0.0,0.0,0
391607,2.580635,2.580635,2.580635,2.580635,2.580635,2.580635,udp,0.0,,cs0,,63.0,,1.0,,Status,2,2,0,84,84,0,42.0,0.0,130.200516,130.200516,0.0,0,0,0,0.0,,,0.387502,0.387502,0.0,REQ,,,,,0.0,0.0,0.0,0
391689,2.582092,2.582092,2.582092,2.582092,2.582092,2.582092,udp,0.0,,cs0,,63.0,,1.0,,Status,2,2,0,84,84,0,42.0,0.0,130.127045,130.127045,0.0,0,0,0,0.0,,,0.387283,0.387283,0.0,REQ,,,,,0.0,0.0,0.0,0
391750,0.0,0.0,0.0,0.0,0.0,0.0,udp,0.0,,cs0,,63.0,,1.0,,Status,1,1,0,42,42,0,42.0,0.0,0.0,0.0,0.0,0,0,0,0.0,,,0.0,0.0,0.0,REQ,,,,,0.0,0.0,0.0,0
391759,2.579156,2.579156,2.579156,2.579156,2.579156,2.579156,udp,0.0,,cs0,,63.0,,1.0,,Start,2,2,0,84,84,0,42.0,0.0,130.275177,130.275177,0.0,0,0,0,0.0,,,0.387724,0.387724,0.0,INT,,,,,0.0,0.0,0.0,0
391780,2.579166,2.579166,2.579166,2.579166,2.579166,2.579166,udp,0.0,,cs0,,63.0,,1.0,,Status,2,2,0,84,84,0,42.0,0.0,130.274673,130.274673,0.0,0,0,0,0.0,,,0.387722,0.387722,0.0,REQ,,,,,0.0,0.0,0.0,0
391789,0.0,0.0,0.0,0.0,0.0,0.0,udp,0.0,,cs0,,63.0,,1.0,,Status,1,1,0,42,42,0,42.0,0.0,0.0,0.0,0.0,0,0,0,0.0,,,0.0,0.0,0.0,REQ,,,,,0.0,0.0,0.0,0
391898,2.586169,2.586169,2.586169,2.586169,2.586169,2.586169,udp,0.0,,cs0,,63.0,,1.0,,Status,2,2,0,84,84,0,42.0,0.0,129.921906,129.921906,0.0,0,0,0,0.0,,,0.386672,0.386672,0.0,REQ,,,,,0.0,0.0,0.0,0
391926,0.0,0.0,0.0,0.0,0.0,0.0,udp,0.0,,cs0,,63.0,,1.0,,Status,1,1,0,42,42,0,42.0,0.0,0.0,0.0,0.0,0,0,0,0.0,,,0.0,0.0,0.0,REQ,,,,,0.0,0.0,0.0,0
392006,0.0,0.0,0.0,0.0,0.0,0.0,udp,0.0,,cs0,,63.0,,1.0,,Status,1,1,0,42,42,0,42.0,0.0,0.0,0.0,0.0,0,0,0,0.0,,,0.0,0.0,0.0,REQ,,,,,0.0,0.0,0.0,0
392008,0.0,0.0,0.0,0.0,0.0,0.0,udp,0.0,,cs0,,63.0,,1.0,,Status,1,1,0,42,42,0,42.0,0.0,0.0,0.0,0.0,0,0,0,0.0,,,0.0,0.0,0.0,REQ,,,,,0.0,0.0,0.0,0
392021,0.0,0.0,0.0,0.0,0.0,0.0,udp,0.0,,cs0,,63.0,,1.0,,Status,1,1,0,42,42,0,42.0,0.0,0.0,0.0,0.0,0,0,0,0.0,,,0.0,0.0,0.0,REQ,,,,,0.0,0.0,0.0,0
392029,0.0,0.0,0.0,0.0,0.0,0.0,udp,0.0,,cs0,,63.0,,1.0,,Status,1,1,0,42,42,0,42.0,0.0,0.0,0.0,0.0,0,0,0,0.0,,,0.0,0.0,0.0,REQ,,,,,0.0,0.0,0.0,0
392402,2.578389,2.578389,2.578389,2.578389,2.578389,2.578389,udp,0.0,,cs0,,63.0,,1.0,,Status,2,2,0,84,84,0,42.0,0.0,130.313934,130.313934,0.0,0,0,0,0.0,,,0.387839,0.387839,0.0,REQ,,,,,0.0,0.0,0.0,0
392434,0.0,0.0,0.0,0.0,0.0,0.0,udp,0.0,,cs0,,63.0,,1.0,,Status,1,1,0,42,42,0,42.0,0.0,0.0,0.0,0.0,0,0,0,0.0,,,0.0,0.0,0.0,REQ,,,,,0.0,0.0,0.0,0
392450,2.580119,2.580119,2.580119,2.580119,2.580119,2.580119,udp,0.0,,cs0,,63.0,,1.0,,Status,2,2,0,84,84,0,42.0,0.0,130.226562,130.226562,0.0,0,0,0,0.0,,,0.387579,0.387579,0.0,REQ,,,,,0.0,0.0,0.0,0
392477,0.0,0.0,0.0,0.0,0.0,0.0,udp,0.0,,cs0,,63.0,,1.0,,Status,1,1,0,42,42,0,42.0,0.0,0.0,0.0,0.0,0,0,0,0.0,,,0.0,0.0,0.0,REQ,,,,,0.0,0.0,0.0,0
392488,2.579009,2.579009,2.579009,2.579009,2.579009,2.579009,udp,0.0,,cs0,,63.0,,1.0,,Status,2,2,0,84,84,0,42.0,0.0,130.282593,130.282593,0.0,0,0,0,0.0,,,0.387746,0.387746,0.0,REQ,,,,,0.0,0.0,0.0,0
392491,2.580868,2.580868,2.580868,2.580868,2.580868,2.580868,udp,0.0,,cs0,,63.0,,1.0,,Status,2,2,0,84,84,0,42.0,0.0,130.188751,130.188751,0.0,0,0,0,0.0,,,0.387467,0.387467,0.0,REQ,,,,,0.0,0.0,0.0,0
392599,2.571222,2.571222,2.571222,2.571222,2.571222,2.571222,udp,0.0,,cs0,,63.0,,1.0,,Status,2,2,0,84,84,0,42.0,0.0,130.677155,130.677155,0.0,0,0,0,0.0,,,0.38892,0.38892,0.0,REQ,,,,,0.0,0.0,0.0,0
392611,0.0,0.0,0.0,0.0,0.0,0.0,udp,0.0,,cs0,,63.0,,1.0,,Status,1,1,0,42,42,0,42.0,0.0,0.0,0.0,0.0,0,0,0,0.0,,,0.0,0.0,0.0,REQ,,,,,0.0,0.0,0.0,0
392617,2.576901,2.576901,2.576901,2.576901,2.576901,2.576901,udp,0.0,,cs0,,63.0,,1.0,,Status,2,2,0,84,84,0,42.0,0.0,130.389175,130.389175,0.0,0,0,0,0.0,,,0.388063,0.388063,0.0,REQ,,,,,0.0,0.0,0.0,0
392647,2.576925,2.576925,2.576925,2.576925,2.576925,2.576925,udp,0.0,,cs0,,63.0,,1.0,,Status,2,2,0,84,84,0,42.0,0.0,130.387955,130.387955,0.0,0,0,0,0.0,,,0.388059,0.388059,0.0,REQ,,,,,0.0,0.0,0.0,0
392767,0.0,0.0,0.0,0.0,0.0,0.0,udp,0.0,,cs0,,63.0,,1.0,,Status,1,1,0,42,42,0,42.0,0.0,0.0,0.0,0.0,0,0,0,0.0,,,0.0,0.0,0.0,REQ,,,,,0.0,0.0,0.0,0
392917,2.574268,2.574268,2.574268,2.574268,2.574268,2.574268,udp,0.0,,cs0,,63.0,,1.0,,Status,2,2,0,84,84,0,42.0,0.0,130.522537,130.522537,0.0,0,0,0,0.0,,,0.38846,0.38846,0.0,REQ,,,,,0.0,0.0,0.0,0
392934,2.579842,2.579842,2.579842,2.579842,2.579842,2.579842,udp,0.0,,cs0,,63.0,,1.0,,Status,2,2,0,84,84,0,42.0,0.0,130.240524,130.240524,0.0,0,0,0,0.0,,,0.387621,0.387621,0.0,REQ,,,,,0.0,0.0,0.0,0
392943,2.579842,2.579842,2.579842,2.579842,2.579842,2.579842,udp,0.0,,cs0,,63.0,,1.0,,Status,2,2,0,84,84,0,42.0,0.0,130.240524,130.240524,0.0,0,0,0,0.0,,,0.387621,0.387621,0.0,REQ,,,,,0.0,0.0,0.0,0
392950,2.579305,2.579305,2.579305,2.579305,2.579305,2.579305,udp,0.0,,cs0,,63.0,,1.0,,Status,2,2,0,84,84,0,42.0,0.0,130.267654,130.267654,0.0,0,0,0,0.0,,,0.387701,0.387701,0.0,REQ,,,,,0.0,0.0,0.0,0
392953,2.578301,2.578301,2.578301,2.578301,2.578301,2.578301,udp,0.0,,cs0,,63.0,,1.0,,Status,2,2,0,84,84,0,42.0,0.0,130.318375,130.318375,0.0,0,0,0,0.0,,,0.387852,0.387852,0.0,REQ,,,,,0.0,0.0,0.0,0
393012,0.0,0.0,0.0,0.0,0.0,0.0,udp,0.0,,cs0,,63.0,,1.0,,Status,1,1,0,42,42,0,42.0,0.0,0.0,0.0,0.0,0,0,0,0.0,,,0.0,0.0,0.0,REQ,,,,,0.0,0.0,0.0,0
393040,2.579666,2.579666,2.579666,2.579666,2.579666,2.579666,udp,0.0,,cs0,,63.0,,1.0,,Status,2,2,0,84,84,0,42.0,0.0,130.24942,130.24942,0.0,0,0,0,0.0,,,0.387647,0.387647,0.0,REQ,,,,,0.0,0.0,0.0,0
393090,2.580148,2.580148,2.580148,2.580148,2.580148,2.580148,udp,0.0,,cs0,,63.0,,1.0,,Status,2,2,0,84,84,0,42.0,0.0,130.225082,130.225082,0.0,0,0,0,0.0,,,0.387575,0.387575,0.0,REQ,,,,,0.0,0.0,0.0,0
393122,0.0,0.0,0.0,0.0,0.0,0.0,udp,0.0,,cs0,,63.0,,1.0,,Status,1,1,0,42,42,0,42.0,0.0,0.0,0.0,0.0,0,0,0,0.0,,,0.0,0.0,0.0,REQ,,,,,0.0,0.0,0.0,0
393136,0.0,0.0,0.0,0.0,0.0,0.0,udp,0.0,,cs0,,63.0,,1.0,,Status,1,1,0,42,42,0,42.0,0.0,0.0,0.0,0.0,0,0,0,0.0,,,0.0,0.0,0.0,REQ,,,,,0.0,0.0,0.0,0
393184,2.579972,2.579972,2.579972,2.579972,2.579972,2.579972,udp,0.0,,cs0,,63.0,,1.0,,Status,2,2,0,84,84,0,42.0,0.0,130.233963,130.233963,0.0,0,0,0,0.0,,,0.387601,0.387601,0.0,REQ,,,,,0.0,0.0,0.0,0
393263,2.582306,2.582306,2.582306,2.582306,2.582306,2.582306,udp,0.0,,cs0,,63.0,,1.0,,Status,2,2,0,84,84,0,42.0,0.0,130.116272,130.116272,0.0,0,0,0,0.0,,,0.387251,0.387251,0.0,REQ,,,,,0.0,0.0,0.0,0
393296,2.578227,2.578227,2.578227,2.578227,2.578227,2.578227,udp,0.0,,cs0,,63.0,,1.0,,Status,2,2,0,84,84,0,42.0,0.0,130.322113,130.322113,0.0,0,0,0,0.0,,,0.387863,0.387863,0.0,REQ,,,,,0.0,0.0,0.0,0
393297,2.57822,2.57822,2.57822,2.57822,2.57822,2.57822,udp,0.0,,cs0,,63.0,,1.0,,Status,2,2,0,84,84,0,42.0,0.0,130.322479,130.322479,0.0,0,0,0,0.0,,,0.387865,0.387865,0.0,REQ,,,,,0.0,0.0,0.0,0
393346,2.578087,2.578087,2.578087,2.578087,2.578087,2.578087,udp,0.0,,cs0,,63.0,,1.0,,Status,2,2,0,84,84,0,42.0,0.0,130.329193,130.329193,0.0,0,0,0,0.0,,,0.387884,0.387884,0.0,REQ,,,,,0.0,0.0,0.0,0
393416,2.581396,2.581396,2.581396,2.581396,2.581396,2.581396,udp,0.0,,cs0,,63.0,,1.0,,Status,2,2,0,84,84,0,42.0,0.0,130.162125,130.162125,0.0,0,0,0,0.0,,,0.387387,0.387387,0.0,REQ,,,,,0.0,0.0,0.0,0
393418,2.581431,2.581431,2.581431,2.581431,2.581431,2.581431,udp,0.0,,cs0,,63.0,,1.0,,Status,2,2,0,84,84,0,42.0,0.0,130.16037,130.16037,0.0,0,0,0,0.0,,,0.387382,0.387382,0.0,REQ,,,,,0.0,0.0,0.0,0
393424,0.0,0.0,0.0,0.0,0.0,0.0,udp,0.0,,cs0,,63.0,,1.0,,Status,1,1,0,42,42,0,42.0,0.0,0.0,0.0,0.0,0,0,0,0.0,,,0.0,0.0,0.0,REQ,,,,,0.0,0.0,0.0,0
393438,2.579262,2.579262,2.579262,2.579262,2.579262,2.579262,udp,0.0,,cs0,,63.0,,1.0,,Status,2,2,0,84,84,0,42.0,0.0,130.269821,130.269821,0.0,0,0,0,0.0,,,0.387708,0.387708,0.0,REQ,,,,,0.0,0.0,0.0,0
393445,2.579282,2.579282,2.579282,2.579282,2.579282,2.579282,udp,0.0,,cs0,,63.0,,1.0,,Status,2,2,0,84,84,0,42.0,0.0,130.268814,130.268814,0.0,0,0,0,0.0,,,0.387705,0.387705,0.0,REQ,,,,,0.0,0.0,0.0,0
393513,2.579926,2.579926,2.579926,2.579926,2.579926,2.579926,udp,0.0,,cs0,,63.0,,1.0,,Status,2,2,0,84,84,0,42.0,0.0,130.236298,130.236298,0.0,0,0,0,0.0,,,0.387608,0.387608,0.0,REQ,,,,,0.0,0.0,0.0,0
393537,0.0,0.0,0.0,0.0,0.0,0.0,udp,0.0,,cs0,,63.0,,1.0,,Status,1,1,0,42,42,0,42.0,0.0,0.0,0.0,0.0,0,0,0,0.0,,,0.0,0.0,0.0,REQ,,,,,0.0,0.0,0.0,0
393540,0.0,0.0,0.0,0.0,0.0,0.0,udp,0.0,,cs0,,63.0,,1.0,,Status,1,1,0,42,42,0,42.0,0.0,0.0,0.0,0.0,0,0,0,0.0,,,0.0,0.0,0.0,REQ,,,,,0.0,0.0,0.0,0
393578,0.0,0.0,0.0,0.0,0.0,0.0,udp,0.0,,cs0,,63.0,,1.0,,Status,1,1,0,42,42,0,42.0,0.0,0.0,0.0,0.0,0,0,0,0.0,,,0.0,0.0,0.0,REQ,,,,,0.0,0.0,0.0,0
393635,0.0,0.0,0.0,0.0,0.0,0.0,udp,0.0,,cs0,,63.0,,1.0,,Status,1,1,0,42,42,0,42.0,0.0,0.0,0.0,0.0,0,0,0,0.0,,,0.0,0.0,0.0,REQ,,,,,0.0,0.0,0.0,0
393639,0.0,0.0,0.0,0.0,0.0,0.0,udp,0.0,,cs0,,63.0,,1.0,,Status,1,1,0,42,42,0,42.0,0.0,0.0,0.0,0.0,0,0,0,0.0,,,0.0,0.0,0.0,REQ,,,,,0.0,0.0,0.0,0
393666,2.578137,2.578137,2.578137,2.578137,2.578137,2.578137,udp,0.0,,cs0,,63.0,,1.0,,Status,2,2,0,84,84,0,42.0,0.0,130.326675,130.326675,0.0,0,0,0,0.0,,,0.387877,0.387877,0.0,REQ,,,,,0.0,0.0,0.0,0
393669,2.578134,2.578134,2.578134,2.578134,2.578134,2.578134,udp,0.0,,cs0,,63.0,,1.0,,Status,2,2,0,84,84,0,42.0,0.0,130.326813,130.326813,0.0,0,0,0,0.0,,,0.387877,0.387877,0.0,REQ,,,,,0.0,0.0,0.0,0
393676,2.579787,2.579787,2.579787,2.579787,2.579787,2.579787,udp,0.0,,cs0,,63.0,,1.0,,Status,2,2,0,84,84,0,42.0,0.0,130.243317,130.243317,0.0,0,0,0,0.0,,,0.387629,0.387629,0.0,REQ,,,,,0.0,0.0,0.0,0
393719,2.58238,2.58238,2.58238,2.58238,2.58238,2.58238,udp,0.0,,cs0,,63.0,,1.0,,Status,2,2,0,84,84,0,42.0,0.0,130.112534,130.112534,0.0,0,0,0,0.0,,,0.38724,0.38724,0.0,REQ,,,,,0.0,0.0,0.0,0
393777,0.0,0.0,0.0,0.0,0.0,0.0,udp,0.0,,cs0,,63.0,,1.0,,Status,1,1,0,42,42,0,42.0,0.0,0.0,0.0,0.0,0,0,0,0.0,,,0.0,0.0,0.0,REQ,,,,,0.0,0.0,0.0,0
393810,0.0,0.0,0.0,0.0,0.0,0.0,udp,0.0,,cs0,,63.0,,1.0,,Status,1,1,0,42,42,0,42.0,0.0,0.0,0.0,0.0,0,0,0,0.0,,,0.0,0.0,0.0,REQ,,,,,0.0,0.0,0.0,0
393897,2.581727,2.581727,2.581727,2.581727,2.581727,2.581727,udp,0.0,,cs0,,63.0,,1.0,,Status,2,2,0,84,84,0,42.0,0.0,130.145447,130.145447,0.0,0,0,0,0.0,,,0.387338,0.387338,0.0,REQ,,,,,0.0,0.0,0.0,0
393922,2.582996,2.582996,2.582996,2.582996,2.582996,2.582996,udp,0.0,,cs0,,63.0,,1.0,,Status,2,2,0,84,84,0,42.0,0.0,130.081512,130.081512,0.0,0,0,0,0.0,,,0.387147,0.387147,0.0,REQ,,,,,0.0,0.0,0.0,0
393949,0.0,0.0,0.0,0.0,0.0,0.0,udp,0.0,,cs0,,63.0,,1.0,,Status,1,1,0,42,42,0,42.0,0.0,0.0,0.0,0.0,0,0,0,0.0,,,0.0,0.0,0.0,REQ,,,,,0.0,0.0,0.0,0
393955,0.0,0.0,0.0,0.0,0.0,0.0,udp,0.0,,cs0,,63.0,,1.0,,Status,1,1,0,42,42,0,42.0,0.0,0.0,0.0,0.0,0,0,0,0.0,,,0.0,0.0,0.0,REQ,,,,,0.0,0.0,0.0,0
393983,2.578788,2.578788,2.578788,2.578788,2.578788,2.578788,udp,0.0,,cs0,,63.0,,1.0,,Status,2,2,0,84,84,0,42.0,0.0,130.293762,130.293762,0.0,0,0,0,0.0,,,0.387779,0.387779,0.0,REQ,,,,,0.0,0.0,0.0,0
394057,2.578153,2.578153,2.578153,2.578153,2.578153,2.578153,udp,0.0,,cs0,,63.0,,1.0,,Status,2,2,0,84,84,0,42.0,0.0,130.325867,130.325867,0.0,0,0,0,0.0,,,0.387875,0.387875,0.0,REQ,,,,,0.0,0.0,0.0,0
394113,0.0,0.0,0.0,0.0,0.0,0.0,udp,0.0,,cs0,,63.0,,1.0,,Status,1,1,0,42,42,0,42.0,0.0,0.0,0.0,0.0,0,0,0,0.0,,,0.0,0.0,0.0,REQ,,,,,0.0,0.0,0.0,0
394170,2.576224,2.576224,2.576224,2.576224,2.576224,2.576224,udp,0.0,,cs0,,63.0,,1.0,,Status,2,2,0,84,84,0,42.0,0.0,130.423431,130.423431,0.0,0,0,0,0.0,,,0.388165,0.388165,0.0,REQ,,,,,0.0,0.0,0.0,0
394250,0.0,0.0,0.0,0.0,0.0,0.0,udp,0.0,,cs0,,63.0,,1.0,,Status,1,1,0,42,42,0,42.0,0.0,0.0,0.0,0.0,0,0,0,0.0,,,0.0,0.0,0.0,REQ,,,,,0.0,0.0,0.0,0
394253,0.0,0.0,0.0,0.0,0.0,0.0,udp,0.0,,cs0,,63.0,,1.0,,Status,1,1,0,42,42,0,42.0,0.0,0.0,0.0,0.0,0,0,0,0.0,,,0.0,0.0,0.0,REQ,,,,,0.0,0.0,0.0,0
394267,0.0,0.0,0.0,0.0,0.0,0.0,udp,0.0,,cs0,,63.0,,1.0,,Status,1,1,0,42,42,0,42.0,0.0,0.0,0.0,0.0,0,0,0,0.0,,,0.0,0.0,0.0,REQ,,,,,0.0,0.0,0.0,0
394285,2.582788,2.582788,2.582788,2.582788,2.582788,2.582788,udp,0.0,,cs0,,63.0,,1.0,,Status,2,2,0,84,84,0,42.0,0.0,130.09198,130.09198,0.0,0,0,0,0.0,,,0.387179,0.387179,0.0,REQ,,,,,0.0,0.0,0.0,0
394303,0.0,0.0,0.0,0.0,0.0,0.0,udp,0.0,,cs0,,63.0,,1.0,,Status,1,1,0,42,42,0,42.0,0.0,0.0,0.0,0.0,0,0,0,0.0,,,0.0,0.0,0.0,REQ,,,,,0.0,0.0,0.0,0
394377,2.582723,2.582723,2.582723,2.582723,2.582723,2.582723,udp,0.0,,cs0,,63.0,,1.0,,Status,2,2,0,84,84,0,42.0,0.0,130.095261,130.095261,0.0,0,0,0,0.0,,,0.387188,0.387188,0.0,REQ,,,,,0.0,0.0,0.0,0
394487,2.57987,2.57987,2.57987,2.57987,2.57987,2.57987,udp,0.0,,cs0,,63.0,,1.0,,Status,2,2,0,84,84,0,42.0,0.0,130.23912,130.23912,0.0,0,0,0,0.0,,,0.387616,0.387616,0.0,REQ,,,,,0.0,0.0,0.0,0
394584,2.576062,2.576062,2.576062,2.576062,2.576062,2.576062,udp,0.0,,cs0,,63.0,,1.0,,Status,2,2,0,84,84,0,42.0,0.0,130.431641,130.431641,0.0,0,0,0,0.0,,,0.388189,0.388189,0.0,REQ,,,,,0.0,0.0,0.0,0
394601,2.582283,2.582283,2.582283,2.582283,2.582283,2.582283,udp,0.0,,cs0,,63.0,,1.0,,Status,2,2,0,84,84,0,42.0,0.0,130.117416,130.117416,0.0,0,0,0,0.0,,,0.387254,0.387254,0.0,REQ,,,,,0.0,0.0,0.0,0
394747,0.0,0.0,0.0,0.0,0.0,0.0,udp,0.0,,cs0,,63.0,,1.0,,Start,1,1,0,42,42,0,42.0,0.0,0.0,0.0,0.0,0,0,0,0.0,,,0.0,0.0,0.0,INT,,,,,0.0,0.0,0.0,0
394772,2.575303,2.575303,2.575303,2.575303,2.575303,2.575303,udp,0.0,,cs0,,63.0,,1.0,,Status,2,2,0,84,84,0,42.0,0.0,130.470078,130.470078,0.0,0,0,0,0.0,,,0.388304,0.388304,0.0,REQ,,,,,0.0,0.0,0.0,0
394848,2.580754,2.580754,2.580754,2.580754,2.580754,2.580754,udp,0.0,,cs0,,63.0,,1.0,,Status,2,2,0,84,84,0,42.0,0.0,130.194504,130.194504,0.0,0,0,0,0.0,,,0.387484,0.387484,0.0,REQ,,,,,0.0,0.0,0.0,0
395002,2.583352,2.583352,2.583352,2.583352,2.583352,2.583352,udp,0.0,,cs0,,63.0,,1.0,,Status,2,2,0,84,84,0,42.0,0.0,130.063568,130.063568,0.0,0,0,0,0.0,,,0.387094,0.387094,0.0,REQ,,,,,0.0,0.0,0.0,0
395022,2.591801,2.591801,2.591801,2.591801,2.591801,2.591801,udp,0.0,,cs0,,63.0,,1.0,,Status,2,2,0,84,84,0,42.0,0.0,129.639587,129.639587,0.0,0,0,0,0.0,,,0.385832,0.385832,0.0,REQ,,,,,0.0,0.0,0.0,0
395088,0.0,0.0,0.0,0.0,0.0,0.0,udp,0.0,,cs0,,63.0,,1.0,,Status,1,1,0,42,42,0,42.0,0.0,0.0,0.0,0.0,0,0,0,0.0,,,0.0,0.0,0.0,REQ,,,,,0.0,0.0,0.0,0
395102,2.582494,2.582494,2.582494,2.582494,2.582494,2.582494,udp,0.0,,cs0,,63.0,,1.0,,Status,2,2,0,84,84,0,42.0,0.0,130.106781,130.106781,0.0,0,0,0,0.0,,,0.387223,0.387223,0.0,REQ,,,,,0.0,0.0,0.0,0
395148,2.582214,2.582214,2.582214,2.582214,2.582214,2.582214,udp,0.0,,cs0,,63.0,,1.0,,Status,2,2,0,84,84,0,42.0,0.0,130.120895,130.120895,0.0,0,0,0,0.0,,,0.387265,0.387265,0.0,REQ,,,,,0.0,0.0,0.0,0
395198,0.0,0.0,0.0,0.0,0.0,0.0,udp,0.0,,cs0,,63.0,,1.0,,Status,1,1,0,42,42,0,42.0,0.0,0.0,0.0,0.0,0,0,0,0.0,,,0.0,0.0,0.0,REQ,,,,,0.0,0.0,0.0,0
395251,2.581726,2.581726,2.581726,2.581726,2.581726,2.581726,udp,0.0,,cs0,,63.0,,1.0,,Status,2,2,0,84,84,0,42.0,0.0,130.145493,130.145493,0.0,0,0,0,0.0,,,0.387338,0.387338,0.0,REQ,,,,,0.0,0.0,0.0,0
395299,2.580751,2.580751,2.580751,2.580751,2.580751,2.580751,udp,0.0,,cs0,,63.0,,1.0,,Status,2,2,0,84,84,0,42.0,0.0,130.194656,130.194656,0.0,0,0,0,0.0,,,0.387484,0.387484,0.0,REQ,,,,,0.0,0.0,0.0,0
395311,2.581894,2.581894,2.581894,2.581894,2.581894,2.581894,udp,0.0,,cs0,,63.0,,1.0,,Status,2,2,0,84,84,0,42.0,0.0,130.137024,130.137024,0.0,0,0,0,0.0,,,0.387313,0.387313,0.0,REQ,,,,,0.0,0.0,0.0,0
395371,0.0,0.0,0.0,0.0,0.0,0.0,udp,0.0,,cs0,,63.0,,1.0,,Status,1,1,0,42,42,0,42.0,0.0,0.0,0.0,0.0,0,0,0,0.0,,,0.0,0.0,0.0,REQ,,,,,0.0,0.0,0.0,0
395408,0.0,0.0,0.0,0.0,0.0,0.0,udp,0.0,,cs0,,63.0,,1.0,,Status,1,1,0,42,42,0,42.0,0.0,0.0,0.0,0.0,0,0,0,0.0,,,0.0,0.0,0.0,REQ,,,,,0.0,0.0,0.0,0
395448,2.577712,2.577712,2.577712,2.577712,2.577712,2.577712,udp,0.0,,cs0,,63.0,,1.0,,Status,2,2,0,84,84,0,42.0,0.0,130.348145,130.348145,0.0,0,0,0,0.0,,,0.387941,0.387941,0.0,REQ,,,,,0.0,0.0,0.0,0
395491,0.0,0.0,0.0,0.0,0.0,0.0,udp,0.0,,cs0,,63.0,,1.0,,Status,1,1,0,42,42,0,42.0,0.0,0.0,0.0,0.0,0,0,0,0.0,,,0.0,0.0,0.0,REQ,,,,,0.0,0.0,0.0,0
395533,2.581953,2.581953,2.581953,2.581953,2.581953,2.581953,udp,0.0,,cs0,,63.0,,1.0,,Status,2,2,0,84,84,0,42.0,0.0,130.134048,130.134048,0.0,0,0,0,0.0,,,0.387304,0.387304,0.0,REQ,,,,,0.0,0.0,0.0,0
395542,2.582144,2.582144,2.582144,2.582144,2.582144,2.582144,udp,0.0,,cs0,,63.0,,1.0,,Status,2,2,0,84,84,0,42.0,0.0,130.12442,130.12442,0.0,0,0,0,0.0,,,0.387275,0.387275,0.0,REQ,,,,,0.0,0.0,0.0,0
395617,2.578791,2.578791,2.578791,2.578791,2.578791,2.578791,udp,0.0,,cs0,,63.0,,1.0,,Status,2,2,0,84,84,0,42.0,0.0,130.293625,130.293625,0.0,0,0,0,0.0,,,0.387779,0.387779,0.0,REQ,,,,,0.0,0.0,0.0,0
395650,2.582304,2.582304,2.582304,2.582304,2.582304,2.582304,udp,0.0,,cs0,,63.0,,1.0,,Status,2,2,0,84,84,0,42.0,0.0,130.116364,130.116364,0.0,0,0,0,0.0,,,0.387251,0.387251,0.0,REQ,,,,,0.0,0.0,0.0,0
395694,2.577241,2.577241,2.577241,2.577241,2.577241,2.577241,udp,0.0,,cs0,,63.0,,1.0,,Status,2,2,0,84,84,0,42.0,0.0,130.371979,130.371979,0.0,0,0,0,0.0,,,0.388012,0.388012,0.0,REQ,,,,,0.0,0.0,0.0,0
395725,2.582936,2.582936,2.582936,2.582936,2.582936,2.582936,udp,0.0,,cs0,,63.0,,1.0,,Status,2,2,0,84,84,0,42.0,0.0,130.084518,130.084518,0.0,0,0,0,0.0,,,0.387156,0.387156,0.0,REQ,,,,,0.0,0.0,0.0,0
395760,2.581015,2.581015,2.581015,2.581015,2.581015,2.581015,udp,0.0,,cs0,,63.0,,1.0,,Status,2,2,0,84,84,0,42.0,0.0,130.181335,130.181335,0.0,0,0,0,0.0,,,0.387444,0.387444,0.0,REQ,,,,,0.0,0.0,0.0,0
395812,0.0,0.0,0.0,0.0,0.0,0.0,udp,0.0,,cs0,,63.0,,1.0,,Status,1,1,0,42,42,0,42.0,0.0,0.0,0.0,0.0,0,0,0,0.0,,,0.0,0.0,0.0,REQ,,,,,0.0,0.0,0.0,0
395834,0.0,0.0,0.0,0.0,0.0,0.0,udp,0.0,,cs0,,63.0,,1.0,,Status,1,1,0,42,42,0,42.0,0.0,0.0,0.0,0.0,0,0,0,0.0,,,0.0,0.0,0.0,REQ,,,,,0.0,0.0,0.0,0
395882,2.584957,2.584957,2.584957,2.584957,2.584957,2.584957,udp,0.0,,cs0,,63.0,,1.0,,Status,2,2,0,84,84,0,42.0,0.0,129.982819,129.982819,0.0,0,0,0,0.0,,,0.386854,0.386854,0.0,REQ,,,,,0.0,0.0,0.0,0
395883,2.584957,2.584957,2.584957,2.584957,2.584957,2.584957,udp,0.0,,cs0,,63.0,,1.0,,Status,2,2,0,84,84,0,42.0,0.0,129.982819,129.982819,0.0,0,0,0,0.0,,,0.386854,0.386854,0.0,REQ,,,,,0.0,0.0,0.0,0
395891,0.0,0.0,0.0,0.0,0.0,0.0,udp,0.0,,cs0,,63.0,,1.0,,Status,1,1,0,42,42,0,42.0,0.0,0.0,0.0,0.0,0,0,0,0.0,,,0.0,0.0,0.0,REQ,,,,,0.0,0.0,0.0,0
395893,2.576903,2.576903,2.576903,2.576903,2.576903,2.576903,udp,0.0,,cs0,,63.0,,1.0,,Status,2,2,0,84,84,0,42.0,0.0,130.389069,130.389069,0.0,0,0,0,0.0,,,0.388063,0.388063,0.0,REQ,,,,,0.0,0.0,0.0,0
396004,0.0,0.0,0.0,0.0,0.0,0.0,udp,0.0,,cs0,,63.0,,1.0,,Status,1,1,0,42,42,0,42.0,0.0,0.0,0.0,0.0,0,0,0,0.0,,,0.0,0.0,0.0,REQ,,,,,0.0,0.0,0.0,0
396056,0.0,0.0,0.0,0.0,0.0,0.0,udp,0.0,,cs0,,63.0,,1.0,,Status,1,1,0,42,42,0,42.0,0.0,0.0,0.0,0.0,0,0,0,0.0,,,0.0,0.0,0.0,REQ,,,,,0.0,0.0,0.0,0
396110,0.0,0.0,0.0,0.0,0.0,0.0,udp,0.0,,cs0,,63.0,,1.0,,Status,1,1,0,42,42,0,42.0,0.0,0.0,0.0,0.0,0,0,0,0.0,,,0.0,0.0,0.0,REQ,,,,,0.0,0.0,0.0,0
396217,0.0,0.0,0.0,0.0,0.0,0.0,udp,0.0,,cs0,,63.0,,1.0,,Status,1,1,0,42,42,0,42.0,0.0,0.0,0.0,0.0,0,0,0,0.0,,,0.0,0.0,0.0,REQ,,,,,0.0,0.0,0.0,0
396239,2.578954,2.578954,2.578954,2.578954,2.578954,2.578954,udp,0.0,,cs0,,63.0,,1.0,,Status,2,2,0,84,84,0,42.0,0.0,130.285385,130.285385,0.0,0,0,0,0.0,,,0.387754,0.387754,0.0,REQ,,,,,0.0,0.0,0.0,0
396286,0.0,0.0,0.0,0.0,0.0,0.0,udp,0.0,,cs0,,63.0,,1.0,,Status,1,1,0,42,42,0,42.0,0.0,0.0,0.0,0.0,0,0,0,0.0,,,0.0,0.0,0.0,REQ,,,,,0.0,0.0,0.0,0
396300,0.0,0.0,0.0,0.0,0.0,0.0,udp,0.0,,cs0,,63.0,,1.0,,Status,1,1,0,42,42,0,42.0,0.0,0.0,0.0,0.0,0,0,0,0.0,,,0.0,0.0,0.0,REQ,,,,,0.0,0.0,0.0,0
396309,2.585894,2.585894,2.585894,2.585894,2.585894,2.585894,udp,0.0,,cs0,,63.0,,1.0,,Status,2,2,0,84,84,0,42.0,0.0,129.935715,129.935715,0.0,0,0,0,0.0,,,0.386713,0.386713,0.0,REQ,,,,,0.0,0.0,0.0,0
396318,2.583204,2.583204,2.583204,2.583204,2.583204,2.583204,udp,0.0,,cs0,,63.0,,1.0,,Status,2,2,0,84,84,0,42.0,0.0,130.07103,130.07103,0.0,0,0,0,0.0,,,0.387116,0.387116,0.0,REQ,,,,,0.0,0.0,0.0,0
396321,2.582205,2.582205,2.582205,2.582205,2.582205,2.582205,udp,0.0,,cs0,,63.0,,1.0,,Start,2,2,0,84,84,0,42.0,0.0,130.121353,130.121353,0.0,0,0,0,0.0,,,0.387266,0.387266,0.0,INT,,,,,0.0,0.0,0.0,0
396333,2.580046,2.580046,2.580046,2.580046,2.580046,2.580046,udp,0.0,,cs0,,63.0,,1.0,,Status,2,2,0,84,84,0,42.0,0.0,130.23024,130.23024,0.0,0,0,0,0.0,,,0.38759,0.38759,0.0,REQ,,,,,0.0,0.0,0.0,0
396385,0.0,0.0,0.0,0.0,0.0,0.0,udp,0.0,,cs0,,63.0,,1.0,,Status,1,1,0,42,42,0,42.0,0.0,0.0,0.0,0.0,0,0,0,0.0,,,0.0,0.0,0.0,REQ,,,,,0.0,0.0,0.0,0
396405,0.0,0.0,0.0,0.0,0.0,0.0,udp,0.0,,cs0,,63.0,,1.0,,Status,1,1,0,42,42,0,42.0,0.0,0.0,0.0,0.0,0,0,0,0.0,,,0.0,0.0,0.0,REQ,,,,,0.0,0.0,0.0,0
396431,2.58215,2.58215,2.58215,2.58215,2.58215,2.58215,udp,0.0,,cs0,,63.0,,1.0,,Status,2,2,0,84,84,0,42.0,0.0,130.124115,130.124115,0.0,0,0,0,0.0,,,0.387274,0.387274,0.0,REQ,,,,,0.0,0.0,0.0,0
396456,0.0,0.0,0.0,0.0,0.0,0.0,udp,0.0,,cs0,,63.0,,1.0,,Status,1,1,0,42,42,0,42.0,0.0,0.0,0.0,0.0,0,0,0,0.0,,,0.0,0.0,0.0,REQ,,,,,0.0,0.0,0.0,0
396732,2.579736,2.579736,2.579736,2.579736,2.579736,2.579736,udp,0.0,,cs0,,63.0,,1.0,,Status,2,2,0,84,84,0,42.0,0.0,130.24588,130.24588,0.0,0,0,0,0.0,,,0.387637,0.387637,0.0,REQ,,,,,0.0,0.0,0.0,0
396756,0.0,0.0,0.0,0.0,0.0,0.0,udp,0.0,,cs0,,63.0,,1.0,,Status,1,1,0,42,42,0,42.0,0.0,0.0,0.0,0.0,0,0,0,0.0,,,0.0,0.0,0.0,REQ,,,,,0.0,0.0,0.0,0
396864,2.581779,2.581779,2.581779,2.581779,2.581779,2.581779,udp,0.0,,cs0,,63.0,,1.0,,Status,2,2,0,84,84,0,42.0,0.0,130.142822,130.142822,0.0,0,0,0,0.0,,,0.38733,0.38733,0.0,REQ,,,,,0.0,0.0,0.0,0
396920,2.574183,2.574183,2.574183,2.574183,2.574183,2.574183,udp,0.0,,cs0,,63.0,,1.0,,Status,2,2,0,84,84,0,42.0,0.0,130.526855,130.526855,0.0,0,0,0,0.0,,,0.388473,0.388473,0.0,REQ,,,,,0.0,0.0,0.0,0
396928,2.574182,2.574182,2.574182,2.574182,2.574182,2.574182,udp,0.0,,cs0,,63.0,,1.0,,Status,2,2,0,84,84,0,42.0,0.0,130.526901,130.526901,0.0,0,0,0,0.0,,,0.388473,0.388473,0.0,REQ,,,,,0.0,0.0,0.0,0
396941,0.0,0.0,0.0,0.0,0.0,0.0,udp,0.0,,cs0,,63.0,,1.0,,Status,1,1,0,42,42,0,42.0,0.0,0.0,0.0,0.0,0,0,0,0.0,,,0.0,0.0,0.0,REQ,,,,,0.0,0.0,0.0,0
396968,2.578919,2.578919,2.578919,2.578919,2.578919,2.578919,udp,0.0,,cs0,,63.0,,1.0,,Status,2,2,0,84,84,0,42.0,0.0,130.287155,130.287155,0.0,0,0,0,0.0,,,0.387759,0.387759,0.0,REQ,,,,,0.0,0.0,0.0,0
396987,2.578706,2.578706,2.578706,2.578706,2.578706,2.578706,udp,0.0,,cs0,,63.0,,1.0,,Status,2,2,0,84,84,0,42.0,0.0,130.297913,130.297913,0.0,0,0,0,0.0,,,0.387791,0.387791,0.0,REQ,,,,,0.0,0.0,0.0,0
397024,0.0,0.0,0.0,0.0,0.0,0.0,udp,0.0,,cs0,,63.0,,1.0,,Status,1,1,0,42,42,0,42.0,0.0,0.0,0.0,0.0,0,0,0,0.0,,,0.0,0.0,0.0,REQ,,,,,0.0,0.0,0.0,0
397043,0.0,0.0,0.0,0.0,0.0,0.0,udp,0.0,,cs0,,63.0,,1.0,,Status,1,1,0,42,42,0,42.0,0.0,0.0,0.0,0.0,0,0,0,0.0,,,0.0,0.0,0.0,REQ,,,,,0.0,0.0,0.0,0
397072,2.590041,2.590041,2.590041,2.590041,2.590041,2.590041,udp,0.0,,cs0,,63.0,,1.0,,Status,2,2,0,84,84,0,42.0,0.0,129.727676,129.727676,0.0,0,0,0,0.0,,,0.386094,0.386094,0.0,REQ,,,,,0.0,0.0,0.0,0
397114,2.581031,2.581031,2.581031,2.581031,2.581031,2.581031,udp,0.0,,cs0,,63.0,,1.0,,Status,2,2,0,84,84,0,42.0,0.0,130.180527,130.180527,0.0,0,0,0,0.0,,,0.387442,0.387442,0.0,REQ,,,,,0.0,0.0,0.0,0
397134,2.579237,2.579237,2.579237,2.579237,2.579237,2.579237,udp,0.0,,cs0,,63.0,,1.0,,Status,2,2,0,84,84,0,42.0,0.0,130.271088,130.271088,0.0,0,0,0,0.0,,,0.387712,0.387712,0.0,REQ,,,,,0.0,0.0,0.0,0
397183,2.578776,2.578776,2.578776,2.578776,2.578776,2.578776,udp,0.0,,cs0,,63.0,,1.0,,Status,2,2,0,84,84,0,42.0,0.0,130.294373,130.294373,0.0,0,0,0,0.0,,,0.387781,0.387781,0.0,REQ,,,,,0.0,0.0,0.0,0
397194,2.578771,2.578771,2.578771,2.578771,2.578771,2.578771,udp,0.0,,cs0,,63.0,,1.0,,Status,2,2,0,84,84,0,42.0,0.0,130.294617,130.294617,0.0,0,0,0,0.0,,,0.387782,0.387782,0.0,REQ,,,,,0.0,0.0,0.0,0
397205,2.580056,2.580056,2.580056,2.580056,2.580056,2.580056,udp,0.0,,cs0,,63.0,,1.0,,Status,2,2,0,84,84,0,42.0,0.0,130.229736,130.229736,0.0,0,0,0,0.0,,,0.387589,0.387589,0.0,REQ,,,,,0.0,0.0,0.0,0
397215,2.580923,2.580923,2.580923,2.580923,2.580923,2.580923,udp,0.0,,cs0,,63.0,,1.0,,Status,2,2,0,84,84,0,42.0,0.0,130.185974,130.185974,0.0,0,0,0,0.0,,,0.387458,0.387458,0.0,REQ,,,,,0.0,0.0,0.0,0
397220,0.0,0.0,0.0,0.0,0.0,0.0,udp,0.0,,cs0,,63.0,,1.0,,Status,1,1,0,42,42,0,42.0,0.0,0.0,0.0,0.0,0,0,0,0.0,,,0.0,0.0,0.0,REQ,,,,,0.0,0.0,0.0,0
397349,2.579043,2.579043,2.579043,2.579043,2.579043,2.579043,udp,0.0,,cs0,,63.0,,1.0,,Status,2,2,0,84,84,0,42.0,0.0,130.280884,130.280884,0.0,0,0,0,0.0,,,0.387741,0.387741,0.0,REQ,,,,,0.0,0.0,0.0,0
397447,0.0,0.0,0.0,0.0,0.0,0.0,udp,0.0,,cs0,,63.0,,1.0,,Status,1,1,0,42,42,0,42.0,0.0,0.0,0.0,0.0,0,0,0,0.0,,,0.0,0.0,0.0,REQ,,,,,0.0,0.0,0.0,0
397453,2.579981,2.579981,2.579981,2.579981,2.579981,2.579981,udp,0.0,,cs0,,63.0,,1.0,,Status,2,2,0,84,84,0,42.0,0.0,130.233505,130.233505,0.0,0,0,0,0.0,,,0.3876,0.3876,0.0,REQ,,,,,0.0,0.0,0.0,0
397458,2.583143,2.583143,2.583143,2.583143,2.583143,2.583143,udp,0.0,,cs0,,63.0,,1.0,,Status,2,2,0,84,84,0,42.0,0.0,130.074097,130.074097,0.0,0,0,0,0.0,,,0.387125,0.387125,0.0,REQ,,,,,0.0,0.0,0.0,0
397492,2.575009,2.575009,2.575009,2.575009,2.575009,2.575009,udp,0.0,,cs0,,63.0,,1.0,,Status,2,2,0,84,84,0,42.0,0.0,130.48497,130.48497,0.0,0,0,0,0.0,,,0.388348,0.388348,0.0,REQ,,,,,0.0,0.0,0.0,0
397502,0.0,0.0,0.0,0.0,0.0,0.0,udp,0.0,,cs0,,63.0,,1.0,,Status,1,1,0,42,42,0,42.0,0.0,0.0,0.0,0.0,0,0,0,0.0,,,0.0,0.0,0.0,REQ,,,,,0.0,0.0,0.0,0
397517,0.0,0.0,0.0,0.0,0.0,0.0,udp,0.0,,cs0,,63.0,,1.0,,Status,1,1,0,42,42,0,42.0,0.0,0.0,0.0,0.0,0,0,0,0.0,,,0.0,0.0,0.0,REQ,,,,,0.0,0.0,0.0,0
397523,2.577448,2.577448,2.577448,2.577448,2.577448,2.577448,udp,0.0,,cs0,,63.0,,1.0,,Status,2,2,0,84,84,0,42.0,0.0,130.361511,130.361511,0.0,0,0,0,0.0,,,0.387981,0.387981,0.0,REQ,,,,,0.0,0.0,0.0,0
397542,0.0,0.0,0.0,0.0,0.0,0.0,udp,0.0,,cs0,,63.0,,1.0,,Status,1,1,0,42,42,0,42.0,0.0,0.0,0.0,0.0,0,0,0,0.0,,,0.0,0.0,0.0,REQ,,,,,0.0,0.0,0.0,0
397587,2.575448,2.575448,2.575448,2.575448,2.575448,2.575448,udp,0.0,,cs0,,63.0,,1.0,,Status,2,2,0,84,84,0,42.0,0.0,130.462738,130.462738,0.0,0,0,0,0.0,,,0.388282,0.388282,0.0,REQ,,,,,0.0,0.0,0.0,0
397640,0.0,0.0,0.0,0.0,0.0,0.0,udp,0.0,,cs0,,63.0,,1.0,,Status,1,1,0,42,42,0,42.0,0.0,0.0,0.0,0.0,0,0,0,0.0,,,0.0,0.0,0.0,REQ,,,,,0.0,0.0,0.0,0
397700,2.575213,2.575213,2.575213,2.575213,2.575213,2.575213,udp,0.0,,cs0,,63.0,,1.0,,Status,2,2,0,84,84,0,42.0,0.0,130.47464,130.47464,0.0,0,0,0,0.0,,,0.388317,0.388317,0.0,REQ,,,,,0.0,0.0,0.0,0
397715,2.581354,2.581354,2.581354,2.581354,2.581354,2.581354,udp,0.0,,cs0,,63.0,,1.0,,Status,2,2,0,84,84,0,42.0,0.0,130.164246,130.164246,0.0,0,0,0,0.0,,,0.387394,0.387394,0.0,REQ,,,,,0.0,0.0,0.0,0
397743,2.577682,2.577682,2.577682,2.577682,2.577682,2.577682,udp,0.0,,cs0,,63.0,,1.0,,Status,2,2,0,84,84,0,42.0,0.0,130.34967,130.34967,0.0,0,0,0,0.0,,,0.387945,0.387945,0.0,REQ,,,,,0.0,0.0,0.0,0
397764,0.0,0.0,0.0,0.0,0.0,0.0,udp,0.0,,cs0,,63.0,,1.0,,Status,1,1,0,42,42,0,42.0,0.0,0.0,0.0,0.0,0,0,0,0.0,,,0.0,0.0,0.0,REQ,,,,,0.0,0.0,0.0,0
397772,0.0,0.0,0.0,0.0,0.0,0.0,udp,0.0,,cs0,,63.0,,1.0,,Status,1,1,0,42,42,0,42.0,0.0,0.0,0.0,0.0,0,0,0,0.0,,,0.0,0.0,0.0,REQ,,,,,0.0,0.0,0.0,0
397813,0.0,0.0,0.0,0.0,0.0,0.0,udp,0.0,,cs0,,63.0,,1.0,,Status,1,1,0,42,42,0,42.0,0.0,0.0,0.0,0.0,0,0,0,0.0,,,0.0,0.0,0.0,REQ,,,,,0.0,0.0,0.0,0
397874,2.577237,2.577237,2.577237,2.577237,2.577237,2.577237,udp,0.0,,cs0,,63.0,,1.0,,Status,2,2,0,84,84,0,42.0,0.0,130.372177,130.372177,0.0,0,0,0,0.0,,,0.388012,0.388012,0.0,REQ,,,,,0.0,0.0,0.0,0
397875,2.577255,2.577255,2.577255,2.577255,2.577255,2.577255,udp,0.0,,cs0,,63.0,,1.0,,Status,2,2,0,84,84,0,42.0,0.0,130.371262,130.371262,0.0,0,0,0,0.0,,,0.38801,0.38801,0.0,REQ,,,,,0.0,0.0,0.0,0
397916,2.581097,2.581097,2.581097,2.581097,2.581097,2.581097,udp,0.0,,cs0,,63.0,,1.0,,Status,2,2,0,84,84,0,42.0,0.0,130.177216,130.177216,0.0,0,0,0,0.0,,,0.387432,0.387432,0.0,REQ,,,,,0.0,0.0,0.0,0
397922,2.581073,2.581073,2.581073,2.581073,2.581073,2.581073,udp,0.0,,cs0,,63.0,,1.0,,Status,2,2,0,84,84,0,42.0,0.0,130.178421,130.178421,0.0,0,0,0,0.0,,,0.387436,0.387436,0.0,REQ,,,,,0.0,0.0,0.0,0
397926,0.0,0.0,0.0,0.0,0.0,0.0,udp,0.0,,cs0,,63.0,,1.0,,Status,1,1,0,42,42,0,42.0,0.0,0.0,0.0,0.0,0,0,0,0.0,,,0.0,0.0,0.0,REQ,,,,,0.0,0.0,0.0,0
397989,0.0,0.0,0.0,0.0,0.0,0.0,udp,0.0,,cs0,,63.0,,1.0,,Status,1,1,0,42,42,0,42.0,0.0,0.0,0.0,0.0,0,0,0,0.0,,,0.0,0.0,0.0,REQ,,,,,0.0,0.0,0.0,0
397990,0.0,0.0,0.0,0.0,0.0,0.0,udp,0.0,,cs0,,63.0,,1.0,,Status,1,1,0,42,42,0,42.0,0.0,0.0,0.0,0.0,0,0,0,0.0,,,0.0,0.0,0.0,REQ,,,,,0.0,0.0,0.0,0
397991,2.579039,2.579039,2.579039,2.579039,2.579039,2.579039,udp,0.0,,cs0,,63.0,,1.0,,Status,2,2,0,84,84,0,42.0,0.0,130.281082,130.281082,0.0,0,0,0,0.0,,,0.387741,0.387741,0.0,REQ,,,,,0.0,0.0,0.0,0
398094,2.579247,2.579247,2.579247,2.579247,2.579247,2.579247,udp,0.0,,cs0,,63.0,,1.0,,Status,2,2,0,84,84,0,42.0,0.0,130.270584,130.270584,0.0,0,0,0,0.0,,,0.38771,0.38771,0.0,REQ,,,,,0.0,0.0,0.0,0
398330,0.0,0.0,0.0,0.0,0.0,0.0,udp,0.0,,cs0,,63.0,,1.0,,Status,1,1,0,42,42,0,42.0,0.0,0.0,0.0,0.0,0,0,0,0.0,,,0.0,0.0,0.0,REQ,,,,,0.0,0.0,0.0,0
398417,0.0,0.0,0.0,0.0,0.0,0.0,udp,0.0,,cs0,,63.0,,1.0,,Status,1,1,0,42,42,0,42.0,0.0,0.0,0.0,0.0,0,0,0,0.0,,,0.0,0.0,0.0,REQ,,,,,0.0,0.0,0.0,0
398617,2.58053,2.58053,2.58053,2.58053,2.58053,2.58053,udp,0.0,,cs0,,63.0,,1.0,,Status,2,2,0,84,84,0,42.0,0.0,130.205811,130.205811,0.0,0,0,0,0.0,,,0.387517,0.387517,0.0,REQ,,,,,0.0,0.0,0.0,0
398653,2.579011,2.579011,2.579011,2.579011,2.579011,2.579011,udp,0.0,,cs0,,63.0,,1.0,,Status,2,2,0,84,84,0,42.0,0.0,130.282501,130.282501,0.0,0,0,0,0.0,,,0.387746,0.387746,0.0,REQ,,,,,0.0,0.0,0.0,0
398667,0.0,0.0,0.0,0.0,0.0,0.0,udp,0.0,,cs0,,63.0,,1.0,,Status,1,1,0,42,42,0,42.0,0.0,0.0,0.0,0.0,0,0,0,0.0,,,0.0,0.0,0.0,REQ,,,,,0.0,0.0,0.0,0
398705,0.0,0.0,0.0,0.0,0.0,0.0,udp,0.0,,cs0,,63.0,,1.0,,Status,1,1,0,42,42,0,42.0,0.0,0.0,0.0,0.0,0,0,0,0.0,,,0.0,0.0,0.0,REQ,,,,,0.0,0.0,0.0,0
398776,0.0,0.0,0.0,0.0,0.0,0.0,udp,0.0,,cs0,,63.0,,1.0,,Status,1,1,0,42,42,0,42.0,0.0,0.0,0.0,0.0,0,0,0,0.0,,,0.0,0.0,0.0,REQ,,,,,0.0,0.0,0.0,0
398817,0.0,0.0,0.0,0.0,0.0,0.0,udp,0.0,,cs0,,63.0,,1.0,,Status,1,1,0,42,42,0,42.0,0.0,0.0,0.0,0.0,0,0,0,0.0,,,0.0,0.0,0.0,REQ,,,,,0.0,0.0,0.0,0
398821,0.0,0.0,0.0,0.0,0.0,0.0,udp,0.0,,cs0,,63.0,,1.0,,Status,1,1,0,42,42,0,42.0,0.0,0.0,0.0,0.0,0,0,0,0.0,,,0.0,0.0,0.0,REQ,,,,,0.0,0.0,0.0,0
398926,2.57789,2.57789,2.57789,2.57789,2.57789,2.57789,udp,0.0,,cs0,,63.0,,1.0,,Status,2,2,0,84,84,0,42.0,0.0,130.339157,130.339157,0.0,0,0,0,0.0,,,0.387914,0.387914,0.0,REQ,,,,,0.0,0.0,0.0,0
398928,2.578004,2.578004,2.578004,2.578004,2.578004,2.578004,udp,0.0,,cs0,,63.0,,1.0,,Status,2,2,0,84,84,0,42.0,0.0,130.333389,130.333389,0.0,0,0,0,0.0,,,0.387897,0.387897,0.0,REQ,,,,,0.0,0.0,0.0,0
398956,0.0,0.0,0.0,0.0,0.0,0.0,udp,0.0,,cs0,,63.0,,1.0,,Status,1,1,0,42,42,0,42.0,0.0,0.0,0.0,0.0,0,0,0,0.0,,,0.0,0.0,0.0,REQ,,,,,0.0,0.0,0.0,0
398971,0.0,0.0,0.0,0.0,0.0,0.0,udp,0.0,,cs0,,63.0,,1.0,,Status,1,1,0,42,42,0,42.0,0.0,0.0,0.0,0.0,0,0,0,0.0,,,0.0,0.0,0.0,REQ,,,,,0.0,0.0,0.0,0
399076,0.0,0.0,0.0,0.0,0.0,0.0,udp,0.0,,cs0,,63.0,,1.0,,Status,1,1,0,42,42,0,42.0,0.0,0.0,0.0,0.0,0,0,0,0.0,,,0.0,0.0,0.0,REQ,,,,,0.0,0.0,0.0,0
399206,2.578235,2.578235,2.578235,2.578235,2.578235,2.578235,udp,0.0,,cs0,,63.0,,1.0,,Status,2,2,0,84,84,0,42.0,0.0,130.321716,130.321716,0.0,0,0,0,0.0,,,0.387862,0.387862,0.0,REQ,,,,,0.0,0.0,0.0,0
399227,2.579988,2.579988,2.579988,2.579988,2.579988,2.579988,udp,0.0,,cs0,,63.0,,1.0,,Status,2,2,0,84,84,0,42.0,0.0,130.23317,130.23317,0.0,0,0,0,0.0,,,0.387599,0.387599,0.0,REQ,,,,,0.0,0.0,0.0,0
399258,0.0,0.0,0.0,0.0,0.0,0.0,udp,0.0,,cs0,,63.0,,1.0,,Status,1,1,0,42,42,0,42.0,0.0,0.0,0.0,0.0,0,0,0,0.0,,,0.0,0.0,0.0,REQ,,,,,0.0,0.0,0.0,0
399265,0.0,0.0,0.0,0.0,0.0,0.0,udp,0.0,,cs0,,63.0,,1.0,,Status,1,1,0,42,42,0,42.0,0.0,0.0,0.0,0.0,0,0,0,0.0,,,0.0,0.0,0.0,REQ,,,,,0.0,0.0,0.0,0
399311,2.581091,2.581091,2.581091,2.581091,2.581091,2.581091,udp,0.0,,cs0,,63.0,,1.0,,Status,2,2,0,84,84,0,42.0,0.0,130.177521,130.177521,0.0,0,0,0,0.0,,,0.387433,0.387433,0.0,REQ,,,,,0.0,0.0,0.0,0
399409,0.0,0.0,0.0,0.0,0.0,0.0,udp,0.0,,cs0,,63.0,,1.0,,Status,1,1,0,42,42,0,42.0,0.0,0.0,0.0,0.0,0,0,0,0.0,,,0.0,0.0,0.0,REQ,,,,,0.0,0.0,0.0,0
399452,0.0,0.0,0.0,0.0,0.0,0.0,udp,0.0,,cs0,,63.0,,1.0,,Status,1,1,0,42,42,0,42.0,0.0,0.0,0.0,0.0,0,0,0,0.0,,,0.0,0.0,0.0,REQ,,,,,0.0,0.0,0.0,0
399466,2.576873,2.576873,2.576873,2.576873,2.576873,2.576873,udp,0.0,,cs0,,63.0,,1.0,,Status,2,2,0,84,84,0,42.0,0.0,130.390594,130.390594,0.0,0,0,0,0.0,,,0.388067,0.388067,0.0,REQ,,,,,0.0,0.0,0.0,0
399495,2.576852,2.576852,2.576852,2.576852,2.576852,2.576852,udp,0.0,,cs0,,63.0,,1.0,,Status,2,2,0,84,84,0,42.0,0.0,130.391647,130.391647,0.0,0,0,0,0.0,,,0.38807,0.38807,0.0,REQ,,,,,0.0,0.0,0.0,0
399498,2.582587,2.582587,2.582587,2.582587,2.582587,2.582587,udp,0.0,,cs0,,63.0,,1.0,,Status,2,2,0,84,84,0,42.0,0.0,130.102097,130.102097,0.0,0,0,0,0.0,,,0.387209,0.387209,0.0,REQ,,,,,0.0,0.0,0.0,0
399499,2.582587,2.582587,2.582587,2.582587,2.582587,2.582587,udp,0.0,,cs0,,63.0,,1.0,,Status,2,2,0,84,84,0,42.0,0.0,130.102097,130.102097,0.0,0,0,0,0.0,,,0.387209,0.387209,0.0,REQ,,,,,0.0,0.0,0.0,0
399509,2.580254,2.580254,2.580254,2.580254,2.580254,2.580254,udp,0.0,,cs0,,63.0,,1.0,,Status,2,2,0,84,84,0,42.0,0.0,130.219727,130.219727,0.0,0,0,0,0.0,,,0.387559,0.387559,0.0,REQ,,,,,0.0,0.0,0.0,0
399544,0.0,0.0,0.0,0.0,0.0,0.0,udp,0.0,,cs0,,63.0,,1.0,,Status,1,1,0,42,42,0,42.0,0.0,0.0,0.0,0.0,0,0,0,0.0,,,0.0,0.0,0.0,REQ,,,,,0.0,0.0,0.0,0
399548,0.0,0.0,0.0,0.0,0.0,0.0,udp,0.0,,cs0,,63.0,,1.0,,Status,1,1,0,42,42,0,42.0,0.0,0.0,0.0,0.0,0,0,0,0.0,,,0.0,0.0,0.0,REQ,,,,,0.0,0.0,0.0,0
399589,0.0,0.0,0.0,0.0,0.0,0.0,udp,0.0,,cs0,,63.0,,1.0,,Status,1,1,0,42,42,0,42.0,0.0,0.0,0.0,0.0,0,0,0,0.0,,,0.0,0.0,0.0,REQ,,,,,0.0,0.0,0.0,0
399665,0.0,0.0,0.0,0.0,0.0,0.0,udp,0.0,,cs0,,63.0,,1.0,,Status,1,1,0,42,42,0,42.0,0.0,0.0,0.0,0.0,0,0,0,0.0,,,0.0,0.0,0.0,REQ,,,,,0.0,0.0,0.0,0
399859,2.581284,2.581284,2.581284,2.581284,2.581284,2.581284,udp,0.0,,cs0,,63.0,,1.0,,Status,2,2,0,84,84,0,42.0,0.0,130.16777,130.16777,0.0,0,0,0,0.0,,,0.387404,0.387404,0.0,REQ,,,,,0.0,0.0,0.0,0
399881,0.0,0.0,0.0,0.0,0.0,0.0,udp,0.0,,cs0,,63.0,,1.0,,Status,1,1,0,42,42,0,42.0,0.0,0.0,0.0,0.0,0,0,0,0.0,,,0.0,0.0,0.0,REQ,,,,,0.0,0.0,0.0,0
399937,0.0,0.0,0.0,0.0,0.0,0.0,udp,0.0,,cs0,,63.0,,1.0,,Status,1,1,0,42,42,0,42.0,0.0,0.0,0.0,0.0,0,0,0,0.0,,,0.0,0.0,0.0,REQ,,,,,0.0,0.0,0.0,0
399966,0.0,0.0,0.0,0.0,0.0,0.0,udp,0.0,,cs0,,63.0,,1.0,,Status,1,1,0,42,42,0,42.0,0.0,0.0,0.0,0.0,0,0,0,0.0,,,0.0,0.0,0.0,REQ,,,,,0.0,0.0,0.0,0
399971,2.575059,2.575059,2.575059,2.575059,2.575059,2.575059,udp,0.0,,cs0,,63.0,,1.0,,Status,2,2,0,84,84,0,42.0,0.0,130.482452,130.482452,0.0,0,0,0,0.0,,,0.388341,0.388341,0.0,REQ,,,,,0.0,0.0,0.0,0
400045,0.0,0.0,0.0,0.0,0.0,0.0,udp,0.0,,cs0,,63.0,,1.0,,Status,1,1,0,42,42,0,42.0,0.0,0.0,0.0,0.0,0,0,0,0.0,,,0.0,0.0,0.0,REQ,,,,,0.0,0.0,0.0,0
400050,0.0,0.0,0.0,0.0,0.0,0.0,udp,0.0,,cs0,,63.0,,1.0,,Status,1,1,0,42,42,0,42.0,0.0,0.0,0.0,0.0,0,0,0,0.0,,,0.0,0.0,0.0,REQ,,,,,0.0,0.0,0.0,0
400099,0.0,0.0,0.0,0.0,0.0,0.0,udp,0.0,,cs0,,63.0,,1.0,,Status,1,1,0,42,42,0,42.0,0.0,0.0,0.0,0.0,0,0,0,0.0,,,0.0,0.0,0.0,REQ,,,,,0.0,0.0,0.0,0
400142,0.0,0.0,0.0,0.0,0.0,0.0,udp,0.0,,cs0,,63.0,,1.0,,Status,1,1,0,42,42,0,42.0,0.0,0.0,0.0,0.0,0,0,0,0.0,,,0.0,0.0,0.0,REQ,,,,,0.0,0.0,0.0,0
400158,2.577809,2.577809,2.577809,2.577809,2.577809,2.577809,udp,0.0,,cs0,,63.0,,1.0,,Status,2,2,0,84,84,0,42.0,0.0,130.343246,130.343246,0.0,0,0,0,0.0,,,0.387926,0.387926,0.0,REQ,,,,,0.0,0.0,0.0,0
400201,0.0,0.0,0.0,0.0,0.0,0.0,udp,0.0,,cs0,,63.0,,1.0,,Status,1,1,0,42,42,0,42.0,0.0,0.0,0.0,0.0,0,0,0,0.0,,,0.0,0.0,0.0,REQ,,,,,0.0,0.0,0.0,0
400230,0.0,0.0,0.0,0.0,0.0,0.0,udp,0.0,,cs0,,63.0,,1.0,,Status,1,1,0,42,42,0,42.0,0.0,0.0,0.0,0.0,0,0,0,0.0,,,0.0,0.0,0.0,REQ,,,,,0.0,0.0,0.0,0
400243,0.0,0.0,0.0,0.0,0.0,0.0,udp,0.0,,cs0,,63.0,,1.0,,Status,1,1,0,42,42,0,42.0,0.0,0.0,0.0,0.0,0,0,0,0.0,,,0.0,0.0,0.0,REQ,,,,,0.0,0.0,0.0,0
400302,0.0,0.0,0.0,0.0,0.0,0.0,udp,0.0,,cs0,,63.0,,1.0,,Status,1,1,0,42,42,0,42.0,0.0,0.0,0.0,0.0,0,0,0,0.0,,,0.0,0.0,0.0,REQ,,,,,0.0,0.0,0.0,0
400315,2.580165,2.580165,2.580165,2.580165,2.580165,2.580165,udp,0.0,,cs0,,63.0,,1.0,,Status,2,2,0,84,84,0,42.0,0.0,130.224228,130.224228,0.0,0,0,0,0.0,,,0.387572,0.387572,0.0,REQ,,,,,0.0,0.0,0.0,0
400334,2.576361,2.576361,2.576361,2.576361,2.576361,2.576361,udp,0.0,,cs0,,63.0,,1.0,,Status,2,2,0,84,84,0,42.0,0.0,130.416504,130.416504,0.0,0,0,0,0.0,,,0.388144,0.388144,0.0,REQ,,,,,0.0,0.0,0.0,0
400356,2.574078,2.574078,2.574078,2.574078,2.574078,2.574078,udp,0.0,,cs0,,63.0,,1.0,,Status,2,2,0,84,84,0,42.0,0.0,130.532166,130.532166,0.0,0,0,0,0.0,,,0.388489,0.388489,0.0,REQ,,,,,0.0,0.0,0.0,0
400378,0.0,0.0,0.0,0.0,0.0,0.0,udp,0.0,,cs0,,63.0,,1.0,,Status,1,1,0,42,42,0,42.0,0.0,0.0,0.0,0.0,0,0,0,0.0,,,0.0,0.0,0.0,REQ,,,,,0.0,0.0,0.0,0
400436,0.0,0.0,0.0,0.0,0.0,0.0,udp,0.0,,cs0,,63.0,,1.0,,Status,1,1,0,42,42,0,42.0,0.0,0.0,0.0,0.0,0,0,0,0.0,,,0.0,0.0,0.0,REQ,,,,,0.0,0.0,0.0,0
400444,0.0,0.0,0.0,0.0,0.0,0.0,udp,0.0,,cs0,,63.0,,1.0,,Status,1,1,0,42,42,0,42.0,0.0,0.0,0.0,0.0,0,0,0,0.0,,,0.0,0.0,0.0,REQ,,,,,0.0,0.0,0.0,0
400470,0.0,0.0,0.0,0.0,0.0,0.0,udp,0.0,,cs0,,63.0,,1.0,,Status,1,1,0,42,42,0,42.0,0.0,0.0,0.0,0.0,0,0,0,0.0,,,0.0,0.0,0.0,REQ,,,,,0.0,0.0,0.0,0
400524,2.577131,2.577131,2.577131,2.577131,2.577131,2.577131,udp,0.0,,cs0,,63.0,,1.0,,Status,2,2,0,84,84,0,42.0,0.0,130.377533,130.377533,0.0,0,0,0,0.0,,,0.388028,0.388028,0.0,REQ,,,,,0.0,0.0,0.0,0
400562,0.0,0.0,0.0,0.0,0.0,0.0,udp,0.0,,cs0,,63.0,,1.0,,Status,1,1,0,42,42,0,42.0,0.0,0.0,0.0,0.0,0,0,0,0.0,,,0.0,0.0,0.0,REQ,,,,,0.0,0.0,0.0,0
400603,2.575258,2.575258,2.575258,2.575258,2.575258,2.575258,udp,0.0,,cs0,,63.0,,1.0,,Status,2,2,0,84,84,0,42.0,0.0,130.472366,130.472366,0.0,0,0,0,0.0,,,0.388311,0.388311,0.0,REQ,,,,,0.0,0.0,0.0,0
400605,2.575258,2.575258,2.575258,2.575258,2.575258,2.575258,udp,0.0,,cs0,,63.0,,1.0,,Status,2,2,0,84,84,0,42.0,0.0,130.472366,130.472366,0.0,0,0,0,0.0,,,0.388311,0.388311,0.0,REQ,,,,,0.0,0.0,0.0,0
400756,0.0,0.0,0.0,0.0,0.0,0.0,udp,0.0,,cs0,,63.0,,1.0,,Status,1,1,0,42,42,0,42.0,0.0,0.0,0.0,0.0,0,0,0,0.0,,,0.0,0.0,0.0,REQ,,,,,0.0,0.0,0.0,0
400757,0.0,0.0,0.0,0.0,0.0,0.0,udp,0.0,,cs0,,63.0,,1.0,,Status,1,1,0,42,42,0,42.0,0.0,0.0,0.0,0.0,0,0,0,0.0,,,0.0,0.0,0.0,REQ,,,,,0.0,0.0,0.0,0
400785,2.576742,2.576742,2.576742,2.576742,2.576742,2.576742,udp,0.0,,cs0,,63.0,,1.0,,Status,2,2,0,84,84,0,42.0,0.0,130.397232,130.397232,0.0,0,0,0,0.0,,,0.388087,0.388087,0.0,REQ,,,,,0.0,0.0,0.0,0
400814,2.582576,2.582576,2.582576,2.582576,2.582576,2.582576,udp,0.0,,cs0,,63.0,,1.0,,Status,2,2,0,84,84,0,42.0,0.0,130.102661,130.102661,0.0,0,0,0,0.0,,,0.38721,0.38721,0.0,REQ,,,,,0.0,0.0,0.0,0
400845,2.578082,2.578082,2.578082,2.578082,2.578082,2.578082,udp,0.0,,cs0,,63.0,,1.0,,Status,2,2,0,84,84,0,42.0,0.0,130.329437,130.329437,0.0,0,0,0,0.0,,,0.387885,0.387885,0.0,REQ,,,,,0.0,0.0,0.0,0
400885,2.574964,2.574964,2.574964,2.574964,2.574964,2.574964,udp,0.0,,cs0,,63.0,,1.0,,Start,2,2,0,84,84,0,42.0,0.0,130.487259,130.487259,0.0,0,0,0,0.0,,,0.388355,0.388355,0.0,INT,,,,,0.0,0.0,0.0,0
400933,2.576259,2.576259,2.576259,2.576259,2.576259,2.576259,udp,0.0,,cs0,,63.0,,1.0,,Start,2,2,0,84,84,0,42.0,0.0,130.421677,130.421677,0.0,0,0,0,0.0,,,0.38816,0.38816,0.0,INT,,,,,0.0,0.0,0.0,0
400978,0.0,0.0,0.0,0.0,0.0,0.0,udp,0.0,,cs0,,63.0,,1.0,,Status,1,1,0,42,42,0,42.0,0.0,0.0,0.0,0.0,0,0,0,0.0,,,0.0,0.0,0.0,REQ,,,,,0.0,0.0,0.0,0
401025,2.575829,2.575829,2.575829,2.575829,2.575829,2.575829,udp,0.0,,cs0,,63.0,,1.0,,Status,2,2,0,84,84,0,42.0,0.0,130.443436,130.443436,0.0,0,0,0,0.0,,,0.388225,0.388225,0.0,REQ,,,,,0.0,0.0,0.0,0
401192,0.0,0.0,0.0,0.0,0.0,0.0,udp,0.0,,cs0,,63.0,,1.0,,Status,1,1,0,42,42,0,42.0,0.0,0.0,0.0,0.0,0,0,0,0.0,,,0.0,0.0,0.0,REQ,,,,,0.0,0.0,0.0,0
401233,0.0,0.0,0.0,0.0,0.0,0.0,udp,0.0,,cs0,,63.0,,1.0,,Status,1,1,0,42,42,0,42.0,0.0,0.0,0.0,0.0,0,0,0,0.0,,,0.0,0.0,0.0,REQ,,,,,0.0,0.0,0.0,0
401243,2.575979,2.575979,2.575979,2.575979,2.575979,2.575979,udp,0.0,,cs0,,63.0,,1.0,,Status,2,2,0,84,84,0,42.0,0.0,130.435852,130.435852,0.0,0,0,0,0.0,,,0.388202,0.388202,0.0,REQ,,,,,0.0,0.0,0.0,0
401465,0.0,0.0,0.0,0.0,0.0,0.0,udp,0.0,,cs0,,63.0,,1.0,,Status,1,1,0,42,42,0,42.0,0.0,0.0,0.0,0.0,0,0,0,0.0,,,0.0,0.0,0.0,REQ,,,,,0.0,0.0,0.0,0
401536,2.57815,2.57815,2.57815,2.57815,2.57815,2.57815,udp,0.0,,cs0,,63.0,,1.0,,Status,2,2,0,84,84,0,42.0,0.0,130.326004,130.326004,0.0,0,0,0,0.0,,,0.387875,0.387875,0.0,REQ,,,,,0.0,0.0,0.0,0
401538,2.578161,2.578161,2.578161,2.578161,2.578161,2.578161,udp,0.0,,cs0,,63.0,,1.0,,Status,2,2,0,84,84,0,42.0,0.0,130.325455,130.325455,0.0,0,0,0,0.0,,,0.387873,0.387873,0.0,REQ,,,,,0.0,0.0,0.0,0
401575,0.0,0.0,0.0,0.0,0.0,0.0,udp,0.0,,cs0,,63.0,,1.0,,Status,1,1,0,42,42,0,42.0,0.0,0.0,0.0,0.0,0,0,0,0.0,,,0.0,0.0,0.0,REQ,,,,,0.0,0.0,0.0,0
401610,0.0,0.0,0.0,0.0,0.0,0.0,udp,0.0,,cs0,,63.0,,1.0,,Status,1,1,0,42,42,0,42.0,0.0,0.0,0.0,0.0,0,0,0,0.0,,,0.0,0.0,0.0,REQ,,,,,0.0,0.0,0.0,0
401638,2.578733,2.578733,2.578733,2.578733,2.578733,2.578733,udp,0.0,,cs0,,63.0,,1.0,,Status,2,2,0,84,84,0,42.0,0.0,130.296539,130.296539,0.0,0,0,0,0.0,,,0.387787,0.387787,0.0,REQ,,,,,0.0,0.0,0.0,0
401745,2.576182,2.576182,2.576182,2.576182,2.576182,2.576182,udp,0.0,,cs0,,63.0,,1.0,,Status,2,2,0,84,84,0,42.0,0.0,130.425568,130.425568,0.0,0,0,0,0.0,,,0.388171,0.388171,0.0,REQ,,,,,0.0,0.0,0.0,0
401749,2.575207,2.575207,2.575207,2.575207,2.575207,2.575207,udp,0.0,,cs0,,63.0,,1.0,,Status,2,2,0,84,84,0,42.0,0.0,130.474945,130.474945,0.0,0,0,0,0.0,,,0.388318,0.388318,0.0,REQ,,,,,0.0,0.0,0.0,0
401818,2.57511,2.57511,2.57511,2.57511,2.57511,2.57511,udp,0.0,,cs0,,63.0,,1.0,,Status,2,2,0,84,84,0,42.0,0.0,130.479858,130.479858,0.0,0,0,0,0.0,,,0.388333,0.388333,0.0,REQ,,,,,0.0,0.0,0.0,0
401920,0.0,0.0,0.0,0.0,0.0,0.0,udp,0.0,,cs0,,63.0,,1.0,,Status,1,1,0,42,42,0,42.0,0.0,0.0,0.0,0.0,0,0,0,0.0,,,0.0,0.0,0.0,REQ,,,,,0.0,0.0,0.0,0
402040,2.574623,2.574623,2.574623,2.574623,2.574623,2.574623,udp,0.0,,cs0,,63.0,,1.0,,Status,2,2,0,84,84,0,42.0,0.0,130.504532,130.504532,0.0,0,0,0,0.0,,,0.388406,0.388406,0.0,REQ,,,,,0.0,0.0,0.0,0
402051,2.579746,2.579746,2.579746,2.579746,2.579746,2.579746,udp,0.0,,cs0,,63.0,,1.0,,Status,2,2,0,84,84,0,42.0,0.0,130.245377,130.245377,0.0,0,0,0,0.0,,,0.387635,0.387635,0.0,REQ,,,,,0.0,0.0,0.0,0
402105,2.575879,2.575879,2.575879,2.575879,2.575879,2.575879,udp,0.0,,cs0,,63.0,,1.0,,Status,2,2,0,84,84,0,42.0,0.0,130.440903,130.440903,0.0,0,0,0,0.0,,,0.388217,0.388217,0.0,REQ,,,,,0.0,0.0,0.0,0
402110,0.0,0.0,0.0,0.0,0.0,0.0,udp,0.0,,cs0,,63.0,,1.0,,Status,1,1,0,42,42,0,42.0,0.0,0.0,0.0,0.0,0,0,0,0.0,,,0.0,0.0,0.0,REQ,,,,,0.0,0.0,0.0,0
402140,0.0,0.0,0.0,0.0,0.0,0.0,udp,0.0,,cs0,,63.0,,1.0,,Status,1,1,0,42,42,0,42.0,0.0,0.0,0.0,0.0,0,0,0,0.0,,,0.0,0.0,0.0,REQ,,,,,0.0,0.0,0.0,0
402211,2.577329,2.577329,2.577329,2.577329,2.577329,2.577329,udp,0.0,,cs0,,63.0,,1.0,,Status,2,2,0,84,84,0,42.0,0.0,130.367523,130.367523,0.0,0,0,0,0.0,,,0.387999,0.387999,0.0,REQ,,,,,0.0,0.0,0.0,0
402223,2.574271,2.574271,2.574271,2.574271,2.574271,2.574271,udp,0.0,,cs0,,63.0,,1.0,,Status,2,2,0,84,84,0,42.0,0.0,130.522385,130.522385,0.0,0,0,0,0.0,,,0.38846,0.38846,0.0,REQ,,,,,0.0,0.0,0.0,0
402269,2.576875,2.576875,2.576875,2.576875,2.576875,2.576875,udp,0.0,,cs0,,63.0,,1.0,,Status,2,2,0,84,84,0,42.0,0.0,130.390488,130.390488,0.0,0,0,0,0.0,,,0.388067,0.388067,0.0,REQ,,,,,0.0,0.0,0.0,0
402447,2.577988,2.577988,2.577988,2.577988,2.577988,2.577988,udp,0.0,,cs0,,63.0,,1.0,,Status,2,2,0,84,84,0,42.0,0.0,130.334198,130.334198,0.0,0,0,0,0.0,,,0.387899,0.387899,0.0,REQ,,,,,0.0,0.0,0.0,0
402500,2.579082,2.579082,2.579082,2.579082,2.579082,2.579082,udp,0.0,,cs0,,63.0,,1.0,,Status,2,2,0,84,84,0,42.0,0.0,130.278915,130.278915,0.0,0,0,0,0.0,,,0.387735,0.387735,0.0,REQ,,,,,0.0,0.0,0.0,0
402617,2.577724,2.577724,2.577724,2.577724,2.577724,2.577724,udp,0.0,,cs0,,63.0,,1.0,,Status,2,2,0,84,84,0,42.0,0.0,130.347549,130.347549,0.0,0,0,0,0.0,,,0.387939,0.387939,0.0,REQ,,,,,0.0,0.0,0.0,0
402628,2.577788,2.577788,2.577788,2.577788,2.577788,2.577788,udp,0.0,,cs0,,63.0,,1.0,,Status,2,2,0,84,84,0,42.0,0.0,130.344299,130.344299,0.0,0,0,0,0.0,,,0.387929,0.387929,0.0,REQ,,,,,0.0,0.0,0.0,0
402668,2.578994,2.578994,2.578994,2.578994,2.578994,2.578994,udp,0.0,,cs0,,63.0,,1.0,,Status,2,2,0,84,84,0,42.0,0.0,130.283356,130.283356,0.0,0,0,0,0.0,,,0.387748,0.387748,0.0,REQ,,,,,0.0,0.0,0.0,0
402704,0.0,0.0,0.0,0.0,0.0,0.0,udp,0.0,,cs0,,63.0,,1.0,,Status,1,1,0,42,42,0,42.0,0.0,0.0,0.0,0.0,0,0,0,0.0,,,0.0,0.0,0.0,REQ,,,,,0.0,0.0,0.0,0
402744,2.573997,2.573997,2.573997,2.573997,2.573997,2.573997,udp,0.0,,cs0,,63.0,,1.0,,Status,2,2,0,84,84,0,42.0,0.0,130.536285,130.536285,0.0,0,0,0,0.0,,,0.388501,0.388501,0.0,REQ,,,,,0.0,0.0,0.0,0
402775,0.0,0.0,0.0,0.0,0.0,0.0,udp,0.0,,cs0,,63.0,,1.0,,Status,1,1,0,42,42,0,42.0,0.0,0.0,0.0,0.0,0,0,0,0.0,,,0.0,0.0,0.0,REQ,,,,,0.0,0.0,0.0,0
402814,0.0,0.0,0.0,0.0,0.0,0.0,udp,0.0,,cs0,,63.0,,1.0,,Status,1,1,0,42,42,0,42.0,0.0,0.0,0.0,0.0,0,0,0,0.0,,,0.0,0.0,0.0,REQ,,,,,0.0,0.0,0.0,0
402836,2.578101,2.578101,2.578101,2.578101,2.578101,2.578101,udp,0.0,,cs0,,63.0,,1.0,,Status,2,2,0,84,84,0,42.0,0.0,130.328491,130.328491,0.0,0,0,0,0.0,,,0.387882,0.387882,0.0,REQ,,,,,0.0,0.0,0.0,0
402862,2.578991,2.578991,2.578991,2.578991,2.578991,2.578991,udp,0.0,,cs0,,63.0,,1.0,,Status,2,2,0,84,84,0,42.0,0.0,130.283508,130.283508,0.0,0,0,0,0.0,,,0.387749,0.387749,0.0,REQ,,,,,0.0,0.0,0.0,0
402874,0.0,0.0,0.0,0.0,0.0,0.0,udp,0.0,,cs0,,63.0,,1.0,,Status,1,1,0,42,42,0,42.0,0.0,0.0,0.0,0.0,0,0,0,0.0,,,0.0,0.0,0.0,REQ,,,,,0.0,0.0,0.0,0
402877,2.578938,2.578938,2.578938,2.578938,2.578938,2.578938,udp,0.0,,cs0,,63.0,,1.0,,Status,2,2,0,84,84,0,42.0,0.0,130.286194,130.286194,0.0,0,0,0,0.0,,,0.387756,0.387756,0.0,REQ,,,,,0.0,0.0,0.0,0
402892,0.0,0.0,0.0,0.0,0.0,0.0,udp,0.0,,cs0,,63.0,,1.0,,Status,1,1,0,42,42,0,42.0,0.0,0.0,0.0,0.0,0,0,0,0.0,,,0.0,0.0,0.0,REQ,,,,,0.0,0.0,0.0,0
402952,2.576935,2.576935,2.576935,2.576935,2.576935,2.576935,udp,0.0,,cs0,,63.0,,1.0,,Status,2,2,0,84,84,0,42.0,0.0,130.387451,130.387451,0.0,0,0,0,0.0,,,0.388058,0.388058,0.0,REQ,,,,,0.0,0.0,0.0,0
402983,0.0,0.0,0.0,0.0,0.0,0.0,udp,0.0,,cs0,,63.0,,1.0,,Status,1,1,0,42,42,0,42.0,0.0,0.0,0.0,0.0,0,0,0,0.0,,,0.0,0.0,0.0,REQ,,,,,0.0,0.0,0.0,0
402992,2.581155,2.581155,2.581155,2.581155,2.581155,2.581155,udp,0.0,,cs0,,63.0,,1.0,,Status,2,2,0,84,84,0,42.0,0.0,130.174286,130.174286,0.0,0,0,0,0.0,,,0.387423,0.387423,0.0,REQ,,,,,0.0,0.0,0.0,0
403031,0.0,0.0,0.0,0.0,0.0,0.0,udp,0.0,,cs0,,63.0,,1.0,,Status,1,1,0,42,42,0,42.0,0.0,0.0,0.0,0.0,0,0,0,0.0,,,0.0,0.0,0.0,REQ,,,,,0.0,0.0,0.0,0
403041,0.0,0.0,0.0,0.0,0.0,0.0,udp,0.0,,cs0,,63.0,,1.0,,Status,1,1,0,42,42,0,42.0,0.0,0.0,0.0,0.0,0,0,0,0.0,,,0.0,0.0,0.0,REQ,,,,,0.0,0.0,0.0,0
403085,0.0,0.0,0.0,0.0,0.0,0.0,udp,0.0,,cs0,,63.0,,1.0,,Status,1,1,0,42,42,0,42.0,0.0,0.0,0.0,0.0,0,0,0,0.0,,,0.0,0.0,0.0,REQ,,,,,0.0,0.0,0.0,0
403149,0.0,0.0,0.0,0.0,0.0,0.0,udp,0.0,,cs0,,63.0,,1.0,,Status,1,1,0,42,42,0,42.0,0.0,0.0,0.0,0.0,0,0,0,0.0,,,0.0,0.0,0.0,REQ,,,,,0.0,0.0,0.0,0
403197,0.0,0.0,0.0,0.0,0.0,0.0,udp,0.0,,cs0,,63.0,,1.0,,Status,1,1,0,42,42,0,42.0,0.0,0.0,0.0,0.0,0,0,0,0.0,,,0.0,0.0,0.0,REQ,,,,,0.0,0.0,0.0,0
403200,0.0,0.0,0.0,0.0,0.0,0.0,udp,0.0,,cs0,,63.0,,1.0,,Status,1,1,0,42,42,0,42.0,0.0,0.0,0.0,0.0,0,0,0,0.0,,,0.0,0.0,0.0,REQ,,,,,0.0,0.0,0.0,0
403218,2.577607,2.577607,2.577607,2.577607,2.577607,2.577607,udp,0.0,,cs0,,63.0,,1.0,,Status,2,2,0,84,84,0,42.0,0.0,130.35347,130.35347,0.0,0,0,0,0.0,,,0.387957,0.387957,0.0,REQ,,,,,0.0,0.0,0.0,0
403325,2.582445,2.582445,2.582445,2.582445,2.582445,2.582445,udp,0.0,,cs0,,63.0,,1.0,,Status,2,2,0,84,84,0,42.0,0.0,130.109268,130.109268,0.0,0,0,0,0.0,,,0.38723,0.38723,0.0,REQ,,,,,0.0,0.0,0.0,0
403386,2.573379,2.573379,2.573379,2.573379,2.573379,2.573379,udp,0.0,,cs0,,63.0,,1.0,,Status,2,2,0,84,84,0,42.0,0.0,130.567627,130.567627,0.0,0,0,0,0.0,,,0.388594,0.388594,0.0,REQ,,,,,0.0,0.0,0.0,0
403396,0.0,0.0,0.0,0.0,0.0,0.0,udp,0.0,,cs0,,63.0,,1.0,,Status,1,1,0,42,42,0,42.0,0.0,0.0,0.0,0.0,0,0,0,0.0,,,0.0,0.0,0.0,REQ,,,,,0.0,0.0,0.0,0
403457,0.0,0.0,0.0,0.0,0.0,0.0,udp,0.0,,cs0,,63.0,,1.0,,Status,1,1,0,42,42,0,42.0,0.0,0.0,0.0,0.0,0,0,0,0.0,,,0.0,0.0,0.0,REQ,,,,,0.0,0.0,0.0,0
403485,0.0,0.0,0.0,0.0,0.0,0.0,udp,0.0,,cs0,,63.0,,1.0,,Status,1,1,0,42,42,0,42.0,0.0,0.0,0.0,0.0,0,0,0,0.0,,,0.0,0.0,0.0,REQ,,,,,0.0,0.0,0.0,0
403489,0.0,0.0,0.0,0.0,0.0,0.0,udp,0.0,,cs0,,63.0,,1.0,,Status,1,1,0,42,42,0,42.0,0.0,0.0,0.0,0.0,0,0,0,0.0,,,0.0,0.0,0.0,REQ,,,,,0.0,0.0,0.0,0
403564,2.577206,2.577206,2.577206,2.577206,2.577206,2.577206,udp,0.0,,cs0,,63.0,,1.0,,Status,2,2,0,84,84,0,42.0,0.0,130.373749,130.373749,0.0,0,0,0,0.0,,,0.388017,0.388017,0.0,REQ,,,,,0.0,0.0,0.0,0
403605,0.0,0.0,0.0,0.0,0.0,0.0,udp,0.0,,cs0,,63.0,,1.0,,Status,1,1,0,42,42,0,42.0,0.0,0.0,0.0,0.0,0,0,0,0.0,,,0.0,0.0,0.0,REQ,,,,,0.0,0.0,0.0,0
403667,2.579094,2.579094,2.579094,2.579094,2.579094,2.579094,udp,0.0,,cs0,,63.0,,1.0,,Status,2,2,0,84,84,0,42.0,0.0,130.278305,130.278305,0.0,0,0,0,0.0,,,0.387733,0.387733,0.0,REQ,,,,,0.0,0.0,0.0,0
403710,2.579221,2.579221,2.579221,2.579221,2.579221,2.579221,udp,0.0,,cs0,,63.0,,1.0,,Status,2,2,0,84,84,0,42.0,0.0,130.271896,130.271896,0.0,0,0,0,0.0,,,0.387714,0.387714,0.0,REQ,,,,,0.0,0.0,0.0,0
403760,0.0,0.0,0.0,0.0,0.0,0.0,udp,0.0,,cs0,,63.0,,1.0,,Status,1,1,0,42,42,0,42.0,0.0,0.0,0.0,0.0,0,0,0,0.0,,,0.0,0.0,0.0,REQ,,,,,0.0,0.0,0.0,0
403764,2.5767,2.5767,2.5767,2.5767,2.5767,2.5767,udp,0.0,,cs0,,63.0,,1.0,,Status,2,2,0,84,84,0,42.0,0.0,130.399353,130.399353,0.0,0,0,0,0.0,,,0.388093,0.388093,0.0,REQ,,,,,0.0,0.0,0.0,0
403784,2.579102,2.579102,2.579102,2.579102,2.579102,2.579102,udp,0.0,,cs0,,63.0,,1.0,,Status,2,2,0,84,84,0,42.0,0.0,130.277908,130.277908,0.0,0,0,0,0.0,,,0.387732,0.387732,0.0,REQ,,,,,0.0,0.0,0.0,0
403794,2.577544,2.577544,2.577544,2.577544,2.577544,2.577544,udp,0.0,,cs0,,63.0,,1.0,,Status,2,2,0,84,84,0,42.0,0.0,130.356644,130.356644,0.0,0,0,0,0.0,,,0.387966,0.387966,0.0,REQ,,,,,0.0,0.0,0.0,0
403830,0.0,0.0,0.0,0.0,0.0,0.0,udp,0.0,,cs0,,63.0,,1.0,,Status,1,1,0,42,42,0,42.0,0.0,0.0,0.0,0.0,0,0,0,0.0,,,0.0,0.0,0.0,REQ,,,,,0.0,0.0,0.0,0
403842,2.579548,2.579548,2.579548,2.579548,2.579548,2.579548,udp,0.0,,cs0,,63.0,,1.0,,Status,2,2,0,84,84,0,42.0,0.0,130.255386,130.255386,0.0,0,0,0,0.0,,,0.387665,0.387665,0.0,REQ,,,,,0.0,0.0,0.0,0
403860,2.576911,2.576911,2.576911,2.576911,2.576911,2.576911,udp,0.0,,cs0,,63.0,,1.0,,Status,2,2,0,84,84,0,42.0,0.0,130.388672,130.388672,0.0,0,0,0,0.0,,,0.388062,0.388062,0.0,REQ,,,,,0.0,0.0,0.0,0
403927,2.578661,2.578661,2.578661,2.578661,2.578661,2.578661,udp,0.0,,cs0,,63.0,,1.0,,Status,2,2,0,84,84,0,42.0,0.0,130.300186,130.300186,0.0,0,0,0,0.0,,,0.387798,0.387798,0.0,REQ,,,,,0.0,0.0,0.0,0
404020,2.576901,2.576901,2.576901,2.576901,2.576901,2.576901,udp,0.0,,cs0,,63.0,,1.0,,Status,2,2,0,84,84,0,42.0,0.0,130.389175,130.389175,0.0,0,0,0,0.0,,,0.388063,0.388063,0.0,REQ,,,,,0.0,0.0,0.0,0
404055,0.0,0.0,0.0,0.0,0.0,0.0,udp,0.0,,cs0,,63.0,,1.0,,Status,1,1,0,42,42,0,42.0,0.0,0.0,0.0,0.0,0,0,0,0.0,,,0.0,0.0,0.0,REQ,,,,,0.0,0.0,0.0,0
404099,2.568368,2.568368,2.568368,2.568368,2.568368,2.568368,udp,0.0,,cs0,,63.0,,1.0,,Status,2,2,0,84,84,0,42.0,0.0,130.822372,130.822372,0.0,0,0,0,0.0,,,0.389352,0.389352,0.0,REQ,,,,,0.0,0.0,0.0,0
404170,2.577806,2.577806,2.577806,2.577806,2.577806,2.577806,udp,0.0,,cs0,,63.0,,1.0,,Status,2,2,0,84,84,0,42.0,0.0,130.343399,130.343399,0.0,0,0,0,0.0,,,0.387927,0.387927,0.0,REQ,,,,,0.0,0.0,0.0,0
404172,2.576129,2.576129,2.576129,2.576129,2.576129,2.576129,udp,0.0,,cs0,,63.0,,1.0,,Start,2,2,0,84,84,0,42.0,0.0,130.428253,130.428253,0.0,0,0,0,0.0,,,0.388179,0.388179,0.0,INT,,,,,0.0,0.0,0.0,0
404236,2.572458,2.572458,2.572458,2.572458,2.572458,2.572458,udp,0.0,,cs0,,63.0,,1.0,,Status,2,2,0,84,84,0,42.0,0.0,130.61438,130.61438,0.0,0,0,0,0.0,,,0.388733,0.388733,0.0,REQ,,,,,0.0,0.0,0.0,0
404249,2.577799,2.577799,2.577799,2.577799,2.577799,2.577799,udp,0.0,,cs0,,63.0,,1.0,,Status,2,2,0,84,84,0,42.0,0.0,130.34375,130.34375,0.0,0,0,0,0.0,,,0.387928,0.387928,0.0,REQ,,,,,0.0,0.0,0.0,0
404250,2.578755,2.578755,2.578755,2.578755,2.578755,2.578755,udp,0.0,,cs0,,63.0,,1.0,,Status,2,2,0,84,84,0,42.0,0.0,130.295441,130.295441,0.0,0,0,0,0.0,,,0.387784,0.387784,0.0,REQ,,,,,0.0,0.0,0.0,0
404268,0.0,0.0,0.0,0.0,0.0,0.0,udp,0.0,,cs0,,63.0,,1.0,,Status,1,1,0,42,42,0,42.0,0.0,0.0,0.0,0.0,0,0,0,0.0,,,0.0,0.0,0.0,REQ,,,,,0.0,0.0,0.0,0
404281,0.0,0.0,0.0,0.0,0.0,0.0,udp,0.0,,cs0,,63.0,,1.0,,Status,1,1,0,42,42,0,42.0,0.0,0.0,0.0,0.0,0,0,0,0.0,,,0.0,0.0,0.0,REQ,,,,,0.0,0.0,0.0,0
404298,2.582233,2.582233,2.582233,2.582233,2.582233,2.582233,udp,0.0,,cs0,,63.0,,1.0,,Status,2,2,0,84,84,0,42.0,0.0,130.119934,130.119934,0.0,0,0,0,0.0,,,0.387262,0.387262,0.0,REQ,,,,,0.0,0.0,0.0,0
404305,2.582183,2.582183,2.582183,2.582183,2.582183,2.582183,udp,0.0,,cs0,,63.0,,1.0,,Status,2,2,0,84,84,0,42.0,0.0,130.122467,130.122467,0.0,0,0,0,0.0,,,0.387269,0.387269,0.0,REQ,,,,,0.0,0.0,0.0,0
404332,0.0,0.0,0.0,0.0,0.0,0.0,udp,0.0,,cs0,,63.0,,1.0,,Status,1,1,0,42,42,0,42.0,0.0,0.0,0.0,0.0,0,0,0,0.0,,,0.0,0.0,0.0,REQ,,,,,0.0,0.0,0.0,0
404357,2.576103,2.576103,2.576103,2.576103,2.576103,2.576103,udp,0.0,,cs0,,63.0,,1.0,,Status,2,2,0,84,84,0,42.0,0.0,130.429565,130.429565,0.0,0,0,0,0.0,,,0.388183,0.388183,0.0,REQ,,,,,0.0,0.0,0.0,0
404365,2.575964,2.575964,2.575964,2.575964,2.575964,2.575964,udp,0.0,,cs0,,63.0,,1.0,,Status,2,2,0,84,84,0,42.0,0.0,130.4366,130.4366,0.0,0,0,0,0.0,,,0.388204,0.388204,0.0,REQ,,,,,0.0,0.0,0.0,0
404395,2.57764,2.57764,2.57764,2.57764,2.57764,2.57764,udp,0.0,,cs0,,63.0,,1.0,,Status,2,2,0,84,84,0,42.0,0.0,130.351791,130.351791,0.0,0,0,0,0.0,,,0.387952,0.387952,0.0,REQ,,,,,0.0,0.0,0.0,0
404419,2.579371,2.579371,2.579371,2.579371,2.579371,2.579371,udp,0.0,,cs0,,63.0,,1.0,,Status,2,2,0,84,84,0,42.0,0.0,130.264313,130.264313,0.0,0,0,0,0.0,,,0.387691,0.387691,0.0,REQ,,,,,0.0,0.0,0.0,0
404450,0.0,0.0,0.0,0.0,0.0,0.0,udp,0.0,,cs0,,63.0,,1.0,,Status,1,1,0,42,42,0,42.0,0.0,0.0,0.0,0.0,0,0,0,0.0,,,0.0,0.0,0.0,REQ,,,,,0.0,0.0,0.0,0
404478,0.0,0.0,0.0,0.0,0.0,0.0,udp,0.0,,cs0,,63.0,,1.0,,Status,1,1,0,42,42,0,42.0,0.0,0.0,0.0,0.0,0,0,0,0.0,,,0.0,0.0,0.0,REQ,,,,,0.0,0.0,0.0,0
404611,2.581129,2.581129,2.581129,2.581129,2.581129,2.581129,udp,0.0,,cs0,,63.0,,1.0,,Status,2,2,0,84,84,0,42.0,0.0,130.175583,130.175583,0.0,0,0,0,0.0,,,0.387427,0.387427,0.0,REQ,,,,,0.0,0.0,0.0,0
404612,2.580621,2.580621,2.580621,2.580621,2.580621,2.580621,udp,0.0,,cs0,,63.0,,1.0,,Status,2,2,0,84,84,0,42.0,0.0,130.201218,130.201218,0.0,0,0,0,0.0,,,0.387504,0.387504,0.0,REQ,,,,,0.0,0.0,0.0,0
404631,2.575534,2.575534,2.575534,2.575534,2.575534,2.575534,udp,0.0,,cs0,,63.0,,1.0,,Status,2,2,0,84,84,0,42.0,0.0,130.458374,130.458374,0.0,0,0,0,0.0,,,0.388269,0.388269,0.0,REQ,,,,,0.0,0.0,0.0,0
404640,0.0,0.0,0.0,0.0,0.0,0.0,udp,0.0,,cs0,,63.0,,1.0,,Status,1,1,0,42,42,0,42.0,0.0,0.0,0.0,0.0,0,0,0,0.0,,,0.0,0.0,0.0,REQ,,,,,0.0,0.0,0.0,0
404644,2.575326,2.575326,2.575326,2.575326,2.575326,2.575326,udp,0.0,,cs0,,63.0,,1.0,,Status,2,2,0,84,84,0,42.0,0.0,130.468918,130.468918,0.0,0,0,0,0.0,,,0.3883,0.3883,0.0,REQ,,,,,0.0,0.0,0.0,0
404646,2.575316,2.575316,2.575316,2.575316,2.575316,2.575316,udp,0.0,,cs0,,63.0,,1.0,,Status,2,2,0,84,84,0,42.0,0.0,130.469421,130.469421,0.0,0,0,0,0.0,,,0.388302,0.388302,0.0,REQ,,,,,0.0,0.0,0.0,0
404673,0.0,0.0,0.0,0.0,0.0,0.0,udp,0.0,,cs0,,63.0,,1.0,,Status,1,1,0,42,42,0,42.0,0.0,0.0,0.0,0.0,0,0,0,0.0,,,0.0,0.0,0.0,REQ,,,,,0.0,0.0,0.0,0
404681,0.0,0.0,0.0,0.0,0.0,0.0,udp,0.0,,cs0,,63.0,,1.0,,Status,1,1,0,42,42,0,42.0,0.0,0.0,0.0,0.0,0,0,0,0.0,,,0.0,0.0,0.0,REQ,,,,,0.0,0.0,0.0,0
404702,0.0,0.0,0.0,0.0,0.0,0.0,udp,0.0,,cs0,,63.0,,1.0,,Status,1,1,0,42,42,0,42.0,0.0,0.0,0.0,0.0,0,0,0,0.0,,,0.0,0.0,0.0,REQ,,,,,0.0,0.0,0.0,0
404724,0.0,0.0,0.0,0.0,0.0,0.0,udp,0.0,,cs0,,63.0,,1.0,,Status,1,1,0,42,42,0,42.0,0.0,0.0,0.0,0.0,0,0,0,0.0,,,0.0,0.0,0.0,REQ,,,,,0.0,0.0,0.0,0
404728,0.0,0.0,0.0,0.0,0.0,0.0,udp,0.0,,cs0,,63.0,,1.0,,Status,1,1,0,42,42,0,42.0,0.0,0.0,0.0,0.0,0,0,0,0.0,,,0.0,0.0,0.0,REQ,,,,,0.0,0.0,0.0,0
404732,0.0,0.0,0.0,0.0,0.0,0.0,udp,0.0,,cs0,,63.0,,1.0,,Status,1,1,0,42,42,0,42.0,0.0,0.0,0.0,0.0,0,0,0,0.0,,,0.0,0.0,0.0,REQ,,,,,0.0,0.0,0.0,0
404759,0.0,0.0,0.0,0.0,0.0,0.0,udp,0.0,,cs0,,63.0,,1.0,,Status,1,1,0,42,42,0,42.0,0.0,0.0,0.0,0.0,0,0,0,0.0,,,0.0,0.0,0.0,REQ,,,,,0.0,0.0,0.0,0
404828,2.579712,2.579712,2.579712,2.579712,2.579712,2.579712,udp,0.0,,cs0,,63.0,,1.0,,Status,2,2,0,84,84,0,42.0,0.0,130.247101,130.247101,0.0,0,0,0,0.0,,,0.38764,0.38764,0.0,REQ,,,,,0.0,0.0,0.0,0
404848,2.573323,2.573323,2.573323,2.573323,2.573323,2.573323,udp,0.0,,cs0,,63.0,,1.0,,Status,2,2,0,84,84,0,42.0,0.0,130.570465,130.570465,0.0,0,0,0,0.0,,,0.388603,0.388603,0.0,REQ,,,,,0.0,0.0,0.0,0
404903,2.574236,2.574236,2.574236,2.574236,2.574236,2.574236,udp,0.0,,cs0,,63.0,,1.0,,Status,2,2,0,84,84,0,42.0,0.0,130.52417,130.52417,0.0,0,0,0,0.0,,,0.388465,0.388465,0.0,REQ,,,,,0.0,0.0,0.0,0
404919,0.0,0.0,0.0,0.0,0.0,0.0,udp,0.0,,cs0,,63.0,,1.0,,Status,1,1,0,42,42,0,42.0,0.0,0.0,0.0,0.0,0,0,0,0.0,,,0.0,0.0,0.0,REQ,,,,,0.0,0.0,0.0,0
404945,0.0,0.0,0.0,0.0,0.0,0.0,udp,0.0,,cs0,,63.0,,1.0,,Status,1,1,0,42,42,0,42.0,0.0,0.0,0.0,0.0,0,0,0,0.0,,,0.0,0.0,0.0,REQ,,,,,0.0,0.0,0.0,0
404972,0.0,0.0,0.0,0.0,0.0,0.0,udp,0.0,,cs0,,63.0,,1.0,,Status,1,1,0,42,42,0,42.0,0.0,0.0,0.0,0.0,0,0,0,0.0,,,0.0,0.0,0.0,REQ,,,,,0.0,0.0,0.0,0
405098,2.577508,2.577508,2.577508,2.577508,2.577508,2.577508,udp,0.0,,cs0,,63.0,,1.0,,Status,2,2,0,84,84,0,42.0,0.0,130.358475,130.358475,0.0,0,0,0,0.0,,,0.387972,0.387972,0.0,REQ,,,,,0.0,0.0,0.0,0
405158,2.578145,2.578145,2.578145,2.578145,2.578145,2.578145,udp,0.0,,cs0,,63.0,,1.0,,Status,2,2,0,84,84,0,42.0,0.0,130.326263,130.326263,0.0,0,0,0,0.0,,,0.387876,0.387876,0.0,REQ,,,,,0.0,0.0,0.0,0
405206,2.584112,2.584112,2.584112,2.584112,2.584112,2.584112,udp,0.0,,cs0,,63.0,,1.0,,Status,2,2,0,84,84,0,42.0,0.0,130.02533,130.02533,0.0,0,0,0,0.0,,,0.38698,0.38698,0.0,REQ,,,,,0.0,0.0,0.0,0
405354,2.57742,2.57742,2.57742,2.57742,2.57742,2.57742,udp,0.0,,cs0,,63.0,,1.0,,Status,2,2,0,84,84,0,42.0,0.0,130.362915,130.362915,0.0,0,0,0,0.0,,,0.387985,0.387985,0.0,REQ,,,,,0.0,0.0,0.0,0
405400,0.0,0.0,0.0,0.0,0.0,0.0,udp,0.0,,cs0,,63.0,,1.0,,Status,1,1,0,42,42,0,42.0,0.0,0.0,0.0,0.0,0,0,0,0.0,,,0.0,0.0,0.0,REQ,,,,,0.0,0.0,0.0,0
405502,2.575029,2.575029,2.575029,2.575029,2.575029,2.575029,udp,0.0,,cs0,,63.0,,1.0,,Status,2,2,0,84,84,0,42.0,0.0,130.483978,130.483978,0.0,0,0,0,0.0,,,0.388345,0.388345,0.0,REQ,,,,,0.0,0.0,0.0,0
405592,0.0,0.0,0.0,0.0,0.0,0.0,udp,0.0,,cs0,,63.0,,1.0,,Status,1,1,0,42,42,0,42.0,0.0,0.0,0.0,0.0,0,0,0,0.0,,,0.0,0.0,0.0,REQ,,,,,0.0,0.0,0.0,0
405723,2.575897,2.575897,2.575897,2.575897,2.575897,2.575897,udp,0.0,,cs0,,63.0,,1.0,,Status,2,2,0,84,84,0,42.0,0.0,130.440002,130.440002,0.0,0,0,0,0.0,,,0.388214,0.388214,0.0,REQ,,,,,0.0,0.0,0.0,0
405854,2.573301,2.573301,2.573301,2.573301,2.573301,2.573301,udp,0.0,,cs0,,63.0,,1.0,,Status,2,2,0,84,84,0,42.0,0.0,130.571579,130.571579,0.0,0,0,0,0.0,,,0.388606,0.388606,0.0,REQ,,,,,0.0,0.0,0.0,0
406002,2.57792,2.57792,2.57792,2.57792,2.57792,2.57792,udp,0.0,,cs0,,63.0,,1.0,,Status,2,2,0,84,84,0,42.0,0.0,130.337631,130.337631,0.0,0,0,0,0.0,,,0.38791,0.38791,0.0,REQ,,,,,0.0,0.0,0.0,0
406007,0.0,0.0,0.0,0.0,0.0,0.0,udp,0.0,,cs0,,63.0,,1.0,,Status,1,1,0,42,42,0,42.0,0.0,0.0,0.0,0.0,0,0,0,0.0,,,0.0,0.0,0.0,REQ,,,,,0.0,0.0,0.0,0
406131,2.576066,2.576066,2.576066,2.576066,2.576066,2.576066,udp,0.0,,cs0,,63.0,,1.0,,Status,2,2,0,84,84,0,42.0,0.0,130.431442,130.431442,0.0,0,0,0,0.0,,,0.388189,0.388189,0.0,REQ,,,,,0.0,0.0,0.0,0
406180,0.0,0.0,0.0,0.0,0.0,0.0,udp,0.0,,cs0,,63.0,,1.0,,Status,1,1,0,42,42,0,42.0,0.0,0.0,0.0,0.0,0,0,0,0.0,,,0.0,0.0,0.0,REQ,,,,,0.0,0.0,0.0,0
406208,2.574038,2.574038,2.574038,2.574038,2.574038,2.574038,udp,0.0,,cs0,,63.0,,1.0,,Status,2,2,0,84,84,0,42.0,0.0,130.534195,130.534195,0.0,0,0,0,0.0,,,0.388495,0.388495,0.0,REQ,,,,,0.0,0.0,0.0,0
406247,2.579325,2.579325,2.579325,2.579325,2.579325,2.579325,udp,0.0,,cs0,,63.0,,1.0,,Status,2,2,0,84,84,0,42.0,0.0,130.266647,130.266647,0.0,0,0,0,0.0,,,0.387698,0.387698,0.0,REQ,,,,,0.0,0.0,0.0,0
406415,2.57198,2.57198,2.57198,2.57198,2.57198,2.57198,udp,0.0,,cs0,,63.0,,1.0,,Status,2,2,0,84,84,0,42.0,0.0,130.638657,130.638657,0.0,0,0,0,0.0,,,0.388806,0.388806,0.0,REQ,,,,,0.0,0.0,0.0,0
406422,2.570955,2.570955,2.570955,2.570955,2.570955,2.570955,udp,0.0,,cs0,,63.0,,1.0,,Status,2,2,0,84,84,0,42.0,0.0,130.690735,130.690735,0.0,0,0,0,0.0,,,0.388961,0.388961,0.0,REQ,,,,,0.0,0.0,0.0,0
406464,0.0,0.0,0.0,0.0,0.0,0.0,udp,0.0,,cs0,,63.0,,1.0,,Status,1,1,0,42,42,0,42.0,0.0,0.0,0.0,0.0,0,0,0,0.0,,,0.0,0.0,0.0,REQ,,,,,0.0,0.0,0.0,0
406492,2.573116,2.573116,2.573116,2.573116,2.573116,2.573116,udp,0.0,,cs0,,63.0,,1.0,,Status,2,2,0,84,84,0,42.0,0.0,130.580978,130.580978,0.0,0,0,0,0.0,,,0.388634,0.388634,0.0,REQ,,,,,0.0,0.0,0.0,0
406524,2.578894,2.578894,2.578894,2.578894,2.578894,2.578894,udp,0.0,,cs0,,63.0,,1.0,,Status,2,2,0,84,84,0,42.0,0.0,130.288422,130.288422,0.0,0,0,0,0.0,,,0.387763,0.387763,0.0,REQ,,,,,0.0,0.0,0.0,0
406541,0.0,0.0,0.0,0.0,0.0,0.0,udp,0.0,,cs0,,63.0,,1.0,,Status,1,1,0,42,42,0,42.0,0.0,0.0,0.0,0.0,0,0,0,0.0,,,0.0,0.0,0.0,REQ,,,,,0.0,0.0,0.0,0
406606,0.0,0.0,0.0,0.0,0.0,0.0,udp,0.0,,cs0,,63.0,,1.0,,Status,1,1,0,42,42,0,42.0,0.0,0.0,0.0,0.0,0,0,0,0.0,,,0.0,0.0,0.0,REQ,,,,,0.0,0.0,0.0,0
406624,0.0,0.0,0.0,0.0,0.0,0.0,udp,0.0,,cs0,,63.0,,1.0,,Status,1,1,0,42,42,0,42.0,0.0,0.0,0.0,0.0,0,0,0,0.0,,,0.0,0.0,0.0,REQ,,,,,0.0,0.0,0.0,0
406677,0.0,0.0,0.0,0.0,0.0,0.0,udp,0.0,,cs0,,63.0,,1.0,,Status,1,1,0,42,42,0,42.0,0.0,0.0,0.0,0.0,0,0,0,0.0,,,0.0,0.0,0.0,REQ,,,,,0.0,0.0,0.0,0
406707,2.586176,2.586176,2.586176,2.586176,2.586176,2.586176,udp,0.0,,cs0,,63.0,,1.0,,Status,2,2,0,84,84,0,42.0,0.0,129.921555,129.921555,0.0,0,0,0,0.0,,,0.386671,0.386671,0.0,REQ,,,,,0.0,0.0,0.0,0
406718,0.0,0.0,0.0,0.0,0.0,0.0,udp,0.0,,cs0,,63.0,,1.0,,Status,1,1,0,42,42,0,42.0,0.0,0.0,0.0,0.0,0,0,0,0.0,,,0.0,0.0,0.0,REQ,,,,,0.0,0.0,0.0,0
406775,2.577783,2.577783,2.577783,2.577783,2.577783,2.577783,udp,0.0,,cs0,,63.0,,1.0,,Status,2,2,0,84,84,0,42.0,0.0,130.344559,130.344559,0.0,0,0,0,0.0,,,0.38793,0.38793,0.0,REQ,,,,,0.0,0.0,0.0,0
406780,2.577892,2.577892,2.577892,2.577892,2.577892,2.577892,udp,0.0,,cs0,,63.0,,1.0,,Status,2,2,0,84,84,0,42.0,0.0,130.33905,130.33905,0.0,0,0,0,0.0,,,0.387914,0.387914,0.0,REQ,,,,,0.0,0.0,0.0,0
406813,2.573264,2.573264,2.573264,2.573264,2.573264,2.573264,udp,0.0,,cs0,,63.0,,1.0,,Status,2,2,0,84,84,0,42.0,0.0,130.573471,130.573471,0.0,0,0,0,0.0,,,0.388612,0.388612,0.0,REQ,,,,,0.0,0.0,0.0,0
406917,2.581737,2.581737,2.581737,2.581737,2.581737,2.581737,udp,0.0,,cs0,,63.0,,1.0,,Status,2,2,0,84,84,0,42.0,0.0,130.144928,130.144928,0.0,0,0,0,0.0,,,0.387336,0.387336,0.0,REQ,,,,,0.0,0.0,0.0,0
407013,2.575934,2.575934,2.575934,2.575934,2.575934,2.575934,udp,0.0,,cs0,,63.0,,1.0,,Status,2,2,0,84,84,0,42.0,0.0,130.438126,130.438126,0.0,0,0,0,0.0,,,0.388209,0.388209,0.0,REQ,,,,,0.0,0.0,0.0,0
407039,2.575985,2.575985,2.575985,2.575985,2.575985,2.575985,udp,0.0,,cs0,,63.0,,1.0,,Status,2,2,0,84,84,0,42.0,0.0,130.435547,130.435547,0.0,0,0,0,0.0,,,0.388201,0.388201,0.0,REQ,,,,,0.0,0.0,0.0,0
407071,0.0,0.0,0.0,0.0,0.0,0.0,udp,0.0,,cs0,,63.0,,1.0,,Status,1,1,0,42,42,0,42.0,0.0,0.0,0.0,0.0,0,0,0,0.0,,,0.0,0.0,0.0,REQ,,,,,0.0,0.0,0.0,0
407187,0.0,0.0,0.0,0.0,0.0,0.0,udp,0.0,,cs0,,63.0,,1.0,,Status,1,1,0,42,42,0,42.0,0.0,0.0,0.0,0.0,0,0,0,0.0,,,0.0,0.0,0.0,REQ,,,,,0.0,0.0,0.0,0
407232,0.0,0.0,0.0,0.0,0.0,0.0,udp,0.0,,cs0,,63.0,,1.0,,Status,1,1,0,42,42,0,42.0,0.0,0.0,0.0,0.0,0,0,0,0.0,,,0.0,0.0,0.0,REQ,,,,,0.0,0.0,0.0,0
407325,0.0,0.0,0.0,0.0,0.0,0.0,udp,0.0,,cs0,,63.0,,1.0,,Status,1,1,0,42,42,0,42.0,0.0,0.0,0.0,0.0,0,0,0,0.0,,,0.0,0.0,0.0,REQ,,,,,0.0,0.0,0.0,0
407326,0.0,0.0,0.0,0.0,0.0,0.0,udp,0.0,,cs0,,63.0,,1.0,,Status,1,1,0,42,42,0,42.0,0.0,0.0,0.0,0.0,0,0,0,0.0,,,0.0,0.0,0.0,REQ,,,,,0.0,0.0,0.0,0
407394,2.577912,2.577912,2.577912,2.577912,2.577912,2.577912,udp,0.0,,cs0,,63.0,,1.0,,Status,2,2,0,84,84,0,42.0,0.0,130.338043,130.338043,0.0,0,0,0,0.0,,,0.387911,0.387911,0.0,REQ,,,,,0.0,0.0,0.0,0
407407,0.0,0.0,0.0,0.0,0.0,0.0,udp,0.0,,cs0,,63.0,,1.0,,Status,1,1,0,42,42,0,42.0,0.0,0.0,0.0,0.0,0,0,0,0.0,,,0.0,0.0,0.0,REQ,,,,,0.0,0.0,0.0,0
407450,2.576022,2.576022,2.576022,2.576022,2.576022,2.576022,udp,0.0,,cs0,,63.0,,1.0,,Status,2,2,0,84,84,0,42.0,0.0,130.43367,130.43367,0.0,0,0,0,0.0,,,0.388195,0.388195,0.0,REQ,,,,,0.0,0.0,0.0,0
407475,0.0,0.0,0.0,0.0,0.0,0.0,udp,0.0,,cs0,,63.0,,1.0,,Status,1,1,0,42,42,0,42.0,0.0,0.0,0.0,0.0,0,0,0,0.0,,,0.0,0.0,0.0,REQ,,,,,0.0,0.0,0.0,0
407491,2.577444,2.577444,2.577444,2.577444,2.577444,2.577444,udp,0.0,,cs0,,63.0,,1.0,,Status,2,2,0,84,84,0,42.0,0.0,130.36171,130.36171,0.0,0,0,0,0.0,,,0.387981,0.387981,0.0,REQ,,,,,0.0,0.0,0.0,0
407522,0.0,0.0,0.0,0.0,0.0,0.0,udp,0.0,,cs0,,63.0,,1.0,,Status,1,1,0,42,42,0,42.0,0.0,0.0,0.0,0.0,0,0,0,0.0,,,0.0,0.0,0.0,REQ,,,,,0.0,0.0,0.0,0
407581,0.0,0.0,0.0,0.0,0.0,0.0,udp,0.0,,cs0,,63.0,,1.0,,Status,1,1,0,42,42,0,42.0,0.0,0.0,0.0,0.0,0,0,0,0.0,,,0.0,0.0,0.0,REQ,,,,,0.0,0.0,0.0,0
407587,0.0,0.0,0.0,0.0,0.0,0.0,udp,0.0,,cs0,,63.0,,1.0,,Status,1,1,0,42,42,0,42.0,0.0,0.0,0.0,0.0,0,0,0,0.0,,,0.0,0.0,0.0,REQ,,,,,0.0,0.0,0.0,0
407596,0.0,0.0,0.0,0.0,0.0,0.0,udp,0.0,,cs0,,63.0,,1.0,,Status,1,1,0,42,42,0,42.0,0.0,0.0,0.0,0.0,0,0,0,0.0,,,0.0,0.0,0.0,REQ,,,,,0.0,0.0,0.0,0
407693,0.0,0.0,0.0,0.0,0.0,0.0,udp,0.0,,cs0,,63.0,,1.0,,Status,1,1,0,42,42,0,42.0,0.0,0.0,0.0,0.0,0,0,0,0.0,,,0.0,0.0,0.0,REQ,,,,,0.0,0.0,0.0,0
407725,2.578777,2.578777,2.578777,2.578777,2.578777,2.578777,udp,0.0,,cs0,,63.0,,1.0,,Status,2,2,0,84,84,0,42.0,0.0,130.294312,130.294312,0.0,0,0,0,0.0,,,0.387781,0.387781,0.0,REQ,,,,,0.0,0.0,0.0,0
407727,0.0,0.0,0.0,0.0,0.0,0.0,udp,0.0,,cs0,,63.0,,1.0,,Status,1,1,0,42,42,0,42.0,0.0,0.0,0.0,0.0,0,0,0,0.0,,,0.0,0.0,0.0,REQ,,,,,0.0,0.0,0.0,0
407739,0.0,0.0,0.0,0.0,0.0,0.0,udp,0.0,,cs0,,63.0,,1.0,,Status,1,1,0,42,42,0,42.0,0.0,0.0,0.0,0.0,0,0,0,0.0,,,0.0,0.0,0.0,REQ,,,,,0.0,0.0,0.0,0
407740,0.0,0.0,0.0,0.0,0.0,0.0,udp,0.0,,cs0,,63.0,,1.0,,Status,1,1,0,42,42,0,42.0,0.0,0.0,0.0,0.0,0,0,0,0.0,,,0.0,0.0,0.0,REQ,,,,,0.0,0.0,0.0,0
407764,2.575906,2.575906,2.575906,2.575906,2.575906,2.575906,udp,0.0,,cs0,,63.0,,1.0,,Status,2,2,0,84,84,0,42.0,0.0,130.439545,130.439545,0.0,0,0,0,0.0,,,0.388213,0.388213,0.0,REQ,,,,,0.0,0.0,0.0,0
407772,2.575898,2.575898,2.575898,2.575898,2.575898,2.575898,udp,0.0,,cs0,,63.0,,1.0,,Status,2,2,0,84,84,0,42.0,0.0,130.439957,130.439957,0.0,0,0,0,0.0,,,0.388214,0.388214,0.0,REQ,,,,,0.0,0.0,0.0,0
407835,2.580181,2.580181,2.580181,2.580181,2.580181,2.580181,udp,0.0,,cs0,,63.0,,1.0,,Status,2,2,0,84,84,0,42.0,0.0,130.223434,130.223434,0.0,0,0,0,0.0,,,0.38757,0.38757,0.0,REQ,,,,,0.0,0.0,0.0,0
407895,2.576162,2.576162,2.576162,2.576162,2.576162,2.576162,udp,0.0,,cs0,,63.0,,1.0,,Status,2,2,0,84,84,0,42.0,0.0,130.426575,130.426575,0.0,0,0,0,0.0,,,0.388174,0.388174,0.0,REQ,,,,,0.0,0.0,0.0,0
408089,2.580256,2.580256,2.580256,2.580256,2.580256,2.580256,udp,0.0,,cs0,,63.0,,1.0,,Status,2,2,0,84,84,0,42.0,0.0,130.219635,130.219635,0.0,0,0,0,0.0,,,0.387558,0.387558,0.0,REQ,,,,,0.0,0.0,0.0,0
408142,0.0,0.0,0.0,0.0,0.0,0.0,udp,0.0,,cs0,,63.0,,1.0,,Status,1,1,0,42,42,0,42.0,0.0,0.0,0.0,0.0,0,0,0,0.0,,,0.0,0.0,0.0,REQ,,,,,0.0,0.0,0.0,0
408182,0.0,0.0,0.0,0.0,0.0,0.0,udp,0.0,,cs0,,63.0,,1.0,,Status,1,1,0,42,42,0,42.0,0.0,0.0,0.0,0.0,0,0,0,0.0,,,0.0,0.0,0.0,REQ,,,,,0.0,0.0,0.0,0
408209,0.0,0.0,0.0,0.0,0.0,0.0,udp,0.0,,cs0,,63.0,,1.0,,Status,1,1,0,42,42,0,42.0,0.0,0.0,0.0,0.0,0,0,0,0.0,,,0.0,0.0,0.0,REQ,,,,,0.0,0.0,0.0,0
408255,2.575356,2.575356,2.575356,2.575356,2.575356,2.575356,udp,0.0,,cs0,,63.0,,1.0,,Status,2,2,0,84,84,0,42.0,0.0,130.467392,130.467392,0.0,0,0,0,0.0,,,0.388296,0.388296,0.0,REQ,,,,,0.0,0.0,0.0,0
408265,2.575251,2.575251,2.575251,2.575251,2.575251,2.575251,udp,0.0,,cs0,,63.0,,1.0,,Status,2,2,0,84,84,0,42.0,0.0,130.472717,130.472717,0.0,0,0,0,0.0,,,0.388312,0.388312,0.0,REQ,,,,,0.0,0.0,0.0,0
408297,2.575326,2.575326,2.575326,2.575326,2.575326,2.575326,udp,0.0,,cs0,,63.0,,1.0,,Status,2,2,0,84,84,0,42.0,0.0,130.468918,130.468918,0.0,0,0,0,0.0,,,0.3883,0.3883,0.0,REQ,,,,,0.0,0.0,0.0,0
408309,2.575335,2.575335,2.575335,2.575335,2.575335,2.575335,udp,0.0,,cs0,,63.0,,1.0,,Status,2,2,0,84,84,0,42.0,0.0,130.46846,130.46846,0.0,0,0,0,0.0,,,0.388299,0.388299,0.0,REQ,,,,,0.0,0.0,0.0,0
408346,2.575163,2.575163,2.575163,2.575163,2.575163,2.575163,udp,0.0,,cs0,,63.0,,1.0,,Status,2,2,0,84,84,0,42.0,0.0,130.477188,130.477188,0.0,0,0,0,0.0,,,0.388325,0.388325,0.0,REQ,,,,,0.0,0.0,0.0,0
408350,2.575163,2.575163,2.575163,2.575163,2.575163,2.575163,udp,0.0,,cs0,,63.0,,1.0,,Status,2,2,0,84,84,0,42.0,0.0,130.477188,130.477188,0.0,0,0,0,0.0,,,0.388325,0.388325,0.0,REQ,,,,,0.0,0.0,0.0,0
408378,2.578275,2.578275,2.578275,2.578275,2.578275,2.578275,udp,0.0,,cs0,,63.0,,1.0,,Status,2,2,0,84,84,0,42.0,0.0,130.319687,130.319687,0.0,0,0,0,0.0,,,0.387856,0.387856,0.0,REQ,,,,,0.0,0.0,0.0,0
408397,0.0,0.0,0.0,0.0,0.0,0.0,udp,0.0,,cs0,,63.0,,1.0,,Status,1,1,0,42,42,0,42.0,0.0,0.0,0.0,0.0,0,0,0,0.0,,,0.0,0.0,0.0,REQ,,,,,0.0,0.0,0.0,0
408404,2.575287,2.575287,2.575287,2.575287,2.575287,2.575287,udp,0.0,,cs0,,63.0,,1.0,,Status,2,2,0,84,84,0,42.0,0.0,130.470886,130.470886,0.0,0,0,0,0.0,,,0.388306,0.388306,0.0,REQ,,,,,0.0,0.0,0.0,0
408535,2.576318,2.576318,2.576318,2.576318,2.576318,2.576318,udp,0.0,,cs0,,63.0,,1.0,,Status,2,2,0,84,84,0,42.0,0.0,130.418686,130.418686,0.0,0,0,0,0.0,,,0.388151,0.388151,0.0,REQ,,,,,0.0,0.0,0.0,0
408570,2.576223,2.576223,2.576223,2.576223,2.576223,2.576223,udp,0.0,,cs0,,63.0,,1.0,,Status,2,2,0,84,84,0,42.0,0.0,130.423492,130.423492,0.0,0,0,0,0.0,,,0.388165,0.388165,0.0,REQ,,,,,0.0,0.0,0.0,0
408633,0.0,0.0,0.0,0.0,0.0,0.0,udp,0.0,,cs0,,63.0,,1.0,,Status,1,1,0,42,42,0,42.0,0.0,0.0,0.0,0.0,0,0,0,0.0,,,0.0,0.0,0.0,REQ,,,,,0.0,0.0,0.0,0
408728,0.0,0.0,0.0,0.0,0.0,0.0,udp,0.0,,cs0,,63.0,,1.0,,Status,1,1,0,42,42,0,42.0,0.0,0.0,0.0,0.0,0,0,0,0.0,,,0.0,0.0,0.0,REQ,,,,,0.0,0.0,0.0,0
408765,0.0,0.0,0.0,0.0,0.0,0.0,udp,0.0,,cs0,,63.0,,1.0,,Status,1,1,0,42,42,0,42.0,0.0,0.0,0.0,0.0,0,0,0,0.0,,,0.0,0.0,0.0,REQ,,,,,0.0,0.0,0.0,0
408795,0.0,0.0,0.0,0.0,0.0,0.0,udp,0.0,,cs0,,63.0,,1.0,,Status,1,1,0,42,42,0,42.0,0.0,0.0,0.0,0.0,0,0,0,0.0,,,0.0,0.0,0.0,REQ,,,,,0.0,0.0,0.0,0
408900,2.581556,2.581556,2.581556,2.581556,2.581556,2.581556,udp,0.0,,cs0,,63.0,,1.0,,Status,2,2,0,84,84,0,42.0,0.0,130.154053,130.154053,0.0,0,0,0,0.0,,,0.387363,0.387363,0.0,REQ,,,,,0.0,0.0,0.0,0
408918,0.0,0.0,0.0,0.0,0.0,0.0,udp,0.0,,cs0,,63.0,,1.0,,Status,1,1,0,42,42,0,42.0,0.0,0.0,0.0,0.0,0,0,0,0.0,,,0.0,0.0,0.0,REQ,,,,,0.0,0.0,0.0,0
408920,0.0,0.0,0.0,0.0,0.0,0.0,udp,0.0,,cs0,,63.0,,1.0,,Status,1,1,0,42,42,0,42.0,0.0,0.0,0.0,0.0,0,0,0,0.0,,,0.0,0.0,0.0,REQ,,,,,0.0,0.0,0.0,0
409006,2.57888,2.57888,2.57888,2.57888,2.57888,2.57888,udp,0.0,,cs0,,63.0,,1.0,,Status,2,2,0,84,84,0,42.0,0.0,130.289108,130.289108,0.0,0,0,0,0.0,,,0.387765,0.387765,0.0,REQ,,,,,0.0,0.0,0.0,0
409011,0.0,0.0,0.0,0.0,0.0,0.0,udp,0.0,,cs0,,63.0,,1.0,,Status,1,1,0,42,42,0,42.0,0.0,0.0,0.0,0.0,0,0,0,0.0,,,0.0,0.0,0.0,REQ,,,,,0.0,0.0,0.0,0
409017,0.0,0.0,0.0,0.0,0.0,0.0,udp,0.0,,cs0,,63.0,,1.0,,Status,1,1,0,42,42,0,42.0,0.0,0.0,0.0,0.0,0,0,0,0.0,,,0.0,0.0,0.0,REQ,,,,,0.0,0.0,0.0,0
409057,0.0,0.0,0.0,0.0,0.0,0.0,udp,0.0,,cs0,,63.0,,1.0,,Status,1,1,0,42,42,0,42.0,0.0,0.0,0.0,0.0,0,0,0,0.0,,,0.0,0.0,0.0,REQ,,,,,0.0,0.0,0.0,0
409101,2.576959,2.576959,2.576959,2.576959,2.576959,2.576959,udp,0.0,,cs0,,63.0,,1.0,,Status,2,2,0,84,84,0,42.0,0.0,130.386246,130.386246,0.0,0,0,0,0.0,,,0.388054,0.388054,0.0,REQ,,,,,0.0,0.0,0.0,0
409103,2.576959,2.576959,2.576959,2.576959,2.576959,2.576959,udp,0.0,,cs0,,63.0,,1.0,,Status,2,2,0,84,84,0,42.0,0.0,130.386246,130.386246,0.0,0,0,0,0.0,,,0.388054,0.388054,0.0,REQ,,,,,0.0,0.0,0.0,0
409192,2.576766,2.576766,2.576766,2.576766,2.576766,2.576766,udp,0.0,,cs0,,63.0,,1.0,,Status,2,2,0,84,84,0,42.0,0.0,130.396011,130.396011,0.0,0,0,0,0.0,,,0.388083,0.388083,0.0,REQ,,,,,0.0,0.0,0.0,0
409263,2.571183,2.571183,2.571183,2.571183,2.571183,2.571183,udp,0.0,,cs0,,63.0,,1.0,,Status,2,2,0,84,84,0,42.0,0.0,130.679153,130.679153,0.0,0,0,0,0.0,,,0.388926,0.388926,0.0,REQ,,,,,0.0,0.0,0.0,0
409284,2.567397,2.567397,2.567397,2.567397,2.567397,2.567397,udp,0.0,,cs0,,63.0,,1.0,,Status,2,2,0,84,84,0,42.0,0.0,130.871841,130.871841,0.0,0,0,0,0.0,,,0.3895,0.3895,0.0,REQ,,,,,0.0,0.0,0.0,0
409425,2.569175,2.569175,2.569175,2.569175,2.569175,2.569175,udp,0.0,,cs0,,63.0,,1.0,,Status,2,2,0,84,84,0,42.0,0.0,130.781281,130.781281,0.0,0,0,0,0.0,,,0.38923,0.38923,0.0,REQ,,,,,0.0,0.0,0.0,0
409460,2.574845,2.574845,2.574845,2.574845,2.574845,2.574845,udp,0.0,,cs0,,63.0,,1.0,,Status,2,2,0,84,84,0,42.0,0.0,130.493286,130.493286,0.0,0,0,0,0.0,,,0.388373,0.388373,0.0,REQ,,,,,0.0,0.0,0.0,0
409465,2.574835,2.574835,2.574835,2.574835,2.574835,2.574835,udp,0.0,,cs0,,63.0,,1.0,,Status,2,2,0,84,84,0,42.0,0.0,130.49379,130.49379,0.0,0,0,0,0.0,,,0.388374,0.388374,0.0,REQ,,,,,0.0,0.0,0.0,0
409563,2.575181,2.575181,2.575181,2.575181,2.575181,2.575181,udp,0.0,,cs0,,63.0,,1.0,,Status,2,2,0,84,84,0,42.0,0.0,130.476273,130.476273,0.0,0,0,0,0.0,,,0.388322,0.388322,0.0,REQ,,,,,0.0,0.0,0.0,0
409608,0.0,0.0,0.0,0.0,0.0,0.0,udp,0.0,,cs0,,63.0,,1.0,,Status,1,1,0,42,42,0,42.0,0.0,0.0,0.0,0.0,0,0,0,0.0,,,0.0,0.0,0.0,REQ,,,,,0.0,0.0,0.0,0
409635,2.578021,2.578021,2.578021,2.578021,2.578021,2.578021,udp,0.0,,cs0,,63.0,,1.0,,Status,2,2,0,84,84,0,42.0,0.0,130.332535,130.332535,0.0,0,0,0,0.0,,,0.387894,0.387894,0.0,REQ,,,,,0.0,0.0,0.0,0
409722,2.573913,2.573913,2.573913,2.573913,2.573913,2.573913,udp,0.0,,cs0,,63.0,,1.0,,Status,2,2,0,84,84,0,42.0,0.0,130.540543,130.540543,0.0,0,0,0,0.0,,,0.388514,0.388514,0.0,REQ,,,,,0.0,0.0,0.0,0
409737,2.573176,2.573176,2.573176,2.573176,2.573176,2.573176,udp,0.0,,cs0,,63.0,,1.0,,Status,2,2,0,84,84,0,42.0,0.0,130.577942,130.577942,0.0,0,0,0,0.0,,,0.388625,0.388625,0.0,REQ,,,,,0.0,0.0,0.0,0
409802,2.576387,2.576387,2.576387,2.576387,2.576387,2.576387,udp,0.0,,cs0,,63.0,,1.0,,Status,2,2,0,84,84,0,42.0,0.0,130.415192,130.415192,0.0,0,0,0,0.0,,,0.38814,0.38814,0.0,REQ,,,,,0.0,0.0,0.0,0
409816,0.0,0.0,0.0,0.0,0.0,0.0,udp,0.0,,cs0,,63.0,,1.0,,Status,1,1,0,42,42,0,42.0,0.0,0.0,0.0,0.0,0,0,0,0.0,,,0.0,0.0,0.0,REQ,,,,,0.0,0.0,0.0,0
409904,0.0,0.0,0.0,0.0,0.0,0.0,udp,0.0,,cs0,,63.0,,1.0,,Status,1,1,0,42,42,0,42.0,0.0,0.0,0.0,0.0,0,0,0,0.0,,,0.0,0.0,0.0,REQ,,,,,0.0,0.0,0.0,0
409925,0.0,0.0,0.0,0.0,0.0,0.0,udp,0.0,,cs0,,63.0,,1.0,,Status,1,1,0,42,42,0,42.0,0.0,0.0,0.0,0.0,0,0,0,0.0,,,0.0,0.0,0.0,REQ,,,,,0.0,0.0,0.0,0
409952,2.571379,2.571379,2.571379,2.571379,2.571379,2.571379,udp,0.0,,cs0,,63.0,,1.0,,Status,2,2,0,84,84,0,42.0,0.0,130.669189,130.669189,0.0,0,0,0,0.0,,,0.388896,0.388896,0.0,REQ,,,,,0.0,0.0,0.0,0
409983,0.0,0.0,0.0,0.0,0.0,0.0,udp,0.0,,cs0,,63.0,,1.0,,Status,1,1,0,42,42,0,42.0,0.0,0.0,0.0,0.0,0,0,0,0.0,,,0.0,0.0,0.0,REQ,,,,,0.0,0.0,0.0,0
410063,0.0,0.0,0.0,0.0,0.0,0.0,udp,0.0,,cs0,,63.0,,1.0,,Status,1,1,0,42,42,0,42.0,0.0,0.0,0.0,0.0,0,0,0,0.0,,,0.0,0.0,0.0,REQ,,,,,0.0,0.0,0.0,0
410210,0.0,0.0,0.0,0.0,0.0,0.0,udp,0.0,,cs0,,63.0,,1.0,,Status,1,1,0,42,42,0,42.0,0.0,0.0,0.0,0.0,0,0,0,0.0,,,0.0,0.0,0.0,REQ,,,,,0.0,0.0,0.0,0
410216,2.572025,2.572025,2.572025,2.572025,2.572025,2.572025,udp,0.0,,cs0,,63.0,,1.0,,Status,2,2,0,84,84,0,42.0,0.0,130.636368,130.636368,0.0,0,0,0,0.0,,,0.388799,0.388799,0.0,REQ,,,,,0.0,0.0,0.0,0
410233,2.572084,2.572084,2.572084,2.572084,2.572084,2.572084,udp,0.0,,cs0,,63.0,,1.0,,Status,2,2,0,84,84,0,42.0,0.0,130.633377,130.633377,0.0,0,0,0,0.0,,,0.38879,0.38879,0.0,REQ,,,,,0.0,0.0,0.0,0
410234,2.572084,2.572084,2.572084,2.572084,2.572084,2.572084,udp,0.0,,cs0,,63.0,,1.0,,Status,2,2,0,84,84,0,42.0,0.0,130.633377,130.633377,0.0,0,0,0,0.0,,,0.38879,0.38879,0.0,REQ,,,,,0.0,0.0,0.0,0
410265,2.571975,2.571975,2.571975,2.571975,2.571975,2.571975,udp,0.0,,cs0,,63.0,,1.0,,Status,2,2,0,84,84,0,42.0,0.0,130.638901,130.638901,0.0,0,0,0,0.0,,,0.388806,0.388806,0.0,REQ,,,,,0.0,0.0,0.0,0
410289,0.0,0.0,0.0,0.0,0.0,0.0,udp,0.0,,cs0,,63.0,,1.0,,Status,1,1,0,42,42,0,42.0,0.0,0.0,0.0,0.0,0,0,0,0.0,,,0.0,0.0,0.0,REQ,,,,,0.0,0.0,0.0,0
410366,0.0,0.0,0.0,0.0,0.0,0.0,udp,0.0,,cs0,,63.0,,1.0,,Status,1,1,0,42,42,0,42.0,0.0,0.0,0.0,0.0,0,0,0,0.0,,,0.0,0.0,0.0,REQ,,,,,0.0,0.0,0.0,0
410375,0.0,0.0,0.0,0.0,0.0,0.0,udp,0.0,,cs0,,63.0,,1.0,,Status,1,1,0,42,42,0,42.0,0.0,0.0,0.0,0.0,0,0,0,0.0,,,0.0,0.0,0.0,REQ,,,,,0.0,0.0,0.0,0
410389,0.0,0.0,0.0,0.0,0.0,0.0,udp,0.0,,cs0,,63.0,,1.0,,Status,1,1,0,42,42,0,42.0,0.0,0.0,0.0,0.0,0,0,0,0.0,,,0.0,0.0,0.0,REQ,,,,,0.0,0.0,0.0,0
410404,0.0,0.0,0.0,0.0,0.0,0.0,udp,0.0,,cs0,,63.0,,1.0,,Start,1,1,0,42,42,0,42.0,0.0,0.0,0.0,0.0,0,0,0,0.0,,,0.0,0.0,0.0,INT,,,,,0.0,0.0,0.0,0
410422,2.571289,2.571289,2.571289,2.571289,2.571289,2.571289,udp,0.0,,cs0,,63.0,,1.0,,Status,2,2,0,84,84,0,42.0,0.0,130.673752,130.673752,0.0,0,0,0,0.0,,,0.38891,0.38891,0.0,REQ,,,,,0.0,0.0,0.0,0
410442,0.0,0.0,0.0,0.0,0.0,0.0,udp,0.0,,cs0,,63.0,,1.0,,Status,1,1,0,42,42,0,42.0,0.0,0.0,0.0,0.0,0,0,0,0.0,,,0.0,0.0,0.0,REQ,,,,,0.0,0.0,0.0,0
410523,2.569789,2.569789,2.569789,2.569789,2.569789,2.569789,udp,0.0,,cs0,,63.0,,1.0,,Status,2,2,0,84,84,0,42.0,0.0,130.750031,130.750031,0.0,0,0,0,0.0,,,0.389137,0.389137,0.0,REQ,,,,,0.0,0.0,0.0,0
410554,2.56913,2.56913,2.56913,2.56913,2.56913,2.56913,udp,0.0,,cs0,,63.0,,1.0,,Status,2,2,0,84,84,0,42.0,0.0,130.783569,130.783569,0.0,0,0,0,0.0,,,0.389237,0.389237,0.0,REQ,,,,,0.0,0.0,0.0,0
410568,2.572833,2.572833,2.572833,2.572833,2.572833,2.572833,udp,0.0,,cs0,,63.0,,1.0,,Status,2,2,0,84,84,0,42.0,0.0,130.595337,130.595337,0.0,0,0,0,0.0,,,0.388677,0.388677,0.0,REQ,,,,,0.0,0.0,0.0,0
410576,0.0,0.0,0.0,0.0,0.0,0.0,udp,0.0,,cs0,,63.0,,1.0,,Status,1,1,0,42,42,0,42.0,0.0,0.0,0.0,0.0,0,0,0,0.0,,,0.0,0.0,0.0,REQ,,,,,0.0,0.0,0.0,0
410599,0.0,0.0,0.0,0.0,0.0,0.0,udp,0.0,,cs0,,63.0,,1.0,,Status,1,1,0,42,42,0,42.0,0.0,0.0,0.0,0.0,0,0,0,0.0,,,0.0,0.0,0.0,REQ,,,,,0.0,0.0,0.0,0
410623,2.576883,2.576883,2.576883,2.576883,2.576883,2.576883,udp,0.0,,cs0,,63.0,,1.0,,Status,2,2,0,84,84,0,42.0,0.0,130.390091,130.390091,0.0,0,0,0,0.0,,,0.388066,0.388066,0.0,REQ,,,,,0.0,0.0,0.0,0
410633,0.0,0.0,0.0,0.0,0.0,0.0,udp,0.0,,cs0,,63.0,,1.0,,Status,1,1,0,42,42,0,42.0,0.0,0.0,0.0,0.0,0,0,0,0.0,,,0.0,0.0,0.0,REQ,,,,,0.0,0.0,0.0,0
410693,2.570884,2.570884,2.570884,2.570884,2.570884,2.570884,udp,0.0,,cs0,,63.0,,1.0,,Status,2,2,0,84,84,0,42.0,0.0,130.694351,130.694351,0.0,0,0,0,0.0,,,0.388971,0.388971,0.0,REQ,,,,,0.0,0.0,0.0,0
410703,0.0,0.0,0.0,0.0,0.0,0.0,udp,0.0,,cs0,,63.0,,1.0,,Status,1,1,0,42,42,0,42.0,0.0,0.0,0.0,0.0,0,0,0,0.0,,,0.0,0.0,0.0,REQ,,,,,0.0,0.0,0.0,0
410723,0.0,0.0,0.0,0.0,0.0,0.0,udp,0.0,,cs0,,63.0,,1.0,,Status,1,1,0,42,42,0,42.0,0.0,0.0,0.0,0.0,0,0,0,0.0,,,0.0,0.0,0.0,REQ,,,,,0.0,0.0,0.0,0
410830,0.0,0.0,0.0,0.0,0.0,0.0,udp,0.0,,cs0,,63.0,,1.0,,Status,1,1,0,42,42,0,42.0,0.0,0.0,0.0,0.0,0,0,0,0.0,,,0.0,0.0,0.0,REQ,,,,,0.0,0.0,0.0,0
410922,0.0,0.0,0.0,0.0,0.0,0.0,udp,0.0,,cs0,,63.0,,1.0,,Status,1,1,0,42,42,0,42.0,0.0,0.0,0.0,0.0,0,0,0,0.0,,,0.0,0.0,0.0,REQ,,,,,0.0,0.0,0.0,0
410940,0.0,0.0,0.0,0.0,0.0,0.0,udp,0.0,,cs0,,63.0,,1.0,,Status,1,1,0,42,42,0,42.0,0.0,0.0,0.0,0.0,0,0,0,0.0,,,0.0,0.0,0.0,REQ,,,,,0.0,0.0,0.0,0
410958,0.0,0.0,0.0,0.0,0.0,0.0,udp,0.0,,cs0,,63.0,,1.0,,Status,1,1,0,42,42,0,42.0,0.0,0.0,0.0,0.0,0,0,0,0.0,,,0.0,0.0,0.0,REQ,,,,,0.0,0.0,0.0,0
410987,2.571982,2.571982,2.571982,2.571982,2.571982,2.571982,udp,0.0,,cs0,,63.0,,1.0,,Status,2,2,0,84,84,0,42.0,0.0,130.63855,130.63855,0.0,0,0,0,0.0,,,0.388805,0.388805,0.0,REQ,,,,,0.0,0.0,0.0,0
411011,2.575242,2.575242,2.575242,2.575242,2.575242,2.575242,udp,0.0,,cs0,,63.0,,1.0,,Status,2,2,0,84,84,0,42.0,0.0,130.473175,130.473175,0.0,0,0,0,0.0,,,0.388313,0.388313,0.0,REQ,,,,,0.0,0.0,0.0,0
411058,0.0,0.0,0.0,0.0,0.0,0.0,udp,0.0,,cs0,,63.0,,1.0,,Start,1,1,0,42,42,0,42.0,0.0,0.0,0.0,0.0,0,0,0,0.0,,,0.0,0.0,0.0,INT,,,,,0.0,0.0,0.0,0
411078,0.0,0.0,0.0,0.0,0.0,0.0,udp,0.0,,cs0,,63.0,,1.0,,Status,1,1,0,42,42,0,42.0,0.0,0.0,0.0,0.0,0,0,0,0.0,,,0.0,0.0,0.0,REQ,,,,,0.0,0.0,0.0,0
411123,2.569068,2.569068,2.569068,2.569068,2.569068,2.569068,udp,0.0,,cs0,,63.0,,1.0,,Status,2,2,0,84,84,0,42.0,0.0,130.786728,130.786728,0.0,0,0,0,0.0,,,0.389246,0.389246,0.0,REQ,,,,,0.0,0.0,0.0,0
411172,0.0,0.0,0.0,0.0,0.0,0.0,udp,0.0,,cs0,,63.0,,1.0,,Status,1,1,0,42,42,0,42.0,0.0,0.0,0.0,0.0,0,0,0,0.0,,,0.0,0.0,0.0,REQ,,,,,0.0,0.0,0.0,0
411179,0.0,0.0,0.0,0.0,0.0,0.0,udp,0.0,,cs0,,63.0,,1.0,,Status,1,1,0,42,42,0,42.0,0.0,0.0,0.0,0.0,0,0,0,0.0,,,0.0,0.0,0.0,REQ,,,,,0.0,0.0,0.0,0
411208,2.569021,2.569021,2.569021,2.569021,2.569021,2.569021,udp,0.0,,cs0,,63.0,,1.0,,Status,2,2,0,84,84,0,42.0,0.0,130.789124,130.789124,0.0,0,0,0,0.0,,,0.389253,0.389253,0.0,REQ,,,,,0.0,0.0,0.0,0
411283,2.57476,2.57476,2.57476,2.57476,2.57476,2.57476,udp,0.0,,cs0,,63.0,,1.0,,Status,2,2,0,84,84,0,42.0,0.0,130.497604,130.497604,0.0,0,0,0,0.0,,,0.388386,0.388386,0.0,REQ,,,,,0.0,0.0,0.0,0
411319,0.0,0.0,0.0,0.0,0.0,0.0,udp,0.0,,cs0,,63.0,,1.0,,Status,1,1,0,42,42,0,42.0,0.0,0.0,0.0,0.0,0,0,0,0.0,,,0.0,0.0,0.0,REQ,,,,,0.0,0.0,0.0,0
411380,0.0,0.0,0.0,0.0,0.0,0.0,udp,0.0,,cs0,,63.0,,1.0,,Status,1,1,0,42,42,0,42.0,0.0,0.0,0.0,0.0,0,0,0,0.0,,,0.0,0.0,0.0,REQ,,,,,0.0,0.0,0.0,0
411449,2.574845,2.574845,2.574845,2.574845,2.574845,2.574845,udp,0.0,,cs0,,63.0,,1.0,,Status,2,2,0,84,84,0,42.0,0.0,130.493286,130.493286,0.0,0,0,0,0.0,,,0.388373,0.388373,0.0,REQ,,,,,0.0,0.0,0.0,0
411477,0.0,0.0,0.0,0.0,0.0,0.0,udp,0.0,,cs0,,63.0,,1.0,,Status,1,1,0,42,42,0,42.0,0.0,0.0,0.0,0.0,0,0,0,0.0,,,0.0,0.0,0.0,REQ,,,,,0.0,0.0,0.0,0
411524,2.574883,2.574883,2.574883,2.574883,2.574883,2.574883,udp,0.0,,cs0,,63.0,,1.0,,Status,2,2,0,84,84,0,42.0,0.0,130.491364,130.491364,0.0,0,0,0,0.0,,,0.388367,0.388367,0.0,REQ,,,,,0.0,0.0,0.0,0
411526,0.0,0.0,0.0,0.0,0.0,0.0,udp,0.0,,cs0,,63.0,,1.0,,Status,1,1,0,42,42,0,42.0,0.0,0.0,0.0,0.0,0,0,0,0.0,,,0.0,0.0,0.0,REQ,,,,,0.0,0.0,0.0,0
411555,2.572133,2.572133,2.572133,2.572133,2.572133,2.572133,udp,0.0,,cs0,,63.0,,1.0,,Status,2,2,0,84,84,0,42.0,0.0,130.630875,130.630875,0.0,0,0,0,0.0,,,0.388782,0.388782,0.0,REQ,,,,,0.0,0.0,0.0,0
411562,2.572659,2.572659,2.572659,2.572659,2.572659,2.572659,udp,0.0,,cs0,,63.0,,1.0,,Status,2,2,0,84,84,0,42.0,0.0,130.604172,130.604172,0.0,0,0,0,0.0,,,0.388703,0.388703,0.0,REQ,,,,,0.0,0.0,0.0,0
411568,2.574656,2.574656,2.574656,2.574656,2.574656,2.574656,udp,0.0,,cs0,,63.0,,1.0,,Status,2,2,0,84,84,0,42.0,0.0,130.502869,130.502869,0.0,0,0,0,0.0,,,0.388401,0.388401,0.0,REQ,,,,,0.0,0.0,0.0,0
411576,0.0,0.0,0.0,0.0,0.0,0.0,udp,0.0,,cs0,,63.0,,1.0,,Status,1,1,0,42,42,0,42.0,0.0,0.0,0.0,0.0,0,0,0,0.0,,,0.0,0.0,0.0,REQ,,,,,0.0,0.0,0.0,0
411685,0.0,0.0,0.0,0.0,0.0,0.0,udp,0.0,,cs0,,63.0,,1.0,,Status,1,1,0,42,42,0,42.0,0.0,0.0,0.0,0.0,0,0,0,0.0,,,0.0,0.0,0.0,REQ,,,,,0.0,0.0,0.0,0
411755,0.0,0.0,0.0,0.0,0.0,0.0,udp,0.0,,cs0,,63.0,,1.0,,Status,1,1,0,42,42,0,42.0,0.0,0.0,0.0,0.0,0,0,0,0.0,,,0.0,0.0,0.0,REQ,,,,,0.0,0.0,0.0,0
411767,2.566891,2.566891,2.566891,2.566891,2.566891,2.566891,udp,0.0,,cs0,,63.0,,1.0,,Status,2,2,0,84,84,0,42.0,0.0,130.897659,130.897659,0.0,0,0,0,0.0,,,0.389576,0.389576,0.0,REQ,,,,,0.0,0.0,0.0,0
411776,2.566895,2.566895,2.566895,2.566895,2.566895,2.566895,udp,0.0,,cs0,,63.0,,1.0,,Status,2,2,0,84,84,0,42.0,0.0,130.897446,130.897446,0.0,0,0,0,0.0,,,0.389576,0.389576,0.0,REQ,,,,,0.0,0.0,0.0,0
411784,2.566897,2.566897,2.566897,2.566897,2.566897,2.566897,udp,0.0,,cs0,,63.0,,1.0,,Status,2,2,0,84,84,0,42.0,0.0,130.897354,130.897354,0.0,0,0,0,0.0,,,0.389575,0.389575,0.0,REQ,,,,,0.0,0.0,0.0,0
411849,0.0,0.0,0.0,0.0,0.0,0.0,udp,0.0,,cs0,,63.0,,1.0,,Status,1,1,0,42,42,0,42.0,0.0,0.0,0.0,0.0,0,0,0,0.0,,,0.0,0.0,0.0,REQ,,,,,0.0,0.0,0.0,0
411871,0.0,0.0,0.0,0.0,0.0,0.0,udp,0.0,,cs0,,63.0,,1.0,,Status,1,1,0,42,42,0,42.0,0.0,0.0,0.0,0.0,0,0,0,0.0,,,0.0,0.0,0.0,REQ,,,,,0.0,0.0,0.0,0
411877,2.573224,2.573224,2.573224,2.573224,2.573224,2.573224,udp,0.0,,cs0,,63.0,,1.0,,Status,2,2,0,84,84,0,42.0,0.0,130.575485,130.575485,0.0,0,0,0,0.0,,,0.388618,0.388618,0.0,REQ,,,,,0.0,0.0,0.0,0
411903,0.0,0.0,0.0,0.0,0.0,0.0,udp,0.0,,cs0,,63.0,,1.0,,Status,1,1,0,42,42,0,42.0,0.0,0.0,0.0,0.0,0,0,0,0.0,,,0.0,0.0,0.0,REQ,,,,,0.0,0.0,0.0,0
411924,2.571183,2.571183,2.571183,2.571183,2.571183,2.571183,udp,0.0,,cs0,,63.0,,1.0,,Status,2,2,0,84,84,0,42.0,0.0,130.679153,130.679153,0.0,0,0,0,0.0,,,0.388926,0.388926,0.0,REQ,,,,,0.0,0.0,0.0,0
411967,0.0,0.0,0.0,0.0,0.0,0.0,udp,0.0,,cs0,,63.0,,1.0,,Status,1,1,0,42,42,0,42.0,0.0,0.0,0.0,0.0,0,0,0,0.0,,,0.0,0.0,0.0,REQ,,,,,0.0,0.0,0.0,0
412082,2.573067,2.573067,2.573067,2.573067,2.573067,2.573067,udp,0.0,,cs0,,63.0,,1.0,,Status,2,2,0,84,84,0,42.0,0.0,130.583466,130.583466,0.0,0,0,0,0.0,,,0.388641,0.388641,0.0,REQ,,,,,0.0,0.0,0.0,0
412102,2.573016,2.573016,2.573016,2.573016,2.573016,2.573016,udp,0.0,,cs0,,63.0,,1.0,,Status,2,2,0,84,84,0,42.0,0.0,130.58606,130.58606,0.0,0,0,0,0.0,,,0.388649,0.388649,0.0,REQ,,,,,0.0,0.0,0.0,0
412107,2.574462,2.574462,2.574462,2.574462,2.574462,2.574462,udp,0.0,,cs0,,63.0,,1.0,,Status,2,2,0,84,84,0,42.0,0.0,130.512711,130.512711,0.0,0,0,0,0.0,,,0.388431,0.388431,0.0,REQ,,,,,0.0,0.0,0.0,0
412140,2.572001,2.572001,2.572001,2.572001,2.572001,2.572001,udp,0.0,,cs0,,63.0,,1.0,,Start,2,2,0,84,84,0,42.0,0.0,130.637589,130.637589,0.0,0,0,0,0.0,,,0.388802,0.388802,0.0,INT,,,,,0.0,0.0,0.0,0
412204,2.564043,2.564043,2.564043,2.564043,2.564043,2.564043,udp,0.0,,cs0,,63.0,,1.0,,Status,2,2,0,84,84,0,42.0,0.0,131.043045,131.043045,0.0,0,0,0,0.0,,,0.390009,0.390009,0.0,REQ,,,,,0.0,0.0,0.0,0
412218,0.0,0.0,0.0,0.0,0.0,0.0,udp,0.0,,cs0,,63.0,,1.0,,Status,1,1,0,42,42,0,42.0,0.0,0.0,0.0,0.0,0,0,0,0.0,,,0.0,0.0,0.0,REQ,,,,,0.0,0.0,0.0,0
412232,2.566153,2.566153,2.566153,2.566153,2.566153,2.566153,udp,0.0,,cs0,,63.0,,1.0,,Status,2,2,0,84,84,0,42.0,0.0,130.935287,130.935287,0.0,0,0,0,0.0,,,0.389688,0.389688,0.0,REQ,,,,,0.0,0.0,0.0,0
412241,2.569975,2.569975,2.569975,2.569975,2.569975,2.569975,udp,0.0,,cs0,,63.0,,1.0,,Status,2,2,0,84,84,0,42.0,0.0,130.74057,130.74057,0.0,0,0,0,0.0,,,0.389109,0.389109,0.0,REQ,,,,,0.0,0.0,0.0,0
412259,2.570627,2.570627,2.570627,2.570627,2.570627,2.570627,udp,0.0,,cs0,,63.0,,1.0,,Status,2,2,0,84,84,0,42.0,0.0,130.707413,130.707413,0.0,0,0,0,0.0,,,0.38901,0.38901,0.0,REQ,,,,,0.0,0.0,0.0,0
412271,0.0,0.0,0.0,0.0,0.0,0.0,udp,0.0,,cs0,,63.0,,1.0,,Status,1,1,0,42,42,0,42.0,0.0,0.0,0.0,0.0,0,0,0,0.0,,,0.0,0.0,0.0,REQ,,,,,0.0,0.0,0.0,0
412315,2.575867,2.575867,2.575867,2.575867,2.575867,2.575867,udp,0.0,,cs0,,63.0,,1.0,,Status,2,2,0,84,84,0,42.0,0.0,130.441513,130.441513,0.0,0,0,0,0.0,,,0.388219,0.388219,0.0,REQ,,,,,0.0,0.0,0.0,0
412328,0.0,0.0,0.0,0.0,0.0,0.0,udp,0.0,,cs0,,63.0,,1.0,,Status,1,1,0,42,42,0,42.0,0.0,0.0,0.0,0.0,0,0,0,0.0,,,0.0,0.0,0.0,REQ,,,,,0.0,0.0,0.0,0
412331,0.0,0.0,0.0,0.0,0.0,0.0,udp,0.0,,cs0,,63.0,,1.0,,Status,1,1,0,42,42,0,42.0,0.0,0.0,0.0,0.0,0,0,0,0.0,,,0.0,0.0,0.0,REQ,,,,,0.0,0.0,0.0,0
412360,2.568203,2.568203,2.568203,2.568203,2.568203,2.568203,udp,0.0,,cs0,,63.0,,1.0,,Status,2,2,0,84,84,0,42.0,0.0,130.83078,130.83078,0.0,0,0,0,0.0,,,0.389377,0.389377,0.0,REQ,,,,,0.0,0.0,0.0,0
412421,2.57458,2.57458,2.57458,2.57458,2.57458,2.57458,udp,0.0,,cs0,,63.0,,1.0,,Status,2,2,0,84,84,0,42.0,0.0,130.506729,130.506729,0.0,0,0,0,0.0,,,0.388413,0.388413,0.0,REQ,,,,,0.0,0.0,0.0,0
412471,0.0,0.0,0.0,0.0,0.0,0.0,udp,0.0,,cs0,,63.0,,1.0,,Status,1,1,0,42,42,0,42.0,0.0,0.0,0.0,0.0,0,0,0,0.0,,,0.0,0.0,0.0,REQ,,,,,0.0,0.0,0.0,0
412499,0.0,0.0,0.0,0.0,0.0,0.0,udp,0.0,,cs0,,63.0,,1.0,,Status,1,1,0,42,42,0,42.0,0.0,0.0,0.0,0.0,0,0,0,0.0,,,0.0,0.0,0.0,REQ,,,,,0.0,0.0,0.0,0
412577,0.0,0.0,0.0,0.0,0.0,0.0,udp,0.0,,cs0,,63.0,,1.0,,Status,1,1,0,42,42,0,42.0,0.0,0.0,0.0,0.0,0,0,0,0.0,,,0.0,0.0,0.0,REQ,,,,,0.0,0.0,0.0,0
412604,0.0,0.0,0.0,0.0,0.0,0.0,udp,0.0,,cs0,,63.0,,1.0,,Status,1,1,0,42,42,0,42.0,0.0,0.0,0.0,0.0,0,0,0,0.0,,,0.0,0.0,0.0,REQ,,,,,0.0,0.0,0.0,0
412620,0.0,0.0,0.0,0.0,0.0,0.0,udp,0.0,,cs0,,63.0,,1.0,,Status,1,1,0,42,42,0,42.0,0.0,0.0,0.0,0.0,0,0,0,0.0,,,0.0,0.0,0.0,REQ,,,,,0.0,0.0,0.0,0
412707,0.0,0.0,0.0,0.0,0.0,0.0,udp,0.0,,cs0,,63.0,,1.0,,Status,1,1,0,42,42,0,42.0,0.0,0.0,0.0,0.0,0,0,0,0.0,,,0.0,0.0,0.0,REQ,,,,,0.0,0.0,0.0,0
412738,2.575802,2.575802,2.575802,2.575802,2.575802,2.575802,udp,0.0,,cs0,,63.0,,1.0,,Status,2,2,0,84,84,0,42.0,0.0,130.444809,130.444809,0.0,0,0,0,0.0,,,0.388229,0.388229,0.0,REQ,,,,,0.0,0.0,0.0,0
412828,0.0,0.0,0.0,0.0,0.0,0.0,udp,0.0,,cs0,,63.0,,1.0,,Status,1,1,0,42,42,0,42.0,0.0,0.0,0.0,0.0,0,0,0,0.0,,,0.0,0.0,0.0,REQ,,,,,0.0,0.0,0.0,0
412890,0.0,0.0,0.0,0.0,0.0,0.0,udp,0.0,,cs0,,63.0,,1.0,,Status,1,1,0,42,42,0,42.0,0.0,0.0,0.0,0.0,0,0,0,0.0,,,0.0,0.0,0.0,REQ,,,,,0.0,0.0,0.0,0
412919,0.0,0.0,0.0,0.0,0.0,0.0,udp,0.0,,cs0,,63.0,,1.0,,Status,1,1,0,42,42,0,42.0,0.0,0.0,0.0,0.0,0,0,0,0.0,,,0.0,0.0,0.0,REQ,,,,,0.0,0.0,0.0,0
413046,0.0,0.0,0.0,0.0,0.0,0.0,udp,0.0,,cs0,,63.0,,1.0,,Status,1,1,0,42,42,0,42.0,0.0,0.0,0.0,0.0,0,0,0,0.0,,,0.0,0.0,0.0,REQ,,,,,0.0,0.0,0.0,0
413102,2.575327,2.575327,2.575327,2.575327,2.575327,2.575327,udp,0.0,,cs0,,63.0,,1.0,,Status,2,2,0,84,84,0,42.0,0.0,130.468872,130.468872,0.0,0,0,0,0.0,,,0.3883,0.3883,0.0,REQ,,,,,0.0,0.0,0.0,0
413110,2.575322,2.575322,2.575322,2.575322,2.575322,2.575322,udp,0.0,,cs0,,63.0,,1.0,,Start,2,2,0,84,84,0,42.0,0.0,130.469131,130.469131,0.0,0,0,0,0.0,,,0.388301,0.388301,0.0,INT,,,,,0.0,0.0,0.0,0
413209,0.0,0.0,0.0,0.0,0.0,0.0,udp,0.0,,cs0,,63.0,,1.0,,Status,1,1,0,42,42,0,42.0,0.0,0.0,0.0,0.0,0,0,0,0.0,,,0.0,0.0,0.0,REQ,,,,,0.0,0.0,0.0,0
413332,2.574964,2.574964,2.574964,2.574964,2.574964,2.574964,udp,0.0,,cs0,,63.0,,1.0,,Status,2,2,0,84,84,0,42.0,0.0,130.487259,130.487259,0.0,0,0,0,0.0,,,0.388355,0.388355,0.0,REQ,,,,,0.0,0.0,0.0,0
413336,2.574971,2.574971,2.574971,2.574971,2.574971,2.574971,udp,0.0,,cs0,,63.0,,1.0,,Status,2,2,0,84,84,0,42.0,0.0,130.486908,130.486908,0.0,0,0,0,0.0,,,0.388354,0.388354,0.0,REQ,,,,,0.0,0.0,0.0,0
413396,2.575076,2.575076,2.575076,2.575076,2.575076,2.575076,udp,0.0,,cs0,,63.0,,1.0,,Status,2,2,0,84,84,0,42.0,0.0,130.481583,130.481583,0.0,0,0,0,0.0,,,0.388338,0.388338,0.0,REQ,,,,,0.0,0.0,0.0,0
413469,2.576912,2.576912,2.576912,2.576912,2.576912,2.576912,udp,0.0,,cs0,,63.0,,1.0,,Status,2,2,0,84,84,0,42.0,0.0,130.388626,130.388626,0.0,0,0,0,0.0,,,0.388061,0.388061,0.0,REQ,,,,,0.0,0.0,0.0,0
413509,2.575201,2.575201,2.575201,2.575201,2.575201,2.575201,udp,0.0,,cs0,,63.0,,1.0,,Status,2,2,0,84,84,0,42.0,0.0,130.47525,130.47525,0.0,0,0,0,0.0,,,0.388319,0.388319,0.0,REQ,,,,,0.0,0.0,0.0,0
413537,2.569345,2.569345,2.569345,2.569345,2.569345,2.569345,udp,0.0,,cs0,,63.0,,1.0,,Status,2,2,0,84,84,0,42.0,0.0,130.772629,130.772629,0.0,0,0,0,0.0,,,0.389204,0.389204,0.0,REQ,,,,,0.0,0.0,0.0,0
413555,2.571854,2.571854,2.571854,2.571854,2.571854,2.571854,udp,0.0,,cs0,,63.0,,1.0,,Status,2,2,0,84,84,0,42.0,0.0,130.64505,130.64505,0.0,0,0,0,0.0,,,0.388825,0.388825,0.0,REQ,,,,,0.0,0.0,0.0,0
413599,2.572196,2.572196,2.572196,2.572196,2.572196,2.572196,udp,0.0,,cs0,,63.0,,1.0,,Status,2,2,0,84,84,0,42.0,0.0,130.627686,130.627686,0.0,0,0,0,0.0,,,0.388773,0.388773,0.0,REQ,,,,,0.0,0.0,0.0,0
413682,2.577134,2.577134,2.577134,2.577134,2.577134,2.577134,udp,0.0,,cs0,,63.0,,1.0,,Status,2,2,0,84,84,0,42.0,0.0,130.377396,130.377396,0.0,0,0,0,0.0,,,0.388028,0.388028,0.0,REQ,,,,,0.0,0.0,0.0,0
413796,0.0,0.0,0.0,0.0,0.0,0.0,udp,0.0,,cs0,,63.0,,1.0,,Status,1,1,0,42,42,0,42.0,0.0,0.0,0.0,0.0,0,0,0,0.0,,,0.0,0.0,0.0,REQ,,,,,0.0,0.0,0.0,0
413837,2.575282,2.575282,2.575282,2.575282,2.575282,2.575282,udp,0.0,,cs0,,63.0,,1.0,,Status,2,2,0,84,84,0,42.0,0.0,130.471146,130.471146,0.0,0,0,0,0.0,,,0.388307,0.388307,0.0,REQ,,,,,0.0,0.0,0.0,0
413838,2.575282,2.575282,2.575282,2.575282,2.575282,2.575282,udp,0.0,,cs0,,63.0,,1.0,,Status,2,2,0,84,84,0,42.0,0.0,130.471146,130.471146,0.0,0,0,0,0.0,,,0.388307,0.388307,0.0,REQ,,,,,0.0,0.0,0.0,0
413858,0.0,0.0,0.0,0.0,0.0,0.0,udp,0.0,,cs0,,63.0,,1.0,,Status,1,1,0,42,42,0,42.0,0.0,0.0,0.0,0.0,0,0,0,0.0,,,0.0,0.0,0.0,REQ,,,,,0.0,0.0,0.0,0
413874,2.57218,2.57218,2.57218,2.57218,2.57218,2.57218,udp,0.0,,cs0,,63.0,,1.0,,Status,2,2,0,84,84,0,42.0,0.0,130.628494,130.628494,0.0,0,0,0,0.0,,,0.388775,0.388775,0.0,REQ,,,,,0.0,0.0,0.0,0
413943,0.0,0.0,0.0,0.0,0.0,0.0,udp,0.0,,cs0,,63.0,,1.0,,Status,1,1,0,42,42,0,42.0,0.0,0.0,0.0,0.0,0,0,0,0.0,,,0.0,0.0,0.0,REQ,,,,,0.0,0.0,0.0,0
414002,2.571965,2.571965,2.571965,2.571965,2.571965,2.571965,udp,0.0,,cs0,,63.0,,1.0,,Status,2,2,0,84,84,0,42.0,0.0,130.63942,130.63942,0.0,0,0,0,0.0,,,0.388808,0.388808,0.0,REQ,,,,,0.0,0.0,0.0,0
414006,2.572944,2.572944,2.572944,2.572944,2.572944,2.572944,udp,0.0,,cs0,,63.0,,1.0,,Status,2,2,0,84,84,0,42.0,0.0,130.589706,130.589706,0.0,0,0,0,0.0,,,0.38866,0.38866,0.0,REQ,,,,,0.0,0.0,0.0,0
414047,2.572861,2.572861,2.572861,2.572861,2.572861,2.572861,udp,0.0,,cs0,,63.0,,1.0,,Status,2,2,0,84,84,0,42.0,0.0,130.593918,130.593918,0.0,0,0,0,0.0,,,0.388672,0.388672,0.0,REQ,,,,,0.0,0.0,0.0,0
414072,2.577169,2.577169,2.577169,2.577169,2.577169,2.577169,udp,0.0,,cs0,,63.0,,1.0,,Status,2,2,0,84,84,0,42.0,0.0,130.375626,130.375626,0.0,0,0,0,0.0,,,0.388023,0.388023,0.0,REQ,,,,,0.0,0.0,0.0,0
414096,0.0,0.0,0.0,0.0,0.0,0.0,udp,0.0,,cs0,,63.0,,1.0,,Status,1,1,0,42,42,0,42.0,0.0,0.0,0.0,0.0,0,0,0,0.0,,,0.0,0.0,0.0,REQ,,,,,0.0,0.0,0.0,0
414110,0.0,0.0,0.0,0.0,0.0,0.0,udp,0.0,,cs0,,63.0,,1.0,,Status,1,1,0,42,42,0,42.0,0.0,0.0,0.0,0.0,0,0,0,0.0,,,0.0,0.0,0.0,REQ,,,,,0.0,0.0,0.0,0
414155,2.574051,2.574051,2.574051,2.574051,2.574051,2.574051,udp,0.0,,cs0,,63.0,,1.0,,Status,2,2,0,84,84,0,42.0,0.0,130.533554,130.533554,0.0,0,0,0,0.0,,,0.388493,0.388493,0.0,REQ,,,,,0.0,0.0,0.0,0
414194,2.574031,2.574031,2.574031,2.574031,2.574031,2.574031,udp,0.0,,cs0,,63.0,,1.0,,Status,2,2,0,84,84,0,42.0,0.0,130.534546,130.534546,0.0,0,0,0,0.0,,,0.388496,0.388496,0.0,REQ,,,,,0.0,0.0,0.0,0
414235,2.575385,2.575385,2.575385,2.575385,2.575385,2.575385,udp,0.0,,cs0,,63.0,,1.0,,Status,2,2,0,84,84,0,42.0,0.0,130.465927,130.465927,0.0,0,0,0,0.0,,,0.388291,0.388291,0.0,REQ,,,,,0.0,0.0,0.0,0
414411,2.569888,2.569888,2.569888,2.569888,2.569888,2.569888,udp,0.0,,cs0,,63.0,,1.0,,Status,2,2,0,84,84,0,42.0,0.0,130.744995,130.744995,0.0,0,0,0,0.0,,,0.389122,0.389122,0.0,REQ,,,,,0.0,0.0,0.0,0
414437,2.580126,2.580126,2.580126,2.580126,2.580126,2.580126,udp,0.0,,cs0,,63.0,,1.0,,Status,2,2,0,84,84,0,42.0,0.0,130.226196,130.226196,0.0,0,0,0,0.0,,,0.387578,0.387578,0.0,REQ,,,,,0.0,0.0,0.0,0
414500,0.0,0.0,0.0,0.0,0.0,0.0,udp,0.0,,cs0,,63.0,,1.0,,Status,1,1,0,42,42,0,42.0,0.0,0.0,0.0,0.0,0,0,0,0.0,,,0.0,0.0,0.0,REQ,,,,,0.0,0.0,0.0,0
414573,0.0,0.0,0.0,0.0,0.0,0.0,udp,0.0,,cs0,,63.0,,1.0,,Status,1,1,0,42,42,0,42.0,0.0,0.0,0.0,0.0,0,0,0,0.0,,,0.0,0.0,0.0,REQ,,,,,0.0,0.0,0.0,0
414597,0.0,0.0,0.0,0.0,0.0,0.0,udp,0.0,,cs0,,63.0,,1.0,,Status,1,1,0,42,42,0,42.0,0.0,0.0,0.0,0.0,0,0,0,0.0,,,0.0,0.0,0.0,REQ,,,,,0.0,0.0,0.0,0
414603,2.574287,2.574287,2.574287,2.574287,2.574287,2.574287,udp,0.0,,cs0,,63.0,,1.0,,Status,2,2,0,84,84,0,42.0,0.0,130.521576,130.521576,0.0,0,0,0,0.0,,,0.388457,0.388457,0.0,REQ,,,,,0.0,0.0,0.0,0
414660,2.5721,2.5721,2.5721,2.5721,2.5721,2.5721,udp,0.0,,cs0,,63.0,,1.0,,Status,2,2,0,84,84,0,42.0,0.0,130.632568,130.632568,0.0,0,0,0,0.0,,,0.388787,0.388787,0.0,REQ,,,,,0.0,0.0,0.0,0
414726,2.579052,2.579052,2.579052,2.579052,2.579052,2.579052,udp,0.0,,cs0,,63.0,,1.0,,Status,2,2,0,84,84,0,42.0,0.0,130.280426,130.280426,0.0,0,0,0,0.0,,,0.387739,0.387739,0.0,REQ,,,,,0.0,0.0,0.0,0
414729,2.579042,2.579042,2.579042,2.579042,2.579042,2.579042,udp,0.0,,cs0,,63.0,,1.0,,Status,2,2,0,84,84,0,42.0,0.0,130.28093,130.28093,0.0,0,0,0,0.0,,,0.387741,0.387741,0.0,REQ,,,,,0.0,0.0,0.0,0
414752,0.0,0.0,0.0,0.0,0.0,0.0,udp,0.0,,cs0,,63.0,,1.0,,Status,1,1,0,42,42,0,42.0,0.0,0.0,0.0,0.0,0,0,0,0.0,,,0.0,0.0,0.0,REQ,,,,,0.0,0.0,0.0,0
414754,0.0,0.0,0.0,0.0,0.0,0.0,udp,0.0,,cs0,,63.0,,1.0,,Status,1,1,0,42,42,0,42.0,0.0,0.0,0.0,0.0,0,0,0,0.0,,,0.0,0.0,0.0,REQ,,,,,0.0,0.0,0.0,0
414784,2.573324,2.573324,2.573324,2.573324,2.573324,2.573324,udp,0.0,,cs0,,63.0,,1.0,,Status,2,2,0,84,84,0,42.0,0.0,130.570419,130.570419,0.0,0,0,0,0.0,,,0.388602,0.388602,0.0,REQ,,,,,0.0,0.0,0.0,0
414864,0.0,0.0,0.0,0.0,0.0,0.0,udp,0.0,,cs0,,63.0,,1.0,,Status,1,1,0,42,42,0,42.0,0.0,0.0,0.0,0.0,0,0,0,0.0,,,0.0,0.0,0.0,REQ,,,,,0.0,0.0,0.0,0
414890,2.572161,2.572161,2.572161,2.572161,2.572161,2.572161,udp,0.0,,cs0,,63.0,,1.0,,Status,2,2,0,84,84,0,42.0,0.0,130.629456,130.629456,0.0,0,0,0,0.0,,,0.388778,0.388778,0.0,REQ,,,,,0.0,0.0,0.0,0
414902,0.0,0.0,0.0,0.0,0.0,0.0,udp,0.0,,cs0,,63.0,,1.0,,Status,1,1,0,42,42,0,42.0,0.0,0.0,0.0,0.0,0,0,0,0.0,,,0.0,0.0,0.0,REQ,,,,,0.0,0.0,0.0,0
414945,0.0,0.0,0.0,0.0,0.0,0.0,udp,0.0,,cs0,,63.0,,1.0,,Status,1,1,0,42,42,0,42.0,0.0,0.0,0.0,0.0,0,0,0,0.0,,,0.0,0.0,0.0,REQ,,,,,0.0,0.0,0.0,0
414989,0.0,0.0,0.0,0.0,0.0,0.0,udp,0.0,,cs0,,63.0,,1.0,,Status,1,1,0,42,42,0,42.0,0.0,0.0,0.0,0.0,0,0,0,0.0,,,0.0,0.0,0.0,REQ,,,,,0.0,0.0,0.0,0
415111,0.0,0.0,0.0,0.0,0.0,0.0,udp,0.0,,cs0,,63.0,,1.0,,Status,1,1,0,42,42,0,42.0,0.0,0.0,0.0,0.0,0,0,0,0.0,,,0.0,0.0,0.0,REQ,,,,,0.0,0.0,0.0,0
415197,2.567956,2.567956,2.567956,2.567956,2.567956,2.567956,udp,0.0,,cs0,,63.0,,1.0,,Status,2,2,0,84,84,0,42.0,0.0,130.843369,130.843369,0.0,0,0,0,0.0,,,0.389415,0.389415,0.0,REQ,,,,,0.0,0.0,0.0,0
415240,2.576152,2.576152,2.576152,2.576152,2.576152,2.576152,udp,0.0,,cs0,,63.0,,1.0,,Status,2,2,0,84,84,0,42.0,0.0,130.427078,130.427078,0.0,0,0,0,0.0,,,0.388176,0.388176,0.0,REQ,,,,,0.0,0.0,0.0,0
415242,2.576153,2.576153,2.576153,2.576153,2.576153,2.576153,udp,0.0,,cs0,,63.0,,1.0,,Status,2,2,0,84,84,0,42.0,0.0,130.427032,130.427032,0.0,0,0,0,0.0,,,0.388176,0.388176,0.0,REQ,,,,,0.0,0.0,0.0,0
415253,2.576154,2.576154,2.576154,2.576154,2.576154,2.576154,udp,0.0,,cs0,,63.0,,1.0,,Status,2,2,0,84,84,0,42.0,0.0,130.426987,130.426987,0.0,0,0,0,0.0,,,0.388176,0.388176,0.0,REQ,,,,,0.0,0.0,0.0,0
415313,0.0,0.0,0.0,0.0,0.0,0.0,udp,0.0,,cs0,,63.0,,1.0,,Status,1,1,0,42,42,0,42.0,0.0,0.0,0.0,0.0,0,0,0,0.0,,,0.0,0.0,0.0,REQ,,,,,0.0,0.0,0.0,0
415357,0.0,0.0,0.0,0.0,0.0,0.0,udp,0.0,,cs0,,63.0,,1.0,,Status,1,1,0,42,42,0,42.0,0.0,0.0,0.0,0.0,0,0,0,0.0,,,0.0,0.0,0.0,REQ,,,,,0.0,0.0,0.0,0
415358,2.575316,2.575316,2.575316,2.575316,2.575316,2.575316,udp,0.0,,cs0,,63.0,,1.0,,Status,2,2,0,84,84,0,42.0,0.0,130.469421,130.469421,0.0,0,0,0,0.0,,,0.388302,0.388302,0.0,REQ,,,,,0.0,0.0,0.0,0
415432,0.0,0.0,0.0,0.0,0.0,0.0,udp,0.0,,cs0,,63.0,,1.0,,Status,1,1,0,42,42,0,42.0,0.0,0.0,0.0,0.0,0,0,0,0.0,,,0.0,0.0,0.0,REQ,,,,,0.0,0.0,0.0,0
415462,0.0,0.0,0.0,0.0,0.0,0.0,udp,0.0,,cs0,,63.0,,1.0,,Status,1,1,0,42,42,0,42.0,0.0,0.0,0.0,0.0,0,0,0,0.0,,,0.0,0.0,0.0,REQ,,,,,0.0,0.0,0.0,0
415500,0.0,0.0,0.0,0.0,0.0,0.0,udp,0.0,,cs0,,63.0,,1.0,,Status,1,1,0,42,42,0,42.0,0.0,0.0,0.0,0.0,0,0,0,0.0,,,0.0,0.0,0.0,REQ,,,,,0.0,0.0,0.0,0
415503,0.0,0.0,0.0,0.0,0.0,0.0,udp,0.0,,cs0,,63.0,,1.0,,Status,1,1,0,42,42,0,42.0,0.0,0.0,0.0,0.0,0,0,0,0.0,,,0.0,0.0,0.0,REQ,,,,,0.0,0.0,0.0,0
415515,2.574913,2.574913,2.574913,2.574913,2.574913,2.574913,udp,0.0,,cs0,,63.0,,1.0,,Status,2,2,0,84,84,0,42.0,0.0,130.489838,130.489838,0.0,0,0,0,0.0,,,0.388363,0.388363,0.0,REQ,,,,,0.0,0.0,0.0,0
415521,2.57766,2.57766,2.57766,2.57766,2.57766,2.57766,udp,0.0,,cs0,,63.0,,1.0,,Status,2,2,0,84,84,0,42.0,0.0,130.350784,130.350784,0.0,0,0,0,0.0,,,0.387949,0.387949,0.0,REQ,,,,,0.0,0.0,0.0,0
415558,0.0,0.0,0.0,0.0,0.0,0.0,udp,0.0,,cs0,,63.0,,1.0,,Status,1,1,0,42,42,0,42.0,0.0,0.0,0.0,0.0,0,0,0,0.0,,,0.0,0.0,0.0,REQ,,,,,0.0,0.0,0.0,0
415567,2.577284,2.577284,2.577284,2.577284,2.577284,2.577284,udp,0.0,,cs0,,63.0,,1.0,,Status,2,2,0,84,84,0,42.0,0.0,130.369797,130.369797,0.0,0,0,0,0.0,,,0.388005,0.388005,0.0,REQ,,,,,0.0,0.0,0.0,0
415625,2.573688,2.573688,2.573688,2.573688,2.573688,2.573688,udp,0.0,,cs0,,63.0,,1.0,,Status,2,2,0,84,84,0,42.0,0.0,130.551956,130.551956,0.0,0,0,0,0.0,,,0.388547,0.388547,0.0,REQ,,,,,0.0,0.0,0.0,0
415654,0.0,0.0,0.0,0.0,0.0,0.0,udp,0.0,,cs0,,63.0,,1.0,,Status,1,1,0,42,42,0,42.0,0.0,0.0,0.0,0.0,0,0,0,0.0,,,0.0,0.0,0.0,REQ,,,,,0.0,0.0,0.0,0
415760,0.0,0.0,0.0,0.0,0.0,0.0,udp,0.0,,cs0,,63.0,,1.0,,Status,1,1,0,42,42,0,42.0,0.0,0.0,0.0,0.0,0,0,0,0.0,,,0.0,0.0,0.0,REQ,,,,,0.0,0.0,0.0,0
415806,2.574096,2.574096,2.574096,2.574096,2.574096,2.574096,udp,0.0,,cs0,,63.0,,1.0,,Status,2,2,0,84,84,0,42.0,0.0,130.531265,130.531265,0.0,0,0,0,0.0,,,0.388486,0.388486,0.0,REQ,,,,,0.0,0.0,0.0,0
415872,0.0,0.0,0.0,0.0,0.0,0.0,udp,0.0,,cs0,,63.0,,1.0,,Status,1,1,0,42,42,0,42.0,0.0,0.0,0.0,0.0,0,0,0,0.0,,,0.0,0.0,0.0,REQ,,,,,0.0,0.0,0.0,0
415903,0.0,0.0,0.0,0.0,0.0,0.0,udp,0.0,,cs0,,63.0,,1.0,,Status,1,1,0,42,42,0,42.0,0.0,0.0,0.0,0.0,0,0,0,0.0,,,0.0,0.0,0.0,REQ,,,,,0.0,0.0,0.0,0
415933,2.575794,2.575794,2.575794,2.575794,2.575794,2.575794,udp,0.0,,cs0,,63.0,,1.0,,Status,2,2,0,84,84,0,42.0,0.0,130.445221,130.445221,0.0,0,0,0,0.0,,,0.38823,0.38823,0.0,REQ,,,,,0.0,0.0,0.0,0
416002,2.575931,2.575931,2.575931,2.575931,2.575931,2.575931,udp,0.0,,cs0,,63.0,,1.0,,Status,2,2,0,84,84,0,42.0,0.0,130.438278,130.438278,0.0,0,0,0,0.0,,,0.388209,0.388209,0.0,REQ,,,,,0.0,0.0,0.0,0
416014,2.576047,2.576047,2.576047,2.576047,2.576047,2.576047,udp,0.0,,cs0,,63.0,,1.0,,Status,2,2,0,84,84,0,42.0,0.0,130.432404,130.432404,0.0,0,0,0,0.0,,,0.388192,0.388192,0.0,REQ,,,,,0.0,0.0,0.0,0
416085,2.567016,2.567016,2.567016,2.567016,2.567016,2.567016,udp,0.0,,cs0,,63.0,,1.0,,Status,2,2,0,84,84,0,42.0,0.0,130.891281,130.891281,0.0,0,0,0,0.0,,,0.389557,0.389557,0.0,REQ,,,,,0.0,0.0,0.0,0
416134,2.568869,2.568869,2.568869,2.568869,2.568869,2.568869,udp,0.0,,cs0,,63.0,,1.0,,Status,2,2,0,84,84,0,42.0,0.0,130.79686,130.79686,0.0,0,0,0,0.0,,,0.389276,0.389276,0.0,REQ,,,,,0.0,0.0,0.0,0
416155,2.578948,2.578948,2.578948,2.578948,2.578948,2.578948,udp,0.0,,cs0,,63.0,,1.0,,Status,2,2,0,84,84,0,42.0,0.0,130.285675,130.285675,0.0,0,0,0,0.0,,,0.387755,0.387755,0.0,REQ,,,,,0.0,0.0,0.0,0
416163,0.0,0.0,0.0,0.0,0.0,0.0,udp,0.0,,cs0,,63.0,,1.0,,Status,1,1,0,42,42,0,42.0,0.0,0.0,0.0,0.0,0,0,0,0.0,,,0.0,0.0,0.0,REQ,,,,,0.0,0.0,0.0,0
416242,2.575194,2.575194,2.575194,2.575194,2.575194,2.575194,udp,0.0,,cs0,,63.0,,1.0,,Status,2,2,0,84,84,0,42.0,0.0,130.475616,130.475616,0.0,0,0,0,0.0,,,0.38832,0.38832,0.0,REQ,,,,,0.0,0.0,0.0,0
416267,2.572004,2.572004,2.572004,2.572004,2.572004,2.572004,udp,0.0,,cs0,,63.0,,1.0,,Status,2,2,0,84,84,0,42.0,0.0,130.637436,130.637436,0.0,0,0,0,0.0,,,0.388802,0.388802,0.0,REQ,,,,,0.0,0.0,0.0,0
416272,2.572004,2.572004,2.572004,2.572004,2.572004,2.572004,udp,0.0,,cs0,,63.0,,1.0,,Status,2,2,0,84,84,0,42.0,0.0,130.637436,130.637436,0.0,0,0,0,0.0,,,0.388802,0.388802,0.0,REQ,,,,,0.0,0.0,0.0,0
416298,2.576546,2.576546,2.576546,2.576546,2.576546,2.576546,udp,0.0,,cs0,,63.0,,1.0,,Status,2,2,0,84,84,0,42.0,0.0,130.40715,130.40715,0.0,0,0,0,0.0,,,0.388117,0.388117,0.0,REQ,,,,,0.0,0.0,0.0,0
416309,2.577908,2.577908,2.577908,2.577908,2.577908,2.577908,udp,0.0,,cs0,,63.0,,1.0,,Status,2,2,0,84,84,0,42.0,0.0,130.338242,130.338242,0.0,0,0,0,0.0,,,0.387911,0.387911,0.0,REQ,,,,,0.0,0.0,0.0,0
416384,0.0,0.0,0.0,0.0,0.0,0.0,udp,0.0,,cs0,,63.0,,1.0,,Status,1,1,0,42,42,0,42.0,0.0,0.0,0.0,0.0,0,0,0,0.0,,,0.0,0.0,0.0,REQ,,,,,0.0,0.0,0.0,0
416394,0.0,0.0,0.0,0.0,0.0,0.0,udp,0.0,,cs0,,63.0,,1.0,,Status,1,1,0,42,42,0,42.0,0.0,0.0,0.0,0.0,0,0,0,0.0,,,0.0,0.0,0.0,REQ,,,,,0.0,0.0,0.0,0
416685,0.0,0.0,0.0,0.0,0.0,0.0,udp,0.0,,cs0,,63.0,,1.0,,Status,1,1,0,42,42,0,42.0,0.0,0.0,0.0,0.0,0,0,0,0.0,,,0.0,0.0,0.0,REQ,,,,,0.0,0.0,0.0,0
416743,2.572162,2.572162,2.572162,2.572162,2.572162,2.572162,udp,0.0,,cs0,,63.0,,1.0,,Status,2,2,0,84,84,0,42.0,0.0,130.62941,130.62941,0.0,0,0,0,0.0,,,0.388778,0.388778,0.0,REQ,,,,,0.0,0.0,0.0,0
416799,0.0,0.0,0.0,0.0,0.0,0.0,udp,0.0,,cs0,,63.0,,1.0,,Status,1,1,0,42,42,0,42.0,0.0,0.0,0.0,0.0,0,0,0,0.0,,,0.0,0.0,0.0,REQ,,,,,0.0,0.0,0.0,0
416836,2.575692,2.575692,2.575692,2.575692,2.575692,2.575692,udp,0.0,,cs0,,63.0,,1.0,,Status,2,2,0,84,84,0,42.0,0.0,130.450378,130.450378,0.0,0,0,0,0.0,,,0.388245,0.388245,0.0,REQ,,,,,0.0,0.0,0.0,0
416841,2.576684,2.576684,2.576684,2.576684,2.576684,2.576684,udp,0.0,,cs0,,63.0,,1.0,,Status,2,2,0,84,84,0,42.0,0.0,130.400162,130.400162,0.0,0,0,0,0.0,,,0.388096,0.388096,0.0,REQ,,,,,0.0,0.0,0.0,0
416842,2.577673,2.577673,2.577673,2.577673,2.577673,2.577673,udp,0.0,,cs0,,63.0,,1.0,,Status,2,2,0,84,84,0,42.0,0.0,130.350128,130.350128,0.0,0,0,0,0.0,,,0.387947,0.387947,0.0,REQ,,,,,0.0,0.0,0.0,0
416846,2.578818,2.578818,2.578818,2.578818,2.578818,2.578818,udp,0.0,,cs0,,63.0,,1.0,,Status,2,2,0,84,84,0,42.0,0.0,130.292252,130.292252,0.0,0,0,0,0.0,,,0.387775,0.387775,0.0,REQ,,,,,0.0,0.0,0.0,0
416993,2.573566,2.573566,2.573566,2.573566,2.573566,2.573566,udp,0.0,,cs0,,63.0,,1.0,,Status,2,2,0,84,84,0,42.0,0.0,130.558151,130.558151,0.0,0,0,0,0.0,,,0.388566,0.388566,0.0,REQ,,,,,0.0,0.0,0.0,0
417006,0.0,0.0,0.0,0.0,0.0,0.0,udp,0.0,,cs0,,63.0,,1.0,,Status,1,1,0,42,42,0,42.0,0.0,0.0,0.0,0.0,0,0,0,0.0,,,0.0,0.0,0.0,REQ,,,,,0.0,0.0,0.0,0
417263,2.572023,2.572023,2.572023,2.572023,2.572023,2.572023,udp,0.0,,cs0,,63.0,,1.0,,Status,2,2,0,84,84,0,42.0,0.0,130.636475,130.636475,0.0,0,0,0,0.0,,,0.388799,0.388799,0.0,REQ,,,,,0.0,0.0,0.0,0
417308,0.0,0.0,0.0,0.0,0.0,0.0,udp,0.0,,cs0,,63.0,,1.0,,Status,1,1,0,42,42,0,42.0,0.0,0.0,0.0,0.0,0,0,0,0.0,,,0.0,0.0,0.0,REQ,,,,,0.0,0.0,0.0,0
417369,2.568769,2.568769,2.568769,2.568769,2.568769,2.568769,udp,0.0,,cs0,,63.0,,1.0,,Start,2,2,0,84,84,0,42.0,0.0,130.801956,130.801956,0.0,0,0,0,0.0,,,0.389292,0.389292,0.0,INT,,,,,0.0,0.0,0.0,0
417423,0.0,0.0,0.0,0.0,0.0,0.0,udp,0.0,,cs0,,63.0,,1.0,,Status,1,1,0,42,42,0,42.0,0.0,0.0,0.0,0.0,0,0,0,0.0,,,0.0,0.0,0.0,REQ,,,,,0.0,0.0,0.0,0
417494,0.0,0.0,0.0,0.0,0.0,0.0,udp,0.0,,cs0,,63.0,,1.0,,Status,1,1,0,42,42,0,42.0,0.0,0.0,0.0,0.0,0,0,0,0.0,,,0.0,0.0,0.0,REQ,,,,,0.0,0.0,0.0,0
417550,2.573947,2.573947,2.573947,2.573947,2.573947,2.573947,udp,0.0,,cs0,,63.0,,1.0,,Status,2,2,0,84,84,0,42.0,0.0,130.538818,130.538818,0.0,0,0,0,0.0,,,0.388508,0.388508,0.0,REQ,,,,,0.0,0.0,0.0,0
417570,0.0,0.0,0.0,0.0,0.0,0.0,udp,0.0,,cs0,,63.0,,1.0,,Status,1,1,0,42,42,0,42.0,0.0,0.0,0.0,0.0,0,0,0,0.0,,,0.0,0.0,0.0,REQ,,,,,0.0,0.0,0.0,0
417590,0.0,0.0,0.0,0.0,0.0,0.0,udp,0.0,,cs0,,63.0,,1.0,,Status,1,1,0,42,42,0,42.0,0.0,0.0,0.0,0.0,0,0,0,0.0,,,0.0,0.0,0.0,REQ,,,,,0.0,0.0,0.0,0
417640,0.0,0.0,0.0,0.0,0.0,0.0,udp,0.0,,cs0,,63.0,,1.0,,Status,1,1,0,42,42,0,42.0,0.0,0.0,0.0,0.0,0,0,0,0.0,,,0.0,0.0,0.0,REQ,,,,,0.0,0.0,0.0,0
417771,2.578848,2.578848,2.578848,2.578848,2.578848,2.578848,udp,0.0,,cs0,,63.0,,1.0,,Status,2,2,0,84,84,0,42.0,0.0,130.290741,130.290741,0.0,0,0,0,0.0,,,0.38777,0.38777,0.0,REQ,,,,,0.0,0.0,0.0,0
417781,2.576131,2.576131,2.576131,2.576131,2.576131,2.576131,udp,0.0,,cs0,,63.0,,1.0,,Status,2,2,0,84,84,0,42.0,0.0,130.428146,130.428146,0.0,0,0,0,0.0,,,0.388179,0.388179,0.0,REQ,,,,,0.0,0.0,0.0,0
417868,0.0,0.0,0.0,0.0,0.0,0.0,udp,0.0,,cs0,,63.0,,1.0,,Status,1,1,0,42,42,0,42.0,0.0,0.0,0.0,0.0,0,0,0,0.0,,,0.0,0.0,0.0,REQ,,,,,0.0,0.0,0.0,0
417913,2.580299,2.580299,2.580299,2.580299,2.580299,2.580299,udp,0.0,,cs0,,63.0,,1.0,,Status,2,2,0,84,84,0,42.0,0.0,130.217468,130.217468,0.0,0,0,0,0.0,,,0.387552,0.387552,0.0,REQ,,,,,0.0,0.0,0.0,0
417944,2.566804,2.566804,2.566804,2.566804,2.566804,2.566804,udp,0.0,,cs0,,63.0,,1.0,,Status,2,2,0,84,84,0,42.0,0.0,130.902084,130.902084,0.0,0,0,0,0.0,,,0.38959,0.38959,0.0,REQ,,,,,0.0,0.0,0.0,0
417968,2.566621,2.566621,2.566621,2.566621,2.566621,2.566621,udp,0.0,,cs0,,63.0,,1.0,,Status,2,2,0,84,84,0,42.0,0.0,130.911423,130.911423,0.0,0,0,0,0.0,,,0.389617,0.389617,0.0,REQ,,,,,0.0,0.0,0.0,0
417976,0.0,0.0,0.0,0.0,0.0,0.0,udp,0.0,,cs0,,63.0,,1.0,,Status,1,1,0,42,42,0,42.0,0.0,0.0,0.0,0.0,0,0,0,0.0,,,0.0,0.0,0.0,REQ,,,,,0.0,0.0,0.0,0
417980,0.0,0.0,0.0,0.0,0.0,0.0,udp,0.0,,cs0,,63.0,,1.0,,Status,1,1,0,42,42,0,42.0,0.0,0.0,0.0,0.0,0,0,0,0.0,,,0.0,0.0,0.0,REQ,,,,,0.0,0.0,0.0,0
418013,0.0,0.0,0.0,0.0,0.0,0.0,udp,0.0,,cs0,,63.0,,1.0,,Status,1,1,0,42,42,0,42.0,0.0,0.0,0.0,0.0,0,0,0,0.0,,,0.0,0.0,0.0,REQ,,,,,0.0,0.0,0.0,0
418092,0.0,0.0,0.0,0.0,0.0,0.0,udp,0.0,,cs0,,63.0,,1.0,,Status,1,1,0,42,42,0,42.0,0.0,0.0,0.0,0.0,0,0,0,0.0,,,0.0,0.0,0.0,REQ,,,,,0.0,0.0,0.0,0
418248,2.577923,2.577923,2.577923,2.577923,2.577923,2.577923,udp,0.0,,cs0,,63.0,,1.0,,Status,2,2,0,84,84,0,42.0,0.0,130.337479,130.337479,0.0,0,0,0,0.0,,,0.387909,0.387909,0.0,REQ,,,,,0.0,0.0,0.0,0
418263,0.0,0.0,0.0,0.0,0.0,0.0,udp,0.0,,cs0,,63.0,,1.0,,Status,1,1,0,42,42,0,42.0,0.0,0.0,0.0,0.0,0,0,0,0.0,,,0.0,0.0,0.0,REQ,,,,,0.0,0.0,0.0,0
418471,2.570294,2.570294,2.570294,2.570294,2.570294,2.570294,udp,0.0,,cs0,,63.0,,1.0,,Status,2,2,0,84,84,0,42.0,0.0,130.72435,130.72435,0.0,0,0,0,0.0,,,0.389061,0.389061,0.0,REQ,,,,,0.0,0.0,0.0,0
418503,0.0,0.0,0.0,0.0,0.0,0.0,udp,0.0,,cs0,,63.0,,1.0,,Status,1,1,0,42,42,0,42.0,0.0,0.0,0.0,0.0,0,0,0,0.0,,,0.0,0.0,0.0,REQ,,,,,0.0,0.0,0.0,0
418605,2.574265,2.574265,2.574265,2.574265,2.574265,2.574265,udp,0.0,,cs0,,63.0,,1.0,,Status,2,2,0,84,84,0,42.0,0.0,130.52269,130.52269,0.0,0,0,0,0.0,,,0.38846,0.38846,0.0,REQ,,,,,0.0,0.0,0.0,0
418661,2.574089,2.574089,2.574089,2.574089,2.574089,2.574089,udp,0.0,,cs0,,63.0,,1.0,,Status,2,2,0,84,84,0,42.0,0.0,130.531616,130.531616,0.0,0,0,0,0.0,,,0.388487,0.388487,0.0,REQ,,,,,0.0,0.0,0.0,0
418707,0.0,0.0,0.0,0.0,0.0,0.0,udp,0.0,,cs0,,63.0,,1.0,,Status,1,1,0,42,42,0,42.0,0.0,0.0,0.0,0.0,0,0,0,0.0,,,0.0,0.0,0.0,REQ,,,,,0.0,0.0,0.0,0
418724,0.0,0.0,0.0,0.0,0.0,0.0,udp,0.0,,cs0,,63.0,,1.0,,Status,1,1,0,42,42,0,42.0,0.0,0.0,0.0,0.0,0,0,0,0.0,,,0.0,0.0,0.0,REQ,,,,,0.0,0.0,0.0,0
418807,2.578955,2.578955,2.578955,2.578955,2.578955,2.578955,udp,0.0,,cs0,,63.0,,1.0,,Status,2,2,0,84,84,0,42.0,0.0,130.285339,130.285339,0.0,0,0,0,0.0,,,0.387754,0.387754,0.0,REQ,,,,,0.0,0.0,0.0,0
418832,2.577099,2.577099,2.577099,2.577099,2.577099,2.577099,udp,0.0,,cs0,,63.0,,1.0,,Status,2,2,0,84,84,0,42.0,0.0,130.37915,130.37915,0.0,0,0,0,0.0,,,0.388033,0.388033,0.0,REQ,,,,,0.0,0.0,0.0,0
418936,0.0,0.0,0.0,0.0,0.0,0.0,udp,0.0,,cs0,,63.0,,1.0,,Status,1,1,0,42,42,0,42.0,0.0,0.0,0.0,0.0,0,0,0,0.0,,,0.0,0.0,0.0,REQ,,,,,0.0,0.0,0.0,0
418955,0.0,0.0,0.0,0.0,0.0,0.0,udp,0.0,,cs0,,63.0,,1.0,,Status,1,1,0,42,42,0,42.0,0.0,0.0,0.0,0.0,0,0,0,0.0,,,0.0,0.0,0.0,REQ,,,,,0.0,0.0,0.0,0
418972,0.0,0.0,0.0,0.0,0.0,0.0,udp,0.0,,cs0,,63.0,,1.0,,Status,1,1,0,42,42,0,42.0,0.0,0.0,0.0,0.0,0,0,0,0.0,,,0.0,0.0,0.0,REQ,,,,,0.0,0.0,0.0,0
419017,2.575161,2.575161,2.575161,2.575161,2.575161,2.575161,udp,0.0,,cs0,,63.0,,1.0,,Status,2,2,0,84,84,0,42.0,0.0,130.47728,130.47728,0.0,0,0,0,0.0,,,0.388325,0.388325,0.0,REQ,,,,,0.0,0.0,0.0,0
419106,0.0,0.0,0.0,0.0,0.0,0.0,udp,0.0,,cs0,,63.0,,1.0,,Status,1,1,0,42,42,0,42.0,0.0,0.0,0.0,0.0,0,0,0,0.0,,,0.0,0.0,0.0,REQ,,,,,0.0,0.0,0.0,0
419124,0.0,0.0,0.0,0.0,0.0,0.0,udp,0.0,,cs0,,63.0,,1.0,,Status,1,1,0,42,42,0,42.0,0.0,0.0,0.0,0.0,0,0,0,0.0,,,0.0,0.0,0.0,REQ,,,,,0.0,0.0,0.0,0
419221,2.573245,2.573245,2.573245,2.573245,2.573245,2.573245,udp,0.0,,cs0,,63.0,,1.0,,Status,2,2,0,84,84,0,42.0,0.0,130.574432,130.574432,0.0,0,0,0,0.0,,,0.388614,0.388614,0.0,REQ,,,,,0.0,0.0,0.0,0
419295,0.0,0.0,0.0,0.0,0.0,0.0,udp,0.0,,cs0,,63.0,,1.0,,Status,1,1,0,42,42,0,42.0,0.0,0.0,0.0,0.0,0,0,0,0.0,,,0.0,0.0,0.0,REQ,,,,,0.0,0.0,0.0,0
419309,0.0,0.0,0.0,0.0,0.0,0.0,udp,0.0,,cs0,,63.0,,1.0,,Status,1,1,0,42,42,0,42.0,0.0,0.0,0.0,0.0,0,0,0,0.0,,,0.0,0.0,0.0,REQ,,,,,0.0,0.0,0.0,0
419334,2.578006,2.578006,2.578006,2.578006,2.578006,2.578006,udp,0.0,,cs0,,63.0,,1.0,,Status,2,2,0,84,84,0,42.0,0.0,130.333282,130.333282,0.0,0,0,0,0.0,,,0.387897,0.387897,0.0,REQ,,,,,0.0,0.0,0.0,0
419340,0.0,0.0,0.0,0.0,0.0,0.0,udp,0.0,,cs0,,63.0,,1.0,,Status,1,1,0,42,42,0,42.0,0.0,0.0,0.0,0.0,0,0,0,0.0,,,0.0,0.0,0.0,REQ,,,,,0.0,0.0,0.0,0
419403,0.0,0.0,0.0,0.0,0.0,0.0,udp,0.0,,cs0,,63.0,,1.0,,Status,1,1,0,42,42,0,42.0,0.0,0.0,0.0,0.0,0,0,0,0.0,,,0.0,0.0,0.0,REQ,,,,,0.0,0.0,0.0,0
419445,2.567082,2.567082,2.567082,2.567082,2.567082,2.567082,udp,0.0,,cs0,,63.0,,1.0,,Status,2,2,0,84,84,0,42.0,0.0,130.887909,130.887909,0.0,0,0,0,0.0,,,0.389547,0.389547,0.0,REQ,,,,,0.0,0.0,0.0,0
419547,0.0,0.0,0.0,0.0,0.0,0.0,udp,0.0,,cs0,,63.0,,1.0,,Status,1,1,0,42,42,0,42.0,0.0,0.0,0.0,0.0,0,0,0,0.0,,,0.0,0.0,0.0,REQ,,,,,0.0,0.0,0.0,0
419581,0.0,0.0,0.0,0.0,0.0,0.0,udp,0.0,,cs0,,63.0,,1.0,,Status,1,1,0,42,42,0,42.0,0.0,0.0,0.0,0.0,0,0,0,0.0,,,0.0,0.0,0.0,REQ,,,,,0.0,0.0,0.0,0
419676,0.0,0.0,0.0,0.0,0.0,0.0,udp,0.0,,cs0,,63.0,,1.0,,Status,1,1,0,42,42,0,42.0,0.0,0.0,0.0,0.0,0,0,0,0.0,,,0.0,0.0,0.0,REQ,,,,,0.0,0.0,0.0,0
419686,0.0,0.0,0.0,0.0,0.0,0.0,udp,0.0,,cs0,,63.0,,1.0,,Status,1,1,0,42,42,0,42.0,0.0,0.0,0.0,0.0,0,0,0,0.0,,,0.0,0.0,0.0,REQ,,,,,0.0,0.0,0.0,0
419720,2.576978,2.576978,2.576978,2.576978,2.576978,2.576978,udp,0.0,,cs0,,63.0,,1.0,,Status,2,2,0,84,84,0,42.0,0.0,130.385284,130.385284,0.0,0,0,0,0.0,,,0.388051,0.388051,0.0,REQ,,,,,0.0,0.0,0.0,0
419797,0.0,0.0,0.0,0.0,0.0,0.0,udp,0.0,,cs0,,63.0,,1.0,,Status,1,1,0,42,42,0,42.0,0.0,0.0,0.0,0.0,0,0,0,0.0,,,0.0,0.0,0.0,REQ,,,,,0.0,0.0,0.0,0
419855,2.574113,2.574113,2.574113,2.574113,2.574113,2.574113,udp,0.0,,cs0,,63.0,,1.0,,Status,2,2,0,84,84,0,42.0,0.0,130.530411,130.530411,0.0,0,0,0,0.0,,,0.388483,0.388483,0.0,REQ,,,,,0.0,0.0,0.0,0
419932,2.578006,2.578006,2.578006,2.578006,2.578006,2.578006,udp,0.0,,cs0,,63.0,,1.0,,Status,2,2,0,84,84,0,42.0,0.0,130.333282,130.333282,0.0,0,0,0,0.0,,,0.387897,0.387897,0.0,REQ,,,,,0.0,0.0,0.0,0
419935,2.578021,2.578021,2.578021,2.578021,2.578021,2.578021,udp,0.0,,cs0,,63.0,,1.0,,Status,2,2,0,84,84,0,42.0,0.0,130.332535,130.332535,0.0,0,0,0,0.0,,,0.387894,0.387894,0.0,REQ,,,,,0.0,0.0,0.0,0
419950,0.0,0.0,0.0,0.0,0.0,0.0,udp,0.0,,cs0,,63.0,,1.0,,Status,1,1,0,42,42,0,42.0,0.0,0.0,0.0,0.0,0,0,0,0.0,,,0.0,0.0,0.0,REQ,,,,,0.0,0.0,0.0,0
419955,0.0,0.0,0.0,0.0,0.0,0.0,udp,0.0,,cs0,,63.0,,1.0,,Status,1,1,0,42,42,0,42.0,0.0,0.0,0.0,0.0,0,0,0,0.0,,,0.0,0.0,0.0,REQ,,,,,0.0,0.0,0.0,0
419994,2.576348,2.576348,2.576348,2.576348,2.576348,2.576348,udp,0.0,,cs0,,63.0,,1.0,,Status,2,2,0,84,84,0,42.0,0.0,130.41716,130.41716,0.0,0,0,0,0.0,,,0.388146,0.388146,0.0,REQ,,,,,0.0,0.0,0.0,0
420028,0.0,0.0,0.0,0.0,0.0,0.0,udp,0.0,,cs0,,63.0,,1.0,,Status,1,1,0,42,42,0,42.0,0.0,0.0,0.0,0.0,0,0,0,0.0,,,0.0,0.0,0.0,REQ,,,,,0.0,0.0,0.0,0
420059,2.574802,2.574802,2.574802,2.574802,2.574802,2.574802,udp,0.0,,cs0,,63.0,,1.0,,Status,2,2,0,84,84,0,42.0,0.0,130.495468,130.495468,0.0,0,0,0,0.0,,,0.388379,0.388379,0.0,REQ,,,,,0.0,0.0,0.0,0
420097,0.0,0.0,0.0,0.0,0.0,0.0,udp,0.0,,cs0,,63.0,,1.0,,Status,1,1,0,42,42,0,42.0,0.0,0.0,0.0,0.0,0,0,0,0.0,,,0.0,0.0,0.0,REQ,,,,,0.0,0.0,0.0,0
420201,0.0,0.0,0.0,0.0,0.0,0.0,udp,0.0,,cs0,,63.0,,1.0,,Status,1,1,0,42,42,0,42.0,0.0,0.0,0.0,0.0,0,0,0,0.0,,,0.0,0.0,0.0,REQ,,,,,0.0,0.0,0.0,0
420231,2.578001,2.578001,2.578001,2.578001,2.578001,2.578001,udp,0.0,,cs0,,63.0,,1.0,,Status,2,2,0,84,84,0,42.0,0.0,130.333542,130.333542,0.0,0,0,0,0.0,,,0.387897,0.387897,0.0,REQ,,,,,0.0,0.0,0.0,0
420297,0.0,0.0,0.0,0.0,0.0,0.0,udp,0.0,,cs0,,63.0,,1.0,,Status,1,1,0,42,42,0,42.0,0.0,0.0,0.0,0.0,0,0,0,0.0,,,0.0,0.0,0.0,REQ,,,,,0.0,0.0,0.0,0
420394,2.575011,2.575011,2.575011,2.575011,2.575011,2.575011,udp,0.0,,cs0,,63.0,,1.0,,Status,2,2,0,84,84,0,42.0,0.0,130.484879,130.484879,0.0,0,0,0,0.0,,,0.388348,0.388348,0.0,REQ,,,,,0.0,0.0,0.0,0
420418,0.0,0.0,0.0,0.0,0.0,0.0,udp,0.0,,cs0,,63.0,,1.0,,Status,1,1,0,42,42,0,42.0,0.0,0.0,0.0,0.0,0,0,0,0.0,,,0.0,0.0,0.0,REQ,,,,,0.0,0.0,0.0,0
420486,2.573994,2.573994,2.573994,2.573994,2.573994,2.573994,udp,0.0,,cs0,,63.0,,1.0,,Status,2,2,0,84,84,0,42.0,0.0,130.536438,130.536438,0.0,0,0,0,0.0,,,0.388501,0.388501,0.0,REQ,,,,,0.0,0.0,0.0,0
420499,2.573743,2.573743,2.573743,2.573743,2.573743,2.573743,udp,0.0,,cs0,,63.0,,1.0,,Status,2,2,0,84,84,0,42.0,0.0,130.549164,130.549164,0.0,0,0,0,0.0,,,0.388539,0.388539,0.0,REQ,,,,,0.0,0.0,0.0,0
420516,2.578987,2.578987,2.578987,2.578987,2.578987,2.578987,udp,0.0,,cs0,,63.0,,1.0,,Status,2,2,0,84,84,0,42.0,0.0,130.283722,130.283722,0.0,0,0,0,0.0,,,0.387749,0.387749,0.0,REQ,,,,,0.0,0.0,0.0,0
420554,0.0,0.0,0.0,0.0,0.0,0.0,udp,0.0,,cs0,,63.0,,1.0,,Status,1,1,0,42,42,0,42.0,0.0,0.0,0.0,0.0,0,0,0,0.0,,,0.0,0.0,0.0,REQ,,,,,0.0,0.0,0.0,0
420562,0.0,0.0,0.0,0.0,0.0,0.0,udp,0.0,,cs0,,63.0,,1.0,,Status,1,1,0,42,42,0,42.0,0.0,0.0,0.0,0.0,0,0,0,0.0,,,0.0,0.0,0.0,REQ,,,,,0.0,0.0,0.0,0
420577,2.577961,2.577961,2.577961,2.577961,2.577961,2.577961,udp,0.0,,cs0,,63.0,,1.0,,Status,2,2,0,84,84,0,42.0,0.0,130.335571,130.335571,0.0,0,0,0,0.0,,,0.387903,0.387903,0.0,REQ,,,,,0.0,0.0,0.0,0
420607,0.0,0.0,0.0,0.0,0.0,0.0,udp,0.0,,cs0,,63.0,,1.0,,Status,1,1,0,42,42,0,42.0,0.0,0.0,0.0,0.0,0,0,0,0.0,,,0.0,0.0,0.0,REQ,,,,,0.0,0.0,0.0,0
420796,0.0,0.0,0.0,0.0,0.0,0.0,udp,0.0,,cs0,,63.0,,1.0,,Status,1,1,0,42,42,0,42.0,0.0,0.0,0.0,0.0,0,0,0,0.0,,,0.0,0.0,0.0,REQ,,,,,0.0,0.0,0.0,0
420831,0.0,0.0,0.0,0.0,0.0,0.0,udp,0.0,,cs0,,63.0,,1.0,,Status,1,1,0,42,42,0,42.0,0.0,0.0,0.0,0.0,0,0,0,0.0,,,0.0,0.0,0.0,REQ,,,,,0.0,0.0,0.0,0
420879,0.0,0.0,0.0,0.0,0.0,0.0,udp,0.0,,cs0,,63.0,,1.0,,Status,1,1,0,42,42,0,42.0,0.0,0.0,0.0,0.0,0,0,0,0.0,,,0.0,0.0,0.0,REQ,,,,,0.0,0.0,0.0,0
420889,0.0,0.0,0.0,0.0,0.0,0.0,udp,0.0,,cs0,,63.0,,1.0,,Status,1,1,0,42,42,0,42.0,0.0,0.0,0.0,0.0,0,0,0,0.0,,,0.0,0.0,0.0,REQ,,,,,0.0,0.0,0.0,0
420968,2.581007,2.581007,2.581007,2.581007,2.581007,2.581007,udp,0.0,,cs0,,63.0,,1.0,,Status,2,2,0,84,84,0,42.0,0.0,130.181747,130.181747,0.0,0,0,0,0.0,,,0.387446,0.387446,0.0,REQ,,,,,0.0,0.0,0.0,0
421027,0.0,0.0,0.0,0.0,0.0,0.0,udp,0.0,,cs0,,63.0,,1.0,,Status,1,1,0,42,42,0,42.0,0.0,0.0,0.0,0.0,0,0,0,0.0,,,0.0,0.0,0.0,REQ,,,,,0.0,0.0,0.0,0
421046,2.574028,2.574028,2.574028,2.574028,2.574028,2.574028,udp,0.0,,cs0,,63.0,,1.0,,Status,2,2,0,84,84,0,42.0,0.0,130.534714,130.534714,0.0,0,0,0,0.0,,,0.388496,0.388496,0.0,REQ,,,,,0.0,0.0,0.0,0
421052,0.0,0.0,0.0,0.0,0.0,0.0,udp,0.0,,cs0,,63.0,,1.0,,Status,1,1,0,42,42,0,42.0,0.0,0.0,0.0,0.0,0,0,0,0.0,,,0.0,0.0,0.0,REQ,,,,,0.0,0.0,0.0,0
421059,0.0,0.0,0.0,0.0,0.0,0.0,udp,0.0,,cs0,,63.0,,1.0,,Status,1,1,0,42,42,0,42.0,0.0,0.0,0.0,0.0,0,0,0,0.0,,,0.0,0.0,0.0,REQ,,,,,0.0,0.0,0.0,0
421093,2.574682,2.574682,2.574682,2.574682,2.574682,2.574682,udp,0.0,,cs0,,63.0,,1.0,,Status,2,2,0,84,84,0,42.0,0.0,130.501556,130.501556,0.0,0,0,0,0.0,,,0.388397,0.388397,0.0,REQ,,,,,0.0,0.0,0.0,0
421234,2.57487,2.57487,2.57487,2.57487,2.57487,2.57487,udp,0.0,,cs0,,63.0,,1.0,,Status,2,2,0,84,84,0,42.0,0.0,130.49202,130.49202,0.0,0,0,0,0.0,,,0.388369,0.388369,0.0,REQ,,,,,0.0,0.0,0.0,0
421278,2.578537,2.578537,2.578537,2.578537,2.578537,2.578537,udp,0.0,,cs0,,63.0,,1.0,,Status,2,2,0,84,84,0,42.0,0.0,130.306442,130.306442,0.0,0,0,0,0.0,,,0.387817,0.387817,0.0,REQ,,,,,0.0,0.0,0.0,0
421312,2.574888,2.574888,2.574888,2.574888,2.574888,2.574888,udp,0.0,,cs0,,63.0,,1.0,,Status,2,2,0,84,84,0,42.0,0.0,130.491119,130.491119,0.0,0,0,0,0.0,,,0.388366,0.388366,0.0,REQ,,,,,0.0,0.0,0.0,0
421357,2.569637,2.569637,2.569637,2.569637,2.569637,2.569637,udp,0.0,,cs0,,63.0,,1.0,,Status,2,2,0,84,84,0,42.0,0.0,130.757767,130.757767,0.0,0,0,0,0.0,,,0.38916,0.38916,0.0,REQ,,,,,0.0,0.0,0.0,0
421364,2.572758,2.572758,2.572758,2.572758,2.572758,2.572758,udp,0.0,,cs0,,63.0,,1.0,,Status,2,2,0,84,84,0,42.0,0.0,130.599152,130.599152,0.0,0,0,0,0.0,,,0.388688,0.388688,0.0,REQ,,,,,0.0,0.0,0.0,0
421387,0.0,0.0,0.0,0.0,0.0,0.0,udp,0.0,,cs0,,63.0,,1.0,,Status,1,1,0,42,42,0,42.0,0.0,0.0,0.0,0.0,0,0,0,0.0,,,0.0,0.0,0.0,REQ,,,,,0.0,0.0,0.0,0
421418,2.575033,2.575033,2.575033,2.575033,2.575033,2.575033,udp,0.0,,cs0,,63.0,,1.0,,Status,2,2,0,84,84,0,42.0,0.0,130.483765,130.483765,0.0,0,0,0,0.0,,,0.388345,0.388345,0.0,REQ,,,,,0.0,0.0,0.0,0
421554,0.0,0.0,0.0,0.0,0.0,0.0,udp,0.0,,cs0,,63.0,,1.0,,Status,1,1,0,42,42,0,42.0,0.0,0.0,0.0,0.0,0,0,0,0.0,,,0.0,0.0,0.0,REQ,,,,,0.0,0.0,0.0,0
421568,0.0,0.0,0.0,0.0,0.0,0.0,udp,0.0,,cs0,,63.0,,1.0,,Status,1,1,0,42,42,0,42.0,0.0,0.0,0.0,0.0,0,0,0,0.0,,,0.0,0.0,0.0,REQ,,,,,0.0,0.0,0.0,0
421599,0.0,0.0,0.0,0.0,0.0,0.0,udp,0.0,,cs0,,63.0,,1.0,,Status,1,1,0,42,42,0,42.0,0.0,0.0,0.0,0.0,0,0,0,0.0,,,0.0,0.0,0.0,REQ,,,,,0.0,0.0,0.0,0
421652,2.584074,2.584074,2.584074,2.584074,2.584074,2.584074,udp,0.0,,cs0,,63.0,,1.0,,Status,2,2,0,84,84,0,42.0,0.0,130.027237,130.027237,0.0,0,0,0,0.0,,,0.386986,0.386986,0.0,REQ,,,,,0.0,0.0,0.0,0
421773,0.0,0.0,0.0,0.0,0.0,0.0,udp,0.0,,cs0,,63.0,,1.0,,Status,1,1,0,42,42,0,42.0,0.0,0.0,0.0,0.0,0,0,0,0.0,,,0.0,0.0,0.0,REQ,,,,,0.0,0.0,0.0,0
421795,0.0,0.0,0.0,0.0,0.0,0.0,udp,0.0,,cs0,,63.0,,1.0,,Status,1,1,0,42,42,0,42.0,0.0,0.0,0.0,0.0,0,0,0,0.0,,,0.0,0.0,0.0,REQ,,,,,0.0,0.0,0.0,0
421797,0.0,0.0,0.0,0.0,0.0,0.0,udp,0.0,,cs0,,63.0,,1.0,,Status,1,1,0,42,42,0,42.0,0.0,0.0,0.0,0.0,0,0,0,0.0,,,0.0,0.0,0.0,REQ,,,,,0.0,0.0,0.0,0
421806,0.0,0.0,0.0,0.0,0.0,0.0,udp,0.0,,cs0,,63.0,,1.0,,Status,1,1,0,42,42,0,42.0,0.0,0.0,0.0,0.0,0,0,0,0.0,,,0.0,0.0,0.0,REQ,,,,,0.0,0.0,0.0,0
421807,0.0,0.0,0.0,0.0,0.0,0.0,udp,0.0,,cs0,,63.0,,1.0,,Status,1,1,0,42,42,0,42.0,0.0,0.0,0.0,0.0,0,0,0,0.0,,,0.0,0.0,0.0,REQ,,,,,0.0,0.0,0.0,0
421828,0.0,0.0,0.0,0.0,0.0,0.0,udp,0.0,,cs0,,63.0,,1.0,,Status,1,1,0,42,42,0,42.0,0.0,0.0,0.0,0.0,0,0,0,0.0,,,0.0,0.0,0.0,REQ,,,,,0.0,0.0,0.0,0
421839,2.575921,2.575921,2.575921,2.575921,2.575921,2.575921,udp,0.0,,cs0,,63.0,,1.0,,Status,2,2,0,84,84,0,42.0,0.0,130.438782,130.438782,0.0,0,0,0,0.0,,,0.388211,0.388211,0.0,REQ,,,,,0.0,0.0,0.0,0
421853,2.575934,2.575934,2.575934,2.575934,2.575934,2.575934,udp,0.0,,cs0,,63.0,,1.0,,Status,2,2,0,84,84,0,42.0,0.0,130.438126,130.438126,0.0,0,0,0,0.0,,,0.388209,0.388209,0.0,REQ,,,,,0.0,0.0,0.0,0
421932,0.0,0.0,0.0,0.0,0.0,0.0,udp,0.0,,cs0,,63.0,,1.0,,Status,1,1,0,42,42,0,42.0,0.0,0.0,0.0,0.0,0,0,0,0.0,,,0.0,0.0,0.0,REQ,,,,,0.0,0.0,0.0,0
421967,2.576196,2.576196,2.576196,2.576196,2.576196,2.576196,udp,0.0,,cs0,,63.0,,1.0,,Status,2,2,0,84,84,0,42.0,0.0,130.424866,130.424866,0.0,0,0,0,0.0,,,0.388169,0.388169,0.0,REQ,,,,,0.0,0.0,0.0,0
422001,2.580758,2.580758,2.580758,2.580758,2.580758,2.580758,udp,0.0,,cs0,,63.0,,1.0,,Status,2,2,0,84,84,0,42.0,0.0,130.194305,130.194305,0.0,0,0,0,0.0,,,0.387483,0.387483,0.0,REQ,,,,,0.0,0.0,0.0,0
422063,2.586097,2.586097,2.586097,2.586097,2.586097,2.586097,udp,0.0,,cs0,,63.0,,1.0,,Status,2,2,0,84,84,0,42.0,0.0,129.925522,129.925522,0.0,0,0,0,0.0,,,0.386683,0.386683,0.0,REQ,,,,,0.0,0.0,0.0,0
422089,2.580357,2.580357,2.580357,2.580357,2.580357,2.580357,udp,0.0,,cs0,,63.0,,1.0,,Status,2,2,0,84,84,0,42.0,0.0,130.214539,130.214539,0.0,0,0,0,0.0,,,0.387543,0.387543,0.0,REQ,,,,,0.0,0.0,0.0,0
422197,2.576754,2.576754,2.576754,2.576754,2.576754,2.576754,udp,0.0,,cs0,,63.0,,1.0,,Status,2,2,0,84,84,0,42.0,0.0,130.396606,130.396606,0.0,0,0,0,0.0,,,0.388085,0.388085,0.0,REQ,,,,,0.0,0.0,0.0,0
422199,2.576754,2.576754,2.576754,2.576754,2.576754,2.576754,udp,0.0,,cs0,,63.0,,1.0,,Status,2,2,0,84,84,0,42.0,0.0,130.396606,130.396606,0.0,0,0,0,0.0,,,0.388085,0.388085,0.0,REQ,,,,,0.0,0.0,0.0,0
422203,2.576755,2.576755,2.576755,2.576755,2.576755,2.576755,udp,0.0,,cs0,,63.0,,1.0,,Status,2,2,0,84,84,0,42.0,0.0,130.396561,130.396561,0.0,0,0,0,0.0,,,0.388085,0.388085,0.0,REQ,,,,,0.0,0.0,0.0,0
422238,2.579048,2.579048,2.579048,2.579048,2.579048,2.579048,udp,0.0,,cs0,,63.0,,1.0,,Status,2,2,0,84,84,0,42.0,0.0,130.28064,130.28064,0.0,0,0,0,0.0,,,0.38774,0.38774,0.0,REQ,,,,,0.0,0.0,0.0,0
422265,2.57684,2.57684,2.57684,2.57684,2.57684,2.57684,udp,0.0,,cs0,,63.0,,1.0,,Status,2,2,0,84,84,0,42.0,0.0,130.392273,130.392273,0.0,0,0,0,0.0,,,0.388072,0.388072,0.0,REQ,,,,,0.0,0.0,0.0,0
422273,2.576916,2.576916,2.576916,2.576916,2.576916,2.576916,udp,0.0,,cs0,,63.0,,1.0,,Status,2,2,0,84,84,0,42.0,0.0,130.388412,130.388412,0.0,0,0,0,0.0,,,0.388061,0.388061,0.0,REQ,,,,,0.0,0.0,0.0,0
422294,2.577185,2.577185,2.577185,2.577185,2.577185,2.577185,udp,0.0,,cs0,,63.0,,1.0,,Status,2,2,0,84,84,0,42.0,0.0,130.374817,130.374817,0.0,0,0,0,0.0,,,0.38802,0.38802,0.0,REQ,,,,,0.0,0.0,0.0,0
422356,0.0,0.0,0.0,0.0,0.0,0.0,udp,0.0,,cs0,,63.0,,1.0,,Status,1,1,0,42,42,0,42.0,0.0,0.0,0.0,0.0,0,0,0,0.0,,,0.0,0.0,0.0,REQ,,,,,0.0,0.0,0.0,0
422375,0.0,0.0,0.0,0.0,0.0,0.0,udp,0.0,,cs0,,63.0,,1.0,,Status,1,1,0,42,42,0,42.0,0.0,0.0,0.0,0.0,0,0,0,0.0,,,0.0,0.0,0.0,REQ,,,,,0.0,0.0,0.0,0
422377,0.0,0.0,0.0,0.0,0.0,0.0,udp,0.0,,cs0,,63.0,,1.0,,Status,1,1,0,42,42,0,42.0,0.0,0.0,0.0,0.0,0,0,0,0.0,,,0.0,0.0,0.0,REQ,,,,,0.0,0.0,0.0,0
422492,0.0,0.0,0.0,0.0,0.0,0.0,udp,0.0,,cs0,,63.0,,1.0,,Status,1,1,0,42,42,0,42.0,0.0,0.0,0.0,0.0,0,0,0,0.0,,,0.0,0.0,0.0,REQ,,,,,0.0,0.0,0.0,0
422514,2.582041,2.582041,2.582041,2.582041,2.582041,2.582041,udp,0.0,,cs0,,63.0,,1.0,,Status,2,2,0,84,84,0,42.0,0.0,130.129608,130.129608,0.0,0,0,0,0.0,,,0.387291,0.387291,0.0,REQ,,,,,0.0,0.0,0.0,0
422516,2.582041,2.582041,2.582041,2.582041,2.582041,2.582041,udp,0.0,,cs0,,63.0,,1.0,,Status,2,2,0,84,84,0,42.0,0.0,130.129608,130.129608,0.0,0,0,0,0.0,,,0.387291,0.387291,0.0,REQ,,,,,0.0,0.0,0.0,0
422724,2.579149,2.579149,2.579149,2.579149,2.579149,2.579149,udp,0.0,,cs0,,63.0,,1.0,,Status,2,2,0,84,84,0,42.0,0.0,130.275528,130.275528,0.0,0,0,0,0.0,,,0.387725,0.387725,0.0,REQ,,,,,0.0,0.0,0.0,0
422758,2.576759,2.576759,2.576759,2.576759,2.576759,2.576759,udp,0.0,,cs0,,63.0,,1.0,,Status,2,2,0,84,84,0,42.0,0.0,130.396362,130.396362,0.0,0,0,0,0.0,,,0.388084,0.388084,0.0,REQ,,,,,0.0,0.0,0.0,0
422794,2.580033,2.580033,2.580033,2.580033,2.580033,2.580033,udp,0.0,,cs0,,63.0,,1.0,,Status,2,2,0,84,84,0,42.0,0.0,130.230896,130.230896,0.0,0,0,0,0.0,,,0.387592,0.387592,0.0,REQ,,,,,0.0,0.0,0.0,0
422846,0.0,0.0,0.0,0.0,0.0,0.0,udp,0.0,,cs0,,63.0,,1.0,,Status,1,1,0,42,42,0,42.0,0.0,0.0,0.0,0.0,0,0,0,0.0,,,0.0,0.0,0.0,REQ,,,,,0.0,0.0,0.0,0
422901,2.577487,2.577487,2.577487,2.577487,2.577487,2.577487,udp,0.0,,cs0,,63.0,,1.0,,Status,2,2,0,84,84,0,42.0,0.0,130.359528,130.359528,0.0,0,0,0,0.0,,,0.387975,0.387975,0.0,REQ,,,,,0.0,0.0,0.0,0
422920,0.0,0.0,0.0,0.0,0.0,0.0,udp,0.0,,cs0,,63.0,,1.0,,Status,1,1,0,42,42,0,42.0,0.0,0.0,0.0,0.0,0,0,0,0.0,,,0.0,0.0,0.0,REQ,,,,,0.0,0.0,0.0,0
422944,2.578586,2.578586,2.578586,2.578586,2.578586,2.578586,udp,0.0,,cs0,,63.0,,1.0,,Start,2,2,0,84,84,0,42.0,0.0,130.30397,130.30397,0.0,0,0,0,0.0,,,0.387809,0.387809,0.0,INT,,,,,0.0,0.0,0.0,0
422955,2.579683,2.579683,2.579683,2.579683,2.579683,2.579683,udp,0.0,,cs0,,63.0,,1.0,,Status,2,2,0,84,84,0,42.0,0.0,130.248566,130.248566,0.0,0,0,0,0.0,,,0.387645,0.387645,0.0,REQ,,,,,0.0,0.0,0.0,0
422998,0.0,0.0,0.0,0.0,0.0,0.0,udp,0.0,,cs0,,63.0,,1.0,,Status,1,1,0,42,42,0,42.0,0.0,0.0,0.0,0.0,0,0,0,0.0,,,0.0,0.0,0.0,REQ,,,,,0.0,0.0,0.0,0
423005,0.0,0.0,0.0,0.0,0.0,0.0,udp,0.0,,cs0,,63.0,,1.0,,Status,1,1,0,42,42,0,42.0,0.0,0.0,0.0,0.0,0,0,0,0.0,,,0.0,0.0,0.0,REQ,,,,,0.0,0.0,0.0,0
423013,2.576776,2.576776,2.576776,2.576776,2.576776,2.576776,udp,0.0,,cs0,,63.0,,1.0,,Status,2,2,0,84,84,0,42.0,0.0,130.395508,130.395508,0.0,0,0,0,0.0,,,0.388082,0.388082,0.0,REQ,,,,,0.0,0.0,0.0,0
423020,0.0,0.0,0.0,0.0,0.0,0.0,udp,0.0,,cs0,,63.0,,1.0,,Status,1,1,0,42,42,0,42.0,0.0,0.0,0.0,0.0,0,0,0,0.0,,,0.0,0.0,0.0,REQ,,,,,0.0,0.0,0.0,0
423022,0.0,0.0,0.0,0.0,0.0,0.0,udp,0.0,,cs0,,63.0,,1.0,,Status,1,1,0,42,42,0,42.0,0.0,0.0,0.0,0.0,0,0,0,0.0,,,0.0,0.0,0.0,REQ,,,,,0.0,0.0,0.0,0
423089,0.0,0.0,0.0,0.0,0.0,0.0,udp,0.0,,cs0,,63.0,,1.0,,Status,1,1,0,42,42,0,42.0,0.0,0.0,0.0,0.0,0,0,0,0.0,,,0.0,0.0,0.0,REQ,,,,,0.0,0.0,0.0,0
423098,2.577297,2.577297,2.577297,2.577297,2.577297,2.577297,udp,0.0,,cs0,,63.0,,1.0,,Status,2,2,0,84,84,0,42.0,0.0,130.369141,130.369141,0.0,0,0,0,0.0,,,0.388003,0.388003,0.0,REQ,,,,,0.0,0.0,0.0,0
423112,0.0,0.0,0.0,0.0,0.0,0.0,udp,0.0,,cs0,,63.0,,1.0,,Status,1,1,0,42,42,0,42.0,0.0,0.0,0.0,0.0,0,0,0,0.0,,,0.0,0.0,0.0,REQ,,,,,0.0,0.0,0.0,0
423138,2.571225,2.571225,2.571225,2.571225,2.571225,2.571225,udp,0.0,,cs0,,63.0,,1.0,,Status,2,2,0,84,84,0,42.0,0.0,130.677017,130.677017,0.0,0,0,0,0.0,,,0.38892,0.38892,0.0,REQ,,,,,0.0,0.0,0.0,0
423257,2.577017,2.577017,2.577017,2.577017,2.577017,2.577017,udp,0.0,,cs0,,63.0,,1.0,,Status,2,2,0,84,84,0,42.0,0.0,130.383301,130.383301,0.0,0,0,0,0.0,,,0.388046,0.388046,0.0,REQ,,,,,0.0,0.0,0.0,0
423262,2.577016,2.577016,2.577016,2.577016,2.577016,2.577016,udp,0.0,,cs0,,63.0,,1.0,,Status,2,2,0,84,84,0,42.0,0.0,130.383347,130.383347,0.0,0,0,0,0.0,,,0.388046,0.388046,0.0,REQ,,,,,0.0,0.0,0.0,0
423315,0.0,0.0,0.0,0.0,0.0,0.0,udp,0.0,,cs0,,63.0,,1.0,,Status,1,1,0,42,42,0,42.0,0.0,0.0,0.0,0.0,0,0,0,0.0,,,0.0,0.0,0.0,REQ,,,,,0.0,0.0,0.0,0
423377,2.581434,2.581434,2.581434,2.581434,2.581434,2.581434,udp,0.0,,cs0,,63.0,,1.0,,Status,2,2,0,84,84,0,42.0,0.0,130.160217,130.160217,0.0,0,0,0,0.0,,,0.387382,0.387382,0.0,REQ,,,,,0.0,0.0,0.0,0
423378,2.581434,2.581434,2.581434,2.581434,2.581434,2.581434,udp,0.0,,cs0,,63.0,,1.0,,Status,2,2,0,84,84,0,42.0,0.0,130.160217,130.160217,0.0,0,0,0,0.0,,,0.387382,0.387382,0.0,REQ,,,,,0.0,0.0,0.0,0
423440,2.579254,2.579254,2.579254,2.579254,2.579254,2.579254,udp,0.0,,cs0,,63.0,,1.0,,Status,2,2,0,84,84,0,42.0,0.0,130.270233,130.270233,0.0,0,0,0,0.0,,,0.387709,0.387709,0.0,REQ,,,,,0.0,0.0,0.0,0
423469,0.0,0.0,0.0,0.0,0.0,0.0,udp,0.0,,cs0,,63.0,,1.0,,Status,1,1,0,42,42,0,42.0,0.0,0.0,0.0,0.0,0,0,0,0.0,,,0.0,0.0,0.0,REQ,,,,,0.0,0.0,0.0,0
423536,0.0,0.0,0.0,0.0,0.0,0.0,udp,0.0,,cs0,,63.0,,1.0,,Status,1,1,0,42,42,0,42.0,0.0,0.0,0.0,0.0,0,0,0,0.0,,,0.0,0.0,0.0,REQ,,,,,0.0,0.0,0.0,0
423598,2.568005,2.568005,2.568005,2.568005,2.568005,2.568005,udp,0.0,,cs0,,63.0,,1.0,,Status,2,2,0,84,84,0,42.0,0.0,130.840866,130.840866,0.0,0,0,0,0.0,,,0.389407,0.389407,0.0,REQ,,,,,0.0,0.0,0.0,0
423617,2.577987,2.577987,2.577987,2.577987,2.577987,2.577987,udp,0.0,,cs0,,63.0,,1.0,,Status,2,2,0,84,84,0,42.0,0.0,130.334259,130.334259,0.0,0,0,0,0.0,,,0.3879,0.3879,0.0,REQ,,,,,0.0,0.0,0.0,0
423642,2.577988,2.577988,2.577988,2.577988,2.577988,2.577988,udp,0.0,,cs0,,63.0,,1.0,,Status,2,2,0,84,84,0,42.0,0.0,130.334198,130.334198,0.0,0,0,0,0.0,,,0.387899,0.387899,0.0,REQ,,,,,0.0,0.0,0.0,0
423776,2.579312,2.579312,2.579312,2.579312,2.579312,2.579312,udp,0.0,,cs0,,63.0,,1.0,,Status,2,2,0,84,84,0,42.0,0.0,130.267288,130.267288,0.0,0,0,0,0.0,,,0.3877,0.3877,0.0,REQ,,,,,0.0,0.0,0.0,0
423782,0.0,0.0,0.0,0.0,0.0,0.0,udp,0.0,,cs0,,63.0,,1.0,,Status,1,1,0,42,42,0,42.0,0.0,0.0,0.0,0.0,0,0,0,0.0,,,0.0,0.0,0.0,REQ,,,,,0.0,0.0,0.0,0
423814,0.0,0.0,0.0,0.0,0.0,0.0,udp,0.0,,cs0,,63.0,,1.0,,Status,1,1,0,42,42,0,42.0,0.0,0.0,0.0,0.0,0,0,0,0.0,,,0.0,0.0,0.0,REQ,,,,,0.0,0.0,0.0,0
423903,0.0,0.0,0.0,0.0,0.0,0.0,udp,0.0,,cs0,,63.0,,1.0,,Status,1,1,0,42,42,0,42.0,0.0,0.0,0.0,0.0,0,0,0,0.0,,,0.0,0.0,0.0,REQ,,,,,0.0,0.0,0.0,0
423946,2.577929,2.577929,2.577929,2.577929,2.577929,2.577929,udp,0.0,,cs0,,63.0,,1.0,,Status,2,2,0,84,84,0,42.0,0.0,130.337173,130.337173,0.0,0,0,0,0.0,,,0.387908,0.387908,0.0,REQ,,,,,0.0,0.0,0.0,0
423952,0.0,0.0,0.0,0.0,0.0,0.0,udp,0.0,,cs0,,63.0,,1.0,,Status,1,1,0,42,42,0,42.0,0.0,0.0,0.0,0.0,0,0,0,0.0,,,0.0,0.0,0.0,REQ,,,,,0.0,0.0,0.0,0
423966,2.577862,2.577862,2.577862,2.577862,2.577862,2.577862,udp,0.0,,cs0,,63.0,,1.0,,Status,2,2,0,84,84,0,42.0,0.0,130.340561,130.340561,0.0,0,0,0,0.0,,,0.387918,0.387918,0.0,REQ,,,,,0.0,0.0,0.0,0
424037,0.0,0.0,0.0,0.0,0.0,0.0,udp,0.0,,cs0,,63.0,,1.0,,Status,1,1,0,42,42,0,42.0,0.0,0.0,0.0,0.0,0,0,0,0.0,,,0.0,0.0,0.0,REQ,,,,,0.0,0.0,0.0,0
424074,2.581001,2.581001,2.581001,2.581001,2.581001,2.581001,udp,0.0,,cs0,,63.0,,1.0,,Status,2,2,0,84,84,0,42.0,0.0,130.182053,130.182053,0.0,0,0,0,0.0,,,0.387447,0.387447,0.0,REQ,,,,,0.0,0.0,0.0,0
424165,2.576551,2.576551,2.576551,2.576551,2.576551,2.576551,udp,0.0,,cs0,,63.0,,1.0,,Status,2,2,0,84,84,0,42.0,0.0,130.406891,130.406891,0.0,0,0,0,0.0,,,0.388116,0.388116,0.0,REQ,,,,,0.0,0.0,0.0,0
424170,2.579083,2.579083,2.579083,2.579083,2.579083,2.579083,udp,0.0,,cs0,,63.0,,1.0,,Status,2,2,0,84,84,0,42.0,0.0,130.27887,130.27887,0.0,0,0,0,0.0,,,0.387735,0.387735,0.0,REQ,,,,,0.0,0.0,0.0,0
424235,0.0,0.0,0.0,0.0,0.0,0.0,udp,0.0,,cs0,,63.0,,1.0,,Status,1,1,0,42,42,0,42.0,0.0,0.0,0.0,0.0,0,0,0,0.0,,,0.0,0.0,0.0,REQ,,,,,0.0,0.0,0.0,0
424267,0.0,0.0,0.0,0.0,0.0,0.0,udp,0.0,,cs0,,63.0,,1.0,,Status,1,1,0,42,42,0,42.0,0.0,0.0,0.0,0.0,0,0,0,0.0,,,0.0,0.0,0.0,REQ,,,,,0.0,0.0,0.0,0
424482,0.0,0.0,0.0,0.0,0.0,0.0,udp,0.0,,cs0,,63.0,,1.0,,Start,1,1,0,42,42,0,42.0,0.0,0.0,0.0,0.0,0,0,0,0.0,,,0.0,0.0,0.0,INT,,,,,0.0,0.0,0.0,0
424489,2.577777,2.577777,2.577777,2.577777,2.577777,2.577777,udp,0.0,,cs0,,63.0,,1.0,,Status,2,2,0,84,84,0,42.0,0.0,130.344879,130.344879,0.0,0,0,0,0.0,,,0.387931,0.387931,0.0,REQ,,,,,0.0,0.0,0.0,0
424580,0.0,0.0,0.0,0.0,0.0,0.0,udp,0.0,,cs0,,63.0,,1.0,,Status,1,1,0,42,42,0,42.0,0.0,0.0,0.0,0.0,0,0,0,0.0,,,0.0,0.0,0.0,REQ,,,,,0.0,0.0,0.0,0
424614,0.0,0.0,0.0,0.0,0.0,0.0,udp,0.0,,cs0,,63.0,,1.0,,Status,1,1,0,42,42,0,42.0,0.0,0.0,0.0,0.0,0,0,0,0.0,,,0.0,0.0,0.0,REQ,,,,,0.0,0.0,0.0,0
424692,2.58087,2.58087,2.58087,2.58087,2.58087,2.58087,udp,0.0,,cs0,,63.0,,1.0,,Start,2,2,0,84,84,0,42.0,0.0,130.18866,130.18866,0.0,0,0,0,0.0,,,0.387466,0.387466,0.0,INT,,,,,0.0,0.0,0.0,0
424695,0.0,0.0,0.0,0.0,0.0,0.0,udp,0.0,,cs0,,63.0,,1.0,,Status,1,1,0,42,42,0,42.0,0.0,0.0,0.0,0.0,0,0,0,0.0,,,0.0,0.0,0.0,REQ,,,,,0.0,0.0,0.0,0
424713,2.580679,2.580679,2.580679,2.580679,2.580679,2.580679,udp,0.0,,cs0,,63.0,,1.0,,Status,2,2,0,84,84,0,42.0,0.0,130.198303,130.198303,0.0,0,0,0,0.0,,,0.387495,0.387495,0.0,REQ,,,,,0.0,0.0,0.0,0
424733,2.578442,2.578442,2.578442,2.578442,2.578442,2.578442,udp,0.0,,cs0,,63.0,,1.0,,Status,2,2,0,84,84,0,42.0,0.0,130.311249,130.311249,0.0,0,0,0,0.0,,,0.387831,0.387831,0.0,REQ,,,,,0.0,0.0,0.0,0
424761,0.0,0.0,0.0,0.0,0.0,0.0,udp,0.0,,cs0,,63.0,,1.0,,Status,1,1,0,42,42,0,42.0,0.0,0.0,0.0,0.0,0,0,0,0.0,,,0.0,0.0,0.0,REQ,,,,,0.0,0.0,0.0,0
424792,0.0,0.0,0.0,0.0,0.0,0.0,udp,0.0,,cs0,,63.0,,1.0,,Status,1,1,0,42,42,0,42.0,0.0,0.0,0.0,0.0,0,0,0,0.0,,,0.0,0.0,0.0,REQ,,,,,0.0,0.0,0.0,0
424816,2.580674,2.580674,2.580674,2.580674,2.580674,2.580674,udp,0.0,,cs0,,63.0,,1.0,,Status,2,2,0,84,84,0,42.0,0.0,130.198547,130.198547,0.0,0,0,0,0.0,,,0.387496,0.387496,0.0,REQ,,,,,0.0,0.0,0.0,0
424817,2.580674,2.580674,2.580674,2.580674,2.580674,2.580674,udp,0.0,,cs0,,63.0,,1.0,,Status,2,2,0,84,84,0,42.0,0.0,130.198547,130.198547,0.0,0,0,0,0.0,,,0.387496,0.387496,0.0,REQ,,,,,0.0,0.0,0.0,0
424818,2.580674,2.580674,2.580674,2.580674,2.580674,2.580674,udp,0.0,,cs0,,63.0,,1.0,,Status,2,2,0,84,84,0,42.0,0.0,130.198547,130.198547,0.0,0,0,0,0.0,,,0.387496,0.387496,0.0,REQ,,,,,0.0,0.0,0.0,0
424827,0.0,0.0,0.0,0.0,0.0,0.0,udp,0.0,,cs0,,63.0,,1.0,,Status,1,1,0,42,42,0,42.0,0.0,0.0,0.0,0.0,0,0,0,0.0,,,0.0,0.0,0.0,REQ,,,,,0.0,0.0,0.0,0
424831,0.0,0.0,0.0,0.0,0.0,0.0,udp,0.0,,cs0,,63.0,,1.0,,Status,1,1,0,42,42,0,42.0,0.0,0.0,0.0,0.0,0,0,0,0.0,,,0.0,0.0,0.0,REQ,,,,,0.0,0.0,0.0,0
424869,2.582021,2.582021,2.582021,2.582021,2.582021,2.582021,udp,0.0,,cs0,,63.0,,1.0,,Status,2,2,0,84,84,0,42.0,0.0,130.130615,130.130615,0.0,0,0,0,0.0,,,0.387294,0.387294,0.0,REQ,,,,,0.0,0.0,0.0,0
424894,0.0,0.0,0.0,0.0,0.0,0.0,udp,0.0,,cs0,,63.0,,1.0,,Status,1,1,0,42,42,0,42.0,0.0,0.0,0.0,0.0,0,0,0,0.0,,,0.0,0.0,0.0,REQ,,,,,0.0,0.0,0.0,0
424912,2.576142,2.576142,2.576142,2.576142,2.576142,2.576142,udp,0.0,,cs0,,63.0,,1.0,,Status,2,2,0,84,84,0,42.0,0.0,130.427582,130.427582,0.0,0,0,0,0.0,,,0.388177,0.388177,0.0,REQ,,,,,0.0,0.0,0.0,0
424920,2.581911,2.581911,2.581911,2.581911,2.581911,2.581911,udp,0.0,,cs0,,63.0,,1.0,,Status,2,2,0,84,84,0,42.0,0.0,130.136169,130.136169,0.0,0,0,0,0.0,,,0.38731,0.38731,0.0,REQ,,,,,0.0,0.0,0.0,0
425018,0.0,0.0,0.0,0.0,0.0,0.0,udp,0.0,,cs0,,63.0,,1.0,,Status,1,1,0,42,42,0,42.0,0.0,0.0,0.0,0.0,0,0,0,0.0,,,0.0,0.0,0.0,REQ,,,,,0.0,0.0,0.0,0
425042,0.0,0.0,0.0,0.0,0.0,0.0,udp,0.0,,cs0,,63.0,,1.0,,Status,1,1,0,42,42,0,42.0,0.0,0.0,0.0,0.0,0,0,0,0.0,,,0.0,0.0,0.0,REQ,,,,,0.0,0.0,0.0,0
425059,2.581998,2.581998,2.581998,2.581998,2.581998,2.581998,udp,0.0,,cs0,,63.0,,1.0,,Status,2,2,0,84,84,0,42.0,0.0,130.131775,130.131775,0.0,0,0,0,0.0,,,0.387297,0.387297,0.0,REQ,,,,,0.0,0.0,0.0,0
425103,2.5804,2.5804,2.5804,2.5804,2.5804,2.5804,udp,0.0,,cs0,,63.0,,1.0,,Status,2,2,0,84,84,0,42.0,0.0,130.212372,130.212372,0.0,0,0,0,0.0,,,0.387537,0.387537,0.0,REQ,,,,,0.0,0.0,0.0,0
425104,2.578271,2.578271,2.578271,2.578271,2.578271,2.578271,udp,0.0,,cs0,,63.0,,1.0,,Status,2,2,0,84,84,0,42.0,0.0,130.319901,130.319901,0.0,0,0,0,0.0,,,0.387857,0.387857,0.0,REQ,,,,,0.0,0.0,0.0,0
425123,2.575206,2.575206,2.575206,2.575206,2.575206,2.575206,udp,0.0,,cs0,,63.0,,1.0,,Status,2,2,0,84,84,0,42.0,0.0,130.474991,130.474991,0.0,0,0,0,0.0,,,0.388318,0.388318,0.0,REQ,,,,,0.0,0.0,0.0,0
425139,0.0,0.0,0.0,0.0,0.0,0.0,udp,0.0,,cs0,,63.0,,1.0,,Status,1,1,0,42,42,0,42.0,0.0,0.0,0.0,0.0,0,0,0,0.0,,,0.0,0.0,0.0,REQ,,,,,0.0,0.0,0.0,0
425213,2.577941,2.577941,2.577941,2.577941,2.577941,2.577941,udp,0.0,,cs0,,63.0,,1.0,,Status,2,2,0,84,84,0,42.0,0.0,130.336578,130.336578,0.0,0,0,0,0.0,,,0.387906,0.387906,0.0,REQ,,,,,0.0,0.0,0.0,0
425230,0.0,0.0,0.0,0.0,0.0,0.0,udp,0.0,,cs0,,63.0,,1.0,,Status,1,1,0,42,42,0,42.0,0.0,0.0,0.0,0.0,0,0,0,0.0,,,0.0,0.0,0.0,REQ,,,,,0.0,0.0,0.0,0
425249,0.0,0.0,0.0,0.0,0.0,0.0,udp,0.0,,cs0,,63.0,,1.0,,Status,1,1,0,42,42,0,42.0,0.0,0.0,0.0,0.0,0,0,0,0.0,,,0.0,0.0,0.0,REQ,,,,,0.0,0.0,0.0,0
425278,0.0,0.0,0.0,0.0,0.0,0.0,udp,0.0,,cs0,,63.0,,1.0,,Status,1,1,0,42,42,0,42.0,0.0,0.0,0.0,0.0,0,0,0,0.0,,,0.0,0.0,0.0,REQ,,,,,0.0,0.0,0.0,0
425302,0.0,0.0,0.0,0.0,0.0,0.0,udp,0.0,,cs0,,63.0,,1.0,,Status,1,1,0,42,42,0,42.0,0.0,0.0,0.0,0.0,0,0,0,0.0,,,0.0,0.0,0.0,REQ,,,,,0.0,0.0,0.0,0
425316,2.576783,2.576783,2.576783,2.576783,2.576783,2.576783,udp,0.0,,cs0,,63.0,,1.0,,Status,2,2,0,84,84,0,42.0,0.0,130.395157,130.395157,0.0,0,0,0,0.0,,,0.388081,0.388081,0.0,REQ,,,,,0.0,0.0,0.0,0
425325,2.580221,2.580221,2.580221,2.580221,2.580221,2.580221,udp,0.0,,cs0,,63.0,,1.0,,Status,2,2,0,84,84,0,42.0,0.0,130.221405,130.221405,0.0,0,0,0,0.0,,,0.387564,0.387564,0.0,REQ,,,,,0.0,0.0,0.0,0
425332,0.0,0.0,0.0,0.0,0.0,0.0,udp,0.0,,cs0,,63.0,,1.0,,Status,1,1,0,42,42,0,42.0,0.0,0.0,0.0,0.0,0,0,0,0.0,,,0.0,0.0,0.0,REQ,,,,,0.0,0.0,0.0,0
425343,2.580213,2.580213,2.580213,2.580213,2.580213,2.580213,udp,0.0,,cs0,,63.0,,1.0,,Status,2,2,0,84,84,0,42.0,0.0,130.221802,130.221802,0.0,0,0,0,0.0,,,0.387565,0.387565,0.0,REQ,,,,,0.0,0.0,0.0,0
425394,0.0,0.0,0.0,0.0,0.0,0.0,udp,0.0,,cs0,,63.0,,1.0,,Status,1,1,0,42,42,0,42.0,0.0,0.0,0.0,0.0,0,0,0,0.0,,,0.0,0.0,0.0,REQ,,,,,0.0,0.0,0.0,0
425453,2.579199,2.579199,2.579199,2.579199,2.579199,2.579199,udp,0.0,,cs0,,63.0,,1.0,,Status,2,2,0,84,84,0,42.0,0.0,130.272995,130.272995,0.0,0,0,0,0.0,,,0.387717,0.387717,0.0,REQ,,,,,0.0,0.0,0.0,0
425500,2.581414,2.581414,2.581414,2.581414,2.581414,2.581414,udp,0.0,,cs0,,63.0,,1.0,,Status,2,2,0,84,84,0,42.0,0.0,130.161224,130.161224,0.0,0,0,0,0.0,,,0.387385,0.387385,0.0,REQ,,,,,0.0,0.0,0.0,0
425517,2.578633,2.578633,2.578633,2.578633,2.578633,2.578633,udp,0.0,,cs0,,63.0,,1.0,,Status,2,2,0,84,84,0,42.0,0.0,130.30159,130.30159,0.0,0,0,0,0.0,,,0.387802,0.387802,0.0,REQ,,,,,0.0,0.0,0.0,0
425523,2.578662,2.578662,2.578662,2.578662,2.578662,2.578662,udp,0.0,,cs0,,63.0,,1.0,,Status,2,2,0,84,84,0,42.0,0.0,130.30014,130.30014,0.0,0,0,0,0.0,,,0.387798,0.387798,0.0,REQ,,,,,0.0,0.0,0.0,0
425544,0.0,0.0,0.0,0.0,0.0,0.0,udp,0.0,,cs0,,63.0,,1.0,,Status,1,1,0,42,42,0,42.0,0.0,0.0,0.0,0.0,0,0,0,0.0,,,0.0,0.0,0.0,REQ,,,,,0.0,0.0,0.0,0
425556,2.575806,2.575806,2.575806,2.575806,2.575806,2.575806,udp,0.0,,cs0,,63.0,,1.0,,Status,2,2,0,84,84,0,42.0,0.0,130.444611,130.444611,0.0,0,0,0,0.0,,,0.388228,0.388228,0.0,REQ,,,,,0.0,0.0,0.0,0
425676,2.578765,2.578765,2.578765,2.578765,2.578765,2.578765,udp,0.0,,cs0,,63.0,,1.0,,Status,2,2,0,84,84,0,42.0,0.0,130.294937,130.294937,0.0,0,0,0,0.0,,,0.387783,0.387783,0.0,REQ,,,,,0.0,0.0,0.0,0
425677,2.57993,2.57993,2.57993,2.57993,2.57993,2.57993,udp,0.0,,cs0,,63.0,,1.0,,Status,2,2,0,84,84,0,42.0,0.0,130.236084,130.236084,0.0,0,0,0,0.0,,,0.387607,0.387607,0.0,REQ,,,,,0.0,0.0,0.0,0
425868,2.578985,2.578985,2.578985,2.578985,2.578985,2.578985,udp,0.0,,cs0,,63.0,,1.0,,Status,2,2,0,84,84,0,42.0,0.0,130.283813,130.283813,0.0,0,0,0,0.0,,,0.387749,0.387749,0.0,REQ,,,,,0.0,0.0,0.0,0
425947,0.0,0.0,0.0,0.0,0.0,0.0,udp,0.0,,cs0,,63.0,,1.0,,Status,1,1,0,42,42,0,42.0,0.0,0.0,0.0,0.0,0,0,0,0.0,,,0.0,0.0,0.0,REQ,,,,,0.0,0.0,0.0,0
425999,2.57805,2.57805,2.57805,2.57805,2.57805,2.57805,udp,0.0,,cs0,,63.0,,1.0,,Status,2,2,0,84,84,0,42.0,0.0,130.33107,130.33107,0.0,0,0,0,0.0,,,0.38789,0.38789,0.0,REQ,,,,,0.0,0.0,0.0,0
426006,2.577949,2.577949,2.577949,2.577949,2.577949,2.577949,udp,0.0,,cs0,,63.0,,1.0,,Status,2,2,0,84,84,0,42.0,0.0,130.336166,130.336166,0.0,0,0,0,0.0,,,0.387905,0.387905,0.0,REQ,,,,,0.0,0.0,0.0,0
426031,0.0,0.0,0.0,0.0,0.0,0.0,udp,0.0,,cs0,,63.0,,1.0,,Status,1,1,0,42,42,0,42.0,0.0,0.0,0.0,0.0,0,0,0,0.0,,,0.0,0.0,0.0,REQ,,,,,0.0,0.0,0.0,0
426155,0.0,0.0,0.0,0.0,0.0,0.0,udp,0.0,,cs0,,63.0,,1.0,,Status,1,1,0,42,42,0,42.0,0.0,0.0,0.0,0.0,0,0,0,0.0,,,0.0,0.0,0.0,REQ,,,,,0.0,0.0,0.0,0
426173,2.57936,2.57936,2.57936,2.57936,2.57936,2.57936,udp,0.0,,cs0,,63.0,,1.0,,Status,2,2,0,84,84,0,42.0,0.0,130.264877,130.264877,0.0,0,0,0,0.0,,,0.387693,0.387693,0.0,REQ,,,,,0.0,0.0,0.0,0
426211,2.581944,2.581944,2.581944,2.581944,2.581944,2.581944,udp,0.0,,cs0,,63.0,,1.0,,Status,2,2,0,84,84,0,42.0,0.0,130.134506,130.134506,0.0,0,0,0,0.0,,,0.387305,0.387305,0.0,REQ,,,,,0.0,0.0,0.0,0
426338,2.579791,2.579791,2.579791,2.579791,2.579791,2.579791,udp,0.0,,cs0,,63.0,,1.0,,Status,2,2,0,84,84,0,42.0,0.0,130.243103,130.243103,0.0,0,0,0,0.0,,,0.387628,0.387628,0.0,REQ,,,,,0.0,0.0,0.0,0
426367,0.0,0.0,0.0,0.0,0.0,0.0,udp,0.0,,cs0,,63.0,,1.0,,Status,1,1,0,42,42,0,42.0,0.0,0.0,0.0,0.0,0,0,0,0.0,,,0.0,0.0,0.0,REQ,,,,,0.0,0.0,0.0,0
426524,2.586254,2.586254,2.586254,2.586254,2.586254,2.586254,udp,0.0,,cs0,,63.0,,1.0,,Status,2,2,0,84,84,0,42.0,0.0,129.917633,129.917633,0.0,0,0,0,0.0,,,0.38666,0.38666,0.0,REQ,,,,,0.0,0.0,0.0,0
426569,0.0,0.0,0.0,0.0,0.0,0.0,udp,0.0,,cs0,,63.0,,1.0,,Status,1,1,0,42,42,0,42.0,0.0,0.0,0.0,0.0,0,0,0,0.0,,,0.0,0.0,0.0,REQ,,,,,0.0,0.0,0.0,0
426570,2.588157,2.588157,2.588157,2.588157,2.588157,2.588157,udp,0.0,,cs0,,63.0,,1.0,,Status,2,2,0,84,84,0,42.0,0.0,129.822113,129.822113,0.0,0,0,0,0.0,,,0.386375,0.386375,0.0,REQ,,,,,0.0,0.0,0.0,0
426596,2.578334,2.578334,2.578334,2.578334,2.578334,2.578334,udp,0.0,,cs0,,63.0,,1.0,,Status,2,2,0,84,84,0,42.0,0.0,130.316696,130.316696,0.0,0,0,0,0.0,,,0.387847,0.387847,0.0,REQ,,,,,0.0,0.0,0.0,0
426626,2.575645,2.575645,2.575645,2.575645,2.575645,2.575645,udp,0.0,,cs0,,63.0,,1.0,,Status,2,2,0,84,84,0,42.0,0.0,130.452759,130.452759,0.0,0,0,0,0.0,,,0.388252,0.388252,0.0,REQ,,,,,0.0,0.0,0.0,0
426655,2.579978,2.579978,2.579978,2.579978,2.579978,2.579978,udp,0.0,,cs0,,63.0,,1.0,,Status,2,2,0,84,84,0,42.0,0.0,130.233673,130.233673,0.0,0,0,0,0.0,,,0.3876,0.3876,0.0,REQ,,,,,0.0,0.0,0.0,0
426668,2.579815,2.579815,2.579815,2.579815,2.579815,2.579815,udp,0.0,,cs0,,63.0,,1.0,,Status,2,2,0,84,84,0,42.0,0.0,130.241898,130.241898,0.0,0,0,0,0.0,,,0.387625,0.387625,0.0,REQ,,,,,0.0,0.0,0.0,0
426700,2.578817,2.578817,2.578817,2.578817,2.578817,2.578817,udp,0.0,,cs0,,63.0,,1.0,,Status,2,2,0,84,84,0,42.0,0.0,130.292313,130.292313,0.0,0,0,0,0.0,,,0.387775,0.387775,0.0,REQ,,,,,0.0,0.0,0.0,0
426715,0.0,0.0,0.0,0.0,0.0,0.0,udp,0.0,,cs0,,63.0,,1.0,,Status,1,1,0,42,42,0,42.0,0.0,0.0,0.0,0.0,0,0,0,0.0,,,0.0,0.0,0.0,REQ,,,,,0.0,0.0,0.0,0
426760,0.0,0.0,0.0,0.0,0.0,0.0,udp,0.0,,cs0,,63.0,,1.0,,Status,1,1,0,42,42,0,42.0,0.0,0.0,0.0,0.0,0,0,0,0.0,,,0.0,0.0,0.0,REQ,,,,,0.0,0.0,0.0,0
426806,2.576262,2.576262,2.576262,2.576262,2.576262,2.576262,udp,0.0,,cs0,,63.0,,1.0,,Status,2,2,0,84,84,0,42.0,0.0,130.421524,130.421524,0.0,0,0,0,0.0,,,0.388159,0.388159,0.0,REQ,,,,,0.0,0.0,0.0,0
426868,0.0,0.0,0.0,0.0,0.0,0.0,udp,0.0,,cs0,,63.0,,1.0,,Status,1,1,0,42,42,0,42.0,0.0,0.0,0.0,0.0,0,0,0,0.0,,,0.0,0.0,0.0,REQ,,,,,0.0,0.0,0.0,0
427097,0.0,0.0,0.0,0.0,0.0,0.0,udp,0.0,,cs0,,63.0,,1.0,,Status,1,1,0,42,42,0,42.0,0.0,0.0,0.0,0.0,0,0,0,0.0,,,0.0,0.0,0.0,REQ,,,,,0.0,0.0,0.0,0
427123,2.581048,2.581048,2.581048,2.581048,2.581048,2.581048,udp,0.0,,cs0,,63.0,,1.0,,Status,2,2,0,84,84,0,42.0,0.0,130.179672,130.179672,0.0,0,0,0,0.0,,,0.38744,0.38744,0.0,REQ,,,,,0.0,0.0,0.0,0
427138,2.579366,2.579366,2.579366,2.579366,2.579366,2.579366,udp,0.0,,cs0,,63.0,,1.0,,Status,2,2,0,84,84,0,42.0,0.0,130.264572,130.264572,0.0,0,0,0,0.0,,,0.387692,0.387692,0.0,REQ,,,,,0.0,0.0,0.0,0
427166,2.577812,2.577812,2.577812,2.577812,2.577812,2.577812,udp,0.0,,cs0,,63.0,,1.0,,Status,2,2,0,84,84,0,42.0,0.0,130.343094,130.343094,0.0,0,0,0,0.0,,,0.387926,0.387926,0.0,REQ,,,,,0.0,0.0,0.0,0
427172,2.577679,2.577679,2.577679,2.577679,2.577679,2.577679,udp,0.0,,cs0,,63.0,,1.0,,Status,2,2,0,84,84,0,42.0,0.0,130.349823,130.349823,0.0,0,0,0,0.0,,,0.387946,0.387946,0.0,REQ,,,,,0.0,0.0,0.0,0
427278,2.579173,2.579173,2.579173,2.579173,2.579173,2.579173,udp,0.0,,cs0,,63.0,,1.0,,Status,2,2,0,84,84,0,42.0,0.0,130.274307,130.274307,0.0,0,0,0,0.0,,,0.387721,0.387721,0.0,REQ,,,,,0.0,0.0,0.0,0
427357,2.577952,2.577952,2.577952,2.577952,2.577952,2.577952,udp,0.0,,cs0,,63.0,,1.0,,Status,2,2,0,84,84,0,42.0,0.0,130.336029,130.336029,0.0,0,0,0,0.0,,,0.387905,0.387905,0.0,REQ,,,,,0.0,0.0,0.0,0
427410,2.587661,2.587661,2.587661,2.587661,2.587661,2.587661,udp,0.0,,cs0,,63.0,,1.0,,Status,2,2,0,84,84,0,42.0,0.0,129.846985,129.846985,0.0,0,0,0,0.0,,,0.386449,0.386449,0.0,REQ,,,,,0.0,0.0,0.0,0
427416,0.0,0.0,0.0,0.0,0.0,0.0,udp,0.0,,cs0,,63.0,,1.0,,Status,1,1,0,42,42,0,42.0,0.0,0.0,0.0,0.0,0,0,0,0.0,,,0.0,0.0,0.0,REQ,,,,,0.0,0.0,0.0,0
427503,2.581405,2.581405,2.581405,2.581405,2.581405,2.581405,udp,0.0,,cs0,,63.0,,1.0,,Status,2,2,0,84,84,0,42.0,0.0,130.161682,130.161682,0.0,0,0,0,0.0,,,0.387386,0.387386,0.0,REQ,,,,,0.0,0.0,0.0,0
427537,2.57814,2.57814,2.57814,2.57814,2.57814,2.57814,udp,0.0,,cs0,,63.0,,1.0,,Status,2,2,0,84,84,0,42.0,0.0,130.326508,130.326508,0.0,0,0,0,0.0,,,0.387877,0.387877,0.0,REQ,,,,,0.0,0.0,0.0,0
427550,2.578227,2.578227,2.578227,2.578227,2.578227,2.578227,udp,0.0,,cs0,,63.0,,1.0,,Status,2,2,0,84,84,0,42.0,0.0,130.322113,130.322113,0.0,0,0,0,0.0,,,0.387863,0.387863,0.0,REQ,,,,,0.0,0.0,0.0,0
427583,0.0,0.0,0.0,0.0,0.0,0.0,udp,0.0,,cs0,,63.0,,1.0,,Status,1,1,0,42,42,0,42.0,0.0,0.0,0.0,0.0,0,0,0,0.0,,,0.0,0.0,0.0,REQ,,,,,0.0,0.0,0.0,0
427609,2.57608,2.57608,2.57608,2.57608,2.57608,2.57608,udp,0.0,,cs0,,63.0,,1.0,,Status,2,2,0,84,84,0,42.0,0.0,130.430725,130.430725,0.0,0,0,0,0.0,,,0.388187,0.388187,0.0,REQ,,,,,0.0,0.0,0.0,0
427644,0.0,0.0,0.0,0.0,0.0,0.0,udp,0.0,,cs0,,63.0,,1.0,,Status,1,1,0,42,42,0,42.0,0.0,0.0,0.0,0.0,0,0,0,0.0,,,0.0,0.0,0.0,REQ,,,,,0.0,0.0,0.0,0
427650,2.579282,2.579282,2.579282,2.579282,2.579282,2.579282,udp,0.0,,cs0,,63.0,,1.0,,Status,2,2,0,84,84,0,42.0,0.0,130.268814,130.268814,0.0,0,0,0,0.0,,,0.387705,0.387705,0.0,REQ,,,,,0.0,0.0,0.0,0
427656,2.577292,2.577292,2.577292,2.577292,2.577292,2.577292,udp,0.0,,cs0,,63.0,,1.0,,Status,2,2,0,84,84,0,42.0,0.0,130.3694,130.3694,0.0,0,0,0,0.0,,,0.388004,0.388004,0.0,REQ,,,,,0.0,0.0,0.0,0
427778,0.0,0.0,0.0,0.0,0.0,0.0,udp,0.0,,cs0,,63.0,,1.0,,Status,1,1,0,42,42,0,42.0,0.0,0.0,0.0,0.0,0,0,0,0.0,,,0.0,0.0,0.0,REQ,,,,,0.0,0.0,0.0,0
427800,0.0,0.0,0.0,0.0,0.0,0.0,udp,0.0,,cs0,,63.0,,1.0,,Status,1,1,0,42,42,0,42.0,0.0,0.0,0.0,0.0,0,0,0,0.0,,,0.0,0.0,0.0,REQ,,,,,0.0,0.0,0.0,0
427818,0.0,0.0,0.0,0.0,0.0,0.0,udp,0.0,,cs0,,63.0,,1.0,,Status,1,1,0,42,42,0,42.0,0.0,0.0,0.0,0.0,0,0,0,0.0,,,0.0,0.0,0.0,REQ,,,,,0.0,0.0,0.0,0
427843,2.58476,2.58476,2.58476,2.58476,2.58476,2.58476,udp,0.0,,cs0,,63.0,,1.0,,Status,2,2,0,84,84,0,42.0,0.0,129.992722,129.992722,0.0,0,0,0,0.0,,,0.386883,0.386883,0.0,REQ,,,,,0.0,0.0,0.0,0
427916,2.577335,2.577335,2.577335,2.577335,2.577335,2.577335,udp,0.0,,cs0,,63.0,,1.0,,Status,2,2,0,84,84,0,42.0,0.0,130.367233,130.367233,0.0,0,0,0,0.0,,,0.387998,0.387998,0.0,REQ,,,,,0.0,0.0,0.0,0
427941,2.576062,2.576062,2.576062,2.576062,2.576062,2.576062,udp,0.0,,cs0,,63.0,,1.0,,Status,2,2,0,84,84,0,42.0,0.0,130.431641,130.431641,0.0,0,0,0,0.0,,,0.388189,0.388189,0.0,REQ,,,,,0.0,0.0,0.0,0
427956,0.0,0.0,0.0,0.0,0.0,0.0,udp,0.0,,cs0,,63.0,,1.0,,Status,1,1,0,42,42,0,42.0,0.0,0.0,0.0,0.0,0,0,0,0.0,,,0.0,0.0,0.0,REQ,,,,,0.0,0.0,0.0,0
427961,0.0,0.0,0.0,0.0,0.0,0.0,udp,0.0,,cs0,,63.0,,1.0,,Status,1,1,0,42,42,0,42.0,0.0,0.0,0.0,0.0,0,0,0,0.0,,,0.0,0.0,0.0,REQ,,,,,0.0,0.0,0.0,0
427986,0.0,0.0,0.0,0.0,0.0,0.0,udp,0.0,,cs0,,63.0,,1.0,,Status,1,1,0,42,42,0,42.0,0.0,0.0,0.0,0.0,0,0,0,0.0,,,0.0,0.0,0.0,REQ,,,,,0.0,0.0,0.0,0
428023,0.0,0.0,0.0,0.0,0.0,0.0,udp,0.0,,cs0,,63.0,,1.0,,Status,1,1,0,42,42,0,42.0,0.0,0.0,0.0,0.0,0,0,0,0.0,,,0.0,0.0,0.0,REQ,,,,,0.0,0.0,0.0,0
428093,0.0,0.0,0.0,0.0,0.0,0.0,udp,0.0,,cs0,,63.0,,1.0,,Status,1,1,0,42,42,0,42.0,0.0,0.0,0.0,0.0,0,0,0,0.0,,,0.0,0.0,0.0,REQ,,,,,0.0,0.0,0.0,0
428099,0.0,0.0,0.0,0.0,0.0,0.0,udp,0.0,,cs0,,63.0,,1.0,,Status,1,1,0,42,42,0,42.0,0.0,0.0,0.0,0.0,0,0,0,0.0,,,0.0,0.0,0.0,REQ,,,,,0.0,0.0,0.0,0
428117,0.0,0.0,0.0,0.0,0.0,0.0,udp,0.0,,cs0,,63.0,,1.0,,Status,1,1,0,42,42,0,42.0,0.0,0.0,0.0,0.0,0,0,0,0.0,,,0.0,0.0,0.0,REQ,,,,,0.0,0.0,0.0,0
428133,2.577436,2.577436,2.577436,2.577436,2.577436,2.577436,udp,0.0,,cs0,,63.0,,1.0,,Status,2,2,0,84,84,0,42.0,0.0,130.362106,130.362106,0.0,0,0,0,0.0,,,0.387982,0.387982,0.0,REQ,,,,,0.0,0.0,0.0,0
428160,2.582908,2.582908,2.582908,2.582908,2.582908,2.582908,udp,0.0,,cs0,,63.0,,1.0,,Status,2,2,0,84,84,0,42.0,0.0,130.085938,130.085938,0.0,0,0,0,0.0,,,0.387161,0.387161,0.0,REQ,,,,,0.0,0.0,0.0,0
428190,0.0,0.0,0.0,0.0,0.0,0.0,udp,0.0,,cs0,,63.0,,1.0,,Status,1,1,0,42,42,0,42.0,0.0,0.0,0.0,0.0,0,0,0,0.0,,,0.0,0.0,0.0,REQ,,,,,0.0,0.0,0.0,0
428196,0.0,0.0,0.0,0.0,0.0,0.0,udp,0.0,,cs0,,63.0,,1.0,,Status,1,1,0,42,42,0,42.0,0.0,0.0,0.0,0.0,0,0,0,0.0,,,0.0,0.0,0.0,REQ,,,,,0.0,0.0,0.0,0
428226,0.0,0.0,0.0,0.0,0.0,0.0,udp,0.0,,cs0,,63.0,,1.0,,Status,1,1,0,42,42,0,42.0,0.0,0.0,0.0,0.0,0,0,0,0.0,,,0.0,0.0,0.0,REQ,,,,,0.0,0.0,0.0,0
428315,0.0,0.0,0.0,0.0,0.0,0.0,udp,0.0,,cs0,,63.0,,1.0,,Status,1,1,0,42,42,0,42.0,0.0,0.0,0.0,0.0,0,0,0,0.0,,,0.0,0.0,0.0,REQ,,,,,0.0,0.0,0.0,0
428350,0.0,0.0,0.0,0.0,0.0,0.0,udp,0.0,,cs0,,63.0,,1.0,,Status,1,1,0,42,42,0,42.0,0.0,0.0,0.0,0.0,0,0,0,0.0,,,0.0,0.0,0.0,REQ,,,,,0.0,0.0,0.0,0
428390,2.581077,2.581077,2.581077,2.581077,2.581077,2.581077,udp,0.0,,cs0,,63.0,,1.0,,Status,2,2,0,84,84,0,42.0,0.0,130.178207,130.178207,0.0,0,0,0,0.0,,,0.387435,0.387435,0.0,REQ,,,,,0.0,0.0,0.0,0
428430,0.0,0.0,0.0,0.0,0.0,0.0,udp,0.0,,cs0,,63.0,,1.0,,Status,1,1,0,42,42,0,42.0,0.0,0.0,0.0,0.0,0,0,0,0.0,,,0.0,0.0,0.0,REQ,,,,,0.0,0.0,0.0,0
428469,0.0,0.0,0.0,0.0,0.0,0.0,udp,0.0,,cs0,,63.0,,1.0,,Status,1,1,0,42,42,0,42.0,0.0,0.0,0.0,0.0,0,0,0,0.0,,,0.0,0.0,0.0,REQ,,,,,0.0,0.0,0.0,0
428513,2.572115,2.572115,2.572115,2.572115,2.572115,2.572115,udp,0.0,,cs0,,63.0,,1.0,,Status,2,2,0,84,84,0,42.0,0.0,130.631805,130.631805,0.0,0,0,0,0.0,,,0.388785,0.388785,0.0,REQ,,,,,0.0,0.0,0.0,0
428516,2.573906,2.573906,2.573906,2.573906,2.573906,2.573906,udp,0.0,,cs0,,63.0,,1.0,,Status,2,2,0,84,84,0,42.0,0.0,130.540894,130.540894,0.0,0,0,0,0.0,,,0.388515,0.388515,0.0,REQ,,,,,0.0,0.0,0.0,0
428576,2.578568,2.578568,2.578568,2.578568,2.578568,2.578568,udp,0.0,,cs0,,63.0,,1.0,,Status,2,2,0,84,84,0,42.0,0.0,130.304886,130.304886,0.0,0,0,0,0.0,,,0.387812,0.387812,0.0,REQ,,,,,0.0,0.0,0.0,0
428594,0.0,0.0,0.0,0.0,0.0,0.0,udp,0.0,,cs0,,63.0,,1.0,,Status,1,1,0,42,42,0,42.0,0.0,0.0,0.0,0.0,0,0,0,0.0,,,0.0,0.0,0.0,REQ,,,,,0.0,0.0,0.0,0
428630,2.580096,2.580096,2.580096,2.580096,2.580096,2.580096,udp,0.0,,cs0,,63.0,,1.0,,Status,2,2,0,84,84,0,42.0,0.0,130.227707,130.227707,0.0,0,0,0,0.0,,,0.387582,0.387582,0.0,REQ,,,,,0.0,0.0,0.0,0
428689,2.585818,2.585818,2.585818,2.585818,2.585818,2.585818,udp,0.0,,cs0,,63.0,,1.0,,Status,2,2,0,84,84,0,42.0,0.0,129.939529,129.939529,0.0,0,0,0,0.0,,,0.386725,0.386725,0.0,REQ,,,,,0.0,0.0,0.0,0
428782,0.0,0.0,0.0,0.0,0.0,0.0,udp,0.0,,cs0,,63.0,,1.0,,Status,1,1,0,42,42,0,42.0,0.0,0.0,0.0,0.0,0,0,0,0.0,,,0.0,0.0,0.0,REQ,,,,,0.0,0.0,0.0,0
428904,2.573159,2.573159,2.573159,2.573159,2.573159,2.573159,udp,0.0,,cs0,,63.0,,1.0,,Status,2,2,0,84,84,0,42.0,0.0,130.578796,130.578796,0.0,0,0,0,0.0,,,0.388627,0.388627,0.0,REQ,,,,,0.0,0.0,0.0,0
428919,0.0,0.0,0.0,0.0,0.0,0.0,udp,0.0,,cs0,,63.0,,1.0,,Status,1,1,0,42,42,0,42.0,0.0,0.0,0.0,0.0,0,0,0,0.0,,,0.0,0.0,0.0,REQ,,,,,0.0,0.0,0.0,0
428944,2.569896,2.569896,2.569896,2.569896,2.569896,2.569896,udp,0.0,,cs0,,63.0,,1.0,,Status,2,2,0,84,84,0,42.0,0.0,130.744598,130.744598,0.0,0,0,0,0.0,,,0.389121,0.389121,0.0,REQ,,,,,0.0,0.0,0.0,0
429001,0.0,0.0,0.0,0.0,0.0,0.0,udp,0.0,,cs0,,63.0,,1.0,,Status,1,1,0,42,42,0,42.0,0.0,0.0,0.0,0.0,0,0,0,0.0,,,0.0,0.0,0.0,REQ,,,,,0.0,0.0,0.0,0
429019,0.0,0.0,0.0,0.0,0.0,0.0,udp,0.0,,cs0,,63.0,,1.0,,Status,1,1,0,42,42,0,42.0,0.0,0.0,0.0,0.0,0,0,0,0.0,,,0.0,0.0,0.0,REQ,,,,,0.0,0.0,0.0,0
429075,2.579624,2.579624,2.579624,2.579624,2.579624,2.579624,udp,0.0,,cs0,,63.0,,1.0,,Status,2,2,0,84,84,0,42.0,0.0,130.251541,130.251541,0.0,0,0,0,0.0,,,0.387653,0.387653,0.0,REQ,,,,,0.0,0.0,0.0,0
429083,0.0,0.0,0.0,0.0,0.0,0.0,udp,0.0,,cs0,,63.0,,1.0,,Status,1,1,0,42,42,0,42.0,0.0,0.0,0.0,0.0,0,0,0,0.0,,,0.0,0.0,0.0,REQ,,,,,0.0,0.0,0.0,0
429210,2.583934,2.583934,2.583934,2.583934,2.583934,2.583934,udp,0.0,,cs0,,63.0,,1.0,,Status,2,2,0,84,84,0,42.0,0.0,130.034271,130.034271,0.0,0,0,0,0.0,,,0.387007,0.387007,0.0,REQ,,,,,0.0,0.0,0.0,0
429275,0.0,0.0,0.0,0.0,0.0,0.0,udp,0.0,,cs0,,63.0,,1.0,,Status,1,1,0,42,42,0,42.0,0.0,0.0,0.0,0.0,0,0,0,0.0,,,0.0,0.0,0.0,REQ,,,,,0.0,0.0,0.0,0
429289,0.0,0.0,0.0,0.0,0.0,0.0,udp,0.0,,cs0,,63.0,,1.0,,Status,1,1,0,42,42,0,42.0,0.0,0.0,0.0,0.0,0,0,0,0.0,,,0.0,0.0,0.0,REQ,,,,,0.0,0.0,0.0,0
429339,0.0,0.0,0.0,0.0,0.0,0.0,udp,0.0,,cs0,,63.0,,1.0,,Status,1,1,0,42,42,0,42.0,0.0,0.0,0.0,0.0,0,0,0,0.0,,,0.0,0.0,0.0,REQ,,,,,0.0,0.0,0.0,0
429345,0.0,0.0,0.0,0.0,0.0,0.0,udp,0.0,,cs0,,63.0,,1.0,,Status,1,1,0,42,42,0,42.0,0.0,0.0,0.0,0.0,0,0,0,0.0,,,0.0,0.0,0.0,REQ,,,,,0.0,0.0,0.0,0
429391,2.579795,2.579795,2.579795,2.579795,2.579795,2.579795,udp,0.0,,cs0,,63.0,,1.0,,Status,2,2,0,84,84,0,42.0,0.0,130.24292,130.24292,0.0,0,0,0,0.0,,,0.387628,0.387628,0.0,REQ,,,,,0.0,0.0,0.0,0
429399,2.579745,2.579745,2.579745,2.579745,2.579745,2.579745,udp,0.0,,cs0,,63.0,,1.0,,Status,2,2,0,84,84,0,42.0,0.0,130.245422,130.245422,0.0,0,0,0,0.0,,,0.387635,0.387635,0.0,REQ,,,,,0.0,0.0,0.0,0
429455,2.582108,2.582108,2.582108,2.582108,2.582108,2.582108,udp,0.0,,cs0,,63.0,,1.0,,Status,2,2,0,84,84,0,42.0,0.0,130.126236,130.126236,0.0,0,0,0,0.0,,,0.38728,0.38728,0.0,REQ,,,,,0.0,0.0,0.0,0
429578,2.575125,2.575125,2.575125,2.575125,2.575125,2.575125,udp,0.0,,cs0,,63.0,,1.0,,Status,2,2,0,84,84,0,42.0,0.0,130.479111,130.479111,0.0,0,0,0,0.0,,,0.388331,0.388331,0.0,REQ,,,,,0.0,0.0,0.0,0
429671,0.0,0.0,0.0,0.0,0.0,0.0,udp,0.0,,cs0,,63.0,,1.0,,Status,1,1,0,42,42,0,42.0,0.0,0.0,0.0,0.0,0,0,0,0.0,,,0.0,0.0,0.0,REQ,,,,,0.0,0.0,0.0,0
429707,2.584996,2.584996,2.584996,2.584996,2.584996,2.584996,udp,0.0,,cs0,,63.0,,1.0,,Status,2,2,0,84,84,0,42.0,0.0,129.980865,129.980865,0.0,0,0,0,0.0,,,0.386848,0.386848,0.0,REQ,,,,,0.0,0.0,0.0,0
429760,2.581078,2.581078,2.581078,2.581078,2.581078,2.581078,udp,0.0,,cs0,,63.0,,1.0,,Status,2,2,0,84,84,0,42.0,0.0,130.178162,130.178162,0.0,0,0,0,0.0,,,0.387435,0.387435,0.0,REQ,,,,,0.0,0.0,0.0,0
429833,0.0,0.0,0.0,0.0,0.0,0.0,udp,0.0,,cs0,,63.0,,1.0,,Status,1,1,0,42,42,0,42.0,0.0,0.0,0.0,0.0,0,0,0,0.0,,,0.0,0.0,0.0,REQ,,,,,0.0,0.0,0.0,0
429898,2.58756,2.58756,2.58756,2.58756,2.58756,2.58756,udp,0.0,,cs0,,63.0,,1.0,,Status,2,2,0,84,84,0,42.0,0.0,129.852066,129.852066,0.0,0,0,0,0.0,,,0.386464,0.386464,0.0,REQ,,,,,0.0,0.0,0.0,0
429973,0.0,0.0,0.0,0.0,0.0,0.0,udp,0.0,,cs0,,63.0,,1.0,,Status,1,1,0,42,42,0,42.0,0.0,0.0,0.0,0.0,0,0,0,0.0,,,0.0,0.0,0.0,REQ,,,,,0.0,0.0,0.0,0
430012,0.0,0.0,0.0,0.0,0.0,0.0,udp,0.0,,cs0,,63.0,,1.0,,Status,1,1,0,42,42,0,42.0,0.0,0.0,0.0,0.0,0,0,0,0.0,,,0.0,0.0,0.0,REQ,,,,,0.0,0.0,0.0,0
430028,2.580092,2.580092,2.580092,2.580092,2.580092,2.580092,udp,0.0,,cs0,,63.0,,1.0,,Status,2,2,0,84,84,0,42.0,0.0,130.227921,130.227921,0.0,0,0,0,0.0,,,0.387583,0.387583,0.0,REQ,,,,,0.0,0.0,0.0,0
430178,0.0,0.0,0.0,0.0,0.0,0.0,udp,0.0,,cs0,,63.0,,1.0,,Status,1,1,0,42,42,0,42.0,0.0,0.0,0.0,0.0,0,0,0,0.0,,,0.0,0.0,0.0,REQ,,,,,0.0,0.0,0.0,0
430211,2.579747,2.579747,2.579747,2.579747,2.579747,2.579747,udp,0.0,,cs0,,63.0,,1.0,,Status,2,2,0,84,84,0,42.0,0.0,130.245331,130.245331,0.0,0,0,0,0.0,,,0.387635,0.387635,0.0,REQ,,,,,0.0,0.0,0.0,0
430262,2.581168,2.581168,2.581168,2.581168,2.581168,2.581168,udp,0.0,,cs0,,63.0,,1.0,,Status,2,2,0,84,84,0,42.0,0.0,130.17363,130.17363,0.0,0,0,0,0.0,,,0.387422,0.387422,0.0,REQ,,,,,0.0,0.0,0.0,0
430398,2.577924,2.577924,2.577924,2.577924,2.577924,2.577924,udp,0.0,,cs0,,63.0,,1.0,,Status,2,2,0,84,84,0,42.0,0.0,130.337433,130.337433,0.0,0,0,0,0.0,,,0.387909,0.387909,0.0,REQ,,,,,0.0,0.0,0.0,0
430403,2.577918,2.577918,2.577918,2.577918,2.577918,2.577918,udp,0.0,,cs0,,63.0,,1.0,,Status,2,2,0,84,84,0,42.0,0.0,130.337738,130.337738,0.0,0,0,0,0.0,,,0.38791,0.38791,0.0,REQ,,,,,0.0,0.0,0.0,0
430429,2.577766,2.577766,2.577766,2.577766,2.577766,2.577766,udp,0.0,,cs0,,63.0,,1.0,,Status,2,2,0,84,84,0,42.0,0.0,130.345428,130.345428,0.0,0,0,0,0.0,,,0.387933,0.387933,0.0,REQ,,,,,0.0,0.0,0.0,0
430594,2.577059,2.577059,2.577059,2.577059,2.577059,2.577059,udp,0.0,,cs0,,63.0,,1.0,,Status,2,2,0,84,84,0,42.0,0.0,130.38118,130.38118,0.0,0,0,0,0.0,,,0.388039,0.388039,0.0,REQ,,,,,0.0,0.0,0.0,0
430602,2.577051,2.577051,2.577051,2.577051,2.577051,2.577051,udp,0.0,,cs0,,63.0,,1.0,,Status,2,2,0,84,84,0,42.0,0.0,130.381592,130.381592,0.0,0,0,0,0.0,,,0.38804,0.38804,0.0,REQ,,,,,0.0,0.0,0.0,0
430641,2.582928,2.582928,2.582928,2.582928,2.582928,2.582928,udp,0.0,,cs0,,63.0,,1.0,,Status,2,2,0,84,84,0,42.0,0.0,130.08493,130.08493,0.0,0,0,0,0.0,,,0.387158,0.387158,0.0,REQ,,,,,0.0,0.0,0.0,0
430671,2.579727,2.579727,2.579727,2.579727,2.579727,2.579727,udp,0.0,,cs0,,63.0,,1.0,,Status,2,2,0,84,84,0,42.0,0.0,130.246338,130.246338,0.0,0,0,0,0.0,,,0.387638,0.387638,0.0,REQ,,,,,0.0,0.0,0.0,0
430746,0.0,0.0,0.0,0.0,0.0,0.0,udp,0.0,,cs0,,63.0,,1.0,,Status,1,1,0,42,42,0,42.0,0.0,0.0,0.0,0.0,0,0,0,0.0,,,0.0,0.0,0.0,REQ,,,,,0.0,0.0,0.0,0
430829,2.574342,2.574342,2.574342,2.574342,2.574342,2.574342,udp,0.0,,cs0,,63.0,,1.0,,Status,2,2,0,84,84,0,42.0,0.0,130.518784,130.518784,0.0,0,0,0,0.0,,,0.388449,0.388449,0.0,REQ,,,,,0.0,0.0,0.0,0
430836,0.0,0.0,0.0,0.0,0.0,0.0,udp,0.0,,cs0,,63.0,,1.0,,Status,1,1,0,42,42,0,42.0,0.0,0.0,0.0,0.0,0,0,0,0.0,,,0.0,0.0,0.0,REQ,,,,,0.0,0.0,0.0,0
430888,0.0,0.0,0.0,0.0,0.0,0.0,udp,0.0,,cs0,,63.0,,1.0,,Status,1,1,0,42,42,0,42.0,0.0,0.0,0.0,0.0,0,0,0,0.0,,,0.0,0.0,0.0,REQ,,,,,0.0,0.0,0.0,0
430899,2.579928,2.579928,2.579928,2.579928,2.579928,2.579928,udp,0.0,,cs0,,63.0,,1.0,,Status,2,2,0,84,84,0,42.0,0.0,130.236191,130.236191,0.0,0,0,0,0.0,,,0.387608,0.387608,0.0,REQ,,,,,0.0,0.0,0.0,0
430928,0.0,0.0,0.0,0.0,0.0,0.0,udp,0.0,,cs0,,63.0,,1.0,,Status,1,1,0,42,42,0,42.0,0.0,0.0,0.0,0.0,0,0,0,0.0,,,0.0,0.0,0.0,REQ,,,,,0.0,0.0,0.0,0
430929,0.0,0.0,0.0,0.0,0.0,0.0,udp,0.0,,cs0,,63.0,,1.0,,Status,1,1,0,42,42,0,42.0,0.0,0.0,0.0,0.0,0,0,0,0.0,,,0.0,0.0,0.0,REQ,,,,,0.0,0.0,0.0,0
431040,0.0,0.0,0.0,0.0,0.0,0.0,udp,0.0,,cs0,,63.0,,1.0,,Status,1,1,0,42,42,0,42.0,0.0,0.0,0.0,0.0,0,0,0,0.0,,,0.0,0.0,0.0,REQ,,,,,0.0,0.0,0.0,0
431041,0.0,0.0,0.0,0.0,0.0,0.0,udp,0.0,,cs0,,63.0,,1.0,,Status,1,1,0,42,42,0,42.0,0.0,0.0,0.0,0.0,0,0,0,0.0,,,0.0,0.0,0.0,REQ,,,,,0.0,0.0,0.0,0
431051,0.0,0.0,0.0,0.0,0.0,0.0,udp,0.0,,cs0,,63.0,,1.0,,Status,1,1,0,42,42,0,42.0,0.0,0.0,0.0,0.0,0,0,0,0.0,,,0.0,0.0,0.0,REQ,,,,,0.0,0.0,0.0,0
431105,2.578889,2.578889,2.578889,2.578889,2.578889,2.578889,udp,0.0,,cs0,,63.0,,1.0,,Status,2,2,0,84,84,0,42.0,0.0,130.288666,130.288666,0.0,0,0,0,0.0,,,0.387764,0.387764,0.0,REQ,,,,,0.0,0.0,0.0,0
431158,2.577095,2.577095,2.577095,2.577095,2.577095,2.577095,udp,0.0,,cs0,,63.0,,1.0,,Status,2,2,0,84,84,0,42.0,0.0,130.379364,130.379364,0.0,0,0,0,0.0,,,0.388034,0.388034,0.0,REQ,,,,,0.0,0.0,0.0,0
431214,2.576989,2.576989,2.576989,2.576989,2.576989,2.576989,udp,0.0,,cs0,,63.0,,1.0,,Status,2,2,0,84,84,0,42.0,0.0,130.38472,130.38472,0.0,0,0,0,0.0,,,0.38805,0.38805,0.0,REQ,,,,,0.0,0.0,0.0,0
431263,2.580984,2.580984,2.580984,2.580984,2.580984,2.580984,udp,0.0,,cs0,,63.0,,1.0,,Status,2,2,0,84,84,0,42.0,0.0,130.182907,130.182907,0.0,0,0,0,0.0,,,0.387449,0.387449,0.0,REQ,,,,,0.0,0.0,0.0,0
431290,0.0,0.0,0.0,0.0,0.0,0.0,udp,0.0,,cs0,,63.0,,1.0,,Status,1,1,0,42,42,0,42.0,0.0,0.0,0.0,0.0,0,0,0,0.0,,,0.0,0.0,0.0,REQ,,,,,0.0,0.0,0.0,0
431351,2.581871,2.581871,2.581871,2.581871,2.581871,2.581871,udp,0.0,,cs0,,63.0,,1.0,,Status,2,2,0,84,84,0,42.0,0.0,130.138184,130.138184,0.0,0,0,0,0.0,,,0.387316,0.387316,0.0,REQ,,,,,0.0,0.0,0.0,0
431374,0.0,0.0,0.0,0.0,0.0,0.0,udp,0.0,,cs0,,63.0,,1.0,,Status,1,1,0,42,42,0,42.0,0.0,0.0,0.0,0.0,0,0,0,0.0,,,0.0,0.0,0.0,REQ,,,,,0.0,0.0,0.0,0
431388,2.586221,2.586221,2.586221,2.586221,2.586221,2.586221,udp,0.0,,cs0,,63.0,,1.0,,Status,2,2,0,84,84,0,42.0,0.0,129.919296,129.919296,0.0,0,0,0,0.0,,,0.386665,0.386665,0.0,REQ,,,,,0.0,0.0,0.0,0
431430,2.578841,2.578841,2.578841,2.578841,2.578841,2.578841,udp,0.0,,cs0,,63.0,,1.0,,Status,2,2,0,84,84,0,42.0,0.0,130.291092,130.291092,0.0,0,0,0,0.0,,,0.387771,0.387771,0.0,REQ,,,,,0.0,0.0,0.0,0
431453,0.0,0.0,0.0,0.0,0.0,0.0,udp,0.0,,cs0,,63.0,,1.0,,Status,1,1,0,42,42,0,42.0,0.0,0.0,0.0,0.0,0,0,0,0.0,,,0.0,0.0,0.0,REQ,,,,,0.0,0.0,0.0,0
431587,2.582933,2.582933,2.582933,2.582933,2.582933,2.582933,udp,0.0,,cs0,,63.0,,1.0,,Status,2,2,0,84,84,0,42.0,0.0,130.084671,130.084671,0.0,0,0,0,0.0,,,0.387157,0.387157,0.0,REQ,,,,,0.0,0.0,0.0,0
431589,2.582943,2.582943,2.582943,2.582943,2.582943,2.582943,udp,0.0,,cs0,,63.0,,1.0,,Status,2,2,0,84,84,0,42.0,0.0,130.084167,130.084167,0.0,0,0,0,0.0,,,0.387155,0.387155,0.0,REQ,,,,,0.0,0.0,0.0,0
431612,0.0,0.0,0.0,0.0,0.0,0.0,udp,0.0,,cs0,,63.0,,1.0,,Status,1,1,0,42,42,0,42.0,0.0,0.0,0.0,0.0,0,0,0,0.0,,,0.0,0.0,0.0,REQ,,,,,0.0,0.0,0.0,0
431708,2.577045,2.577045,2.577045,2.577045,2.577045,2.577045,udp,0.0,,cs0,,63.0,,1.0,,Status,2,2,0,84,84,0,42.0,0.0,130.381897,130.381897,0.0,0,0,0,0.0,,,0.388041,0.388041,0.0,REQ,,,,,0.0,0.0,0.0,0
431772,2.582384,2.582384,2.582384,2.582384,2.582384,2.582384,udp,0.0,,cs0,,63.0,,1.0,,Status,2,2,0,84,84,0,42.0,0.0,130.11232,130.11232,0.0,0,0,0,0.0,,,0.387239,0.387239,0.0,REQ,,,,,0.0,0.0,0.0,0
431788,2.57707,2.57707,2.57707,2.57707,2.57707,2.57707,udp,0.0,,cs0,,63.0,,1.0,,Status,2,2,0,84,84,0,42.0,0.0,130.38063,130.38063,0.0,0,0,0,0.0,,,0.388038,0.388038,0.0,REQ,,,,,0.0,0.0,0.0,0
431802,2.581648,2.581648,2.581648,2.581648,2.581648,2.581648,udp,0.0,,cs0,,63.0,,1.0,,Status,2,2,0,84,84,0,42.0,0.0,130.149414,130.149414,0.0,0,0,0,0.0,,,0.387349,0.387349,0.0,REQ,,,,,0.0,0.0,0.0,0
431830,0.0,0.0,0.0,0.0,0.0,0.0,udp,0.0,,cs0,,63.0,,1.0,,Status,1,1,0,42,42,0,42.0,0.0,0.0,0.0,0.0,0,0,0,0.0,,,0.0,0.0,0.0,REQ,,,,,0.0,0.0,0.0,0
431850,2.577026,2.577026,2.577026,2.577026,2.577026,2.577026,udp,0.0,,cs0,,63.0,,1.0,,Status,2,2,0,84,84,0,42.0,0.0,130.382858,130.382858,0.0,0,0,0,0.0,,,0.388044,0.388044,0.0,REQ,,,,,0.0,0.0,0.0,0
431902,2.581824,2.581824,2.581824,2.581824,2.581824,2.581824,udp,0.0,,cs0,,63.0,,1.0,,Status,2,2,0,84,84,0,42.0,0.0,130.140549,130.140549,0.0,0,0,0,0.0,,,0.387323,0.387323,0.0,REQ,,,,,0.0,0.0,0.0,0
432040,0.0,0.0,0.0,0.0,0.0,0.0,udp,0.0,,cs0,,63.0,,1.0,,Status,1,1,0,42,42,0,42.0,0.0,0.0,0.0,0.0,0,0,0,0.0,,,0.0,0.0,0.0,REQ,,,,,0.0,0.0,0.0,0
432101,0.0,0.0,0.0,0.0,0.0,0.0,udp,0.0,,cs0,,63.0,,1.0,,Status,1,1,0,42,42,0,42.0,0.0,0.0,0.0,0.0,0,0,0,0.0,,,0.0,0.0,0.0,REQ,,,,,0.0,0.0,0.0,0
432274,0.0,0.0,0.0,0.0,0.0,0.0,udp,0.0,,cs0,,63.0,,1.0,,Status,1,1,0,42,42,0,42.0,0.0,0.0,0.0,0.0,0,0,0,0.0,,,0.0,0.0,0.0,REQ,,,,,0.0,0.0,0.0,0
432279,0.0,0.0,0.0,0.0,0.0,0.0,udp,0.0,,cs0,,63.0,,1.0,,Status,1,1,0,42,42,0,42.0,0.0,0.0,0.0,0.0,0,0,0,0.0,,,0.0,0.0,0.0,REQ,,,,,0.0,0.0,0.0,0
432310,0.0,0.0,0.0,0.0,0.0,0.0,udp,0.0,,cs0,,63.0,,1.0,,Status,1,1,0,42,42,0,42.0,0.0,0.0,0.0,0.0,0,0,0,0.0,,,0.0,0.0,0.0,REQ,,,,,0.0,0.0,0.0,0
432319,2.579331,2.579331,2.579331,2.579331,2.579331,2.579331,udp,0.0,,cs0,,63.0,,1.0,,Status,2,2,0,84,84,0,42.0,0.0,130.266342,130.266342,0.0,0,0,0,0.0,,,0.387697,0.387697,0.0,REQ,,,,,0.0,0.0,0.0,0
432334,0.0,0.0,0.0,0.0,0.0,0.0,udp,0.0,,cs0,,63.0,,1.0,,Status,1,1,0,42,42,0,42.0,0.0,0.0,0.0,0.0,0,0,0,0.0,,,0.0,0.0,0.0,REQ,,,,,0.0,0.0,0.0,0
432360,0.0,0.0,0.0,0.0,0.0,0.0,udp,0.0,,cs0,,63.0,,1.0,,Status,1,1,0,42,42,0,42.0,0.0,0.0,0.0,0.0,0,0,0,0.0,,,0.0,0.0,0.0,REQ,,,,,0.0,0.0,0.0,0
432385,2.580262,2.580262,2.580262,2.580262,2.580262,2.580262,udp,0.0,,cs0,,63.0,,1.0,,Status,2,2,0,84,84,0,42.0,0.0,130.21933,130.21933,0.0,0,0,0,0.0,,,0.387558,0.387558,0.0,REQ,,,,,0.0,0.0,0.0,0
432406,2.580787,2.580787,2.580787,2.580787,2.580787,2.580787,udp,0.0,,cs0,,63.0,,1.0,,Status,2,2,0,84,84,0,42.0,0.0,130.192841,130.192841,0.0,0,0,0,0.0,,,0.387479,0.387479,0.0,REQ,,,,,0.0,0.0,0.0,0
432409,2.581758,2.581758,2.581758,2.581758,2.581758,2.581758,udp,0.0,,cs0,,63.0,,1.0,,Status,2,2,0,84,84,0,42.0,0.0,130.143875,130.143875,0.0,0,0,0,0.0,,,0.387333,0.387333,0.0,REQ,,,,,0.0,0.0,0.0,0
432424,2.582958,2.582958,2.582958,2.582958,2.582958,2.582958,udp,0.0,,cs0,,63.0,,1.0,,Status,2,2,0,84,84,0,42.0,0.0,130.08342,130.08342,0.0,0,0,0,0.0,,,0.387153,0.387153,0.0,REQ,,,,,0.0,0.0,0.0,0
432444,0.0,0.0,0.0,0.0,0.0,0.0,udp,0.0,,cs0,,63.0,,1.0,,Status,1,1,0,42,42,0,42.0,0.0,0.0,0.0,0.0,0,0,0,0.0,,,0.0,0.0,0.0,REQ,,,,,0.0,0.0,0.0,0
432576,2.579983,2.579983,2.579983,2.579983,2.579983,2.579983,udp,0.0,,cs0,,63.0,,1.0,,Status,2,2,0,84,84,0,42.0,0.0,130.233414,130.233414,0.0,0,0,0,0.0,,,0.387599,0.387599,0.0,REQ,,,,,0.0,0.0,0.0,0
432614,0.0,0.0,0.0,0.0,0.0,0.0,udp,0.0,,cs0,,63.0,,1.0,,Status,1,1,0,42,42,0,42.0,0.0,0.0,0.0,0.0,0,0,0,0.0,,,0.0,0.0,0.0,REQ,,,,,0.0,0.0,0.0,0
432629,2.586103,2.586103,2.586103,2.586103,2.586103,2.586103,udp,0.0,,cs0,,63.0,,1.0,,Status,2,2,0,84,84,0,42.0,0.0,129.925217,129.925217,0.0,0,0,0,0.0,,,0.386682,0.386682,0.0,REQ,,,,,0.0,0.0,0.0,0
432708,0.0,0.0,0.0,0.0,0.0,0.0,udp,0.0,,cs0,,63.0,,1.0,,Status,1,1,0,42,42,0,42.0,0.0,0.0,0.0,0.0,0,0,0,0.0,,,0.0,0.0,0.0,REQ,,,,,0.0,0.0,0.0,0
432743,0.0,0.0,0.0,0.0,0.0,0.0,udp,0.0,,cs0,,63.0,,1.0,,Status,1,1,0,42,42,0,42.0,0.0,0.0,0.0,0.0,0,0,0,0.0,,,0.0,0.0,0.0,REQ,,,,,0.0,0.0,0.0,0
432800,0.0,0.0,0.0,0.0,0.0,0.0,udp,0.0,,cs0,,63.0,,1.0,,Status,1,1,0,42,42,0,42.0,0.0,0.0,0.0,0.0,0,0,0,0.0,,,0.0,0.0,0.0,REQ,,,,,0.0,0.0,0.0,0
432854,0.0,0.0,0.0,0.0,0.0,0.0,udp,0.0,,cs0,,63.0,,1.0,,Status,1,1,0,42,42,0,42.0,0.0,0.0,0.0,0.0,0,0,0,0.0,,,0.0,0.0,0.0,REQ,,,,,0.0,0.0,0.0,0
432891,2.581204,2.581204,2.581204,2.581204,2.581204,2.581204,udp,0.0,,cs0,,63.0,,1.0,,Status,2,2,0,84,84,0,42.0,0.0,130.171814,130.171814,0.0,0,0,0,0.0,,,0.387416,0.387416,0.0,REQ,,,,,0.0,0.0,0.0,0
433034,0.0,0.0,0.0,0.0,0.0,0.0,udp,0.0,,cs0,,63.0,,1.0,,Status,1,1,0,42,42,0,42.0,0.0,0.0,0.0,0.0,0,0,0,0.0,,,0.0,0.0,0.0,REQ,,,,,0.0,0.0,0.0,0
433096,0.0,0.0,0.0,0.0,0.0,0.0,udp,0.0,,cs0,,63.0,,1.0,,Status,1,1,0,42,42,0,42.0,0.0,0.0,0.0,0.0,0,0,0,0.0,,,0.0,0.0,0.0,REQ,,,,,0.0,0.0,0.0,0
433103,2.582119,2.582119,2.582119,2.582119,2.582119,2.582119,udp,0.0,,cs0,,63.0,,1.0,,Status,2,2,0,84,84,0,42.0,0.0,130.125687,130.125687,0.0,0,0,0,0.0,,,0.387279,0.387279,0.0,REQ,,,,,0.0,0.0,0.0,0
433120,0.0,0.0,0.0,0.0,0.0,0.0,udp,0.0,,cs0,,63.0,,1.0,,Status,1,1,0,42,42,0,42.0,0.0,0.0,0.0,0.0,0,0,0,0.0,,,0.0,0.0,0.0,REQ,,,,,0.0,0.0,0.0,0
433128,2.581857,2.581857,2.581857,2.581857,2.581857,2.581857,udp,0.0,,cs0,,63.0,,1.0,,Status,2,2,0,84,84,0,42.0,0.0,130.138885,130.138885,0.0,0,0,0,0.0,,,0.387318,0.387318,0.0,REQ,,,,,0.0,0.0,0.0,0
433141,0.0,0.0,0.0,0.0,0.0,0.0,udp,0.0,,cs0,,63.0,,1.0,,Status,1,1,0,42,42,0,42.0,0.0,0.0,0.0,0.0,0,0,0,0.0,,,0.0,0.0,0.0,REQ,,,,,0.0,0.0,0.0,0
433148,0.0,0.0,0.0,0.0,0.0,0.0,udp,0.0,,cs0,,63.0,,1.0,,Status,1,1,0,42,42,0,42.0,0.0,0.0,0.0,0.0,0,0,0,0.0,,,0.0,0.0,0.0,REQ,,,,,0.0,0.0,0.0,0
433184,2.580361,2.580361,2.580361,2.580361,2.580361,2.580361,udp,0.0,,cs0,,63.0,,1.0,,Status,2,2,0,84,84,0,42.0,0.0,130.21434,130.21434,0.0,0,0,0,0.0,,,0.387543,0.387543,0.0,REQ,,,,,0.0,0.0,0.0,0
433213,0.0,0.0,0.0,0.0,0.0,0.0,udp,0.0,,cs0,,63.0,,1.0,,Status,1,1,0,42,42,0,42.0,0.0,0.0,0.0,0.0,0,0,0,0.0,,,0.0,0.0,0.0,REQ,,,,,0.0,0.0,0.0,0
433215,2.576101,2.576101,2.576101,2.576101,2.576101,2.576101,udp,0.0,,cs0,,63.0,,1.0,,Status,2,2,0,84,84,0,42.0,0.0,130.429672,130.429672,0.0,0,0,0,0.0,,,0.388184,0.388184,0.0,REQ,,,,,0.0,0.0,0.0,0
433229,0.0,0.0,0.0,0.0,0.0,0.0,udp,0.0,,cs0,,63.0,,1.0,,Status,1,1,0,42,42,0,42.0,0.0,0.0,0.0,0.0,0,0,0,0.0,,,0.0,0.0,0.0,REQ,,,,,0.0,0.0,0.0,0
433259,2.570972,2.570972,2.570972,2.570972,2.570972,2.570972,udp,0.0,,cs0,,63.0,,1.0,,Status,2,2,0,84,84,0,42.0,0.0,130.68988,130.68988,0.0,0,0,0,0.0,,,0.388958,0.388958,0.0,REQ,,,,,0.0,0.0,0.0,0
433353,2.580221,2.580221,2.580221,2.580221,2.580221,2.580221,udp,0.0,,cs0,,63.0,,1.0,,Status,2,2,0,84,84,0,42.0,0.0,130.221405,130.221405,0.0,0,0,0,0.0,,,0.387564,0.387564,0.0,REQ,,,,,0.0,0.0,0.0,0
433424,0.0,0.0,0.0,0.0,0.0,0.0,udp,0.0,,cs0,,63.0,,1.0,,Status,1,1,0,42,42,0,42.0,0.0,0.0,0.0,0.0,0,0,0,0.0,,,0.0,0.0,0.0,REQ,,,,,0.0,0.0,0.0,0
433507,0.0,0.0,0.0,0.0,0.0,0.0,udp,0.0,,cs0,,63.0,,1.0,,Status,1,1,0,42,42,0,42.0,0.0,0.0,0.0,0.0,0,0,0,0.0,,,0.0,0.0,0.0,REQ,,,,,0.0,0.0,0.0,0
433522,0.0,0.0,0.0,0.0,0.0,0.0,udp,0.0,,cs0,,63.0,,1.0,,Status,1,1,0,42,42,0,42.0,0.0,0.0,0.0,0.0,0,0,0,0.0,,,0.0,0.0,0.0,REQ,,,,,0.0,0.0,0.0,0
433556,0.0,0.0,0.0,0.0,0.0,0.0,udp,0.0,,cs0,,63.0,,1.0,,Status,1,1,0,42,42,0,42.0,0.0,0.0,0.0,0.0,0,0,0,0.0,,,0.0,0.0,0.0,REQ,,,,,0.0,0.0,0.0,0
433635,0.0,0.0,0.0,0.0,0.0,0.0,udp,0.0,,cs0,,63.0,,1.0,,Status,1,1,0,42,42,0,42.0,0.0,0.0,0.0,0.0,0,0,0,0.0,,,0.0,0.0,0.0,REQ,,,,,0.0,0.0,0.0,0
433658,2.5791,2.5791,2.5791,2.5791,2.5791,2.5791,udp,0.0,,cs0,,63.0,,1.0,,Status,2,2,0,84,84,0,42.0,0.0,130.278015,130.278015,0.0,0,0,0,0.0,,,0.387732,0.387732,0.0,REQ,,,,,0.0,0.0,0.0,0
433709,2.573026,2.573026,2.573026,2.573026,2.573026,2.573026,udp,0.0,,cs0,,63.0,,1.0,,Status,2,2,0,84,84,0,42.0,0.0,130.585541,130.585541,0.0,0,0,0,0.0,,,0.388647,0.388647,0.0,REQ,,,,,0.0,0.0,0.0,0
433713,2.573039,2.573039,2.573039,2.573039,2.573039,2.573039,udp,0.0,,cs0,,63.0,,1.0,,Status,2,2,0,84,84,0,42.0,0.0,130.584885,130.584885,0.0,0,0,0,0.0,,,0.388645,0.388645,0.0,REQ,,,,,0.0,0.0,0.0,0
433743,2.574801,2.574801,2.574801,2.574801,2.574801,2.574801,udp,0.0,,cs0,,63.0,,1.0,,Status,2,2,0,84,84,0,42.0,0.0,130.495529,130.495529,0.0,0,0,0,0.0,,,0.38838,0.38838,0.0,REQ,,,,,0.0,0.0,0.0,0
433799,0.0,0.0,0.0,0.0,0.0,0.0,udp,0.0,,cs0,,63.0,,1.0,,Status,1,1,0,42,42,0,42.0,0.0,0.0,0.0,0.0,0,0,0,0.0,,,0.0,0.0,0.0,REQ,,,,,0.0,0.0,0.0,0
433803,0.0,0.0,0.0,0.0,0.0,0.0,udp,0.0,,cs0,,63.0,,1.0,,Status,1,1,0,42,42,0,42.0,0.0,0.0,0.0,0.0,0,0,0,0.0,,,0.0,0.0,0.0,REQ,,,,,0.0,0.0,0.0,0
433866,2.582139,2.582139,2.582139,2.582139,2.582139,2.582139,udp,0.0,,cs0,,63.0,,1.0,,Status,2,2,0,84,84,0,42.0,0.0,130.12468,130.12468,0.0,0,0,0,0.0,,,0.387276,0.387276,0.0,REQ,,,,,0.0,0.0,0.0,0
433892,0.0,0.0,0.0,0.0,0.0,0.0,udp,0.0,,cs0,,63.0,,1.0,,Status,1,1,0,42,42,0,42.0,0.0,0.0,0.0,0.0,0,0,0,0.0,,,0.0,0.0,0.0,REQ,,,,,0.0,0.0,0.0,0
433962,0.0,0.0,0.0,0.0,0.0,0.0,udp,0.0,,cs0,,63.0,,1.0,,Status,1,1,0,42,42,0,42.0,0.0,0.0,0.0,0.0,0,0,0,0.0,,,0.0,0.0,0.0,REQ,,,,,0.0,0.0,0.0,0
433970,0.0,0.0,0.0,0.0,0.0,0.0,udp,0.0,,cs0,,63.0,,1.0,,Status,1,1,0,42,42,0,42.0,0.0,0.0,0.0,0.0,0,0,0,0.0,,,0.0,0.0,0.0,REQ,,,,,0.0,0.0,0.0,0
433982,2.584152,2.584152,2.584152,2.584152,2.584152,2.584152,udp,0.0,,cs0,,63.0,,1.0,,Status,2,2,0,84,84,0,42.0,0.0,130.023315,130.023315,0.0,0,0,0,0.0,,,0.386974,0.386974,0.0,REQ,,,,,0.0,0.0,0.0,0
434103,2.580122,2.580122,2.580122,2.580122,2.580122,2.580122,udp,0.0,,cs0,,63.0,,1.0,,Status,2,2,0,84,84,0,42.0,0.0,130.226395,130.226395,0.0,0,0,0,0.0,,,0.387579,0.387579,0.0,REQ,,,,,0.0,0.0,0.0,0
434153,2.581479,2.581479,2.581479,2.581479,2.581479,2.581479,udp,0.0,,cs0,,63.0,,1.0,,Status,2,2,0,84,84,0,42.0,0.0,130.157944,130.157944,0.0,0,0,0,0.0,,,0.387375,0.387375,0.0,REQ,,,,,0.0,0.0,0.0,0
434178,0.0,0.0,0.0,0.0,0.0,0.0,udp,0.0,,cs0,,63.0,,1.0,,Status,1,1,0,42,42,0,42.0,0.0,0.0,0.0,0.0,0,0,0,0.0,,,0.0,0.0,0.0,REQ,,,,,0.0,0.0,0.0,0
434191,2.576202,2.576202,2.576202,2.576202,2.576202,2.576202,udp,0.0,,cs0,,63.0,,1.0,,Status,2,2,0,84,84,0,42.0,0.0,130.424561,130.424561,0.0,0,0,0,0.0,,,0.388168,0.388168,0.0,REQ,,,,,0.0,0.0,0.0,0
434209,0.0,0.0,0.0,0.0,0.0,0.0,udp,0.0,,cs0,,63.0,,1.0,,Status,1,1,0,42,42,0,42.0,0.0,0.0,0.0,0.0,0,0,0,0.0,,,0.0,0.0,0.0,REQ,,,,,0.0,0.0,0.0,0
434256,0.0,0.0,0.0,0.0,0.0,0.0,udp,0.0,,cs0,,63.0,,1.0,,Status,1,1,0,42,42,0,42.0,0.0,0.0,0.0,0.0,0,0,0,0.0,,,0.0,0.0,0.0,REQ,,,,,0.0,0.0,0.0,0
434332,0.0,0.0,0.0,0.0,0.0,0.0,udp,0.0,,cs0,,63.0,,1.0,,Status,1,1,0,42,42,0,42.0,0.0,0.0,0.0,0.0,0,0,0,0.0,,,0.0,0.0,0.0,REQ,,,,,0.0,0.0,0.0,0
434343,2.581035,2.581035,2.581035,2.581035,2.581035,2.581035,udp,0.0,,cs0,,63.0,,1.0,,Status,2,2,0,84,84,0,42.0,0.0,130.180344,130.180344,0.0,0,0,0,0.0,,,0.387441,0.387441,0.0,REQ,,,,,0.0,0.0,0.0,0
434350,2.580927,2.580927,2.580927,2.580927,2.580927,2.580927,udp,0.0,,cs0,,63.0,,1.0,,Status,2,2,0,84,84,0,42.0,0.0,130.185791,130.185791,0.0,0,0,0,0.0,,,0.387458,0.387458,0.0,REQ,,,,,0.0,0.0,0.0,0
434395,0.0,0.0,0.0,0.0,0.0,0.0,udp,0.0,,cs0,,63.0,,1.0,,Status,1,1,0,42,42,0,42.0,0.0,0.0,0.0,0.0,0,0,0,0.0,,,0.0,0.0,0.0,REQ,,,,,0.0,0.0,0.0,0
434436,2.579032,2.579032,2.579032,2.579032,2.579032,2.579032,udp,0.0,,cs0,,63.0,,1.0,,Status,2,2,0,84,84,0,42.0,0.0,130.281448,130.281448,0.0,0,0,0,0.0,,,0.387742,0.387742,0.0,REQ,,,,,0.0,0.0,0.0,0
434582,2.582461,2.582461,2.582461,2.582461,2.582461,2.582461,udp,0.0,,cs0,,63.0,,1.0,,Status,2,2,0,84,84,0,42.0,0.0,130.108444,130.108444,0.0,0,0,0,0.0,,,0.387228,0.387228,0.0,REQ,,,,,0.0,0.0,0.0,0
434603,0.0,0.0,0.0,0.0,0.0,0.0,udp,0.0,,cs0,,63.0,,1.0,,Status,1,1,0,42,42,0,42.0,0.0,0.0,0.0,0.0,0,0,0,0.0,,,0.0,0.0,0.0,REQ,,,,,0.0,0.0,0.0,0
434694,0.0,0.0,0.0,0.0,0.0,0.0,udp,0.0,,cs0,,63.0,,1.0,,Status,1,1,0,42,42,0,42.0,0.0,0.0,0.0,0.0,0,0,0,0.0,,,0.0,0.0,0.0,REQ,,,,,0.0,0.0,0.0,0
434719,2.573001,2.573001,2.573001,2.573001,2.573001,2.573001,udp,0.0,,cs0,,63.0,,1.0,,Start,2,2,0,84,84,0,42.0,0.0,130.586823,130.586823,0.0,0,0,0,0.0,,,0.388651,0.388651,0.0,INT,,,,,0.0,0.0,0.0,0
434758,2.577801,2.577801,2.577801,2.577801,2.577801,2.577801,udp,0.0,,cs0,,63.0,,1.0,,Status,2,2,0,84,84,0,42.0,0.0,130.343658,130.343658,0.0,0,0,0,0.0,,,0.387928,0.387928,0.0,REQ,,,,,0.0,0.0,0.0,0
434833,0.0,0.0,0.0,0.0,0.0,0.0,udp,0.0,,cs0,,63.0,,1.0,,Status,1,1,0,42,42,0,42.0,0.0,0.0,0.0,0.0,0,0,0,0.0,,,0.0,0.0,0.0,REQ,,,,,0.0,0.0,0.0,0
434895,2.577496,2.577496,2.577496,2.577496,2.577496,2.577496,udp,0.0,,cs0,,63.0,,1.0,,Status,2,2,0,84,84,0,42.0,0.0,130.35907,130.35907,0.0,0,0,0,0.0,,,0.387973,0.387973,0.0,REQ,,,,,0.0,0.0,0.0,0
434906,0.0,0.0,0.0,0.0,0.0,0.0,udp,0.0,,cs0,,63.0,,1.0,,Status,1,1,0,42,42,0,42.0,0.0,0.0,0.0,0.0,0,0,0,0.0,,,0.0,0.0,0.0,REQ,,,,,0.0,0.0,0.0,0
434915,0.0,0.0,0.0,0.0,0.0,0.0,udp,0.0,,cs0,,63.0,,1.0,,Status,1,1,0,42,42,0,42.0,0.0,0.0,0.0,0.0,0,0,0,0.0,,,0.0,0.0,0.0,REQ,,,,,0.0,0.0,0.0,0
434916,0.0,0.0,0.0,0.0,0.0,0.0,udp,0.0,,cs0,,63.0,,1.0,,Status,1,1,0,42,42,0,42.0,0.0,0.0,0.0,0.0,0,0,0,0.0,,,0.0,0.0,0.0,REQ,,,,,0.0,0.0,0.0,0
434934,2.579018,2.579018,2.579018,2.579018,2.579018,2.579018,udp,0.0,,cs0,,63.0,,1.0,,Status,2,2,0,84,84,0,42.0,0.0,130.282135,130.282135,0.0,0,0,0,0.0,,,0.387744,0.387744,0.0,REQ,,,,,0.0,0.0,0.0,0
434978,0.0,0.0,0.0,0.0,0.0,0.0,udp,0.0,,cs0,,63.0,,1.0,,Status,1,1,0,42,42,0,42.0,0.0,0.0,0.0,0.0,0,0,0,0.0,,,0.0,0.0,0.0,REQ,,,,,0.0,0.0,0.0,0
435059,2.579872,2.579872,2.579872,2.579872,2.579872,2.579872,udp,0.0,,cs0,,63.0,,1.0,,Status,2,2,0,84,84,0,42.0,0.0,130.239029,130.239029,0.0,0,0,0,0.0,,,0.387616,0.387616,0.0,REQ,,,,,0.0,0.0,0.0,0
435069,0.0,0.0,0.0,0.0,0.0,0.0,udp,0.0,,cs0,,63.0,,1.0,,Status,1,1,0,42,42,0,42.0,0.0,0.0,0.0,0.0,0,0,0,0.0,,,0.0,0.0,0.0,REQ,,,,,0.0,0.0,0.0,0
435102,2.582142,2.582142,2.582142,2.582142,2.582142,2.582142,udp,0.0,,cs0,,63.0,,1.0,,Status,2,2,0,84,84,0,42.0,0.0,130.124512,130.124512,0.0,0,0,0,0.0,,,0.387275,0.387275,0.0,REQ,,,,,0.0,0.0,0.0,0
435253,2.579583,2.579583,2.579583,2.579583,2.579583,2.579583,udp,0.0,,cs0,,63.0,,1.0,,Status,2,2,0,84,84,0,42.0,0.0,130.253616,130.253616,0.0,0,0,0,0.0,,,0.38766,0.38766,0.0,REQ,,,,,0.0,0.0,0.0,0
435295,2.578154,2.578154,2.578154,2.578154,2.578154,2.578154,udp,0.0,,cs0,,63.0,,1.0,,Status,2,2,0,84,84,0,42.0,0.0,130.325806,130.325806,0.0,0,0,0,0.0,,,0.387874,0.387874,0.0,REQ,,,,,0.0,0.0,0.0,0
435310,0.0,0.0,0.0,0.0,0.0,0.0,udp,0.0,,cs0,,63.0,,1.0,,Status,1,1,0,42,42,0,42.0,0.0,0.0,0.0,0.0,0,0,0,0.0,,,0.0,0.0,0.0,REQ,,,,,0.0,0.0,0.0,0
435384,2.580836,2.580836,2.580836,2.580836,2.580836,2.580836,udp,0.0,,cs0,,63.0,,1.0,,Status,2,2,0,84,84,0,42.0,0.0,130.190369,130.190369,0.0,0,0,0,0.0,,,0.387471,0.387471,0.0,REQ,,,,,0.0,0.0,0.0,0
435389,0.0,0.0,0.0,0.0,0.0,0.0,udp,0.0,,cs0,,63.0,,1.0,,Status,1,1,0,42,42,0,42.0,0.0,0.0,0.0,0.0,0,0,0,0.0,,,0.0,0.0,0.0,REQ,,,,,0.0,0.0,0.0,0
435420,0.0,0.0,0.0,0.0,0.0,0.0,udp,0.0,,cs0,,63.0,,1.0,,Status,1,1,0,42,42,0,42.0,0.0,0.0,0.0,0.0,0,0,0,0.0,,,0.0,0.0,0.0,REQ,,,,,0.0,0.0,0.0,0
435472,2.581142,2.581142,2.581142,2.581142,2.581142,2.581142,udp,0.0,,cs0,,63.0,,1.0,,Status,2,2,0,84,84,0,42.0,0.0,130.174942,130.174942,0.0,0,0,0,0.0,,,0.387425,0.387425,0.0,REQ,,,,,0.0,0.0,0.0,0
435488,2.581216,2.581216,2.581216,2.581216,2.581216,2.581216,udp,0.0,,cs0,,63.0,,1.0,,Status,2,2,0,84,84,0,42.0,0.0,130.171204,130.171204,0.0,0,0,0,0.0,,,0.387414,0.387414,0.0,REQ,,,,,0.0,0.0,0.0,0
435511,2.576006,2.576006,2.576006,2.576006,2.576006,2.576006,udp,0.0,,cs0,,63.0,,1.0,,Status,2,2,0,84,84,0,42.0,0.0,130.434479,130.434479,0.0,0,0,0,0.0,,,0.388198,0.388198,0.0,REQ,,,,,0.0,0.0,0.0,0
435533,2.580069,2.580069,2.580069,2.580069,2.580069,2.580069,udp,0.0,,cs0,,63.0,,1.0,,Status,2,2,0,84,84,0,42.0,0.0,130.229065,130.229065,0.0,0,0,0,0.0,,,0.387587,0.387587,0.0,REQ,,,,,0.0,0.0,0.0,0
435539,0.0,0.0,0.0,0.0,0.0,0.0,udp,0.0,,cs0,,63.0,,1.0,,Status,1,1,0,42,42,0,42.0,0.0,0.0,0.0,0.0,0,0,0,0.0,,,0.0,0.0,0.0,REQ,,,,,0.0,0.0,0.0,0
435566,0.0,0.0,0.0,0.0,0.0,0.0,udp,0.0,,cs0,,63.0,,1.0,,Status,1,1,0,42,42,0,42.0,0.0,0.0,0.0,0.0,0,0,0,0.0,,,0.0,0.0,0.0,REQ,,,,,0.0,0.0,0.0,0
435638,2.58095,2.58095,2.58095,2.58095,2.58095,2.58095,udp,0.0,,cs0,,63.0,,1.0,,Status,2,2,0,84,84,0,42.0,0.0,130.184616,130.184616,0.0,0,0,0,0.0,,,0.387454,0.387454,0.0,REQ,,,,,0.0,0.0,0.0,0
435729,2.578673,2.578673,2.578673,2.578673,2.578673,2.578673,udp,0.0,,cs0,,63.0,,1.0,,Status,2,2,0,84,84,0,42.0,0.0,130.299576,130.299576,0.0,0,0,0,0.0,,,0.387796,0.387796,0.0,REQ,,,,,0.0,0.0,0.0,0
435787,2.580948,2.580948,2.580948,2.580948,2.580948,2.580948,udp,0.0,,cs0,,63.0,,1.0,,Status,2,2,0,84,84,0,42.0,0.0,130.184723,130.184723,0.0,0,0,0,0.0,,,0.387455,0.387455,0.0,REQ,,,,,0.0,0.0,0.0,0
435804,2.581088,2.581088,2.581088,2.581088,2.581088,2.581088,udp,0.0,,cs0,,63.0,,1.0,,Status,2,2,0,84,84,0,42.0,0.0,130.177658,130.177658,0.0,0,0,0,0.0,,,0.387433,0.387433,0.0,REQ,,,,,0.0,0.0,0.0,0
435805,2.581088,2.581088,2.581088,2.581088,2.581088,2.581088,udp,0.0,,cs0,,63.0,,1.0,,Status,2,2,0,84,84,0,42.0,0.0,130.177658,130.177658,0.0,0,0,0,0.0,,,0.387433,0.387433,0.0,REQ,,,,,0.0,0.0,0.0,0
435850,2.580745,2.580745,2.580745,2.580745,2.580745,2.580745,udp,0.0,,cs0,,63.0,,1.0,,Status,2,2,0,84,84,0,42.0,0.0,130.194962,130.194962,0.0,0,0,0,0.0,,,0.387485,0.387485,0.0,REQ,,,,,0.0,0.0,0.0,0
435859,2.579825,2.579825,2.579825,2.579825,2.579825,2.579825,udp,0.0,,cs0,,63.0,,1.0,,Status,2,2,0,84,84,0,42.0,0.0,130.241394,130.241394,0.0,0,0,0,0.0,,,0.387623,0.387623,0.0,REQ,,,,,0.0,0.0,0.0,0
435911,2.580238,2.580238,2.580238,2.580238,2.580238,2.580238,udp,0.0,,cs0,,63.0,,1.0,,Status,2,2,0,84,84,0,42.0,0.0,130.220535,130.220535,0.0,0,0,0,0.0,,,0.387561,0.387561,0.0,REQ,,,,,0.0,0.0,0.0,0
435912,2.580238,2.580238,2.580238,2.580238,2.580238,2.580238,udp,0.0,,cs0,,63.0,,1.0,,Status,2,2,0,84,84,0,42.0,0.0,130.220535,130.220535,0.0,0,0,0,0.0,,,0.387561,0.387561,0.0,REQ,,,,,0.0,0.0,0.0,0
435972,2.583026,2.583026,2.583026,2.583026,2.583026,2.583026,udp,0.0,,cs0,,63.0,,1.0,,Status,2,2,0,84,84,0,42.0,0.0,130.080002,130.080002,0.0,0,0,0,0.0,,,0.387143,0.387143,0.0,REQ,,,,,0.0,0.0,0.0,0
435974,2.583038,2.583038,2.583038,2.583038,2.583038,2.583038,udp,0.0,,cs0,,63.0,,1.0,,Status,2,2,0,84,84,0,42.0,0.0,130.079376,130.079376,0.0,0,0,0,0.0,,,0.387141,0.387141,0.0,REQ,,,,,0.0,0.0,0.0,0
435992,2.579314,2.579314,2.579314,2.579314,2.579314,2.579314,udp,0.0,,cs0,,63.0,,1.0,,Status,2,2,0,84,84,0,42.0,0.0,130.267197,130.267197,0.0,0,0,0,0.0,,,0.3877,0.3877,0.0,REQ,,,,,0.0,0.0,0.0,0
435996,2.577273,2.577273,2.577273,2.577273,2.577273,2.577273,udp,0.0,,cs0,,63.0,,1.0,,Status,2,2,0,84,84,0,42.0,0.0,130.370361,130.370361,0.0,0,0,0,0.0,,,0.388007,0.388007,0.0,REQ,,,,,0.0,0.0,0.0,0
436017,2.577305,2.577305,2.577305,2.577305,2.577305,2.577305,udp,0.0,,cs0,,63.0,,1.0,,Status,2,2,0,84,84,0,42.0,0.0,130.368729,130.368729,0.0,0,0,0,0.0,,,0.388002,0.388002,0.0,REQ,,,,,0.0,0.0,0.0,0
436022,2.577751,2.577751,2.577751,2.577751,2.577751,2.577751,udp,0.0,,cs0,,63.0,,1.0,,Status,2,2,0,84,84,0,42.0,0.0,130.346191,130.346191,0.0,0,0,0,0.0,,,0.387935,0.387935,0.0,REQ,,,,,0.0,0.0,0.0,0
436040,2.582805,2.582805,2.582805,2.582805,2.582805,2.582805,udp,0.0,,cs0,,63.0,,1.0,,Status,2,2,0,84,84,0,42.0,0.0,130.091125,130.091125,0.0,0,0,0,0.0,,,0.387176,0.387176,0.0,REQ,,,,,0.0,0.0,0.0,0
436054,0.0,0.0,0.0,0.0,0.0,0.0,udp,0.0,,cs0,,63.0,,1.0,,Status,1,1,0,42,42,0,42.0,0.0,0.0,0.0,0.0,0,0,0,0.0,,,0.0,0.0,0.0,REQ,,,,,0.0,0.0,0.0,0
436080,2.583079,2.583079,2.583079,2.583079,2.583079,2.583079,udp,0.0,,cs0,,63.0,,1.0,,Status,2,2,0,84,84,0,42.0,0.0,130.077316,130.077316,0.0,0,0,0,0.0,,,0.387135,0.387135,0.0,REQ,,,,,0.0,0.0,0.0,0
436192,2.580997,2.580997,2.580997,2.580997,2.580997,2.580997,udp,0.0,,cs0,,63.0,,1.0,,Status,2,2,0,84,84,0,42.0,0.0,130.182251,130.182251,0.0,0,0,0,0.0,,,0.387447,0.387447,0.0,REQ,,,,,0.0,0.0,0.0,0
436227,0.0,0.0,0.0,0.0,0.0,0.0,udp,0.0,,cs0,,63.0,,1.0,,Status,1,1,0,42,42,0,42.0,0.0,0.0,0.0,0.0,0,0,0,0.0,,,0.0,0.0,0.0,REQ,,,,,0.0,0.0,0.0,0
436321,2.577864,2.577864,2.577864,2.577864,2.577864,2.577864,udp,0.0,,cs0,,63.0,,1.0,,Status,2,2,0,84,84,0,42.0,0.0,130.340469,130.340469,0.0,0,0,0,0.0,,,0.387918,0.387918,0.0,REQ,,,,,0.0,0.0,0.0,0
436331,2.581647,2.581647,2.581647,2.581647,2.581647,2.581647,udp,0.0,,cs0,,63.0,,1.0,,Status,2,2,0,84,84,0,42.0,0.0,130.149475,130.149475,0.0,0,0,0,0.0,,,0.38735,0.38735,0.0,REQ,,,,,0.0,0.0,0.0,0
436343,2.583766,2.583766,2.583766,2.583766,2.583766,2.583766,udp,0.0,,cs0,,63.0,,1.0,,Status,2,2,0,84,84,0,42.0,0.0,130.04274,130.04274,0.0,0,0,0,0.0,,,0.387032,0.387032,0.0,REQ,,,,,0.0,0.0,0.0,0
436384,2.580327,2.580327,2.580327,2.580327,2.580327,2.580327,udp,0.0,,cs0,,63.0,,1.0,,Status,2,2,0,84,84,0,42.0,0.0,130.216049,130.216049,0.0,0,0,0,0.0,,,0.387548,0.387548,0.0,REQ,,,,,0.0,0.0,0.0,0
436438,0.0,0.0,0.0,0.0,0.0,0.0,udp,0.0,,cs0,,63.0,,1.0,,Status,1,1,0,42,42,0,42.0,0.0,0.0,0.0,0.0,0,0,0,0.0,,,0.0,0.0,0.0,REQ,,,,,0.0,0.0,0.0,0
436439,0.0,0.0,0.0,0.0,0.0,0.0,udp,0.0,,cs0,,63.0,,1.0,,Status,1,1,0,42,42,0,42.0,0.0,0.0,0.0,0.0,0,0,0,0.0,,,0.0,0.0,0.0,REQ,,,,,0.0,0.0,0.0,0
436529,2.584583,2.584583,2.584583,2.584583,2.584583,2.584583,udp,0.0,,cs0,,63.0,,1.0,,Status,2,2,0,84,84,0,42.0,0.0,130.001633,130.001633,0.0,0,0,0,0.0,,,0.38691,0.38691,0.0,REQ,,,,,0.0,0.0,0.0,0
436736,0.0,0.0,0.0,0.0,0.0,0.0,udp,0.0,,cs0,,63.0,,1.0,,Status,1,1,0,42,42,0,42.0,0.0,0.0,0.0,0.0,0,0,0,0.0,,,0.0,0.0,0.0,REQ,,,,,0.0,0.0,0.0,0
436755,0.0,0.0,0.0,0.0,0.0,0.0,udp,0.0,,cs0,,63.0,,1.0,,Status,1,1,0,42,42,0,42.0,0.0,0.0,0.0,0.0,0,0,0,0.0,,,0.0,0.0,0.0,REQ,,,,,0.0,0.0,0.0,0
436766,2.578127,2.578127,2.578127,2.578127,2.578127,2.578127,udp,0.0,,cs0,,63.0,,1.0,,Status,2,2,0,84,84,0,42.0,0.0,130.327179,130.327179,0.0,0,0,0,0.0,,,0.387879,0.387879,0.0,REQ,,,,,0.0,0.0,0.0,0
436773,2.575068,2.575068,2.575068,2.575068,2.575068,2.575068,udp,0.0,,cs0,,63.0,,1.0,,Status,2,2,0,84,84,0,42.0,0.0,130.481995,130.481995,0.0,0,0,0,0.0,,,0.388339,0.388339,0.0,REQ,,,,,0.0,0.0,0.0,0
436826,0.0,0.0,0.0,0.0,0.0,0.0,udp,0.0,,cs0,,63.0,,1.0,,Status,1,1,0,42,42,0,42.0,0.0,0.0,0.0,0.0,0,0,0,0.0,,,0.0,0.0,0.0,REQ,,,,,0.0,0.0,0.0,0
436846,0.0,0.0,0.0,0.0,0.0,0.0,udp,0.0,,cs0,,63.0,,1.0,,Status,1,1,0,42,42,0,42.0,0.0,0.0,0.0,0.0,0,0,0,0.0,,,0.0,0.0,0.0,REQ,,,,,0.0,0.0,0.0,0
436871,2.581072,2.581072,2.581072,2.581072,2.581072,2.581072,udp,0.0,,cs0,,63.0,,1.0,,Status,2,2,0,84,84,0,42.0,0.0,130.178467,130.178467,0.0,0,0,0,0.0,,,0.387436,0.387436,0.0,REQ,,,,,0.0,0.0,0.0,0
436898,0.0,0.0,0.0,0.0,0.0,0.0,udp,0.0,,cs0,,63.0,,1.0,,Status,1,1,0,42,42,0,42.0,0.0,0.0,0.0,0.0,0,0,0,0.0,,,0.0,0.0,0.0,REQ,,,,,0.0,0.0,0.0,0
437002,2.5802,2.5802,2.5802,2.5802,2.5802,2.5802,udp,0.0,,cs0,,63.0,,1.0,,Status,2,2,0,84,84,0,42.0,0.0,130.222473,130.222473,0.0,0,0,0,0.0,,,0.387567,0.387567,0.0,REQ,,,,,0.0,0.0,0.0,0
437074,0.0,0.0,0.0,0.0,0.0,0.0,udp,0.0,,cs0,,63.0,,1.0,,Status,1,1,0,42,42,0,42.0,0.0,0.0,0.0,0.0,0,0,0,0.0,,,0.0,0.0,0.0,REQ,,,,,0.0,0.0,0.0,0
437089,2.580748,2.580748,2.580748,2.580748,2.580748,2.580748,udp,0.0,,cs0,,63.0,,1.0,,Status,2,2,0,84,84,0,42.0,0.0,130.194809,130.194809,0.0,0,0,0,0.0,,,0.387485,0.387485,0.0,REQ,,,,,0.0,0.0,0.0,0
437093,2.58299,2.58299,2.58299,2.58299,2.58299,2.58299,udp,0.0,,cs0,,63.0,,1.0,,Status,2,2,0,84,84,0,42.0,0.0,130.081802,130.081802,0.0,0,0,0,0.0,,,0.387148,0.387148,0.0,REQ,,,,,0.0,0.0,0.0,0
437129,0.0,0.0,0.0,0.0,0.0,0.0,udp,0.0,,cs0,,63.0,,1.0,,Status,1,1,0,42,42,0,42.0,0.0,0.0,0.0,0.0,0,0,0,0.0,,,0.0,0.0,0.0,REQ,,,,,0.0,0.0,0.0,0
437218,0.0,0.0,0.0,0.0,0.0,0.0,udp,0.0,,cs0,,63.0,,1.0,,Status,1,1,0,42,42,0,42.0,0.0,0.0,0.0,0.0,0,0,0,0.0,,,0.0,0.0,0.0,REQ,,,,,0.0,0.0,0.0,0
437283,2.585136,2.585136,2.585136,2.585136,2.585136,2.585136,udp,0.0,,cs0,,63.0,,1.0,,Status,2,2,0,84,84,0,42.0,0.0,129.973816,129.973816,0.0,0,0,0,0.0,,,0.386827,0.386827,0.0,REQ,,,,,0.0,0.0,0.0,0
437353,2.579738,2.579738,2.579738,2.579738,2.579738,2.579738,udp,0.0,,cs0,,63.0,,1.0,,Status,2,2,0,84,84,0,42.0,0.0,130.245789,130.245789,0.0,0,0,0,0.0,,,0.387636,0.387636,0.0,REQ,,,,,0.0,0.0,0.0,0
437368,0.0,0.0,0.0,0.0,0.0,0.0,udp,0.0,,cs0,,63.0,,1.0,,Status,1,1,0,42,42,0,42.0,0.0,0.0,0.0,0.0,0,0,0,0.0,,,0.0,0.0,0.0,REQ,,,,,0.0,0.0,0.0,0
437389,2.580781,2.580781,2.580781,2.580781,2.580781,2.580781,udp,0.0,,cs0,,63.0,,1.0,,Status,2,2,0,84,84,0,42.0,0.0,130.193146,130.193146,0.0,0,0,0,0.0,,,0.38748,0.38748,0.0,REQ,,,,,0.0,0.0,0.0,0
437413,0.0,0.0,0.0,0.0,0.0,0.0,udp,0.0,,cs0,,63.0,,1.0,,Status,1,1,0,42,42,0,42.0,0.0,0.0,0.0,0.0,0,0,0,0.0,,,0.0,0.0,0.0,REQ,,,,,0.0,0.0,0.0,0
437539,2.579596,2.579596,2.579596,2.579596,2.579596,2.579596,udp,0.0,,cs0,,63.0,,1.0,,Status,2,2,0,84,84,0,42.0,0.0,130.252945,130.252945,0.0,0,0,0,0.0,,,0.387658,0.387658,0.0,REQ,,,,,0.0,0.0,0.0,0
437546,2.58257,2.58257,2.58257,2.58257,2.58257,2.58257,udp,0.0,,cs0,,63.0,,1.0,,Status,2,2,0,84,84,0,42.0,0.0,130.102951,130.102951,0.0,0,0,0,0.0,,,0.387211,0.387211,0.0,REQ,,,,,0.0,0.0,0.0,0
437901,0.0,0.0,0.0,0.0,0.0,0.0,udp,0.0,,cs0,,63.0,,1.0,,Status,1,1,0,42,42,0,42.0,0.0,0.0,0.0,0.0,0,0,0,0.0,,,0.0,0.0,0.0,REQ,,,,,0.0,0.0,0.0,0
437903,0.0,0.0,0.0,0.0,0.0,0.0,udp,0.0,,cs0,,63.0,,1.0,,Status,1,1,0,42,42,0,42.0,0.0,0.0,0.0,0.0,0,0,0,0.0,,,0.0,0.0,0.0,REQ,,,,,0.0,0.0,0.0,0
437998,0.0,0.0,0.0,0.0,0.0,0.0,udp,0.0,,cs0,,63.0,,1.0,,Status,1,1,0,42,42,0,42.0,0.0,0.0,0.0,0.0,0,0,0,0.0,,,0.0,0.0,0.0,REQ,,,,,0.0,0.0,0.0,0
438210,0.0,0.0,0.0,0.0,0.0,0.0,udp,0.0,,cs0,,63.0,,1.0,,Status,1,1,0,42,42,0,42.0,0.0,0.0,0.0,0.0,0,0,0,0.0,,,0.0,0.0,0.0,REQ,,,,,0.0,0.0,0.0,0
438213,0.0,0.0,0.0,0.0,0.0,0.0,udp,0.0,,cs0,,63.0,,1.0,,Status,1,1,0,42,42,0,42.0,0.0,0.0,0.0,0.0,0,0,0,0.0,,,0.0,0.0,0.0,REQ,,,,,0.0,0.0,0.0,0
438234,0.0,0.0,0.0,0.0,0.0,0.0,udp,0.0,,cs0,,63.0,,1.0,,Status,1,1,0,42,42,0,42.0,0.0,0.0,0.0,0.0,0,0,0,0.0,,,0.0,0.0,0.0,REQ,,,,,0.0,0.0,0.0,0
438271,2.582683,2.582683,2.582683,2.582683,2.582683,2.582683,udp,0.0,,cs0,,63.0,,1.0,,Status,2,2,0,84,84,0,42.0,0.0,130.09726,130.09726,0.0,0,0,0,0.0,,,0.387194,0.387194,0.0,REQ,,,,,0.0,0.0,0.0,0
438273,2.582674,2.582674,2.582674,2.582674,2.582674,2.582674,udp,0.0,,cs0,,63.0,,1.0,,Status,2,2,0,84,84,0,42.0,0.0,130.097717,130.097717,0.0,0,0,0,0.0,,,0.387196,0.387196,0.0,REQ,,,,,0.0,0.0,0.0,0
438297,2.582963,2.582963,2.582963,2.582963,2.582963,2.582963,udp,0.0,,cs0,,63.0,,1.0,,Status,2,2,0,84,84,0,42.0,0.0,130.08316,130.08316,0.0,0,0,0,0.0,,,0.387152,0.387152,0.0,REQ,,,,,0.0,0.0,0.0,0
438354,0.0,0.0,0.0,0.0,0.0,0.0,udp,0.0,,cs0,,63.0,,1.0,,Status,1,1,0,42,42,0,42.0,0.0,0.0,0.0,0.0,0,0,0,0.0,,,0.0,0.0,0.0,REQ,,,,,0.0,0.0,0.0,0
438355,0.0,0.0,0.0,0.0,0.0,0.0,udp,0.0,,cs0,,63.0,,1.0,,Status,1,1,0,42,42,0,42.0,0.0,0.0,0.0,0.0,0,0,0,0.0,,,0.0,0.0,0.0,REQ,,,,,0.0,0.0,0.0,0
438361,0.0,0.0,0.0,0.0,0.0,0.0,udp,0.0,,cs0,,63.0,,1.0,,Status,1,1,0,42,42,0,42.0,0.0,0.0,0.0,0.0,0,0,0,0.0,,,0.0,0.0,0.0,REQ,,,,,0.0,0.0,0.0,0
438362,0.0,0.0,0.0,0.0,0.0,0.0,udp,0.0,,cs0,,63.0,,1.0,,Status,1,1,0,42,42,0,42.0,0.0,0.0,0.0,0.0,0,0,0,0.0,,,0.0,0.0,0.0,REQ,,,,,0.0,0.0,0.0,0
438400,0.0,0.0,0.0,0.0,0.0,0.0,udp,0.0,,cs0,,63.0,,1.0,,Status,1,1,0,42,42,0,42.0,0.0,0.0,0.0,0.0,0,0,0,0.0,,,0.0,0.0,0.0,REQ,,,,,0.0,0.0,0.0,0
438401,0.0,0.0,0.0,0.0,0.0,0.0,udp,0.0,,cs0,,63.0,,1.0,,Status,1,1,0,42,42,0,42.0,0.0,0.0,0.0,0.0,0,0,0,0.0,,,0.0,0.0,0.0,REQ,,,,,0.0,0.0,0.0,0
438408,0.0,0.0,0.0,0.0,0.0,0.0,udp,0.0,,cs0,,63.0,,1.0,,Status,1,1,0,42,42,0,42.0,0.0,0.0,0.0,0.0,0,0,0,0.0,,,0.0,0.0,0.0,REQ,,,,,0.0,0.0,0.0,0
438409,0.0,0.0,0.0,0.0,0.0,0.0,udp,0.0,,cs0,,63.0,,1.0,,Status,1,1,0,42,42,0,42.0,0.0,0.0,0.0,0.0,0,0,0,0.0,,,0.0,0.0,0.0,REQ,,,,,0.0,0.0,0.0,0
438416,2.577296,2.577296,2.577296,2.577296,2.577296,2.577296,udp,0.0,,cs0,,63.0,,1.0,,Status,2,2,0,84,84,0,42.0,0.0,130.369186,130.369186,0.0,0,0,0,0.0,,,0.388004,0.388004,0.0,REQ,,,,,0.0,0.0,0.0,0
438506,0.0,0.0,0.0,0.0,0.0,0.0,udp,0.0,,cs0,,63.0,,1.0,,Status,1,1,0,42,42,0,42.0,0.0,0.0,0.0,0.0,0,0,0,0.0,,,0.0,0.0,0.0,REQ,,,,,0.0,0.0,0.0,0
438515,0.0,0.0,0.0,0.0,0.0,0.0,udp,0.0,,cs0,,63.0,,1.0,,Status,1,1,0,42,42,0,42.0,0.0,0.0,0.0,0.0,0,0,0,0.0,,,0.0,0.0,0.0,REQ,,,,,0.0,0.0,0.0,0
438671,0.0,0.0,0.0,0.0,0.0,0.0,udp,0.0,,cs0,,63.0,,1.0,,Status,1,1,0,42,42,0,42.0,0.0,0.0,0.0,0.0,0,0,0,0.0,,,0.0,0.0,0.0,REQ,,,,,0.0,0.0,0.0,0
438692,2.578007,2.578007,2.578007,2.578007,2.578007,2.578007,udp,0.0,,cs0,,63.0,,1.0,,Status,2,2,0,84,84,0,42.0,0.0,130.333237,130.333237,0.0,0,0,0,0.0,,,0.387897,0.387897,0.0,REQ,,,,,0.0,0.0,0.0,0
438700,0.0,0.0,0.0,0.0,0.0,0.0,udp,0.0,,cs0,,63.0,,1.0,,Status,1,1,0,42,42,0,42.0,0.0,0.0,0.0,0.0,0,0,0,0.0,,,0.0,0.0,0.0,REQ,,,,,0.0,0.0,0.0,0
438808,0.0,0.0,0.0,0.0,0.0,0.0,udp,0.0,,cs0,,63.0,,1.0,,Status,1,1,0,42,42,0,42.0,0.0,0.0,0.0,0.0,0,0,0,0.0,,,0.0,0.0,0.0,REQ,,,,,0.0,0.0,0.0,0
438820,2.591108,2.591108,2.591108,2.591108,2.591108,2.591108,udp,0.0,,cs0,,63.0,,1.0,,Status,2,2,0,84,84,0,42.0,0.0,129.674255,129.674255,0.0,0,0,0,0.0,,,0.385935,0.385935,0.0,REQ,,,,,0.0,0.0,0.0,0
438932,2.579422,2.579422,2.579422,2.579422,2.579422,2.579422,udp,0.0,,cs0,,63.0,,1.0,,Status,2,2,0,84,84,0,42.0,0.0,130.261734,130.261734,0.0,0,0,0,0.0,,,0.387684,0.387684,0.0,REQ,,,,,0.0,0.0,0.0,0
438964,0.0,0.0,0.0,0.0,0.0,0.0,udp,0.0,,cs0,,63.0,,1.0,,Status,1,1,0,42,42,0,42.0,0.0,0.0,0.0,0.0,0,0,0,0.0,,,0.0,0.0,0.0,REQ,,,,,0.0,0.0,0.0,0
438971,0.0,0.0,0.0,0.0,0.0,0.0,udp,0.0,,cs0,,63.0,,1.0,,Status,1,1,0,42,42,0,42.0,0.0,0.0,0.0,0.0,0,0,0,0.0,,,0.0,0.0,0.0,REQ,,,,,0.0,0.0,0.0,0
438985,0.0,0.0,0.0,0.0,0.0,0.0,udp,0.0,,cs0,,63.0,,1.0,,Status,1,1,0,42,42,0,42.0,0.0,0.0,0.0,0.0,0,0,0,0.0,,,0.0,0.0,0.0,REQ,,,,,0.0,0.0,0.0,0
439008,0.0,0.0,0.0,0.0,0.0,0.0,udp,0.0,,cs0,,63.0,,1.0,,Status,1,1,0,42,42,0,42.0,0.0,0.0,0.0,0.0,0,0,0,0.0,,,0.0,0.0,0.0,REQ,,,,,0.0,0.0,0.0,0
439023,0.0,0.0,0.0,0.0,0.0,0.0,udp,0.0,,cs0,,63.0,,1.0,,Status,1,1,0,42,42,0,42.0,0.0,0.0,0.0,0.0,0,0,0,0.0,,,0.0,0.0,0.0,REQ,,,,,0.0,0.0,0.0,0
439130,2.57737,2.57737,2.57737,2.57737,2.57737,2.57737,udp,0.0,,cs0,,63.0,,1.0,,Status,2,2,0,84,84,0,42.0,0.0,130.365448,130.365448,0.0,0,0,0,0.0,,,0.387992,0.387992,0.0,REQ,,,,,0.0,0.0,0.0,0
439201,2.579748,2.579748,2.579748,2.579748,2.579748,2.579748,udp,0.0,,cs0,,63.0,,1.0,,Status,2,2,0,84,84,0,42.0,0.0,130.245285,130.245285,0.0,0,0,0,0.0,,,0.387635,0.387635,0.0,REQ,,,,,0.0,0.0,0.0,0
439227,2.578397,2.578397,2.578397,2.578397,2.578397,2.578397,udp,0.0,,cs0,,63.0,,1.0,,Status,2,2,0,84,84,0,42.0,0.0,130.313522,130.313522,0.0,0,0,0,0.0,,,0.387838,0.387838,0.0,REQ,,,,,0.0,0.0,0.0,0
439234,2.578397,2.578397,2.578397,2.578397,2.578397,2.578397,udp,0.0,,cs0,,63.0,,1.0,,Status,2,2,0,84,84,0,42.0,0.0,130.313522,130.313522,0.0,0,0,0,0.0,,,0.387838,0.387838,0.0,REQ,,,,,0.0,0.0,0.0,0
439290,2.582072,2.582072,2.582072,2.582072,2.582072,2.582072,udp,0.0,,cs0,,63.0,,1.0,,Status,2,2,0,84,84,0,42.0,0.0,130.128052,130.128052,0.0,0,0,0,0.0,,,0.387286,0.387286,0.0,REQ,,,,,0.0,0.0,0.0,0
439307,2.58209,2.58209,2.58209,2.58209,2.58209,2.58209,udp,0.0,,cs0,,63.0,,1.0,,Status,2,2,0,84,84,0,42.0,0.0,130.127151,130.127151,0.0,0,0,0,0.0,,,0.387283,0.387283,0.0,REQ,,,,,0.0,0.0,0.0,0
439397,2.581163,2.581163,2.581163,2.581163,2.581163,2.581163,udp,0.0,,cs0,,63.0,,1.0,,Status,2,2,0,84,84,0,42.0,0.0,130.173889,130.173889,0.0,0,0,0,0.0,,,0.387422,0.387422,0.0,REQ,,,,,0.0,0.0,0.0,0
439451,0.0,0.0,0.0,0.0,0.0,0.0,udp,0.0,,cs0,,63.0,,1.0,,Status,1,1,0,42,42,0,42.0,0.0,0.0,0.0,0.0,0,0,0,0.0,,,0.0,0.0,0.0,REQ,,,,,0.0,0.0,0.0,0
439467,0.0,0.0,0.0,0.0,0.0,0.0,udp,0.0,,cs0,,63.0,,1.0,,Status,1,1,0,42,42,0,42.0,0.0,0.0,0.0,0.0,0,0,0,0.0,,,0.0,0.0,0.0,REQ,,,,,0.0,0.0,0.0,0
439477,0.0,0.0,0.0,0.0,0.0,0.0,udp,0.0,,cs0,,63.0,,1.0,,Status,1,1,0,42,42,0,42.0,0.0,0.0,0.0,0.0,0,0,0,0.0,,,0.0,0.0,0.0,REQ,,,,,0.0,0.0,0.0,0
439481,2.583786,2.583786,2.583786,2.583786,2.583786,2.583786,udp,0.0,,cs0,,63.0,,1.0,,Status,2,2,0,84,84,0,42.0,0.0,130.041733,130.041733,0.0,0,0,0,0.0,,,0.387029,0.387029,0.0,REQ,,,,,0.0,0.0,0.0,0
439501,2.584023,2.584023,2.584023,2.584023,2.584023,2.584023,udp,0.0,,cs0,,63.0,,1.0,,Status,2,2,0,84,84,0,42.0,0.0,130.0298,130.0298,0.0,0,0,0,0.0,,,0.386993,0.386993,0.0,REQ,,,,,0.0,0.0,0.0,0
439555,2.592203,2.592203,2.592203,2.592203,2.592203,2.592203,udp,0.0,,cs0,,63.0,,1.0,,Status,2,2,0,84,84,0,42.0,0.0,129.619476,129.619476,0.0,0,0,0,0.0,,,0.385772,0.385772,0.0,REQ,,,,,0.0,0.0,0.0,0
439579,0.0,0.0,0.0,0.0,0.0,0.0,udp,0.0,,cs0,,63.0,,1.0,,Status,1,1,0,42,42,0,42.0,0.0,0.0,0.0,0.0,0,0,0,0.0,,,0.0,0.0,0.0,REQ,,,,,0.0,0.0,0.0,0
439635,0.0,0.0,0.0,0.0,0.0,0.0,udp,0.0,,cs0,,63.0,,1.0,,Status,1,1,0,42,42,0,42.0,0.0,0.0,0.0,0.0,0,0,0,0.0,,,0.0,0.0,0.0,REQ,,,,,0.0,0.0,0.0,0
439636,0.0,0.0,0.0,0.0,0.0,0.0,udp,0.0,,cs0,,63.0,,1.0,,Status,1,1,0,42,42,0,42.0,0.0,0.0,0.0,0.0,0,0,0,0.0,,,0.0,0.0,0.0,REQ,,,,,0.0,0.0,0.0,0
439638,0.0,0.0,0.0,0.0,0.0,0.0,udp,0.0,,cs0,,63.0,,1.0,,Status,1,1,0,42,42,0,42.0,0.0,0.0,0.0,0.0,0,0,0,0.0,,,0.0,0.0,0.0,REQ,,,,,0.0,0.0,0.0,0
439641,0.0,0.0,0.0,0.0,0.0,0.0,udp,0.0,,cs0,,63.0,,1.0,,Status,1,1,0,42,42,0,42.0,0.0,0.0,0.0,0.0,0,0,0,0.0,,,0.0,0.0,0.0,REQ,,,,,0.0,0.0,0.0,0
439721,0.0,0.0,0.0,0.0,0.0,0.0,udp,0.0,,cs0,,63.0,,1.0,,Status,1,1,0,42,42,0,42.0,0.0,0.0,0.0,0.0,0,0,0,0.0,,,0.0,0.0,0.0,REQ,,,,,0.0,0.0,0.0,0
439723,0.0,0.0,0.0,0.0,0.0,0.0,udp,0.0,,cs0,,63.0,,1.0,,Status,1,1,0,42,42,0,42.0,0.0,0.0,0.0,0.0,0,0,0,0.0,,,0.0,0.0,0.0,REQ,,,,,0.0,0.0,0.0,0
439774,2.580089,2.580089,2.580089,2.580089,2.580089,2.580089,udp,0.0,,cs0,,63.0,,1.0,,Status,2,2,0,84,84,0,42.0,0.0,130.228058,130.228058,0.0,0,0,0,0.0,,,0.387584,0.387584,0.0,REQ,,,,,0.0,0.0,0.0,0
439834,2.579405,2.579405,2.579405,2.579405,2.579405,2.579405,udp,0.0,,cs0,,63.0,,1.0,,Status,2,2,0,84,84,0,42.0,0.0,130.262589,130.262589,0.0,0,0,0,0.0,,,0.387686,0.387686,0.0,REQ,,,,,0.0,0.0,0.0,0
439881,0.0,0.0,0.0,0.0,0.0,0.0,udp,0.0,,cs0,,63.0,,1.0,,Status,1,1,0,42,42,0,42.0,0.0,0.0,0.0,0.0,0,0,0,0.0,,,0.0,0.0,0.0,REQ,,,,,0.0,0.0,0.0,0
439964,0.0,0.0,0.0,0.0,0.0,0.0,udp,0.0,,cs0,,63.0,,1.0,,Status,1,1,0,42,42,0,42.0,0.0,0.0,0.0,0.0,0,0,0,0.0,,,0.0,0.0,0.0,REQ,,,,,0.0,0.0,0.0,0
440103,0.0,0.0,0.0,0.0,0.0,0.0,udp,0.0,,cs0,,63.0,,1.0,,Status,1,1,0,42,42,0,42.0,0.0,0.0,0.0,0.0,0,0,0,0.0,,,0.0,0.0,0.0,REQ,,,,,0.0,0.0,0.0,0
440154,0.0,0.0,0.0,0.0,0.0,0.0,udp,0.0,,cs0,,63.0,,1.0,,Status,1,1,0,42,42,0,42.0,0.0,0.0,0.0,0.0,0,0,0,0.0,,,0.0,0.0,0.0,REQ,,,,,0.0,0.0,0.0,0
440195,2.578148,2.578148,2.578148,2.578148,2.578148,2.578148,udp,0.0,,cs0,,63.0,,1.0,,Status,2,2,0,84,84,0,42.0,0.0,130.326111,130.326111,0.0,0,0,0,0.0,,,0.387875,0.387875,0.0,REQ,,,,,0.0,0.0,0.0,0
440226,0.0,0.0,0.0,0.0,0.0,0.0,udp,0.0,,cs0,,63.0,,1.0,,Status,1,1,0,42,42,0,42.0,0.0,0.0,0.0,0.0,0,0,0,0.0,,,0.0,0.0,0.0,REQ,,,,,0.0,0.0,0.0,0
440233,2.580888,2.580888,2.580888,2.580888,2.580888,2.580888,udp,0.0,,cs0,,63.0,,1.0,,Status,2,2,0,84,84,0,42.0,0.0,130.187744,130.187744,0.0,0,0,0,0.0,,,0.387464,0.387464,0.0,REQ,,,,,0.0,0.0,0.0,0
440283,2.575737,2.575737,2.575737,2.575737,2.575737,2.575737,udp,0.0,,cs0,,63.0,,1.0,,Status,2,2,0,84,84,0,42.0,0.0,130.448105,130.448105,0.0,0,0,0,0.0,,,0.388238,0.388238,0.0,REQ,,,,,0.0,0.0,0.0,0
440386,2.577896,2.577896,2.577896,2.577896,2.577896,2.577896,udp,0.0,,cs0,,63.0,,1.0,,Status,2,2,0,84,84,0,42.0,0.0,130.338837,130.338837,0.0,0,0,0,0.0,,,0.387913,0.387913,0.0,REQ,,,,,0.0,0.0,0.0,0
440401,2.583945,2.583945,2.583945,2.583945,2.583945,2.583945,udp,0.0,,cs0,,63.0,,1.0,,Status,2,2,0,84,84,0,42.0,0.0,130.033722,130.033722,0.0,0,0,0,0.0,,,0.387005,0.387005,0.0,REQ,,,,,0.0,0.0,0.0,0
440441,0.0,0.0,0.0,0.0,0.0,0.0,udp,0.0,,cs0,,63.0,,1.0,,Status,1,1,0,42,42,0,42.0,0.0,0.0,0.0,0.0,0,0,0,0.0,,,0.0,0.0,0.0,REQ,,,,,0.0,0.0,0.0,0
440563,0.0,0.0,0.0,0.0,0.0,0.0,udp,0.0,,cs0,,63.0,,1.0,,Status,1,1,0,42,42,0,42.0,0.0,0.0,0.0,0.0,0,0,0,0.0,,,0.0,0.0,0.0,REQ,,,,,0.0,0.0,0.0,0
440577,0.0,0.0,0.0,0.0,0.0,0.0,udp,0.0,,cs0,,63.0,,1.0,,Status,1,1,0,42,42,0,42.0,0.0,0.0,0.0,0.0,0,0,0,0.0,,,0.0,0.0,0.0,REQ,,,,,0.0,0.0,0.0,0
440608,0.0,0.0,0.0,0.0,0.0,0.0,udp,0.0,,cs0,,63.0,,1.0,,Status,1,1,0,42,42,0,42.0,0.0,0.0,0.0,0.0,0,0,0,0.0,,,0.0,0.0,0.0,REQ,,,,,0.0,0.0,0.0,0
440678,0.0,0.0,0.0,0.0,0.0,0.0,udp,0.0,,cs0,,63.0,,1.0,,Status,1,1,0,42,42,0,42.0,0.0,0.0,0.0,0.0,0,0,0,0.0,,,0.0,0.0,0.0,REQ,,,,,0.0,0.0,0.0,0
440720,2.577709,2.577709,2.577709,2.577709,2.577709,2.577709,udp,0.0,,cs0,,63.0,,1.0,,Status,2,2,0,84,84,0,42.0,0.0,130.348312,130.348312,0.0,0,0,0,0.0,,,0.387941,0.387941,0.0,REQ,,,,,0.0,0.0,0.0,0
440747,2.583766,2.583766,2.583766,2.583766,2.583766,2.583766,udp,0.0,,cs0,,63.0,,1.0,,Status,2,2,0,84,84,0,42.0,0.0,130.04274,130.04274,0.0,0,0,0,0.0,,,0.387032,0.387032,0.0,REQ,,,,,0.0,0.0,0.0,0
440757,0.0,0.0,0.0,0.0,0.0,0.0,udp,0.0,,cs0,,63.0,,1.0,,Status,1,1,0,42,42,0,42.0,0.0,0.0,0.0,0.0,0,0,0,0.0,,,0.0,0.0,0.0,REQ,,,,,0.0,0.0,0.0,0
440778,2.577998,2.577998,2.577998,2.577998,2.577998,2.577998,udp,0.0,,cs0,,63.0,,1.0,,Status,2,2,0,84,84,0,42.0,0.0,130.333694,130.333694,0.0,0,0,0,0.0,,,0.387898,0.387898,0.0,REQ,,,,,0.0,0.0,0.0,0
440793,0.0,0.0,0.0,0.0,0.0,0.0,udp,0.0,,cs0,,63.0,,1.0,,Status,1,1,0,42,42,0,42.0,0.0,0.0,0.0,0.0,0,0,0,0.0,,,0.0,0.0,0.0,REQ,,,,,0.0,0.0,0.0,0
440796,0.0,0.0,0.0,0.0,0.0,0.0,udp,0.0,,cs0,,63.0,,1.0,,Status,1,1,0,42,42,0,42.0,0.0,0.0,0.0,0.0,0,0,0,0.0,,,0.0,0.0,0.0,REQ,,,,,0.0,0.0,0.0,0
440829,2.581433,2.581433,2.581433,2.581433,2.581433,2.581433,udp,0.0,,cs0,,63.0,,1.0,,Status,2,2,0,84,84,0,42.0,0.0,130.160263,130.160263,0.0,0,0,0,0.0,,,0.387382,0.387382,0.0,REQ,,,,,0.0,0.0,0.0,0
440831,2.580443,2.580443,2.580443,2.580443,2.580443,2.580443,udp,0.0,,cs0,,63.0,,1.0,,Status,2,2,0,84,84,0,42.0,0.0,130.210205,130.210205,0.0,0,0,0,0.0,,,0.38753,0.38753,0.0,REQ,,,,,0.0,0.0,0.0,0
440872,0.0,0.0,0.0,0.0,0.0,0.0,udp,0.0,,cs0,,63.0,,1.0,,Status,1,1,0,42,42,0,42.0,0.0,0.0,0.0,0.0,0,0,0,0.0,,,0.0,0.0,0.0,REQ,,,,,0.0,0.0,0.0,0
440923,0.0,0.0,0.0,0.0,0.0,0.0,udp,0.0,,cs0,,63.0,,1.0,,Status,1,1,0,42,42,0,42.0,0.0,0.0,0.0,0.0,0,0,0,0.0,,,0.0,0.0,0.0,REQ,,,,,0.0,0.0,0.0,0
440963,2.578042,2.578042,2.578042,2.578042,2.578042,2.578042,udp,0.0,,cs0,,63.0,,1.0,,Status,2,2,0,84,84,0,42.0,0.0,130.331467,130.331467,0.0,0,0,0,0.0,,,0.387891,0.387891,0.0,REQ,,,,,0.0,0.0,0.0,0
440972,2.578015,2.578015,2.578015,2.578015,2.578015,2.578015,udp,0.0,,cs0,,63.0,,1.0,,Status,2,2,0,84,84,0,42.0,0.0,130.332825,130.332825,0.0,0,0,0,0.0,,,0.387895,0.387895,0.0,REQ,,,,,0.0,0.0,0.0,0
441021,0.0,0.0,0.0,0.0,0.0,0.0,udp,0.0,,cs0,,63.0,,1.0,,Status,1,1,0,42,42,0,42.0,0.0,0.0,0.0,0.0,0,0,0,0.0,,,0.0,0.0,0.0,REQ,,,,,0.0,0.0,0.0,0
441049,0.0,0.0,0.0,0.0,0.0,0.0,udp,0.0,,cs0,,63.0,,1.0,,Status,1,1,0,42,42,0,42.0,0.0,0.0,0.0,0.0,0,0,0,0.0,,,0.0,0.0,0.0,REQ,,,,,0.0,0.0,0.0,0
441112,2.582073,2.582073,2.582073,2.582073,2.582073,2.582073,udp,0.0,,cs0,,63.0,,1.0,,Status,2,2,0,84,84,0,42.0,0.0,130.128006,130.128006,0.0,0,0,0,0.0,,,0.387286,0.387286,0.0,REQ,,,,,0.0,0.0,0.0,0
441140,2.582717,2.582717,2.582717,2.582717,2.582717,2.582717,udp,0.0,,cs0,,63.0,,1.0,,Status,2,2,0,84,84,0,42.0,0.0,130.095551,130.095551,0.0,0,0,0,0.0,,,0.387189,0.387189,0.0,REQ,,,,,0.0,0.0,0.0,0
441151,2.584951,2.584951,2.584951,2.584951,2.584951,2.584951,udp,0.0,,cs0,,63.0,,1.0,,Status,2,2,0,84,84,0,42.0,0.0,129.983124,129.983124,0.0,0,0,0,0.0,,,0.386855,0.386855,0.0,REQ,,,,,0.0,0.0,0.0,0
441174,0.0,0.0,0.0,0.0,0.0,0.0,udp,0.0,,cs0,,63.0,,1.0,,Status,1,1,0,42,42,0,42.0,0.0,0.0,0.0,0.0,0,0,0,0.0,,,0.0,0.0,0.0,REQ,,,,,0.0,0.0,0.0,0
441224,2.582723,2.582723,2.582723,2.582723,2.582723,2.582723,udp,0.0,,cs0,,63.0,,1.0,,Status,2,2,0,84,84,0,42.0,0.0,130.095261,130.095261,0.0,0,0,0,0.0,,,0.387188,0.387188,0.0,REQ,,,,,0.0,0.0,0.0,0
441277,2.579025,2.579025,2.579025,2.579025,2.579025,2.579025,udp,0.0,,cs0,,63.0,,1.0,,Start,2,2,0,84,84,0,42.0,0.0,130.281784,130.281784,0.0,0,0,0,0.0,,,0.387743,0.387743,0.0,INT,,,,,0.0,0.0,0.0,0
441304,0.0,0.0,0.0,0.0,0.0,0.0,udp,0.0,,cs0,,63.0,,1.0,,Status,1,1,0,42,42,0,42.0,0.0,0.0,0.0,0.0,0,0,0,0.0,,,0.0,0.0,0.0,REQ,,,,,0.0,0.0,0.0,0
441314,0.0,0.0,0.0,0.0,0.0,0.0,udp,0.0,,cs0,,63.0,,1.0,,Status,1,1,0,42,42,0,42.0,0.0,0.0,0.0,0.0,0,0,0,0.0,,,0.0,0.0,0.0,REQ,,,,,0.0,0.0,0.0,0
441332,0.0,0.0,0.0,0.0,0.0,0.0,udp,0.0,,cs0,,63.0,,1.0,,Status,1,1,0,42,42,0,42.0,0.0,0.0,0.0,0.0,0,0,0,0.0,,,0.0,0.0,0.0,REQ,,,,,0.0,0.0,0.0,0
441358,2.582388,2.582388,2.582388,2.582388,2.582388,2.582388,udp,0.0,,cs0,,63.0,,1.0,,Status,2,2,0,84,84,0,42.0,0.0,130.112137,130.112137,0.0,0,0,0,0.0,,,0.387239,0.387239,0.0,REQ,,,,,0.0,0.0,0.0,0
441369,2.580215,2.580215,2.580215,2.580215,2.580215,2.580215,udp,0.0,,cs0,,63.0,,1.0,,Status,2,2,0,84,84,0,42.0,0.0,130.22171,130.22171,0.0,0,0,0,0.0,,,0.387565,0.387565,0.0,REQ,,,,,0.0,0.0,0.0,0
441543,0.0,0.0,0.0,0.0,0.0,0.0,udp,0.0,,cs0,,63.0,,1.0,,Status,1,1,0,42,42,0,42.0,0.0,0.0,0.0,0.0,0,0,0,0.0,,,0.0,0.0,0.0,REQ,,,,,0.0,0.0,0.0,0
441557,2.582746,2.582746,2.582746,2.582746,2.582746,2.582746,udp,0.0,,cs0,,63.0,,1.0,,Status,2,2,0,84,84,0,42.0,0.0,130.094086,130.094086,0.0,0,0,0,0.0,,,0.387185,0.387185,0.0,REQ,,,,,0.0,0.0,0.0,0
441609,2.583892,2.583892,2.583892,2.583892,2.583892,2.583892,udp,0.0,,cs0,,63.0,,1.0,,Status,2,2,0,84,84,0,42.0,0.0,130.036392,130.036392,0.0,0,0,0,0.0,,,0.387013,0.387013,0.0,REQ,,,,,0.0,0.0,0.0,0
441677,0.0,0.0,0.0,0.0,0.0,0.0,udp,0.0,,cs0,,63.0,,1.0,,Status,1,1,0,42,42,0,42.0,0.0,0.0,0.0,0.0,0,0,0,0.0,,,0.0,0.0,0.0,REQ,,,,,0.0,0.0,0.0,0
441710,0.0,0.0,0.0,0.0,0.0,0.0,udp,0.0,,cs0,,63.0,,1.0,,Status,1,1,0,42,42,0,42.0,0.0,0.0,0.0,0.0,0,0,0,0.0,,,0.0,0.0,0.0,REQ,,,,,0.0,0.0,0.0,0
441727,2.579186,2.579186,2.579186,2.579186,2.579186,2.579186,udp,0.0,,cs0,,63.0,,1.0,,Status,2,2,0,84,84,0,42.0,0.0,130.273666,130.273666,0.0,0,0,0,0.0,,,0.387719,0.387719,0.0,REQ,,,,,0.0,0.0,0.0,0
441755,2.583985,2.583985,2.583985,2.583985,2.583985,2.583985,udp,0.0,,cs0,,63.0,,1.0,,Status,2,2,0,84,84,0,42.0,0.0,130.031708,130.031708,0.0,0,0,0,0.0,,,0.386999,0.386999,0.0,REQ,,,,,0.0,0.0,0.0,0
441763,2.58399,2.58399,2.58399,2.58399,2.58399,2.58399,udp,0.0,,cs0,,63.0,,1.0,,Status,2,2,0,84,84,0,42.0,0.0,130.031464,130.031464,0.0,0,0,0,0.0,,,0.386998,0.386998,0.0,REQ,,,,,0.0,0.0,0.0,0
441774,0.0,0.0,0.0,0.0,0.0,0.0,udp,0.0,,cs0,,63.0,,1.0,,Status,1,1,0,42,42,0,42.0,0.0,0.0,0.0,0.0,0,0,0,0.0,,,0.0,0.0,0.0,REQ,,,,,0.0,0.0,0.0,0
441967,2.58092,2.58092,2.58092,2.58092,2.58092,2.58092,udp,0.0,,cs0,,63.0,,1.0,,Status,2,2,0,84,84,0,42.0,0.0,130.186142,130.186142,0.0,0,0,0,0.0,,,0.387459,0.387459,0.0,REQ,,,,,0.0,0.0,0.0,0
441976,0.0,0.0,0.0,0.0,0.0,0.0,udp,0.0,,cs0,,63.0,,1.0,,Status,1,1,0,42,42,0,42.0,0.0,0.0,0.0,0.0,0,0,0,0.0,,,0.0,0.0,0.0,REQ,,,,,0.0,0.0,0.0,0
442057,0.0,0.0,0.0,0.0,0.0,0.0,udp,0.0,,cs0,,63.0,,1.0,,Status,1,1,0,42,42,0,42.0,0.0,0.0,0.0,0.0,0,0,0,0.0,,,0.0,0.0,0.0,REQ,,,,,0.0,0.0,0.0,0
442078,2.589877,2.589877,2.589877,2.589877,2.589877,2.589877,udp,0.0,,cs0,,63.0,,1.0,,Status,2,2,0,84,84,0,42.0,0.0,129.735901,129.735901,0.0,0,0,0,0.0,,,0.386119,0.386119,0.0,REQ,,,,,0.0,0.0,0.0,0
442102,2.588196,2.588196,2.588196,2.588196,2.588196,2.588196,udp,0.0,,cs0,,63.0,,1.0,,Status,2,2,0,84,84,0,42.0,0.0,129.820145,129.820145,0.0,0,0,0,0.0,,,0.386369,0.386369,0.0,REQ,,,,,0.0,0.0,0.0,0
442129,2.582755,2.582755,2.582755,2.582755,2.582755,2.582755,udp,0.0,,cs0,,63.0,,1.0,,Status,2,2,0,84,84,0,42.0,0.0,130.093643,130.093643,0.0,0,0,0,0.0,,,0.387183,0.387183,0.0,REQ,,,,,0.0,0.0,0.0,0
442166,2.577873,2.577873,2.577873,2.577873,2.577873,2.577873,udp,0.0,,cs0,,63.0,,1.0,,Status,2,2,0,84,84,0,42.0,0.0,130.340012,130.340012,0.0,0,0,0,0.0,,,0.387917,0.387917,0.0,REQ,,,,,0.0,0.0,0.0,0
442176,0.0,0.0,0.0,0.0,0.0,0.0,udp,0.0,,cs0,,63.0,,1.0,,Status,1,1,0,42,42,0,42.0,0.0,0.0,0.0,0.0,0,0,0,0.0,,,0.0,0.0,0.0,REQ,,,,,0.0,0.0,0.0,0
442211,0.0,0.0,0.0,0.0,0.0,0.0,udp,0.0,,cs0,,63.0,,1.0,,Status,1,1,0,42,42,0,42.0,0.0,0.0,0.0,0.0,0,0,0,0.0,,,0.0,0.0,0.0,REQ,,,,,0.0,0.0,0.0,0
442273,0.0,0.0,0.0,0.0,0.0,0.0,udp,0.0,,cs0,,63.0,,1.0,,Status,1,1,0,42,42,0,42.0,0.0,0.0,0.0,0.0,0,0,0,0.0,,,0.0,0.0,0.0,REQ,,,,,0.0,0.0,0.0,0
442348,2.581998,2.581998,2.581998,2.581998,2.581998,2.581998,udp,0.0,,cs0,,63.0,,1.0,,Status,2,2,0,84,84,0,42.0,0.0,130.131775,130.131775,0.0,0,0,0,0.0,,,0.387297,0.387297,0.0,REQ,,,,,0.0,0.0,0.0,0
442365,0.0,0.0,0.0,0.0,0.0,0.0,udp,0.0,,cs0,,63.0,,1.0,,Status,1,1,0,42,42,0,42.0,0.0,0.0,0.0,0.0,0,0,0,0.0,,,0.0,0.0,0.0,REQ,,,,,0.0,0.0,0.0,0
442395,2.580991,2.580991,2.580991,2.580991,2.580991,2.580991,udp,0.0,,cs0,,63.0,,1.0,,Status,2,2,0,84,84,0,42.0,0.0,130.182556,130.182556,0.0,0,0,0,0.0,,,0.387448,0.387448,0.0,REQ,,,,,0.0,0.0,0.0,0
442432,0.0,0.0,0.0,0.0,0.0,0.0,udp,0.0,,cs0,,63.0,,1.0,,Status,1,1,0,42,42,0,42.0,0.0,0.0,0.0,0.0,0,0,0,0.0,,,0.0,0.0,0.0,REQ,,,,,0.0,0.0,0.0,0
442457,2.581077,2.581077,2.581077,2.581077,2.581077,2.581077,udp,0.0,,cs0,,63.0,,1.0,,Status,2,2,0,84,84,0,42.0,0.0,130.178207,130.178207,0.0,0,0,0,0.0,,,0.387435,0.387435,0.0,REQ,,,,,0.0,0.0,0.0,0
442525,2.576939,2.576939,2.576939,2.576939,2.576939,2.576939,udp,0.0,,cs0,,63.0,,1.0,,Status,2,2,0,84,84,0,42.0,0.0,130.387253,130.387253,0.0,0,0,0,0.0,,,0.388057,0.388057,0.0,REQ,,,,,0.0,0.0,0.0,0
442617,0.0,0.0,0.0,0.0,0.0,0.0,udp,0.0,,cs0,,63.0,,1.0,,Status,1,1,0,42,42,0,42.0,0.0,0.0,0.0,0.0,0,0,0,0.0,,,0.0,0.0,0.0,REQ,,,,,0.0,0.0,0.0,0
442642,0.0,0.0,0.0,0.0,0.0,0.0,udp,0.0,,cs0,,63.0,,1.0,,Status,1,1,0,42,42,0,42.0,0.0,0.0,0.0,0.0,0,0,0,0.0,,,0.0,0.0,0.0,REQ,,,,,0.0,0.0,0.0,0
442774,2.580739,2.580739,2.580739,2.580739,2.580739,2.580739,udp,0.0,,cs0,,63.0,,1.0,,Status,2,2,0,84,84,0,42.0,0.0,130.195267,130.195267,0.0,0,0,0,0.0,,,0.387486,0.387486,0.0,REQ,,,,,0.0,0.0,0.0,0
442783,2.580737,2.580737,2.580737,2.580737,2.580737,2.580737,udp,0.0,,cs0,,63.0,,1.0,,Status,2,2,0,84,84,0,42.0,0.0,130.195358,130.195358,0.0,0,0,0,0.0,,,0.387486,0.387486,0.0,REQ,,,,,0.0,0.0,0.0,0
442808,2.586132,2.586132,2.586132,2.586132,2.586132,2.586132,udp,0.0,,cs0,,63.0,,1.0,,Status,2,2,0,84,84,0,42.0,0.0,129.923767,129.923767,0.0,0,0,0,0.0,,,0.386678,0.386678,0.0,REQ,,,,,0.0,0.0,0.0,0
442811,2.584131,2.584131,2.584131,2.584131,2.584131,2.584131,udp,0.0,,cs0,,63.0,,1.0,,Status,2,2,0,84,84,0,42.0,0.0,130.024368,130.024368,0.0,0,0,0,0.0,,,0.386977,0.386977,0.0,REQ,,,,,0.0,0.0,0.0,0
442878,2.581647,2.581647,2.581647,2.581647,2.581647,2.581647,udp,0.0,,cs0,,63.0,,1.0,,Status,2,2,0,84,84,0,42.0,0.0,130.149475,130.149475,0.0,0,0,0,0.0,,,0.38735,0.38735,0.0,REQ,,,,,0.0,0.0,0.0,0
442989,2.578969,2.578969,2.578969,2.578969,2.578969,2.578969,udp,0.0,,cs0,,63.0,,1.0,,Status,2,2,0,84,84,0,42.0,0.0,130.284622,130.284622,0.0,0,0,0,0.0,,,0.387752,0.387752,0.0,REQ,,,,,0.0,0.0,0.0,0
442996,2.578981,2.578981,2.578981,2.578981,2.578981,2.578981,udp,0.0,,cs0,,63.0,,1.0,,Status,2,2,0,84,84,0,42.0,0.0,130.284012,130.284012,0.0,0,0,0,0.0,,,0.38775,0.38775,0.0,REQ,,,,,0.0,0.0,0.0,0
443000,2.578961,2.578961,2.578961,2.578961,2.578961,2.578961,udp,0.0,,cs0,,63.0,,1.0,,Status,2,2,0,84,84,0,42.0,0.0,130.285034,130.285034,0.0,0,0,0,0.0,,,0.387753,0.387753,0.0,REQ,,,,,0.0,0.0,0.0,0
443048,0.0,0.0,0.0,0.0,0.0,0.0,udp,0.0,,cs0,,63.0,,1.0,,Status,1,1,0,42,42,0,42.0,0.0,0.0,0.0,0.0,0,0,0,0.0,,,0.0,0.0,0.0,REQ,,,,,0.0,0.0,0.0,0
443125,0.0,0.0,0.0,0.0,0.0,0.0,udp,0.0,,cs0,,63.0,,1.0,,Status,1,1,0,42,42,0,42.0,0.0,0.0,0.0,0.0,0,0,0,0.0,,,0.0,0.0,0.0,REQ,,,,,0.0,0.0,0.0,0
443205,0.0,0.0,0.0,0.0,0.0,0.0,udp,0.0,,cs0,,63.0,,1.0,,Status,1,1,0,42,42,0,42.0,0.0,0.0,0.0,0.0,0,0,0,0.0,,,0.0,0.0,0.0,REQ,,,,,0.0,0.0,0.0,0
443219,0.0,0.0,0.0,0.0,0.0,0.0,udp,0.0,,cs0,,63.0,,1.0,,Status,1,1,0,42,42,0,42.0,0.0,0.0,0.0,0.0,0,0,0,0.0,,,0.0,0.0,0.0,REQ,,,,,0.0,0.0,0.0,0
443358,2.578076,2.578076,2.578076,2.578076,2.578076,2.578076,udp,0.0,,cs0,,63.0,,1.0,,Status,2,2,0,84,84,0,42.0,0.0,130.329758,130.329758,0.0,0,0,0,0.0,,,0.387886,0.387886,0.0,REQ,,,,,0.0,0.0,0.0,0
443365,2.578089,2.578089,2.578089,2.578089,2.578089,2.578089,udp,0.0,,cs0,,63.0,,1.0,,Status,2,2,0,84,84,0,42.0,0.0,130.329086,130.329086,0.0,0,0,0,0.0,,,0.387884,0.387884,0.0,REQ,,,,,0.0,0.0,0.0,0
443374,0.0,0.0,0.0,0.0,0.0,0.0,udp,0.0,,cs0,,63.0,,1.0,,Status,1,1,0,42,42,0,42.0,0.0,0.0,0.0,0.0,0,0,0,0.0,,,0.0,0.0,0.0,REQ,,,,,0.0,0.0,0.0,0
443400,2.583747,2.583747,2.583747,2.583747,2.583747,2.583747,udp,0.0,,cs0,,63.0,,1.0,,Status,2,2,0,84,84,0,42.0,0.0,130.043701,130.043701,0.0,0,0,0,0.0,,,0.387035,0.387035,0.0,REQ,,,,,0.0,0.0,0.0,0
443415,0.0,0.0,0.0,0.0,0.0,0.0,udp,0.0,,cs0,,63.0,,1.0,,Status,1,1,0,42,42,0,42.0,0.0,0.0,0.0,0.0,0,0,0,0.0,,,0.0,0.0,0.0,REQ,,,,,0.0,0.0,0.0,0
443445,0.0,0.0,0.0,0.0,0.0,0.0,udp,0.0,,cs0,,63.0,,1.0,,Status,1,1,0,42,42,0,42.0,0.0,0.0,0.0,0.0,0,0,0,0.0,,,0.0,0.0,0.0,REQ,,,,,0.0,0.0,0.0,0
443477,0.0,0.0,0.0,0.0,0.0,0.0,udp,0.0,,cs0,,63.0,,1.0,,Status,1,1,0,42,42,0,42.0,0.0,0.0,0.0,0.0,0,0,0,0.0,,,0.0,0.0,0.0,REQ,,,,,0.0,0.0,0.0,0
443507,0.0,0.0,0.0,0.0,0.0,0.0,udp,0.0,,cs0,,63.0,,1.0,,Status,1,1,0,42,42,0,42.0,0.0,0.0,0.0,0.0,0,0,0,0.0,,,0.0,0.0,0.0,REQ,,,,,0.0,0.0,0.0,0
443576,0.0,0.0,0.0,0.0,0.0,0.0,udp,0.0,,cs0,,63.0,,1.0,,Status,1,1,0,42,42,0,42.0,0.0,0.0,0.0,0.0,0,0,0,0.0,,,0.0,0.0,0.0,REQ,,,,,0.0,0.0,0.0,0
443598,2.578858,2.578858,2.578858,2.578858,2.578858,2.578858,udp,0.0,,cs0,,63.0,,1.0,,Status,2,2,0,84,84,0,42.0,0.0,130.290237,130.290237,0.0,0,0,0,0.0,,,0.387769,0.387769,0.0,REQ,,,,,0.0,0.0,0.0,0
443610,2.578846,2.578846,2.578846,2.578846,2.578846,2.578846,udp,0.0,,cs0,,63.0,,1.0,,Status,2,2,0,84,84,0,42.0,0.0,130.290833,130.290833,0.0,0,0,0,0.0,,,0.38777,0.38777,0.0,REQ,,,,,0.0,0.0,0.0,0
443621,2.584263,2.584263,2.584263,2.584263,2.584263,2.584263,udp,0.0,,cs0,,63.0,,1.0,,Status,2,2,0,84,84,0,42.0,0.0,130.017715,130.017715,0.0,0,0,0,0.0,,,0.386957,0.386957,0.0,REQ,,,,,0.0,0.0,0.0,0
443651,0.0,0.0,0.0,0.0,0.0,0.0,udp,0.0,,cs0,,63.0,,1.0,,Status,1,1,0,42,42,0,42.0,0.0,0.0,0.0,0.0,0,0,0,0.0,,,0.0,0.0,0.0,REQ,,,,,0.0,0.0,0.0,0
443700,0.0,0.0,0.0,0.0,0.0,0.0,udp,0.0,,cs0,,63.0,,1.0,,Status,1,1,0,42,42,0,42.0,0.0,0.0,0.0,0.0,0,0,0,0.0,,,0.0,0.0,0.0,REQ,,,,,0.0,0.0,0.0,0
443707,0.0,0.0,0.0,0.0,0.0,0.0,udp,0.0,,cs0,,63.0,,1.0,,Status,1,1,0,42,42,0,42.0,0.0,0.0,0.0,0.0,0,0,0,0.0,,,0.0,0.0,0.0,REQ,,,,,0.0,0.0,0.0,0
443742,2.582781,2.582781,2.582781,2.582781,2.582781,2.582781,udp,0.0,,cs0,,63.0,,1.0,,Status,2,2,0,84,84,0,42.0,0.0,130.092331,130.092331,0.0,0,0,0,0.0,,,0.38718,0.38718,0.0,REQ,,,,,0.0,0.0,0.0,0
443776,0.0,0.0,0.0,0.0,0.0,0.0,udp,0.0,,cs0,,63.0,,1.0,,Status,1,1,0,42,42,0,42.0,0.0,0.0,0.0,0.0,0,0,0,0.0,,,0.0,0.0,0.0,REQ,,,,,0.0,0.0,0.0,0
443784,2.580119,2.580119,2.580119,2.580119,2.580119,2.580119,udp,0.0,,cs0,,63.0,,1.0,,Status,2,2,0,84,84,0,42.0,0.0,130.226562,130.226562,0.0,0,0,0,0.0,,,0.387579,0.387579,0.0,REQ,,,,,0.0,0.0,0.0,0
443818,2.580056,2.580056,2.580056,2.580056,2.580056,2.580056,udp,0.0,,cs0,,63.0,,1.0,,Status,2,2,0,84,84,0,42.0,0.0,130.229736,130.229736,0.0,0,0,0,0.0,,,0.387589,0.387589,0.0,REQ,,,,,0.0,0.0,0.0,0
443877,0.0,0.0,0.0,0.0,0.0,0.0,udp,0.0,,cs0,,63.0,,1.0,,Status,1,1,0,42,42,0,42.0,0.0,0.0,0.0,0.0,0,0,0,0.0,,,0.0,0.0,0.0,REQ,,,,,0.0,0.0,0.0,0
443889,2.578056,2.578056,2.578056,2.578056,2.578056,2.578056,udp,0.0,,cs0,,63.0,,1.0,,Status,2,2,0,84,84,0,42.0,0.0,130.33075,130.33075,0.0,0,0,0,0.0,,,0.387889,0.387889,0.0,REQ,,,,,0.0,0.0,0.0,0
443924,0.0,0.0,0.0,0.0,0.0,0.0,udp,0.0,,cs0,,63.0,,1.0,,Status,1,1,0,42,42,0,42.0,0.0,0.0,0.0,0.0,0,0,0,0.0,,,0.0,0.0,0.0,REQ,,,,,0.0,0.0,0.0,0
443936,2.58353,2.58353,2.58353,2.58353,2.58353,2.58353,udp,0.0,,cs0,,63.0,,1.0,,Status,2,2,0,84,84,0,42.0,0.0,130.054611,130.054611,0.0,0,0,0,0.0,,,0.387067,0.387067,0.0,REQ,,,,,0.0,0.0,0.0,0
443997,2.582048,2.582048,2.582048,2.582048,2.582048,2.582048,udp,0.0,,cs0,,63.0,,1.0,,Status,2,2,0,84,84,0,42.0,0.0,130.129257,130.129257,0.0,0,0,0,0.0,,,0.387289,0.387289,0.0,REQ,,,,,0.0,0.0,0.0,0
444003,2.579106,2.579106,2.579106,2.579106,2.579106,2.579106,udp,0.0,,cs0,,63.0,,1.0,,Status,2,2,0,84,84,0,42.0,0.0,130.277695,130.277695,0.0,0,0,0,0.0,,,0.387731,0.387731,0.0,REQ,,,,,0.0,0.0,0.0,0
444013,2.579086,2.579086,2.579086,2.579086,2.579086,2.579086,udp,0.0,,cs0,,63.0,,1.0,,Status,2,2,0,84,84,0,42.0,0.0,130.278702,130.278702,0.0,0,0,0,0.0,,,0.387734,0.387734,0.0,REQ,,,,,0.0,0.0,0.0,0
444077,2.580832,2.580832,2.580832,2.580832,2.580832,2.580832,udp,0.0,,cs0,,63.0,,1.0,,Status,2,2,0,84,84,0,42.0,0.0,130.190567,130.190567,0.0,0,0,0,0.0,,,0.387472,0.387472,0.0,REQ,,,,,0.0,0.0,0.0,0
444188,0.0,0.0,0.0,0.0,0.0,0.0,udp,0.0,,cs0,,63.0,,1.0,,Status,1,1,0,42,42,0,42.0,0.0,0.0,0.0,0.0,0,0,0,0.0,,,0.0,0.0,0.0,REQ,,,,,0.0,0.0,0.0,0
444267,2.582159,2.582159,2.582159,2.582159,2.582159,2.582159,udp,0.0,,cs0,,63.0,,1.0,,Status,2,2,0,84,84,0,42.0,0.0,130.123672,130.123672,0.0,0,0,0,0.0,,,0.387273,0.387273,0.0,REQ,,,,,0.0,0.0,0.0,0
444347,2.583046,2.583046,2.583046,2.583046,2.583046,2.583046,udp,0.0,,cs0,,63.0,,1.0,,Status,2,2,0,84,84,0,42.0,0.0,130.078979,130.078979,0.0,0,0,0,0.0,,,0.38714,0.38714,0.0,REQ,,,,,0.0,0.0,0.0,0
444351,0.0,0.0,0.0,0.0,0.0,0.0,udp,0.0,,cs0,,63.0,,1.0,,Status,1,1,0,42,42,0,42.0,0.0,0.0,0.0,0.0,0,0,0,0.0,,,0.0,0.0,0.0,REQ,,,,,0.0,0.0,0.0,0
444394,2.577123,2.577123,2.577123,2.577123,2.577123,2.577123,udp,0.0,,cs0,,63.0,,1.0,,Status,2,2,0,84,84,0,42.0,0.0,130.377945,130.377945,0.0,0,0,0,0.0,,,0.38803,0.38803,0.0,REQ,,,,,0.0,0.0,0.0,0
444469,0.0,0.0,0.0,0.0,0.0,0.0,udp,0.0,,cs0,,63.0,,1.0,,Status,1,1,0,42,42,0,42.0,0.0,0.0,0.0,0.0,0,0,0,0.0,,,0.0,0.0,0.0,REQ,,,,,0.0,0.0,0.0,0
444589,2.585232,2.585232,2.585232,2.585232,2.585232,2.585232,udp,0.0,,cs0,,63.0,,1.0,,Status,2,2,0,84,84,0,42.0,0.0,129.968994,129.968994,0.0,0,0,0,0.0,,,0.386812,0.386812,0.0,REQ,,,,,0.0,0.0,0.0,0
444612,0.0,0.0,0.0,0.0,0.0,0.0,udp,0.0,,cs0,,63.0,,1.0,,Status,1,1,0,42,42,0,42.0,0.0,0.0,0.0,0.0,0,0,0,0.0,,,0.0,0.0,0.0,REQ,,,,,0.0,0.0,0.0,0
444699,0.0,0.0,0.0,0.0,0.0,0.0,udp,0.0,,cs0,,63.0,,1.0,,Status,1,1,0,42,42,0,42.0,0.0,0.0,0.0,0.0,0,0,0,0.0,,,0.0,0.0,0.0,REQ,,,,,0.0,0.0,0.0,0
444740,2.583113,2.583113,2.583113,2.583113,2.583113,2.583113,udp,0.0,,cs0,,63.0,,1.0,,Status,2,2,0,84,84,0,42.0,0.0,130.075607,130.075607,0.0,0,0,0,0.0,,,0.38713,0.38713,0.0,REQ,,,,,0.0,0.0,0.0,0
444763,2.582435,2.582435,2.582435,2.582435,2.582435,2.582435,udp,0.0,,cs0,,63.0,,1.0,,Status,2,2,0,84,84,0,42.0,0.0,130.109772,130.109772,0.0,0,0,0,0.0,,,0.387231,0.387231,0.0,REQ,,,,,0.0,0.0,0.0,0
444793,2.580967,2.580967,2.580967,2.580967,2.580967,2.580967,udp,0.0,,cs0,,63.0,,1.0,,Status,2,2,0,84,84,0,42.0,0.0,130.183762,130.183762,0.0,0,0,0,0.0,,,0.387452,0.387452,0.0,REQ,,,,,0.0,0.0,0.0,0
444868,0.0,0.0,0.0,0.0,0.0,0.0,udp,0.0,,cs0,,63.0,,1.0,,Status,1,1,0,42,42,0,42.0,0.0,0.0,0.0,0.0,0,0,0,0.0,,,0.0,0.0,0.0,REQ,,,,,0.0,0.0,0.0,0
444900,2.57807,2.57807,2.57807,2.57807,2.57807,2.57807,udp,0.0,,cs0,,63.0,,1.0,,Status,2,2,0,84,84,0,42.0,0.0,130.330063,130.330063,0.0,0,0,0,0.0,,,0.387887,0.387887,0.0,REQ,,,,,0.0,0.0,0.0,0
444994,2.583961,2.583961,2.583961,2.583961,2.583961,2.583961,udp,0.0,,cs0,,63.0,,1.0,,Status,2,2,0,84,84,0,42.0,0.0,130.032928,130.032928,0.0,0,0,0,0.0,,,0.387003,0.387003,0.0,REQ,,,,,0.0,0.0,0.0,0
444999,2.583962,2.583962,2.583962,2.583962,2.583962,2.583962,udp,0.0,,cs0,,63.0,,1.0,,Status,2,2,0,84,84,0,42.0,0.0,130.032867,130.032867,0.0,0,0,0,0.0,,,0.387003,0.387003,0.0,REQ,,,,,0.0,0.0,0.0,0
445079,2.579553,2.579553,2.579553,2.579553,2.579553,2.579553,udp,0.0,,cs0,,63.0,,1.0,,Status,2,2,0,84,84,0,42.0,0.0,130.255127,130.255127,0.0,0,0,0,0.0,,,0.387664,0.387664,0.0,REQ,,,,,0.0,0.0,0.0,0
445128,0.0,0.0,0.0,0.0,0.0,0.0,udp,0.0,,cs0,,63.0,,1.0,,Status,1,1,0,42,42,0,42.0,0.0,0.0,0.0,0.0,0,0,0,0.0,,,0.0,0.0,0.0,REQ,,,,,0.0,0.0,0.0,0
445139,2.582972,2.582972,2.582972,2.582972,2.582972,2.582972,udp,0.0,,cs0,,63.0,,1.0,,Status,2,2,0,84,84,0,42.0,0.0,130.082703,130.082703,0.0,0,0,0,0.0,,,0.387151,0.387151,0.0,REQ,,,,,0.0,0.0,0.0,0
445208,0.0,0.0,0.0,0.0,0.0,0.0,udp,0.0,,cs0,,63.0,,1.0,,Status,1,1,0,42,42,0,42.0,0.0,0.0,0.0,0.0,0,0,0,0.0,,,0.0,0.0,0.0,REQ,,,,,0.0,0.0,0.0,0
445234,2.581027,2.581027,2.581027,2.581027,2.581027,2.581027,udp,0.0,,cs0,,63.0,,1.0,,Status,2,2,0,84,84,0,42.0,0.0,130.18074,130.18074,0.0,0,0,0,0.0,,,0.387443,0.387443,0.0,REQ,,,,,0.0,0.0,0.0,0
445266,0.0,0.0,0.0,0.0,0.0,0.0,udp,0.0,,cs0,,63.0,,1.0,,Status,1,1,0,42,42,0,42.0,0.0,0.0,0.0,0.0,0,0,0,0.0,,,0.0,0.0,0.0,REQ,,,,,0.0,0.0,0.0,0
445286,0.0,0.0,0.0,0.0,0.0,0.0,udp,0.0,,cs0,,63.0,,1.0,,Status,1,1,0,42,42,0,42.0,0.0,0.0,0.0,0.0,0,0,0,0.0,,,0.0,0.0,0.0,REQ,,,,,0.0,0.0,0.0,0
445359,2.579877,2.579877,2.579877,2.579877,2.579877,2.579877,udp,0.0,,cs0,,63.0,,1.0,,Status,2,2,0,84,84,0,42.0,0.0,130.23877,130.23877,0.0,0,0,0,0.0,,,0.387615,0.387615,0.0,REQ,,,,,0.0,0.0,0.0,0
445458,2.583726,2.583726,2.583726,2.583726,2.583726,2.583726,udp,0.0,,cs0,,63.0,,1.0,,Status,2,2,0,84,84,0,42.0,0.0,130.044754,130.044754,0.0,0,0,0,0.0,,,0.387038,0.387038,0.0,REQ,,,,,0.0,0.0,0.0,0
445465,2.583739,2.583739,2.583739,2.583739,2.583739,2.583739,udp,0.0,,cs0,,63.0,,1.0,,Status,2,2,0,84,84,0,42.0,0.0,130.044098,130.044098,0.0,0,0,0,0.0,,,0.387036,0.387036,0.0,REQ,,,,,0.0,0.0,0.0,0
445483,0.0,0.0,0.0,0.0,0.0,0.0,udp,0.0,,cs0,,63.0,,1.0,,Status,1,1,0,42,42,0,42.0,0.0,0.0,0.0,0.0,0,0,0,0.0,,,0.0,0.0,0.0,REQ,,,,,0.0,0.0,0.0,0
445515,0.0,0.0,0.0,0.0,0.0,0.0,udp,0.0,,cs0,,63.0,,1.0,,Status,1,1,0,42,42,0,42.0,0.0,0.0,0.0,0.0,0,0,0,0.0,,,0.0,0.0,0.0,REQ,,,,,0.0,0.0,0.0,0
445554,0.0,0.0,0.0,0.0,0.0,0.0,udp,0.0,,cs0,,63.0,,1.0,,Status,1,1,0,42,42,0,42.0,0.0,0.0,0.0,0.0,0,0,0,0.0,,,0.0,0.0,0.0,REQ,,,,,0.0,0.0,0.0,0
445561,0.0,0.0,0.0,0.0,0.0,0.0,udp,0.0,,cs0,,63.0,,1.0,,Status,1,1,0,42,42,0,42.0,0.0,0.0,0.0,0.0,0,0,0,0.0,,,0.0,0.0,0.0,REQ,,,,,0.0,0.0,0.0,0
445587,0.0,0.0,0.0,0.0,0.0,0.0,udp,0.0,,cs0,,63.0,,1.0,,Status,1,1,0,42,42,0,42.0,0.0,0.0,0.0,0.0,0,0,0,0.0,,,0.0,0.0,0.0,REQ,,,,,0.0,0.0,0.0,0
445598,2.579976,2.579976,2.579976,2.579976,2.579976,2.579976,udp,0.0,,cs0,,63.0,,1.0,,Status,2,2,0,84,84,0,42.0,0.0,130.233765,130.233765,0.0,0,0,0,0.0,,,0.3876,0.3876,0.0,REQ,,,,,0.0,0.0,0.0,0
445616,2.57978,2.57978,2.57978,2.57978,2.57978,2.57978,udp,0.0,,cs0,,63.0,,1.0,,Status,2,2,0,84,84,0,42.0,0.0,130.243652,130.243652,0.0,0,0,0,0.0,,,0.38763,0.38763,0.0,REQ,,,,,0.0,0.0,0.0,0
445646,0.0,0.0,0.0,0.0,0.0,0.0,udp,0.0,,cs0,,63.0,,1.0,,Status,1,1,0,42,42,0,42.0,0.0,0.0,0.0,0.0,0,0,0,0.0,,,0.0,0.0,0.0,REQ,,,,,0.0,0.0,0.0,0
445675,0.0,0.0,0.0,0.0,0.0,0.0,udp,0.0,,cs0,,63.0,,1.0,,Status,1,1,0,42,42,0,42.0,0.0,0.0,0.0,0.0,0,0,0,0.0,,,0.0,0.0,0.0,REQ,,,,,0.0,0.0,0.0,0
445680,0.0,0.0,0.0,0.0,0.0,0.0,udp,0.0,,cs0,,63.0,,1.0,,Status,1,1,0,42,42,0,42.0,0.0,0.0,0.0,0.0,0,0,0,0.0,,,0.0,0.0,0.0,REQ,,,,,0.0,0.0,0.0,0
445757,0.0,0.0,0.0,0.0,0.0,0.0,udp,0.0,,cs0,,63.0,,1.0,,Status,1,1,0,42,42,0,42.0,0.0,0.0,0.0,0.0,0,0,0,0.0,,,0.0,0.0,0.0,REQ,,,,,0.0,0.0,0.0,0
445829,0.0,0.0,0.0,0.0,0.0,0.0,udp,0.0,,cs0,,63.0,,1.0,,Status,1,1,0,42,42,0,42.0,0.0,0.0,0.0,0.0,0,0,0,0.0,,,0.0,0.0,0.0,REQ,,,,,0.0,0.0,0.0,0
445891,2.577139,2.577139,2.577139,2.577139,2.577139,2.577139,udp,0.0,,cs0,,63.0,,1.0,,Status,2,2,0,84,84,0,42.0,0.0,130.377136,130.377136,0.0,0,0,0,0.0,,,0.388027,0.388027,0.0,REQ,,,,,0.0,0.0,0.0,0
445920,0.0,0.0,0.0,0.0,0.0,0.0,udp,0.0,,cs0,,63.0,,1.0,,Status,1,1,0,42,42,0,42.0,0.0,0.0,0.0,0.0,0,0,0,0.0,,,0.0,0.0,0.0,REQ,,,,,0.0,0.0,0.0,0
445982,2.578159,2.578159,2.578159,2.578159,2.578159,2.578159,udp,0.0,,cs0,,63.0,,1.0,,Status,2,2,0,84,84,0,42.0,0.0,130.325546,130.325546,0.0,0,0,0,0.0,,,0.387874,0.387874,0.0,REQ,,,,,0.0,0.0,0.0,0
446047,2.581028,2.581028,2.581028,2.581028,2.581028,2.581028,udp,0.0,,cs0,,63.0,,1.0,,Status,2,2,0,84,84,0,42.0,0.0,130.180695,130.180695,0.0,0,0,0,0.0,,,0.387443,0.387443,0.0,REQ,,,,,0.0,0.0,0.0,0
446052,0.0,0.0,0.0,0.0,0.0,0.0,udp,0.0,,cs0,,63.0,,1.0,,Status,1,1,0,42,42,0,42.0,0.0,0.0,0.0,0.0,0,0,0,0.0,,,0.0,0.0,0.0,REQ,,,,,0.0,0.0,0.0,0
446120,0.0,0.0,0.0,0.0,0.0,0.0,udp,0.0,,cs0,,63.0,,1.0,,Status,1,1,0,42,42,0,42.0,0.0,0.0,0.0,0.0,0,0,0,0.0,,,0.0,0.0,0.0,REQ,,,,,0.0,0.0,0.0,0
446147,2.58418,2.58418,2.58418,2.58418,2.58418,2.58418,udp,0.0,,cs0,,63.0,,1.0,,Status,2,2,0,84,84,0,42.0,0.0,130.021896,130.021896,0.0,0,0,0,0.0,,,0.38697,0.38697,0.0,REQ,,,,,0.0,0.0,0.0,0
446185,2.579281,2.579281,2.579281,2.579281,2.579281,2.579281,udp,0.0,,cs0,,63.0,,1.0,,Status,2,2,0,84,84,0,42.0,0.0,130.26886,130.26886,0.0,0,0,0,0.0,,,0.387705,0.387705,0.0,REQ,,,,,0.0,0.0,0.0,0
446192,2.579292,2.579292,2.579292,2.579292,2.579292,2.579292,udp,0.0,,cs0,,63.0,,1.0,,Status,2,2,0,84,84,0,42.0,0.0,130.268311,130.268311,0.0,0,0,0,0.0,,,0.387703,0.387703,0.0,REQ,,,,,0.0,0.0,0.0,0
446213,0.0,0.0,0.0,0.0,0.0,0.0,udp,0.0,,cs0,,63.0,,1.0,,Status,1,1,0,42,42,0,42.0,0.0,0.0,0.0,0.0,0,0,0,0.0,,,0.0,0.0,0.0,REQ,,,,,0.0,0.0,0.0,0
446238,0.0,0.0,0.0,0.0,0.0,0.0,udp,0.0,,cs0,,63.0,,1.0,,Status,1,1,0,42,42,0,42.0,0.0,0.0,0.0,0.0,0,0,0,0.0,,,0.0,0.0,0.0,REQ,,,,,0.0,0.0,0.0,0
446241,2.574794,2.574794,2.574794,2.574794,2.574794,2.574794,udp,0.0,,cs0,,63.0,,1.0,,Status,2,2,0,84,84,0,42.0,0.0,130.49588,130.49588,0.0,0,0,0,0.0,,,0.388381,0.388381,0.0,REQ,,,,,0.0,0.0,0.0,0
446252,2.576766,2.576766,2.576766,2.576766,2.576766,2.576766,udp,0.0,,cs0,,63.0,,1.0,,Status,2,2,0,84,84,0,42.0,0.0,130.396011,130.396011,0.0,0,0,0,0.0,,,0.388083,0.388083,0.0,REQ,,,,,0.0,0.0,0.0,0
446395,2.580978,2.580978,2.580978,2.580978,2.580978,2.580978,udp,0.0,,cs0,,63.0,,1.0,,Status,2,2,0,84,84,0,42.0,0.0,130.183212,130.183212,0.0,0,0,0,0.0,,,0.38745,0.38745,0.0,REQ,,,,,0.0,0.0,0.0,0
446407,0.0,0.0,0.0,0.0,0.0,0.0,udp,0.0,,cs0,,63.0,,1.0,,Status,1,1,0,42,42,0,42.0,0.0,0.0,0.0,0.0,0,0,0,0.0,,,0.0,0.0,0.0,REQ,,,,,0.0,0.0,0.0,0
446455,0.0,0.0,0.0,0.0,0.0,0.0,udp,0.0,,cs0,,63.0,,1.0,,Status,1,1,0,42,42,0,42.0,0.0,0.0,0.0,0.0,0,0,0,0.0,,,0.0,0.0,0.0,REQ,,,,,0.0,0.0,0.0,0
446598,0.0,0.0,0.0,0.0,0.0,0.0,udp,0.0,,cs0,,63.0,,1.0,,Status,1,1,0,42,42,0,42.0,0.0,0.0,0.0,0.0,0,0,0,0.0,,,0.0,0.0,0.0,REQ,,,,,0.0,0.0,0.0,0
446628,0.0,0.0,0.0,0.0,0.0,0.0,udp,0.0,,cs0,,63.0,,1.0,,Status,1,1,0,42,42,0,42.0,0.0,0.0,0.0,0.0,0,0,0,0.0,,,0.0,0.0,0.0,REQ,,,,,0.0,0.0,0.0,0
446656,0.0,0.0,0.0,0.0,0.0,0.0,udp,0.0,,cs0,,63.0,,1.0,,Status,1,1,0,42,42,0,42.0,0.0,0.0,0.0,0.0,0,0,0,0.0,,,0.0,0.0,0.0,REQ,,,,,0.0,0.0,0.0,0
446685,0.0,0.0,0.0,0.0,0.0,0.0,udp,0.0,,cs0,,63.0,,1.0,,Status,1,1,0,42,42,0,42.0,0.0,0.0,0.0,0.0,0,0,0,0.0,,,0.0,0.0,0.0,REQ,,,,,0.0,0.0,0.0,0
446714,2.583142,2.583142,2.583142,2.583142,2.583142,2.583142,udp,0.0,,cs0,,63.0,,1.0,,Status,2,2,0,84,84,0,42.0,0.0,130.074142,130.074142,0.0,0,0,0,0.0,,,0.387125,0.387125,0.0,REQ,,,,,0.0,0.0,0.0,0
446723,2.583153,2.583153,2.583153,2.583153,2.583153,2.583153,udp,0.0,,cs0,,63.0,,1.0,,Status,2,2,0,84,84,0,42.0,0.0,130.073593,130.073593,0.0,0,0,0,0.0,,,0.387124,0.387124,0.0,REQ,,,,,0.0,0.0,0.0,0
446778,0.0,0.0,0.0,0.0,0.0,0.0,udp,0.0,,cs0,,63.0,,1.0,,Status,1,1,0,42,42,0,42.0,0.0,0.0,0.0,0.0,0,0,0,0.0,,,0.0,0.0,0.0,REQ,,,,,0.0,0.0,0.0,0
446849,2.581522,2.581522,2.581522,2.581522,2.581522,2.581522,udp,0.0,,cs0,,63.0,,1.0,,Status,2,2,0,84,84,0,42.0,0.0,130.155777,130.155777,0.0,0,0,0,0.0,,,0.387368,0.387368,0.0,REQ,,,,,0.0,0.0,0.0,0
446914,0.0,0.0,0.0,0.0,0.0,0.0,udp,0.0,,cs0,,63.0,,1.0,,Status,1,1,0,42,42,0,42.0,0.0,0.0,0.0,0.0,0,0,0,0.0,,,0.0,0.0,0.0,REQ,,,,,0.0,0.0,0.0,0
446931,0.0,0.0,0.0,0.0,0.0,0.0,udp,0.0,,cs0,,63.0,,1.0,,Status,1,1,0,42,42,0,42.0,0.0,0.0,0.0,0.0,0,0,0,0.0,,,0.0,0.0,0.0,REQ,,,,,0.0,0.0,0.0,0
446949,0.0,0.0,0.0,0.0,0.0,0.0,udp,0.0,,cs0,,63.0,,1.0,,Status,1,1,0,42,42,0,42.0,0.0,0.0,0.0,0.0,0,0,0,0.0,,,0.0,0.0,0.0,REQ,,,,,0.0,0.0,0.0,0
446960,0.0,0.0,0.0,0.0,0.0,0.0,udp,0.0,,cs0,,63.0,,1.0,,Status,1,1,0,42,42,0,42.0,0.0,0.0,0.0,0.0,0,0,0,0.0,,,0.0,0.0,0.0,REQ,,,,,0.0,0.0,0.0,0
446961,0.0,0.0,0.0,0.0,0.0,0.0,udp,0.0,,cs0,,63.0,,1.0,,Status,1,1,0,42,42,0,42.0,0.0,0.0,0.0,0.0,0,0,0,0.0,,,0.0,0.0,0.0,REQ,,,,,0.0,0.0,0.0,0
447042,2.580244,2.580244,2.580244,2.580244,2.580244,2.580244,udp,0.0,,cs0,,63.0,,1.0,,Status,2,2,0,84,84,0,42.0,0.0,130.220245,130.220245,0.0,0,0,0,0.0,,,0.38756,0.38756,0.0,REQ,,,,,0.0,0.0,0.0,0
447137,2.580259,2.580259,2.580259,2.580259,2.580259,2.580259,udp,0.0,,cs0,,63.0,,1.0,,Status,2,2,0,84,84,0,42.0,0.0,130.219482,130.219482,0.0,0,0,0,0.0,,,0.387558,0.387558,0.0,REQ,,,,,0.0,0.0,0.0,0
447169,0.0,0.0,0.0,0.0,0.0,0.0,udp,0.0,,cs0,,63.0,,1.0,,Status,1,1,0,42,42,0,42.0,0.0,0.0,0.0,0.0,0,0,0,0.0,,,0.0,0.0,0.0,REQ,,,,,0.0,0.0,0.0,0
447222,2.579449,2.579449,2.579449,2.579449,2.579449,2.579449,udp,0.0,,cs0,,63.0,,1.0,,Status,2,2,0,84,84,0,42.0,0.0,130.260376,130.260376,0.0,0,0,0,0.0,,,0.38768,0.38768,0.0,REQ,,,,,0.0,0.0,0.0,0
447246,0.0,0.0,0.0,0.0,0.0,0.0,udp,0.0,,cs0,,63.0,,1.0,,Status,1,1,0,42,42,0,42.0,0.0,0.0,0.0,0.0,0,0,0,0.0,,,0.0,0.0,0.0,REQ,,,,,0.0,0.0,0.0,0
447295,0.0,0.0,0.0,0.0,0.0,0.0,udp,0.0,,cs0,,63.0,,1.0,,Status,1,1,0,42,42,0,42.0,0.0,0.0,0.0,0.0,0,0,0,0.0,,,0.0,0.0,0.0,REQ,,,,,0.0,0.0,0.0,0
447320,2.583756,2.583756,2.583756,2.583756,2.583756,2.583756,udp,0.0,,cs0,,63.0,,1.0,,Status,2,2,0,84,84,0,42.0,0.0,130.043243,130.043243,0.0,0,0,0,0.0,,,0.387033,0.387033,0.0,REQ,,,,,0.0,0.0,0.0,0
447387,0.0,0.0,0.0,0.0,0.0,0.0,udp,0.0,,cs0,,63.0,,1.0,,Status,1,1,0,42,42,0,42.0,0.0,0.0,0.0,0.0,0,0,0,0.0,,,0.0,0.0,0.0,REQ,,,,,0.0,0.0,0.0,0
447401,2.582641,2.582641,2.582641,2.582641,2.582641,2.582641,udp,0.0,,cs0,,63.0,,1.0,,Status,2,2,0,84,84,0,42.0,0.0,130.099396,130.099396,0.0,0,0,0,0.0,,,0.387201,0.387201,0.0,REQ,,,,,0.0,0.0,0.0,0
447416,2.585812,2.585812,2.585812,2.585812,2.585812,2.585812,udp,0.0,,cs0,,63.0,,1.0,,Status,2,2,0,84,84,0,42.0,0.0,129.939835,129.939835,0.0,0,0,0,0.0,,,0.386726,0.386726,0.0,REQ,,,,,0.0,0.0,0.0,0
447465,0.0,0.0,0.0,0.0,0.0,0.0,udp,0.0,,cs0,,63.0,,1.0,,Status,1,1,0,42,42,0,42.0,0.0,0.0,0.0,0.0,0,0,0,0.0,,,0.0,0.0,0.0,REQ,,,,,0.0,0.0,0.0,0
447579,0.0,0.0,0.0,0.0,0.0,0.0,udp,0.0,,cs0,,63.0,,1.0,,Status,1,1,0,42,42,0,42.0,0.0,0.0,0.0,0.0,0,0,0,0.0,,,0.0,0.0,0.0,REQ,,,,,0.0,0.0,0.0,0
447614,0.0,0.0,0.0,0.0,0.0,0.0,udp,0.0,,cs0,,63.0,,1.0,,Status,1,1,0,42,42,0,42.0,0.0,0.0,0.0,0.0,0,0,0,0.0,,,0.0,0.0,0.0,REQ,,,,,0.0,0.0,0.0,0
447625,0.0,0.0,0.0,0.0,0.0,0.0,udp,0.0,,cs0,,63.0,,1.0,,Status,1,1,0,42,42,0,42.0,0.0,0.0,0.0,0.0,0,0,0,0.0,,,0.0,0.0,0.0,REQ,,,,,0.0,0.0,0.0,0
447710,2.58571,2.58571,2.58571,2.58571,2.58571,2.58571,udp,0.0,,cs0,,63.0,,1.0,,Status,2,2,0,84,84,0,42.0,0.0,129.944962,129.944962,0.0,0,0,0,0.0,,,0.386741,0.386741,0.0,REQ,,,,,0.0,0.0,0.0,0
447726,2.580863,2.580863,2.580863,2.580863,2.580863,2.580863,udp,0.0,,cs0,,63.0,,1.0,,Status,2,2,0,84,84,0,42.0,0.0,130.189011,130.189011,0.0,0,0,0,0.0,,,0.387467,0.387467,0.0,REQ,,,,,0.0,0.0,0.0,0
447728,2.580864,2.580864,2.580864,2.580864,2.580864,2.580864,udp,0.0,,cs0,,63.0,,1.0,,Status,2,2,0,84,84,0,42.0,0.0,130.188965,130.188965,0.0,0,0,0,0.0,,,0.387467,0.387467,0.0,REQ,,,,,0.0,0.0,0.0,0
447755,0.0,0.0,0.0,0.0,0.0,0.0,udp,0.0,,cs0,,63.0,,1.0,,Status,1,1,0,42,42,0,42.0,0.0,0.0,0.0,0.0,0,0,0,0.0,,,0.0,0.0,0.0,REQ,,,,,0.0,0.0,0.0,0
447915,0.0,0.0,0.0,0.0,0.0,0.0,udp,0.0,,cs0,,63.0,,1.0,,Status,1,1,0,42,42,0,42.0,0.0,0.0,0.0,0.0,0,0,0,0.0,,,0.0,0.0,0.0,REQ,,,,,0.0,0.0,0.0,0
447961,0.0,0.0,0.0,0.0,0.0,0.0,udp,0.0,,cs0,,63.0,,1.0,,Status,1,1,0,42,42,0,42.0,0.0,0.0,0.0,0.0,0,0,0,0.0,,,0.0,0.0,0.0,REQ,,,,,0.0,0.0,0.0,0
447995,2.580761,2.580761,2.580761,2.580761,2.580761,2.580761,udp,0.0,,cs0,,63.0,,1.0,,Status,2,2,0,84,84,0,42.0,0.0,130.194153,130.194153,0.0,0,0,0,0.0,,,0.387483,0.387483,0.0,REQ,,,,,0.0,0.0,0.0,0
447999,2.582752,2.582752,2.582752,2.582752,2.582752,2.582752,udp,0.0,,cs0,,63.0,,1.0,,Status,2,2,0,84,84,0,42.0,0.0,130.093796,130.093796,0.0,0,0,0,0.0,,,0.387184,0.387184,0.0,REQ,,,,,0.0,0.0,0.0,0
448024,2.584058,2.584058,2.584058,2.584058,2.584058,2.584058,udp,0.0,,cs0,,63.0,,1.0,,Status,2,2,0,84,84,0,42.0,0.0,130.028046,130.028046,0.0,0,0,0,0.0,,,0.386988,0.386988,0.0,REQ,,,,,0.0,0.0,0.0,0
448069,0.0,0.0,0.0,0.0,0.0,0.0,udp,0.0,,cs0,,63.0,,1.0,,Status,1,1,0,42,42,0,42.0,0.0,0.0,0.0,0.0,0,0,0,0.0,,,0.0,0.0,0.0,REQ,,,,,0.0,0.0,0.0,0
448076,0.0,0.0,0.0,0.0,0.0,0.0,udp,0.0,,cs0,,63.0,,1.0,,Status,1,1,0,42,42,0,42.0,0.0,0.0,0.0,0.0,0,0,0,0.0,,,0.0,0.0,0.0,REQ,,,,,0.0,0.0,0.0,0
448083,2.580926,2.580926,2.580926,2.580926,2.580926,2.580926,udp,0.0,,cs0,,63.0,,1.0,,Status,2,2,0,84,84,0,42.0,0.0,130.185837,130.185837,0.0,0,0,0,0.0,,,0.387458,0.387458,0.0,REQ,,,,,0.0,0.0,0.0,0
448110,2.581984,2.581984,2.581984,2.581984,2.581984,2.581984,udp,0.0,,cs0,,63.0,,1.0,,Status,2,2,0,84,84,0,42.0,0.0,130.132492,130.132492,0.0,0,0,0,0.0,,,0.387299,0.387299,0.0,REQ,,,,,0.0,0.0,0.0,0
448116,2.581951,2.581951,2.581951,2.581951,2.581951,2.581951,udp,0.0,,cs0,,63.0,,1.0,,Status,2,2,0,84,84,0,42.0,0.0,130.134155,130.134155,0.0,0,0,0,0.0,,,0.387304,0.387304,0.0,REQ,,,,,0.0,0.0,0.0,0
448194,2.580145,2.580145,2.580145,2.580145,2.580145,2.580145,udp,0.0,,cs0,,63.0,,1.0,,Status,2,2,0,84,84,0,42.0,0.0,130.22525,130.22525,0.0,0,0,0,0.0,,,0.387575,0.387575,0.0,REQ,,,,,0.0,0.0,0.0,0
448254,2.582389,2.582389,2.582389,2.582389,2.582389,2.582389,udp,0.0,,cs0,,63.0,,1.0,,Status,2,2,0,84,84,0,42.0,0.0,130.112076,130.112076,0.0,0,0,0,0.0,,,0.387238,0.387238,0.0,REQ,,,,,0.0,0.0,0.0,0
448283,0.0,0.0,0.0,0.0,0.0,0.0,udp,0.0,,cs0,,63.0,,1.0,,Status,1,1,0,42,42,0,42.0,0.0,0.0,0.0,0.0,0,0,0,0.0,,,0.0,0.0,0.0,REQ,,,,,0.0,0.0,0.0,0
448290,0.0,0.0,0.0,0.0,0.0,0.0,udp,0.0,,cs0,,63.0,,1.0,,Status,1,1,0,42,42,0,42.0,0.0,0.0,0.0,0.0,0,0,0,0.0,,,0.0,0.0,0.0,REQ,,,,,0.0,0.0,0.0,0
448316,2.583272,2.583272,2.583272,2.583272,2.583272,2.583272,udp,0.0,,cs0,,63.0,,1.0,,Status,2,2,0,84,84,0,42.0,0.0,130.067612,130.067612,0.0,0,0,0,0.0,,,0.387106,0.387106,0.0,REQ,,,,,0.0,0.0,0.0,0
448386,2.582722,2.582722,2.582722,2.582722,2.582722,2.582722,udp,0.0,,cs0,,63.0,,1.0,,Status,2,2,0,84,84,0,42.0,0.0,130.095306,130.095306,0.0,0,0,0,0.0,,,0.387188,0.387188,0.0,REQ,,,,,0.0,0.0,0.0,0
448416,0.0,0.0,0.0,0.0,0.0,0.0,udp,0.0,,cs0,,63.0,,1.0,,Status,1,1,0,42,42,0,42.0,0.0,0.0,0.0,0.0,0,0,0,0.0,,,0.0,0.0,0.0,REQ,,,,,0.0,0.0,0.0,0
448466,0.0,0.0,0.0,0.0,0.0,0.0,udp,0.0,,cs0,,63.0,,1.0,,Status,1,1,0,42,42,0,42.0,0.0,0.0,0.0,0.0,0,0,0,0.0,,,0.0,0.0,0.0,REQ,,,,,0.0,0.0,0.0,0
448478,0.0,0.0,0.0,0.0,0.0,0.0,udp,0.0,,cs0,,63.0,,1.0,,Status,1,1,0,42,42,0,42.0,0.0,0.0,0.0,0.0,0,0,0,0.0,,,0.0,0.0,0.0,REQ,,,,,0.0,0.0,0.0,0
448480,0.0,0.0,0.0,0.0,0.0,0.0,udp,0.0,,cs0,,63.0,,1.0,,Status,1,1,0,42,42,0,42.0,0.0,0.0,0.0,0.0,0,0,0,0.0,,,0.0,0.0,0.0,REQ,,,,,0.0,0.0,0.0,0
448489,0.0,0.0,0.0,0.0,0.0,0.0,udp,0.0,,cs0,,63.0,,1.0,,Status,1,1,0,42,42,0,42.0,0.0,0.0,0.0,0.0,0,0,0,0.0,,,0.0,0.0,0.0,REQ,,,,,0.0,0.0,0.0,0
448490,0.0,0.0,0.0,0.0,0.0,0.0,udp,0.0,,cs0,,63.0,,1.0,,Status,1,1,0,42,42,0,42.0,0.0,0.0,0.0,0.0,0,0,0,0.0,,,0.0,0.0,0.0,REQ,,,,,0.0,0.0,0.0,0
448508,0.0,0.0,0.0,0.0,0.0,0.0,udp,0.0,,cs0,,63.0,,1.0,,Status,1,1,0,42,42,0,42.0,0.0,0.0,0.0,0.0,0,0,0,0.0,,,0.0,0.0,0.0,REQ,,,,,0.0,0.0,0.0,0
448686,2.580363,2.580363,2.580363,2.580363,2.580363,2.580363,udp,0.0,,cs0,,63.0,,1.0,,Status,2,2,0,84,84,0,42.0,0.0,130.214233,130.214233,0.0,0,0,0,0.0,,,0.387542,0.387542,0.0,REQ,,,,,0.0,0.0,0.0,0
448713,0.0,0.0,0.0,0.0,0.0,0.0,udp,0.0,,cs0,,63.0,,1.0,,Status,1,1,0,42,42,0,42.0,0.0,0.0,0.0,0.0,0,0,0,0.0,,,0.0,0.0,0.0,REQ,,,,,0.0,0.0,0.0,0
448950,2.579813,2.579813,2.579813,2.579813,2.579813,2.579813,udp,0.0,,cs0,,63.0,,1.0,,Status,2,2,0,84,84,0,42.0,0.0,130.242004,130.242004,0.0,0,0,0,0.0,,,0.387625,0.387625,0.0,REQ,,,,,0.0,0.0,0.0,0
448983,0.0,0.0,0.0,0.0,0.0,0.0,udp,0.0,,cs0,,63.0,,1.0,,Status,1,1,0,42,42,0,42.0,0.0,0.0,0.0,0.0,0,0,0,0.0,,,0.0,0.0,0.0,REQ,,,,,0.0,0.0,0.0,0
449014,2.585029,2.585029,2.585029,2.585029,2.585029,2.585029,udp,0.0,,cs0,,63.0,,1.0,,Status,2,2,0,84,84,0,42.0,0.0,129.979202,129.979202,0.0,0,0,0,0.0,,,0.386843,0.386843,0.0,REQ,,,,,0.0,0.0,0.0,0
449025,0.0,0.0,0.0,0.0,0.0,0.0,udp,0.0,,cs0,,63.0,,1.0,,Status,1,1,0,42,42,0,42.0,0.0,0.0,0.0,0.0,0,0,0,0.0,,,0.0,0.0,0.0,REQ,,,,,0.0,0.0,0.0,0
449039,2.57939,2.57939,2.57939,2.57939,2.57939,2.57939,udp,0.0,,cs0,,63.0,,1.0,,Status,2,2,0,84,84,0,42.0,0.0,130.263351,130.263351,0.0,0,0,0,0.0,,,0.387689,0.387689,0.0,REQ,,,,,0.0,0.0,0.0,0
449079,2.579198,2.579198,2.579198,2.579198,2.579198,2.579198,udp,0.0,,cs0,,63.0,,1.0,,Status,2,2,0,84,84,0,42.0,0.0,130.273056,130.273056,0.0,0,0,0,0.0,,,0.387717,0.387717,0.0,REQ,,,,,0.0,0.0,0.0,0
449119,0.0,0.0,0.0,0.0,0.0,0.0,udp,0.0,,cs0,,63.0,,1.0,,Status,1,1,0,42,42,0,42.0,0.0,0.0,0.0,0.0,0,0,0,0.0,,,0.0,0.0,0.0,REQ,,,,,0.0,0.0,0.0,0
449213,2.579412,2.579412,2.579412,2.579412,2.579412,2.579412,udp,0.0,,cs0,,63.0,,1.0,,Status,2,2,0,84,84,0,42.0,0.0,130.262253,130.262253,0.0,0,0,0,0.0,,,0.387685,0.387685,0.0,REQ,,,,,0.0,0.0,0.0,0
449219,2.57929,2.57929,2.57929,2.57929,2.57929,2.57929,udp,0.0,,cs0,,63.0,,1.0,,Status,2,2,0,84,84,0,42.0,0.0,130.268417,130.268417,0.0,0,0,0,0.0,,,0.387704,0.387704,0.0,REQ,,,,,0.0,0.0,0.0,0
449222,2.57928,2.57928,2.57928,2.57928,2.57928,2.57928,udp,0.0,,cs0,,63.0,,1.0,,Status,2,2,0,84,84,0,42.0,0.0,130.268921,130.268921,0.0,0,0,0,0.0,,,0.387705,0.387705,0.0,REQ,,,,,0.0,0.0,0.0,0
449230,2.57931,2.57931,2.57931,2.57931,2.57931,2.57931,udp,0.0,,cs0,,63.0,,1.0,,Status,2,2,0,84,84,0,42.0,0.0,130.267395,130.267395,0.0,0,0,0,0.0,,,0.387701,0.387701,0.0,REQ,,,,,0.0,0.0,0.0,0
449277,2.579392,2.579392,2.579392,2.579392,2.579392,2.579392,udp,0.0,,cs0,,63.0,,1.0,,Status,2,2,0,84,84,0,42.0,0.0,130.26326,130.26326,0.0,0,0,0,0.0,,,0.387688,0.387688,0.0,REQ,,,,,0.0,0.0,0.0,0
449286,2.579269,2.579269,2.579269,2.579269,2.579269,2.579269,udp,0.0,,cs0,,63.0,,1.0,,Status,2,2,0,84,84,0,42.0,0.0,130.26947,130.26947,0.0,0,0,0,0.0,,,0.387707,0.387707,0.0,REQ,,,,,0.0,0.0,0.0,0
449341,0.0,0.0,0.0,0.0,0.0,0.0,udp,0.0,,cs0,,63.0,,1.0,,Status,1,1,0,42,42,0,42.0,0.0,0.0,0.0,0.0,0,0,0,0.0,,,0.0,0.0,0.0,REQ,,,,,0.0,0.0,0.0,0
449438,2.582926,2.582926,2.582926,2.582926,2.582926,2.582926,udp,0.0,,cs0,,63.0,,1.0,,Status,2,2,0,84,84,0,42.0,0.0,130.085022,130.085022,0.0,0,0,0,0.0,,,0.387158,0.387158,0.0,REQ,,,,,0.0,0.0,0.0,0
449459,2.58405,2.58405,2.58405,2.58405,2.58405,2.58405,udp,0.0,,cs0,,63.0,,1.0,,Status,2,2,0,84,84,0,42.0,0.0,130.028442,130.028442,0.0,0,0,0,0.0,,,0.386989,0.386989,0.0,REQ,,,,,0.0,0.0,0.0,0
449485,2.5783,2.5783,2.5783,2.5783,2.5783,2.5783,udp,0.0,,cs0,,63.0,,1.0,,Status,2,2,0,84,84,0,42.0,0.0,130.31842,130.31842,0.0,0,0,0,0.0,,,0.387852,0.387852,0.0,REQ,,,,,0.0,0.0,0.0,0
449489,2.578309,2.578309,2.578309,2.578309,2.578309,2.578309,udp,0.0,,cs0,,63.0,,1.0,,Status,2,2,0,84,84,0,42.0,0.0,130.317963,130.317963,0.0,0,0,0,0.0,,,0.387851,0.387851,0.0,REQ,,,,,0.0,0.0,0.0,0
449499,2.578348,2.578348,2.578348,2.578348,2.578348,2.578348,udp,0.0,,cs0,,63.0,,1.0,,Status,2,2,0,84,84,0,42.0,0.0,130.31601,130.31601,0.0,0,0,0,0.0,,,0.387845,0.387845,0.0,REQ,,,,,0.0,0.0,0.0,0
449508,2.578269,2.578269,2.578269,2.578269,2.578269,2.578269,udp,0.0,,cs0,,63.0,,1.0,,Status,2,2,0,84,84,0,42.0,0.0,130.319992,130.319992,0.0,0,0,0,0.0,,,0.387857,0.387857,0.0,REQ,,,,,0.0,0.0,0.0,0
449553,0.0,0.0,0.0,0.0,0.0,0.0,udp,0.0,,cs0,,63.0,,1.0,,Status,1,1,0,42,42,0,42.0,0.0,0.0,0.0,0.0,0,0,0,0.0,,,0.0,0.0,0.0,REQ,,,,,0.0,0.0,0.0,0
449619,0.0,0.0,0.0,0.0,0.0,0.0,udp,0.0,,cs0,,63.0,,1.0,,Status,1,1,0,42,42,0,42.0,0.0,0.0,0.0,0.0,0,0,0,0.0,,,0.0,0.0,0.0,REQ,,,,,0.0,0.0,0.0,0
449646,0.0,0.0,0.0,0.0,0.0,0.0,udp,0.0,,cs0,,63.0,,1.0,,Status,1,1,0,42,42,0,42.0,0.0,0.0,0.0,0.0,0,0,0,0.0,,,0.0,0.0,0.0,REQ,,,,,0.0,0.0,0.0,0
449667,0.0,0.0,0.0,0.0,0.0,0.0,udp,0.0,,cs0,,63.0,,1.0,,Status,1,1,0,42,42,0,42.0,0.0,0.0,0.0,0.0,0,0,0,0.0,,,0.0,0.0,0.0,REQ,,,,,0.0,0.0,0.0,0
449688,2.583439,2.583439,2.583439,2.583439,2.583439,2.583439,udp,0.0,,cs0,,63.0,,1.0,,Status,2,2,0,84,84,0,42.0,0.0,130.059189,130.059189,0.0,0,0,0,0.0,,,0.387081,0.387081,0.0,REQ,,,,,0.0,0.0,0.0,0
449704,2.582005,2.582005,2.582005,2.582005,2.582005,2.582005,udp,0.0,,cs0,,63.0,,1.0,,Status,2,2,0,84,84,0,42.0,0.0,130.131424,130.131424,0.0,0,0,0,0.0,,,0.387296,0.387296,0.0,REQ,,,,,0.0,0.0,0.0,0
449746,0.0,0.0,0.0,0.0,0.0,0.0,udp,0.0,,cs0,,63.0,,1.0,,Status,1,1,0,42,42,0,42.0,0.0,0.0,0.0,0.0,0,0,0,0.0,,,0.0,0.0,0.0,REQ,,,,,0.0,0.0,0.0,0
449765,2.58054,2.58054,2.58054,2.58054,2.58054,2.58054,udp,0.0,,cs0,,63.0,,1.0,,Status,2,2,0,84,84,0,42.0,0.0,130.205307,130.205307,0.0,0,0,0,0.0,,,0.387516,0.387516,0.0,REQ,,,,,0.0,0.0,0.0,0
449790,0.0,0.0,0.0,0.0,0.0,0.0,udp,0.0,,cs0,,63.0,,1.0,,Status,1,1,0,42,42,0,42.0,0.0,0.0,0.0,0.0,0,0,0,0.0,,,0.0,0.0,0.0,REQ,,,,,0.0,0.0,0.0,0
449834,0.0,0.0,0.0,0.0,0.0,0.0,udp,0.0,,cs0,,63.0,,1.0,,Status,1,1,0,42,42,0,42.0,0.0,0.0,0.0,0.0,0,0,0,0.0,,,0.0,0.0,0.0,REQ,,,,,0.0,0.0,0.0,0
449868,2.580056,2.580056,2.580056,2.580056,2.580056,2.580056,udp,0.0,,cs0,,63.0,,1.0,,Status,2,2,0,84,84,0,42.0,0.0,130.229736,130.229736,0.0,0,0,0,0.0,,,0.387589,0.387589,0.0,REQ,,,,,0.0,0.0,0.0,0
449894,2.58592,2.58592,2.58592,2.58592,2.58592,2.58592,udp,0.0,,cs0,,63.0,,1.0,,Status,2,2,0,84,84,0,42.0,0.0,129.934402,129.934402,0.0,0,0,0,0.0,,,0.38671,0.38671,0.0,REQ,,,,,0.0,0.0,0.0,0
449905,0.0,0.0,0.0,0.0,0.0,0.0,udp,0.0,,cs0,,63.0,,1.0,,Status,1,1,0,42,42,0,42.0,0.0,0.0,0.0,0.0,0,0,0,0.0,,,0.0,0.0,0.0,REQ,,,,,0.0,0.0,0.0,0
449925,2.582177,2.582177,2.582177,2.582177,2.582177,2.582177,udp,0.0,,cs0,,63.0,,1.0,,Status,2,2,0,84,84,0,42.0,0.0,130.122772,130.122772,0.0,0,0,0,0.0,,,0.38727,0.38727,0.0,REQ,,,,,0.0,0.0,0.0,0
450001,2.579753,2.579753,2.579753,2.579753,2.579753,2.579753,udp,0.0,,cs0,,63.0,,1.0,,Status,2,2,0,84,84,0,42.0,0.0,130.245026,130.245026,0.0,0,0,0,0.0,,,0.387634,0.387634,0.0,REQ,,,,,0.0,0.0,0.0,0
450020,2.583583,2.583583,2.583583,2.583583,2.583583,2.583583,udp,0.0,,cs0,,63.0,,1.0,,Status,2,2,0,84,84,0,42.0,0.0,130.051941,130.051941,0.0,0,0,0,0.0,,,0.387059,0.387059,0.0,REQ,,,,,0.0,0.0,0.0,0
450051,2.584568,2.584568,2.584568,2.584568,2.584568,2.584568,udp,0.0,,cs0,,63.0,,1.0,,Status,2,2,0,84,84,0,42.0,0.0,130.00238,130.00238,0.0,0,0,0,0.0,,,0.386912,0.386912,0.0,REQ,,,,,0.0,0.0,0.0,0
450070,0.0,0.0,0.0,0.0,0.0,0.0,udp,0.0,,cs0,,63.0,,1.0,,Status,1,1,0,42,42,0,42.0,0.0,0.0,0.0,0.0,0,0,0,0.0,,,0.0,0.0,0.0,REQ,,,,,0.0,0.0,0.0,0
450082,0.0,0.0,0.0,0.0,0.0,0.0,udp,0.0,,cs0,,63.0,,1.0,,Status,1,1,0,42,42,0,42.0,0.0,0.0,0.0,0.0,0,0,0,0.0,,,0.0,0.0,0.0,REQ,,,,,0.0,0.0,0.0,0
450177,0.0,0.0,0.0,0.0,0.0,0.0,udp,0.0,,cs0,,63.0,,1.0,,Status,1,1,0,42,42,0,42.0,0.0,0.0,0.0,0.0,0,0,0,0.0,,,0.0,0.0,0.0,REQ,,,,,0.0,0.0,0.0,0
450221,2.576191,2.576191,2.576191,2.576191,2.576191,2.576191,udp,0.0,,cs0,,63.0,,1.0,,Status,2,2,0,84,84,0,42.0,0.0,130.42511,130.42511,0.0,0,0,0,0.0,,,0.38817,0.38817,0.0,REQ,,,,,0.0,0.0,0.0,0
450251,0.0,0.0,0.0,0.0,0.0,0.0,udp,0.0,,cs0,,63.0,,1.0,,Status,1,1,0,42,42,0,42.0,0.0,0.0,0.0,0.0,0,0,0,0.0,,,0.0,0.0,0.0,REQ,,,,,0.0,0.0,0.0,0
450255,0.0,0.0,0.0,0.0,0.0,0.0,udp,0.0,,cs0,,63.0,,1.0,,Status,1,1,0,42,42,0,42.0,0.0,0.0,0.0,0.0,0,0,0,0.0,,,0.0,0.0,0.0,REQ,,,,,0.0,0.0,0.0,0
450320,0.0,0.0,0.0,0.0,0.0,0.0,udp,0.0,,cs0,,63.0,,1.0,,Status,1,1,0,42,42,0,42.0,0.0,0.0,0.0,0.0,0,0,0,0.0,,,0.0,0.0,0.0,REQ,,,,,0.0,0.0,0.0,0
450350,2.581096,2.581096,2.581096,2.581096,2.581096,2.581096,udp,0.0,,cs0,,63.0,,1.0,,Status,2,2,0,84,84,0,42.0,0.0,130.177261,130.177261,0.0,0,0,0,0.0,,,0.387432,0.387432,0.0,REQ,,,,,0.0,0.0,0.0,0
450410,2.579969,2.579969,2.579969,2.579969,2.579969,2.579969,udp,0.0,,cs0,,63.0,,1.0,,Status,2,2,0,84,84,0,42.0,0.0,130.234131,130.234131,0.0,0,0,0,0.0,,,0.387602,0.387602,0.0,REQ,,,,,0.0,0.0,0.0,0
450466,2.57689,2.57689,2.57689,2.57689,2.57689,2.57689,udp,0.0,,cs0,,63.0,,1.0,,Status,2,2,0,84,84,0,42.0,0.0,130.38974,130.38974,0.0,0,0,0,0.0,,,0.388065,0.388065,0.0,REQ,,,,,0.0,0.0,0.0,0
450547,2.577731,2.577731,2.577731,2.577731,2.577731,2.577731,udp,0.0,,cs0,,63.0,,1.0,,Status,2,2,0,84,84,0,42.0,0.0,130.347198,130.347198,0.0,0,0,0,0.0,,,0.387938,0.387938,0.0,REQ,,,,,0.0,0.0,0.0,0
450575,2.58179,2.58179,2.58179,2.58179,2.58179,2.58179,udp,0.0,,cs0,,63.0,,1.0,,Status,2,2,0,84,84,0,42.0,0.0,130.142273,130.142273,0.0,0,0,0,0.0,,,0.387328,0.387328,0.0,REQ,,,,,0.0,0.0,0.0,0
450584,0.0,0.0,0.0,0.0,0.0,0.0,udp,0.0,,cs0,,63.0,,1.0,,Status,1,1,0,42,42,0,42.0,0.0,0.0,0.0,0.0,0,0,0,0.0,,,0.0,0.0,0.0,REQ,,,,,0.0,0.0,0.0,0
450614,2.579057,2.579057,2.579057,2.579057,2.579057,2.579057,udp,0.0,,cs0,,63.0,,1.0,,Status,2,2,0,84,84,0,42.0,0.0,130.280182,130.280182,0.0,0,0,0,0.0,,,0.387739,0.387739,0.0,REQ,,,,,0.0,0.0,0.0,0
450641,0.0,0.0,0.0,0.0,0.0,0.0,udp,0.0,,cs0,,63.0,,1.0,,Status,1,1,0,42,42,0,42.0,0.0,0.0,0.0,0.0,0,0,0,0.0,,,0.0,0.0,0.0,REQ,,,,,0.0,0.0,0.0,0
450721,2.578977,2.578977,2.578977,2.578977,2.578977,2.578977,udp,0.0,,cs0,,63.0,,1.0,,Status,2,2,0,84,84,0,42.0,0.0,130.28421,130.28421,0.0,0,0,0,0.0,,,0.387751,0.387751,0.0,REQ,,,,,0.0,0.0,0.0,0
450757,2.579174,2.579174,2.579174,2.579174,2.579174,2.579174,udp,0.0,,cs0,,63.0,,1.0,,Status,2,2,0,84,84,0,42.0,0.0,130.274261,130.274261,0.0,0,0,0,0.0,,,0.387721,0.387721,0.0,REQ,,,,,0.0,0.0,0.0,0
450761,2.579174,2.579174,2.579174,2.579174,2.579174,2.579174,udp,0.0,,cs0,,63.0,,1.0,,Status,2,2,0,84,84,0,42.0,0.0,130.274261,130.274261,0.0,0,0,0,0.0,,,0.387721,0.387721,0.0,REQ,,,,,0.0,0.0,0.0,0
450824,2.579172,2.579172,2.579172,2.579172,2.579172,2.579172,udp,0.0,,cs0,,63.0,,1.0,,Status,2,2,0,84,84,0,42.0,0.0,130.274368,130.274368,0.0,0,0,0,0.0,,,0.387721,0.387721,0.0,REQ,,,,,0.0,0.0,0.0,0
450827,0.0,0.0,0.0,0.0,0.0,0.0,udp,0.0,,cs0,,63.0,,1.0,,Status,1,1,0,42,42,0,42.0,0.0,0.0,0.0,0.0,0,0,0,0.0,,,0.0,0.0,0.0,REQ,,,,,0.0,0.0,0.0,0
450891,0.0,0.0,0.0,0.0,0.0,0.0,udp,0.0,,cs0,,63.0,,1.0,,Status,1,1,0,42,42,0,42.0,0.0,0.0,0.0,0.0,0,0,0,0.0,,,0.0,0.0,0.0,REQ,,,,,0.0,0.0,0.0,0
450901,2.578889,2.578889,2.578889,2.578889,2.578889,2.578889,udp,0.0,,cs0,,63.0,,1.0,,Status,2,2,0,84,84,0,42.0,0.0,130.288666,130.288666,0.0,0,0,0,0.0,,,0.387764,0.387764,0.0,REQ,,,,,0.0,0.0,0.0,0
450930,2.576569,2.576569,2.576569,2.576569,2.576569,2.576569,udp,0.0,,cs0,,63.0,,1.0,,Status,2,2,0,84,84,0,42.0,0.0,130.405975,130.405975,0.0,0,0,0,0.0,,,0.388113,0.388113,0.0,REQ,,,,,0.0,0.0,0.0,0
450941,2.583048,2.583048,2.583048,2.583048,2.583048,2.583048,udp,0.0,,cs0,,63.0,,1.0,,Status,2,2,0,84,84,0,42.0,0.0,130.078873,130.078873,0.0,0,0,0,0.0,,,0.38714,0.38714,0.0,REQ,,,,,0.0,0.0,0.0,0
450985,0.0,0.0,0.0,0.0,0.0,0.0,udp,0.0,,cs0,,63.0,,1.0,,Status,1,1,0,42,42,0,42.0,0.0,0.0,0.0,0.0,0,0,0,0.0,,,0.0,0.0,0.0,REQ,,,,,0.0,0.0,0.0,0
451052,0.0,0.0,0.0,0.0,0.0,0.0,udp,0.0,,cs0,,63.0,,1.0,,Status,1,1,0,42,42,0,42.0,0.0,0.0,0.0,0.0,0,0,0,0.0,,,0.0,0.0,0.0,REQ,,,,,0.0,0.0,0.0,0
451056,2.584868,2.584868,2.584868,2.584868,2.584868,2.584868,udp,0.0,,cs0,,63.0,,1.0,,Status,2,2,0,84,84,0,42.0,0.0,129.987305,129.987305,0.0,0,0,0,0.0,,,0.386867,0.386867,0.0,REQ,,,,,0.0,0.0,0.0,0
451062,0.0,0.0,0.0,0.0,0.0,0.0,udp,0.0,,cs0,,63.0,,1.0,,Status,1,1,0,42,42,0,42.0,0.0,0.0,0.0,0.0,0,0,0,0.0,,,0.0,0.0,0.0,REQ,,,,,0.0,0.0,0.0,0
451173,0.0,0.0,0.0,0.0,0.0,0.0,udp,0.0,,cs0,,63.0,,1.0,,Status,1,1,0,42,42,0,42.0,0.0,0.0,0.0,0.0,0,0,0,0.0,,,0.0,0.0,0.0,REQ,,,,,0.0,0.0,0.0,0
451236,2.576029,2.576029,2.576029,2.576029,2.576029,2.576029,udp,0.0,,cs0,,63.0,,1.0,,Status,2,2,0,84,84,0,42.0,0.0,130.433304,130.433304,0.0,0,0,0,0.0,,,0.388194,0.388194,0.0,REQ,,,,,0.0,0.0,0.0,0
451244,0.0,0.0,0.0,0.0,0.0,0.0,udp,0.0,,cs0,,63.0,,1.0,,Status,1,1,0,42,42,0,42.0,0.0,0.0,0.0,0.0,0,0,0,0.0,,,0.0,0.0,0.0,REQ,,,,,0.0,0.0,0.0,0
451294,2.571979,2.571979,2.571979,2.571979,2.571979,2.571979,udp,0.0,,cs0,,63.0,,1.0,,Status,2,2,0,84,84,0,42.0,0.0,130.638702,130.638702,0.0,0,0,0,0.0,,,0.388806,0.388806,0.0,REQ,,,,,0.0,0.0,0.0,0
451384,0.0,0.0,0.0,0.0,0.0,0.0,udp,0.0,,cs0,,63.0,,1.0,,Status,1,1,0,42,42,0,42.0,0.0,0.0,0.0,0.0,0,0,0,0.0,,,0.0,0.0,0.0,REQ,,,,,0.0,0.0,0.0,0
451415,2.577472,2.577472,2.577472,2.577472,2.577472,2.577472,udp,0.0,,cs0,,63.0,,1.0,,Status,2,2,0,84,84,0,42.0,0.0,130.360291,130.360291,0.0,0,0,0,0.0,,,0.387977,0.387977,0.0,REQ,,,,,0.0,0.0,0.0,0
451571,2.579046,2.579046,2.579046,2.579046,2.579046,2.579046,udp,0.0,,cs0,,63.0,,1.0,,Status,2,2,0,84,84,0,42.0,0.0,130.280731,130.280731,0.0,0,0,0,0.0,,,0.38774,0.38774,0.0,REQ,,,,,0.0,0.0,0.0,0
451636,0.0,0.0,0.0,0.0,0.0,0.0,udp,0.0,,cs0,,63.0,,1.0,,Status,1,1,0,42,42,0,42.0,0.0,0.0,0.0,0.0,0,0,0,0.0,,,0.0,0.0,0.0,REQ,,,,,0.0,0.0,0.0,0
451639,2.580945,2.580945,2.580945,2.580945,2.580945,2.580945,udp,0.0,,cs0,,63.0,,1.0,,Status,2,2,0,84,84,0,42.0,0.0,130.184875,130.184875,0.0,0,0,0,0.0,,,0.387455,0.387455,0.0,REQ,,,,,0.0,0.0,0.0,0
451651,2.580981,2.580981,2.580981,2.580981,2.580981,2.580981,udp,0.0,,cs0,,63.0,,1.0,,Status,2,2,0,84,84,0,42.0,0.0,130.18306,130.18306,0.0,0,0,0,0.0,,,0.38745,0.38745,0.0,REQ,,,,,0.0,0.0,0.0,0
451702,0.0,0.0,0.0,0.0,0.0,0.0,udp,0.0,,cs0,,63.0,,1.0,,Status,1,1,0,42,42,0,42.0,0.0,0.0,0.0,0.0,0,0,0,0.0,,,0.0,0.0,0.0,REQ,,,,,0.0,0.0,0.0,0
451710,0.0,0.0,0.0,0.0,0.0,0.0,udp,0.0,,cs0,,63.0,,1.0,,Status,1,1,0,42,42,0,42.0,0.0,0.0,0.0,0.0,0,0,0,0.0,,,0.0,0.0,0.0,REQ,,,,,0.0,0.0,0.0,0
451766,2.578979,2.578979,2.578979,2.578979,2.578979,2.578979,udp,0.0,,cs0,,63.0,,1.0,,Status,2,2,0,84,84,0,42.0,0.0,130.284119,130.284119,0.0,0,0,0,0.0,,,0.38775,0.38775,0.0,REQ,,,,,0.0,0.0,0.0,0
451773,2.580669,2.580669,2.580669,2.580669,2.580669,2.580669,udp,0.0,,cs0,,63.0,,1.0,,Status,2,2,0,84,84,0,42.0,0.0,130.198807,130.198807,0.0,0,0,0,0.0,,,0.387496,0.387496,0.0,REQ,,,,,0.0,0.0,0.0,0
451788,0.0,0.0,0.0,0.0,0.0,0.0,udp,0.0,,cs0,,63.0,,1.0,,Status,1,1,0,42,42,0,42.0,0.0,0.0,0.0,0.0,0,0,0,0.0,,,0.0,0.0,0.0,REQ,,,,,0.0,0.0,0.0,0
451829,2.579639,2.579639,2.579639,2.579639,2.579639,2.579639,udp,0.0,,cs0,,63.0,,1.0,,Status,2,2,0,84,84,0,42.0,0.0,130.250778,130.250778,0.0,0,0,0,0.0,,,0.387651,0.387651,0.0,REQ,,,,,0.0,0.0,0.0,0
451874,2.579227,2.579227,2.579227,2.579227,2.579227,2.579227,udp,0.0,,cs0,,63.0,,1.0,,Status,2,2,0,84,84,0,42.0,0.0,130.271591,130.271591,0.0,0,0,0,0.0,,,0.387713,0.387713,0.0,REQ,,,,,0.0,0.0,0.0,0
451876,2.579238,2.579238,2.579238,2.579238,2.579238,2.579238,udp,0.0,,cs0,,63.0,,1.0,,Status,2,2,0,84,84,0,42.0,0.0,130.271042,130.271042,0.0,0,0,0,0.0,,,0.387711,0.387711,0.0,REQ,,,,,0.0,0.0,0.0,0
451909,2.582517,2.582517,2.582517,2.582517,2.582517,2.582517,udp,0.0,,cs0,,63.0,,1.0,,Status,2,2,0,84,84,0,42.0,0.0,130.105637,130.105637,0.0,0,0,0,0.0,,,0.387219,0.387219,0.0,REQ,,,,,0.0,0.0,0.0,0
451957,0.0,0.0,0.0,0.0,0.0,0.0,udp,0.0,,cs0,,63.0,,1.0,,Status,1,1,0,42,42,0,42.0,0.0,0.0,0.0,0.0,0,0,0,0.0,,,0.0,0.0,0.0,REQ,,,,,0.0,0.0,0.0,0
451966,2.579247,2.579247,2.579247,2.579247,2.579247,2.579247,udp,0.0,,cs0,,63.0,,1.0,,Status,2,2,0,84,84,0,42.0,0.0,130.270584,130.270584,0.0,0,0,0,0.0,,,0.38771,0.38771,0.0,REQ,,,,,0.0,0.0,0.0,0
452000,2.583017,2.583017,2.583017,2.583017,2.583017,2.583017,udp,0.0,,cs0,,63.0,,1.0,,Status,2,2,0,84,84,0,42.0,0.0,130.080444,130.080444,0.0,0,0,0,0.0,,,0.387144,0.387144,0.0,REQ,,,,,0.0,0.0,0.0,0
452018,2.590162,2.590162,2.590162,2.590162,2.590162,2.590162,udp,0.0,,cs0,,63.0,,1.0,,Status,2,2,0,84,84,0,42.0,0.0,129.721619,129.721619,0.0,0,0,0,0.0,,,0.386076,0.386076,0.0,REQ,,,,,0.0,0.0,0.0,0
452034,2.589141,2.589141,2.589141,2.589141,2.589141,2.589141,udp,0.0,,cs0,,63.0,,1.0,,Status,2,2,0,84,84,0,42.0,0.0,129.772781,129.772781,0.0,0,0,0,0.0,,,0.386229,0.386229,0.0,REQ,,,,,0.0,0.0,0.0,0
452085,0.0,0.0,0.0,0.0,0.0,0.0,udp,0.0,,cs0,,63.0,,1.0,,Status,1,1,0,42,42,0,42.0,0.0,0.0,0.0,0.0,0,0,0,0.0,,,0.0,0.0,0.0,REQ,,,,,0.0,0.0,0.0,0
452220,0.0,0.0,0.0,0.0,0.0,0.0,udp,0.0,,cs0,,63.0,,1.0,,Status,1,1,0,42,42,0,42.0,0.0,0.0,0.0,0.0,0,0,0,0.0,,,0.0,0.0,0.0,REQ,,,,,0.0,0.0,0.0,0
452267,0.0,0.0,0.0,0.0,0.0,0.0,udp,0.0,,cs0,,63.0,,1.0,,Status,1,1,0,42,42,0,42.0,0.0,0.0,0.0,0.0,0,0,0,0.0,,,0.0,0.0,0.0,REQ,,,,,0.0,0.0,0.0,0
452278,2.58284,2.58284,2.58284,2.58284,2.58284,2.58284,udp,0.0,,cs0,,63.0,,1.0,,Status,2,2,0,84,84,0,42.0,0.0,130.089355,130.089355,0.0,0,0,0,0.0,,,0.387171,0.387171,0.0,REQ,,,,,0.0,0.0,0.0,0
452318,0.0,0.0,0.0,0.0,0.0,0.0,udp,0.0,,cs0,,63.0,,1.0,,Status,1,1,0,42,42,0,42.0,0.0,0.0,0.0,0.0,0,0,0,0.0,,,0.0,0.0,0.0,REQ,,,,,0.0,0.0,0.0,0
452471,0.0,0.0,0.0,0.0,0.0,0.0,udp,0.0,,cs0,,63.0,,1.0,,Status,1,1,0,42,42,0,42.0,0.0,0.0,0.0,0.0,0,0,0,0.0,,,0.0,0.0,0.0,REQ,,,,,0.0,0.0,0.0,0
452499,0.0,0.0,0.0,0.0,0.0,0.0,udp,0.0,,cs0,,63.0,,1.0,,Status,1,1,0,42,42,0,42.0,0.0,0.0,0.0,0.0,0,0,0,0.0,,,0.0,0.0,0.0,REQ,,,,,0.0,0.0,0.0,0
452642,2.5807,2.5807,2.5807,2.5807,2.5807,2.5807,udp,0.0,,cs0,,63.0,,1.0,,Status,2,2,0,84,84,0,42.0,0.0,130.197235,130.197235,0.0,0,0,0,0.0,,,0.387492,0.387492,0.0,REQ,,,,,0.0,0.0,0.0,0
452655,2.583163,2.583163,2.583163,2.583163,2.583163,2.583163,udp,0.0,,cs0,,63.0,,1.0,,Status,2,2,0,84,84,0,42.0,0.0,130.07309,130.07309,0.0,0,0,0,0.0,,,0.387122,0.387122,0.0,REQ,,,,,0.0,0.0,0.0,0
452704,2.578934,2.578934,2.578934,2.578934,2.578934,2.578934,udp,0.0,,cs0,,63.0,,1.0,,Status,2,2,0,84,84,0,42.0,0.0,130.286392,130.286392,0.0,0,0,0,0.0,,,0.387757,0.387757,0.0,REQ,,,,,0.0,0.0,0.0,0
452735,2.582894,2.582894,2.582894,2.582894,2.582894,2.582894,udp,0.0,,cs0,,63.0,,1.0,,Status,2,2,0,84,84,0,42.0,0.0,130.086639,130.086639,0.0,0,0,0,0.0,,,0.387163,0.387163,0.0,REQ,,,,,0.0,0.0,0.0,0
452738,2.582894,2.582894,2.582894,2.582894,2.582894,2.582894,udp,0.0,,cs0,,63.0,,1.0,,Status,2,2,0,84,84,0,42.0,0.0,130.086639,130.086639,0.0,0,0,0,0.0,,,0.387163,0.387163,0.0,REQ,,,,,0.0,0.0,0.0,0
452755,0.0,0.0,0.0,0.0,0.0,0.0,udp,0.0,,cs0,,63.0,,1.0,,Status,1,1,0,42,42,0,42.0,0.0,0.0,0.0,0.0,0,0,0,0.0,,,0.0,0.0,0.0,REQ,,,,,0.0,0.0,0.0,0
452875,0.0,0.0,0.0,0.0,0.0,0.0,udp,0.0,,cs0,,63.0,,1.0,,Status,1,1,0,42,42,0,42.0,0.0,0.0,0.0,0.0,0,0,0,0.0,,,0.0,0.0,0.0,REQ,,,,,0.0,0.0,0.0,0
452908,2.577508,2.577508,2.577508,2.577508,2.577508,2.577508,udp,0.0,,cs0,,63.0,,1.0,,Status,2,2,0,84,84,0,42.0,0.0,130.358475,130.358475,0.0,0,0,0,0.0,,,0.387972,0.387972,0.0,REQ,,,,,0.0,0.0,0.0,0
453005,2.573388,2.573388,2.573388,2.573388,2.573388,2.573388,udp,0.0,,cs0,,63.0,,1.0,,Status,2,2,0,84,84,0,42.0,0.0,130.567169,130.567169,0.0,0,0,0,0.0,,,0.388593,0.388593,0.0,REQ,,,,,0.0,0.0,0.0,0
453039,0.0,0.0,0.0,0.0,0.0,0.0,udp,0.0,,cs0,,63.0,,1.0,,Status,1,1,0,42,42,0,42.0,0.0,0.0,0.0,0.0,0,0,0,0.0,,,0.0,0.0,0.0,REQ,,,,,0.0,0.0,0.0,0
453159,2.582123,2.582123,2.582123,2.582123,2.582123,2.582123,udp,0.0,,cs0,,63.0,,1.0,,Status,2,2,0,84,84,0,42.0,0.0,130.125473,130.125473,0.0,0,0,0,0.0,,,0.387278,0.387278,0.0,REQ,,,,,0.0,0.0,0.0,0
453166,2.582126,2.582126,2.582126,2.582126,2.582126,2.582126,udp,0.0,,cs0,,63.0,,1.0,,Status,2,2,0,84,84,0,42.0,0.0,130.125336,130.125336,0.0,0,0,0,0.0,,,0.387278,0.387278,0.0,REQ,,,,,0.0,0.0,0.0,0
453201,2.58193,2.58193,2.58193,2.58193,2.58193,2.58193,udp,0.0,,cs0,,63.0,,1.0,,Status,2,2,0,84,84,0,42.0,0.0,130.135208,130.135208,0.0,0,0,0,0.0,,,0.387307,0.387307,0.0,REQ,,,,,0.0,0.0,0.0,0
453203,2.581945,2.581945,2.581945,2.581945,2.581945,2.581945,udp,0.0,,cs0,,63.0,,1.0,,Status,2,2,0,84,84,0,42.0,0.0,130.13446,130.13446,0.0,0,0,0,0.0,,,0.387305,0.387305,0.0,REQ,,,,,0.0,0.0,0.0,0
453220,0.0,0.0,0.0,0.0,0.0,0.0,udp,0.0,,cs0,,63.0,,1.0,,Status,1,1,0,42,42,0,42.0,0.0,0.0,0.0,0.0,0,0,0,0.0,,,0.0,0.0,0.0,REQ,,,,,0.0,0.0,0.0,0
453276,0.0,0.0,0.0,0.0,0.0,0.0,udp,0.0,,cs0,,63.0,,1.0,,Status,1,1,0,42,42,0,42.0,0.0,0.0,0.0,0.0,0,0,0,0.0,,,0.0,0.0,0.0,REQ,,,,,0.0,0.0,0.0,0
453290,0.0,0.0,0.0,0.0,0.0,0.0,udp,0.0,,cs0,,63.0,,1.0,,Status,1,1,0,42,42,0,42.0,0.0,0.0,0.0,0.0,0,0,0,0.0,,,0.0,0.0,0.0,REQ,,,,,0.0,0.0,0.0,0
453294,0.0,0.0,0.0,0.0,0.0,0.0,udp,0.0,,cs0,,63.0,,1.0,,Status,1,1,0,42,42,0,42.0,0.0,0.0,0.0,0.0,0,0,0,0.0,,,0.0,0.0,0.0,REQ,,,,,0.0,0.0,0.0,0
453300,0.0,0.0,0.0,0.0,0.0,0.0,udp,0.0,,cs0,,63.0,,1.0,,Status,1,1,0,42,42,0,42.0,0.0,0.0,0.0,0.0,0,0,0,0.0,,,0.0,0.0,0.0,REQ,,,,,0.0,0.0,0.0,0
453317,0.0,0.0,0.0,0.0,0.0,0.0,udp,0.0,,cs0,,63.0,,1.0,,Status,1,1,0,42,42,0,42.0,0.0,0.0,0.0,0.0,0,0,0,0.0,,,0.0,0.0,0.0,REQ,,,,,0.0,0.0,0.0,0
453434,0.0,0.0,0.0,0.0,0.0,0.0,udp,0.0,,cs0,,63.0,,1.0,,Status,1,1,0,42,42,0,42.0,0.0,0.0,0.0,0.0,0,0,0,0.0,,,0.0,0.0,0.0,REQ,,,,,0.0,0.0,0.0,0
453446,2.580888,2.580888,2.580888,2.580888,2.580888,2.580888,udp,0.0,,cs0,,63.0,,1.0,,Status,2,2,0,84,84,0,42.0,0.0,130.187744,130.187744,0.0,0,0,0,0.0,,,0.387464,0.387464,0.0,REQ,,,,,0.0,0.0,0.0,0
453460,2.579217,2.579217,2.579217,2.579217,2.579217,2.579217,udp,0.0,,cs0,,63.0,,1.0,,Status,2,2,0,84,84,0,42.0,0.0,130.272095,130.272095,0.0,0,0,0,0.0,,,0.387715,0.387715,0.0,REQ,,,,,0.0,0.0,0.0,0
453490,2.577782,2.577782,2.577782,2.577782,2.577782,2.577782,udp,0.0,,cs0,,63.0,,1.0,,Status,2,2,0,84,84,0,42.0,0.0,130.34462,130.34462,0.0,0,0,0,0.0,,,0.38793,0.38793,0.0,REQ,,,,,0.0,0.0,0.0,0
453517,2.582709,2.582709,2.582709,2.582709,2.582709,2.582709,udp,0.0,,cs0,,63.0,,1.0,,Status,2,2,0,84,84,0,42.0,0.0,130.095947,130.095947,0.0,0,0,0,0.0,,,0.38719,0.38719,0.0,REQ,,,,,0.0,0.0,0.0,0
453519,2.583504,2.583504,2.583504,2.583504,2.583504,2.583504,udp,0.0,,cs0,,63.0,,1.0,,Status,2,2,0,84,84,0,42.0,0.0,130.055923,130.055923,0.0,0,0,0,0.0,,,0.387071,0.387071,0.0,REQ,,,,,0.0,0.0,0.0,0
453549,0.0,0.0,0.0,0.0,0.0,0.0,udp,0.0,,cs0,,63.0,,1.0,,Status,1,1,0,42,42,0,42.0,0.0,0.0,0.0,0.0,0,0,0,0.0,,,0.0,0.0,0.0,REQ,,,,,0.0,0.0,0.0,0
453590,2.582822,2.582822,2.582822,2.582822,2.582822,2.582822,udp,0.0,,cs0,,63.0,,1.0,,Status,2,2,0,84,84,0,42.0,0.0,130.090256,130.090256,0.0,0,0,0,0.0,,,0.387173,0.387173,0.0,REQ,,,,,0.0,0.0,0.0,0
453611,0.0,0.0,0.0,0.0,0.0,0.0,udp,0.0,,cs0,,63.0,,1.0,,Status,1,1,0,42,42,0,42.0,0.0,0.0,0.0,0.0,0,0,0,0.0,,,0.0,0.0,0.0,REQ,,,,,0.0,0.0,0.0,0
453709,0.0,0.0,0.0,0.0,0.0,0.0,udp,0.0,,cs0,,63.0,,1.0,,Status,1,1,0,42,42,0,42.0,0.0,0.0,0.0,0.0,0,0,0,0.0,,,0.0,0.0,0.0,REQ,,,,,0.0,0.0,0.0,0
453790,2.582343,2.582343,2.582343,2.582343,2.582343,2.582343,udp,0.0,,cs0,,63.0,,1.0,,Status,2,2,0,84,84,0,42.0,0.0,130.114395,130.114395,0.0,0,0,0,0.0,,,0.387245,0.387245,0.0,REQ,,,,,0.0,0.0,0.0,0
453793,2.581324,2.581324,2.581324,2.581324,2.581324,2.581324,udp,0.0,,cs0,,63.0,,1.0,,Status,2,2,0,84,84,0,42.0,0.0,130.165756,130.165756,0.0,0,0,0,0.0,,,0.387398,0.387398,0.0,REQ,,,,,0.0,0.0,0.0,0
453876,0.0,0.0,0.0,0.0,0.0,0.0,udp,0.0,,cs0,,63.0,,1.0,,Status,1,1,0,42,42,0,42.0,0.0,0.0,0.0,0.0,0,0,0,0.0,,,0.0,0.0,0.0,REQ,,,,,0.0,0.0,0.0,0
453937,2.582033,2.582033,2.582033,2.582033,2.582033,2.582033,udp,0.0,,cs0,,63.0,,1.0,,Status,2,2,0,84,84,0,42.0,0.0,130.13002,130.13002,0.0,0,0,0,0.0,,,0.387292,0.387292,0.0,REQ,,,,,0.0,0.0,0.0,0
453970,0.0,0.0,0.0,0.0,0.0,0.0,udp,0.0,,cs0,,63.0,,1.0,,Status,1,1,0,42,42,0,42.0,0.0,0.0,0.0,0.0,0,0,0,0.0,,,0.0,0.0,0.0,REQ,,,,,0.0,0.0,0.0,0
453993,2.583146,2.583146,2.583146,2.583146,2.583146,2.583146,udp,0.0,,cs0,,63.0,,1.0,,Status,2,2,0,84,84,0,42.0,0.0,130.073944,130.073944,0.0,0,0,0,0.0,,,0.387125,0.387125,0.0,REQ,,,,,0.0,0.0,0.0,0
454029,0.0,0.0,0.0,0.0,0.0,0.0,udp,0.0,,cs0,,63.0,,1.0,,Status,1,1,0,42,42,0,42.0,0.0,0.0,0.0,0.0,0,0,0,0.0,,,0.0,0.0,0.0,REQ,,,,,0.0,0.0,0.0,0
454066,2.582868,2.582868,2.582868,2.582868,2.582868,2.582868,udp,0.0,,cs0,,63.0,,1.0,,Status,2,2,0,84,84,0,42.0,0.0,130.087936,130.087936,0.0,0,0,0,0.0,,,0.387167,0.387167,0.0,REQ,,,,,0.0,0.0,0.0,0
454074,2.583051,2.583051,2.583051,2.583051,2.583051,2.583051,udp,0.0,,cs0,,63.0,,1.0,,Status,2,2,0,84,84,0,42.0,0.0,130.078735,130.078735,0.0,0,0,0,0.0,,,0.387139,0.387139,0.0,REQ,,,,,0.0,0.0,0.0,0
454086,2.579774,2.579774,2.579774,2.579774,2.579774,2.579774,udp,0.0,,cs0,,63.0,,1.0,,Status,2,2,0,84,84,0,42.0,0.0,130.243973,130.243973,0.0,0,0,0,0.0,,,0.387631,0.387631,0.0,REQ,,,,,0.0,0.0,0.0,0
454098,2.579885,2.579885,2.579885,2.579885,2.579885,2.579885,udp,0.0,,cs0,,63.0,,1.0,,Status,2,2,0,84,84,0,42.0,0.0,130.238358,130.238358,0.0,0,0,0,0.0,,,0.387614,0.387614,0.0,REQ,,,,,0.0,0.0,0.0,0
454127,2.583038,2.583038,2.583038,2.583038,2.583038,2.583038,udp,0.0,,cs0,,63.0,,1.0,,Status,2,2,0,84,84,0,42.0,0.0,130.079376,130.079376,0.0,0,0,0,0.0,,,0.387141,0.387141,0.0,REQ,,,,,0.0,0.0,0.0,0
454129,2.583028,2.583028,2.583028,2.583028,2.583028,2.583028,udp,0.0,,cs0,,63.0,,1.0,,Status,2,2,0,84,84,0,42.0,0.0,130.07988,130.07988,0.0,0,0,0,0.0,,,0.387143,0.387143,0.0,REQ,,,,,0.0,0.0,0.0,0
454184,0.0,0.0,0.0,0.0,0.0,0.0,udp,0.0,,cs0,,63.0,,1.0,,Status,1,1,0,42,42,0,42.0,0.0,0.0,0.0,0.0,0,0,0,0.0,,,0.0,0.0,0.0,REQ,,,,,0.0,0.0,0.0,0
454208,0.0,0.0,0.0,0.0,0.0,0.0,udp,0.0,,cs0,,63.0,,1.0,,Status,1,1,0,42,42,0,42.0,0.0,0.0,0.0,0.0,0,0,0,0.0,,,0.0,0.0,0.0,REQ,,,,,0.0,0.0,0.0,0
454215,0.0,0.0,0.0,0.0,0.0,0.0,udp,0.0,,cs0,,63.0,,1.0,,Status,1,1,0,42,42,0,42.0,0.0,0.0,0.0,0.0,0,0,0,0.0,,,0.0,0.0,0.0,REQ,,,,,0.0,0.0,0.0,0
454278,0.0,0.0,0.0,0.0,0.0,0.0,udp,0.0,,cs0,,63.0,,1.0,,Status,1,1,0,42,42,0,42.0,0.0,0.0,0.0,0.0,0,0,0,0.0,,,0.0,0.0,0.0,REQ,,,,,0.0,0.0,0.0,0
454284,0.0,0.0,0.0,0.0,0.0,0.0,udp,0.0,,cs0,,63.0,,1.0,,Status,1,1,0,42,42,0,42.0,0.0,0.0,0.0,0.0,0,0,0,0.0,,,0.0,0.0,0.0,REQ,,,,,0.0,0.0,0.0,0
454459,2.571102,2.571102,2.571102,2.571102,2.571102,2.571102,udp,0.0,,cs0,,63.0,,1.0,,Status,2,2,0,84,84,0,42.0,0.0,130.683273,130.683273,0.0,0,0,0,0.0,,,0.388938,0.388938,0.0,REQ,,,,,0.0,0.0,0.0,0
454534,0.0,0.0,0.0,0.0,0.0,0.0,udp,0.0,,cs0,,63.0,,1.0,,Status,1,1,0,42,42,0,42.0,0.0,0.0,0.0,0.0,0,0,0,0.0,,,0.0,0.0,0.0,REQ,,,,,0.0,0.0,0.0,0
454557,2.583144,2.583144,2.583144,2.583144,2.583144,2.583144,udp,0.0,,cs0,,63.0,,1.0,,Status,2,2,0,84,84,0,42.0,0.0,130.074051,130.074051,0.0,0,0,0,0.0,,,0.387125,0.387125,0.0,REQ,,,,,0.0,0.0,0.0,0
454573,0.0,0.0,0.0,0.0,0.0,0.0,udp,0.0,,cs0,,63.0,,1.0,,Status,1,1,0,42,42,0,42.0,0.0,0.0,0.0,0.0,0,0,0,0.0,,,0.0,0.0,0.0,REQ,,,,,0.0,0.0,0.0,0
454594,0.0,0.0,0.0,0.0,0.0,0.0,udp,0.0,,cs0,,63.0,,1.0,,Status,1,1,0,42,42,0,42.0,0.0,0.0,0.0,0.0,0,0,0,0.0,,,0.0,0.0,0.0,REQ,,,,,0.0,0.0,0.0,0
454626,2.57705,2.57705,2.57705,2.57705,2.57705,2.57705,udp,0.0,,cs0,,63.0,,1.0,,Status,2,2,0,84,84,0,42.0,0.0,130.381638,130.381638,0.0,0,0,0,0.0,,,0.388041,0.388041,0.0,REQ,,,,,0.0,0.0,0.0,0
454638,2.577131,2.577131,2.577131,2.577131,2.577131,2.577131,udp,0.0,,cs0,,63.0,,1.0,,Status,2,2,0,84,84,0,42.0,0.0,130.377533,130.377533,0.0,0,0,0,0.0,,,0.388028,0.388028,0.0,REQ,,,,,0.0,0.0,0.0,0
454676,0.0,0.0,0.0,0.0,0.0,0.0,udp,0.0,,cs0,,63.0,,1.0,,Status,1,1,0,42,42,0,42.0,0.0,0.0,0.0,0.0,0,0,0,0.0,,,0.0,0.0,0.0,REQ,,,,,0.0,0.0,0.0,0
454728,2.582985,2.582985,2.582985,2.582985,2.582985,2.582985,udp,0.0,,cs0,,63.0,,1.0,,Status,2,2,0,84,84,0,42.0,0.0,130.082062,130.082062,0.0,0,0,0,0.0,,,0.387149,0.387149,0.0,REQ,,,,,0.0,0.0,0.0,0
454734,0.0,0.0,0.0,0.0,0.0,0.0,udp,0.0,,cs0,,63.0,,1.0,,Status,1,1,0,42,42,0,42.0,0.0,0.0,0.0,0.0,0,0,0,0.0,,,0.0,0.0,0.0,REQ,,,,,0.0,0.0,0.0,0
454738,0.0,0.0,0.0,0.0,0.0,0.0,udp,0.0,,cs0,,63.0,,1.0,,Status,1,1,0,42,42,0,42.0,0.0,0.0,0.0,0.0,0,0,0,0.0,,,0.0,0.0,0.0,REQ,,,,,0.0,0.0,0.0,0
454792,0.0,0.0,0.0,0.0,0.0,0.0,udp,0.0,,cs0,,63.0,,1.0,,Status,1,1,0,42,42,0,42.0,0.0,0.0,0.0,0.0,0,0,0,0.0,,,0.0,0.0,0.0,REQ,,,,,0.0,0.0,0.0,0
454864,2.576842,2.576842,2.576842,2.576842,2.576842,2.576842,udp,0.0,,cs0,,63.0,,1.0,,Status,2,2,0,84,84,0,42.0,0.0,130.392166,130.392166,0.0,0,0,0,0.0,,,0.388072,0.388072,0.0,REQ,,,,,0.0,0.0,0.0,0
454865,2.576842,2.576842,2.576842,2.576842,2.576842,2.576842,udp,0.0,,cs0,,63.0,,1.0,,Status,2,2,0,84,84,0,42.0,0.0,130.392166,130.392166,0.0,0,0,0,0.0,,,0.388072,0.388072,0.0,REQ,,,,,0.0,0.0,0.0,0
454912,0.0,0.0,0.0,0.0,0.0,0.0,udp,0.0,,cs0,,63.0,,1.0,,Status,1,1,0,42,42,0,42.0,0.0,0.0,0.0,0.0,0,0,0,0.0,,,0.0,0.0,0.0,REQ,,,,,0.0,0.0,0.0,0
454939,2.574672,2.574672,2.574672,2.574672,2.574672,2.574672,udp,0.0,,cs0,,63.0,,1.0,,Status,2,2,0,84,84,0,42.0,0.0,130.50206,130.50206,0.0,0,0,0,0.0,,,0.388399,0.388399,0.0,REQ,,,,,0.0,0.0,0.0,0
454969,0.0,0.0,0.0,0.0,0.0,0.0,udp,0.0,,cs0,,63.0,,1.0,,Status,1,1,0,42,42,0,42.0,0.0,0.0,0.0,0.0,0,0,0,0.0,,,0.0,0.0,0.0,REQ,,,,,0.0,0.0,0.0,0
454987,2.579273,2.579273,2.579273,2.579273,2.579273,2.579273,udp,0.0,,cs0,,63.0,,1.0,,Status,2,2,0,84,84,0,42.0,0.0,130.269272,130.269272,0.0,0,0,0,0.0,,,0.387706,0.387706,0.0,REQ,,,,,0.0,0.0,0.0,0
455013,2.579359,2.579359,2.579359,2.579359,2.579359,2.579359,udp,0.0,,cs0,,63.0,,1.0,,Status,2,2,0,84,84,0,42.0,0.0,130.264923,130.264923,0.0,0,0,0,0.0,,,0.387693,0.387693,0.0,REQ,,,,,0.0,0.0,0.0,0
455033,2.579142,2.579142,2.579142,2.579142,2.579142,2.579142,udp,0.0,,cs0,,63.0,,1.0,,Status,2,2,0,84,84,0,42.0,0.0,130.275879,130.275879,0.0,0,0,0,0.0,,,0.387726,0.387726,0.0,REQ,,,,,0.0,0.0,0.0,0
455072,2.580208,2.580208,2.580208,2.580208,2.580208,2.580208,udp,0.0,,cs0,,63.0,,1.0,,Status,2,2,0,84,84,0,42.0,0.0,130.222061,130.222061,0.0,0,0,0,0.0,,,0.387566,0.387566,0.0,REQ,,,,,0.0,0.0,0.0,0
455109,2.583307,2.583307,2.583307,2.583307,2.583307,2.583307,udp,0.0,,cs0,,63.0,,1.0,,Status,2,2,0,84,84,0,42.0,0.0,130.065842,130.065842,0.0,0,0,0,0.0,,,0.387101,0.387101,0.0,REQ,,,,,0.0,0.0,0.0,0
455160,0.0,0.0,0.0,0.0,0.0,0.0,udp,0.0,,cs0,,63.0,,1.0,,Status,1,1,0,42,42,0,42.0,0.0,0.0,0.0,0.0,0,0,0,0.0,,,0.0,0.0,0.0,REQ,,,,,0.0,0.0,0.0,0
455361,0.0,0.0,0.0,0.0,0.0,0.0,udp,0.0,,cs0,,63.0,,1.0,,Status,1,1,0,42,42,0,42.0,0.0,0.0,0.0,0.0,0,0,0,0.0,,,0.0,0.0,0.0,REQ,,,,,0.0,0.0,0.0,0
455384,2.581594,2.581594,2.581594,2.581594,2.581594,2.581594,udp,0.0,,cs0,,63.0,,1.0,,Status,2,2,0,84,84,0,42.0,0.0,130.152145,130.152145,0.0,0,0,0,0.0,,,0.387358,0.387358,0.0,REQ,,,,,0.0,0.0,0.0,0
455395,2.581869,2.581869,2.581869,2.581869,2.581869,2.581869,udp,0.0,,cs0,,63.0,,1.0,,Status,2,2,0,84,84,0,42.0,0.0,130.13829,130.13829,0.0,0,0,0,0.0,,,0.387316,0.387316,0.0,REQ,,,,,0.0,0.0,0.0,0
455447,2.580936,2.580936,2.580936,2.580936,2.580936,2.580936,udp,0.0,,cs0,,63.0,,1.0,,Status,2,2,0,84,84,0,42.0,0.0,130.185333,130.185333,0.0,0,0,0,0.0,,,0.387456,0.387456,0.0,REQ,,,,,0.0,0.0,0.0,0
455452,0.0,0.0,0.0,0.0,0.0,0.0,udp,0.0,,cs0,,63.0,,1.0,,Status,1,1,0,42,42,0,42.0,0.0,0.0,0.0,0.0,0,0,0,0.0,,,0.0,0.0,0.0,REQ,,,,,0.0,0.0,0.0,0
455455,0.0,0.0,0.0,0.0,0.0,0.0,udp,0.0,,cs0,,63.0,,1.0,,Status,1,1,0,42,42,0,42.0,0.0,0.0,0.0,0.0,0,0,0,0.0,,,0.0,0.0,0.0,REQ,,,,,0.0,0.0,0.0,0
455502,2.581217,2.581217,2.581217,2.581217,2.581217,2.581217,udp,0.0,,cs0,,63.0,,1.0,,Status,2,2,0,84,84,0,42.0,0.0,130.171158,130.171158,0.0,0,0,0,0.0,,,0.387414,0.387414,0.0,REQ,,,,,0.0,0.0,0.0,0
455574,0.0,0.0,0.0,0.0,0.0,0.0,udp,0.0,,cs0,,63.0,,1.0,,Status,1,1,0,42,42,0,42.0,0.0,0.0,0.0,0.0,0,0,0,0.0,,,0.0,0.0,0.0,REQ,,,,,0.0,0.0,0.0,0
455597,0.0,0.0,0.0,0.0,0.0,0.0,udp,0.0,,cs0,,63.0,,1.0,,Status,1,1,0,42,42,0,42.0,0.0,0.0,0.0,0.0,0,0,0,0.0,,,0.0,0.0,0.0,REQ,,,,,0.0,0.0,0.0,0
455769,0.0,0.0,0.0,0.0,0.0,0.0,udp,0.0,,cs0,,63.0,,1.0,,Status,1,1,0,42,42,0,42.0,0.0,0.0,0.0,0.0,0,0,0,0.0,,,0.0,0.0,0.0,REQ,,,,,0.0,0.0,0.0,0
455894,2.580062,2.580062,2.580062,2.580062,2.580062,2.580062,udp,0.0,,cs0,,63.0,,1.0,,Status,2,2,0,84,84,0,42.0,0.0,130.229431,130.229431,0.0,0,0,0,0.0,,,0.387588,0.387588,0.0,REQ,,,,,0.0,0.0,0.0,0
455909,2.574309,2.574309,2.574309,2.574309,2.574309,2.574309,udp,0.0,,cs0,,63.0,,1.0,,Status,2,2,0,84,84,0,42.0,0.0,130.520462,130.520462,0.0,0,0,0,0.0,,,0.388454,0.388454,0.0,REQ,,,,,0.0,0.0,0.0,0
455937,2.579744,2.579744,2.579744,2.579744,2.579744,2.579744,udp,0.0,,cs0,,63.0,,1.0,,Status,2,2,0,84,84,0,42.0,0.0,130.245483,130.245483,0.0,0,0,0,0.0,,,0.387635,0.387635,0.0,REQ,,,,,0.0,0.0,0.0,0
455946,2.58145,2.58145,2.58145,2.58145,2.58145,2.58145,udp,0.0,,cs0,,63.0,,1.0,,Status,2,2,0,84,84,0,42.0,0.0,130.159409,130.159409,0.0,0,0,0,0.0,,,0.387379,0.387379,0.0,REQ,,,,,0.0,0.0,0.0,0
456026,2.583812,2.583812,2.583812,2.583812,2.583812,2.583812,udp,0.0,,cs0,,63.0,,1.0,,Status,2,2,0,84,84,0,42.0,0.0,130.040421,130.040421,0.0,0,0,0,0.0,,,0.387025,0.387025,0.0,REQ,,,,,0.0,0.0,0.0,0
456029,2.583803,2.583803,2.583803,2.583803,2.583803,2.583803,udp,0.0,,cs0,,63.0,,1.0,,Status,2,2,0,84,84,0,42.0,0.0,130.040878,130.040878,0.0,0,0,0,0.0,,,0.387026,0.387026,0.0,REQ,,,,,0.0,0.0,0.0,0
456051,2.583932,2.583932,2.583932,2.583932,2.583932,2.583932,udp,0.0,,cs0,,63.0,,1.0,,Status,2,2,0,84,84,0,42.0,0.0,130.034378,130.034378,0.0,0,0,0,0.0,,,0.387007,0.387007,0.0,REQ,,,,,0.0,0.0,0.0,0
456066,0.0,0.0,0.0,0.0,0.0,0.0,udp,0.0,,cs0,,63.0,,1.0,,Status,1,1,0,42,42,0,42.0,0.0,0.0,0.0,0.0,0,0,0,0.0,,,0.0,0.0,0.0,REQ,,,,,0.0,0.0,0.0,0
456122,0.0,0.0,0.0,0.0,0.0,0.0,udp,0.0,,cs0,,63.0,,1.0,,Status,1,1,0,42,42,0,42.0,0.0,0.0,0.0,0.0,0,0,0,0.0,,,0.0,0.0,0.0,REQ,,,,,0.0,0.0,0.0,0
456153,0.0,0.0,0.0,0.0,0.0,0.0,udp,0.0,,cs0,,63.0,,1.0,,Status,1,1,0,42,42,0,42.0,0.0,0.0,0.0,0.0,0,0,0,0.0,,,0.0,0.0,0.0,REQ,,,,,0.0,0.0,0.0,0
456295,0.0,0.0,0.0,0.0,0.0,0.0,udp,0.0,,cs0,,63.0,,1.0,,Status,1,1,0,42,42,0,42.0,0.0,0.0,0.0,0.0,0,0,0,0.0,,,0.0,0.0,0.0,REQ,,,,,0.0,0.0,0.0,0
456298,2.577311,2.577311,2.577311,2.577311,2.577311,2.577311,udp,0.0,,cs0,,63.0,,1.0,,Status,2,2,0,84,84,0,42.0,0.0,130.368439,130.368439,0.0,0,0,0,0.0,,,0.388001,0.388001,0.0,REQ,,,,,0.0,0.0,0.0,0
456403,0.0,0.0,0.0,0.0,0.0,0.0,udp,0.0,,cs0,,63.0,,1.0,,Status,1,1,0,42,42,0,42.0,0.0,0.0,0.0,0.0,0,0,0,0.0,,,0.0,0.0,0.0,REQ,,,,,0.0,0.0,0.0,0
456406,0.0,0.0,0.0,0.0,0.0,0.0,udp,0.0,,cs0,,63.0,,1.0,,Status,1,1,0,42,42,0,42.0,0.0,0.0,0.0,0.0,0,0,0,0.0,,,0.0,0.0,0.0,REQ,,,,,0.0,0.0,0.0,0
456417,2.577772,2.577772,2.577772,2.577772,2.577772,2.577772,udp,0.0,,cs0,,63.0,,1.0,,Status,2,2,0,84,84,0,42.0,0.0,130.345123,130.345123,0.0,0,0,0,0.0,,,0.387932,0.387932,0.0,REQ,,,,,0.0,0.0,0.0,0
456419,2.578756,2.578756,2.578756,2.578756,2.578756,2.578756,udp,0.0,,cs0,,63.0,,1.0,,Status,2,2,0,84,84,0,42.0,0.0,130.29538,130.29538,0.0,0,0,0,0.0,,,0.387784,0.387784,0.0,REQ,,,,,0.0,0.0,0.0,0
456597,2.579195,2.579195,2.579195,2.579195,2.579195,2.579195,udp,0.0,,cs0,,63.0,,1.0,,Status,2,2,0,84,84,0,42.0,0.0,130.273209,130.273209,0.0,0,0,0,0.0,,,0.387718,0.387718,0.0,REQ,,,,,0.0,0.0,0.0,0
456606,0.0,0.0,0.0,0.0,0.0,0.0,udp,0.0,,cs0,,63.0,,1.0,,Status,1,1,0,42,42,0,42.0,0.0,0.0,0.0,0.0,0,0,0,0.0,,,0.0,0.0,0.0,REQ,,,,,0.0,0.0,0.0,0
456635,2.578926,2.578926,2.578926,2.578926,2.578926,2.578926,udp,0.0,,cs0,,63.0,,1.0,,Status,2,2,0,84,84,0,42.0,0.0,130.286789,130.286789,0.0,0,0,0,0.0,,,0.387758,0.387758,0.0,REQ,,,,,0.0,0.0,0.0,0
456638,2.578918,2.578918,2.578918,2.578918,2.578918,2.578918,udp,0.0,,cs0,,63.0,,1.0,,Status,2,2,0,84,84,0,42.0,0.0,130.287201,130.287201,0.0,0,0,0,0.0,,,0.38776,0.38776,0.0,REQ,,,,,0.0,0.0,0.0,0
456703,0.0,0.0,0.0,0.0,0.0,0.0,udp,0.0,,cs0,,63.0,,1.0,,Status,1,1,0,42,42,0,42.0,0.0,0.0,0.0,0.0,0,0,0,0.0,,,0.0,0.0,0.0,REQ,,,,,0.0,0.0,0.0,0
456765,0.0,0.0,0.0,0.0,0.0,0.0,udp,0.0,,cs0,,63.0,,1.0,,Status,1,1,0,42,42,0,42.0,0.0,0.0,0.0,0.0,0,0,0,0.0,,,0.0,0.0,0.0,REQ,,,,,0.0,0.0,0.0,0
456917,2.578172,2.578172,2.578172,2.578172,2.578172,2.578172,udp,0.0,,cs0,,63.0,,1.0,,Status,2,2,0,84,84,0,42.0,0.0,130.324905,130.324905,0.0,0,0,0,0.0,,,0.387872,0.387872,0.0,REQ,,,,,0.0,0.0,0.0,0
456970,0.0,0.0,0.0,0.0,0.0,0.0,udp,0.0,,cs0,,63.0,,1.0,,Status,1,1,0,42,42,0,42.0,0.0,0.0,0.0,0.0,0,0,0,0.0,,,0.0,0.0,0.0,REQ,,,,,0.0,0.0,0.0,0
457036,0.0,0.0,0.0,0.0,0.0,0.0,udp,0.0,,cs0,,63.0,,1.0,,Status,1,1,0,42,42,0,42.0,0.0,0.0,0.0,0.0,0,0,0,0.0,,,0.0,0.0,0.0,REQ,,,,,0.0,0.0,0.0,0
457052,0.0,0.0,0.0,0.0,0.0,0.0,udp,0.0,,cs0,,63.0,,1.0,,Status,1,1,0,42,42,0,42.0,0.0,0.0,0.0,0.0,0,0,0,0.0,,,0.0,0.0,0.0,REQ,,,,,0.0,0.0,0.0,0
457118,0.0,0.0,0.0,0.0,0.0,0.0,udp,0.0,,cs0,,63.0,,1.0,,Status,1,1,0,42,42,0,42.0,0.0,0.0,0.0,0.0,0,0,0,0.0,,,0.0,0.0,0.0,REQ,,,,,0.0,0.0,0.0,0
457135,0.0,0.0,0.0,0.0,0.0,0.0,udp,0.0,,cs0,,63.0,,1.0,,Status,1,1,0,42,42,0,42.0,0.0,0.0,0.0,0.0,0,0,0,0.0,,,0.0,0.0,0.0,REQ,,,,,0.0,0.0,0.0,0
457290,0.0,0.0,0.0,0.0,0.0,0.0,udp,0.0,,cs0,,63.0,,1.0,,Status,1,1,0,42,42,0,42.0,0.0,0.0,0.0,0.0,0,0,0,0.0,,,0.0,0.0,0.0,REQ,,,,,0.0,0.0,0.0,0
457300,0.0,0.0,0.0,0.0,0.0,0.0,udp,0.0,,cs0,,63.0,,1.0,,Status,1,1,0,42,42,0,42.0,0.0,0.0,0.0,0.0,0,0,0,0.0,,,0.0,0.0,0.0,REQ,,,,,0.0,0.0,0.0,0
457353,2.580543,2.580543,2.580543,2.580543,2.580543,2.580543,udp,0.0,,cs0,,63.0,,1.0,,Status,2,2,0,84,84,0,42.0,0.0,130.205154,130.205154,0.0,0,0,0,0.0,,,0.387515,0.387515,0.0,REQ,,,,,0.0,0.0,0.0,0
457369,0.0,0.0,0.0,0.0,0.0,0.0,udp,0.0,,cs0,,63.0,,1.0,,Status,1,1,0,42,42,0,42.0,0.0,0.0,0.0,0.0,0,0,0,0.0,,,0.0,0.0,0.0,REQ,,,,,0.0,0.0,0.0,0
457370,0.0,0.0,0.0,0.0,0.0,0.0,udp,0.0,,cs0,,63.0,,1.0,,Status,1,1,0,42,42,0,42.0,0.0,0.0,0.0,0.0,0,0,0,0.0,,,0.0,0.0,0.0,REQ,,,,,0.0,0.0,0.0,0
457371,0.0,0.0,0.0,0.0,0.0,0.0,udp,0.0,,cs0,,63.0,,1.0,,Status,1,1,0,42,42,0,42.0,0.0,0.0,0.0,0.0,0,0,0,0.0,,,0.0,0.0,0.0,REQ,,,,,0.0,0.0,0.0,0
457420,2.583956,2.583956,2.583956,2.583956,2.583956,2.583956,udp,0.0,,cs0,,63.0,,1.0,,Status,2,2,0,84,84,0,42.0,0.0,130.033173,130.033173,0.0,0,0,0,0.0,,,0.387003,0.387003,0.0,REQ,,,,,0.0,0.0,0.0,0
457431,0.0,0.0,0.0,0.0,0.0,0.0,udp,0.0,,cs0,,63.0,,1.0,,Status,1,1,0,42,42,0,42.0,0.0,0.0,0.0,0.0,0,0,0,0.0,,,0.0,0.0,0.0,REQ,,,,,0.0,0.0,0.0,0
457436,2.580197,2.580197,2.580197,2.580197,2.580197,2.580197,udp,0.0,,cs0,,63.0,,1.0,,Status,2,2,0,84,84,0,42.0,0.0,130.22261,130.22261,0.0,0,0,0,0.0,,,0.387567,0.387567,0.0,REQ,,,,,0.0,0.0,0.0,0
457459,0.0,0.0,0.0,0.0,0.0,0.0,udp,0.0,,cs0,,63.0,,1.0,,Status,1,1,0,42,42,0,42.0,0.0,0.0,0.0,0.0,0,0,0,0.0,,,0.0,0.0,0.0,REQ,,,,,0.0,0.0,0.0,0
457463,0.0,0.0,0.0,0.0,0.0,0.0,udp,0.0,,cs0,,63.0,,1.0,,Status,1,1,0,42,42,0,42.0,0.0,0.0,0.0,0.0,0,0,0,0.0,,,0.0,0.0,0.0,REQ,,,,,0.0,0.0,0.0,0
457507,2.5799,2.5799,2.5799,2.5799,2.5799,2.5799,udp,0.0,,cs0,,63.0,,1.0,,Status,2,2,0,84,84,0,42.0,0.0,130.23761,130.23761,0.0,0,0,0,0.0,,,0.387612,0.387612,0.0,REQ,,,,,0.0,0.0,0.0,0
457515,0.0,0.0,0.0,0.0,0.0,0.0,udp,0.0,,cs0,,63.0,,1.0,,Status,1,1,0,42,42,0,42.0,0.0,0.0,0.0,0.0,0,0,0,0.0,,,0.0,0.0,0.0,REQ,,,,,0.0,0.0,0.0,0
457655,2.574926,2.574926,2.574926,2.574926,2.574926,2.574926,udp,0.0,,cs0,,63.0,,1.0,,Status,2,2,0,84,84,0,42.0,0.0,130.489197,130.489197,0.0,0,0,0,0.0,,,0.388361,0.388361,0.0,REQ,,,,,0.0,0.0,0.0,0
457713,2.580849,2.580849,2.580849,2.580849,2.580849,2.580849,udp,0.0,,cs0,,63.0,,1.0,,Status,2,2,0,84,84,0,42.0,0.0,130.189713,130.189713,0.0,0,0,0,0.0,,,0.387469,0.387469,0.0,REQ,,,,,0.0,0.0,0.0,0
457740,2.574963,2.574963,2.574963,2.574963,2.574963,2.574963,udp,0.0,,cs0,,63.0,,1.0,,Status,2,2,0,84,84,0,42.0,0.0,130.487305,130.487305,0.0,0,0,0,0.0,,,0.388355,0.388355,0.0,REQ,,,,,0.0,0.0,0.0,0
457742,2.574973,2.574973,2.574973,2.574973,2.574973,2.574973,udp,0.0,,cs0,,63.0,,1.0,,Status,2,2,0,84,84,0,42.0,0.0,130.486801,130.486801,0.0,0,0,0,0.0,,,0.388354,0.388354,0.0,REQ,,,,,0.0,0.0,0.0,0
457750,2.575012,2.575012,2.575012,2.575012,2.575012,2.575012,udp,0.0,,cs0,,63.0,,1.0,,Status,2,2,0,84,84,0,42.0,0.0,130.484833,130.484833,0.0,0,0,0,0.0,,,0.388348,0.388348,0.0,REQ,,,,,0.0,0.0,0.0,0
457789,2.581422,2.581422,2.581422,2.581422,2.581422,2.581422,udp,0.0,,cs0,,63.0,,1.0,,Status,2,2,0,84,84,0,42.0,0.0,130.160812,130.160812,0.0,0,0,0,0.0,,,0.387383,0.387383,0.0,REQ,,,,,0.0,0.0,0.0,0
457847,2.587971,2.587971,2.587971,2.587971,2.587971,2.587971,udp,0.0,,cs0,,63.0,,1.0,,Status,2,2,0,84,84,0,42.0,0.0,129.831436,129.831436,0.0,0,0,0,0.0,,,0.386403,0.386403,0.0,REQ,,,,,0.0,0.0,0.0,0
457900,0.0,0.0,0.0,0.0,0.0,0.0,udp,0.0,,cs0,,63.0,,1.0,,Status,1,1,0,42,42,0,42.0,0.0,0.0,0.0,0.0,0,0,0,0.0,,,0.0,0.0,0.0,REQ,,,,,0.0,0.0,0.0,0
457951,0.0,0.0,0.0,0.0,0.0,0.0,udp,0.0,,cs0,,63.0,,1.0,,Status,1,1,0,42,42,0,42.0,0.0,0.0,0.0,0.0,0,0,0,0.0,,,0.0,0.0,0.0,REQ,,,,,0.0,0.0,0.0,0
458060,0.0,0.0,0.0,0.0,0.0,0.0,udp,0.0,,cs0,,63.0,,1.0,,Status,1,1,0,42,42,0,42.0,0.0,0.0,0.0,0.0,0,0,0,0.0,,,0.0,0.0,0.0,REQ,,,,,0.0,0.0,0.0,0
458112,2.58254,2.58254,2.58254,2.58254,2.58254,2.58254,udp,0.0,,cs0,,63.0,,1.0,,Status,2,2,0,84,84,0,42.0,0.0,130.104462,130.104462,0.0,0,0,0,0.0,,,0.387216,0.387216,0.0,REQ,,,,,0.0,0.0,0.0,0
458158,0.0,0.0,0.0,0.0,0.0,0.0,udp,0.0,,cs0,,63.0,,1.0,,Status,1,1,0,42,42,0,42.0,0.0,0.0,0.0,0.0,0,0,0,0.0,,,0.0,0.0,0.0,REQ,,,,,0.0,0.0,0.0,0
458180,2.582419,2.582419,2.582419,2.582419,2.582419,2.582419,udp,0.0,,cs0,,63.0,,1.0,,Status,2,2,0,84,84,0,42.0,0.0,130.110565,130.110565,0.0,0,0,0,0.0,,,0.387234,0.387234,0.0,REQ,,,,,0.0,0.0,0.0,0
458224,0.0,0.0,0.0,0.0,0.0,0.0,udp,0.0,,cs0,,63.0,,1.0,,Status,1,1,0,42,42,0,42.0,0.0,0.0,0.0,0.0,0,0,0,0.0,,,0.0,0.0,0.0,REQ,,,,,0.0,0.0,0.0,0
458322,2.582768,2.582768,2.582768,2.582768,2.582768,2.582768,udp,0.0,,cs0,,63.0,,1.0,,Status,2,2,0,84,84,0,42.0,0.0,130.092987,130.092987,0.0,0,0,0,0.0,,,0.387182,0.387182,0.0,REQ,,,,,0.0,0.0,0.0,0
458323,2.582768,2.582768,2.582768,2.582768,2.582768,2.582768,udp,0.0,,cs0,,63.0,,1.0,,Status,2,2,0,84,84,0,42.0,0.0,130.092987,130.092987,0.0,0,0,0,0.0,,,0.387182,0.387182,0.0,REQ,,,,,0.0,0.0,0.0,0
458336,0.0,0.0,0.0,0.0,0.0,0.0,udp,0.0,,cs0,,63.0,,1.0,,Status,1,1,0,42,42,0,42.0,0.0,0.0,0.0,0.0,0,0,0,0.0,,,0.0,0.0,0.0,REQ,,,,,0.0,0.0,0.0,0
458390,0.0,0.0,0.0,0.0,0.0,0.0,udp,0.0,,cs0,,63.0,,1.0,,Status,1,1,0,42,42,0,42.0,0.0,0.0,0.0,0.0,0,0,0,0.0,,,0.0,0.0,0.0,REQ,,,,,0.0,0.0,0.0,0
458513,0.0,0.0,0.0,0.0,0.0,0.0,udp,0.0,,cs0,,63.0,,1.0,,Status,1,1,0,42,42,0,42.0,0.0,0.0,0.0,0.0,0,0,0,0.0,,,0.0,0.0,0.0,REQ,,,,,0.0,0.0,0.0,0
458603,0.0,0.0,0.0,0.0,0.0,0.0,udp,0.0,,cs0,,63.0,,1.0,,Status,1,1,0,42,42,0,42.0,0.0,0.0,0.0,0.0,0,0,0,0.0,,,0.0,0.0,0.0,REQ,,,,,0.0,0.0,0.0,0
458621,2.576207,2.576207,2.576207,2.576207,2.576207,2.576207,udp,0.0,,cs0,,63.0,,1.0,,Status,2,2,0,84,84,0,42.0,0.0,130.424301,130.424301,0.0,0,0,0,0.0,,,0.388168,0.388168,0.0,REQ,,,,,0.0,0.0,0.0,0
458645,0.0,0.0,0.0,0.0,0.0,0.0,udp,0.0,,cs0,,63.0,,1.0,,Status,1,1,0,42,42,0,42.0,0.0,0.0,0.0,0.0,0,0,0,0.0,,,0.0,0.0,0.0,REQ,,,,,0.0,0.0,0.0,0
458686,2.581909,2.581909,2.581909,2.581909,2.581909,2.581909,udp,0.0,,cs0,,63.0,,1.0,,Status,2,2,0,84,84,0,42.0,0.0,130.136276,130.136276,0.0,0,0,0,0.0,,,0.38731,0.38731,0.0,REQ,,,,,0.0,0.0,0.0,0
458696,0.0,0.0,0.0,0.0,0.0,0.0,udp,0.0,,cs0,,63.0,,1.0,,Status,1,1,0,42,42,0,42.0,0.0,0.0,0.0,0.0,0,0,0,0.0,,,0.0,0.0,0.0,REQ,,,,,0.0,0.0,0.0,0
458771,2.581829,2.581829,2.581829,2.581829,2.581829,2.581829,udp,0.0,,cs0,,63.0,,1.0,,Status,2,2,0,84,84,0,42.0,0.0,130.140289,130.140289,0.0,0,0,0,0.0,,,0.387322,0.387322,0.0,REQ,,,,,0.0,0.0,0.0,0
458780,2.581817,2.581817,2.581817,2.581817,2.581817,2.581817,udp,0.0,,cs0,,63.0,,1.0,,Status,2,2,0,84,84,0,42.0,0.0,130.140915,130.140915,0.0,0,0,0,0.0,,,0.387324,0.387324,0.0,REQ,,,,,0.0,0.0,0.0,0
458856,0.0,0.0,0.0,0.0,0.0,0.0,udp,0.0,,cs0,,63.0,,1.0,,Status,1,1,0,42,42,0,42.0,0.0,0.0,0.0,0.0,0,0,0,0.0,,,0.0,0.0,0.0,REQ,,,,,0.0,0.0,0.0,0
458873,0.0,0.0,0.0,0.0,0.0,0.0,udp,0.0,,cs0,,63.0,,1.0,,Status,1,1,0,42,42,0,42.0,0.0,0.0,0.0,0.0,0,0,0,0.0,,,0.0,0.0,0.0,REQ,,,,,0.0,0.0,0.0,0
458891,0.0,0.0,0.0,0.0,0.0,0.0,udp,0.0,,cs0,,63.0,,1.0,,Status,1,1,0,42,42,0,42.0,0.0,0.0,0.0,0.0,0,0,0,0.0,,,0.0,0.0,0.0,REQ,,,,,0.0,0.0,0.0,0
458892,0.0,0.0,0.0,0.0,0.0,0.0,udp,0.0,,cs0,,63.0,,1.0,,Status,1,1,0,42,42,0,42.0,0.0,0.0,0.0,0.0,0,0,0,0.0,,,0.0,0.0,0.0,REQ,,,,,0.0,0.0,0.0,0
458903,2.581928,2.581928,2.581928,2.581928,2.581928,2.581928,udp,0.0,,cs0,,63.0,,1.0,,Status,2,2,0,84,84,0,42.0,0.0,130.135315,130.135315,0.0,0,0,0,0.0,,,0.387307,0.387307,0.0,REQ,,,,,0.0,0.0,0.0,0
458930,0.0,0.0,0.0,0.0,0.0,0.0,udp,0.0,,cs0,,63.0,,1.0,,Status,1,1,0,42,42,0,42.0,0.0,0.0,0.0,0.0,0,0,0,0.0,,,0.0,0.0,0.0,REQ,,,,,0.0,0.0,0.0,0
458986,2.582198,2.582198,2.582198,2.582198,2.582198,2.582198,udp,0.0,,cs0,,63.0,,1.0,,Status,2,2,0,84,84,0,42.0,0.0,130.121704,130.121704,0.0,0,0,0,0.0,,,0.387267,0.387267,0.0,REQ,,,,,0.0,0.0,0.0,0
459111,2.582947,2.582947,2.582947,2.582947,2.582947,2.582947,udp,0.0,,cs0,,63.0,,1.0,,Status,2,2,0,84,84,0,42.0,0.0,130.083969,130.083969,0.0,0,0,0,0.0,,,0.387155,0.387155,0.0,REQ,,,,,0.0,0.0,0.0,0
459129,2.580166,2.580166,2.580166,2.580166,2.580166,2.580166,udp,0.0,,cs0,,63.0,,1.0,,Status,2,2,0,84,84,0,42.0,0.0,130.224167,130.224167,0.0,0,0,0,0.0,,,0.387572,0.387572,0.0,REQ,,,,,0.0,0.0,0.0,0
459306,2.582772,2.582772,2.582772,2.582772,2.582772,2.582772,udp,0.0,,cs0,,63.0,,1.0,,Status,2,2,0,84,84,0,42.0,0.0,130.092789,130.092789,0.0,0,0,0,0.0,,,0.387181,0.387181,0.0,REQ,,,,,0.0,0.0,0.0,0
459364,0.0,0.0,0.0,0.0,0.0,0.0,udp,0.0,,cs0,,63.0,,1.0,,Status,1,1,0,42,42,0,42.0,0.0,0.0,0.0,0.0,0,0,0,0.0,,,0.0,0.0,0.0,REQ,,,,,0.0,0.0,0.0,0
459483,2.586936,2.586936,2.586936,2.586936,2.586936,2.586936,udp,0.0,,cs0,,63.0,,1.0,,Status,2,2,0,84,84,0,42.0,0.0,129.883377,129.883377,0.0,0,0,0,0.0,,,0.386558,0.386558,0.0,REQ,,,,,0.0,0.0,0.0,0
459513,0.0,0.0,0.0,0.0,0.0,0.0,udp,0.0,,cs0,,63.0,,1.0,,Status,1,1,0,42,42,0,42.0,0.0,0.0,0.0,0.0,0,0,0,0.0,,,0.0,0.0,0.0,REQ,,,,,0.0,0.0,0.0,0
459537,2.580267,2.580267,2.580267,2.580267,2.580267,2.580267,udp,0.0,,cs0,,63.0,,1.0,,Status,2,2,0,84,84,0,42.0,0.0,130.219086,130.219086,0.0,0,0,0,0.0,,,0.387557,0.387557,0.0,REQ,,,,,0.0,0.0,0.0,0
459578,0.0,0.0,0.0,0.0,0.0,0.0,udp,0.0,,cs0,,63.0,,1.0,,Status,1,1,0,42,42,0,42.0,0.0,0.0,0.0,0.0,0,0,0,0.0,,,0.0,0.0,0.0,REQ,,,,,0.0,0.0,0.0,0
459601,0.0,0.0,0.0,0.0,0.0,0.0,udp,0.0,,cs0,,63.0,,1.0,,Status,1,1,0,42,42,0,42.0,0.0,0.0,0.0,0.0,0,0,0,0.0,,,0.0,0.0,0.0,REQ,,,,,0.0,0.0,0.0,0
459609,2.579984,2.579984,2.579984,2.579984,2.579984,2.579984,udp,0.0,,cs0,,63.0,,1.0,,Status,2,2,0,84,84,0,42.0,0.0,130.233368,130.233368,0.0,0,0,0,0.0,,,0.387599,0.387599,0.0,REQ,,,,,0.0,0.0,0.0,0
459700,2.579697,2.579697,2.579697,2.579697,2.579697,2.579697,udp,0.0,,cs0,,63.0,,1.0,,Status,2,2,0,84,84,0,42.0,0.0,130.247864,130.247864,0.0,0,0,0,0.0,,,0.387642,0.387642,0.0,REQ,,,,,0.0,0.0,0.0,0
459711,0.0,0.0,0.0,0.0,0.0,0.0,udp,0.0,,cs0,,63.0,,1.0,,Status,1,1,0,42,42,0,42.0,0.0,0.0,0.0,0.0,0,0,0,0.0,,,0.0,0.0,0.0,REQ,,,,,0.0,0.0,0.0,0
459746,0.0,0.0,0.0,0.0,0.0,0.0,udp,0.0,,cs0,,63.0,,1.0,,Status,1,1,0,42,42,0,42.0,0.0,0.0,0.0,0.0,0,0,0,0.0,,,0.0,0.0,0.0,REQ,,,,,0.0,0.0,0.0,0
459802,0.0,0.0,0.0,0.0,0.0,0.0,udp,0.0,,cs0,,63.0,,1.0,,Status,1,1,0,42,42,0,42.0,0.0,0.0,0.0,0.0,0,0,0,0.0,,,0.0,0.0,0.0,REQ,,,,,0.0,0.0,0.0,0
459878,0.0,0.0,0.0,0.0,0.0,0.0,udp,0.0,,cs0,,63.0,,1.0,,Status,1,1,0,42,42,0,42.0,0.0,0.0,0.0,0.0,0,0,0,0.0,,,0.0,0.0,0.0,REQ,,,,,0.0,0.0,0.0,0
459906,0.0,0.0,0.0,0.0,0.0,0.0,udp,0.0,,cs0,,63.0,,1.0,,Status,1,1,0,42,42,0,42.0,0.0,0.0,0.0,0.0,0,0,0,0.0,,,0.0,0.0,0.0,REQ,,,,,0.0,0.0,0.0,0
459996,2.580871,2.580871,2.580871,2.580871,2.580871,2.580871,udp,0.0,,cs0,,63.0,,1.0,,Status,2,2,0,84,84,0,42.0,0.0,130.188599,130.188599,0.0,0,0,0,0.0,,,0.387466,0.387466,0.0,REQ,,,,,0.0,0.0,0.0,0
460023,0.0,0.0,0.0,0.0,0.0,0.0,udp,0.0,,cs0,,63.0,,1.0,,Status,1,1,0,42,42,0,42.0,0.0,0.0,0.0,0.0,0,0,0,0.0,,,0.0,0.0,0.0,REQ,,,,,0.0,0.0,0.0,0
460117,0.0,0.0,0.0,0.0,0.0,0.0,udp,0.0,,cs0,,63.0,,1.0,,Status,1,1,0,42,42,0,42.0,0.0,0.0,0.0,0.0,0,0,0,0.0,,,0.0,0.0,0.0,REQ,,,,,0.0,0.0,0.0,0
460211,0.0,0.0,0.0,0.0,0.0,0.0,udp,0.0,,cs0,,63.0,,1.0,,Status,1,1,0,42,42,0,42.0,0.0,0.0,0.0,0.0,0,0,0,0.0,,,0.0,0.0,0.0,REQ,,,,,0.0,0.0,0.0,0
460228,0.0,0.0,0.0,0.0,0.0,0.0,udp,0.0,,cs0,,63.0,,1.0,,Status,1,1,0,42,42,0,42.0,0.0,0.0,0.0,0.0,0,0,0,0.0,,,0.0,0.0,0.0,REQ,,,,,0.0,0.0,0.0,0
460382,2.582066,2.582066,2.582066,2.582066,2.582066,2.582066,udp,0.0,,cs0,,63.0,,1.0,,Status,2,2,0,84,84,0,42.0,0.0,130.128357,130.128357,0.0,0,0,0,0.0,,,0.387287,0.387287,0.0,REQ,,,,,0.0,0.0,0.0,0
460408,2.58089,2.58089,2.58089,2.58089,2.58089,2.58089,udp,0.0,,cs0,,63.0,,1.0,,Status,2,2,0,84,84,0,42.0,0.0,130.187653,130.187653,0.0,0,0,0,0.0,,,0.387463,0.387463,0.0,REQ,,,,,0.0,0.0,0.0,0
460452,2.579966,2.579966,2.579966,2.579966,2.579966,2.579966,udp,0.0,,cs0,,63.0,,1.0,,Status,2,2,0,84,84,0,42.0,0.0,130.234268,130.234268,0.0,0,0,0,0.0,,,0.387602,0.387602,0.0,REQ,,,,,0.0,0.0,0.0,0
460522,0.0,0.0,0.0,0.0,0.0,0.0,udp,0.0,,cs0,,63.0,,1.0,,Status,1,1,0,42,42,0,42.0,0.0,0.0,0.0,0.0,0,0,0,0.0,,,0.0,0.0,0.0,REQ,,,,,0.0,0.0,0.0,0
460564,0.0,0.0,0.0,0.0,0.0,0.0,udp,0.0,,cs0,,63.0,,1.0,,Status,1,1,0,42,42,0,42.0,0.0,0.0,0.0,0.0,0,0,0,0.0,,,0.0,0.0,0.0,REQ,,,,,0.0,0.0,0.0,0
460599,2.58367,2.58367,2.58367,2.58367,2.58367,2.58367,udp,0.0,,cs0,,63.0,,1.0,,Status,2,2,0,84,84,0,42.0,0.0,130.047577,130.047577,0.0,0,0,0,0.0,,,0.387046,0.387046,0.0,REQ,,,,,0.0,0.0,0.0,0
460610,2.578146,2.578146,2.578146,2.578146,2.578146,2.578146,udp,0.0,,cs0,,63.0,,1.0,,Status,2,2,0,84,84,0,42.0,0.0,130.326218,130.326218,0.0,0,0,0,0.0,,,0.387876,0.387876,0.0,REQ,,,,,0.0,0.0,0.0,0
460699,2.581938,2.581938,2.581938,2.581938,2.581938,2.581938,udp,0.0,,cs0,,63.0,,1.0,,Status,2,2,0,84,84,0,42.0,0.0,130.134811,130.134811,0.0,0,0,0,0.0,,,0.387306,0.387306,0.0,REQ,,,,,0.0,0.0,0.0,0
460749,0.0,0.0,0.0,0.0,0.0,0.0,udp,0.0,,cs0,,63.0,,1.0,,Status,1,1,0,42,42,0,42.0,0.0,0.0,0.0,0.0,0,0,0,0.0,,,0.0,0.0,0.0,REQ,,,,,0.0,0.0,0.0,0
460851,2.583988,2.583988,2.583988,2.583988,2.583988,2.583988,udp,0.0,,cs0,,63.0,,1.0,,Status,2,2,0,84,84,0,42.0,0.0,130.03157,130.03157,0.0,0,0,0,0.0,,,0.386999,0.386999,0.0,REQ,,,,,0.0,0.0,0.0,0
460913,0.0,0.0,0.0,0.0,0.0,0.0,udp,0.0,,cs0,,63.0,,1.0,,Status,1,1,0,42,42,0,42.0,0.0,0.0,0.0,0.0,0,0,0,0.0,,,0.0,0.0,0.0,REQ,,,,,0.0,0.0,0.0,0
460990,0.0,0.0,0.0,0.0,0.0,0.0,udp,0.0,,cs0,,63.0,,1.0,,Status,1,1,0,42,42,0,42.0,0.0,0.0,0.0,0.0,0,0,0,0.0,,,0.0,0.0,0.0,REQ,,,,,0.0,0.0,0.0,0
460996,0.0,0.0,0.0,0.0,0.0,0.0,udp,0.0,,cs0,,63.0,,1.0,,Status,1,1,0,42,42,0,42.0,0.0,0.0,0.0,0.0,0,0,0,0.0,,,0.0,0.0,0.0,REQ,,,,,0.0,0.0,0.0,0
461040,0.0,0.0,0.0,0.0,0.0,0.0,udp,0.0,,cs0,,63.0,,1.0,,Status,1,1,0,42,42,0,42.0,0.0,0.0,0.0,0.0,0,0,0,0.0,,,0.0,0.0,0.0,REQ,,,,,0.0,0.0,0.0,0
461043,0.0,0.0,0.0,0.0,0.0,0.0,udp,0.0,,cs0,,63.0,,1.0,,Status,1,1,0,42,42,0,42.0,0.0,0.0,0.0,0.0,0,0,0,0.0,,,0.0,0.0,0.0,REQ,,,,,0.0,0.0,0.0,0
461054,0.0,0.0,0.0,0.0,0.0,0.0,udp,0.0,,cs0,,63.0,,1.0,,Status,1,1,0,42,42,0,42.0,0.0,0.0,0.0,0.0,0,0,0,0.0,,,0.0,0.0,0.0,REQ,,,,,0.0,0.0,0.0,0
461084,2.576279,2.576279,2.576279,2.576279,2.576279,2.576279,udp,0.0,,cs0,,63.0,,1.0,,Status,2,2,0,84,84,0,42.0,0.0,130.420654,130.420654,0.0,0,0,0,0.0,,,0.388157,0.388157,0.0,REQ,,,,,0.0,0.0,0.0,0
461098,0.0,0.0,0.0,0.0,0.0,0.0,udp,0.0,,cs0,,63.0,,1.0,,Status,1,1,0,42,42,0,42.0,0.0,0.0,0.0,0.0,0,0,0,0.0,,,0.0,0.0,0.0,REQ,,,,,0.0,0.0,0.0,0
461115,2.581979,2.581979,2.581979,2.581979,2.581979,2.581979,udp,0.0,,cs0,,63.0,,1.0,,Status,2,2,0,84,84,0,42.0,0.0,130.132736,130.132736,0.0,0,0,0,0.0,,,0.3873,0.3873,0.0,REQ,,,,,0.0,0.0,0.0,0
461149,0.0,0.0,0.0,0.0,0.0,0.0,udp,0.0,,cs0,,63.0,,1.0,,Status,1,1,0,42,42,0,42.0,0.0,0.0,0.0,0.0,0,0,0,0.0,,,0.0,0.0,0.0,REQ,,,,,0.0,0.0,0.0,0
461338,0.0,0.0,0.0,0.0,0.0,0.0,udp,0.0,,cs0,,63.0,,1.0,,Status,1,1,0,42,42,0,42.0,0.0,0.0,0.0,0.0,0,0,0,0.0,,,0.0,0.0,0.0,REQ,,,,,0.0,0.0,0.0,0
461382,2.585107,2.585107,2.585107,2.585107,2.585107,2.585107,udp,0.0,,cs0,,63.0,,1.0,,Status,2,2,0,84,84,0,42.0,0.0,129.975281,129.975281,0.0,0,0,0,0.0,,,0.386831,0.386831,0.0,REQ,,,,,0.0,0.0,0.0,0
461386,2.585997,2.585997,2.585997,2.585997,2.585997,2.585997,udp,0.0,,cs0,,63.0,,1.0,,Status,2,2,0,84,84,0,42.0,0.0,129.930542,129.930542,0.0,0,0,0,0.0,,,0.386698,0.386698,0.0,REQ,,,,,0.0,0.0,0.0,0
461398,0.0,0.0,0.0,0.0,0.0,0.0,udp,0.0,,cs0,,63.0,,1.0,,Status,1,1,0,42,42,0,42.0,0.0,0.0,0.0,0.0,0,0,0,0.0,,,0.0,0.0,0.0,REQ,,,,,0.0,0.0,0.0,0
461453,0.0,0.0,0.0,0.0,0.0,0.0,udp,0.0,,cs0,,63.0,,1.0,,Status,1,1,0,42,42,0,42.0,0.0,0.0,0.0,0.0,0,0,0,0.0,,,0.0,0.0,0.0,REQ,,,,,0.0,0.0,0.0,0
461516,2.574087,2.574087,2.574087,2.574087,2.574087,2.574087,udp,0.0,,cs0,,63.0,,1.0,,Status,2,2,0,84,84,0,42.0,0.0,130.531723,130.531723,0.0,0,0,0,0.0,,,0.388487,0.388487,0.0,REQ,,,,,0.0,0.0,0.0,0
461581,0.0,0.0,0.0,0.0,0.0,0.0,udp,0.0,,cs0,,63.0,,1.0,,Status,1,1,0,42,42,0,42.0,0.0,0.0,0.0,0.0,0,0,0,0.0,,,0.0,0.0,0.0,REQ,,,,,0.0,0.0,0.0,0
461585,0.0,0.0,0.0,0.0,0.0,0.0,udp,0.0,,cs0,,63.0,,1.0,,Status,1,1,0,42,42,0,42.0,0.0,0.0,0.0,0.0,0,0,0,0.0,,,0.0,0.0,0.0,REQ,,,,,0.0,0.0,0.0,0
461687,0.0,0.0,0.0,0.0,0.0,0.0,udp,0.0,,cs0,,63.0,,1.0,,Status,1,1,0,42,42,0,42.0,0.0,0.0,0.0,0.0,0,0,0,0.0,,,0.0,0.0,0.0,REQ,,,,,0.0,0.0,0.0,0
461700,0.0,0.0,0.0,0.0,0.0,0.0,udp,0.0,,cs0,,63.0,,1.0,,Status,1,1,0,42,42,0,42.0,0.0,0.0,0.0,0.0,0,0,0,0.0,,,0.0,0.0,0.0,REQ,,,,,0.0,0.0,0.0,0
461729,2.580016,2.580016,2.580016,2.580016,2.580016,2.580016,udp,0.0,,cs0,,63.0,,1.0,,Status,2,2,0,84,84,0,42.0,0.0,130.23175,130.23175,0.0,0,0,0,0.0,,,0.387595,0.387595,0.0,REQ,,,,,0.0,0.0,0.0,0
461751,2.577815,2.577815,2.577815,2.577815,2.577815,2.577815,udp,0.0,,cs0,,63.0,,1.0,,Status,2,2,0,84,84,0,42.0,0.0,130.342941,130.342941,0.0,0,0,0,0.0,,,0.387925,0.387925,0.0,REQ,,,,,0.0,0.0,0.0,0
461775,0.0,0.0,0.0,0.0,0.0,0.0,udp,0.0,,cs0,,63.0,,1.0,,Status,1,1,0,42,42,0,42.0,0.0,0.0,0.0,0.0,0,0,0,0.0,,,0.0,0.0,0.0,REQ,,,,,0.0,0.0,0.0,0
461794,2.583973,2.583973,2.583973,2.583973,2.583973,2.583973,udp,0.0,,cs0,,63.0,,1.0,,Status,2,2,0,84,84,0,42.0,0.0,130.032318,130.032318,0.0,0,0,0,0.0,,,0.387001,0.387001,0.0,REQ,,,,,0.0,0.0,0.0,0
461810,0.0,0.0,0.0,0.0,0.0,0.0,udp,0.0,,cs0,,63.0,,1.0,,Status,1,1,0,42,42,0,42.0,0.0,0.0,0.0,0.0,0,0,0,0.0,,,0.0,0.0,0.0,REQ,,,,,0.0,0.0,0.0,0
461827,2.58075,2.58075,2.58075,2.58075,2.58075,2.58075,udp,0.0,,cs0,,63.0,,1.0,,Status,2,2,0,84,84,0,42.0,0.0,130.194717,130.194717,0.0,0,0,0,0.0,,,0.387484,0.387484,0.0,REQ,,,,,0.0,0.0,0.0,0
461841,2.583969,2.583969,2.583969,2.583969,2.583969,2.583969,udp,0.0,,cs0,,63.0,,1.0,,Status,2,2,0,84,84,0,42.0,0.0,130.032516,130.032516,0.0,0,0,0,0.0,,,0.387002,0.387002,0.0,REQ,,,,,0.0,0.0,0.0,0
461866,0.0,0.0,0.0,0.0,0.0,0.0,udp,0.0,,cs0,,63.0,,1.0,,Status,1,1,0,42,42,0,42.0,0.0,0.0,0.0,0.0,0,0,0,0.0,,,0.0,0.0,0.0,REQ,,,,,0.0,0.0,0.0,0
461888,0.0,0.0,0.0,0.0,0.0,0.0,udp,0.0,,cs0,,63.0,,1.0,,Status,1,1,0,42,42,0,42.0,0.0,0.0,0.0,0.0,0,0,0,0.0,,,0.0,0.0,0.0,REQ,,,,,0.0,0.0,0.0,0
461891,2.578061,2.578061,2.578061,2.578061,2.578061,2.578061,udp,0.0,,cs0,,63.0,,1.0,,Status,2,2,0,84,84,0,42.0,0.0,130.330505,130.330505,0.0,0,0,0,0.0,,,0.387888,0.387888,0.0,REQ,,,,,0.0,0.0,0.0,0
462007,0.0,0.0,0.0,0.0,0.0,0.0,udp,0.0,,cs0,,63.0,,1.0,,Status,1,1,0,42,42,0,42.0,0.0,0.0,0.0,0.0,0,0,0,0.0,,,0.0,0.0,0.0,REQ,,,,,0.0,0.0,0.0,0
462011,0.0,0.0,0.0,0.0,0.0,0.0,udp,0.0,,cs0,,63.0,,1.0,,Status,1,1,0,42,42,0,42.0,0.0,0.0,0.0,0.0,0,0,0,0.0,,,0.0,0.0,0.0,REQ,,,,,0.0,0.0,0.0,0
462017,2.577743,2.577743,2.577743,2.577743,2.577743,2.577743,udp,0.0,,cs0,,63.0,,1.0,,Status,2,2,0,84,84,0,42.0,0.0,130.346588,130.346588,0.0,0,0,0,0.0,,,0.387936,0.387936,0.0,REQ,,,,,0.0,0.0,0.0,0
462024,2.580735,2.580735,2.580735,2.580735,2.580735,2.580735,udp,0.0,,cs0,,63.0,,1.0,,Status,2,2,0,84,84,0,42.0,0.0,130.195465,130.195465,0.0,0,0,0,0.0,,,0.387487,0.387487,0.0,REQ,,,,,0.0,0.0,0.0,0
462031,2.581847,2.581847,2.581847,2.581847,2.581847,2.581847,udp,0.0,,cs0,,63.0,,1.0,,Status,2,2,0,84,84,0,42.0,0.0,130.139389,130.139389,0.0,0,0,0,0.0,,,0.38732,0.38732,0.0,REQ,,,,,0.0,0.0,0.0,0
462035,2.581974,2.581974,2.581974,2.581974,2.581974,2.581974,udp,0.0,,cs0,,63.0,,1.0,,Status,2,2,0,84,84,0,42.0,0.0,130.132996,130.132996,0.0,0,0,0,0.0,,,0.387301,0.387301,0.0,REQ,,,,,0.0,0.0,0.0,0
462048,0.0,0.0,0.0,0.0,0.0,0.0,udp,0.0,,cs0,,63.0,,1.0,,Status,1,1,0,42,42,0,42.0,0.0,0.0,0.0,0.0,0,0,0,0.0,,,0.0,0.0,0.0,REQ,,,,,0.0,0.0,0.0,0
462177,0.0,0.0,0.0,0.0,0.0,0.0,udp,0.0,,cs0,,63.0,,1.0,,Status,1,1,0,42,42,0,42.0,0.0,0.0,0.0,0.0,0,0,0,0.0,,,0.0,0.0,0.0,REQ,,,,,0.0,0.0,0.0,0
462194,2.574648,2.574648,2.574648,2.574648,2.574648,2.574648,udp,0.0,,cs0,,63.0,,1.0,,Status,2,2,0,84,84,0,42.0,0.0,130.503281,130.503281,0.0,0,0,0,0.0,,,0.388403,0.388403,0.0,REQ,,,,,0.0,0.0,0.0,0
462251,0.0,0.0,0.0,0.0,0.0,0.0,udp,0.0,,cs0,,63.0,,1.0,,Status,1,1,0,42,42,0,42.0,0.0,0.0,0.0,0.0,0,0,0,0.0,,,0.0,0.0,0.0,REQ,,,,,0.0,0.0,0.0,0
462273,2.578186,2.578186,2.578186,2.578186,2.578186,2.578186,udp,0.0,,cs0,,63.0,,1.0,,Status,2,2,0,84,84,0,42.0,0.0,130.324188,130.324188,0.0,0,0,0,0.0,,,0.38787,0.38787,0.0,REQ,,,,,0.0,0.0,0.0,0
462278,2.578178,2.578178,2.578178,2.578178,2.578178,2.578178,udp,0.0,,cs0,,63.0,,1.0,,Status,2,2,0,84,84,0,42.0,0.0,130.3246,130.3246,0.0,0,0,0,0.0,,,0.387871,0.387871,0.0,REQ,,,,,0.0,0.0,0.0,0
462352,0.0,0.0,0.0,0.0,0.0,0.0,udp,0.0,,cs0,,63.0,,1.0,,Status,1,1,0,42,42,0,42.0,0.0,0.0,0.0,0.0,0,0,0,0.0,,,0.0,0.0,0.0,REQ,,,,,0.0,0.0,0.0,0
462362,0.0,0.0,0.0,0.0,0.0,0.0,udp,0.0,,cs0,,63.0,,1.0,,Status,1,1,0,42,42,0,42.0,0.0,0.0,0.0,0.0,0,0,0,0.0,,,0.0,0.0,0.0,REQ,,,,,0.0,0.0,0.0,0
462384,2.577232,2.577232,2.577232,2.577232,2.577232,2.577232,udp,0.0,,cs0,,63.0,,1.0,,Status,2,2,0,84,84,0,42.0,0.0,130.372437,130.372437,0.0,0,0,0,0.0,,,0.388013,0.388013,0.0,REQ,,,,,0.0,0.0,0.0,0
462518,0.0,0.0,0.0,0.0,0.0,0.0,udp,0.0,,cs0,,63.0,,1.0,,Status,1,1,0,42,42,0,42.0,0.0,0.0,0.0,0.0,0,0,0,0.0,,,0.0,0.0,0.0,REQ,,,,,0.0,0.0,0.0,0
462527,0.0,0.0,0.0,0.0,0.0,0.0,udp,0.0,,cs0,,63.0,,1.0,,Status,1,1,0,42,42,0,42.0,0.0,0.0,0.0,0.0,0,0,0,0.0,,,0.0,0.0,0.0,REQ,,,,,0.0,0.0,0.0,0
462603,0.0,0.0,0.0,0.0,0.0,0.0,udp,0.0,,cs0,,63.0,,1.0,,Status,1,1,0,42,42,0,42.0,0.0,0.0,0.0,0.0,0,0,0,0.0,,,0.0,0.0,0.0,REQ,,,,,0.0,0.0,0.0,0
462703,0.0,0.0,0.0,0.0,0.0,0.0,udp,0.0,,cs0,,63.0,,1.0,,Status,1,1,0,42,42,0,42.0,0.0,0.0,0.0,0.0,0,0,0,0.0,,,0.0,0.0,0.0,REQ,,,,,0.0,0.0,0.0,0
462706,0.0,0.0,0.0,0.0,0.0,0.0,udp,0.0,,cs0,,63.0,,1.0,,Status,1,1,0,42,42,0,42.0,0.0,0.0,0.0,0.0,0,0,0,0.0,,,0.0,0.0,0.0,REQ,,,,,0.0,0.0,0.0,0
462730,2.572614,2.572614,2.572614,2.572614,2.572614,2.572614,udp,0.0,,cs0,,63.0,,1.0,,Status,2,2,0,84,84,0,42.0,0.0,130.606461,130.606461,0.0,0,0,0,0.0,,,0.38871,0.38871,0.0,REQ,,,,,0.0,0.0,0.0,0
462747,0.0,0.0,0.0,0.0,0.0,0.0,udp,0.0,,cs0,,63.0,,1.0,,Status,1,1,0,42,42,0,42.0,0.0,0.0,0.0,0.0,0,0,0,0.0,,,0.0,0.0,0.0,REQ,,,,,0.0,0.0,0.0,0
462761,0.0,0.0,0.0,0.0,0.0,0.0,udp,0.0,,cs0,,63.0,,1.0,,Status,1,1,0,42,42,0,42.0,0.0,0.0,0.0,0.0,0,0,0,0.0,,,0.0,0.0,0.0,REQ,,,,,0.0,0.0,0.0,0
462836,0.0,0.0,0.0,0.0,0.0,0.0,udp,0.0,,cs0,,63.0,,1.0,,Status,1,1,0,42,42,0,42.0,0.0,0.0,0.0,0.0,0,0,0,0.0,,,0.0,0.0,0.0,REQ,,,,,0.0,0.0,0.0,0
462867,2.580756,2.580756,2.580756,2.580756,2.580756,2.580756,udp,0.0,,cs0,,63.0,,1.0,,Status,2,2,0,84,84,0,42.0,0.0,130.194412,130.194412,0.0,0,0,0,0.0,,,0.387483,0.387483,0.0,REQ,,,,,0.0,0.0,0.0,0
462900,2.582049,2.582049,2.582049,2.582049,2.582049,2.582049,udp,0.0,,cs0,,63.0,,1.0,,Status,2,2,0,84,84,0,42.0,0.0,130.129211,130.129211,0.0,0,0,0,0.0,,,0.387289,0.387289,0.0,REQ,,,,,0.0,0.0,0.0,0
463019,2.583612,2.583612,2.583612,2.583612,2.583612,2.583612,udp,0.0,,cs0,,63.0,,1.0,,Status,2,2,0,84,84,0,42.0,0.0,130.050491,130.050491,0.0,0,0,0,0.0,,,0.387055,0.387055,0.0,REQ,,,,,0.0,0.0,0.0,0
463021,0.0,0.0,0.0,0.0,0.0,0.0,udp,0.0,,cs0,,63.0,,1.0,,Status,1,1,0,42,42,0,42.0,0.0,0.0,0.0,0.0,0,0,0,0.0,,,0.0,0.0,0.0,REQ,,,,,0.0,0.0,0.0,0
463045,2.583374,2.583374,2.583374,2.583374,2.583374,2.583374,udp,0.0,,cs0,,63.0,,1.0,,Status,2,2,0,84,84,0,42.0,0.0,130.062469,130.062469,0.0,0,0,0,0.0,,,0.387091,0.387091,0.0,REQ,,,,,0.0,0.0,0.0,0
463078,2.576133,2.576133,2.576133,2.576133,2.576133,2.576133,udp,0.0,,cs0,,63.0,,1.0,,Status,2,2,0,84,84,0,42.0,0.0,130.428055,130.428055,0.0,0,0,0,0.0,,,0.388179,0.388179,0.0,REQ,,,,,0.0,0.0,0.0,0
463122,2.579738,2.579738,2.579738,2.579738,2.579738,2.579738,udp,0.0,,cs0,,63.0,,1.0,,Status,2,2,0,84,84,0,42.0,0.0,130.245789,130.245789,0.0,0,0,0,0.0,,,0.387636,0.387636,0.0,REQ,,,,,0.0,0.0,0.0,0
463139,2.58396,2.58396,2.58396,2.58396,2.58396,2.58396,udp,0.0,,cs0,,63.0,,1.0,,Status,2,2,0,84,84,0,42.0,0.0,130.032974,130.032974,0.0,0,0,0,0.0,,,0.387003,0.387003,0.0,REQ,,,,,0.0,0.0,0.0,0
463245,2.573281,2.573281,2.573281,2.573281,2.573281,2.573281,udp,0.0,,cs0,,63.0,,1.0,,Status,2,2,0,84,84,0,42.0,0.0,130.572601,130.572601,0.0,0,0,0,0.0,,,0.388609,0.388609,0.0,REQ,,,,,0.0,0.0,0.0,0
463255,2.570162,2.570162,2.570162,2.570162,2.570162,2.570162,udp,0.0,,cs0,,63.0,,1.0,,Status,2,2,0,84,84,0,42.0,0.0,130.731049,130.731049,0.0,0,0,0,0.0,,,0.389081,0.389081,0.0,REQ,,,,,0.0,0.0,0.0,0
463279,2.57397,2.57397,2.57397,2.57397,2.57397,2.57397,udp,0.0,,cs0,,63.0,,1.0,,Status,2,2,0,84,84,0,42.0,0.0,130.537643,130.537643,0.0,0,0,0,0.0,,,0.388505,0.388505,0.0,REQ,,,,,0.0,0.0,0.0,0
463284,2.573973,2.573973,2.573973,2.573973,2.573973,2.573973,udp,0.0,,cs0,,63.0,,1.0,,Status,2,2,0,84,84,0,42.0,0.0,130.537506,130.537506,0.0,0,0,0,0.0,,,0.388504,0.388504,0.0,REQ,,,,,0.0,0.0,0.0,0
463301,2.57393,2.57393,2.57393,2.57393,2.57393,2.57393,udp,0.0,,cs0,,63.0,,1.0,,Status,2,2,0,84,84,0,42.0,0.0,130.539673,130.539673,0.0,0,0,0,0.0,,,0.388511,0.388511,0.0,REQ,,,,,0.0,0.0,0.0,0
463330,2.579054,2.579054,2.579054,2.579054,2.579054,2.579054,udp,0.0,,cs0,,63.0,,1.0,,Status,2,2,0,84,84,0,42.0,0.0,130.280319,130.280319,0.0,0,0,0,0.0,,,0.387739,0.387739,0.0,REQ,,,,,0.0,0.0,0.0,0
463357,2.58191,2.58191,2.58191,2.58191,2.58191,2.58191,udp,0.0,,cs0,,63.0,,1.0,,Status,2,2,0,84,84,0,42.0,0.0,130.136215,130.136215,0.0,0,0,0,0.0,,,0.38731,0.38731,0.0,REQ,,,,,0.0,0.0,0.0,0
463416,2.57838,2.57838,2.57838,2.57838,2.57838,2.57838,udp,0.0,,cs0,,63.0,,1.0,,Status,2,2,0,84,84,0,42.0,0.0,130.314377,130.314377,0.0,0,0,0,0.0,,,0.38784,0.38784,0.0,REQ,,,,,0.0,0.0,0.0,0
463442,0.0,0.0,0.0,0.0,0.0,0.0,udp,0.0,,cs0,,63.0,,1.0,,Status,1,1,0,42,42,0,42.0,0.0,0.0,0.0,0.0,0,0,0,0.0,,,0.0,0.0,0.0,REQ,,,,,0.0,0.0,0.0,0
463454,0.0,0.0,0.0,0.0,0.0,0.0,udp,0.0,,cs0,,63.0,,1.0,,Status,1,1,0,42,42,0,42.0,0.0,0.0,0.0,0.0,0,0,0,0.0,,,0.0,0.0,0.0,REQ,,,,,0.0,0.0,0.0,0
463461,0.0,0.0,0.0,0.0,0.0,0.0,udp,0.0,,cs0,,63.0,,1.0,,Status,1,1,0,42,42,0,42.0,0.0,0.0,0.0,0.0,0,0,0,0.0,,,0.0,0.0,0.0,REQ,,,,,0.0,0.0,0.0,0
463498,2.581131,2.581131,2.581131,2.581131,2.581131,2.581131,udp,0.0,,cs0,,63.0,,1.0,,Status,2,2,0,84,84,0,42.0,0.0,130.175491,130.175491,0.0,0,0,0,0.0,,,0.387427,0.387427,0.0,REQ,,,,,0.0,0.0,0.0,0
463502,2.58113,2.58113,2.58113,2.58113,2.58113,2.58113,udp,0.0,,cs0,,63.0,,1.0,,Status,2,2,0,84,84,0,42.0,0.0,130.175537,130.175537,0.0,0,0,0,0.0,,,0.387427,0.387427,0.0,REQ,,,,,0.0,0.0,0.0,0
463556,2.580848,2.580848,2.580848,2.580848,2.580848,2.580848,udp,0.0,,cs0,,63.0,,1.0,,Status,2,2,0,84,84,0,42.0,0.0,130.189774,130.189774,0.0,0,0,0,0.0,,,0.38747,0.38747,0.0,REQ,,,,,0.0,0.0,0.0,0
463570,0.0,0.0,0.0,0.0,0.0,0.0,udp,0.0,,cs0,,63.0,,1.0,,Status,1,1,0,42,42,0,42.0,0.0,0.0,0.0,0.0,0,0,0,0.0,,,0.0,0.0,0.0,REQ,,,,,0.0,0.0,0.0,0
463573,0.0,0.0,0.0,0.0,0.0,0.0,udp,0.0,,cs0,,63.0,,1.0,,Status,1,1,0,42,42,0,42.0,0.0,0.0,0.0,0.0,0,0,0,0.0,,,0.0,0.0,0.0,REQ,,,,,0.0,0.0,0.0,0
463691,2.57692,2.57692,2.57692,2.57692,2.57692,2.57692,udp,0.0,,cs0,,63.0,,1.0,,Status,2,2,0,84,84,0,42.0,0.0,130.388214,130.388214,0.0,0,0,0,0.0,,,0.38806,0.38806,0.0,REQ,,,,,0.0,0.0,0.0,0
463720,2.57608,2.57608,2.57608,2.57608,2.57608,2.57608,udp,0.0,,cs0,,63.0,,1.0,,Status,2,2,0,84,84,0,42.0,0.0,130.430725,130.430725,0.0,0,0,0,0.0,,,0.388187,0.388187,0.0,REQ,,,,,0.0,0.0,0.0,0
463730,2.578814,2.578814,2.578814,2.578814,2.578814,2.578814,udp,0.0,,cs0,,63.0,,1.0,,Status,2,2,0,84,84,0,42.0,0.0,130.29245,130.29245,0.0,0,0,0,0.0,,,0.387775,0.387775,0.0,REQ,,,,,0.0,0.0,0.0,0
463750,2.579391,2.579391,2.579391,2.579391,2.579391,2.579391,udp,0.0,,cs0,,63.0,,1.0,,Status,2,2,0,84,84,0,42.0,0.0,130.263306,130.263306,0.0,0,0,0,0.0,,,0.387688,0.387688,0.0,REQ,,,,,0.0,0.0,0.0,0
463756,0.0,0.0,0.0,0.0,0.0,0.0,udp,0.0,,cs0,,63.0,,1.0,,Status,1,1,0,42,42,0,42.0,0.0,0.0,0.0,0.0,0,0,0,0.0,,,0.0,0.0,0.0,REQ,,,,,0.0,0.0,0.0,0
463766,2.576206,2.576206,2.576206,2.576206,2.576206,2.576206,udp,0.0,,cs0,,63.0,,1.0,,Status,2,2,0,84,84,0,42.0,0.0,130.424347,130.424347,0.0,0,0,0,0.0,,,0.388168,0.388168,0.0,REQ,,,,,0.0,0.0,0.0,0
463786,2.581825,2.581825,2.581825,2.581825,2.581825,2.581825,udp,0.0,,cs0,,63.0,,1.0,,Status,2,2,0,84,84,0,42.0,0.0,130.140503,130.140503,0.0,0,0,0,0.0,,,0.387323,0.387323,0.0,REQ,,,,,0.0,0.0,0.0,0
463814,0.0,0.0,0.0,0.0,0.0,0.0,udp,0.0,,cs0,,63.0,,1.0,,Status,1,1,0,42,42,0,42.0,0.0,0.0,0.0,0.0,0,0,0,0.0,,,0.0,0.0,0.0,REQ,,,,,0.0,0.0,0.0,0
463895,2.577022,2.577022,2.577022,2.577022,2.577022,2.577022,udp,0.0,,cs0,,63.0,,1.0,,Status,2,2,0,84,84,0,42.0,0.0,130.383057,130.383057,0.0,0,0,0,0.0,,,0.388045,0.388045,0.0,REQ,,,,,0.0,0.0,0.0,0
464049,2.579022,2.579022,2.579022,2.579022,2.579022,2.579022,udp,0.0,,cs0,,63.0,,1.0,,Status,2,2,0,84,84,0,42.0,0.0,130.281952,130.281952,0.0,0,0,0,0.0,,,0.387744,0.387744,0.0,REQ,,,,,0.0,0.0,0.0,0
464054,2.578995,2.578995,2.578995,2.578995,2.578995,2.578995,udp,0.0,,cs0,,63.0,,1.0,,Status,2,2,0,84,84,0,42.0,0.0,130.28331,130.28331,0.0,0,0,0,0.0,,,0.387748,0.387748,0.0,REQ,,,,,0.0,0.0,0.0,0
464082,2.573409,2.573409,2.573409,2.573409,2.573409,2.573409,udp,0.0,,cs0,,63.0,,1.0,,Status,2,2,0,84,84,0,42.0,0.0,130.566101,130.566101,0.0,0,0,0,0.0,,,0.38859,0.38859,0.0,REQ,,,,,0.0,0.0,0.0,0
464152,0.0,0.0,0.0,0.0,0.0,0.0,udp,0.0,,cs0,,63.0,,1.0,,Status,1,1,0,42,42,0,42.0,0.0,0.0,0.0,0.0,0,0,0,0.0,,,0.0,0.0,0.0,REQ,,,,,0.0,0.0,0.0,0
464157,0.0,0.0,0.0,0.0,0.0,0.0,udp,0.0,,cs0,,63.0,,1.0,,Status,1,1,0,42,42,0,42.0,0.0,0.0,0.0,0.0,0,0,0,0.0,,,0.0,0.0,0.0,REQ,,,,,0.0,0.0,0.0,0
464259,0.0,0.0,0.0,0.0,0.0,0.0,udp,0.0,,cs0,,63.0,,1.0,,Status,1,1,0,42,42,0,42.0,0.0,0.0,0.0,0.0,0,0,0,0.0,,,0.0,0.0,0.0,REQ,,,,,0.0,0.0,0.0,0
464426,2.573127,2.573127,2.573127,2.573127,2.573127,2.573127,udp,0.0,,cs0,,63.0,,1.0,,Status,2,2,0,84,84,0,42.0,0.0,130.580414,130.580414,0.0,0,0,0,0.0,,,0.388632,0.388632,0.0,REQ,,,,,0.0,0.0,0.0,0
464433,2.573056,2.573056,2.573056,2.573056,2.573056,2.573056,udp,0.0,,cs0,,63.0,,1.0,,Status,2,2,0,84,84,0,42.0,0.0,130.584015,130.584015,0.0,0,0,0,0.0,,,0.388643,0.388643,0.0,REQ,,,,,0.0,0.0,0.0,0
464465,2.580162,2.580162,2.580162,2.580162,2.580162,2.580162,udp,0.0,,cs0,,63.0,,1.0,,Status,2,2,0,84,84,0,42.0,0.0,130.22438,130.22438,0.0,0,0,0,0.0,,,0.387573,0.387573,0.0,REQ,,,,,0.0,0.0,0.0,0
464466,2.580162,2.580162,2.580162,2.580162,2.580162,2.580162,udp,0.0,,cs0,,63.0,,1.0,,Status,2,2,0,84,84,0,42.0,0.0,130.22438,130.22438,0.0,0,0,0,0.0,,,0.387573,0.387573,0.0,REQ,,,,,0.0,0.0,0.0,0
464627,2.579403,2.579403,2.579403,2.579403,2.579403,2.579403,udp,0.0,,cs0,,63.0,,1.0,,Status,2,2,0,84,84,0,42.0,0.0,130.262711,130.262711,0.0,0,0,0,0.0,,,0.387687,0.387687,0.0,REQ,,,,,0.0,0.0,0.0,0
464671,0.0,0.0,0.0,0.0,0.0,0.0,udp,0.0,,cs0,,63.0,,1.0,,Status,1,1,0,42,42,0,42.0,0.0,0.0,0.0,0.0,0,0,0,0.0,,,0.0,0.0,0.0,REQ,,,,,0.0,0.0,0.0,0
464676,0.0,0.0,0.0,0.0,0.0,0.0,udp,0.0,,cs0,,63.0,,1.0,,Status,1,1,0,42,42,0,42.0,0.0,0.0,0.0,0.0,0,0,0,0.0,,,0.0,0.0,0.0,REQ,,,,,0.0,0.0,0.0,0
464815,0.0,0.0,0.0,0.0,0.0,0.0,udp,0.0,,cs0,,63.0,,1.0,,Status,1,1,0,42,42,0,42.0,0.0,0.0,0.0,0.0,0,0,0,0.0,,,0.0,0.0,0.0,REQ,,,,,0.0,0.0,0.0,0
464896,2.579033,2.579033,2.579033,2.579033,2.579033,2.579033,udp,0.0,,cs0,,63.0,,1.0,,Status,2,2,0,84,84,0,42.0,0.0,130.281387,130.281387,0.0,0,0,0,0.0,,,0.387742,0.387742,0.0,REQ,,,,,0.0,0.0,0.0,0
464920,0.0,0.0,0.0,0.0,0.0,0.0,udp,0.0,,cs0,,63.0,,1.0,,Status,1,1,0,42,42,0,42.0,0.0,0.0,0.0,0.0,0,0,0,0.0,,,0.0,0.0,0.0,REQ,,,,,0.0,0.0,0.0,0
464951,0.0,0.0,0.0,0.0,0.0,0.0,udp,0.0,,cs0,,63.0,,1.0,,Status,1,1,0,42,42,0,42.0,0.0,0.0,0.0,0.0,0,0,0,0.0,,,0.0,0.0,0.0,REQ,,,,,0.0,0.0,0.0,0
465044,0.0,0.0,0.0,0.0,0.0,0.0,udp,0.0,,cs0,,63.0,,1.0,,Status,1,1,0,42,42,0,42.0,0.0,0.0,0.0,0.0,0,0,0,0.0,,,0.0,0.0,0.0,REQ,,,,,0.0,0.0,0.0,0
465124,0.0,0.0,0.0,0.0,0.0,0.0,udp,0.0,,cs0,,63.0,,1.0,,Status,1,1,0,42,42,0,42.0,0.0,0.0,0.0,0.0,0,0,0,0.0,,,0.0,0.0,0.0,REQ,,,,,0.0,0.0,0.0,0
465162,0.0,0.0,0.0,0.0,0.0,0.0,udp,0.0,,cs0,,63.0,,1.0,,Status,1,1,0,42,42,0,42.0,0.0,0.0,0.0,0.0,0,0,0,0.0,,,0.0,0.0,0.0,REQ,,,,,0.0,0.0,0.0,0
465252,0.0,0.0,0.0,0.0,0.0,0.0,udp,0.0,,cs0,,63.0,,1.0,,Status,1,1,0,42,42,0,42.0,0.0,0.0,0.0,0.0,0,0,0,0.0,,,0.0,0.0,0.0,REQ,,,,,0.0,0.0,0.0,0
465270,0.0,0.0,0.0,0.0,0.0,0.0,udp,0.0,,cs0,,63.0,,1.0,,Status,1,1,0,42,42,0,42.0,0.0,0.0,0.0,0.0,0,0,0,0.0,,,0.0,0.0,0.0,REQ,,,,,0.0,0.0,0.0,0
465294,2.580985,2.580985,2.580985,2.580985,2.580985,2.580985,udp,0.0,,cs0,,63.0,,1.0,,Status,2,2,0,84,84,0,42.0,0.0,130.182846,130.182846,0.0,0,0,0,0.0,,,0.387449,0.387449,0.0,REQ,,,,,0.0,0.0,0.0,0
465357,0.0,0.0,0.0,0.0,0.0,0.0,udp,0.0,,cs0,,63.0,,1.0,,Status,1,1,0,42,42,0,42.0,0.0,0.0,0.0,0.0,0,0,0,0.0,,,0.0,0.0,0.0,REQ,,,,,0.0,0.0,0.0,0
465449,0.0,0.0,0.0,0.0,0.0,0.0,udp,0.0,,cs0,,63.0,,1.0,,Status,1,1,0,42,42,0,42.0,0.0,0.0,0.0,0.0,0,0,0,0.0,,,0.0,0.0,0.0,REQ,,,,,0.0,0.0,0.0,0
465454,0.0,0.0,0.0,0.0,0.0,0.0,udp,0.0,,cs0,,63.0,,1.0,,Status,1,1,0,42,42,0,42.0,0.0,0.0,0.0,0.0,0,0,0,0.0,,,0.0,0.0,0.0,REQ,,,,,0.0,0.0,0.0,0
465486,2.580679,2.580679,2.580679,2.580679,2.580679,2.580679,udp,0.0,,cs0,,63.0,,1.0,,Status,2,2,0,84,84,0,42.0,0.0,130.198303,130.198303,0.0,0,0,0,0.0,,,0.387495,0.387495,0.0,REQ,,,,,0.0,0.0,0.0,0
465502,2.577434,2.577434,2.577434,2.577434,2.577434,2.577434,udp,0.0,,cs0,,63.0,,1.0,,Status,2,2,0,84,84,0,42.0,0.0,130.362213,130.362213,0.0,0,0,0,0.0,,,0.387983,0.387983,0.0,REQ,,,,,0.0,0.0,0.0,0
465527,2.58286,2.58286,2.58286,2.58286,2.58286,2.58286,udp,0.0,,cs0,,63.0,,1.0,,Status,2,2,0,84,84,0,42.0,0.0,130.088348,130.088348,0.0,0,0,0,0.0,,,0.387168,0.387168,0.0,REQ,,,,,0.0,0.0,0.0,0
465559,2.57786,2.57786,2.57786,2.57786,2.57786,2.57786,udp,0.0,,cs0,,63.0,,1.0,,Status,2,2,0,84,84,0,42.0,0.0,130.340668,130.340668,0.0,0,0,0,0.0,,,0.387919,0.387919,0.0,REQ,,,,,0.0,0.0,0.0,0
465562,2.5792,2.5792,2.5792,2.5792,2.5792,2.5792,udp,0.0,,cs0,,63.0,,1.0,,Status,2,2,0,84,84,0,42.0,0.0,130.272949,130.272949,0.0,0,0,0,0.0,,,0.387717,0.387717,0.0,REQ,,,,,0.0,0.0,0.0,0
465602,2.579154,2.579154,2.579154,2.579154,2.579154,2.579154,udp,0.0,,cs0,,63.0,,1.0,,Status,2,2,0,84,84,0,42.0,0.0,130.275269,130.275269,0.0,0,0,0,0.0,,,0.387724,0.387724,0.0,REQ,,,,,0.0,0.0,0.0,0
465636,2.571167,2.571167,2.571167,2.571167,2.571167,2.571167,udp,0.0,,cs0,,63.0,,1.0,,Status,2,2,0,84,84,0,42.0,0.0,130.679962,130.679962,0.0,0,0,0,0.0,,,0.388928,0.388928,0.0,REQ,,,,,0.0,0.0,0.0,0
465745,0.0,0.0,0.0,0.0,0.0,0.0,udp,0.0,,cs0,,63.0,,1.0,,Status,1,1,0,42,42,0,42.0,0.0,0.0,0.0,0.0,0,0,0,0.0,,,0.0,0.0,0.0,REQ,,,,,0.0,0.0,0.0,0
465759,2.581848,2.581848,2.581848,2.581848,2.581848,2.581848,udp,0.0,,cs0,,63.0,,1.0,,Status,2,2,0,84,84,0,42.0,0.0,130.139343,130.139343,0.0,0,0,0,0.0,,,0.387319,0.387319,0.0,REQ,,,,,0.0,0.0,0.0,0
465890,2.57718,2.57718,2.57718,2.57718,2.57718,2.57718,udp,0.0,,cs0,,63.0,,1.0,,Status,2,2,0,84,84,0,42.0,0.0,130.375061,130.375061,0.0,0,0,0,0.0,,,0.388021,0.388021,0.0,REQ,,,,,0.0,0.0,0.0,0
465942,2.581136,2.581136,2.581136,2.581136,2.581136,2.581136,udp,0.0,,cs0,,63.0,,1.0,,Status,2,2,0,84,84,0,42.0,0.0,130.175247,130.175247,0.0,0,0,0,0.0,,,0.387426,0.387426,0.0,REQ,,,,,0.0,0.0,0.0,0
465956,2.579013,2.579013,2.579013,2.579013,2.579013,2.579013,udp,0.0,,cs0,,63.0,,1.0,,Status,2,2,0,84,84,0,42.0,0.0,130.282394,130.282394,0.0,0,0,0,0.0,,,0.387745,0.387745,0.0,REQ,,,,,0.0,0.0,0.0,0
465985,0.0,0.0,0.0,0.0,0.0,0.0,udp,0.0,,cs0,,63.0,,1.0,,Status,1,1,0,42,42,0,42.0,0.0,0.0,0.0,0.0,0,0,0,0.0,,,0.0,0.0,0.0,REQ,,,,,0.0,0.0,0.0,0
466033,0.0,0.0,0.0,0.0,0.0,0.0,udp,0.0,,cs0,,63.0,,1.0,,Status,1,1,0,42,42,0,42.0,0.0,0.0,0.0,0.0,0,0,0,0.0,,,0.0,0.0,0.0,REQ,,,,,0.0,0.0,0.0,0
466120,0.0,0.0,0.0,0.0,0.0,0.0,udp,0.0,,cs0,,63.0,,1.0,,Status,1,1,0,42,42,0,42.0,0.0,0.0,0.0,0.0,0,0,0,0.0,,,0.0,0.0,0.0,REQ,,,,,0.0,0.0,0.0,0
466197,2.580193,2.580193,2.580193,2.580193,2.580193,2.580193,udp,0.0,,cs0,,63.0,,1.0,,Status,2,2,0,84,84,0,42.0,0.0,130.222809,130.222809,0.0,0,0,0,0.0,,,0.387568,0.387568,0.0,REQ,,,,,0.0,0.0,0.0,0
466221,0.0,0.0,0.0,0.0,0.0,0.0,udp,0.0,,cs0,,63.0,,1.0,,Status,1,1,0,42,42,0,42.0,0.0,0.0,0.0,0.0,0,0,0,0.0,,,0.0,0.0,0.0,REQ,,,,,0.0,0.0,0.0,0
466225,2.576968,2.576968,2.576968,2.576968,2.576968,2.576968,udp,0.0,,cs0,,63.0,,1.0,,Status,2,2,0,84,84,0,42.0,0.0,130.385788,130.385788,0.0,0,0,0,0.0,,,0.388053,0.388053,0.0,REQ,,,,,0.0,0.0,0.0,0
466230,2.576982,2.576982,2.576982,2.576982,2.576982,2.576982,udp,0.0,,cs0,,63.0,,1.0,,Status,2,2,0,84,84,0,42.0,0.0,130.385071,130.385071,0.0,0,0,0,0.0,,,0.388051,0.388051,0.0,REQ,,,,,0.0,0.0,0.0,0
466358,2.583903,2.583903,2.583903,2.583903,2.583903,2.583903,udp,0.0,,cs0,,63.0,,1.0,,Status,2,2,0,84,84,0,42.0,0.0,130.035843,130.035843,0.0,0,0,0,0.0,,,0.387011,0.387011,0.0,REQ,,,,,0.0,0.0,0.0,0
466389,0.0,0.0,0.0,0.0,0.0,0.0,udp,0.0,,cs0,,63.0,,1.0,,Status,1,1,0,42,42,0,42.0,0.0,0.0,0.0,0.0,0,0,0,0.0,,,0.0,0.0,0.0,REQ,,,,,0.0,0.0,0.0,0
466411,0.0,0.0,0.0,0.0,0.0,0.0,udp,0.0,,cs0,,63.0,,1.0,,Status,1,1,0,42,42,0,42.0,0.0,0.0,0.0,0.0,0,0,0,0.0,,,0.0,0.0,0.0,REQ,,,,,0.0,0.0,0.0,0
466423,0.0,0.0,0.0,0.0,0.0,0.0,udp,0.0,,cs0,,63.0,,1.0,,Status,1,1,0,42,42,0,42.0,0.0,0.0,0.0,0.0,0,0,0,0.0,,,0.0,0.0,0.0,REQ,,,,,0.0,0.0,0.0,0
466450,2.581014,2.581014,2.581014,2.581014,2.581014,2.581014,udp,0.0,,cs0,,63.0,,1.0,,Status,2,2,0,84,84,0,42.0,0.0,130.181396,130.181396,0.0,0,0,0,0.0,,,0.387445,0.387445,0.0,REQ,,,,,0.0,0.0,0.0,0
466456,2.581007,2.581007,2.581007,2.581007,2.581007,2.581007,udp,0.0,,cs0,,63.0,,1.0,,Status,2,2,0,84,84,0,42.0,0.0,130.181747,130.181747,0.0,0,0,0,0.0,,,0.387446,0.387446,0.0,REQ,,,,,0.0,0.0,0.0,0
466504,0.0,0.0,0.0,0.0,0.0,0.0,udp,0.0,,cs0,,63.0,,1.0,,Status,1,1,0,42,42,0,42.0,0.0,0.0,0.0,0.0,0,0,0,0.0,,,0.0,0.0,0.0,REQ,,,,,0.0,0.0,0.0,0
466553,2.578024,2.578024,2.578024,2.578024,2.578024,2.578024,udp,0.0,,cs0,,63.0,,1.0,,Status,2,2,0,84,84,0,42.0,0.0,130.332382,130.332382,0.0,0,0,0,0.0,,,0.387894,0.387894,0.0,REQ,,,,,0.0,0.0,0.0,0
466581,2.577382,2.577382,2.577382,2.577382,2.577382,2.577382,udp,0.0,,cs0,,63.0,,1.0,,Status,2,2,0,84,84,0,42.0,0.0,130.364838,130.364838,0.0,0,0,0,0.0,,,0.387991,0.387991,0.0,REQ,,,,,0.0,0.0,0.0,0
466638,0.0,0.0,0.0,0.0,0.0,0.0,udp,0.0,,cs0,,63.0,,1.0,,Status,1,1,0,42,42,0,42.0,0.0,0.0,0.0,0.0,0,0,0,0.0,,,0.0,0.0,0.0,REQ,,,,,0.0,0.0,0.0,0
466710,2.57929,2.57929,2.57929,2.57929,2.57929,2.57929,udp,0.0,,cs0,,63.0,,1.0,,Status,2,2,0,84,84,0,42.0,0.0,130.268417,130.268417,0.0,0,0,0,0.0,,,0.387704,0.387704,0.0,REQ,,,,,0.0,0.0,0.0,0
466741,0.0,0.0,0.0,0.0,0.0,0.0,udp,0.0,,cs0,,63.0,,1.0,,Status,1,1,0,42,42,0,42.0,0.0,0.0,0.0,0.0,0,0,0,0.0,,,0.0,0.0,0.0,REQ,,,,,0.0,0.0,0.0,0
466758,2.578097,2.578097,2.578097,2.578097,2.578097,2.578097,udp,0.0,,cs0,,63.0,,1.0,,Status,2,2,0,84,84,0,42.0,0.0,130.32869,130.32869,0.0,0,0,0,0.0,,,0.387883,0.387883,0.0,REQ,,,,,0.0,0.0,0.0,0
466792,0.0,0.0,0.0,0.0,0.0,0.0,udp,0.0,,cs0,,63.0,,1.0,,Status,1,1,0,42,42,0,42.0,0.0,0.0,0.0,0.0,0,0,0,0.0,,,0.0,0.0,0.0,REQ,,,,,0.0,0.0,0.0,0
466805,2.578049,2.578049,2.578049,2.578049,2.578049,2.578049,udp,0.0,,cs0,,63.0,,1.0,,Status,2,2,0,84,84,0,42.0,0.0,130.331116,130.331116,0.0,0,0,0,0.0,,,0.38789,0.38789,0.0,REQ,,,,,0.0,0.0,0.0,0
466814,2.578057,2.578057,2.578057,2.578057,2.578057,2.578057,udp,0.0,,cs0,,63.0,,1.0,,Status,2,2,0,84,84,0,42.0,0.0,130.330704,130.330704,0.0,0,0,0,0.0,,,0.387889,0.387889,0.0,REQ,,,,,0.0,0.0,0.0,0
466843,0.0,0.0,0.0,0.0,0.0,0.0,udp,0.0,,cs0,,63.0,,1.0,,Status,1,1,0,42,42,0,42.0,0.0,0.0,0.0,0.0,0,0,0,0.0,,,0.0,0.0,0.0,REQ,,,,,0.0,0.0,0.0,0
466845,0.0,0.0,0.0,0.0,0.0,0.0,udp,0.0,,cs0,,63.0,,1.0,,Status,1,1,0,42,42,0,42.0,0.0,0.0,0.0,0.0,0,0,0,0.0,,,0.0,0.0,0.0,REQ,,,,,0.0,0.0,0.0,0
466880,2.58107,2.58107,2.58107,2.58107,2.58107,2.58107,udp,0.0,,cs0,,63.0,,1.0,,Status,2,2,0,84,84,0,42.0,0.0,130.178574,130.178574,0.0,0,0,0,0.0,,,0.387436,0.387436,0.0,REQ,,,,,0.0,0.0,0.0,0
466883,2.581071,2.581071,2.581071,2.581071,2.581071,2.581071,udp,0.0,,cs0,,63.0,,1.0,,Status,2,2,0,84,84,0,42.0,0.0,130.178528,130.178528,0.0,0,0,0,0.0,,,0.387436,0.387436,0.0,REQ,,,,,0.0,0.0,0.0,0
466888,0.0,0.0,0.0,0.0,0.0,0.0,udp,0.0,,cs0,,63.0,,1.0,,Status,1,1,0,42,42,0,42.0,0.0,0.0,0.0,0.0,0,0,0,0.0,,,0.0,0.0,0.0,REQ,,,,,0.0,0.0,0.0,0
466975,0.0,0.0,0.0,0.0,0.0,0.0,udp,0.0,,cs0,,63.0,,1.0,,Status,1,1,0,42,42,0,42.0,0.0,0.0,0.0,0.0,0,0,0,0.0,,,0.0,0.0,0.0,REQ,,,,,0.0,0.0,0.0,0
467020,0.0,0.0,0.0,0.0,0.0,0.0,udp,0.0,,cs0,,63.0,,1.0,,Status,1,1,0,42,42,0,42.0,0.0,0.0,0.0,0.0,0,0,0,0.0,,,0.0,0.0,0.0,REQ,,,,,0.0,0.0,0.0,0
467110,2.578192,2.578192,2.578192,2.578192,2.578192,2.578192,udp,0.0,,cs0,,63.0,,1.0,,Status,2,2,0,84,84,0,42.0,0.0,130.323883,130.323883,0.0,0,0,0,0.0,,,0.387869,0.387869,0.0,REQ,,,,,0.0,0.0,0.0,0
467116,0.0,0.0,0.0,0.0,0.0,0.0,udp,0.0,,cs0,,63.0,,1.0,,Status,1,1,0,42,42,0,42.0,0.0,0.0,0.0,0.0,0,0,0,0.0,,,0.0,0.0,0.0,REQ,,,,,0.0,0.0,0.0,0
467132,2.57778,2.57778,2.57778,2.57778,2.57778,2.57778,udp,0.0,,cs0,,63.0,,1.0,,Status,2,2,0,84,84,0,42.0,0.0,130.344711,130.344711,0.0,0,0,0,0.0,,,0.387931,0.387931,0.0,REQ,,,,,0.0,0.0,0.0,0
467175,0.0,0.0,0.0,0.0,0.0,0.0,udp,0.0,,cs0,,63.0,,1.0,,Status,1,1,0,42,42,0,42.0,0.0,0.0,0.0,0.0,0,0,0,0.0,,,0.0,0.0,0.0,REQ,,,,,0.0,0.0,0.0,0
467237,2.580135,2.580135,2.580135,2.580135,2.580135,2.580135,udp,0.0,,cs0,,63.0,,1.0,,Status,2,2,0,84,84,0,42.0,0.0,130.225739,130.225739,0.0,0,0,0,0.0,,,0.387577,0.387577,0.0,REQ,,,,,0.0,0.0,0.0,0
467243,2.580133,2.580133,2.580133,2.580133,2.580133,2.580133,udp,0.0,,cs0,,63.0,,1.0,,Status,2,2,0,84,84,0,42.0,0.0,130.225845,130.225845,0.0,0,0,0,0.0,,,0.387577,0.387577,0.0,REQ,,,,,0.0,0.0,0.0,0
467304,2.577685,2.577685,2.577685,2.577685,2.577685,2.577685,udp,0.0,,cs0,,63.0,,1.0,,Status,2,2,0,84,84,0,42.0,0.0,130.349518,130.349518,0.0,0,0,0,0.0,,,0.387945,0.387945,0.0,REQ,,,,,0.0,0.0,0.0,0
467370,0.0,0.0,0.0,0.0,0.0,0.0,udp,0.0,,cs0,,63.0,,1.0,,Status,1,1,0,42,42,0,42.0,0.0,0.0,0.0,0.0,0,0,0,0.0,,,0.0,0.0,0.0,REQ,,,,,0.0,0.0,0.0,0
467409,0.0,0.0,0.0,0.0,0.0,0.0,udp,0.0,,cs0,,63.0,,1.0,,Status,1,1,0,42,42,0,42.0,0.0,0.0,0.0,0.0,0,0,0,0.0,,,0.0,0.0,0.0,REQ,,,,,0.0,0.0,0.0,0
467420,0.0,0.0,0.0,0.0,0.0,0.0,udp,0.0,,cs0,,63.0,,1.0,,Status,1,1,0,42,42,0,42.0,0.0,0.0,0.0,0.0,0,0,0,0.0,,,0.0,0.0,0.0,REQ,,,,,0.0,0.0,0.0,0
467478,2.579025,2.579025,2.579025,2.579025,2.579025,2.579025,udp,0.0,,cs0,,63.0,,1.0,,Status,2,2,0,84,84,0,42.0,0.0,130.281784,130.281784,0.0,0,0,0,0.0,,,0.387743,0.387743,0.0,REQ,,,,,0.0,0.0,0.0,0
467722,2.578275,2.578275,2.578275,2.578275,2.578275,2.578275,udp,0.0,,cs0,,63.0,,1.0,,Status,2,2,0,84,84,0,42.0,0.0,130.319687,130.319687,0.0,0,0,0,0.0,,,0.387856,0.387856,0.0,REQ,,,,,0.0,0.0,0.0,0
467727,2.578263,2.578263,2.578263,2.578263,2.578263,2.578263,udp,0.0,,cs0,,63.0,,1.0,,Status,2,2,0,84,84,0,42.0,0.0,130.320297,130.320297,0.0,0,0,0,0.0,,,0.387858,0.387858,0.0,REQ,,,,,0.0,0.0,0.0,0
467795,2.579212,2.579212,2.579212,2.579212,2.579212,2.579212,udp,0.0,,cs0,,63.0,,1.0,,Status,2,2,0,84,84,0,42.0,0.0,130.272354,130.272354,0.0,0,0,0,0.0,,,0.387715,0.387715,0.0,REQ,,,,,0.0,0.0,0.0,0
467816,2.579259,2.579259,2.579259,2.579259,2.579259,2.579259,udp,0.0,,cs0,,63.0,,1.0,,Status,2,2,0,84,84,0,42.0,0.0,130.269974,130.269974,0.0,0,0,0,0.0,,,0.387708,0.387708,0.0,REQ,,,,,0.0,0.0,0.0,0
467845,0.0,0.0,0.0,0.0,0.0,0.0,udp,0.0,,cs0,,63.0,,1.0,,Status,1,1,0,42,42,0,42.0,0.0,0.0,0.0,0.0,0,0,0,0.0,,,0.0,0.0,0.0,REQ,,,,,0.0,0.0,0.0,0
467866,2.579212,2.579212,2.579212,2.579212,2.579212,2.579212,udp,0.0,,cs0,,63.0,,1.0,,Status,2,2,0,84,84,0,42.0,0.0,130.272354,130.272354,0.0,0,0,0,0.0,,,0.387715,0.387715,0.0,REQ,,,,,0.0,0.0,0.0,0
467949,2.578185,2.578185,2.578185,2.578185,2.578185,2.578185,udp,0.0,,cs0,,63.0,,1.0,,Status,2,2,0,84,84,0,42.0,0.0,130.324234,130.324234,0.0,0,0,0,0.0,,,0.38787,0.38787,0.0,REQ,,,,,0.0,0.0,0.0,0
468060,2.5784,2.5784,2.5784,2.5784,2.5784,2.5784,udp,0.0,,cs0,,63.0,,1.0,,Status,2,2,0,84,84,0,42.0,0.0,130.313385,130.313385,0.0,0,0,0,0.0,,,0.387837,0.387837,0.0,REQ,,,,,0.0,0.0,0.0,0
468116,0.0,0.0,0.0,0.0,0.0,0.0,udp,0.0,,cs0,,63.0,,1.0,,Status,1,1,0,42,42,0,42.0,0.0,0.0,0.0,0.0,0,0,0,0.0,,,0.0,0.0,0.0,REQ,,,,,0.0,0.0,0.0,0
468136,0.0,0.0,0.0,0.0,0.0,0.0,udp,0.0,,cs0,,63.0,,1.0,,Status,1,1,0,42,42,0,42.0,0.0,0.0,0.0,0.0,0,0,0,0.0,,,0.0,0.0,0.0,REQ,,,,,0.0,0.0,0.0,0
468137,0.0,0.0,0.0,0.0,0.0,0.0,udp,0.0,,cs0,,63.0,,1.0,,Status,1,1,0,42,42,0,42.0,0.0,0.0,0.0,0.0,0,0,0,0.0,,,0.0,0.0,0.0,REQ,,,,,0.0,0.0,0.0,0
468145,0.0,0.0,0.0,0.0,0.0,0.0,udp,0.0,,cs0,,63.0,,1.0,,Status,1,1,0,42,42,0,42.0,0.0,0.0,0.0,0.0,0,0,0,0.0,,,0.0,0.0,0.0,REQ,,,,,0.0,0.0,0.0,0
468148,0.0,0.0,0.0,0.0,0.0,0.0,udp,0.0,,cs0,,63.0,,1.0,,Status,1,1,0,42,42,0,42.0,0.0,0.0,0.0,0.0,0,0,0,0.0,,,0.0,0.0,0.0,REQ,,,,,0.0,0.0,0.0,0
468198,2.573396,2.573396,2.573396,2.573396,2.573396,2.573396,udp,0.0,,cs0,,63.0,,1.0,,Status,2,2,0,84,84,0,42.0,0.0,130.566772,130.566772,0.0,0,0,0,0.0,,,0.388592,0.388592,0.0,REQ,,,,,0.0,0.0,0.0,0
468232,2.578828,2.578828,2.578828,2.578828,2.578828,2.578828,udp,0.0,,cs0,,63.0,,1.0,,Status,2,2,0,84,84,0,42.0,0.0,130.291733,130.291733,0.0,0,0,0,0.0,,,0.387773,0.387773,0.0,REQ,,,,,0.0,0.0,0.0,0
468235,2.578834,2.578834,2.578834,2.578834,2.578834,2.578834,udp,0.0,,cs0,,63.0,,1.0,,Status,2,2,0,84,84,0,42.0,0.0,130.291443,130.291443,0.0,0,0,0,0.0,,,0.387772,0.387772,0.0,REQ,,,,,0.0,0.0,0.0,0
468242,0.0,0.0,0.0,0.0,0.0,0.0,udp,0.0,,cs0,,63.0,,1.0,,Status,1,1,0,42,42,0,42.0,0.0,0.0,0.0,0.0,0,0,0,0.0,,,0.0,0.0,0.0,REQ,,,,,0.0,0.0,0.0,0
468250,0.0,0.0,0.0,0.0,0.0,0.0,udp,0.0,,cs0,,63.0,,1.0,,Status,1,1,0,42,42,0,42.0,0.0,0.0,0.0,0.0,0,0,0,0.0,,,0.0,0.0,0.0,REQ,,,,,0.0,0.0,0.0,0
468262,0.0,0.0,0.0,0.0,0.0,0.0,udp,0.0,,cs0,,63.0,,1.0,,Status,1,1,0,42,42,0,42.0,0.0,0.0,0.0,0.0,0,0,0,0.0,,,0.0,0.0,0.0,REQ,,,,,0.0,0.0,0.0,0
468269,2.583016,2.583016,2.583016,2.583016,2.583016,2.583016,udp,0.0,,cs0,,63.0,,1.0,,Status,2,2,0,84,84,0,42.0,0.0,130.080505,130.080505,0.0,0,0,0,0.0,,,0.387144,0.387144,0.0,REQ,,,,,0.0,0.0,0.0,0
468376,2.574204,2.574204,2.574204,2.574204,2.574204,2.574204,udp,0.0,,cs0,,63.0,,1.0,,Status,2,2,0,84,84,0,42.0,0.0,130.525787,130.525787,0.0,0,0,0,0.0,,,0.38847,0.38847,0.0,REQ,,,,,0.0,0.0,0.0,0
468405,2.577752,2.577752,2.577752,2.577752,2.577752,2.577752,udp,0.0,,cs0,,63.0,,1.0,,Status,2,2,0,84,84,0,42.0,0.0,130.34613,130.34613,0.0,0,0,0,0.0,,,0.387935,0.387935,0.0,REQ,,,,,0.0,0.0,0.0,0
468498,0.0,0.0,0.0,0.0,0.0,0.0,udp,0.0,,cs0,,63.0,,1.0,,Status,1,1,0,42,42,0,42.0,0.0,0.0,0.0,0.0,0,0,0,0.0,,,0.0,0.0,0.0,REQ,,,,,0.0,0.0,0.0,0
468575,2.581242,2.581242,2.581242,2.581242,2.581242,2.581242,udp,0.0,,cs0,,63.0,,1.0,,Status,2,2,0,84,84,0,42.0,0.0,130.169891,130.169891,0.0,0,0,0,0.0,,,0.38741,0.38741,0.0,REQ,,,,,0.0,0.0,0.0,0
468600,2.577187,2.577187,2.577187,2.577187,2.577187,2.577187,udp,0.0,,cs0,,63.0,,1.0,,Status,2,2,0,84,84,0,42.0,0.0,130.37471,130.37471,0.0,0,0,0,0.0,,,0.38802,0.38802,0.0,REQ,,,,,0.0,0.0,0.0,0
468632,0.0,0.0,0.0,0.0,0.0,0.0,udp,0.0,,cs0,,63.0,,1.0,,Status,1,1,0,42,42,0,42.0,0.0,0.0,0.0,0.0,0,0,0,0.0,,,0.0,0.0,0.0,REQ,,,,,0.0,0.0,0.0,0
468658,0.0,0.0,0.0,0.0,0.0,0.0,udp,0.0,,cs0,,63.0,,1.0,,Status,1,1,0,42,42,0,42.0,0.0,0.0,0.0,0.0,0,0,0,0.0,,,0.0,0.0,0.0,REQ,,,,,0.0,0.0,0.0,0
468672,2.578828,2.578828,2.578828,2.578828,2.578828,2.578828,udp,0.0,,cs0,,63.0,,1.0,,Status,2,2,0,84,84,0,42.0,0.0,130.291733,130.291733,0.0,0,0,0,0.0,,,0.387773,0.387773,0.0,REQ,,,,,0.0,0.0,0.0,0
468689,2.577105,2.577105,2.577105,2.577105,2.577105,2.577105,udp,0.0,,cs0,,63.0,,1.0,,Status,2,2,0,84,84,0,42.0,0.0,130.37886,130.37886,0.0,0,0,0,0.0,,,0.388032,0.388032,0.0,REQ,,,,,0.0,0.0,0.0,0
468742,0.0,0.0,0.0,0.0,0.0,0.0,udp,0.0,,cs0,,63.0,,1.0,,Status,1,1,0,42,42,0,42.0,0.0,0.0,0.0,0.0,0,0,0,0.0,,,0.0,0.0,0.0,REQ,,,,,0.0,0.0,0.0,0
468810,2.576019,2.576019,2.576019,2.576019,2.576019,2.576019,udp,0.0,,cs0,,63.0,,1.0,,Status,2,2,0,84,84,0,42.0,0.0,130.433823,130.433823,0.0,0,0,0,0.0,,,0.388196,0.388196,0.0,REQ,,,,,0.0,0.0,0.0,0
468847,2.576063,2.576063,2.576063,2.576063,2.576063,2.576063,udp,0.0,,cs0,,63.0,,1.0,,Status,2,2,0,84,84,0,42.0,0.0,130.431595,130.431595,0.0,0,0,0,0.0,,,0.388189,0.388189,0.0,REQ,,,,,0.0,0.0,0.0,0
468849,2.576063,2.576063,2.576063,2.576063,2.576063,2.576063,udp,0.0,,cs0,,63.0,,1.0,,Status,2,2,0,84,84,0,42.0,0.0,130.431595,130.431595,0.0,0,0,0,0.0,,,0.388189,0.388189,0.0,REQ,,,,,0.0,0.0,0.0,0
468961,2.58192,2.58192,2.58192,2.58192,2.58192,2.58192,udp,0.0,,cs0,,63.0,,1.0,,Status,2,2,0,84,84,0,42.0,0.0,130.135712,130.135712,0.0,0,0,0,0.0,,,0.387309,0.387309,0.0,REQ,,,,,0.0,0.0,0.0,0
468979,0.0,0.0,0.0,0.0,0.0,0.0,udp,0.0,,cs0,,63.0,,1.0,,Status,1,1,0,42,42,0,42.0,0.0,0.0,0.0,0.0,0,0,0,0.0,,,0.0,0.0,0.0,REQ,,,,,0.0,0.0,0.0,0
468983,2.578383,2.578383,2.578383,2.578383,2.578383,2.578383,udp,0.0,,cs0,,63.0,,1.0,,Status,2,2,0,84,84,0,42.0,0.0,130.31424,130.31424,0.0,0,0,0,0.0,,,0.38784,0.38784,0.0,REQ,,,,,0.0,0.0,0.0,0
468987,0.0,0.0,0.0,0.0,0.0,0.0,udp,0.0,,cs0,,63.0,,1.0,,Status,1,1,0,42,42,0,42.0,0.0,0.0,0.0,0.0,0,0,0,0.0,,,0.0,0.0,0.0,REQ,,,,,0.0,0.0,0.0,0
468995,2.574428,2.574428,2.574428,2.574428,2.574428,2.574428,udp,0.0,,cs0,,63.0,,1.0,,Status,2,2,0,84,84,0,42.0,0.0,130.51442,130.51442,0.0,0,0,0,0.0,,,0.388436,0.388436,0.0,REQ,,,,,0.0,0.0,0.0,0
469049,0.0,0.0,0.0,0.0,0.0,0.0,udp,0.0,,cs0,,63.0,,1.0,,Status,1,1,0,42,42,0,42.0,0.0,0.0,0.0,0.0,0,0,0,0.0,,,0.0,0.0,0.0,REQ,,,,,0.0,0.0,0.0,0
469053,0.0,0.0,0.0,0.0,0.0,0.0,udp,0.0,,cs0,,63.0,,1.0,,Status,1,1,0,42,42,0,42.0,0.0,0.0,0.0,0.0,0,0,0,0.0,,,0.0,0.0,0.0,REQ,,,,,0.0,0.0,0.0,0
469066,2.577423,2.577423,2.577423,2.577423,2.577423,2.577423,udp,0.0,,cs0,,63.0,,1.0,,Status,2,2,0,84,84,0,42.0,0.0,130.362762,130.362762,0.0,0,0,0,0.0,,,0.387984,0.387984,0.0,REQ,,,,,0.0,0.0,0.0,0
469130,2.577074,2.577074,2.577074,2.577074,2.577074,2.577074,udp,0.0,,cs0,,63.0,,1.0,,Status,2,2,0,84,84,0,42.0,0.0,130.380417,130.380417,0.0,0,0,0,0.0,,,0.388037,0.388037,0.0,REQ,,,,,0.0,0.0,0.0,0
469173,2.579197,2.579197,2.579197,2.579197,2.579197,2.579197,udp,0.0,,cs0,,63.0,,1.0,,Status,2,2,0,84,84,0,42.0,0.0,130.273102,130.273102,0.0,0,0,0,0.0,,,0.387718,0.387718,0.0,REQ,,,,,0.0,0.0,0.0,0
469188,0.0,0.0,0.0,0.0,0.0,0.0,udp,0.0,,cs0,,63.0,,1.0,,Status,1,1,0,42,42,0,42.0,0.0,0.0,0.0,0.0,0,0,0,0.0,,,0.0,0.0,0.0,REQ,,,,,0.0,0.0,0.0,0
469208,0.0,0.0,0.0,0.0,0.0,0.0,udp,0.0,,cs0,,63.0,,1.0,,Status,1,1,0,42,42,0,42.0,0.0,0.0,0.0,0.0,0,0,0,0.0,,,0.0,0.0,0.0,REQ,,,,,0.0,0.0,0.0,0
469213,0.0,0.0,0.0,0.0,0.0,0.0,udp,0.0,,cs0,,63.0,,1.0,,Status,1,1,0,42,42,0,42.0,0.0,0.0,0.0,0.0,0,0,0,0.0,,,0.0,0.0,0.0,REQ,,,,,0.0,0.0,0.0,0
469265,2.577501,2.577501,2.577501,2.577501,2.577501,2.577501,udp,0.0,,cs0,,63.0,,1.0,,Status,2,2,0,84,84,0,42.0,0.0,130.358826,130.358826,0.0,0,0,0,0.0,,,0.387973,0.387973,0.0,REQ,,,,,0.0,0.0,0.0,0
469277,0.0,0.0,0.0,0.0,0.0,0.0,udp,0.0,,cs0,,63.0,,1.0,,Status,1,1,0,42,42,0,42.0,0.0,0.0,0.0,0.0,0,0,0,0.0,,,0.0,0.0,0.0,REQ,,,,,0.0,0.0,0.0,0
469297,2.575042,2.575042,2.575042,2.575042,2.575042,2.575042,udp,0.0,,cs0,,63.0,,1.0,,Status,2,2,0,84,84,0,42.0,0.0,130.483307,130.483307,0.0,0,0,0,0.0,,,0.388343,0.388343,0.0,REQ,,,,,0.0,0.0,0.0,0
469380,2.581035,2.581035,2.581035,2.581035,2.581035,2.581035,udp,0.0,,cs0,,63.0,,1.0,,Status,2,2,0,84,84,0,42.0,0.0,130.180344,130.180344,0.0,0,0,0,0.0,,,0.387441,0.387441,0.0,REQ,,,,,0.0,0.0,0.0,0
469407,2.576734,2.576734,2.576734,2.576734,2.576734,2.576734,udp,0.0,,cs0,,63.0,,1.0,,Status,2,2,0,84,84,0,42.0,0.0,130.397629,130.397629,0.0,0,0,0,0.0,,,0.388088,0.388088,0.0,REQ,,,,,0.0,0.0,0.0,0
469436,2.579264,2.579264,2.579264,2.579264,2.579264,2.579264,udp,0.0,,cs0,,63.0,,1.0,,Status,2,2,0,84,84,0,42.0,0.0,130.26973,130.26973,0.0,0,0,0,0.0,,,0.387708,0.387708,0.0,REQ,,,,,0.0,0.0,0.0,0
469489,0.0,0.0,0.0,0.0,0.0,0.0,udp,0.0,,cs0,,63.0,,1.0,,Status,1,1,0,42,42,0,42.0,0.0,0.0,0.0,0.0,0,0,0,0.0,,,0.0,0.0,0.0,REQ,,,,,0.0,0.0,0.0,0
469577,2.575901,2.575901,2.575901,2.575901,2.575901,2.575901,udp,0.0,,cs0,,63.0,,1.0,,Status,2,2,0,84,84,0,42.0,0.0,130.439789,130.439789,0.0,0,0,0,0.0,,,0.388214,0.388214,0.0,REQ,,,,,0.0,0.0,0.0,0
469618,2.584288,2.584288,2.584288,2.584288,2.584288,2.584288,udp,0.0,,cs0,,63.0,,1.0,,Status,2,2,0,84,84,0,42.0,0.0,130.016479,130.016479,0.0,0,0,0,0.0,,,0.386954,0.386954,0.0,REQ,,,,,0.0,0.0,0.0,0
469812,2.57051,2.57051,2.57051,2.57051,2.57051,2.57051,udp,0.0,,cs0,,63.0,,1.0,,Status,2,2,0,84,84,0,42.0,0.0,130.713364,130.713364,0.0,0,0,0,0.0,,,0.389028,0.389028,0.0,REQ,,,,,0.0,0.0,0.0,0
469843,0.0,0.0,0.0,0.0,0.0,0.0,udp,0.0,,cs0,,63.0,,1.0,,Status,1,1,0,42,42,0,42.0,0.0,0.0,0.0,0.0,0,0,0,0.0,,,0.0,0.0,0.0,REQ,,,,,0.0,0.0,0.0,0
469861,2.576204,2.576204,2.576204,2.576204,2.576204,2.576204,udp,0.0,,cs0,,63.0,,1.0,,Status,2,2,0,84,84,0,42.0,0.0,130.424454,130.424454,0.0,0,0,0,0.0,,,0.388168,0.388168,0.0,REQ,,,,,0.0,0.0,0.0,0
469936,2.573272,2.573272,2.573272,2.573272,2.573272,2.573272,udp,0.0,,cs0,,63.0,,1.0,,Status,2,2,0,84,84,0,42.0,0.0,130.573059,130.573059,0.0,0,0,0,0.0,,,0.38861,0.38861,0.0,REQ,,,,,0.0,0.0,0.0,0
469945,2.57901,2.57901,2.57901,2.57901,2.57901,2.57901,udp,0.0,,cs0,,63.0,,1.0,,Status,2,2,0,84,84,0,42.0,0.0,130.282547,130.282547,0.0,0,0,0,0.0,,,0.387746,0.387746,0.0,REQ,,,,,0.0,0.0,0.0,0
469984,0.0,0.0,0.0,0.0,0.0,0.0,udp,0.0,,cs0,,63.0,,1.0,,Status,1,1,0,42,42,0,42.0,0.0,0.0,0.0,0.0,0,0,0,0.0,,,0.0,0.0,0.0,REQ,,,,,0.0,0.0,0.0,0
470063,0.0,0.0,0.0,0.0,0.0,0.0,udp,0.0,,cs0,,63.0,,1.0,,Status,1,1,0,42,42,0,42.0,0.0,0.0,0.0,0.0,0,0,0,0.0,,,0.0,0.0,0.0,REQ,,,,,0.0,0.0,0.0,0
470085,2.573081,2.573081,2.573081,2.573081,2.573081,2.573081,udp,0.0,,cs0,,63.0,,1.0,,Status,2,2,0,84,84,0,42.0,0.0,130.582748,130.582748,0.0,0,0,0,0.0,,,0.388639,0.388639,0.0,REQ,,,,,0.0,0.0,0.0,0
470113,2.578687,2.578687,2.578687,2.578687,2.578687,2.578687,udp,0.0,,cs0,,63.0,,1.0,,Status,2,2,0,84,84,0,42.0,0.0,130.298874,130.298874,0.0,0,0,0,0.0,,,0.387794,0.387794,0.0,REQ,,,,,0.0,0.0,0.0,0
470117,2.578687,2.578687,2.578687,2.578687,2.578687,2.578687,udp,0.0,,cs0,,63.0,,1.0,,Status,2,2,0,84,84,0,42.0,0.0,130.298874,130.298874,0.0,0,0,0,0.0,,,0.387794,0.387794,0.0,REQ,,,,,0.0,0.0,0.0,0
470176,2.580986,2.580986,2.580986,2.580986,2.580986,2.580986,udp,0.0,,cs0,,63.0,,1.0,,Status,2,2,0,84,84,0,42.0,0.0,130.1828,130.1828,0.0,0,0,0,0.0,,,0.387449,0.387449,0.0,REQ,,,,,0.0,0.0,0.0,0
470185,0.0,0.0,0.0,0.0,0.0,0.0,udp,0.0,,cs0,,63.0,,1.0,,Status,1,1,0,42,42,0,42.0,0.0,0.0,0.0,0.0,0,0,0,0.0,,,0.0,0.0,0.0,REQ,,,,,0.0,0.0,0.0,0
470289,2.574336,2.574336,2.574336,2.574336,2.574336,2.574336,udp,0.0,,cs0,,63.0,,1.0,,Status,2,2,0,84,84,0,42.0,0.0,130.519089,130.519089,0.0,0,0,0,0.0,,,0.38845,0.38845,0.0,REQ,,,,,0.0,0.0,0.0,0
470307,0.0,0.0,0.0,0.0,0.0,0.0,udp,0.0,,cs0,,63.0,,1.0,,Status,1,1,0,42,42,0,42.0,0.0,0.0,0.0,0.0,0,0,0,0.0,,,0.0,0.0,0.0,REQ,,,,,0.0,0.0,0.0,0
470319,2.569101,2.569101,2.569101,2.569101,2.569101,2.569101,udp,0.0,,cs0,,63.0,,1.0,,Status,2,2,0,84,84,0,42.0,0.0,130.785049,130.785049,0.0,0,0,0,0.0,,,0.389241,0.389241,0.0,REQ,,,,,0.0,0.0,0.0,0
470332,2.569064,2.569064,2.569064,2.569064,2.569064,2.569064,udp,0.0,,cs0,,63.0,,1.0,,Status,2,2,0,84,84,0,42.0,0.0,130.786942,130.786942,0.0,0,0,0,0.0,,,0.389247,0.389247,0.0,REQ,,,,,0.0,0.0,0.0,0
470348,0.0,0.0,0.0,0.0,0.0,0.0,udp,0.0,,cs0,,63.0,,1.0,,Status,1,1,0,42,42,0,42.0,0.0,0.0,0.0,0.0,0,0,0,0.0,,,0.0,0.0,0.0,REQ,,,,,0.0,0.0,0.0,0
470370,2.57613,2.57613,2.57613,2.57613,2.57613,2.57613,udp,0.0,,cs0,,63.0,,1.0,,Status,2,2,0,84,84,0,42.0,0.0,130.428207,130.428207,0.0,0,0,0,0.0,,,0.388179,0.388179,0.0,REQ,,,,,0.0,0.0,0.0,0
470377,2.574901,2.574901,2.574901,2.574901,2.574901,2.574901,udp,0.0,,cs0,,63.0,,1.0,,Status,2,2,0,84,84,0,42.0,0.0,130.490448,130.490448,0.0,0,0,0,0.0,,,0.388364,0.388364,0.0,REQ,,,,,0.0,0.0,0.0,0
470396,0.0,0.0,0.0,0.0,0.0,0.0,udp,0.0,,cs0,,63.0,,1.0,,Status,1,1,0,42,42,0,42.0,0.0,0.0,0.0,0.0,0,0,0,0.0,,,0.0,0.0,0.0,REQ,,,,,0.0,0.0,0.0,0
470575,2.575931,2.575931,2.575931,2.575931,2.575931,2.575931,udp,0.0,,cs0,,63.0,,1.0,,Status,2,2,0,84,84,0,42.0,0.0,130.438278,130.438278,0.0,0,0,0,0.0,,,0.388209,0.388209,0.0,REQ,,,,,0.0,0.0,0.0,0
470585,2.575967,2.575967,2.575967,2.575967,2.575967,2.575967,udp,0.0,,cs0,,63.0,,1.0,,Status,2,2,0,84,84,0,42.0,0.0,130.436447,130.436447,0.0,0,0,0,0.0,,,0.388204,0.388204,0.0,REQ,,,,,0.0,0.0,0.0,0
470650,0.0,0.0,0.0,0.0,0.0,0.0,udp,0.0,,cs0,,63.0,,1.0,,Status,1,1,0,42,42,0,42.0,0.0,0.0,0.0,0.0,0,0,0,0.0,,,0.0,0.0,0.0,REQ,,,,,0.0,0.0,0.0,0
470665,2.578662,2.578662,2.578662,2.578662,2.578662,2.578662,udp,0.0,,cs0,,63.0,,1.0,,Start,2,2,0,84,84,0,42.0,0.0,130.30014,130.30014,0.0,0,0,0,0.0,,,0.387798,0.387798,0.0,INT,,,,,0.0,0.0,0.0,0
470674,2.578709,2.578709,2.578709,2.578709,2.578709,2.578709,udp,0.0,,cs0,,63.0,,1.0,,Status,2,2,0,84,84,0,42.0,0.0,130.29776,130.29776,0.0,0,0,0,0.0,,,0.387791,0.387791,0.0,REQ,,,,,0.0,0.0,0.0,0
470691,2.578834,2.578834,2.578834,2.578834,2.578834,2.578834,udp,0.0,,cs0,,63.0,,1.0,,Status,2,2,0,84,84,0,42.0,0.0,130.291443,130.291443,0.0,0,0,0,0.0,,,0.387772,0.387772,0.0,REQ,,,,,0.0,0.0,0.0,0
470731,0.0,0.0,0.0,0.0,0.0,0.0,udp,0.0,,cs0,,63.0,,1.0,,Status,1,1,0,42,42,0,42.0,0.0,0.0,0.0,0.0,0,0,0,0.0,,,0.0,0.0,0.0,REQ,,,,,0.0,0.0,0.0,0
470764,0.0,0.0,0.0,0.0,0.0,0.0,udp,0.0,,cs0,,63.0,,1.0,,Status,1,1,0,42,42,0,42.0,0.0,0.0,0.0,0.0,0,0,0,0.0,,,0.0,0.0,0.0,REQ,,,,,0.0,0.0,0.0,0
470984,2.581146,2.581146,2.581146,2.581146,2.581146,2.581146,udp,0.0,,cs0,,63.0,,1.0,,Status,2,2,0,84,84,0,42.0,0.0,130.174744,130.174744,0.0,0,0,0,0.0,,,0.387425,0.387425,0.0,REQ,,,,,0.0,0.0,0.0,0
470993,0.0,0.0,0.0,0.0,0.0,0.0,udp,0.0,,cs0,,63.0,,1.0,,Status,1,1,0,42,42,0,42.0,0.0,0.0,0.0,0.0,0,0,0,0.0,,,0.0,0.0,0.0,REQ,,,,,0.0,0.0,0.0,0
471235,2.570686,2.570686,2.570686,2.570686,2.570686,2.570686,udp,0.0,,cs0,,63.0,,1.0,,Status,2,2,0,84,84,0,42.0,0.0,130.704407,130.704407,0.0,0,0,0,0.0,,,0.389001,0.389001,0.0,REQ,,,,,0.0,0.0,0.0,0
471256,0.0,0.0,0.0,0.0,0.0,0.0,udp,0.0,,cs0,,63.0,,1.0,,Status,1,1,0,42,42,0,42.0,0.0,0.0,0.0,0.0,0,0,0,0.0,,,0.0,0.0,0.0,REQ,,,,,0.0,0.0,0.0,0
471311,0.0,0.0,0.0,0.0,0.0,0.0,udp,0.0,,cs0,,63.0,,1.0,,Status,1,1,0,42,42,0,42.0,0.0,0.0,0.0,0.0,0,0,0,0.0,,,0.0,0.0,0.0,REQ,,,,,0.0,0.0,0.0,0
471353,2.57816,2.57816,2.57816,2.57816,2.57816,2.57816,udp,0.0,,cs0,,63.0,,1.0,,Status,2,2,0,84,84,0,42.0,0.0,130.3255,130.3255,0.0,0,0,0,0.0,,,0.387874,0.387874,0.0,REQ,,,,,0.0,0.0,0.0,0
471408,0.0,0.0,0.0,0.0,0.0,0.0,udp,0.0,,cs0,,63.0,,1.0,,Status,1,1,0,42,42,0,42.0,0.0,0.0,0.0,0.0,0,0,0,0.0,,,0.0,0.0,0.0,REQ,,,,,0.0,0.0,0.0,0
471431,2.580325,2.580325,2.580325,2.580325,2.580325,2.580325,udp,0.0,,cs0,,63.0,,1.0,,Status,2,2,0,84,84,0,42.0,0.0,130.216156,130.216156,0.0,0,0,0,0.0,,,0.387548,0.387548,0.0,REQ,,,,,0.0,0.0,0.0,0
471433,2.579191,2.579191,2.579191,2.579191,2.579191,2.579191,udp,0.0,,cs0,,63.0,,1.0,,Status,2,2,0,84,84,0,42.0,0.0,130.273407,130.273407,0.0,0,0,0,0.0,,,0.387718,0.387718,0.0,REQ,,,,,0.0,0.0,0.0,0
471489,2.575763,2.575763,2.575763,2.575763,2.575763,2.575763,udp,0.0,,cs0,,63.0,,1.0,,Status,2,2,0,84,84,0,42.0,0.0,130.446777,130.446777,0.0,0,0,0,0.0,,,0.388234,0.388234,0.0,REQ,,,,,0.0,0.0,0.0,0
471504,2.575884,2.575884,2.575884,2.575884,2.575884,2.575884,udp,0.0,,cs0,,63.0,,1.0,,Status,2,2,0,84,84,0,42.0,0.0,130.440659,130.440659,0.0,0,0,0,0.0,,,0.388216,0.388216,0.0,REQ,,,,,0.0,0.0,0.0,0
471508,2.575863,2.575863,2.575863,2.575863,2.575863,2.575863,udp,0.0,,cs0,,63.0,,1.0,,Status,2,2,0,84,84,0,42.0,0.0,130.441727,130.441727,0.0,0,0,0,0.0,,,0.388219,0.388219,0.0,REQ,,,,,0.0,0.0,0.0,0
471513,0.0,0.0,0.0,0.0,0.0,0.0,udp,0.0,,cs0,,63.0,,1.0,,Status,1,1,0,42,42,0,42.0,0.0,0.0,0.0,0.0,0,0,0,0.0,,,0.0,0.0,0.0,REQ,,,,,0.0,0.0,0.0,0
471529,0.0,0.0,0.0,0.0,0.0,0.0,udp,0.0,,cs0,,63.0,,1.0,,Status,1,1,0,42,42,0,42.0,0.0,0.0,0.0,0.0,0,0,0,0.0,,,0.0,0.0,0.0,REQ,,,,,0.0,0.0,0.0,0
471550,2.578059,2.578059,2.578059,2.578059,2.578059,2.578059,udp,0.0,,cs0,,63.0,,1.0,,Status,2,2,0,84,84,0,42.0,0.0,130.330612,130.330612,0.0,0,0,0,0.0,,,0.387889,0.387889,0.0,REQ,,,,,0.0,0.0,0.0,0
471573,2.578835,2.578835,2.578835,2.578835,2.578835,2.578835,udp,0.0,,cs0,,63.0,,1.0,,Status,2,2,0,84,84,0,42.0,0.0,130.291397,130.291397,0.0,0,0,0,0.0,,,0.387772,0.387772,0.0,REQ,,,,,0.0,0.0,0.0,0
471720,0.0,0.0,0.0,0.0,0.0,0.0,udp,0.0,,cs0,,63.0,,1.0,,Status,1,1,0,42,42,0,42.0,0.0,0.0,0.0,0.0,0,0,0,0.0,,,0.0,0.0,0.0,REQ,,,,,0.0,0.0,0.0,0
471749,2.578018,2.578018,2.578018,2.578018,2.578018,2.578018,udp,0.0,,cs0,,63.0,,1.0,,Status,2,2,0,84,84,0,42.0,0.0,130.332687,130.332687,0.0,0,0,0,0.0,,,0.387895,0.387895,0.0,REQ,,,,,0.0,0.0,0.0,0
471794,0.0,0.0,0.0,0.0,0.0,0.0,udp,0.0,,cs0,,63.0,,1.0,,Status,1,1,0,42,42,0,42.0,0.0,0.0,0.0,0.0,0,0,0,0.0,,,0.0,0.0,0.0,REQ,,,,,0.0,0.0,0.0,0
471875,0.0,0.0,0.0,0.0,0.0,0.0,udp,0.0,,cs0,,63.0,,1.0,,Status,1,1,0,42,42,0,42.0,0.0,0.0,0.0,0.0,0,0,0,0.0,,,0.0,0.0,0.0,REQ,,,,,0.0,0.0,0.0,0
471880,0.0,0.0,0.0,0.0,0.0,0.0,udp,0.0,,cs0,,63.0,,1.0,,Status,1,1,0,42,42,0,42.0,0.0,0.0,0.0,0.0,0,0,0,0.0,,,0.0,0.0,0.0,REQ,,,,,0.0,0.0,0.0,0
471947,2.58603,2.58603,2.58603,2.58603,2.58603,2.58603,udp,0.0,,cs0,,63.0,,1.0,,Status,2,2,0,84,84,0,42.0,0.0,129.928894,129.928894,0.0,0,0,0,0.0,,,0.386693,0.386693,0.0,REQ,,,,,0.0,0.0,0.0,0
471950,2.586006,2.586006,2.586006,2.586006,2.586006,2.586006,udp,0.0,,cs0,,63.0,,1.0,,Status,2,2,0,84,84,0,42.0,0.0,129.930099,129.930099,0.0,0,0,0,0.0,,,0.386697,0.386697,0.0,REQ,,,,,0.0,0.0,0.0,0
472002,0.0,0.0,0.0,0.0,0.0,0.0,udp,0.0,,cs0,,63.0,,1.0,,Status,1,1,0,42,42,0,42.0,0.0,0.0,0.0,0.0,0,0,0,0.0,,,0.0,0.0,0.0,REQ,,,,,0.0,0.0,0.0,0
472004,0.0,0.0,0.0,0.0,0.0,0.0,udp,0.0,,cs0,,63.0,,1.0,,Status,1,1,0,42,42,0,42.0,0.0,0.0,0.0,0.0,0,0,0,0.0,,,0.0,0.0,0.0,REQ,,,,,0.0,0.0,0.0,0
472113,0.0,0.0,0.0,0.0,0.0,0.0,udp,0.0,,cs0,,63.0,,1.0,,Status,1,1,0,42,42,0,42.0,0.0,0.0,0.0,0.0,0,0,0,0.0,,,0.0,0.0,0.0,REQ,,,,,0.0,0.0,0.0,0
472117,0.0,0.0,0.0,0.0,0.0,0.0,udp,0.0,,cs0,,63.0,,1.0,,Status,1,1,0,42,42,0,42.0,0.0,0.0,0.0,0.0,0,0,0,0.0,,,0.0,0.0,0.0,REQ,,,,,0.0,0.0,0.0,0
472150,0.0,0.0,0.0,0.0,0.0,0.0,udp,0.0,,cs0,,63.0,,1.0,,Status,1,1,0,42,42,0,42.0,0.0,0.0,0.0,0.0,0,0,0,0.0,,,0.0,0.0,0.0,REQ,,,,,0.0,0.0,0.0,0
472162,0.0,0.0,0.0,0.0,0.0,0.0,udp,0.0,,cs0,,63.0,,1.0,,Status,1,1,0,42,42,0,42.0,0.0,0.0,0.0,0.0,0,0,0,0.0,,,0.0,0.0,0.0,REQ,,,,,0.0,0.0,0.0,0
472172,0.0,0.0,0.0,0.0,0.0,0.0,udp,0.0,,cs0,,63.0,,1.0,,Status,1,1,0,42,42,0,42.0,0.0,0.0,0.0,0.0,0,0,0,0.0,,,0.0,0.0,0.0,REQ,,,,,0.0,0.0,0.0,0
472206,2.57624,2.57624,2.57624,2.57624,2.57624,2.57624,udp,0.0,,cs0,,63.0,,1.0,,Status,2,2,0,84,84,0,42.0,0.0,130.422623,130.422623,0.0,0,0,0,0.0,,,0.388163,0.388163,0.0,REQ,,,,,0.0,0.0,0.0,0
472281,2.578065,2.578065,2.578065,2.578065,2.578065,2.578065,udp,0.0,,cs0,,63.0,,1.0,,Status,2,2,0,84,84,0,42.0,0.0,130.330307,130.330307,0.0,0,0,0,0.0,,,0.387888,0.387888,0.0,REQ,,,,,0.0,0.0,0.0,0
472288,2.583669,2.583669,2.583669,2.583669,2.583669,2.583669,udp,0.0,,cs0,,63.0,,1.0,,Status,2,2,0,84,84,0,42.0,0.0,130.047623,130.047623,0.0,0,0,0,0.0,,,0.387046,0.387046,0.0,REQ,,,,,0.0,0.0,0.0,0
472296,0.0,0.0,0.0,0.0,0.0,0.0,udp,0.0,,cs0,,63.0,,1.0,,Status,1,1,0,42,42,0,42.0,0.0,0.0,0.0,0.0,0,0,0,0.0,,,0.0,0.0,0.0,REQ,,,,,0.0,0.0,0.0,0
472310,0.0,0.0,0.0,0.0,0.0,0.0,udp,0.0,,cs0,,63.0,,1.0,,Status,1,1,0,42,42,0,42.0,0.0,0.0,0.0,0.0,0,0,0,0.0,,,0.0,0.0,0.0,REQ,,,,,0.0,0.0,0.0,0
472337,2.578257,2.578257,2.578257,2.578257,2.578257,2.578257,udp,0.0,,cs0,,63.0,,1.0,,Status,2,2,0,84,84,0,42.0,0.0,130.320602,130.320602,0.0,0,0,0,0.0,,,0.387859,0.387859,0.0,REQ,,,,,0.0,0.0,0.0,0
472339,2.578249,2.578249,2.578249,2.578249,2.578249,2.578249,udp,0.0,,cs0,,63.0,,1.0,,Status,2,2,0,84,84,0,42.0,0.0,130.320999,130.320999,0.0,0,0,0,0.0,,,0.38786,0.38786,0.0,REQ,,,,,0.0,0.0,0.0,0
472368,2.576797,2.576797,2.576797,2.576797,2.576797,2.576797,udp,0.0,,cs0,,63.0,,1.0,,Status,2,2,0,84,84,0,42.0,0.0,130.39444,130.39444,0.0,0,0,0,0.0,,,0.388079,0.388079,0.0,REQ,,,,,0.0,0.0,0.0,0
472385,2.576903,2.576903,2.576903,2.576903,2.576903,2.576903,udp,0.0,,cs0,,63.0,,1.0,,Status,2,2,0,84,84,0,42.0,0.0,130.389069,130.389069,0.0,0,0,0,0.0,,,0.388063,0.388063,0.0,REQ,,,,,0.0,0.0,0.0,0
472392,2.576906,2.576906,2.576906,2.576906,2.576906,2.576906,udp,0.0,,cs0,,63.0,,1.0,,Status,2,2,0,84,84,0,42.0,0.0,130.388931,130.388931,0.0,0,0,0,0.0,,,0.388062,0.388062,0.0,REQ,,,,,0.0,0.0,0.0,0
472436,2.573223,2.573223,2.573223,2.573223,2.573223,2.573223,udp,0.0,,cs0,,63.0,,1.0,,Status,2,2,0,84,84,0,42.0,0.0,130.575546,130.575546,0.0,0,0,0,0.0,,,0.388618,0.388618,0.0,REQ,,,,,0.0,0.0,0.0,0
472443,2.578089,2.578089,2.578089,2.578089,2.578089,2.578089,udp,0.0,,cs0,,63.0,,1.0,,Status,2,2,0,84,84,0,42.0,0.0,130.329086,130.329086,0.0,0,0,0,0.0,,,0.387884,0.387884,0.0,REQ,,,,,0.0,0.0,0.0,0
472458,2.578207,2.578207,2.578207,2.578207,2.578207,2.578207,udp,0.0,,cs0,,63.0,,1.0,,Status,2,2,0,84,84,0,42.0,0.0,130.32312,130.32312,0.0,0,0,0,0.0,,,0.387866,0.387866,0.0,REQ,,,,,0.0,0.0,0.0,0
472465,2.57693,2.57693,2.57693,2.57693,2.57693,2.57693,udp,0.0,,cs0,,63.0,,1.0,,Status,2,2,0,84,84,0,42.0,0.0,130.387711,130.387711,0.0,0,0,0,0.0,,,0.388059,0.388059,0.0,REQ,,,,,0.0,0.0,0.0,0
472475,0.0,0.0,0.0,0.0,0.0,0.0,udp,0.0,,cs0,,63.0,,1.0,,Status,1,1,0,42,42,0,42.0,0.0,0.0,0.0,0.0,0,0,0,0.0,,,0.0,0.0,0.0,REQ,,,,,0.0,0.0,0.0,0
472481,2.57713,2.57713,2.57713,2.57713,2.57713,2.57713,udp,0.0,,cs0,,63.0,,1.0,,Status,2,2,0,84,84,0,42.0,0.0,130.377594,130.377594,0.0,0,0,0,0.0,,,0.388029,0.388029,0.0,REQ,,,,,0.0,0.0,0.0,0
472490,2.576936,2.576936,2.576936,2.576936,2.576936,2.576936,udp,0.0,,cs0,,63.0,,1.0,,Status,2,2,0,84,84,0,42.0,0.0,130.387405,130.387405,0.0,0,0,0,0.0,,,0.388058,0.388058,0.0,REQ,,,,,0.0,0.0,0.0,0
472552,2.576793,2.576793,2.576793,2.576793,2.576793,2.576793,udp,0.0,,cs0,,63.0,,1.0,,Status,2,2,0,84,84,0,42.0,0.0,130.394638,130.394638,0.0,0,0,0,0.0,,,0.388079,0.388079,0.0,REQ,,,,,0.0,0.0,0.0,0
472597,0.0,0.0,0.0,0.0,0.0,0.0,udp,0.0,,cs0,,63.0,,1.0,,Status,1,1,0,42,42,0,42.0,0.0,0.0,0.0,0.0,0,0,0,0.0,,,0.0,0.0,0.0,REQ,,,,,0.0,0.0,0.0,0
472675,2.571799,2.571799,2.571799,2.571799,2.571799,2.571799,udp,0.0,,cs0,,63.0,,1.0,,Status,2,2,0,84,84,0,42.0,0.0,130.647842,130.647842,0.0,0,0,0,0.0,,,0.388833,0.388833,0.0,REQ,,,,,0.0,0.0,0.0,0
472705,2.574492,2.574492,2.574492,2.574492,2.574492,2.574492,udp,0.0,,cs0,,63.0,,1.0,,Status,2,2,0,84,84,0,42.0,0.0,130.511185,130.511185,0.0,0,0,0,0.0,,,0.388426,0.388426,0.0,REQ,,,,,0.0,0.0,0.0,0
472761,0.0,0.0,0.0,0.0,0.0,0.0,udp,0.0,,cs0,,63.0,,1.0,,Status,1,1,0,42,42,0,42.0,0.0,0.0,0.0,0.0,0,0,0,0.0,,,0.0,0.0,0.0,REQ,,,,,0.0,0.0,0.0,0
472765,0.0,0.0,0.0,0.0,0.0,0.0,udp,0.0,,cs0,,63.0,,1.0,,Status,1,1,0,42,42,0,42.0,0.0,0.0,0.0,0.0,0,0,0,0.0,,,0.0,0.0,0.0,REQ,,,,,0.0,0.0,0.0,0
472818,0.0,0.0,0.0,0.0,0.0,0.0,udp,0.0,,cs0,,63.0,,1.0,,Status,1,1,0,42,42,0,42.0,0.0,0.0,0.0,0.0,0,0,0,0.0,,,0.0,0.0,0.0,REQ,,,,,0.0,0.0,0.0,0
472835,2.576388,2.576388,2.576388,2.576388,2.576388,2.576388,udp,0.0,,cs0,,63.0,,1.0,,Status,2,2,0,84,84,0,42.0,0.0,130.415146,130.415146,0.0,0,0,0,0.0,,,0.38814,0.38814,0.0,REQ,,,,,0.0,0.0,0.0,0
472901,2.580908,2.580908,2.580908,2.580908,2.580908,2.580908,udp,0.0,,cs0,,63.0,,1.0,,Status,2,2,0,84,84,0,42.0,0.0,130.186737,130.186737,0.0,0,0,0,0.0,,,0.387461,0.387461,0.0,REQ,,,,,0.0,0.0,0.0,0
473021,2.57891,2.57891,2.57891,2.57891,2.57891,2.57891,udp,0.0,,cs0,,63.0,,1.0,,Status,2,2,0,84,84,0,42.0,0.0,130.287598,130.287598,0.0,0,0,0,0.0,,,0.387761,0.387761,0.0,REQ,,,,,0.0,0.0,0.0,0
473047,0.0,0.0,0.0,0.0,0.0,0.0,udp,0.0,,cs0,,63.0,,1.0,,Status,1,1,0,42,42,0,42.0,0.0,0.0,0.0,0.0,0,0,0,0.0,,,0.0,0.0,0.0,REQ,,,,,0.0,0.0,0.0,0
473113,0.0,0.0,0.0,0.0,0.0,0.0,udp,0.0,,cs0,,63.0,,1.0,,Status,1,1,0,42,42,0,42.0,0.0,0.0,0.0,0.0,0,0,0,0.0,,,0.0,0.0,0.0,REQ,,,,,0.0,0.0,0.0,0
473122,0.0,0.0,0.0,0.0,0.0,0.0,udp,0.0,,cs0,,63.0,,1.0,,Status,1,1,0,42,42,0,42.0,0.0,0.0,0.0,0.0,0,0,0,0.0,,,0.0,0.0,0.0,REQ,,,,,0.0,0.0,0.0,0
473141,0.0,0.0,0.0,0.0,0.0,0.0,udp,0.0,,cs0,,63.0,,1.0,,Status,1,1,0,42,42,0,42.0,0.0,0.0,0.0,0.0,0,0,0,0.0,,,0.0,0.0,0.0,REQ,,,,,0.0,0.0,0.0,0
473232,2.580694,2.580694,2.580694,2.580694,2.580694,2.580694,udp,0.0,,cs0,,63.0,,1.0,,Status,2,2,0,84,84,0,42.0,0.0,130.19754,130.19754,0.0,0,0,0,0.0,,,0.387493,0.387493,0.0,REQ,,,,,0.0,0.0,0.0,0
473238,0.0,0.0,0.0,0.0,0.0,0.0,udp,0.0,,cs0,,63.0,,1.0,,Status,1,1,0,42,42,0,42.0,0.0,0.0,0.0,0.0,0,0,0,0.0,,,0.0,0.0,0.0,REQ,,,,,0.0,0.0,0.0,0
473250,0.0,0.0,0.0,0.0,0.0,0.0,udp,0.0,,cs0,,63.0,,1.0,,Status,1,1,0,42,42,0,42.0,0.0,0.0,0.0,0.0,0,0,0,0.0,,,0.0,0.0,0.0,REQ,,,,,0.0,0.0,0.0,0
473281,2.575936,2.575936,2.575936,2.575936,2.575936,2.575936,udp,0.0,,cs0,,63.0,,1.0,,Status,2,2,0,84,84,0,42.0,0.0,130.438019,130.438019,0.0,0,0,0,0.0,,,0.388208,0.388208,0.0,REQ,,,,,0.0,0.0,0.0,0
473332,2.579002,2.579002,2.579002,2.579002,2.579002,2.579002,udp,0.0,,cs0,,63.0,,1.0,,Status,2,2,0,84,84,0,42.0,0.0,130.282959,130.282959,0.0,0,0,0,0.0,,,0.387747,0.387747,0.0,REQ,,,,,0.0,0.0,0.0,0
473361,2.578891,2.578891,2.578891,2.578891,2.578891,2.578891,udp,0.0,,cs0,,63.0,,1.0,,Status,2,2,0,84,84,0,42.0,0.0,130.288559,130.288559,0.0,0,0,0,0.0,,,0.387764,0.387764,0.0,REQ,,,,,0.0,0.0,0.0,0
473366,0.0,0.0,0.0,0.0,0.0,0.0,udp,0.0,,cs0,,63.0,,1.0,,Status,1,1,0,42,42,0,42.0,0.0,0.0,0.0,0.0,0,0,0,0.0,,,0.0,0.0,0.0,REQ,,,,,0.0,0.0,0.0,0
473400,2.576597,2.576597,2.576597,2.576597,2.576597,2.576597,udp,0.0,,cs0,,63.0,,1.0,,Status,2,2,0,84,84,0,42.0,0.0,130.404556,130.404556,0.0,0,0,0,0.0,,,0.388109,0.388109,0.0,REQ,,,,,0.0,0.0,0.0,0
473408,0.0,0.0,0.0,0.0,0.0,0.0,udp,0.0,,cs0,,63.0,,1.0,,Status,1,1,0,42,42,0,42.0,0.0,0.0,0.0,0.0,0,0,0,0.0,,,0.0,0.0,0.0,REQ,,,,,0.0,0.0,0.0,0
473415,2.579002,2.579002,2.579002,2.579002,2.579002,2.579002,udp,0.0,,cs0,,63.0,,1.0,,Status,2,2,0,84,84,0,42.0,0.0,130.282959,130.282959,0.0,0,0,0,0.0,,,0.387747,0.387747,0.0,REQ,,,,,0.0,0.0,0.0,0
473427,2.578801,2.578801,2.578801,2.578801,2.578801,2.578801,udp,0.0,,cs0,,63.0,,1.0,,Status,2,2,0,84,84,0,42.0,0.0,130.293106,130.293106,0.0,0,0,0,0.0,,,0.387777,0.387777,0.0,REQ,,,,,0.0,0.0,0.0,0
473491,2.580051,2.580051,2.580051,2.580051,2.580051,2.580051,udp,0.0,,cs0,,63.0,,1.0,,Status,2,2,0,84,84,0,42.0,0.0,130.22998,130.22998,0.0,0,0,0,0.0,,,0.387589,0.387589,0.0,REQ,,,,,0.0,0.0,0.0,0
473587,0.0,0.0,0.0,0.0,0.0,0.0,udp,0.0,,cs0,,63.0,,1.0,,Status,1,1,0,42,42,0,42.0,0.0,0.0,0.0,0.0,0,0,0,0.0,,,0.0,0.0,0.0,REQ,,,,,0.0,0.0,0.0,0
473605,2.578306,2.578306,2.578306,2.578306,2.578306,2.578306,udp,0.0,,cs0,,63.0,,1.0,,Status,2,2,0,84,84,0,42.0,0.0,130.31813,130.31813,0.0,0,0,0,0.0,,,0.387852,0.387852,0.0,REQ,,,,,0.0,0.0,0.0,0
473641,0.0,0.0,0.0,0.0,0.0,0.0,udp,0.0,,cs0,,63.0,,1.0,,Status,1,1,0,42,42,0,42.0,0.0,0.0,0.0,0.0,0,0,0,0.0,,,0.0,0.0,0.0,REQ,,,,,0.0,0.0,0.0,0
473710,2.580273,2.580273,2.580273,2.580273,2.580273,2.580273,udp,0.0,,cs0,,63.0,,1.0,,Status,2,2,0,84,84,0,42.0,0.0,130.218781,130.218781,0.0,0,0,0,0.0,,,0.387556,0.387556,0.0,REQ,,,,,0.0,0.0,0.0,0
473719,2.580189,2.580189,2.580189,2.580189,2.580189,2.580189,udp,0.0,,cs0,,63.0,,1.0,,Status,2,2,0,84,84,0,42.0,0.0,130.223022,130.223022,0.0,0,0,0,0.0,,,0.387569,0.387569,0.0,REQ,,,,,0.0,0.0,0.0,0
473731,2.580088,2.580088,2.580088,2.580088,2.580088,2.580088,udp,0.0,,cs0,,63.0,,1.0,,Status,2,2,0,84,84,0,42.0,0.0,130.228119,130.228119,0.0,0,0,0,0.0,,,0.387584,0.387584,0.0,REQ,,,,,0.0,0.0,0.0,0
473860,0.0,0.0,0.0,0.0,0.0,0.0,udp,0.0,,cs0,,63.0,,1.0,,Status,1,1,0,42,42,0,42.0,0.0,0.0,0.0,0.0,0,0,0,0.0,,,0.0,0.0,0.0,REQ,,,,,0.0,0.0,0.0,0
473906,2.576248,2.576248,2.576248,2.576248,2.576248,2.576248,udp,0.0,,cs0,,63.0,,1.0,,Status,2,2,0,84,84,0,42.0,0.0,130.422226,130.422226,0.0,0,0,0,0.0,,,0.388161,0.388161,0.0,REQ,,,,,0.0,0.0,0.0,0
473999,2.581095,2.581095,2.581095,2.581095,2.581095,2.581095,udp,0.0,,cs0,,63.0,,1.0,,Status,2,2,0,84,84,0,42.0,0.0,130.177307,130.177307,0.0,0,0,0,0.0,,,0.387432,0.387432,0.0,REQ,,,,,0.0,0.0,0.0,0
474082,2.57486,2.57486,2.57486,2.57486,2.57486,2.57486,udp,0.0,,cs0,,63.0,,1.0,,Status,2,2,0,84,84,0,42.0,0.0,130.492523,130.492523,0.0,0,0,0,0.0,,,0.388371,0.388371,0.0,REQ,,,,,0.0,0.0,0.0,0
474115,0.0,0.0,0.0,0.0,0.0,0.0,udp,0.0,,cs0,,63.0,,1.0,,Status,1,1,0,42,42,0,42.0,0.0,0.0,0.0,0.0,0,0,0,0.0,,,0.0,0.0,0.0,REQ,,,,,0.0,0.0,0.0,0
474193,0.0,0.0,0.0,0.0,0.0,0.0,udp,0.0,,cs0,,63.0,,1.0,,Status,1,1,0,42,42,0,42.0,0.0,0.0,0.0,0.0,0,0,0,0.0,,,0.0,0.0,0.0,REQ,,,,,0.0,0.0,0.0,0
474275,2.577973,2.577973,2.577973,2.577973,2.577973,2.577973,udp,0.0,,cs0,,63.0,,1.0,,Status,2,2,0,84,84,0,42.0,0.0,130.334961,130.334961,0.0,0,0,0,0.0,,,0.387902,0.387902,0.0,REQ,,,,,0.0,0.0,0.0,0
474291,0.0,0.0,0.0,0.0,0.0,0.0,udp,0.0,,cs0,,63.0,,1.0,,Status,1,1,0,42,42,0,42.0,0.0,0.0,0.0,0.0,0,0,0,0.0,,,0.0,0.0,0.0,REQ,,,,,0.0,0.0,0.0,0
474341,2.576567,2.576567,2.576567,2.576567,2.576567,2.576567,udp,0.0,,cs0,,63.0,,1.0,,Status,2,2,0,84,84,0,42.0,0.0,130.406082,130.406082,0.0,0,0,0,0.0,,,0.388113,0.388113,0.0,REQ,,,,,0.0,0.0,0.0,0
474406,2.575051,2.575051,2.575051,2.575051,2.575051,2.575051,udp,0.0,,cs0,,63.0,,1.0,,Status,2,2,0,84,84,0,42.0,0.0,130.482849,130.482849,0.0,0,0,0,0.0,,,0.388342,0.388342,0.0,REQ,,,,,0.0,0.0,0.0,0
474431,2.580542,2.580542,2.580542,2.580542,2.580542,2.580542,udp,0.0,,cs0,,63.0,,1.0,,Status,2,2,0,84,84,0,42.0,0.0,130.2052,130.2052,0.0,0,0,0,0.0,,,0.387515,0.387515,0.0,REQ,,,,,0.0,0.0,0.0,0
474465,2.575743,2.575743,2.575743,2.575743,2.575743,2.575743,udp,0.0,,cs0,,63.0,,1.0,,Status,2,2,0,84,84,0,42.0,0.0,130.4478,130.4478,0.0,0,0,0,0.0,,,0.388238,0.388238,0.0,REQ,,,,,0.0,0.0,0.0,0
474467,2.576592,2.576592,2.576592,2.576592,2.576592,2.576592,udp,0.0,,cs0,,63.0,,1.0,,Status,2,2,0,84,84,0,42.0,0.0,130.404816,130.404816,0.0,0,0,0,0.0,,,0.38811,0.38811,0.0,REQ,,,,,0.0,0.0,0.0,0
474476,2.5797,2.5797,2.5797,2.5797,2.5797,2.5797,udp,0.0,,cs0,,63.0,,1.0,,Status,2,2,0,84,84,0,42.0,0.0,130.247711,130.247711,0.0,0,0,0,0.0,,,0.387642,0.387642,0.0,REQ,,,,,0.0,0.0,0.0,0
474522,0.0,0.0,0.0,0.0,0.0,0.0,udp,0.0,,cs0,,63.0,,1.0,,Status,1,1,0,42,42,0,42.0,0.0,0.0,0.0,0.0,0,0,0,0.0,,,0.0,0.0,0.0,REQ,,,,,0.0,0.0,0.0,0
474529,0.0,0.0,0.0,0.0,0.0,0.0,udp,0.0,,cs0,,63.0,,1.0,,Status,1,1,0,42,42,0,42.0,0.0,0.0,0.0,0.0,0,0,0,0.0,,,0.0,0.0,0.0,REQ,,,,,0.0,0.0,0.0,0
474580,2.581286,2.581286,2.581286,2.581286,2.581286,2.581286,udp,0.0,,cs0,,63.0,,1.0,,Status,2,2,0,84,84,0,42.0,0.0,130.167679,130.167679,0.0,0,0,0,0.0,,,0.387404,0.387404,0.0,REQ,,,,,0.0,0.0,0.0,0
474697,0.0,0.0,0.0,0.0,0.0,0.0,udp,0.0,,cs0,,63.0,,1.0,,Status,1,1,0,42,42,0,42.0,0.0,0.0,0.0,0.0,0,0,0,0.0,,,0.0,0.0,0.0,REQ,,,,,0.0,0.0,0.0,0
474802,0.0,0.0,0.0,0.0,0.0,0.0,udp,0.0,,cs0,,63.0,,1.0,,Status,1,1,0,42,42,0,42.0,0.0,0.0,0.0,0.0,0,0,0,0.0,,,0.0,0.0,0.0,REQ,,,,,0.0,0.0,0.0,0
474830,2.575007,2.575007,2.575007,2.575007,2.575007,2.575007,udp,0.0,,cs0,,63.0,,1.0,,Status,2,2,0,84,84,0,42.0,0.0,130.485077,130.485077,0.0,0,0,0,0.0,,,0.388348,0.388348,0.0,REQ,,,,,0.0,0.0,0.0,0
474840,0.0,0.0,0.0,0.0,0.0,0.0,udp,0.0,,cs0,,63.0,,1.0,,Status,1,1,0,42,42,0,42.0,0.0,0.0,0.0,0.0,0,0,0,0.0,,,0.0,0.0,0.0,REQ,,,,,0.0,0.0,0.0,0
474889,2.572228,2.572228,2.572228,2.572228,2.572228,2.572228,udp,0.0,,cs0,,63.0,,1.0,,Status,2,2,0,84,84,0,42.0,0.0,130.626053,130.626053,0.0,0,0,0,0.0,,,0.388768,0.388768,0.0,REQ,,,,,0.0,0.0,0.0,0
474900,0.0,0.0,0.0,0.0,0.0,0.0,udp,0.0,,cs0,,63.0,,1.0,,Status,1,1,0,42,42,0,42.0,0.0,0.0,0.0,0.0,0,0,0,0.0,,,0.0,0.0,0.0,REQ,,,,,0.0,0.0,0.0,0
474961,2.578465,2.578465,2.578465,2.578465,2.578465,2.578465,udp,0.0,,cs0,,63.0,,1.0,,Status,2,2,0,84,84,0,42.0,0.0,130.310089,130.310089,0.0,0,0,0,0.0,,,0.387828,0.387828,0.0,REQ,,,,,0.0,0.0,0.0,0
475078,0.0,0.0,0.0,0.0,0.0,0.0,udp,0.0,,cs0,,63.0,,1.0,,Status,1,1,0,42,42,0,42.0,0.0,0.0,0.0,0.0,0,0,0,0.0,,,0.0,0.0,0.0,REQ,,,,,0.0,0.0,0.0,0
475079,0.0,0.0,0.0,0.0,0.0,0.0,udp,0.0,,cs0,,63.0,,1.0,,Status,1,1,0,42,42,0,42.0,0.0,0.0,0.0,0.0,0,0,0,0.0,,,0.0,0.0,0.0,REQ,,,,,0.0,0.0,0.0,0
475085,2.572328,2.572328,2.572328,2.572328,2.572328,2.572328,udp,0.0,,cs0,,63.0,,1.0,,Status,2,2,0,84,84,0,42.0,0.0,130.620972,130.620972,0.0,0,0,0,0.0,,,0.388753,0.388753,0.0,REQ,,,,,0.0,0.0,0.0,0
475114,2.576694,2.576694,2.576694,2.576694,2.576694,2.576694,udp,0.0,,cs0,,63.0,,1.0,,Status,2,2,0,84,84,0,42.0,0.0,130.399658,130.399658,0.0,0,0,0,0.0,,,0.388094,0.388094,0.0,REQ,,,,,0.0,0.0,0.0,0
475127,0.0,0.0,0.0,0.0,0.0,0.0,udp,0.0,,cs0,,63.0,,1.0,,Status,1,1,0,42,42,0,42.0,0.0,0.0,0.0,0.0,0,0,0,0.0,,,0.0,0.0,0.0,REQ,,,,,0.0,0.0,0.0,0
475170,0.0,0.0,0.0,0.0,0.0,0.0,udp,0.0,,cs0,,63.0,,1.0,,Status,1,1,0,42,42,0,42.0,0.0,0.0,0.0,0.0,0,0,0,0.0,,,0.0,0.0,0.0,REQ,,,,,0.0,0.0,0.0,0
475284,0.0,0.0,0.0,0.0,0.0,0.0,udp,0.0,,cs0,,63.0,,1.0,,Status,1,1,0,42,42,0,42.0,0.0,0.0,0.0,0.0,0,0,0,0.0,,,0.0,0.0,0.0,REQ,,,,,0.0,0.0,0.0,0
475309,0.0,0.0,0.0,0.0,0.0,0.0,udp,0.0,,cs0,,63.0,,1.0,,Status,1,1,0,42,42,0,42.0,0.0,0.0,0.0,0.0,0,0,0,0.0,,,0.0,0.0,0.0,REQ,,,,,0.0,0.0,0.0,0
475314,2.576858,2.576858,2.576858,2.576858,2.576858,2.576858,udp,0.0,,cs0,,63.0,,1.0,,Status,2,2,0,84,84,0,42.0,0.0,130.391357,130.391357,0.0,0,0,0,0.0,,,0.388069,0.388069,0.0,REQ,,,,,0.0,0.0,0.0,0
475322,2.576862,2.576862,2.576862,2.576862,2.576862,2.576862,udp,0.0,,cs0,,63.0,,1.0,,Status,2,2,0,84,84,0,42.0,0.0,130.391144,130.391144,0.0,0,0,0,0.0,,,0.388069,0.388069,0.0,REQ,,,,,0.0,0.0,0.0,0
475352,2.576874,2.576874,2.576874,2.576874,2.576874,2.576874,udp,0.0,,cs0,,63.0,,1.0,,Status,2,2,0,84,84,0,42.0,0.0,130.390549,130.390549,0.0,0,0,0,0.0,,,0.388067,0.388067,0.0,REQ,,,,,0.0,0.0,0.0,0
475356,2.576868,2.576868,2.576868,2.576868,2.576868,2.576868,udp,0.0,,cs0,,63.0,,1.0,,Status,2,2,0,84,84,0,42.0,0.0,130.390839,130.390839,0.0,0,0,0,0.0,,,0.388068,0.388068,0.0,REQ,,,,,0.0,0.0,0.0,0
475360,2.575454,2.575454,2.575454,2.575454,2.575454,2.575454,udp,0.0,,cs0,,63.0,,1.0,,Status,2,2,0,84,84,0,42.0,0.0,130.462433,130.462433,0.0,0,0,0,0.0,,,0.388281,0.388281,0.0,REQ,,,,,0.0,0.0,0.0,0
475371,2.571448,2.571448,2.571448,2.571448,2.571448,2.571448,udp,0.0,,cs0,,63.0,,1.0,,Status,2,2,0,84,84,0,42.0,0.0,130.66568,130.66568,0.0,0,0,0,0.0,,,0.388886,0.388886,0.0,REQ,,,,,0.0,0.0,0.0,0
475412,2.577354,2.577354,2.577354,2.577354,2.577354,2.577354,udp,0.0,,cs0,,63.0,,1.0,,Status,2,2,0,84,84,0,42.0,0.0,130.366257,130.366257,0.0,0,0,0,0.0,,,0.387995,0.387995,0.0,REQ,,,,,0.0,0.0,0.0,0
475440,2.573852,2.573852,2.573852,2.573852,2.573852,2.573852,udp,0.0,,cs0,,63.0,,1.0,,Status,2,2,0,84,84,0,42.0,0.0,130.54364,130.54364,0.0,0,0,0,0.0,,,0.388523,0.388523,0.0,REQ,,,,,0.0,0.0,0.0,0
475469,0.0,0.0,0.0,0.0,0.0,0.0,udp,0.0,,cs0,,63.0,,1.0,,Status,1,1,0,42,42,0,42.0,0.0,0.0,0.0,0.0,0,0,0,0.0,,,0.0,0.0,0.0,REQ,,,,,0.0,0.0,0.0,0
475515,0.0,0.0,0.0,0.0,0.0,0.0,udp,0.0,,cs0,,63.0,,1.0,,Status,1,1,0,42,42,0,42.0,0.0,0.0,0.0,0.0,0,0,0,0.0,,,0.0,0.0,0.0,REQ,,,,,0.0,0.0,0.0,0
475561,2.571623,2.571623,2.571623,2.571623,2.571623,2.571623,udp,0.0,,cs0,,63.0,,1.0,,Status,2,2,0,84,84,0,42.0,0.0,130.656784,130.656784,0.0,0,0,0,0.0,,,0.388859,0.388859,0.0,REQ,,,,,0.0,0.0,0.0,0
475589,2.578774,2.578774,2.578774,2.578774,2.578774,2.578774,udp,0.0,,cs0,,63.0,,1.0,,Status,2,2,0,84,84,0,42.0,0.0,130.294479,130.294479,0.0,0,0,0,0.0,,,0.387781,0.387781,0.0,REQ,,,,,0.0,0.0,0.0,0
475597,2.57879,2.57879,2.57879,2.57879,2.57879,2.57879,udp,0.0,,cs0,,63.0,,1.0,,Status,2,2,0,84,84,0,42.0,0.0,130.293671,130.293671,0.0,0,0,0,0.0,,,0.387779,0.387779,0.0,REQ,,,,,0.0,0.0,0.0,0
475617,2.575333,2.575333,2.575333,2.575333,2.575333,2.575333,udp,0.0,,cs0,,63.0,,1.0,,Status,2,2,0,84,84,0,42.0,0.0,130.468552,130.468552,0.0,0,0,0,0.0,,,0.388299,0.388299,0.0,REQ,,,,,0.0,0.0,0.0,0
475677,0.0,0.0,0.0,0.0,0.0,0.0,udp,0.0,,cs0,,63.0,,1.0,,Status,1,1,0,42,42,0,42.0,0.0,0.0,0.0,0.0,0,0,0,0.0,,,0.0,0.0,0.0,REQ,,,,,0.0,0.0,0.0,0
475697,0.0,0.0,0.0,0.0,0.0,0.0,udp,0.0,,cs0,,63.0,,1.0,,Status,1,1,0,42,42,0,42.0,0.0,0.0,0.0,0.0,0,0,0,0.0,,,0.0,0.0,0.0,REQ,,,,,0.0,0.0,0.0,0
475749,2.577116,2.577116,2.577116,2.577116,2.577116,2.577116,udp,0.0,,cs0,,63.0,,1.0,,Status,2,2,0,84,84,0,42.0,0.0,130.378296,130.378296,0.0,0,0,0,0.0,,,0.388031,0.388031,0.0,REQ,,,,,0.0,0.0,0.0,0
475754,2.577135,2.577135,2.577135,2.577135,2.577135,2.577135,udp,0.0,,cs0,,63.0,,1.0,,Status,2,2,0,84,84,0,42.0,0.0,130.377335,130.377335,0.0,0,0,0,0.0,,,0.388028,0.388028,0.0,REQ,,,,,0.0,0.0,0.0,0
475813,0.0,0.0,0.0,0.0,0.0,0.0,udp,0.0,,cs0,,63.0,,1.0,,Status,1,1,0,42,42,0,42.0,0.0,0.0,0.0,0.0,0,0,0,0.0,,,0.0,0.0,0.0,REQ,,,,,0.0,0.0,0.0,0
475828,0.0,0.0,0.0,0.0,0.0,0.0,udp,0.0,,cs0,,63.0,,1.0,,Status,1,1,0,42,42,0,42.0,0.0,0.0,0.0,0.0,0,0,0,0.0,,,0.0,0.0,0.0,REQ,,,,,0.0,0.0,0.0,0
475865,2.576902,2.576902,2.576902,2.576902,2.576902,2.576902,udp,0.0,,cs0,,63.0,,1.0,,Status,2,2,0,84,84,0,42.0,0.0,130.38913,130.38913,0.0,0,0,0,0.0,,,0.388063,0.388063,0.0,REQ,,,,,0.0,0.0,0.0,0
475871,0.0,0.0,0.0,0.0,0.0,0.0,udp,0.0,,cs0,,63.0,,1.0,,Status,1,1,0,42,42,0,42.0,0.0,0.0,0.0,0.0,0,0,0,0.0,,,0.0,0.0,0.0,REQ,,,,,0.0,0.0,0.0,0
475954,2.574039,2.574039,2.574039,2.574039,2.574039,2.574039,udp,0.0,,cs0,,63.0,,1.0,,Status,2,2,0,84,84,0,42.0,0.0,130.534149,130.534149,0.0,0,0,0,0.0,,,0.388494,0.388494,0.0,REQ,,,,,0.0,0.0,0.0,0
476063,2.578645,2.578645,2.578645,2.578645,2.578645,2.578645,udp,0.0,,cs0,,63.0,,1.0,,Status,2,2,0,84,84,0,42.0,0.0,130.300995,130.300995,0.0,0,0,0,0.0,,,0.387801,0.387801,0.0,REQ,,,,,0.0,0.0,0.0,0
476126,2.574702,2.574702,2.574702,2.574702,2.574702,2.574702,udp,0.0,,cs0,,63.0,,1.0,,Status,2,2,0,84,84,0,42.0,0.0,130.500534,130.500534,0.0,0,0,0,0.0,,,0.388394,0.388394,0.0,REQ,,,,,0.0,0.0,0.0,0
476177,2.575485,2.575485,2.575485,2.575485,2.575485,2.575485,udp,0.0,,cs0,,63.0,,1.0,,Status,2,2,0,84,84,0,42.0,0.0,130.460861,130.460861,0.0,0,0,0,0.0,,,0.388276,0.388276,0.0,REQ,,,,,0.0,0.0,0.0,0
476195,0.0,0.0,0.0,0.0,0.0,0.0,udp,0.0,,cs0,,63.0,,1.0,,Status,1,1,0,42,42,0,42.0,0.0,0.0,0.0,0.0,0,0,0,0.0,,,0.0,0.0,0.0,REQ,,,,,0.0,0.0,0.0,0
476217,2.580154,2.580154,2.580154,2.580154,2.580154,2.580154,udp,0.0,,cs0,,63.0,,1.0,,Status,2,2,0,84,84,0,42.0,0.0,130.224792,130.224792,0.0,0,0,0,0.0,,,0.387574,0.387574,0.0,REQ,,,,,0.0,0.0,0.0,0
476218,2.579175,2.579175,2.579175,2.579175,2.579175,2.579175,udp,0.0,,cs0,,63.0,,1.0,,Status,2,2,0,84,84,0,42.0,0.0,130.274216,130.274216,0.0,0,0,0,0.0,,,0.387721,0.387721,0.0,REQ,,,,,0.0,0.0,0.0,0
476233,2.574942,2.574942,2.574942,2.574942,2.574942,2.574942,udp,0.0,,cs0,,63.0,,1.0,,Status,2,2,0,84,84,0,42.0,0.0,130.488373,130.488373,0.0,0,0,0,0.0,,,0.388358,0.388358,0.0,REQ,,,,,0.0,0.0,0.0,0
476269,2.57507,2.57507,2.57507,2.57507,2.57507,2.57507,udp,0.0,,cs0,,63.0,,1.0,,Status,2,2,0,84,84,0,42.0,0.0,130.481888,130.481888,0.0,0,0,0,0.0,,,0.388339,0.388339,0.0,REQ,,,,,0.0,0.0,0.0,0
476312,0.0,0.0,0.0,0.0,0.0,0.0,udp,0.0,,cs0,,63.0,,1.0,,Status,1,1,0,42,42,0,42.0,0.0,0.0,0.0,0.0,0,0,0,0.0,,,0.0,0.0,0.0,REQ,,,,,0.0,0.0,0.0,0
476327,0.0,0.0,0.0,0.0,0.0,0.0,udp,0.0,,cs0,,63.0,,1.0,,Status,1,1,0,42,42,0,42.0,0.0,0.0,0.0,0.0,0,0,0,0.0,,,0.0,0.0,0.0,REQ,,,,,0.0,0.0,0.0,0
476329,0.0,0.0,0.0,0.0,0.0,0.0,udp,0.0,,cs0,,63.0,,1.0,,Status,1,1,0,42,42,0,42.0,0.0,0.0,0.0,0.0,0,0,0,0.0,,,0.0,0.0,0.0,REQ,,,,,0.0,0.0,0.0,0
476440,0.0,0.0,0.0,0.0,0.0,0.0,udp,0.0,,cs0,,63.0,,1.0,,Status,1,1,0,42,42,0,42.0,0.0,0.0,0.0,0.0,0,0,0,0.0,,,0.0,0.0,0.0,REQ,,,,,0.0,0.0,0.0,0
476482,0.0,0.0,0.0,0.0,0.0,0.0,udp,0.0,,cs0,,63.0,,1.0,,Status,1,1,0,42,42,0,42.0,0.0,0.0,0.0,0.0,0,0,0,0.0,,,0.0,0.0,0.0,REQ,,,,,0.0,0.0,0.0,0
476483,2.577103,2.577103,2.577103,2.577103,2.577103,2.577103,udp,0.0,,cs0,,63.0,,1.0,,Status,2,2,0,84,84,0,42.0,0.0,130.378967,130.378967,0.0,0,0,0,0.0,,,0.388033,0.388033,0.0,REQ,,,,,0.0,0.0,0.0,0
476490,2.578466,2.578466,2.578466,2.578466,2.578466,2.578466,udp,0.0,,cs0,,63.0,,1.0,,Status,2,2,0,84,84,0,42.0,0.0,130.310043,130.310043,0.0,0,0,0,0.0,,,0.387827,0.387827,0.0,REQ,,,,,0.0,0.0,0.0,0
476502,0.0,0.0,0.0,0.0,0.0,0.0,udp,0.0,,cs0,,63.0,,1.0,,Status,1,1,0,42,42,0,42.0,0.0,0.0,0.0,0.0,0,0,0,0.0,,,0.0,0.0,0.0,REQ,,,,,0.0,0.0,0.0,0
476506,0.0,0.0,0.0,0.0,0.0,0.0,udp,0.0,,cs0,,63.0,,1.0,,Status,1,1,0,42,42,0,42.0,0.0,0.0,0.0,0.0,0,0,0,0.0,,,0.0,0.0,0.0,REQ,,,,,0.0,0.0,0.0,0
476507,0.0,0.0,0.0,0.0,0.0,0.0,udp,0.0,,cs0,,63.0,,1.0,,Status,1,1,0,42,42,0,42.0,0.0,0.0,0.0,0.0,0,0,0,0.0,,,0.0,0.0,0.0,REQ,,,,,0.0,0.0,0.0,0
476551,0.0,0.0,0.0,0.0,0.0,0.0,udp,0.0,,cs0,,63.0,,1.0,,Status,1,1,0,42,42,0,42.0,0.0,0.0,0.0,0.0,0,0,0,0.0,,,0.0,0.0,0.0,REQ,,,,,0.0,0.0,0.0,0
476554,0.0,0.0,0.0,0.0,0.0,0.0,udp,0.0,,cs0,,63.0,,1.0,,Status,1,1,0,42,42,0,42.0,0.0,0.0,0.0,0.0,0,0,0,0.0,,,0.0,0.0,0.0,REQ,,,,,0.0,0.0,0.0,0
476602,0.0,0.0,0.0,0.0,0.0,0.0,udp,0.0,,cs0,,63.0,,1.0,,Status,1,1,0,42,42,0,42.0,0.0,0.0,0.0,0.0,0,0,0,0.0,,,0.0,0.0,0.0,REQ,,,,,0.0,0.0,0.0,0
476680,2.579079,2.579079,2.579079,2.579079,2.579079,2.579079,udp,0.0,,cs0,,63.0,,1.0,,Status,2,2,0,84,84,0,42.0,0.0,130.279068,130.279068,0.0,0,0,0,0.0,,,0.387735,0.387735,0.0,REQ,,,,,0.0,0.0,0.0,0
476719,0.0,0.0,0.0,0.0,0.0,0.0,udp,0.0,,cs0,,63.0,,1.0,,Status,1,1,0,42,42,0,42.0,0.0,0.0,0.0,0.0,0,0,0,0.0,,,0.0,0.0,0.0,REQ,,,,,0.0,0.0,0.0,0
476814,2.57686,2.57686,2.57686,2.57686,2.57686,2.57686,udp,0.0,,cs0,,63.0,,1.0,,Status,2,2,0,84,84,0,42.0,0.0,130.391251,130.391251,0.0,0,0,0,0.0,,,0.388069,0.388069,0.0,REQ,,,,,0.0,0.0,0.0,0
476822,2.576903,2.576903,2.576903,2.576903,2.576903,2.576903,udp,0.0,,cs0,,63.0,,1.0,,Status,2,2,0,84,84,0,42.0,0.0,130.389069,130.389069,0.0,0,0,0,0.0,,,0.388063,0.388063,0.0,REQ,,,,,0.0,0.0,0.0,0
476844,2.583994,2.583994,2.583994,2.583994,2.583994,2.583994,udp,0.0,,cs0,,63.0,,1.0,,Status,2,2,0,84,84,0,42.0,0.0,130.031265,130.031265,0.0,0,0,0,0.0,,,0.386998,0.386998,0.0,REQ,,,,,0.0,0.0,0.0,0
476882,0.0,0.0,0.0,0.0,0.0,0.0,udp,0.0,,cs0,,63.0,,1.0,,Status,1,1,0,42,42,0,42.0,0.0,0.0,0.0,0.0,0,0,0,0.0,,,0.0,0.0,0.0,REQ,,,,,0.0,0.0,0.0,0
476914,2.579038,2.579038,2.579038,2.579038,2.579038,2.579038,udp,0.0,,cs0,,63.0,,1.0,,Status,2,2,0,84,84,0,42.0,0.0,130.281143,130.281143,0.0,0,0,0,0.0,,,0.387741,0.387741,0.0,REQ,,,,,0.0,0.0,0.0,0
476917,2.579049,2.579049,2.579049,2.579049,2.579049,2.579049,udp,0.0,,cs0,,63.0,,1.0,,Status,2,2,0,84,84,0,42.0,0.0,130.280579,130.280579,0.0,0,0,0,0.0,,,0.38774,0.38774,0.0,REQ,,,,,0.0,0.0,0.0,0
476936,2.57304,2.57304,2.57304,2.57304,2.57304,2.57304,udp,0.0,,cs0,,63.0,,1.0,,Status,2,2,0,84,84,0,42.0,0.0,130.584839,130.584839,0.0,0,0,0,0.0,,,0.388645,0.388645,0.0,REQ,,,,,0.0,0.0,0.0,0
476961,0.0,0.0,0.0,0.0,0.0,0.0,udp,0.0,,cs0,,63.0,,1.0,,Status,1,1,0,42,42,0,42.0,0.0,0.0,0.0,0.0,0,0,0,0.0,,,0.0,0.0,0.0,REQ,,,,,0.0,0.0,0.0,0
476969,0.0,0.0,0.0,0.0,0.0,0.0,udp,0.0,,cs0,,63.0,,1.0,,Status,1,1,0,42,42,0,42.0,0.0,0.0,0.0,0.0,0,0,0,0.0,,,0.0,0.0,0.0,REQ,,,,,0.0,0.0,0.0,0
477091,2.57181,2.57181,2.57181,2.57181,2.57181,2.57181,udp,0.0,,cs0,,63.0,,1.0,,Status,2,2,0,84,84,0,42.0,0.0,130.647293,130.647293,0.0,0,0,0,0.0,,,0.388831,0.388831,0.0,REQ,,,,,0.0,0.0,0.0,0
477148,0.0,0.0,0.0,0.0,0.0,0.0,udp,0.0,,cs0,,63.0,,1.0,,Status,1,1,0,42,42,0,42.0,0.0,0.0,0.0,0.0,0,0,0,0.0,,,0.0,0.0,0.0,REQ,,,,,0.0,0.0,0.0,0
477179,2.578853,2.578853,2.578853,2.578853,2.578853,2.578853,udp,0.0,,cs0,,63.0,,1.0,,Status,2,2,0,84,84,0,42.0,0.0,130.290482,130.290482,0.0,0,0,0,0.0,,,0.387769,0.387769,0.0,REQ,,,,,0.0,0.0,0.0,0
477284,2.577005,2.577005,2.577005,2.577005,2.577005,2.577005,udp,0.0,,cs0,,63.0,,1.0,,Status,2,2,0,84,84,0,42.0,0.0,130.383926,130.383926,0.0,0,0,0,0.0,,,0.388047,0.388047,0.0,REQ,,,,,0.0,0.0,0.0,0
477322,2.584784,2.584784,2.584784,2.584784,2.584784,2.584784,udp,0.0,,cs0,,63.0,,1.0,,Status,2,2,0,84,84,0,42.0,0.0,129.991516,129.991516,0.0,0,0,0,0.0,,,0.38688,0.38688,0.0,REQ,,,,,0.0,0.0,0.0,0
477345,0.0,0.0,0.0,0.0,0.0,0.0,udp,0.0,,cs0,,63.0,,1.0,,Status,1,1,0,42,42,0,42.0,0.0,0.0,0.0,0.0,0,0,0,0.0,,,0.0,0.0,0.0,REQ,,,,,0.0,0.0,0.0,0
477364,0.0,0.0,0.0,0.0,0.0,0.0,udp,0.0,,cs0,,63.0,,1.0,,Status,1,1,0,42,42,0,42.0,0.0,0.0,0.0,0.0,0,0,0,0.0,,,0.0,0.0,0.0,REQ,,,,,0.0,0.0,0.0,0
477435,0.0,0.0,0.0,0.0,0.0,0.0,udp,0.0,,cs0,,63.0,,1.0,,Status,1,1,0,42,42,0,42.0,0.0,0.0,0.0,0.0,0,0,0,0.0,,,0.0,0.0,0.0,REQ,,,,,0.0,0.0,0.0,0
477437,0.0,0.0,0.0,0.0,0.0,0.0,udp,0.0,,cs0,,63.0,,1.0,,Status,1,1,0,42,42,0,42.0,0.0,0.0,0.0,0.0,0,0,0,0.0,,,0.0,0.0,0.0,REQ,,,,,0.0,0.0,0.0,0
477489,2.575103,2.575103,2.575103,2.575103,2.575103,2.575103,udp,0.0,,cs0,,63.0,,1.0,,Status,2,2,0,84,84,0,42.0,0.0,130.480209,130.480209,0.0,0,0,0,0.0,,,0.388334,0.388334,0.0,REQ,,,,,0.0,0.0,0.0,0
477503,0.0,0.0,0.0,0.0,0.0,0.0,udp,0.0,,cs0,,63.0,,1.0,,Status,1,1,0,42,42,0,42.0,0.0,0.0,0.0,0.0,0,0,0,0.0,,,0.0,0.0,0.0,REQ,,,,,0.0,0.0,0.0,0
477527,2.578621,2.578621,2.578621,2.578621,2.578621,2.578621,udp,0.0,,cs0,,63.0,,1.0,,Status,2,2,0,84,84,0,42.0,0.0,130.302216,130.302216,0.0,0,0,0,0.0,,,0.387804,0.387804,0.0,REQ,,,,,0.0,0.0,0.0,0
477533,0.0,0.0,0.0,0.0,0.0,0.0,udp,0.0,,cs0,,63.0,,1.0,,Status,1,1,0,42,42,0,42.0,0.0,0.0,0.0,0.0,0,0,0,0.0,,,0.0,0.0,0.0,REQ,,,,,0.0,0.0,0.0,0
477549,2.576091,2.576091,2.576091,2.576091,2.576091,2.576091,udp,0.0,,cs0,,63.0,,1.0,,Status,2,2,0,84,84,0,42.0,0.0,130.430176,130.430176,0.0,0,0,0,0.0,,,0.388185,0.388185,0.0,REQ,,,,,0.0,0.0,0.0,0
477621,2.576726,2.576726,2.576726,2.576726,2.576726,2.576726,udp,0.0,,cs0,,63.0,,1.0,,Status,2,2,0,84,84,0,42.0,0.0,130.398041,130.398041,0.0,0,0,0,0.0,,,0.388089,0.388089,0.0,REQ,,,,,0.0,0.0,0.0,0
477656,0.0,0.0,0.0,0.0,0.0,0.0,udp,0.0,,cs0,,63.0,,1.0,,Status,1,1,0,42,42,0,42.0,0.0,0.0,0.0,0.0,0,0,0,0.0,,,0.0,0.0,0.0,REQ,,,,,0.0,0.0,0.0,0
477721,2.576678,2.576678,2.576678,2.576678,2.576678,2.576678,udp,0.0,,cs0,,63.0,,1.0,,Status,2,2,0,84,84,0,42.0,0.0,130.400467,130.400467,0.0,0,0,0,0.0,,,0.388097,0.388097,0.0,REQ,,,,,0.0,0.0,0.0,0
477725,2.576678,2.576678,2.576678,2.576678,2.576678,2.576678,udp,0.0,,cs0,,63.0,,1.0,,Status,2,2,0,84,84,0,42.0,0.0,130.400467,130.400467,0.0,0,0,0,0.0,,,0.388097,0.388097,0.0,REQ,,,,,0.0,0.0,0.0,0
477743,2.579625,2.579625,2.579625,2.579625,2.579625,2.579625,udp,0.0,,cs0,,63.0,,1.0,,Status,2,2,0,84,84,0,42.0,0.0,130.251495,130.251495,0.0,0,0,0,0.0,,,0.387653,0.387653,0.0,REQ,,,,,0.0,0.0,0.0,0
477753,2.579624,2.579624,2.579624,2.579624,2.579624,2.579624,udp,0.0,,cs0,,63.0,,1.0,,Status,2,2,0,84,84,0,42.0,0.0,130.251541,130.251541,0.0,0,0,0,0.0,,,0.387653,0.387653,0.0,REQ,,,,,0.0,0.0,0.0,0
477791,2.578384,2.578384,2.578384,2.578384,2.578384,2.578384,udp,0.0,,cs0,,63.0,,1.0,,Status,2,2,0,84,84,0,42.0,0.0,130.314178,130.314178,0.0,0,0,0,0.0,,,0.38784,0.38784,0.0,REQ,,,,,0.0,0.0,0.0,0
477810,2.573426,2.573426,2.573426,2.573426,2.573426,2.573426,udp,0.0,,cs0,,63.0,,1.0,,Status,2,2,0,84,84,0,42.0,0.0,130.565247,130.565247,0.0,0,0,0,0.0,,,0.388587,0.388587,0.0,REQ,,,,,0.0,0.0,0.0,0
477824,2.573952,2.573952,2.573952,2.573952,2.573952,2.573952,udp,0.0,,cs0,,63.0,,1.0,,Status,2,2,0,84,84,0,42.0,0.0,130.538574,130.538574,0.0,0,0,0,0.0,,,0.388508,0.388508,0.0,REQ,,,,,0.0,0.0,0.0,0
477861,2.577642,2.577642,2.577642,2.577642,2.577642,2.577642,udp,0.0,,cs0,,63.0,,1.0,,Status,2,2,0,84,84,0,42.0,0.0,130.3517,130.3517,0.0,0,0,0,0.0,,,0.387951,0.387951,0.0,REQ,,,,,0.0,0.0,0.0,0
477919,0.0,0.0,0.0,0.0,0.0,0.0,udp,0.0,,cs0,,63.0,,1.0,,Status,1,1,0,42,42,0,42.0,0.0,0.0,0.0,0.0,0,0,0,0.0,,,0.0,0.0,0.0,REQ,,,,,0.0,0.0,0.0,0
477953,0.0,0.0,0.0,0.0,0.0,0.0,udp,0.0,,cs0,,63.0,,1.0,,Status,1,1,0,42,42,0,42.0,0.0,0.0,0.0,0.0,0,0,0,0.0,,,0.0,0.0,0.0,REQ,,,,,0.0,0.0,0.0,0
477974,0.0,0.0,0.0,0.0,0.0,0.0,udp,0.0,,cs0,,63.0,,1.0,,Status,1,1,0,42,42,0,42.0,0.0,0.0,0.0,0.0,0,0,0,0.0,,,0.0,0.0,0.0,REQ,,,,,0.0,0.0,0.0,0
478037,2.574332,2.574332,2.574332,2.574332,2.574332,2.574332,udp,0.0,,cs0,,63.0,,1.0,,Status,2,2,0,84,84,0,42.0,0.0,130.519302,130.519302,0.0,0,0,0,0.0,,,0.38845,0.38845,0.0,REQ,,,,,0.0,0.0,0.0,0
478213,2.577914,2.577914,2.577914,2.577914,2.577914,2.577914,udp,0.0,,cs0,,63.0,,1.0,,Status,2,2,0,84,84,0,42.0,0.0,130.337936,130.337936,0.0,0,0,0,0.0,,,0.387911,0.387911,0.0,REQ,,,,,0.0,0.0,0.0,0
478238,0.0,0.0,0.0,0.0,0.0,0.0,udp,0.0,,cs0,,63.0,,1.0,,Status,1,1,0,42,42,0,42.0,0.0,0.0,0.0,0.0,0,0,0,0.0,,,0.0,0.0,0.0,REQ,,,,,0.0,0.0,0.0,0
478275,0.0,0.0,0.0,0.0,0.0,0.0,udp,0.0,,cs0,,63.0,,1.0,,Status,1,1,0,42,42,0,42.0,0.0,0.0,0.0,0.0,0,0,0,0.0,,,0.0,0.0,0.0,REQ,,,,,0.0,0.0,0.0,0
478307,2.574582,2.574582,2.574582,2.574582,2.574582,2.574582,udp,0.0,,cs0,,63.0,,1.0,,Status,2,2,0,84,84,0,42.0,0.0,130.506622,130.506622,0.0,0,0,0,0.0,,,0.388413,0.388413,0.0,REQ,,,,,0.0,0.0,0.0,0
478323,2.580388,2.580388,2.580388,2.580388,2.580388,2.580388,udp,0.0,,cs0,,63.0,,1.0,,Status,2,2,0,84,84,0,42.0,0.0,130.212967,130.212967,0.0,0,0,0,0.0,,,0.387539,0.387539,0.0,REQ,,,,,0.0,0.0,0.0,0
478334,0.0,0.0,0.0,0.0,0.0,0.0,udp,0.0,,cs0,,63.0,,1.0,,Status,1,1,0,42,42,0,42.0,0.0,0.0,0.0,0.0,0,0,0,0.0,,,0.0,0.0,0.0,REQ,,,,,0.0,0.0,0.0,0
478367,0.0,0.0,0.0,0.0,0.0,0.0,udp,0.0,,cs0,,63.0,,1.0,,Status,1,1,0,42,42,0,42.0,0.0,0.0,0.0,0.0,0,0,0,0.0,,,0.0,0.0,0.0,REQ,,,,,0.0,0.0,0.0,0
478399,0.0,0.0,0.0,0.0,0.0,0.0,udp,0.0,,cs0,,63.0,,1.0,,Status,1,1,0,42,42,0,42.0,0.0,0.0,0.0,0.0,0,0,0,0.0,,,0.0,0.0,0.0,REQ,,,,,0.0,0.0,0.0,0
478496,0.0,0.0,0.0,0.0,0.0,0.0,udp,0.0,,cs0,,63.0,,1.0,,Status,1,1,0,42,42,0,42.0,0.0,0.0,0.0,0.0,0,0,0,0.0,,,0.0,0.0,0.0,REQ,,,,,0.0,0.0,0.0,0
478558,2.574112,2.574112,2.574112,2.574112,2.574112,2.574112,udp,0.0,,cs0,,63.0,,1.0,,Status,2,2,0,84,84,0,42.0,0.0,130.530457,130.530457,0.0,0,0,0,0.0,,,0.388483,0.388483,0.0,REQ,,,,,0.0,0.0,0.0,0
478581,0.0,0.0,0.0,0.0,0.0,0.0,udp,0.0,,cs0,,63.0,,1.0,,Status,1,1,0,42,42,0,42.0,0.0,0.0,0.0,0.0,0,0,0,0.0,,,0.0,0.0,0.0,REQ,,,,,0.0,0.0,0.0,0
478669,0.0,0.0,0.0,0.0,0.0,0.0,udp,0.0,,cs0,,63.0,,1.0,,Status,1,1,0,42,42,0,42.0,0.0,0.0,0.0,0.0,0,0,0,0.0,,,0.0,0.0,0.0,REQ,,,,,0.0,0.0,0.0,0
478683,2.572441,2.572441,2.572441,2.572441,2.572441,2.572441,udp,0.0,,cs0,,63.0,,1.0,,Status,2,2,0,84,84,0,42.0,0.0,130.615234,130.615234,0.0,0,0,0,0.0,,,0.388736,0.388736,0.0,REQ,,,,,0.0,0.0,0.0,0
478714,0.0,0.0,0.0,0.0,0.0,0.0,udp,0.0,,cs0,,63.0,,1.0,,Status,1,1,0,42,42,0,42.0,0.0,0.0,0.0,0.0,0,0,0,0.0,,,0.0,0.0,0.0,REQ,,,,,0.0,0.0,0.0,0
478758,2.577959,2.577959,2.577959,2.577959,2.577959,2.577959,udp,0.0,,cs0,,63.0,,1.0,,Status,2,2,0,84,84,0,42.0,0.0,130.335663,130.335663,0.0,0,0,0,0.0,,,0.387904,0.387904,0.0,REQ,,,,,0.0,0.0,0.0,0
478759,2.577949,2.577949,2.577949,2.577949,2.577949,2.577949,udp,0.0,,cs0,,63.0,,1.0,,Status,2,2,0,84,84,0,42.0,0.0,130.336166,130.336166,0.0,0,0,0,0.0,,,0.387905,0.387905,0.0,REQ,,,,,0.0,0.0,0.0,0
478815,0.0,0.0,0.0,0.0,0.0,0.0,udp,0.0,,cs0,,63.0,,1.0,,Status,1,1,0,42,42,0,42.0,0.0,0.0,0.0,0.0,0,0,0,0.0,,,0.0,0.0,0.0,REQ,,,,,0.0,0.0,0.0,0
478816,0.0,0.0,0.0,0.0,0.0,0.0,udp,0.0,,cs0,,63.0,,1.0,,Status,1,1,0,42,42,0,42.0,0.0,0.0,0.0,0.0,0,0,0,0.0,,,0.0,0.0,0.0,REQ,,,,,0.0,0.0,0.0,0
478823,2.580012,2.580012,2.580012,2.580012,2.580012,2.580012,udp,0.0,,cs0,,63.0,,1.0,,Status,2,2,0,84,84,0,42.0,0.0,130.231949,130.231949,0.0,0,0,0,0.0,,,0.387595,0.387595,0.0,REQ,,,,,0.0,0.0,0.0,0
478825,2.580011,2.580011,2.580011,2.580011,2.580011,2.580011,udp,0.0,,cs0,,63.0,,1.0,,Status,2,2,0,84,84,0,42.0,0.0,130.23201,130.23201,0.0,0,0,0,0.0,,,0.387595,0.387595,0.0,REQ,,,,,0.0,0.0,0.0,0
478826,2.580011,2.580011,2.580011,2.580011,2.580011,2.580011,udp,0.0,,cs0,,63.0,,1.0,,Status,2,2,0,84,84,0,42.0,0.0,130.23201,130.23201,0.0,0,0,0,0.0,,,0.387595,0.387595,0.0,REQ,,,,,0.0,0.0,0.0,0
478848,2.575671,2.575671,2.575671,2.575671,2.575671,2.575671,udp,0.0,,cs0,,63.0,,1.0,,Status,2,2,0,84,84,0,42.0,0.0,130.451447,130.451447,0.0,0,0,0,0.0,,,0.388248,0.388248,0.0,REQ,,,,,0.0,0.0,0.0,0
478915,2.577036,2.577036,2.577036,2.577036,2.577036,2.577036,udp,0.0,,cs0,,63.0,,1.0,,Status,2,2,0,84,84,0,42.0,0.0,130.382355,130.382355,0.0,0,0,0,0.0,,,0.388043,0.388043,0.0,REQ,,,,,0.0,0.0,0.0,0
478943,2.573046,2.573046,2.573046,2.573046,2.573046,2.573046,udp,0.0,,cs0,,63.0,,1.0,,Status,2,2,0,84,84,0,42.0,0.0,130.584534,130.584534,0.0,0,0,0,0.0,,,0.388644,0.388644,0.0,REQ,,,,,0.0,0.0,0.0,0
479004,2.574016,2.574016,2.574016,2.574016,2.574016,2.574016,udp,0.0,,cs0,,63.0,,1.0,,Status,2,2,0,84,84,0,42.0,0.0,130.535309,130.535309,0.0,0,0,0,0.0,,,0.388498,0.388498,0.0,REQ,,,,,0.0,0.0,0.0,0
479054,0.0,0.0,0.0,0.0,0.0,0.0,udp,0.0,,cs0,,63.0,,1.0,,Status,1,1,0,42,42,0,42.0,0.0,0.0,0.0,0.0,0,0,0,0.0,,,0.0,0.0,0.0,REQ,,,,,0.0,0.0,0.0,0
479071,2.579879,2.579879,2.579879,2.579879,2.579879,2.579879,udp,0.0,,cs0,,63.0,,1.0,,Status,2,2,0,84,84,0,42.0,0.0,130.238663,130.238663,0.0,0,0,0,0.0,,,0.387615,0.387615,0.0,REQ,,,,,0.0,0.0,0.0,0
479094,2.5773,2.5773,2.5773,2.5773,2.5773,2.5773,udp,0.0,,cs0,,63.0,,1.0,,Status,2,2,0,84,84,0,42.0,0.0,130.368988,130.368988,0.0,0,0,0,0.0,,,0.388003,0.388003,0.0,REQ,,,,,0.0,0.0,0.0,0
479150,2.577062,2.577062,2.577062,2.577062,2.577062,2.577062,udp,0.0,,cs0,,63.0,,1.0,,Status,2,2,0,84,84,0,42.0,0.0,130.381042,130.381042,0.0,0,0,0,0.0,,,0.388039,0.388039,0.0,REQ,,,,,0.0,0.0,0.0,0
479224,2.57609,2.57609,2.57609,2.57609,2.57609,2.57609,udp,0.0,,cs0,,63.0,,1.0,,Status,2,2,0,84,84,0,42.0,0.0,130.430222,130.430222,0.0,0,0,0,0.0,,,0.388185,0.388185,0.0,REQ,,,,,0.0,0.0,0.0,0
479275,2.575293,2.575293,2.575293,2.575293,2.575293,2.575293,udp,0.0,,cs0,,63.0,,1.0,,Status,2,2,0,84,84,0,42.0,0.0,130.470581,130.470581,0.0,0,0,0,0.0,,,0.388305,0.388305,0.0,REQ,,,,,0.0,0.0,0.0,0
479325,2.575055,2.575055,2.575055,2.575055,2.575055,2.575055,udp,0.0,,cs0,,63.0,,1.0,,Status,2,2,0,84,84,0,42.0,0.0,130.482651,130.482651,0.0,0,0,0,0.0,,,0.388341,0.388341,0.0,REQ,,,,,0.0,0.0,0.0,0
479327,2.575055,2.575055,2.575055,2.575055,2.575055,2.575055,udp,0.0,,cs0,,63.0,,1.0,,Status,2,2,0,84,84,0,42.0,0.0,130.482651,130.482651,0.0,0,0,0,0.0,,,0.388341,0.388341,0.0,REQ,,,,,0.0,0.0,0.0,0
479347,2.576216,2.576216,2.576216,2.576216,2.576216,2.576216,udp,0.0,,cs0,,63.0,,1.0,,Status,2,2,0,84,84,0,42.0,0.0,130.423843,130.423843,0.0,0,0,0,0.0,,,0.388166,0.388166,0.0,REQ,,,,,0.0,0.0,0.0,0
479367,0.0,0.0,0.0,0.0,0.0,0.0,udp,0.0,,cs0,,63.0,,1.0,,Status,1,1,0,42,42,0,42.0,0.0,0.0,0.0,0.0,0,0,0,0.0,,,0.0,0.0,0.0,REQ,,,,,0.0,0.0,0.0,0
479424,2.578126,2.578126,2.578126,2.578126,2.578126,2.578126,udp,0.0,,cs0,,63.0,,1.0,,Status,2,2,0,84,84,0,42.0,0.0,130.327225,130.327225,0.0,0,0,0,0.0,,,0.387879,0.387879,0.0,REQ,,,,,0.0,0.0,0.0,0
479444,2.572287,2.572287,2.572287,2.572287,2.572287,2.572287,udp,0.0,,cs0,,63.0,,1.0,,Status,2,2,0,84,84,0,42.0,0.0,130.623062,130.623062,0.0,0,0,0,0.0,,,0.388759,0.388759,0.0,REQ,,,,,0.0,0.0,0.0,0
479473,0.0,0.0,0.0,0.0,0.0,0.0,udp,0.0,,cs0,,63.0,,1.0,,Status,1,1,0,42,42,0,42.0,0.0,0.0,0.0,0.0,0,0,0,0.0,,,0.0,0.0,0.0,REQ,,,,,0.0,0.0,0.0,0
479556,0.0,0.0,0.0,0.0,0.0,0.0,udp,0.0,,cs0,,63.0,,1.0,,Status,1,1,0,42,42,0,42.0,0.0,0.0,0.0,0.0,0,0,0,0.0,,,0.0,0.0,0.0,REQ,,,,,0.0,0.0,0.0,0
479561,0.0,0.0,0.0,0.0,0.0,0.0,udp,0.0,,cs0,,63.0,,1.0,,Status,1,1,0,42,42,0,42.0,0.0,0.0,0.0,0.0,0,0,0,0.0,,,0.0,0.0,0.0,REQ,,,,,0.0,0.0,0.0,0
479588,2.573918,2.573918,2.573918,2.573918,2.573918,2.573918,udp,0.0,,cs0,,63.0,,1.0,,Status,2,2,0,84,84,0,42.0,0.0,130.540283,130.540283,0.0,0,0,0,0.0,,,0.388513,0.388513,0.0,REQ,,,,,0.0,0.0,0.0,0
479699,2.57994,2.57994,2.57994,2.57994,2.57994,2.57994,udp,0.0,,cs0,,63.0,,1.0,,Status,2,2,0,84,84,0,42.0,0.0,130.23558,130.23558,0.0,0,0,0,0.0,,,0.387606,0.387606,0.0,REQ,,,,,0.0,0.0,0.0,0
479850,0.0,0.0,0.0,0.0,0.0,0.0,udp,0.0,,cs0,,63.0,,1.0,,Status,1,1,0,42,42,0,42.0,0.0,0.0,0.0,0.0,0,0,0,0.0,,,0.0,0.0,0.0,REQ,,,,,0.0,0.0,0.0,0
479862,2.5742,2.5742,2.5742,2.5742,2.5742,2.5742,udp,0.0,,cs0,,63.0,,1.0,,Status,2,2,0,84,84,0,42.0,0.0,130.525986,130.525986,0.0,0,0,0,0.0,,,0.38847,0.38847,0.0,REQ,,,,,0.0,0.0,0.0,0
479897,2.585218,2.585218,2.585218,2.585218,2.585218,2.585218,udp,0.0,,cs0,,63.0,,1.0,,Status,2,2,0,84,84,0,42.0,0.0,129.969696,129.969696,0.0,0,0,0,0.0,,,0.386815,0.386815,0.0,REQ,,,,,0.0,0.0,0.0,0
479931,2.583235,2.583235,2.583235,2.583235,2.583235,2.583235,udp,0.0,,cs0,,63.0,,1.0,,Status,2,2,0,84,84,0,42.0,0.0,130.069473,130.069473,0.0,0,0,0,0.0,,,0.387112,0.387112,0.0,REQ,,,,,0.0,0.0,0.0,0
479973,2.574922,2.574922,2.574922,2.574922,2.574922,2.574922,udp,0.0,,cs0,,63.0,,1.0,,Status,2,2,0,84,84,0,42.0,0.0,130.48938,130.48938,0.0,0,0,0,0.0,,,0.388361,0.388361,0.0,REQ,,,,,0.0,0.0,0.0,0
479998,2.574124,2.574124,2.574124,2.574124,2.574124,2.574124,udp,0.0,,cs0,,63.0,,1.0,,Status,2,2,0,84,84,0,42.0,0.0,130.529831,130.529831,0.0,0,0,0,0.0,,,0.388482,0.388482,0.0,REQ,,,,,0.0,0.0,0.0,0
480003,2.574132,2.574132,2.574132,2.574132,2.574132,2.574132,udp,0.0,,cs0,,63.0,,1.0,,Status,2,2,0,84,84,0,42.0,0.0,130.529434,130.529434,0.0,0,0,0,0.0,,,0.38848,0.38848,0.0,REQ,,,,,0.0,0.0,0.0,0
480007,2.57412,2.57412,2.57412,2.57412,2.57412,2.57412,udp,0.0,,cs0,,63.0,,1.0,,Status,2,2,0,84,84,0,42.0,0.0,130.530045,130.530045,0.0,0,0,0,0.0,,,0.388482,0.388482,0.0,REQ,,,,,0.0,0.0,0.0,0
480015,2.574119,2.574119,2.574119,2.574119,2.574119,2.574119,udp,0.0,,cs0,,63.0,,1.0,,Status,2,2,0,84,84,0,42.0,0.0,130.53009,130.53009,0.0,0,0,0,0.0,,,0.388482,0.388482,0.0,REQ,,,,,0.0,0.0,0.0,0
480073,0.0,0.0,0.0,0.0,0.0,0.0,udp,0.0,,cs0,,63.0,,1.0,,Status,1,1,0,42,42,0,42.0,0.0,0.0,0.0,0.0,0,0,0,0.0,,,0.0,0.0,0.0,REQ,,,,,0.0,0.0,0.0,0
480096,0.0,0.0,0.0,0.0,0.0,0.0,udp,0.0,,cs0,,63.0,,1.0,,Status,1,1,0,42,42,0,42.0,0.0,0.0,0.0,0.0,0,0,0,0.0,,,0.0,0.0,0.0,REQ,,,,,0.0,0.0,0.0,0
480166,2.580116,2.580116,2.580116,2.580116,2.580116,2.580116,udp,0.0,,cs0,,63.0,,1.0,,Status,2,2,0,84,84,0,42.0,0.0,130.2267,130.2267,0.0,0,0,0,0.0,,,0.387579,0.387579,0.0,REQ,,,,,0.0,0.0,0.0,0
480334,0.0,0.0,0.0,0.0,0.0,0.0,udp,0.0,,cs0,,63.0,,1.0,,Status,1,1,0,42,42,0,42.0,0.0,0.0,0.0,0.0,0,0,0,0.0,,,0.0,0.0,0.0,REQ,,,,,0.0,0.0,0.0,0
480375,0.0,0.0,0.0,0.0,0.0,0.0,udp,0.0,,cs0,,63.0,,1.0,,Status,1,1,0,42,42,0,42.0,0.0,0.0,0.0,0.0,0,0,0,0.0,,,0.0,0.0,0.0,REQ,,,,,0.0,0.0,0.0,0
480389,2.570869,2.570869,2.570869,2.570869,2.570869,2.570869,udp,0.0,,cs0,,63.0,,1.0,,Status,2,2,0,84,84,0,42.0,0.0,130.695114,130.695114,0.0,0,0,0,0.0,,,0.388974,0.388974,0.0,REQ,,,,,0.0,0.0,0.0,0
480409,0.0,0.0,0.0,0.0,0.0,0.0,udp,0.0,,cs0,,63.0,,1.0,,Status,1,1,0,42,42,0,42.0,0.0,0.0,0.0,0.0,0,0,0,0.0,,,0.0,0.0,0.0,REQ,,,,,0.0,0.0,0.0,0
480487,0.0,0.0,0.0,0.0,0.0,0.0,udp,0.0,,cs0,,63.0,,1.0,,Status,1,1,0,42,42,0,42.0,0.0,0.0,0.0,0.0,0,0,0,0.0,,,0.0,0.0,0.0,REQ,,,,,0.0,0.0,0.0,0
480490,0.0,0.0,0.0,0.0,0.0,0.0,udp,0.0,,cs0,,63.0,,1.0,,Status,1,1,0,42,42,0,42.0,0.0,0.0,0.0,0.0,0,0,0,0.0,,,0.0,0.0,0.0,REQ,,,,,0.0,0.0,0.0,0
480527,0.0,0.0,0.0,0.0,0.0,0.0,udp,0.0,,cs0,,63.0,,1.0,,Status,1,1,0,42,42,0,42.0,0.0,0.0,0.0,0.0,0,0,0,0.0,,,0.0,0.0,0.0,REQ,,,,,0.0,0.0,0.0,0
480550,2.57183,2.57183,2.57183,2.57183,2.57183,2.57183,udp,0.0,,cs0,,63.0,,1.0,,Status,2,2,0,84,84,0,42.0,0.0,130.646271,130.646271,0.0,0,0,0,0.0,,,0.388828,0.388828,0.0,REQ,,,,,0.0,0.0,0.0,0
480639,2.576159,2.576159,2.576159,2.576159,2.576159,2.576159,udp,0.0,,cs0,,63.0,,1.0,,Status,2,2,0,84,84,0,42.0,0.0,130.426727,130.426727,0.0,0,0,0,0.0,,,0.388175,0.388175,0.0,REQ,,,,,0.0,0.0,0.0,0
480758,0.0,0.0,0.0,0.0,0.0,0.0,udp,0.0,,cs0,,63.0,,1.0,,Status,1,1,0,42,42,0,42.0,0.0,0.0,0.0,0.0,0,0,0,0.0,,,0.0,0.0,0.0,REQ,,,,,0.0,0.0,0.0,0
480771,0.0,0.0,0.0,0.0,0.0,0.0,udp,0.0,,cs0,,63.0,,1.0,,Status,1,1,0,42,42,0,42.0,0.0,0.0,0.0,0.0,0,0,0,0.0,,,0.0,0.0,0.0,REQ,,,,,0.0,0.0,0.0,0
480789,0.0,0.0,0.0,0.0,0.0,0.0,udp,0.0,,cs0,,63.0,,1.0,,Status,1,1,0,42,42,0,42.0,0.0,0.0,0.0,0.0,0,0,0,0.0,,,0.0,0.0,0.0,REQ,,,,,0.0,0.0,0.0,0
480790,0.0,0.0,0.0,0.0,0.0,0.0,udp,0.0,,cs0,,63.0,,1.0,,Status,1,1,0,42,42,0,42.0,0.0,0.0,0.0,0.0,0,0,0,0.0,,,0.0,0.0,0.0,REQ,,,,,0.0,0.0,0.0,0
480826,0.0,0.0,0.0,0.0,0.0,0.0,udp,0.0,,cs0,,63.0,,1.0,,Status,1,1,0,42,42,0,42.0,0.0,0.0,0.0,0.0,0,0,0,0.0,,,0.0,0.0,0.0,REQ,,,,,0.0,0.0,0.0,0
480847,0.0,0.0,0.0,0.0,0.0,0.0,udp,0.0,,cs0,,63.0,,1.0,,Status,1,1,0,42,42,0,42.0,0.0,0.0,0.0,0.0,0,0,0,0.0,,,0.0,0.0,0.0,REQ,,,,,0.0,0.0,0.0,0
480924,2.572113,2.572113,2.572113,2.572113,2.572113,2.572113,udp,0.0,,cs0,,63.0,,1.0,,Status,2,2,0,84,84,0,42.0,0.0,130.631897,130.631897,0.0,0,0,0,0.0,,,0.388785,0.388785,0.0,REQ,,,,,0.0,0.0,0.0,0
480957,0.0,0.0,0.0,0.0,0.0,0.0,udp,0.0,,cs0,,63.0,,1.0,,Status,1,1,0,42,42,0,42.0,0.0,0.0,0.0,0.0,0,0,0,0.0,,,0.0,0.0,0.0,REQ,,,,,0.0,0.0,0.0,0
481008,0.0,0.0,0.0,0.0,0.0,0.0,udp,0.0,,cs0,,63.0,,1.0,,Status,1,1,0,42,42,0,42.0,0.0,0.0,0.0,0.0,0,0,0,0.0,,,0.0,0.0,0.0,REQ,,,,,0.0,0.0,0.0,0
481021,0.0,0.0,0.0,0.0,0.0,0.0,udp,0.0,,cs0,,63.0,,1.0,,Status,1,1,0,42,42,0,42.0,0.0,0.0,0.0,0.0,0,0,0,0.0,,,0.0,0.0,0.0,REQ,,,,,0.0,0.0,0.0,0
481080,0.0,0.0,0.0,0.0,0.0,0.0,udp,0.0,,cs0,,63.0,,1.0,,Status,1,1,0,42,42,0,42.0,0.0,0.0,0.0,0.0,0,0,0,0.0,,,0.0,0.0,0.0,REQ,,,,,0.0,0.0,0.0,0
481174,0.0,0.0,0.0,0.0,0.0,0.0,udp,0.0,,cs0,,63.0,,1.0,,Status,1,1,0,42,42,0,42.0,0.0,0.0,0.0,0.0,0,0,0,0.0,,,0.0,0.0,0.0,REQ,,,,,0.0,0.0,0.0,0
481280,0.0,0.0,0.0,0.0,0.0,0.0,udp,0.0,,cs0,,63.0,,1.0,,Status,1,1,0,42,42,0,42.0,0.0,0.0,0.0,0.0,0,0,0,0.0,,,0.0,0.0,0.0,REQ,,,,,0.0,0.0,0.0,0
481313,2.573003,2.573003,2.573003,2.573003,2.573003,2.573003,udp,0.0,,cs0,,63.0,,1.0,,Status,2,2,0,84,84,0,42.0,0.0,130.586716,130.586716,0.0,0,0,0,0.0,,,0.388651,0.388651,0.0,REQ,,,,,0.0,0.0,0.0,0
481340,2.569907,2.569907,2.569907,2.569907,2.569907,2.569907,udp,0.0,,cs0,,63.0,,1.0,,Status,2,2,0,84,84,0,42.0,0.0,130.744034,130.744034,0.0,0,0,0,0.0,,,0.389119,0.389119,0.0,REQ,,,,,0.0,0.0,0.0,0
481440,2.568911,2.568911,2.568911,2.568911,2.568911,2.568911,udp,0.0,,cs0,,63.0,,1.0,,Status,2,2,0,84,84,0,42.0,0.0,130.794724,130.794724,0.0,0,0,0,0.0,,,0.38927,0.38927,0.0,REQ,,,,,0.0,0.0,0.0,0
481445,2.56891,2.56891,2.56891,2.56891,2.56891,2.56891,udp,0.0,,cs0,,63.0,,1.0,,Status,2,2,0,84,84,0,42.0,0.0,130.794785,130.794785,0.0,0,0,0,0.0,,,0.38927,0.38927,0.0,REQ,,,,,0.0,0.0,0.0,0
481494,0.0,0.0,0.0,0.0,0.0,0.0,udp,0.0,,cs0,,63.0,,1.0,,Status,1,1,0,42,42,0,42.0,0.0,0.0,0.0,0.0,0,0,0,0.0,,,0.0,0.0,0.0,REQ,,,,,0.0,0.0,0.0,0
481590,2.574203,2.574203,2.574203,2.574203,2.574203,2.574203,udp,0.0,,cs0,,63.0,,1.0,,Status,2,2,0,84,84,0,42.0,0.0,130.525833,130.525833,0.0,0,0,0,0.0,,,0.38847,0.38847,0.0,REQ,,,,,0.0,0.0,0.0,0
481657,0.0,0.0,0.0,0.0,0.0,0.0,udp,0.0,,cs0,,63.0,,1.0,,Status,1,1,0,42,42,0,42.0,0.0,0.0,0.0,0.0,0,0,0,0.0,,,0.0,0.0,0.0,REQ,,,,,0.0,0.0,0.0,0
481684,2.576937,2.576937,2.576937,2.576937,2.576937,2.576937,udp,0.0,,cs0,,63.0,,1.0,,Status,2,2,0,84,84,0,42.0,0.0,130.38736,130.38736,0.0,0,0,0,0.0,,,0.388058,0.388058,0.0,REQ,,,,,0.0,0.0,0.0,0
481719,0.0,0.0,0.0,0.0,0.0,0.0,udp,0.0,,cs0,,63.0,,1.0,,Status,1,1,0,42,42,0,42.0,0.0,0.0,0.0,0.0,0,0,0,0.0,,,0.0,0.0,0.0,REQ,,,,,0.0,0.0,0.0,0
481720,0.0,0.0,0.0,0.0,0.0,0.0,udp,0.0,,cs0,,63.0,,1.0,,Status,1,1,0,42,42,0,42.0,0.0,0.0,0.0,0.0,0,0,0,0.0,,,0.0,0.0,0.0,REQ,,,,,0.0,0.0,0.0,0
481834,2.572147,2.572147,2.572147,2.572147,2.572147,2.572147,udp,0.0,,cs0,,63.0,,1.0,,Status,2,2,0,84,84,0,42.0,0.0,130.630173,130.630173,0.0,0,0,0,0.0,,,0.38878,0.38878,0.0,REQ,,,,,0.0,0.0,0.0,0
481929,2.569038,2.569038,2.569038,2.569038,2.569038,2.569038,udp,0.0,,cs0,,63.0,,1.0,,Status,2,2,0,84,84,0,42.0,0.0,130.788254,130.788254,0.0,0,0,0,0.0,,,0.389251,0.389251,0.0,REQ,,,,,0.0,0.0,0.0,0
482017,0.0,0.0,0.0,0.0,0.0,0.0,udp,0.0,,cs0,,63.0,,1.0,,Status,1,1,0,42,42,0,42.0,0.0,0.0,0.0,0.0,0,0,0,0.0,,,0.0,0.0,0.0,REQ,,,,,0.0,0.0,0.0,0
482019,0.0,0.0,0.0,0.0,0.0,0.0,udp,0.0,,cs0,,63.0,,1.0,,Status,1,1,0,42,42,0,42.0,0.0,0.0,0.0,0.0,0,0,0,0.0,,,0.0,0.0,0.0,REQ,,,,,0.0,0.0,0.0,0
482053,0.0,0.0,0.0,0.0,0.0,0.0,udp,0.0,,cs0,,63.0,,1.0,,Status,1,1,0,42,42,0,42.0,0.0,0.0,0.0,0.0,0,0,0,0.0,,,0.0,0.0,0.0,REQ,,,,,0.0,0.0,0.0,0
482056,2.570901,2.570901,2.570901,2.570901,2.570901,2.570901,udp,0.0,,cs0,,63.0,,1.0,,Status,2,2,0,84,84,0,42.0,0.0,130.693481,130.693481,0.0,0,0,0,0.0,,,0.388969,0.388969,0.0,REQ,,,,,0.0,0.0,0.0,0
482061,2.570873,2.570873,2.570873,2.570873,2.570873,2.570873,udp,0.0,,cs0,,63.0,,1.0,,Status,2,2,0,84,84,0,42.0,0.0,130.694901,130.694901,0.0,0,0,0,0.0,,,0.388973,0.388973,0.0,REQ,,,,,0.0,0.0,0.0,0
482090,2.574369,2.574369,2.574369,2.574369,2.574369,2.574369,udp,0.0,,cs0,,63.0,,1.0,,Status,2,2,0,84,84,0,42.0,0.0,130.517426,130.517426,0.0,0,0,0,0.0,,,0.388445,0.388445,0.0,REQ,,,,,0.0,0.0,0.0,0
482127,2.575272,2.575272,2.575272,2.575272,2.575272,2.575272,udp,0.0,,cs0,,63.0,,1.0,,Status,2,2,0,84,84,0,42.0,0.0,130.471649,130.471649,0.0,0,0,0,0.0,,,0.388308,0.388308,0.0,REQ,,,,,0.0,0.0,0.0,0
482173,2.576951,2.576951,2.576951,2.576951,2.576951,2.576951,udp,0.0,,cs0,,63.0,,1.0,,Status,2,2,0,84,84,0,42.0,0.0,130.386642,130.386642,0.0,0,0,0,0.0,,,0.388056,0.388056,0.0,REQ,,,,,0.0,0.0,0.0,0
482213,0.0,0.0,0.0,0.0,0.0,0.0,udp,0.0,,cs0,,63.0,,1.0,,Status,1,1,0,42,42,0,42.0,0.0,0.0,0.0,0.0,0,0,0,0.0,,,0.0,0.0,0.0,REQ,,,,,0.0,0.0,0.0,0
482241,0.0,0.0,0.0,0.0,0.0,0.0,udp,0.0,,cs0,,63.0,,1.0,,Status,1,1,0,42,42,0,42.0,0.0,0.0,0.0,0.0,0,0,0,0.0,,,0.0,0.0,0.0,REQ,,,,,0.0,0.0,0.0,0
482272,2.572239,2.572239,2.572239,2.572239,2.572239,2.572239,udp,0.0,,cs0,,63.0,,1.0,,Status,2,2,0,84,84,0,42.0,0.0,130.625504,130.625504,0.0,0,0,0,0.0,,,0.388766,0.388766,0.0,REQ,,,,,0.0,0.0,0.0,0
482280,2.572228,2.572228,2.572228,2.572228,2.572228,2.572228,udp,0.0,,cs0,,63.0,,1.0,,Status,2,2,0,84,84,0,42.0,0.0,130.626053,130.626053,0.0,0,0,0,0.0,,,0.388768,0.388768,0.0,REQ,,,,,0.0,0.0,0.0,0
482307,0.0,0.0,0.0,0.0,0.0,0.0,udp,0.0,,cs0,,63.0,,1.0,,Status,1,1,0,42,42,0,42.0,0.0,0.0,0.0,0.0,0,0,0,0.0,,,0.0,0.0,0.0,REQ,,,,,0.0,0.0,0.0,0
482338,2.570889,2.570889,2.570889,2.570889,2.570889,2.570889,udp,0.0,,cs0,,63.0,,1.0,,Status,2,2,0,84,84,0,42.0,0.0,130.694092,130.694092,0.0,0,0,0,0.0,,,0.38897,0.38897,0.0,REQ,,,,,0.0,0.0,0.0,0
482394,2.57215,2.57215,2.57215,2.57215,2.57215,2.57215,udp,0.0,,cs0,,63.0,,1.0,,Status,2,2,0,84,84,0,42.0,0.0,130.63002,130.63002,0.0,0,0,0,0.0,,,0.38878,0.38878,0.0,REQ,,,,,0.0,0.0,0.0,0
482407,0.0,0.0,0.0,0.0,0.0,0.0,udp,0.0,,cs0,,63.0,,1.0,,Status,1,1,0,42,42,0,42.0,0.0,0.0,0.0,0.0,0,0,0,0.0,,,0.0,0.0,0.0,REQ,,,,,0.0,0.0,0.0,0
482426,2.572729,2.572729,2.572729,2.572729,2.572729,2.572729,udp,0.0,,cs0,,63.0,,1.0,,Status,2,2,0,84,84,0,42.0,0.0,130.600616,130.600616,0.0,0,0,0,0.0,,,0.388692,0.388692,0.0,REQ,,,,,0.0,0.0,0.0,0
482479,0.0,0.0,0.0,0.0,0.0,0.0,udp,0.0,,cs0,,63.0,,1.0,,Status,1,1,0,42,42,0,42.0,0.0,0.0,0.0,0.0,0,0,0,0.0,,,0.0,0.0,0.0,REQ,,,,,0.0,0.0,0.0,0
482492,2.573814,2.573814,2.573814,2.573814,2.573814,2.573814,udp,0.0,,cs0,,63.0,,1.0,,Status,2,2,0,84,84,0,42.0,0.0,130.545563,130.545563,0.0,0,0,0,0.0,,,0.388528,0.388528,0.0,REQ,,,,,0.0,0.0,0.0,0
482597,0.0,0.0,0.0,0.0,0.0,0.0,udp,0.0,,cs0,,63.0,,1.0,,Status,1,1,0,42,42,0,42.0,0.0,0.0,0.0,0.0,0,0,0,0.0,,,0.0,0.0,0.0,REQ,,,,,0.0,0.0,0.0,0
482607,2.575908,2.575908,2.575908,2.575908,2.575908,2.575908,udp,0.0,,cs0,,63.0,,1.0,,Status,2,2,0,84,84,0,42.0,0.0,130.439438,130.439438,0.0,0,0,0,0.0,,,0.388213,0.388213,0.0,REQ,,,,,0.0,0.0,0.0,0
482696,2.583804,2.583804,2.583804,2.583804,2.583804,2.583804,udp,0.0,,cs0,,63.0,,1.0,,Status,2,2,0,84,84,0,42.0,0.0,130.040833,130.040833,0.0,0,0,0,0.0,,,0.387026,0.387026,0.0,REQ,,,,,0.0,0.0,0.0,0
482715,2.583273,2.583273,2.583273,2.583273,2.583273,2.583273,udp,0.0,,cs0,,63.0,,1.0,,Status,2,2,0,84,84,0,42.0,0.0,130.067551,130.067551,0.0,0,0,0,0.0,,,0.387106,0.387106,0.0,REQ,,,,,0.0,0.0,0.0,0
482748,0.0,0.0,0.0,0.0,0.0,0.0,udp,0.0,,cs0,,63.0,,1.0,,Status,1,1,0,42,42,0,42.0,0.0,0.0,0.0,0.0,0,0,0,0.0,,,0.0,0.0,0.0,REQ,,,,,0.0,0.0,0.0,0
482766,2.573799,2.573799,2.573799,2.573799,2.573799,2.573799,udp,0.0,,cs0,,63.0,,1.0,,Status,2,2,0,84,84,0,42.0,0.0,130.546326,130.546326,0.0,0,0,0,0.0,,,0.388531,0.388531,0.0,REQ,,,,,0.0,0.0,0.0,0
482779,0.0,0.0,0.0,0.0,0.0,0.0,udp,0.0,,cs0,,63.0,,1.0,,Status,1,1,0,42,42,0,42.0,0.0,0.0,0.0,0.0,0,0,0,0.0,,,0.0,0.0,0.0,REQ,,,,,0.0,0.0,0.0,0
482816,2.573966,2.573966,2.573966,2.573966,2.573966,2.573966,udp,0.0,,cs0,,63.0,,1.0,,Status,2,2,0,84,84,0,42.0,0.0,130.537857,130.537857,0.0,0,0,0,0.0,,,0.388506,0.388506,0.0,REQ,,,,,0.0,0.0,0.0,0
482869,2.574064,2.574064,2.574064,2.574064,2.574064,2.574064,udp,0.0,,cs0,,63.0,,1.0,,Status,2,2,0,84,84,0,42.0,0.0,130.532883,130.532883,0.0,0,0,0,0.0,,,0.388491,0.388491,0.0,REQ,,,,,0.0,0.0,0.0,0
483034,2.57424,2.57424,2.57424,2.57424,2.57424,2.57424,udp,0.0,,cs0,,63.0,,1.0,,Status,2,2,0,84,84,0,42.0,0.0,130.523956,130.523956,0.0,0,0,0,0.0,,,0.388464,0.388464,0.0,REQ,,,,,0.0,0.0,0.0,0
483052,2.57246,2.57246,2.57246,2.57246,2.57246,2.57246,udp,0.0,,cs0,,63.0,,1.0,,Status,2,2,0,84,84,0,42.0,0.0,130.614273,130.614273,0.0,0,0,0,0.0,,,0.388733,0.388733,0.0,REQ,,,,,0.0,0.0,0.0,0
483094,2.574287,2.574287,2.574287,2.574287,2.574287,2.574287,udp,0.0,,cs0,,63.0,,1.0,,Status,2,2,0,84,84,0,42.0,0.0,130.521576,130.521576,0.0,0,0,0,0.0,,,0.388457,0.388457,0.0,REQ,,,,,0.0,0.0,0.0,0
483120,2.568951,2.568951,2.568951,2.568951,2.568951,2.568951,udp,0.0,,cs0,,63.0,,1.0,,Status,2,2,0,84,84,0,42.0,0.0,130.792694,130.792694,0.0,0,0,0,0.0,,,0.389264,0.389264,0.0,REQ,,,,,0.0,0.0,0.0,0
483137,2.572926,2.572926,2.572926,2.572926,2.572926,2.572926,udp,0.0,,cs0,,63.0,,1.0,,Status,2,2,0,84,84,0,42.0,0.0,130.590622,130.590622,0.0,0,0,0,0.0,,,0.388663,0.388663,0.0,REQ,,,,,0.0,0.0,0.0,0
483172,2.572764,2.572764,2.572764,2.572764,2.572764,2.572764,udp,0.0,,cs0,,63.0,,1.0,,Status,2,2,0,84,84,0,42.0,0.0,130.598846,130.598846,0.0,0,0,0,0.0,,,0.388687,0.388687,0.0,REQ,,,,,0.0,0.0,0.0,0
483176,2.572017,2.572017,2.572017,2.572017,2.572017,2.572017,udp,0.0,,cs0,,63.0,,1.0,,Status,2,2,0,84,84,0,42.0,0.0,130.63678,130.63678,0.0,0,0,0,0.0,,,0.3888,0.3888,0.0,REQ,,,,,0.0,0.0,0.0,0
483188,0.0,0.0,0.0,0.0,0.0,0.0,udp,0.0,,cs0,,63.0,,1.0,,Status,1,1,0,42,42,0,42.0,0.0,0.0,0.0,0.0,0,0,0,0.0,,,0.0,0.0,0.0,REQ,,,,,0.0,0.0,0.0,0
483250,0.0,0.0,0.0,0.0,0.0,0.0,udp,0.0,,cs0,,63.0,,1.0,,Status,1,1,0,42,42,0,42.0,0.0,0.0,0.0,0.0,0,0,0,0.0,,,0.0,0.0,0.0,REQ,,,,,0.0,0.0,0.0,0
483256,0.0,0.0,0.0,0.0,0.0,0.0,udp,0.0,,cs0,,63.0,,1.0,,Status,1,1,0,42,42,0,42.0,0.0,0.0,0.0,0.0,0,0,0,0.0,,,0.0,0.0,0.0,REQ,,,,,0.0,0.0,0.0,0
483264,2.570939,2.570939,2.570939,2.570939,2.570939,2.570939,udp,0.0,,cs0,,63.0,,1.0,,Status,2,2,0,84,84,0,42.0,0.0,130.691544,130.691544,0.0,0,0,0,0.0,,,0.388963,0.388963,0.0,REQ,,,,,0.0,0.0,0.0,0
483270,0.0,0.0,0.0,0.0,0.0,0.0,udp,0.0,,cs0,,63.0,,1.0,,Status,1,1,0,42,42,0,42.0,0.0,0.0,0.0,0.0,0,0,0,0.0,,,0.0,0.0,0.0,REQ,,,,,0.0,0.0,0.0,0
483279,2.576731,2.576731,2.576731,2.576731,2.576731,2.576731,udp,0.0,,cs0,,63.0,,1.0,,Status,2,2,0,84,84,0,42.0,0.0,130.397781,130.397781,0.0,0,0,0,0.0,,,0.388089,0.388089,0.0,REQ,,,,,0.0,0.0,0.0,0
483297,0.0,0.0,0.0,0.0,0.0,0.0,udp,0.0,,cs0,,63.0,,1.0,,Status,1,1,0,42,42,0,42.0,0.0,0.0,0.0,0.0,0,0,0,0.0,,,0.0,0.0,0.0,REQ,,,,,0.0,0.0,0.0,0
483321,0.0,0.0,0.0,0.0,0.0,0.0,udp,0.0,,cs0,,63.0,,1.0,,Status,1,1,0,42,42,0,42.0,0.0,0.0,0.0,0.0,0,0,0,0.0,,,0.0,0.0,0.0,REQ,,,,,0.0,0.0,0.0,0
483346,0.0,0.0,0.0,0.0,0.0,0.0,udp,0.0,,cs0,,63.0,,1.0,,Status,1,1,0,42,42,0,42.0,0.0,0.0,0.0,0.0,0,0,0,0.0,,,0.0,0.0,0.0,REQ,,,,,0.0,0.0,0.0,0
483415,0.0,0.0,0.0,0.0,0.0,0.0,udp,0.0,,cs0,,63.0,,1.0,,Status,1,1,0,42,42,0,42.0,0.0,0.0,0.0,0.0,0,0,0,0.0,,,0.0,0.0,0.0,REQ,,,,,0.0,0.0,0.0,0
483438,2.584941,2.584941,2.584941,2.584941,2.584941,2.584941,udp,0.0,,cs0,,63.0,,1.0,,Status,2,2,0,84,84,0,42.0,0.0,129.983627,129.983627,0.0,0,0,0,0.0,,,0.386856,0.386856,0.0,REQ,,,,,0.0,0.0,0.0,0
483450,2.585089,2.585089,2.585089,2.585089,2.585089,2.585089,udp,0.0,,cs0,,63.0,,1.0,,Status,2,2,0,84,84,0,42.0,0.0,129.976181,129.976181,0.0,0,0,0,0.0,,,0.386834,0.386834,0.0,REQ,,,,,0.0,0.0,0.0,0
483458,0.0,0.0,0.0,0.0,0.0,0.0,udp,0.0,,cs0,,63.0,,1.0,,Status,1,1,0,42,42,0,42.0,0.0,0.0,0.0,0.0,0,0,0,0.0,,,0.0,0.0,0.0,REQ,,,,,0.0,0.0,0.0,0
483492,2.581262,2.581262,2.581262,2.581262,2.581262,2.581262,udp,0.0,,cs0,,63.0,,1.0,,Status,2,2,0,84,84,0,42.0,0.0,130.168884,130.168884,0.0,0,0,0,0.0,,,0.387407,0.387407,0.0,REQ,,,,,0.0,0.0,0.0,0
483516,2.581352,2.581352,2.581352,2.581352,2.581352,2.581352,udp,0.0,,cs0,,63.0,,1.0,,Status,2,2,0,84,84,0,42.0,0.0,130.164352,130.164352,0.0,0,0,0,0.0,,,0.387394,0.387394,0.0,REQ,,,,,0.0,0.0,0.0,0
483613,2.585082,2.585082,2.585082,2.585082,2.585082,2.585082,udp,0.0,,cs0,,63.0,,1.0,,Status,2,2,0,84,84,0,42.0,0.0,129.976532,129.976532,0.0,0,0,0,0.0,,,0.386835,0.386835,0.0,REQ,,,,,0.0,0.0,0.0,0
483631,2.58359,2.58359,2.58359,2.58359,2.58359,2.58359,udp,0.0,,cs0,,63.0,,1.0,,Status,2,2,0,84,84,0,42.0,0.0,130.05159,130.05159,0.0,0,0,0,0.0,,,0.387058,0.387058,0.0,REQ,,,,,0.0,0.0,0.0,0
483633,0.0,0.0,0.0,0.0,0.0,0.0,udp,0.0,,cs0,,63.0,,1.0,,Status,1,1,0,42,42,0,42.0,0.0,0.0,0.0,0.0,0,0,0,0.0,,,0.0,0.0,0.0,REQ,,,,,0.0,0.0,0.0,0
483638,2.580815,2.580815,2.580815,2.580815,2.580815,2.580815,udp,0.0,,cs0,,63.0,,1.0,,Status,2,2,0,84,84,0,42.0,0.0,130.191422,130.191422,0.0,0,0,0,0.0,,,0.387474,0.387474,0.0,REQ,,,,,0.0,0.0,0.0,0
483750,0.0,0.0,0.0,0.0,0.0,0.0,udp,0.0,,cs0,,63.0,,1.0,,Status,1,1,0,42,42,0,42.0,0.0,0.0,0.0,0.0,0,0,0,0.0,,,0.0,0.0,0.0,REQ,,,,,0.0,0.0,0.0,0
483751,0.0,0.0,0.0,0.0,0.0,0.0,udp,0.0,,cs0,,63.0,,1.0,,Status,1,1,0,42,42,0,42.0,0.0,0.0,0.0,0.0,0,0,0,0.0,,,0.0,0.0,0.0,REQ,,,,,0.0,0.0,0.0,0
483806,2.577215,2.577215,2.577215,2.577215,2.577215,2.577215,udp,0.0,,cs0,,63.0,,1.0,,Status,2,2,0,84,84,0,42.0,0.0,130.373291,130.373291,0.0,0,0,0,0.0,,,0.388016,0.388016,0.0,REQ,,,,,0.0,0.0,0.0,0
483822,2.577188,2.577188,2.577188,2.577188,2.577188,2.577188,udp,0.0,,cs0,,63.0,,1.0,,Status,2,2,0,84,84,0,42.0,0.0,130.374649,130.374649,0.0,0,0,0,0.0,,,0.38802,0.38802,0.0,REQ,,,,,0.0,0.0,0.0,0
483873,2.567794,2.567794,2.567794,2.567794,2.567794,2.567794,udp,0.0,,cs0,,63.0,,1.0,,Status,2,2,0,84,84,0,42.0,0.0,130.851608,130.851608,0.0,0,0,0,0.0,,,0.389439,0.389439,0.0,REQ,,,,,0.0,0.0,0.0,0
483881,2.568789,2.568789,2.568789,2.568789,2.568789,2.568789,udp,0.0,,cs0,,63.0,,1.0,,Status,2,2,0,84,84,0,42.0,0.0,130.800934,130.800934,0.0,0,0,0,0.0,,,0.389288,0.389288,0.0,REQ,,,,,0.0,0.0,0.0,0
483897,2.570111,2.570111,2.570111,2.570111,2.570111,2.570111,udp,0.0,,cs0,,63.0,,1.0,,Status,2,2,0,84,84,0,42.0,0.0,130.733658,130.733658,0.0,0,0,0,0.0,,,0.389088,0.389088,0.0,REQ,,,,,0.0,0.0,0.0,0
483909,2.570133,2.570133,2.570133,2.570133,2.570133,2.570133,udp,0.0,,cs0,,63.0,,1.0,,Status,2,2,0,84,84,0,42.0,0.0,130.732529,130.732529,0.0,0,0,0,0.0,,,0.389085,0.389085,0.0,REQ,,,,,0.0,0.0,0.0,0
483950,0.0,0.0,0.0,0.0,0.0,0.0,udp,0.0,,cs0,,63.0,,1.0,,Status,1,1,0,42,42,0,42.0,0.0,0.0,0.0,0.0,0,0,0,0.0,,,0.0,0.0,0.0,REQ,,,,,0.0,0.0,0.0,0
483961,0.0,0.0,0.0,0.0,0.0,0.0,udp,0.0,,cs0,,63.0,,1.0,,Status,1,1,0,42,42,0,42.0,0.0,0.0,0.0,0.0,0,0,0,0.0,,,0.0,0.0,0.0,REQ,,,,,0.0,0.0,0.0,0
484011,0.0,0.0,0.0,0.0,0.0,0.0,udp,0.0,,cs0,,63.0,,1.0,,Status,1,1,0,42,42,0,42.0,0.0,0.0,0.0,0.0,0,0,0,0.0,,,0.0,0.0,0.0,REQ,,,,,0.0,0.0,0.0,0
484106,0.0,0.0,0.0,0.0,0.0,0.0,udp,0.0,,cs0,,63.0,,1.0,,Status,1,1,0,42,42,0,42.0,0.0,0.0,0.0,0.0,0,0,0,0.0,,,0.0,0.0,0.0,REQ,,,,,0.0,0.0,0.0,0
484113,2.577718,2.577718,2.577718,2.577718,2.577718,2.577718,udp,0.0,,cs0,,63.0,,1.0,,Status,2,2,0,84,84,0,42.0,0.0,130.347855,130.347855,0.0,0,0,0,0.0,,,0.38794,0.38794,0.0,REQ,,,,,0.0,0.0,0.0,0
484282,2.573376,2.573376,2.573376,2.573376,2.573376,2.573376,udp,0.0,,cs0,,63.0,,1.0,,Status,2,2,0,84,84,0,42.0,0.0,130.56778,130.56778,0.0,0,0,0,0.0,,,0.388595,0.388595,0.0,REQ,,,,,0.0,0.0,0.0,0
484283,2.573376,2.573376,2.573376,2.573376,2.573376,2.573376,udp,0.0,,cs0,,63.0,,1.0,,Status,2,2,0,84,84,0,42.0,0.0,130.56778,130.56778,0.0,0,0,0,0.0,,,0.388595,0.388595,0.0,REQ,,,,,0.0,0.0,0.0,0
484344,2.57886,2.57886,2.57886,2.57886,2.57886,2.57886,udp,0.0,,cs0,,63.0,,1.0,,Status,2,2,0,84,84,0,42.0,0.0,130.290131,130.290131,0.0,0,0,0,0.0,,,0.387768,0.387768,0.0,REQ,,,,,0.0,0.0,0.0,0
484368,2.576834,2.576834,2.576834,2.576834,2.576834,2.576834,udp,0.0,,cs0,,63.0,,1.0,,Status,2,2,0,84,84,0,42.0,0.0,130.392563,130.392563,0.0,0,0,0,0.0,,,0.388073,0.388073,0.0,REQ,,,,,0.0,0.0,0.0,0
484379,2.578283,2.578283,2.578283,2.578283,2.578283,2.578283,udp,0.0,,cs0,,63.0,,1.0,,Status,2,2,0,84,84,0,42.0,0.0,130.319275,130.319275,0.0,0,0,0,0.0,,,0.387855,0.387855,0.0,REQ,,,,,0.0,0.0,0.0,0
484390,2.572296,2.572296,2.572296,2.572296,2.572296,2.572296,udp,0.0,,cs0,,63.0,,1.0,,Status,2,2,0,84,84,0,42.0,0.0,130.622604,130.622604,0.0,0,0,0,0.0,,,0.388758,0.388758,0.0,REQ,,,,,0.0,0.0,0.0,0
484412,0.0,0.0,0.0,0.0,0.0,0.0,udp,0.0,,cs0,,63.0,,1.0,,Status,1,1,0,42,42,0,42.0,0.0,0.0,0.0,0.0,0,0,0,0.0,,,0.0,0.0,0.0,REQ,,,,,0.0,0.0,0.0,0
484459,0.0,0.0,0.0,0.0,0.0,0.0,udp,0.0,,cs0,,63.0,,1.0,,Status,1,1,0,42,42,0,42.0,0.0,0.0,0.0,0.0,0,0,0,0.0,,,0.0,0.0,0.0,REQ,,,,,0.0,0.0,0.0,0
484523,0.0,0.0,0.0,0.0,0.0,0.0,udp,0.0,,cs0,,63.0,,1.0,,Status,1,1,0,42,42,0,42.0,0.0,0.0,0.0,0.0,0,0,0,0.0,,,0.0,0.0,0.0,REQ,,,,,0.0,0.0,0.0,0
484557,0.0,0.0,0.0,0.0,0.0,0.0,udp,0.0,,cs0,,63.0,,1.0,,Status,1,1,0,42,42,0,42.0,0.0,0.0,0.0,0.0,0,0,0,0.0,,,0.0,0.0,0.0,REQ,,,,,0.0,0.0,0.0,0
484598,2.576538,2.576538,2.576538,2.576538,2.576538,2.576538,udp,0.0,,cs0,,63.0,,1.0,,Status,2,2,0,84,84,0,42.0,0.0,130.407547,130.407547,0.0,0,0,0,0.0,,,0.388118,0.388118,0.0,REQ,,,,,0.0,0.0,0.0,0
484673,0.0,0.0,0.0,0.0,0.0,0.0,udp,0.0,,cs0,,63.0,,1.0,,Status,1,1,0,42,42,0,42.0,0.0,0.0,0.0,0.0,0,0,0,0.0,,,0.0,0.0,0.0,REQ,,,,,0.0,0.0,0.0,0
484704,2.575473,2.575473,2.575473,2.575473,2.575473,2.575473,udp,0.0,,cs0,,63.0,,1.0,,Status,2,2,0,84,84,0,42.0,0.0,130.461472,130.461472,0.0,0,0,0,0.0,,,0.388278,0.388278,0.0,REQ,,,,,0.0,0.0,0.0,0
484756,2.574752,2.574752,2.574752,2.574752,2.574752,2.574752,udp,0.0,,cs0,,63.0,,1.0,,Status,2,2,0,84,84,0,42.0,0.0,130.498001,130.498001,0.0,0,0,0,0.0,,,0.388387,0.388387,0.0,REQ,,,,,0.0,0.0,0.0,0
484763,2.577824,2.577824,2.577824,2.577824,2.577824,2.577824,udp,0.0,,cs0,,63.0,,1.0,,Status,2,2,0,84,84,0,42.0,0.0,130.342484,130.342484,0.0,0,0,0,0.0,,,0.387924,0.387924,0.0,REQ,,,,,0.0,0.0,0.0,0
484776,2.57362,2.57362,2.57362,2.57362,2.57362,2.57362,udp,0.0,,cs0,,63.0,,1.0,,Status,2,2,0,84,84,0,42.0,0.0,130.555405,130.555405,0.0,0,0,0,0.0,,,0.388558,0.388558,0.0,REQ,,,,,0.0,0.0,0.0,0
484793,2.572373,2.572373,2.572373,2.572373,2.572373,2.572373,udp,0.0,,cs0,,63.0,,1.0,,Status,2,2,0,84,84,0,42.0,0.0,130.618698,130.618698,0.0,0,0,0,0.0,,,0.388746,0.388746,0.0,REQ,,,,,0.0,0.0,0.0,0
484938,2.572161,2.572161,2.572161,2.572161,2.572161,2.572161,udp,0.0,,cs0,,63.0,,1.0,,Status,2,2,0,84,84,0,42.0,0.0,130.629456,130.629456,0.0,0,0,0,0.0,,,0.388778,0.388778,0.0,REQ,,,,,0.0,0.0,0.0,0
484994,0.0,0.0,0.0,0.0,0.0,0.0,udp,0.0,,cs0,,63.0,,1.0,,Status,1,1,0,42,42,0,42.0,0.0,0.0,0.0,0.0,0,0,0,0.0,,,0.0,0.0,0.0,REQ,,,,,0.0,0.0,0.0,0
485053,2.575074,2.575074,2.575074,2.575074,2.575074,2.575074,udp,0.0,,cs0,,63.0,,1.0,,Status,2,2,0,84,84,0,42.0,0.0,130.481689,130.481689,0.0,0,0,0,0.0,,,0.388338,0.388338,0.0,REQ,,,,,0.0,0.0,0.0,0
485171,0.0,0.0,0.0,0.0,0.0,0.0,udp,0.0,,cs0,,63.0,,1.0,,Status,1,1,0,42,42,0,42.0,0.0,0.0,0.0,0.0,0,0,0,0.0,,,0.0,0.0,0.0,REQ,,,,,0.0,0.0,0.0,0
485323,2.574558,2.574558,2.574558,2.574558,2.574558,2.574558,udp,0.0,,cs0,,63.0,,1.0,,Status,2,2,0,84,84,0,42.0,0.0,130.507843,130.507843,0.0,0,0,0,0.0,,,0.388416,0.388416,0.0,REQ,,,,,0.0,0.0,0.0,0
485386,2.578321,2.578321,2.578321,2.578321,2.578321,2.578321,udp,0.0,,cs0,,63.0,,1.0,,Status,2,2,0,84,84,0,42.0,0.0,130.317368,130.317368,0.0,0,0,0,0.0,,,0.387849,0.387849,0.0,REQ,,,,,0.0,0.0,0.0,0
485409,0.0,0.0,0.0,0.0,0.0,0.0,udp,0.0,,cs0,,63.0,,1.0,,Status,1,1,0,42,42,0,42.0,0.0,0.0,0.0,0.0,0,0,0,0.0,,,0.0,0.0,0.0,REQ,,,,,0.0,0.0,0.0,0
485424,2.577185,2.577185,2.577185,2.577185,2.577185,2.577185,udp,0.0,,cs0,,63.0,,1.0,,Status,2,2,0,84,84,0,42.0,0.0,130.374817,130.374817,0.0,0,0,0,0.0,,,0.38802,0.38802,0.0,REQ,,,,,0.0,0.0,0.0,0
485465,0.0,0.0,0.0,0.0,0.0,0.0,udp,0.0,,cs0,,63.0,,1.0,,Status,1,1,0,42,42,0,42.0,0.0,0.0,0.0,0.0,0,0,0,0.0,,,0.0,0.0,0.0,REQ,,,,,0.0,0.0,0.0,0
485473,2.575284,2.575284,2.575284,2.575284,2.575284,2.575284,udp,0.0,,cs0,,63.0,,1.0,,Status,2,2,0,84,84,0,42.0,0.0,130.471054,130.471054,0.0,0,0,0,0.0,,,0.388307,0.388307,0.0,REQ,,,,,0.0,0.0,0.0,0
485498,2.571134,2.571134,2.571134,2.571134,2.571134,2.571134,udp,0.0,,cs0,,63.0,,1.0,,Status,2,2,0,84,84,0,42.0,0.0,130.681625,130.681625,0.0,0,0,0,0.0,,,0.388933,0.388933,0.0,REQ,,,,,0.0,0.0,0.0,0
485499,2.571037,2.571037,2.571037,2.571037,2.571037,2.571037,udp,0.0,,cs0,,63.0,,1.0,,Status,2,2,0,84,84,0,42.0,0.0,130.686569,130.686569,0.0,0,0,0,0.0,,,0.388948,0.388948,0.0,REQ,,,,,0.0,0.0,0.0,0
485561,0.0,0.0,0.0,0.0,0.0,0.0,udp,0.0,,cs0,,63.0,,1.0,,Status,1,1,0,42,42,0,42.0,0.0,0.0,0.0,0.0,0,0,0,0.0,,,0.0,0.0,0.0,REQ,,,,,0.0,0.0,0.0,0
485645,0.0,0.0,0.0,0.0,0.0,0.0,udp,0.0,,cs0,,63.0,,1.0,,Status,1,1,0,42,42,0,42.0,0.0,0.0,0.0,0.0,0,0,0,0.0,,,0.0,0.0,0.0,REQ,,,,,0.0,0.0,0.0,0
485744,2.575887,2.575887,2.575887,2.575887,2.575887,2.575887,udp,0.0,,cs0,,63.0,,1.0,,Status,2,2,0,84,84,0,42.0,0.0,130.440506,130.440506,0.0,0,0,0,0.0,,,0.388216,0.388216,0.0,REQ,,,,,0.0,0.0,0.0,0
485767,0.0,0.0,0.0,0.0,0.0,0.0,udp,0.0,,cs0,,63.0,,1.0,,Status,1,1,0,42,42,0,42.0,0.0,0.0,0.0,0.0,0,0,0,0.0,,,0.0,0.0,0.0,REQ,,,,,0.0,0.0,0.0,0
485796,2.57611,2.57611,2.57611,2.57611,2.57611,2.57611,udp,0.0,,cs0,,63.0,,1.0,,Status,2,2,0,84,84,0,42.0,0.0,130.429214,130.429214,0.0,0,0,0,0.0,,,0.388182,0.388182,0.0,REQ,,,,,0.0,0.0,0.0,0
485858,2.573077,2.573077,2.573077,2.573077,2.573077,2.573077,udp,0.0,,cs0,,63.0,,1.0,,Status,2,2,0,84,84,0,42.0,0.0,130.582962,130.582962,0.0,0,0,0,0.0,,,0.38864,0.38864,0.0,REQ,,,,,0.0,0.0,0.0,0
485871,2.573138,2.573138,2.573138,2.573138,2.573138,2.573138,udp,0.0,,cs0,,63.0,,1.0,,Status,2,2,0,84,84,0,42.0,0.0,130.579865,130.579865,0.0,0,0,0,0.0,,,0.388631,0.388631,0.0,REQ,,,,,0.0,0.0,0.0,0
485890,2.573125,2.573125,2.573125,2.573125,2.573125,2.573125,udp,0.0,,cs0,,63.0,,1.0,,Status,2,2,0,84,84,0,42.0,0.0,130.580521,130.580521,0.0,0,0,0,0.0,,,0.388633,0.388633,0.0,REQ,,,,,0.0,0.0,0.0,0
485891,2.573125,2.573125,2.573125,2.573125,2.573125,2.573125,udp,0.0,,cs0,,63.0,,1.0,,Status,2,2,0,84,84,0,42.0,0.0,130.580521,130.580521,0.0,0,0,0,0.0,,,0.388633,0.388633,0.0,REQ,,,,,0.0,0.0,0.0,0
485897,2.573048,2.573048,2.573048,2.573048,2.573048,2.573048,udp,0.0,,cs0,,63.0,,1.0,,Status,2,2,0,84,84,0,42.0,0.0,130.584427,130.584427,0.0,0,0,0,0.0,,,0.388644,0.388644,0.0,REQ,,,,,0.0,0.0,0.0,0
485937,0.0,0.0,0.0,0.0,0.0,0.0,udp,0.0,,cs0,,63.0,,1.0,,Status,1,1,0,42,42,0,42.0,0.0,0.0,0.0,0.0,0,0,0,0.0,,,0.0,0.0,0.0,REQ,,,,,0.0,0.0,0.0,0
485947,2.572878,2.572878,2.572878,2.572878,2.572878,2.572878,udp,0.0,,cs0,,63.0,,1.0,,Status,2,2,0,84,84,0,42.0,0.0,130.593063,130.593063,0.0,0,0,0,0.0,,,0.38867,0.38867,0.0,REQ,,,,,0.0,0.0,0.0,0
485971,2.573627,2.573627,2.573627,2.573627,2.573627,2.573627,udp,0.0,,cs0,,63.0,,1.0,,Status,2,2,0,84,84,0,42.0,0.0,130.555054,130.555054,0.0,0,0,0,0.0,,,0.388557,0.388557,0.0,REQ,,,,,0.0,0.0,0.0,0
485983,2.577663,2.577663,2.577663,2.577663,2.577663,2.577663,udp,0.0,,cs0,,63.0,,1.0,,Status,2,2,0,84,84,0,42.0,0.0,130.350632,130.350632,0.0,0,0,0,0.0,,,0.387948,0.387948,0.0,REQ,,,,,0.0,0.0,0.0,0
485998,2.571895,2.571895,2.571895,2.571895,2.571895,2.571895,udp,0.0,,cs0,,63.0,,1.0,,Status,2,2,0,84,84,0,42.0,0.0,130.642975,130.642975,0.0,0,0,0,0.0,,,0.388818,0.388818,0.0,REQ,,,,,0.0,0.0,0.0,0
486031,2.571907,2.571907,2.571907,2.571907,2.571907,2.571907,udp,0.0,,cs0,,63.0,,1.0,,Status,2,2,0,84,84,0,42.0,0.0,130.642365,130.642365,0.0,0,0,0,0.0,,,0.388817,0.388817,0.0,REQ,,,,,0.0,0.0,0.0,0
486111,2.577795,2.577795,2.577795,2.577795,2.577795,2.577795,udp,0.0,,cs0,,63.0,,1.0,,Status,2,2,0,84,84,0,42.0,0.0,130.343948,130.343948,0.0,0,0,0,0.0,,,0.387928,0.387928,0.0,REQ,,,,,0.0,0.0,0.0,0
486250,2.570964,2.570964,2.570964,2.570964,2.570964,2.570964,udp,0.0,,cs0,,63.0,,1.0,,Status,2,2,0,84,84,0,42.0,0.0,130.690277,130.690277,0.0,0,0,0,0.0,,,0.388959,0.388959,0.0,REQ,,,,,0.0,0.0,0.0,0
486271,2.577025,2.577025,2.577025,2.577025,2.577025,2.577025,udp,0.0,,cs0,,63.0,,1.0,,Status,2,2,0,84,84,0,42.0,0.0,130.382904,130.382904,0.0,0,0,0,0.0,,,0.388044,0.388044,0.0,REQ,,,,,0.0,0.0,0.0,0
486273,2.577024,2.577024,2.577024,2.577024,2.577024,2.577024,udp,0.0,,cs0,,63.0,,1.0,,Status,2,2,0,84,84,0,42.0,0.0,130.38295,130.38295,0.0,0,0,0,0.0,,,0.388045,0.388045,0.0,REQ,,,,,0.0,0.0,0.0,0
486332,2.577977,2.577977,2.577977,2.577977,2.577977,2.577977,udp,0.0,,cs0,,63.0,,1.0,,Status,2,2,0,84,84,0,42.0,0.0,130.334763,130.334763,0.0,0,0,0,0.0,,,0.387901,0.387901,0.0,REQ,,,,,0.0,0.0,0.0,0
486338,0.0,0.0,0.0,0.0,0.0,0.0,udp,0.0,,cs0,,63.0,,1.0,,Status,1,1,0,42,42,0,42.0,0.0,0.0,0.0,0.0,0,0,0,0.0,,,0.0,0.0,0.0,REQ,,,,,0.0,0.0,0.0,0
486446,0.0,0.0,0.0,0.0,0.0,0.0,udp,0.0,,cs0,,63.0,,1.0,,Status,1,1,0,42,42,0,42.0,0.0,0.0,0.0,0.0,0,0,0,0.0,,,0.0,0.0,0.0,REQ,,,,,0.0,0.0,0.0,0
486451,0.0,0.0,0.0,0.0,0.0,0.0,udp,0.0,,cs0,,63.0,,1.0,,Status,1,1,0,42,42,0,42.0,0.0,0.0,0.0,0.0,0,0,0,0.0,,,0.0,0.0,0.0,REQ,,,,,0.0,0.0,0.0,0
486487,2.576466,2.576466,2.576466,2.576466,2.576466,2.576466,udp,0.0,,cs0,,63.0,,1.0,,Status,2,2,0,84,84,0,42.0,0.0,130.411194,130.411194,0.0,0,0,0,0.0,,,0.388129,0.388129,0.0,REQ,,,,,0.0,0.0,0.0,0
486555,0.0,0.0,0.0,0.0,0.0,0.0,udp,0.0,,cs0,,63.0,,1.0,,Status,1,1,0,42,42,0,42.0,0.0,0.0,0.0,0.0,0,0,0,0.0,,,0.0,0.0,0.0,REQ,,,,,0.0,0.0,0.0,0
486564,2.574249,2.574249,2.574249,2.574249,2.574249,2.574249,udp,0.0,,cs0,,63.0,,1.0,,Status,2,2,0,84,84,0,42.0,0.0,130.523499,130.523499,0.0,0,0,0,0.0,,,0.388463,0.388463,0.0,REQ,,,,,0.0,0.0,0.0,0
486596,0.0,0.0,0.0,0.0,0.0,0.0,udp,0.0,,cs0,,63.0,,1.0,,Status,1,1,0,42,42,0,42.0,0.0,0.0,0.0,0.0,0,0,0,0.0,,,0.0,0.0,0.0,REQ,,,,,0.0,0.0,0.0,0
486617,2.581792,2.581792,2.581792,2.581792,2.581792,2.581792,udp,0.0,,cs0,,63.0,,1.0,,Status,2,2,0,84,84,0,42.0,0.0,130.142166,130.142166,0.0,0,0,0,0.0,,,0.387328,0.387328,0.0,REQ,,,,,0.0,0.0,0.0,0
486618,2.581792,2.581792,2.581792,2.581792,2.581792,2.581792,udp,0.0,,cs0,,63.0,,1.0,,Status,2,2,0,84,84,0,42.0,0.0,130.142166,130.142166,0.0,0,0,0,0.0,,,0.387328,0.387328,0.0,REQ,,,,,0.0,0.0,0.0,0
486627,0.0,0.0,0.0,0.0,0.0,0.0,udp,0.0,,cs0,,63.0,,1.0,,Status,1,1,0,42,42,0,42.0,0.0,0.0,0.0,0.0,0,0,0,0.0,,,0.0,0.0,0.0,REQ,,,,,0.0,0.0,0.0,0
486657,2.580142,2.580142,2.580142,2.580142,2.580142,2.580142,udp,0.0,,cs0,,63.0,,1.0,,Status,2,2,0,84,84,0,42.0,0.0,130.225388,130.225388,0.0,0,0,0,0.0,,,0.387576,0.387576,0.0,REQ,,,,,0.0,0.0,0.0,0
486722,2.570353,2.570353,2.570353,2.570353,2.570353,2.570353,udp,0.0,,cs0,,63.0,,1.0,,Status,2,2,0,84,84,0,42.0,0.0,130.721344,130.721344,0.0,0,0,0,0.0,,,0.389052,0.389052,0.0,REQ,,,,,0.0,0.0,0.0,0
486843,0.0,0.0,0.0,0.0,0.0,0.0,udp,0.0,,cs0,,63.0,,1.0,,Status,1,1,0,42,42,0,42.0,0.0,0.0,0.0,0.0,0,0,0,0.0,,,0.0,0.0,0.0,REQ,,,,,0.0,0.0,0.0,0
486856,0.0,0.0,0.0,0.0,0.0,0.0,udp,0.0,,cs0,,63.0,,1.0,,Status,1,1,0,42,42,0,42.0,0.0,0.0,0.0,0.0,0,0,0,0.0,,,0.0,0.0,0.0,REQ,,,,,0.0,0.0,0.0,0
486915,2.574926,2.574926,2.574926,2.574926,2.574926,2.574926,udp,0.0,,cs0,,63.0,,1.0,,Status,2,2,0,84,84,0,42.0,0.0,130.489197,130.489197,0.0,0,0,0,0.0,,,0.388361,0.388361,0.0,REQ,,,,,0.0,0.0,0.0,0
486946,0.0,0.0,0.0,0.0,0.0,0.0,udp,0.0,,cs0,,63.0,,1.0,,Status,1,1,0,42,42,0,42.0,0.0,0.0,0.0,0.0,0,0,0,0.0,,,0.0,0.0,0.0,REQ,,,,,0.0,0.0,0.0,0
487068,2.578048,2.578048,2.578048,2.578048,2.578048,2.578048,udp,0.0,,cs0,,63.0,,1.0,,Status,2,2,0,84,84,0,42.0,0.0,130.331161,130.331161,0.0,0,0,0,0.0,,,0.38789,0.38789,0.0,REQ,,,,,0.0,0.0,0.0,0
487069,2.578048,2.578048,2.578048,2.578048,2.578048,2.578048,udp,0.0,,cs0,,63.0,,1.0,,Status,2,2,0,84,84,0,42.0,0.0,130.331161,130.331161,0.0,0,0,0,0.0,,,0.38789,0.38789,0.0,REQ,,,,,0.0,0.0,0.0,0
487086,2.576885,2.576885,2.576885,2.576885,2.576885,2.576885,udp,0.0,,cs0,,63.0,,1.0,,Status,2,2,0,84,84,0,42.0,0.0,130.389984,130.389984,0.0,0,0,0,0.0,,,0.388065,0.388065,0.0,REQ,,,,,0.0,0.0,0.0,0
487237,0.0,0.0,0.0,0.0,0.0,0.0,udp,0.0,,cs0,,63.0,,1.0,,Status,1,1,0,42,42,0,42.0,0.0,0.0,0.0,0.0,0,0,0,0.0,,,0.0,0.0,0.0,REQ,,,,,0.0,0.0,0.0,0
487248,0.0,0.0,0.0,0.0,0.0,0.0,udp,0.0,,cs0,,63.0,,1.0,,Status,1,1,0,42,42,0,42.0,0.0,0.0,0.0,0.0,0,0,0,0.0,,,0.0,0.0,0.0,REQ,,,,,0.0,0.0,0.0,0
487278,0.0,0.0,0.0,0.0,0.0,0.0,udp,0.0,,cs0,,63.0,,1.0,,Status,1,1,0,42,42,0,42.0,0.0,0.0,0.0,0.0,0,0,0,0.0,,,0.0,0.0,0.0,REQ,,,,,0.0,0.0,0.0,0
487322,0.0,0.0,0.0,0.0,0.0,0.0,udp,0.0,,cs0,,63.0,,1.0,,Status,1,1,0,42,42,0,42.0,0.0,0.0,0.0,0.0,0,0,0,0.0,,,0.0,0.0,0.0,REQ,,,,,0.0,0.0,0.0,0
487348,0.0,0.0,0.0,0.0,0.0,0.0,udp,0.0,,cs0,,63.0,,1.0,,Status,1,1,0,42,42,0,42.0,0.0,0.0,0.0,0.0,0,0,0,0.0,,,0.0,0.0,0.0,REQ,,,,,0.0,0.0,0.0,0
487363,0.0,0.0,0.0,0.0,0.0,0.0,udp,0.0,,cs0,,63.0,,1.0,,Status,1,1,0,42,42,0,42.0,0.0,0.0,0.0,0.0,0,0,0,0.0,,,0.0,0.0,0.0,REQ,,,,,0.0,0.0,0.0,0
487413,2.576124,2.576124,2.576124,2.576124,2.576124,2.576124,udp,0.0,,cs0,,63.0,,1.0,,Status,2,2,0,84,84,0,42.0,0.0,130.428513,130.428513,0.0,0,0,0,0.0,,,0.38818,0.38818,0.0,REQ,,,,,0.0,0.0,0.0,0
487467,0.0,0.0,0.0,0.0,0.0,0.0,udp,0.0,,cs0,,63.0,,1.0,,Status,1,1,0,42,42,0,42.0,0.0,0.0,0.0,0.0,0,0,0,0.0,,,0.0,0.0,0.0,REQ,,,,,0.0,0.0,0.0,0
487506,2.575597,2.575597,2.575597,2.575597,2.575597,2.575597,udp,0.0,,cs0,,63.0,,1.0,,Status,2,2,0,84,84,0,42.0,0.0,130.455185,130.455185,0.0,0,0,0,0.0,,,0.38826,0.38826,0.0,REQ,,,,,0.0,0.0,0.0,0
487517,0.0,0.0,0.0,0.0,0.0,0.0,udp,0.0,,cs0,,63.0,,1.0,,Status,1,1,0,42,42,0,42.0,0.0,0.0,0.0,0.0,0,0,0,0.0,,,0.0,0.0,0.0,REQ,,,,,0.0,0.0,0.0,0
487518,0.0,0.0,0.0,0.0,0.0,0.0,udp,0.0,,cs0,,63.0,,1.0,,Status,1,1,0,42,42,0,42.0,0.0,0.0,0.0,0.0,0,0,0,0.0,,,0.0,0.0,0.0,REQ,,,,,0.0,0.0,0.0,0
487534,2.569989,2.569989,2.569989,2.569989,2.569989,2.569989,udp,0.0,,cs0,,63.0,,1.0,,Status,2,2,0,84,84,0,42.0,0.0,130.739868,130.739868,0.0,0,0,0,0.0,,,0.389107,0.389107,0.0,REQ,,,,,0.0,0.0,0.0,0
487563,0.0,0.0,0.0,0.0,0.0,0.0,udp,0.0,,cs0,,63.0,,1.0,,Status,1,1,0,42,42,0,42.0,0.0,0.0,0.0,0.0,0,0,0,0.0,,,0.0,0.0,0.0,REQ,,,,,0.0,0.0,0.0,0
487647,0.0,0.0,0.0,0.0,0.0,0.0,udp,0.0,,cs0,,63.0,,1.0,,Status,1,1,0,42,42,0,42.0,0.0,0.0,0.0,0.0,0,0,0,0.0,,,0.0,0.0,0.0,REQ,,,,,0.0,0.0,0.0,0
487674,0.0,0.0,0.0,0.0,0.0,0.0,udp,0.0,,cs0,,63.0,,1.0,,Status,1,1,0,42,42,0,42.0,0.0,0.0,0.0,0.0,0,0,0,0.0,,,0.0,0.0,0.0,REQ,,,,,0.0,0.0,0.0,0
487800,2.577869,2.577869,2.577869,2.577869,2.577869,2.577869,udp,0.0,,cs0,,63.0,,1.0,,Status,2,2,0,84,84,0,42.0,0.0,130.340225,130.340225,0.0,0,0,0,0.0,,,0.387917,0.387917,0.0,REQ,,,,,0.0,0.0,0.0,0
487862,2.577007,2.577007,2.577007,2.577007,2.577007,2.577007,udp,0.0,,cs0,,63.0,,1.0,,Status,2,2,0,84,84,0,42.0,0.0,130.383804,130.383804,0.0,0,0,0,0.0,,,0.388047,0.388047,0.0,REQ,,,,,0.0,0.0,0.0,0
487864,2.577007,2.577007,2.577007,2.577007,2.577007,2.577007,udp,0.0,,cs0,,63.0,,1.0,,Status,2,2,0,84,84,0,42.0,0.0,130.383804,130.383804,0.0,0,0,0,0.0,,,0.388047,0.388047,0.0,REQ,,,,,0.0,0.0,0.0,0
487908,0.0,0.0,0.0,0.0,0.0,0.0,udp,0.0,,cs0,,63.0,,1.0,,Status,1,1,0,42,42,0,42.0,0.0,0.0,0.0,0.0,0,0,0,0.0,,,0.0,0.0,0.0,REQ,,,,,0.0,0.0,0.0,0
487955,2.573125,2.573125,2.573125,2.573125,2.573125,2.573125,udp,0.0,,cs0,,63.0,,1.0,,Status,2,2,0,84,84,0,42.0,0.0,130.580521,130.580521,0.0,0,0,0,0.0,,,0.388633,0.388633,0.0,REQ,,,,,0.0,0.0,0.0,0
488073,0.0,0.0,0.0,0.0,0.0,0.0,udp,0.0,,cs0,,63.0,,1.0,,Status,1,1,0,42,42,0,42.0,0.0,0.0,0.0,0.0,0,0,0,0.0,,,0.0,0.0,0.0,REQ,,,,,0.0,0.0,0.0,0
488085,0.0,0.0,0.0,0.0,0.0,0.0,udp,0.0,,cs0,,63.0,,1.0,,Status,1,1,0,42,42,0,42.0,0.0,0.0,0.0,0.0,0,0,0,0.0,,,0.0,0.0,0.0,REQ,,,,,0.0,0.0,0.0,0
488088,0.0,0.0,0.0,0.0,0.0,0.0,udp,0.0,,cs0,,63.0,,1.0,,Status,1,1,0,42,42,0,42.0,0.0,0.0,0.0,0.0,0,0,0,0.0,,,0.0,0.0,0.0,REQ,,,,,0.0,0.0,0.0,0
488123,2.577205,2.577205,2.577205,2.577205,2.577205,2.577205,udp,0.0,,cs0,,63.0,,1.0,,Status,2,2,0,84,84,0,42.0,0.0,130.373795,130.373795,0.0,0,0,0,0.0,,,0.388017,0.388017,0.0,REQ,,,,,0.0,0.0,0.0,0
488172,2.575058,2.575058,2.575058,2.575058,2.575058,2.575058,udp,0.0,,cs0,,63.0,,1.0,,Status,2,2,0,84,84,0,42.0,0.0,130.482498,130.482498,0.0,0,0,0,0.0,,,0.388341,0.388341,0.0,REQ,,,,,0.0,0.0,0.0,0
488253,2.579153,2.579153,2.579153,2.579153,2.579153,2.579153,udp,0.0,,cs0,,63.0,,1.0,,Status,2,2,0,84,84,0,42.0,0.0,130.27533,130.27533,0.0,0,0,0,0.0,,,0.387724,0.387724,0.0,REQ,,,,,0.0,0.0,0.0,0
488256,2.579153,2.579153,2.579153,2.579153,2.579153,2.579153,udp,0.0,,cs0,,63.0,,1.0,,Status,2,2,0,84,84,0,42.0,0.0,130.27533,130.27533,0.0,0,0,0,0.0,,,0.387724,0.387724,0.0,REQ,,,,,0.0,0.0,0.0,0
488296,0.0,0.0,0.0,0.0,0.0,0.0,udp,0.0,,cs0,,63.0,,1.0,,Status,1,1,0,42,42,0,42.0,0.0,0.0,0.0,0.0,0,0,0,0.0,,,0.0,0.0,0.0,REQ,,,,,0.0,0.0,0.0,0
488303,0.0,0.0,0.0,0.0,0.0,0.0,udp,0.0,,cs0,,63.0,,1.0,,Status,1,1,0,42,42,0,42.0,0.0,0.0,0.0,0.0,0,0,0,0.0,,,0.0,0.0,0.0,REQ,,,,,0.0,0.0,0.0,0
488312,2.58256,2.58256,2.58256,2.58256,2.58256,2.58256,udp,0.0,,cs0,,63.0,,1.0,,Status,2,2,0,84,84,0,42.0,0.0,130.103455,130.103455,0.0,0,0,0,0.0,,,0.387213,0.387213,0.0,REQ,,,,,0.0,0.0,0.0,0
488325,2.582103,2.582103,2.582103,2.582103,2.582103,2.582103,udp,0.0,,cs0,,63.0,,1.0,,Status,2,2,0,84,84,0,42.0,0.0,130.126495,130.126495,0.0,0,0,0,0.0,,,0.387281,0.387281,0.0,REQ,,,,,0.0,0.0,0.0,0
488425,2.577628,2.577628,2.577628,2.577628,2.577628,2.577628,udp,0.0,,cs0,,63.0,,1.0,,Status,2,2,0,84,84,0,42.0,0.0,130.352402,130.352402,0.0,0,0,0,0.0,,,0.387954,0.387954,0.0,REQ,,,,,0.0,0.0,0.0,0
488616,0.0,0.0,0.0,0.0,0.0,0.0,udp,0.0,,cs0,,63.0,,1.0,,Status,1,1,0,42,42,0,42.0,0.0,0.0,0.0,0.0,0,0,0,0.0,,,0.0,0.0,0.0,REQ,,,,,0.0,0.0,0.0,0
488719,0.0,0.0,0.0,0.0,0.0,0.0,udp,0.0,,cs0,,63.0,,1.0,,Status,1,1,0,42,42,0,42.0,0.0,0.0,0.0,0.0,0,0,0,0.0,,,0.0,0.0,0.0,REQ,,,,,0.0,0.0,0.0,0
488721,0.0,0.0,0.0,0.0,0.0,0.0,udp,0.0,,cs0,,63.0,,1.0,,Status,1,1,0,42,42,0,42.0,0.0,0.0,0.0,0.0,0,0,0,0.0,,,0.0,0.0,0.0,REQ,,,,,0.0,0.0,0.0,0
488790,0.0,0.0,0.0,0.0,0.0,0.0,udp,0.0,,cs0,,63.0,,1.0,,Status,1,1,0,42,42,0,42.0,0.0,0.0,0.0,0.0,0,0,0,0.0,,,0.0,0.0,0.0,REQ,,,,,0.0,0.0,0.0,0
488826,0.0,0.0,0.0,0.0,0.0,0.0,udp,0.0,,cs0,,63.0,,1.0,,Status,1,1,0,42,42,0,42.0,0.0,0.0,0.0,0.0,0,0,0,0.0,,,0.0,0.0,0.0,REQ,,,,,0.0,0.0,0.0,0
488828,0.0,0.0,0.0,0.0,0.0,0.0,udp,0.0,,cs0,,63.0,,1.0,,Status,1,1,0,42,42,0,42.0,0.0,0.0,0.0,0.0,0,0,0,0.0,,,0.0,0.0,0.0,REQ,,,,,0.0,0.0,0.0,0
488848,2.577651,2.577651,2.577651,2.577651,2.577651,2.577651,udp,0.0,,cs0,,63.0,,1.0,,Status,2,2,0,84,84,0,42.0,0.0,130.351242,130.351242,0.0,0,0,0,0.0,,,0.38795,0.38795,0.0,REQ,,,,,0.0,0.0,0.0,0
488915,0.0,0.0,0.0,0.0,0.0,0.0,udp,0.0,,cs0,,63.0,,1.0,,Status,1,1,0,42,42,0,42.0,0.0,0.0,0.0,0.0,0,0,0,0.0,,,0.0,0.0,0.0,REQ,,,,,0.0,0.0,0.0,0
488969,2.572661,2.572661,2.572661,2.572661,2.572661,2.572661,udp,0.0,,cs0,,63.0,,1.0,,Status,2,2,0,84,84,0,42.0,0.0,130.60408,130.60408,0.0,0,0,0,0.0,,,0.388703,0.388703,0.0,REQ,,,,,0.0,0.0,0.0,0
488971,0.0,0.0,0.0,0.0,0.0,0.0,udp,0.0,,cs0,,63.0,,1.0,,Status,1,1,0,42,42,0,42.0,0.0,0.0,0.0,0.0,0,0,0,0.0,,,0.0,0.0,0.0,REQ,,,,,0.0,0.0,0.0,0
488987,0.0,0.0,0.0,0.0,0.0,0.0,udp,0.0,,cs0,,63.0,,1.0,,Status,1,1,0,42,42,0,42.0,0.0,0.0,0.0,0.0,0,0,0,0.0,,,0.0,0.0,0.0,REQ,,,,,0.0,0.0,0.0,0
489034,0.0,0.0,0.0,0.0,0.0,0.0,udp,0.0,,cs0,,63.0,,1.0,,Status,1,1,0,42,42,0,42.0,0.0,0.0,0.0,0.0,0,0,0,0.0,,,0.0,0.0,0.0,REQ,,,,,0.0,0.0,0.0,0
489041,2.576874,2.576874,2.576874,2.576874,2.576874,2.576874,udp,0.0,,cs0,,63.0,,1.0,,Status,2,2,0,84,84,0,42.0,0.0,130.390549,130.390549,0.0,0,0,0,0.0,,,0.388067,0.388067,0.0,REQ,,,,,0.0,0.0,0.0,0
489055,2.578972,2.578972,2.578972,2.578972,2.578972,2.578972,udp,0.0,,cs0,,63.0,,1.0,,Status,2,2,0,84,84,0,42.0,0.0,130.28447,130.28447,0.0,0,0,0,0.0,,,0.387751,0.387751,0.0,REQ,,,,,0.0,0.0,0.0,0
489099,0.0,0.0,0.0,0.0,0.0,0.0,udp,0.0,,cs0,,63.0,,1.0,,Status,1,1,0,42,42,0,42.0,0.0,0.0,0.0,0.0,0,0,0,0.0,,,0.0,0.0,0.0,REQ,,,,,0.0,0.0,0.0,0
489159,0.0,0.0,0.0,0.0,0.0,0.0,udp,0.0,,cs0,,63.0,,1.0,,Status,1,1,0,42,42,0,42.0,0.0,0.0,0.0,0.0,0,0,0,0.0,,,0.0,0.0,0.0,REQ,,,,,0.0,0.0,0.0,0
489190,0.0,0.0,0.0,0.0,0.0,0.0,udp,0.0,,cs0,,63.0,,1.0,,Status,1,1,0,42,42,0,42.0,0.0,0.0,0.0,0.0,0,0,0,0.0,,,0.0,0.0,0.0,REQ,,,,,0.0,0.0,0.0,0
489249,2.574403,2.574403,2.574403,2.574403,2.574403,2.574403,udp,0.0,,cs0,,63.0,,1.0,,Status,2,2,0,84,84,0,42.0,0.0,130.515701,130.515701,0.0,0,0,0,0.0,,,0.38844,0.38844,0.0,REQ,,,,,0.0,0.0,0.0,0
489290,2.574202,2.574202,2.574202,2.574202,2.574202,2.574202,udp,0.0,,cs0,,63.0,,1.0,,Status,2,2,0,84,84,0,42.0,0.0,130.525879,130.525879,0.0,0,0,0,0.0,,,0.38847,0.38847,0.0,REQ,,,,,0.0,0.0,0.0,0
489350,0.0,0.0,0.0,0.0,0.0,0.0,udp,0.0,,cs0,,63.0,,1.0,,Status,1,1,0,42,42,0,42.0,0.0,0.0,0.0,0.0,0,0,0,0.0,,,0.0,0.0,0.0,REQ,,,,,0.0,0.0,0.0,0
489357,0.0,0.0,0.0,0.0,0.0,0.0,udp,0.0,,cs0,,63.0,,1.0,,Status,1,1,0,42,42,0,42.0,0.0,0.0,0.0,0.0,0,0,0,0.0,,,0.0,0.0,0.0,REQ,,,,,0.0,0.0,0.0,0
489374,0.0,0.0,0.0,0.0,0.0,0.0,udp,0.0,,cs0,,63.0,,1.0,,Status,1,1,0,42,42,0,42.0,0.0,0.0,0.0,0.0,0,0,0,0.0,,,0.0,0.0,0.0,REQ,,,,,0.0,0.0,0.0,0
489399,0.0,0.0,0.0,0.0,0.0,0.0,udp,0.0,,cs0,,63.0,,1.0,,Status,1,1,0,42,42,0,42.0,0.0,0.0,0.0,0.0,0,0,0,0.0,,,0.0,0.0,0.0,REQ,,,,,0.0,0.0,0.0,0
489403,0.0,0.0,0.0,0.0,0.0,0.0,udp,0.0,,cs0,,63.0,,1.0,,Status,1,1,0,42,42,0,42.0,0.0,0.0,0.0,0.0,0,0,0,0.0,,,0.0,0.0,0.0,REQ,,,,,0.0,0.0,0.0,0
489461,2.577222,2.577222,2.577222,2.577222,2.577222,2.577222,udp,0.0,,cs0,,63.0,,1.0,,Status,2,2,0,84,84,0,42.0,0.0,130.372925,130.372925,0.0,0,0,0,0.0,,,0.388015,0.388015,0.0,REQ,,,,,0.0,0.0,0.0,0
489582,2.57602,2.57602,2.57602,2.57602,2.57602,2.57602,udp,0.0,,cs0,,63.0,,1.0,,Status,2,2,0,84,84,0,42.0,0.0,130.433777,130.433777,0.0,0,0,0,0.0,,,0.388196,0.388196,0.0,REQ,,,,,0.0,0.0,0.0,0
489606,2.576045,2.576045,2.576045,2.576045,2.576045,2.576045,udp,0.0,,cs0,,63.0,,1.0,,Status,2,2,0,84,84,0,42.0,0.0,130.432495,130.432495,0.0,0,0,0,0.0,,,0.388192,0.388192,0.0,REQ,,,,,0.0,0.0,0.0,0
489634,0.0,0.0,0.0,0.0,0.0,0.0,udp,0.0,,cs0,,63.0,,1.0,,Status,1,1,0,42,42,0,42.0,0.0,0.0,0.0,0.0,0,0,0,0.0,,,0.0,0.0,0.0,REQ,,,,,0.0,0.0,0.0,0
489643,0.0,0.0,0.0,0.0,0.0,0.0,udp,0.0,,cs0,,63.0,,1.0,,Status,1,1,0,42,42,0,42.0,0.0,0.0,0.0,0.0,0,0,0,0.0,,,0.0,0.0,0.0,REQ,,,,,0.0,0.0,0.0,0
489672,2.575799,2.575799,2.575799,2.575799,2.575799,2.575799,udp,0.0,,cs0,,63.0,,1.0,,Status,2,2,0,84,84,0,42.0,0.0,130.444962,130.444962,0.0,0,0,0,0.0,,,0.388229,0.388229,0.0,REQ,,,,,0.0,0.0,0.0,0
489798,0.0,0.0,0.0,0.0,0.0,0.0,udp,0.0,,cs0,,63.0,,1.0,,Status,1,1,0,42,42,0,42.0,0.0,0.0,0.0,0.0,0,0,0,0.0,,,0.0,0.0,0.0,REQ,,,,,0.0,0.0,0.0,0
489866,2.575137,2.575137,2.575137,2.575137,2.575137,2.575137,udp,0.0,,cs0,,63.0,,1.0,,Status,2,2,0,84,84,0,42.0,0.0,130.4785,130.4785,0.0,0,0,0,0.0,,,0.388329,0.388329,0.0,REQ,,,,,0.0,0.0,0.0,0
489909,2.573234,2.573234,2.573234,2.573234,2.573234,2.573234,udp,0.0,,cs0,,63.0,,1.0,,Status,2,2,0,84,84,0,42.0,0.0,130.574982,130.574982,0.0,0,0,0,0.0,,,0.388616,0.388616,0.0,REQ,,,,,0.0,0.0,0.0,0
489920,2.573201,2.573201,2.573201,2.573201,2.573201,2.573201,udp,0.0,,cs0,,63.0,,1.0,,Status,2,2,0,84,84,0,42.0,0.0,130.57666,130.57666,0.0,0,0,0,0.0,,,0.388621,0.388621,0.0,REQ,,,,,0.0,0.0,0.0,0
489987,0.0,0.0,0.0,0.0,0.0,0.0,udp,0.0,,cs0,,63.0,,1.0,,Status,1,1,0,42,42,0,42.0,0.0,0.0,0.0,0.0,0,0,0,0.0,,,0.0,0.0,0.0,REQ,,,,,0.0,0.0,0.0,0
490042,0.0,0.0,0.0,0.0,0.0,0.0,udp,0.0,,cs0,,63.0,,1.0,,Status,1,1,0,42,42,0,42.0,0.0,0.0,0.0,0.0,0,0,0,0.0,,,0.0,0.0,0.0,REQ,,,,,0.0,0.0,0.0,0
490069,0.0,0.0,0.0,0.0,0.0,0.0,udp,0.0,,cs0,,63.0,,1.0,,Status,1,1,0,42,42,0,42.0,0.0,0.0,0.0,0.0,0,0,0,0.0,,,0.0,0.0,0.0,REQ,,,,,0.0,0.0,0.0,0
490100,2.571782,2.571782,2.571782,2.571782,2.571782,2.571782,udp,0.0,,cs0,,63.0,,1.0,,Status,2,2,0,84,84,0,42.0,0.0,130.648697,130.648697,0.0,0,0,0,0.0,,,0.388835,0.388835,0.0,REQ,,,,,0.0,0.0,0.0,0
490115,2.576821,2.576821,2.576821,2.576821,2.576821,2.576821,udp,0.0,,cs0,,63.0,,1.0,,Status,2,2,0,84,84,0,42.0,0.0,130.393219,130.393219,0.0,0,0,0,0.0,,,0.388075,0.388075,0.0,REQ,,,,,0.0,0.0,0.0,0
490121,2.576812,2.576812,2.576812,2.576812,2.576812,2.576812,udp,0.0,,cs0,,63.0,,1.0,,Status,2,2,0,84,84,0,42.0,0.0,130.393677,130.393677,0.0,0,0,0,0.0,,,0.388076,0.388076,0.0,REQ,,,,,0.0,0.0,0.0,0
490126,2.576825,2.576825,2.576825,2.576825,2.576825,2.576825,udp,0.0,,cs0,,63.0,,1.0,,Status,2,2,0,84,84,0,42.0,0.0,130.393021,130.393021,0.0,0,0,0,0.0,,,0.388074,0.388074,0.0,REQ,,,,,0.0,0.0,0.0,0
490138,2.573511,2.573511,2.573511,2.573511,2.573511,2.573511,udp,0.0,,cs0,,63.0,,1.0,,Status,2,2,0,84,84,0,42.0,0.0,130.560944,130.560944,0.0,0,0,0,0.0,,,0.388574,0.388574,0.0,REQ,,,,,0.0,0.0,0.0,0
490282,2.577062,2.577062,2.577062,2.577062,2.577062,2.577062,udp,0.0,,cs0,,63.0,,1.0,,Status,2,2,0,84,84,0,42.0,0.0,130.381042,130.381042,0.0,0,0,0,0.0,,,0.388039,0.388039,0.0,REQ,,,,,0.0,0.0,0.0,0
490320,2.571934,2.571934,2.571934,2.571934,2.571934,2.571934,udp,0.0,,cs0,,63.0,,1.0,,Status,2,2,0,84,84,0,42.0,0.0,130.640991,130.640991,0.0,0,0,0,0.0,,,0.388812,0.388812,0.0,REQ,,,,,0.0,0.0,0.0,0
490321,2.571934,2.571934,2.571934,2.571934,2.571934,2.571934,udp,0.0,,cs0,,63.0,,1.0,,Status,2,2,0,84,84,0,42.0,0.0,130.640991,130.640991,0.0,0,0,0,0.0,,,0.388812,0.388812,0.0,REQ,,,,,0.0,0.0,0.0,0
490417,2.576171,2.576171,2.576171,2.576171,2.576171,2.576171,udp,0.0,,cs0,,63.0,,1.0,,Status,2,2,0,84,84,0,42.0,0.0,130.426132,130.426132,0.0,0,0,0,0.0,,,0.388173,0.388173,0.0,REQ,,,,,0.0,0.0,0.0,0
490561,2.572076,2.572076,2.572076,2.572076,2.572076,2.572076,udp,0.0,,cs0,,63.0,,1.0,,Status,2,2,0,84,84,0,42.0,0.0,130.633774,130.633774,0.0,0,0,0,0.0,,,0.388791,0.388791,0.0,REQ,,,,,0.0,0.0,0.0,0
490583,0.0,0.0,0.0,0.0,0.0,0.0,udp,0.0,,cs0,,63.0,,1.0,,Status,1,1,0,42,42,0,42.0,0.0,0.0,0.0,0.0,0,0,0,0.0,,,0.0,0.0,0.0,REQ,,,,,0.0,0.0,0.0,0
490589,2.574718,2.574718,2.574718,2.574718,2.574718,2.574718,udp,0.0,,cs0,,63.0,,1.0,,Status,2,2,0,84,84,0,42.0,0.0,130.499725,130.499725,0.0,0,0,0,0.0,,,0.388392,0.388392,0.0,REQ,,,,,0.0,0.0,0.0,0
490618,0.0,0.0,0.0,0.0,0.0,0.0,udp,0.0,,cs0,,63.0,,1.0,,Status,1,1,0,42,42,0,42.0,0.0,0.0,0.0,0.0,0,0,0,0.0,,,0.0,0.0,0.0,REQ,,,,,0.0,0.0,0.0,0
490633,2.57335,2.57335,2.57335,2.57335,2.57335,2.57335,udp,0.0,,cs0,,63.0,,1.0,,Status,2,2,0,84,84,0,42.0,0.0,130.569107,130.569107,0.0,0,0,0,0.0,,,0.388599,0.388599,0.0,REQ,,,,,0.0,0.0,0.0,0
490639,2.569903,2.569903,2.569903,2.569903,2.569903,2.569903,udp,0.0,,cs0,,63.0,,1.0,,Status,2,2,0,84,84,0,42.0,0.0,130.744232,130.744232,0.0,0,0,0,0.0,,,0.38912,0.38912,0.0,REQ,,,,,0.0,0.0,0.0,0
490737,0.0,0.0,0.0,0.0,0.0,0.0,udp,0.0,,cs0,,63.0,,1.0,,Status,1,1,0,42,42,0,42.0,0.0,0.0,0.0,0.0,0,0,0,0.0,,,0.0,0.0,0.0,REQ,,,,,0.0,0.0,0.0,0
490767,2.573242,2.573242,2.573242,2.573242,2.573242,2.573242,udp,0.0,,cs0,,63.0,,1.0,,Status,2,2,0,84,84,0,42.0,0.0,130.574585,130.574585,0.0,0,0,0,0.0,,,0.388615,0.388615,0.0,REQ,,,,,0.0,0.0,0.0,0
490873,0.0,0.0,0.0,0.0,0.0,0.0,udp,0.0,,cs0,,63.0,,1.0,,Status,1,1,0,42,42,0,42.0,0.0,0.0,0.0,0.0,0,0,0,0.0,,,0.0,0.0,0.0,REQ,,,,,0.0,0.0,0.0,0
490887,0.0,0.0,0.0,0.0,0.0,0.0,udp,0.0,,cs0,,63.0,,1.0,,Status,1,1,0,42,42,0,42.0,0.0,0.0,0.0,0.0,0,0,0,0.0,,,0.0,0.0,0.0,REQ,,,,,0.0,0.0,0.0,0
491102,2.574887,2.574887,2.574887,2.574887,2.574887,2.574887,udp,0.0,,cs0,,63.0,,1.0,,Status,2,2,0,84,84,0,42.0,0.0,130.491165,130.491165,0.0,0,0,0,0.0,,,0.388367,0.388367,0.0,REQ,,,,,0.0,0.0,0.0,0
491199,0.0,0.0,0.0,0.0,0.0,0.0,udp,0.0,,cs0,,63.0,,1.0,,Status,1,1,0,42,42,0,42.0,0.0,0.0,0.0,0.0,0,0,0,0.0,,,0.0,0.0,0.0,REQ,,,,,0.0,0.0,0.0,0
491281,0.0,0.0,0.0,0.0,0.0,0.0,udp,0.0,,cs0,,63.0,,1.0,,Status,1,1,0,42,42,0,42.0,0.0,0.0,0.0,0.0,0,0,0,0.0,,,0.0,0.0,0.0,REQ,,,,,0.0,0.0,0.0,0
491291,0.0,0.0,0.0,0.0,0.0,0.0,udp,0.0,,cs0,,63.0,,1.0,,Status,1,1,0,42,42,0,42.0,0.0,0.0,0.0,0.0,0,0,0,0.0,,,0.0,0.0,0.0,REQ,,,,,0.0,0.0,0.0,0
491310,0.0,0.0,0.0,0.0,0.0,0.0,udp,0.0,,cs0,,63.0,,1.0,,Status,1,1,0,42,42,0,42.0,0.0,0.0,0.0,0.0,0,0,0,0.0,,,0.0,0.0,0.0,REQ,,,,,0.0,0.0,0.0,0
491337,0.0,0.0,0.0,0.0,0.0,0.0,udp,0.0,,cs0,,63.0,,1.0,,Status,1,1,0,42,42,0,42.0,0.0,0.0,0.0,0.0,0,0,0,0.0,,,0.0,0.0,0.0,REQ,,,,,0.0,0.0,0.0,0
491374,0.0,0.0,0.0,0.0,0.0,0.0,udp,0.0,,cs0,,63.0,,1.0,,Status,1,1,0,42,42,0,42.0,0.0,0.0,0.0,0.0,0,0,0,0.0,,,0.0,0.0,0.0,REQ,,,,,0.0,0.0,0.0,0
491436,0.0,0.0,0.0,0.0,0.0,0.0,udp,0.0,,cs0,,63.0,,1.0,,Status,1,1,0,42,42,0,42.0,0.0,0.0,0.0,0.0,0,0,0,0.0,,,0.0,0.0,0.0,REQ,,,,,0.0,0.0,0.0,0
491493,0.0,0.0,0.0,0.0,0.0,0.0,udp,0.0,,cs0,,63.0,,1.0,,Status,1,1,0,42,42,0,42.0,0.0,0.0,0.0,0.0,0,0,0,0.0,,,0.0,0.0,0.0,REQ,,,,,0.0,0.0,0.0,0
491549,0.0,0.0,0.0,0.0,0.0,0.0,udp,0.0,,cs0,,63.0,,1.0,,Status,1,1,0,42,42,0,42.0,0.0,0.0,0.0,0.0,0,0,0,0.0,,,0.0,0.0,0.0,REQ,,,,,0.0,0.0,0.0,0
491707,0.0,0.0,0.0,0.0,0.0,0.0,udp,0.0,,cs0,,63.0,,1.0,,Status,1,1,0,42,42,0,42.0,0.0,0.0,0.0,0.0,0,0,0,0.0,,,0.0,0.0,0.0,REQ,,,,,0.0,0.0,0.0,0
491714,0.0,0.0,0.0,0.0,0.0,0.0,udp,0.0,,cs0,,63.0,,1.0,,Status,1,1,0,42,42,0,42.0,0.0,0.0,0.0,0.0,0,0,0,0.0,,,0.0,0.0,0.0,REQ,,,,,0.0,0.0,0.0,0
491829,0.0,0.0,0.0,0.0,0.0,0.0,udp,0.0,,cs0,,63.0,,1.0,,Status,1,1,0,42,42,0,42.0,0.0,0.0,0.0,0.0,0,0,0,0.0,,,0.0,0.0,0.0,REQ,,,,,0.0,0.0,0.0,0
491832,0.0,0.0,0.0,0.0,0.0,0.0,udp,0.0,,cs0,,63.0,,1.0,,Status,1,1,0,42,42,0,42.0,0.0,0.0,0.0,0.0,0,0,0,0.0,,,0.0,0.0,0.0,REQ,,,,,0.0,0.0,0.0,0
491844,0.0,0.0,0.0,0.0,0.0,0.0,udp,0.0,,cs0,,63.0,,1.0,,Status,1,1,0,42,42,0,42.0,0.0,0.0,0.0,0.0,0,0,0,0.0,,,0.0,0.0,0.0,REQ,,,,,0.0,0.0,0.0,0
491879,0.0,0.0,0.0,0.0,0.0,0.0,udp,0.0,,cs0,,63.0,,1.0,,Status,1,1,0,42,42,0,42.0,0.0,0.0,0.0,0.0,0,0,0,0.0,,,0.0,0.0,0.0,REQ,,,,,0.0,0.0,0.0,0
491889,0.0,0.0,0.0,0.0,0.0,0.0,udp,0.0,,cs0,,63.0,,1.0,,Status,1,1,0,42,42,0,42.0,0.0,0.0,0.0,0.0,0,0,0,0.0,,,0.0,0.0,0.0,REQ,,,,,0.0,0.0,0.0,0
491897,0.0,0.0,0.0,0.0,0.0,0.0,udp,0.0,,cs0,,63.0,,1.0,,Status,1,1,0,42,42,0,42.0,0.0,0.0,0.0,0.0,0,0,0,0.0,,,0.0,0.0,0.0,REQ,,,,,0.0,0.0,0.0,0
492134,0.0,0.0,0.0,0.0,0.0,0.0,udp,0.0,,cs0,,63.0,,1.0,,Status,1,1,0,42,42,0,42.0,0.0,0.0,0.0,0.0,0,0,0,0.0,,,0.0,0.0,0.0,REQ,,,,,0.0,0.0,0.0,0
492146,0.0,0.0,0.0,0.0,0.0,0.0,udp,0.0,,cs0,,63.0,,1.0,,Status,1,1,0,42,42,0,42.0,0.0,0.0,0.0,0.0,0,0,0,0.0,,,0.0,0.0,0.0,REQ,,,,,0.0,0.0,0.0,0
492219,0.0,0.0,0.0,0.0,0.0,0.0,udp,0.0,,cs0,,63.0,,1.0,,Status,1,1,0,42,42,0,42.0,0.0,0.0,0.0,0.0,0,0,0,0.0,,,0.0,0.0,0.0,REQ,,,,,0.0,0.0,0.0,0
492252,0.0,0.0,0.0,0.0,0.0,0.0,udp,0.0,,cs0,,63.0,,1.0,,Status,1,1,0,42,42,0,42.0,0.0,0.0,0.0,0.0,0,0,0,0.0,,,0.0,0.0,0.0,REQ,,,,,0.0,0.0,0.0,0
492261,0.0,0.0,0.0,0.0,0.0,0.0,udp,0.0,,cs0,,63.0,,1.0,,Status,1,1,0,42,42,0,42.0,0.0,0.0,0.0,0.0,0,0,0,0.0,,,0.0,0.0,0.0,REQ,,,,,0.0,0.0,0.0,0
492386,0.0,0.0,0.0,0.0,0.0,0.0,udp,0.0,,cs0,,63.0,,1.0,,Status,1,1,0,42,42,0,42.0,0.0,0.0,0.0,0.0,0,0,0,0.0,,,0.0,0.0,0.0,REQ,,,,,0.0,0.0,0.0,0
492397,0.0,0.0,0.0,0.0,0.0,0.0,udp,0.0,,cs0,,63.0,,1.0,,Status,1,1,0,42,42,0,42.0,0.0,0.0,0.0,0.0,0,0,0,0.0,,,0.0,0.0,0.0,REQ,,,,,0.0,0.0,0.0,0
492479,0.0,0.0,0.0,0.0,0.0,0.0,udp,0.0,,cs0,,63.0,,1.0,,Status,1,1,0,42,42,0,42.0,0.0,0.0,0.0,0.0,0,0,0,0.0,,,0.0,0.0,0.0,REQ,,,,,0.0,0.0,0.0,0
492552,0.0,0.0,0.0,0.0,0.0,0.0,udp,0.0,,cs0,,63.0,,1.0,,Status,1,1,0,42,42,0,42.0,0.0,0.0,0.0,0.0,0,0,0,0.0,,,0.0,0.0,0.0,REQ,,,,,0.0,0.0,0.0,0
492605,0.0,0.0,0.0,0.0,0.0,0.0,udp,0.0,,cs0,,63.0,,1.0,,Status,1,1,0,42,42,0,42.0,0.0,0.0,0.0,0.0,0,0,0,0.0,,,0.0,0.0,0.0,REQ,,,,,0.0,0.0,0.0,0
492683,0.0,0.0,0.0,0.0,0.0,0.0,udp,0.0,,cs0,,63.0,,1.0,,Status,1,1,0,42,42,0,42.0,0.0,0.0,0.0,0.0,0,0,0,0.0,,,0.0,0.0,0.0,REQ,,,,,0.0,0.0,0.0,0
492716,0.0,0.0,0.0,0.0,0.0,0.0,udp,0.0,,cs0,,63.0,,1.0,,Status,1,1,0,42,42,0,42.0,0.0,0.0,0.0,0.0,0,0,0,0.0,,,0.0,0.0,0.0,REQ,,,,,0.0,0.0,0.0,0
492747,0.0,0.0,0.0,0.0,0.0,0.0,udp,0.0,,cs0,,63.0,,1.0,,Status,1,1,0,42,42,0,42.0,0.0,0.0,0.0,0.0,0,0,0,0.0,,,0.0,0.0,0.0,REQ,,,,,0.0,0.0,0.0,0
492794,0.0,0.0,0.0,0.0,0.0,0.0,udp,0.0,,cs0,,63.0,,1.0,,Status,1,1,0,42,42,0,42.0,0.0,0.0,0.0,0.0,0,0,0,0.0,,,0.0,0.0,0.0,REQ,,,,,0.0,0.0,0.0,0
492813,0.0,0.0,0.0,0.0,0.0,0.0,udp,0.0,,cs0,,63.0,,1.0,,Status,1,1,0,42,42,0,42.0,0.0,0.0,0.0,0.0,0,0,0,0.0,,,0.0,0.0,0.0,REQ,,,,,0.0,0.0,0.0,0
492835,0.0,0.0,0.0,0.0,0.0,0.0,udp,0.0,,cs0,,63.0,,1.0,,Status,1,1,0,42,42,0,42.0,0.0,0.0,0.0,0.0,0,0,0,0.0,,,0.0,0.0,0.0,REQ,,,,,0.0,0.0,0.0,0
492886,0.0,0.0,0.0,0.0,0.0,0.0,udp,0.0,,cs0,,63.0,,1.0,,Status,1,1,0,42,42,0,42.0,0.0,0.0,0.0,0.0,0,0,0,0.0,,,0.0,0.0,0.0,REQ,,,,,0.0,0.0,0.0,0
492948,0.0,0.0,0.0,0.0,0.0,0.0,udp,0.0,,cs0,,63.0,,1.0,,Status,1,1,0,42,42,0,42.0,0.0,0.0,0.0,0.0,0,0,0,0.0,,,0.0,0.0,0.0,REQ,,,,,0.0,0.0,0.0,0
493014,0.0,0.0,0.0,0.0,0.0,0.0,udp,0.0,,cs0,,63.0,,1.0,,Status,1,1,0,42,42,0,42.0,0.0,0.0,0.0,0.0,0,0,0,0.0,,,0.0,0.0,0.0,REQ,,,,,0.0,0.0,0.0,0
493051,0.0,0.0,0.0,0.0,0.0,0.0,udp,0.0,,cs0,,63.0,,1.0,,Status,1,1,0,42,42,0,42.0,0.0,0.0,0.0,0.0,0,0,0,0.0,,,0.0,0.0,0.0,REQ,,,,,0.0,0.0,0.0,0
493053,0.0,0.0,0.0,0.0,0.0,0.0,udp,0.0,,cs0,,63.0,,1.0,,Status,1,1,0,42,42,0,42.0,0.0,0.0,0.0,0.0,0,0,0,0.0,,,0.0,0.0,0.0,REQ,,,,,0.0,0.0,0.0,0
493159,0.0,0.0,0.0,0.0,0.0,0.0,udp,0.0,,cs0,,63.0,,1.0,,Status,1,1,0,42,42,0,42.0,0.0,0.0,0.0,0.0,0,0,0,0.0,,,0.0,0.0,0.0,REQ,,,,,0.0,0.0,0.0,0
493171,0.0,0.0,0.0,0.0,0.0,0.0,udp,0.0,,cs0,,63.0,,1.0,,Status,1,1,0,42,42,0,42.0,0.0,0.0,0.0,0.0,0,0,0,0.0,,,0.0,0.0,0.0,REQ,,,,,0.0,0.0,0.0,0
493316,0.0,0.0,0.0,0.0,0.0,0.0,udp,0.0,,cs0,,63.0,,1.0,,Status,1,1,0,42,42,0,42.0,0.0,0.0,0.0,0.0,0,0,0,0.0,,,0.0,0.0,0.0,REQ,,,,,0.0,0.0,0.0,0
493396,0.0,0.0,0.0,0.0,0.0,0.0,udp,0.0,,cs0,,63.0,,1.0,,Status,1,1,0,42,42,0,42.0,0.0,0.0,0.0,0.0,0,0,0,0.0,,,0.0,0.0,0.0,REQ,,,,,0.0,0.0,0.0,0
493410,0.0,0.0,0.0,0.0,0.0,0.0,udp,0.0,,cs0,,63.0,,1.0,,Status,1,1,0,42,42,0,42.0,0.0,0.0,0.0,0.0,0,0,0,0.0,,,0.0,0.0,0.0,REQ,,,,,0.0,0.0,0.0,0
493422,0.0,0.0,0.0,0.0,0.0,0.0,udp,0.0,,cs0,,63.0,,1.0,,Status,1,1,0,42,42,0,42.0,0.0,0.0,0.0,0.0,0,0,0,0.0,,,0.0,0.0,0.0,REQ,,,,,0.0,0.0,0.0,0
493426,0.0,0.0,0.0,0.0,0.0,0.0,udp,0.0,,cs0,,63.0,,1.0,,Status,1,1,0,42,42,0,42.0,0.0,0.0,0.0,0.0,0,0,0,0.0,,,0.0,0.0,0.0,REQ,,,,,0.0,0.0,0.0,0
493443,0.0,0.0,0.0,0.0,0.0,0.0,udp,0.0,,cs0,,63.0,,1.0,,Status,1,1,0,42,42,0,42.0,0.0,0.0,0.0,0.0,0,0,0,0.0,,,0.0,0.0,0.0,REQ,,,,,0.0,0.0,0.0,0
493573,0.0,0.0,0.0,0.0,0.0,0.0,udp,0.0,,cs0,,63.0,,1.0,,Status,1,1,0,42,42,0,42.0,0.0,0.0,0.0,0.0,0,0,0,0.0,,,0.0,0.0,0.0,REQ,,,,,0.0,0.0,0.0,0
493582,0.0,0.0,0.0,0.0,0.0,0.0,udp,0.0,,cs0,,63.0,,1.0,,Status,1,1,0,42,42,0,42.0,0.0,0.0,0.0,0.0,0,0,0,0.0,,,0.0,0.0,0.0,REQ,,,,,0.0,0.0,0.0,0
493598,0.0,0.0,0.0,0.0,0.0,0.0,udp,0.0,,cs0,,63.0,,1.0,,Status,1,1,0,42,42,0,42.0,0.0,0.0,0.0,0.0,0,0,0,0.0,,,0.0,0.0,0.0,REQ,,,,,0.0,0.0,0.0,0
493744,0.0,0.0,0.0,0.0,0.0,0.0,udp,0.0,,cs0,,63.0,,1.0,,Status,1,1,0,42,42,0,42.0,0.0,0.0,0.0,0.0,0,0,0,0.0,,,0.0,0.0,0.0,REQ,,,,,0.0,0.0,0.0,0
493887,0.0,0.0,0.0,0.0,0.0,0.0,udp,0.0,,cs0,,63.0,,1.0,,Status,1,1,0,42,42,0,42.0,0.0,0.0,0.0,0.0,0,0,0,0.0,,,0.0,0.0,0.0,REQ,,,,,0.0,0.0,0.0,0
493990,0.0,0.0,0.0,0.0,0.0,0.0,udp,0.0,,cs0,,63.0,,1.0,,Status,1,1,0,42,42,0,42.0,0.0,0.0,0.0,0.0,0,0,0,0.0,,,0.0,0.0,0.0,REQ,,,,,0.0,0.0,0.0,0
494032,0.0,0.0,0.0,0.0,0.0,0.0,udp,0.0,,cs0,,63.0,,1.0,,Status,1,1,0,42,42,0,42.0,0.0,0.0,0.0,0.0,0,0,0,0.0,,,0.0,0.0,0.0,REQ,,,,,0.0,0.0,0.0,0
494060,0.0,0.0,0.0,0.0,0.0,0.0,udp,0.0,,cs0,,63.0,,1.0,,Status,1,1,0,42,42,0,42.0,0.0,0.0,0.0,0.0,0,0,0,0.0,,,0.0,0.0,0.0,REQ,,,,,0.0,0.0,0.0,0
494179,0.0,0.0,0.0,0.0,0.0,0.0,udp,0.0,,cs0,,63.0,,1.0,,Status,1,1,0,42,42,0,42.0,0.0,0.0,0.0,0.0,0,0,0,0.0,,,0.0,0.0,0.0,REQ,,,,,0.0,0.0,0.0,0
494235,0.0,0.0,0.0,0.0,0.0,0.0,udp,0.0,,cs0,,63.0,,1.0,,Status,1,1,0,42,42,0,42.0,0.0,0.0,0.0,0.0,0,0,0,0.0,,,0.0,0.0,0.0,REQ,,,,,0.0,0.0,0.0,0
494252,0.0,0.0,0.0,0.0,0.0,0.0,udp,0.0,,cs0,,63.0,,1.0,,Status,1,1,0,42,42,0,42.0,0.0,0.0,0.0,0.0,0,0,0,0.0,,,0.0,0.0,0.0,REQ,,,,,0.0,0.0,0.0,0
494257,0.0,0.0,0.0,0.0,0.0,0.0,udp,0.0,,cs0,,63.0,,1.0,,Status,1,1,0,42,42,0,42.0,0.0,0.0,0.0,0.0,0,0,0,0.0,,,0.0,0.0,0.0,REQ,,,,,0.0,0.0,0.0,0
494281,0.0,0.0,0.0,0.0,0.0,0.0,udp,0.0,,cs0,,63.0,,1.0,,Status,1,1,0,42,42,0,42.0,0.0,0.0,0.0,0.0,0,0,0,0.0,,,0.0,0.0,0.0,REQ,,,,,0.0,0.0,0.0,0
494322,0.0,0.0,0.0,0.0,0.0,0.0,udp,0.0,,cs0,,63.0,,1.0,,Status,1,1,0,42,42,0,42.0,0.0,0.0,0.0,0.0,0,0,0,0.0,,,0.0,0.0,0.0,REQ,,,,,0.0,0.0,0.0,0
494324,0.0,0.0,0.0,0.0,0.0,0.0,udp,0.0,,cs0,,63.0,,1.0,,Status,1,1,0,42,42,0,42.0,0.0,0.0,0.0,0.0,0,0,0,0.0,,,0.0,0.0,0.0,REQ,,,,,0.0,0.0,0.0,0
494352,0.0,0.0,0.0,0.0,0.0,0.0,udp,0.0,,cs0,,63.0,,1.0,,Status,1,1,0,42,42,0,42.0,0.0,0.0,0.0,0.0,0,0,0,0.0,,,0.0,0.0,0.0,REQ,,,,,0.0,0.0,0.0,0
494355,0.0,0.0,0.0,0.0,0.0,0.0,udp,0.0,,cs0,,63.0,,1.0,,Status,1,1,0,42,42,0,42.0,0.0,0.0,0.0,0.0,0,0,0,0.0,,,0.0,0.0,0.0,REQ,,,,,0.0,0.0,0.0,0
494368,0.0,0.0,0.0,0.0,0.0,0.0,udp,0.0,,cs0,,63.0,,1.0,,Status,1,1,0,42,42,0,42.0,0.0,0.0,0.0,0.0,0,0,0,0.0,,,0.0,0.0,0.0,REQ,,,,,0.0,0.0,0.0,0
494383,0.0,0.0,0.0,0.0,0.0,0.0,udp,0.0,,cs0,,63.0,,1.0,,Status,1,1,0,42,42,0,42.0,0.0,0.0,0.0,0.0,0,0,0,0.0,,,0.0,0.0,0.0,REQ,,,,,0.0,0.0,0.0,0
494393,0.0,0.0,0.0,0.0,0.0,0.0,udp,0.0,,cs0,,63.0,,1.0,,Status,1,1,0,42,42,0,42.0,0.0,0.0,0.0,0.0,0,0,0,0.0,,,0.0,0.0,0.0,REQ,,,,,0.0,0.0,0.0,0
494409,0.0,0.0,0.0,0.0,0.0,0.0,udp,0.0,,cs0,,63.0,,1.0,,Status,1,1,0,42,42,0,42.0,0.0,0.0,0.0,0.0,0,0,0,0.0,,,0.0,0.0,0.0,REQ,,,,,0.0,0.0,0.0,0
494455,0.0,0.0,0.0,0.0,0.0,0.0,udp,0.0,,cs0,,63.0,,1.0,,Status,1,1,0,42,42,0,42.0,0.0,0.0,0.0,0.0,0,0,0,0.0,,,0.0,0.0,0.0,REQ,,,,,0.0,0.0,0.0,0
494493,0.0,0.0,0.0,0.0,0.0,0.0,udp,0.0,,cs0,,63.0,,1.0,,Status,1,1,0,42,42,0,42.0,0.0,0.0,0.0,0.0,0,0,0,0.0,,,0.0,0.0,0.0,REQ,,,,,0.0,0.0,0.0,0
494568,0.0,0.0,0.0,0.0,0.0,0.0,udp,0.0,,cs0,,63.0,,1.0,,Status,1,1,0,42,42,0,42.0,0.0,0.0,0.0,0.0,0,0,0,0.0,,,0.0,0.0,0.0,REQ,,,,,0.0,0.0,0.0,0
494648,0.0,0.0,0.0,0.0,0.0,0.0,udp,0.0,,cs0,,63.0,,1.0,,Status,1,1,0,42,42,0,42.0,0.0,0.0,0.0,0.0,0,0,0,0.0,,,0.0,0.0,0.0,REQ,,,,,0.0,0.0,0.0,0
494656,0.0,0.0,0.0,0.0,0.0,0.0,udp,0.0,,cs0,,63.0,,1.0,,Status,1,1,0,42,42,0,42.0,0.0,0.0,0.0,0.0,0,0,0,0.0,,,0.0,0.0,0.0,REQ,,,,,0.0,0.0,0.0,0
494667,0.0,0.0,0.0,0.0,0.0,0.0,udp,0.0,,cs0,,63.0,,1.0,,Status,1,1,0,42,42,0,42.0,0.0,0.0,0.0,0.0,0,0,0,0.0,,,0.0,0.0,0.0,REQ,,,,,0.0,0.0,0.0,0
494697,0.0,0.0,0.0,0.0,0.0,0.0,udp,0.0,,cs0,,63.0,,1.0,,Status,1,1,0,42,42,0,42.0,0.0,0.0,0.0,0.0,0,0,0,0.0,,,0.0,0.0,0.0,REQ,,,,,0.0,0.0,0.0,0
494752,0.0,0.0,0.0,0.0,0.0,0.0,udp,0.0,,cs0,,63.0,,1.0,,Status,1,1,0,42,42,0,42.0,0.0,0.0,0.0,0.0,0,0,0,0.0,,,0.0,0.0,0.0,REQ,,,,,0.0,0.0,0.0,0
494837,0.0,0.0,0.0,0.0,0.0,0.0,udp,0.0,,cs0,,63.0,,1.0,,Status,1,1,0,42,42,0,42.0,0.0,0.0,0.0,0.0,0,0,0,0.0,,,0.0,0.0,0.0,REQ,,,,,0.0,0.0,0.0,0
494850,0.0,0.0,0.0,0.0,0.0,0.0,udp,0.0,,cs0,,63.0,,1.0,,Status,1,1,0,42,42,0,42.0,0.0,0.0,0.0,0.0,0,0,0,0.0,,,0.0,0.0,0.0,REQ,,,,,0.0,0.0,0.0,0
494879,0.0,0.0,0.0,0.0,0.0,0.0,udp,0.0,,cs0,,63.0,,1.0,,Status,1,1,0,42,42,0,42.0,0.0,0.0,0.0,0.0,0,0,0,0.0,,,0.0,0.0,0.0,REQ,,,,,0.0,0.0,0.0,0
494909,0.0,0.0,0.0,0.0,0.0,0.0,udp,0.0,,cs0,,63.0,,1.0,,Status,1,1,0,42,42,0,42.0,0.0,0.0,0.0,0.0,0,0,0,0.0,,,0.0,0.0,0.0,REQ,,,,,0.0,0.0,0.0,0
494921,0.0,0.0,0.0,0.0,0.0,0.0,udp,0.0,,cs0,,63.0,,1.0,,Status,1,1,0,42,42,0,42.0,0.0,0.0,0.0,0.0,0,0,0,0.0,,,0.0,0.0,0.0,REQ,,,,,0.0,0.0,0.0,0
494938,0.0,0.0,0.0,0.0,0.0,0.0,udp,0.0,,cs0,,63.0,,1.0,,Status,1,1,0,42,42,0,42.0,0.0,0.0,0.0,0.0,0,0,0,0.0,,,0.0,0.0,0.0,REQ,,,,,0.0,0.0,0.0,0
494993,0.0,0.0,0.0,0.0,0.0,0.0,udp,0.0,,cs0,,63.0,,1.0,,Status,1,1,0,42,42,0,42.0,0.0,0.0,0.0,0.0,0,0,0,0.0,,,0.0,0.0,0.0,REQ,,,,,0.0,0.0,0.0,0
495111,0.0,0.0,0.0,0.0,0.0,0.0,udp,0.0,,cs0,,63.0,,1.0,,Status,1,1,0,42,42,0,42.0,0.0,0.0,0.0,0.0,0,0,0,0.0,,,0.0,0.0,0.0,REQ,,,,,0.0,0.0,0.0,0
495119,0.0,0.0,0.0,0.0,0.0,0.0,udp,0.0,,cs0,,63.0,,1.0,,Status,1,1,0,42,42,0,42.0,0.0,0.0,0.0,0.0,0,0,0,0.0,,,0.0,0.0,0.0,REQ,,,,,0.0,0.0,0.0,0
495154,0.0,0.0,0.0,0.0,0.0,0.0,udp,0.0,,cs0,,63.0,,1.0,,Status,1,1,0,42,42,0,42.0,0.0,0.0,0.0,0.0,0,0,0,0.0,,,0.0,0.0,0.0,REQ,,,,,0.0,0.0,0.0,0
495169,0.0,0.0,0.0,0.0,0.0,0.0,udp,0.0,,cs0,,63.0,,1.0,,Status,1,1,0,42,42,0,42.0,0.0,0.0,0.0,0.0,0,0,0,0.0,,,0.0,0.0,0.0,REQ,,,,,0.0,0.0,0.0,0
495236,0.0,0.0,0.0,0.0,0.0,0.0,udp,0.0,,cs0,,63.0,,1.0,,Status,1,1,0,42,42,0,42.0,0.0,0.0,0.0,0.0,0,0,0,0.0,,,0.0,0.0,0.0,REQ,,,,,0.0,0.0,0.0,0
495245,0.0,0.0,0.0,0.0,0.0,0.0,udp,0.0,,cs0,,63.0,,1.0,,Status,1,1,0,42,42,0,42.0,0.0,0.0,0.0,0.0,0,0,0,0.0,,,0.0,0.0,0.0,REQ,,,,,0.0,0.0,0.0,0
495265,0.0,0.0,0.0,0.0,0.0,0.0,udp,0.0,,cs0,,63.0,,1.0,,Status,1,1,0,42,42,0,42.0,0.0,0.0,0.0,0.0,0,0,0,0.0,,,0.0,0.0,0.0,REQ,,,,,0.0,0.0,0.0,0
495322,0.0,0.0,0.0,0.0,0.0,0.0,udp,0.0,,cs0,,63.0,,1.0,,Status,1,1,0,42,42,0,42.0,0.0,0.0,0.0,0.0,0,0,0,0.0,,,0.0,0.0,0.0,REQ,,,,,0.0,0.0,0.0,0
495379,0.0,0.0,0.0,0.0,0.0,0.0,udp,0.0,,cs0,,63.0,,1.0,,Status,1,1,0,42,42,0,42.0,0.0,0.0,0.0,0.0,0,0,0,0.0,,,0.0,0.0,0.0,REQ,,,,,0.0,0.0,0.0,0
495387,0.0,0.0,0.0,0.0,0.0,0.0,udp,0.0,,cs0,,63.0,,1.0,,Status,1,1,0,42,42,0,42.0,0.0,0.0,0.0,0.0,0,0,0,0.0,,,0.0,0.0,0.0,REQ,,,,,0.0,0.0,0.0,0
495491,0.0,0.0,0.0,0.0,0.0,0.0,udp,0.0,,cs0,,63.0,,1.0,,Status,1,1,0,42,42,0,42.0,0.0,0.0,0.0,0.0,0,0,0,0.0,,,0.0,0.0,0.0,REQ,,,,,0.0,0.0,0.0,0
495520,0.0,0.0,0.0,0.0,0.0,0.0,udp,0.0,,cs0,,63.0,,1.0,,Status,1,1,0,42,42,0,42.0,0.0,0.0,0.0,0.0,0,0,0,0.0,,,0.0,0.0,0.0,REQ,,,,,0.0,0.0,0.0,0
495545,0.0,0.0,0.0,0.0,0.0,0.0,udp,0.0,,cs0,,63.0,,1.0,,Status,1,1,0,42,42,0,42.0,0.0,0.0,0.0,0.0,0,0,0,0.0,,,0.0,0.0,0.0,REQ,,,,,0.0,0.0,0.0,0
495568,0.0,0.0,0.0,0.0,0.0,0.0,udp,0.0,,cs0,,63.0,,1.0,,Status,1,1,0,42,42,0,42.0,0.0,0.0,0.0,0.0,0,0,0,0.0,,,0.0,0.0,0.0,REQ,,,,,0.0,0.0,0.0,0
495598,0.0,0.0,0.0,0.0,0.0,0.0,udp,0.0,,cs0,,63.0,,1.0,,Status,1,1,0,42,42,0,42.0,0.0,0.0,0.0,0.0,0,0,0,0.0,,,0.0,0.0,0.0,REQ,,,,,0.0,0.0,0.0,0
495638,0.0,0.0,0.0,0.0,0.0,0.0,udp,0.0,,cs0,,63.0,,1.0,,Status,1,1,0,42,42,0,42.0,0.0,0.0,0.0,0.0,0,0,0,0.0,,,0.0,0.0,0.0,REQ,,,,,0.0,0.0,0.0,0
495670,0.0,0.0,0.0,0.0,0.0,0.0,udp,0.0,,cs0,,63.0,,1.0,,Status,1,1,0,42,42,0,42.0,0.0,0.0,0.0,0.0,0,0,0,0.0,,,0.0,0.0,0.0,REQ,,,,,0.0,0.0,0.0,0
495793,0.0,0.0,0.0,0.0,0.0,0.0,udp,0.0,,cs0,,63.0,,1.0,,Status,1,1,0,42,42,0,42.0,0.0,0.0,0.0,0.0,0,0,0,0.0,,,0.0,0.0,0.0,REQ,,,,,0.0,0.0,0.0,0
495806,0.0,0.0,0.0,0.0,0.0,0.0,udp,0.0,,cs0,,63.0,,1.0,,Status,1,1,0,42,42,0,42.0,0.0,0.0,0.0,0.0,0,0,0,0.0,,,0.0,0.0,0.0,REQ,,,,,0.0,0.0,0.0,0
495876,0.0,0.0,0.0,0.0,0.0,0.0,udp,0.0,,cs0,,63.0,,1.0,,Status,1,1,0,42,42,0,42.0,0.0,0.0,0.0,0.0,0,0,0,0.0,,,0.0,0.0,0.0,REQ,,,,,0.0,0.0,0.0,0
495926,0.0,0.0,0.0,0.0,0.0,0.0,udp,0.0,,cs0,,63.0,,1.0,,Status,1,1,0,42,42,0,42.0,0.0,0.0,0.0,0.0,0,0,0,0.0,,,0.0,0.0,0.0,REQ,,,,,0.0,0.0,0.0,0
495934,0.0,0.0,0.0,0.0,0.0,0.0,udp,0.0,,cs0,,63.0,,1.0,,Status,1,1,0,42,42,0,42.0,0.0,0.0,0.0,0.0,0,0,0,0.0,,,0.0,0.0,0.0,REQ,,,,,0.0,0.0,0.0,0
495969,0.0,0.0,0.0,0.0,0.0,0.0,udp,0.0,,cs0,,63.0,,1.0,,Status,1,1,0,42,42,0,42.0,0.0,0.0,0.0,0.0,0,0,0,0.0,,,0.0,0.0,0.0,REQ,,,,,0.0,0.0,0.0,0
496043,0.0,0.0,0.0,0.0,0.0,0.0,udp,0.0,,cs0,,63.0,,1.0,,Status,1,1,0,42,42,0,42.0,0.0,0.0,0.0,0.0,0,0,0,0.0,,,0.0,0.0,0.0,REQ,,,,,0.0,0.0,0.0,0
496088,0.0,0.0,0.0,0.0,0.0,0.0,udp,0.0,,cs0,,63.0,,1.0,,Status,1,1,0,42,42,0,42.0,0.0,0.0,0.0,0.0,0,0,0,0.0,,,0.0,0.0,0.0,REQ,,,,,0.0,0.0,0.0,0
496114,0.0,0.0,0.0,0.0,0.0,0.0,udp,0.0,,cs0,,63.0,,1.0,,Status,1,1,0,42,42,0,42.0,0.0,0.0,0.0,0.0,0,0,0,0.0,,,0.0,0.0,0.0,REQ,,,,,0.0,0.0,0.0,0
496200,0.0,0.0,0.0,0.0,0.0,0.0,udp,0.0,,cs0,,63.0,,1.0,,Status,1,1,0,42,42,0,42.0,0.0,0.0,0.0,0.0,0,0,0,0.0,,,0.0,0.0,0.0,REQ,,,,,0.0,0.0,0.0,0
496210,0.0,0.0,0.0,0.0,0.0,0.0,udp,0.0,,cs0,,63.0,,1.0,,Status,1,1,0,42,42,0,42.0,0.0,0.0,0.0,0.0,0,0,0,0.0,,,0.0,0.0,0.0,REQ,,,,,0.0,0.0,0.0,0
496258,0.0,0.0,0.0,0.0,0.0,0.0,udp,0.0,,cs0,,63.0,,1.0,,Status,1,1,0,42,42,0,42.0,0.0,0.0,0.0,0.0,0,0,0,0.0,,,0.0,0.0,0.0,REQ,,,,,0.0,0.0,0.0,0
496312,0.0,0.0,0.0,0.0,0.0,0.0,udp,0.0,,cs0,,63.0,,1.0,,Status,1,1,0,42,42,0,42.0,0.0,0.0,0.0,0.0,0,0,0,0.0,,,0.0,0.0,0.0,REQ,,,,,0.0,0.0,0.0,0
496324,0.0,0.0,0.0,0.0,0.0,0.0,udp,0.0,,cs0,,63.0,,1.0,,Status,1,1,0,42,42,0,42.0,0.0,0.0,0.0,0.0,0,0,0,0.0,,,0.0,0.0,0.0,REQ,,,,,0.0,0.0,0.0,0
496330,0.0,0.0,0.0,0.0,0.0,0.0,udp,0.0,,cs0,,63.0,,1.0,,Status,1,1,0,42,42,0,42.0,0.0,0.0,0.0,0.0,0,0,0,0.0,,,0.0,0.0,0.0,REQ,,,,,0.0,0.0,0.0,0
496333,0.0,0.0,0.0,0.0,0.0,0.0,udp,0.0,,cs0,,63.0,,1.0,,Status,1,1,0,42,42,0,42.0,0.0,0.0,0.0,0.0,0,0,0,0.0,,,0.0,0.0,0.0,REQ,,,,,0.0,0.0,0.0,0
496359,0.0,0.0,0.0,0.0,0.0,0.0,udp,0.0,,cs0,,63.0,,1.0,,Status,1,1,0,42,42,0,42.0,0.0,0.0,0.0,0.0,0,0,0,0.0,,,0.0,0.0,0.0,REQ,,,,,0.0,0.0,0.0,0
496397,0.0,0.0,0.0,0.0,0.0,0.0,udp,0.0,,cs0,,63.0,,1.0,,Status,1,1,0,42,42,0,42.0,0.0,0.0,0.0,0.0,0,0,0,0.0,,,0.0,0.0,0.0,REQ,,,,,0.0,0.0,0.0,0
496490,0.0,0.0,0.0,0.0,0.0,0.0,udp,0.0,,cs0,,63.0,,1.0,,Status,1,1,0,42,42,0,42.0,0.0,0.0,0.0,0.0,0,0,0,0.0,,,0.0,0.0,0.0,REQ,,,,,0.0,0.0,0.0,0
496590,0.0,0.0,0.0,0.0,0.0,0.0,udp,0.0,,cs0,,63.0,,1.0,,Status,1,1,0,42,42,0,42.0,0.0,0.0,0.0,0.0,0,0,0,0.0,,,0.0,0.0,0.0,REQ,,,,,0.0,0.0,0.0,0
496596,0.0,0.0,0.0,0.0,0.0,0.0,udp,0.0,,cs0,,63.0,,1.0,,Status,1,1,0,42,42,0,42.0,0.0,0.0,0.0,0.0,0,0,0,0.0,,,0.0,0.0,0.0,REQ,,,,,0.0,0.0,0.0,0
496615,0.0,0.0,0.0,0.0,0.0,0.0,udp,0.0,,cs0,,63.0,,1.0,,Status,1,1,0,42,42,0,42.0,0.0,0.0,0.0,0.0,0,0,0,0.0,,,0.0,0.0,0.0,REQ,,,,,0.0,0.0,0.0,0
496620,0.0,0.0,0.0,0.0,0.0,0.0,udp,0.0,,cs0,,63.0,,1.0,,Status,1,1,0,42,42,0,42.0,0.0,0.0,0.0,0.0,0,0,0,0.0,,,0.0,0.0,0.0,REQ,,,,,0.0,0.0,0.0,0
496670,0.0,0.0,0.0,0.0,0.0,0.0,udp,0.0,,cs0,,63.0,,1.0,,Status,1,1,0,42,42,0,42.0,0.0,0.0,0.0,0.0,0,0,0,0.0,,,0.0,0.0,0.0,REQ,,,,,0.0,0.0,0.0,0
496680,0.0,0.0,0.0,0.0,0.0,0.0,udp,0.0,,cs0,,63.0,,1.0,,Status,1,1,0,42,42,0,42.0,0.0,0.0,0.0,0.0,0,0,0,0.0,,,0.0,0.0,0.0,REQ,,,,,0.0,0.0,0.0,0
496686,0.0,0.0,0.0,0.0,0.0,0.0,udp,0.0,,cs0,,63.0,,1.0,,Status,1,1,0,42,42,0,42.0,0.0,0.0,0.0,0.0,0,0,0,0.0,,,0.0,0.0,0.0,REQ,,,,,0.0,0.0,0.0,0
496687,0.0,0.0,0.0,0.0,0.0,0.0,udp,0.0,,cs0,,63.0,,1.0,,Status,1,1,0,42,42,0,42.0,0.0,0.0,0.0,0.0,0,0,0,0.0,,,0.0,0.0,0.0,REQ,,,,,0.0,0.0,0.0,0
496711,0.0,0.0,0.0,0.0,0.0,0.0,udp,0.0,,cs0,,63.0,,1.0,,Status,1,1,0,42,42,0,42.0,0.0,0.0,0.0,0.0,0,0,0,0.0,,,0.0,0.0,0.0,REQ,,,,,0.0,0.0,0.0,0
496720,0.0,0.0,0.0,0.0,0.0,0.0,udp,0.0,,cs0,,63.0,,1.0,,Status,1,1,0,42,42,0,42.0,0.0,0.0,0.0,0.0,0,0,0,0.0,,,0.0,0.0,0.0,REQ,,,,,0.0,0.0,0.0,0
496724,0.0,0.0,0.0,0.0,0.0,0.0,udp,0.0,,cs0,,63.0,,1.0,,Status,1,1,0,42,42,0,42.0,0.0,0.0,0.0,0.0,0,0,0,0.0,,,0.0,0.0,0.0,REQ,,,,,0.0,0.0,0.0,0
496735,0.0,0.0,0.0,0.0,0.0,0.0,udp,0.0,,cs0,,63.0,,1.0,,Status,1,1,0,42,42,0,42.0,0.0,0.0,0.0,0.0,0,0,0,0.0,,,0.0,0.0,0.0,REQ,,,,,0.0,0.0,0.0,0
496774,0.0,0.0,0.0,0.0,0.0,0.0,udp,0.0,,cs0,,63.0,,1.0,,Status,1,1,0,42,42,0,42.0,0.0,0.0,0.0,0.0,0,0,0,0.0,,,0.0,0.0,0.0,REQ,,,,,0.0,0.0,0.0,0
496883,0.0,0.0,0.0,0.0,0.0,0.0,udp,0.0,,cs0,,63.0,,1.0,,Status,1,1,0,42,42,0,42.0,0.0,0.0,0.0,0.0,0,0,0,0.0,,,0.0,0.0,0.0,REQ,,,,,0.0,0.0,0.0,0
497090,0.0,0.0,0.0,0.0,0.0,0.0,udp,0.0,,cs0,,63.0,,1.0,,Status,1,1,0,42,42,0,42.0,0.0,0.0,0.0,0.0,0,0,0,0.0,,,0.0,0.0,0.0,REQ,,,,,0.0,0.0,0.0,0
497156,0.0,0.0,0.0,0.0,0.0,0.0,udp,0.0,,cs0,,63.0,,1.0,,Status,1,1,0,42,42,0,42.0,0.0,0.0,0.0,0.0,0,0,0,0.0,,,0.0,0.0,0.0,REQ,,,,,0.0,0.0,0.0,0
497163,0.0,0.0,0.0,0.0,0.0,0.0,udp,0.0,,cs0,,63.0,,1.0,,Status,1,1,0,42,42,0,42.0,0.0,0.0,0.0,0.0,0,0,0,0.0,,,0.0,0.0,0.0,REQ,,,,,0.0,0.0,0.0,0
497240,0.0,0.0,0.0,0.0,0.0,0.0,udp,0.0,,cs0,,63.0,,1.0,,Status,1,1,0,42,42,0,42.0,0.0,0.0,0.0,0.0,0,0,0,0.0,,,0.0,0.0,0.0,REQ,,,,,0.0,0.0,0.0,0
497249,0.0,0.0,0.0,0.0,0.0,0.0,udp,0.0,,cs0,,63.0,,1.0,,Status,1,1,0,42,42,0,42.0,0.0,0.0,0.0,0.0,0,0,0,0.0,,,0.0,0.0,0.0,REQ,,,,,0.0,0.0,0.0,0
497282,0.0,0.0,0.0,0.0,0.0,0.0,udp,0.0,,cs0,,63.0,,1.0,,Status,1,1,0,42,42,0,42.0,0.0,0.0,0.0,0.0,0,0,0,0.0,,,0.0,0.0,0.0,REQ,,,,,0.0,0.0,0.0,0
497310,0.0,0.0,0.0,0.0,0.0,0.0,udp,0.0,,cs0,,63.0,,1.0,,Status,1,1,0,42,42,0,42.0,0.0,0.0,0.0,0.0,0,0,0,0.0,,,0.0,0.0,0.0,REQ,,,,,0.0,0.0,0.0,0
497322,0.0,0.0,0.0,0.0,0.0,0.0,udp,0.0,,cs0,,63.0,,1.0,,Status,1,1,0,42,42,0,42.0,0.0,0.0,0.0,0.0,0,0,0,0.0,,,0.0,0.0,0.0,REQ,,,,,0.0,0.0,0.0,0
497342,0.0,0.0,0.0,0.0,0.0,0.0,udp,0.0,,cs0,,63.0,,1.0,,Status,1,1,0,42,42,0,42.0,0.0,0.0,0.0,0.0,0,0,0,0.0,,,0.0,0.0,0.0,REQ,,,,,0.0,0.0,0.0,0
497464,0.0,0.0,0.0,0.0,0.0,0.0,udp,0.0,,cs0,,63.0,,1.0,,Status,1,1,0,42,42,0,42.0,0.0,0.0,0.0,0.0,0,0,0,0.0,,,0.0,0.0,0.0,REQ,,,,,0.0,0.0,0.0,0
497494,0.0,0.0,0.0,0.0,0.0,0.0,udp,0.0,,cs0,,63.0,,1.0,,Status,1,1,0,42,42,0,42.0,0.0,0.0,0.0,0.0,0,0,0,0.0,,,0.0,0.0,0.0,REQ,,,,,0.0,0.0,0.0,0
497517,0.0,0.0,0.0,0.0,0.0,0.0,udp,0.0,,cs0,,63.0,,1.0,,Status,1,1,0,42,42,0,42.0,0.0,0.0,0.0,0.0,0,0,0,0.0,,,0.0,0.0,0.0,REQ,,,,,0.0,0.0,0.0,0
497527,0.0,0.0,0.0,0.0,0.0,0.0,udp,0.0,,cs0,,63.0,,1.0,,Status,1,1,0,42,42,0,42.0,0.0,0.0,0.0,0.0,0,0,0,0.0,,,0.0,0.0,0.0,REQ,,,,,0.0,0.0,0.0,0
497617,0.0,0.0,0.0,0.0,0.0,0.0,udp,0.0,,cs0,,63.0,,1.0,,Status,1,1,0,42,42,0,42.0,0.0,0.0,0.0,0.0,0,0,0,0.0,,,0.0,0.0,0.0,REQ,,,,,0.0,0.0,0.0,0
497632,0.0,0.0,0.0,0.0,0.0,0.0,udp,0.0,,cs0,,63.0,,1.0,,Status,1,1,0,42,42,0,42.0,0.0,0.0,0.0,0.0,0,0,0,0.0,,,0.0,0.0,0.0,REQ,,,,,0.0,0.0,0.0,0
497635,0.0,0.0,0.0,0.0,0.0,0.0,udp,0.0,,cs0,,63.0,,1.0,,Status,1,1,0,42,42,0,42.0,0.0,0.0,0.0,0.0,0,0,0,0.0,,,0.0,0.0,0.0,REQ,,,,,0.0,0.0,0.0,0
497702,0.0,0.0,0.0,0.0,0.0,0.0,udp,0.0,,cs0,,63.0,,1.0,,Status,1,1,0,42,42,0,42.0,0.0,0.0,0.0,0.0,0,0,0,0.0,,,0.0,0.0,0.0,REQ,,,,,0.0,0.0,0.0,0
497728,0.0,0.0,0.0,0.0,0.0,0.0,udp,0.0,,cs0,,63.0,,1.0,,Status,1,1,0,42,42,0,42.0,0.0,0.0,0.0,0.0,0,0,0,0.0,,,0.0,0.0,0.0,REQ,,,,,0.0,0.0,0.0,0
497769,0.0,0.0,0.0,0.0,0.0,0.0,udp,0.0,,cs0,,63.0,,1.0,,Status,1,1,0,42,42,0,42.0,0.0,0.0,0.0,0.0,0,0,0,0.0,,,0.0,0.0,0.0,REQ,,,,,0.0,0.0,0.0,0
497771,0.0,0.0,0.0,0.0,0.0,0.0,udp,0.0,,cs0,,63.0,,1.0,,Status,1,1,0,42,42,0,42.0,0.0,0.0,0.0,0.0,0,0,0,0.0,,,0.0,0.0,0.0,REQ,,,,,0.0,0.0,0.0,0
497783,0.0,0.0,0.0,0.0,0.0,0.0,udp,0.0,,cs0,,63.0,,1.0,,Status,1,1,0,42,42,0,42.0,0.0,0.0,0.0,0.0,0,0,0,0.0,,,0.0,0.0,0.0,REQ,,,,,0.0,0.0,0.0,0
497801,0.0,0.0,0.0,0.0,0.0,0.0,udp,0.0,,cs0,,63.0,,1.0,,Status,1,1,0,42,42,0,42.0,0.0,0.0,0.0,0.0,0,0,0,0.0,,,0.0,0.0,0.0,REQ,,,,,0.0,0.0,0.0,0
497805,0.0,0.0,0.0,0.0,0.0,0.0,udp,0.0,,cs0,,63.0,,1.0,,Status,1,1,0,42,42,0,42.0,0.0,0.0,0.0,0.0,0,0,0,0.0,,,0.0,0.0,0.0,REQ,,,,,0.0,0.0,0.0,0
497869,0.0,0.0,0.0,0.0,0.0,0.0,udp,0.0,,cs0,,63.0,,1.0,,Status,1,1,0,42,42,0,42.0,0.0,0.0,0.0,0.0,0,0,0,0.0,,,0.0,0.0,0.0,REQ,,,,,0.0,0.0,0.0,0
497930,0.0,0.0,0.0,0.0,0.0,0.0,udp,0.0,,cs0,,63.0,,1.0,,Status,1,1,0,42,42,0,42.0,0.0,0.0,0.0,0.0,0,0,0,0.0,,,0.0,0.0,0.0,REQ,,,,,0.0,0.0,0.0,0
497984,0.0,0.0,0.0,0.0,0.0,0.0,udp,0.0,,cs0,,63.0,,1.0,,Status,1,1,0,42,42,0,42.0,0.0,0.0,0.0,0.0,0,0,0,0.0,,,0.0,0.0,0.0,REQ,,,,,0.0,0.0,0.0,0
498008,0.0,0.0,0.0,0.0,0.0,0.0,udp,0.0,,cs0,,63.0,,1.0,,Status,1,1,0,42,42,0,42.0,0.0,0.0,0.0,0.0,0,0,0,0.0,,,0.0,0.0,0.0,REQ,,,,,0.0,0.0,0.0,0
498041,0.0,0.0,0.0,0.0,0.0,0.0,udp,0.0,,cs0,,63.0,,1.0,,Status,1,1,0,42,42,0,42.0,0.0,0.0,0.0,0.0,0,0,0,0.0,,,0.0,0.0,0.0,REQ,,,,,0.0,0.0,0.0,0
498084,0.0,0.0,0.0,0.0,0.0,0.0,udp,0.0,,cs0,,63.0,,1.0,,Status,1,1,0,42,42,0,42.0,0.0,0.0,0.0,0.0,0,0,0,0.0,,,0.0,0.0,0.0,REQ,,,,,0.0,0.0,0.0,0
498095,0.0,0.0,0.0,0.0,0.0,0.0,udp,0.0,,cs0,,63.0,,1.0,,Status,1,1,0,42,42,0,42.0,0.0,0.0,0.0,0.0,0,0,0,0.0,,,0.0,0.0,0.0,REQ,,,,,0.0,0.0,0.0,0
498140,0.0,0.0,0.0,0.0,0.0,0.0,udp,0.0,,cs0,,63.0,,1.0,,Status,1,1,0,42,42,0,42.0,0.0,0.0,0.0,0.0,0,0,0,0.0,,,0.0,0.0,0.0,REQ,,,,,0.0,0.0,0.0,0
498237,0.0,0.0,0.0,0.0,0.0,0.0,udp,0.0,,cs0,,63.0,,1.0,,Status,1,1,0,42,42,0,42.0,0.0,0.0,0.0,0.0,0,0,0,0.0,,,0.0,0.0,0.0,REQ,,,,,0.0,0.0,0.0,0
498246,0.0,0.0,0.0,0.0,0.0,0.0,udp,0.0,,cs0,,63.0,,1.0,,Status,1,1,0,42,42,0,42.0,0.0,0.0,0.0,0.0,0,0,0,0.0,,,0.0,0.0,0.0,REQ,,,,,0.0,0.0,0.0,0
498276,0.0,0.0,0.0,0.0,0.0,0.0,udp,0.0,,cs0,,63.0,,1.0,,Status,1,1,0,42,42,0,42.0,0.0,0.0,0.0,0.0,0,0,0,0.0,,,0.0,0.0,0.0,REQ,,,,,0.0,0.0,0.0,0
498304,0.0,0.0,0.0,0.0,0.0,0.0,udp,0.0,,cs0,,63.0,,1.0,,Status,1,1,0,42,42,0,42.0,0.0,0.0,0.0,0.0,0,0,0,0.0,,,0.0,0.0,0.0,REQ,,,,,0.0,0.0,0.0,0
498347,0.0,0.0,0.0,0.0,0.0,0.0,udp,0.0,,cs0,,63.0,,1.0,,Status,1,1,0,42,42,0,42.0,0.0,0.0,0.0,0.0,0,0,0,0.0,,,0.0,0.0,0.0,REQ,,,,,0.0,0.0,0.0,0
498373,0.0,0.0,0.0,0.0,0.0,0.0,udp,0.0,,cs0,,63.0,,1.0,,Status,1,1,0,42,42,0,42.0,0.0,0.0,0.0,0.0,0,0,0,0.0,,,0.0,0.0,0.0,REQ,,,,,0.0,0.0,0.0,0
498390,0.0,0.0,0.0,0.0,0.0,0.0,udp,0.0,,cs0,,63.0,,1.0,,Status,1,1,0,42,42,0,42.0,0.0,0.0,0.0,0.0,0,0,0,0.0,,,0.0,0.0,0.0,REQ,,,,,0.0,0.0,0.0,0
498460,0.0,0.0,0.0,0.0,0.0,0.0,udp,0.0,,cs0,,63.0,,1.0,,Status,1,1,0,42,42,0,42.0,0.0,0.0,0.0,0.0,0,0,0,0.0,,,0.0,0.0,0.0,REQ,,,,,0.0,0.0,0.0,0
498607,0.0,0.0,0.0,0.0,0.0,0.0,udp,0.0,,cs0,,63.0,,1.0,,Status,1,1,0,42,42,0,42.0,0.0,0.0,0.0,0.0,0,0,0,0.0,,,0.0,0.0,0.0,REQ,,,,,0.0,0.0,0.0,0
498650,0.0,0.0,0.0,0.0,0.0,0.0,udp,0.0,,cs0,,63.0,,1.0,,Status,1,1,0,42,42,0,42.0,0.0,0.0,0.0,0.0,0,0,0,0.0,,,0.0,0.0,0.0,REQ,,,,,0.0,0.0,0.0,0
498775,0.0,0.0,0.0,0.0,0.0,0.0,udp,0.0,,cs0,,63.0,,1.0,,Status,1,1,0,42,42,0,42.0,0.0,0.0,0.0,0.0,0,0,0,0.0,,,0.0,0.0,0.0,REQ,,,,,0.0,0.0,0.0,0
498796,0.0,0.0,0.0,0.0,0.0,0.0,udp,0.0,,cs0,,63.0,,1.0,,Status,1,1,0,42,42,0,42.0,0.0,0.0,0.0,0.0,0,0,0,0.0,,,0.0,0.0,0.0,REQ,,,,,0.0,0.0,0.0,0
498814,0.0,0.0,0.0,0.0,0.0,0.0,udp,0.0,,cs0,,63.0,,1.0,,Status,1,1,0,42,42,0,42.0,0.0,0.0,0.0,0.0,0,0,0,0.0,,,0.0,0.0,0.0,REQ,,,,,0.0,0.0,0.0,0
498829,0.0,0.0,0.0,0.0,0.0,0.0,udp,0.0,,cs0,,63.0,,1.0,,Status,1,1,0,42,42,0,42.0,0.0,0.0,0.0,0.0,0,0,0,0.0,,,0.0,0.0,0.0,REQ,,,,,0.0,0.0,0.0,0
498925,0.0,0.0,0.0,0.0,0.0,0.0,udp,0.0,,cs0,,63.0,,1.0,,Status,1,1,0,42,42,0,42.0,0.0,0.0,0.0,0.0,0,0,0,0.0,,,0.0,0.0,0.0,REQ,,,,,0.0,0.0,0.0,0
498950,0.0,0.0,0.0,0.0,0.0,0.0,udp,0.0,,cs0,,63.0,,1.0,,Status,1,1,0,42,42,0,42.0,0.0,0.0,0.0,0.0,0,0,0,0.0,,,0.0,0.0,0.0,REQ,,,,,0.0,0.0,0.0,0
499137,0.0,0.0,0.0,0.0,0.0,0.0,udp,0.0,,cs0,,63.0,,1.0,,Status,1,1,0,42,42,0,42.0,0.0,0.0,0.0,0.0,0,0,0,0.0,,,0.0,0.0,0.0,REQ,,,,,0.0,0.0,0.0,0
499170,0.0,0.0,0.0,0.0,0.0,0.0,udp,0.0,,cs0,,63.0,,1.0,,Status,1,1,0,42,42,0,42.0,0.0,0.0,0.0,0.0,0,0,0,0.0,,,0.0,0.0,0.0,REQ,,,,,0.0,0.0,0.0,0
499181,0.0,0.0,0.0,0.0,0.0,0.0,udp,0.0,,cs0,,63.0,,1.0,,Status,1,1,0,42,42,0,42.0,0.0,0.0,0.0,0.0,0,0,0,0.0,,,0.0,0.0,0.0,REQ,,,,,0.0,0.0,0.0,0
499235,0.0,0.0,0.0,0.0,0.0,0.0,udp,0.0,,cs0,,63.0,,1.0,,Status,1,1,0,42,42,0,42.0,0.0,0.0,0.0,0.0,0,0,0,0.0,,,0.0,0.0,0.0,REQ,,,,,0.0,0.0,0.0,0
499262,0.0,0.0,0.0,0.0,0.0,0.0,udp,0.0,,cs0,,63.0,,1.0,,Status,1,1,0,42,42,0,42.0,0.0,0.0,0.0,0.0,0,0,0,0.0,,,0.0,0.0,0.0,REQ,,,,,0.0,0.0,0.0,0
499289,0.0,0.0,0.0,0.0,0.0,0.0,udp,0.0,,cs0,,63.0,,1.0,,Status,1,1,0,42,42,0,42.0,0.0,0.0,0.0,0.0,0,0,0,0.0,,,0.0,0.0,0.0,REQ,,,,,0.0,0.0,0.0,0
499304,0.0,0.0,0.0,0.0,0.0,0.0,udp,0.0,,cs0,,63.0,,1.0,,Status,1,1,0,42,42,0,42.0,0.0,0.0,0.0,0.0,0,0,0,0.0,,,0.0,0.0,0.0,REQ,,,,,0.0,0.0,0.0,0
499307,0.0,0.0,0.0,0.0,0.0,0.0,udp,0.0,,cs0,,63.0,,1.0,,Status,1,1,0,42,42,0,42.0,0.0,0.0,0.0,0.0,0,0,0,0.0,,,0.0,0.0,0.0,REQ,,,,,0.0,0.0,0.0,0
499321,0.0,0.0,0.0,0.0,0.0,0.0,udp,0.0,,cs0,,63.0,,1.0,,Status,1,1,0,42,42,0,42.0,0.0,0.0,0.0,0.0,0,0,0,0.0,,,0.0,0.0,0.0,REQ,,,,,0.0,0.0,0.0,0
499483,0.0,0.0,0.0,0.0,0.0,0.0,udp,0.0,,cs0,,63.0,,1.0,,Status,1,1,0,42,42,0,42.0,0.0,0.0,0.0,0.0,0,0,0,0.0,,,0.0,0.0,0.0,REQ,,,,,0.0,0.0,0.0,0
499484,0.0,0.0,0.0,0.0,0.0,0.0,udp,0.0,,cs0,,63.0,,1.0,,Status,1,1,0,42,42,0,42.0,0.0,0.0,0.0,0.0,0,0,0,0.0,,,0.0,0.0,0.0,REQ,,,,,0.0,0.0,0.0,0
499515,0.0,0.0,0.0,0.0,0.0,0.0,udp,0.0,,cs0,,63.0,,1.0,,Status,1,1,0,42,42,0,42.0,0.0,0.0,0.0,0.0,0,0,0,0.0,,,0.0,0.0,0.0,REQ,,,,,0.0,0.0,0.0,0
499541,0.0,0.0,0.0,0.0,0.0,0.0,udp,0.0,,cs0,,63.0,,1.0,,Status,1,1,0,42,42,0,42.0,0.0,0.0,0.0,0.0,0,0,0,0.0,,,0.0,0.0,0.0,REQ,,,,,0.0,0.0,0.0,0
499551,0.0,0.0,0.0,0.0,0.0,0.0,udp,0.0,,cs0,,63.0,,1.0,,Status,1,1,0,42,42,0,42.0,0.0,0.0,0.0,0.0,0,0,0,0.0,,,0.0,0.0,0.0,REQ,,,,,0.0,0.0,0.0,0
499577,0.0,0.0,0.0,0.0,0.0,0.0,udp,0.0,,cs0,,63.0,,1.0,,Status,1,1,0,42,42,0,42.0,0.0,0.0,0.0,0.0,0,0,0,0.0,,,0.0,0.0,0.0,REQ,,,,,0.0,0.0,0.0,0
499676,0.0,0.0,0.0,0.0,0.0,0.0,udp,0.0,,cs0,,63.0,,1.0,,Status,1,1,0,42,42,0,42.0,0.0,0.0,0.0,0.0,0,0,0,0.0,,,0.0,0.0,0.0,REQ,,,,,0.0,0.0,0.0,0
499816,0.0,0.0,0.0,0.0,0.0,0.0,udp,0.0,,cs0,,63.0,,1.0,,Status,1,1,0,42,42,0,42.0,0.0,0.0,0.0,0.0,0,0,0,0.0,,,0.0,0.0,0.0,REQ,,,,,0.0,0.0,0.0,0
499878,0.0,0.0,0.0,0.0,0.0,0.0,udp,0.0,,cs0,,63.0,,1.0,,Status,1,1,0,42,42,0,42.0,0.0,0.0,0.0,0.0,0,0,0,0.0,,,0.0,0.0,0.0,REQ,,,,,0.0,0.0,0.0,0
499935,0.0,0.0,0.0,0.0,0.0,0.0,udp,0.0,,cs0,,63.0,,1.0,,Status,1,1,0,42,42,0,42.0,0.0,0.0,0.0,0.0,0,0,0,0.0,,,0.0,0.0,0.0,REQ,,,,,0.0,0.0,0.0,0
499937,0.0,0.0,0.0,0.0,0.0,0.0,udp,0.0,,cs0,,63.0,,1.0,,Status,1,1,0,42,42,0,42.0,0.0,0.0,0.0,0.0,0,0,0,0.0,,,0.0,0.0,0.0,REQ,,,,,0.0,0.0,0.0,0
499972,0.0,0.0,0.0,0.0,0.0,0.0,udp,0.0,,cs0,,63.0,,1.0,,Status,1,1,0,42,42,0,42.0,0.0,0.0,0.0,0.0,0,0,0,0.0,,,0.0,0.0,0.0,REQ,,,,,0.0,0.0,0.0,0
499985,0.0,0.0,0.0,0.0,0.0,0.0,udp,0.0,,cs0,,63.0,,1.0,,Status,1,1,0,42,42,0,42.0,0.0,0.0,0.0,0.0,0,0,0,0.0,,,0.0,0.0,0.0,REQ,,,,,0.0,0.0,0.0,0
500017,0.0,0.0,0.0,0.0,0.0,0.0,udp,0.0,,cs0,,63.0,,1.0,,Status,1,1,0,42,42,0,42.0,0.0,0.0,0.0,0.0,0,0,0,0.0,,,0.0,0.0,0.0,REQ,,,,,0.0,0.0,0.0,0
500140,0.0,0.0,0.0,0.0,0.0,0.0,udp,0.0,,cs0,,63.0,,1.0,,Status,1,1,0,42,42,0,42.0,0.0,0.0,0.0,0.0,0,0,0,0.0,,,0.0,0.0,0.0,REQ,,,,,0.0,0.0,0.0,0
500208,0.0,0.0,0.0,0.0,0.0,0.0,udp,0.0,,cs0,,63.0,,1.0,,Status,1,1,0,42,42,0,42.0,0.0,0.0,0.0,0.0,0,0,0,0.0,,,0.0,0.0,0.0,REQ,,,,,0.0,0.0,0.0,0
500211,0.0,0.0,0.0,0.0,0.0,0.0,udp,0.0,,cs0,,63.0,,1.0,,Status,1,1,0,42,42,0,42.0,0.0,0.0,0.0,0.0,0,0,0,0.0,,,0.0,0.0,0.0,REQ,,,,,0.0,0.0,0.0,0
500218,0.0,0.0,0.0,0.0,0.0,0.0,udp,0.0,,cs0,,63.0,,1.0,,Status,1,1,0,42,42,0,42.0,0.0,0.0,0.0,0.0,0,0,0,0.0,,,0.0,0.0,0.0,REQ,,,,,0.0,0.0,0.0,0
500222,0.0,0.0,0.0,0.0,0.0,0.0,udp,0.0,,cs0,,63.0,,1.0,,Status,1,1,0,42,42,0,42.0,0.0,0.0,0.0,0.0,0,0,0,0.0,,,0.0,0.0,0.0,REQ,,,,,0.0,0.0,0.0,0
500226,0.0,0.0,0.0,0.0,0.0,0.0,udp,0.0,,cs0,,63.0,,1.0,,Status,1,1,0,42,42,0,42.0,0.0,0.0,0.0,0.0,0,0,0,0.0,,,0.0,0.0,0.0,REQ,,,,,0.0,0.0,0.0,0
500292,0.0,0.0,0.0,0.0,0.0,0.0,udp,0.0,,cs0,,63.0,,1.0,,Status,1,1,0,42,42,0,42.0,0.0,0.0,0.0,0.0,0,0,0,0.0,,,0.0,0.0,0.0,REQ,,,,,0.0,0.0,0.0,0
500460,0.0,0.0,0.0,0.0,0.0,0.0,udp,0.0,,cs0,,63.0,,1.0,,Status,1,1,0,42,42,0,42.0,0.0,0.0,0.0,0.0,0,0,0,0.0,,,0.0,0.0,0.0,REQ,,,,,0.0,0.0,0.0,0
500501,0.0,0.0,0.0,0.0,0.0,0.0,udp,0.0,,cs0,,63.0,,1.0,,Status,1,1,0,42,42,0,42.0,0.0,0.0,0.0,0.0,0,0,0,0.0,,,0.0,0.0,0.0,REQ,,,,,0.0,0.0,0.0,0
500551,0.0,0.0,0.0,0.0,0.0,0.0,udp,0.0,,cs0,,63.0,,1.0,,Status,1,1,0,42,42,0,42.0,0.0,0.0,0.0,0.0,0,0,0,0.0,,,0.0,0.0,0.0,REQ,,,,,0.0,0.0,0.0,0
500739,0.0,0.0,0.0,0.0,0.0,0.0,udp,0.0,,cs0,,63.0,,1.0,,Status,1,1,0,42,42,0,42.0,0.0,0.0,0.0,0.0,0,0,0,0.0,,,0.0,0.0,0.0,REQ,,,,,0.0,0.0,0.0,0
500786,0.0,0.0,0.0,0.0,0.0,0.0,udp,0.0,,cs0,,63.0,,1.0,,Status,1,1,0,42,42,0,42.0,0.0,0.0,0.0,0.0,0,0,0,0.0,,,0.0,0.0,0.0,REQ,,,,,0.0,0.0,0.0,0
500818,0.0,0.0,0.0,0.0,0.0,0.0,udp,0.0,,cs0,,63.0,,1.0,,Status,1,1,0,42,42,0,42.0,0.0,0.0,0.0,0.0,0,0,0,0.0,,,0.0,0.0,0.0,REQ,,,,,0.0,0.0,0.0,0
500872,0.0,0.0,0.0,0.0,0.0,0.0,udp,0.0,,cs0,,63.0,,1.0,,Status,1,1,0,42,42,0,42.0,0.0,0.0,0.0,0.0,0,0,0,0.0,,,0.0,0.0,0.0,REQ,,,,,0.0,0.0,0.0,0
500876,0.0,0.0,0.0,0.0,0.0,0.0,udp,0.0,,cs0,,63.0,,1.0,,Status,1,1,0,42,42,0,42.0,0.0,0.0,0.0,0.0,0,0,0,0.0,,,0.0,0.0,0.0,REQ,,,,,0.0,0.0,0.0,0
500877,0.0,0.0,0.0,0.0,0.0,0.0,udp,0.0,,cs0,,63.0,,1.0,,Status,1,1,0,42,42,0,42.0,0.0,0.0,0.0,0.0,0,0,0,0.0,,,0.0,0.0,0.0,REQ,,,,,0.0,0.0,0.0,0
500933,0.0,0.0,0.0,0.0,0.0,0.0,udp,0.0,,cs0,,63.0,,1.0,,Status,1,1,0,42,42,0,42.0,0.0,0.0,0.0,0.0,0,0,0,0.0,,,0.0,0.0,0.0,REQ,,,,,0.0,0.0,0.0,0
500938,0.0,0.0,0.0,0.0,0.0,0.0,udp,0.0,,cs0,,63.0,,1.0,,Status,1,1,0,42,42,0,42.0,0.0,0.0,0.0,0.0,0,0,0,0.0,,,0.0,0.0,0.0,REQ,,,,,0.0,0.0,0.0,0
500941,0.0,0.0,0.0,0.0,0.0,0.0,udp,0.0,,cs0,,63.0,,1.0,,Status,1,1,0,42,42,0,42.0,0.0,0.0,0.0,0.0,0,0,0,0.0,,,0.0,0.0,0.0,REQ,,,,,0.0,0.0,0.0,0
500989,0.0,0.0,0.0,0.0,0.0,0.0,udp,0.0,,cs0,,63.0,,1.0,,Status,1,1,0,42,42,0,42.0,0.0,0.0,0.0,0.0,0,0,0,0.0,,,0.0,0.0,0.0,REQ,,,,,0.0,0.0,0.0,0
501036,0.0,0.0,0.0,0.0,0.0,0.0,udp,0.0,,cs0,,63.0,,1.0,,Status,1,1,0,42,42,0,42.0,0.0,0.0,0.0,0.0,0,0,0,0.0,,,0.0,0.0,0.0,REQ,,,,,0.0,0.0,0.0,0
501050,0.0,0.0,0.0,0.0,0.0,0.0,udp,0.0,,cs0,,63.0,,1.0,,Status,1,1,0,42,42,0,42.0,0.0,0.0,0.0,0.0,0,0,0,0.0,,,0.0,0.0,0.0,REQ,,,,,0.0,0.0,0.0,0
501068,0.0,0.0,0.0,0.0,0.0,0.0,udp,0.0,,cs0,,63.0,,1.0,,Status,1,1,0,42,42,0,42.0,0.0,0.0,0.0,0.0,0,0,0,0.0,,,0.0,0.0,0.0,REQ,,,,,0.0,0.0,0.0,0
501078,0.0,0.0,0.0,0.0,0.0,0.0,udp,0.0,,cs0,,63.0,,1.0,,Status,1,1,0,42,42,0,42.0,0.0,0.0,0.0,0.0,0,0,0,0.0,,,0.0,0.0,0.0,REQ,,,,,0.0,0.0,0.0,0
501080,0.0,0.0,0.0,0.0,0.0,0.0,udp,0.0,,cs0,,63.0,,1.0,,Status,1,1,0,42,42,0,42.0,0.0,0.0,0.0,0.0,0,0,0,0.0,,,0.0,0.0,0.0,REQ,,,,,0.0,0.0,0.0,0
501085,0.0,0.0,0.0,0.0,0.0,0.0,udp,0.0,,cs0,,63.0,,1.0,,Status,1,1,0,42,42,0,42.0,0.0,0.0,0.0,0.0,0,0,0,0.0,,,0.0,0.0,0.0,REQ,,,,,0.0,0.0,0.0,0
501114,0.0,0.0,0.0,0.0,0.0,0.0,udp,0.0,,cs0,,63.0,,1.0,,Status,1,1,0,42,42,0,42.0,0.0,0.0,0.0,0.0,0,0,0,0.0,,,0.0,0.0,0.0,REQ,,,,,0.0,0.0,0.0,0
501307,0.0,0.0,0.0,0.0,0.0,0.0,udp,0.0,,cs0,,63.0,,1.0,,Status,1,1,0,42,42,0,42.0,0.0,0.0,0.0,0.0,0,0,0,0.0,,,0.0,0.0,0.0,REQ,,,,,0.0,0.0,0.0,0
501325,0.0,0.0,0.0,0.0,0.0,0.0,udp,0.0,,cs0,,63.0,,1.0,,Status,1,1,0,42,42,0,42.0,0.0,0.0,0.0,0.0,0,0,0,0.0,,,0.0,0.0,0.0,REQ,,,,,0.0,0.0,0.0,0
501340,0.0,0.0,0.0,0.0,0.0,0.0,udp,0.0,,cs0,,63.0,,1.0,,Status,1,1,0,42,42,0,42.0,0.0,0.0,0.0,0.0,0,0,0,0.0,,,0.0,0.0,0.0,REQ,,,,,0.0,0.0,0.0,0
501347,0.0,0.0,0.0,0.0,0.0,0.0,udp,0.0,,cs0,,63.0,,1.0,,Status,1,1,0,42,42,0,42.0,0.0,0.0,0.0,0.0,0,0,0,0.0,,,0.0,0.0,0.0,REQ,,,,,0.0,0.0,0.0,0
501419,0.0,0.0,0.0,0.0,0.0,0.0,udp,0.0,,cs0,,63.0,,1.0,,Status,1,1,0,42,42,0,42.0,0.0,0.0,0.0,0.0,0,0,0,0.0,,,0.0,0.0,0.0,REQ,,,,,0.0,0.0,0.0,0
501531,0.0,0.0,0.0,0.0,0.0,0.0,udp,0.0,,cs0,,63.0,,1.0,,Status,1,1,0,42,42,0,42.0,0.0,0.0,0.0,0.0,0,0,0,0.0,,,0.0,0.0,0.0,REQ,,,,,0.0,0.0,0.0,0
501535,0.0,0.0,0.0,0.0,0.0,0.0,udp,0.0,,cs0,,63.0,,1.0,,Status,1,1,0,42,42,0,42.0,0.0,0.0,0.0,0.0,0,0,0,0.0,,,0.0,0.0,0.0,REQ,,,,,0.0,0.0,0.0,0
501539,0.0,0.0,0.0,0.0,0.0,0.0,udp,0.0,,cs0,,63.0,,1.0,,Status,1,1,0,42,42,0,42.0,0.0,0.0,0.0,0.0,0,0,0,0.0,,,0.0,0.0,0.0,REQ,,,,,0.0,0.0,0.0,0
501550,0.0,0.0,0.0,0.0,0.0,0.0,udp,0.0,,cs0,,63.0,,1.0,,Status,1,1,0,42,42,0,42.0,0.0,0.0,0.0,0.0,0,0,0,0.0,,,0.0,0.0,0.0,REQ,,,,,0.0,0.0,0.0,0
501585,0.0,0.0,0.0,0.0,0.0,0.0,udp,0.0,,cs0,,63.0,,1.0,,Status,1,1,0,42,42,0,42.0,0.0,0.0,0.0,0.0,0,0,0,0.0,,,0.0,0.0,0.0,REQ,,,,,0.0,0.0,0.0,0
501653,0.0,0.0,0.0,0.0,0.0,0.0,udp,0.0,,cs0,,63.0,,1.0,,Status,1,1,0,42,42,0,42.0,0.0,0.0,0.0,0.0,0,0,0,0.0,,,0.0,0.0,0.0,REQ,,,,,0.0,0.0,0.0,0
501666,0.0,0.0,0.0,0.0,0.0,0.0,udp,0.0,,cs0,,63.0,,1.0,,Status,1,1,0,42,42,0,42.0,0.0,0.0,0.0,0.0,0,0,0,0.0,,,0.0,0.0,0.0,REQ,,,,,0.0,0.0,0.0,0
501688,0.0,0.0,0.0,0.0,0.0,0.0,udp,0.0,,cs0,,63.0,,1.0,,Status,1,1,0,42,42,0,42.0,0.0,0.0,0.0,0.0,0,0,0,0.0,,,0.0,0.0,0.0,REQ,,,,,0.0,0.0,0.0,0
501730,0.0,0.0,0.0,0.0,0.0,0.0,udp,0.0,,cs0,,63.0,,1.0,,Status,1,1,0,42,42,0,42.0,0.0,0.0,0.0,0.0,0,0,0,0.0,,,0.0,0.0,0.0,REQ,,,,,0.0,0.0,0.0,0
501770,0.0,0.0,0.0,0.0,0.0,0.0,udp,0.0,,cs0,,63.0,,1.0,,Status,1,1,0,42,42,0,42.0,0.0,0.0,0.0,0.0,0,0,0,0.0,,,0.0,0.0,0.0,REQ,,,,,0.0,0.0,0.0,0
501812,0.0,0.0,0.0,0.0,0.0,0.0,udp,0.0,,cs0,,63.0,,1.0,,Status,1,1,0,42,42,0,42.0,0.0,0.0,0.0,0.0,0,0,0,0.0,,,0.0,0.0,0.0,REQ,,,,,0.0,0.0,0.0,0
501818,0.0,0.0,0.0,0.0,0.0,0.0,udp,0.0,,cs0,,63.0,,1.0,,Status,1,1,0,42,42,0,42.0,0.0,0.0,0.0,0.0,0,0,0,0.0,,,0.0,0.0,0.0,REQ,,,,,0.0,0.0,0.0,0
501899,0.0,0.0,0.0,0.0,0.0,0.0,udp,0.0,,cs0,,63.0,,1.0,,Status,1,1,0,42,42,0,42.0,0.0,0.0,0.0,0.0,0,0,0,0.0,,,0.0,0.0,0.0,REQ,,,,,0.0,0.0,0.0,0
501901,0.0,0.0,0.0,0.0,0.0,0.0,udp,0.0,,cs0,,63.0,,1.0,,Status,1,1,0,42,42,0,42.0,0.0,0.0,0.0,0.0,0,0,0,0.0,,,0.0,0.0,0.0,REQ,,,,,0.0,0.0,0.0,0
501903,0.0,0.0,0.0,0.0,0.0,0.0,udp,0.0,,cs0,,63.0,,1.0,,Status,1,1,0,42,42,0,42.0,0.0,0.0,0.0,0.0,0,0,0,0.0,,,0.0,0.0,0.0,REQ,,,,,0.0,0.0,0.0,0
501914,0.0,0.0,0.0,0.0,0.0,0.0,udp,0.0,,cs0,,63.0,,1.0,,Status,1,1,0,42,42,0,42.0,0.0,0.0,0.0,0.0,0,0,0,0.0,,,0.0,0.0,0.0,REQ,,,,,0.0,0.0,0.0,0
501952,0.0,0.0,0.0,0.0,0.0,0.0,udp,0.0,,cs0,,63.0,,1.0,,Status,1,1,0,42,42,0,42.0,0.0,0.0,0.0,0.0,0,0,0,0.0,,,0.0,0.0,0.0,REQ,,,,,0.0,0.0,0.0,0
502016,0.0,0.0,0.0,0.0,0.0,0.0,udp,0.0,,cs0,,63.0,,1.0,,Status,1,1,0,42,42,0,42.0,0.0,0.0,0.0,0.0,0,0,0,0.0,,,0.0,0.0,0.0,REQ,,,,,0.0,0.0,0.0,0
502019,0.0,0.0,0.0,0.0,0.0,0.0,udp,0.0,,cs0,,63.0,,1.0,,Status,1,1,0,42,42,0,42.0,0.0,0.0,0.0,0.0,0,0,0,0.0,,,0.0,0.0,0.0,REQ,,,,,0.0,0.0,0.0,0
502033,0.0,0.0,0.0,0.0,0.0,0.0,udp,0.0,,cs0,,63.0,,1.0,,Status,1,1,0,42,42,0,42.0,0.0,0.0,0.0,0.0,0,0,0,0.0,,,0.0,0.0,0.0,REQ,,,,,0.0,0.0,0.0,0
502050,0.0,0.0,0.0,0.0,0.0,0.0,udp,0.0,,cs0,,63.0,,1.0,,Status,1,1,0,42,42,0,42.0,0.0,0.0,0.0,0.0,0,0,0,0.0,,,0.0,0.0,0.0,REQ,,,,,0.0,0.0,0.0,0
502091,0.0,0.0,0.0,0.0,0.0,0.0,udp,0.0,,cs0,,63.0,,1.0,,Status,1,1,0,42,42,0,42.0,0.0,0.0,0.0,0.0,0,0,0,0.0,,,0.0,0.0,0.0,REQ,,,,,0.0,0.0,0.0,0
502178,0.0,0.0,0.0,0.0,0.0,0.0,udp,0.0,,cs0,,63.0,,1.0,,Status,1,1,0,42,42,0,42.0,0.0,0.0,0.0,0.0,0,0,0,0.0,,,0.0,0.0,0.0,REQ,,,,,0.0,0.0,0.0,0
502195,0.0,0.0,0.0,0.0,0.0,0.0,udp,0.0,,cs0,,63.0,,1.0,,Status,1,1,0,42,42,0,42.0,0.0,0.0,0.0,0.0,0,0,0,0.0,,,0.0,0.0,0.0,REQ,,,,,0.0,0.0,0.0,0
502301,0.0,0.0,0.0,0.0,0.0,0.0,udp,0.0,,cs0,,63.0,,1.0,,Status,1,1,0,42,42,0,42.0,0.0,0.0,0.0,0.0,0,0,0,0.0,,,0.0,0.0,0.0,REQ,,,,,0.0,0.0,0.0,0
502327,0.0,0.0,0.0,0.0,0.0,0.0,udp,0.0,,cs0,,63.0,,1.0,,Status,1,1,0,42,42,0,42.0,0.0,0.0,0.0,0.0,0,0,0,0.0,,,0.0,0.0,0.0,REQ,,,,,0.0,0.0,0.0,0
502338,0.0,0.0,0.0,0.0,0.0,0.0,udp,0.0,,cs0,,63.0,,1.0,,Status,1,1,0,42,42,0,42.0,0.0,0.0,0.0,0.0,0,0,0,0.0,,,0.0,0.0,0.0,REQ,,,,,0.0,0.0,0.0,0
502354,0.0,0.0,0.0,0.0,0.0,0.0,udp,0.0,,cs0,,63.0,,1.0,,Status,1,1,0,42,42,0,42.0,0.0,0.0,0.0,0.0,0,0,0,0.0,,,0.0,0.0,0.0,REQ,,,,,0.0,0.0,0.0,0
502494,0.0,0.0,0.0,0.0,0.0,0.0,udp,0.0,,cs0,,63.0,,1.0,,Status,1,1,0,42,42,0,42.0,0.0,0.0,0.0,0.0,0,0,0,0.0,,,0.0,0.0,0.0,REQ,,,,,0.0,0.0,0.0,0
502511,0.0,0.0,0.0,0.0,0.0,0.0,udp,0.0,,cs0,,63.0,,1.0,,Status,1,1,0,42,42,0,42.0,0.0,0.0,0.0,0.0,0,0,0,0.0,,,0.0,0.0,0.0,REQ,,,,,0.0,0.0,0.0,0
502545,0.0,0.0,0.0,0.0,0.0,0.0,udp,0.0,,cs0,,63.0,,1.0,,Status,1,1,0,42,42,0,42.0,0.0,0.0,0.0,0.0,0,0,0,0.0,,,0.0,0.0,0.0,REQ,,,,,0.0,0.0,0.0,0
502584,0.0,0.0,0.0,0.0,0.0,0.0,udp,0.0,,cs0,,63.0,,1.0,,Status,1,1,0,42,42,0,42.0,0.0,0.0,0.0,0.0,0,0,0,0.0,,,0.0,0.0,0.0,REQ,,,,,0.0,0.0,0.0,0
502672,0.0,0.0,0.0,0.0,0.0,0.0,udp,0.0,,cs0,,63.0,,1.0,,Status,1,1,0,42,42,0,42.0,0.0,0.0,0.0,0.0,0,0,0,0.0,,,0.0,0.0,0.0,REQ,,,,,0.0,0.0,0.0,0
502754,0.0,0.0,0.0,0.0,0.0,0.0,udp,0.0,,cs0,,63.0,,1.0,,Status,1,1,0,42,42,0,42.0,0.0,0.0,0.0,0.0,0,0,0,0.0,,,0.0,0.0,0.0,REQ,,,,,0.0,0.0,0.0,0
502831,0.0,0.0,0.0,0.0,0.0,0.0,udp,0.0,,cs0,,63.0,,1.0,,Status,1,1,0,42,42,0,42.0,0.0,0.0,0.0,0.0,0,0,0,0.0,,,0.0,0.0,0.0,REQ,,,,,0.0,0.0,0.0,0
502849,0.0,0.0,0.0,0.0,0.0,0.0,udp,0.0,,cs0,,63.0,,1.0,,Status,1,1,0,42,42,0,42.0,0.0,0.0,0.0,0.0,0,0,0,0.0,,,0.0,0.0,0.0,REQ,,,,,0.0,0.0,0.0,0
502916,0.0,0.0,0.0,0.0,0.0,0.0,udp,0.0,,cs0,,63.0,,1.0,,Status,1,1,0,42,42,0,42.0,0.0,0.0,0.0,0.0,0,0,0,0.0,,,0.0,0.0,0.0,REQ,,,,,0.0,0.0,0.0,0
502918,0.0,0.0,0.0,0.0,0.0,0.0,udp,0.0,,cs0,,63.0,,1.0,,Status,1,1,0,42,42,0,42.0,0.0,0.0,0.0,0.0,0,0,0,0.0,,,0.0,0.0,0.0,REQ,,,,,0.0,0.0,0.0,0
502975,0.0,0.0,0.0,0.0,0.0,0.0,udp,0.0,,cs0,,63.0,,1.0,,Status,1,1,0,42,42,0,42.0,0.0,0.0,0.0,0.0,0,0,0,0.0,,,0.0,0.0,0.0,REQ,,,,,0.0,0.0,0.0,0
503194,0.0,0.0,0.0,0.0,0.0,0.0,udp,0.0,,cs0,,63.0,,1.0,,Status,1,1,0,42,42,0,42.0,0.0,0.0,0.0,0.0,0,0,0,0.0,,,0.0,0.0,0.0,REQ,,,,,0.0,0.0,0.0,0
503210,0.0,0.0,0.0,0.0,0.0,0.0,udp,0.0,,cs0,,63.0,,1.0,,Status,1,1,0,42,42,0,42.0,0.0,0.0,0.0,0.0,0,0,0,0.0,,,0.0,0.0,0.0,REQ,,,,,0.0,0.0,0.0,0
503254,0.0,0.0,0.0,0.0,0.0,0.0,udp,0.0,,cs0,,63.0,,1.0,,Status,1,1,0,42,42,0,42.0,0.0,0.0,0.0,0.0,0,0,0,0.0,,,0.0,0.0,0.0,REQ,,,,,0.0,0.0,0.0,0
503263,0.0,0.0,0.0,0.0,0.0,0.0,udp,0.0,,cs0,,63.0,,1.0,,Status,1,1,0,42,42,0,42.0,0.0,0.0,0.0,0.0,0,0,0,0.0,,,0.0,0.0,0.0,REQ,,,,,0.0,0.0,0.0,0
503288,0.0,0.0,0.0,0.0,0.0,0.0,udp,0.0,,cs0,,63.0,,1.0,,Status,1,1,0,42,42,0,42.0,0.0,0.0,0.0,0.0,0,0,0,0.0,,,0.0,0.0,0.0,REQ,,,,,0.0,0.0,0.0,0
503316,0.0,0.0,0.0,0.0,0.0,0.0,udp,0.0,,cs0,,63.0,,1.0,,Status,1,1,0,42,42,0,42.0,0.0,0.0,0.0,0.0,0,0,0,0.0,,,0.0,0.0,0.0,REQ,,,,,0.0,0.0,0.0,0
503345,0.0,0.0,0.0,0.0,0.0,0.0,udp,0.0,,cs0,,63.0,,1.0,,Status,1,1,0,42,42,0,42.0,0.0,0.0,0.0,0.0,0,0,0,0.0,,,0.0,0.0,0.0,REQ,,,,,0.0,0.0,0.0,0
503358,0.0,0.0,0.0,0.0,0.0,0.0,udp,0.0,,cs0,,63.0,,1.0,,Status,1,1,0,42,42,0,42.0,0.0,0.0,0.0,0.0,0,0,0,0.0,,,0.0,0.0,0.0,REQ,,,,,0.0,0.0,0.0,0
503418,0.0,0.0,0.0,0.0,0.0,0.0,udp,0.0,,cs0,,63.0,,1.0,,Status,1,1,0,42,42,0,42.0,0.0,0.0,0.0,0.0,0,0,0,0.0,,,0.0,0.0,0.0,REQ,,,,,0.0,0.0,0.0,0
503492,0.0,0.0,0.0,0.0,0.0,0.0,udp,0.0,,cs0,,63.0,,1.0,,Status,1,1,0,42,42,0,42.0,0.0,0.0,0.0,0.0,0,0,0,0.0,,,0.0,0.0,0.0,REQ,,,,,0.0,0.0,0.0,0
503495,0.0,0.0,0.0,0.0,0.0,0.0,udp,0.0,,cs0,,63.0,,1.0,,Status,1,1,0,42,42,0,42.0,0.0,0.0,0.0,0.0,0,0,0,0.0,,,0.0,0.0,0.0,REQ,,,,,0.0,0.0,0.0,0
503509,0.0,0.0,0.0,0.0,0.0,0.0,udp,0.0,,cs0,,63.0,,1.0,,Status,1,1,0,42,42,0,42.0,0.0,0.0,0.0,0.0,0,0,0,0.0,,,0.0,0.0,0.0,REQ,,,,,0.0,0.0,0.0,0
503544,0.0,0.0,0.0,0.0,0.0,0.0,udp,0.0,,cs0,,63.0,,1.0,,Status,1,1,0,42,42,0,42.0,0.0,0.0,0.0,0.0,0,0,0,0.0,,,0.0,0.0,0.0,REQ,,,,,0.0,0.0,0.0,0
503585,0.0,0.0,0.0,0.0,0.0,0.0,udp,0.0,,cs0,,63.0,,1.0,,Status,1,1,0,42,42,0,42.0,0.0,0.0,0.0,0.0,0,0,0,0.0,,,0.0,0.0,0.0,REQ,,,,,0.0,0.0,0.0,0
503761,0.0,0.0,0.0,0.0,0.0,0.0,udp,0.0,,cs0,,63.0,,1.0,,Status,1,1,0,42,42,0,42.0,0.0,0.0,0.0,0.0,0,0,0,0.0,,,0.0,0.0,0.0,REQ,,,,,0.0,0.0,0.0,0
503860,0.0,0.0,0.0,0.0,0.0,0.0,udp,0.0,,cs0,,63.0,,1.0,,Status,1,1,0,42,42,0,42.0,0.0,0.0,0.0,0.0,0,0,0,0.0,,,0.0,0.0,0.0,REQ,,,,,0.0,0.0,0.0,0
503914,0.0,0.0,0.0,0.0,0.0,0.0,udp,0.0,,cs0,,63.0,,1.0,,Status,1,1,0,42,42,0,42.0,0.0,0.0,0.0,0.0,0,0,0,0.0,,,0.0,0.0,0.0,REQ,,,,,0.0,0.0,0.0,0
503949,0.0,0.0,0.0,0.0,0.0,0.0,udp,0.0,,cs0,,63.0,,1.0,,Status,1,1,0,42,42,0,42.0,0.0,0.0,0.0,0.0,0,0,0,0.0,,,0.0,0.0,0.0,REQ,,,,,0.0,0.0,0.0,0
503961,0.0,0.0,0.0,0.0,0.0,0.0,udp,0.0,,cs0,,63.0,,1.0,,Status,1,1,0,42,42,0,42.0,0.0,0.0,0.0,0.0,0,0,0,0.0,,,0.0,0.0,0.0,REQ,,,,,0.0,0.0,0.0,0
503989,0.0,0.0,0.0,0.0,0.0,0.0,udp,0.0,,cs0,,63.0,,1.0,,Status,1,1,0,42,42,0,42.0,0.0,0.0,0.0,0.0,0,0,0,0.0,,,0.0,0.0,0.0,REQ,,,,,0.0,0.0,0.0,0
503996,0.0,0.0,0.0,0.0,0.0,0.0,udp,0.0,,cs0,,63.0,,1.0,,Status,1,1,0,42,42,0,42.0,0.0,0.0,0.0,0.0,0,0,0,0.0,,,0.0,0.0,0.0,REQ,,,,,0.0,0.0,0.0,0
504033,0.0,0.0,0.0,0.0,0.0,0.0,udp,0.0,,cs0,,63.0,,1.0,,Status,1,1,0,42,42,0,42.0,0.0,0.0,0.0,0.0,0,0,0,0.0,,,0.0,0.0,0.0,REQ,,,,,0.0,0.0,0.0,0
504087,0.0,0.0,0.0,0.0,0.0,0.0,udp,0.0,,cs0,,63.0,,1.0,,Status,1,1,0,42,42,0,42.0,0.0,0.0,0.0,0.0,0,0,0,0.0,,,0.0,0.0,0.0,REQ,,,,,0.0,0.0,0.0,0
504127,0.0,0.0,0.0,0.0,0.0,0.0,udp,0.0,,cs0,,63.0,,1.0,,Status,1,1,0,42,42,0,42.0,0.0,0.0,0.0,0.0,0,0,0,0.0,,,0.0,0.0,0.0,REQ,,,,,0.0,0.0,0.0,0
504154,0.0,0.0,0.0,0.0,0.0,0.0,udp,0.0,,cs0,,63.0,,1.0,,Status,1,1,0,42,42,0,42.0,0.0,0.0,0.0,0.0,0,0,0,0.0,,,0.0,0.0,0.0,REQ,,,,,0.0,0.0,0.0,0
504203,0.0,0.0,0.0,0.0,0.0,0.0,udp,0.0,,cs0,,63.0,,1.0,,Status,1,1,0,42,42,0,42.0,0.0,0.0,0.0,0.0,0,0,0,0.0,,,0.0,0.0,0.0,REQ,,,,,0.0,0.0,0.0,0
504221,0.0,0.0,0.0,0.0,0.0,0.0,udp,0.0,,cs0,,63.0,,1.0,,Status,1,1,0,42,42,0,42.0,0.0,0.0,0.0,0.0,0,0,0,0.0,,,0.0,0.0,0.0,REQ,,,,,0.0,0.0,0.0,0
504228,0.0,0.0,0.0,0.0,0.0,0.0,udp,0.0,,cs0,,63.0,,1.0,,Status,1,1,0,42,42,0,42.0,0.0,0.0,0.0,0.0,0,0,0,0.0,,,0.0,0.0,0.0,REQ,,,,,0.0,0.0,0.0,0
504280,0.0,0.0,0.0,0.0,0.0,0.0,udp,0.0,,cs0,,63.0,,1.0,,Status,1,1,0,42,42,0,42.0,0.0,0.0,0.0,0.0,0,0,0,0.0,,,0.0,0.0,0.0,REQ,,,,,0.0,0.0,0.0,0
504315,0.0,0.0,0.0,0.0,0.0,0.0,udp,0.0,,cs0,,63.0,,1.0,,Status,1,1,0,42,42,0,42.0,0.0,0.0,0.0,0.0,0,0,0,0.0,,,0.0,0.0,0.0,REQ,,,,,0.0,0.0,0.0,0
504388,0.0,0.0,0.0,0.0,0.0,0.0,udp,0.0,,cs0,,63.0,,1.0,,Status,1,1,0,42,42,0,42.0,0.0,0.0,0.0,0.0,0,0,0,0.0,,,0.0,0.0,0.0,REQ,,,,,0.0,0.0,0.0,0
504441,0.0,0.0,0.0,0.0,0.0,0.0,udp,0.0,,cs0,,63.0,,1.0,,Status,1,1,0,42,42,0,42.0,0.0,0.0,0.0,0.0,0,0,0,0.0,,,0.0,0.0,0.0,REQ,,,,,0.0,0.0,0.0,0
504506,0.0,0.0,0.0,0.0,0.0,0.0,udp,0.0,,cs0,,63.0,,1.0,,Status,1,1,0,42,42,0,42.0,0.0,0.0,0.0,0.0,0,0,0,0.0,,,0.0,0.0,0.0,REQ,,,,,0.0,0.0,0.0,0
504507,0.0,0.0,0.0,0.0,0.0,0.0,udp,0.0,,cs0,,63.0,,1.0,,Status,1,1,0,42,42,0,42.0,0.0,0.0,0.0,0.0,0,0,0,0.0,,,0.0,0.0,0.0,REQ,,,,,0.0,0.0,0.0,0
504511,0.0,0.0,0.0,0.0,0.0,0.0,udp,0.0,,cs0,,63.0,,1.0,,Status,1,1,0,42,42,0,42.0,0.0,0.0,0.0,0.0,0,0,0,0.0,,,0.0,0.0,0.0,REQ,,,,,0.0,0.0,0.0,0
504531,0.0,0.0,0.0,0.0,0.0,0.0,udp,0.0,,cs0,,63.0,,1.0,,Status,1,1,0,42,42,0,42.0,0.0,0.0,0.0,0.0,0,0,0,0.0,,,0.0,0.0,0.0,REQ,,,,,0.0,0.0,0.0,0
504552,0.0,0.0,0.0,0.0,0.0,0.0,udp,0.0,,cs0,,63.0,,1.0,,Status,1,1,0,42,42,0,42.0,0.0,0.0,0.0,0.0,0,0,0,0.0,,,0.0,0.0,0.0,REQ,,,,,0.0,0.0,0.0,0
504581,0.0,0.0,0.0,0.0,0.0,0.0,udp,0.0,,cs0,,63.0,,1.0,,Status,1,1,0,42,42,0,42.0,0.0,0.0,0.0,0.0,0,0,0,0.0,,,0.0,0.0,0.0,REQ,,,,,0.0,0.0,0.0,0
504584,0.0,0.0,0.0,0.0,0.0,0.0,udp,0.0,,cs0,,63.0,,1.0,,Status,1,1,0,42,42,0,42.0,0.0,0.0,0.0,0.0,0,0,0,0.0,,,0.0,0.0,0.0,REQ,,,,,0.0,0.0,0.0,0
504590,0.0,0.0,0.0,0.0,0.0,0.0,udp,0.0,,cs0,,63.0,,1.0,,Status,1,1,0,42,42,0,42.0,0.0,0.0,0.0,0.0,0,0,0,0.0,,,0.0,0.0,0.0,REQ,,,,,0.0,0.0,0.0,0
504596,0.0,0.0,0.0,0.0,0.0,0.0,udp,0.0,,cs0,,63.0,,1.0,,Status,1,1,0,42,42,0,42.0,0.0,0.0,0.0,0.0,0,0,0,0.0,,,0.0,0.0,0.0,REQ,,,,,0.0,0.0,0.0,0
504763,0.0,0.0,0.0,0.0,0.0,0.0,udp,0.0,,cs0,,63.0,,1.0,,Status,1,1,0,42,42,0,42.0,0.0,0.0,0.0,0.0,0,0,0,0.0,,,0.0,0.0,0.0,REQ,,,,,0.0,0.0,0.0,0
504790,0.0,0.0,0.0,0.0,0.0,0.0,udp,0.0,,cs0,,63.0,,1.0,,Status,1,1,0,42,42,0,42.0,0.0,0.0,0.0,0.0,0,0,0,0.0,,,0.0,0.0,0.0,REQ,,,,,0.0,0.0,0.0,0
504825,0.0,0.0,0.0,0.0,0.0,0.0,udp,0.0,,cs0,,63.0,,1.0,,Status,1,1,0,42,42,0,42.0,0.0,0.0,0.0,0.0,0,0,0,0.0,,,0.0,0.0,0.0,REQ,,,,,0.0,0.0,0.0,0
505036,0.0,0.0,0.0,0.0,0.0,0.0,udp,0.0,,cs0,,63.0,,1.0,,Status,1,1,0,42,42,0,42.0,0.0,0.0,0.0,0.0,0,0,0,0.0,,,0.0,0.0,0.0,REQ,,,,,0.0,0.0,0.0,0
505057,0.0,0.0,0.0,0.0,0.0,0.0,udp,0.0,,cs0,,63.0,,1.0,,Status,1,1,0,42,42,0,42.0,0.0,0.0,0.0,0.0,0,0,0,0.0,,,0.0,0.0,0.0,REQ,,,,,0.0,0.0,0.0,0
505073,0.0,0.0,0.0,0.0,0.0,0.0,udp,0.0,,cs0,,63.0,,1.0,,Status,1,1,0,42,42,0,42.0,0.0,0.0,0.0,0.0,0,0,0,0.0,,,0.0,0.0,0.0,REQ,,,,,0.0,0.0,0.0,0
505092,0.0,0.0,0.0,0.0,0.0,0.0,udp,0.0,,cs0,,63.0,,1.0,,Status,1,1,0,42,42,0,42.0,0.0,0.0,0.0,0.0,0,0,0,0.0,,,0.0,0.0,0.0,REQ,,,,,0.0,0.0,0.0,0
505118,0.0,0.0,0.0,0.0,0.0,0.0,udp,0.0,,cs0,,63.0,,1.0,,Status,1,1,0,42,42,0,42.0,0.0,0.0,0.0,0.0,0,0,0,0.0,,,0.0,0.0,0.0,REQ,,,,,0.0,0.0,0.0,0
505155,0.0,0.0,0.0,0.0,0.0,0.0,udp,0.0,,cs0,,63.0,,1.0,,Status,1,1,0,42,42,0,42.0,0.0,0.0,0.0,0.0,0,0,0,0.0,,,0.0,0.0,0.0,REQ,,,,,0.0,0.0,0.0,0
505195,0.0,0.0,0.0,0.0,0.0,0.0,udp,0.0,,cs0,,63.0,,1.0,,Status,1,1,0,42,42,0,42.0,0.0,0.0,0.0,0.0,0,0,0,0.0,,,0.0,0.0,0.0,REQ,,,,,0.0,0.0,0.0,0
505200,0.0,0.0,0.0,0.0,0.0,0.0,udp,0.0,,cs0,,63.0,,1.0,,Status,1,1,0,42,42,0,42.0,0.0,0.0,0.0,0.0,0,0,0,0.0,,,0.0,0.0,0.0,REQ,,,,,0.0,0.0,0.0,0
505225,0.0,0.0,0.0,0.0,0.0,0.0,udp,0.0,,cs0,,63.0,,1.0,,Status,1,1,0,42,42,0,42.0,0.0,0.0,0.0,0.0,0,0,0,0.0,,,0.0,0.0,0.0,REQ,,,,,0.0,0.0,0.0,0
505287,0.0,0.0,0.0,0.0,0.0,0.0,udp,0.0,,cs0,,63.0,,1.0,,Status,1,1,0,42,42,0,42.0,0.0,0.0,0.0,0.0,0,0,0,0.0,,,0.0,0.0,0.0,REQ,,,,,0.0,0.0,0.0,0
505292,0.0,0.0,0.0,0.0,0.0,0.0,udp,0.0,,cs0,,63.0,,1.0,,Status,1,1,0,42,42,0,42.0,0.0,0.0,0.0,0.0,0,0,0,0.0,,,0.0,0.0,0.0,REQ,,,,,0.0,0.0,0.0,0
505332,0.0,0.0,0.0,0.0,0.0,0.0,udp,0.0,,cs0,,63.0,,1.0,,Status,1,1,0,42,42,0,42.0,0.0,0.0,0.0,0.0,0,0,0,0.0,,,0.0,0.0,0.0,REQ,,,,,0.0,0.0,0.0,0
505356,0.0,0.0,0.0,0.0,0.0,0.0,udp,0.0,,cs0,,63.0,,1.0,,Status,1,1,0,42,42,0,42.0,0.0,0.0,0.0,0.0,0,0,0,0.0,,,0.0,0.0,0.0,REQ,,,,,0.0,0.0,0.0,0
505382,0.0,0.0,0.0,0.0,0.0,0.0,udp,0.0,,cs0,,63.0,,1.0,,Status,1,1,0,42,42,0,42.0,0.0,0.0,0.0,0.0,0,0,0,0.0,,,0.0,0.0,0.0,REQ,,,,,0.0,0.0,0.0,0
505386,0.0,0.0,0.0,0.0,0.0,0.0,udp,0.0,,cs0,,63.0,,1.0,,Status,1,1,0,42,42,0,42.0,0.0,0.0,0.0,0.0,0,0,0,0.0,,,0.0,0.0,0.0,REQ,,,,,0.0,0.0,0.0,0
505441,0.0,0.0,0.0,0.0,0.0,0.0,udp,0.0,,cs0,,63.0,,1.0,,Status,1,1,0,42,42,0,42.0,0.0,0.0,0.0,0.0,0,0,0,0.0,,,0.0,0.0,0.0,REQ,,,,,0.0,0.0,0.0,0
505463,0.0,0.0,0.0,0.0,0.0,0.0,udp,0.0,,cs0,,63.0,,1.0,,Status,1,1,0,42,42,0,42.0,0.0,0.0,0.0,0.0,0,0,0,0.0,,,0.0,0.0,0.0,REQ,,,,,0.0,0.0,0.0,0
505479,0.0,0.0,0.0,0.0,0.0,0.0,udp,0.0,,cs0,,63.0,,1.0,,Status,1,1,0,42,42,0,42.0,0.0,0.0,0.0,0.0,0,0,0,0.0,,,0.0,0.0,0.0,REQ,,,,,0.0,0.0,0.0,0
505495,0.0,0.0,0.0,0.0,0.0,0.0,udp,0.0,,cs0,,63.0,,1.0,,Status,1,1,0,42,42,0,42.0,0.0,0.0,0.0,0.0,0,0,0,0.0,,,0.0,0.0,0.0,REQ,,,,,0.0,0.0,0.0,0
505505,0.0,0.0,0.0,0.0,0.0,0.0,udp,0.0,,cs0,,63.0,,1.0,,Status,1,1,0,42,42,0,42.0,0.0,0.0,0.0,0.0,0,0,0,0.0,,,0.0,0.0,0.0,REQ,,,,,0.0,0.0,0.0,0
505667,0.0,0.0,0.0,0.0,0.0,0.0,udp,0.0,,cs0,,63.0,,1.0,,Status,1,1,0,42,42,0,42.0,0.0,0.0,0.0,0.0,0,0,0,0.0,,,0.0,0.0,0.0,REQ,,,,,0.0,0.0,0.0,0
505670,0.0,0.0,0.0,0.0,0.0,0.0,udp,0.0,,cs0,,63.0,,1.0,,Status,1,1,0,42,42,0,42.0,0.0,0.0,0.0,0.0,0,0,0,0.0,,,0.0,0.0,0.0,REQ,,,,,0.0,0.0,0.0,0
505720,0.0,0.0,0.0,0.0,0.0,0.0,udp,0.0,,cs0,,63.0,,1.0,,Status,1,1,0,42,42,0,42.0,0.0,0.0,0.0,0.0,0,0,0,0.0,,,0.0,0.0,0.0,REQ,,,,,0.0,0.0,0.0,0
505732,0.0,0.0,0.0,0.0,0.0,0.0,udp,0.0,,cs0,,63.0,,1.0,,Status,1,1,0,42,42,0,42.0,0.0,0.0,0.0,0.0,0,0,0,0.0,,,0.0,0.0,0.0,REQ,,,,,0.0,0.0,0.0,0
505739,0.0,0.0,0.0,0.0,0.0,0.0,udp,0.0,,cs0,,63.0,,1.0,,Status,1,1,0,42,42,0,42.0,0.0,0.0,0.0,0.0,0,0,0,0.0,,,0.0,0.0,0.0,REQ,,,,,0.0,0.0,0.0,0
505789,0.0,0.0,0.0,0.0,0.0,0.0,udp,0.0,,cs0,,63.0,,1.0,,Status,1,1,0,42,42,0,42.0,0.0,0.0,0.0,0.0,0,0,0,0.0,,,0.0,0.0,0.0,REQ,,,,,0.0,0.0,0.0,0
505795,0.0,0.0,0.0,0.0,0.0,0.0,udp,0.0,,cs0,,63.0,,1.0,,Status,1,1,0,42,42,0,42.0,0.0,0.0,0.0,0.0,0,0,0,0.0,,,0.0,0.0,0.0,REQ,,,,,0.0,0.0,0.0,0
505799,0.0,0.0,0.0,0.0,0.0,0.0,udp,0.0,,cs0,,63.0,,1.0,,Status,1,1,0,42,42,0,42.0,0.0,0.0,0.0,0.0,0,0,0,0.0,,,0.0,0.0,0.0,REQ,,,,,0.0,0.0,0.0,0
505877,0.0,0.0,0.0,0.0,0.0,0.0,udp,0.0,,cs0,,63.0,,1.0,,Status,1,1,0,42,42,0,42.0,0.0,0.0,0.0,0.0,0,0,0,0.0,,,0.0,0.0,0.0,REQ,,,,,0.0,0.0,0.0,0
505938,0.0,0.0,0.0,0.0,0.0,0.0,udp,0.0,,cs0,,63.0,,1.0,,Status,1,1,0,42,42,0,42.0,0.0,0.0,0.0,0.0,0,0,0,0.0,,,0.0,0.0,0.0,REQ,,,,,0.0,0.0,0.0,0
505997,0.0,0.0,0.0,0.0,0.0,0.0,udp,0.0,,cs0,,63.0,,1.0,,Status,1,1,0,42,42,0,42.0,0.0,0.0,0.0,0.0,0,0,0,0.0,,,0.0,0.0,0.0,REQ,,,,,0.0,0.0,0.0,0
506017,0.0,0.0,0.0,0.0,0.0,0.0,udp,0.0,,cs0,,63.0,,1.0,,Status,1,1,0,42,42,0,42.0,0.0,0.0,0.0,0.0,0,0,0,0.0,,,0.0,0.0,0.0,REQ,,,,,0.0,0.0,0.0,0
506113,0.0,0.0,0.0,0.0,0.0,0.0,udp,0.0,,cs0,,63.0,,1.0,,Status,1,1,0,42,42,0,42.0,0.0,0.0,0.0,0.0,0,0,0,0.0,,,0.0,0.0,0.0,REQ,,,,,0.0,0.0,0.0,0
506157,0.0,0.0,0.0,0.0,0.0,0.0,udp,0.0,,cs0,,63.0,,1.0,,Status,1,1,0,42,42,0,42.0,0.0,0.0,0.0,0.0,0,0,0,0.0,,,0.0,0.0,0.0,REQ,,,,,0.0,0.0,0.0,0
506229,0.0,0.0,0.0,0.0,0.0,0.0,udp,0.0,,cs0,,63.0,,1.0,,Status,1,1,0,42,42,0,42.0,0.0,0.0,0.0,0.0,0,0,0,0.0,,,0.0,0.0,0.0,REQ,,,,,0.0,0.0,0.0,0
506263,0.0,0.0,0.0,0.0,0.0,0.0,udp,0.0,,cs0,,63.0,,1.0,,Status,1,1,0,42,42,0,42.0,0.0,0.0,0.0,0.0,0,0,0,0.0,,,0.0,0.0,0.0,REQ,,,,,0.0,0.0,0.0,0
506285,0.0,0.0,0.0,0.0,0.0,0.0,udp,0.0,,cs0,,63.0,,1.0,,Status,1,1,0,42,42,0,42.0,0.0,0.0,0.0,0.0,0,0,0,0.0,,,0.0,0.0,0.0,REQ,,,,,0.0,0.0,0.0,0
506363,0.0,0.0,0.0,0.0,0.0,0.0,udp,0.0,,cs0,,63.0,,1.0,,Status,1,1,0,42,42,0,42.0,0.0,0.0,0.0,0.0,0,0,0,0.0,,,0.0,0.0,0.0,REQ,,,,,0.0,0.0,0.0,0
506442,0.0,0.0,0.0,0.0,0.0,0.0,udp,0.0,,cs0,,63.0,,1.0,,Status,1,1,0,42,42,0,42.0,0.0,0.0,0.0,0.0,0,0,0,0.0,,,0.0,0.0,0.0,REQ,,,,,0.0,0.0,0.0,0
506563,0.0,0.0,0.0,0.0,0.0,0.0,udp,0.0,,cs0,,63.0,,1.0,,Status,1,1,0,42,42,0,42.0,0.0,0.0,0.0,0.0,0,0,0,0.0,,,0.0,0.0,0.0,REQ,,,,,0.0,0.0,0.0,0
506574,0.0,0.0,0.0,0.0,0.0,0.0,udp,0.0,,cs0,,63.0,,1.0,,Status,1,1,0,42,42,0,42.0,0.0,0.0,0.0,0.0,0,0,0,0.0,,,0.0,0.0,0.0,REQ,,,,,0.0,0.0,0.0,0
506693,0.0,0.0,0.0,0.0,0.0,0.0,udp,0.0,,cs0,,63.0,,1.0,,Status,1,1,0,42,42,0,42.0,0.0,0.0,0.0,0.0,0,0,0,0.0,,,0.0,0.0,0.0,REQ,,,,,0.0,0.0,0.0,0
506720,0.0,0.0,0.0,0.0,0.0,0.0,udp,0.0,,cs0,,63.0,,1.0,,Status,1,1,0,42,42,0,42.0,0.0,0.0,0.0,0.0,0,0,0,0.0,,,0.0,0.0,0.0,REQ,,,,,0.0,0.0,0.0,0
506751,0.0,0.0,0.0,0.0,0.0,0.0,udp,0.0,,cs0,,63.0,,1.0,,Status,1,1,0,42,42,0,42.0,0.0,0.0,0.0,0.0,0,0,0,0.0,,,0.0,0.0,0.0,REQ,,,,,0.0,0.0,0.0,0
506769,0.0,0.0,0.0,0.0,0.0,0.0,udp,0.0,,cs0,,63.0,,1.0,,Status,1,1,0,42,42,0,42.0,0.0,0.0,0.0,0.0,0,0,0,0.0,,,0.0,0.0,0.0,REQ,,,,,0.0,0.0,0.0,0
506793,0.0,0.0,0.0,0.0,0.0,0.0,udp,0.0,,cs0,,63.0,,1.0,,Status,1,1,0,42,42,0,42.0,0.0,0.0,0.0,0.0,0,0,0,0.0,,,0.0,0.0,0.0,REQ,,,,,0.0,0.0,0.0,0
506811,0.0,0.0,0.0,0.0,0.0,0.0,udp,0.0,,cs0,,63.0,,1.0,,Status,1,1,0,42,42,0,42.0,0.0,0.0,0.0,0.0,0,0,0,0.0,,,0.0,0.0,0.0,REQ,,,,,0.0,0.0,0.0,0
506878,0.0,0.0,0.0,0.0,0.0,0.0,udp,0.0,,cs0,,63.0,,1.0,,Status,1,1,0,42,42,0,42.0,0.0,0.0,0.0,0.0,0,0,0,0.0,,,0.0,0.0,0.0,REQ,,,,,0.0,0.0,0.0,0
506958,0.0,0.0,0.0,0.0,0.0,0.0,udp,0.0,,cs0,,63.0,,1.0,,Status,1,1,0,42,42,0,42.0,0.0,0.0,0.0,0.0,0,0,0,0.0,,,0.0,0.0,0.0,REQ,,,,,0.0,0.0,0.0,0
506995,0.0,0.0,0.0,0.0,0.0,0.0,udp,0.0,,cs0,,63.0,,1.0,,Status,1,1,0,42,42,0,42.0,0.0,0.0,0.0,0.0,0,0,0,0.0,,,0.0,0.0,0.0,REQ,,,,,0.0,0.0,0.0,0
507029,0.0,0.0,0.0,0.0,0.0,0.0,udp,0.0,,cs0,,63.0,,1.0,,Status,1,1,0,42,42,0,42.0,0.0,0.0,0.0,0.0,0,0,0,0.0,,,0.0,0.0,0.0,REQ,,,,,0.0,0.0,0.0,0
507036,0.0,0.0,0.0,0.0,0.0,0.0,udp,0.0,,cs0,,63.0,,1.0,,Status,1,1,0,42,42,0,42.0,0.0,0.0,0.0,0.0,0,0,0,0.0,,,0.0,0.0,0.0,REQ,,,,,0.0,0.0,0.0,0
507086,0.0,0.0,0.0,0.0,0.0,0.0,udp,0.0,,cs0,,63.0,,1.0,,Status,1,1,0,42,42,0,42.0,0.0,0.0,0.0,0.0,0,0,0,0.0,,,0.0,0.0,0.0,REQ,,,,,0.0,0.0,0.0,0
507087,0.0,0.0,0.0,0.0,0.0,0.0,udp,0.0,,cs0,,63.0,,1.0,,Status,1,1,0,42,42,0,42.0,0.0,0.0,0.0,0.0,0,0,0,0.0,,,0.0,0.0,0.0,REQ,,,,,0.0,0.0,0.0,0
507305,0.0,0.0,0.0,0.0,0.0,0.0,udp,0.0,,cs0,,63.0,,1.0,,Status,1,1,0,42,42,0,42.0,0.0,0.0,0.0,0.0,0,0,0,0.0,,,0.0,0.0,0.0,REQ,,,,,0.0,0.0,0.0,0
507335,0.0,0.0,0.0,0.0,0.0,0.0,udp,0.0,,cs0,,63.0,,1.0,,Status,1,1,0,42,42,0,42.0,0.0,0.0,0.0,0.0,0,0,0,0.0,,,0.0,0.0,0.0,REQ,,,,,0.0,0.0,0.0,0
507342,0.0,0.0,0.0,0.0,0.0,0.0,udp,0.0,,cs0,,63.0,,1.0,,Status,1,1,0,42,42,0,42.0,0.0,0.0,0.0,0.0,0,0,0,0.0,,,0.0,0.0,0.0,REQ,,,,,0.0,0.0,0.0,0
507369,0.0,0.0,0.0,0.0,0.0,0.0,udp,0.0,,cs0,,63.0,,1.0,,Status,1,1,0,42,42,0,42.0,0.0,0.0,0.0,0.0,0,0,0,0.0,,,0.0,0.0,0.0,REQ,,,,,0.0,0.0,0.0,0
507425,0.0,0.0,0.0,0.0,0.0,0.0,udp,0.0,,cs0,,63.0,,1.0,,Status,1,1,0,42,42,0,42.0,0.0,0.0,0.0,0.0,0,0,0,0.0,,,0.0,0.0,0.0,REQ,,,,,0.0,0.0,0.0,0
507441,0.0,0.0,0.0,0.0,0.0,0.0,udp,0.0,,cs0,,63.0,,1.0,,Status,1,1,0,42,42,0,42.0,0.0,0.0,0.0,0.0,0,0,0,0.0,,,0.0,0.0,0.0,REQ,,,,,0.0,0.0,0.0,0
507496,0.0,0.0,0.0,0.0,0.0,0.0,udp,0.0,,cs0,,63.0,,1.0,,Status,1,1,0,42,42,0,42.0,0.0,0.0,0.0,0.0,0,0,0,0.0,,,0.0,0.0,0.0,REQ,,,,,0.0,0.0,0.0,0
507525,0.0,0.0,0.0,0.0,0.0,0.0,udp,0.0,,cs0,,63.0,,1.0,,Status,1,1,0,42,42,0,42.0,0.0,0.0,0.0,0.0,0,0,0,0.0,,,0.0,0.0,0.0,REQ,,,,,0.0,0.0,0.0,0
507556,0.0,0.0,0.0,0.0,0.0,0.0,udp,0.0,,cs0,,63.0,,1.0,,Status,1,1,0,42,42,0,42.0,0.0,0.0,0.0,0.0,0,0,0,0.0,,,0.0,0.0,0.0,REQ,,,,,0.0,0.0,0.0,0
507620,0.0,0.0,0.0,0.0,0.0,0.0,udp,0.0,,cs0,,63.0,,1.0,,Status,1,1,0,42,42,0,42.0,0.0,0.0,0.0,0.0,0,0,0,0.0,,,0.0,0.0,0.0,REQ,,,,,0.0,0.0,0.0,0
507631,0.0,0.0,0.0,0.0,0.0,0.0,udp,0.0,,cs0,,63.0,,1.0,,Status,1,1,0,42,42,0,42.0,0.0,0.0,0.0,0.0,0,0,0,0.0,,,0.0,0.0,0.0,REQ,,,,,0.0,0.0,0.0,0
507658,0.0,0.0,0.0,0.0,0.0,0.0,udp,0.0,,cs0,,63.0,,1.0,,Status,1,1,0,42,42,0,42.0,0.0,0.0,0.0,0.0,0,0,0,0.0,,,0.0,0.0,0.0,REQ,,,,,0.0,0.0,0.0,0
507674,0.0,0.0,0.0,0.0,0.0,0.0,udp,0.0,,cs0,,63.0,,1.0,,Status,1,1,0,42,42,0,42.0,0.0,0.0,0.0,0.0,0,0,0,0.0,,,0.0,0.0,0.0,REQ,,,,,0.0,0.0,0.0,0
507690,0.0,0.0,0.0,0.0,0.0,0.0,udp,0.0,,cs0,,63.0,,1.0,,Status,1,1,0,42,42,0,42.0,0.0,0.0,0.0,0.0,0,0,0,0.0,,,0.0,0.0,0.0,REQ,,,,,0.0,0.0,0.0,0
507709,0.0,0.0,0.0,0.0,0.0,0.0,udp,0.0,,cs0,,63.0,,1.0,,Status,1,1,0,42,42,0,42.0,0.0,0.0,0.0,0.0,0,0,0,0.0,,,0.0,0.0,0.0,REQ,,,,,0.0,0.0,0.0,0
507714,0.0,0.0,0.0,0.0,0.0,0.0,udp,0.0,,cs0,,63.0,,1.0,,Status,1,1,0,42,42,0,42.0,0.0,0.0,0.0,0.0,0,0,0,0.0,,,0.0,0.0,0.0,REQ,,,,,0.0,0.0,0.0,0
507851,0.0,0.0,0.0,0.0,0.0,0.0,udp,0.0,,cs0,,63.0,,1.0,,Status,1,1,0,42,42,0,42.0,0.0,0.0,0.0,0.0,0,0,0,0.0,,,0.0,0.0,0.0,REQ,,,,,0.0,0.0,0.0,0
507853,0.0,0.0,0.0,0.0,0.0,0.0,udp,0.0,,cs0,,63.0,,1.0,,Status,1,1,0,42,42,0,42.0,0.0,0.0,0.0,0.0,0,0,0,0.0,,,0.0,0.0,0.0,REQ,,,,,0.0,0.0,0.0,0
507887,0.0,0.0,0.0,0.0,0.0,0.0,udp,0.0,,cs0,,63.0,,1.0,,Status,1,1,0,42,42,0,42.0,0.0,0.0,0.0,0.0,0,0,0,0.0,,,0.0,0.0,0.0,REQ,,,,,0.0,0.0,0.0,0
507959,0.0,0.0,0.0,0.0,0.0,0.0,udp,0.0,,cs0,,63.0,,1.0,,Status,1,1,0,42,42,0,42.0,0.0,0.0,0.0,0.0,0,0,0,0.0,,,0.0,0.0,0.0,REQ,,,,,0.0,0.0,0.0,0
507966,0.0,0.0,0.0,0.0,0.0,0.0,udp,0.0,,cs0,,63.0,,1.0,,Status,1,1,0,42,42,0,42.0,0.0,0.0,0.0,0.0,0,0,0,0.0,,,0.0,0.0,0.0,REQ,,,,,0.0,0.0,0.0,0
507973,0.0,0.0,0.0,0.0,0.0,0.0,udp,0.0,,cs0,,63.0,,1.0,,Status,1,1,0,42,42,0,42.0,0.0,0.0,0.0,0.0,0,0,0,0.0,,,0.0,0.0,0.0,REQ,,,,,0.0,0.0,0.0,0
508019,0.0,0.0,0.0,0.0,0.0,0.0,udp,0.0,,cs0,,63.0,,1.0,,Status,1,1,0,42,42,0,42.0,0.0,0.0,0.0,0.0,0,0,0,0.0,,,0.0,0.0,0.0,REQ,,,,,0.0,0.0,0.0,0
508070,0.0,0.0,0.0,0.0,0.0,0.0,udp,0.0,,cs0,,63.0,,1.0,,Status,1,1,0,42,42,0,42.0,0.0,0.0,0.0,0.0,0,0,0,0.0,,,0.0,0.0,0.0,REQ,,,,,0.0,0.0,0.0,0
508079,0.0,0.0,0.0,0.0,0.0,0.0,udp,0.0,,cs0,,63.0,,1.0,,Status,1,1,0,42,42,0,42.0,0.0,0.0,0.0,0.0,0,0,0,0.0,,,0.0,0.0,0.0,REQ,,,,,0.0,0.0,0.0,0
508094,0.0,0.0,0.0,0.0,0.0,0.0,udp,0.0,,cs0,,63.0,,1.0,,Status,1,1,0,42,42,0,42.0,0.0,0.0,0.0,0.0,0,0,0,0.0,,,0.0,0.0,0.0,REQ,,,,,0.0,0.0,0.0,0
508112,0.0,0.0,0.0,0.0,0.0,0.0,udp,0.0,,cs0,,63.0,,1.0,,Status,1,1,0,42,42,0,42.0,0.0,0.0,0.0,0.0,0,0,0,0.0,,,0.0,0.0,0.0,REQ,,,,,0.0,0.0,0.0,0
508147,0.0,0.0,0.0,0.0,0.0,0.0,udp,0.0,,cs0,,63.0,,1.0,,Status,1,1,0,42,42,0,42.0,0.0,0.0,0.0,0.0,0,0,0,0.0,,,0.0,0.0,0.0,REQ,,,,,0.0,0.0,0.0,0
508206,0.0,0.0,0.0,0.0,0.0,0.0,udp,0.0,,cs0,,63.0,,1.0,,Status,1,1,0,42,42,0,42.0,0.0,0.0,0.0,0.0,0,0,0,0.0,,,0.0,0.0,0.0,REQ,,,,,0.0,0.0,0.0,0
508242,0.0,0.0,0.0,0.0,0.0,0.0,udp,0.0,,cs0,,63.0,,1.0,,Status,1,1,0,42,42,0,42.0,0.0,0.0,0.0,0.0,0,0,0,0.0,,,0.0,0.0,0.0,REQ,,,,,0.0,0.0,0.0,0
508244,0.0,0.0,0.0,0.0,0.0,0.0,udp,0.0,,cs0,,63.0,,1.0,,Status,1,1,0,42,42,0,42.0,0.0,0.0,0.0,0.0,0,0,0,0.0,,,0.0,0.0,0.0,REQ,,,,,0.0,0.0,0.0,0
508280,0.0,0.0,0.0,0.0,0.0,0.0,udp,0.0,,cs0,,63.0,,1.0,,Status,1,1,0,42,42,0,42.0,0.0,0.0,0.0,0.0,0,0,0,0.0,,,0.0,0.0,0.0,REQ,,,,,0.0,0.0,0.0,0
508281,0.0,0.0,0.0,0.0,0.0,0.0,udp,0.0,,cs0,,63.0,,1.0,,Status,1,1,0,42,42,0,42.0,0.0,0.0,0.0,0.0,0,0,0,0.0,,,0.0,0.0,0.0,REQ,,,,,0.0,0.0,0.0,0
508322,0.0,0.0,0.0,0.0,0.0,0.0,udp,0.0,,cs0,,63.0,,1.0,,Status,1,1,0,42,42,0,42.0,0.0,0.0,0.0,0.0,0,0,0,0.0,,,0.0,0.0,0.0,REQ,,,,,0.0,0.0,0.0,0
508369,0.0,0.0,0.0,0.0,0.0,0.0,udp,0.0,,cs0,,63.0,,1.0,,Status,1,1,0,42,42,0,42.0,0.0,0.0,0.0,0.0,0,0,0,0.0,,,0.0,0.0,0.0,REQ,,,,,0.0,0.0,0.0,0
508390,0.0,0.0,0.0,0.0,0.0,0.0,udp,0.0,,cs0,,63.0,,1.0,,Status,1,1,0,42,42,0,42.0,0.0,0.0,0.0,0.0,0,0,0,0.0,,,0.0,0.0,0.0,REQ,,,,,0.0,0.0,0.0,0
508414,0.0,0.0,0.0,0.0,0.0,0.0,udp,0.0,,cs0,,63.0,,1.0,,Status,1,1,0,42,42,0,42.0,0.0,0.0,0.0,0.0,0,0,0,0.0,,,0.0,0.0,0.0,REQ,,,,,0.0,0.0,0.0,0
508441,0.0,0.0,0.0,0.0,0.0,0.0,udp,0.0,,cs0,,63.0,,1.0,,Status,1,1,0,42,42,0,42.0,0.0,0.0,0.0,0.0,0,0,0,0.0,,,0.0,0.0,0.0,REQ,,,,,0.0,0.0,0.0,0
508475,0.0,0.0,0.0,0.0,0.0,0.0,udp,0.0,,cs0,,63.0,,1.0,,Status,1,1,0,42,42,0,42.0,0.0,0.0,0.0,0.0,0,0,0,0.0,,,0.0,0.0,0.0,REQ,,,,,0.0,0.0,0.0,0
508495,0.0,0.0,0.0,0.0,0.0,0.0,udp,0.0,,cs0,,63.0,,1.0,,Status,1,1,0,42,42,0,42.0,0.0,0.0,0.0,0.0,0,0,0,0.0,,,0.0,0.0,0.0,REQ,,,,,0.0,0.0,0.0,0
508529,0.0,0.0,0.0,0.0,0.0,0.0,udp,0.0,,cs0,,63.0,,1.0,,Status,1,1,0,42,42,0,42.0,0.0,0.0,0.0,0.0,0,0,0,0.0,,,0.0,0.0,0.0,REQ,,,,,0.0,0.0,0.0,0
508561,0.0,0.0,0.0,0.0,0.0,0.0,udp,0.0,,cs0,,63.0,,1.0,,Status,1,1,0,42,42,0,42.0,0.0,0.0,0.0,0.0,0,0,0,0.0,,,0.0,0.0,0.0,REQ,,,,,0.0,0.0,0.0,0
508578,0.0,0.0,0.0,0.0,0.0,0.0,udp,0.0,,cs0,,63.0,,1.0,,Status,1,1,0,42,42,0,42.0,0.0,0.0,0.0,0.0,0,0,0,0.0,,,0.0,0.0,0.0,REQ,,,,,0.0,0.0,0.0,0
508605,0.0,0.0,0.0,0.0,0.0,0.0,udp,0.0,,cs0,,63.0,,1.0,,Status,1,1,0,42,42,0,42.0,0.0,0.0,0.0,0.0,0,0,0,0.0,,,0.0,0.0,0.0,REQ,,,,,0.0,0.0,0.0,0
508666,0.0,0.0,0.0,0.0,0.0,0.0,udp,0.0,,cs0,,63.0,,1.0,,Status,1,1,0,42,42,0,42.0,0.0,0.0,0.0,0.0,0,0,0,0.0,,,0.0,0.0,0.0,REQ,,,,,0.0,0.0,0.0,0
508736,0.0,0.0,0.0,0.0,0.0,0.0,udp,0.0,,cs0,,63.0,,1.0,,Status,1,1,0,42,42,0,42.0,0.0,0.0,0.0,0.0,0,0,0,0.0,,,0.0,0.0,0.0,REQ,,,,,0.0,0.0,0.0,0
508766,0.0,0.0,0.0,0.0,0.0,0.0,udp,0.0,,cs0,,63.0,,1.0,,Status,1,1,0,42,42,0,42.0,0.0,0.0,0.0,0.0,0,0,0,0.0,,,0.0,0.0,0.0,REQ,,,,,0.0,0.0,0.0,0
508778,0.0,0.0,0.0,0.0,0.0,0.0,udp,0.0,,cs0,,63.0,,1.0,,Status,1,1,0,42,42,0,42.0,0.0,0.0,0.0,0.0,0,0,0,0.0,,,0.0,0.0,0.0,REQ,,,,,0.0,0.0,0.0,0
508787,0.0,0.0,0.0,0.0,0.0,0.0,udp,0.0,,cs0,,63.0,,1.0,,Status,1,1,0,42,42,0,42.0,0.0,0.0,0.0,0.0,0,0,0,0.0,,,0.0,0.0,0.0,REQ,,,,,0.0,0.0,0.0,0
508822,0.0,0.0,0.0,0.0,0.0,0.0,udp,0.0,,cs0,,63.0,,1.0,,Status,1,1,0,42,42,0,42.0,0.0,0.0,0.0,0.0,0,0,0,0.0,,,0.0,0.0,0.0,REQ,,,,,0.0,0.0,0.0,0
508859,0.0,0.0,0.0,0.0,0.0,0.0,udp,0.0,,cs0,,63.0,,1.0,,Status,1,1,0,42,42,0,42.0,0.0,0.0,0.0,0.0,0,0,0,0.0,,,0.0,0.0,0.0,REQ,,,,,0.0,0.0,0.0,0
509007,0.0,0.0,0.0,0.0,0.0,0.0,udp,0.0,,cs0,,63.0,,1.0,,Status,1,1,0,42,42,0,42.0,0.0,0.0,0.0,0.0,0,0,0,0.0,,,0.0,0.0,0.0,REQ,,,,,0.0,0.0,0.0,0
509051,0.0,0.0,0.0,0.0,0.0,0.0,udp,0.0,,cs0,,63.0,,1.0,,Status,1,1,0,42,42,0,42.0,0.0,0.0,0.0,0.0,0,0,0,0.0,,,0.0,0.0,0.0,REQ,,,,,0.0,0.0,0.0,0
509087,0.0,0.0,0.0,0.0,0.0,0.0,udp,0.0,,cs0,,63.0,,1.0,,Status,1,1,0,42,42,0,42.0,0.0,0.0,0.0,0.0,0,0,0,0.0,,,0.0,0.0,0.0,REQ,,,,,0.0,0.0,0.0,0
509129,0.0,0.0,0.0,0.0,0.0,0.0,udp,0.0,,cs0,,63.0,,1.0,,Status,1,1,0,42,42,0,42.0,0.0,0.0,0.0,0.0,0,0,0,0.0,,,0.0,0.0,0.0,REQ,,,,,0.0,0.0,0.0,0
509138,0.0,0.0,0.0,0.0,0.0,0.0,udp,0.0,,cs0,,63.0,,1.0,,Status,1,1,0,42,42,0,42.0,0.0,0.0,0.0,0.0,0,0,0,0.0,,,0.0,0.0,0.0,REQ,,,,,0.0,0.0,0.0,0
509149,0.0,0.0,0.0,0.0,0.0,0.0,udp,0.0,,cs0,,63.0,,1.0,,Status,1,1,0,42,42,0,42.0,0.0,0.0,0.0,0.0,0,0,0,0.0,,,0.0,0.0,0.0,REQ,,,,,0.0,0.0,0.0,0
509203,0.0,0.0,0.0,0.0,0.0,0.0,udp,0.0,,cs0,,63.0,,1.0,,Status,1,1,0,42,42,0,42.0,0.0,0.0,0.0,0.0,0,0,0,0.0,,,0.0,0.0,0.0,REQ,,,,,0.0,0.0,0.0,0
509211,0.0,0.0,0.0,0.0,0.0,0.0,udp,0.0,,cs0,,63.0,,1.0,,Status,1,1,0,42,42,0,42.0,0.0,0.0,0.0,0.0,0,0,0,0.0,,,0.0,0.0,0.0,REQ,,,,,0.0,0.0,0.0,0
509348,0.0,0.0,0.0,0.0,0.0,0.0,udp,0.0,,cs0,,63.0,,1.0,,Status,1,1,0,42,42,0,42.0,0.0,0.0,0.0,0.0,0,0,0,0.0,,,0.0,0.0,0.0,REQ,,,,,0.0,0.0,0.0,0
509385,0.0,0.0,0.0,0.0,0.0,0.0,udp,0.0,,cs0,,63.0,,1.0,,Status,1,1,0,42,42,0,42.0,0.0,0.0,0.0,0.0,0,0,0,0.0,,,0.0,0.0,0.0,REQ,,,,,0.0,0.0,0.0,0
509468,0.0,0.0,0.0,0.0,0.0,0.0,udp,0.0,,cs0,,63.0,,1.0,,Status,1,1,0,42,42,0,42.0,0.0,0.0,0.0,0.0,0,0,0,0.0,,,0.0,0.0,0.0,REQ,,,,,0.0,0.0,0.0,0
509482,0.0,0.0,0.0,0.0,0.0,0.0,udp,0.0,,cs0,,63.0,,1.0,,Status,1,1,0,42,42,0,42.0,0.0,0.0,0.0,0.0,0,0,0,0.0,,,0.0,0.0,0.0,REQ,,,,,0.0,0.0,0.0,0
509499,0.0,0.0,0.0,0.0,0.0,0.0,udp,0.0,,cs0,,63.0,,1.0,,Status,1,1,0,42,42,0,42.0,0.0,0.0,0.0,0.0,0,0,0,0.0,,,0.0,0.0,0.0,REQ,,,,,0.0,0.0,0.0,0
509527,0.0,0.0,0.0,0.0,0.0,0.0,udp,0.0,,cs0,,63.0,,1.0,,Status,1,1,0,42,42,0,42.0,0.0,0.0,0.0,0.0,0,0,0,0.0,,,0.0,0.0,0.0,REQ,,,,,0.0,0.0,0.0,0
509542,0.0,0.0,0.0,0.0,0.0,0.0,udp,0.0,,cs0,,63.0,,1.0,,Status,1,1,0,42,42,0,42.0,0.0,0.0,0.0,0.0,0,0,0,0.0,,,0.0,0.0,0.0,REQ,,,,,0.0,0.0,0.0,0
509604,0.0,0.0,0.0,0.0,0.0,0.0,udp,0.0,,cs0,,63.0,,1.0,,Status,1,1,0,42,42,0,42.0,0.0,0.0,0.0,0.0,0,0,0,0.0,,,0.0,0.0,0.0,REQ,,,,,0.0,0.0,0.0,0
509655,0.0,0.0,0.0,0.0,0.0,0.0,udp,0.0,,cs0,,63.0,,1.0,,Status,1,1,0,42,42,0,42.0,0.0,0.0,0.0,0.0,0,0,0,0.0,,,0.0,0.0,0.0,REQ,,,,,0.0,0.0,0.0,0
509706,0.0,0.0,0.0,0.0,0.0,0.0,udp,0.0,,cs0,,63.0,,1.0,,Status,1,1,0,42,42,0,42.0,0.0,0.0,0.0,0.0,0,0,0,0.0,,,0.0,0.0,0.0,REQ,,,,,0.0,0.0,0.0,0
509710,0.0,0.0,0.0,0.0,0.0,0.0,udp,0.0,,cs0,,63.0,,1.0,,Status,1,1,0,42,42,0,42.0,0.0,0.0,0.0,0.0,0,0,0,0.0,,,0.0,0.0,0.0,REQ,,,,,0.0,0.0,0.0,0
509715,0.0,0.0,0.0,0.0,0.0,0.0,udp,0.0,,cs0,,63.0,,1.0,,Status,1,1,0,42,42,0,42.0,0.0,0.0,0.0,0.0,0,0,0,0.0,,,0.0,0.0,0.0,REQ,,,,,0.0,0.0,0.0,0
509730,0.0,0.0,0.0,0.0,0.0,0.0,udp,0.0,,cs0,,63.0,,1.0,,Status,1,1,0,42,42,0,42.0,0.0,0.0,0.0,0.0,0,0,0,0.0,,,0.0,0.0,0.0,REQ,,,,,0.0,0.0,0.0,0
509822,0.0,0.0,0.0,0.0,0.0,0.0,udp,0.0,,cs0,,63.0,,1.0,,Status,1,1,0,42,42,0,42.0,0.0,0.0,0.0,0.0,0,0,0,0.0,,,0.0,0.0,0.0,REQ,,,,,0.0,0.0,0.0,0
509823,0.0,0.0,0.0,0.0,0.0,0.0,udp,0.0,,cs0,,63.0,,1.0,,Status,1,1,0,42,42,0,42.0,0.0,0.0,0.0,0.0,0,0,0,0.0,,,0.0,0.0,0.0,REQ,,,,,0.0,0.0,0.0,0
509825,0.0,0.0,0.0,0.0,0.0,0.0,udp,0.0,,cs0,,63.0,,1.0,,Status,1,1,0,42,42,0,42.0,0.0,0.0,0.0,0.0,0,0,0,0.0,,,0.0,0.0,0.0,REQ,,,,,0.0,0.0,0.0,0
509829,0.0,0.0,0.0,0.0,0.0,0.0,udp,0.0,,cs0,,63.0,,1.0,,Status,1,1,0,42,42,0,42.0,0.0,0.0,0.0,0.0,0,0,0,0.0,,,0.0,0.0,0.0,REQ,,,,,0.0,0.0,0.0,0
509835,0.0,0.0,0.0,0.0,0.0,0.0,udp,0.0,,cs0,,63.0,,1.0,,Status,1,1,0,42,42,0,42.0,0.0,0.0,0.0,0.0,0,0,0,0.0,,,0.0,0.0,0.0,REQ,,,,,0.0,0.0,0.0,0
509892,0.0,0.0,0.0,0.0,0.0,0.0,udp,0.0,,cs0,,63.0,,1.0,,Status,1,1,0,42,42,0,42.0,0.0,0.0,0.0,0.0,0,0,0,0.0,,,0.0,0.0,0.0,REQ,,,,,0.0,0.0,0.0,0
509929,0.0,0.0,0.0,0.0,0.0,0.0,udp,0.0,,cs0,,63.0,,1.0,,Status,1,1,0,42,42,0,42.0,0.0,0.0,0.0,0.0,0,0,0,0.0,,,0.0,0.0,0.0,REQ,,,,,0.0,0.0,0.0,0
509993,0.0,0.0,0.0,0.0,0.0,0.0,udp,0.0,,cs0,,63.0,,1.0,,Status,1,1,0,42,42,0,42.0,0.0,0.0,0.0,0.0,0,0,0,0.0,,,0.0,0.0,0.0,REQ,,,,,0.0,0.0,0.0,0
510020,0.0,0.0,0.0,0.0,0.0,0.0,udp,0.0,,cs0,,63.0,,1.0,,Status,1,1,0,42,42,0,42.0,0.0,0.0,0.0,0.0,0,0,0,0.0,,,0.0,0.0,0.0,REQ,,,,,0.0,0.0,0.0,0
510120,0.0,0.0,0.0,0.0,0.0,0.0,udp,0.0,,cs0,,63.0,,1.0,,Status,1,1,0,42,42,0,42.0,0.0,0.0,0.0,0.0,0,0,0,0.0,,,0.0,0.0,0.0,REQ,,,,,0.0,0.0,0.0,0
510124,0.0,0.0,0.0,0.0,0.0,0.0,udp,0.0,,cs0,,63.0,,1.0,,Status,1,1,0,42,42,0,42.0,0.0,0.0,0.0,0.0,0,0,0,0.0,,,0.0,0.0,0.0,REQ,,,,,0.0,0.0,0.0,0
510227,0.0,0.0,0.0,0.0,0.0,0.0,udp,0.0,,cs0,,63.0,,1.0,,Status,1,1,0,42,42,0,42.0,0.0,0.0,0.0,0.0,0,0,0,0.0,,,0.0,0.0,0.0,REQ,,,,,0.0,0.0,0.0,0
510234,0.0,0.0,0.0,0.0,0.0,0.0,udp,0.0,,cs0,,63.0,,1.0,,Status,1,1,0,42,42,0,42.0,0.0,0.0,0.0,0.0,0,0,0,0.0,,,0.0,0.0,0.0,REQ,,,,,0.0,0.0,0.0,0
510243,0.0,0.0,0.0,0.0,0.0,0.0,udp,0.0,,cs0,,63.0,,1.0,,Status,1,1,0,42,42,0,42.0,0.0,0.0,0.0,0.0,0,0,0,0.0,,,0.0,0.0,0.0,REQ,,,,,0.0,0.0,0.0,0
510245,0.0,0.0,0.0,0.0,0.0,0.0,udp,0.0,,cs0,,63.0,,1.0,,Status,1,1,0,42,42,0,42.0,0.0,0.0,0.0,0.0,0,0,0,0.0,,,0.0,0.0,0.0,REQ,,,,,0.0,0.0,0.0,0
510290,0.0,0.0,0.0,0.0,0.0,0.0,udp,0.0,,cs0,,63.0,,1.0,,Status,1,1,0,42,42,0,42.0,0.0,0.0,0.0,0.0,0,0,0,0.0,,,0.0,0.0,0.0,REQ,,,,,0.0,0.0,0.0,0
510313,0.0,0.0,0.0,0.0,0.0,0.0,udp,0.0,,cs0,,63.0,,1.0,,Status,1,1,0,42,42,0,42.0,0.0,0.0,0.0,0.0,0,0,0,0.0,,,0.0,0.0,0.0,REQ,,,,,0.0,0.0,0.0,0
510330,0.0,0.0,0.0,0.0,0.0,0.0,udp,0.0,,cs0,,63.0,,1.0,,Status,1,1,0,42,42,0,42.0,0.0,0.0,0.0,0.0,0,0,0,0.0,,,0.0,0.0,0.0,REQ,,,,,0.0,0.0,0.0,0
510343,0.0,0.0,0.0,0.0,0.0,0.0,udp,0.0,,cs0,,63.0,,1.0,,Status,1,1,0,42,42,0,42.0,0.0,0.0,0.0,0.0,0,0,0,0.0,,,0.0,0.0,0.0,REQ,,,,,0.0,0.0,0.0,0
510356,0.0,0.0,0.0,0.0,0.0,0.0,udp,0.0,,cs0,,63.0,,1.0,,Status,1,1,0,42,42,0,42.0,0.0,0.0,0.0,0.0,0,0,0,0.0,,,0.0,0.0,0.0,REQ,,,,,0.0,0.0,0.0,0
510400,0.0,0.0,0.0,0.0,0.0,0.0,udp,0.0,,cs0,,63.0,,1.0,,Status,1,1,0,42,42,0,42.0,0.0,0.0,0.0,0.0,0,0,0,0.0,,,0.0,0.0,0.0,REQ,,,,,0.0,0.0,0.0,0
510401,0.0,0.0,0.0,0.0,0.0,0.0,udp,0.0,,cs0,,63.0,,1.0,,Status,1,1,0,42,42,0,42.0,0.0,0.0,0.0,0.0,0,0,0,0.0,,,0.0,0.0,0.0,REQ,,,,,0.0,0.0,0.0,0
510551,0.0,0.0,0.0,0.0,0.0,0.0,udp,0.0,,cs0,,63.0,,1.0,,Status,1,1,0,42,42,0,42.0,0.0,0.0,0.0,0.0,0,0,0,0.0,,,0.0,0.0,0.0,REQ,,,,,0.0,0.0,0.0,0
510571,0.0,0.0,0.0,0.0,0.0,0.0,udp,0.0,,cs0,,63.0,,1.0,,Status,1,1,0,42,42,0,42.0,0.0,0.0,0.0,0.0,0,0,0,0.0,,,0.0,0.0,0.0,REQ,,,,,0.0,0.0,0.0,0
510631,0.0,0.0,0.0,0.0,0.0,0.0,udp,0.0,,cs0,,63.0,,1.0,,Status,1,1,0,42,42,0,42.0,0.0,0.0,0.0,0.0,0,0,0,0.0,,,0.0,0.0,0.0,REQ,,,,,0.0,0.0,0.0,0
510641,0.0,0.0,0.0,0.0,0.0,0.0,udp,0.0,,cs0,,63.0,,1.0,,Status,1,1,0,42,42,0,42.0,0.0,0.0,0.0,0.0,0,0,0,0.0,,,0.0,0.0,0.0,REQ,,,,,0.0,0.0,0.0,0
510672,0.0,0.0,0.0,0.0,0.0,0.0,udp,0.0,,cs0,,63.0,,1.0,,Status,1,1,0,42,42,0,42.0,0.0,0.0,0.0,0.0,0,0,0,0.0,,,0.0,0.0,0.0,REQ,,,,,0.0,0.0,0.0,0
510748,0.0,0.0,0.0,0.0,0.0,0.0,udp,0.0,,cs0,,63.0,,1.0,,Status,1,1,0,42,42,0,42.0,0.0,0.0,0.0,0.0,0,0,0,0.0,,,0.0,0.0,0.0,REQ,,,,,0.0,0.0,0.0,0
510854,0.0,0.0,0.0,0.0,0.0,0.0,udp,0.0,,cs0,,63.0,,1.0,,Status,1,1,0,42,42,0,42.0,0.0,0.0,0.0,0.0,0,0,0,0.0,,,0.0,0.0,0.0,REQ,,,,,0.0,0.0,0.0,0
510871,0.0,0.0,0.0,0.0,0.0,0.0,udp,0.0,,cs0,,63.0,,1.0,,Status,1,1,0,42,42,0,42.0,0.0,0.0,0.0,0.0,0,0,0,0.0,,,0.0,0.0,0.0,REQ,,,,,0.0,0.0,0.0,0
510925,0.0,0.0,0.0,0.0,0.0,0.0,udp,0.0,,cs0,,63.0,,1.0,,Status,1,1,0,42,42,0,42.0,0.0,0.0,0.0,0.0,0,0,0,0.0,,,0.0,0.0,0.0,REQ,,,,,0.0,0.0,0.0,0
510973,0.0,0.0,0.0,0.0,0.0,0.0,udp,0.0,,cs0,,63.0,,1.0,,Status,1,1,0,42,42,0,42.0,0.0,0.0,0.0,0.0,0,0,0,0.0,,,0.0,0.0,0.0,REQ,,,,,0.0,0.0,0.0,0
510996,0.0,0.0,0.0,0.0,0.0,0.0,udp,0.0,,cs0,,63.0,,1.0,,Status,1,1,0,42,42,0,42.0,0.0,0.0,0.0,0.0,0,0,0,0.0,,,0.0,0.0,0.0,REQ,,,,,0.0,0.0,0.0,0
511006,0.0,0.0,0.0,0.0,0.0,0.0,udp,0.0,,cs0,,63.0,,1.0,,Status,1,1,0,42,42,0,42.0,0.0,0.0,0.0,0.0,0,0,0,0.0,,,0.0,0.0,0.0,REQ,,,,,0.0,0.0,0.0,0
511015,0.0,0.0,0.0,0.0,0.0,0.0,udp,0.0,,cs0,,63.0,,1.0,,Status,1,1,0,42,42,0,42.0,0.0,0.0,0.0,0.0,0,0,0,0.0,,,0.0,0.0,0.0,REQ,,,,,0.0,0.0,0.0,0
511027,0.0,0.0,0.0,0.0,0.0,0.0,udp,0.0,,cs0,,63.0,,1.0,,Status,1,1,0,42,42,0,42.0,0.0,0.0,0.0,0.0,0,0,0,0.0,,,0.0,0.0,0.0,REQ,,,,,0.0,0.0,0.0,0
511057,0.0,0.0,0.0,0.0,0.0,0.0,udp,0.0,,cs0,,63.0,,1.0,,Status,1,1,0,42,42,0,42.0,0.0,0.0,0.0,0.0,0,0,0,0.0,,,0.0,0.0,0.0,REQ,,,,,0.0,0.0,0.0,0
511113,0.0,0.0,0.0,0.0,0.0,0.0,udp,0.0,,cs0,,63.0,,1.0,,Status,1,1,0,42,42,0,42.0,0.0,0.0,0.0,0.0,0,0,0,0.0,,,0.0,0.0,0.0,REQ,,,,,0.0,0.0,0.0,0
511135,0.0,0.0,0.0,0.0,0.0,0.0,udp,0.0,,cs0,,63.0,,1.0,,Status,1,1,0,42,42,0,42.0,0.0,0.0,0.0,0.0,0,0,0,0.0,,,0.0,0.0,0.0,REQ,,,,,0.0,0.0,0.0,0
511176,0.0,0.0,0.0,0.0,0.0,0.0,udp,0.0,,cs0,,63.0,,1.0,,Status,1,1,0,42,42,0,42.0,0.0,0.0,0.0,0.0,0,0,0,0.0,,,0.0,0.0,0.0,REQ,,,,,0.0,0.0,0.0,0
511181,0.0,0.0,0.0,0.0,0.0,0.0,udp,0.0,,cs0,,63.0,,1.0,,Status,1,1,0,42,42,0,42.0,0.0,0.0,0.0,0.0,0,0,0,0.0,,,0.0,0.0,0.0,REQ,,,,,0.0,0.0,0.0,0
511203,0.0,0.0,0.0,0.0,0.0,0.0,udp,0.0,,cs0,,63.0,,1.0,,Status,1,1,0,42,42,0,42.0,0.0,0.0,0.0,0.0,0,0,0,0.0,,,0.0,0.0,0.0,REQ,,,,,0.0,0.0,0.0,0
511238,0.0,0.0,0.0,0.0,0.0,0.0,udp,0.0,,cs0,,63.0,,1.0,,Status,1,1,0,42,42,0,42.0,0.0,0.0,0.0,0.0,0,0,0,0.0,,,0.0,0.0,0.0,REQ,,,,,0.0,0.0,0.0,0
511263,0.0,0.0,0.0,0.0,0.0,0.0,udp,0.0,,cs0,,63.0,,1.0,,Status,1,1,0,42,42,0,42.0,0.0,0.0,0.0,0.0,0,0,0,0.0,,,0.0,0.0,0.0,REQ,,,,,0.0,0.0,0.0,0
511264,0.0,0.0,0.0,0.0,0.0,0.0,udp,0.0,,cs0,,63.0,,1.0,,Status,1,1,0,42,42,0,42.0,0.0,0.0,0.0,0.0,0,0,0,0.0,,,0.0,0.0,0.0,REQ,,,,,0.0,0.0,0.0,0
511287,0.0,0.0,0.0,0.0,0.0,0.0,udp,0.0,,cs0,,63.0,,1.0,,Status,1,1,0,42,42,0,42.0,0.0,0.0,0.0,0.0,0,0,0,0.0,,,0.0,0.0,0.0,REQ,,,,,0.0,0.0,0.0,0
511289,0.0,0.0,0.0,0.0,0.0,0.0,udp,0.0,,cs0,,63.0,,1.0,,Status,1,1,0,42,42,0,42.0,0.0,0.0,0.0,0.0,0,0,0,0.0,,,0.0,0.0,0.0,REQ,,,,,0.0,0.0,0.0,0
511298,0.0,0.0,0.0,0.0,0.0,0.0,udp,0.0,,cs0,,63.0,,1.0,,Status,1,1,0,42,42,0,42.0,0.0,0.0,0.0,0.0,0,0,0,0.0,,,0.0,0.0,0.0,REQ,,,,,0.0,0.0,0.0,0
511306,0.0,0.0,0.0,0.0,0.0,0.0,udp,0.0,,cs0,,63.0,,1.0,,Status,1,1,0,42,42,0,42.0,0.0,0.0,0.0,0.0,0,0,0,0.0,,,0.0,0.0,0.0,REQ,,,,,0.0,0.0,0.0,0
511352,0.0,0.0,0.0,0.0,0.0,0.0,udp,0.0,,cs0,,63.0,,1.0,,Status,1,1,0,42,42,0,42.0,0.0,0.0,0.0,0.0,0,0,0,0.0,,,0.0,0.0,0.0,REQ,,,,,0.0,0.0,0.0,0
511360,0.0,0.0,0.0,0.0,0.0,0.0,udp,0.0,,cs0,,63.0,,1.0,,Status,1,1,0,42,42,0,42.0,0.0,0.0,0.0,0.0,0,0,0,0.0,,,0.0,0.0,0.0,REQ,,,,,0.0,0.0,0.0,0
511377,0.0,0.0,0.0,0.0,0.0,0.0,udp,0.0,,cs0,,63.0,,1.0,,Status,1,1,0,42,42,0,42.0,0.0,0.0,0.0,0.0,0,0,0,0.0,,,0.0,0.0,0.0,REQ,,,,,0.0,0.0,0.0,0
511382,0.0,0.0,0.0,0.0,0.0,0.0,udp,0.0,,cs0,,63.0,,1.0,,Status,1,1,0,42,42,0,42.0,0.0,0.0,0.0,0.0,0,0,0,0.0,,,0.0,0.0,0.0,REQ,,,,,0.0,0.0,0.0,0
511427,0.0,0.0,0.0,0.0,0.0,0.0,udp,0.0,,cs0,,63.0,,1.0,,Status,1,1,0,42,42,0,42.0,0.0,0.0,0.0,0.0,0,0,0,0.0,,,0.0,0.0,0.0,REQ,,,,,0.0,0.0,0.0,0
511442,0.0,0.0,0.0,0.0,0.0,0.0,udp,0.0,,cs0,,63.0,,1.0,,Status,1,1,0,42,42,0,42.0,0.0,0.0,0.0,0.0,0,0,0,0.0,,,0.0,0.0,0.0,REQ,,,,,0.0,0.0,0.0,0
511443,0.0,0.0,0.0,0.0,0.0,0.0,udp,0.0,,cs0,,63.0,,1.0,,Status,1,1,0,42,42,0,42.0,0.0,0.0,0.0,0.0,0,0,0,0.0,,,0.0,0.0,0.0,REQ,,,,,0.0,0.0,0.0,0
511476,0.0,0.0,0.0,0.0,0.0,0.0,udp,0.0,,cs0,,63.0,,1.0,,Status,1,1,0,42,42,0,42.0,0.0,0.0,0.0,0.0,0,0,0,0.0,,,0.0,0.0,0.0,REQ,,,,,0.0,0.0,0.0,0
511479,0.0,0.0,0.0,0.0,0.0,0.0,udp,0.0,,cs0,,63.0,,1.0,,Status,1,1,0,42,42,0,42.0,0.0,0.0,0.0,0.0,0,0,0,0.0,,,0.0,0.0,0.0,REQ,,,,,0.0,0.0,0.0,0
511497,0.0,0.0,0.0,0.0,0.0,0.0,udp,0.0,,cs0,,63.0,,1.0,,Status,1,1,0,42,42,0,42.0,0.0,0.0,0.0,0.0,0,0,0,0.0,,,0.0,0.0,0.0,REQ,,,,,0.0,0.0,0.0,0
511523,0.0,0.0,0.0,0.0,0.0,0.0,udp,0.0,,cs0,,63.0,,1.0,,Status,1,1,0,42,42,0,42.0,0.0,0.0,0.0,0.0,0,0,0,0.0,,,0.0,0.0,0.0,REQ,,,,,0.0,0.0,0.0,0
511581,0.0,0.0,0.0,0.0,0.0,0.0,udp,0.0,,cs0,,63.0,,1.0,,Status,1,1,0,42,42,0,42.0,0.0,0.0,0.0,0.0,0,0,0,0.0,,,0.0,0.0,0.0,REQ,,,,,0.0,0.0,0.0,0
511621,0.0,0.0,0.0,0.0,0.0,0.0,udp,0.0,,cs0,,63.0,,1.0,,Status,1,1,0,42,42,0,42.0,0.0,0.0,0.0,0.0,0,0,0,0.0,,,0.0,0.0,0.0,REQ,,,,,0.0,0.0,0.0,0
511689,0.0,0.0,0.0,0.0,0.0,0.0,udp,0.0,,cs0,,63.0,,1.0,,Status,1,1,0,42,42,0,42.0,0.0,0.0,0.0,0.0,0,0,0,0.0,,,0.0,0.0,0.0,REQ,,,,,0.0,0.0,0.0,0
511702,0.0,0.0,0.0,0.0,0.0,0.0,udp,0.0,,cs0,,63.0,,1.0,,Status,1,1,0,42,42,0,42.0,0.0,0.0,0.0,0.0,0,0,0,0.0,,,0.0,0.0,0.0,REQ,,,,,0.0,0.0,0.0,0
511706,0.0,0.0,0.0,0.0,0.0,0.0,udp,0.0,,cs0,,63.0,,1.0,,Status,1,1,0,42,42,0,42.0,0.0,0.0,0.0,0.0,0,0,0,0.0,,,0.0,0.0,0.0,REQ,,,,,0.0,0.0,0.0,0
511755,0.0,0.0,0.0,0.0,0.0,0.0,udp,0.0,,cs0,,63.0,,1.0,,Status,1,1,0,42,42,0,42.0,0.0,0.0,0.0,0.0,0,0,0,0.0,,,0.0,0.0,0.0,REQ,,,,,0.0,0.0,0.0,0
511804,0.0,0.0,0.0,0.0,0.0,0.0,udp,0.0,,cs0,,63.0,,1.0,,Status,1,1,0,42,42,0,42.0,0.0,0.0,0.0,0.0,0,0,0,0.0,,,0.0,0.0,0.0,REQ,,,,,0.0,0.0,0.0,0
511821,0.0,0.0,0.0,0.0,0.0,0.0,udp,0.0,,cs0,,63.0,,1.0,,Status,1,1,0,42,42,0,42.0,0.0,0.0,0.0,0.0,0,0,0,0.0,,,0.0,0.0,0.0,REQ,,,,,0.0,0.0,0.0,0
511844,0.0,0.0,0.0,0.0,0.0,0.0,udp,0.0,,cs0,,63.0,,1.0,,Status,1,1,0,42,42,0,42.0,0.0,0.0,0.0,0.0,0,0,0,0.0,,,0.0,0.0,0.0,REQ,,,,,0.0,0.0,0.0,0
511901,0.0,0.0,0.0,0.0,0.0,0.0,udp,0.0,,cs0,,63.0,,1.0,,Status,1,1,0,42,42,0,42.0,0.0,0.0,0.0,0.0,0,0,0,0.0,,,0.0,0.0,0.0,REQ,,,,,0.0,0.0,0.0,0
511913,0.0,0.0,0.0,0.0,0.0,0.0,udp,0.0,,cs0,,63.0,,1.0,,Status,1,1,0,42,42,0,42.0,0.0,0.0,0.0,0.0,0,0,0,0.0,,,0.0,0.0,0.0,REQ,,,,,0.0,0.0,0.0,0
511926,0.0,0.0,0.0,0.0,0.0,0.0,udp,0.0,,cs0,,63.0,,1.0,,Start,1,1,0,42,42,0,42.0,0.0,0.0,0.0,0.0,0,0,0,0.0,,,0.0,0.0,0.0,INT,,,,,0.0,0.0,0.0,0
511967,0.0,0.0,0.0,0.0,0.0,0.0,udp,0.0,,cs0,,63.0,,1.0,,Status,1,1,0,42,42,0,42.0,0.0,0.0,0.0,0.0,0,0,0,0.0,,,0.0,0.0,0.0,REQ,,,,,0.0,0.0,0.0,0
512004,0.0,0.0,0.0,0.0,0.0,0.0,udp,0.0,,cs0,,63.0,,1.0,,Status,1,1,0,42,42,0,42.0,0.0,0.0,0.0,0.0,0,0,0,0.0,,,0.0,0.0,0.0,REQ,,,,,0.0,0.0,0.0,0
512011,0.0,0.0,0.0,0.0,0.0,0.0,udp,0.0,,cs0,,63.0,,1.0,,Status,1,1,0,42,42,0,42.0,0.0,0.0,0.0,0.0,0,0,0,0.0,,,0.0,0.0,0.0,REQ,,,,,0.0,0.0,0.0,0
512127,0.0,0.0,0.0,0.0,0.0,0.0,udp,0.0,,cs0,,63.0,,1.0,,Status,1,1,0,42,42,0,42.0,0.0,0.0,0.0,0.0,0,0,0,0.0,,,0.0,0.0,0.0,REQ,,,,,0.0,0.0,0.0,0
512144,0.0,0.0,0.0,0.0,0.0,0.0,udp,0.0,,cs0,,63.0,,1.0,,Status,1,1,0,42,42,0,42.0,0.0,0.0,0.0,0.0,0,0,0,0.0,,,0.0,0.0,0.0,REQ,,,,,0.0,0.0,0.0,0
512203,0.0,0.0,0.0,0.0,0.0,0.0,udp,0.0,,cs0,,63.0,,1.0,,Status,1,1,0,42,42,0,42.0,0.0,0.0,0.0,0.0,0,0,0,0.0,,,0.0,0.0,0.0,REQ,,,,,0.0,0.0,0.0,0
512236,0.0,0.0,0.0,0.0,0.0,0.0,udp,0.0,,cs0,,63.0,,1.0,,Status,1,1,0,42,42,0,42.0,0.0,0.0,0.0,0.0,0,0,0,0.0,,,0.0,0.0,0.0,REQ,,,,,0.0,0.0,0.0,0
512276,0.0,0.0,0.0,0.0,0.0,0.0,udp,0.0,,cs0,,63.0,,1.0,,Status,1,1,0,42,42,0,42.0,0.0,0.0,0.0,0.0,0,0,0,0.0,,,0.0,0.0,0.0,REQ,,,,,0.0,0.0,0.0,0
512306,0.0,0.0,0.0,0.0,0.0,0.0,udp,0.0,,cs0,,63.0,,1.0,,Status,1,1,0,42,42,0,42.0,0.0,0.0,0.0,0.0,0,0,0,0.0,,,0.0,0.0,0.0,REQ,,,,,0.0,0.0,0.0,0
512361,0.0,0.0,0.0,0.0,0.0,0.0,udp,0.0,,cs0,,63.0,,1.0,,Status,1,1,0,42,42,0,42.0,0.0,0.0,0.0,0.0,0,0,0,0.0,,,0.0,0.0,0.0,REQ,,,,,0.0,0.0,0.0,0
512408,0.0,0.0,0.0,0.0,0.0,0.0,udp,0.0,,cs0,,63.0,,1.0,,Status,1,1,0,42,42,0,42.0,0.0,0.0,0.0,0.0,0,0,0,0.0,,,0.0,0.0,0.0,REQ,,,,,0.0,0.0,0.0,0
512450,0.0,0.0,0.0,0.0,0.0,0.0,udp,0.0,,cs0,,63.0,,1.0,,Status,1,1,0,42,42,0,42.0,0.0,0.0,0.0,0.0,0,0,0,0.0,,,0.0,0.0,0.0,REQ,,,,,0.0,0.0,0.0,0
512462,0.0,0.0,0.0,0.0,0.0,0.0,udp,0.0,,cs0,,63.0,,1.0,,Status,1,1,0,42,42,0,42.0,0.0,0.0,0.0,0.0,0,0,0,0.0,,,0.0,0.0,0.0,REQ,,,,,0.0,0.0,0.0,0
512504,0.0,0.0,0.0,0.0,0.0,0.0,udp,0.0,,cs0,,63.0,,1.0,,Status,1,1,0,42,42,0,42.0,0.0,0.0,0.0,0.0,0,0,0,0.0,,,0.0,0.0,0.0,REQ,,,,,0.0,0.0,0.0,0
512546,0.0,0.0,0.0,0.0,0.0,0.0,udp,0.0,,cs0,,63.0,,1.0,,Status,1,1,0,42,42,0,42.0,0.0,0.0,0.0,0.0,0,0,0,0.0,,,0.0,0.0,0.0,REQ,,,,,0.0,0.0,0.0,0
512715,0.0,0.0,0.0,0.0,0.0,0.0,udp,0.0,,cs0,,63.0,,1.0,,Status,1,1,0,42,42,0,42.0,0.0,0.0,0.0,0.0,0,0,0,0.0,,,0.0,0.0,0.0,REQ,,,,,0.0,0.0,0.0,0
512717,0.0,0.0,0.0,0.0,0.0,0.0,udp,0.0,,cs0,,63.0,,1.0,,Status,1,1,0,42,42,0,42.0,0.0,0.0,0.0,0.0,0,0,0,0.0,,,0.0,0.0,0.0,REQ,,,,,0.0,0.0,0.0,0
512733,0.0,0.0,0.0,0.0,0.0,0.0,udp,0.0,,cs0,,63.0,,1.0,,Status,1,1,0,42,42,0,42.0,0.0,0.0,0.0,0.0,0,0,0,0.0,,,0.0,0.0,0.0,REQ,,,,,0.0,0.0,0.0,0
512836,0.0,0.0,0.0,0.0,0.0,0.0,udp,0.0,,cs0,,63.0,,1.0,,Status,1,1,0,42,42,0,42.0,0.0,0.0,0.0,0.0,0,0,0,0.0,,,0.0,0.0,0.0,REQ,,,,,0.0,0.0,0.0,0
512914,0.0,0.0,0.0,0.0,0.0,0.0,udp,0.0,,cs0,,63.0,,1.0,,Status,1,1,0,42,42,0,42.0,0.0,0.0,0.0,0.0,0,0,0,0.0,,,0.0,0.0,0.0,REQ,,,,,0.0,0.0,0.0,0
512933,0.0,0.0,0.0,0.0,0.0,0.0,udp,0.0,,cs0,,63.0,,1.0,,Status,1,1,0,42,42,0,42.0,0.0,0.0,0.0,0.0,0,0,0,0.0,,,0.0,0.0,0.0,REQ,,,,,0.0,0.0,0.0,0
512935,0.0,0.0,0.0,0.0,0.0,0.0,udp,0.0,,cs0,,63.0,,1.0,,Status,1,1,0,42,42,0,42.0,0.0,0.0,0.0,0.0,0,0,0,0.0,,,0.0,0.0,0.0,REQ,,,,,0.0,0.0,0.0,0
513038,0.0,0.0,0.0,0.0,0.0,0.0,udp,0.0,,cs0,,63.0,,1.0,,Status,1,1,0,42,42,0,42.0,0.0,0.0,0.0,0.0,0,0,0,0.0,,,0.0,0.0,0.0,REQ,,,,,0.0,0.0,0.0,0
513160,0.0,0.0,0.0,0.0,0.0,0.0,udp,0.0,,cs0,,63.0,,1.0,,Status,1,1,0,42,42,0,42.0,0.0,0.0,0.0,0.0,0,0,0,0.0,,,0.0,0.0,0.0,REQ,,,,,0.0,0.0,0.0,0
513183,0.0,0.0,0.0,0.0,0.0,0.0,udp,0.0,,cs0,,63.0,,1.0,,Status,1,1,0,42,42,0,42.0,0.0,0.0,0.0,0.0,0,0,0,0.0,,,0.0,0.0,0.0,REQ,,,,,0.0,0.0,0.0,0
513206,0.0,0.0,0.0,0.0,0.0,0.0,udp,0.0,,cs0,,63.0,,1.0,,Status,1,1,0,42,42,0,42.0,0.0,0.0,0.0,0.0,0,0,0,0.0,,,0.0,0.0,0.0,REQ,,,,,0.0,0.0,0.0,0
513216,0.0,0.0,0.0,0.0,0.0,0.0,udp,0.0,,cs0,,63.0,,1.0,,Status,1,1,0,42,42,0,42.0,0.0,0.0,0.0,0.0,0,0,0,0.0,,,0.0,0.0,0.0,REQ,,,,,0.0,0.0,0.0,0
513236,0.0,0.0,0.0,0.0,0.0,0.0,udp,0.0,,cs0,,63.0,,1.0,,Status,1,1,0,42,42,0,42.0,0.0,0.0,0.0,0.0,0,0,0,0.0,,,0.0,0.0,0.0,REQ,,,,,0.0,0.0,0.0,0
513239,0.0,0.0,0.0,0.0,0.0,0.0,udp,0.0,,cs0,,63.0,,1.0,,Status,1,1,0,42,42,0,42.0,0.0,0.0,0.0,0.0,0,0,0,0.0,,,0.0,0.0,0.0,REQ,,,,,0.0,0.0,0.0,0
513273,0.0,0.0,0.0,0.0,0.0,0.0,udp,0.0,,cs0,,63.0,,1.0,,Status,1,1,0,42,42,0,42.0,0.0,0.0,0.0,0.0,0,0,0,0.0,,,0.0,0.0,0.0,REQ,,,,,0.0,0.0,0.0,0
513376,0.0,0.0,0.0,0.0,0.0,0.0,udp,0.0,,cs0,,63.0,,1.0,,Status,1,1,0,42,42,0,42.0,0.0,0.0,0.0,0.0,0,0,0,0.0,,,0.0,0.0,0.0,REQ,,,,,0.0,0.0,0.0,0
513383,0.0,0.0,0.0,0.0,0.0,0.0,udp,0.0,,cs0,,63.0,,1.0,,Status,1,1,0,42,42,0,42.0,0.0,0.0,0.0,0.0,0,0,0,0.0,,,0.0,0.0,0.0,REQ,,,,,0.0,0.0,0.0,0
513388,0.0,0.0,0.0,0.0,0.0,0.0,udp,0.0,,cs0,,63.0,,1.0,,Status,1,1,0,42,42,0,42.0,0.0,0.0,0.0,0.0,0,0,0,0.0,,,0.0,0.0,0.0,REQ,,,,,0.0,0.0,0.0,0
513405,0.0,0.0,0.0,0.0,0.0,0.0,udp,0.0,,cs0,,63.0,,1.0,,Status,1,1,0,42,42,0,42.0,0.0,0.0,0.0,0.0,0,0,0,0.0,,,0.0,0.0,0.0,REQ,,,,,0.0,0.0,0.0,0
513451,0.0,0.0,0.0,0.0,0.0,0.0,udp,0.0,,cs0,,63.0,,1.0,,Status,1,1,0,42,42,0,42.0,0.0,0.0,0.0,0.0,0,0,0,0.0,,,0.0,0.0,0.0,REQ,,,,,0.0,0.0,0.0,0
513480,0.0,0.0,0.0,0.0,0.0,0.0,udp,0.0,,cs0,,63.0,,1.0,,Status,1,1,0,42,42,0,42.0,0.0,0.0,0.0,0.0,0,0,0,0.0,,,0.0,0.0,0.0,REQ,,,,,0.0,0.0,0.0,0
513629,0.0,0.0,0.0,0.0,0.0,0.0,icmp,0.0,,cs0,,58.0,,6.0,,Start,1,1,0,98,98,0,98.0,0.0,0.0,0.0,0.0,0,0,0,0.0,,,0.0,0.0,0.0,ECO,,,,,0.0,0.0,0.0,0
513645,4.997724,4.997724,4.997724,4.997724,4.997724,4.997724,udp,0.0,0.0,cs0,cs0,117.0,64.0,11.0,0.0,Status,140,129,11,162817,158451,4366,1228.302368,396.909088,258026.25,251671.3594,6354.892578,0,0,0,0.0,,,27.81266,25.611658,2.000911,CON,,,,,0.0,0.0,0.0,0
513694,4.902815,4.902815,4.902815,4.902815,4.902815,4.902815,udp,0.0,0.0,cs0,cs0,117.0,64.0,11.0,0.0,Status,106,88,18,119111,113232,5879,1286.727295,326.611115,191724.9688,182664.0469,9060.916992,0,0,0,0.0,,,21.416269,17.744907,3.467396,CON,,,,,0.0,0.0,0.0,0
513800,4.996397,4.996397,4.996397,4.996397,4.996397,4.996397,udp,0.0,0.0,cs0,cs0,117.0,64.0,11.0,0.0,Status,108,95,13,126811,121419,5392,1278.094727,414.769226,200334.7656,192364.2188,7970.543457,0,0,0,0.0,,,21.415432,18.813557,2.401731,CON,,,,,0.0,0.0,0.0,0
513889,4.264213,4.264213,4.264213,4.264213,4.264213,4.264213,udp,0.0,0.0,cs0,cs0,64.0,52.0,0.0,12.0,Status,42,24,18,19420,12884,6536,536.833313,363.111115,34746.85547,23165.82227,11581.03516,0,0,0,0.0,,,9.614904,5.393727,3.986668,CON,,,,,0.0,0.0,0.0,0
513908,0.0,0.0,0.0,0.0,0.0,0.0,icmp,0.0,,cs0,,58.0,,6.0,,Start,1,1,0,98,98,0,98.0,0.0,0.0,0.0,0.0,0,0,0,0.0,,,0.0,0.0,0.0,ECO,,,,,0.0,0.0,0.0,0
513921,0.0,0.0,0.0,0.0,0.0,0.0,udp,0.0,,cs0,,63.0,,1.0,,Start,1,1,0,42,42,0,42.0,0.0,0.0,0.0,0.0,0,0,0,0.0,,,0.0,0.0,0.0,INT,,,,,0.0,0.0,0.0,0
513979,4.421472,4.421472,4.421472,4.421472,4.421472,4.421472,udp,0.0,0.0,cs0,cs0,64.0,52.0,0.0,12.0,Status,43,24,19,19661,12882,6779,536.75,356.789459,33959.73047,22338.26172,11621.46875,0,0,0,0.0,,,9.499099,5.201888,4.071043,CON,,,,,0.0,0.0,0.0,0
514031,0.0,0.0,0.0,0.0,0.0,0.0,icmp,0.0,,cs0,,58.0,,6.0,,Start,1,1,0,98,98,0,98.0,0.0,0.0,0.0,0.0,0,0,0,0.0,,,0.0,0.0,0.0,ECO,,,,,0.0,0.0,0.0,0
514036,0.000264,0.000264,0.000264,0.000264,0.000264,0.000264,udp,224.0,184.0,cs7,ef,250.0,255.0,6.0,1.0,Start,2,1,1,124,64,60,64.0,60.0,0.0,0.0,0.0,0,0,0,0.0,,,3787.878662,0.0,0.0,CON,,,610.0,,0.0,0.0,0.0,0
514093,0.117887,0.117887,0.117887,0.117887,0.117887,0.117887,tcp,0.0,0.0,cs0,cs0,64.0,52.0,0.0,12.0,Status,10,5,5,2093,921,1172,184.199997,234.399994,113668.1797,50013.99609,63654.17969,0,0,0,0.0,0.0,0.0,76.344299,33.930798,33.930798,CON,1691.0,902.0,,,0.0,0.0,0.0,0
514106,0.0,0.0,0.0,0.0,0.0,0.0,udp,0.0,,cs0,,63.0,,1.0,,Start,1,1,0,42,42,0,42.0,0.0,0.0,0.0,0.0,0,0,0,0.0,,,0.0,0.0,0.0,INT,,,,,0.0,0.0,0.0,0
514205,0.0,0.0,0.0,0.0,0.0,0.0,icmp,0.0,,cs0,,58.0,,6.0,,Start,1,1,0,98,98,0,98.0,0.0,0.0,0.0,0.0,0,0,0,0.0,,,0.0,0.0,0.0,ECO,,,,,0.0,0.0,0.0,0
514311,0.0,0.0,0.0,0.0,0.0,0.0,icmp,0.0,,cs0,,58.0,,6.0,,Start,1,1,0,98,98,0,98.0,0.0,0.0,0.0,0.0,0,0,0,0.0,,,0.0,0.0,0.0,ECO,,,,,0.0,0.0,0.0,0
514315,0.0,0.0,0.0,0.0,0.0,0.0,udp,0.0,,cs0,,63.0,,1.0,,Start,1,1,0,42,42,0,42.0,0.0,0.0,0.0,0.0,0,0,0,0.0,,,0.0,0.0,0.0,INT,,,,,0.0,0.0,0.0,0
514328,4.956507,4.956507,4.956507,4.956507,4.956507,4.956507,udp,0.0,0.0,cs0,cs0,117.0,64.0,11.0,0.0,Status,120,109,11,145546,141557,3989,1298.68811,362.636353,232237.7344,226383.6094,5854.122559,0,0,0,0.0,,,24.008842,21.789537,2.01755,CON,,,,,0.0,0.0,0.0,0
514383,0.0,0.0,0.0,0.0,0.0,0.0,icmp,0.0,,cs0,,58.0,,6.0,,Start,1,1,0,98,98,0,98.0,0.0,0.0,0.0,0.0,0,0,0,0.0,,,0.0,0.0,0.0,ECO,,,,,0.0,0.0,0.0,0
514408,0.0,0.0,0.0,0.0,0.0,0.0,icmp,0.0,,cs0,,58.0,,6.0,,Start,1,1,0,98,98,0,98.0,0.0,0.0,0.0,0.0,0,0,0,0.0,,,0.0,0.0,0.0,ECO,,,,,0.0,0.0,0.0,0
514457,0.0,0.0,0.0,0.0,0.0,0.0,udp,0.0,,cs0,,63.0,,1.0,,Start,1,1,0,42,42,0,42.0,0.0,0.0,0.0,0.0,0,0,0,0.0,,,0.0,0.0,0.0,INT,,,,,0.0,0.0,0.0,0
514479,0.069396,0.069396,0.069396,0.069396,0.069396,0.069396,udp,0.0,0.0,cs0,cs0,64.0,117.0,0.0,11.0,Status,6,3,3,734,531,203,177.0,67.666664,56487.41016,40809.26953,15678.1377,0,0,0,0.0,,,72.050262,28.820107,28.820107,CON,,,,,0.0,0.0,0.0,0
514577,0.0,0.0,0.0,0.0,0.0,0.0,icmp,0.0,,cs0,,58.0,,6.0,,Start,1,1,0,98,98,0,98.0,0.0,0.0,0.0,0.0,0,0,0,0.0,,,0.0,0.0,0.0,ECO,,,,,0.0,0.0,0.0,0
514587,4.999964,4.999964,4.999964,4.999964,4.999964,4.999964,udp,0.0,0.0,cs0,cs0,117.0,64.0,11.0,0.0,Status,71,65,6,87202,86749,453,1334.599976,75.5,137269.7969,136664.9844,604.804321,0,0,0,0.0,,,14.0001,12.800092,1.000007,CON,,,,,0.0,0.0,0.0,0
514609,0.0,0.0,0.0,0.0,0.0,0.0,icmp,0.0,,cs0,,58.0,,6.0,,Start,1,1,0,98,98,0,98.0,0.0,0.0,0.0,0.0,0,0,0,0.0,,,0.0,0.0,0.0,ECO,,,,,0.0,0.0,0.0,0
514612,0.0,0.0,0.0,0.0,0.0,0.0,icmp,0.0,,cs0,,58.0,,6.0,,Start,1,1,0,98,98,0,98.0,0.0,0.0,0.0,0.0,0,0,0,0.0,,,0.0,0.0,0.0,ECO,,,,,0.0,0.0,0.0,0
514632,0.0,0.0,0.0,0.0,0.0,0.0,udp,0.0,,cs0,,63.0,,1.0,,Start,1,1,0,42,42,0,42.0,0.0,0.0,0.0,0.0,0,0,0,0.0,,,0.0,0.0,0.0,INT,,,,,0.0,0.0,0.0,0
514641,0.088639,0.088639,0.088639,0.088639,0.088639,0.088639,udp,0.0,0.0,cs0,cs0,64.0,52.0,0.0,12.0,Status,12,6,6,2423,624,1799,104.0,299.833344,182312.5313,46931.9375,135380.5938,0,0,0,0.0,,,124.098877,56.408581,56.408581,CON,,,,,0.0,0.0,0.0,0
514659,0.0,0.0,0.0,0.0,0.0,0.0,icmp,0.0,,cs0,,58.0,,6.0,,Start,1,1,0,98,98,0,98.0,0.0,0.0,0.0,0.0,0,0,0,0.0,,,0.0,0.0,0.0,ECO,,,,,0.0,0.0,0.0,0
514690,4.9999,4.9999,4.9999,4.9999,4.9999,4.9999,udp,0.0,0.0,cs0,cs0,117.0,64.0,11.0,0.0,Status,123,112,11,143394,139049,4345,1241.508911,395.0,226817.3438,220497.2188,6320.126465,0,0,0,0.0,,,24.400488,22.200445,2.00004,CON,,,,,0.0,0.0,0.0,0
514694,4.978574,4.978574,4.978574,4.978574,4.978574,4.978574,udp,0.0,0.0,cs0,cs0,117.0,64.0,11.0,0.0,Status,222,196,26,267985,262193,5792,1337.71936,222.769226,428116.1875,419165.8125,8950.354492,0,0,0,0.0,,,44.390224,39.167843,5.021518,CON,,,,,0.0,0.0,0.0,0
514719,0.0,0.0,0.0,0.0,0.0,0.0,icmp,0.0,,cs0,,58.0,,6.0,,Start,1,1,0,98,98,0,98.0,0.0,0.0,0.0,0.0,0,0,0,0.0,,,0.0,0.0,0.0,ECO,,,,,0.0,0.0,0.0,0
514738,0.0,0.0,0.0,0.0,0.0,0.0,udp,0.0,,cs0,,63.0,,1.0,,Start,1,1,0,42,42,0,42.0,0.0,0.0,0.0,0.0,0,0,0,0.0,,,0.0,0.0,0.0,INT,,,,,0.0,0.0,0.0,0
514818,0.161245,0.161245,0.161245,0.161245,0.161245,0.161245,udp,0.0,0.0,cs0,cs0,64.0,52.0,0.0,12.0,Start,18,9,9,7215,4197,3018,466.333344,335.333344,318223.8125,185109.6094,133114.2031,0,0,0,0.0,,,105.429626,49.613941,49.613941,CON,,,,,0.0,0.0,0.0,0
514836,0.0,0.0,0.0,0.0,0.0,0.0,icmp,0.0,,cs0,,58.0,,6.0,,Start,1,1,0,98,98,0,98.0,0.0,0.0,0.0,0.0,0,0,0,0.0,,,0.0,0.0,0.0,ECO,,,,,0.0,0.0,0.0,0
514845,4.994974,4.994974,4.994974,4.994974,4.994974,4.994974,udp,0.0,0.0,cs0,cs0,117.0,64.0,11.0,0.0,Status,157,131,26,178110,171665,6445,1310.4198,247.884613,282769.0313,272842.25,9926.77832,0,0,0,0.0,,,31.231394,26.026161,5.005031,CON,,,,,0.0,0.0,0.0,0
514847,2.991112,2.991112,2.991112,2.991112,2.991112,2.991112,tcp,136.0,,af41,,255.0,,1.0,,Start,3,3,0,222,222,0,74.0,0.0,395.839417,395.839417,0.0,2,2,0,40.0,0.0,0.0,0.668648,0.668648,0.0,REQ,3737600.0,,,,0.0,0.0,0.0,0
514986,4.997883,4.997883,4.997883,4.997883,4.997883,4.997883,udp,0.0,0.0,cs0,cs0,117.0,64.0,11.0,0.0,Status,93,80,13,109329,105256,4073,1315.699951,313.307678,172394.5938,166376.0469,6018.54834,0,0,0,0.0,,,18.407795,15.806693,2.401017,CON,,,,,0.0,0.0,0.0,0
514989,4.997267,4.997267,4.997267,4.997267,4.997267,4.997267,udp,0.0,0.0,cs0,cs0,117.0,64.0,11.0,0.0,Status,113,98,15,133651,129295,4356,1319.336792,290.399994,211382.75,204873.5938,6509.158203,0,0,0,0.0,,,22.412252,19.41061,2.801532,CON,,,,,0.0,0.0,0.0,0
515092,0.00023,0.00023,0.00023,0.00023,0.00023,0.00023,sctp,186.0,186.0,ef,ef,255.0,252.0,1.0,4.0,Status,2,1,1,192,94,98,94.0,98.0,0.0,0.0,0.0,0,0,0,0.0,,,4347.826172,0.0,0.0,CON,,,,610.0,0.0,0.0,0.0,0
515112,0.199906,0.199906,0.199906,0.199906,0.199906,0.199906,tcp,0.0,0.0,cs0,cs0,64.0,63.0,0.0,1.0,Start,13,7,6,1816,847,969,121.0,161.5,61388.85156,29053.6543,32335.19727,0,0,0,0.0,0.0,0.0,60.02821,30.014105,25.011755,CON,68096.0,31104.0,,,0.063798,0.001114,0.062684,0
515114,0.055991,0.055991,0.055991,0.055991,0.055991,0.055991,udp,0.0,0.0,cs0,cs0,64.0,117.0,0.0,11.0,Status,6,3,3,731,529,202,176.333328,67.333336,69725.49219,50436.67578,19288.81445,0,0,0,0.0,,,89.300064,35.720024,35.720024,CON,,,,,0.0,0.0,0.0,0
515209,0.0,0.0,0.0,0.0,0.0,0.0,udp,0.0,,cs0,,63.0,,1.0,,Start,1,1,0,42,42,0,42.0,0.0,0.0,0.0,0.0,0,0,0,0.0,,,0.0,0.0,0.0,INT,,,,,0.0,0.0,0.0,0
515305,0.072999,0.072999,0.072999,0.072999,0.072999,0.072999,udp,0.0,0.0,cs0,cs0,64.0,117.0,0.0,11.0,Status,6,3,3,733,531,202,177.0,67.333336,53589.77344,38795.05078,14794.72266,0,0,0,0.0,,,68.494087,27.397635,27.397635,CON,,,,,0.0,0.0,0.0,0
515386,0.0,0.0,0.0,0.0,0.0,0.0,icmp,0.0,,cs0,,58.0,,6.0,,Start,1,1,0,98,98,0,98.0,0.0,0.0,0.0,0.0,0,0,0,0.0,,,0.0,0.0,0.0,ECO,,,,,0.0,0.0,0.0,0
515451,0.0,0.0,0.0,0.0,0.0,0.0,icmp,0.0,,cs0,,58.0,,6.0,,Start,1,1,0,98,98,0,98.0,0.0,0.0,0.0,0.0,0,0,0,0.0,,,0.0,0.0,0.0,ECO,,,,,0.0,0.0,0.0,0
515602,4.983529,4.983529,4.983529,4.983529,4.983529,4.983529,udp,0.0,0.0,cs0,cs0,117.0,64.0,11.0,0.0,Status,151,129,22,175548,173305,2243,1343.449585,101.954544,279487.0938,276048.5625,3438.5271,0,0,0,0.0,,,30.099152,25.68461,4.213881,CON,,,,,0.0,0.0,0.0,0
515622,4.998026,4.998026,4.998026,4.998026,4.998026,4.998026,udp,0.0,0.0,cs0,cs0,117.0,64.0,11.0,0.0,Status,186,168,18,231186,227103,4083,1351.803589,226.833328,367519.5,361345.875,6173.637695,0,0,0,0.0,,,37.014614,33.413193,3.401343,CON,,,,,0.0,0.0,0.0,0
515623,4.999381,4.999381,4.999381,4.999381,4.999381,4.999381,udp,0.0,0.0,cs0,cs0,117.0,64.0,11.0,0.0,Status,195,181,14,247848,243653,4195,1346.14917,299.642853,393973.5625,387739.1875,6234.371582,0,0,0,0.0,,,38.804802,36.004456,2.600322,CON,,,,,0.0,0.0,0.0,0
515693,0.0,0.0,0.0,0.0,0.0,0.0,udp,0.0,,cs0,,63.0,,1.0,,Start,1,1,0,42,42,0,42.0,0.0,0.0,0.0,0.0,0,0,0,0.0,,,0.0,0.0,0.0,INT,,,,,0.0,0.0,0.0,0
515722,1.483837,1.483837,1.483837,1.483837,1.483837,1.483837,tcp,0.0,0.0,cs0,cs0,64.0,63.0,0.0,1.0,Status,5,3,2,846,357,489,119.0,244.5,2604.05957,1283.15979,1320.89978,0,0,0,0.0,0.0,0.0,2.695714,1.347857,0.673928,CON,69120.0,32256.0,,,0.023999,0.001127,0.022872,0
515754,0.088656,0.088656,0.088656,0.088656,0.088656,0.088656,udp,0.0,0.0,cs0,cs0,64.0,53.0,0.0,11.0,Status,12,6,6,2411,624,1787,104.0,297.833344,181375.2031,46922.9375,134452.2656,0,0,0,0.0,,,124.075073,56.397762,56.397762,CON,,,,,0.0,0.0,0.0,0
515771,4.925169,4.925169,4.925169,4.925169,4.925169,4.925169,udp,0.0,0.0,cs0,cs0,117.0,64.0,11.0,0.0,Status,181,163,18,224140,219681,4459,1347.736206,247.722229,361483.625,354642.0313,6841.592773,0,0,0,0.0,,,36.54697,32.892273,3.451658,CON,,,,,0.0,0.0,0.0,0
515831,0.518039,0.518039,0.518039,0.518039,0.518039,0.518039,tcp,0.0,0.0,cs0,cs0,63.0,54.0,1.0,10.0,Start,10,5,5,911,425,486,85.0,97.199997,11257.83984,5250.569824,6007.27002,0,0,0,0.0,0.0,0.0,17.373209,7.721426,7.721426,FIN,64128.0,64256.0,,,0.179171,0.139038,0.040133,0
515898,0.0,0.0,0.0,0.0,0.0,0.0,udp,16.0,,4,,128.0,,0.0,,Status,1,1,0,342,342,0,342.0,0.0,0.0,0.0,0.0,0,0,0,0.0,,,0.0,0.0,0.0,REQ,,,,,0.0,0.0,0.0,0
515907,0.0,0.0,0.0,0.0,0.0,0.0,udp,0.0,,cs0,,63.0,,1.0,,Start,1,1,0,42,42,0,42.0,0.0,0.0,0.0,0.0,0,0,0,0.0,,,0.0,0.0,0.0,INT,,,,,0.0,0.0,0.0,0
515935,4.994742,4.994742,4.994742,4.994742,4.994742,4.994742,udp,0.0,0.0,cs0,cs0,117.0,64.0,11.0,0.0,Status,189,166,23,227142,222233,4909,1338.753052,213.434784,361325.5625,353804.0625,7521.509766,0,0,0,0.0,,,37.639584,33.03474,4.404632,CON,,,,,0.0,0.0,0.0,0
516007,0.0,0.0,0.0,0.0,0.0,0.0,udp,0.0,,cs0,,63.0,,1.0,,Start,1,1,0,42,42,0,42.0,0.0,0.0,0.0,0.0,0,0,0,0.0,,,0.0,0.0,0.0,INT,,,,,0.0,0.0,0.0,0
516019,0.0,0.0,0.0,0.0,0.0,0.0,udp,0.0,,cs0,,63.0,,1.0,,Start,1,1,0,42,42,0,42.0,0.0,0.0,0.0,0.0,0,0,0,0.0,,,0.0,0.0,0.0,INT,,,,,0.0,0.0,0.0,0
516074,0.0,0.0,0.0,0.0,0.0,0.0,udp,0.0,,cs0,,63.0,,1.0,,Start,1,1,0,42,42,0,42.0,0.0,0.0,0.0,0.0,0,0,0,0.0,,,0.0,0.0,0.0,INT,,,,,0.0,0.0,0.0,0
516076,0.0,0.0,0.0,0.0,0.0,0.0,icmp,0.0,,cs0,,58.0,,6.0,,Start,1,1,0,98,98,0,98.0,0.0,0.0,0.0,0.0,0,0,0,0.0,,,0.0,0.0,0.0,ECO,,,,,0.0,0.0,0.0,0
516099,4.961568,4.961568,4.961568,4.961568,4.961568,4.961568,udp,0.0,0.0,cs0,cs0,117.0,64.0,11.0,0.0,Status,114,101,13,133375,128908,4467,1276.316772,343.615387,212442.5156,205793.0156,6649.510742,0,0,0,0.0,,,22.775059,20.154919,2.41859,CON,,,,,0.0,0.0,0.0,0
516136,4.998967,4.998967,4.998967,4.998967,4.998967,4.998967,udp,0.0,0.0,cs0,cs0,117.0,64.0,11.0,0.0,Status,101,83,18,113927,109371,4556,1317.7229,253.111115,179808.3438,172922.125,6886.222656,0,0,0,0.0,,,20.004131,16.403389,3.400702,CON,,,,,0.0,0.0,0.0,0
516149,0.132793,0.132793,0.132793,0.132793,0.132793,0.132793,udp,0.0,0.0,cs0,cs0,64.0,51.0,0.0,13.0,Start,18,9,9,7170,4152,3018,461.333344,335.333344,383996.1563,222361.125,161635.0313,0,0,0,0.0,,,128.018799,60.244141,60.244141,CON,,,,,0.0,0.0,0.0,0
516203,0.053004,0.053004,0.053004,0.053004,0.053004,0.053004,udp,0.0,0.0,cs0,cs0,64.0,117.0,0.0,11.0,Status,5,3,2,673,533,140,177.666672,70.0,64297.03516,53731.79297,10565.24023,0,0,0,0.0,,,75.466003,37.733002,18.866501,CON,,,,,0.0,0.0,0.0,0
516212,0.053498,0.053498,0.053498,0.053498,0.053498,0.053498,udp,0.0,0.0,cs0,cs0,64.0,117.0,0.0,11.0,Status,6,3,3,733,531,202,177.0,67.333336,73124.22656,52936.55859,20187.66992,0,0,0,0.0,,,93.461441,37.384575,37.384575,CON,,,,,0.0,0.0,0.0,0
516276,0.0,0.0,0.0,0.0,0.0,0.0,icmp,0.0,,cs0,,58.0,,6.0,,Start,1,1,0,98,98,0,98.0,0.0,0.0,0.0,0.0,0,0,0,0.0,,,0.0,0.0,0.0,ECO,,,,,0.0,0.0,0.0,0
516330,4.928896,4.928896,4.928896,4.928896,4.928896,4.928896,udp,0.0,0.0,cs0,cs0,117.0,64.0,11.0,0.0,Status,122,115,7,157324,153681,3643,1336.356567,520.428589,252337.2344,247268.3594,5068.883789,0,0,0,0.0,,,24.549109,23.128912,1.217311,CON,,,,,0.0,0.0,0.0,0
516427,4.997275,4.997275,4.997275,4.997275,4.997275,4.997275,udp,0.0,0.0,cs0,cs0,117.0,64.0,11.0,0.0,Status,215,187,28,256028,249348,6680,1333.411743,238.571426,407353.2188,397040.4063,10312.82031,0,0,0,0.0,,,42.823341,37.220287,5.402945,CON,,,,,0.0,0.0,0.0,0
516438,0.165073,0.165073,0.165073,0.165073,0.165073,0.165073,udp,0.0,0.0,cs0,cs0,64.0,53.0,0.0,11.0,Start,18,10,8,12039,8077,3962,807.700012,495.25,520351.5938,352328.9688,168022.625,0,0,0,0.0,,,102.984734,54.521332,42.405479,CON,,,,,0.0,0.0,0.0,0
516540,0.053005,0.053005,0.053005,0.053005,0.053005,0.053005,udp,0.0,0.0,cs0,cs0,64.0,117.0,0.0,11.0,Status,5,3,2,670,531,139,177.0,69.5,63993.96484,53428.92188,10565.04102,0,0,0,0.0,,,75.464584,37.732292,18.866146,CON,,,,,0.0,0.0,0.0,0
516566,0.0,0.0,0.0,0.0,0.0,0.0,icmp,0.0,,cs0,,58.0,,6.0,,Start,1,1,0,98,98,0,98.0,0.0,0.0,0.0,0.0,0,0,0,0.0,,,0.0,0.0,0.0,ECO,,,,,0.0,0.0,0.0,0
516579,0.0,0.0,0.0,0.0,0.0,0.0,icmp,0.0,,cs0,,58.0,,6.0,,Start,1,1,0,98,98,0,98.0,0.0,0.0,0.0,0.0,0,0,0,0.0,,,0.0,0.0,0.0,ECO,,,,,0.0,0.0,0.0,0
516584,4.87893,4.87893,4.87893,4.87893,4.87893,4.87893,udp,0.0,0.0,cs0,cs0,117.0,64.0,11.0,0.0,Status,214,195,19,269516,265418,4098,1361.11792,215.684204,439342.2188,432975.25,6366.969727,0,0,0,0.0,,,43.657112,39.762817,3.689333,CON,,,,,0.0,0.0,0.0,0
516687,4.953784,4.953784,4.953784,4.953784,4.953784,4.953784,udp,0.0,0.0,cs0,cs0,117.0,64.0,11.0,0.0,Status,217,196,21,269117,264126,4991,1347.581665,237.666672,432046.2813,424368.9375,7677.363281,0,0,0,0.0,,,43.603031,39.36385,4.037318,CON,,,,,0.0,0.0,0.0,0
516698,0.0,0.0,0.0,0.0,0.0,0.0,udp,0.0,,cs0,,63.0,,1.0,,Start,1,1,0,42,42,0,42.0,0.0,0.0,0.0,0.0,0,0,0,0.0,,,0.0,0.0,0.0,INT,,,,,0.0,0.0,0.0,0
516770,0.073005,0.073005,0.073005,0.073005,0.073005,0.073005,udp,0.0,0.0,cs0,cs0,64.0,117.0,0.0,11.0,Status,5,3,2,670,531,139,177.0,69.5,46462.57031,38791.86328,7670.70752,0,0,0,0.0,,,54.790768,27.395384,13.697692,CON,,,,,0.0,0.0,0.0,0
516826,0.0,0.0,0.0,0.0,0.0,0.0,udp,0.0,,cs0,,63.0,,1.0,,Start,1,1,0,42,42,0,42.0,0.0,0.0,0.0,0.0,0,0,0,0.0,,,0.0,0.0,0.0,INT,,,,,0.0,0.0,0.0,0
516877,4.887464,4.887464,4.887464,4.887464,4.887464,4.887464,udp,0.0,0.0,cs0,cs0,117.0,64.0,11.0,0.0,Status,215,187,28,258406,253651,4755,1356.422485,169.821426,420473.2813,412966.7188,7506.55127,0,0,0,0.0,,,43.785488,38.056545,5.524337,CON,,,,,0.0,0.0,0.0,0
516919,0.0,0.0,0.0,0.0,0.0,0.0,icmp,0.0,,cs0,,58.0,,6.0,,Start,1,1,0,98,98,0,98.0,0.0,0.0,0.0,0.0,0,0,0,0.0,,,0.0,0.0,0.0,ECO,,,,,0.0,0.0,0.0,0
516951,0.133111,0.133111,0.133111,0.133111,0.133111,0.133111,tcp,0.0,0.0,cs0,cs0,64.0,116.0,0.0,12.0,Status,10,5,5,2092,920,1172,184.0,234.399994,100607.7656,44233.76172,56374.00391,0,0,0,0.0,0.0,0.0,67.612747,30.050108,30.050108,CON,1935.0,1004.0,,,0.0,0.0,0.0,0
517030,0.0,0.0,0.0,0.0,0.0,0.0,udp,0.0,,cs0,,63.0,,1.0,,Start,1,1,0,42,42,0,42.0,0.0,0.0,0.0,0.0,0,0,0,0.0,,,0.0,0.0,0.0,INT,,,,,0.0,0.0,0.0,0
517060,0.172818,0.172818,0.172818,0.172818,0.172818,0.172818,udp,0.0,0.0,cs0,cs0,64.0,53.0,0.0,11.0,Start,22,13,9,13256,8366,4890,643.538452,543.333313,558738.0625,357509.0313,201229.0313,0,0,0,0.0,,,121.515114,69.43721,46.291473,CON,,,,,0.0,0.0,0.0,0
517062,0.052986,0.052986,0.052986,0.052986,0.052986,0.052986,udp,0.0,0.0,cs0,cs0,64.0,117.0,0.0,11.0,Status,5,3,2,668,529,139,176.333328,69.5,63865.92578,53297.09766,10568.8291,0,0,0,0.0,,,75.491638,37.745819,18.87291,CON,,,,,0.0,0.0,0.0,0
517109,0.0,0.0,0.0,0.0,0.0,0.0,sctp,186.0,186.0,ef,ef,255.0,252.0,1.0,4.0,Status,2,1,1,200,98,102,98.0,102.0,0.0,0.0,0.0,0,0,0,0.0,,,0.0,0.0,0.0,CON,,,,610.0,0.0,0.0,0.0,0
517131,0.0,0.0,0.0,0.0,0.0,0.0,icmp,0.0,,cs0,,58.0,,6.0,,Start,1,1,0,98,98,0,98.0,0.0,0.0,0.0,0.0,0,0,0,0.0,,,0.0,0.0,0.0,ECO,,,,,0.0,0.0,0.0,0
517134,0.0,0.0,0.0,0.0,0.0,0.0,icmp,0.0,,cs0,,58.0,,6.0,,Start,1,1,0,98,98,0,98.0,0.0,0.0,0.0,0.0,0,0,0,0.0,,,0.0,0.0,0.0,ECO,,,,,0.0,0.0,0.0,0
517167,0.0,0.0,0.0,0.0,0.0,0.0,icmp,0.0,,cs0,,58.0,,6.0,,Start,1,1,0,98,98,0,98.0,0.0,0.0,0.0,0.0,0,0,0,0.0,,,0.0,0.0,0.0,ECO,,,,,0.0,0.0,0.0,0
517211,0.180992,0.180992,0.180992,0.180992,0.180992,0.180992,udp,0.0,0.0,cs0,cs0,64.0,53.0,0.0,11.0,Start,22,13,9,13813,9090,4723,699.230774,524.777771,556488.6875,370889.3125,185599.3594,0,0,0,0.0,,,116.027222,66.30127,44.200848,CON,,,,,0.0,0.0,0.0,0
517288,4.995568,4.995568,4.995568,4.995568,4.995568,4.995568,udp,0.0,0.0,cs0,cs0,117.0,64.0,11.0,0.0,Status,173,150,23,206183,201272,4911,1341.813354,213.521744,327696.875,320173.4063,7523.469238,0,0,0,0.0,,,34.430519,29.826439,4.403904,CON,,,,,0.0,0.0,0.0,0
517328,0.0,0.0,0.0,0.0,0.0,0.0,udp,0.0,,cs0,,63.0,,1.0,,Start,1,1,0,42,42,0,42.0,0.0,0.0,0.0,0.0,0,0,0,0.0,,,0.0,0.0,0.0,INT,,,,,0.0,0.0,0.0,0
517329,0.0,0.0,0.0,0.0,0.0,0.0,icmp,0.0,,cs0,,58.0,,6.0,,Start,1,1,0,98,98,0,98.0,0.0,0.0,0.0,0.0,0,0,0,0.0,,,0.0,0.0,0.0,ECO,,,,,0.0,0.0,0.0,0
517337,0.0,0.0,0.0,0.0,0.0,0.0,icmp,0.0,,cs0,,58.0,,6.0,,Start,1,1,0,98,98,0,98.0,0.0,0.0,0.0,0.0,0,0,0,0.0,,,0.0,0.0,0.0,ECO,,,,,0.0,0.0,0.0,0
517381,4.997826,4.997826,4.997826,4.997826,4.997826,4.997826,udp,0.0,0.0,cs0,cs0,117.0,64.0,11.0,0.0,Status,184,165,19,228694,224183,4511,1358.684814,237.421051,363516.4375,356675.0625,6841.374512,0,0,0,0.0,,,36.615921,32.814266,3.601566,CON,,,,,0.0,0.0,0.0,0
517491,0.0,0.0,0.0,0.0,0.0,0.0,icmp,0.0,,cs0,,58.0,,6.0,,Start,1,1,0,98,98,0,98.0,0.0,0.0,0.0,0.0,0,0,0,0.0,,,0.0,0.0,0.0,ECO,,,,,0.0,0.0,0.0,0
517501,0.22584,0.22584,0.22584,0.22584,0.22584,0.22584,tcp,0.0,0.0,cs0,cs0,64.0,63.0,0.0,1.0,Status,5,3,2,843,357,486,119.0,243.0,17038.61133,8430.74707,8607.864258,0,0,0,0.0,0.0,0.0,17.711655,8.855827,4.427914,CON,91136.0,32256.0,,,0.013841,0.001218,0.012623,0
517538,0.0,0.0,0.0,0.0,0.0,0.0,icmp,0.0,,cs0,,58.0,,6.0,,Start,1,1,0,98,98,0,98.0,0.0,0.0,0.0,0.0,0,0,0,0.0,,,0.0,0.0,0.0,ECO,,,,,0.0,0.0,0.0,0
517599,4.999475,4.999475,4.999475,4.999475,4.999475,4.999475,udp,0.0,0.0,cs0,cs0,117.0,64.0,11.0,0.0,Status,193,174,19,234033,228874,5159,1315.367798,271.526306,371954.25,364132.625,7821.621094,0,0,0,0.0,,,38.404034,34.603634,3.600378,CON,,,,,0.0,0.0,0.0,0
517608,0.0,0.0,0.0,0.0,0.0,0.0,lldp,,,,,,,,,Status,1,1,0,64,64,0,64.0,0.0,0.0,0.0,0.0,0,0,0,0.0,,,0.0,0.0,0.0,REQ,,,,,0.0,0.0,0.0,0
517644,1.811874,1.811874,1.811874,1.811874,1.811874,1.811874,sctp,186.0,186.0,ef,ef,255.0,252.0,1.0,4.0,Status,4,2,2,392,192,200,96.0,100.0,865.402344,423.870514,441.531799,0,0,0,0.0,,,1.655744,0.551915,0.551915,CON,,,,610.0,0.0,0.0,0.0,0
517716,0.052905,0.052905,0.052905,0.052905,0.052905,0.052905,udp,0.0,0.0,cs0,cs0,64.0,117.0,0.0,11.0,Status,5,3,2,668,529,139,176.333328,69.5,63963.70703,53378.69531,10585.01074,0,0,0,0.0,,,75.607216,37.803608,18.901804,CON,,,,,0.0,0.0,0.0,0
517721,0.0,0.0,0.0,0.0,0.0,0.0,icmp,0.0,,cs0,,58.0,,6.0,,Start,1,1,0,98,98,0,98.0,0.0,0.0,0.0,0.0,0,0,0,0.0,,,0.0,0.0,0.0,ECO,,,,,0.0,0.0,0.0,0
517728,4.905723,4.905723,4.905723,4.905723,4.905723,4.905723,udp,0.0,0.0,cs0,cs0,117.0,64.0,11.0,0.0,Status,211,184,27,251307,245234,6073,1332.793457,224.925919,407281.0313,397742.7813,9538.24707,0,0,0,0.0,,,42.807144,37.303368,5.299932,CON,,,,,0.0,0.0,0.0,0
517732,0.072865,0.072865,0.072865,0.072865,0.072865,0.072865,udp,0.0,0.0,cs0,cs0,64.0,52.0,0.0,12.0,Start,7,4,3,4499,2642,1857,660.5,619.0,353530.5,217607.9063,135922.5938,0,0,0,0.0,,,82.344055,41.172028,27.448019,CON,,,,,0.0,0.0,0.0,0
517780,0.195334,0.195334,0.195334,0.195334,0.195334,0.195334,udp,0.0,0.0,cs0,cs0,117.0,64.0,11.0,0.0,Status,51,33,18,43969,39099,4870,1184.818237,270.555542,1741222.75,1552827.5,188395.2656,0,0,0,0.0,,,255.971817,163.82196,87.030418,CON,,,,,0.0,0.0,0.0,0
517781,0.567371,0.567371,0.567371,0.567371,0.567371,0.567371,udp,0.0,0.0,cs0,cs0,117.0,64.0,11.0,0.0,Status,111,85,26,119572,114395,5177,1345.823486,199.115387,1664209.125,1594018.75,70190.40625,0,0,0,0.0,,,193.876663,148.05127,44.062878,CON,,,,,0.0,0.0,0.0,0
517864,0.05872,0.05872,0.05872,0.05872,0.05872,0.05872,udp,0.0,0.0,cs0,cs0,64.0,117.0,0.0,11.0,Status,6,3,3,734,531,203,177.0,67.666664,66757.49219,48228.88281,18528.60938,0,0,0,0.0,,,85.149864,34.059944,34.059944,CON,,,,,0.0,0.0,0.0,0
517903,4.880169,4.880169,4.880169,4.880169,4.880169,4.880169,udp,0.0,0.0,cs0,cs0,117.0,64.0,11.0,0.0,Status,223,198,25,273622,269086,4536,1359.020142,181.440002,446020.625,438881.5313,7139.097168,0,0,0,0.0,,,45.490231,40.367455,4.917862,CON,,,,,0.0,0.0,0.0,0
517930,0.0,0.0,0.0,0.0,0.0,0.0,icmp,0.0,,cs0,,58.0,,6.0,,Start,1,1,0,98,98,0,98.0,0.0,0.0,0.0,0.0,0,0,0,0.0,,,0.0,0.0,0.0,ECO,,,,,0.0,0.0,0.0,0
517954,4.877075,4.877075,4.877075,4.877075,4.877075,4.877075,udp,0.0,0.0,cs0,cs0,117.0,64.0,11.0,0.0,Status,280,250,30,344840,339621,5219,1358.484009,173.96666,563139.125,554862.0625,8277.091797,0,0,0,0.0,,,57.206417,51.055191,5.946187,CON,,,,,0.0,0.0,0.0,0
518011,4.997665,4.997665,4.997665,4.997665,4.997665,4.997665,udp,0.0,0.0,cs0,cs0,117.0,64.0,11.0,0.0,Status,189,161,28,221752,216429,5323,1344.279541,190.107147,352513.4375,344296.7813,8216.637695,0,0,0,0.0,,,37.617569,32.01495,5.402523,CON,,,,,0.0,0.0,0.0,0
518035,0.123977,0.123977,0.123977,0.123977,0.123977,0.123977,udp,0.0,0.0,cs0,cs0,64.0,52.0,0.0,12.0,Start,10,5,5,4328,1785,2543,357.0,508.600006,223460.8125,92146.125,131314.6875,0,0,0,0.0,,,72.594109,32.26405,32.26405,CON,,,,,0.0,0.0,0.0,0
518110,0.062433,0.062433,0.062433,0.062433,0.062433,0.062433,udp,0.0,0.0,cs0,cs0,64.0,117.0,0.0,11.0,Status,6,3,3,732,529,203,176.333328,67.666664,62659.17188,45232.48828,17426.68164,0,0,0,0.0,,,80.085854,32.03434,32.03434,CON,,,,,0.0,0.0,0.0,0
518288,4.969432,4.969432,4.969432,4.969432,4.969432,4.969432,udp,0.0,0.0,cs0,cs0,117.0,64.0,11.0,0.0,Status,247,235,12,322675,318664,4011,1356.016968,334.25,516735.125,510815.75,5919.38916,0,0,0,0.0,,,49.50264,47.087879,2.213533,CON,,,,,0.0,0.0,0.0,0
518336,0.0,0.0,0.0,0.0,0.0,0.0,icmp,0.0,,cs0,,58.0,,6.0,,Start,1,1,0,98,98,0,98.0,0.0,0.0,0.0,0.0,0,0,0,0.0,,,0.0,0.0,0.0,ECO,,,,,0.0,0.0,0.0,0
518347,0.0,0.0,0.0,0.0,0.0,0.0,icmp,0.0,,cs0,,58.0,,6.0,,Start,1,1,0,98,98,0,98.0,0.0,0.0,0.0,0.0,0,0,0,0.0,,,0.0,0.0,0.0,ECO,,,,,0.0,0.0,0.0,0
518459,0.0,0.0,0.0,0.0,0.0,0.0,icmp,0.0,,cs0,,58.0,,6.0,,Start,1,1,0,98,98,0,98.0,0.0,0.0,0.0,0.0,0,0,0,0.0,,,0.0,0.0,0.0,ECO,,,,,0.0,0.0,0.0,0
518485,4.9769,4.9769,4.9769,4.9769,4.9769,4.9769,udp,0.0,0.0,cs0,cs0,117.0,64.0,11.0,0.0,Status,217,201,16,275093,273925,1168,1362.810913,73.0,439885.0625,438124.9375,1760.131714,0,0,0,0.0,,,43.400509,40.185658,3.013924,CON,,,,,0.0,0.0,0.0,0
518493,0.0,0.0,0.0,0.0,0.0,0.0,icmp,0.0,,cs0,,58.0,,6.0,,Start,1,1,0,98,98,0,98.0,0.0,0.0,0.0,0.0,0,0,0,0.0,,,0.0,0.0,0.0,ECO,,,,,0.0,0.0,0.0,0
518565,4.968474,4.968474,4.968474,4.968474,4.968474,4.968474,udp,0.0,0.0,cs0,cs0,117.0,64.0,11.0,0.0,Status,116,102,14,141053,136874,4179,1341.901978,298.5,224477.7813,218228.7813,6249.001465,0,0,0,0.0,,,23.145941,20.328173,2.616498,CON,,,,,0.0,0.0,0.0,0
518649,0.0,0.0,0.0,0.0,0.0,0.0,icmp,0.0,,cs0,,58.0,,6.0,,Start,1,1,0,98,98,0,98.0,0.0,0.0,0.0,0.0,0,0,0,0.0,,,0.0,0.0,0.0,ECO,,,,,0.0,0.0,0.0,0
518681,0.0,0.0,0.0,0.0,0.0,0.0,icmp,0.0,,cs0,,58.0,,6.0,,Start,1,1,0,98,98,0,98.0,0.0,0.0,0.0,0.0,0,0,0,0.0,,,0.0,0.0,0.0,ECO,,,,,0.0,0.0,0.0,0
518696,0.270868,0.270868,0.270868,0.270868,0.270868,0.270868,udp,0.0,0.0,cs0,cs0,117.0,64.0,11.0,0.0,Status,173,160,13,222369,218646,3723,1366.537476,286.384613,6518806.0,6417295.5,101510.6953,0,0,0,0.0,,,634.995605,587.00177,44.302021,CON,,,,,0.0,0.0,0.0,0
518752,4.422708,4.422708,4.422708,4.422708,4.422708,4.422708,udp,0.0,0.0,cs0,cs0,64.0,52.0,0.0,12.0,Status,45,26,19,19847,13037,6810,501.423065,358.421051,34346.37891,22675.69922,11670.67773,0,0,0,0.0,,,9.948656,5.652645,4.069905,CON,,,,,0.0,0.0,0.0,0
518771,0.0,0.0,0.0,0.0,0.0,0.0,icmp,0.0,,cs0,,58.0,,6.0,,Start,1,1,0,98,98,0,98.0,0.0,0.0,0.0,0.0,0,0,0,0.0,,,0.0,0.0,0.0,ECO,,,,,0.0,0.0,0.0,0
518774,4.999201,4.999201,4.999201,4.999201,4.999201,4.999201,udp,0.0,0.0,cs0,cs0,117.0,64.0,11.0,0.0,Status,218,200,18,274122,269656,4466,1348.280029,248.111115,436111.3125,429361.4375,6749.878906,0,0,0,0.0,,,43.406937,39.806362,3.400543,CON,,,,,0.0,0.0,0.0,0
518792,0.0,0.0,0.0,0.0,0.0,0.0,icmp,0.0,,cs0,,58.0,,6.0,,Start,1,1,0,98,98,0,98.0,0.0,0.0,0.0,0.0,0,0,0,0.0,,,0.0,0.0,0.0,ECO,,,,,0.0,0.0,0.0,0
518819,0.0,0.0,0.0,0.0,0.0,0.0,icmp,0.0,,cs0,,58.0,,6.0,,Start,1,1,0,98,98,0,98.0,0.0,0.0,0.0,0.0,0,0,0,0.0,,,0.0,0.0,0.0,ECO,,,,,0.0,0.0,0.0,0
518825,0.253849,0.253849,0.253849,0.253849,0.253849,0.253849,udp,0.0,0.0,cs0,cs0,64.0,52.0,0.0,12.0,Start,14,8,6,8655,5341,3314,667.625,552.333313,234344.0469,147300.1719,87043.875,0,0,0,0.0,,,51.211548,27.575449,19.696749,CON,,,,,0.0,0.0,0.0,0
518830,0.215929,0.215929,0.215929,0.215929,0.215929,0.215929,udp,0.0,0.0,cs0,cs0,117.0,64.0,11.0,0.0,Status,103,89,14,124214,120412,3802,1352.943848,271.571442,4541900.5,4411079.5,130820.7813,0,0,0,0.0,,,472.377502,407.541351,60.204975,CON,,,,,0.0,0.0,0.0,0
518887,0.0,0.0,0.0,0.0,0.0,0.0,icmp,0.0,,cs0,,58.0,,6.0,,Start,1,1,0,98,98,0,98.0,0.0,0.0,0.0,0.0,0,0,0,0.0,,,0.0,0.0,0.0,ECO,,,,,0.0,0.0,0.0,0
518903,0.060944,0.060944,0.060944,0.060944,0.060944,0.060944,udp,0.0,0.0,cs0,cs0,64.0,52.0,0.0,12.0,Start,7,4,3,4501,2644,1857,661.0,619.0,422814.4063,260304.5469,162509.8438,0,0,0,0.0,,,98.451042,49.225521,32.817013,CON,,,,,0.0,0.0,0.0,0
518992,0.134738,0.134738,0.134738,0.134738,0.134738,0.134738,udp,0.0,0.0,cs0,cs0,64.0,53.0,0.0,11.0,Start,22,12,10,8291,3913,4378,326.083344,437.799988,446971.1563,212976.2969,233994.8594,0,0,0,0.0,,,155.858032,81.639923,66.796303,CON,,,,,0.0,0.0,0.0,0
519127,0.108405,0.108405,0.108405,0.108405,0.108405,0.108405,udp,0.0,0.0,cs0,cs0,64.0,52.0,0.0,12.0,Start,18,10,8,6699,2450,4249,245.0,531.125,437101.5938,162723.125,274378.5,0,0,0,0.0,,,156.819336,83.022003,64.57267,CON,,,,,0.0,0.0,0.0,0
519216,0.054898,0.054898,0.054898,0.054898,0.054898,0.054898,udp,0.0,0.0,cs0,cs0,64.0,117.0,0.0,11.0,Start,6,3,3,752,549,203,183.0,67.666664,73153.84375,53335.27344,19818.57227,0,0,0,0.0,,,91.077995,36.431198,36.431198,CON,,,,,0.0,0.0,0.0,0
519292,0.0,0.0,0.0,0.0,0.0,0.0,icmp,0.0,,cs0,,58.0,,6.0,,Start,1,1,0,98,98,0,98.0,0.0,0.0,0.0,0.0,0,0,0,0.0,,,0.0,0.0,0.0,ECO,,,,,0.0,0.0,0.0,0
519330,0.189895,0.189895,0.189895,0.189895,0.189895,0.189895,udp,0.0,0.0,cs0,cs0,64.0,53.0,0.0,11.0,Start,22,13,9,13499,8585,4914,660.384644,546.0,517886.1875,333868.7188,184017.4844,0,0,0,0.0,,,110.587425,63.192814,42.128544,CON,,,,,0.0,0.0,0.0,0
519346,4.499875,4.499875,4.499875,4.499875,4.499875,4.499875,udp,0.0,0.0,cs0,cs0,64.0,52.0,0.0,12.0,Status,27,15,12,16870,11325,5545,755.0,462.083344,27828.32813,18791.63281,9036.695312,0,0,0,0.0,,,5.777938,3.111197,2.444512,CON,,,,,0.0,0.0,0.0,0
519497,4.465834,4.465834,4.465834,4.465834,4.465834,4.465834,udp,0.0,0.0,cs0,cs0,64.0,52.0,0.0,12.0,Status,30,16,14,18586,11404,7182,712.75,513.0,31100.125,19153.41992,11946.7041,0,0,0,0.0,,,6.493748,3.358835,2.91099,CON,,,,,0.0,0.0,0.0,0
519553,4.323932,4.323932,4.323932,4.323932,4.323932,4.323932,udp,0.0,0.0,cs0,cs0,64.0,52.0,0.0,12.0,Status,27,15,12,17166,11325,5841,755.0,486.75,29463.92188,19556.27344,9907.648438,0,0,0,0.0,,,6.013045,3.237794,2.543981,CON,,,,,0.0,0.0,0.0,0
519657,0.0,0.0,0.0,0.0,0.0,0.0,icmp,0.0,,cs0,,58.0,,6.0,,Start,1,1,0,98,98,0,98.0,0.0,0.0,0.0,0.0,0,0,0,0.0,,,0.0,0.0,0.0,ECO,,,,,0.0,0.0,0.0,0
519749,4.941757,4.941757,4.941757,4.941757,4.941757,4.941757,udp,0.0,0.0,cs0,cs0,117.0,64.0,11.0,0.0,Status,165,148,17,206350,198733,7617,1342.790527,448.058838,331153.4688,319547.875,11605.58887,0,0,0,0.0,,,33.186577,29.746504,3.237715,CON,,,,,0.0,0.0,0.0,0
519750,0.0,0.0,0.0,0.0,0.0,0.0,icmp,0.0,,cs0,,58.0,,6.0,,Start,1,1,0,98,98,0,98.0,0.0,0.0,0.0,0.0,0,0,0,0.0,,,0.0,0.0,0.0,ECO,,,,,0.0,0.0,0.0,0
519784,0.0,0.0,0.0,0.0,0.0,0.0,sctp,186.0,186.0,ef,ef,252.0,255.0,4.0,1.0,Status,2,1,1,200,102,98,102.0,98.0,0.0,0.0,0.0,0,0,0,0.0,,,0.0,0.0,0.0,CON,,,610.0,,0.0,0.0,0.0,0
519807,4.919875,4.919875,4.919875,4.919875,4.919875,4.919875,udp,0.0,0.0,cs0,cs0,64.0,52.0,0.0,12.0,Status,39,20,19,21747,14833,6914,741.650024,363.894745,33566.70703,22914.40234,10652.30273,0,0,0,0.0,,,7.723773,3.861887,3.658629,CON,,,,,0.0,0.0,0.0,0
519838,0.0,0.0,0.0,0.0,0.0,0.0,icmp,0.0,,cs0,,58.0,,6.0,,Start,1,1,0,98,98,0,98.0,0.0,0.0,0.0,0.0,0,0,0,0.0,,,0.0,0.0,0.0,ECO,,,,,0.0,0.0,0.0,0
519925,0.0,0.0,0.0,0.0,0.0,0.0,icmp,0.0,,cs0,,58.0,,6.0,,Start,1,1,0,98,98,0,98.0,0.0,0.0,0.0,0.0,0,0,0,0.0,,,0.0,0.0,0.0,ECO,,,,,0.0,0.0,0.0,0
519962,0.0,0.0,0.0,0.0,0.0,0.0,sctp,186.0,186.0,ef,ef,252.0,255.0,4.0,1.0,Status,2,1,1,192,98,94,98.0,94.0,0.0,0.0,0.0,0,0,0,0.0,,,0.0,0.0,0.0,CON,,,610.0,,0.0,0.0,0.0,0
519976,0.0,0.0,0.0,0.0,0.0,0.0,icmp,0.0,,cs0,,58.0,,6.0,,Start,1,1,0,98,98,0,98.0,0.0,0.0,0.0,0.0,0,0,0,0.0,,,0.0,0.0,0.0,ECO,,,,,0.0,0.0,0.0,0
520071,0.0,0.0,0.0,0.0,0.0,0.0,icmp,0.0,,cs0,,58.0,,6.0,,Start,1,1,0,98,98,0,98.0,0.0,0.0,0.0,0.0,0,0,0,0.0,,,0.0,0.0,0.0,ECO,,,,,0.0,0.0,0.0,0
520083,0.0,0.0,0.0,0.0,0.0,0.0,icmp,0.0,,cs0,,58.0,,6.0,,Start,1,1,0,98,98,0,98.0,0.0,0.0,0.0,0.0,0,0,0,0.0,,,0.0,0.0,0.0,ECO,,,,,0.0,0.0,0.0,0
520098,0.0,0.0,0.0,0.0,0.0,0.0,icmp,0.0,,cs0,,58.0,,6.0,,Start,1,1,0,98,98,0,98.0,0.0,0.0,0.0,0.0,0,0,0,0.0,,,0.0,0.0,0.0,ECO,,,,,0.0,0.0,0.0,0
520105,0.151039,0.151039,0.151039,0.151039,0.151039,0.151039,udp,0.0,0.0,cs0,cs0,64.0,53.0,0.0,11.0,Status,8,4,4,4071,2860,1211,715.0,302.75,161759.5469,113613.0391,48146.50391,0,0,0,0.0,,,46.345646,19.862419,19.862419,CON,,,,,0.0,0.0,0.0,0
520122,0.0,0.0,0.0,0.0,0.0,0.0,icmp,0.0,,cs0,,58.0,,6.0,,Start,1,1,0,98,98,0,98.0,0.0,0.0,0.0,0.0,0,0,0,0.0,,,0.0,0.0,0.0,ECO,,,,,0.0,0.0,0.0,0
520135,0.059612,0.059612,0.059612,0.059612,0.059612,0.059612,udp,0.0,0.0,cs0,cs0,64.0,117.0,0.0,11.0,Status,6,3,3,732,532,200,177.333328,66.666664,65624.375,47641.41406,17982.95703,0,0,0,0.0,,,83.875732,33.550293,33.550293,CON,,,,,0.0,0.0,0.0,0
520155,0.0,0.0,0.0,0.0,0.0,0.0,udp,0.0,,cs0,,249.0,,7.0,,Start,1,1,0,74,74,0,74.0,0.0,0.0,0.0,0.0,0,0,0,0.0,,,0.0,0.0,0.0,INT,,,610.0,,0.0,0.0,0.0,0
520166,0.0,0.0,0.0,0.0,0.0,0.0,udp,0.0,,cs0,,249.0,,7.0,,Start,1,1,0,64,64,0,64.0,0.0,0.0,0.0,0.0,0,0,0,0.0,,,0.0,0.0,0.0,INT,,,610.0,,0.0,0.0,0.0,0
520203,0.0,0.0,0.0,0.0,0.0,0.0,icmp,0.0,,cs0,,58.0,,6.0,,Start,1,1,0,98,98,0,98.0,0.0,0.0,0.0,0.0,0,0,0,0.0,,,0.0,0.0,0.0,ECO,,,,,0.0,0.0,0.0,0
520235,4.779593,4.779593,4.779593,4.779593,4.779593,4.779593,udp,0.0,0.0,cs0,cs0,117.0,64.0,11.0,0.0,Status,24,10,14,11625,7470,4155,747.0,296.785706,17711.96875,11252.84082,6459.127441,0,0,0,0.0,,,4.812125,1.883005,2.719897,CON,,,,,0.0,0.0,0.0,0
520292,0.230501,0.230501,0.230501,0.230501,0.230501,0.230501,sctp,186.0,40.0,ef,af11,255.0,250.0,1.0,6.0,Status,4,2,2,628,244,384,122.0,192.0,10898.00098,4234.254883,6663.745605,0,0,0,0.0,,,13.015128,4.338376,4.338376,CON,,,,610.0,0.0,0.0,0.0,0
520323,0.0,0.0,0.0,0.0,0.0,0.0,icmp,0.0,,cs0,,58.0,,6.0,,Start,1,1,0,98,98,0,98.0,0.0,0.0,0.0,0.0,0,0,0,0.0,,,0.0,0.0,0.0,ECO,,,,,0.0,0.0,0.0,0
520363,0.0,0.0,0.0,0.0,0.0,0.0,icmp,0.0,,cs0,,58.0,,6.0,,Start,1,1,0,98,98,0,98.0,0.0,0.0,0.0,0.0,0,0,0,0.0,,,0.0,0.0,0.0,ECO,,,,,0.0,0.0,0.0,0
520404,4.480055,4.480055,4.480055,4.480055,4.480055,4.480055,udp,0.0,0.0,cs0,cs0,64.0,52.0,0.0,12.0,Status,30,16,14,17079,11410,5669,713.125,404.928558,28503.22461,19101.55273,9401.670898,0,0,0,0.0,,,6.473135,3.348173,2.90175,CON,,,,,0.0,0.0,0.0,0
520436,0.0,0.0,0.0,0.0,0.0,0.0,icmp,0.0,,cs0,,58.0,,6.0,,Start,1,1,0,98,98,0,98.0,0.0,0.0,0.0,0.0,0,0,0,0.0,,,0.0,0.0,0.0,ECO,,,,,0.0,0.0,0.0,0
520504,0.0,0.0,0.0,0.0,0.0,0.0,udp,0.0,,cs0,,249.0,,7.0,,Start,1,1,0,64,64,0,64.0,0.0,0.0,0.0,0.0,0,0,0,0.0,,,0.0,0.0,0.0,INT,,,610.0,,0.0,0.0,0.0,0
520542,0.0,0.0,0.0,0.0,0.0,0.0,udp,0.0,,cs0,,249.0,,7.0,,Start,1,1,0,64,64,0,64.0,0.0,0.0,0.0,0.0,0,0,0,0.0,,,0.0,0.0,0.0,INT,,,610.0,,0.0,0.0,0.0,0
520691,0.0,0.0,0.0,0.0,0.0,0.0,udp,0.0,,cs0,,249.0,,7.0,,Start,1,1,0,64,64,0,64.0,0.0,0.0,0.0,0.0,0,0,0,0.0,,,0.0,0.0,0.0,INT,,,610.0,,0.0,0.0,0.0,0
520709,0.0,0.0,0.0,0.0,0.0,0.0,udp,0.0,,cs0,,249.0,,7.0,,Start,1,1,0,64,64,0,64.0,0.0,0.0,0.0,0.0,0,0,0,0.0,,,0.0,0.0,0.0,INT,,,610.0,,0.0,0.0,0.0,0
520725,0.0,0.0,0.0,0.0,0.0,0.0,udp,0.0,,cs0,,249.0,,7.0,,Start,1,1,0,64,64,0,64.0,0.0,0.0,0.0,0.0,0,0,0,0.0,,,0.0,0.0,0.0,INT,,,610.0,,0.0,0.0,0.0,0
520842,0.0,0.0,0.0,0.0,0.0,0.0,udp,0.0,,cs0,,249.0,,7.0,,Start,1,1,0,64,64,0,64.0,0.0,0.0,0.0,0.0,0,0,0,0.0,,,0.0,0.0,0.0,INT,,,610.0,,0.0,0.0,0.0,0
520859,0.0,0.0,0.0,0.0,0.0,0.0,udp,0.0,,cs0,,249.0,,7.0,,Start,1,1,0,64,64,0,64.0,0.0,0.0,0.0,0.0,0,0,0,0.0,,,0.0,0.0,0.0,INT,,,610.0,,0.0,0.0,0.0,0
520867,0.0,0.0,0.0,0.0,0.0,0.0,udp,0.0,,cs0,,249.0,,7.0,,Start,1,1,0,64,64,0,64.0,0.0,0.0,0.0,0.0,0,0,0,0.0,,,0.0,0.0,0.0,INT,,,610.0,,0.0,0.0,0.0,0
520916,0.0,0.0,0.0,0.0,0.0,0.0,udp,0.0,,cs0,,249.0,,7.0,,Start,1,1,0,64,64,0,64.0,0.0,0.0,0.0,0.0,0,0,0,0.0,,,0.0,0.0,0.0,INT,,,610.0,,0.0,0.0,0.0,0
520930,0.0,0.0,0.0,0.0,0.0,0.0,udp,0.0,,cs0,,249.0,,7.0,,Start,1,1,0,64,64,0,64.0,0.0,0.0,0.0,0.0,0,0,0,0.0,,,0.0,0.0,0.0,INT,,,610.0,,0.0,0.0,0.0,0
520976,0.0,0.0,0.0,0.0,0.0,0.0,udp,0.0,,cs0,,249.0,,7.0,,Start,1,1,0,64,64,0,64.0,0.0,0.0,0.0,0.0,0,0,0,0.0,,,0.0,0.0,0.0,INT,,,610.0,,0.0,0.0,0.0,0
521010,0.0,0.0,0.0,0.0,0.0,0.0,udp,0.0,,cs0,,249.0,,7.0,,Start,1,1,0,64,64,0,64.0,0.0,0.0,0.0,0.0,0,0,0,0.0,,,0.0,0.0,0.0,INT,,,610.0,,0.0,0.0,0.0,0
521081,1.016764,1.016764,1.016764,1.016764,1.016764,1.016764,tcp,0.0,0.0,cs0,cs0,64.0,116.0,0.0,12.0,Start,27,13,14,8908,2182,6726,167.846161,480.428558,64998.36328,15854.21875,49144.14453,0,0,0,0.0,0.0,0.0,25.571321,11.802148,12.785661,CON,105984.0,68608.0,,,0.032997,0.021008,0.011989,0
521095,0.0,0.0,0.0,0.0,0.0,0.0,udp,0.0,,cs0,,255.0,,1.0,,Start,1,1,0,60,60,0,60.0,0.0,0.0,0.0,0.0,0,0,0,0.0,,,0.0,0.0,0.0,INT,,,,,0.0,0.0,0.0,0
521137,0.177908,0.177908,0.177908,0.177908,0.177908,0.177908,tcp,0.0,0.0,cs0,cs0,64.0,116.0,0.0,12.0,Start,16,9,7,7342,1229,6113,136.555557,873.285706,284776.4063,49148.99609,235627.4063,0,0,0,0.0,0.0,0.0,84.31324,44.96706,33.725296,CON,100352.0,66816.0,,,0.044927,0.021215,0.023712,0
521159,0.0,0.0,0.0,0.0,0.0,0.0,icmp,0.0,,cs0,,58.0,,6.0,,Start,1,1,0,98,98,0,98.0,0.0,0.0,0.0,0.0,0,0,0,0.0,,,0.0,0.0,0.0,ECO,,,,,0.0,0.0,0.0,0
521162,0.201334,0.201334,0.201334,0.201334,0.201334,0.201334,udp,0.0,0.0,cs0,cs0,64.0,53.0,0.0,11.0,Status,6,3,3,1103,530,573,176.666672,191.0,29244.93555,14066.17871,15178.75781,0,0,0,0.0,,,24.834354,9.933742,9.933742,CON,,,,,0.0,0.0,0.0,0
521210,0.001086,0.001086,0.001086,0.001086,0.001086,0.001086,tcp,0.0,0.0,cs0,cs0,64.0,62.0,0.0,2.0,Status,2,1,1,132,66,66,66.0,66.0,0.0,0.0,0.0,0,0,0,0.0,0.0,0.0,920.810303,0.0,0.0,CON,118784.0,59008.0,,,0.059994,0.024893,0.035101,0
521282,0.0,0.0,0.0,0.0,0.0,0.0,icmp,0.0,,cs0,,58.0,,6.0,,Start,1,1,0,98,98,0,98.0,0.0,0.0,0.0,0.0,0,0,0,0.0,,,0.0,0.0,0.0,ECO,,,,,0.0,0.0,0.0,0
521355,0.0,0.0,0.0,0.0,0.0,0.0,udp,0.0,,cs0,,249.0,,7.0,,Start,1,1,0,64,64,0,64.0,0.0,0.0,0.0,0.0,0,0,0,0.0,,,0.0,0.0,0.0,INT,,,610.0,,0.0,0.0,0.0,0
521397,0.0,0.0,0.0,0.0,0.0,0.0,udp,0.0,,cs0,,249.0,,7.0,,Start,1,1,0,64,64,0,64.0,0.0,0.0,0.0,0.0,0,0,0,0.0,,,0.0,0.0,0.0,INT,,,610.0,,0.0,0.0,0.0,0
521467,0.256429,0.256429,0.256429,0.256429,0.256429,0.256429,tcp,0.0,0.0,cs0,cs0,64.0,116.0,0.0,12.0,Start,18,9,9,3192,1491,1701,165.666672,189.0,88539.13281,41368.17969,47170.95313,0,0,0,0.0,0.0,0.0,66.295158,31.197721,31.197721,RST,90624.0,67840.0,,,0.032004,0.021353,0.010651,0
521488,0.0,0.0,0.0,0.0,0.0,0.0,udp,0.0,,cs0,,255.0,,1.0,,Start,1,1,0,60,60,0,60.0,0.0,0.0,0.0,0.0,0,0,0,0.0,,,0.0,0.0,0.0,INT,,,,,0.0,0.0,0.0,0
521492,0.0,0.0,0.0,0.0,0.0,0.0,udp,0.0,,cs0,,249.0,,7.0,,Start,1,1,0,64,64,0,64.0,0.0,0.0,0.0,0.0,0,0,0,0.0,,,0.0,0.0,0.0,INT,,,610.0,,0.0,0.0,0.0,0
521497,0.0,0.0,0.0,0.0,0.0,0.0,udp,0.0,,cs0,,249.0,,7.0,,Start,1,1,0,64,64,0,64.0,0.0,0.0,0.0,0.0,0,0,0,0.0,,,0.0,0.0,0.0,INT,,,610.0,,0.0,0.0,0.0,0
521525,0.0,0.0,0.0,0.0,0.0,0.0,udp,0.0,,cs0,,249.0,,7.0,,Start,1,1,0,64,64,0,64.0,0.0,0.0,0.0,0.0,0,0,0,0.0,,,0.0,0.0,0.0,INT,,,610.0,,0.0,0.0,0.0,0
521528,0.0,0.0,0.0,0.0,0.0,0.0,icmp,0.0,,cs0,,58.0,,6.0,,Start,1,1,0,98,98,0,98.0,0.0,0.0,0.0,0.0,0,0,0,0.0,,,0.0,0.0,0.0,ECO,,,,,0.0,0.0,0.0,0
521720,4.999557,4.999557,4.999557,4.999557,4.999557,4.999557,udp,0.0,0.0,cs0,cs0,117.0,64.0,11.0,0.0,Status,314,294,20,407655,403065,4590,1370.96936,229.5,649747.1875,642768.9375,6978.218262,0,0,0,0.0,,,62.605545,58.605194,3.800337,CON,,,,,0.0,0.0,0.0,0
522047,0.0,0.0,0.0,0.0,0.0,0.0,icmp,0.0,,cs0,,58.0,,6.0,,Start,1,1,0,98,98,0,98.0,0.0,0.0,0.0,0.0,0,0,0,0.0,,,0.0,0.0,0.0,ECO,,,,,0.0,0.0,0.0,0
522070,0.0,0.0,0.0,0.0,0.0,0.0,udp,0.0,,cs0,,249.0,,7.0,,Start,1,1,0,64,64,0,64.0,0.0,0.0,0.0,0.0,0,0,0,0.0,,,0.0,0.0,0.0,INT,,,610.0,,0.0,0.0,0.0,0
522138,0.0,0.0,0.0,0.0,0.0,0.0,icmp,0.0,,cs0,,58.0,,6.0,,Start,1,1,0,98,98,0,98.0,0.0,0.0,0.0,0.0,0,0,0,0.0,,,0.0,0.0,0.0,ECO,,,,,0.0,0.0,0.0,0
522182,0.0,0.0,0.0,0.0,0.0,0.0,icmp,0.0,,cs0,,58.0,,6.0,,Start,1,1,0,98,98,0,98.0,0.0,0.0,0.0,0.0,0,0,0,0.0,,,0.0,0.0,0.0,ECO,,,,,0.0,0.0,0.0,0
522208,0.0,0.0,0.0,0.0,0.0,0.0,icmp,0.0,,cs0,,58.0,,6.0,,Start,1,1,0,98,98,0,98.0,0.0,0.0,0.0,0.0,0,0,0,0.0,,,0.0,0.0,0.0,ECO,,,,,0.0,0.0,0.0,0
522425,0.0,0.0,0.0,0.0,0.0,0.0,udp,0.0,,cs0,,249.0,,7.0,,Start,1,1,0,64,64,0,64.0,0.0,0.0,0.0,0.0,0,0,0,0.0,,,0.0,0.0,0.0,INT,,,610.0,,0.0,0.0,0.0,0
522495,0.0,0.0,0.0,0.0,0.0,0.0,udp,0.0,,cs0,,255.0,,1.0,,Start,1,1,0,60,60,0,60.0,0.0,0.0,0.0,0.0,0,0,0,0.0,,,0.0,0.0,0.0,INT,,,,,0.0,0.0,0.0,0
522676,3.102913,3.102913,3.102913,3.102913,3.102913,3.102913,tcp,0.0,,cs0,,64.0,,0.0,,Start,3,3,0,226,226,0,75.333336,0.0,389.311615,389.311615,0.0,2,2,0,40.0,0.0,0.0,0.644556,0.644556,0.0,REQ,33553920.0,,,,0.0,0.0,0.0,0
522713,0.0,0.0,0.0,0.0,0.0,0.0,tcp,0.0,,cs0,,64.0,,0.0,,Status,1,1,0,74,74,0,74.0,0.0,0.0,0.0,0.0,1,1,0,50.0,0.0,0.0,0.0,0.0,0.0,REQ,33553920.0,,,,0.0,0.0,0.0,0
522728,4.019938,4.019938,4.019938,4.019938,4.019938,4.019938,udp,0.0,,cs0,,64.0,,0.0,,Start,6,6,0,7097,7097,0,1182.833374,0.0,11771.32617,11771.32617,0.0,0,0,0,0.0,,,1.2438,1.2438,0.0,INT,,,,,0.0,0.0,0.0,0
522902,0.0,0.0,0.0,0.0,0.0,0.0,tcp,0.0,,cs0,,64.0,,0.0,,Status,1,1,0,74,74,0,74.0,0.0,0.0,0.0,0.0,1,1,0,50.0,0.0,0.0,0.0,0.0,0.0,REQ,33553920.0,,,,0.0,0.0,0.0,0
522905,0.0,0.0,0.0,0.0,0.0,0.0,tcp,0.0,,cs0,,64.0,,0.0,,Status,1,1,0,74,74,0,74.0,0.0,0.0,0.0,0.0,1,1,0,50.0,0.0,0.0,0.0,0.0,0.0,REQ,33553920.0,,,,0.0,0.0,0.0,0
523031,0.0,0.0,0.0,0.0,0.0,0.0,tcp,0.0,,cs0,,64.0,,0.0,,Status,1,1,0,74,74,0,74.0,0.0,0.0,0.0,0.0,1,1,0,50.0,0.0,0.0,0.0,0.0,0.0,REQ,33553920.0,,,,0.0,0.0,0.0,0
523155,0.0,0.0,0.0,0.0,0.0,0.0,udp,0.0,,cs0,,64.0,,0.0,,Start,1,1,0,170,170,0,170.0,0.0,0.0,0.0,0.0,0,0,0,0.0,,,0.0,0.0,0.0,INT,,,,,0.0,0.0,0.0,0
523281,3.019118,3.019118,3.019118,3.019118,3.019118,3.019118,tcp,0.0,,cs0,,64.0,,0.0,,Start,3,3,0,222,222,0,74.0,0.0,392.167511,392.167511,0.0,2,2,0,40.0,0.0,0.0,0.662445,0.662445,0.0,REQ,33553920.0,,,,0.0,0.0,0.0,0
523311,0.0,0.0,0.0,0.0,0.0,0.0,tcp,0.0,,cs0,,64.0,,0.0,,Status,1,1,0,74,74,0,74.0,0.0,0.0,0.0,0.0,1,1,0,50.0,0.0,0.0,0.0,0.0,0.0,REQ,33553920.0,,,,0.0,0.0,0.0,0
523389,0.0,0.0,0.0,0.0,0.0,0.0,tcp,0.0,,cs0,,64.0,,0.0,,Status,1,1,0,74,74,0,74.0,0.0,0.0,0.0,0.0,1,1,0,50.0,0.0,0.0,0.0,0.0,0.0,REQ,33553920.0,,,,0.0,0.0,0.0,0
524147,4.978057,4.978057,4.978057,4.978057,4.978057,4.978057,sctp,186.0,40.0,ef,af11,255.0,250.0,1.0,6.0,Status,7,3,4,950,478,472,159.333328,118.0,1081.546509,512.649841,568.896667,0,0,0,0.0,,,1.20529,0.401763,0.602645,CON,,,,610.0,0.0,0.0,0.0,0
524286,0.0,0.0,0.0,0.0,0.0,0.0,udp,0.0,,cs0,,249.0,,7.0,,Start,1,1,0,74,74,0,74.0,0.0,0.0,0.0,0.0,0,0,0,0.0,,,0.0,0.0,0.0,INT,,,610.0,,0.0,0.0,0.0,0
524355,0.0,0.0,0.0,0.0,0.0,0.0,udp,0.0,,cs0,,249.0,,7.0,,Start,1,1,0,74,74,0,74.0,0.0,0.0,0.0,0.0,0,0,0,0.0,,,0.0,0.0,0.0,INT,,,610.0,,0.0,0.0,0.0,0
524386,0.0,0.0,0.0,0.0,0.0,0.0,udp,0.0,,cs0,,249.0,,7.0,,Start,1,1,0,74,74,0,74.0,0.0,0.0,0.0,0.0,0,0,0,0.0,,,0.0,0.0,0.0,INT,,,610.0,,0.0,0.0,0.0,0
524467,0.0,0.0,0.0,0.0,0.0,0.0,udp,0.0,,cs0,,249.0,,7.0,,Start,1,1,0,74,74,0,74.0,0.0,0.0,0.0,0.0,0,0,0,0.0,,,0.0,0.0,0.0,INT,,,610.0,,0.0,0.0,0.0,0
524469,0.0,0.0,0.0,0.0,0.0,0.0,udp,0.0,,cs0,,249.0,,7.0,,Start,1,1,0,74,74,0,74.0,0.0,0.0,0.0,0.0,0,0,0,0.0,,,0.0,0.0,0.0,INT,,,610.0,,0.0,0.0,0.0,0
524493,0.0,0.0,0.0,0.0,0.0,0.0,udp,0.0,,cs0,,249.0,,7.0,,Start,1,1,0,74,74,0,74.0,0.0,0.0,0.0,0.0,0,0,0,0.0,,,0.0,0.0,0.0,INT,,,610.0,,0.0,0.0,0.0,0
524546,0.001526,0.001526,0.001526,0.001526,0.001526,0.001526,udp,0.0,48.0,cs0,af12,64.0,62.0,0.0,2.0,Start,2,1,1,412,74,338,74.0,338.0,0.0,0.0,0.0,0,0,0,0.0,,,655.307983,0.0,0.0,CON,,,,,0.0,0.0,0.0,0
524559,0.0,0.0,0.0,0.0,0.0,0.0,udp,0.0,,cs0,,249.0,,7.0,,Start,1,1,0,64,64,0,64.0,0.0,0.0,0.0,0.0,0,0,0,0.0,,,0.0,0.0,0.0,INT,,,610.0,,0.0,0.0,0.0,0
524606,0.0,0.0,0.0,0.0,0.0,0.0,udp,0.0,,cs0,,249.0,,7.0,,Start,1,1,0,64,64,0,64.0,0.0,0.0,0.0,0.0,0,0,0,0.0,,,0.0,0.0,0.0,INT,,,610.0,,0.0,0.0,0.0,0
524638,0.0,0.0,0.0,0.0,0.0,0.0,udp,0.0,,cs0,,249.0,,7.0,,Start,1,1,0,74,74,0,74.0,0.0,0.0,0.0,0.0,0,0,0,0.0,,,0.0,0.0,0.0,INT,,,610.0,,0.0,0.0,0.0,0
524679,0.0,0.0,0.0,0.0,0.0,0.0,udp,0.0,,cs0,,249.0,,7.0,,Start,1,1,0,74,74,0,74.0,0.0,0.0,0.0,0.0,0,0,0,0.0,,,0.0,0.0,0.0,INT,,,610.0,,0.0,0.0,0.0,0
524683,0.0,0.0,0.0,0.0,0.0,0.0,udp,0.0,,cs0,,249.0,,7.0,,Start,1,1,0,74,74,0,74.0,0.0,0.0,0.0,0.0,0,0,0,0.0,,,0.0,0.0,0.0,INT,,,610.0,,0.0,0.0,0.0,0
524698,0.0,0.0,0.0,0.0,0.0,0.0,udp,0.0,,cs0,,249.0,,7.0,,Start,1,1,0,74,74,0,74.0,0.0,0.0,0.0,0.0,0,0,0,0.0,,,0.0,0.0,0.0,INT,,,610.0,,0.0,0.0,0.0,0
524717,0.0,0.0,0.0,0.0,0.0,0.0,udp,0.0,,cs0,,249.0,,7.0,,Start,1,1,0,74,74,0,74.0,0.0,0.0,0.0,0.0,0,0,0,0.0,,,0.0,0.0,0.0,INT,,,610.0,,0.0,0.0,0.0,0
524756,0.0,0.0,0.0,0.0,0.0,0.0,udp,0.0,,cs0,,249.0,,7.0,,Start,1,1,0,74,74,0,74.0,0.0,0.0,0.0,0.0,0,0,0,0.0,,,0.0,0.0,0.0,INT,,,610.0,,0.0,0.0,0.0,0
524827,0.0,0.0,0.0,0.0,0.0,0.0,udp,0.0,,cs0,,249.0,,7.0,,Start,1,1,0,74,74,0,74.0,0.0,0.0,0.0,0.0,0,0,0,0.0,,,0.0,0.0,0.0,INT,,,610.0,,0.0,0.0,0.0,0
524831,0.0,0.0,0.0,0.0,0.0,0.0,udp,0.0,,cs0,,249.0,,7.0,,Start,1,1,0,74,74,0,74.0,0.0,0.0,0.0,0.0,0,0,0,0.0,,,0.0,0.0,0.0,INT,,,610.0,,0.0,0.0,0.0,0
524833,0.0,0.0,0.0,0.0,0.0,0.0,udp,0.0,,cs0,,249.0,,7.0,,Start,1,1,0,74,74,0,74.0,0.0,0.0,0.0,0.0,0,0,0,0.0,,,0.0,0.0,0.0,INT,,,610.0,,0.0,0.0,0.0,0
524894,0.0,0.0,0.0,0.0,0.0,0.0,udp,0.0,,cs0,,249.0,,7.0,,Start,1,1,0,74,74,0,74.0,0.0,0.0,0.0,0.0,0,0,0,0.0,,,0.0,0.0,0.0,INT,,,610.0,,0.0,0.0,0.0,0
524964,0.0,0.0,0.0,0.0,0.0,0.0,udp,0.0,,cs0,,249.0,,7.0,,Start,1,1,0,74,74,0,74.0,0.0,0.0,0.0,0.0,0,0,0,0.0,,,0.0,0.0,0.0,INT,,,610.0,,0.0,0.0,0.0,0
525001,0.0,0.0,0.0,0.0,0.0,0.0,udp,0.0,,cs0,,249.0,,7.0,,Start,1,1,0,64,64,0,64.0,0.0,0.0,0.0,0.0,0,0,0,0.0,,,0.0,0.0,0.0,INT,,,610.0,,0.0,0.0,0.0,0
525250,0.0,0.0,0.0,0.0,0.0,0.0,udp,0.0,,cs0,,249.0,,7.0,,Start,1,1,0,64,64,0,64.0,0.0,0.0,0.0,0.0,0,0,0,0.0,,,0.0,0.0,0.0,INT,,,610.0,,0.0,0.0,0.0,0
525257,0.0,0.0,0.0,0.0,0.0,0.0,udp,0.0,,cs0,,249.0,,7.0,,Start,1,1,0,64,64,0,64.0,0.0,0.0,0.0,0.0,0,0,0,0.0,,,0.0,0.0,0.0,INT,,,610.0,,0.0,0.0,0.0,0
525331,0.0,0.0,0.0,0.0,0.0,0.0,udp,0.0,,cs0,,249.0,,7.0,,Start,1,1,0,74,74,0,74.0,0.0,0.0,0.0,0.0,0,0,0,0.0,,,0.0,0.0,0.0,INT,,,610.0,,0.0,0.0,0.0,0
525361,0.0,0.0,0.0,0.0,0.0,0.0,udp,0.0,,cs0,,249.0,,7.0,,Start,1,1,0,74,74,0,74.0,0.0,0.0,0.0,0.0,0,0,0,0.0,,,0.0,0.0,0.0,INT,,,610.0,,0.0,0.0,0.0,0
525437,0.0,0.0,0.0,0.0,0.0,0.0,udp,0.0,,cs0,,249.0,,7.0,,Start,1,1,0,74,74,0,74.0,0.0,0.0,0.0,0.0,0,0,0,0.0,,,0.0,0.0,0.0,INT,,,610.0,,0.0,0.0,0.0,0
525469,0.0,0.0,0.0,0.0,0.0,0.0,udp,0.0,,cs0,,249.0,,7.0,,Start,1,1,0,74,74,0,74.0,0.0,0.0,0.0,0.0,0,0,0,0.0,,,0.0,0.0,0.0,INT,,,610.0,,0.0,0.0,0.0,0
525516,0.0,0.0,0.0,0.0,0.0,0.0,udp,0.0,,cs0,,249.0,,7.0,,Start,1,1,0,74,74,0,74.0,0.0,0.0,0.0,0.0,0,0,0,0.0,,,0.0,0.0,0.0,INT,,,610.0,,0.0,0.0,0.0,0
525574,0.0,0.0,0.0,0.0,0.0,0.0,udp,0.0,,cs0,,249.0,,7.0,,Start,1,1,0,74,74,0,74.0,0.0,0.0,0.0,0.0,0,0,0,0.0,,,0.0,0.0,0.0,INT,,,610.0,,0.0,0.0,0.0,0
525590,0.0,0.0,0.0,0.0,0.0,0.0,udp,0.0,,cs0,,249.0,,7.0,,Start,1,1,0,74,74,0,74.0,0.0,0.0,0.0,0.0,0,0,0,0.0,,,0.0,0.0,0.0,INT,,,610.0,,0.0,0.0,0.0,0
525602,0.0,0.0,0.0,0.0,0.0,0.0,udp,0.0,,cs0,,249.0,,7.0,,Start,1,1,0,74,74,0,74.0,0.0,0.0,0.0,0.0,0,0,0,0.0,,,0.0,0.0,0.0,INT,,,610.0,,0.0,0.0,0.0,0
525618,0.0,0.0,0.0,0.0,0.0,0.0,udp,0.0,,cs0,,249.0,,7.0,,Start,1,1,0,74,74,0,74.0,0.0,0.0,0.0,0.0,0,0,0,0.0,,,0.0,0.0,0.0,INT,,,610.0,,0.0,0.0,0.0,0
525628,0.0,0.0,0.0,0.0,0.0,0.0,udp,0.0,,cs0,,249.0,,7.0,,Start,1,1,0,74,74,0,74.0,0.0,0.0,0.0,0.0,0,0,0,0.0,,,0.0,0.0,0.0,INT,,,610.0,,0.0,0.0,0.0,0
525643,0.0,0.0,0.0,0.0,0.0,0.0,udp,0.0,,cs0,,249.0,,7.0,,Start,1,1,0,74,74,0,74.0,0.0,0.0,0.0,0.0,0,0,0,0.0,,,0.0,0.0,0.0,INT,,,610.0,,0.0,0.0,0.0,0
525645,0.0,0.0,0.0,0.0,0.0,0.0,udp,0.0,,cs0,,249.0,,7.0,,Start,1,1,0,74,74,0,74.0,0.0,0.0,0.0,0.0,0,0,0,0.0,,,0.0,0.0,0.0,INT,,,610.0,,0.0,0.0,0.0,0
525674,0.0,0.0,0.0,0.0,0.0,0.0,udp,0.0,,cs0,,249.0,,7.0,,Start,1,1,0,64,64,0,64.0,0.0,0.0,0.0,0.0,0,0,0,0.0,,,0.0,0.0,0.0,INT,,,610.0,,0.0,0.0,0.0,0
525716,0.181159,0.181159,0.181159,0.181159,0.181159,0.181159,udp,0.0,0.0,cs0,cs0,64.0,53.0,0.0,11.0,Start,24,12,12,15428,4441,10987,370.083344,915.583313,624556.3125,179775.7656,444780.5313,0,0,0,0.0,,,126.960289,60.720139,60.720139,CON,,,,,0.0,0.0,0.0,0
525774,0.0,0.0,0.0,0.0,0.0,0.0,udp,0.0,,cs0,,249.0,,7.0,,Start,1,1,0,64,64,0,64.0,0.0,0.0,0.0,0.0,0,0,0,0.0,,,0.0,0.0,0.0,INT,,,610.0,,0.0,0.0,0.0,0
525778,0.0,0.0,0.0,0.0,0.0,0.0,udp,0.0,,cs0,,249.0,,7.0,,Start,1,1,0,64,64,0,64.0,0.0,0.0,0.0,0.0,0,0,0,0.0,,,0.0,0.0,0.0,INT,,,610.0,,0.0,0.0,0.0,0
525806,0.0,0.0,0.0,0.0,0.0,0.0,udp,0.0,,cs0,,249.0,,7.0,,Start,1,1,0,64,64,0,64.0,0.0,0.0,0.0,0.0,0,0,0,0.0,,,0.0,0.0,0.0,INT,,,610.0,,0.0,0.0,0.0,0
525825,0.0,0.0,0.0,0.0,0.0,0.0,icmp,0.0,,cs0,,58.0,,6.0,,Start,1,1,0,98,98,0,98.0,0.0,0.0,0.0,0.0,0,0,0,0.0,,,0.0,0.0,0.0,ECO,,,,,0.0,0.0,0.0,0
525917,0.0,0.0,0.0,0.0,0.0,0.0,udp,0.0,,cs0,,249.0,,7.0,,Start,1,1,0,74,74,0,74.0,0.0,0.0,0.0,0.0,0,0,0,0.0,,,0.0,0.0,0.0,INT,,,610.0,,0.0,0.0,0.0,0
526107,0.207881,0.207881,0.207881,0.207881,0.207881,0.207881,tcp,0.0,0.0,cs0,cs0,64.0,114.0,0.0,14.0,Start,17,9,8,3080,1688,1392,187.555557,174.0,104636.7891,57763.81641,46872.96875,0,0,0,0.0,0.0,0.0,76.96711,38.483555,33.673111,CON,68096.0,67840.0,,,0.041958,0.028366,0.013592,0
526113,0.140819,0.140819,0.140819,0.140819,0.140819,0.140819,tcp,0.0,0.0,cs0,cs0,64.0,53.0,0.0,11.0,Start,10,6,4,2164,1066,1098,177.666672,274.5,97316.41406,50504.55078,46811.86719,0,0,0,0.0,0.0,0.0,63.911831,35.506573,21.303944,CON,68096.0,66816.0,,,0.03575,0.021145,0.014605,0
526166,0.0,0.0,0.0,0.0,0.0,0.0,udp,0.0,,cs0,,249.0,,7.0,,Start,1,1,0,74,74,0,74.0,0.0,0.0,0.0,0.0,0,0,0,0.0,,,0.0,0.0,0.0,INT,,,610.0,,0.0,0.0,0.0,0
526257,0.0,0.0,0.0,0.0,0.0,0.0,udp,0.0,,cs0,,249.0,,7.0,,Start,1,1,0,74,74,0,74.0,0.0,0.0,0.0,0.0,0,0,0,0.0,,,0.0,0.0,0.0,INT,,,610.0,,0.0,0.0,0.0,0
526334,0.0,0.0,0.0,0.0,0.0,0.0,udp,0.0,,cs0,,249.0,,7.0,,Start,1,1,0,74,74,0,74.0,0.0,0.0,0.0,0.0,0,0,0,0.0,,,0.0,0.0,0.0,INT,,,610.0,,0.0,0.0,0.0,0
526363,0.0,0.0,0.0,0.0,0.0,0.0,udp,0.0,,cs0,,249.0,,7.0,,Start,1,1,0,74,74,0,74.0,0.0,0.0,0.0,0.0,0,0,0,0.0,,,0.0,0.0,0.0,INT,,,610.0,,0.0,0.0,0.0,0
526389,0.0,0.0,0.0,0.0,0.0,0.0,udp,0.0,,cs0,,249.0,,7.0,,Start,1,1,0,74,74,0,74.0,0.0,0.0,0.0,0.0,0,0,0,0.0,,,0.0,0.0,0.0,INT,,,610.0,,0.0,0.0,0.0,0
526435,4.36501,4.36501,4.36501,4.36501,4.36501,4.36501,udp,0.0,,cs0,,249.0,,7.0,,Start,2,2,0,148,148,0,74.0,0.0,135.623978,135.623978,0.0,0,0,0,0.0,,,0.229095,0.229095,0.0,INT,,,610.0,,0.0,0.0,0.0,0
526585,4.604674,4.604674,4.604674,4.604674,4.604674,4.604674,udp,0.0,,cs0,,249.0,,7.0,,Start,2,2,0,148,148,0,74.0,0.0,128.565018,128.565018,0.0,0,0,0,0.0,,,0.217171,0.217171,0.0,INT,,,610.0,,0.0,0.0,0.0,0
526588,0.0,0.0,0.0,0.0,0.0,0.0,udp,0.0,,cs0,,249.0,,7.0,,Start,1,1,0,74,74,0,74.0,0.0,0.0,0.0,0.0,0,0,0,0.0,,,0.0,0.0,0.0,INT,,,610.0,,0.0,0.0,0.0,0
526646,4.555225,4.555225,4.555225,4.555225,4.555225,4.555225,udp,0.0,,cs0,,249.0,,7.0,,Start,2,2,0,148,148,0,74.0,0.0,129.960648,129.960648,0.0,0,0,0,0.0,,,0.219528,0.219528,0.0,INT,,,610.0,,0.0,0.0,0.0,0
526653,4.297776,4.297776,4.297776,4.297776,4.297776,4.297776,udp,0.0,,cs0,,249.0,,7.0,,Start,2,2,0,148,148,0,74.0,0.0,137.745651,137.745651,0.0,0,0,0,0.0,,,0.232678,0.232678,0.0,INT,,,610.0,,0.0,0.0,0.0,0
526728,4.268823,4.268823,4.268823,4.268823,4.268823,4.268823,udp,0.0,,cs0,,249.0,,7.0,,Start,2,2,0,148,148,0,74.0,0.0,138.679901,138.679901,0.0,0,0,0,0.0,,,0.234257,0.234257,0.0,INT,,,610.0,,0.0,0.0,0.0,0
526874,4.293595,4.293595,4.293595,4.293595,4.293595,4.293595,udp,0.0,,cs0,,249.0,,7.0,,Start,2,2,0,148,148,0,74.0,0.0,137.879807,137.879807,0.0,0,0,0,0.0,,,0.232905,0.232905,0.0,INT,,,610.0,,0.0,0.0,0.0,0
526911,4.28364,4.28364,4.28364,4.28364,4.28364,4.28364,udp,0.0,,cs0,,249.0,,7.0,,Start,2,2,0,148,148,0,74.0,0.0,138.200226,138.200226,0.0,0,0,0,0.0,,,0.233446,0.233446,0.0,INT,,,610.0,,0.0,0.0,0.0,0
526926,4.137147,4.137147,4.137147,4.137147,4.137147,4.137147,udp,0.0,,cs0,,249.0,,7.0,,Start,2,2,0,148,148,0,74.0,0.0,143.093781,143.093781,0.0,0,0,0,0.0,,,0.241712,0.241712,0.0,INT,,,610.0,,0.0,0.0,0.0,0
526949,0.0,0.0,0.0,0.0,0.0,0.0,udp,0.0,,cs0,,249.0,,7.0,,Start,1,1,0,74,74,0,74.0,0.0,0.0,0.0,0.0,0,0,0,0.0,,,0.0,0.0,0.0,INT,,,610.0,,0.0,0.0,0.0,0
527024,4.301685,4.301685,4.301685,4.301685,4.301685,4.301685,udp,0.0,,cs0,,249.0,,7.0,,Start,2,2,0,148,148,0,74.0,0.0,137.620499,137.620499,0.0,0,0,0,0.0,,,0.232467,0.232467,0.0,INT,,,610.0,,0.0,0.0,0.0,0
527068,4.177831,4.177831,4.177831,4.177831,4.177831,4.177831,udp,0.0,,cs0,,249.0,,7.0,,Start,2,2,0,148,148,0,74.0,0.0,141.700317,141.700317,0.0,0,0,0,0.0,,,0.239359,0.239359,0.0,INT,,,610.0,,0.0,0.0,0.0,0
527097,4.095961,4.095961,4.095961,4.095961,4.095961,4.095961,udp,0.0,,cs0,,249.0,,7.0,,Start,2,2,0,148,148,0,74.0,0.0,144.532623,144.532623,0.0,0,0,0,0.0,,,0.244143,0.244143,0.0,INT,,,610.0,,0.0,0.0,0.0,0
527110,4.09716,4.09716,4.09716,4.09716,4.09716,4.09716,udp,0.0,,cs0,,249.0,,7.0,,Start,2,2,0,148,148,0,74.0,0.0,144.490341,144.490341,0.0,0,0,0,0.0,,,0.244072,0.244072,0.0,INT,,,610.0,,0.0,0.0,0.0,0
527170,4.299302,4.299302,4.299302,4.299302,4.299302,4.299302,udp,0.0,,cs0,,249.0,,7.0,,Start,2,2,0,148,148,0,74.0,0.0,137.696762,137.696762,0.0,0,0,0,0.0,,,0.232596,0.232596,0.0,INT,,,610.0,,0.0,0.0,0.0,0
527172,4.393889,4.393889,4.393889,4.393889,4.393889,4.393889,udp,0.0,,cs0,,249.0,,7.0,,Start,2,2,0,148,148,0,74.0,0.0,134.732574,134.732574,0.0,0,0,0,0.0,,,0.227589,0.227589,0.0,INT,,,610.0,,0.0,0.0,0.0,0
527235,3.98149,3.98149,3.98149,3.98149,3.98149,3.98149,udp,0.0,,cs0,,249.0,,7.0,,Start,2,2,0,148,148,0,74.0,0.0,148.688065,148.688065,0.0,0,0,0,0.0,,,0.251162,0.251162,0.0,INT,,,610.0,,0.0,0.0,0.0,0
527498,0.0,0.0,0.0,0.0,0.0,0.0,udp,0.0,,cs0,,249.0,,7.0,,Start,1,1,0,74,74,0,74.0,0.0,0.0,0.0,0.0,0,0,0,0.0,,,0.0,0.0,0.0,INT,,,610.0,,0.0,0.0,0.0,0
527551,0.0,0.0,0.0,0.0,0.0,0.0,udp,0.0,,cs0,,249.0,,7.0,,Start,1,1,0,74,74,0,74.0,0.0,0.0,0.0,0.0,0,0,0,0.0,,,0.0,0.0,0.0,INT,,,610.0,,0.0,0.0,0.0,0
527556,0.0,0.0,0.0,0.0,0.0,0.0,udp,0.0,,cs0,,249.0,,7.0,,Start,1,1,0,74,74,0,74.0,0.0,0.0,0.0,0.0,0,0,0,0.0,,,0.0,0.0,0.0,INT,,,610.0,,0.0,0.0,0.0,0
527565,0.0,0.0,0.0,0.0,0.0,0.0,udp,0.0,,cs0,,249.0,,7.0,,Start,1,1,0,74,74,0,74.0,0.0,0.0,0.0,0.0,0,0,0,0.0,,,0.0,0.0,0.0,INT,,,610.0,,0.0,0.0,0.0,0
527588,0.0,0.0,0.0,0.0,0.0,0.0,udp,0.0,,cs0,,249.0,,7.0,,Start,1,1,0,74,74,0,74.0,0.0,0.0,0.0,0.0,0,0,0,0.0,,,0.0,0.0,0.0,INT,,,610.0,,0.0,0.0,0.0,0
527606,0.0,0.0,0.0,0.0,0.0,0.0,udp,0.0,,cs0,,249.0,,7.0,,Start,1,1,0,74,74,0,74.0,0.0,0.0,0.0,0.0,0,0,0,0.0,,,0.0,0.0,0.0,INT,,,610.0,,0.0,0.0,0.0,0
527608,0.0,0.0,0.0,0.0,0.0,0.0,udp,0.0,,cs0,,249.0,,7.0,,Start,1,1,0,74,74,0,74.0,0.0,0.0,0.0,0.0,0,0,0,0.0,,,0.0,0.0,0.0,INT,,,610.0,,0.0,0.0,0.0,0
527621,0.0,0.0,0.0,0.0,0.0,0.0,udp,0.0,,cs0,,249.0,,7.0,,Start,1,1,0,74,74,0,74.0,0.0,0.0,0.0,0.0,0,0,0,0.0,,,0.0,0.0,0.0,INT,,,610.0,,0.0,0.0,0.0,0
527622,0.0,0.0,0.0,0.0,0.0,0.0,udp,0.0,,cs0,,249.0,,7.0,,Start,1,1,0,74,74,0,74.0,0.0,0.0,0.0,0.0,0,0,0,0.0,,,0.0,0.0,0.0,INT,,,610.0,,0.0,0.0,0.0,0
527681,0.0,0.0,0.0,0.0,0.0,0.0,udp,0.0,,cs0,,249.0,,7.0,,Start,1,1,0,74,74,0,74.0,0.0,0.0,0.0,0.0,0,0,0,0.0,,,0.0,0.0,0.0,INT,,,610.0,,0.0,0.0,0.0,0
527682,0.0,0.0,0.0,0.0,0.0,0.0,udp,0.0,,cs0,,249.0,,7.0,,Start,1,1,0,74,74,0,74.0,0.0,0.0,0.0,0.0,0,0,0,0.0,,,0.0,0.0,0.0,INT,,,610.0,,0.0,0.0,0.0,0
527783,0.0,0.0,0.0,0.0,0.0,0.0,udp,0.0,,cs0,,249.0,,7.0,,Start,1,1,0,74,74,0,74.0,0.0,0.0,0.0,0.0,0,0,0,0.0,,,0.0,0.0,0.0,INT,,,610.0,,0.0,0.0,0.0,0
527787,0.0,0.0,0.0,0.0,0.0,0.0,udp,0.0,,cs0,,249.0,,7.0,,Start,1,1,0,74,74,0,74.0,0.0,0.0,0.0,0.0,0,0,0,0.0,,,0.0,0.0,0.0,INT,,,610.0,,0.0,0.0,0.0,0
527803,0.0,0.0,0.0,0.0,0.0,0.0,udp,0.0,,cs0,,249.0,,7.0,,Start,1,1,0,74,74,0,74.0,0.0,0.0,0.0,0.0,0,0,0,0.0,,,0.0,0.0,0.0,INT,,,610.0,,0.0,0.0,0.0,0
527848,0.0,0.0,0.0,0.0,0.0,0.0,udp,0.0,,cs0,,249.0,,7.0,,Start,1,1,0,74,74,0,74.0,0.0,0.0,0.0,0.0,0,0,0,0.0,,,0.0,0.0,0.0,INT,,,610.0,,0.0,0.0,0.0,0
527865,0.0,0.0,0.0,0.0,0.0,0.0,udp,0.0,,cs0,,249.0,,7.0,,Start,1,1,0,74,74,0,74.0,0.0,0.0,0.0,0.0,0,0,0,0.0,,,0.0,0.0,0.0,INT,,,610.0,,0.0,0.0,0.0,0
527883,0.0,0.0,0.0,0.0,0.0,0.0,udp,0.0,,cs0,,249.0,,7.0,,Start,1,1,0,74,74,0,74.0,0.0,0.0,0.0,0.0,0,0,0,0.0,,,0.0,0.0,0.0,INT,,,610.0,,0.0,0.0,0.0,0
527943,0.0,0.0,0.0,0.0,0.0,0.0,udp,0.0,,cs0,,249.0,,7.0,,Start,1,1,0,74,74,0,74.0,0.0,0.0,0.0,0.0,0,0,0,0.0,,,0.0,0.0,0.0,INT,,,610.0,,0.0,0.0,0.0,0
527974,0.0,0.0,0.0,0.0,0.0,0.0,udp,0.0,,cs0,,249.0,,7.0,,Start,1,1,0,74,74,0,74.0,0.0,0.0,0.0,0.0,0,0,0,0.0,,,0.0,0.0,0.0,INT,,,610.0,,0.0,0.0,0.0,0
527995,0.0,0.0,0.0,0.0,0.0,0.0,udp,0.0,,cs0,,249.0,,7.0,,Start,1,1,0,74,74,0,74.0,0.0,0.0,0.0,0.0,0,0,0,0.0,,,0.0,0.0,0.0,INT,,,610.0,,0.0,0.0,0.0,0
528019,0.0,0.0,0.0,0.0,0.0,0.0,udp,0.0,,cs0,,249.0,,7.0,,Start,1,1,0,74,74,0,74.0,0.0,0.0,0.0,0.0,0,0,0,0.0,,,0.0,0.0,0.0,INT,,,610.0,,0.0,0.0,0.0,0
528023,0.0,0.0,0.0,0.0,0.0,0.0,udp,0.0,,cs0,,249.0,,7.0,,Start,1,1,0,74,74,0,74.0,0.0,0.0,0.0,0.0,0,0,0,0.0,,,0.0,0.0,0.0,INT,,,610.0,,0.0,0.0,0.0,0
528094,0.0,0.0,0.0,0.0,0.0,0.0,udp,0.0,,cs0,,249.0,,7.0,,Start,1,1,0,74,74,0,74.0,0.0,0.0,0.0,0.0,0,0,0,0.0,,,0.0,0.0,0.0,INT,,,610.0,,0.0,0.0,0.0,0
528103,0.0,0.0,0.0,0.0,0.0,0.0,udp,0.0,,cs0,,249.0,,7.0,,Start,1,1,0,74,74,0,74.0,0.0,0.0,0.0,0.0,0,0,0,0.0,,,0.0,0.0,0.0,INT,,,610.0,,0.0,0.0,0.0,0
528121,0.0,0.0,0.0,0.0,0.0,0.0,udp,0.0,,cs0,,249.0,,7.0,,Start,1,1,0,74,74,0,74.0,0.0,0.0,0.0,0.0,0,0,0,0.0,,,0.0,0.0,0.0,INT,,,610.0,,0.0,0.0,0.0,0
528145,0.0,0.0,0.0,0.0,0.0,0.0,udp,0.0,,cs0,,249.0,,7.0,,Start,1,1,0,74,74,0,74.0,0.0,0.0,0.0,0.0,0,0,0,0.0,,,0.0,0.0,0.0,INT,,,610.0,,0.0,0.0,0.0,0
528206,0.0,0.0,0.0,0.0,0.0,0.0,udp,0.0,,cs0,,249.0,,7.0,,Start,1,1,0,74,74,0,74.0,0.0,0.0,0.0,0.0,0,0,0,0.0,,,0.0,0.0,0.0,INT,,,610.0,,0.0,0.0,0.0,0
528244,0.0,0.0,0.0,0.0,0.0,0.0,udp,0.0,,cs0,,249.0,,7.0,,Start,1,1,0,74,74,0,74.0,0.0,0.0,0.0,0.0,0,0,0,0.0,,,0.0,0.0,0.0,INT,,,610.0,,0.0,0.0,0.0,0
528251,0.0,0.0,0.0,0.0,0.0,0.0,udp,0.0,,cs0,,249.0,,7.0,,Start,1,1,0,74,74,0,74.0,0.0,0.0,0.0,0.0,0,0,0,0.0,,,0.0,0.0,0.0,INT,,,610.0,,0.0,0.0,0.0,0
528252,0.0,0.0,0.0,0.0,0.0,0.0,udp,0.0,,cs0,,249.0,,7.0,,Start,1,1,0,74,74,0,74.0,0.0,0.0,0.0,0.0,0,0,0,0.0,,,0.0,0.0,0.0,INT,,,610.0,,0.0,0.0,0.0,0
528288,0.0,0.0,0.0,0.0,0.0,0.0,udp,0.0,,cs0,,249.0,,7.0,,Start,1,1,0,74,74,0,74.0,0.0,0.0,0.0,0.0,0,0,0,0.0,,,0.0,0.0,0.0,INT,,,610.0,,0.0,0.0,0.0,0
528378,0.0,0.0,0.0,0.0,0.0,0.0,udp,0.0,,cs0,,249.0,,7.0,,Start,1,1,0,74,74,0,74.0,0.0,0.0,0.0,0.0,0,0,0,0.0,,,0.0,0.0,0.0,INT,,,610.0,,0.0,0.0,0.0,0
528436,0.0,0.0,0.0,0.0,0.0,0.0,udp,0.0,,cs0,,249.0,,7.0,,Start,1,1,0,74,74,0,74.0,0.0,0.0,0.0,0.0,0,0,0,0.0,,,0.0,0.0,0.0,INT,,,610.0,,0.0,0.0,0.0,0
528499,0.0,0.0,0.0,0.0,0.0,0.0,udp,0.0,,cs0,,249.0,,7.0,,Start,1,1,0,74,74,0,74.0,0.0,0.0,0.0,0.0,0,0,0,0.0,,,0.0,0.0,0.0,INT,,,610.0,,0.0,0.0,0.0,0
528503,0.0,0.0,0.0,0.0,0.0,0.0,udp,0.0,,cs0,,249.0,,7.0,,Start,1,1,0,74,74,0,74.0,0.0,0.0,0.0,0.0,0,0,0,0.0,,,0.0,0.0,0.0,INT,,,610.0,,0.0,0.0,0.0,0
528510,0.0,0.0,0.0,0.0,0.0,0.0,udp,0.0,,cs0,,249.0,,7.0,,Start,1,1,0,74,74,0,74.0,0.0,0.0,0.0,0.0,0,0,0,0.0,,,0.0,0.0,0.0,INT,,,610.0,,0.0,0.0,0.0,0
528611,0.0,0.0,0.0,0.0,0.0,0.0,udp,0.0,,cs0,,249.0,,7.0,,Start,1,1,0,74,74,0,74.0,0.0,0.0,0.0,0.0,0,0,0,0.0,,,0.0,0.0,0.0,INT,,,610.0,,0.0,0.0,0.0,0
528678,0.0,0.0,0.0,0.0,0.0,0.0,udp,0.0,,cs0,,249.0,,7.0,,Start,1,1,0,74,74,0,74.0,0.0,0.0,0.0,0.0,0,0,0,0.0,,,0.0,0.0,0.0,INT,,,610.0,,0.0,0.0,0.0,0
528731,0.0,0.0,0.0,0.0,0.0,0.0,udp,0.0,,cs0,,249.0,,7.0,,Start,1,1,0,74,74,0,74.0,0.0,0.0,0.0,0.0,0,0,0,0.0,,,0.0,0.0,0.0,INT,,,610.0,,0.0,0.0,0.0,0
528789,0.0,0.0,0.0,0.0,0.0,0.0,udp,0.0,,cs0,,249.0,,7.0,,Start,1,1,0,74,74,0,74.0,0.0,0.0,0.0,0.0,0,0,0,0.0,,,0.0,0.0,0.0,INT,,,610.0,,0.0,0.0,0.0,0
528840,0.0,0.0,0.0,0.0,0.0,0.0,udp,0.0,,cs0,,249.0,,7.0,,Start,1,1,0,74,74,0,74.0,0.0,0.0,0.0,0.0,0,0,0,0.0,,,0.0,0.0,0.0,INT,,,610.0,,0.0,0.0,0.0,0
528927,0.0,0.0,0.0,0.0,0.0,0.0,udp,0.0,,cs0,,249.0,,7.0,,Start,1,1,0,74,74,0,74.0,0.0,0.0,0.0,0.0,0,0,0,0.0,,,0.0,0.0,0.0,INT,,,610.0,,0.0,0.0,0.0,0
528947,0.0,0.0,0.0,0.0,0.0,0.0,udp,0.0,,cs0,,249.0,,7.0,,Start,1,1,0,74,74,0,74.0,0.0,0.0,0.0,0.0,0,0,0,0.0,,,0.0,0.0,0.0,INT,,,610.0,,0.0,0.0,0.0,0
529012,0.0,0.0,0.0,0.0,0.0,0.0,udp,0.0,,cs0,,249.0,,7.0,,Start,1,1,0,74,74,0,74.0,0.0,0.0,0.0,0.0,0,0,0,0.0,,,0.0,0.0,0.0,INT,,,610.0,,0.0,0.0,0.0,0
529085,0.0,0.0,0.0,0.0,0.0,0.0,udp,0.0,,cs0,,249.0,,7.0,,Start,1,1,0,74,74,0,74.0,0.0,0.0,0.0,0.0,0,0,0,0.0,,,0.0,0.0,0.0,INT,,,610.0,,0.0,0.0,0.0,0
529141,0.0,0.0,0.0,0.0,0.0,0.0,udp,0.0,,cs0,,249.0,,7.0,,Start,1,1,0,74,74,0,74.0,0.0,0.0,0.0,0.0,0,0,0,0.0,,,0.0,0.0,0.0,INT,,,610.0,,0.0,0.0,0.0,0
529160,0.0,0.0,0.0,0.0,0.0,0.0,udp,0.0,,cs0,,249.0,,7.0,,Start,1,1,0,74,74,0,74.0,0.0,0.0,0.0,0.0,0,0,0,0.0,,,0.0,0.0,0.0,INT,,,610.0,,0.0,0.0,0.0,0
529191,0.0,0.0,0.0,0.0,0.0,0.0,udp,0.0,,cs0,,249.0,,7.0,,Start,1,1,0,74,74,0,74.0,0.0,0.0,0.0,0.0,0,0,0,0.0,,,0.0,0.0,0.0,INT,,,610.0,,0.0,0.0,0.0,0
529193,0.0,0.0,0.0,0.0,0.0,0.0,udp,0.0,,cs0,,249.0,,7.0,,Start,1,1,0,74,74,0,74.0,0.0,0.0,0.0,0.0,0,0,0,0.0,,,0.0,0.0,0.0,INT,,,610.0,,0.0,0.0,0.0,0
529293,0.0,0.0,0.0,0.0,0.0,0.0,udp,0.0,,cs0,,249.0,,7.0,,Start,1,1,0,74,74,0,74.0,0.0,0.0,0.0,0.0,0,0,0,0.0,,,0.0,0.0,0.0,INT,,,610.0,,0.0,0.0,0.0,0
529408,0.0,0.0,0.0,0.0,0.0,0.0,udp,0.0,,cs0,,249.0,,7.0,,Start,1,1,0,74,74,0,74.0,0.0,0.0,0.0,0.0,0,0,0,0.0,,,0.0,0.0,0.0,INT,,,610.0,,0.0,0.0,0.0,0
529419,0.0,0.0,0.0,0.0,0.0,0.0,udp,0.0,,cs0,,249.0,,7.0,,Start,1,1,0,74,74,0,74.0,0.0,0.0,0.0,0.0,0,0,0,0.0,,,0.0,0.0,0.0,INT,,,610.0,,0.0,0.0,0.0,0
529544,0.0,0.0,0.0,0.0,0.0,0.0,udp,0.0,,cs0,,249.0,,7.0,,Start,1,1,0,74,74,0,74.0,0.0,0.0,0.0,0.0,0,0,0,0.0,,,0.0,0.0,0.0,INT,,,610.0,,0.0,0.0,0.0,0
529594,0.0,0.0,0.0,0.0,0.0,0.0,udp,0.0,,cs0,,249.0,,7.0,,Start,1,1,0,74,74,0,74.0,0.0,0.0,0.0,0.0,0,0,0,0.0,,,0.0,0.0,0.0,INT,,,610.0,,0.0,0.0,0.0,0
529609,0.0,0.0,0.0,0.0,0.0,0.0,udp,0.0,,cs0,,249.0,,7.0,,Start,1,1,0,74,74,0,74.0,0.0,0.0,0.0,0.0,0,0,0,0.0,,,0.0,0.0,0.0,INT,,,610.0,,0.0,0.0,0.0,0
529622,0.0,0.0,0.0,0.0,0.0,0.0,udp,0.0,,cs0,,249.0,,7.0,,Start,1,1,0,74,74,0,74.0,0.0,0.0,0.0,0.0,0,0,0,0.0,,,0.0,0.0,0.0,INT,,,610.0,,0.0,0.0,0.0,0
529623,0.0,0.0,0.0,0.0,0.0,0.0,udp,0.0,,cs0,,249.0,,7.0,,Start,1,1,0,74,74,0,74.0,0.0,0.0,0.0,0.0,0,0,0,0.0,,,0.0,0.0,0.0,INT,,,610.0,,0.0,0.0,0.0,0
529770,0.0,0.0,0.0,0.0,0.0,0.0,udp,0.0,,cs0,,249.0,,7.0,,Start,1,1,0,74,74,0,74.0,0.0,0.0,0.0,0.0,0,0,0,0.0,,,0.0,0.0,0.0,INT,,,610.0,,0.0,0.0,0.0,0
529828,0.0,0.0,0.0,0.0,0.0,0.0,udp,0.0,,cs0,,249.0,,7.0,,Start,1,1,0,74,74,0,74.0,0.0,0.0,0.0,0.0,0,0,0,0.0,,,0.0,0.0,0.0,INT,,,610.0,,0.0,0.0,0.0,0
529833,4.927624,4.927624,4.927624,4.927624,4.927624,4.927624,tcp,0.0,0.0,cs0,cs0,64.0,117.0,0.0,11.0,Status,198,52,146,216798,5005,211793,96.25,1450.636963,349461.7188,7969.763672,341491.9375,0,0,0,0.0,0.0,0.0,39.978699,10.349815,29.425945,CON,1650688.0,113664.0,,,0.046038,0.020616,0.025422,0
529842,4.987797,4.987797,4.987797,4.987797,4.987797,4.987797,tcp,0.0,0.0,cs0,cs0,64.0,117.0,0.0,11.0,Status,185,41,144,215202,4280,210922,104.390244,1464.736084,342650.6875,6697.947266,335952.75,0,0,0,0.0,0.0,0.0,36.890034,8.019573,28.669973,CON,1463296.0,113664.0,,,0.048904,0.020681,0.028223,0
529915,0.0,0.0,0.0,0.0,0.0,0.0,icmp,0.0,,cs0,,58.0,,6.0,,Start,1,1,0,98,98,0,98.0,0.0,0.0,0.0,0.0,0,0,0,0.0,,,0.0,0.0,0.0,ECO,,,,,0.0,0.0,0.0,0
529928,0.0,0.0,0.0,0.0,0.0,0.0,udp,0.0,,cs0,,249.0,,7.0,,Start,1,1,0,74,74,0,74.0,0.0,0.0,0.0,0.0,0,0,0,0.0,,,0.0,0.0,0.0,INT,,,610.0,,0.0,0.0,0.0,0
529958,0.0,0.0,0.0,0.0,0.0,0.0,icmp,0.0,,cs0,,58.0,,6.0,,Start,1,1,0,98,98,0,98.0,0.0,0.0,0.0,0.0,0,0,0,0.0,,,0.0,0.0,0.0,ECO,,,,,0.0,0.0,0.0,0
530185,0.0,0.0,0.0,0.0,0.0,0.0,icmp,0.0,,cs0,,58.0,,6.0,,Start,1,1,0,98,98,0,98.0,0.0,0.0,0.0,0.0,0,0,0,0.0,,,0.0,0.0,0.0,ECO,,,,,0.0,0.0,0.0,0
530269,0.0,0.0,0.0,0.0,0.0,0.0,udp,0.0,,cs0,,249.0,,7.0,,Start,1,1,0,74,74,0,74.0,0.0,0.0,0.0,0.0,0,0,0,0.0,,,0.0,0.0,0.0,INT,,,610.0,,0.0,0.0,0.0,0
530343,0.0,0.0,0.0,0.0,0.0,0.0,udp,0.0,,cs0,,249.0,,7.0,,Start,1,1,0,74,74,0,74.0,0.0,0.0,0.0,0.0,0,0,0,0.0,,,0.0,0.0,0.0,INT,,,610.0,,0.0,0.0,0.0,0
530418,0.0,0.0,0.0,0.0,0.0,0.0,udp,0.0,,cs0,,249.0,,7.0,,Start,1,1,0,74,74,0,74.0,0.0,0.0,0.0,0.0,0,0,0,0.0,,,0.0,0.0,0.0,INT,,,610.0,,0.0,0.0,0.0,0
530471,0.0,0.0,0.0,0.0,0.0,0.0,udp,0.0,,cs0,,249.0,,7.0,,Start,1,1,0,74,74,0,74.0,0.0,0.0,0.0,0.0,0,0,0,0.0,,,0.0,0.0,0.0,INT,,,610.0,,0.0,0.0,0.0,0
530498,0.0,0.0,0.0,0.0,0.0,0.0,udp,0.0,,cs0,,249.0,,7.0,,Start,1,1,0,74,74,0,74.0,0.0,0.0,0.0,0.0,0,0,0,0.0,,,0.0,0.0,0.0,INT,,,610.0,,0.0,0.0,0.0,0
530504,0.0,0.0,0.0,0.0,0.0,0.0,udp,0.0,,cs0,,249.0,,7.0,,Start,1,1,0,74,74,0,74.0,0.0,0.0,0.0,0.0,0,0,0,0.0,,,0.0,0.0,0.0,INT,,,610.0,,0.0,0.0,0.0,0
530555,0.0,0.0,0.0,0.0,0.0,0.0,udp,0.0,,cs0,,249.0,,7.0,,Start,1,1,0,74,74,0,74.0,0.0,0.0,0.0,0.0,0,0,0,0.0,,,0.0,0.0,0.0,INT,,,610.0,,0.0,0.0,0.0,0
530590,0.0,0.0,0.0,0.0,0.0,0.0,udp,0.0,,cs0,,249.0,,7.0,,Start,1,1,0,74,74,0,74.0,0.0,0.0,0.0,0.0,0,0,0,0.0,,,0.0,0.0,0.0,INT,,,610.0,,0.0,0.0,0.0,0
530741,0.0,0.0,0.0,0.0,0.0,0.0,udp,0.0,,cs0,,249.0,,7.0,,Start,1,1,0,74,74,0,74.0,0.0,0.0,0.0,0.0,0,0,0,0.0,,,0.0,0.0,0.0,INT,,,610.0,,0.0,0.0,0.0,0
530786,0.710969,0.710969,0.710969,0.710969,0.710969,0.710969,sctp,186.0,186.0,ef,ef,252.0,255.0,4.0,1.0,Status,4,2,2,392,200,192,100.0,96.0,2205.440918,1125.224976,1080.215942,0,0,0,0.0,,,4.219594,1.406531,1.406531,CON,,,610.0,,0.0,0.0,0.0,0
530862,0.0,0.0,0.0,0.0,0.0,0.0,udp,0.0,,cs0,,249.0,,7.0,,Start,1,1,0,74,74,0,74.0,0.0,0.0,0.0,0.0,0,0,0,0.0,,,0.0,0.0,0.0,INT,,,610.0,,0.0,0.0,0.0,0
530869,0.0,0.0,0.0,0.0,0.0,0.0,udp,0.0,,cs0,,249.0,,7.0,,Start,1,1,0,74,74,0,74.0,0.0,0.0,0.0,0.0,0,0,0,0.0,,,0.0,0.0,0.0,INT,,,610.0,,0.0,0.0,0.0,0
530938,0.0,0.0,0.0,0.0,0.0,0.0,udp,0.0,,cs0,,249.0,,7.0,,Start,1,1,0,74,74,0,74.0,0.0,0.0,0.0,0.0,0,0,0,0.0,,,0.0,0.0,0.0,INT,,,610.0,,0.0,0.0,0.0,0
530957,0.0,0.0,0.0,0.0,0.0,0.0,udp,0.0,,cs0,,249.0,,7.0,,Start,1,1,0,74,74,0,74.0,0.0,0.0,0.0,0.0,0,0,0,0.0,,,0.0,0.0,0.0,INT,,,610.0,,0.0,0.0,0.0,0
531129,0.0,0.0,0.0,0.0,0.0,0.0,udp,0.0,,cs0,,249.0,,7.0,,Start,1,1,0,74,74,0,74.0,0.0,0.0,0.0,0.0,0,0,0,0.0,,,0.0,0.0,0.0,INT,,,610.0,,0.0,0.0,0.0,0
531130,0.0,0.0,0.0,0.0,0.0,0.0,udp,0.0,,cs0,,249.0,,7.0,,Start,1,1,0,74,74,0,74.0,0.0,0.0,0.0,0.0,0,0,0,0.0,,,0.0,0.0,0.0,INT,,,610.0,,0.0,0.0,0.0,0
531142,0.0,0.0,0.0,0.0,0.0,0.0,udp,0.0,,cs0,,249.0,,7.0,,Start,1,1,0,74,74,0,74.0,0.0,0.0,0.0,0.0,0,0,0,0.0,,,0.0,0.0,0.0,INT,,,610.0,,0.0,0.0,0.0,0
531261,0.0,0.0,0.0,0.0,0.0,0.0,udp,0.0,,cs0,,249.0,,7.0,,Start,1,1,0,74,74,0,74.0,0.0,0.0,0.0,0.0,0,0,0,0.0,,,0.0,0.0,0.0,INT,,,610.0,,0.0,0.0,0.0,0
531290,0.0,0.0,0.0,0.0,0.0,0.0,udp,0.0,,cs0,,249.0,,7.0,,Start,1,1,0,74,74,0,74.0,0.0,0.0,0.0,0.0,0,0,0,0.0,,,0.0,0.0,0.0,INT,,,610.0,,0.0,0.0,0.0,0
531304,0.0,0.0,0.0,0.0,0.0,0.0,udp,0.0,,cs0,,249.0,,7.0,,Start,1,1,0,74,74,0,74.0,0.0,0.0,0.0,0.0,0,0,0,0.0,,,0.0,0.0,0.0,INT,,,610.0,,0.0,0.0,0.0,0
531396,0.0,0.0,0.0,0.0,0.0,0.0,icmp,0.0,,cs0,,58.0,,6.0,,Start,1,1,0,98,98,0,98.0,0.0,0.0,0.0,0.0,0,0,0,0.0,,,0.0,0.0,0.0,ECO,,,,,0.0,0.0,0.0,0
531422,0.0,0.0,0.0,0.0,0.0,0.0,udp,0.0,,cs0,,249.0,,7.0,,Start,1,1,0,74,74,0,74.0,0.0,0.0,0.0,0.0,0,0,0,0.0,,,0.0,0.0,0.0,INT,,,610.0,,0.0,0.0,0.0,0
531476,0.0,0.0,0.0,0.0,0.0,0.0,udp,0.0,,cs0,,249.0,,7.0,,Start,1,1,0,74,74,0,74.0,0.0,0.0,0.0,0.0,0,0,0,0.0,,,0.0,0.0,0.0,INT,,,610.0,,0.0,0.0,0.0,0
531531,0.0,0.0,0.0,0.0,0.0,0.0,udp,0.0,,cs0,,249.0,,7.0,,Start,1,1,0,74,74,0,74.0,0.0,0.0,0.0,0.0,0,0,0,0.0,,,0.0,0.0,0.0,INT,,,610.0,,0.0,0.0,0.0,0
531567,0.0,0.0,0.0,0.0,0.0,0.0,udp,0.0,,cs0,,249.0,,7.0,,Start,1,1,0,74,74,0,74.0,0.0,0.0,0.0,0.0,0,0,0,0.0,,,0.0,0.0,0.0,INT,,,610.0,,0.0,0.0,0.0,0
531572,0.0,0.0,0.0,0.0,0.0,0.0,udp,0.0,,cs0,,249.0,,7.0,,Start,1,1,0,74,74,0,74.0,0.0,0.0,0.0,0.0,0,0,0,0.0,,,0.0,0.0,0.0,INT,,,610.0,,0.0,0.0,0.0,0
531577,0.0,0.0,0.0,0.0,0.0,0.0,udp,0.0,,cs0,,249.0,,7.0,,Start,1,1,0,74,74,0,74.0,0.0,0.0,0.0,0.0,0,0,0,0.0,,,0.0,0.0,0.0,INT,,,610.0,,0.0,0.0,0.0,0
531579,0.0,0.0,0.0,0.0,0.0,0.0,udp,0.0,,cs0,,249.0,,7.0,,Start,1,1,0,74,74,0,74.0,0.0,0.0,0.0,0.0,0,0,0,0.0,,,0.0,0.0,0.0,INT,,,610.0,,0.0,0.0,0.0,0
531606,0.0,0.0,0.0,0.0,0.0,0.0,udp,0.0,,cs0,,249.0,,7.0,,Start,1,1,0,74,74,0,74.0,0.0,0.0,0.0,0.0,0,0,0,0.0,,,0.0,0.0,0.0,INT,,,610.0,,0.0,0.0,0.0,0
531614,0.0,0.0,0.0,0.0,0.0,0.0,udp,0.0,,cs0,,249.0,,7.0,,Start,1,1,0,74,74,0,74.0,0.0,0.0,0.0,0.0,0,0,0,0.0,,,0.0,0.0,0.0,INT,,,610.0,,0.0,0.0,0.0,0
531627,0.0,0.0,0.0,0.0,0.0,0.0,udp,0.0,,cs0,,249.0,,7.0,,Start,1,1,0,74,74,0,74.0,0.0,0.0,0.0,0.0,0,0,0,0.0,,,0.0,0.0,0.0,INT,,,610.0,,0.0,0.0,0.0,0
531850,0.0,0.0,0.0,0.0,0.0,0.0,udp,0.0,,cs0,,249.0,,7.0,,Start,1,1,0,74,74,0,74.0,0.0,0.0,0.0,0.0,0,0,0,0.0,,,0.0,0.0,0.0,INT,,,610.0,,0.0,0.0,0.0,0
531921,0.0,0.0,0.0,0.0,0.0,0.0,udp,0.0,,cs0,,249.0,,7.0,,Start,1,1,0,74,74,0,74.0,0.0,0.0,0.0,0.0,0,0,0,0.0,,,0.0,0.0,0.0,INT,,,610.0,,0.0,0.0,0.0,0
531923,0.0,0.0,0.0,0.0,0.0,0.0,udp,0.0,,cs0,,249.0,,7.0,,Start,1,1,0,74,74,0,74.0,0.0,0.0,0.0,0.0,0,0,0,0.0,,,0.0,0.0,0.0,INT,,,610.0,,0.0,0.0,0.0,0
531933,0.0,0.0,0.0,0.0,0.0,0.0,udp,0.0,,cs0,,249.0,,7.0,,Start,1,1,0,74,74,0,74.0,0.0,0.0,0.0,0.0,0,0,0,0.0,,,0.0,0.0,0.0,INT,,,610.0,,0.0,0.0,0.0,0
531972,0.0,0.0,0.0,0.0,0.0,0.0,udp,0.0,,cs0,,249.0,,7.0,,Start,1,1,0,74,74,0,74.0,0.0,0.0,0.0,0.0,0,0,0,0.0,,,0.0,0.0,0.0,INT,,,610.0,,0.0,0.0,0.0,0
531978,0.0,0.0,0.0,0.0,0.0,0.0,udp,0.0,,cs0,,249.0,,7.0,,Start,1,1,0,74,74,0,74.0,0.0,0.0,0.0,0.0,0,0,0,0.0,,,0.0,0.0,0.0,INT,,,610.0,,0.0,0.0,0.0,0
532135,0.0,0.0,0.0,0.0,0.0,0.0,udp,0.0,,cs0,,249.0,,7.0,,Start,1,1,0,74,74,0,74.0,0.0,0.0,0.0,0.0,0,0,0,0.0,,,0.0,0.0,0.0,INT,,,610.0,,0.0,0.0,0.0,0
532176,0.0,0.0,0.0,0.0,0.0,0.0,udp,0.0,,cs0,,249.0,,7.0,,Start,1,1,0,74,74,0,74.0,0.0,0.0,0.0,0.0,0,0,0,0.0,,,0.0,0.0,0.0,INT,,,610.0,,0.0,0.0,0.0,0
532197,0.0,0.0,0.0,0.0,0.0,0.0,udp,0.0,,cs0,,249.0,,7.0,,Start,1,1,0,74,74,0,74.0,0.0,0.0,0.0,0.0,0,0,0,0.0,,,0.0,0.0,0.0,INT,,,610.0,,0.0,0.0,0.0,0
532231,0.0,0.0,0.0,0.0,0.0,0.0,udp,0.0,,cs0,,249.0,,7.0,,Start,1,1,0,74,74,0,74.0,0.0,0.0,0.0,0.0,0,0,0,0.0,,,0.0,0.0,0.0,INT,,,610.0,,0.0,0.0,0.0,0
532259,0.0,0.0,0.0,0.0,0.0,0.0,udp,0.0,,cs0,,249.0,,7.0,,Start,1,1,0,74,74,0,74.0,0.0,0.0,0.0,0.0,0,0,0,0.0,,,0.0,0.0,0.0,INT,,,610.0,,0.0,0.0,0.0,0
532355,0.0,0.0,0.0,0.0,0.0,0.0,udp,0.0,,cs0,,249.0,,7.0,,Start,1,1,0,74,74,0,74.0,0.0,0.0,0.0,0.0,0,0,0,0.0,,,0.0,0.0,0.0,INT,,,610.0,,0.0,0.0,0.0,0
532395,0.0,0.0,0.0,0.0,0.0,0.0,udp,0.0,,cs0,,249.0,,7.0,,Start,1,1,0,74,74,0,74.0,0.0,0.0,0.0,0.0,0,0,0,0.0,,,0.0,0.0,0.0,INT,,,610.0,,0.0,0.0,0.0,0
532398,0.0,0.0,0.0,0.0,0.0,0.0,udp,0.0,,cs0,,249.0,,7.0,,Start,1,1,0,74,74,0,74.0,0.0,0.0,0.0,0.0,0,0,0,0.0,,,0.0,0.0,0.0,INT,,,610.0,,0.0,0.0,0.0,0
532425,0.0,0.0,0.0,0.0,0.0,0.0,udp,0.0,,cs0,,249.0,,7.0,,Start,1,1,0,74,74,0,74.0,0.0,0.0,0.0,0.0,0,0,0,0.0,,,0.0,0.0,0.0,INT,,,610.0,,0.0,0.0,0.0,0
532441,0.0,0.0,0.0,0.0,0.0,0.0,udp,0.0,,cs0,,249.0,,7.0,,Start,1,1,0,74,74,0,74.0,0.0,0.0,0.0,0.0,0,0,0,0.0,,,0.0,0.0,0.0,INT,,,610.0,,0.0,0.0,0.0,0
532462,0.0,0.0,0.0,0.0,0.0,0.0,udp,0.0,,cs0,,249.0,,7.0,,Start,1,1,0,74,74,0,74.0,0.0,0.0,0.0,0.0,0,0,0,0.0,,,0.0,0.0,0.0,INT,,,610.0,,0.0,0.0,0.0,0
532691,0.0,0.0,0.0,0.0,0.0,0.0,icmp,0.0,,cs0,,58.0,,6.0,,Start,1,1,0,98,98,0,98.0,0.0,0.0,0.0,0.0,0,0,0,0.0,,,0.0,0.0,0.0,ECO,,,,,0.0,0.0,0.0,0
532873,0.0,0.0,0.0,0.0,0.0,0.0,udp,0.0,,cs0,,249.0,,7.0,,Start,1,1,0,74,74,0,74.0,0.0,0.0,0.0,0.0,0,0,0,0.0,,,0.0,0.0,0.0,INT,,,610.0,,0.0,0.0,0.0,0
533002,0.0,0.0,0.0,0.0,0.0,0.0,udp,0.0,,cs0,,249.0,,7.0,,Start,1,1,0,74,74,0,74.0,0.0,0.0,0.0,0.0,0,0,0,0.0,,,0.0,0.0,0.0,INT,,,610.0,,0.0,0.0,0.0,0
533024,0.0,0.0,0.0,0.0,0.0,0.0,udp,0.0,,cs0,,249.0,,7.0,,Start,1,1,0,74,74,0,74.0,0.0,0.0,0.0,0.0,0,0,0,0.0,,,0.0,0.0,0.0,INT,,,610.0,,0.0,0.0,0.0,0
533040,0.0,0.0,0.0,0.0,0.0,0.0,udp,0.0,,cs0,,249.0,,7.0,,Start,1,1,0,74,74,0,74.0,0.0,0.0,0.0,0.0,0,0,0,0.0,,,0.0,0.0,0.0,INT,,,610.0,,0.0,0.0,0.0,0
533201,0.0,0.0,0.0,0.0,0.0,0.0,udp,0.0,,cs0,,249.0,,7.0,,Start,1,1,0,74,74,0,74.0,0.0,0.0,0.0,0.0,0,0,0,0.0,,,0.0,0.0,0.0,INT,,,610.0,,0.0,0.0,0.0,0
533238,0.0,0.0,0.0,0.0,0.0,0.0,udp,0.0,,cs0,,249.0,,7.0,,Start,1,1,0,74,74,0,74.0,0.0,0.0,0.0,0.0,0,0,0,0.0,,,0.0,0.0,0.0,INT,,,610.0,,0.0,0.0,0.0,0
533253,0.0,0.0,0.0,0.0,0.0,0.0,udp,0.0,,cs0,,249.0,,7.0,,Start,1,1,0,74,74,0,74.0,0.0,0.0,0.0,0.0,0,0,0,0.0,,,0.0,0.0,0.0,INT,,,610.0,,0.0,0.0,0.0,0
533415,0.0,0.0,0.0,0.0,0.0,0.0,udp,0.0,,cs0,,249.0,,7.0,,Start,1,1,0,74,74,0,74.0,0.0,0.0,0.0,0.0,0,0,0,0.0,,,0.0,0.0,0.0,INT,,,610.0,,0.0,0.0,0.0,0
533495,0.0,0.0,0.0,0.0,0.0,0.0,udp,0.0,,cs0,,249.0,,7.0,,Start,1,1,0,74,74,0,74.0,0.0,0.0,0.0,0.0,0,0,0,0.0,,,0.0,0.0,0.0,INT,,,610.0,,0.0,0.0,0.0,0
533523,0.0,0.0,0.0,0.0,0.0,0.0,udp,0.0,,cs0,,249.0,,7.0,,Start,1,1,0,74,74,0,74.0,0.0,0.0,0.0,0.0,0,0,0,0.0,,,0.0,0.0,0.0,INT,,,610.0,,0.0,0.0,0.0,0
533537,0.0,0.0,0.0,0.0,0.0,0.0,udp,0.0,,cs0,,249.0,,7.0,,Start,1,1,0,74,74,0,74.0,0.0,0.0,0.0,0.0,0,0,0,0.0,,,0.0,0.0,0.0,INT,,,610.0,,0.0,0.0,0.0,0
533575,0.0,0.0,0.0,0.0,0.0,0.0,udp,0.0,,cs0,,249.0,,7.0,,Start,1,1,0,74,74,0,74.0,0.0,0.0,0.0,0.0,0,0,0,0.0,,,0.0,0.0,0.0,INT,,,610.0,,0.0,0.0,0.0,0
533595,0.0,0.0,0.0,0.0,0.0,0.0,udp,0.0,,cs0,,249.0,,7.0,,Start,1,1,0,74,74,0,74.0,0.0,0.0,0.0,0.0,0,0,0,0.0,,,0.0,0.0,0.0,INT,,,610.0,,0.0,0.0,0.0,0
533636,0.046009,0.046009,0.046009,0.046009,0.046009,0.046009,udp,0.0,48.0,cs0,af12,64.0,62.0,0.0,2.0,Start,2,1,1,239,89,150,89.0,150.0,0.0,0.0,0.0,0,0,0,0.0,,,21.734879,0.0,0.0,CON,,,,,0.0,0.0,0.0,0
533737,0.0,0.0,0.0,0.0,0.0,0.0,udp,0.0,,cs0,,249.0,,7.0,,Start,1,1,0,74,74,0,74.0,0.0,0.0,0.0,0.0,0,0,0,0.0,,,0.0,0.0,0.0,INT,,,610.0,,0.0,0.0,0.0,0
533766,0.0,0.0,0.0,0.0,0.0,0.0,udp,0.0,,cs0,,249.0,,7.0,,Start,1,1,0,74,74,0,74.0,0.0,0.0,0.0,0.0,0,0,0,0.0,,,0.0,0.0,0.0,INT,,,610.0,,0.0,0.0,0.0,0
533767,0.0,0.0,0.0,0.0,0.0,0.0,udp,0.0,,cs0,,249.0,,7.0,,Start,1,1,0,74,74,0,74.0,0.0,0.0,0.0,0.0,0,0,0,0.0,,,0.0,0.0,0.0,INT,,,610.0,,0.0,0.0,0.0,0
533770,0.0,0.0,0.0,0.0,0.0,0.0,udp,0.0,,cs0,,249.0,,7.0,,Start,1,1,0,74,74,0,74.0,0.0,0.0,0.0,0.0,0,0,0,0.0,,,0.0,0.0,0.0,INT,,,610.0,,0.0,0.0,0.0,0
533810,0.0,0.0,0.0,0.0,0.0,0.0,udp,0.0,,cs0,,249.0,,7.0,,Start,1,1,0,74,74,0,74.0,0.0,0.0,0.0,0.0,0,0,0,0.0,,,0.0,0.0,0.0,INT,,,610.0,,0.0,0.0,0.0,0
533856,0.0,0.0,0.0,0.0,0.0,0.0,udp,0.0,,cs0,,249.0,,7.0,,Start,1,1,0,74,74,0,74.0,0.0,0.0,0.0,0.0,0,0,0,0.0,,,0.0,0.0,0.0,INT,,,610.0,,0.0,0.0,0.0,0
533897,0.0,0.0,0.0,0.0,0.0,0.0,udp,0.0,,cs0,,249.0,,7.0,,Start,1,1,0,74,74,0,74.0,0.0,0.0,0.0,0.0,0,0,0,0.0,,,0.0,0.0,0.0,INT,,,610.0,,0.0,0.0,0.0,0
533909,0.0,0.0,0.0,0.0,0.0,0.0,udp,0.0,,cs0,,249.0,,7.0,,Start,1,1,0,74,74,0,74.0,0.0,0.0,0.0,0.0,0,0,0,0.0,,,0.0,0.0,0.0,INT,,,610.0,,0.0,0.0,0.0,0
533924,0.0,0.0,0.0,0.0,0.0,0.0,udp,0.0,,cs0,,249.0,,7.0,,Start,1,1,0,74,74,0,74.0,0.0,0.0,0.0,0.0,0,0,0,0.0,,,0.0,0.0,0.0,INT,,,610.0,,0.0,0.0,0.0,0
533949,0.0,0.0,0.0,0.0,0.0,0.0,udp,0.0,,cs0,,249.0,,7.0,,Start,1,1,0,74,74,0,74.0,0.0,0.0,0.0,0.0,0,0,0,0.0,,,0.0,0.0,0.0,INT,,,610.0,,0.0,0.0,0.0,0
533971,0.0,0.0,0.0,0.0,0.0,0.0,udp,0.0,,cs0,,249.0,,7.0,,Start,1,1,0,74,74,0,74.0,0.0,0.0,0.0,0.0,0,0,0,0.0,,,0.0,0.0,0.0,INT,,,610.0,,0.0,0.0,0.0,0
533988,4.996788,4.996788,4.996788,4.996788,4.996788,4.996788,tcp,0.0,0.0,cs0,cs0,64.0,117.0,0.0,11.0,Status,108,46,62,92491,6814,85677,148.130432,1381.887085,145632.75,10672.45606,134960.2969,0,0,0,0.0,0.0,0.0,21.413755,9.005785,12.207842,CON,2096128.0,162304.0,,,0.042054,0.020722,0.021332,0
534036,0.052972,0.052972,0.052972,0.052972,0.052972,0.052972,tcp,0.0,0.0,cs0,cs0,64.0,116.0,0.0,12.0,Start,4,2,2,1891,495,1396,247.5,698.0,142867.9375,37453.75,105414.1797,0,0,0,0.0,0.0,0.0,56.633694,18.877897,18.877897,CON,220.0,294.0,,,0.0,0.0,0.0,0
534064,0.0,0.0,0.0,0.0,0.0,0.0,udp,0.0,,cs0,,249.0,,7.0,,Start,1,1,0,74,74,0,74.0,0.0,0.0,0.0,0.0,0,0,0,0.0,,,0.0,0.0,0.0,INT,,,610.0,,0.0,0.0,0.0,0
534083,0.0,0.0,0.0,0.0,0.0,0.0,udp,0.0,,cs0,,249.0,,7.0,,Start,1,1,0,74,74,0,74.0,0.0,0.0,0.0,0.0,0,0,0,0.0,,,0.0,0.0,0.0,INT,,,610.0,,0.0,0.0,0.0,0
534094,0.0,0.0,0.0,0.0,0.0,0.0,udp,0.0,,cs0,,249.0,,7.0,,Start,1,1,0,74,74,0,74.0,0.0,0.0,0.0,0.0,0,0,0,0.0,,,0.0,0.0,0.0,INT,,,610.0,,0.0,0.0,0.0,0
534140,0.0,0.0,0.0,0.0,0.0,0.0,udp,0.0,,cs0,,249.0,,7.0,,Start,1,1,0,74,74,0,74.0,0.0,0.0,0.0,0.0,0,0,0,0.0,,,0.0,0.0,0.0,INT,,,610.0,,0.0,0.0,0.0,0
534152,0.0,0.0,0.0,0.0,0.0,0.0,udp,0.0,,cs0,,249.0,,7.0,,Start,1,1,0,74,74,0,74.0,0.0,0.0,0.0,0.0,0,0,0,0.0,,,0.0,0.0,0.0,INT,,,610.0,,0.0,0.0,0.0,0
534406,0.0,0.0,0.0,0.0,0.0,0.0,udp,0.0,,cs0,,249.0,,7.0,,Start,1,1,0,74,74,0,74.0,0.0,0.0,0.0,0.0,0,0,0,0.0,,,0.0,0.0,0.0,INT,,,610.0,,0.0,0.0,0.0,0
534416,4.995956,4.995956,4.995956,4.995956,4.995956,4.995956,tcp,0.0,0.0,cs0,cs0,64.0,117.0,0.0,11.0,Status,94,32,62,90100,3995,86105,124.84375,1388.790283,141855.5313,6198.613281,135656.9219,0,0,0,0.0,0.0,0.0,18.615057,6.205019,12.209875,CON,2096128.0,165120.0,,,0.042054,0.020722,0.021332,0
534624,0.0,0.0,0.0,0.0,0.0,0.0,udp,0.0,,cs0,,249.0,,7.0,,Start,1,1,0,74,74,0,74.0,0.0,0.0,0.0,0.0,0,0,0,0.0,,,0.0,0.0,0.0,INT,,,610.0,,0.0,0.0,0.0,0
534730,0.0,0.0,0.0,0.0,0.0,0.0,udp,0.0,,cs0,,249.0,,7.0,,Start,1,1,0,74,74,0,74.0,0.0,0.0,0.0,0.0,0,0,0,0.0,,,0.0,0.0,0.0,INT,,,610.0,,0.0,0.0,0.0,0
534792,0.0,0.0,0.0,0.0,0.0,0.0,udp,0.0,,cs0,,249.0,,7.0,,Start,1,1,0,74,74,0,74.0,0.0,0.0,0.0,0.0,0,0,0,0.0,,,0.0,0.0,0.0,INT,,,610.0,,0.0,0.0,0.0,0
534795,0.0,0.0,0.0,0.0,0.0,0.0,udp,0.0,,cs0,,249.0,,7.0,,Start,1,1,0,74,74,0,74.0,0.0,0.0,0.0,0.0,0,0,0,0.0,,,0.0,0.0,0.0,INT,,,610.0,,0.0,0.0,0.0,0
534823,0.0,0.0,0.0,0.0,0.0,0.0,udp,0.0,,cs0,,249.0,,7.0,,Start,1,1,0,74,74,0,74.0,0.0,0.0,0.0,0.0,0,0,0,0.0,,,0.0,0.0,0.0,INT,,,610.0,,0.0,0.0,0.0,0
534833,0.0,0.0,0.0,0.0,0.0,0.0,udp,0.0,,cs0,,249.0,,7.0,,Start,1,1,0,74,74,0,74.0,0.0,0.0,0.0,0.0,0,0,0,0.0,,,0.0,0.0,0.0,INT,,,610.0,,0.0,0.0,0.0,0
534854,0.0,0.0,0.0,0.0,0.0,0.0,udp,0.0,,cs0,,249.0,,7.0,,Start,1,1,0,74,74,0,74.0,0.0,0.0,0.0,0.0,0,0,0,0.0,,,0.0,0.0,0.0,INT,,,610.0,,0.0,0.0,0.0,0
535019,0.0,0.0,0.0,0.0,0.0,0.0,udp,0.0,,cs0,,249.0,,7.0,,Start,1,1,0,74,74,0,74.0,0.0,0.0,0.0,0.0,0,0,0,0.0,,,0.0,0.0,0.0,INT,,,610.0,,0.0,0.0,0.0,0
535224,0.0,0.0,0.0,0.0,0.0,0.0,udp,0.0,,cs0,,249.0,,7.0,,Start,1,1,0,74,74,0,74.0,0.0,0.0,0.0,0.0,0,0,0,0.0,,,0.0,0.0,0.0,INT,,,610.0,,0.0,0.0,0.0,0
535265,0.0,0.0,0.0,0.0,0.0,0.0,udp,0.0,,cs0,,249.0,,7.0,,Start,1,1,0,74,74,0,74.0,0.0,0.0,0.0,0.0,0,0,0,0.0,,,0.0,0.0,0.0,INT,,,610.0,,0.0,0.0,0.0,0
535278,0.0,0.0,0.0,0.0,0.0,0.0,udp,0.0,,cs0,,249.0,,7.0,,Start,1,1,0,74,74,0,74.0,0.0,0.0,0.0,0.0,0,0,0,0.0,,,0.0,0.0,0.0,INT,,,610.0,,0.0,0.0,0.0,0
535321,0.0,0.0,0.0,0.0,0.0,0.0,udp,0.0,,cs0,,249.0,,7.0,,Start,1,1,0,74,74,0,74.0,0.0,0.0,0.0,0.0,0,0,0,0.0,,,0.0,0.0,0.0,INT,,,610.0,,0.0,0.0,0.0,0
535347,0.0,0.0,0.0,0.0,0.0,0.0,udp,0.0,,cs0,,249.0,,7.0,,Start,1,1,0,74,74,0,74.0,0.0,0.0,0.0,0.0,0,0,0,0.0,,,0.0,0.0,0.0,INT,,,610.0,,0.0,0.0,0.0,0
535351,0.0,0.0,0.0,0.0,0.0,0.0,udp,0.0,,cs0,,249.0,,7.0,,Start,1,1,0,74,74,0,74.0,0.0,0.0,0.0,0.0,0,0,0,0.0,,,0.0,0.0,0.0,INT,,,610.0,,0.0,0.0,0.0,0
535479,0.0,0.0,0.0,0.0,0.0,0.0,udp,0.0,,cs0,,249.0,,7.0,,Start,1,1,0,74,74,0,74.0,0.0,0.0,0.0,0.0,0,0,0,0.0,,,0.0,0.0,0.0,INT,,,610.0,,0.0,0.0,0.0,0
535481,0.0,0.0,0.0,0.0,0.0,0.0,udp,0.0,,cs0,,249.0,,7.0,,Start,1,1,0,74,74,0,74.0,0.0,0.0,0.0,0.0,0,0,0,0.0,,,0.0,0.0,0.0,INT,,,610.0,,0.0,0.0,0.0,0
535662,0.0,0.0,0.0,0.0,0.0,0.0,udp,0.0,,cs0,,249.0,,7.0,,Start,1,1,0,74,74,0,74.0,0.0,0.0,0.0,0.0,0,0,0,0.0,,,0.0,0.0,0.0,INT,,,610.0,,0.0,0.0,0.0,0
535714,0.0,0.0,0.0,0.0,0.0,0.0,udp,0.0,,cs0,,249.0,,7.0,,Start,1,1,0,74,74,0,74.0,0.0,0.0,0.0,0.0,0,0,0,0.0,,,0.0,0.0,0.0,INT,,,610.0,,0.0,0.0,0.0,0
535730,0.0,0.0,0.0,0.0,0.0,0.0,udp,0.0,,cs0,,249.0,,7.0,,Start,1,1,0,74,74,0,74.0,0.0,0.0,0.0,0.0,0,0,0,0.0,,,0.0,0.0,0.0,INT,,,610.0,,0.0,0.0,0.0,0
535930,0.0,0.0,0.0,0.0,0.0,0.0,udp,0.0,,cs0,,249.0,,7.0,,Start,1,1,0,74,74,0,74.0,0.0,0.0,0.0,0.0,0,0,0,0.0,,,0.0,0.0,0.0,INT,,,610.0,,0.0,0.0,0.0,0
536005,0.0,0.0,0.0,0.0,0.0,0.0,udp,0.0,,cs0,,249.0,,7.0,,Start,1,1,0,74,74,0,74.0,0.0,0.0,0.0,0.0,0,0,0,0.0,,,0.0,0.0,0.0,INT,,,610.0,,0.0,0.0,0.0,0
536078,0.0,0.0,0.0,0.0,0.0,0.0,udp,0.0,,cs0,,249.0,,7.0,,Start,1,1,0,74,74,0,74.0,0.0,0.0,0.0,0.0,0,0,0,0.0,,,0.0,0.0,0.0,INT,,,610.0,,0.0,0.0,0.0,0
536109,0.0,0.0,0.0,0.0,0.0,0.0,udp,0.0,,cs0,,249.0,,7.0,,Start,1,1,0,74,74,0,74.0,0.0,0.0,0.0,0.0,0,0,0,0.0,,,0.0,0.0,0.0,INT,,,610.0,,0.0,0.0,0.0,0
536222,0.0,0.0,0.0,0.0,0.0,0.0,udp,0.0,,cs0,,249.0,,7.0,,Start,1,1,0,74,74,0,74.0,0.0,0.0,0.0,0.0,0,0,0,0.0,,,0.0,0.0,0.0,INT,,,610.0,,0.0,0.0,0.0,0
536242,0.0,0.0,0.0,0.0,0.0,0.0,udp,0.0,,cs0,,249.0,,7.0,,Start,1,1,0,74,74,0,74.0,0.0,0.0,0.0,0.0,0,0,0,0.0,,,0.0,0.0,0.0,INT,,,610.0,,0.0,0.0,0.0,0
536350,0.0,0.0,0.0,0.0,0.0,0.0,icmp,0.0,,cs0,,58.0,,6.0,,Start,1,1,0,98,98,0,98.0,0.0,0.0,0.0,0.0,0,0,0,0.0,,,0.0,0.0,0.0,ECO,,,,,0.0,0.0,0.0,0
536399,0.0,0.0,0.0,0.0,0.0,0.0,udp,0.0,,cs0,,249.0,,7.0,,Start,1,1,0,74,74,0,74.0,0.0,0.0,0.0,0.0,0,0,0,0.0,,,0.0,0.0,0.0,INT,,,610.0,,0.0,0.0,0.0,0
536451,0.0,0.0,0.0,0.0,0.0,0.0,udp,0.0,,cs0,,249.0,,7.0,,Start,1,1,0,74,74,0,74.0,0.0,0.0,0.0,0.0,0,0,0,0.0,,,0.0,0.0,0.0,INT,,,610.0,,0.0,0.0,0.0,0
536483,0.0,0.0,0.0,0.0,0.0,0.0,udp,0.0,,cs0,,249.0,,7.0,,Start,1,1,0,74,74,0,74.0,0.0,0.0,0.0,0.0,0,0,0,0.0,,,0.0,0.0,0.0,INT,,,610.0,,0.0,0.0,0.0,0
536521,0.0,0.0,0.0,0.0,0.0,0.0,udp,0.0,,cs0,,249.0,,7.0,,Start,1,1,0,74,74,0,74.0,0.0,0.0,0.0,0.0,0,0,0,0.0,,,0.0,0.0,0.0,INT,,,610.0,,0.0,0.0,0.0,0
536584,0.0,0.0,0.0,0.0,0.0,0.0,udp,0.0,,cs0,,249.0,,7.0,,Start,1,1,0,74,74,0,74.0,0.0,0.0,0.0,0.0,0,0,0,0.0,,,0.0,0.0,0.0,INT,,,610.0,,0.0,0.0,0.0,0
536623,0.0,0.0,0.0,0.0,0.0,0.0,udp,0.0,,cs0,,249.0,,7.0,,Start,1,1,0,74,74,0,74.0,0.0,0.0,0.0,0.0,0,0,0,0.0,,,0.0,0.0,0.0,INT,,,610.0,,0.0,0.0,0.0,0
536632,4.999205,4.999205,4.999205,4.999205,4.999205,4.999205,tcp,0.0,0.0,cs0,cs0,64.0,117.0,0.0,11.0,Status,78,20,58,84306,3119,81187,155.949997,1399.775879,132424.25,4743.154297,127681.1016,1,0,1,1.265823,0.0,0.0,15.402449,3.800604,11.401813,CON,1425408.0,268544.0,,,0.051999,0.020555,0.031444,0
536635,0.0,0.0,0.0,0.0,0.0,0.0,udp,0.0,,cs0,,249.0,,7.0,,Start,1,1,0,74,74,0,74.0,0.0,0.0,0.0,0.0,0,0,0,0.0,,,0.0,0.0,0.0,INT,,,610.0,,0.0,0.0,0.0,0
536647,0.0,0.0,0.0,0.0,0.0,0.0,udp,0.0,,cs0,,249.0,,7.0,,Start,1,1,0,74,74,0,74.0,0.0,0.0,0.0,0.0,0,0,0,0.0,,,0.0,0.0,0.0,INT,,,610.0,,0.0,0.0,0.0,0
536648,0.0,0.0,0.0,0.0,0.0,0.0,udp,0.0,,cs0,,249.0,,7.0,,Start,1,1,0,74,74,0,74.0,0.0,0.0,0.0,0.0,0,0,0,0.0,,,0.0,0.0,0.0,INT,,,610.0,,0.0,0.0,0.0,0
536772,0.0,0.0,0.0,0.0,0.0,0.0,icmp,192.0,,cs6,,64.0,,0.0,,Start,1,1,0,178,178,0,178.0,0.0,0.0,0.0,0.0,0,0,0,0.0,,,0.0,0.0,0.0,URP,,,,,0.0,0.0,0.0,0
536802,0.0,0.0,0.0,0.0,0.0,0.0,udp,0.0,,cs0,,249.0,,7.0,,Start,1,1,0,74,74,0,74.0,0.0,0.0,0.0,0.0,0,0,0,0.0,,,0.0,0.0,0.0,INT,,,610.0,,0.0,0.0,0.0,0
536803,0.0,0.0,0.0,0.0,0.0,0.0,udp,0.0,,cs0,,249.0,,7.0,,Start,1,1,0,74,74,0,74.0,0.0,0.0,0.0,0.0,0,0,0,0.0,,,0.0,0.0,0.0,INT,,,610.0,,0.0,0.0,0.0,0
536924,0.0,0.0,0.0,0.0,0.0,0.0,udp,0.0,,cs0,,249.0,,7.0,,Start,1,1,0,74,74,0,74.0,0.0,0.0,0.0,0.0,0,0,0,0.0,,,0.0,0.0,0.0,INT,,,610.0,,0.0,0.0,0.0,0
536946,0.0,0.0,0.0,0.0,0.0,0.0,udp,0.0,,cs0,,249.0,,7.0,,Start,1,1,0,74,74,0,74.0,0.0,0.0,0.0,0.0,0,0,0,0.0,,,0.0,0.0,0.0,INT,,,610.0,,0.0,0.0,0.0,0
536981,0.0,0.0,0.0,0.0,0.0,0.0,udp,0.0,,cs0,,249.0,,7.0,,Start,1,1,0,74,74,0,74.0,0.0,0.0,0.0,0.0,0,0,0,0.0,,,0.0,0.0,0.0,INT,,,610.0,,0.0,0.0,0.0,0
537262,0.0,0.0,0.0,0.0,0.0,0.0,udp,0.0,,cs0,,249.0,,7.0,,Start,1,1,0,74,74,0,74.0,0.0,0.0,0.0,0.0,0,0,0,0.0,,,0.0,0.0,0.0,INT,,,610.0,,0.0,0.0,0.0,0
537271,0.0,0.0,0.0,0.0,0.0,0.0,udp,0.0,,cs0,,249.0,,7.0,,Start,1,1,0,74,74,0,74.0,0.0,0.0,0.0,0.0,0,0,0,0.0,,,0.0,0.0,0.0,INT,,,610.0,,0.0,0.0,0.0,0
537335,0.0,0.0,0.0,0.0,0.0,0.0,icmp,192.0,,cs6,,64.0,,0.0,,Start,1,1,0,349,349,0,349.0,0.0,0.0,0.0,0.0,0,0,0,0.0,,,0.0,0.0,0.0,URP,,,,,0.0,0.0,0.0,0
537447,0.0,0.0,0.0,0.0,0.0,0.0,udp,0.0,,cs0,,249.0,,7.0,,Start,1,1,0,74,74,0,74.0,0.0,0.0,0.0,0.0,0,0,0,0.0,,,0.0,0.0,0.0,INT,,,610.0,,0.0,0.0,0.0,0
537509,0.0,0.0,0.0,0.0,0.0,0.0,udp,0.0,,cs0,,249.0,,7.0,,Start,1,1,0,74,74,0,74.0,0.0,0.0,0.0,0.0,0,0,0,0.0,,,0.0,0.0,0.0,INT,,,610.0,,0.0,0.0,0.0,0
537569,0.0,0.0,0.0,0.0,0.0,0.0,udp,0.0,,cs0,,249.0,,7.0,,Start,1,1,0,74,74,0,74.0,0.0,0.0,0.0,0.0,0,0,0,0.0,,,0.0,0.0,0.0,INT,,,610.0,,0.0,0.0,0.0,0
537637,0.0,0.0,0.0,0.0,0.0,0.0,udp,0.0,,cs0,,249.0,,7.0,,Start,1,1,0,74,74,0,74.0,0.0,0.0,0.0,0.0,0,0,0,0.0,,,0.0,0.0,0.0,INT,,,610.0,,0.0,0.0,0.0,0
537781,0.0,0.0,0.0,0.0,0.0,0.0,udp,0.0,,cs0,,249.0,,7.0,,Start,1,1,0,74,74,0,74.0,0.0,0.0,0.0,0.0,0,0,0,0.0,,,0.0,0.0,0.0,INT,,,610.0,,0.0,0.0,0.0,0
537939,0.0,0.0,0.0,0.0,0.0,0.0,udp,0.0,,cs0,,249.0,,7.0,,Start,1,1,0,74,74,0,74.0,0.0,0.0,0.0,0.0,0,0,0,0.0,,,0.0,0.0,0.0,INT,,,610.0,,0.0,0.0,0.0,0
538130,0.0,0.0,0.0,0.0,0.0,0.0,udp,0.0,,cs0,,249.0,,7.0,,Start,1,1,0,74,74,0,74.0,0.0,0.0,0.0,0.0,0,0,0,0.0,,,0.0,0.0,0.0,INT,,,610.0,,0.0,0.0,0.0,0
538166,0.0,0.0,0.0,0.0,0.0,0.0,udp,0.0,,cs0,,249.0,,7.0,,Start,1,1,0,74,74,0,74.0,0.0,0.0,0.0,0.0,0,0,0,0.0,,,0.0,0.0,0.0,INT,,,610.0,,0.0,0.0,0.0,0
538212,0.116879,0.116879,0.116879,0.116879,0.116879,0.116879,tcp,0.0,0.0,cs0,cs0,64.0,117.0,0.0,11.0,Status,11,6,5,3084,849,2235,141.5,447.0,170843.3438,48460.37109,122382.9766,0,0,0,0.0,0.0,0.0,85.558571,42.779285,34.223427,RST,1065984.0,268544.0,,,0.044884,0.021624,0.02326,0
538240,0.0,0.0,0.0,0.0,0.0,0.0,udp,0.0,,cs0,,249.0,,7.0,,Start,1,1,0,74,74,0,74.0,0.0,0.0,0.0,0.0,0,0,0,0.0,,,0.0,0.0,0.0,INT,,,610.0,,0.0,0.0,0.0,0
538310,0.0,0.0,0.0,0.0,0.0,0.0,icmp,0.0,,cs0,,58.0,,6.0,,Start,1,1,0,98,98,0,98.0,0.0,0.0,0.0,0.0,0,0,0,0.0,,,0.0,0.0,0.0,ECO,,,,,0.0,0.0,0.0,0
538337,0.0,0.0,0.0,0.0,0.0,0.0,udp,0.0,,cs0,,249.0,,7.0,,Start,1,1,0,74,74,0,74.0,0.0,0.0,0.0,0.0,0,0,0,0.0,,,0.0,0.0,0.0,INT,,,610.0,,0.0,0.0,0.0,0
538346,0.0,0.0,0.0,0.0,0.0,0.0,udp,0.0,,cs0,,249.0,,7.0,,Start,1,1,0,74,74,0,74.0,0.0,0.0,0.0,0.0,0,0,0,0.0,,,0.0,0.0,0.0,INT,,,610.0,,0.0,0.0,0.0,0
538388,0.0,0.0,0.0,0.0,0.0,0.0,udp,0.0,,cs0,,249.0,,7.0,,Start,1,1,0,74,74,0,74.0,0.0,0.0,0.0,0.0,0,0,0,0.0,,,0.0,0.0,0.0,INT,,,610.0,,0.0,0.0,0.0,0
538394,0.0,0.0,0.0,0.0,0.0,0.0,udp,0.0,,cs0,,249.0,,7.0,,Start,1,1,0,74,74,0,74.0,0.0,0.0,0.0,0.0,0,0,0,0.0,,,0.0,0.0,0.0,INT,,,610.0,,0.0,0.0,0.0,0
538409,0.0,0.0,0.0,0.0,0.0,0.0,udp,0.0,,cs0,,249.0,,7.0,,Start,1,1,0,74,74,0,74.0,0.0,0.0,0.0,0.0,0,0,0,0.0,,,0.0,0.0,0.0,INT,,,610.0,,0.0,0.0,0.0,0
538439,0.0,0.0,0.0,0.0,0.0,0.0,udp,0.0,,cs0,,249.0,,7.0,,Start,1,1,0,74,74,0,74.0,0.0,0.0,0.0,0.0,0,0,0,0.0,,,0.0,0.0,0.0,INT,,,610.0,,0.0,0.0,0.0,0
538463,0.0,0.0,0.0,0.0,0.0,0.0,udp,0.0,,cs0,,249.0,,7.0,,Start,1,1,0,74,74,0,74.0,0.0,0.0,0.0,0.0,0,0,0,0.0,,,0.0,0.0,0.0,INT,,,610.0,,0.0,0.0,0.0,0
538498,0.0,0.0,0.0,0.0,0.0,0.0,udp,0.0,,cs0,,249.0,,7.0,,Start,1,1,0,74,74,0,74.0,0.0,0.0,0.0,0.0,0,0,0,0.0,,,0.0,0.0,0.0,INT,,,610.0,,0.0,0.0,0.0,0
538532,0.0,0.0,0.0,0.0,0.0,0.0,udp,0.0,,cs0,,249.0,,7.0,,Start,1,1,0,74,74,0,74.0,0.0,0.0,0.0,0.0,0,0,0,0.0,,,0.0,0.0,0.0,INT,,,610.0,,0.0,0.0,0.0,0
538536,0.0,0.0,0.0,0.0,0.0,0.0,udp,0.0,,cs0,,249.0,,7.0,,Start,1,1,0,74,74,0,74.0,0.0,0.0,0.0,0.0,0,0,0,0.0,,,0.0,0.0,0.0,INT,,,610.0,,0.0,0.0,0.0,0
538588,0.0,0.0,0.0,0.0,0.0,0.0,udp,0.0,,cs0,,249.0,,7.0,,Start,1,1,0,74,74,0,74.0,0.0,0.0,0.0,0.0,0,0,0,0.0,,,0.0,0.0,0.0,INT,,,610.0,,0.0,0.0,0.0,0
538867,0.0,0.0,0.0,0.0,0.0,0.0,udp,0.0,,cs0,,249.0,,7.0,,Start,1,1,0,74,74,0,74.0,0.0,0.0,0.0,0.0,0,0,0,0.0,,,0.0,0.0,0.0,INT,,,610.0,,0.0,0.0,0.0,0
538907,0.0,0.0,0.0,0.0,0.0,0.0,udp,0.0,,cs0,,249.0,,7.0,,Start,1,1,0,74,74,0,74.0,0.0,0.0,0.0,0.0,0,0,0,0.0,,,0.0,0.0,0.0,INT,,,610.0,,0.0,0.0,0.0,0
538955,0.0,0.0,0.0,0.0,0.0,0.0,udp,0.0,,cs0,,249.0,,7.0,,Start,1,1,0,74,74,0,74.0,0.0,0.0,0.0,0.0,0,0,0,0.0,,,0.0,0.0,0.0,INT,,,610.0,,0.0,0.0,0.0,0
539028,0.0,0.0,0.0,0.0,0.0,0.0,udp,0.0,,cs0,,249.0,,7.0,,Start,1,1,0,74,74,0,74.0,0.0,0.0,0.0,0.0,0,0,0,0.0,,,0.0,0.0,0.0,INT,,,610.0,,0.0,0.0,0.0,0
539055,2.996624,2.996624,2.996624,2.996624,2.996624,2.996624,tcp,136.0,,af41,,255.0,,1.0,,Start,3,3,0,222,222,0,74.0,0.0,395.111298,395.111298,0.0,2,2,0,40.0,0.0,0.0,0.667418,0.667418,0.0,REQ,3737600.0,,,,0.0,0.0,0.0,0
539096,0.039108,0.039108,0.039108,0.039108,0.039108,0.039108,udp,0.0,0.0,cs0,cs0,64.0,62.0,0.0,2.0,Start,2,1,1,213,76,137,76.0,137.0,0.0,0.0,0.0,0,0,0,0.0,,,25.570215,0.0,0.0,CON,,,,,0.0,0.0,0.0,0
539198,0.0,0.0,0.0,0.0,0.0,0.0,udp,0.0,,cs0,,249.0,,7.0,,Start,1,1,0,74,74,0,74.0,0.0,0.0,0.0,0.0,0,0,0,0.0,,,0.0,0.0,0.0,INT,,,610.0,,0.0,0.0,0.0,0
539251,0.0,0.0,0.0,0.0,0.0,0.0,udp,0.0,,cs0,,249.0,,7.0,,Start,1,1,0,74,74,0,74.0,0.0,0.0,0.0,0.0,0,0,0,0.0,,,0.0,0.0,0.0,INT,,,610.0,,0.0,0.0,0.0,0
539331,0.0,0.0,0.0,0.0,0.0,0.0,udp,0.0,,cs0,,249.0,,7.0,,Start,1,1,0,74,74,0,74.0,0.0,0.0,0.0,0.0,0,0,0,0.0,,,0.0,0.0,0.0,INT,,,610.0,,0.0,0.0,0.0,0
539348,0.0,0.0,0.0,0.0,0.0,0.0,udp,0.0,,cs0,,249.0,,7.0,,Start,1,1,0,74,74,0,74.0,0.0,0.0,0.0,0.0,0,0,0,0.0,,,0.0,0.0,0.0,INT,,,610.0,,0.0,0.0,0.0,0
539351,0.0,0.0,0.0,0.0,0.0,0.0,udp,0.0,,cs0,,249.0,,7.0,,Start,1,1,0,74,74,0,74.0,0.0,0.0,0.0,0.0,0,0,0,0.0,,,0.0,0.0,0.0,INT,,,610.0,,0.0,0.0,0.0,0
539379,0.0,0.0,0.0,0.0,0.0,0.0,udp,0.0,,cs0,,249.0,,7.0,,Start,1,1,0,74,74,0,74.0,0.0,0.0,0.0,0.0,0,0,0,0.0,,,0.0,0.0,0.0,INT,,,610.0,,0.0,0.0,0.0,0
539441,0.0,0.0,0.0,0.0,0.0,0.0,udp,0.0,,cs0,,249.0,,7.0,,Start,1,1,0,74,74,0,74.0,0.0,0.0,0.0,0.0,0,0,0,0.0,,,0.0,0.0,0.0,INT,,,610.0,,0.0,0.0,0.0,0
539455,0.0,0.0,0.0,0.0,0.0,0.0,udp,0.0,,cs0,,249.0,,7.0,,Start,1,1,0,74,74,0,74.0,0.0,0.0,0.0,0.0,0,0,0,0.0,,,0.0,0.0,0.0,INT,,,610.0,,0.0,0.0,0.0,0
539478,0.0,0.0,0.0,0.0,0.0,0.0,udp,0.0,,cs0,,249.0,,7.0,,Start,1,1,0,74,74,0,74.0,0.0,0.0,0.0,0.0,0,0,0,0.0,,,0.0,0.0,0.0,INT,,,610.0,,0.0,0.0,0.0,0
539484,0.0,0.0,0.0,0.0,0.0,0.0,udp,0.0,,cs0,,249.0,,7.0,,Start,1,1,0,74,74,0,74.0,0.0,0.0,0.0,0.0,0,0,0,0.0,,,0.0,0.0,0.0,INT,,,610.0,,0.0,0.0,0.0,0
539614,0.0,0.0,0.0,0.0,0.0,0.0,udp,0.0,,cs0,,249.0,,7.0,,Start,1,1,0,74,74,0,74.0,0.0,0.0,0.0,0.0,0,0,0,0.0,,,0.0,0.0,0.0,INT,,,610.0,,0.0,0.0,0.0,0
539633,0.0,0.0,0.0,0.0,0.0,0.0,udp,0.0,,cs0,,249.0,,7.0,,Start,1,1,0,74,74,0,74.0,0.0,0.0,0.0,0.0,0,0,0,0.0,,,0.0,0.0,0.0,INT,,,610.0,,0.0,0.0,0.0,0
539745,0.0,0.0,0.0,0.0,0.0,0.0,udp,0.0,,cs0,,249.0,,7.0,,Start,1,1,0,74,74,0,74.0,0.0,0.0,0.0,0.0,0,0,0,0.0,,,0.0,0.0,0.0,INT,,,610.0,,0.0,0.0,0.0,0
539781,0.0,0.0,0.0,0.0,0.0,0.0,udp,0.0,,cs0,,249.0,,7.0,,Start,1,1,0,74,74,0,74.0,0.0,0.0,0.0,0.0,0,0,0,0.0,,,0.0,0.0,0.0,INT,,,610.0,,0.0,0.0,0.0,0
539947,0.0,0.0,0.0,0.0,0.0,0.0,udp,0.0,,cs0,,249.0,,7.0,,Start,1,1,0,74,74,0,74.0,0.0,0.0,0.0,0.0,0,0,0,0.0,,,0.0,0.0,0.0,INT,,,610.0,,0.0,0.0,0.0,0
539961,0.0,0.0,0.0,0.0,0.0,0.0,icmp,208.0,,52,,64.0,,0.0,,Start,1,1,0,349,349,0,349.0,0.0,0.0,0.0,0.0,0,0,0,0.0,,,0.0,0.0,0.0,URP,,,,,0.0,0.0,0.0,0
540027,0.0,0.0,0.0,0.0,0.0,0.0,udp,0.0,,cs0,,249.0,,7.0,,Start,1,1,0,74,74,0,74.0,0.0,0.0,0.0,0.0,0,0,0,0.0,,,0.0,0.0,0.0,INT,,,610.0,,0.0,0.0,0.0,0
540038,4.898804,4.898804,4.898804,4.898804,4.898804,4.898804,tcp,0.0,0.0,cs0,cs0,64.0,117.0,0.0,11.0,Status,151,50,101,146332,5170,141162,103.400002,1397.643555,236518.125,8274.672852,228243.4531,0,0,0,0.0,0.0,0.0,30.619717,10.002441,20.413145,CON,2096128.0,246272.0,,,0.042054,0.020722,0.021332,0
540043,0.0,0.0,0.0,0.0,0.0,0.0,udp,0.0,,cs0,,249.0,,7.0,,Start,1,1,0,74,74,0,74.0,0.0,0.0,0.0,0.0,0,0,0,0.0,,,0.0,0.0,0.0,INT,,,610.0,,0.0,0.0,0.0,0
540072,0.0,0.0,0.0,0.0,0.0,0.0,udp,0.0,,cs0,,249.0,,7.0,,Start,1,1,0,74,74,0,74.0,0.0,0.0,0.0,0.0,0,0,0,0.0,,,0.0,0.0,0.0,INT,,,610.0,,0.0,0.0,0.0,0
540103,0.0,0.0,0.0,0.0,0.0,0.0,udp,0.0,,cs0,,249.0,,7.0,,Start,1,1,0,74,74,0,74.0,0.0,0.0,0.0,0.0,0,0,0,0.0,,,0.0,0.0,0.0,INT,,,610.0,,0.0,0.0,0.0,0
540186,0.0,0.0,0.0,0.0,0.0,0.0,udp,0.0,,cs0,,249.0,,7.0,,Start,1,1,0,74,74,0,74.0,0.0,0.0,0.0,0.0,0,0,0,0.0,,,0.0,0.0,0.0,INT,,,610.0,,0.0,0.0,0.0,0
540206,0.0,0.0,0.0,0.0,0.0,0.0,udp,0.0,,cs0,,249.0,,7.0,,Start,1,1,0,74,74,0,74.0,0.0,0.0,0.0,0.0,0,0,0,0.0,,,0.0,0.0,0.0,INT,,,610.0,,0.0,0.0,0.0,0
540266,0.0,0.0,0.0,0.0,0.0,0.0,udp,0.0,,cs0,,249.0,,7.0,,Start,1,1,0,74,74,0,74.0,0.0,0.0,0.0,0.0,0,0,0,0.0,,,0.0,0.0,0.0,INT,,,610.0,,0.0,0.0,0.0,0
540272,0.0,0.0,0.0,0.0,0.0,0.0,udp,0.0,,cs0,,249.0,,7.0,,Start,1,1,0,74,74,0,74.0,0.0,0.0,0.0,0.0,0,0,0,0.0,,,0.0,0.0,0.0,INT,,,610.0,,0.0,0.0,0.0,0
540449,0.0,0.0,0.0,0.0,0.0,0.0,udp,0.0,,cs0,,249.0,,7.0,,Start,1,1,0,74,74,0,74.0,0.0,0.0,0.0,0.0,0,0,0,0.0,,,0.0,0.0,0.0,INT,,,610.0,,0.0,0.0,0.0,0
540509,0.0,0.0,0.0,0.0,0.0,0.0,udp,0.0,,cs0,,249.0,,7.0,,Start,1,1,0,74,74,0,74.0,0.0,0.0,0.0,0.0,0,0,0,0.0,,,0.0,0.0,0.0,INT,,,610.0,,0.0,0.0,0.0,0
540588,0.0,0.0,0.0,0.0,0.0,0.0,udp,0.0,,cs0,,249.0,,7.0,,Start,1,1,0,74,74,0,74.0,0.0,0.0,0.0,0.0,0,0,0,0.0,,,0.0,0.0,0.0,INT,,,610.0,,0.0,0.0,0.0,0
540626,0.0,0.0,0.0,0.0,0.0,0.0,udp,0.0,,cs0,,249.0,,7.0,,Start,1,1,0,74,74,0,74.0,0.0,0.0,0.0,0.0,0,0,0,0.0,,,0.0,0.0,0.0,INT,,,610.0,,0.0,0.0,0.0,0
540651,0.0,0.0,0.0,0.0,0.0,0.0,udp,0.0,,cs0,,249.0,,7.0,,Start,1,1,0,74,74,0,74.0,0.0,0.0,0.0,0.0,0,0,0,0.0,,,0.0,0.0,0.0,INT,,,610.0,,0.0,0.0,0.0,0
540665,0.0,0.0,0.0,0.0,0.0,0.0,udp,0.0,,cs0,,249.0,,7.0,,Start,1,1,0,74,74,0,74.0,0.0,0.0,0.0,0.0,0,0,0,0.0,,,0.0,0.0,0.0,INT,,,610.0,,0.0,0.0,0.0,0
540778,0.0,0.0,0.0,0.0,0.0,0.0,icmp,192.0,,cs6,,64.0,,0.0,,Start,1,1,0,349,349,0,349.0,0.0,0.0,0.0,0.0,0,0,0,0.0,,,0.0,0.0,0.0,URP,,,,,0.0,0.0,0.0,0
540800,0.0,0.0,0.0,0.0,0.0,0.0,udp,0.0,,cs0,,249.0,,7.0,,Start,1,1,0,74,74,0,74.0,0.0,0.0,0.0,0.0,0,0,0,0.0,,,0.0,0.0,0.0,INT,,,610.0,,0.0,0.0,0.0,0
540835,0.0,0.0,0.0,0.0,0.0,0.0,udp,0.0,,cs0,,249.0,,7.0,,Start,1,1,0,74,74,0,74.0,0.0,0.0,0.0,0.0,0,0,0,0.0,,,0.0,0.0,0.0,INT,,,610.0,,0.0,0.0,0.0,0
540849,0.0,0.0,0.0,0.0,0.0,0.0,udp,0.0,,cs0,,249.0,,7.0,,Start,1,1,0,74,74,0,74.0,0.0,0.0,0.0,0.0,0,0,0,0.0,,,0.0,0.0,0.0,INT,,,610.0,,0.0,0.0,0.0,0
540857,0.0,0.0,0.0,0.0,0.0,0.0,udp,0.0,,cs0,,249.0,,7.0,,Start,1,1,0,74,74,0,74.0,0.0,0.0,0.0,0.0,0,0,0,0.0,,,0.0,0.0,0.0,INT,,,610.0,,0.0,0.0,0.0,0
540871,0.0,0.0,0.0,0.0,0.0,0.0,udp,0.0,,cs0,,249.0,,7.0,,Start,1,1,0,74,74,0,74.0,0.0,0.0,0.0,0.0,0,0,0,0.0,,,0.0,0.0,0.0,INT,,,610.0,,0.0,0.0,0.0,0
540880,0.0,0.0,0.0,0.0,0.0,0.0,udp,0.0,,cs0,,249.0,,7.0,,Start,1,1,0,74,74,0,74.0,0.0,0.0,0.0,0.0,0,0,0,0.0,,,0.0,0.0,0.0,INT,,,610.0,,0.0,0.0,0.0,0
540919,0.0,0.0,0.0,0.0,0.0,0.0,udp,0.0,,cs0,,249.0,,7.0,,Start,1,1,0,74,74,0,74.0,0.0,0.0,0.0,0.0,0,0,0,0.0,,,0.0,0.0,0.0,INT,,,610.0,,0.0,0.0,0.0,0
540963,0.0,0.0,0.0,0.0,0.0,0.0,udp,0.0,,cs0,,249.0,,7.0,,Start,1,1,0,74,74,0,74.0,0.0,0.0,0.0,0.0,0,0,0,0.0,,,0.0,0.0,0.0,INT,,,610.0,,0.0,0.0,0.0,0
541066,0.0,0.0,0.0,0.0,0.0,0.0,udp,0.0,,cs0,,249.0,,7.0,,Start,1,1,0,74,74,0,74.0,0.0,0.0,0.0,0.0,0,0,0,0.0,,,0.0,0.0,0.0,INT,,,610.0,,0.0,0.0,0.0,0
541292,0.0,0.0,0.0,0.0,0.0,0.0,udp,0.0,,cs0,,249.0,,7.0,,Start,1,1,0,74,74,0,74.0,0.0,0.0,0.0,0.0,0,0,0,0.0,,,0.0,0.0,0.0,INT,,,610.0,,0.0,0.0,0.0,0
541665,0.0,0.0,0.0,0.0,0.0,0.0,icmp,0.0,,cs0,,58.0,,6.0,,Start,1,1,0,98,98,0,98.0,0.0,0.0,0.0,0.0,0,0,0,0.0,,,0.0,0.0,0.0,ECO,,,,,0.0,0.0,0.0,0
541740,0.0,0.0,0.0,0.0,0.0,0.0,udp,0.0,,cs0,,249.0,,7.0,,Start,1,1,0,74,74,0,74.0,0.0,0.0,0.0,0.0,0,0,0,0.0,,,0.0,0.0,0.0,INT,,,610.0,,0.0,0.0,0.0,0
541745,0.0,0.0,0.0,0.0,0.0,0.0,udp,0.0,,cs0,,249.0,,7.0,,Start,1,1,0,74,74,0,74.0,0.0,0.0,0.0,0.0,0,0,0,0.0,,,0.0,0.0,0.0,INT,,,610.0,,0.0,0.0,0.0,0
541791,0.0,0.0,0.0,0.0,0.0,0.0,udp,0.0,,cs0,,249.0,,7.0,,Start,1,1,0,74,74,0,74.0,0.0,0.0,0.0,0.0,0,0,0,0.0,,,0.0,0.0,0.0,INT,,,610.0,,0.0,0.0,0.0,0
541892,0.0,0.0,0.0,0.0,0.0,0.0,udp,0.0,,cs0,,249.0,,7.0,,Start,1,1,0,74,74,0,74.0,0.0,0.0,0.0,0.0,0,0,0,0.0,,,0.0,0.0,0.0,INT,,,610.0,,0.0,0.0,0.0,0
541988,0.0,0.0,0.0,0.0,0.0,0.0,udp,0.0,,cs0,,249.0,,7.0,,Start,1,1,0,74,74,0,74.0,0.0,0.0,0.0,0.0,0,0,0,0.0,,,0.0,0.0,0.0,INT,,,610.0,,0.0,0.0,0.0,0
542003,0.0,0.0,0.0,0.0,0.0,0.0,udp,0.0,,cs0,,249.0,,7.0,,Start,1,1,0,74,74,0,74.0,0.0,0.0,0.0,0.0,0,0,0,0.0,,,0.0,0.0,0.0,INT,,,610.0,,0.0,0.0,0.0,0
542036,0.0,0.0,0.0,0.0,0.0,0.0,udp,0.0,,cs0,,249.0,,7.0,,Start,1,1,0,74,74,0,74.0,0.0,0.0,0.0,0.0,0,0,0,0.0,,,0.0,0.0,0.0,INT,,,610.0,,0.0,0.0,0.0,0
542110,0.053922,0.053922,0.053922,0.053922,0.053922,0.053922,udp,0.0,0.0,cs0,cs0,64.0,62.0,0.0,2.0,Start,2,1,1,235,87,148,87.0,148.0,0.0,0.0,0.0,0,0,0,0.0,,,18.545305,0.0,0.0,CON,,,,,0.0,0.0,0.0,0
542212,0.0,0.0,0.0,0.0,0.0,0.0,udp,0.0,,cs0,,249.0,,7.0,,Start,1,1,0,74,74,0,74.0,0.0,0.0,0.0,0.0,0,0,0,0.0,,,0.0,0.0,0.0,INT,,,610.0,,0.0,0.0,0.0,0
542315,0.0,0.0,0.0,0.0,0.0,0.0,udp,0.0,,cs0,,249.0,,7.0,,Start,1,1,0,74,74,0,74.0,0.0,0.0,0.0,0.0,0,0,0,0.0,,,0.0,0.0,0.0,INT,,,610.0,,0.0,0.0,0.0,0
542370,0.0,0.0,0.0,0.0,0.0,0.0,udp,0.0,,cs0,,249.0,,7.0,,Start,1,1,0,74,74,0,74.0,0.0,0.0,0.0,0.0,0,0,0,0.0,,,0.0,0.0,0.0,INT,,,610.0,,0.0,0.0,0.0,0
542372,0.0,0.0,0.0,0.0,0.0,0.0,udp,0.0,,cs0,,249.0,,7.0,,Start,1,1,0,74,74,0,74.0,0.0,0.0,0.0,0.0,0,0,0,0.0,,,0.0,0.0,0.0,INT,,,610.0,,0.0,0.0,0.0,0
542657,0.0,0.0,0.0,0.0,0.0,0.0,udp,0.0,,cs0,,249.0,,7.0,,Start,1,1,0,74,74,0,74.0,0.0,0.0,0.0,0.0,0,0,0,0.0,,,0.0,0.0,0.0,INT,,,610.0,,0.0,0.0,0.0,0
542752,0.0,0.0,0.0,0.0,0.0,0.0,udp,0.0,,cs0,,249.0,,7.0,,Start,1,1,0,74,74,0,74.0,0.0,0.0,0.0,0.0,0,0,0,0.0,,,0.0,0.0,0.0,INT,,,610.0,,0.0,0.0,0.0,0
542787,0.0,0.0,0.0,0.0,0.0,0.0,udp,0.0,,cs0,,249.0,,7.0,,Start,1,1,0,74,74,0,74.0,0.0,0.0,0.0,0.0,0,0,0,0.0,,,0.0,0.0,0.0,INT,,,610.0,,0.0,0.0,0.0,0
542818,0.0,0.0,0.0,0.0,0.0,0.0,udp,0.0,,cs0,,249.0,,7.0,,Start,1,1,0,74,74,0,74.0,0.0,0.0,0.0,0.0,0,0,0,0.0,,,0.0,0.0,0.0,INT,,,610.0,,0.0,0.0,0.0,0
542872,0.0,0.0,0.0,0.0,0.0,0.0,udp,0.0,,cs0,,249.0,,7.0,,Start,1,1,0,74,74,0,74.0,0.0,0.0,0.0,0.0,0,0,0,0.0,,,0.0,0.0,0.0,INT,,,610.0,,0.0,0.0,0.0,0
542928,0.0,0.0,0.0,0.0,0.0,0.0,udp,0.0,,cs0,,249.0,,7.0,,Start,1,1,0,74,74,0,74.0,0.0,0.0,0.0,0.0,0,0,0,0.0,,,0.0,0.0,0.0,INT,,,610.0,,0.0,0.0,0.0,0
542979,0.0,0.0,0.0,0.0,0.0,0.0,icmp,192.0,,cs6,,64.0,,0.0,,Start,1,1,0,165,165,0,165.0,0.0,0.0,0.0,0.0,0,0,0,0.0,,,0.0,0.0,0.0,URP,,,,,0.0,0.0,0.0,0
543007,0.029994,0.029994,0.029994,0.029994,0.029994,0.029994,udp,0.0,0.0,cs0,cs0,64.0,62.0,0.0,2.0,Start,2,1,1,213,76,137,76.0,137.0,0.0,0.0,0.0,0,0,0,0.0,,,33.34,0.0,0.0,CON,,,,,0.0,0.0,0.0,0
543091,0.0,0.0,0.0,0.0,0.0,0.0,udp,0.0,,cs0,,249.0,,7.0,,Start,1,1,0,74,74,0,74.0,0.0,0.0,0.0,0.0,0,0,0,0.0,,,0.0,0.0,0.0,INT,,,610.0,,0.0,0.0,0.0,0
543154,0.0,0.0,0.0,0.0,0.0,0.0,udp,0.0,,cs0,,249.0,,7.0,,Start,1,1,0,74,74,0,74.0,0.0,0.0,0.0,0.0,0,0,0,0.0,,,0.0,0.0,0.0,INT,,,610.0,,0.0,0.0,0.0,0
543189,0.0,0.0,0.0,0.0,0.0,0.0,udp,0.0,,cs0,,249.0,,7.0,,Start,1,1,0,74,74,0,74.0,0.0,0.0,0.0,0.0,0,0,0,0.0,,,0.0,0.0,0.0,INT,,,610.0,,0.0,0.0,0.0,0
543258,0.0,0.0,0.0,0.0,0.0,0.0,udp,0.0,,cs0,,249.0,,7.0,,Start,1,1,0,74,74,0,74.0,0.0,0.0,0.0,0.0,0,0,0,0.0,,,0.0,0.0,0.0,INT,,,610.0,,0.0,0.0,0.0,0
543374,0.0,0.0,0.0,0.0,0.0,0.0,icmp,192.0,,cs6,,64.0,,0.0,,Start,1,1,0,349,349,0,349.0,0.0,0.0,0.0,0.0,0,0,0,0.0,,,0.0,0.0,0.0,URP,,,,,0.0,0.0,0.0,0
543446,0.0,0.0,0.0,0.0,0.0,0.0,udp,0.0,,cs0,,249.0,,7.0,,Start,1,1,0,74,74,0,74.0,0.0,0.0,0.0,0.0,0,0,0,0.0,,,0.0,0.0,0.0,INT,,,610.0,,0.0,0.0,0.0,0
543456,0.0,0.0,0.0,0.0,0.0,0.0,udp,0.0,,cs0,,249.0,,7.0,,Start,1,1,0,74,74,0,74.0,0.0,0.0,0.0,0.0,0,0,0,0.0,,,0.0,0.0,0.0,INT,,,610.0,,0.0,0.0,0.0,0
543488,0.0,0.0,0.0,0.0,0.0,0.0,udp,0.0,,cs0,,249.0,,7.0,,Start,1,1,0,74,74,0,74.0,0.0,0.0,0.0,0.0,0,0,0,0.0,,,0.0,0.0,0.0,INT,,,610.0,,0.0,0.0,0.0,0
543500,0.0,0.0,0.0,0.0,0.0,0.0,udp,0.0,,cs0,,249.0,,7.0,,Start,1,1,0,74,74,0,74.0,0.0,0.0,0.0,0.0,0,0,0,0.0,,,0.0,0.0,0.0,INT,,,610.0,,0.0,0.0,0.0,0
543533,0.0,0.0,0.0,0.0,0.0,0.0,udp,0.0,,cs0,,249.0,,7.0,,Start,1,1,0,74,74,0,74.0,0.0,0.0,0.0,0.0,0,0,0,0.0,,,0.0,0.0,0.0,INT,,,610.0,,0.0,0.0,0.0,0
543578,4.933186,4.933186,4.933186,4.933186,4.933186,4.933186,tcp,0.0,0.0,cs0,cs0,64.0,117.0,0.0,11.0,Status,211,54,157,233140,5150,227990,95.370369,1452.165649,375567.4375,8197.541992,367369.875,0,0,0,0.0,0.0,0.0,42.56884,10.743564,31.622566,CON,1651712.0,285952.0,,,0.046038,0.020616,0.025422,0
543628,0.0,0.0,0.0,0.0,0.0,0.0,udp,0.0,,cs0,,249.0,,7.0,,Start,1,1,0,74,74,0,74.0,0.0,0.0,0.0,0.0,0,0,0,0.0,,,0.0,0.0,0.0,INT,,,610.0,,0.0,0.0,0.0,0
543651,0.0,0.0,0.0,0.0,0.0,0.0,udp,0.0,,cs0,,249.0,,7.0,,Start,1,1,0,74,74,0,74.0,0.0,0.0,0.0,0.0,0,0,0,0.0,,,0.0,0.0,0.0,INT,,,610.0,,0.0,0.0,0.0,0
543657,0.0,0.0,0.0,0.0,0.0,0.0,udp,0.0,,cs0,,249.0,,7.0,,Start,1,1,0,74,74,0,74.0,0.0,0.0,0.0,0.0,0,0,0,0.0,,,0.0,0.0,0.0,INT,,,610.0,,0.0,0.0,0.0,0
543675,0.0,0.0,0.0,0.0,0.0,0.0,udp,0.0,,cs0,,249.0,,7.0,,Start,1,1,0,74,74,0,74.0,0.0,0.0,0.0,0.0,0,0,0,0.0,,,0.0,0.0,0.0,INT,,,610.0,,0.0,0.0,0.0,0
543977,0.0,0.0,0.0,0.0,0.0,0.0,udp,0.0,,cs0,,249.0,,7.0,,Start,1,1,0,74,74,0,74.0,0.0,0.0,0.0,0.0,0,0,0,0.0,,,0.0,0.0,0.0,INT,,,610.0,,0.0,0.0,0.0,0
543998,0.0,0.0,0.0,0.0,0.0,0.0,udp,0.0,,cs0,,249.0,,7.0,,Start,1,1,0,74,74,0,74.0,0.0,0.0,0.0,0.0,0,0,0,0.0,,,0.0,0.0,0.0,INT,,,610.0,,0.0,0.0,0.0,0
544049,0.0,0.0,0.0,0.0,0.0,0.0,udp,0.0,,cs0,,249.0,,7.0,,Start,1,1,0,74,74,0,74.0,0.0,0.0,0.0,0.0,0,0,0,0.0,,,0.0,0.0,0.0,INT,,,610.0,,0.0,0.0,0.0,0
544093,0.0,0.0,0.0,0.0,0.0,0.0,udp,0.0,,cs0,,249.0,,7.0,,Start,1,1,0,74,74,0,74.0,0.0,0.0,0.0,0.0,0,0,0,0.0,,,0.0,0.0,0.0,INT,,,610.0,,0.0,0.0,0.0,0
544119,0.0,0.0,0.0,0.0,0.0,0.0,udp,0.0,,cs0,,249.0,,7.0,,Start,1,1,0,74,74,0,74.0,0.0,0.0,0.0,0.0,0,0,0,0.0,,,0.0,0.0,0.0,INT,,,610.0,,0.0,0.0,0.0,0
544139,0.0,0.0,0.0,0.0,0.0,0.0,udp,0.0,,cs0,,249.0,,7.0,,Start,1,1,0,74,74,0,74.0,0.0,0.0,0.0,0.0,0,0,0,0.0,,,0.0,0.0,0.0,INT,,,610.0,,0.0,0.0,0.0,0
544141,0.0,0.0,0.0,0.0,0.0,0.0,udp,0.0,,cs0,,249.0,,7.0,,Start,1,1,0,74,74,0,74.0,0.0,0.0,0.0,0.0,0,0,0,0.0,,,0.0,0.0,0.0,INT,,,610.0,,0.0,0.0,0.0,0
544186,0.0,0.0,0.0,0.0,0.0,0.0,udp,0.0,,cs0,,249.0,,7.0,,Start,1,1,0,74,74,0,74.0,0.0,0.0,0.0,0.0,0,0,0,0.0,,,0.0,0.0,0.0,INT,,,610.0,,0.0,0.0,0.0,0
544205,0.0,0.0,0.0,0.0,0.0,0.0,udp,0.0,,cs0,,249.0,,7.0,,Start,1,1,0,74,74,0,74.0,0.0,0.0,0.0,0.0,0,0,0,0.0,,,0.0,0.0,0.0,INT,,,610.0,,0.0,0.0,0.0,0
544233,0.0,0.0,0.0,0.0,0.0,0.0,udp,0.0,,cs0,,249.0,,7.0,,Start,1,1,0,74,74,0,74.0,0.0,0.0,0.0,0.0,0,0,0,0.0,,,0.0,0.0,0.0,INT,,,610.0,,0.0,0.0,0.0,0
544252,0.0,0.0,0.0,0.0,0.0,0.0,udp,0.0,,cs0,,249.0,,7.0,,Start,1,1,0,74,74,0,74.0,0.0,0.0,0.0,0.0,0,0,0,0.0,,,0.0,0.0,0.0,INT,,,610.0,,0.0,0.0,0.0,0
544348,0.082718,0.082718,0.082718,0.082718,0.082718,0.082718,udp,0.0,0.0,cs0,cs0,64.0,62.0,0.0,2.0,Start,2,1,1,410,89,321,89.0,321.0,0.0,0.0,0.0,0,0,0,0.0,,,12.089267,0.0,0.0,CON,,,,,0.0,0.0,0.0,0
544481,0.0,0.0,0.0,0.0,0.0,0.0,udp,0.0,,cs0,,249.0,,7.0,,Start,1,1,0,74,74,0,74.0,0.0,0.0,0.0,0.0,0,0,0,0.0,,,0.0,0.0,0.0,INT,,,610.0,,0.0,0.0,0.0,0
544493,0.0,0.0,0.0,0.0,0.0,0.0,udp,0.0,,cs0,,249.0,,7.0,,Start,1,1,0,74,74,0,74.0,0.0,0.0,0.0,0.0,0,0,0,0.0,,,0.0,0.0,0.0,INT,,,610.0,,0.0,0.0,0.0,0
544511,0.0,0.0,0.0,0.0,0.0,0.0,udp,0.0,,cs0,,249.0,,7.0,,Start,1,1,0,74,74,0,74.0,0.0,0.0,0.0,0.0,0,0,0,0.0,,,0.0,0.0,0.0,INT,,,610.0,,0.0,0.0,0.0,0
544535,0.0,0.0,0.0,0.0,0.0,0.0,udp,0.0,,cs0,,249.0,,7.0,,Start,1,1,0,74,74,0,74.0,0.0,0.0,0.0,0.0,0,0,0,0.0,,,0.0,0.0,0.0,INT,,,610.0,,0.0,0.0,0.0,0
544586,0.0,0.0,0.0,0.0,0.0,0.0,udp,0.0,,cs0,,249.0,,7.0,,Start,1,1,0,74,74,0,74.0,0.0,0.0,0.0,0.0,0,0,0,0.0,,,0.0,0.0,0.0,INT,,,610.0,,0.0,0.0,0.0,0
544590,0.0,0.0,0.0,0.0,0.0,0.0,udp,0.0,,cs0,,249.0,,7.0,,Start,1,1,0,74,74,0,74.0,0.0,0.0,0.0,0.0,0,0,0,0.0,,,0.0,0.0,0.0,INT,,,610.0,,0.0,0.0,0.0,0
544602,0.0,0.0,0.0,0.0,0.0,0.0,udp,0.0,,cs0,,249.0,,7.0,,Start,1,1,0,74,74,0,74.0,0.0,0.0,0.0,0.0,0,0,0,0.0,,,0.0,0.0,0.0,INT,,,610.0,,0.0,0.0,0.0,0
544676,0.0,0.0,0.0,0.0,0.0,0.0,udp,0.0,,cs0,,249.0,,7.0,,Start,1,1,0,74,74,0,74.0,0.0,0.0,0.0,0.0,0,0,0,0.0,,,0.0,0.0,0.0,INT,,,610.0,,0.0,0.0,0.0,0
544685,0.0,0.0,0.0,0.0,0.0,0.0,udp,0.0,,cs0,,249.0,,7.0,,Start,1,1,0,74,74,0,74.0,0.0,0.0,0.0,0.0,0,0,0,0.0,,,0.0,0.0,0.0,INT,,,610.0,,0.0,0.0,0.0,0
544690,0.0,0.0,0.0,0.0,0.0,0.0,udp,0.0,,cs0,,249.0,,7.0,,Start,1,1,0,74,74,0,74.0,0.0,0.0,0.0,0.0,0,0,0,0.0,,,0.0,0.0,0.0,INT,,,610.0,,0.0,0.0,0.0,0
544692,0.0,0.0,0.0,0.0,0.0,0.0,udp,0.0,,cs0,,249.0,,7.0,,Start,1,1,0,74,74,0,74.0,0.0,0.0,0.0,0.0,0,0,0,0.0,,,0.0,0.0,0.0,INT,,,610.0,,0.0,0.0,0.0,0
544774,0.0,0.0,0.0,0.0,0.0,0.0,icmp,192.0,,cs6,,64.0,,0.0,,Start,1,1,0,165,165,0,165.0,0.0,0.0,0.0,0.0,0,0,0,0.0,,,0.0,0.0,0.0,URP,,,,,0.0,0.0,0.0,0
544811,0.0,0.0,0.0,0.0,0.0,0.0,icmp,0.0,,cs0,,58.0,,6.0,,Start,1,1,0,98,98,0,98.0,0.0,0.0,0.0,0.0,0,0,0,0.0,,,0.0,0.0,0.0,ECO,,,,,0.0,0.0,0.0,0
544828,0.0,0.0,0.0,0.0,0.0,0.0,udp,0.0,,cs0,,249.0,,7.0,,Start,1,1,0,74,74,0,74.0,0.0,0.0,0.0,0.0,0,0,0,0.0,,,0.0,0.0,0.0,INT,,,610.0,,0.0,0.0,0.0,0
544852,0.0,0.0,0.0,0.0,0.0,0.0,udp,0.0,,cs0,,249.0,,7.0,,Start,1,1,0,74,74,0,74.0,0.0,0.0,0.0,0.0,0,0,0,0.0,,,0.0,0.0,0.0,INT,,,610.0,,0.0,0.0,0.0,0
544874,0.0,0.0,0.0,0.0,0.0,0.0,udp,0.0,,cs0,,249.0,,7.0,,Start,1,1,0,74,74,0,74.0,0.0,0.0,0.0,0.0,0,0,0,0.0,,,0.0,0.0,0.0,INT,,,610.0,,0.0,0.0,0.0,0
544902,0.0,0.0,0.0,0.0,0.0,0.0,udp,0.0,,cs0,,249.0,,7.0,,Start,1,1,0,74,74,0,74.0,0.0,0.0,0.0,0.0,0,0,0,0.0,,,0.0,0.0,0.0,INT,,,610.0,,0.0,0.0,0.0,0
544925,0.0,0.0,0.0,0.0,0.0,0.0,udp,0.0,,cs0,,249.0,,7.0,,Start,1,1,0,74,74,0,74.0,0.0,0.0,0.0,0.0,0,0,0,0.0,,,0.0,0.0,0.0,INT,,,610.0,,0.0,0.0,0.0,0
544929,0.0,0.0,0.0,0.0,0.0,0.0,udp,0.0,,cs0,,249.0,,7.0,,Start,1,1,0,74,74,0,74.0,0.0,0.0,0.0,0.0,0,0,0,0.0,,,0.0,0.0,0.0,INT,,,610.0,,0.0,0.0,0.0,0
544951,0.0,0.0,0.0,0.0,0.0,0.0,udp,0.0,,cs0,,249.0,,7.0,,Start,1,1,0,74,74,0,74.0,0.0,0.0,0.0,0.0,0,0,0,0.0,,,0.0,0.0,0.0,INT,,,610.0,,0.0,0.0,0.0,0
544986,0.0,0.0,0.0,0.0,0.0,0.0,udp,0.0,,cs0,,249.0,,7.0,,Start,1,1,0,74,74,0,74.0,0.0,0.0,0.0,0.0,0,0,0,0.0,,,0.0,0.0,0.0,INT,,,610.0,,0.0,0.0,0.0,0
545019,0.0,0.0,0.0,0.0,0.0,0.0,udp,0.0,,cs0,,249.0,,7.0,,Start,1,1,0,74,74,0,74.0,0.0,0.0,0.0,0.0,0,0,0,0.0,,,0.0,0.0,0.0,INT,,,610.0,,0.0,0.0,0.0,0
545063,0.0,0.0,0.0,0.0,0.0,0.0,udp,0.0,,cs0,,249.0,,7.0,,Start,1,1,0,74,74,0,74.0,0.0,0.0,0.0,0.0,0,0,0,0.0,,,0.0,0.0,0.0,INT,,,610.0,,0.0,0.0,0.0,0
545116,0.0,0.0,0.0,0.0,0.0,0.0,udp,0.0,,cs0,,249.0,,7.0,,Start,1,1,0,74,74,0,74.0,0.0,0.0,0.0,0.0,0,0,0,0.0,,,0.0,0.0,0.0,INT,,,610.0,,0.0,0.0,0.0,0
545158,0.0,0.0,0.0,0.0,0.0,0.0,udp,0.0,,cs0,,249.0,,7.0,,Start,1,1,0,74,74,0,74.0,0.0,0.0,0.0,0.0,0,0,0,0.0,,,0.0,0.0,0.0,INT,,,610.0,,0.0,0.0,0.0,0
545177,0.0,0.0,0.0,0.0,0.0,0.0,udp,0.0,,cs0,,249.0,,7.0,,Start,1,1,0,74,74,0,74.0,0.0,0.0,0.0,0.0,0,0,0,0.0,,,0.0,0.0,0.0,INT,,,610.0,,0.0,0.0,0.0,0
545256,0.0,0.0,0.0,0.0,0.0,0.0,udp,0.0,,cs0,,249.0,,7.0,,Start,1,1,0,74,74,0,74.0,0.0,0.0,0.0,0.0,0,0,0,0.0,,,0.0,0.0,0.0,INT,,,610.0,,0.0,0.0,0.0,0
545259,0.0,0.0,0.0,0.0,0.0,0.0,udp,0.0,,cs0,,249.0,,7.0,,Start,1,1,0,74,74,0,74.0,0.0,0.0,0.0,0.0,0,0,0,0.0,,,0.0,0.0,0.0,INT,,,610.0,,0.0,0.0,0.0,0
545287,0.0,0.0,0.0,0.0,0.0,0.0,udp,0.0,,cs0,,249.0,,7.0,,Start,1,1,0,74,74,0,74.0,0.0,0.0,0.0,0.0,0,0,0,0.0,,,0.0,0.0,0.0,INT,,,610.0,,0.0,0.0,0.0,0
545333,0.0,0.0,0.0,0.0,0.0,0.0,udp,0.0,,cs0,,249.0,,7.0,,Start,1,1,0,74,74,0,74.0,0.0,0.0,0.0,0.0,0,0,0,0.0,,,0.0,0.0,0.0,INT,,,610.0,,0.0,0.0,0.0,0
545336,0.0,0.0,0.0,0.0,0.0,0.0,udp,0.0,,cs0,,249.0,,7.0,,Start,1,1,0,74,74,0,74.0,0.0,0.0,0.0,0.0,0,0,0,0.0,,,0.0,0.0,0.0,INT,,,610.0,,0.0,0.0,0.0,0
545488,0.0,0.0,0.0,0.0,0.0,0.0,udp,0.0,,cs0,,249.0,,7.0,,Start,1,1,0,74,74,0,74.0,0.0,0.0,0.0,0.0,0,0,0,0.0,,,0.0,0.0,0.0,INT,,,610.0,,0.0,0.0,0.0,0
545498,0.0,0.0,0.0,0.0,0.0,0.0,udp,0.0,,cs0,,249.0,,7.0,,Start,1,1,0,74,74,0,74.0,0.0,0.0,0.0,0.0,0,0,0,0.0,,,0.0,0.0,0.0,INT,,,610.0,,0.0,0.0,0.0,0
545549,0.0,0.0,0.0,0.0,0.0,0.0,udp,0.0,,cs0,,249.0,,7.0,,Start,1,1,0,74,74,0,74.0,0.0,0.0,0.0,0.0,0,0,0,0.0,,,0.0,0.0,0.0,INT,,,610.0,,0.0,0.0,0.0,0
545553,0.0,0.0,0.0,0.0,0.0,0.0,udp,0.0,,cs0,,249.0,,7.0,,Start,1,1,0,74,74,0,74.0,0.0,0.0,0.0,0.0,0,0,0,0.0,,,0.0,0.0,0.0,INT,,,610.0,,0.0,0.0,0.0,0
545677,0.0,0.0,0.0,0.0,0.0,0.0,udp,0.0,,cs0,,249.0,,7.0,,Start,1,1,0,74,74,0,74.0,0.0,0.0,0.0,0.0,0,0,0,0.0,,,0.0,0.0,0.0,INT,,,610.0,,0.0,0.0,0.0,0
545748,0.0,0.0,0.0,0.0,0.0,0.0,udp,0.0,,cs0,,249.0,,7.0,,Start,1,1,0,74,74,0,74.0,0.0,0.0,0.0,0.0,0,0,0,0.0,,,0.0,0.0,0.0,INT,,,610.0,,0.0,0.0,0.0,0
545761,0.0,0.0,0.0,0.0,0.0,0.0,udp,0.0,,cs0,,249.0,,7.0,,Start,1,1,0,74,74,0,74.0,0.0,0.0,0.0,0.0,0,0,0,0.0,,,0.0,0.0,0.0,INT,,,610.0,,0.0,0.0,0.0,0
545787,0.0,0.0,0.0,0.0,0.0,0.0,udp,0.0,,cs0,,249.0,,7.0,,Start,1,1,0,74,74,0,74.0,0.0,0.0,0.0,0.0,0,0,0,0.0,,,0.0,0.0,0.0,INT,,,610.0,,0.0,0.0,0.0,0
545836,0.0,0.0,0.0,0.0,0.0,0.0,udp,0.0,,cs0,,249.0,,7.0,,Start,1,1,0,74,74,0,74.0,0.0,0.0,0.0,0.0,0,0,0,0.0,,,0.0,0.0,0.0,INT,,,610.0,,0.0,0.0,0.0,0
545842,0.0,0.0,0.0,0.0,0.0,0.0,udp,0.0,,cs0,,249.0,,7.0,,Start,1,1,0,74,74,0,74.0,0.0,0.0,0.0,0.0,0,0,0,0.0,,,0.0,0.0,0.0,INT,,,610.0,,0.0,0.0,0.0,0
545850,0.0,0.0,0.0,0.0,0.0,0.0,udp,0.0,,cs0,,249.0,,7.0,,Start,1,1,0,74,74,0,74.0,0.0,0.0,0.0,0.0,0,0,0,0.0,,,0.0,0.0,0.0,INT,,,610.0,,0.0,0.0,0.0,0
545855,0.0,0.0,0.0,0.0,0.0,0.0,udp,0.0,,cs0,,249.0,,7.0,,Start,1,1,0,74,74,0,74.0,0.0,0.0,0.0,0.0,0,0,0,0.0,,,0.0,0.0,0.0,INT,,,610.0,,0.0,0.0,0.0,0
545895,0.0,0.0,0.0,0.0,0.0,0.0,udp,0.0,,cs0,,249.0,,7.0,,Start,1,1,0,74,74,0,74.0,0.0,0.0,0.0,0.0,0,0,0,0.0,,,0.0,0.0,0.0,INT,,,610.0,,0.0,0.0,0.0,0
545967,0.0,0.0,0.0,0.0,0.0,0.0,udp,0.0,,cs0,,249.0,,7.0,,Start,1,1,0,74,74,0,74.0,0.0,0.0,0.0,0.0,0,0,0,0.0,,,0.0,0.0,0.0,INT,,,610.0,,0.0,0.0,0.0,0
546143,0.0,0.0,0.0,0.0,0.0,0.0,udp,0.0,,cs0,,249.0,,7.0,,Start,1,1,0,74,74,0,74.0,0.0,0.0,0.0,0.0,0,0,0,0.0,,,0.0,0.0,0.0,INT,,,610.0,,0.0,0.0,0.0,0
546239,0.0,0.0,0.0,0.0,0.0,0.0,udp,0.0,,cs0,,249.0,,7.0,,Start,1,1,0,74,74,0,74.0,0.0,0.0,0.0,0.0,0,0,0,0.0,,,0.0,0.0,0.0,INT,,,610.0,,0.0,0.0,0.0,0
546256,0.0,0.0,0.0,0.0,0.0,0.0,udp,0.0,,cs0,,249.0,,7.0,,Start,1,1,0,74,74,0,74.0,0.0,0.0,0.0,0.0,0,0,0,0.0,,,0.0,0.0,0.0,INT,,,610.0,,0.0,0.0,0.0,0
546326,0.0,0.0,0.0,0.0,0.0,0.0,udp,0.0,,cs0,,249.0,,7.0,,Start,1,1,0,74,74,0,74.0,0.0,0.0,0.0,0.0,0,0,0,0.0,,,0.0,0.0,0.0,INT,,,610.0,,0.0,0.0,0.0,0
546375,0.0,0.0,0.0,0.0,0.0,0.0,udp,0.0,,cs0,,249.0,,7.0,,Start,1,1,0,64,64,0,64.0,0.0,0.0,0.0,0.0,0,0,0,0.0,,,0.0,0.0,0.0,INT,,,610.0,,0.0,0.0,0.0,0
546452,0.0,0.0,0.0,0.0,0.0,0.0,udp,0.0,,cs0,,249.0,,7.0,,Start,1,1,0,74,74,0,74.0,0.0,0.0,0.0,0.0,0,0,0,0.0,,,0.0,0.0,0.0,INT,,,610.0,,0.0,0.0,0.0,0
546487,0.0,0.0,0.0,0.0,0.0,0.0,udp,0.0,,cs0,,249.0,,7.0,,Start,1,1,0,74,74,0,74.0,0.0,0.0,0.0,0.0,0,0,0,0.0,,,0.0,0.0,0.0,INT,,,610.0,,0.0,0.0,0.0,0
546522,0.0,0.0,0.0,0.0,0.0,0.0,udp,0.0,,cs0,,249.0,,7.0,,Start,1,1,0,74,74,0,74.0,0.0,0.0,0.0,0.0,0,0,0,0.0,,,0.0,0.0,0.0,INT,,,610.0,,0.0,0.0,0.0,0
546552,0.0,0.0,0.0,0.0,0.0,0.0,udp,0.0,,cs0,,249.0,,7.0,,Start,1,1,0,74,74,0,74.0,0.0,0.0,0.0,0.0,0,0,0,0.0,,,0.0,0.0,0.0,INT,,,610.0,,0.0,0.0,0.0,0
546561,0.0,0.0,0.0,0.0,0.0,0.0,udp,0.0,,cs0,,249.0,,7.0,,Start,1,1,0,74,74,0,74.0,0.0,0.0,0.0,0.0,0,0,0,0.0,,,0.0,0.0,0.0,INT,,,610.0,,0.0,0.0,0.0,0
546580,0.0,0.0,0.0,0.0,0.0,0.0,udp,0.0,,cs0,,249.0,,7.0,,Start,1,1,0,74,74,0,74.0,0.0,0.0,0.0,0.0,0,0,0,0.0,,,0.0,0.0,0.0,INT,,,610.0,,0.0,0.0,0.0,0
546615,0.0,0.0,0.0,0.0,0.0,0.0,udp,0.0,,cs0,,249.0,,7.0,,Start,1,1,0,74,74,0,74.0,0.0,0.0,0.0,0.0,0,0,0,0.0,,,0.0,0.0,0.0,INT,,,610.0,,0.0,0.0,0.0,0
546622,0.0,0.0,0.0,0.0,0.0,0.0,udp,0.0,,cs0,,249.0,,7.0,,Start,1,1,0,74,74,0,74.0,0.0,0.0,0.0,0.0,0,0,0,0.0,,,0.0,0.0,0.0,INT,,,610.0,,0.0,0.0,0.0,0
546666,0.108829,0.108829,0.108829,0.108829,0.108829,0.108829,udp,0.0,0.0,cs0,cs0,64.0,117.0,0.0,11.0,Status,6,3,3,732,532,200,177.333328,66.666664,35946.30078,26095.98633,9850.31543,0,0,0,0.0,,,45.943638,18.377455,18.377455,CON,,,,,0.0,0.0,0.0,0
546698,0.106701,0.106701,0.106701,0.106701,0.106701,0.106701,udp,0.0,0.0,cs0,cs0,64.0,117.0,0.0,11.0,Status,6,3,3,732,532,200,177.333328,66.666664,36663.19922,26616.43164,10046.76563,0,0,0,0.0,,,46.859917,18.743967,18.743967,CON,,,,,0.0,0.0,0.0,0
546744,0.0,0.0,0.0,0.0,0.0,0.0,udp,0.0,,cs0,,249.0,,7.0,,Start,1,1,0,74,74,0,74.0,0.0,0.0,0.0,0.0,0,0,0,0.0,,,0.0,0.0,0.0,INT,,,610.0,,0.0,0.0,0.0,0
546780,0.0,0.0,0.0,0.0,0.0,0.0,udp,0.0,,cs0,,249.0,,7.0,,Start,1,1,0,74,74,0,74.0,0.0,0.0,0.0,0.0,0,0,0,0.0,,,0.0,0.0,0.0,INT,,,610.0,,0.0,0.0,0.0,0
546825,0.0,0.0,0.0,0.0,0.0,0.0,udp,0.0,,cs0,,249.0,,7.0,,Start,1,1,0,74,74,0,74.0,0.0,0.0,0.0,0.0,0,0,0,0.0,,,0.0,0.0,0.0,INT,,,610.0,,0.0,0.0,0.0,0
546864,0.0,0.0,0.0,0.0,0.0,0.0,udp,0.0,,cs0,,249.0,,7.0,,Start,1,1,0,74,74,0,74.0,0.0,0.0,0.0,0.0,0,0,0,0.0,,,0.0,0.0,0.0,INT,,,610.0,,0.0,0.0,0.0,0
546947,0.0,0.0,0.0,0.0,0.0,0.0,udp,0.0,,cs0,,249.0,,7.0,,Start,1,1,0,74,74,0,74.0,0.0,0.0,0.0,0.0,0,0,0,0.0,,,0.0,0.0,0.0,INT,,,610.0,,0.0,0.0,0.0,0
546950,0.0,0.0,0.0,0.0,0.0,0.0,udp,0.0,,cs0,,249.0,,7.0,,Start,1,1,0,74,74,0,74.0,0.0,0.0,0.0,0.0,0,0,0,0.0,,,0.0,0.0,0.0,INT,,,610.0,,0.0,0.0,0.0,0
546972,0.0,0.0,0.0,0.0,0.0,0.0,udp,0.0,,cs0,,249.0,,7.0,,Start,1,1,0,74,74,0,74.0,0.0,0.0,0.0,0.0,0,0,0,0.0,,,0.0,0.0,0.0,INT,,,610.0,,0.0,0.0,0.0,0
546986,0.0,0.0,0.0,0.0,0.0,0.0,udp,0.0,,cs0,,249.0,,7.0,,Start,1,1,0,74,74,0,74.0,0.0,0.0,0.0,0.0,0,0,0,0.0,,,0.0,0.0,0.0,INT,,,610.0,,0.0,0.0,0.0,0
547008,0.0,0.0,0.0,0.0,0.0,0.0,icmp,0.0,,cs0,,58.0,,6.0,,Start,1,1,0,98,98,0,98.0,0.0,0.0,0.0,0.0,0,0,0,0.0,,,0.0,0.0,0.0,ECO,,,,,0.0,0.0,0.0,0
547030,0.038894,0.038894,0.038894,0.038894,0.038894,0.038894,udp,0.0,0.0,cs0,cs0,64.0,62.0,0.0,2.0,Start,2,1,1,213,76,137,76.0,137.0,0.0,0.0,0.0,0,0,0,0.0,,,25.710905,0.0,0.0,CON,,,,,0.0,0.0,0.0,0
547101,0.0,0.0,0.0,0.0,0.0,0.0,udp,0.0,,cs0,,249.0,,7.0,,Start,1,1,0,74,74,0,74.0,0.0,0.0,0.0,0.0,0,0,0,0.0,,,0.0,0.0,0.0,INT,,,610.0,,0.0,0.0,0.0,0
547105,0.0,0.0,0.0,0.0,0.0,0.0,udp,0.0,,cs0,,249.0,,7.0,,Start,1,1,0,74,74,0,74.0,0.0,0.0,0.0,0.0,0,0,0,0.0,,,0.0,0.0,0.0,INT,,,610.0,,0.0,0.0,0.0,0
547241,0.0,0.0,0.0,0.0,0.0,0.0,udp,0.0,,cs0,,249.0,,7.0,,Start,1,1,0,74,74,0,74.0,0.0,0.0,0.0,0.0,0,0,0,0.0,,,0.0,0.0,0.0,INT,,,610.0,,0.0,0.0,0.0,0
547260,0.067907,0.067907,0.067907,0.067907,0.067907,0.067907,tcp,0.0,0.0,cs0,cs0,64.0,117.0,0.0,11.0,Status,43,27,16,23235,3367,19868,124.703705,1241.75,2576465.0,382051.9375,2194413.0,0,0,0,0.0,0.0,0.0,618.492981,382.876587,220.890335,CON,1464832.0,333056.0,,,0.048904,0.020681,0.028223,0
547356,4.904405,4.904405,4.904405,4.904405,4.904405,4.904405,tcp,0.0,0.0,cs0,cs0,64.0,117.0,0.0,11.0,Status,98,30,68,100173,3554,96619,118.466667,1420.867676,160892.0781,5604.757324,155287.3281,0,0,0,0.0,0.0,0.0,19.778137,5.913052,13.661188,CON,1464832.0,338176.0,,,0.048904,0.020681,0.028223,0
547435,0.0,0.0,0.0,0.0,0.0,0.0,udp,0.0,,cs0,,249.0,,7.0,,Start,1,1,0,74,74,0,74.0,0.0,0.0,0.0,0.0,0,0,0,0.0,,,0.0,0.0,0.0,INT,,,610.0,,0.0,0.0,0.0,0
547508,0.0,0.0,0.0,0.0,0.0,0.0,udp,0.0,,cs0,,249.0,,7.0,,Start,1,1,0,74,74,0,74.0,0.0,0.0,0.0,0.0,0,0,0,0.0,,,0.0,0.0,0.0,INT,,,610.0,,0.0,0.0,0.0,0
547559,0.0,0.0,0.0,0.0,0.0,0.0,udp,0.0,,cs0,,249.0,,7.0,,Start,1,1,0,74,74,0,74.0,0.0,0.0,0.0,0.0,0,0,0,0.0,,,0.0,0.0,0.0,INT,,,610.0,,0.0,0.0,0.0,0
547570,0.0,0.0,0.0,0.0,0.0,0.0,icmp,0.0,,cs0,,58.0,,6.0,,Start,1,1,0,98,98,0,98.0,0.0,0.0,0.0,0.0,0,0,0,0.0,,,0.0,0.0,0.0,ECO,,,,,0.0,0.0,0.0,0
547715,0.0,0.0,0.0,0.0,0.0,0.0,udp,0.0,,cs0,,249.0,,7.0,,Start,1,1,0,74,74,0,74.0,0.0,0.0,0.0,0.0,0,0,0,0.0,,,0.0,0.0,0.0,INT,,,610.0,,0.0,0.0,0.0,0
547718,0.0,0.0,0.0,0.0,0.0,0.0,udp,0.0,,cs0,,249.0,,7.0,,Start,1,1,0,74,74,0,74.0,0.0,0.0,0.0,0.0,0,0,0,0.0,,,0.0,0.0,0.0,INT,,,610.0,,0.0,0.0,0.0,0
547852,0.0,0.0,0.0,0.0,0.0,0.0,udp,0.0,,cs0,,249.0,,7.0,,Start,1,1,0,74,74,0,74.0,0.0,0.0,0.0,0.0,0,0,0,0.0,,,0.0,0.0,0.0,INT,,,610.0,,0.0,0.0,0.0,0
547882,0.0,0.0,0.0,0.0,0.0,0.0,udp,0.0,,cs0,,249.0,,7.0,,Start,1,1,0,74,74,0,74.0,0.0,0.0,0.0,0.0,0,0,0,0.0,,,0.0,0.0,0.0,INT,,,610.0,,0.0,0.0,0.0,0
547895,0.0,0.0,0.0,0.0,0.0,0.0,udp,0.0,,cs0,,249.0,,7.0,,Start,1,1,0,74,74,0,74.0,0.0,0.0,0.0,0.0,0,0,0,0.0,,,0.0,0.0,0.0,INT,,,610.0,,0.0,0.0,0.0,0
547934,0.0,0.0,0.0,0.0,0.0,0.0,udp,0.0,,cs0,,249.0,,7.0,,Start,1,1,0,74,74,0,74.0,0.0,0.0,0.0,0.0,0,0,0,0.0,,,0.0,0.0,0.0,INT,,,610.0,,0.0,0.0,0.0,0
547959,0.0,0.0,0.0,0.0,0.0,0.0,udp,0.0,,cs0,,249.0,,7.0,,Start,1,1,0,74,74,0,74.0,0.0,0.0,0.0,0.0,0,0,0,0.0,,,0.0,0.0,0.0,INT,,,610.0,,0.0,0.0,0.0,0
547974,0.0,0.0,0.0,0.0,0.0,0.0,udp,0.0,,cs0,,249.0,,7.0,,Start,1,1,0,74,74,0,74.0,0.0,0.0,0.0,0.0,0,0,0,0.0,,,0.0,0.0,0.0,INT,,,610.0,,0.0,0.0,0.0,0
548013,0.0,0.0,0.0,0.0,0.0,0.0,udp,0.0,,cs0,,249.0,,7.0,,Start,1,1,0,74,74,0,74.0,0.0,0.0,0.0,0.0,0,0,0,0.0,,,0.0,0.0,0.0,INT,,,610.0,,0.0,0.0,0.0,0
548050,0.0,0.0,0.0,0.0,0.0,0.0,udp,0.0,,cs0,,249.0,,7.0,,Start,1,1,0,74,74,0,74.0,0.0,0.0,0.0,0.0,0,0,0,0.0,,,0.0,0.0,0.0,INT,,,610.0,,0.0,0.0,0.0,0
548053,0.0,0.0,0.0,0.0,0.0,0.0,udp,0.0,,cs0,,249.0,,7.0,,Start,1,1,0,74,74,0,74.0,0.0,0.0,0.0,0.0,0,0,0,0.0,,,0.0,0.0,0.0,INT,,,610.0,,0.0,0.0,0.0,0
548058,0.123836,0.123836,0.123836,0.123836,0.123836,0.123836,tcp,0.0,0.0,cs0,cs0,114.0,64.0,14.0,0.0,Start,6,3,3,2543,2295,248,765.0,82.666664,109564.2578,98840.39844,10723.86035,0,0,0,0.0,0.0,0.0,40.37598,16.150393,16.150393,CON,265.0,141.0,,,0.0,0.0,0.0,0
548083,0.0,0.0,0.0,0.0,0.0,0.0,udp,0.0,,cs0,,249.0,,7.0,,Start,1,1,0,64,64,0,64.0,0.0,0.0,0.0,0.0,0,0,0,0.0,,,0.0,0.0,0.0,INT,,,610.0,,0.0,0.0,0.0,0
548120,0.077097,0.077097,0.077097,0.077097,0.077097,0.077097,udp,0.0,0.0,cs0,cs0,64.0,117.0,0.0,11.0,Status,5,3,2,670,532,138,177.333328,69.0,43996.51953,36836.71094,7159.812012,0,0,0,0.0,,,51.882694,25.941347,12.970674,CON,,,,,0.0,0.0,0.0,0
548229,0.0,0.0,0.0,0.0,0.0,0.0,udp,0.0,,cs0,,249.0,,7.0,,Start,1,1,0,74,74,0,74.0,0.0,0.0,0.0,0.0,0,0,0,0.0,,,0.0,0.0,0.0,INT,,,610.0,,0.0,0.0,0.0,0
548445,0.0,0.0,0.0,0.0,0.0,0.0,udp,0.0,,cs0,,249.0,,7.0,,Start,1,1,0,74,74,0,74.0,0.0,0.0,0.0,0.0,0,0,0,0.0,,,0.0,0.0,0.0,INT,,,610.0,,0.0,0.0,0.0,0
548478,0.0,0.0,0.0,0.0,0.0,0.0,udp,0.0,,cs0,,249.0,,7.0,,Start,1,1,0,74,74,0,74.0,0.0,0.0,0.0,0.0,0,0,0,0.0,,,0.0,0.0,0.0,INT,,,610.0,,0.0,0.0,0.0,0
548488,0.0,0.0,0.0,0.0,0.0,0.0,udp,0.0,,cs0,,249.0,,7.0,,Start,1,1,0,74,74,0,74.0,0.0,0.0,0.0,0.0,0,0,0,0.0,,,0.0,0.0,0.0,INT,,,610.0,,0.0,0.0,0.0,0
548518,0.0,0.0,0.0,0.0,0.0,0.0,udp,0.0,,cs0,,249.0,,7.0,,Start,1,1,0,74,74,0,74.0,0.0,0.0,0.0,0.0,0,0,0,0.0,,,0.0,0.0,0.0,INT,,,610.0,,0.0,0.0,0.0,0
548522,0.0,0.0,0.0,0.0,0.0,0.0,udp,0.0,,cs0,,249.0,,7.0,,Start,1,1,0,74,74,0,74.0,0.0,0.0,0.0,0.0,0,0,0,0.0,,,0.0,0.0,0.0,INT,,,610.0,,0.0,0.0,0.0,0
548528,0.0,0.0,0.0,0.0,0.0,0.0,udp,0.0,,cs0,,249.0,,7.0,,Start,1,1,0,74,74,0,74.0,0.0,0.0,0.0,0.0,0,0,0,0.0,,,0.0,0.0,0.0,INT,,,610.0,,0.0,0.0,0.0,0
548626,0.0,0.0,0.0,0.0,0.0,0.0,udp,0.0,,cs0,,249.0,,7.0,,Start,1,1,0,74,74,0,74.0,0.0,0.0,0.0,0.0,0,0,0,0.0,,,0.0,0.0,0.0,INT,,,610.0,,0.0,0.0,0.0,0
548640,0.0,0.0,0.0,0.0,0.0,0.0,tcp,0.0,0.0,cs0,cs0,64.0,115.0,0.0,13.0,Status,2,1,1,132,66,66,66.0,66.0,0.0,0.0,0.0,0,0,0,0.0,0.0,0.0,0.0,0.0,0.0,FIN,75776.0,66816.0,,,0.035029,0.021339,0.01369,0
548715,0.0,0.0,0.0,0.0,0.0,0.0,udp,128.0,,cs4,,249.0,,7.0,,Start,1,1,0,74,74,0,74.0,0.0,0.0,0.0,0.0,0,0,0,0.0,,,0.0,0.0,0.0,INT,,,610.0,,0.0,0.0,0.0,0
548897,0.0,0.0,0.0,0.0,0.0,0.0,udp,0.0,,cs0,,249.0,,7.0,,Start,1,1,0,74,74,0,74.0,0.0,0.0,0.0,0.0,0,0,0,0.0,,,0.0,0.0,0.0,INT,,,610.0,,0.0,0.0,0.0,0
548995,0.0,0.0,0.0,0.0,0.0,0.0,icmp,0.0,,cs0,,58.0,,6.0,,Start,1,1,0,98,98,0,98.0,0.0,0.0,0.0,0.0,0,0,0,0.0,,,0.0,0.0,0.0,ECO,,,,,0.0,0.0,0.0,0
549124,0.0,0.0,0.0,0.0,0.0,0.0,udp,0.0,,cs0,,249.0,,7.0,,Start,1,1,0,74,74,0,74.0,0.0,0.0,0.0,0.0,0,0,0,0.0,,,0.0,0.0,0.0,INT,,,610.0,,0.0,0.0,0.0,0
549181,0.0,0.0,0.0,0.0,0.0,0.0,udp,0.0,,cs0,,249.0,,7.0,,Start,1,1,0,74,74,0,74.0,0.0,0.0,0.0,0.0,0,0,0,0.0,,,0.0,0.0,0.0,INT,,,610.0,,0.0,0.0,0.0,0
549230,0.0,0.0,0.0,0.0,0.0,0.0,udp,0.0,,cs0,,249.0,,7.0,,Start,1,1,0,74,74,0,74.0,0.0,0.0,0.0,0.0,0,0,0,0.0,,,0.0,0.0,0.0,INT,,,610.0,,0.0,0.0,0.0,0
549303,0.0,0.0,0.0,0.0,0.0,0.0,udp,0.0,,cs0,,249.0,,7.0,,Start,1,1,0,74,74,0,74.0,0.0,0.0,0.0,0.0,0,0,0,0.0,,,0.0,0.0,0.0,INT,,,610.0,,0.0,0.0,0.0,0
549338,0.0,0.0,0.0,0.0,0.0,0.0,udp,0.0,,cs0,,249.0,,7.0,,Start,1,1,0,74,74,0,74.0,0.0,0.0,0.0,0.0,0,0,0,0.0,,,0.0,0.0,0.0,INT,,,610.0,,0.0,0.0,0.0,0
549350,0.0,0.0,0.0,0.0,0.0,0.0,udp,0.0,,cs0,,249.0,,7.0,,Start,1,1,0,74,74,0,74.0,0.0,0.0,0.0,0.0,0,0,0,0.0,,,0.0,0.0,0.0,INT,,,610.0,,0.0,0.0,0.0,0
549494,0.0,0.0,0.0,0.0,0.0,0.0,udp,0.0,,cs0,,249.0,,7.0,,Start,1,1,0,74,74,0,74.0,0.0,0.0,0.0,0.0,0,0,0,0.0,,,0.0,0.0,0.0,INT,,,610.0,,0.0,0.0,0.0,0
549565,0.0,0.0,0.0,0.0,0.0,0.0,udp,0.0,,cs0,,249.0,,7.0,,Start,1,1,0,74,74,0,74.0,0.0,0.0,0.0,0.0,0,0,0,0.0,,,0.0,0.0,0.0,INT,,,610.0,,0.0,0.0,0.0,0
549567,0.0,0.0,0.0,0.0,0.0,0.0,udp,0.0,,cs0,,249.0,,7.0,,Start,1,1,0,74,74,0,74.0,0.0,0.0,0.0,0.0,0,0,0,0.0,,,0.0,0.0,0.0,INT,,,610.0,,0.0,0.0,0.0,0
549573,0.0,0.0,0.0,0.0,0.0,0.0,udp,0.0,,cs0,,249.0,,7.0,,Start,1,1,0,74,74,0,74.0,0.0,0.0,0.0,0.0,0,0,0,0.0,,,0.0,0.0,0.0,INT,,,610.0,,0.0,0.0,0.0,0
549640,0.0,0.0,0.0,0.0,0.0,0.0,udp,0.0,,cs0,,249.0,,7.0,,Start,1,1,0,74,74,0,74.0,0.0,0.0,0.0,0.0,0,0,0,0.0,,,0.0,0.0,0.0,INT,,,610.0,,0.0,0.0,0.0,0
549653,0.0,0.0,0.0,0.0,0.0,0.0,udp,0.0,,cs0,,249.0,,7.0,,Start,1,1,0,74,74,0,74.0,0.0,0.0,0.0,0.0,0,0,0,0.0,,,0.0,0.0,0.0,INT,,,610.0,,0.0,0.0,0.0,0
549676,0.0,0.0,0.0,0.0,0.0,0.0,udp,0.0,,cs0,,249.0,,7.0,,Start,1,1,0,74,74,0,74.0,0.0,0.0,0.0,0.0,0,0,0,0.0,,,0.0,0.0,0.0,INT,,,610.0,,0.0,0.0,0.0,0
549751,0.069973,0.069973,0.069973,0.069973,0.069973,0.069973,udp,0.0,0.0,cs0,cs0,64.0,117.0,0.0,11.0,Status,6,3,3,730,530,200,176.666672,66.666664,55792.94922,40472.75391,15320.19531,0,0,0,0.0,,,71.456131,28.582453,28.582453,CON,,,,,0.0,0.0,0.0,0
549773,0.0,0.0,0.0,0.0,0.0,0.0,udp,0.0,,cs0,,249.0,,7.0,,Start,1,1,0,74,74,0,74.0,0.0,0.0,0.0,0.0,0,0,0,0.0,,,0.0,0.0,0.0,INT,,,610.0,,0.0,0.0,0.0,0
549785,0.0,0.0,0.0,0.0,0.0,0.0,udp,0.0,,cs0,,249.0,,7.0,,Start,1,1,0,74,74,0,74.0,0.0,0.0,0.0,0.0,0,0,0,0.0,,,0.0,0.0,0.0,INT,,,610.0,,0.0,0.0,0.0,0
549852,0.0,0.0,0.0,0.0,0.0,0.0,udp,0.0,,cs0,,249.0,,7.0,,Start,1,1,0,74,74,0,74.0,0.0,0.0,0.0,0.0,0,0,0,0.0,,,0.0,0.0,0.0,INT,,,610.0,,0.0,0.0,0.0,0
549907,0.0,0.0,0.0,0.0,0.0,0.0,udp,0.0,,cs0,,249.0,,7.0,,Start,1,1,0,74,74,0,74.0,0.0,0.0,0.0,0.0,0,0,0,0.0,,,0.0,0.0,0.0,INT,,,610.0,,0.0,0.0,0.0,0
549909,0.0,0.0,0.0,0.0,0.0,0.0,udp,0.0,,cs0,,249.0,,7.0,,Start,1,1,0,74,74,0,74.0,0.0,0.0,0.0,0.0,0,0,0,0.0,,,0.0,0.0,0.0,INT,,,610.0,,0.0,0.0,0.0,0
549961,0.0,0.0,0.0,0.0,0.0,0.0,udp,0.0,,cs0,,249.0,,7.0,,Start,1,1,0,74,74,0,74.0,0.0,0.0,0.0,0.0,0,0,0,0.0,,,0.0,0.0,0.0,INT,,,610.0,,0.0,0.0,0.0,0
550061,0.0,0.0,0.0,0.0,0.0,0.0,udp,0.0,,cs0,,249.0,,7.0,,Start,1,1,0,74,74,0,74.0,0.0,0.0,0.0,0.0,0,0,0,0.0,,,0.0,0.0,0.0,INT,,,610.0,,0.0,0.0,0.0,0
550170,0.0,0.0,0.0,0.0,0.0,0.0,udp,0.0,,cs0,,249.0,,7.0,,Start,1,1,0,74,74,0,74.0,0.0,0.0,0.0,0.0,0,0,0,0.0,,,0.0,0.0,0.0,INT,,,610.0,,0.0,0.0,0.0,0
550221,0.0,0.0,0.0,0.0,0.0,0.0,udp,0.0,,cs0,,249.0,,7.0,,Start,1,1,0,74,74,0,74.0,0.0,0.0,0.0,0.0,0,0,0,0.0,,,0.0,0.0,0.0,INT,,,610.0,,0.0,0.0,0.0,0
550306,0.0,0.0,0.0,0.0,0.0,0.0,udp,0.0,,cs0,,249.0,,7.0,,Start,1,1,0,74,74,0,74.0,0.0,0.0,0.0,0.0,0,0,0,0.0,,,0.0,0.0,0.0,INT,,,610.0,,0.0,0.0,0.0,0
550307,0.0,0.0,0.0,0.0,0.0,0.0,udp,0.0,,cs0,,249.0,,7.0,,Start,1,1,0,74,74,0,74.0,0.0,0.0,0.0,0.0,0,0,0,0.0,,,0.0,0.0,0.0,INT,,,610.0,,0.0,0.0,0.0,0
550496,0.0,0.0,0.0,0.0,0.0,0.0,udp,0.0,,cs0,,249.0,,7.0,,Start,1,1,0,74,74,0,74.0,0.0,0.0,0.0,0.0,0,0,0,0.0,,,0.0,0.0,0.0,INT,,,610.0,,0.0,0.0,0.0,0
550558,0.0,0.0,0.0,0.0,0.0,0.0,udp,0.0,,cs0,,249.0,,7.0,,Start,1,1,0,74,74,0,74.0,0.0,0.0,0.0,0.0,0,0,0,0.0,,,0.0,0.0,0.0,INT,,,610.0,,0.0,0.0,0.0,0
550665,0.0,0.0,0.0,0.0,0.0,0.0,icmp,192.0,,cs6,,64.0,,0.0,,Start,1,1,0,349,349,0,349.0,0.0,0.0,0.0,0.0,0,0,0,0.0,,,0.0,0.0,0.0,URP,,,,,0.0,0.0,0.0,0
550778,0.0,0.0,0.0,0.0,0.0,0.0,udp,0.0,,cs0,,249.0,,7.0,,Start,1,1,0,74,74,0,74.0,0.0,0.0,0.0,0.0,0,0,0,0.0,,,0.0,0.0,0.0,INT,,,610.0,,0.0,0.0,0.0,0
550822,0.0,0.0,0.0,0.0,0.0,0.0,udp,0.0,,cs0,,249.0,,7.0,,Start,1,1,0,74,74,0,74.0,0.0,0.0,0.0,0.0,0,0,0,0.0,,,0.0,0.0,0.0,INT,,,610.0,,0.0,0.0,0.0,0
550836,4.991507,4.991507,4.991507,4.991507,4.991507,4.991507,tcp,0.0,0.0,cs0,cs0,64.0,117.0,0.0,11.0,Status,36,7,29,39740,3609,36131,515.571411,1245.896606,60871.39453,4958.823242,55912.57422,0,0,0,0.0,0.0,0.0,7.01191,1.202042,5.609528,CON,1651712.0,400896.0,,,0.046038,0.020616,0.025422,0
550853,0.040999,0.040999,0.040999,0.040999,0.040999,0.040999,udp,0.0,0.0,cs0,cs0,64.0,62.0,0.0,2.0,Start,2,1,1,410,89,321,89.0,321.0,0.0,0.0,0.0,0,0,0,0.0,,,24.390839,0.0,0.0,CON,,,,,0.0,0.0,0.0,0
550873,0.0,0.0,0.0,0.0,0.0,0.0,icmp,192.0,,cs6,,64.0,,0.0,,Start,1,1,0,349,349,0,349.0,0.0,0.0,0.0,0.0,0,0,0,0.0,,,0.0,0.0,0.0,URP,,,,,0.0,0.0,0.0,0
550898,0.0,0.0,0.0,0.0,0.0,0.0,udp,0.0,,cs0,,249.0,,7.0,,Start,1,1,0,74,74,0,74.0,0.0,0.0,0.0,0.0,0,0,0,0.0,,,0.0,0.0,0.0,INT,,,610.0,,0.0,0.0,0.0,0
551005,0.0,0.0,0.0,0.0,0.0,0.0,udp,0.0,,cs0,,249.0,,7.0,,Start,1,1,0,74,74,0,74.0,0.0,0.0,0.0,0.0,0,0,0,0.0,,,0.0,0.0,0.0,INT,,,610.0,,0.0,0.0,0.0,0
551007,0.0,0.0,0.0,0.0,0.0,0.0,udp,0.0,,cs0,,249.0,,7.0,,Start,1,1,0,74,74,0,74.0,0.0,0.0,0.0,0.0,0,0,0,0.0,,,0.0,0.0,0.0,INT,,,610.0,,0.0,0.0,0.0,0
551024,0.0,0.0,0.0,0.0,0.0,0.0,udp,0.0,,cs0,,249.0,,7.0,,Start,1,1,0,74,74,0,74.0,0.0,0.0,0.0,0.0,0,0,0,0.0,,,0.0,0.0,0.0,INT,,,610.0,,0.0,0.0,0.0,0
551057,0.056029,0.056029,0.056029,0.056029,0.056029,0.056029,tcp,0.0,0.0,cs0,cs0,64.0,116.0,0.0,12.0,Start,4,2,2,1916,490,1426,245.0,713.0,136786.3125,34981.88281,101804.4219,0,0,0,0.0,0.0,0.0,53.543701,17.8479,17.8479,CON,167.0,290.0,,,0.0,0.0,0.0,0
551212,0.0,0.0,0.0,0.0,0.0,0.0,udp,0.0,,cs0,,249.0,,7.0,,Start,1,1,0,74,74,0,74.0,0.0,0.0,0.0,0.0,0,0,0,0.0,,,0.0,0.0,0.0,INT,,,610.0,,0.0,0.0,0.0,0
551225,0.0,0.0,0.0,0.0,0.0,0.0,udp,0.0,,cs0,,249.0,,7.0,,Start,1,1,0,74,74,0,74.0,0.0,0.0,0.0,0.0,0,0,0,0.0,,,0.0,0.0,0.0,INT,,,610.0,,0.0,0.0,0.0,0
551263,0.090904,0.090904,0.090904,0.090904,0.090904,0.090904,udp,0.0,0.0,cs0,cs0,64.0,62.0,0.0,2.0,Start,2,1,1,410,89,321,89.0,321.0,0.0,0.0,0.0,0,0,0,0.0,,,11.000616,0.0,0.0,CON,,,,,0.0,0.0,0.0,0
551274,0.0,0.0,0.0,0.0,0.0,0.0,udp,0.0,,cs0,,249.0,,7.0,,Start,1,1,0,74,74,0,74.0,0.0,0.0,0.0,0.0,0,0,0,0.0,,,0.0,0.0,0.0,INT,,,610.0,,0.0,0.0,0.0,0
551295,0.0,0.0,0.0,0.0,0.0,0.0,udp,0.0,,cs0,,249.0,,7.0,,Start,1,1,0,74,74,0,74.0,0.0,0.0,0.0,0.0,0,0,0,0.0,,,0.0,0.0,0.0,INT,,,610.0,,0.0,0.0,0.0,0
551327,0.0,0.0,0.0,0.0,0.0,0.0,udp,0.0,,cs0,,249.0,,7.0,,Start,1,1,0,74,74,0,74.0,0.0,0.0,0.0,0.0,0,0,0,0.0,,,0.0,0.0,0.0,INT,,,610.0,,0.0,0.0,0.0,0
551333,0.0,0.0,0.0,0.0,0.0,0.0,udp,0.0,,cs0,,249.0,,7.0,,Start,1,1,0,74,74,0,74.0,0.0,0.0,0.0,0.0,0,0,0,0.0,,,0.0,0.0,0.0,INT,,,610.0,,0.0,0.0,0.0,0
551362,0.0,0.0,0.0,0.0,0.0,0.0,udp,0.0,,cs0,,249.0,,7.0,,Start,1,1,0,74,74,0,74.0,0.0,0.0,0.0,0.0,0,0,0,0.0,,,0.0,0.0,0.0,INT,,,610.0,,0.0,0.0,0.0,0
551388,0.0,0.0,0.0,0.0,0.0,0.0,udp,0.0,,cs0,,249.0,,7.0,,Start,1,1,0,74,74,0,74.0,0.0,0.0,0.0,0.0,0,0,0,0.0,,,0.0,0.0,0.0,INT,,,610.0,,0.0,0.0,0.0,0
551468,0.121054,0.121054,0.121054,0.121054,0.121054,0.121054,udp,0.0,0.0,cs0,cs0,64.0,62.0,0.0,2.0,Start,2,1,1,239,89,150,89.0,150.0,0.0,0.0,0.0,0,0,0,0.0,,,8.260777,0.0,0.0,CON,,,,,0.0,0.0,0.0,0
551498,0.0,0.0,0.0,0.0,0.0,0.0,udp,0.0,,cs0,,249.0,,7.0,,Start,1,1,0,74,74,0,74.0,0.0,0.0,0.0,0.0,0,0,0,0.0,,,0.0,0.0,0.0,INT,,,610.0,,0.0,0.0,0.0,0
551503,0.0,0.0,0.0,0.0,0.0,0.0,udp,0.0,,cs0,,249.0,,7.0,,Start,1,1,0,74,74,0,74.0,0.0,0.0,0.0,0.0,0,0,0,0.0,,,0.0,0.0,0.0,INT,,,610.0,,0.0,0.0,0.0,0
551542,0.0,0.0,0.0,0.0,0.0,0.0,udp,0.0,,cs0,,249.0,,7.0,,Start,1,1,0,74,74,0,74.0,0.0,0.0,0.0,0.0,0,0,0,0.0,,,0.0,0.0,0.0,INT,,,610.0,,0.0,0.0,0.0,0
551573,0.0,0.0,0.0,0.0,0.0,0.0,udp,0.0,,cs0,,249.0,,7.0,,Start,1,1,0,74,74,0,74.0,0.0,0.0,0.0,0.0,0,0,0,0.0,,,0.0,0.0,0.0,INT,,,610.0,,0.0,0.0,0.0,0
551602,0.0,0.0,0.0,0.0,0.0,0.0,udp,0.0,,cs0,,249.0,,7.0,,Start,1,1,0,74,74,0,74.0,0.0,0.0,0.0,0.0,0,0,0,0.0,,,0.0,0.0,0.0,INT,,,610.0,,0.0,0.0,0.0,0
551700,0.0,0.0,0.0,0.0,0.0,0.0,udp,0.0,,cs0,,249.0,,7.0,,Start,1,1,0,74,74,0,74.0,0.0,0.0,0.0,0.0,0,0,0,0.0,,,0.0,0.0,0.0,INT,,,610.0,,0.0,0.0,0.0,0
551726,0.0,0.0,0.0,0.0,0.0,0.0,udp,0.0,,cs0,,249.0,,7.0,,Start,1,1,0,74,74,0,74.0,0.0,0.0,0.0,0.0,0,0,0,0.0,,,0.0,0.0,0.0,INT,,,610.0,,0.0,0.0,0.0,0
551822,0.0,0.0,0.0,0.0,0.0,0.0,udp,0.0,,cs0,,249.0,,7.0,,Start,1,1,0,74,74,0,74.0,0.0,0.0,0.0,0.0,0,0,0,0.0,,,0.0,0.0,0.0,INT,,,610.0,,0.0,0.0,0.0,0
551875,0.0,0.0,0.0,0.0,0.0,0.0,udp,0.0,,cs0,,249.0,,7.0,,Start,1,1,0,74,74,0,74.0,0.0,0.0,0.0,0.0,0,0,0,0.0,,,0.0,0.0,0.0,INT,,,610.0,,0.0,0.0,0.0,0
551991,0.0,0.0,0.0,0.0,0.0,0.0,udp,0.0,,cs0,,249.0,,7.0,,Start,1,1,0,74,74,0,74.0,0.0,0.0,0.0,0.0,0,0,0,0.0,,,0.0,0.0,0.0,INT,,,610.0,,0.0,0.0,0.0,0
551998,0.0,0.0,0.0,0.0,0.0,0.0,udp,0.0,,cs0,,249.0,,7.0,,Start,1,1,0,74,74,0,74.0,0.0,0.0,0.0,0.0,0,0,0,0.0,,,0.0,0.0,0.0,INT,,,610.0,,0.0,0.0,0.0,0
552006,0.0,0.0,0.0,0.0,0.0,0.0,udp,0.0,,cs0,,249.0,,7.0,,Start,1,1,0,74,74,0,74.0,0.0,0.0,0.0,0.0,0,0,0,0.0,,,0.0,0.0,0.0,INT,,,610.0,,0.0,0.0,0.0,0
552120,0.0,0.0,0.0,0.0,0.0,0.0,udp,0.0,,cs0,,249.0,,7.0,,Start,1,1,0,74,74,0,74.0,0.0,0.0,0.0,0.0,0,0,0,0.0,,,0.0,0.0,0.0,INT,,,610.0,,0.0,0.0,0.0,0
552202,0.0,0.0,0.0,0.0,0.0,0.0,udp,0.0,,cs0,,249.0,,7.0,,Start,1,1,0,74,74,0,74.0,0.0,0.0,0.0,0.0,0,0,0,0.0,,,0.0,0.0,0.0,INT,,,610.0,,0.0,0.0,0.0,0
552261,0.0,0.0,0.0,0.0,0.0,0.0,udp,0.0,,cs0,,249.0,,7.0,,Start,1,1,0,74,74,0,74.0,0.0,0.0,0.0,0.0,0,0,0,0.0,,,0.0,0.0,0.0,INT,,,610.0,,0.0,0.0,0.0,0
552295,0.0,0.0,0.0,0.0,0.0,0.0,udp,0.0,,cs0,,249.0,,7.0,,Start,1,1,0,74,74,0,74.0,0.0,0.0,0.0,0.0,0,0,0,0.0,,,0.0,0.0,0.0,INT,,,610.0,,0.0,0.0,0.0,0
552298,0.0,0.0,0.0,0.0,0.0,0.0,udp,0.0,,cs0,,249.0,,7.0,,Start,1,1,0,74,74,0,74.0,0.0,0.0,0.0,0.0,0,0,0,0.0,,,0.0,0.0,0.0,INT,,,610.0,,0.0,0.0,0.0,0
552522,0.0,0.0,0.0,0.0,0.0,0.0,udp,0.0,,cs0,,249.0,,7.0,,Start,1,1,0,74,74,0,74.0,0.0,0.0,0.0,0.0,0,0,0,0.0,,,0.0,0.0,0.0,INT,,,610.0,,0.0,0.0,0.0,0
552533,0.0,0.0,0.0,0.0,0.0,0.0,udp,0.0,,cs0,,249.0,,7.0,,Start,1,1,0,74,74,0,74.0,0.0,0.0,0.0,0.0,0,0,0,0.0,,,0.0,0.0,0.0,INT,,,610.0,,0.0,0.0,0.0,0
552577,0.0,0.0,0.0,0.0,0.0,0.0,udp,0.0,,cs0,,249.0,,7.0,,Start,1,1,0,74,74,0,74.0,0.0,0.0,0.0,0.0,0,0,0,0.0,,,0.0,0.0,0.0,INT,,,610.0,,0.0,0.0,0.0,0
552589,0.0,0.0,0.0,0.0,0.0,0.0,udp,0.0,,cs0,,249.0,,7.0,,Start,1,1,0,74,74,0,74.0,0.0,0.0,0.0,0.0,0,0,0,0.0,,,0.0,0.0,0.0,INT,,,610.0,,0.0,0.0,0.0,0
552599,0.0,0.0,0.0,0.0,0.0,0.0,udp,0.0,,cs0,,249.0,,7.0,,Start,1,1,0,74,74,0,74.0,0.0,0.0,0.0,0.0,0,0,0,0.0,,,0.0,0.0,0.0,INT,,,610.0,,0.0,0.0,0.0,0
552655,0.0,0.0,0.0,0.0,0.0,0.0,udp,0.0,,cs0,,249.0,,7.0,,Start,1,1,0,74,74,0,74.0,0.0,0.0,0.0,0.0,0,0,0,0.0,,,0.0,0.0,0.0,INT,,,610.0,,0.0,0.0,0.0,0
552662,0.0,0.0,0.0,0.0,0.0,0.0,udp,0.0,,cs0,,249.0,,7.0,,Start,1,1,0,74,74,0,74.0,0.0,0.0,0.0,0.0,0,0,0,0.0,,,0.0,0.0,0.0,INT,,,610.0,,0.0,0.0,0.0,0
552669,0.0,0.0,0.0,0.0,0.0,0.0,udp,0.0,,cs0,,249.0,,7.0,,Start,1,1,0,74,74,0,74.0,0.0,0.0,0.0,0.0,0,0,0,0.0,,,0.0,0.0,0.0,INT,,,610.0,,0.0,0.0,0.0,0
552678,0.0,0.0,0.0,0.0,0.0,0.0,udp,0.0,,cs0,,249.0,,7.0,,Start,1,1,0,74,74,0,74.0,0.0,0.0,0.0,0.0,0,0,0,0.0,,,0.0,0.0,0.0,INT,,,610.0,,0.0,0.0,0.0,0
552684,0.0,0.0,0.0,0.0,0.0,0.0,udp,0.0,,cs0,,249.0,,7.0,,Start,1,1,0,74,74,0,74.0,0.0,0.0,0.0,0.0,0,0,0,0.0,,,0.0,0.0,0.0,INT,,,610.0,,0.0,0.0,0.0,0
552717,0.0,0.0,0.0,0.0,0.0,0.0,udp,0.0,,cs0,,249.0,,7.0,,Start,1,1,0,74,74,0,74.0,0.0,0.0,0.0,0.0,0,0,0,0.0,,,0.0,0.0,0.0,INT,,,610.0,,0.0,0.0,0.0,0
552727,0.0,0.0,0.0,0.0,0.0,0.0,udp,0.0,,cs0,,249.0,,7.0,,Start,1,1,0,74,74,0,74.0,0.0,0.0,0.0,0.0,0,0,0,0.0,,,0.0,0.0,0.0,INT,,,610.0,,0.0,0.0,0.0,0
552790,0.0,0.0,0.0,0.0,0.0,0.0,udp,0.0,,cs0,,249.0,,7.0,,Start,1,1,0,74,74,0,74.0,0.0,0.0,0.0,0.0,0,0,0,0.0,,,0.0,0.0,0.0,INT,,,610.0,,0.0,0.0,0.0,0
552830,0.0,0.0,0.0,0.0,0.0,0.0,icmp,192.0,,cs6,,64.0,,0.0,,Start,1,1,0,178,178,0,178.0,0.0,0.0,0.0,0.0,0,0,0,0.0,,,0.0,0.0,0.0,URP,,,,,0.0,0.0,0.0,0
552887,0.0,0.0,0.0,0.0,0.0,0.0,udp,0.0,,cs0,,249.0,,7.0,,Start,1,1,0,74,74,0,74.0,0.0,0.0,0.0,0.0,0,0,0,0.0,,,0.0,0.0,0.0,INT,,,610.0,,0.0,0.0,0.0,0
552916,0.0,0.0,0.0,0.0,0.0,0.0,udp,0.0,,cs0,,249.0,,7.0,,Start,1,1,0,74,74,0,74.0,0.0,0.0,0.0,0.0,0,0,0,0.0,,,0.0,0.0,0.0,INT,,,610.0,,0.0,0.0,0.0,0
552929,0.0,0.0,0.0,0.0,0.0,0.0,udp,0.0,,cs0,,249.0,,7.0,,Start,1,1,0,74,74,0,74.0,0.0,0.0,0.0,0.0,0,0,0,0.0,,,0.0,0.0,0.0,INT,,,610.0,,0.0,0.0,0.0,0
552946,0.0,0.0,0.0,0.0,0.0,0.0,udp,0.0,,cs0,,249.0,,7.0,,Start,1,1,0,74,74,0,74.0,0.0,0.0,0.0,0.0,0,0,0,0.0,,,0.0,0.0,0.0,INT,,,610.0,,0.0,0.0,0.0,0
552990,0.0,0.0,0.0,0.0,0.0,0.0,udp,0.0,,cs0,,249.0,,7.0,,Start,1,1,0,74,74,0,74.0,0.0,0.0,0.0,0.0,0,0,0,0.0,,,0.0,0.0,0.0,INT,,,610.0,,0.0,0.0,0.0,0
552994,0.0,0.0,0.0,0.0,0.0,0.0,udp,0.0,,cs0,,249.0,,7.0,,Start,1,1,0,74,74,0,74.0,0.0,0.0,0.0,0.0,0,0,0,0.0,,,0.0,0.0,0.0,INT,,,610.0,,0.0,0.0,0.0,0
553006,0.0,0.0,0.0,0.0,0.0,0.0,udp,0.0,,cs0,,249.0,,7.0,,Start,1,1,0,74,74,0,74.0,0.0,0.0,0.0,0.0,0,0,0,0.0,,,0.0,0.0,0.0,INT,,,610.0,,0.0,0.0,0.0,0
553043,0.001322,0.001322,0.001322,0.001322,0.001322,0.001322,udp,0.0,0.0,cs0,cs0,64.0,62.0,0.0,2.0,Start,2,1,1,412,74,338,74.0,338.0,0.0,0.0,0.0,0,0,0,0.0,,,756.429626,0.0,0.0,CON,,,,,0.0,0.0,0.0,0
553073,0.0,0.0,0.0,0.0,0.0,0.0,udp,0.0,,cs0,,249.0,,7.0,,Start,1,1,0,74,74,0,74.0,0.0,0.0,0.0,0.0,0,0,0,0.0,,,0.0,0.0,0.0,INT,,,610.0,,0.0,0.0,0.0,0
553116,0.0,0.0,0.0,0.0,0.0,0.0,udp,0.0,,cs0,,249.0,,7.0,,Start,1,1,0,74,74,0,74.0,0.0,0.0,0.0,0.0,0,0,0,0.0,,,0.0,0.0,0.0,INT,,,610.0,,0.0,0.0,0.0,0
553165,0.0,0.0,0.0,0.0,0.0,0.0,udp,0.0,,cs0,,249.0,,7.0,,Start,1,1,0,74,74,0,74.0,0.0,0.0,0.0,0.0,0,0,0,0.0,,,0.0,0.0,0.0,INT,,,610.0,,0.0,0.0,0.0,0
553183,0.0,0.0,0.0,0.0,0.0,0.0,udp,0.0,,cs0,,249.0,,7.0,,Start,1,1,0,74,74,0,74.0,0.0,0.0,0.0,0.0,0,0,0,0.0,,,0.0,0.0,0.0,INT,,,610.0,,0.0,0.0,0.0,0
553204,0.0,0.0,0.0,0.0,0.0,0.0,udp,0.0,,cs0,,249.0,,7.0,,Start,1,1,0,74,74,0,74.0,0.0,0.0,0.0,0.0,0,0,0,0.0,,,0.0,0.0,0.0,INT,,,610.0,,0.0,0.0,0.0,0
553321,0.0,0.0,0.0,0.0,0.0,0.0,udp,0.0,,cs0,,249.0,,7.0,,Start,1,1,0,74,74,0,74.0,0.0,0.0,0.0,0.0,0,0,0,0.0,,,0.0,0.0,0.0,INT,,,610.0,,0.0,0.0,0.0,0
553376,0.0,0.0,0.0,0.0,0.0,0.0,udp,0.0,,cs0,,249.0,,7.0,,Start,1,1,0,74,74,0,74.0,0.0,0.0,0.0,0.0,0,0,0,0.0,,,0.0,0.0,0.0,INT,,,610.0,,0.0,0.0,0.0,0
553411,0.0,0.0,0.0,0.0,0.0,0.0,udp,0.0,,cs0,,249.0,,7.0,,Start,1,1,0,74,74,0,74.0,0.0,0.0,0.0,0.0,0,0,0,0.0,,,0.0,0.0,0.0,INT,,,610.0,,0.0,0.0,0.0,0
553451,0.0,0.0,0.0,0.0,0.0,0.0,udp,0.0,,cs0,,249.0,,7.0,,Start,1,1,0,74,74,0,74.0,0.0,0.0,0.0,0.0,0,0,0,0.0,,,0.0,0.0,0.0,INT,,,610.0,,0.0,0.0,0.0,0
553463,4.998892,4.998892,4.998892,4.998892,4.998892,4.998892,udp,0.0,0.0,cs0,cs0,64.0,117.0,0.0,11.0,Status,97,3,94,126864,875,125989,291.666656,1340.308472,200417.2188,934.607117,199482.6094,0,0,0,0.0,,,19.204256,0.400089,18.604124,CON,,,,,0.0,0.0,0.0,0
553511,0.0,0.0,0.0,0.0,0.0,0.0,udp,0.0,,cs0,,249.0,,7.0,,Start,1,1,0,74,74,0,74.0,0.0,0.0,0.0,0.0,0,0,0,0.0,,,0.0,0.0,0.0,INT,,,610.0,,0.0,0.0,0.0,0
553533,0.0,0.0,0.0,0.0,0.0,0.0,udp,0.0,,cs0,,249.0,,7.0,,Start,1,1,0,74,74,0,74.0,0.0,0.0,0.0,0.0,0,0,0,0.0,,,0.0,0.0,0.0,INT,,,610.0,,0.0,0.0,0.0,0
553596,0.0,0.0,0.0,0.0,0.0,0.0,udp,0.0,,cs0,,249.0,,7.0,,Start,1,1,0,74,74,0,74.0,0.0,0.0,0.0,0.0,0,0,0,0.0,,,0.0,0.0,0.0,INT,,,610.0,,0.0,0.0,0.0,0
553623,0.094036,0.094036,0.094036,0.094036,0.094036,0.094036,udp,0.0,0.0,cs0,cs0,64.0,62.0,0.0,2.0,Start,2,1,1,412,74,338,74.0,338.0,0.0,0.0,0.0,0,0,0,0.0,,,10.634226,0.0,0.0,CON,,,,,0.0,0.0,0.0,0
553648,0.0,0.0,0.0,0.0,0.0,0.0,udp,0.0,,cs0,,249.0,,7.0,,Start,1,1,0,74,74,0,74.0,0.0,0.0,0.0,0.0,0,0,0,0.0,,,0.0,0.0,0.0,INT,,,610.0,,0.0,0.0,0.0,0
553765,0.074012,0.074012,0.074012,0.074012,0.074012,0.074012,udp,0.0,0.0,cs0,cs0,64.0,62.0,0.0,2.0,Start,2,1,1,412,74,338,74.0,338.0,0.0,0.0,0.0,0,0,0,0.0,,,13.511323,0.0,0.0,CON,,,,,0.0,0.0,0.0,0
553772,0.0,0.0,0.0,0.0,0.0,0.0,icmp,192.0,,cs6,,64.0,,0.0,,Start,1,1,0,349,349,0,349.0,0.0,0.0,0.0,0.0,0,0,0,0.0,,,0.0,0.0,0.0,URP,,,,,0.0,0.0,0.0,0
553775,0.0,0.0,0.0,0.0,0.0,0.0,icmp,192.0,,cs6,,64.0,,0.0,,Start,1,1,0,370,370,0,370.0,0.0,0.0,0.0,0.0,0,0,0,0.0,,,0.0,0.0,0.0,URP,,,,,0.0,0.0,0.0,0
553780,0.063978,0.063978,0.063978,0.063978,0.063978,0.063978,udp,0.0,0.0,cs0,cs0,64.0,117.0,0.0,11.0,Status,5,3,2,670,532,138,177.333328,69.0,53018.22266,44390.25781,8627.96582,0,0,0,0.0,,,62.521492,31.260746,15.630373,CON,,,,,0.0,0.0,0.0,0
553856,0.0,0.0,0.0,0.0,0.0,0.0,udp,0.0,,cs0,,249.0,,7.0,,Start,1,1,0,74,74,0,74.0,0.0,0.0,0.0,0.0,0,0,0,0.0,,,0.0,0.0,0.0,INT,,,610.0,,0.0,0.0,0.0,0
553913,0.0,0.0,0.0,0.0,0.0,0.0,udp,0.0,,cs0,,249.0,,7.0,,Start,1,1,0,74,74,0,74.0,0.0,0.0,0.0,0.0,0,0,0,0.0,,,0.0,0.0,0.0,INT,,,610.0,,0.0,0.0,0.0,0
553916,0.0,0.0,0.0,0.0,0.0,0.0,udp,0.0,,cs0,,249.0,,7.0,,Start,1,1,0,74,74,0,74.0,0.0,0.0,0.0,0.0,0,0,0,0.0,,,0.0,0.0,0.0,INT,,,610.0,,0.0,0.0,0.0,0
553935,0.0,0.0,0.0,0.0,0.0,0.0,udp,0.0,,cs0,,249.0,,7.0,,Start,1,1,0,74,74,0,74.0,0.0,0.0,0.0,0.0,0,0,0,0.0,,,0.0,0.0,0.0,INT,,,610.0,,0.0,0.0,0.0,0
553949,0.0,0.0,0.0,0.0,0.0,0.0,udp,0.0,,cs0,,249.0,,7.0,,Start,1,1,0,74,74,0,74.0,0.0,0.0,0.0,0.0,0,0,0,0.0,,,0.0,0.0,0.0,INT,,,610.0,,0.0,0.0,0.0,0
553980,4.995869,4.995869,4.995869,4.995869,4.995869,4.995869,tcp,0.0,0.0,cs0,cs0,64.0,117.0,0.0,11.0,Status,54,21,33,45725,3197,42528,152.238098,1288.727295,70914.59375,4876.02832,66038.5625,0,0,0,0.0,0.0,0.0,10.608765,4.003307,6.405292,CON,1404928.0,268544.0,,,0.053012,0.021857,0.031155,0
553992,0.0,0.0,0.0,0.0,0.0,0.0,icmp,0.0,,cs0,,58.0,,6.0,,Start,1,1,0,98,98,0,98.0,0.0,0.0,0.0,0.0,0,0,0,0.0,,,0.0,0.0,0.0,ECO,,,,,0.0,0.0,0.0,0
554014,0.0,0.0,0.0,0.0,0.0,0.0,udp,0.0,,cs0,,249.0,,7.0,,Start,1,1,0,74,74,0,74.0,0.0,0.0,0.0,0.0,0,0,0,0.0,,,0.0,0.0,0.0,INT,,,610.0,,0.0,0.0,0.0,0
554035,0.0,0.0,0.0,0.0,0.0,0.0,udp,0.0,,cs0,,249.0,,7.0,,Start,1,1,0,74,74,0,74.0,0.0,0.0,0.0,0.0,0,0,0,0.0,,,0.0,0.0,0.0,INT,,,610.0,,0.0,0.0,0.0,0
554036,0.0,0.0,0.0,0.0,0.0,0.0,udp,0.0,,cs0,,249.0,,7.0,,Start,1,1,0,74,74,0,74.0,0.0,0.0,0.0,0.0,0,0,0,0.0,,,0.0,0.0,0.0,INT,,,610.0,,0.0,0.0,0.0,0
554053,0.0,0.0,0.0,0.0,0.0,0.0,udp,0.0,,cs0,,249.0,,7.0,,Start,1,1,0,74,74,0,74.0,0.0,0.0,0.0,0.0,0,0,0,0.0,,,0.0,0.0,0.0,INT,,,610.0,,0.0,0.0,0.0,0
554089,0.0,0.0,0.0,0.0,0.0,0.0,udp,0.0,,cs0,,249.0,,7.0,,Start,1,1,0,74,74,0,74.0,0.0,0.0,0.0,0.0,0,0,0,0.0,,,0.0,0.0,0.0,INT,,,610.0,,0.0,0.0,0.0,0
554100,0.0,0.0,0.0,0.0,0.0,0.0,udp,0.0,,cs0,,249.0,,7.0,,Start,1,1,0,74,74,0,74.0,0.0,0.0,0.0,0.0,0,0,0,0.0,,,0.0,0.0,0.0,INT,,,610.0,,0.0,0.0,0.0,0
554164,0.0,0.0,0.0,0.0,0.0,0.0,udp,0.0,,cs0,,249.0,,7.0,,Start,1,1,0,74,74,0,74.0,0.0,0.0,0.0,0.0,0,0,0,0.0,,,0.0,0.0,0.0,INT,,,610.0,,0.0,0.0,0.0,0
554184,0.0,0.0,0.0,0.0,0.0,0.0,udp,0.0,,cs0,,249.0,,7.0,,Start,1,1,0,74,74,0,74.0,0.0,0.0,0.0,0.0,0,0,0,0.0,,,0.0,0.0,0.0,INT,,,610.0,,0.0,0.0,0.0,0
554192,0.0,0.0,0.0,0.0,0.0,0.0,udp,0.0,,cs0,,249.0,,7.0,,Start,1,1,0,74,74,0,74.0,0.0,0.0,0.0,0.0,0,0,0,0.0,,,0.0,0.0,0.0,INT,,,610.0,,0.0,0.0,0.0,0
554210,4.968848,4.968848,4.968848,4.968848,4.968848,4.968848,tcp,0.0,0.0,cs0,cs0,64.0,117.0,0.0,11.0,Status,46,13,33,45157,2657,42500,204.384613,1287.878784,70303.61719,3949.40625,66354.21094,0,0,0,0.0,0.0,0.0,9.056425,2.415047,6.440124,CON,1402880.0,268544.0,,,0.053012,0.021857,0.031155,0
554295,0.0,0.0,0.0,0.0,0.0,0.0,udp,0.0,,cs0,,249.0,,7.0,,Start,1,1,0,74,74,0,74.0,0.0,0.0,0.0,0.0,0,0,0,0.0,,,0.0,0.0,0.0,INT,,,610.0,,0.0,0.0,0.0,0
554297,0.0,0.0,0.0,0.0,0.0,0.0,udp,0.0,,cs0,,249.0,,7.0,,Start,1,1,0,74,74,0,74.0,0.0,0.0,0.0,0.0,0,0,0,0.0,,,0.0,0.0,0.0,INT,,,610.0,,0.0,0.0,0.0,0
554356,0.0,0.0,0.0,0.0,0.0,0.0,udp,0.0,,cs0,,249.0,,7.0,,Start,1,1,0,74,74,0,74.0,0.0,0.0,0.0,0.0,0,0,0,0.0,,,0.0,0.0,0.0,INT,,,610.0,,0.0,0.0,0.0,0
554363,0.0,0.0,0.0,0.0,0.0,0.0,udp,0.0,,cs0,,249.0,,7.0,,Start,1,1,0,74,74,0,74.0,0.0,0.0,0.0,0.0,0,0,0,0.0,,,0.0,0.0,0.0,INT,,,610.0,,0.0,0.0,0.0,0
554397,0.0,0.0,0.0,0.0,0.0,0.0,udp,0.0,,cs0,,249.0,,7.0,,Start,1,1,0,74,74,0,74.0,0.0,0.0,0.0,0.0,0,0,0,0.0,,,0.0,0.0,0.0,INT,,,610.0,,0.0,0.0,0.0,0
554400,0.0,0.0,0.0,0.0,0.0,0.0,udp,0.0,,cs0,,249.0,,7.0,,Start,1,1,0,74,74,0,74.0,0.0,0.0,0.0,0.0,0,0,0,0.0,,,0.0,0.0,0.0,INT,,,610.0,,0.0,0.0,0.0,0
554405,0.0,0.0,0.0,0.0,0.0,0.0,udp,0.0,,cs0,,249.0,,7.0,,Start,1,1,0,74,74,0,74.0,0.0,0.0,0.0,0.0,0,0,0,0.0,,,0.0,0.0,0.0,INT,,,610.0,,0.0,0.0,0.0,0
554553,0.0,0.0,0.0,0.0,0.0,0.0,udp,0.0,,cs0,,249.0,,7.0,,Start,1,1,0,74,74,0,74.0,0.0,0.0,0.0,0.0,0,0,0,0.0,,,0.0,0.0,0.0,INT,,,610.0,,0.0,0.0,0.0,0
554639,0.0,0.0,0.0,0.0,0.0,0.0,udp,0.0,,cs0,,249.0,,7.0,,Start,1,1,0,74,74,0,74.0,0.0,0.0,0.0,0.0,0,0,0,0.0,,,0.0,0.0,0.0,INT,,,610.0,,0.0,0.0,0.0,0
554654,0.0,0.0,0.0,0.0,0.0,0.0,udp,0.0,,cs0,,249.0,,7.0,,Start,1,1,0,74,74,0,74.0,0.0,0.0,0.0,0.0,0,0,0,0.0,,,0.0,0.0,0.0,INT,,,610.0,,0.0,0.0,0.0,0
554761,0.0,0.0,0.0,0.0,0.0,0.0,udp,0.0,,cs0,,249.0,,7.0,,Start,1,1,0,74,74,0,74.0,0.0,0.0,0.0,0.0,0,0,0,0.0,,,0.0,0.0,0.0,INT,,,610.0,,0.0,0.0,0.0,0
555004,0.0,0.0,0.0,0.0,0.0,0.0,udp,0.0,,cs0,,249.0,,7.0,,Start,1,1,0,74,74,0,74.0,0.0,0.0,0.0,0.0,0,0,0,0.0,,,0.0,0.0,0.0,INT,,,610.0,,0.0,0.0,0.0,0
555024,0.0,0.0,0.0,0.0,0.0,0.0,udp,0.0,,cs0,,249.0,,7.0,,Start,1,1,0,74,74,0,74.0,0.0,0.0,0.0,0.0,0,0,0,0.0,,,0.0,0.0,0.0,INT,,,610.0,,0.0,0.0,0.0,0
555063,0.0,0.0,0.0,0.0,0.0,0.0,udp,0.0,,cs0,,249.0,,7.0,,Start,1,1,0,74,74,0,74.0,0.0,0.0,0.0,0.0,0,0,0,0.0,,,0.0,0.0,0.0,INT,,,610.0,,0.0,0.0,0.0,0
555074,0.0,0.0,0.0,0.0,0.0,0.0,udp,0.0,,cs0,,249.0,,7.0,,Start,1,1,0,74,74,0,74.0,0.0,0.0,0.0,0.0,0,0,0,0.0,,,0.0,0.0,0.0,INT,,,610.0,,0.0,0.0,0.0,0
555155,0.0,0.0,0.0,0.0,0.0,0.0,udp,0.0,,cs0,,249.0,,7.0,,Start,1,1,0,74,74,0,74.0,0.0,0.0,0.0,0.0,0,0,0,0.0,,,0.0,0.0,0.0,INT,,,610.0,,0.0,0.0,0.0,0
555198,0.053986,0.053986,0.053986,0.053986,0.053986,0.053986,udp,0.0,0.0,cs0,cs0,64.0,62.0,0.0,2.0,Start,2,1,1,239,89,150,89.0,150.0,0.0,0.0,0.0,0,0,0,0.0,,,18.523321,0.0,0.0,CON,,,,,0.0,0.0,0.0,0
555227,0.0,0.0,0.0,0.0,0.0,0.0,udp,0.0,,cs0,,249.0,,7.0,,Start,1,1,0,74,74,0,74.0,0.0,0.0,0.0,0.0,0,0,0,0.0,,,0.0,0.0,0.0,INT,,,610.0,,0.0,0.0,0.0,0
555397,2.999685,2.999685,2.999685,2.999685,2.999685,2.999685,tcp,136.0,,af41,,255.0,,1.0,,Start,3,3,0,222,222,0,74.0,0.0,394.708099,394.708099,0.0,2,2,0,40.0,0.0,0.0,0.666737,0.666737,0.0,REQ,3737600.0,,,,0.0,0.0,0.0,0
555497,0.0,0.0,0.0,0.0,0.0,0.0,udp,0.0,,cs0,,249.0,,7.0,,Start,1,1,0,74,74,0,74.0,0.0,0.0,0.0,0.0,0,0,0,0.0,,,0.0,0.0,0.0,INT,,,610.0,,0.0,0.0,0.0,0
555527,0.0,0.0,0.0,0.0,0.0,0.0,udp,0.0,,cs0,,249.0,,7.0,,Start,1,1,0,74,74,0,74.0,0.0,0.0,0.0,0.0,0,0,0,0.0,,,0.0,0.0,0.0,INT,,,610.0,,0.0,0.0,0.0,0
555540,0.0,0.0,0.0,0.0,0.0,0.0,udp,0.0,,cs0,,249.0,,7.0,,Start,1,1,0,74,74,0,74.0,0.0,0.0,0.0,0.0,0,0,0,0.0,,,0.0,0.0,0.0,INT,,,610.0,,0.0,0.0,0.0,0
555554,0.0,0.0,0.0,0.0,0.0,0.0,udp,0.0,,cs0,,249.0,,7.0,,Start,1,1,0,74,74,0,74.0,0.0,0.0,0.0,0.0,0,0,0,0.0,,,0.0,0.0,0.0,INT,,,610.0,,0.0,0.0,0.0,0
555565,0.0,0.0,0.0,0.0,0.0,0.0,udp,0.0,,cs0,,249.0,,7.0,,Start,1,1,0,74,74,0,74.0,0.0,0.0,0.0,0.0,0,0,0,0.0,,,0.0,0.0,0.0,INT,,,610.0,,0.0,0.0,0.0,0
555587,0.0,0.0,0.0,0.0,0.0,0.0,udp,0.0,,cs0,,249.0,,7.0,,Start,1,1,0,74,74,0,74.0,0.0,0.0,0.0,0.0,0,0,0,0.0,,,0.0,0.0,0.0,INT,,,610.0,,0.0,0.0,0.0,0
555620,0.0,0.0,0.0,0.0,0.0,0.0,icmp,0.0,,cs0,,58.0,,6.0,,Start,1,1,0,98,98,0,98.0,0.0,0.0,0.0,0.0,0,0,0,0.0,,,0.0,0.0,0.0,ECO,,,,,0.0,0.0,0.0,0
555701,0.0,0.0,0.0,0.0,0.0,0.0,udp,0.0,,cs0,,249.0,,7.0,,Start,1,1,0,74,74,0,74.0,0.0,0.0,0.0,0.0,0,0,0,0.0,,,0.0,0.0,0.0,INT,,,610.0,,0.0,0.0,0.0,0
555720,0.0,0.0,0.0,0.0,0.0,0.0,udp,0.0,,cs0,,249.0,,7.0,,Start,1,1,0,74,74,0,74.0,0.0,0.0,0.0,0.0,0,0,0,0.0,,,0.0,0.0,0.0,INT,,,610.0,,0.0,0.0,0.0,0
555744,0.0,0.0,0.0,0.0,0.0,0.0,udp,0.0,,cs0,,249.0,,7.0,,Start,1,1,0,74,74,0,74.0,0.0,0.0,0.0,0.0,0,0,0,0.0,,,0.0,0.0,0.0,INT,,,610.0,,0.0,0.0,0.0,0
555757,0.0,0.0,0.0,0.0,0.0,0.0,udp,0.0,,cs0,,249.0,,7.0,,Start,1,1,0,74,74,0,74.0,0.0,0.0,0.0,0.0,0,0,0,0.0,,,0.0,0.0,0.0,INT,,,610.0,,0.0,0.0,0.0,0
555769,0.0,0.0,0.0,0.0,0.0,0.0,udp,0.0,,cs0,,249.0,,7.0,,Start,1,1,0,74,74,0,74.0,0.0,0.0,0.0,0.0,0,0,0,0.0,,,0.0,0.0,0.0,INT,,,610.0,,0.0,0.0,0.0,0
555827,0.0,0.0,0.0,0.0,0.0,0.0,udp,0.0,,cs0,,249.0,,7.0,,Start,1,1,0,74,74,0,74.0,0.0,0.0,0.0,0.0,0,0,0,0.0,,,0.0,0.0,0.0,INT,,,610.0,,0.0,0.0,0.0,0
555840,4.985952,4.985952,4.985952,4.985952,4.985952,4.985952,tcp,0.0,0.0,cs0,cs0,64.0,117.0,0.0,11.0,Status,84,23,61,88994,3388,85606,147.304352,1403.377075,140304.6094,5200.210449,135104.3906,0,0,0,0.0,0.0,0.0,16.64677,4.412397,12.033811,CON,2096128.0,543744.0,,,0.033002,0.020769,0.012233,0
555959,0.0,0.0,0.0,0.0,0.0,0.0,udp,0.0,,cs0,,249.0,,7.0,,Start,1,1,0,74,74,0,74.0,0.0,0.0,0.0,0.0,0,0,0,0.0,,,0.0,0.0,0.0,INT,,,610.0,,0.0,0.0,0.0,0
555966,0.0,0.0,0.0,0.0,0.0,0.0,udp,0.0,,cs0,,249.0,,7.0,,Start,1,1,0,74,74,0,74.0,0.0,0.0,0.0,0.0,0,0,0,0.0,,,0.0,0.0,0.0,INT,,,610.0,,0.0,0.0,0.0,0
556001,0.0,0.0,0.0,0.0,0.0,0.0,udp,0.0,,cs0,,249.0,,7.0,,Start,1,1,0,74,74,0,74.0,0.0,0.0,0.0,0.0,0,0,0,0.0,,,0.0,0.0,0.0,INT,,,610.0,,0.0,0.0,0.0,0
556080,0.04211,0.04211,0.04211,0.04211,0.04211,0.04211,udp,0.0,0.0,cs0,cs0,64.0,62.0,0.0,2.0,Start,2,1,1,410,89,321,89.0,321.0,0.0,0.0,0.0,0,0,0,0.0,,,23.747328,0.0,0.0,CON,,,,,0.0,0.0,0.0,0
556099,0.0,0.0,0.0,0.0,0.0,0.0,udp,0.0,,cs0,,249.0,,7.0,,Start,1,1,0,74,74,0,74.0,0.0,0.0,0.0,0.0,0,0,0,0.0,,,0.0,0.0,0.0,INT,,,610.0,,0.0,0.0,0.0,0
556256,0.034112,0.034112,0.034112,0.034112,0.034112,0.034112,udp,0.0,0.0,cs0,cs0,64.0,62.0,0.0,2.0,Start,2,1,1,410,89,321,89.0,321.0,0.0,0.0,0.0,0,0,0,0.0,,,29.315197,0.0,0.0,CON,,,,,0.0,0.0,0.0,0
556257,0.0,0.0,0.0,0.0,0.0,0.0,icmp,192.0,,cs6,,64.0,,0.0,,Start,1,1,0,349,349,0,349.0,0.0,0.0,0.0,0.0,0,0,0,0.0,,,0.0,0.0,0.0,URP,,,,,0.0,0.0,0.0,0
556263,0.0,0.0,0.0,0.0,0.0,0.0,icmp,0.0,,cs0,,58.0,,6.0,,Start,1,1,0,98,98,0,98.0,0.0,0.0,0.0,0.0,0,0,0,0.0,,,0.0,0.0,0.0,ECO,,,,,0.0,0.0,0.0,0
556288,0.0,0.0,0.0,0.0,0.0,0.0,udp,0.0,,cs0,,249.0,,7.0,,Start,1,1,0,74,74,0,74.0,0.0,0.0,0.0,0.0,0,0,0,0.0,,,0.0,0.0,0.0,INT,,,610.0,,0.0,0.0,0.0,0
556343,0.0,0.0,0.0,0.0,0.0,0.0,udp,0.0,,cs0,,249.0,,7.0,,Start,1,1,0,74,74,0,74.0,0.0,0.0,0.0,0.0,0,0,0,0.0,,,0.0,0.0,0.0,INT,,,610.0,,0.0,0.0,0.0,0
556364,0.0,0.0,0.0,0.0,0.0,0.0,udp,0.0,,cs0,,249.0,,7.0,,Start,1,1,0,74,74,0,74.0,0.0,0.0,0.0,0.0,0,0,0,0.0,,,0.0,0.0,0.0,INT,,,610.0,,0.0,0.0,0.0,0
556365,0.0,0.0,0.0,0.0,0.0,0.0,udp,0.0,,cs0,,249.0,,7.0,,Start,1,1,0,74,74,0,74.0,0.0,0.0,0.0,0.0,0,0,0,0.0,,,0.0,0.0,0.0,INT,,,610.0,,0.0,0.0,0.0,0
556466,0.054013,0.054013,0.054013,0.054013,0.054013,0.054013,udp,0.0,48.0,cs0,af12,64.0,62.0,0.0,2.0,Start,2,1,1,412,74,338,74.0,338.0,0.0,0.0,0.0,0,0,0,0.0,,,18.514061,0.0,0.0,CON,,,,,0.0,0.0,0.0,0
556533,0.0,0.0,0.0,0.0,0.0,0.0,udp,0.0,,cs0,,249.0,,7.0,,Start,1,1,0,74,74,0,74.0,0.0,0.0,0.0,0.0,0,0,0,0.0,,,0.0,0.0,0.0,INT,,,610.0,,0.0,0.0,0.0,0
556735,0.0,0.0,0.0,0.0,0.0,0.0,udp,0.0,,cs0,,249.0,,7.0,,Start,1,1,0,74,74,0,74.0,0.0,0.0,0.0,0.0,0,0,0,0.0,,,0.0,0.0,0.0,INT,,,610.0,,0.0,0.0,0.0,0
556750,0.0,0.0,0.0,0.0,0.0,0.0,udp,0.0,,cs0,,249.0,,7.0,,Start,1,1,0,74,74,0,74.0,0.0,0.0,0.0,0.0,0,0,0,0.0,,,0.0,0.0,0.0,INT,,,610.0,,0.0,0.0,0.0,0
556781,0.0,0.0,0.0,0.0,0.0,0.0,udp,0.0,,cs0,,249.0,,7.0,,Start,1,1,0,74,74,0,74.0,0.0,0.0,0.0,0.0,0,0,0,0.0,,,0.0,0.0,0.0,INT,,,610.0,,0.0,0.0,0.0,0
556803,0.0,0.0,0.0,0.0,0.0,0.0,udp,0.0,,cs0,,249.0,,7.0,,Start,1,1,0,74,74,0,74.0,0.0,0.0,0.0,0.0,0,0,0,0.0,,,0.0,0.0,0.0,INT,,,610.0,,0.0,0.0,0.0,0
556826,0.0,0.0,0.0,0.0,0.0,0.0,udp,0.0,,cs0,,249.0,,7.0,,Start,1,1,0,74,74,0,74.0,0.0,0.0,0.0,0.0,0,0,0,0.0,,,0.0,0.0,0.0,INT,,,610.0,,0.0,0.0,0.0,0
556877,0.0,0.0,0.0,0.0,0.0,0.0,udp,0.0,,cs0,,249.0,,7.0,,Start,1,1,0,74,74,0,74.0,0.0,0.0,0.0,0.0,0,0,0,0.0,,,0.0,0.0,0.0,INT,,,610.0,,0.0,0.0,0.0,0
556901,0.0,0.0,0.0,0.0,0.0,0.0,udp,0.0,,cs0,,249.0,,7.0,,Start,1,1,0,74,74,0,74.0,0.0,0.0,0.0,0.0,0,0,0,0.0,,,0.0,0.0,0.0,INT,,,610.0,,0.0,0.0,0.0,0
556910,0.0,0.0,0.0,0.0,0.0,0.0,udp,0.0,,cs0,,249.0,,7.0,,Start,1,1,0,74,74,0,74.0,0.0,0.0,0.0,0.0,0,0,0,0.0,,,0.0,0.0,0.0,INT,,,610.0,,0.0,0.0,0.0,0
557090,0.0,0.0,0.0,0.0,0.0,0.0,udp,0.0,,cs0,,249.0,,7.0,,Start,1,1,0,74,74,0,74.0,0.0,0.0,0.0,0.0,0,0,0,0.0,,,0.0,0.0,0.0,INT,,,610.0,,0.0,0.0,0.0,0
557120,0.0,0.0,0.0,0.0,0.0,0.0,udp,0.0,,cs0,,249.0,,7.0,,Start,1,1,0,74,74,0,74.0,0.0,0.0,0.0,0.0,0,0,0,0.0,,,0.0,0.0,0.0,INT,,,610.0,,0.0,0.0,0.0,0
557145,0.0,0.0,0.0,0.0,0.0,0.0,udp,0.0,,cs0,,249.0,,7.0,,Start,1,1,0,74,74,0,74.0,0.0,0.0,0.0,0.0,0,0,0,0.0,,,0.0,0.0,0.0,INT,,,610.0,,0.0,0.0,0.0,0
557155,0.0,0.0,0.0,0.0,0.0,0.0,udp,0.0,,cs0,,249.0,,7.0,,Start,1,1,0,74,74,0,74.0,0.0,0.0,0.0,0.0,0,0,0,0.0,,,0.0,0.0,0.0,INT,,,610.0,,0.0,0.0,0.0,0
557204,0.0,0.0,0.0,0.0,0.0,0.0,udp,0.0,,cs0,,249.0,,7.0,,Start,1,1,0,74,74,0,74.0,0.0,0.0,0.0,0.0,0,0,0,0.0,,,0.0,0.0,0.0,INT,,,610.0,,0.0,0.0,0.0,0
557211,0.0,0.0,0.0,0.0,0.0,0.0,udp,0.0,,cs0,,249.0,,7.0,,Start,1,1,0,74,74,0,74.0,0.0,0.0,0.0,0.0,0,0,0,0.0,,,0.0,0.0,0.0,INT,,,610.0,,0.0,0.0,0.0,0
557250,0.0,0.0,0.0,0.0,0.0,0.0,icmp,0.0,,cs0,,58.0,,6.0,,Start,1,1,0,98,98,0,98.0,0.0,0.0,0.0,0.0,0,0,0,0.0,,,0.0,0.0,0.0,ECO,,,,,0.0,0.0,0.0,0
557282,0.0,0.0,0.0,0.0,0.0,0.0,udp,0.0,,cs0,,249.0,,7.0,,Start,1,1,0,74,74,0,74.0,0.0,0.0,0.0,0.0,0,0,0,0.0,,,0.0,0.0,0.0,INT,,,610.0,,0.0,0.0,0.0,0
557310,0.0,0.0,0.0,0.0,0.0,0.0,udp,0.0,,cs0,,249.0,,7.0,,Start,1,1,0,74,74,0,74.0,0.0,0.0,0.0,0.0,0,0,0,0.0,,,0.0,0.0,0.0,INT,,,610.0,,0.0,0.0,0.0,0
557321,0.0,0.0,0.0,0.0,0.0,0.0,udp,0.0,,cs0,,249.0,,7.0,,Start,1,1,0,74,74,0,74.0,0.0,0.0,0.0,0.0,0,0,0,0.0,,,0.0,0.0,0.0,INT,,,610.0,,0.0,0.0,0.0,0
557540,0.0,0.0,0.0,0.0,0.0,0.0,udp,0.0,,cs0,,249.0,,7.0,,Start,1,1,0,74,74,0,74.0,0.0,0.0,0.0,0.0,0,0,0,0.0,,,0.0,0.0,0.0,INT,,,610.0,,0.0,0.0,0.0,0
557545,0.0,0.0,0.0,0.0,0.0,0.0,udp,0.0,,cs0,,249.0,,7.0,,Start,1,1,0,74,74,0,74.0,0.0,0.0,0.0,0.0,0,0,0,0.0,,,0.0,0.0,0.0,INT,,,610.0,,0.0,0.0,0.0,0
557572,4.926149,4.926149,4.926149,4.926149,4.926149,4.926149,udp,0.0,0.0,cs0,cs0,64.0,117.0,0.0,11.0,Status,117,7,110,150581,3689,146892,527.0,1335.381836,241517.6719,5135.045898,236382.625,0,0,0,0.0,,,23.547806,1.21799,22.126818,CON,,,,,0.0,0.0,0.0,0
557584,0.0,0.0,0.0,0.0,0.0,0.0,icmp,0.0,,cs0,,58.0,,6.0,,Start,1,1,0,98,98,0,98.0,0.0,0.0,0.0,0.0,0,0,0,0.0,,,0.0,0.0,0.0,ECO,,,,,0.0,0.0,0.0,0
557660,0.0,0.0,0.0,0.0,0.0,0.0,udp,0.0,,cs0,,249.0,,7.0,,Start,1,1,0,74,74,0,74.0,0.0,0.0,0.0,0.0,0,0,0,0.0,,,0.0,0.0,0.0,INT,,,610.0,,0.0,0.0,0.0,0
557667,0.0,0.0,0.0,0.0,0.0,0.0,udp,0.0,,cs0,,249.0,,7.0,,Start,1,1,0,74,74,0,74.0,0.0,0.0,0.0,0.0,0,0,0,0.0,,,0.0,0.0,0.0,INT,,,610.0,,0.0,0.0,0.0,0
557724,0.0,0.0,0.0,0.0,0.0,0.0,udp,0.0,,cs0,,249.0,,7.0,,Start,1,1,0,74,74,0,74.0,0.0,0.0,0.0,0.0,0,0,0,0.0,,,0.0,0.0,0.0,INT,,,610.0,,0.0,0.0,0.0,0
557743,0.0,0.0,0.0,0.0,0.0,0.0,udp,0.0,,cs0,,249.0,,7.0,,Start,1,1,0,74,74,0,74.0,0.0,0.0,0.0,0.0,0,0,0,0.0,,,0.0,0.0,0.0,INT,,,610.0,,0.0,0.0,0.0,0
557749,0.0,0.0,0.0,0.0,0.0,0.0,udp,0.0,,cs0,,249.0,,7.0,,Start,1,1,0,74,74,0,74.0,0.0,0.0,0.0,0.0,0,0,0,0.0,,,0.0,0.0,0.0,INT,,,610.0,,0.0,0.0,0.0,0
557803,0.0,0.0,0.0,0.0,0.0,0.0,icmp,0.0,,cs0,,58.0,,6.0,,Start,1,1,0,98,98,0,98.0,0.0,0.0,0.0,0.0,0,0,0,0.0,,,0.0,0.0,0.0,ECO,,,,,0.0,0.0,0.0,0
557804,4.883216,4.883216,4.883216,4.883216,4.883216,4.883216,tcp,0.0,0.0,cs0,cs0,64.0,117.0,0.0,11.0,Status,101,40,61,90520,4546,85974,113.650002,1409.40979,145802.2656,7262.427246,138539.8438,0,0,0,0.0,0.0,0.0,20.478308,7.98654,12.286984,CON,2096128.0,590080.0,,,0.033002,0.020769,0.012233,0
557847,0.0,0.0,0.0,0.0,0.0,0.0,udp,0.0,,cs0,,249.0,,7.0,,Start,1,1,0,74,74,0,74.0,0.0,0.0,0.0,0.0,0,0,0,0.0,,,0.0,0.0,0.0,INT,,,610.0,,0.0,0.0,0.0,0
557870,0.0,0.0,0.0,0.0,0.0,0.0,udp,0.0,,cs0,,249.0,,7.0,,Start,1,1,0,74,74,0,74.0,0.0,0.0,0.0,0.0,0,0,0,0.0,,,0.0,0.0,0.0,INT,,,610.0,,0.0,0.0,0.0,0
557890,0.0,0.0,0.0,0.0,0.0,0.0,udp,0.0,,cs0,,249.0,,7.0,,Start,1,1,0,74,74,0,74.0,0.0,0.0,0.0,0.0,0,0,0,0.0,,,0.0,0.0,0.0,INT,,,610.0,,0.0,0.0,0.0,0
557932,0.0,0.0,0.0,0.0,0.0,0.0,udp,0.0,,cs0,,249.0,,7.0,,Start,1,1,0,74,74,0,74.0,0.0,0.0,0.0,0.0,0,0,0,0.0,,,0.0,0.0,0.0,INT,,,610.0,,0.0,0.0,0.0,0
557948,0.0,0.0,0.0,0.0,0.0,0.0,udp,0.0,,cs0,,249.0,,7.0,,Start,1,1,0,74,74,0,74.0,0.0,0.0,0.0,0.0,0,0,0,0.0,,,0.0,0.0,0.0,INT,,,610.0,,0.0,0.0,0.0,0
557980,0.0,0.0,0.0,0.0,0.0,0.0,udp,0.0,,cs0,,249.0,,7.0,,Start,1,1,0,74,74,0,74.0,0.0,0.0,0.0,0.0,0,0,0,0.0,,,0.0,0.0,0.0,INT,,,610.0,,0.0,0.0,0.0,0
558035,0.0,0.0,0.0,0.0,0.0,0.0,icmp,192.0,,cs6,,64.0,,0.0,,Start,1,1,0,178,178,0,178.0,0.0,0.0,0.0,0.0,0,0,0,0.0,,,0.0,0.0,0.0,URP,,,,,0.0,0.0,0.0,0
558043,0.0,0.0,0.0,0.0,0.0,0.0,icmp,0.0,,cs0,,58.0,,6.0,,Start,1,1,0,98,98,0,98.0,0.0,0.0,0.0,0.0,0,0,0,0.0,,,0.0,0.0,0.0,ECO,,,,,0.0,0.0,0.0,0
558078,0.0,0.0,0.0,0.0,0.0,0.0,udp,0.0,,cs0,,249.0,,7.0,,Start,1,1,0,74,74,0,74.0,0.0,0.0,0.0,0.0,0,0,0,0.0,,,0.0,0.0,0.0,INT,,,610.0,,0.0,0.0,0.0,0
558160,0.0,0.0,0.0,0.0,0.0,0.0,udp,0.0,,cs0,,249.0,,7.0,,Start,1,1,0,74,74,0,74.0,0.0,0.0,0.0,0.0,0,0,0,0.0,,,0.0,0.0,0.0,INT,,,610.0,,0.0,0.0,0.0,0
558251,0.0,0.0,0.0,0.0,0.0,0.0,udp,0.0,,cs0,,249.0,,7.0,,Start,1,1,0,74,74,0,74.0,0.0,0.0,0.0,0.0,0,0,0,0.0,,,0.0,0.0,0.0,INT,,,610.0,,0.0,0.0,0.0,0
558281,0.0,0.0,0.0,0.0,0.0,0.0,udp,0.0,,cs0,,249.0,,7.0,,Start,1,1,0,74,74,0,74.0,0.0,0.0,0.0,0.0,0,0,0,0.0,,,0.0,0.0,0.0,INT,,,610.0,,0.0,0.0,0.0,0
558324,0.0,0.0,0.0,0.0,0.0,0.0,udp,0.0,,cs0,,249.0,,7.0,,Start,1,1,0,74,74,0,74.0,0.0,0.0,0.0,0.0,0,0,0,0.0,,,0.0,0.0,0.0,INT,,,610.0,,0.0,0.0,0.0,0
558343,0.0,0.0,0.0,0.0,0.0,0.0,udp,0.0,,cs0,,249.0,,7.0,,Start,1,1,0,74,74,0,74.0,0.0,0.0,0.0,0.0,0,0,0,0.0,,,0.0,0.0,0.0,INT,,,610.0,,0.0,0.0,0.0,0
558371,0.0,0.0,0.0,0.0,0.0,0.0,udp,0.0,,cs0,,249.0,,7.0,,Start,1,1,0,74,74,0,74.0,0.0,0.0,0.0,0.0,0,0,0,0.0,,,0.0,0.0,0.0,INT,,,610.0,,0.0,0.0,0.0,0
558446,0.0,0.0,0.0,0.0,0.0,0.0,icmp,208.0,,52,,64.0,,0.0,,Start,1,1,0,349,349,0,349.0,0.0,0.0,0.0,0.0,0,0,0,0.0,,,0.0,0.0,0.0,URP,,,,,0.0,0.0,0.0,0
558469,0.0,0.0,0.0,0.0,0.0,0.0,udp,0.0,,cs0,,249.0,,7.0,,Start,1,1,0,74,74,0,74.0,0.0,0.0,0.0,0.0,0,0,0,0.0,,,0.0,0.0,0.0,INT,,,610.0,,0.0,0.0,0.0,0
558497,0.0,0.0,0.0,0.0,0.0,0.0,udp,0.0,,cs0,,249.0,,7.0,,Start,1,1,0,74,74,0,74.0,0.0,0.0,0.0,0.0,0,0,0,0.0,,,0.0,0.0,0.0,INT,,,610.0,,0.0,0.0,0.0,0
558505,0.0,0.0,0.0,0.0,0.0,0.0,udp,0.0,,cs0,,249.0,,7.0,,Start,1,1,0,74,74,0,74.0,0.0,0.0,0.0,0.0,0,0,0,0.0,,,0.0,0.0,0.0,INT,,,610.0,,0.0,0.0,0.0,0
558519,0.0,0.0,0.0,0.0,0.0,0.0,udp,0.0,,cs0,,249.0,,7.0,,Start,1,1,0,74,74,0,74.0,0.0,0.0,0.0,0.0,0,0,0,0.0,,,0.0,0.0,0.0,INT,,,610.0,,0.0,0.0,0.0,0
558556,0.0,0.0,0.0,0.0,0.0,0.0,udp,0.0,,cs0,,249.0,,7.0,,Start,1,1,0,74,74,0,74.0,0.0,0.0,0.0,0.0,0,0,0,0.0,,,0.0,0.0,0.0,INT,,,610.0,,0.0,0.0,0.0,0
558560,0.0,0.0,0.0,0.0,0.0,0.0,udp,0.0,,cs0,,249.0,,7.0,,Start,1,1,0,74,74,0,74.0,0.0,0.0,0.0,0.0,0,0,0,0.0,,,0.0,0.0,0.0,INT,,,610.0,,0.0,0.0,0.0,0
558609,0.0,0.0,0.0,0.0,0.0,0.0,udp,0.0,,cs0,,249.0,,7.0,,Start,1,1,0,74,74,0,74.0,0.0,0.0,0.0,0.0,0,0,0,0.0,,,0.0,0.0,0.0,INT,,,610.0,,0.0,0.0,0.0,0
558689,0.0,0.0,0.0,0.0,0.0,0.0,udp,0.0,,cs0,,249.0,,7.0,,Start,1,1,0,74,74,0,74.0,0.0,0.0,0.0,0.0,0,0,0,0.0,,,0.0,0.0,0.0,INT,,,610.0,,0.0,0.0,0.0,0
558727,0.0,0.0,0.0,0.0,0.0,0.0,udp,0.0,,cs0,,249.0,,7.0,,Start,1,1,0,74,74,0,74.0,0.0,0.0,0.0,0.0,0,0,0,0.0,,,0.0,0.0,0.0,INT,,,610.0,,0.0,0.0,0.0,0
558753,0.0,0.0,0.0,0.0,0.0,0.0,udp,0.0,,cs0,,249.0,,7.0,,Start,1,1,0,74,74,0,74.0,0.0,0.0,0.0,0.0,0,0,0,0.0,,,0.0,0.0,0.0,INT,,,610.0,,0.0,0.0,0.0,0
558767,0.0,0.0,0.0,0.0,0.0,0.0,udp,0.0,,cs0,,249.0,,7.0,,Start,1,1,0,74,74,0,74.0,0.0,0.0,0.0,0.0,0,0,0,0.0,,,0.0,0.0,0.0,INT,,,610.0,,0.0,0.0,0.0,0
558796,0.0,0.0,0.0,0.0,0.0,0.0,udp,0.0,,cs0,,249.0,,7.0,,Start,1,1,0,74,74,0,74.0,0.0,0.0,0.0,0.0,0,0,0,0.0,,,0.0,0.0,0.0,INT,,,610.0,,0.0,0.0,0.0,0
558813,0.0,0.0,0.0,0.0,0.0,0.0,udp,0.0,,cs0,,249.0,,7.0,,Start,1,1,0,74,74,0,74.0,0.0,0.0,0.0,0.0,0,0,0,0.0,,,0.0,0.0,0.0,INT,,,610.0,,0.0,0.0,0.0,0
558819,0.0,0.0,0.0,0.0,0.0,0.0,udp,0.0,,cs0,,249.0,,7.0,,Start,1,1,0,74,74,0,74.0,0.0,0.0,0.0,0.0,0,0,0,0.0,,,0.0,0.0,0.0,INT,,,610.0,,0.0,0.0,0.0,0
558821,0.0,0.0,0.0,0.0,0.0,0.0,udp,0.0,,cs0,,249.0,,7.0,,Start,1,1,0,74,74,0,74.0,0.0,0.0,0.0,0.0,0,0,0,0.0,,,0.0,0.0,0.0,INT,,,610.0,,0.0,0.0,0.0,0
558829,0.0,0.0,0.0,0.0,0.0,0.0,udp,0.0,,cs0,,249.0,,7.0,,Start,1,1,0,74,74,0,74.0,0.0,0.0,0.0,0.0,0,0,0,0.0,,,0.0,0.0,0.0,INT,,,610.0,,0.0,0.0,0.0,0
558862,0.0,0.0,0.0,0.0,0.0,0.0,udp,0.0,,cs0,,249.0,,7.0,,Start,1,1,0,74,74,0,74.0,0.0,0.0,0.0,0.0,0,0,0,0.0,,,0.0,0.0,0.0,INT,,,610.0,,0.0,0.0,0.0,0
558884,0.0,0.0,0.0,0.0,0.0,0.0,udp,0.0,,cs0,,249.0,,7.0,,Start,1,1,0,74,74,0,74.0,0.0,0.0,0.0,0.0,0,0,0,0.0,,,0.0,0.0,0.0,INT,,,610.0,,0.0,0.0,0.0,0
558892,0.0,0.0,0.0,0.0,0.0,0.0,udp,0.0,,cs0,,249.0,,7.0,,Start,1,1,0,74,74,0,74.0,0.0,0.0,0.0,0.0,0,0,0,0.0,,,0.0,0.0,0.0,INT,,,610.0,,0.0,0.0,0.0,0
558894,0.0,0.0,0.0,0.0,0.0,0.0,udp,0.0,,cs0,,249.0,,7.0,,Start,1,1,0,74,74,0,74.0,0.0,0.0,0.0,0.0,0,0,0,0.0,,,0.0,0.0,0.0,INT,,,610.0,,0.0,0.0,0.0,0
558947,0.0,0.0,0.0,0.0,0.0,0.0,udp,0.0,,cs0,,249.0,,7.0,,Start,1,1,0,74,74,0,74.0,0.0,0.0,0.0,0.0,0,0,0,0.0,,,0.0,0.0,0.0,INT,,,610.0,,0.0,0.0,0.0,0
559072,0.0,0.0,0.0,0.0,0.0,0.0,udp,0.0,,cs0,,249.0,,7.0,,Start,1,1,0,74,74,0,74.0,0.0,0.0,0.0,0.0,0,0,0,0.0,,,0.0,0.0,0.0,INT,,,610.0,,0.0,0.0,0.0,0
559094,0.0,0.0,0.0,0.0,0.0,0.0,udp,0.0,,cs0,,249.0,,7.0,,Start,1,1,0,74,74,0,74.0,0.0,0.0,0.0,0.0,0,0,0,0.0,,,0.0,0.0,0.0,INT,,,610.0,,0.0,0.0,0.0,0
559131,0.0,0.0,0.0,0.0,0.0,0.0,udp,0.0,,cs0,,249.0,,7.0,,Start,1,1,0,74,74,0,74.0,0.0,0.0,0.0,0.0,0,0,0,0.0,,,0.0,0.0,0.0,INT,,,610.0,,0.0,0.0,0.0,0
559322,0.0,0.0,0.0,0.0,0.0,0.0,icmp,192.0,,cs6,,64.0,,0.0,,Start,1,1,0,349,349,0,349.0,0.0,0.0,0.0,0.0,0,0,0,0.0,,,0.0,0.0,0.0,URP,,,,,0.0,0.0,0.0,0
559357,0.0,0.0,0.0,0.0,0.0,0.0,udp,0.0,,cs0,,249.0,,7.0,,Start,1,1,0,74,74,0,74.0,0.0,0.0,0.0,0.0,0,0,0,0.0,,,0.0,0.0,0.0,INT,,,610.0,,0.0,0.0,0.0,0
559379,0.0,0.0,0.0,0.0,0.0,0.0,udp,0.0,,cs0,,249.0,,7.0,,Start,1,1,0,74,74,0,74.0,0.0,0.0,0.0,0.0,0,0,0,0.0,,,0.0,0.0,0.0,INT,,,610.0,,0.0,0.0,0.0,0
559387,0.0,0.0,0.0,0.0,0.0,0.0,udp,0.0,,cs0,,249.0,,7.0,,Start,1,1,0,74,74,0,74.0,0.0,0.0,0.0,0.0,0,0,0,0.0,,,0.0,0.0,0.0,INT,,,610.0,,0.0,0.0,0.0,0
559399,0.0,0.0,0.0,0.0,0.0,0.0,udp,0.0,,cs0,,249.0,,7.0,,Start,1,1,0,74,74,0,74.0,0.0,0.0,0.0,0.0,0,0,0,0.0,,,0.0,0.0,0.0,INT,,,610.0,,0.0,0.0,0.0,0
559410,0.0,0.0,0.0,0.0,0.0,0.0,udp,0.0,,cs0,,249.0,,7.0,,Start,1,1,0,74,74,0,74.0,0.0,0.0,0.0,0.0,0,0,0,0.0,,,0.0,0.0,0.0,INT,,,610.0,,0.0,0.0,0.0,0
559431,0.0,0.0,0.0,0.0,0.0,0.0,udp,0.0,,cs0,,249.0,,7.0,,Start,1,1,0,74,74,0,74.0,0.0,0.0,0.0,0.0,0,0,0,0.0,,,0.0,0.0,0.0,INT,,,610.0,,0.0,0.0,0.0,0
559434,0.0,0.0,0.0,0.0,0.0,0.0,udp,0.0,,cs0,,249.0,,7.0,,Start,1,1,0,74,74,0,74.0,0.0,0.0,0.0,0.0,0,0,0,0.0,,,0.0,0.0,0.0,INT,,,610.0,,0.0,0.0,0.0,0
559479,0.0,0.0,0.0,0.0,0.0,0.0,udp,0.0,,cs0,,249.0,,7.0,,Start,1,1,0,74,74,0,74.0,0.0,0.0,0.0,0.0,0,0,0,0.0,,,0.0,0.0,0.0,INT,,,610.0,,0.0,0.0,0.0,0
559545,0.293501,0.293501,0.293501,0.293501,0.293501,0.293501,tcp,0.0,0.0,cs0,cs0,64.0,116.0,0.0,12.0,Start,19,11,8,3904,2146,1758,195.090912,219.75,95127.44531,53178.69531,41948.75,0,0,0,0.0,0.0,0.0,61.328583,34.071434,23.850004,CON,69120.0,68096.0,,,0.067955,0.021085,0.04687,0
559579,0.0,0.0,0.0,0.0,0.0,0.0,udp,0.0,,cs0,,249.0,,7.0,,Start,1,1,0,74,74,0,74.0,0.0,0.0,0.0,0.0,0,0,0,0.0,,,0.0,0.0,0.0,INT,,,610.0,,0.0,0.0,0.0,0
559630,0.0,0.0,0.0,0.0,0.0,0.0,udp,0.0,,cs0,,249.0,,7.0,,Start,1,1,0,74,74,0,74.0,0.0,0.0,0.0,0.0,0,0,0,0.0,,,0.0,0.0,0.0,INT,,,610.0,,0.0,0.0,0.0,0
559655,0.0,0.0,0.0,0.0,0.0,0.0,udp,0.0,,cs0,,249.0,,7.0,,Start,1,1,0,74,74,0,74.0,0.0,0.0,0.0,0.0,0,0,0,0.0,,,0.0,0.0,0.0,INT,,,610.0,,0.0,0.0,0.0,0
559691,0.0,0.0,0.0,0.0,0.0,0.0,udp,0.0,,cs0,,249.0,,7.0,,Start,1,1,0,74,74,0,74.0,0.0,0.0,0.0,0.0,0,0,0,0.0,,,0.0,0.0,0.0,INT,,,610.0,,0.0,0.0,0.0,0
559711,0.0,0.0,0.0,0.0,0.0,0.0,udp,0.0,,cs0,,249.0,,7.0,,Start,1,1,0,74,74,0,74.0,0.0,0.0,0.0,0.0,0,0,0,0.0,,,0.0,0.0,0.0,INT,,,610.0,,0.0,0.0,0.0,0
559758,0.0,0.0,0.0,0.0,0.0,0.0,sctp,186.0,186.0,ef,ef,252.0,255.0,4.0,1.0,Status,2,1,1,200,102,98,102.0,98.0,0.0,0.0,0.0,0,0,0,0.0,,,0.0,0.0,0.0,CON,,,610.0,,0.0,0.0,0.0,0
559791,0.0,0.0,0.0,0.0,0.0,0.0,udp,0.0,,cs0,,249.0,,7.0,,Start,1,1,0,74,74,0,74.0,0.0,0.0,0.0,0.0,0,0,0,0.0,,,0.0,0.0,0.0,INT,,,610.0,,0.0,0.0,0.0,0
559811,0.0,0.0,0.0,0.0,0.0,0.0,udp,0.0,,cs0,,249.0,,7.0,,Start,1,1,0,74,74,0,74.0,0.0,0.0,0.0,0.0,0,0,0,0.0,,,0.0,0.0,0.0,INT,,,610.0,,0.0,0.0,0.0,0
559837,0.0,0.0,0.0,0.0,0.0,0.0,udp,0.0,,cs0,,249.0,,7.0,,Start,1,1,0,74,74,0,74.0,0.0,0.0,0.0,0.0,0,0,0,0.0,,,0.0,0.0,0.0,INT,,,610.0,,0.0,0.0,0.0,0
559843,0.0,0.0,0.0,0.0,0.0,0.0,udp,0.0,,cs0,,249.0,,7.0,,Start,1,1,0,74,74,0,74.0,0.0,0.0,0.0,0.0,0,0,0,0.0,,,0.0,0.0,0.0,INT,,,610.0,,0.0,0.0,0.0,0
559870,0.0,0.0,0.0,0.0,0.0,0.0,udp,0.0,,cs0,,249.0,,7.0,,Start,1,1,0,74,74,0,74.0,0.0,0.0,0.0,0.0,0,0,0,0.0,,,0.0,0.0,0.0,INT,,,610.0,,0.0,0.0,0.0,0
559886,0.0,0.0,0.0,0.0,0.0,0.0,udp,0.0,,cs0,,249.0,,7.0,,Start,1,1,0,74,74,0,74.0,0.0,0.0,0.0,0.0,0,0,0,0.0,,,0.0,0.0,0.0,INT,,,610.0,,0.0,0.0,0.0,0
559913,0.0,0.0,0.0,0.0,0.0,0.0,udp,0.0,,cs0,,249.0,,7.0,,Start,1,1,0,74,74,0,74.0,0.0,0.0,0.0,0.0,0,0,0,0.0,,,0.0,0.0,0.0,INT,,,610.0,,0.0,0.0,0.0,0
559974,0.0,0.0,0.0,0.0,0.0,0.0,icmp,0.0,,cs0,,58.0,,6.0,,Start,1,1,0,98,98,0,98.0,0.0,0.0,0.0,0.0,0,0,0,0.0,,,0.0,0.0,0.0,ECO,,,,,0.0,0.0,0.0,0
560113,0.0,0.0,0.0,0.0,0.0,0.0,udp,0.0,,cs0,,249.0,,7.0,,Start,1,1,0,74,74,0,74.0,0.0,0.0,0.0,0.0,0,0,0,0.0,,,0.0,0.0,0.0,INT,,,610.0,,0.0,0.0,0.0,0
560204,0.0,0.0,0.0,0.0,0.0,0.0,udp,0.0,,cs0,,249.0,,7.0,,Start,1,1,0,74,74,0,74.0,0.0,0.0,0.0,0.0,0,0,0,0.0,,,0.0,0.0,0.0,INT,,,610.0,,0.0,0.0,0.0,0
560246,0.0,0.0,0.0,0.0,0.0,0.0,udp,0.0,,cs0,,249.0,,7.0,,Start,1,1,0,74,74,0,74.0,0.0,0.0,0.0,0.0,0,0,0,0.0,,,0.0,0.0,0.0,INT,,,610.0,,0.0,0.0,0.0,0
560253,0.0,0.0,0.0,0.0,0.0,0.0,udp,0.0,,cs0,,249.0,,7.0,,Start,1,1,0,74,74,0,74.0,0.0,0.0,0.0,0.0,0,0,0,0.0,,,0.0,0.0,0.0,INT,,,610.0,,0.0,0.0,0.0,0
560261,0.0,0.0,0.0,0.0,0.0,0.0,udp,0.0,,cs0,,249.0,,7.0,,Start,1,1,0,74,74,0,74.0,0.0,0.0,0.0,0.0,0,0,0,0.0,,,0.0,0.0,0.0,INT,,,610.0,,0.0,0.0,0.0,0
560327,0.0,0.0,0.0,0.0,0.0,0.0,udp,0.0,,cs0,,249.0,,7.0,,Start,1,1,0,74,74,0,74.0,0.0,0.0,0.0,0.0,0,0,0,0.0,,,0.0,0.0,0.0,INT,,,610.0,,0.0,0.0,0.0,0
560342,0.0,0.0,0.0,0.0,0.0,0.0,udp,0.0,,cs0,,249.0,,7.0,,Start,1,1,0,74,74,0,74.0,0.0,0.0,0.0,0.0,0,0,0,0.0,,,0.0,0.0,0.0,INT,,,610.0,,0.0,0.0,0.0,0
560372,0.0,0.0,0.0,0.0,0.0,0.0,udp,0.0,,cs0,,249.0,,7.0,,Start,1,1,0,74,74,0,74.0,0.0,0.0,0.0,0.0,0,0,0,0.0,,,0.0,0.0,0.0,INT,,,610.0,,0.0,0.0,0.0,0
560382,0.0,0.0,0.0,0.0,0.0,0.0,udp,0.0,,cs0,,249.0,,7.0,,Start,1,1,0,74,74,0,74.0,0.0,0.0,0.0,0.0,0,0,0,0.0,,,0.0,0.0,0.0,INT,,,610.0,,0.0,0.0,0.0,0
560386,0.0,0.0,0.0,0.0,0.0,0.0,udp,0.0,,cs0,,249.0,,7.0,,Start,1,1,0,74,74,0,74.0,0.0,0.0,0.0,0.0,0,0,0,0.0,,,0.0,0.0,0.0,INT,,,610.0,,0.0,0.0,0.0,0
560448,0.0,0.0,0.0,0.0,0.0,0.0,udp,0.0,,cs0,,249.0,,7.0,,Start,1,1,0,74,74,0,74.0,0.0,0.0,0.0,0.0,0,0,0,0.0,,,0.0,0.0,0.0,INT,,,610.0,,0.0,0.0,0.0,0
560454,0.0,0.0,0.0,0.0,0.0,0.0,udp,0.0,,cs0,,249.0,,7.0,,Start,1,1,0,74,74,0,74.0,0.0,0.0,0.0,0.0,0,0,0,0.0,,,0.0,0.0,0.0,INT,,,610.0,,0.0,0.0,0.0,0
560464,0.0,0.0,0.0,0.0,0.0,0.0,udp,0.0,,cs0,,249.0,,7.0,,Start,1,1,0,74,74,0,74.0,0.0,0.0,0.0,0.0,0,0,0,0.0,,,0.0,0.0,0.0,INT,,,610.0,,0.0,0.0,0.0,0
560560,0.0,0.0,0.0,0.0,0.0,0.0,udp,0.0,,cs0,,249.0,,7.0,,Start,1,1,0,74,74,0,74.0,0.0,0.0,0.0,0.0,0,0,0,0.0,,,0.0,0.0,0.0,INT,,,610.0,,0.0,0.0,0.0,0
560607,0.0,0.0,0.0,0.0,0.0,0.0,udp,0.0,,cs0,,249.0,,7.0,,Start,1,1,0,74,74,0,74.0,0.0,0.0,0.0,0.0,0,0,0,0.0,,,0.0,0.0,0.0,INT,,,610.0,,0.0,0.0,0.0,0
560636,0.0,0.0,0.0,0.0,0.0,0.0,udp,0.0,,cs0,,249.0,,7.0,,Start,1,1,0,74,74,0,74.0,0.0,0.0,0.0,0.0,0,0,0,0.0,,,0.0,0.0,0.0,INT,,,610.0,,0.0,0.0,0.0,0
560672,0.0,0.0,0.0,0.0,0.0,0.0,udp,0.0,,cs0,,249.0,,7.0,,Start,1,1,0,74,74,0,74.0,0.0,0.0,0.0,0.0,0,0,0,0.0,,,0.0,0.0,0.0,INT,,,610.0,,0.0,0.0,0.0,0
560689,0.0,0.0,0.0,0.0,0.0,0.0,udp,0.0,,cs0,,249.0,,7.0,,Start,1,1,0,74,74,0,74.0,0.0,0.0,0.0,0.0,0,0,0,0.0,,,0.0,0.0,0.0,INT,,,610.0,,0.0,0.0,0.0,0
560733,0.0,0.0,0.0,0.0,0.0,0.0,udp,0.0,,cs0,,249.0,,7.0,,Start,1,1,0,74,74,0,74.0,0.0,0.0,0.0,0.0,0,0,0,0.0,,,0.0,0.0,0.0,INT,,,610.0,,0.0,0.0,0.0,0
560767,0.0,0.0,0.0,0.0,0.0,0.0,udp,0.0,,cs0,,249.0,,7.0,,Start,1,1,0,74,74,0,74.0,0.0,0.0,0.0,0.0,0,0,0,0.0,,,0.0,0.0,0.0,INT,,,610.0,,0.0,0.0,0.0,0
560797,0.0,0.0,0.0,0.0,0.0,0.0,udp,0.0,,cs0,,249.0,,7.0,,Start,1,1,0,74,74,0,74.0,0.0,0.0,0.0,0.0,0,0,0,0.0,,,0.0,0.0,0.0,INT,,,610.0,,0.0,0.0,0.0,0
560807,0.0,0.0,0.0,0.0,0.0,0.0,udp,0.0,,cs0,,249.0,,7.0,,Start,1,1,0,74,74,0,74.0,0.0,0.0,0.0,0.0,0,0,0,0.0,,,0.0,0.0,0.0,INT,,,610.0,,0.0,0.0,0.0,0
560826,0.0,0.0,0.0,0.0,0.0,0.0,udp,0.0,,cs0,,249.0,,7.0,,Start,1,1,0,74,74,0,74.0,0.0,0.0,0.0,0.0,0,0,0,0.0,,,0.0,0.0,0.0,INT,,,610.0,,0.0,0.0,0.0,0
560906,0.027922,0.027922,0.027922,0.027922,0.027922,0.027922,tcp,0.0,0.0,cs0,cs0,64.0,117.0,0.0,11.0,Status,9,9,0,606,606,0,67.333336,0.0,154430.1875,154430.1875,0.0,0,0,0,0.0,0.0,0.0,286.512421,286.512421,0.0,CON,1403392.0,,,,0.053012,0.021857,0.031155,0
560932,0.0,0.0,0.0,0.0,0.0,0.0,icmp,0.0,,cs0,,58.0,,6.0,,Start,1,1,0,98,98,0,98.0,0.0,0.0,0.0,0.0,0,0,0,0.0,,,0.0,0.0,0.0,ECO,,,,,0.0,0.0,0.0,0
560957,0.0,0.0,0.0,0.0,0.0,0.0,udp,0.0,,cs0,,249.0,,7.0,,Start,1,1,0,74,74,0,74.0,0.0,0.0,0.0,0.0,0,0,0,0.0,,,0.0,0.0,0.0,INT,,,610.0,,0.0,0.0,0.0,0
560971,0.060834,0.060834,0.060834,0.060834,0.060834,0.060834,udp,0.0,0.0,cs0,cs0,64.0,53.0,0.0,11.0,Start,3,2,1,2854,1462,1392,731.0,1392.0,96130.45313,96130.45313,0.0,0,0,0,0.0,,,32.87635,16.438175,0.0,CON,,,,,0.0,0.0,0.0,0
561029,4.898005,4.898005,4.898005,4.898005,4.898005,4.898005,udp,0.0,0.0,cs0,cs0,64.0,117.0,0.0,11.0,Status,98,19,79,107424,5312,102112,279.578949,1292.557007,172891.6094,8220.490234,164671.125,0,0,0,0.0,,,19.803982,3.674966,15.924851,CON,,,,,0.0,0.0,0.0,0
561214,0.0,0.0,0.0,0.0,0.0,0.0,icmp,0.0,,cs0,,58.0,,6.0,,Start,1,1,0,98,98,0,98.0,0.0,0.0,0.0,0.0,0,0,0,0.0,,,0.0,0.0,0.0,ECO,,,,,0.0,0.0,0.0,0
561243,4.998952,4.998952,4.998952,4.998952,4.998952,4.998952,udp,0.0,0.0,cs0,cs0,64.0,117.0,0.0,11.0,Status,136,24,112,154998,5012,149986,208.833328,1339.160767,245573.0781,7688.011719,237885.0625,0,0,0,0.0,,,27.005661,4.600965,22.204655,CON,,,,,0.0,0.0,0.0,0
561291,0.0,0.0,0.0,0.0,0.0,0.0,icmp,0.0,,cs0,,58.0,,6.0,,Start,1,1,0,98,98,0,98.0,0.0,0.0,0.0,0.0,0,0,0,0.0,,,0.0,0.0,0.0,ECO,,,,,0.0,0.0,0.0,0
561328,0.0,0.0,0.0,0.0,0.0,0.0,icmp,0.0,,cs0,,58.0,,6.0,,Start,1,1,0,98,98,0,98.0,0.0,0.0,0.0,0.0,0,0,0,0.0,,,0.0,0.0,0.0,ECO,,,,,0.0,0.0,0.0,0
561331,0.00166,0.00166,0.00166,0.00166,0.00166,0.00166,udp,0.0,48.0,cs0,af12,64.0,62.0,0.0,2.0,Start,2,1,1,239,89,150,89.0,150.0,0.0,0.0,0.0,0,0,0,0.0,,,602.409668,0.0,0.0,CON,,,,,0.0,0.0,0.0,0
561396,0.096057,0.096057,0.096057,0.096057,0.096057,0.096057,tcp,0.0,0.0,cs0,cs0,117.0,64.0,11.0,0.0,Start,2,1,1,132,66,66,66.0,66.0,0.0,0.0,0.0,0,0,0,0.0,0.0,0.0,10.410485,0.0,0.0,FIN,1049.0,2743.0,,,0.0,0.0,0.0,0
561408,0.0,0.0,0.0,0.0,0.0,0.0,icmp,0.0,,cs0,,58.0,,6.0,,Start,1,1,0,98,98,0,98.0,0.0,0.0,0.0,0.0,0,0,0,0.0,,,0.0,0.0,0.0,ECO,,,,,0.0,0.0,0.0,0
561440,0.0,0.0,0.0,0.0,0.0,0.0,icmp,0.0,,cs0,,58.0,,6.0,,Start,1,1,0,98,98,0,98.0,0.0,0.0,0.0,0.0,0,0,0,0.0,,,0.0,0.0,0.0,ECO,,,,,0.0,0.0,0.0,0
561448,0.0,0.0,0.0,0.0,0.0,0.0,icmp,0.0,,cs0,,58.0,,6.0,,Start,1,1,0,98,98,0,98.0,0.0,0.0,0.0,0.0,0,0,0,0.0,,,0.0,0.0,0.0,ECO,,,,,0.0,0.0,0.0,0
561516,0.202961,0.202961,0.202961,0.202961,0.202961,0.202961,udp,0.0,0.0,cs0,cs0,64.0,52.0,0.0,12.0,Start,22,13,9,14126,9094,5032,699.538452,559.111084,507210.75,330901.0,176309.7344,0,0,0,0.0,,,103.468155,59.12466,39.416439,CON,,,,,0.0,0.0,0.0,0
561643,0.0,0.0,0.0,0.0,0.0,0.0,icmp,0.0,,cs0,,58.0,,6.0,,Start,1,1,0,98,98,0,98.0,0.0,0.0,0.0,0.0,0,0,0,0.0,,,0.0,0.0,0.0,ECO,,,,,0.0,0.0,0.0,0
561732,0.0,0.0,0.0,0.0,0.0,0.0,udp,0.0,,cs0,,249.0,,7.0,,Start,1,1,0,64,64,0,64.0,0.0,0.0,0.0,0.0,0,0,0,0.0,,,0.0,0.0,0.0,INT,,,610.0,,0.0,0.0,0.0,0
561863,4.965964,4.965964,4.965964,4.965964,4.965964,4.965964,udp,0.0,0.0,cs0,cs0,64.0,117.0,0.0,11.0,Status,99,10,89,120676,3441,117235,344.100006,1317.247192,191729.1406,4989.162598,186739.9844,0,0,0,0.0,,,19.734337,1.812337,17.720629,CON,,,,,0.0,0.0,0.0,0
561872,0.052844,0.052844,0.052844,0.052844,0.052844,0.052844,udp,0.0,0.0,cs0,cs0,64.0,117.0,0.0,11.0,Status,4,2,2,440,300,140,150.0,70.0,33305.57813,22708.34961,10597.22949,0,0,0,0.0,,,56.770874,18.923624,18.923624,CON,,,,,0.0,0.0,0.0,0
561874,0.0,0.0,0.0,0.0,0.0,0.0,icmp,0.0,,cs0,,58.0,,6.0,,Start,1,1,0,98,98,0,98.0,0.0,0.0,0.0,0.0,0,0,0,0.0,,,0.0,0.0,0.0,ECO,,,,,0.0,0.0,0.0,0
561922,0.0,0.0,0.0,0.0,0.0,0.0,icmp,0.0,,cs0,,58.0,,6.0,,Start,1,1,0,98,98,0,98.0,0.0,0.0,0.0,0.0,0,0,0,0.0,,,0.0,0.0,0.0,ECO,,,,,0.0,0.0,0.0,0
561941,4.775837,4.775837,4.775837,4.775837,4.775837,4.775837,tcp,0.0,0.0,cs0,cs0,64.0,62.0,0.0,2.0,Status,6,4,2,1425,582,843,145.5,421.5,1438.910156,732.018311,706.891785,0,0,0,0.0,0.0,0.0,1.046937,0.628162,0.209387,CON,70144.0,33280.0,,,0.01506,0.001137,0.013923,0
562006,0.0,0.0,0.0,0.0,0.0,0.0,icmp,0.0,,cs0,,58.0,,6.0,,Start,1,1,0,98,98,0,98.0,0.0,0.0,0.0,0.0,0,0,0,0.0,,,0.0,0.0,0.0,ECO,,,,,0.0,0.0,0.0,0
562056,0.0,0.0,0.0,0.0,0.0,0.0,icmp,0.0,,cs0,,58.0,,6.0,,Start,1,1,0,98,98,0,98.0,0.0,0.0,0.0,0.0,0,0,0,0.0,,,0.0,0.0,0.0,ECO,,,,,0.0,0.0,0.0,0
562067,0.072887,0.072887,0.072887,0.072887,0.072887,0.072887,udp,0.0,0.0,cs0,cs0,64.0,117.0,0.0,11.0,Status,6,3,3,726,526,200,175.333328,66.666664,53233.08594,38525.38672,14707.69727,0,0,0,0.0,,,68.599335,27.439734,27.439734,CON,,,,,0.0,0.0,0.0,0
562112,0.0,0.0,0.0,0.0,0.0,0.0,udp,0.0,,cs0,,249.0,,7.0,,Start,1,1,0,74,74,0,74.0,0.0,0.0,0.0,0.0,0,0,0,0.0,,,0.0,0.0,0.0,INT,,,610.0,,0.0,0.0,0.0,0
562126,0.0,0.0,0.0,0.0,0.0,0.0,icmp,0.0,,cs0,,58.0,,6.0,,Start,1,1,0,98,98,0,98.0,0.0,0.0,0.0,0.0,0,0,0,0.0,,,0.0,0.0,0.0,ECO,,,,,0.0,0.0,0.0,0
562208,0.0,0.0,0.0,0.0,0.0,0.0,icmp,0.0,,cs0,,58.0,,6.0,,Start,1,1,0,98,98,0,98.0,0.0,0.0,0.0,0.0,0,0,0,0.0,,,0.0,0.0,0.0,ECO,,,,,0.0,0.0,0.0,0
562328,0.091117,0.091117,0.091117,0.091117,0.091117,0.091117,udp,0.0,0.0,cs0,cs0,64.0,117.0,0.0,11.0,Status,86,9,77,106875,3397,103478,377.444458,1343.870117,9232524.0,265153.5938,8967371.0,0,0,0,0.0,,,932.866516,87.799202,834.092407,CON,,,,,0.0,0.0,0.0,0
562336,0.188927,0.188927,0.188927,0.188927,0.188927,0.188927,udp,0.0,0.0,cs0,cs0,64.0,52.0,0.0,12.0,Start,22,13,9,13495,8585,4910,660.384644,545.555542,520412.6563,335579.375,184833.2969,0,0,0,0.0,,,111.154045,63.516598,42.344398,CON,,,,,0.0,0.0,0.0,0
562355,0.000127,0.000127,0.000127,0.000127,0.000127,0.000127,sctp,186.0,186.0,ef,ef,252.0,255.0,4.0,1.0,Status,2,1,1,200,102,98,102.0,98.0,0.0,0.0,0.0,0,0,0,0.0,,,7874.015137,0.0,0.0,CON,,,610.0,,0.0,0.0,0.0,0
562409,0.0,0.0,0.0,0.0,0.0,0.0,icmp,0.0,,cs0,,58.0,,6.0,,Start,1,1,0,98,98,0,98.0,0.0,0.0,0.0,0.0,0,0,0,0.0,,,0.0,0.0,0.0,ECO,,,,,0.0,0.0,0.0,0
562411,0.0,0.0,0.0,0.0,0.0,0.0,icmp,0.0,,cs0,,58.0,,6.0,,Start,1,1,0,98,98,0,98.0,0.0,0.0,0.0,0.0,0,0,0,0.0,,,0.0,0.0,0.0,ECO,,,,,0.0,0.0,0.0,0
562428,0.200879,0.200879,0.200879,0.200879,0.200879,0.200879,udp,0.0,0.0,cs0,cs0,64.0,53.0,0.0,11.0,Start,22,13,9,14074,9094,4980,699.538452,553.333313,510635.7813,334330.625,176305.1406,0,0,0,0.0,,,104.54055,59.737457,39.82497,CON,,,,,0.0,0.0,0.0,0
562447,0.0,0.0,0.0,0.0,0.0,0.0,icmp,0.0,,cs0,,58.0,,6.0,,Start,1,1,0,98,98,0,98.0,0.0,0.0,0.0,0.0,0,0,0,0.0,,,0.0,0.0,0.0,ECO,,,,,0.0,0.0,0.0,0
562478,0.0,0.0,0.0,0.0,0.0,0.0,icmp,0.0,,cs0,,58.0,,6.0,,Start,1,1,0,98,98,0,98.0,0.0,0.0,0.0,0.0,0,0,0,0.0,,,0.0,0.0,0.0,ECO,,,,,0.0,0.0,0.0,0
562567,0.0,0.0,0.0,0.0,0.0,0.0,icmp,0.0,,cs0,,58.0,,6.0,,Start,1,1,0,98,98,0,98.0,0.0,0.0,0.0,0.0,0,0,0,0.0,,,0.0,0.0,0.0,ECO,,,,,0.0,0.0,0.0,0
562589,0.0,0.0,0.0,0.0,0.0,0.0,icmp,0.0,,cs0,,58.0,,6.0,,Start,1,1,0,98,98,0,98.0,0.0,0.0,0.0,0.0,0,0,0,0.0,,,0.0,0.0,0.0,ECO,,,,,0.0,0.0,0.0,0
562602,0.203343,0.203343,0.203343,0.203343,0.203343,0.203343,sctp,186.0,40.0,ef,af11,255.0,250.0,1.0,6.0,Status,4,2,2,364,192,172,96.0,86.0,7160.31543,3776.869629,3383.445557,0,0,0,0.0,,,14.753397,4.917799,4.917799,CON,,,,610.0,0.0,0.0,0.0,0
562685,0.0,0.0,0.0,0.0,0.0,0.0,icmp,0.0,,cs0,,58.0,,6.0,,Start,1,1,0,98,98,0,98.0,0.0,0.0,0.0,0.0,0,0,0,0.0,,,0.0,0.0,0.0,ECO,,,,,0.0,0.0,0.0,0
562706,0.052934,0.052934,0.052934,0.052934,0.052934,0.052934,udp,0.0,0.0,cs0,cs0,64.0,117.0,0.0,11.0,Status,6,3,3,732,532,200,177.333328,66.666664,73903.35156,53651.71875,20251.63477,0,0,0,0.0,,,94.457253,37.782902,37.782902,CON,,,,,0.0,0.0,0.0,0
562716,0.000233,0.000233,0.000233,0.000233,0.000233,0.000233,udp,224.0,184.0,cs7,ef,250.0,255.0,6.0,1.0,Start,2,1,1,124,64,60,64.0,60.0,0.0,0.0,0.0,0,0,0,0.0,,,4291.845703,0.0,0.0,CON,,,610.0,,0.0,0.0,0.0,0
562718,0.048843,0.048843,0.048843,0.048843,0.048843,0.048843,udp,0.0,0.0,cs0,cs0,64.0,117.0,0.0,11.0,Status,6,3,3,732,532,200,177.333328,66.666664,80093.35938,58145.48828,21947.87305,0,0,0,0.0,,,102.368813,40.947525,40.947525,CON,,,,,0.0,0.0,0.0,0
562751,4.929663,4.929663,4.929663,4.929663,4.929663,4.929663,udp,0.0,0.0,cs0,cs0,64.0,117.0,0.0,11.0,Status,134,15,119,161620,4869,156751,324.600006,1317.235352,259618.5469,7375.757324,252242.7969,0,0,0,0.0,,,26.97953,2.839951,23.936728,CON,,,,,0.0,0.0,0.0,0
562753,0.0,0.0,0.0,0.0,0.0,0.0,icmp,0.0,,cs0,,58.0,,6.0,,Start,1,1,0,98,98,0,98.0,0.0,0.0,0.0,0.0,0,0,0,0.0,,,0.0,0.0,0.0,ECO,,,,,0.0,0.0,0.0,0
562790,0.0,0.0,0.0,0.0,0.0,0.0,icmp,0.0,,cs0,,58.0,,6.0,,Start,1,1,0,98,98,0,98.0,0.0,0.0,0.0,0.0,0,0,0,0.0,,,0.0,0.0,0.0,ECO,,,,,0.0,0.0,0.0,0
562794,0.0,0.0,0.0,0.0,0.0,0.0,icmp,0.0,,cs0,,58.0,,6.0,,Start,1,1,0,98,98,0,98.0,0.0,0.0,0.0,0.0,0,0,0,0.0,,,0.0,0.0,0.0,ECO,,,,,0.0,0.0,0.0,0
562802,0.0,0.0,0.0,0.0,0.0,0.0,icmp,0.0,,cs0,,58.0,,6.0,,Start,1,1,0,98,98,0,98.0,0.0,0.0,0.0,0.0,0,0,0,0.0,,,0.0,0.0,0.0,ECO,,,,,0.0,0.0,0.0,0
562902,0.059965,0.059965,0.059965,0.059965,0.059965,0.059965,udp,0.0,0.0,cs0,cs0,64.0,117.0,0.0,11.0,Status,6,3,3,732,532,200,177.333328,66.666664,65238.05469,47360.96094,17877.0957,0,0,0,0.0,,,83.381973,33.352791,33.352791,CON,,,,,0.0,0.0,0.0,0
562935,4.954372,4.954372,4.954372,4.954372,4.954372,4.954372,udp,0.0,0.0,cs0,cs0,64.0,117.0,0.0,11.0,Status,118,7,111,151528,3241,148287,463.0,1335.918945,241774.3438,4485.734863,237288.6094,0,0,0,0.0,,,23.615505,1.211052,22.202612,CON,,,,,0.0,0.0,0.0,0
562942,3.720968,3.720968,3.720968,3.720968,3.720968,3.720968,udp,0.0,0.0,cs0,cs0,64.0,117.0,0.0,11.0,Status,112,11,101,136357,4295,132062,390.454559,1307.544556,289516.0938,8395.665039,281120.4063,0,0,0,0.0,,,29.830948,2.687473,26.874727,CON,,,,,0.0,0.0,0.0,0
562960,0.0,0.0,0.0,0.0,0.0,0.0,icmp,0.0,,cs0,,58.0,,6.0,,Start,1,1,0,98,98,0,98.0,0.0,0.0,0.0,0.0,0,0,0,0.0,,,0.0,0.0,0.0,ECO,,,,,0.0,0.0,0.0,0
562964,0.0,0.0,0.0,0.0,0.0,0.0,icmp,0.0,,cs0,,58.0,,6.0,,Start,1,1,0,98,98,0,98.0,0.0,0.0,0.0,0.0,0,0,0,0.0,,,0.0,0.0,0.0,ECO,,,,,0.0,0.0,0.0,0
563058,0.0,0.0,0.0,0.0,0.0,0.0,icmp,0.0,,cs0,,58.0,,6.0,,Start,1,1,0,98,98,0,98.0,0.0,0.0,0.0,0.0,0,0,0,0.0,,,0.0,0.0,0.0,ECO,,,,,0.0,0.0,0.0,0
563068,0.052844,0.052844,0.052844,0.052844,0.052844,0.052844,udp,0.0,0.0,cs0,cs0,64.0,53.0,0.0,11.0,Start,7,4,3,4492,2635,1857,658.75,619.0,486715.625,299296.0313,187419.5781,0,0,0,0.0,,,113.541748,56.770874,37.847248,CON,,,,,0.0,0.0,0.0,0
563130,4.996061,4.996061,4.996061,4.996061,4.996061,4.996061,udp,0.0,0.0,cs0,cs0,64.0,117.0,0.0,11.0,Status,129,12,117,157365,4373,152992,364.416656,1307.623901,249306.8125,6419.45752,242887.3594,0,0,0,0.0,,,25.620184,2.201735,23.218292,CON,,,,,0.0,0.0,0.0,0
563154,0.001188,0.001188,0.001188,0.001188,0.001188,0.001188,tcp,0.0,0.0,cs0,cs0,64.0,62.0,0.0,2.0,Status,2,1,1,132,66,66,66.0,66.0,0.0,0.0,0.0,0,0,0,0.0,0.0,0.0,841.750854,0.0,0.0,CON,80384.0,32256.0,,,0.014994,0.001162,0.013832,0
563206,0.0,0.0,0.0,0.0,0.0,0.0,icmp,0.0,,cs0,,58.0,,6.0,,Start,1,1,0,98,98,0,98.0,0.0,0.0,0.0,0.0,0,0,0,0.0,,,0.0,0.0,0.0,ECO,,,,,0.0,0.0,0.0,0
563230,0.057952,0.057952,0.057952,0.057952,0.057952,0.057952,udp,0.0,0.0,cs0,cs0,64.0,117.0,0.0,11.0,Status,6,3,3,732,532,200,177.333328,66.666664,67504.14063,49006.07422,18498.06641,0,0,0,0.0,,,86.278297,34.511318,34.511318,CON,,,,,0.0,0.0,0.0,0
563259,0.0,0.0,0.0,0.0,0.0,0.0,icmp,0.0,,cs0,,58.0,,6.0,,Start,1,1,0,98,98,0,98.0,0.0,0.0,0.0,0.0,0,0,0,0.0,,,0.0,0.0,0.0,ECO,,,,,0.0,0.0,0.0,0
563318,1.352862,1.352862,1.352862,1.352862,1.352862,1.352862,udp,0.0,0.0,cs0,cs0,64.0,53.0,0.0,11.0,Status,23,12,11,11408,7789,3619,649.083313,329.0,61676.65234,42221.60156,19455.05078,0,0,0,0.0,,,16.261822,8.130911,7.391737,CON,,,,,0.0,0.0,0.0,0
563364,0.063585,0.063585,0.063585,0.063585,0.063585,0.063585,udp,0.0,0.0,cs0,cs0,64.0,117.0,0.0,11.0,Status,6,3,3,732,532,200,177.333328,66.666664,61523.94531,44664.625,16859.32227,0,0,0,0.0,,,78.634903,31.45396,31.45396,CON,,,,,0.0,0.0,0.0,0
563375,0.055898,0.055898,0.055898,0.055898,0.055898,0.055898,udp,0.0,0.0,cs0,cs0,64.0,117.0,0.0,11.0,Status,6,3,3,750,550,200,183.333328,66.666664,71702.03125,52524.24219,19177.78906,0,0,0,0.0,,,89.448639,35.779457,35.779457,CON,,,,,0.0,0.0,0.0,0
563441,4.936705,4.936705,4.936705,4.936705,4.936705,4.936705,udp,0.0,0.0,cs0,cs0,64.0,117.0,0.0,11.0,Status,139,8,131,177250,3759,173491,469.875,1324.358765,284330.5313,5331.491211,278999.0313,0,0,0,0.0,,,27.953867,1.41795,26.333353,CON,,,,,0.0,0.0,0.0,0
563453,3.68897,3.68897,3.68897,3.68897,3.68897,3.68897,sctp,186.0,186.0,ef,ef,252.0,255.0,4.0,1.0,Status,4,2,2,392,200,192,100.0,96.0,425.050873,216.862701,208.188187,0,0,0,0.0,,,0.813235,0.271078,0.271078,CON,,,610.0,,0.0,0.0,0.0,0
563490,0.0,0.0,0.0,0.0,0.0,0.0,icmp,0.0,,cs0,,58.0,,6.0,,Start,1,1,0,98,98,0,98.0,0.0,0.0,0.0,0.0,0,0,0,0.0,,,0.0,0.0,0.0,ECO,,,,,0.0,0.0,0.0,0
563572,0.0,0.0,0.0,0.0,0.0,0.0,icmp,0.0,,cs0,,58.0,,6.0,,Start,1,1,0,98,98,0,98.0,0.0,0.0,0.0,0.0,0,0,0,0.0,,,0.0,0.0,0.0,ECO,,,,,0.0,0.0,0.0,0
563575,0.0,0.0,0.0,0.0,0.0,0.0,icmp,0.0,,cs0,,58.0,,6.0,,Start,1,1,0,98,98,0,98.0,0.0,0.0,0.0,0.0,0,0,0,0.0,,,0.0,0.0,0.0,ECO,,,,,0.0,0.0,0.0,0
563590,0.0,0.0,0.0,0.0,0.0,0.0,icmp,0.0,,cs0,,58.0,,6.0,,Start,1,1,0,98,98,0,98.0,0.0,0.0,0.0,0.0,0,0,0,0.0,,,0.0,0.0,0.0,ECO,,,,,0.0,0.0,0.0,0
563594,0.0,0.0,0.0,0.0,0.0,0.0,icmp,0.0,,cs0,,58.0,,6.0,,Start,1,1,0,98,98,0,98.0,0.0,0.0,0.0,0.0,0,0,0,0.0,,,0.0,0.0,0.0,ECO,,,,,0.0,0.0,0.0,0
563632,4.997925,4.997925,4.997925,4.997925,4.997925,4.997925,udp,0.0,0.0,cs0,cs0,64.0,117.0,0.0,11.0,Status,191,21,170,233664,4173,229491,198.714279,1349.947021,371541.375,6362.640625,365178.75,0,0,0,0.0,,,38.015778,4.001661,33.814034,CON,,,,,0.0,0.0,0.0,0
563673,4.97196,4.97196,4.97196,4.97196,4.97196,4.97196,udp,0.0,0.0,cs0,cs0,64.0,117.0,0.0,11.0,Status,308,26,282,384976,6031,378945,231.961533,1343.776611,616902.8125,9332.335938,607570.4375,0,0,0,0.0,,,61.746273,5.028198,56.516945,CON,,,,,0.0,0.0,0.0,0
563678,4.989969,4.989969,4.989969,4.989969,4.989969,4.989969,udp,0.0,0.0,cs0,cs0,64.0,117.0,0.0,11.0,Status,186,17,169,233831,3878,229953,228.117645,1360.668579,372335.7813,5851.740234,366484.0625,0,0,0,0.0,,,37.074379,3.206433,33.667545,CON,,,,,0.0,0.0,0.0,0
563721,4.978686,4.978686,4.978686,4.978686,4.978686,4.978686,udp,0.0,0.0,cs0,cs0,64.0,117.0,0.0,11.0,Status,290,13,277,383162,3666,379496,282.0,1370.021606,613029.3125,5437.57959,607591.6875,0,0,0,0.0,,,58.047447,2.410275,55.436314,CON,,,,,0.0,0.0,0.0,0
563808,0.0,0.0,0.0,0.0,0.0,0.0,icmp,0.0,,cs0,,58.0,,6.0,,Start,1,1,0,98,98,0,98.0,0.0,0.0,0.0,0.0,0,0,0,0.0,,,0.0,0.0,0.0,ECO,,,,,0.0,0.0,0.0,0
563833,0.525368,0.525368,0.525368,0.525368,0.525368,0.525368,tcp,0.0,0.0,cs0,cs0,63.0,47.0,1.0,17.0,Start,11,6,5,989,503,486,83.833336,97.199997,12318.98438,6395.517578,5923.467285,0,0,0,0.0,0.0,0.0,19.034277,9.517138,7.613711,FIN,64128.0,64256.0,,,0.160024,0.138206,0.021818,0
563884,0.058078,0.058078,0.058078,0.058078,0.058078,0.058078,icmp,0.0,0.0,cs0,cs0,58.0,64.0,6.0,0.0,Start,2,1,1,196,98,98,98.0,98.0,0.0,0.0,0.0,0,0,0,0.0,,,17.218224,0.0,0.0,ECO,,,,,0.0,0.0,0.0,0
563902,0.04689,0.04689,0.04689,0.04689,0.04689,0.04689,udp,0.0,0.0,cs0,cs0,64.0,117.0,0.0,11.0,Status,6,3,3,732,532,200,177.333328,66.666664,83429.29688,60567.28125,22862.01758,0,0,0,0.0,,,106.632538,42.653015,42.653015,CON,,,,,0.0,0.0,0.0,0
563954,0.0818,0.0818,0.0818,0.0818,0.0818,0.0818,udp,0.0,0.0,cs0,cs0,64.0,52.0,0.0,12.0,Status,7,4,3,1378,467,911,116.75,303.666656,93789.73438,34327.62891,59462.10156,0,0,0,0.0,,,73.349632,36.674816,24.449879,CON,,,,,0.0,0.0,0.0,0
564105,0.067787,0.067787,0.067787,0.067787,0.067787,0.067787,udp,0.0,0.0,cs0,cs0,64.0,117.0,0.0,11.0,Status,6,4,2,918,761,157,190.25,78.5,76710.875,67387.55469,9323.321289,0,0,0,0.0,,,73.76046,44.256275,14.752091,CON,,,,,0.0,0.0,0.0,0
564203,0.001576,0.001576,0.001576,0.001576,0.001576,0.001576,udp,0.0,0.0,cs0,cs0,64.0,62.0,0.0,2.0,Start,2,1,1,445,87,358,87.0,358.0,0.0,0.0,0.0,0,0,0,0.0,,,634.517761,0.0,0.0,CON,,,,,0.0,0.0,0.0,0
564220,0.511314,0.511314,0.511314,0.511314,0.511314,0.511314,tcp,0.0,0.0,cs0,cs0,63.0,236.0,1.0,20.0,Start,40,19,21,13386,2183,11203,114.894737,533.476196,199313.9375,32371.5,166942.4375,0,0,0,0.0,0.0,0.0,76.274071,35.203419,39.11491,FIN,64128.0,69120.0,,,0.023078,0.011202,0.011876,0
564228,0.0,0.0,0.0,0.0,0.0,0.0,icmp,0.0,,cs0,,58.0,,6.0,,Start,1,1,0,98,98,0,98.0,0.0,0.0,0.0,0.0,0,0,0,0.0,,,0.0,0.0,0.0,ECO,,,,,0.0,0.0,0.0,0
564294,0.062744,0.062744,0.062744,0.062744,0.062744,0.062744,udp,0.0,0.0,cs0,cs0,64.0,117.0,0.0,11.0,Status,6,3,3,732,532,200,177.333328,66.666664,62348.59375,45263.29297,17085.29883,0,0,0,0.0,,,79.688896,31.875559,31.875559,CON,,,,,0.0,0.0,0.0,0
564376,0.0,0.0,0.0,0.0,0.0,0.0,icmp,0.0,,cs0,,58.0,,6.0,,Start,1,1,0,98,98,0,98.0,0.0,0.0,0.0,0.0,0,0,0,0.0,,,0.0,0.0,0.0,ECO,,,,,0.0,0.0,0.0,0
564397,0.0,0.0,0.0,0.0,0.0,0.0,icmp,0.0,,cs0,,58.0,,6.0,,Start,1,1,0,98,98,0,98.0,0.0,0.0,0.0,0.0,0,0,0,0.0,,,0.0,0.0,0.0,ECO,,,,,0.0,0.0,0.0,0
564428,0.0,0.0,0.0,0.0,0.0,0.0,udp,0.0,,cs0,,249.0,,7.0,,Start,1,1,0,74,74,0,74.0,0.0,0.0,0.0,0.0,0,0,0,0.0,,,0.0,0.0,0.0,INT,,,610.0,,0.0,0.0,0.0,0
564445,4.999921,4.999921,4.999921,4.999921,4.999921,4.999921,udp,0.0,0.0,cs0,cs0,47.0,64.0,17.0,0.0,Status,53,46,7,60998,59314,1684,1289.434814,240.571426,95151.90625,92841.46875,2310.436523,0,0,0,0.0,,,10.400165,9.000142,1.200019,CON,,,,,0.0,0.0,0.0,0
564535,0.0,0.0,0.0,0.0,0.0,0.0,sctp,186.0,40.0,ef,af11,255.0,250.0,1.0,6.0,Status,2,1,1,232,114,118,114.0,118.0,0.0,0.0,0.0,0,0,0,0.0,,,0.0,0.0,0.0,CON,,,,610.0,0.0,0.0,0.0,0
564554,4.800635,4.800635,4.800635,4.800635,4.800635,4.800635,udp,0.0,0.0,cs0,cs0,47.0,64.0,17.0,0.0,Status,145,132,13,176891,172349,4542,1305.674194,349.384613,292023.0313,285035.625,6987.40918,0,0,0,0.0,,,29.996033,27.288057,2.499669,CON,,,,,0.0,0.0,0.0,0
564630,0.167954,0.167954,0.167954,0.167954,0.167954,0.167954,udp,0.0,0.0,cs0,cs0,64.0,53.0,0.0,11.0,Start,14,8,6,8660,5279,3381,659.875,563.5,354287.5,220060.25,134227.2344,0,0,0,0.0,,,77.402145,41.678078,29.770056,CON,,,,,0.0,0.0,0.0,0
564659,4.997716,4.997716,4.997716,4.997716,4.997716,4.997716,udp,0.0,0.0,cs0,cs0,117.0,64.0,11.0,0.0,Status,105,88,17,119385,114846,4539,1305.068237,267.0,188586.9531,181748.625,6838.32373,0,0,0,0.0,,,20.809505,17.407951,3.201463,CON,,,,,0.0,0.0,0.0,0
564690,0.048116,0.048116,0.048116,0.048116,0.048116,0.048116,icmp,0.0,0.0,cs0,cs0,58.0,64.0,6.0,0.0,Start,2,1,1,196,98,98,98.0,98.0,0.0,0.0,0.0,0,0,0,0.0,,,20.783108,0.0,0.0,ECO,,,,,0.0,0.0,0.0,0
564710,0.088434,0.088434,0.088434,0.088434,0.088434,0.088434,icmp,0.0,0.0,cs0,cs0,58.0,64.0,6.0,0.0,Start,2,1,1,196,98,98,98.0,98.0,0.0,0.0,0.0,0,0,0,0.0,,,11.307868,0.0,0.0,ECO,,,,,0.0,0.0,0.0,0
564721,0.039097,0.039097,0.039097,0.039097,0.039097,0.039097,icmp,0.0,0.0,cs0,cs0,58.0,64.0,6.0,0.0,Start,2,1,1,196,98,98,98.0,98.0,0.0,0.0,0.0,0,0,0,0.0,,,25.57741,0.0,0.0,ECO,,,,,0.0,0.0,0.0,0
564757,4.990957,4.990957,4.990957,4.990957,4.990957,4.990957,udp,0.0,0.0,cs0,cs0,117.0,64.0,11.0,0.0,Status,105,92,13,124171,120580,3591,1310.652222,276.230774,196491.375,191177.7656,5313.610352,0,0,0,0.0,,,20.837688,18.232977,2.404349,CON,,,,,0.0,0.0,0.0,0
564766,0.0,0.0,0.0,0.0,0.0,0.0,icmp,0.0,,cs0,,58.0,,6.0,,Start,1,1,0,98,98,0,98.0,0.0,0.0,0.0,0.0,0,0,0,0.0,,,0.0,0.0,0.0,ECO,,,,,0.0,0.0,0.0,0
564767,0.055964,0.055964,0.055964,0.055964,0.055964,0.055964,udp,0.0,0.0,cs0,cs0,64.0,117.0,0.0,11.0,Status,7,4,3,963,763,200,190.75,66.666664,101064.9688,81909.79688,19155.17188,0,0,0,0.0,,,107.211777,53.605888,35.737259,CON,,,,,0.0,0.0,0.0,0
564795,0.053737,0.053737,0.053737,0.053737,0.053737,0.053737,udp,0.0,0.0,cs0,cs0,64.0,53.0,0.0,11.0,Start,10,6,4,7488,5570,1918,928.333313,479.5,905298.0625,691069.5,214228.5625,0,0,0,0.0,,,167.482376,93.045761,55.827457,CON,,,,,0.0,0.0,0.0,0
564807,0.0,0.0,0.0,0.0,0.0,0.0,icmp,0.0,,cs0,,58.0,,6.0,,Start,1,1,0,98,98,0,98.0,0.0,0.0,0.0,0.0,0,0,0,0.0,,,0.0,0.0,0.0,ECO,,,,,0.0,0.0,0.0,0
564816,0.127327,0.127327,0.127327,0.127327,0.127327,0.127327,icmp,0.0,0.0,cs0,cs0,58.0,64.0,6.0,0.0,Start,2,1,1,196,98,98,98.0,98.0,0.0,0.0,0.0,0,0,0,0.0,,,7.853794,0.0,0.0,ECO,,,,,0.0,0.0,0.0,0
564841,0.0,0.0,0.0,0.0,0.0,0.0,icmp,0.0,,cs0,,58.0,,6.0,,Start,1,1,0,98,98,0,98.0,0.0,0.0,0.0,0.0,0,0,0,0.0,,,0.0,0.0,0.0,ECO,,,,,0.0,0.0,0.0,0
564864,0.173024,0.173024,0.173024,0.173024,0.173024,0.173024,udp,0.0,0.0,cs0,cs0,64.0,53.0,0.0,11.0,Start,14,8,6,8787,5279,3508,659.875,584.666687,348807.0938,213611.9844,135195.125,0,0,0,0.0,,,75.134087,40.456814,28.897726,CON,,,,,0.0,0.0,0.0,0
564874,0.0,0.0,0.0,0.0,0.0,0.0,icmp,0.0,,cs0,,58.0,,6.0,,Start,1,1,0,98,98,0,98.0,0.0,0.0,0.0,0.0,0,0,0,0.0,,,0.0,0.0,0.0,ECO,,,,,0.0,0.0,0.0,0
564901,0.0,0.0,0.0,0.0,0.0,0.0,sctp,186.0,40.0,ef,af11,255.0,250.0,1.0,6.0,Status,2,1,1,232,114,118,114.0,118.0,0.0,0.0,0.0,0,0,0,0.0,,,0.0,0.0,0.0,CON,,,,610.0,0.0,0.0,0.0,0
565012,0.130452,0.130452,0.130452,0.130452,0.130452,0.130452,icmp,0.0,0.0,cs0,cs0,58.0,64.0,6.0,0.0,Start,2,1,1,196,98,98,98.0,98.0,0.0,0.0,0.0,0,0,0,0.0,,,7.665654,0.0,0.0,ECO,,,,,0.0,0.0,0.0,0
565059,0.0,0.0,0.0,0.0,0.0,0.0,icmp,0.0,,cs0,,58.0,,6.0,,Start,1,1,0,98,98,0,98.0,0.0,0.0,0.0,0.0,0,0,0,0.0,,,0.0,0.0,0.0,ECO,,,,,0.0,0.0,0.0,0
565071,0.024146,0.024146,0.024146,0.024146,0.024146,0.024146,icmp,0.0,0.0,cs0,cs0,58.0,64.0,6.0,0.0,Start,2,1,1,196,98,98,98.0,98.0,0.0,0.0,0.0,0,0,0,0.0,,,41.414726,0.0,0.0,ECO,,,,,0.0,0.0,0.0,0
565078,0.060084,0.060084,0.060084,0.060084,0.060084,0.060084,udp,0.0,0.0,cs0,cs0,64.0,117.0,0.0,11.0,Status,5,3,2,670,532,138,177.333328,69.0,56454.29688,47267.16016,9187.137695,0,0,0,0.0,,,66.573463,33.286732,16.643366,CON,,,,,0.0,0.0,0.0,0
565082,4.977032,4.977032,4.977032,4.977032,4.977032,4.977032,udp,0.0,0.0,cs0,cs0,117.0,64.0,11.0,0.0,Status,131,118,13,156986,152836,4150,1295.220337,319.230774,249742.4063,243584.5156,6157.886719,0,0,0,0.0,,,26.119984,23.507986,2.411075,CON,,,,,0.0,0.0,0.0,0
565095,0.0,0.0,0.0,0.0,0.0,0.0,icmp,0.0,,cs0,,58.0,,6.0,,Start,1,1,0,98,98,0,98.0,0.0,0.0,0.0,0.0,0,0,0,0.0,,,0.0,0.0,0.0,ECO,,,,,0.0,0.0,0.0,0
566397,0.100021,0.100021,0.100021,0.100021,0.100021,0.100021,udp,0.0,0.0,cs0,cs0,64.0,52.0,0.0,12.0,Status,7,4,3,4074,2860,1214,715.0,404.666656,236350.375,171563.9688,64786.39844,0,0,0,0.0,,,59.987404,29.993702,19.995802,CON,,,,,0.0,0.0,0.0,0
566640,0.000157,0.000157,0.000157,0.000157,0.000157,0.000157,sctp,186.0,186.0,ef,ef,252.0,255.0,4.0,1.0,Status,2,1,1,200,102,98,102.0,98.0,0.0,0.0,0.0,0,0,0,0.0,,,6369.426758,0.0,0.0,CON,,,610.0,,0.0,0.0,0.0,0
569559,0.0,0.0,0.0,0.0,0.0,0.0,icmp,0.0,,cs0,,58.0,,6.0,,Start,1,1,0,98,98,0,98.0,0.0,0.0,0.0,0.0,0,0,0,0.0,,,0.0,0.0,0.0,ECO,,,,,0.0,0.0,0.0,0
570228,0.075275,0.075275,0.075275,0.075275,0.075275,0.075275,icmp,0.0,0.0,cs0,cs0,58.0,64.0,6.0,0.0,Start,2,1,1,196,98,98,98.0,98.0,0.0,0.0,0.0,0,0,0,0.0,,,13.284624,0.0,0.0,ECO,,,,,0.0,0.0,0.0,0
571244,0.07317,0.07317,0.07317,0.07317,0.07317,0.07317,udp,0.0,0.0,cs0,cs0,64.0,117.0,0.0,11.0,Status,6,3,3,752,549,203,183.0,67.666664,54885.88281,40016.40234,14869.48242,0,0,0,0.0,,,68.334015,27.333607,27.333607,CON,,,,,0.0,0.0,0.0,0
571245,0.049429,0.049429,0.049429,0.049429,0.049429,0.049429,icmp,0.0,0.0,cs0,cs0,58.0,64.0,6.0,0.0,Start,2,1,1,196,98,98,98.0,98.0,0.0,0.0,0.0,0,0,0,0.0,,,20.231039,0.0,0.0,ECO,,,,,0.0,0.0,0.0,0
573791,0.0,0.0,0.0,0.0,0.0,0.0,icmp,0.0,,cs0,,58.0,,6.0,,Start,1,1,0,98,98,0,98.0,0.0,0.0,0.0,0.0,0,0,0,0.0,,,0.0,0.0,0.0,ECO,,,,,0.0,0.0,0.0,0
575884,0.059478,0.059478,0.059478,0.059478,0.059478,0.059478,udp,0.0,0.0,cs0,cs0,64.0,117.0,0.0,11.0,Status,8,4,4,1020,760,260,190.0,65.0,102895.1875,76667.0,26228.18555,0,0,0,0.0,,,117.690575,50.438816,50.438816,CON,,,,,0.0,0.0,0.0,0
580786,0.081398,0.081398,0.081398,0.081398,0.081398,0.081398,icmp,0.0,0.0,cs0,cs0,58.0,64.0,6.0,0.0,Start,2,1,1,196,98,98,98.0,98.0,0.0,0.0,0.0,0,0,0,0.0,,,12.285314,0.0,0.0,ECO,,,,,0.0,0.0,0.0,0
585897,4.973397,4.973397,4.973397,4.973397,4.973397,4.973397,udp,0.0,0.0,cs0,cs0,117.0,64.0,11.0,0.0,Status,140,128,12,172054,168444,3610,1315.96875,300.833344,274161.125,268836.7813,5324.329102,0,0,0,0.0,,,27.948706,25.535868,2.211768,CON,,,,,0.0,0.0,0.0,0
587486,0.055395,0.055395,0.055395,0.055395,0.055395,0.055395,icmp,0.0,0.0,cs0,cs0,58.0,64.0,6.0,0.0,Start,2,1,1,196,98,98,98.0,98.0,0.0,0.0,0.0,0,0,0,0.0,,,18.052172,0.0,0.0,ECO,,,,,0.0,0.0,0.0,0
588459,0.063859,0.063859,0.063859,0.063859,0.063859,0.063859,udp,0.0,0.0,cs0,cs0,64.0,117.0,0.0,11.0,Status,6,3,3,732,532,200,177.333328,66.666664,61259.96094,44472.98047,16786.98438,0,0,0,0.0,,,78.297501,31.318998,31.318998,CON,,,,,0.0,0.0,0.0,0
588697,0.0,0.0,0.0,0.0,0.0,0.0,icmp,0.0,,cs0,,58.0,,6.0,,Start,1,1,0,98,98,0,98.0,0.0,0.0,0.0,0.0,0,0,0,0.0,,,0.0,0.0,0.0,ECO,,,,,0.0,0.0,0.0,0
589143,0.000161,0.000161,0.000161,0.000161,0.000161,0.000161,sctp,186.0,186.0,ef,ef,252.0,255.0,4.0,1.0,Status,2,1,1,200,102,98,102.0,98.0,0.0,0.0,0.0,0,0,0,0.0,,,6211.180176,0.0,0.0,CON,,,610.0,,0.0,0.0,0.0,0
589956,0.092815,0.092815,0.092815,0.092815,0.092815,0.092815,icmp,0.0,0.0,cs0,cs0,58.0,64.0,6.0,0.0,Start,2,1,1,196,98,98,98.0,98.0,0.0,0.0,0.0,0,0,0,0.0,,,10.774121,0.0,0.0,ECO,,,,,0.0,0.0,0.0,0
591515,0.059975,0.059975,0.059975,0.059975,0.059975,0.059975,udp,0.0,0.0,cs0,cs0,64.0,117.0,0.0,11.0,Status,4,2,2,438,300,138,150.0,69.0,29212.17188,20008.33789,9203.834961,0,0,0,0.0,,,50.020844,16.673615,16.673615,CON,,,,,0.0,0.0,0.0,0
597395,0.0,0.0,0.0,0.0,0.0,0.0,icmp,0.0,,cs0,,58.0,,6.0,,Start,1,1,0,98,98,0,98.0,0.0,0.0,0.0,0.0,0,0,0,0.0,,,0.0,0.0,0.0,ECO,,,,,0.0,0.0,0.0,0
597529,0.060024,0.060024,0.060024,0.060024,0.060024,0.060024,udp,0.0,0.0,cs0,cs0,64.0,117.0,0.0,11.0,Status,6,3,3,748,548,200,182.666672,66.666664,66640.00781,48780.48828,17859.52344,0,0,0,0.0,,,83.300011,33.320004,33.320004,CON,,,,,0.0,0.0,0.0,0
601932,2.991099,2.991099,2.991099,2.991099,2.991099,2.991099,tcp,136.0,,af41,,255.0,,1.0,,Start,3,3,0,222,222,0,74.0,0.0,395.841125,395.841125,0.0,2,2,0,40.0,0.0,0.0,0.668651,0.668651,0.0,REQ,3737600.0,,,,0.0,0.0,0.0,0
602384,0.08531,0.08531,0.08531,0.08531,0.08531,0.08531,icmp,0.0,0.0,cs0,cs0,58.0,64.0,6.0,0.0,Start,2,1,1,196,98,98,98.0,98.0,0.0,0.0,0.0,0,0,0,0.0,,,11.721955,0.0,0.0,ECO,,,,,0.0,0.0,0.0,0
603407,0.108973,0.108973,0.108973,0.108973,0.108973,0.108973,icmp,0.0,0.0,cs0,cs0,58.0,64.0,6.0,0.0,Start,2,1,1,196,98,98,98.0,98.0,0.0,0.0,0.0,0,0,0,0.0,,,9.176585,0.0,0.0,ECO,,,,,0.0,0.0,0.0,0
604789,0.411664,0.411664,0.411664,0.411664,0.411664,0.411664,udp,0.0,0.0,cs0,cs0,117.0,64.0,11.0,0.0,Status,136,109,27,148617,143347,5270,1315.110107,195.185181,2858778.0,2760153.75,98624.11719,0,0,0,0.0,,,327.937347,262.349884,63.158302,CON,,,,,0.0,0.0,0.0,0
606264,4.837266,4.837266,4.837266,4.837266,4.837266,4.837266,udp,0.0,0.0,cs0,cs0,47.0,64.0,17.0,0.0,Status,170,154,16,212660,208523,4137,1354.04541,258.5625,349036.8125,342621.625,6415.193848,0,0,0,0.0,,,34.937092,31.629436,3.100925,CON,,,,,0.0,0.0,0.0,0
615727,0.048263,0.048263,0.048263,0.048263,0.048263,0.048263,icmp,0.0,0.0,cs0,cs0,58.0,64.0,6.0,0.0,Start,2,1,1,196,98,98,98.0,98.0,0.0,0.0,0.0,0,0,0,0.0,,,20.719807,0.0,0.0,ECO,,,,,0.0,0.0,0.0,0
621336,0.0,0.0,0.0,0.0,0.0,0.0,icmp,0.0,,cs0,,58.0,,6.0,,Start,1,1,0,98,98,0,98.0,0.0,0.0,0.0,0.0,0,0,0,0.0,,,0.0,0.0,0.0,ECO,,,,,0.0,0.0,0.0,0
622754,4.99972,4.99972,4.99972,4.99972,4.99972,4.99972,udp,0.0,0.0,cs0,cs0,47.0,64.0,17.0,0.0,Status,230,218,12,296848,292991,3857,1343.995361,321.416656,472320.8438,466662.9375,5657.916504,0,0,0,0.0,,,45.802563,43.402431,2.200123,CON,,,,,0.0,0.0,0.0,0
626522,0.0,0.0,0.0,0.0,0.0,0.0,icmp,0.0,,cs0,,58.0,,6.0,,Start,1,1,0,98,98,0,98.0,0.0,0.0,0.0,0.0,0,0,0,0.0,,,0.0,0.0,0.0,ECO,,,,,0.0,0.0,0.0,0
628870,0.0,0.0,0.0,0.0,0.0,0.0,icmp,0.0,,cs0,,58.0,,6.0,,Start,1,1,0,98,98,0,98.0,0.0,0.0,0.0,0.0,0,0,0,0.0,,,0.0,0.0,0.0,ECO,,,,,0.0,0.0,0.0,0
630677,0.015106,0.015106,0.015106,0.015106,0.015106,0.015106,icmp,0.0,0.0,cs0,cs0,58.0,64.0,6.0,0.0,Start,2,1,1,196,98,98,98.0,98.0,0.0,0.0,0.0,0,0,0,0.0,,,66.19886,0.0,0.0,ECO,,,,,0.0,0.0,0.0,0
639232,0.020967,0.020967,0.020967,0.020967,0.020967,0.020967,icmp,0.0,0.0,cs0,cs0,58.0,64.0,6.0,0.0,Start,2,1,1,196,98,98,98.0,98.0,0.0,0.0,0.0,0,0,0,0.0,,,47.693996,0.0,0.0,ECO,,,,,0.0,0.0,0.0,0
640734,0.0,0.0,0.0,0.0,0.0,0.0,icmp,0.0,,cs0,,58.0,,6.0,,Start,1,1,0,98,98,0,98.0,0.0,0.0,0.0,0.0,0,0,0,0.0,,,0.0,0.0,0.0,ECO,,,,,0.0,0.0,0.0,0
641372,0.086402,0.086402,0.086402,0.086402,0.086402,0.086402,icmp,0.0,0.0,cs0,cs0,58.0,64.0,6.0,0.0,Start,2,1,1,196,98,98,98.0,98.0,0.0,0.0,0.0,0,0,0,0.0,,,11.573807,0.0,0.0,ECO,,,,,0.0,0.0,0.0,0
642213,4.999557,4.999557,4.999557,4.999557,4.999557,4.999557,udp,0.0,0.0,cs0,cs0,117.0,64.0,11.0,0.0,Status,262,246,16,340439,336545,3894,1368.069092,243.375,542172.8125,536330.6875,5842.117676,0,0,0,0.0,,,52.204624,49.004341,3.000266,CON,,,,,0.0,0.0,0.0,0
642356,0.0,0.0,0.0,0.0,0.0,0.0,sctp,186.0,186.0,ef,ef,252.0,255.0,4.0,1.0,Status,2,1,1,192,98,94,98.0,94.0,0.0,0.0,0.0,0,0,0,0.0,,,0.0,0.0,0.0,CON,,,610.0,,0.0,0.0,0.0,0
642481,0.028922,0.028922,0.028922,0.028922,0.028922,0.028922,icmp,0.0,0.0,cs0,cs0,58.0,64.0,6.0,0.0,Start,2,1,1,196,98,98,98.0,98.0,0.0,0.0,0.0,0,0,0,0.0,,,34.575756,0.0,0.0,ECO,,,,,0.0,0.0,0.0,0
642492,0.0,0.0,0.0,0.0,0.0,0.0,icmp,0.0,,cs0,,58.0,,6.0,,Start,1,1,0,98,98,0,98.0,0.0,0.0,0.0,0.0,0,0,0,0.0,,,0.0,0.0,0.0,ECO,,,,,0.0,0.0,0.0,0
642583,0.190864,0.190864,0.190864,0.190864,0.190864,0.190864,udp,0.0,0.0,cs0,cs0,64.0,53.0,0.0,11.0,Start,13,8,5,8770,5279,3491,659.875,698.200012,310713.4063,193645.7344,117067.6484,0,0,0,0.0,,,62.871994,36.675331,20.957331,CON,,,,,0.0,0.0,0.0,0
642616,0.071949,0.071949,0.071949,0.071949,0.071949,0.071949,udp,0.0,0.0,cs0,cs0,64.0,117.0,0.0,11.0,Status,6,3,3,734,531,203,177.0,67.666664,54483.03906,39361.21484,15121.82324,0,0,0,0.0,,,69.493668,27.797468,27.797468,CON,,,,,0.0,0.0,0.0,0
642640,0.0,0.0,0.0,0.0,0.0,0.0,icmp,0.0,,cs0,,58.0,,6.0,,Start,1,1,0,98,98,0,98.0,0.0,0.0,0.0,0.0,0,0,0,0.0,,,0.0,0.0,0.0,ECO,,,,,0.0,0.0,0.0,0
642675,0.0,0.0,0.0,0.0,0.0,0.0,icmp,0.0,,cs0,,58.0,,6.0,,Start,1,1,0,98,98,0,98.0,0.0,0.0,0.0,0.0,0,0,0,0.0,,,0.0,0.0,0.0,ECO,,,,,0.0,0.0,0.0,0
642692,0.0,0.0,0.0,0.0,0.0,0.0,icmp,0.0,,cs0,,58.0,,6.0,,Start,1,1,0,98,98,0,98.0,0.0,0.0,0.0,0.0,0,0,0,0.0,,,0.0,0.0,0.0,ECO,,,,,0.0,0.0,0.0,0
642825,0.027376,0.027376,0.027376,0.027376,0.027376,0.027376,icmp,0.0,0.0,cs0,cs0,58.0,64.0,6.0,0.0,Start,2,1,1,196,98,98,98.0,98.0,0.0,0.0,0.0,0,0,0,0.0,,,36.528347,0.0,0.0,ECO,,,,,0.0,0.0,0.0,0
642835,0.052884,0.052884,0.052884,0.052884,0.052884,0.052884,udp,0.0,0.0,cs0,cs0,64.0,117.0,0.0,11.0,Status,5,3,2,671,531,140,177.0,70.0,64140.38281,53551.16797,10589.21387,0,0,0,0.0,,,75.637245,37.818623,18.909311,CON,,,,,0.0,0.0,0.0,0
642838,0.586756,0.586756,0.586756,0.586756,0.586756,0.586756,sctp,186.0,40.0,ef,af11,255.0,250.0,1.0,6.0,Status,6,3,3,596,306,290,102.0,96.666664,5426.446289,2781.394775,2645.051758,0,0,0,0.0,,,8.52143,3.408572,3.408572,CON,,,,610.0,0.0,0.0,0.0,0
642863,4.981899,4.981899,4.981899,4.981899,4.981899,4.981899,udp,0.0,0.0,cs0,cs0,117.0,64.0,11.0,0.0,Status,192,180,12,246116,242649,3467,1348.050049,288.916656,392589.25,387484.375,5104.880859,0,0,0,0.0,,,38.338795,35.930077,2.207994,CON,,,,,0.0,0.0,0.0,0
642938,0.028071,0.028071,0.028071,0.028071,0.028071,0.028071,icmp,0.0,0.0,cs0,cs0,58.0,64.0,6.0,0.0,Start,2,1,1,196,98,98,98.0,98.0,0.0,0.0,0.0,0,0,0,0.0,,,35.623955,0.0,0.0,ECO,,,,,0.0,0.0,0.0,0
643049,2.877031,2.877031,2.877031,2.877031,2.877031,2.877031,tcp,0.0,0.0,cs0,cs0,64.0,62.0,0.0,2.0,Start,18,10,8,5902,1230,4672,123.0,584.0,14445.44727,3078.173096,11367.27344,0,0,0,0.0,0.0,0.0,5.908869,3.128225,2.433064,CON,78336.0,32256.0,,,0.016898,0.001177,0.015721,0
643058,4.986868,4.986868,4.986868,4.986868,4.986868,4.986868,udp,0.0,0.0,cs0,cs0,117.0,64.0,11.0,0.0,Status,123,114,9,153014,151704,1310,1330.736816,145.555557,243100.8906,241231.9688,1868.908569,0,0,0,0.0,,,24.464252,22.659513,1.604213,CON,,,,,0.0,0.0,0.0,0
643103,0.0,0.0,0.0,0.0,0.0,0.0,icmp,0.0,,cs0,,58.0,,6.0,,Start,1,1,0,98,98,0,98.0,0.0,0.0,0.0,0.0,0,0,0,0.0,,,0.0,0.0,0.0,ECO,,,,,0.0,0.0,0.0,0
643137,0.0,0.0,0.0,0.0,0.0,0.0,icmp,0.0,,cs0,,58.0,,6.0,,Start,1,1,0,98,98,0,98.0,0.0,0.0,0.0,0.0,0,0,0,0.0,,,0.0,0.0,0.0,ECO,,,,,0.0,0.0,0.0,0
643160,0.101725,0.101725,0.101725,0.101725,0.101725,0.101725,icmp,0.0,0.0,cs0,cs0,58.0,64.0,6.0,0.0,Start,2,1,1,196,98,98,98.0,98.0,0.0,0.0,0.0,0,0,0,0.0,,,9.830425,0.0,0.0,ECO,,,,,0.0,0.0,0.0,0
643186,4.944588,4.944588,4.944588,4.944588,4.944588,4.944588,udp,0.0,0.0,cs0,cs0,117.0,64.0,11.0,0.0,Status,176,158,18,214937,208501,6436,1319.626587,357.555542,345041.4375,335206.0625,9835.399414,0,0,0,0.0,,,35.392231,31.751886,3.438102,CON,,,,,0.0,0.0,0.0,0
643223,0.284019,0.284019,0.284019,0.284019,0.284019,0.284019,udp,0.0,0.0,cs0,cs0,117.0,64.0,11.0,0.0,Status,95,69,26,93628,87059,6569,1261.724609,252.653839,2594615.25,2416683.5,177931.7656,0,0,0,0.0,,,330.963776,239.420609,88.022285,CON,,,,,0.0,0.0,0.0,0
643309,0.0,0.0,0.0,0.0,0.0,0.0,udp,0.0,,cs0,,64.0,,0.0,,Start,1,1,0,87,87,0,87.0,0.0,0.0,0.0,0.0,0,0,0,0.0,,,0.0,0.0,0.0,INT,,,,,0.0,0.0,0.0,0
643326,0.0,0.0,0.0,0.0,0.0,0.0,tcp,0.0,,cs0,,64.0,,0.0,,Start,1,1,0,66,66,0,66.0,0.0,0.0,0.0,0.0,0,0,0,0.0,0.0,0.0,0.0,0.0,0.0,RST,16384.0,,,,0.0,0.0,0.0,0
643383,0.0,0.0,0.0,0.0,0.0,0.0,tcp,0.0,,cs0,,64.0,,0.0,,Status,1,1,0,74,74,0,74.0,0.0,0.0,0.0,0.0,1,1,0,50.0,0.0,0.0,0.0,0.0,0.0,REQ,33553920.0,,,,0.0,0.0,0.0,0
643423,0.0,0.0,0.0,0.0,0.0,0.0,tcp,0.0,,cs0,,64.0,,0.0,,Status,1,1,0,74,74,0,74.0,0.0,0.0,0.0,0.0,1,1,0,50.0,0.0,0.0,0.0,0.0,0.0,REQ,33553920.0,,,,0.0,0.0,0.0,0
643473,0.0,0.0,0.0,0.0,0.0,0.0,tcp,0.0,,cs0,,64.0,,0.0,,Status,1,1,0,74,74,0,74.0,0.0,0.0,0.0,0.0,1,1,0,50.0,0.0,0.0,0.0,0.0,0.0,REQ,33553920.0,,,,0.0,0.0,0.0,0
643719,0.0,0.0,0.0,0.0,0.0,0.0,tcp,0.0,,cs0,,64.0,,0.0,,Status,1,1,0,74,74,0,74.0,0.0,0.0,0.0,0.0,1,1,0,50.0,0.0,0.0,0.0,0.0,0.0,REQ,33553920.0,,,,0.0,0.0,0.0,0
643727,0.491627,0.491627,0.491627,0.491627,0.491627,0.491627,sctp,186.0,40.0,ef,af11,255.0,250.0,1.0,6.0,Status,10,5,5,1228,642,586,128.399994,117.199997,15995.86621,8364.064453,7631.802246,0,0,0,0.0,,,18.306561,8.13625,8.13625,CON,,,,610.0,0.0,0.0,0.0,0
643734,0.0,0.0,0.0,0.0,0.0,0.0,tcp,0.0,,cs0,,64.0,,0.0,,Status,1,1,0,74,74,0,74.0,0.0,0.0,0.0,0.0,1,1,0,50.0,0.0,0.0,0.0,0.0,0.0,REQ,33553920.0,,,,0.0,0.0,0.0,0
643740,3.040067,3.040067,3.040067,3.040067,3.040067,3.040067,tcp,0.0,,cs0,,64.0,,0.0,,Start,3,3,0,222,222,0,74.0,0.0,389.465118,389.465118,0.0,2,2,0,40.0,0.0,0.0,0.65788,0.65788,0.0,REQ,33553920.0,,,,0.0,0.0,0.0,0
643766,4.079259,4.079259,4.079259,4.079259,4.079259,4.079259,tcp,0.0,,cs0,,64.0,,0.0,,Start,4,4,0,296,296,0,74.0,0.0,435.373199,435.373199,0.0,3,3,0,42.857143,0.0,0.0,0.735428,0.735428,0.0,REQ,33553920.0,,,,0.0,0.0,0.0,0
643775,0.0,0.0,0.0,0.0,0.0,0.0,tcp,0.0,,cs0,,64.0,,0.0,,Status,1,1,0,74,74,0,74.0,0.0,0.0,0.0,0.0,1,1,0,50.0,0.0,0.0,0.0,0.0,0.0,REQ,33553920.0,,,,0.0,0.0,0.0,0
643782,0.0,0.0,0.0,0.0,0.0,0.0,tcp,0.0,,cs0,,64.0,,0.0,,Status,1,1,0,74,74,0,74.0,0.0,0.0,0.0,0.0,1,1,0,50.0,0.0,0.0,0.0,0.0,0.0,REQ,33553920.0,,,,0.0,0.0,0.0,0
643810,2.998951,2.998951,2.998951,2.998951,2.998951,2.998951,tcp,0.0,,cs0,,64.0,,0.0,,Start,3,3,0,222,222,0,74.0,0.0,394.804718,394.804718,0.0,2,2,0,40.0,0.0,0.0,0.6669,0.6669,0.0,REQ,33553920.0,,,,0.0,0.0,0.0,0
643867,3.046889,3.046889,3.046889,3.046889,3.046889,3.046889,tcp,0.0,,cs0,,64.0,,0.0,,Start,3,3,0,222,222,0,74.0,0.0,388.593079,388.593079,0.0,2,2,0,40.0,0.0,0.0,0.656407,0.656407,0.0,REQ,33553920.0,,,,0.0,0.0,0.0,0
643881,3.001051,3.001051,3.001051,3.001051,3.001051,3.001051,tcp,0.0,,cs0,,64.0,,0.0,,Start,3,3,0,222,222,0,74.0,0.0,394.528442,394.528442,0.0,2,2,0,40.0,0.0,0.0,0.666433,0.666433,0.0,REQ,33553920.0,,,,0.0,0.0,0.0,0
643914,0.0,0.0,0.0,0.0,0.0,0.0,tcp,0.0,,cs0,,64.0,,0.0,,Status,1,1,0,74,74,0,74.0,0.0,0.0,0.0,0.0,1,1,0,50.0,0.0,0.0,0.0,0.0,0.0,REQ,33553920.0,,,,0.0,0.0,0.0,0
643992,0.0,0.0,0.0,0.0,0.0,0.0,icmp,0.0,,cs0,,58.0,,6.0,,Start,1,1,0,98,98,0,98.0,0.0,0.0,0.0,0.0,0,0,0,0.0,,,0.0,0.0,0.0,ECO,,,,,0.0,0.0,0.0,0
643995,0.0,0.0,0.0,0.0,0.0,0.0,tcp,0.0,,cs0,,64.0,,0.0,,Status,1,1,0,74,74,0,74.0,0.0,0.0,0.0,0.0,1,1,0,50.0,0.0,0.0,0.0,0.0,0.0,REQ,33553920.0,,,,0.0,0.0,0.0,0
643996,3.027104,3.027104,3.027104,3.027104,3.027104,3.027104,tcp,0.0,,cs0,,64.0,,0.0,,Start,3,3,0,222,222,0,74.0,0.0,391.132935,391.132935,0.0,2,2,0,40.0,0.0,0.0,0.660698,0.660698,0.0,REQ,33553920.0,,,,0.0,0.0,0.0,0
644007,0.0,0.0,0.0,0.0,0.0,0.0,tcp,0.0,,cs0,,64.0,,0.0,,Status,1,1,0,74,74,0,74.0,0.0,0.0,0.0,0.0,1,1,0,50.0,0.0,0.0,0.0,0.0,0.0,REQ,33553920.0,,,,0.0,0.0,0.0,0
644014,0.0,0.0,0.0,0.0,0.0,0.0,icmp,0.0,,cs0,,58.0,,6.0,,Start,1,1,0,98,98,0,98.0,0.0,0.0,0.0,0.0,0,0,0,0.0,,,0.0,0.0,0.0,ECO,,,,,0.0,0.0,0.0,0
644046,0.0,0.0,0.0,0.0,0.0,0.0,icmp,0.0,,cs0,,58.0,,6.0,,Start,1,1,0,98,98,0,98.0,0.0,0.0,0.0,0.0,0,0,0,0.0,,,0.0,0.0,0.0,ECO,,,,,0.0,0.0,0.0,0
644061,0.0,0.0,0.0,0.0,0.0,0.0,tcp,0.0,,cs0,,64.0,,0.0,,Status,1,1,0,74,74,0,74.0,0.0,0.0,0.0,0.0,1,1,0,50.0,0.0,0.0,0.0,0.0,0.0,REQ,33553920.0,,,,0.0,0.0,0.0,0
644071,0.0,0.0,0.0,0.0,0.0,0.0,tcp,0.0,,cs0,,64.0,,0.0,,Status,1,1,0,74,74,0,74.0,0.0,0.0,0.0,0.0,1,1,0,50.0,0.0,0.0,0.0,0.0,0.0,REQ,33553920.0,,,,0.0,0.0,0.0,0
644077,3.040164,3.040164,3.040164,3.040164,3.040164,3.040164,tcp,0.0,,cs0,,64.0,,0.0,,Start,3,3,0,222,222,0,74.0,0.0,389.452667,389.452667,0.0,2,2,0,40.0,0.0,0.0,0.657859,0.657859,0.0,REQ,33553920.0,,,,0.0,0.0,0.0,0
644130,0.0,0.0,0.0,0.0,0.0,0.0,tcp,0.0,,cs0,,64.0,,0.0,,Status,1,1,0,74,74,0,74.0,0.0,0.0,0.0,0.0,1,1,0,50.0,0.0,0.0,0.0,0.0,0.0,REQ,33553920.0,,,,0.0,0.0,0.0,0
644160,2.98395,2.98395,2.98395,2.98395,2.98395,2.98395,tcp,0.0,,cs0,,64.0,,0.0,,Start,3,3,0,222,222,0,74.0,0.0,396.78949,396.78949,0.0,2,2,0,40.0,0.0,0.0,0.670253,0.670253,0.0,REQ,33553920.0,,,,0.0,0.0,0.0,0
644374,4.000806,4.000806,4.000806,4.000806,4.000806,4.000806,udp,0.0,,cs0,,64.0,,0.0,,Start,6,6,0,7097,7097,0,1182.833374,0.0,11827.61719,11827.61719,0.0,0,0,0,0.0,,,1.249748,1.249748,0.0,INT,,,,,0.0,0.0,0.0,0
644426,3.047944,3.047944,3.047944,3.047944,3.047944,3.047944,tcp,0.0,,cs0,,64.0,,0.0,,Start,3,3,0,222,222,0,74.0,0.0,388.458557,388.458557,0.0,2,2,0,40.0,0.0,0.0,0.65618,0.65618,0.0,REQ,33553920.0,,,,0.0,0.0,0.0,0
644430,0.0,0.0,0.0,0.0,0.0,0.0,udp,0.0,,cs0,,64.0,,0.0,,Status,1,1,0,170,170,0,170.0,0.0,0.0,0.0,0.0,0,0,0,0.0,,,0.0,0.0,0.0,REQ,,,,,0.0,0.0,0.0,0
644496,0.0,0.0,0.0,0.0,0.0,0.0,tcp,0.0,,cs0,,64.0,,0.0,,Status,1,1,0,74,74,0,74.0,0.0,0.0,0.0,0.0,1,1,0,50.0,0.0,0.0,0.0,0.0,0.0,REQ,33553920.0,,,,0.0,0.0,0.0,0
644569,0.0,0.0,0.0,0.0,0.0,0.0,icmp,0.0,,cs0,,58.0,,6.0,,Start,1,1,0,98,98,0,98.0,0.0,0.0,0.0,0.0,0,0,0,0.0,,,0.0,0.0,0.0,ECO,,,,,0.0,0.0,0.0,0
644687,4.06017,4.06017,4.06017,4.06017,4.06017,4.06017,tcp,0.0,,cs0,,64.0,,0.0,,Start,6,6,0,552,552,0,92.0,0.0,906.365967,906.365967,0.0,0,0,0,0.0,0.0,0.0,1.231475,1.231475,0.0,CON,200.0,,,,0.0,0.0,0.0,0
644714,0.0,0.0,0.0,0.0,0.0,0.0,tcp,0.0,,cs0,,64.0,,0.0,,Status,1,1,0,74,74,0,74.0,0.0,0.0,0.0,0.0,1,1,0,50.0,0.0,0.0,0.0,0.0,0.0,REQ,33553920.0,,,,0.0,0.0,0.0,0
644717,3.059929,3.059929,3.059929,3.059929,3.059929,3.059929,tcp,0.0,,cs0,,64.0,,0.0,,Start,3,3,0,222,222,0,74.0,0.0,386.937103,386.937103,0.0,2,2,0,40.0,0.0,0.0,0.65361,0.65361,0.0,REQ,33553920.0,,,,0.0,0.0,0.0,0
644762,0.0,0.0,0.0,0.0,0.0,0.0,tcp,0.0,,cs0,,64.0,,0.0,,Status,1,1,0,74,74,0,74.0,0.0,0.0,0.0,0.0,1,1,0,50.0,0.0,0.0,0.0,0.0,0.0,REQ,33553920.0,,,,0.0,0.0,0.0,0
644783,3.000046,3.000046,3.000046,3.000046,3.000046,3.000046,tcp,0.0,,cs0,,64.0,,0.0,,Start,3,3,0,222,222,0,74.0,0.0,394.660614,394.660614,0.0,2,2,0,40.0,0.0,0.0,0.666656,0.666656,0.0,REQ,33553920.0,,,,0.0,0.0,0.0,0
644845,0.0,0.0,0.0,0.0,0.0,0.0,tcp,0.0,,cs0,,64.0,,0.0,,Status,1,1,0,74,74,0,74.0,0.0,0.0,0.0,0.0,1,1,0,50.0,0.0,0.0,0.0,0.0,0.0,REQ,33553920.0,,,,0.0,0.0,0.0,0
644939,0.0,0.0,0.0,0.0,0.0,0.0,sctp,186.0,186.0,ef,ef,252.0,255.0,4.0,1.0,Status,2,1,1,192,98,94,98.0,94.0,0.0,0.0,0.0,0,0,0,0.0,,,0.0,0.0,0.0,CON,,,610.0,,0.0,0.0,0.0,0
644955,4.98816,4.98816,4.98816,4.98816,4.98816,4.98816,udp,0.0,,cs0,,64.0,,0.0,,Start,2,2,0,340,340,0,170.0,0.0,272.64563,272.64563,0.0,0,0,0,0.0,,,0.200475,0.200475,0.0,INT,,,,,0.0,0.0,0.0,0
644956,3.028109,3.028109,3.028109,3.028109,3.028109,3.028109,tcp,0.0,,cs0,,64.0,,0.0,,Start,3,3,0,222,222,0,74.0,0.0,391.003082,391.003082,0.0,2,2,0,40.0,0.0,0.0,0.660478,0.660478,0.0,REQ,33553920.0,,,,0.0,0.0,0.0,0
644959,0.0,0.0,0.0,0.0,0.0,0.0,tcp,0.0,,cs0,,64.0,,0.0,,Status,1,1,0,74,74,0,74.0,0.0,0.0,0.0,0.0,1,1,0,50.0,0.0,0.0,0.0,0.0,0.0,REQ,33553920.0,,,,0.0,0.0,0.0,0
644967,0.0,0.0,0.0,0.0,0.0,0.0,tcp,0.0,,cs0,,64.0,,0.0,,Status,1,1,0,74,74,0,74.0,0.0,0.0,0.0,0.0,1,1,0,50.0,0.0,0.0,0.0,0.0,0.0,REQ,33553920.0,,,,0.0,0.0,0.0,0
644976,3.004064,3.004064,3.004064,3.004064,3.004064,3.004064,tcp,0.0,,cs0,,64.0,,0.0,,Start,3,3,0,222,222,0,74.0,0.0,394.132751,394.132751,0.0,2,2,0,40.0,0.0,0.0,0.665765,0.665765,0.0,REQ,33553920.0,,,,0.0,0.0,0.0,0
645014,0.0,0.0,0.0,0.0,0.0,0.0,tcp,0.0,,cs0,,64.0,,0.0,,Status,1,1,0,74,74,0,74.0,0.0,0.0,0.0,0.0,1,1,0,50.0,0.0,0.0,0.0,0.0,0.0,REQ,33553920.0,,,,0.0,0.0,0.0,0
645090,0.0,0.0,0.0,0.0,0.0,0.0,tcp,0.0,,cs0,,64.0,,0.0,,Status,1,1,0,74,74,0,74.0,0.0,0.0,0.0,0.0,1,1,0,50.0,0.0,0.0,0.0,0.0,0.0,REQ,33553920.0,,,,0.0,0.0,0.0,0
645146,0.0,0.0,0.0,0.0,0.0,0.0,udp,0.0,,cs0,,64.0,,0.0,,Start,1,1,0,74,74,0,74.0,0.0,0.0,0.0,0.0,0,0,0,0.0,,,0.0,0.0,0.0,INT,,,,,0.0,0.0,0.0,0
645199,0.0,0.0,0.0,0.0,0.0,0.0,udp,0.0,,cs0,,64.0,,0.0,,Status,1,1,0,89,89,0,89.0,0.0,0.0,0.0,0.0,0,0,0,0.0,,,0.0,0.0,0.0,REQ,,,,,0.0,0.0,0.0,0
645210,0.0,0.0,0.0,0.0,0.0,0.0,tcp,0.0,,cs0,,64.0,,0.0,,Status,1,1,0,74,74,0,74.0,0.0,0.0,0.0,0.0,1,1,0,50.0,0.0,0.0,0.0,0.0,0.0,REQ,33553920.0,,,,0.0,0.0,0.0,0
645225,0.0,0.0,0.0,0.0,0.0,0.0,tcp,0.0,,cs0,,64.0,,0.0,,Status,1,1,0,74,74,0,74.0,0.0,0.0,0.0,0.0,1,1,0,50.0,0.0,0.0,0.0,0.0,0.0,REQ,33553920.0,,,,0.0,0.0,0.0,0
645239,0.0,0.0,0.0,0.0,0.0,0.0,tcp,0.0,,cs0,,64.0,,0.0,,Status,1,1,0,74,74,0,74.0,0.0,0.0,0.0,0.0,1,1,0,50.0,0.0,0.0,0.0,0.0,0.0,REQ,33553920.0,,,,0.0,0.0,0.0,0
645269,3.023958,3.023958,3.023958,3.023958,3.023958,3.023958,tcp,0.0,,cs0,,64.0,,0.0,,Start,3,3,0,222,222,0,74.0,0.0,391.539825,391.539825,0.0,2,2,0,40.0,0.0,0.0,0.661385,0.661385,0.0,REQ,33553920.0,,,,0.0,0.0,0.0,0
645297,0.0,0.0,0.0,0.0,0.0,0.0,tcp,0.0,,cs0,,64.0,,0.0,,Status,1,1,0,74,74,0,74.0,0.0,0.0,0.0,0.0,1,1,0,50.0,0.0,0.0,0.0,0.0,0.0,REQ,33553920.0,,,,0.0,0.0,0.0,0
645331,3.000001,3.000001,3.000001,3.000001,3.000001,3.000001,tcp,0.0,,cs0,,64.0,,0.0,,Start,3,3,0,222,222,0,74.0,0.0,394.666534,394.666534,0.0,2,2,0,40.0,0.0,0.0,0.666666,0.666666,0.0,REQ,33553920.0,,,,0.0,0.0,0.0,0
645372,0.0,0.0,0.0,0.0,0.0,0.0,udp,0.0,,cs0,,64.0,,0.0,,Status,1,1,0,89,89,0,89.0,0.0,0.0,0.0,0.0,0,0,0,0.0,,,0.0,0.0,0.0,REQ,,,,,0.0,0.0,0.0,0
645505,0.0,0.0,0.0,0.0,0.0,0.0,udp,0.0,,cs0,,64.0,,0.0,,Start,1,1,0,89,89,0,89.0,0.0,0.0,0.0,0.0,0,0,0,0.0,,,0.0,0.0,0.0,INT,,,,,0.0,0.0,0.0,0
645529,0.0,0.0,0.0,0.0,0.0,0.0,udp,0.0,,cs0,,64.0,,0.0,,Status,1,1,0,74,74,0,74.0,0.0,0.0,0.0,0.0,0,0,0,0.0,,,0.0,0.0,0.0,REQ,,,,,0.0,0.0,0.0,0
645534,0.0,0.0,0.0,0.0,0.0,0.0,tcp,0.0,,cs0,,64.0,,0.0,,Status,1,1,0,74,74,0,74.0,0.0,0.0,0.0,0.0,1,1,0,50.0,0.0,0.0,0.0,0.0,0.0,REQ,33553920.0,,,,0.0,0.0,0.0,0
645597,3.020116,3.020116,3.020116,3.020116,3.020116,3.020116,tcp,0.0,,cs0,,64.0,,0.0,,Start,3,3,0,222,222,0,74.0,0.0,392.037903,392.037903,0.0,2,2,0,40.0,0.0,0.0,0.662226,0.662226,0.0,REQ,33553920.0,,,,0.0,0.0,0.0,0
645621,0.0,0.0,0.0,0.0,0.0,0.0,udp,0.0,,cs0,,64.0,,0.0,,Start,1,1,0,89,89,0,89.0,0.0,0.0,0.0,0.0,0,0,0,0.0,,,0.0,0.0,0.0,INT,,,,,0.0,0.0,0.0,0
645644,0.0,0.0,0.0,0.0,0.0,0.0,tcp,0.0,,cs0,,64.0,,0.0,,Status,1,1,0,74,74,0,74.0,0.0,0.0,0.0,0.0,1,1,0,50.0,0.0,0.0,0.0,0.0,0.0,REQ,33553920.0,,,,0.0,0.0,0.0,0
645689,0.0,0.0,0.0,0.0,0.0,0.0,udp,0.0,,cs0,,64.0,,0.0,,Start,1,1,0,170,170,0,170.0,0.0,0.0,0.0,0.0,0,0,0,0.0,,,0.0,0.0,0.0,INT,,,,,0.0,0.0,0.0,0
645838,0.465764,0.465764,0.465764,0.465764,0.465764,0.465764,sctp,186.0,40.0,ef,af11,255.0,250.0,1.0,6.0,Status,4,2,2,424,208,216,104.0,108.0,3641.329102,1786.312378,1855.016724,0,0,0,0.0,,,6.441031,2.14701,2.14701,CON,,,,610.0,0.0,0.0,0.0,0
645886,0.0,0.0,0.0,0.0,0.0,0.0,tcp,0.0,,cs0,,64.0,,0.0,,Status,1,1,0,74,74,0,74.0,0.0,0.0,0.0,0.0,1,1,0,50.0,0.0,0.0,0.0,0.0,0.0,REQ,33553920.0,,,,0.0,0.0,0.0,0
645910,0.0,0.0,0.0,0.0,0.0,0.0,tcp,0.0,,cs0,,64.0,,0.0,,Status,1,1,0,74,74,0,74.0,0.0,0.0,0.0,0.0,1,1,0,50.0,0.0,0.0,0.0,0.0,0.0,REQ,33553920.0,,,,0.0,0.0,0.0,0
645943,0.0,0.0,0.0,0.0,0.0,0.0,icmp,0.0,,cs0,,58.0,,6.0,,Start,1,1,0,98,98,0,98.0,0.0,0.0,0.0,0.0,0,0,0,0.0,,,0.0,0.0,0.0,ECO,,,,,0.0,0.0,0.0,0
645968,0.0,0.0,0.0,0.0,0.0,0.0,tcp,0.0,,cs0,,64.0,,0.0,,Status,1,1,0,74,74,0,74.0,0.0,0.0,0.0,0.0,1,1,0,50.0,0.0,0.0,0.0,0.0,0.0,REQ,33553920.0,,,,0.0,0.0,0.0,0
645985,0.0,0.0,0.0,0.0,0.0,0.0,tcp,0.0,,cs0,,64.0,,0.0,,Status,1,1,0,74,74,0,74.0,0.0,0.0,0.0,0.0,1,1,0,50.0,0.0,0.0,0.0,0.0,0.0,REQ,33553920.0,,,,0.0,0.0,0.0,0
646068,0.0,0.0,0.0,0.0,0.0,0.0,tcp,0.0,,cs0,,64.0,,0.0,,Status,1,1,0,74,74,0,74.0,0.0,0.0,0.0,0.0,1,1,0,50.0,0.0,0.0,0.0,0.0,0.0,REQ,33553920.0,,,,0.0,0.0,0.0,0
646114,3.040047,3.040047,3.040047,3.040047,3.040047,3.040047,tcp,0.0,,cs0,,64.0,,0.0,,Start,3,3,0,222,222,0,74.0,0.0,389.467682,389.467682,0.0,2,2,0,40.0,0.0,0.0,0.657885,0.657885,0.0,REQ,33553920.0,,,,0.0,0.0,0.0,0
646205,0.0,0.0,0.0,0.0,0.0,0.0,udp,0.0,,cs0,,64.0,,0.0,,Status,1,1,0,89,89,0,89.0,0.0,0.0,0.0,0.0,0,0,0,0.0,,,0.0,0.0,0.0,REQ,,,,,0.0,0.0,0.0,0
646353,0.0,0.0,0.0,0.0,0.0,0.0,tcp,0.0,,cs0,,64.0,,0.0,,Status,1,1,0,74,74,0,74.0,0.0,0.0,0.0,0.0,1,1,0,50.0,0.0,0.0,0.0,0.0,0.0,REQ,33553920.0,,,,0.0,0.0,0.0,0
646453,0.0,0.0,0.0,0.0,0.0,0.0,tcp,0.0,,cs0,,64.0,,0.0,,Status,1,1,0,74,74,0,74.0,0.0,0.0,0.0,0.0,1,1,0,50.0,0.0,0.0,0.0,0.0,0.0,REQ,33553920.0,,,,0.0,0.0,0.0,0
646463,0.0,0.0,0.0,0.0,0.0,0.0,udp,0.0,,cs0,,64.0,,0.0,,Status,1,1,0,89,89,0,89.0,0.0,0.0,0.0,0.0,0,0,0,0.0,,,0.0,0.0,0.0,REQ,,,,,0.0,0.0,0.0,0
646472,0.0,0.0,0.0,0.0,0.0,0.0,icmp,0.0,,cs0,,58.0,,6.0,,Start,1,1,0,98,98,0,98.0,0.0,0.0,0.0,0.0,0,0,0,0.0,,,0.0,0.0,0.0,ECO,,,,,0.0,0.0,0.0,0
646477,0.0,0.0,0.0,0.0,0.0,0.0,tcp,0.0,,cs0,,64.0,,0.0,,Status,1,1,0,74,74,0,74.0,0.0,0.0,0.0,0.0,1,1,0,50.0,0.0,0.0,0.0,0.0,0.0,REQ,33553920.0,,,,0.0,0.0,0.0,0
646507,0.0,0.0,0.0,0.0,0.0,0.0,tcp,0.0,,cs0,,64.0,,0.0,,Status,1,1,0,74,74,0,74.0,0.0,0.0,0.0,0.0,1,1,0,50.0,0.0,0.0,0.0,0.0,0.0,REQ,33553920.0,,,,0.0,0.0,0.0,0
646537,0.0,0.0,0.0,0.0,0.0,0.0,tcp,0.0,,cs0,,64.0,,0.0,,Status,1,1,0,74,74,0,74.0,0.0,0.0,0.0,0.0,1,1,0,50.0,0.0,0.0,0.0,0.0,0.0,REQ,33553920.0,,,,0.0,0.0,0.0,0
646543,3.02003,3.02003,3.02003,3.02003,3.02003,3.02003,tcp,0.0,,cs0,,64.0,,0.0,,Start,3,3,0,222,222,0,74.0,0.0,392.049072,392.049072,0.0,2,2,0,40.0,0.0,0.0,0.662245,0.662245,0.0,REQ,33553920.0,,,,0.0,0.0,0.0,0
646546,4.000809,4.000809,4.000809,4.000809,4.000809,4.000809,udp,0.0,,cs0,,64.0,,0.0,,Start,6,6,0,7097,7097,0,1182.833374,0.0,11827.60742,11827.60742,0.0,0,0,0,0.0,,,1.249747,1.249747,0.0,INT,,,,,0.0,0.0,0.0,0
646593,0.0,0.0,0.0,0.0,0.0,0.0,udp,0.0,,cs0,,64.0,,0.0,,Status,1,1,0,74,74,0,74.0,0.0,0.0,0.0,0.0,0,0,0,0.0,,,0.0,0.0,0.0,REQ,,,,,0.0,0.0,0.0,0
646662,2.980071,2.980071,2.980071,2.980071,2.980071,2.980071,tcp,0.0,,cs0,,64.0,,0.0,,Start,3,3,0,222,222,0,74.0,0.0,397.305969,397.305969,0.0,2,2,0,40.0,0.0,0.0,0.671125,0.671125,0.0,REQ,33553920.0,,,,0.0,0.0,0.0,0
646682,0.0,0.0,0.0,0.0,0.0,0.0,udp,0.0,,cs0,,64.0,,0.0,,Status,1,1,0,89,89,0,89.0,0.0,0.0,0.0,0.0,0,0,0,0.0,,,0.0,0.0,0.0,REQ,,,,,0.0,0.0,0.0,0
646686,0.0,0.0,0.0,0.0,0.0,0.0,tcp,0.0,,cs0,,64.0,,0.0,,Status,1,1,0,74,74,0,74.0,0.0,0.0,0.0,0.0,1,1,0,50.0,0.0,0.0,0.0,0.0,0.0,REQ,33553920.0,,,,0.0,0.0,0.0,0
646701,3.020179,3.020179,3.020179,3.020179,3.020179,3.020179,tcp,0.0,,cs0,,64.0,,0.0,,Start,3,3,0,222,222,0,74.0,0.0,392.029755,392.029755,0.0,2,2,0,40.0,0.0,0.0,0.662212,0.662212,0.0,REQ,33553920.0,,,,0.0,0.0,0.0,0
646712,0.0,0.0,0.0,0.0,0.0,0.0,icmp,0.0,,cs0,,58.0,,6.0,,Start,1,1,0,98,98,0,98.0,0.0,0.0,0.0,0.0,0,0,0,0.0,,,0.0,0.0,0.0,ECO,,,,,0.0,0.0,0.0,0
646745,0.0,0.0,0.0,0.0,0.0,0.0,tcp,0.0,,cs0,,64.0,,0.0,,Status,1,1,0,74,74,0,74.0,0.0,0.0,0.0,0.0,1,1,0,50.0,0.0,0.0,0.0,0.0,0.0,REQ,33553920.0,,,,0.0,0.0,0.0,0
646767,0.0,0.0,0.0,0.0,0.0,0.0,tcp,0.0,,cs0,,64.0,,0.0,,Status,1,1,0,74,74,0,74.0,0.0,0.0,0.0,0.0,1,1,0,50.0,0.0,0.0,0.0,0.0,0.0,REQ,33553920.0,,,,0.0,0.0,0.0,0
646835,0.0,0.0,0.0,0.0,0.0,0.0,tcp,0.0,,cs0,,64.0,,0.0,,Status,1,1,0,74,74,0,74.0,0.0,0.0,0.0,0.0,1,1,0,50.0,0.0,0.0,0.0,0.0,0.0,REQ,33553920.0,,,,0.0,0.0,0.0,0
646901,4.981882,4.981882,4.981882,4.981882,4.981882,4.981882,sctp,186.0,40.0,ef,af11,255.0,250.0,1.0,6.0,Status,14,8,6,2092,1228,864,153.5,144.0,2882.444824,1726.255249,1156.189575,0,0,0,0.0,,,2.609456,1.405091,1.003637,CON,,,,610.0,0.0,0.0,0.0,0
646930,0.125864,0.125864,0.125864,0.125864,0.125864,0.125864,udp,0.0,0.0,cs0,cs0,64.0,53.0,0.0,11.0,Start,11,5,6,7423,2280,5143,456.0,857.166687,388355.6875,115934.6641,272421.0313,0,0,0,0.0,,,79.450836,31.780334,39.725418,CON,,,,,0.0,0.0,0.0,0
646959,0.0,0.0,0.0,0.0,0.0,0.0,udp,0.0,,cs0,,249.0,,7.0,,Start,1,1,0,64,64,0,64.0,0.0,0.0,0.0,0.0,0,0,0,0.0,,,0.0,0.0,0.0,INT,,,610.0,,0.0,0.0,0.0,0
646962,0.0,0.0,0.0,0.0,0.0,0.0,udp,0.0,,cs0,,249.0,,7.0,,Start,1,1,0,64,64,0,64.0,0.0,0.0,0.0,0.0,0,0,0,0.0,,,0.0,0.0,0.0,INT,,,610.0,,0.0,0.0,0.0,0
647051,0.0,0.0,0.0,0.0,0.0,0.0,udp,0.0,,cs0,,249.0,,7.0,,Start,1,1,0,74,74,0,74.0,0.0,0.0,0.0,0.0,0,0,0,0.0,,,0.0,0.0,0.0,INT,,,610.0,,0.0,0.0,0.0,0
647056,0.0,0.0,0.0,0.0,0.0,0.0,udp,0.0,,cs0,,249.0,,7.0,,Start,1,1,0,74,74,0,74.0,0.0,0.0,0.0,0.0,0,0,0,0.0,,,0.0,0.0,0.0,INT,,,610.0,,0.0,0.0,0.0,0
647071,0.0,0.0,0.0,0.0,0.0,0.0,udp,0.0,,cs0,,249.0,,7.0,,Start,1,1,0,74,74,0,74.0,0.0,0.0,0.0,0.0,0,0,0,0.0,,,0.0,0.0,0.0,INT,,,610.0,,0.0,0.0,0.0,0
647100,0.0,0.0,0.0,0.0,0.0,0.0,udp,0.0,,cs0,,249.0,,7.0,,Start,1,1,0,74,74,0,74.0,0.0,0.0,0.0,0.0,0,0,0,0.0,,,0.0,0.0,0.0,INT,,,610.0,,0.0,0.0,0.0,0
647131,0.0,0.0,0.0,0.0,0.0,0.0,udp,0.0,,cs0,,249.0,,7.0,,Start,1,1,0,74,74,0,74.0,0.0,0.0,0.0,0.0,0,0,0,0.0,,,0.0,0.0,0.0,INT,,,610.0,,0.0,0.0,0.0,0
647162,0.0,0.0,0.0,0.0,0.0,0.0,udp,0.0,,cs0,,249.0,,7.0,,Start,1,1,0,74,74,0,74.0,0.0,0.0,0.0,0.0,0,0,0,0.0,,,0.0,0.0,0.0,INT,,,610.0,,0.0,0.0,0.0,0
647171,0.0,0.0,0.0,0.0,0.0,0.0,udp,0.0,,cs0,,249.0,,7.0,,Start,1,1,0,74,74,0,74.0,0.0,0.0,0.0,0.0,0,0,0,0.0,,,0.0,0.0,0.0,INT,,,610.0,,0.0,0.0,0.0,0
647182,0.0,0.0,0.0,0.0,0.0,0.0,udp,0.0,,cs0,,249.0,,7.0,,Start,1,1,0,74,74,0,74.0,0.0,0.0,0.0,0.0,0,0,0,0.0,,,0.0,0.0,0.0,INT,,,610.0,,0.0,0.0,0.0,0
647185,0.0,0.0,0.0,0.0,0.0,0.0,udp,0.0,,cs0,,249.0,,7.0,,Start,1,1,0,74,74,0,74.0,0.0,0.0,0.0,0.0,0,0,0,0.0,,,0.0,0.0,0.0,INT,,,610.0,,0.0,0.0,0.0,0
647192,0.0,0.0,0.0,0.0,0.0,0.0,udp,0.0,,cs0,,249.0,,7.0,,Start,1,1,0,74,74,0,74.0,0.0,0.0,0.0,0.0,0,0,0,0.0,,,0.0,0.0,0.0,INT,,,610.0,,0.0,0.0,0.0,0
647198,0.0,0.0,0.0,0.0,0.0,0.0,udp,0.0,,cs0,,249.0,,7.0,,Start,1,1,0,74,74,0,74.0,0.0,0.0,0.0,0.0,0,0,0,0.0,,,0.0,0.0,0.0,INT,,,610.0,,0.0,0.0,0.0,0
647207,0.0,0.0,0.0,0.0,0.0,0.0,udp,0.0,,cs0,,249.0,,7.0,,Start,1,1,0,74,74,0,74.0,0.0,0.0,0.0,0.0,0,0,0,0.0,,,0.0,0.0,0.0,INT,,,610.0,,0.0,0.0,0.0,0
647242,0.0,0.0,0.0,0.0,0.0,0.0,udp,0.0,,cs0,,249.0,,7.0,,Start,1,1,0,74,74,0,74.0,0.0,0.0,0.0,0.0,0,0,0,0.0,,,0.0,0.0,0.0,INT,,,610.0,,0.0,0.0,0.0,0
647327,0.0,0.0,0.0,0.0,0.0,0.0,udp,0.0,,cs0,,249.0,,7.0,,Start,1,1,0,74,74,0,74.0,0.0,0.0,0.0,0.0,0,0,0,0.0,,,0.0,0.0,0.0,INT,,,610.0,,0.0,0.0,0.0,0
647338,0.0,0.0,0.0,0.0,0.0,0.0,udp,0.0,,cs0,,249.0,,7.0,,Start,1,1,0,74,74,0,74.0,0.0,0.0,0.0,0.0,0,0,0,0.0,,,0.0,0.0,0.0,INT,,,610.0,,0.0,0.0,0.0,0
647350,0.0,0.0,0.0,0.0,0.0,0.0,udp,0.0,,cs0,,249.0,,7.0,,Start,1,1,0,74,74,0,74.0,0.0,0.0,0.0,0.0,0,0,0,0.0,,,0.0,0.0,0.0,INT,,,610.0,,0.0,0.0,0.0,0
647383,0.0,0.0,0.0,0.0,0.0,0.0,udp,0.0,,cs0,,249.0,,7.0,,Start,1,1,0,74,74,0,74.0,0.0,0.0,0.0,0.0,0,0,0,0.0,,,0.0,0.0,0.0,INT,,,610.0,,0.0,0.0,0.0,0
647414,0.0,0.0,0.0,0.0,0.0,0.0,udp,0.0,,cs0,,249.0,,7.0,,Start,1,1,0,74,74,0,74.0,0.0,0.0,0.0,0.0,0,0,0,0.0,,,0.0,0.0,0.0,INT,,,610.0,,0.0,0.0,0.0,0
647445,0.0,0.0,0.0,0.0,0.0,0.0,udp,0.0,,cs0,,249.0,,7.0,,Start,1,1,0,74,74,0,74.0,0.0,0.0,0.0,0.0,0,0,0,0.0,,,0.0,0.0,0.0,INT,,,610.0,,0.0,0.0,0.0,0
647449,0.0,0.0,0.0,0.0,0.0,0.0,udp,0.0,,cs0,,249.0,,7.0,,Start,1,1,0,74,74,0,74.0,0.0,0.0,0.0,0.0,0,0,0,0.0,,,0.0,0.0,0.0,INT,,,610.0,,0.0,0.0,0.0,0
647450,0.0,0.0,0.0,0.0,0.0,0.0,udp,0.0,,cs0,,249.0,,7.0,,Start,1,1,0,74,74,0,74.0,0.0,0.0,0.0,0.0,0,0,0,0.0,,,0.0,0.0,0.0,INT,,,610.0,,0.0,0.0,0.0,0
647481,0.0,0.0,0.0,0.0,0.0,0.0,udp,0.0,,cs0,,249.0,,7.0,,Start,1,1,0,74,74,0,74.0,0.0,0.0,0.0,0.0,0,0,0,0.0,,,0.0,0.0,0.0,INT,,,610.0,,0.0,0.0,0.0,0
647536,0.0,0.0,0.0,0.0,0.0,0.0,udp,0.0,,cs0,,249.0,,7.0,,Start,1,1,0,74,74,0,74.0,0.0,0.0,0.0,0.0,0,0,0,0.0,,,0.0,0.0,0.0,INT,,,610.0,,0.0,0.0,0.0,0
647578,0.0,0.0,0.0,0.0,0.0,0.0,udp,0.0,,cs0,,249.0,,7.0,,Start,1,1,0,74,74,0,74.0,0.0,0.0,0.0,0.0,0,0,0,0.0,,,0.0,0.0,0.0,INT,,,610.0,,0.0,0.0,0.0,0
647613,0.0,0.0,0.0,0.0,0.0,0.0,udp,0.0,,cs0,,249.0,,7.0,,Start,1,1,0,74,74,0,74.0,0.0,0.0,0.0,0.0,0,0,0,0.0,,,0.0,0.0,0.0,INT,,,610.0,,0.0,0.0,0.0,0
647647,0.0,0.0,0.0,0.0,0.0,0.0,udp,0.0,,cs0,,249.0,,7.0,,Start,1,1,0,74,74,0,74.0,0.0,0.0,0.0,0.0,0,0,0,0.0,,,0.0,0.0,0.0,INT,,,610.0,,0.0,0.0,0.0,0
647669,0.0,0.0,0.0,0.0,0.0,0.0,udp,0.0,,cs0,,249.0,,7.0,,Start,1,1,0,74,74,0,74.0,0.0,0.0,0.0,0.0,0,0,0,0.0,,,0.0,0.0,0.0,INT,,,610.0,,0.0,0.0,0.0,0
647704,0.0,0.0,0.0,0.0,0.0,0.0,udp,0.0,,cs0,,249.0,,7.0,,Start,1,1,0,74,74,0,74.0,0.0,0.0,0.0,0.0,0,0,0,0.0,,,0.0,0.0,0.0,INT,,,610.0,,0.0,0.0,0.0,0
647734,0.0,0.0,0.0,0.0,0.0,0.0,udp,0.0,,cs0,,249.0,,7.0,,Start,1,1,0,74,74,0,74.0,0.0,0.0,0.0,0.0,0,0,0,0.0,,,0.0,0.0,0.0,INT,,,610.0,,0.0,0.0,0.0,0
647794,0.0,0.0,0.0,0.0,0.0,0.0,udp,0.0,,cs0,,249.0,,7.0,,Start,1,1,0,74,74,0,74.0,0.0,0.0,0.0,0.0,0,0,0,0.0,,,0.0,0.0,0.0,INT,,,610.0,,0.0,0.0,0.0,0
647964,0.0,0.0,0.0,0.0,0.0,0.0,udp,0.0,,cs0,,249.0,,7.0,,Start,1,1,0,74,74,0,74.0,0.0,0.0,0.0,0.0,0,0,0,0.0,,,0.0,0.0,0.0,INT,,,610.0,,0.0,0.0,0.0,0
648021,0.0,0.0,0.0,0.0,0.0,0.0,udp,0.0,,cs0,,249.0,,7.0,,Start,1,1,0,74,74,0,74.0,0.0,0.0,0.0,0.0,0,0,0,0.0,,,0.0,0.0,0.0,INT,,,610.0,,0.0,0.0,0.0,0
648109,0.0,0.0,0.0,0.0,0.0,0.0,udp,0.0,,cs0,,249.0,,7.0,,Start,1,1,0,74,74,0,74.0,0.0,0.0,0.0,0.0,0,0,0,0.0,,,0.0,0.0,0.0,INT,,,610.0,,0.0,0.0,0.0,0
648123,0.0,0.0,0.0,0.0,0.0,0.0,udp,0.0,,cs0,,249.0,,7.0,,Start,1,1,0,74,74,0,74.0,0.0,0.0,0.0,0.0,0,0,0,0.0,,,0.0,0.0,0.0,INT,,,610.0,,0.0,0.0,0.0,0
648151,0.0,0.0,0.0,0.0,0.0,0.0,udp,0.0,,cs0,,249.0,,7.0,,Start,1,1,0,74,74,0,74.0,0.0,0.0,0.0,0.0,0,0,0,0.0,,,0.0,0.0,0.0,INT,,,610.0,,0.0,0.0,0.0,0
648176,0.0,0.0,0.0,0.0,0.0,0.0,udp,0.0,,cs0,,249.0,,7.0,,Start,1,1,0,74,74,0,74.0,0.0,0.0,0.0,0.0,0,0,0,0.0,,,0.0,0.0,0.0,INT,,,610.0,,0.0,0.0,0.0,0
648209,0.0,0.0,0.0,0.0,0.0,0.0,udp,0.0,,cs0,,249.0,,7.0,,Start,1,1,0,74,74,0,74.0,0.0,0.0,0.0,0.0,0,0,0,0.0,,,0.0,0.0,0.0,INT,,,610.0,,0.0,0.0,0.0,0
648285,0.0,0.0,0.0,0.0,0.0,0.0,udp,0.0,,cs0,,255.0,,1.0,,Start,1,1,0,70,70,0,70.0,0.0,0.0,0.0,0.0,0,0,0,0.0,,,0.0,0.0,0.0,INT,,,,,0.0,0.0,0.0,0
648335,0.0,0.0,0.0,0.0,0.0,0.0,udp,0.0,,cs0,,249.0,,7.0,,Start,1,1,0,74,74,0,74.0,0.0,0.0,0.0,0.0,0,0,0,0.0,,,0.0,0.0,0.0,INT,,,610.0,,0.0,0.0,0.0,0
648457,0.0,0.0,0.0,0.0,0.0,0.0,udp,0.0,,cs0,,249.0,,7.0,,Start,1,1,0,74,74,0,74.0,0.0,0.0,0.0,0.0,0,0,0,0.0,,,0.0,0.0,0.0,INT,,,610.0,,0.0,0.0,0.0,0
648466,0.0,0.0,0.0,0.0,0.0,0.0,udp,0.0,,cs0,,249.0,,7.0,,Start,1,1,0,74,74,0,74.0,0.0,0.0,0.0,0.0,0,0,0,0.0,,,0.0,0.0,0.0,INT,,,610.0,,0.0,0.0,0.0,0
648505,0.0,0.0,0.0,0.0,0.0,0.0,udp,0.0,,cs0,,249.0,,7.0,,Start,1,1,0,74,74,0,74.0,0.0,0.0,0.0,0.0,0,0,0,0.0,,,0.0,0.0,0.0,INT,,,610.0,,0.0,0.0,0.0,0
648539,0.0,0.0,0.0,0.0,0.0,0.0,udp,0.0,,cs0,,249.0,,7.0,,Start,1,1,0,74,74,0,74.0,0.0,0.0,0.0,0.0,0,0,0,0.0,,,0.0,0.0,0.0,INT,,,610.0,,0.0,0.0,0.0,0
648566,0.0,0.0,0.0,0.0,0.0,0.0,udp,0.0,,cs0,,249.0,,7.0,,Start,1,1,0,74,74,0,74.0,0.0,0.0,0.0,0.0,0,0,0,0.0,,,0.0,0.0,0.0,INT,,,610.0,,0.0,0.0,0.0,0
648608,0.0,0.0,0.0,0.0,0.0,0.0,udp,0.0,,cs0,,249.0,,7.0,,Start,1,1,0,74,74,0,74.0,0.0,0.0,0.0,0.0,0,0,0,0.0,,,0.0,0.0,0.0,INT,,,610.0,,0.0,0.0,0.0,0
648640,0.0,0.0,0.0,0.0,0.0,0.0,icmp,0.0,,cs0,,58.0,,6.0,,Start,1,1,0,98,98,0,98.0,0.0,0.0,0.0,0.0,0,0,0,0.0,,,0.0,0.0,0.0,ECO,,,,,0.0,0.0,0.0,0
648689,0.0,0.0,0.0,0.0,0.0,0.0,udp,0.0,,cs0,,249.0,,7.0,,Start,1,1,0,74,74,0,74.0,0.0,0.0,0.0,0.0,0,0,0,0.0,,,0.0,0.0,0.0,INT,,,610.0,,0.0,0.0,0.0,0
648691,0.0,0.0,0.0,0.0,0.0,0.0,udp,0.0,,cs0,,249.0,,7.0,,Start,1,1,0,74,74,0,74.0,0.0,0.0,0.0,0.0,0,0,0,0.0,,,0.0,0.0,0.0,INT,,,610.0,,0.0,0.0,0.0,0
648723,0.0,0.0,0.0,0.0,0.0,0.0,udp,0.0,,cs0,,249.0,,7.0,,Start,1,1,0,74,74,0,74.0,0.0,0.0,0.0,0.0,0,0,0,0.0,,,0.0,0.0,0.0,INT,,,610.0,,0.0,0.0,0.0,0
648780,4.308056,4.308056,4.308056,4.308056,4.308056,4.308056,udp,0.0,,cs0,,249.0,,7.0,,Start,2,2,0,148,148,0,74.0,0.0,137.416977,137.416977,0.0,0,0,0,0.0,,,0.232123,0.232123,0.0,INT,,,610.0,,0.0,0.0,0.0,0
648812,4.544939,4.544939,4.544939,4.544939,4.544939,4.544939,udp,0.0,,cs0,,249.0,,7.0,,Start,2,2,0,148,148,0,74.0,0.0,130.254776,130.254776,0.0,0,0,0,0.0,,,0.220025,0.220025,0.0,INT,,,610.0,,0.0,0.0,0.0,0
648841,4.466273,4.466273,4.466273,4.466273,4.466273,4.466273,udp,0.0,,cs0,,249.0,,7.0,,Start,2,2,0,148,148,0,74.0,0.0,132.548996,132.548996,0.0,0,0,0,0.0,,,0.2239,0.2239,0.0,INT,,,610.0,,0.0,0.0,0.0,0
648845,4.262805,4.262805,4.262805,4.262805,4.262805,4.262805,udp,0.0,,cs0,,249.0,,7.0,,Start,2,2,0,148,148,0,74.0,0.0,138.875687,138.875687,0.0,0,0,0,0.0,,,0.234587,0.234587,0.0,INT,,,610.0,,0.0,0.0,0.0,0
648858,0.0,0.0,0.0,0.0,0.0,0.0,udp,0.0,,cs0,,249.0,,7.0,,Start,1,1,0,74,74,0,74.0,0.0,0.0,0.0,0.0,0,0,0,0.0,,,0.0,0.0,0.0,INT,,,610.0,,0.0,0.0,0.0,0
648863,4.260751,4.260751,4.260751,4.260751,4.260751,4.260751,udp,0.0,,cs0,,249.0,,7.0,,Start,2,2,0,148,148,0,74.0,0.0,138.942642,138.942642,0.0,0,0,0,0.0,,,0.2347,0.2347,0.0,INT,,,610.0,,0.0,0.0,0.0,0
648892,4.489892,4.489892,4.489892,4.489892,4.489892,4.489892,udp,0.0,,cs0,,249.0,,7.0,,Start,2,2,0,148,148,0,74.0,0.0,131.85173,131.85173,0.0,0,0,0,0.0,,,0.222723,0.222723,0.0,INT,,,610.0,,0.0,0.0,0.0,0
648902,4.531395,4.531395,4.531395,4.531395,4.531395,4.531395,udp,0.0,,cs0,,249.0,,7.0,,Start,2,2,0,148,148,0,74.0,0.0,130.644104,130.644104,0.0,0,0,0,0.0,,,0.220683,0.220683,0.0,INT,,,610.0,,0.0,0.0,0.0,0
648910,4.240089,4.240089,4.240089,4.240089,4.240089,4.240089,udp,0.0,,cs0,,249.0,,7.0,,Start,2,2,0,148,148,0,74.0,0.0,139.619705,139.619705,0.0,0,0,0,0.0,,,0.235844,0.235844,0.0,INT,,,610.0,,0.0,0.0,0.0,0
648953,4.344238,4.344238,4.344238,4.344238,4.344238,4.344238,udp,0.0,,cs0,,249.0,,7.0,,Start,2,2,0,148,148,0,74.0,0.0,136.272461,136.272461,0.0,0,0,0,0.0,,,0.23019,0.23019,0.0,INT,,,610.0,,0.0,0.0,0.0,0
648973,4.351628,4.351628,4.351628,4.351628,4.351628,4.351628,udp,0.0,,cs0,,249.0,,7.0,,Start,2,2,0,148,148,0,74.0,0.0,136.041046,136.041046,0.0,0,0,0,0.0,,,0.229799,0.229799,0.0,INT,,,610.0,,0.0,0.0,0.0,0
649003,4.153519,4.153519,4.153519,4.153519,4.153519,4.153519,udp,0.0,,cs0,,249.0,,7.0,,Start,2,2,0,148,148,0,74.0,0.0,142.529739,142.529739,0.0,0,0,0,0.0,,,0.24076,0.24076,0.0,INT,,,610.0,,0.0,0.0,0.0,0
649008,0.0,0.0,0.0,0.0,0.0,0.0,udp,0.0,,cs0,,249.0,,7.0,,Start,1,1,0,74,74,0,74.0,0.0,0.0,0.0,0.0,0,0,0,0.0,,,0.0,0.0,0.0,INT,,,610.0,,0.0,0.0,0.0,0
649091,4.154648,4.154648,4.154648,4.154648,4.154648,4.154648,udp,0.0,,cs0,,249.0,,7.0,,Start,2,2,0,148,148,0,74.0,0.0,142.491013,142.491013,0.0,0,0,0,0.0,,,0.240694,0.240694,0.0,INT,,,610.0,,0.0,0.0,0.0,0
649105,4.388977,4.388977,4.388977,4.388977,4.388977,4.388977,udp,0.0,,cs0,,249.0,,7.0,,Start,2,2,0,148,148,0,74.0,0.0,134.883362,134.883362,0.0,0,0,0,0.0,,,0.227844,0.227844,0.0,INT,,,610.0,,0.0,0.0,0.0,0
649169,4.169553,4.169553,4.169553,4.169553,4.169553,4.169553,udp,0.0,,cs0,,249.0,,7.0,,Start,2,2,0,148,148,0,74.0,0.0,141.981659,141.981659,0.0,0,0,0,0.0,,,0.239834,0.239834,0.0,INT,,,610.0,,0.0,0.0,0.0,0
649361,4.476888,4.476888,4.476888,4.476888,4.476888,4.476888,udp,0.0,,cs0,,249.0,,7.0,,Start,2,2,0,148,148,0,74.0,0.0,132.234711,132.234711,0.0,0,0,0,0.0,,,0.223369,0.223369,0.0,INT,,,610.0,,0.0,0.0,0.0,0
649389,4.223025,4.223025,4.223025,4.223025,4.223025,4.223025,udp,0.0,,cs0,,249.0,,7.0,,Start,2,2,0,148,148,0,74.0,0.0,140.183884,140.183884,0.0,0,0,0,0.0,,,0.236797,0.236797,0.0,INT,,,610.0,,0.0,0.0,0.0,0
649397,4.203951,4.203951,4.203951,4.203951,4.203951,4.203951,udp,0.0,,cs0,,249.0,,7.0,,Start,2,2,0,148,148,0,74.0,0.0,140.819916,140.819916,0.0,0,0,0,0.0,,,0.237871,0.237871,0.0,INT,,,610.0,,0.0,0.0,0.0,0
649457,4.208787,4.208787,4.208787,4.208787,4.208787,4.208787,udp,0.0,,cs0,,249.0,,7.0,,Start,2,2,0,148,148,0,74.0,0.0,140.658112,140.658112,0.0,0,0,0,0.0,,,0.237598,0.237598,0.0,INT,,,610.0,,0.0,0.0,0.0,0
649469,4.317574,4.317574,4.317574,4.317574,4.317574,4.317574,udp,0.0,,cs0,,249.0,,7.0,,Start,2,2,0,148,148,0,74.0,0.0,137.114029,137.114029,0.0,0,0,0,0.0,,,0.231612,0.231612,0.0,INT,,,610.0,,0.0,0.0,0.0,0
649505,4.509804,4.509804,4.509804,4.509804,4.509804,4.509804,udp,0.0,,cs0,,249.0,,7.0,,Start,2,2,0,148,148,0,74.0,0.0,131.269577,131.269577,0.0,0,0,0,0.0,,,0.221739,0.221739,0.0,INT,,,610.0,,0.0,0.0,0.0,0
649526,4.502264,4.502264,4.502264,4.502264,4.502264,4.502264,udp,0.0,,cs0,,249.0,,7.0,,Start,2,2,0,148,148,0,74.0,0.0,131.489395,131.489395,0.0,0,0,0,0.0,,,0.22211,0.22211,0.0,INT,,,610.0,,0.0,0.0,0.0,0
649607,4.231265,4.231265,4.231265,4.231265,4.231265,4.231265,udp,0.0,,cs0,,249.0,,7.0,,Start,2,2,0,148,148,0,74.0,0.0,139.910873,139.910873,0.0,0,0,0,0.0,,,0.236336,0.236336,0.0,INT,,,610.0,,0.0,0.0,0.0,0
649690,4.311507,4.311507,4.311507,4.311507,4.311507,4.311507,udp,0.0,,cs0,,249.0,,7.0,,Start,2,2,0,148,148,0,74.0,0.0,137.306976,137.306976,0.0,0,0,0,0.0,,,0.231937,0.231937,0.0,INT,,,610.0,,0.0,0.0,0.0,0
649737,4.437609,4.437609,4.437609,4.437609,4.437609,4.437609,udp,0.0,,cs0,,249.0,,7.0,,Start,2,2,0,148,148,0,74.0,0.0,133.405167,133.405167,0.0,0,0,0,0.0,,,0.225347,0.225347,0.0,INT,,,610.0,,0.0,0.0,0.0,0
649788,4.197207,4.197207,4.197207,4.197207,4.197207,4.197207,udp,0.0,,cs0,,249.0,,7.0,,Start,2,2,0,148,148,0,74.0,0.0,141.046173,141.046173,0.0,0,0,0,0.0,,,0.238254,0.238254,0.0,INT,,,610.0,,0.0,0.0,0.0,0
649886,4.23322,4.23322,4.23322,4.23322,4.23322,4.23322,udp,0.0,,cs0,,249.0,,7.0,,Start,2,2,0,148,148,0,74.0,0.0,139.846268,139.846268,0.0,0,0,0,0.0,,,0.236227,0.236227,0.0,INT,,,610.0,,0.0,0.0,0.0,0
650076,4.148407,4.148407,4.148407,4.148407,4.148407,4.148407,udp,0.0,,cs0,,249.0,,7.0,,Start,2,2,0,148,148,0,74.0,0.0,142.705383,142.705383,0.0,0,0,0,0.0,,,0.241056,0.241056,0.0,INT,,,610.0,,0.0,0.0,0.0,0
650147,4.008691,4.008691,4.008691,4.008691,4.008691,4.008691,udp,0.0,,cs0,,249.0,,7.0,,Start,2,2,0,148,148,0,74.0,0.0,147.679138,147.679138,0.0,0,0,0,0.0,,,0.249458,0.249458,0.0,INT,,,610.0,,0.0,0.0,0.0,0
650194,4.322255,4.322255,4.322255,4.322255,4.322255,4.322255,udp,0.0,,cs0,,249.0,,7.0,,Start,2,2,0,148,148,0,74.0,0.0,136.965546,136.965546,0.0,0,0,0,0.0,,,0.231361,0.231361,0.0,INT,,,610.0,,0.0,0.0,0.0,0
650225,3.949103,3.949103,3.949103,3.949103,3.949103,3.949103,udp,0.0,,cs0,,249.0,,7.0,,Start,2,2,0,148,148,0,74.0,0.0,149.907455,149.907455,0.0,0,0,0,0.0,,,0.253222,0.253222,0.0,INT,,,610.0,,0.0,0.0,0.0,0
650369,4.169339,4.169339,4.169339,4.169339,4.169339,4.169339,udp,0.0,,cs0,,249.0,,7.0,,Start,2,2,0,148,148,0,74.0,0.0,141.988922,141.988922,0.0,0,0,0,0.0,,,0.239846,0.239846,0.0,INT,,,610.0,,0.0,0.0,0.0,0
650377,4.176015,4.176015,4.176015,4.176015,4.176015,4.176015,udp,0.0,,cs0,,249.0,,7.0,,Start,2,2,0,148,148,0,74.0,0.0,141.761948,141.761948,0.0,0,0,0,0.0,,,0.239463,0.239463,0.0,INT,,,610.0,,0.0,0.0,0.0,0
650383,4.41154,4.41154,4.41154,4.41154,4.41154,4.41154,udp,0.0,,cs0,,249.0,,7.0,,Start,2,2,0,148,148,0,74.0,0.0,134.193497,134.193497,0.0,0,0,0,0.0,,,0.226678,0.226678,0.0,INT,,,610.0,,0.0,0.0,0.0,0
650427,4.295704,4.295704,4.295704,4.295704,4.295704,4.295704,udp,0.0,,cs0,,249.0,,7.0,,Start,2,2,0,148,148,0,74.0,0.0,137.812103,137.812103,0.0,0,0,0,0.0,,,0.232791,0.232791,0.0,INT,,,610.0,,0.0,0.0,0.0,0
650518,4.315777,4.315777,4.315777,4.315777,4.315777,4.315777,udp,0.0,,cs0,,249.0,,7.0,,Start,2,2,0,148,148,0,74.0,0.0,137.171127,137.171127,0.0,0,0,0,0.0,,,0.231708,0.231708,0.0,INT,,,610.0,,0.0,0.0,0.0,0
650532,4.404405,4.404405,4.404405,4.404405,4.404405,4.404405,udp,0.0,,cs0,,249.0,,7.0,,Start,2,2,0,148,148,0,74.0,0.0,134.410889,134.410889,0.0,0,0,0,0.0,,,0.227045,0.227045,0.0,INT,,,610.0,,0.0,0.0,0.0,0
650534,4.809153,4.809153,4.809153,4.809153,4.809153,4.809153,udp,0.0,,cs0,,249.0,,7.0,,Start,2,2,0,148,148,0,74.0,0.0,123.098595,123.098595,0.0,0,0,0,0.0,,,0.207937,0.207937,0.0,INT,,,610.0,,0.0,0.0,0.0,0
650560,4.440001,4.440001,4.440001,4.440001,4.440001,4.440001,udp,0.0,,cs0,,249.0,,7.0,,Start,2,2,0,148,148,0,74.0,0.0,133.333298,133.333298,0.0,0,0,0,0.0,,,0.225225,0.225225,0.0,INT,,,610.0,,0.0,0.0,0.0,0
650623,0.0,0.0,0.0,0.0,0.0,0.0,udp,0.0,,cs0,,249.0,,7.0,,Start,1,1,0,74,74,0,74.0,0.0,0.0,0.0,0.0,0,0,0,0.0,,,0.0,0.0,0.0,INT,,,610.0,,0.0,0.0,0.0,0
650630,0.0,0.0,0.0,0.0,0.0,0.0,udp,0.0,,cs0,,249.0,,7.0,,Start,1,1,0,74,74,0,74.0,0.0,0.0,0.0,0.0,0,0,0,0.0,,,0.0,0.0,0.0,INT,,,610.0,,0.0,0.0,0.0,0
650641,0.0,0.0,0.0,0.0,0.0,0.0,udp,0.0,,cs0,,249.0,,7.0,,Start,1,1,0,74,74,0,74.0,0.0,0.0,0.0,0.0,0,0,0,0.0,,,0.0,0.0,0.0,INT,,,610.0,,0.0,0.0,0.0,0
650710,0.0,0.0,0.0,0.0,0.0,0.0,udp,0.0,,cs0,,249.0,,7.0,,Start,1,1,0,74,74,0,74.0,0.0,0.0,0.0,0.0,0,0,0,0.0,,,0.0,0.0,0.0,INT,,,610.0,,0.0,0.0,0.0,0
650742,0.0,0.0,0.0,0.0,0.0,0.0,udp,0.0,,cs0,,249.0,,7.0,,Start,1,1,0,74,74,0,74.0,0.0,0.0,0.0,0.0,0,0,0,0.0,,,0.0,0.0,0.0,INT,,,610.0,,0.0,0.0,0.0,0
650757,0.0,0.0,0.0,0.0,0.0,0.0,udp,0.0,,cs0,,249.0,,7.0,,Start,1,1,0,74,74,0,74.0,0.0,0.0,0.0,0.0,0,0,0,0.0,,,0.0,0.0,0.0,INT,,,610.0,,0.0,0.0,0.0,0
650884,0.0,0.0,0.0,0.0,0.0,0.0,udp,0.0,,cs0,,249.0,,7.0,,Start,1,1,0,74,74,0,74.0,0.0,0.0,0.0,0.0,0,0,0,0.0,,,0.0,0.0,0.0,INT,,,610.0,,0.0,0.0,0.0,0
650902,0.0,0.0,0.0,0.0,0.0,0.0,udp,0.0,,cs0,,249.0,,7.0,,Start,1,1,0,74,74,0,74.0,0.0,0.0,0.0,0.0,0,0,0,0.0,,,0.0,0.0,0.0,INT,,,610.0,,0.0,0.0,0.0,0
650921,0.0,0.0,0.0,0.0,0.0,0.0,udp,0.0,,cs0,,249.0,,7.0,,Start,1,1,0,74,74,0,74.0,0.0,0.0,0.0,0.0,0,0,0,0.0,,,0.0,0.0,0.0,INT,,,610.0,,0.0,0.0,0.0,0
650997,0.0,0.0,0.0,0.0,0.0,0.0,udp,0.0,,cs0,,249.0,,7.0,,Start,1,1,0,74,74,0,74.0,0.0,0.0,0.0,0.0,0,0,0,0.0,,,0.0,0.0,0.0,INT,,,610.0,,0.0,0.0,0.0,0
651034,0.0,0.0,0.0,0.0,0.0,0.0,udp,0.0,,cs0,,249.0,,7.0,,Start,1,1,0,74,74,0,74.0,0.0,0.0,0.0,0.0,0,0,0,0.0,,,0.0,0.0,0.0,INT,,,610.0,,0.0,0.0,0.0,0
651114,0.0,0.0,0.0,0.0,0.0,0.0,udp,0.0,,cs0,,249.0,,7.0,,Start,1,1,0,74,74,0,74.0,0.0,0.0,0.0,0.0,0,0,0,0.0,,,0.0,0.0,0.0,INT,,,610.0,,0.0,0.0,0.0,0
651136,0.0,0.0,0.0,0.0,0.0,0.0,udp,0.0,,cs0,,249.0,,7.0,,Start,1,1,0,74,74,0,74.0,0.0,0.0,0.0,0.0,0,0,0,0.0,,,0.0,0.0,0.0,INT,,,610.0,,0.0,0.0,0.0,0
651170,0.0,0.0,0.0,0.0,0.0,0.0,udp,0.0,,cs0,,249.0,,7.0,,Start,1,1,0,74,74,0,74.0,0.0,0.0,0.0,0.0,0,0,0,0.0,,,0.0,0.0,0.0,INT,,,610.0,,0.0,0.0,0.0,0
651205,0.0,0.0,0.0,0.0,0.0,0.0,udp,0.0,,cs0,,249.0,,7.0,,Start,1,1,0,74,74,0,74.0,0.0,0.0,0.0,0.0,0,0,0,0.0,,,0.0,0.0,0.0,INT,,,610.0,,0.0,0.0,0.0,0
651225,0.0,0.0,0.0,0.0,0.0,0.0,udp,0.0,,cs0,,249.0,,7.0,,Start,1,1,0,74,74,0,74.0,0.0,0.0,0.0,0.0,0,0,0,0.0,,,0.0,0.0,0.0,INT,,,610.0,,0.0,0.0,0.0,0
651267,0.0,0.0,0.0,0.0,0.0,0.0,udp,0.0,,cs0,,249.0,,7.0,,Start,1,1,0,74,74,0,74.0,0.0,0.0,0.0,0.0,0,0,0,0.0,,,0.0,0.0,0.0,INT,,,610.0,,0.0,0.0,0.0,0
651270,0.0,0.0,0.0,0.0,0.0,0.0,udp,0.0,,cs0,,249.0,,7.0,,Start,1,1,0,74,74,0,74.0,0.0,0.0,0.0,0.0,0,0,0,0.0,,,0.0,0.0,0.0,INT,,,610.0,,0.0,0.0,0.0,0
651277,0.0,0.0,0.0,0.0,0.0,0.0,udp,0.0,,cs0,,249.0,,7.0,,Start,1,1,0,74,74,0,74.0,0.0,0.0,0.0,0.0,0,0,0,0.0,,,0.0,0.0,0.0,INT,,,610.0,,0.0,0.0,0.0,0
651326,0.0,0.0,0.0,0.0,0.0,0.0,udp,0.0,,cs0,,249.0,,7.0,,Start,1,1,0,74,74,0,74.0,0.0,0.0,0.0,0.0,0,0,0,0.0,,,0.0,0.0,0.0,INT,,,610.0,,0.0,0.0,0.0,0
651330,0.0,0.0,0.0,0.0,0.0,0.0,udp,0.0,,cs0,,249.0,,7.0,,Start,1,1,0,74,74,0,74.0,0.0,0.0,0.0,0.0,0,0,0,0.0,,,0.0,0.0,0.0,INT,,,610.0,,0.0,0.0,0.0,0
651331,0.0,0.0,0.0,0.0,0.0,0.0,udp,0.0,,cs0,,249.0,,7.0,,Start,1,1,0,74,74,0,74.0,0.0,0.0,0.0,0.0,0,0,0,0.0,,,0.0,0.0,0.0,INT,,,610.0,,0.0,0.0,0.0,0
651334,0.0,0.0,0.0,0.0,0.0,0.0,udp,0.0,,cs0,,249.0,,7.0,,Start,1,1,0,74,74,0,74.0,0.0,0.0,0.0,0.0,0,0,0,0.0,,,0.0,0.0,0.0,INT,,,610.0,,0.0,0.0,0.0,0
651373,0.0,0.0,0.0,0.0,0.0,0.0,udp,0.0,,cs0,,249.0,,7.0,,Start,1,1,0,74,74,0,74.0,0.0,0.0,0.0,0.0,0,0,0,0.0,,,0.0,0.0,0.0,INT,,,610.0,,0.0,0.0,0.0,0
651393,0.0,0.0,0.0,0.0,0.0,0.0,udp,0.0,,cs0,,249.0,,7.0,,Start,1,1,0,74,74,0,74.0,0.0,0.0,0.0,0.0,0,0,0,0.0,,,0.0,0.0,0.0,INT,,,610.0,,0.0,0.0,0.0,0
651419,0.0,0.0,0.0,0.0,0.0,0.0,udp,0.0,,cs0,,249.0,,7.0,,Start,1,1,0,74,74,0,74.0,0.0,0.0,0.0,0.0,0,0,0,0.0,,,0.0,0.0,0.0,INT,,,610.0,,0.0,0.0,0.0,0
651444,0.0,0.0,0.0,0.0,0.0,0.0,udp,0.0,,cs0,,249.0,,7.0,,Start,1,1,0,74,74,0,74.0,0.0,0.0,0.0,0.0,0,0,0,0.0,,,0.0,0.0,0.0,INT,,,610.0,,0.0,0.0,0.0,0
651455,0.0,0.0,0.0,0.0,0.0,0.0,udp,0.0,,cs0,,249.0,,7.0,,Start,1,1,0,74,74,0,74.0,0.0,0.0,0.0,0.0,0,0,0,0.0,,,0.0,0.0,0.0,INT,,,610.0,,0.0,0.0,0.0,0
651457,0.0,0.0,0.0,0.0,0.0,0.0,udp,0.0,,cs0,,249.0,,7.0,,Start,1,1,0,74,74,0,74.0,0.0,0.0,0.0,0.0,0,0,0,0.0,,,0.0,0.0,0.0,INT,,,610.0,,0.0,0.0,0.0,0
651519,0.0,0.0,0.0,0.0,0.0,0.0,udp,0.0,,cs0,,249.0,,7.0,,Start,1,1,0,74,74,0,74.0,0.0,0.0,0.0,0.0,0,0,0,0.0,,,0.0,0.0,0.0,INT,,,610.0,,0.0,0.0,0.0,0
651542,0.0,0.0,0.0,0.0,0.0,0.0,udp,0.0,,cs0,,249.0,,7.0,,Start,1,1,0,74,74,0,74.0,0.0,0.0,0.0,0.0,0,0,0,0.0,,,0.0,0.0,0.0,INT,,,610.0,,0.0,0.0,0.0,0
651556,0.0,0.0,0.0,0.0,0.0,0.0,udp,0.0,,cs0,,249.0,,7.0,,Start,1,1,0,74,74,0,74.0,0.0,0.0,0.0,0.0,0,0,0,0.0,,,0.0,0.0,0.0,INT,,,610.0,,0.0,0.0,0.0,0
651611,0.0,0.0,0.0,0.0,0.0,0.0,udp,0.0,,cs0,,249.0,,7.0,,Start,1,1,0,74,74,0,74.0,0.0,0.0,0.0,0.0,0,0,0,0.0,,,0.0,0.0,0.0,INT,,,610.0,,0.0,0.0,0.0,0
651632,0.0,0.0,0.0,0.0,0.0,0.0,udp,0.0,,cs0,,249.0,,7.0,,Start,1,1,0,74,74,0,74.0,0.0,0.0,0.0,0.0,0,0,0,0.0,,,0.0,0.0,0.0,INT,,,610.0,,0.0,0.0,0.0,0
651694,0.0,0.0,0.0,0.0,0.0,0.0,udp,0.0,,cs0,,249.0,,7.0,,Start,1,1,0,74,74,0,74.0,0.0,0.0,0.0,0.0,0,0,0,0.0,,,0.0,0.0,0.0,INT,,,610.0,,0.0,0.0,0.0,0
651717,0.0,0.0,0.0,0.0,0.0,0.0,udp,0.0,,cs0,,249.0,,7.0,,Start,1,1,0,74,74,0,74.0,0.0,0.0,0.0,0.0,0,0,0,0.0,,,0.0,0.0,0.0,INT,,,610.0,,0.0,0.0,0.0,0
651755,0.0,0.0,0.0,0.0,0.0,0.0,udp,0.0,,cs0,,249.0,,7.0,,Start,1,1,0,74,74,0,74.0,0.0,0.0,0.0,0.0,0,0,0,0.0,,,0.0,0.0,0.0,INT,,,610.0,,0.0,0.0,0.0,0
651771,0.0,0.0,0.0,0.0,0.0,0.0,udp,0.0,,cs0,,249.0,,7.0,,Start,1,1,0,74,74,0,74.0,0.0,0.0,0.0,0.0,0,0,0,0.0,,,0.0,0.0,0.0,INT,,,610.0,,0.0,0.0,0.0,0
651778,0.0,0.0,0.0,0.0,0.0,0.0,udp,0.0,,cs0,,249.0,,7.0,,Start,1,1,0,74,74,0,74.0,0.0,0.0,0.0,0.0,0,0,0,0.0,,,0.0,0.0,0.0,INT,,,610.0,,0.0,0.0,0.0,0
651789,0.0,0.0,0.0,0.0,0.0,0.0,udp,0.0,,cs0,,249.0,,7.0,,Start,1,1,0,74,74,0,74.0,0.0,0.0,0.0,0.0,0,0,0,0.0,,,0.0,0.0,0.0,INT,,,610.0,,0.0,0.0,0.0,0
651934,0.0,0.0,0.0,0.0,0.0,0.0,udp,0.0,,cs0,,249.0,,7.0,,Start,1,1,0,74,74,0,74.0,0.0,0.0,0.0,0.0,0,0,0,0.0,,,0.0,0.0,0.0,INT,,,610.0,,0.0,0.0,0.0,0
651973,0.0,0.0,0.0,0.0,0.0,0.0,udp,0.0,,cs0,,249.0,,7.0,,Start,1,1,0,74,74,0,74.0,0.0,0.0,0.0,0.0,0,0,0,0.0,,,0.0,0.0,0.0,INT,,,610.0,,0.0,0.0,0.0,0
652073,0.0,0.0,0.0,0.0,0.0,0.0,udp,0.0,,cs0,,249.0,,7.0,,Start,1,1,0,74,74,0,74.0,0.0,0.0,0.0,0.0,0,0,0,0.0,,,0.0,0.0,0.0,INT,,,610.0,,0.0,0.0,0.0,0
652087,0.001474,0.001474,0.001474,0.001474,0.001474,0.001474,udp,0.0,48.0,cs0,af12,64.0,62.0,0.0,2.0,Start,2,1,1,445,76,369,76.0,369.0,0.0,0.0,0.0,0,0,0,0.0,,,678.426025,0.0,0.0,CON,,,,,0.0,0.0,0.0,0
652103,0.158992,0.158992,0.158992,0.158992,0.158992,0.158992,tcp,0.0,0.0,cs0,cs0,64.0,116.0,0.0,12.0,Start,22,12,10,10977,1810,9167,150.833328,916.700012,498691.75,83526.21094,415165.5313,0,0,0,0.0,0.0,0.0,132.082108,69.185867,56.606621,CON,86016.0,67840.0,,,0.037139,0.021,0.016139,0
652260,0.0,0.0,0.0,0.0,0.0,0.0,udp,0.0,,cs0,,249.0,,7.0,,Start,1,1,0,74,74,0,74.0,0.0,0.0,0.0,0.0,0,0,0,0.0,,,0.0,0.0,0.0,INT,,,610.0,,0.0,0.0,0.0,0
652290,0.250773,0.250773,0.250773,0.250773,0.250773,0.250773,tcp,0.0,0.0,cs0,cs0,64.0,117.0,0.0,11.0,Status,34,32,2,4124,3992,132,124.75,66.0,125499.9453,123394.4609,2105.489746,0,0,0,0.0,0.0,0.0,131.593109,123.617767,3.98767,CON,1846272.0,139008.0,,,0.034104,0.020667,0.013437,0
652291,4.999856,4.999856,4.999856,4.999856,4.999856,4.999856,tcp,0.0,0.0,cs0,cs0,64.0,117.0,0.0,11.0,Status,92,37,55,79695,4343,75352,117.37838,1370.036377,125136.4063,6761.794922,118374.6094,0,0,0,0.0,0.0,0.0,18.200523,7.200207,10.800311,CON,1880576.0,139008.0,,,0.035104,0.020699,0.014405,0
652329,0.0,0.0,0.0,0.0,0.0,0.0,udp,0.0,,cs0,,249.0,,7.0,,Start,1,1,0,74,74,0,74.0,0.0,0.0,0.0,0.0,0,0,0,0.0,,,0.0,0.0,0.0,INT,,,610.0,,0.0,0.0,0.0,0
652356,0.0,0.0,0.0,0.0,0.0,0.0,udp,0.0,,cs0,,249.0,,7.0,,Start,1,1,0,74,74,0,74.0,0.0,0.0,0.0,0.0,0,0,0,0.0,,,0.0,0.0,0.0,INT,,,610.0,,0.0,0.0,0.0,0
652405,0.0,0.0,0.0,0.0,0.0,0.0,udp,0.0,,cs0,,249.0,,7.0,,Start,1,1,0,74,74,0,74.0,0.0,0.0,0.0,0.0,0,0,0,0.0,,,0.0,0.0,0.0,INT,,,610.0,,0.0,0.0,0.0,0
652428,0.0,0.0,0.0,0.0,0.0,0.0,udp,0.0,,cs0,,249.0,,7.0,,Start,1,1,0,74,74,0,74.0,0.0,0.0,0.0,0.0,0,0,0,0.0,,,0.0,0.0,0.0,INT,,,610.0,,0.0,0.0,0.0,0
652439,0.0,0.0,0.0,0.0,0.0,0.0,udp,0.0,,cs0,,249.0,,7.0,,Start,1,1,0,74,74,0,74.0,0.0,0.0,0.0,0.0,0,0,0,0.0,,,0.0,0.0,0.0,INT,,,610.0,,0.0,0.0,0.0,0
652452,0.0,0.0,0.0,0.0,0.0,0.0,udp,0.0,,cs0,,249.0,,7.0,,Start,1,1,0,74,74,0,74.0,0.0,0.0,0.0,0.0,0,0,0,0.0,,,0.0,0.0,0.0,INT,,,610.0,,0.0,0.0,0.0,0
652494,0.0,0.0,0.0,0.0,0.0,0.0,udp,0.0,,cs0,,249.0,,7.0,,Start,1,1,0,74,74,0,74.0,0.0,0.0,0.0,0.0,0,0,0,0.0,,,0.0,0.0,0.0,INT,,,610.0,,0.0,0.0,0.0,0
652517,0.0,0.0,0.0,0.0,0.0,0.0,udp,0.0,,cs0,,249.0,,7.0,,Start,1,1,0,74,74,0,74.0,0.0,0.0,0.0,0.0,0,0,0,0.0,,,0.0,0.0,0.0,INT,,,610.0,,0.0,0.0,0.0,0
652567,0.0,0.0,0.0,0.0,0.0,0.0,udp,0.0,,cs0,,249.0,,7.0,,Start,1,1,0,74,74,0,74.0,0.0,0.0,0.0,0.0,0,0,0,0.0,,,0.0,0.0,0.0,INT,,,610.0,,0.0,0.0,0.0,0
652629,0.0,0.0,0.0,0.0,0.0,0.0,udp,0.0,,cs0,,249.0,,7.0,,Start,1,1,0,74,74,0,74.0,0.0,0.0,0.0,0.0,0,0,0,0.0,,,0.0,0.0,0.0,INT,,,610.0,,0.0,0.0,0.0,0
652639,0.0,0.0,0.0,0.0,0.0,0.0,udp,0.0,,cs0,,249.0,,7.0,,Start,1,1,0,74,74,0,74.0,0.0,0.0,0.0,0.0,0,0,0,0.0,,,0.0,0.0,0.0,INT,,,610.0,,0.0,0.0,0.0,0
652659,0.0,0.0,0.0,0.0,0.0,0.0,udp,0.0,,cs0,,249.0,,7.0,,Start,1,1,0,74,74,0,74.0,0.0,0.0,0.0,0.0,0,0,0,0.0,,,0.0,0.0,0.0,INT,,,610.0,,0.0,0.0,0.0,0
652714,0.0,0.0,0.0,0.0,0.0,0.0,udp,0.0,,cs0,,249.0,,7.0,,Start,1,1,0,74,74,0,74.0,0.0,0.0,0.0,0.0,0,0,0,0.0,,,0.0,0.0,0.0,INT,,,610.0,,0.0,0.0,0.0,0
652765,0.0,0.0,0.0,0.0,0.0,0.0,udp,0.0,,cs0,,249.0,,7.0,,Start,1,1,0,74,74,0,74.0,0.0,0.0,0.0,0.0,0,0,0,0.0,,,0.0,0.0,0.0,INT,,,610.0,,0.0,0.0,0.0,0
652775,0.0,0.0,0.0,0.0,0.0,0.0,udp,0.0,,cs0,,249.0,,7.0,,Start,1,1,0,74,74,0,74.0,0.0,0.0,0.0,0.0,0,0,0,0.0,,,0.0,0.0,0.0,INT,,,610.0,,0.0,0.0,0.0,0
652813,0.0,0.0,0.0,0.0,0.0,0.0,udp,0.0,,cs0,,249.0,,7.0,,Start,1,1,0,74,74,0,74.0,0.0,0.0,0.0,0.0,0,0,0,0.0,,,0.0,0.0,0.0,INT,,,610.0,,0.0,0.0,0.0,0
652825,0.0,0.0,0.0,0.0,0.0,0.0,udp,0.0,,cs0,,249.0,,7.0,,Start,1,1,0,74,74,0,74.0,0.0,0.0,0.0,0.0,0,0,0,0.0,,,0.0,0.0,0.0,INT,,,610.0,,0.0,0.0,0.0,0
652925,0.0,0.0,0.0,0.0,0.0,0.0,udp,0.0,,cs0,,249.0,,7.0,,Start,1,1,0,74,74,0,74.0,0.0,0.0,0.0,0.0,0,0,0,0.0,,,0.0,0.0,0.0,INT,,,610.0,,0.0,0.0,0.0,0
652926,0.0,0.0,0.0,0.0,0.0,0.0,udp,0.0,,cs0,,249.0,,7.0,,Start,1,1,0,74,74,0,74.0,0.0,0.0,0.0,0.0,0,0,0,0.0,,,0.0,0.0,0.0,INT,,,610.0,,0.0,0.0,0.0,0
652930,0.0,0.0,0.0,0.0,0.0,0.0,udp,0.0,,cs0,,249.0,,7.0,,Start,1,1,0,74,74,0,74.0,0.0,0.0,0.0,0.0,0,0,0,0.0,,,0.0,0.0,0.0,INT,,,610.0,,0.0,0.0,0.0,0
653054,0.0,0.0,0.0,0.0,0.0,0.0,udp,0.0,,cs0,,249.0,,7.0,,Start,1,1,0,74,74,0,74.0,0.0,0.0,0.0,0.0,0,0,0,0.0,,,0.0,0.0,0.0,INT,,,610.0,,0.0,0.0,0.0,0
653121,0.0,0.0,0.0,0.0,0.0,0.0,udp,0.0,,cs0,,249.0,,7.0,,Start,1,1,0,74,74,0,74.0,0.0,0.0,0.0,0.0,0,0,0,0.0,,,0.0,0.0,0.0,INT,,,610.0,,0.0,0.0,0.0,0
653133,0.0,0.0,0.0,0.0,0.0,0.0,udp,0.0,,cs0,,249.0,,7.0,,Start,1,1,0,74,74,0,74.0,0.0,0.0,0.0,0.0,0,0,0,0.0,,,0.0,0.0,0.0,INT,,,610.0,,0.0,0.0,0.0,0
653248,0.0,0.0,0.0,0.0,0.0,0.0,udp,0.0,,cs0,,249.0,,7.0,,Start,1,1,0,74,74,0,74.0,0.0,0.0,0.0,0.0,0,0,0,0.0,,,0.0,0.0,0.0,INT,,,610.0,,0.0,0.0,0.0,0
653256,0.0,0.0,0.0,0.0,0.0,0.0,udp,0.0,,cs0,,249.0,,7.0,,Start,1,1,0,74,74,0,74.0,0.0,0.0,0.0,0.0,0,0,0,0.0,,,0.0,0.0,0.0,INT,,,610.0,,0.0,0.0,0.0,0
653292,0.0,0.0,0.0,0.0,0.0,0.0,udp,0.0,,cs0,,249.0,,7.0,,Start,1,1,0,74,74,0,74.0,0.0,0.0,0.0,0.0,0,0,0,0.0,,,0.0,0.0,0.0,INT,,,610.0,,0.0,0.0,0.0,0
653409,0.0,0.0,0.0,0.0,0.0,0.0,udp,0.0,,cs0,,249.0,,7.0,,Start,1,1,0,74,74,0,74.0,0.0,0.0,0.0,0.0,0,0,0,0.0,,,0.0,0.0,0.0,INT,,,610.0,,0.0,0.0,0.0,0
653482,0.0,0.0,0.0,0.0,0.0,0.0,udp,0.0,,cs0,,249.0,,7.0,,Start,1,1,0,74,74,0,74.0,0.0,0.0,0.0,0.0,0,0,0,0.0,,,0.0,0.0,0.0,INT,,,610.0,,0.0,0.0,0.0,0
653503,0.0,0.0,0.0,0.0,0.0,0.0,udp,0.0,,cs0,,249.0,,7.0,,Start,1,1,0,74,74,0,74.0,0.0,0.0,0.0,0.0,0,0,0,0.0,,,0.0,0.0,0.0,INT,,,610.0,,0.0,0.0,0.0,0
653543,0.0,0.0,0.0,0.0,0.0,0.0,udp,0.0,,cs0,,249.0,,7.0,,Start,1,1,0,74,74,0,74.0,0.0,0.0,0.0,0.0,0,0,0,0.0,,,0.0,0.0,0.0,INT,,,610.0,,0.0,0.0,0.0,0
653551,0.0,0.0,0.0,0.0,0.0,0.0,udp,0.0,,cs0,,249.0,,7.0,,Start,1,1,0,74,74,0,74.0,0.0,0.0,0.0,0.0,0,0,0,0.0,,,0.0,0.0,0.0,INT,,,610.0,,0.0,0.0,0.0,0
653716,0.0,0.0,0.0,0.0,0.0,0.0,udp,0.0,,cs0,,249.0,,7.0,,Start,1,1,0,74,74,0,74.0,0.0,0.0,0.0,0.0,0,0,0,0.0,,,0.0,0.0,0.0,INT,,,610.0,,0.0,0.0,0.0,0
653733,0.0,0.0,0.0,0.0,0.0,0.0,udp,0.0,,cs0,,249.0,,7.0,,Start,1,1,0,74,74,0,74.0,0.0,0.0,0.0,0.0,0,0,0,0.0,,,0.0,0.0,0.0,INT,,,610.0,,0.0,0.0,0.0,0
653755,0.0,0.0,0.0,0.0,0.0,0.0,udp,0.0,,cs0,,249.0,,7.0,,Start,1,1,0,74,74,0,74.0,0.0,0.0,0.0,0.0,0,0,0,0.0,,,0.0,0.0,0.0,INT,,,610.0,,0.0,0.0,0.0,0
653781,0.0,0.0,0.0,0.0,0.0,0.0,udp,0.0,,cs0,,249.0,,7.0,,Start,1,1,0,74,74,0,74.0,0.0,0.0,0.0,0.0,0,0,0,0.0,,,0.0,0.0,0.0,INT,,,610.0,,0.0,0.0,0.0,0
653914,0.0,0.0,0.0,0.0,0.0,0.0,udp,0.0,,cs0,,249.0,,7.0,,Start,1,1,0,74,74,0,74.0,0.0,0.0,0.0,0.0,0,0,0,0.0,,,0.0,0.0,0.0,INT,,,610.0,,0.0,0.0,0.0,0
654049,0.0,0.0,0.0,0.0,0.0,0.0,udp,0.0,,cs0,,249.0,,7.0,,Start,1,1,0,74,74,0,74.0,0.0,0.0,0.0,0.0,0,0,0,0.0,,,0.0,0.0,0.0,INT,,,610.0,,0.0,0.0,0.0,0
654080,0.0,0.0,0.0,0.0,0.0,0.0,udp,0.0,,cs0,,249.0,,7.0,,Start,1,1,0,74,74,0,74.0,0.0,0.0,0.0,0.0,0,0,0,0.0,,,0.0,0.0,0.0,INT,,,610.0,,0.0,0.0,0.0,0
654109,0.0,0.0,0.0,0.0,0.0,0.0,udp,0.0,,cs0,,249.0,,7.0,,Start,1,1,0,74,74,0,74.0,0.0,0.0,0.0,0.0,0,0,0,0.0,,,0.0,0.0,0.0,INT,,,610.0,,0.0,0.0,0.0,0
654126,0.0,0.0,0.0,0.0,0.0,0.0,udp,0.0,,cs0,,249.0,,7.0,,Start,1,1,0,74,74,0,74.0,0.0,0.0,0.0,0.0,0,0,0,0.0,,,0.0,0.0,0.0,INT,,,610.0,,0.0,0.0,0.0,0
654136,0.0,0.0,0.0,0.0,0.0,0.0,udp,0.0,,cs0,,249.0,,7.0,,Start,1,1,0,74,74,0,74.0,0.0,0.0,0.0,0.0,0,0,0,0.0,,,0.0,0.0,0.0,INT,,,610.0,,0.0,0.0,0.0,0
654183,0.0,0.0,0.0,0.0,0.0,0.0,udp,0.0,,cs0,,249.0,,7.0,,Start,1,1,0,74,74,0,74.0,0.0,0.0,0.0,0.0,0,0,0,0.0,,,0.0,0.0,0.0,INT,,,610.0,,0.0,0.0,0.0,0
654200,0.0,0.0,0.0,0.0,0.0,0.0,udp,0.0,,cs0,,249.0,,7.0,,Start,1,1,0,74,74,0,74.0,0.0,0.0,0.0,0.0,0,0,0,0.0,,,0.0,0.0,0.0,INT,,,610.0,,0.0,0.0,0.0,0
654204,0.0,0.0,0.0,0.0,0.0,0.0,udp,0.0,,cs0,,249.0,,7.0,,Start,1,1,0,74,74,0,74.0,0.0,0.0,0.0,0.0,0,0,0,0.0,,,0.0,0.0,0.0,INT,,,610.0,,0.0,0.0,0.0,0
654251,0.0,0.0,0.0,0.0,0.0,0.0,udp,0.0,,cs0,,249.0,,7.0,,Start,1,1,0,74,74,0,74.0,0.0,0.0,0.0,0.0,0,0,0,0.0,,,0.0,0.0,0.0,INT,,,610.0,,0.0,0.0,0.0,0
654276,0.0,0.0,0.0,0.0,0.0,0.0,udp,0.0,,cs0,,249.0,,7.0,,Start,1,1,0,74,74,0,74.0,0.0,0.0,0.0,0.0,0,0,0,0.0,,,0.0,0.0,0.0,INT,,,610.0,,0.0,0.0,0.0,0
654309,4.68458,4.68458,4.68458,4.68458,4.68458,4.68458,tcp,0.0,0.0,cs0,cs0,64.0,117.0,0.0,11.0,Status,4,2,2,264,132,132,66.0,66.0,225.420425,112.710213,112.710213,0,0,0,0.0,0.0,0.0,0.640399,0.213466,0.213466,FIN,100352.0,69632.0,,,0.035971,0.021495,0.014476,0
654400,0.0,0.0,0.0,0.0,0.0,0.0,udp,0.0,,cs0,,249.0,,7.0,,Start,1,1,0,74,74,0,74.0,0.0,0.0,0.0,0.0,0,0,0,0.0,,,0.0,0.0,0.0,INT,,,610.0,,0.0,0.0,0.0,0
654466,0.0,0.0,0.0,0.0,0.0,0.0,udp,0.0,,cs0,,249.0,,7.0,,Start,1,1,0,74,74,0,74.0,0.0,0.0,0.0,0.0,0,0,0,0.0,,,0.0,0.0,0.0,INT,,,610.0,,0.0,0.0,0.0,0
654471,0.0,0.0,0.0,0.0,0.0,0.0,udp,0.0,,cs0,,249.0,,7.0,,Start,1,1,0,74,74,0,74.0,0.0,0.0,0.0,0.0,0,0,0,0.0,,,0.0,0.0,0.0,INT,,,610.0,,0.0,0.0,0.0,0
654483,4.996979,4.996979,4.996979,4.996979,4.996979,4.996979,tcp,0.0,0.0,cs0,cs0,64.0,117.0,0.0,11.0,Status,144,43,101,149495,4661,144834,108.395348,1434.0,236867.9063,7289.203613,229578.7031,0,0,0,0.0,0.0,0.0,28.617289,8.405078,20.012091,CON,744960.0,268544.0,,,0.041557,0.020791,0.020766,0
654541,0.0,0.0,0.0,0.0,0.0,0.0,udp,0.0,,cs0,,249.0,,7.0,,Start,1,1,0,74,74,0,74.0,0.0,0.0,0.0,0.0,0,0,0,0.0,,,0.0,0.0,0.0,INT,,,610.0,,0.0,0.0,0.0,0
654556,0.0,0.0,0.0,0.0,0.0,0.0,udp,0.0,,cs0,,249.0,,7.0,,Start,1,1,0,74,74,0,74.0,0.0,0.0,0.0,0.0,0,0,0,0.0,,,0.0,0.0,0.0,INT,,,610.0,,0.0,0.0,0.0,0
654559,0.0,0.0,0.0,0.0,0.0,0.0,udp,0.0,,cs0,,249.0,,7.0,,Start,1,1,0,74,74,0,74.0,0.0,0.0,0.0,0.0,0,0,0,0.0,,,0.0,0.0,0.0,INT,,,610.0,,0.0,0.0,0.0,0
654609,0.0,0.0,0.0,0.0,0.0,0.0,udp,0.0,,cs0,,249.0,,7.0,,Start,1,1,0,74,74,0,74.0,0.0,0.0,0.0,0.0,0,0,0,0.0,,,0.0,0.0,0.0,INT,,,610.0,,0.0,0.0,0.0,0
654633,0.0,0.0,0.0,0.0,0.0,0.0,udp,0.0,,cs0,,249.0,,7.0,,Start,1,1,0,74,74,0,74.0,0.0,0.0,0.0,0.0,0,0,0,0.0,,,0.0,0.0,0.0,INT,,,610.0,,0.0,0.0,0.0,0
654655,0.0,0.0,0.0,0.0,0.0,0.0,udp,0.0,,cs0,,249.0,,7.0,,Start,1,1,0,74,74,0,74.0,0.0,0.0,0.0,0.0,0,0,0,0.0,,,0.0,0.0,0.0,INT,,,610.0,,0.0,0.0,0.0,0
654713,0.0,0.0,0.0,0.0,0.0,0.0,udp,0.0,,cs0,,249.0,,7.0,,Start,1,1,0,74,74,0,74.0,0.0,0.0,0.0,0.0,0,0,0,0.0,,,0.0,0.0,0.0,INT,,,610.0,,0.0,0.0,0.0,0
654715,0.0,0.0,0.0,0.0,0.0,0.0,udp,0.0,,cs0,,249.0,,7.0,,Start,1,1,0,74,74,0,74.0,0.0,0.0,0.0,0.0,0,0,0,0.0,,,0.0,0.0,0.0,INT,,,610.0,,0.0,0.0,0.0,0
654729,0.001465,0.001465,0.001465,0.001465,0.001465,0.001465,udp,0.0,48.0,cs0,af12,64.0,62.0,0.0,2.0,Start,2,1,1,213,76,137,76.0,137.0,0.0,0.0,0.0,0,0,0,0.0,,,682.593872,0.0,0.0,CON,,,,,0.0,0.0,0.0,0
654749,0.0,0.0,0.0,0.0,0.0,0.0,udp,0.0,,cs0,,249.0,,7.0,,Start,1,1,0,74,74,0,74.0,0.0,0.0,0.0,0.0,0,0,0,0.0,,,0.0,0.0,0.0,INT,,,610.0,,0.0,0.0,0.0,0
654822,0.0,0.0,0.0,0.0,0.0,0.0,udp,0.0,,cs0,,249.0,,7.0,,Start,1,1,0,74,74,0,74.0,0.0,0.0,0.0,0.0,0,0,0,0.0,,,0.0,0.0,0.0,INT,,,610.0,,0.0,0.0,0.0,0
654909,0.0,0.0,0.0,0.0,0.0,0.0,udp,0.0,,cs0,,249.0,,7.0,,Start,1,1,0,74,74,0,74.0,0.0,0.0,0.0,0.0,0,0,0,0.0,,,0.0,0.0,0.0,INT,,,610.0,,0.0,0.0,0.0,0
654928,0.0,0.0,0.0,0.0,0.0,0.0,udp,0.0,,cs0,,249.0,,7.0,,Start,1,1,0,74,74,0,74.0,0.0,0.0,0.0,0.0,0,0,0,0.0,,,0.0,0.0,0.0,INT,,,610.0,,0.0,0.0,0.0,0
654930,0.0,0.0,0.0,0.0,0.0,0.0,udp,0.0,,cs0,,249.0,,7.0,,Start,1,1,0,74,74,0,74.0,0.0,0.0,0.0,0.0,0,0,0,0.0,,,0.0,0.0,0.0,INT,,,610.0,,0.0,0.0,0.0,0
654962,0.0,0.0,0.0,0.0,0.0,0.0,udp,0.0,,cs0,,249.0,,7.0,,Start,1,1,0,74,74,0,74.0,0.0,0.0,0.0,0.0,0,0,0,0.0,,,0.0,0.0,0.0,INT,,,610.0,,0.0,0.0,0.0,0
655006,0.0,0.0,0.0,0.0,0.0,0.0,udp,0.0,,cs0,,249.0,,7.0,,Start,1,1,0,74,74,0,74.0,0.0,0.0,0.0,0.0,0,0,0,0.0,,,0.0,0.0,0.0,INT,,,610.0,,0.0,0.0,0.0,0
655053,0.0,0.0,0.0,0.0,0.0,0.0,udp,0.0,,cs0,,249.0,,7.0,,Start,1,1,0,74,74,0,74.0,0.0,0.0,0.0,0.0,0,0,0,0.0,,,0.0,0.0,0.0,INT,,,610.0,,0.0,0.0,0.0,0
655112,0.0,0.0,0.0,0.0,0.0,0.0,udp,0.0,,cs0,,249.0,,7.0,,Start,1,1,0,74,74,0,74.0,0.0,0.0,0.0,0.0,0,0,0,0.0,,,0.0,0.0,0.0,INT,,,610.0,,0.0,0.0,0.0,0
655141,0.0,0.0,0.0,0.0,0.0,0.0,udp,0.0,,cs0,,249.0,,7.0,,Start,1,1,0,74,74,0,74.0,0.0,0.0,0.0,0.0,0,0,0,0.0,,,0.0,0.0,0.0,INT,,,610.0,,0.0,0.0,0.0,0
655175,0.0,0.0,0.0,0.0,0.0,0.0,udp,0.0,,cs0,,249.0,,7.0,,Start,1,1,0,74,74,0,74.0,0.0,0.0,0.0,0.0,0,0,0,0.0,,,0.0,0.0,0.0,INT,,,610.0,,0.0,0.0,0.0,0
655223,0.0,0.0,0.0,0.0,0.0,0.0,udp,0.0,,cs0,,249.0,,7.0,,Start,1,1,0,74,74,0,74.0,0.0,0.0,0.0,0.0,0,0,0,0.0,,,0.0,0.0,0.0,INT,,,610.0,,0.0,0.0,0.0,0
655231,0.0,0.0,0.0,0.0,0.0,0.0,udp,0.0,,cs0,,249.0,,7.0,,Start,1,1,0,74,74,0,74.0,0.0,0.0,0.0,0.0,0,0,0,0.0,,,0.0,0.0,0.0,INT,,,610.0,,0.0,0.0,0.0,0
655277,0.0,0.0,0.0,0.0,0.0,0.0,udp,0.0,,cs0,,249.0,,7.0,,Start,1,1,0,74,74,0,74.0,0.0,0.0,0.0,0.0,0,0,0,0.0,,,0.0,0.0,0.0,INT,,,610.0,,0.0,0.0,0.0,0
655283,0.0,0.0,0.0,0.0,0.0,0.0,udp,0.0,,cs0,,249.0,,7.0,,Start,1,1,0,74,74,0,74.0,0.0,0.0,0.0,0.0,0,0,0,0.0,,,0.0,0.0,0.0,INT,,,610.0,,0.0,0.0,0.0,0
655288,0.0,0.0,0.0,0.0,0.0,0.0,udp,0.0,,cs0,,249.0,,7.0,,Start,1,1,0,74,74,0,74.0,0.0,0.0,0.0,0.0,0,0,0,0.0,,,0.0,0.0,0.0,INT,,,610.0,,0.0,0.0,0.0,0
655291,0.0,0.0,0.0,0.0,0.0,0.0,udp,0.0,,cs0,,249.0,,7.0,,Start,1,1,0,74,74,0,74.0,0.0,0.0,0.0,0.0,0,0,0,0.0,,,0.0,0.0,0.0,INT,,,610.0,,0.0,0.0,0.0,0
655303,0.0,0.0,0.0,0.0,0.0,0.0,udp,0.0,,cs0,,249.0,,7.0,,Start,1,1,0,74,74,0,74.0,0.0,0.0,0.0,0.0,0,0,0,0.0,,,0.0,0.0,0.0,INT,,,610.0,,0.0,0.0,0.0,0
655337,0.0,0.0,0.0,0.0,0.0,0.0,icmp,0.0,,cs0,,58.0,,6.0,,Start,1,1,0,98,98,0,98.0,0.0,0.0,0.0,0.0,0,0,0,0.0,,,0.0,0.0,0.0,ECO,,,,,0.0,0.0,0.0,0
655368,0.0,0.0,0.0,0.0,0.0,0.0,udp,0.0,,cs0,,249.0,,7.0,,Start,1,1,0,74,74,0,74.0,0.0,0.0,0.0,0.0,0,0,0,0.0,,,0.0,0.0,0.0,INT,,,610.0,,0.0,0.0,0.0,0
655420,0.0,0.0,0.0,0.0,0.0,0.0,udp,0.0,,cs0,,249.0,,7.0,,Start,1,1,0,74,74,0,74.0,0.0,0.0,0.0,0.0,0,0,0,0.0,,,0.0,0.0,0.0,INT,,,610.0,,0.0,0.0,0.0,0
655497,0.0,0.0,0.0,0.0,0.0,0.0,udp,0.0,,cs0,,249.0,,7.0,,Start,1,1,0,74,74,0,74.0,0.0,0.0,0.0,0.0,0,0,0,0.0,,,0.0,0.0,0.0,INT,,,610.0,,0.0,0.0,0.0,0
655549,0.0,0.0,0.0,0.0,0.0,0.0,udp,0.0,,cs0,,249.0,,7.0,,Start,1,1,0,74,74,0,74.0,0.0,0.0,0.0,0.0,0,0,0,0.0,,,0.0,0.0,0.0,INT,,,610.0,,0.0,0.0,0.0,0
655639,0.0,0.0,0.0,0.0,0.0,0.0,udp,0.0,,cs0,,249.0,,7.0,,Start,1,1,0,74,74,0,74.0,0.0,0.0,0.0,0.0,0,0,0,0.0,,,0.0,0.0,0.0,INT,,,610.0,,0.0,0.0,0.0,0
655711,0.0,0.0,0.0,0.0,0.0,0.0,udp,0.0,,cs0,,249.0,,7.0,,Start,1,1,0,74,74,0,74.0,0.0,0.0,0.0,0.0,0,0,0,0.0,,,0.0,0.0,0.0,INT,,,610.0,,0.0,0.0,0.0,0
655722,0.0,0.0,0.0,0.0,0.0,0.0,udp,0.0,,cs0,,249.0,,7.0,,Start,1,1,0,74,74,0,74.0,0.0,0.0,0.0,0.0,0,0,0,0.0,,,0.0,0.0,0.0,INT,,,610.0,,0.0,0.0,0.0,0
655847,0.0,0.0,0.0,0.0,0.0,0.0,udp,0.0,,cs0,,249.0,,7.0,,Start,1,1,0,74,74,0,74.0,0.0,0.0,0.0,0.0,0,0,0,0.0,,,0.0,0.0,0.0,INT,,,610.0,,0.0,0.0,0.0,0
655888,0.0,0.0,0.0,0.0,0.0,0.0,udp,0.0,,cs0,,249.0,,7.0,,Start,1,1,0,74,74,0,74.0,0.0,0.0,0.0,0.0,0,0,0,0.0,,,0.0,0.0,0.0,INT,,,610.0,,0.0,0.0,0.0,0
655897,0.0,0.0,0.0,0.0,0.0,0.0,udp,0.0,,cs0,,249.0,,7.0,,Start,1,1,0,74,74,0,74.0,0.0,0.0,0.0,0.0,0,0,0,0.0,,,0.0,0.0,0.0,INT,,,610.0,,0.0,0.0,0.0,0
655898,0.0,0.0,0.0,0.0,0.0,0.0,udp,0.0,,cs0,,249.0,,7.0,,Start,1,1,0,74,74,0,74.0,0.0,0.0,0.0,0.0,0,0,0,0.0,,,0.0,0.0,0.0,INT,,,610.0,,0.0,0.0,0.0,0
655927,0.0,0.0,0.0,0.0,0.0,0.0,udp,0.0,,cs0,,249.0,,7.0,,Start,1,1,0,74,74,0,74.0,0.0,0.0,0.0,0.0,0,0,0,0.0,,,0.0,0.0,0.0,INT,,,610.0,,0.0,0.0,0.0,0
655999,0.0,0.0,0.0,0.0,0.0,0.0,udp,0.0,,cs0,,249.0,,7.0,,Start,1,1,0,74,74,0,74.0,0.0,0.0,0.0,0.0,0,0,0,0.0,,,0.0,0.0,0.0,INT,,,610.0,,0.0,0.0,0.0,0
656021,4.983109,4.983109,4.983109,4.983109,4.983109,4.983109,udp,0.0,0.0,cs0,cs0,64.0,117.0,0.0,11.0,Status,246,61,185,257407,8952,248455,146.754105,1343.0,410856.75,14137.3584,396719.4063,0,0,0,0.0,,,49.166092,12.040676,36.92474,CON,,,,,0.0,0.0,0.0,0
656201,0.0,0.0,0.0,0.0,0.0,0.0,udp,0.0,,cs0,,249.0,,7.0,,Start,1,1,0,74,74,0,74.0,0.0,0.0,0.0,0.0,0,0,0,0.0,,,0.0,0.0,0.0,INT,,,610.0,,0.0,0.0,0.0,0
656246,0.0,0.0,0.0,0.0,0.0,0.0,udp,0.0,,cs0,,249.0,,7.0,,Start,1,1,0,74,74,0,74.0,0.0,0.0,0.0,0.0,0,0,0,0.0,,,0.0,0.0,0.0,INT,,,610.0,,0.0,0.0,0.0,0
656277,0.0,0.0,0.0,0.0,0.0,0.0,udp,0.0,,cs0,,249.0,,7.0,,Start,1,1,0,74,74,0,74.0,0.0,0.0,0.0,0.0,0,0,0,0.0,,,0.0,0.0,0.0,INT,,,610.0,,0.0,0.0,0.0,0
656291,0.0,0.0,0.0,0.0,0.0,0.0,udp,0.0,,cs0,,249.0,,7.0,,Start,1,1,0,74,74,0,74.0,0.0,0.0,0.0,0.0,0,0,0,0.0,,,0.0,0.0,0.0,INT,,,610.0,,0.0,0.0,0.0,0
656303,0.0,0.0,0.0,0.0,0.0,0.0,udp,0.0,,cs0,,249.0,,7.0,,Start,1,1,0,74,74,0,74.0,0.0,0.0,0.0,0.0,0,0,0,0.0,,,0.0,0.0,0.0,INT,,,610.0,,0.0,0.0,0.0,0
656309,0.0,0.0,0.0,0.0,0.0,0.0,udp,0.0,,cs0,,249.0,,7.0,,Start,1,1,0,74,74,0,74.0,0.0,0.0,0.0,0.0,0,0,0,0.0,,,0.0,0.0,0.0,INT,,,610.0,,0.0,0.0,0.0,0
656397,0.0,0.0,0.0,0.0,0.0,0.0,udp,0.0,,cs0,,249.0,,7.0,,Start,1,1,0,74,74,0,74.0,0.0,0.0,0.0,0.0,0,0,0,0.0,,,0.0,0.0,0.0,INT,,,610.0,,0.0,0.0,0.0,0
656416,0.0,0.0,0.0,0.0,0.0,0.0,udp,0.0,,cs0,,249.0,,7.0,,Start,1,1,0,74,74,0,74.0,0.0,0.0,0.0,0.0,0,0,0,0.0,,,0.0,0.0,0.0,INT,,,610.0,,0.0,0.0,0.0,0
656433,0.0,0.0,0.0,0.0,0.0,0.0,udp,0.0,,cs0,,249.0,,7.0,,Start,1,1,0,74,74,0,74.0,0.0,0.0,0.0,0.0,0,0,0,0.0,,,0.0,0.0,0.0,INT,,,610.0,,0.0,0.0,0.0,0
656518,0.0,0.0,0.0,0.0,0.0,0.0,udp,0.0,,cs0,,249.0,,7.0,,Start,1,1,0,74,74,0,74.0,0.0,0.0,0.0,0.0,0,0,0,0.0,,,0.0,0.0,0.0,INT,,,610.0,,0.0,0.0,0.0,0
656565,0.0,0.0,0.0,0.0,0.0,0.0,udp,0.0,,cs0,,249.0,,7.0,,Start,1,1,0,74,74,0,74.0,0.0,0.0,0.0,0.0,0,0,0,0.0,,,0.0,0.0,0.0,INT,,,610.0,,0.0,0.0,0.0,0
656610,0.0,0.0,0.0,0.0,0.0,0.0,udp,0.0,,cs0,,249.0,,7.0,,Start,1,1,0,74,74,0,74.0,0.0,0.0,0.0,0.0,0,0,0,0.0,,,0.0,0.0,0.0,INT,,,610.0,,0.0,0.0,0.0,0
656651,0.0,0.0,0.0,0.0,0.0,0.0,udp,0.0,,cs0,,249.0,,7.0,,Start,1,1,0,74,74,0,74.0,0.0,0.0,0.0,0.0,0,0,0,0.0,,,0.0,0.0,0.0,INT,,,610.0,,0.0,0.0,0.0,0
656722,0.072993,0.072993,0.072993,0.072993,0.072993,0.072993,udp,0.0,0.0,cs0,cs0,64.0,117.0,0.0,11.0,Status,5,3,2,668,530,138,176.666672,69.0,46360.60938,38798.23828,7562.368652,0,0,0,0.0,,,54.799774,27.399887,13.699944,CON,,,,,0.0,0.0,0.0,0
656735,0.0,0.0,0.0,0.0,0.0,0.0,tcp,0.0,0.0,cs0,cs0,64.0,51.0,0.0,13.0,Status,1,0,1,66,0,66,0.0,66.0,0.0,0.0,0.0,0,0,0,0.0,0.0,0.0,0.0,0.0,0.0,RST,,,,,0.084943,0.072061,0.012882,0
656750,0.112903,0.112903,0.112903,0.112903,0.112903,0.112903,udp,0.0,0.0,cs0,cs0,64.0,53.0,0.0,11.0,Status,11,6,5,5506,3566,1940,594.333313,388.0,320558.3438,210587.8594,109970.5078,0,0,0,0.0,,,88.571609,44.285805,35.428642,CON,,,,,0.0,0.0,0.0,0
656775,0.0,0.0,0.0,0.0,0.0,0.0,icmp,0.0,,cs0,,58.0,,6.0,,Start,1,1,0,98,98,0,98.0,0.0,0.0,0.0,0.0,0,0,0,0.0,,,0.0,0.0,0.0,ECO,,,,,0.0,0.0,0.0,0
656799,0.076896,0.076896,0.076896,0.076896,0.076896,0.076896,udp,0.0,0.0,cs0,cs0,64.0,52.0,0.0,12.0,Status,8,5,3,4803,3233,1570,646.599976,523.333313,378069.0938,269142.75,108926.3438,0,0,0,0.0,,,91.032043,52.018314,26.009157,CON,,,,,0.0,0.0,0.0,0
656837,0.070754,0.070754,0.070754,0.070754,0.070754,0.070754,tcp,0.0,0.0,cs0,cs0,64.0,116.0,0.0,12.0,Start,4,2,2,1885,487,1398,243.5,699.0,106622.9453,27588.54688,79034.39844,0,0,0,0.0,0.0,0.0,42.400429,14.133477,14.133477,CON,228.0,305.0,,,0.0,0.0,0.0,0
656899,0.000307,0.000307,0.000307,0.000307,0.000307,0.000307,udp,224.0,184.0,cs7,ef,250.0,255.0,6.0,1.0,Start,2,1,1,124,64,60,64.0,60.0,0.0,0.0,0.0,0,0,0,0.0,,,3257.328857,0.0,0.0,CON,,,610.0,,0.0,0.0,0.0,0
657070,0.0,0.0,0.0,0.0,0.0,0.0,icmp,0.0,,cs0,,58.0,,6.0,,Start,1,1,0,98,98,0,98.0,0.0,0.0,0.0,0.0,0,0,0,0.0,,,0.0,0.0,0.0,ECO,,,,,0.0,0.0,0.0,0
657113,4.932277,4.932277,4.932277,4.932277,4.932277,4.932277,udp,0.0,0.0,cs0,cs0,64.0,117.0,0.0,11.0,Status,322,18,304,419094,4467,414627,248.166672,1363.904663,677144.4375,6843.086426,670301.3125,0,0,0,0.0,,,65.081497,3.446684,61.432072,CON,,,,,0.0,0.0,0.0,0
657140,0.097505,0.097505,0.097505,0.097505,0.097505,0.097505,tcp,0.0,0.0,cs0,cs0,116.0,64.0,12.0,0.0,Start,2,1,1,132,66,66,66.0,66.0,0.0,0.0,0.0,0,0,0,0.0,0.0,0.0,10.255884,0.0,0.0,FIN,261.0,157.0,,,0.0,0.0,0.0,0
657152,4.940555,4.940555,4.940555,4.940555,4.940555,4.940555,udp,0.0,0.0,cs0,cs0,64.0,117.0,0.0,11.0,Status,223,12,211,292013,3989,288024,332.416656,1365.042603,470094.5313,5921.602051,464172.9375,0,0,0,0.0,,,44.934223,2.22647,42.505344,CON,,,,,0.0,0.0,0.0,0
657192,4.956834,4.956834,4.956834,4.956834,4.956834,4.956834,udp,0.0,0.0,cs0,cs0,64.0,117.0,0.0,11.0,Status,243,14,229,315553,3730,311823,266.428558,1361.672485,506655.6875,5590.665527,501065.0,0,0,0,0.0,,,48.821487,2.622642,45.997105,CON,,,,,0.0,0.0,0.0,0
657207,0.105025,0.105025,0.105025,0.105025,0.105025,0.105025,tcp,0.0,0.0,cs0,cs0,64.0,62.0,0.0,2.0,Start,16,9,7,5332,1013,4319,112.555557,617.0,350621.2813,68631.28125,281990.0,0,0,0,0.0,0.0,0.0,142.823135,76.17234,57.129253,CON,97792.0,31104.0,,,0.012006,0.001311,0.010695,0
657209,0.0,0.0,0.0,0.0,0.0,0.0,udp,0.0,,cs0,,249.0,,7.0,,Start,1,1,0,74,74,0,74.0,0.0,0.0,0.0,0.0,0,0,0,0.0,,,0.0,0.0,0.0,INT,,,610.0,,0.0,0.0,0.0,0
657225,4.999382,4.999382,4.999382,4.999382,4.999382,4.999382,udp,0.0,0.0,cs0,cs0,64.0,117.0,0.0,11.0,Status,256,19,237,329910,4577,325333,240.89473,1372.713135,525341.75,6940.057617,518401.6875,0,0,0,0.0,,,51.006306,3.600445,47.205833,CON,,,,,0.0,0.0,0.0,0
657290,0.105009,0.105009,0.105009,0.105009,0.105009,0.105009,udp,0.0,0.0,cs0,cs0,64.0,53.0,0.0,11.0,Status,10,6,4,5178,3566,1612,594.333313,403.0,318525.0938,226418.6875,92106.39063,0,0,0,0.0,,,85.70694,47.614967,28.568981,CON,,,,,0.0,0.0,0.0,0
657419,0.0,0.0,0.0,0.0,0.0,0.0,icmp,0.0,,cs0,,58.0,,6.0,,Start,1,1,0,98,98,0,98.0,0.0,0.0,0.0,0.0,0,0,0,0.0,,,0.0,0.0,0.0,ECO,,,,,0.0,0.0,0.0,0
657427,0.0,0.0,0.0,0.0,0.0,0.0,icmp,0.0,,cs0,,58.0,,6.0,,Start,1,1,0,98,98,0,98.0,0.0,0.0,0.0,0.0,0,0,0,0.0,,,0.0,0.0,0.0,ECO,,,,,0.0,0.0,0.0,0
657442,0.0,0.0,0.0,0.0,0.0,0.0,icmp,0.0,,cs0,,58.0,,6.0,,Start,1,1,0,98,98,0,98.0,0.0,0.0,0.0,0.0,0,0,0,0.0,,,0.0,0.0,0.0,ECO,,,,,0.0,0.0,0.0,0
657454,0.000506,0.000506,0.000506,0.000506,0.000506,0.000506,sctp,186.0,40.0,ef,af11,255.0,250.0,1.0,6.0,Status,2,1,1,192,94,98,94.0,98.0,0.0,0.0,0.0,0,0,0,0.0,,,1976.284546,0.0,0.0,CON,,,,610.0,0.0,0.0,0.0,0
657491,4.89887,4.89887,4.89887,4.89887,4.89887,4.89887,udp,0.0,0.0,cs0,cs0,64.0,117.0,0.0,11.0,Status,296,17,279,380383,4667,375716,274.529419,1346.652344,618531.1875,7173.899414,611357.3125,0,0,0,0.0,,,60.217968,3.266059,56.74778,CON,,,,,0.0,0.0,0.0,0
657519,4.995977,4.995977,4.995977,4.995977,4.995977,4.995977,udp,0.0,0.0,cs0,cs0,64.0,117.0,0.0,11.0,Status,178,23,155,213404,4960,208444,215.652176,1344.800049,339224.9375,7598.11377,331626.8438,0,0,0,0.0,,,35.428505,4.403543,30.824802,CON,,,,,0.0,0.0,0.0,0
657586,0.136584,0.136584,0.136584,0.136584,0.136584,0.136584,udp,0.0,0.0,cs0,cs0,64.0,53.0,0.0,11.0,Start,19,10,9,6770,2457,4313,245.699997,479.222229,354126.4063,129561.2969,224565.1094,0,0,0,0.0,,,131.787033,65.893517,58.572014,CON,,,,,0.0,0.0,0.0,0
657624,0.0,0.0,0.0,0.0,0.0,0.0,icmp,0.0,,cs0,,58.0,,6.0,,Start,1,1,0,98,98,0,98.0,0.0,0.0,0.0,0.0,0,0,0,0.0,,,0.0,0.0,0.0,ECO,,,,,0.0,0.0,0.0,0
657639,0.0,0.0,0.0,0.0,0.0,0.0,icmp,0.0,,cs0,,58.0,,6.0,,Start,1,1,0,98,98,0,98.0,0.0,0.0,0.0,0.0,0,0,0,0.0,,,0.0,0.0,0.0,ECO,,,,,0.0,0.0,0.0,0
657665,0.069716,0.069716,0.069716,0.069716,0.069716,0.069716,udp,0.0,0.0,cs0,cs0,64.0,117.0,0.0,11.0,Status,9,4,5,1120,782,338,195.5,67.599998,98456.59375,67359.0,31097.5957,0,0,0,0.0,,,114.751282,43.031731,57.375641,CON,,,,,0.0,0.0,0.0,0
657675,0.398203,0.398203,0.398203,0.398203,0.398203,0.398203,udp,0.0,0.0,cs0,cs0,64.0,52.0,0.0,12.0,Start,23,12,11,10929,6904,4025,575.333313,365.909088,200681.5625,127151.2344,73530.33594,0,0,0,0.0,,,55.248203,27.624102,25.11282,CON,,,,,0.0,0.0,0.0,0
657686,4.997754,4.997754,4.997754,4.997754,4.997754,4.997754,udp,0.0,0.0,cs0,cs0,117.0,64.0,11.0,0.0,Status,190,164,26,225643,220452,5191,1344.219482,199.653839,358721.125,350730.3438,7990.789551,0,0,0,0.0,,,37.816986,32.614651,5.002247,CON,,,,,0.0,0.0,0.0,0
657717,0.167907,0.167907,0.167907,0.167907,0.167907,0.167907,udp,0.0,0.0,cs0,cs0,64.0,53.0,0.0,11.0,Start,14,8,6,8759,5279,3480,659.875,580.0,358293.5938,220121.8594,138171.7188,0,0,0,0.0,,,77.423813,41.689747,29.778389,CON,,,,,0.0,0.0,0.0,0
657733,4.925722,4.925722,4.925722,4.925722,4.925722,4.925722,udp,0.0,0.0,cs0,cs0,117.0,64.0,11.0,0.0,Status,243,221,22,305562,300173,5389,1358.248901,244.954544,493669.75,485313.625,8356.134766,0,0,0,0.0,,,49.129852,44.663502,4.263334,CON,,,,,0.0,0.0,0.0,0
657794,0.0,0.0,0.0,0.0,0.0,0.0,icmp,0.0,,cs0,,58.0,,6.0,,Start,1,1,0,98,98,0,98.0,0.0,0.0,0.0,0.0,0,0,0,0.0,,,0.0,0.0,0.0,ECO,,,,,0.0,0.0,0.0,0
657869,4.924277,4.924277,4.924277,4.924277,4.924277,4.924277,udp,0.0,0.0,cs0,cs0,117.0,64.0,11.0,0.0,Status,302,272,30,374328,368993,5335,1356.591919,177.833328,605644.25,597264.5625,8379.708008,0,0,0,0.0,,,61.125729,55.033463,5.88919,CON,,,,,0.0,0.0,0.0,0
657878,0.0,0.0,0.0,0.0,0.0,0.0,icmp,0.0,,cs0,,58.0,,6.0,,Start,1,1,0,98,98,0,98.0,0.0,0.0,0.0,0.0,0,0,0,0.0,,,0.0,0.0,0.0,ECO,,,,,0.0,0.0,0.0,0
657925,0.0,0.0,0.0,0.0,0.0,0.0,icmp,0.0,,cs0,,58.0,,6.0,,Start,1,1,0,98,98,0,98.0,0.0,0.0,0.0,0.0,0,0,0,0.0,,,0.0,0.0,0.0,ECO,,,,,0.0,0.0,0.0,0
658223,0.062286,0.062286,0.062286,0.062286,0.062286,0.062286,udp,0.0,0.0,cs0,cs0,64.0,117.0,0.0,11.0,Status,6,3,3,732,530,202,176.666672,67.333336,62807.05078,45467.67969,17339.36914,0,0,0,0.0,,,80.274857,32.109943,32.109943,CON,,,,,0.0,0.0,0.0,0
658301,4.997647,4.997647,4.997647,4.997647,4.997647,4.997647,udp,0.0,0.0,cs0,cs0,117.0,64.0,11.0,0.0,Status,263,245,18,338603,334550,4053,1365.510254,225.166672,539474.6875,533347.0,6127.684082,0,0,0,0.0,,,52.424671,48.822979,3.401601,CON,,,,,0.0,0.0,0.0,0
658571,0.15886,0.15886,0.15886,0.15886,0.15886,0.15886,udp,0.0,0.0,cs0,cs0,64.0,117.0,0.0,11.0,Status,8,4,4,881,603,278,150.75,69.5,33337.53125,22812.53906,10524.99023,0,0,0,0.0,,,44.063957,18.884552,18.884552,CON,,,,,0.0,0.0,0.0,0
658585,0.0,0.0,0.0,0.0,0.0,0.0,icmp,0.0,,cs0,,58.0,,6.0,,Start,1,1,0,98,98,0,98.0,0.0,0.0,0.0,0.0,0,0,0,0.0,,,0.0,0.0,0.0,ECO,,,,,0.0,0.0,0.0,0
658597,4.993939,4.993939,4.993939,4.993939,4.993939,4.993939,udp,0.0,0.0,cs0,cs0,64.0,117.0,0.0,11.0,Status,366,25,341,472976,5047,467929,201.880005,1372.22583,755160.1875,7763.010254,747397.1875,0,0,0,0.0,,,73.0886,4.805826,68.082527,CON,,,,,0.0,0.0,0.0,0
658598,0.0,0.0,0.0,0.0,0.0,0.0,icmp,0.0,,cs0,,58.0,,6.0,,Start,1,1,0,98,98,0,98.0,0.0,0.0,0.0,0.0,0,0,0,0.0,,,0.0,0.0,0.0,ECO,,,,,0.0,0.0,0.0,0
658669,4.97572,4.97572,4.97572,4.97572,4.97572,4.97572,udp,0.0,0.0,cs0,cs0,117.0,64.0,11.0,0.0,Status,317,300,17,414412,410445,3967,1368.150024,233.352936,663720.625,657717.0625,6003.553223,0,0,0,0.0,,,63.508396,60.091808,3.215615,CON,,,,,0.0,0.0,0.0,0
658675,0.0,0.0,0.0,0.0,0.0,0.0,icmp,0.0,,cs0,,58.0,,6.0,,Start,1,1,0,98,98,0,98.0,0.0,0.0,0.0,0.0,0,0,0,0.0,,,0.0,0.0,0.0,ECO,,,,,0.0,0.0,0.0,0
658769,0.0,0.0,0.0,0.0,0.0,0.0,icmp,0.0,,cs0,,58.0,,6.0,,Start,1,1,0,98,98,0,98.0,0.0,0.0,0.0,0.0,0,0,0,0.0,,,0.0,0.0,0.0,ECO,,,,,0.0,0.0,0.0,0
658778,4.99909,4.99909,4.99909,4.99909,4.99909,4.99909,udp,0.0,0.0,cs0,cs0,64.0,117.0,0.0,11.0,Status,201,15,186,258724,4296,254428,286.399994,1367.892456,411388.4688,6417.16748,404971.2813,0,0,0,0.0,,,40.007278,2.80051,37.006733,CON,,,,,0.0,0.0,0.0,0
658983,4.959959,4.959959,4.959959,4.959959,4.959959,4.959959,udp,0.0,0.0,cs0,cs0,64.0,117.0,0.0,11.0,Status,198,17,181,251261,4429,246832,260.529419,1363.712646,402645.25,6724.249023,395921.0,0,0,0,0.0,,,39.718071,3.225833,36.290623,CON,,,,,0.0,0.0,0.0,0
659292,0.063,0.063,0.063,0.063,0.063,0.063,udp,0.0,0.0,cs0,cs0,64.0,117.0,0.0,11.0,Status,6,3,3,731,531,200,177.0,66.666664,61968.25391,44952.37891,17015.87305,0,0,0,0.0,,,79.365082,31.746031,31.746031,CON,,,,,0.0,0.0,0.0,0
659310,4.898385,4.898385,4.898385,4.898385,4.898385,4.898385,udp,0.0,0.0,cs0,cs0,117.0,64.0,11.0,0.0,Status,143,131,12,180019,176416,3603,1346.687012,300.25,291317.25,285922.8125,5394.431152,0,0,0,0.0,,,28.989145,26.53936,2.245638,CON,,,,,0.0,0.0,0.0,0
659968,4.328911,4.328911,4.328911,4.328911,4.328911,4.328911,sctp,186.0,186.0,ef,ef,252.0,255.0,4.0,1.0,Status,4,2,2,392,200,192,100.0,96.0,362.21582,184.803986,177.411835,0,0,0,0.0,,,0.693015,0.231005,0.231005,CON,,,610.0,,0.0,0.0,0.0,0
660017,0.090765,0.090765,0.090765,0.090765,0.090765,0.090765,udp,0.0,0.0,cs0,cs0,64.0,117.0,0.0,11.0,Status,7,4,3,976,760,216,190.0,72.0,62931.74609,50239.62891,12692.11719,0,0,0,0.0,,,66.104774,33.052387,22.034925,CON,,,,,0.0,0.0,0.0,0
660026,0.0,0.0,0.0,0.0,0.0,0.0,icmp,0.0,,cs0,,58.0,,6.0,,Start,1,1,0,98,98,0,98.0,0.0,0.0,0.0,0.0,0,0,0,0.0,,,0.0,0.0,0.0,ECO,,,,,0.0,0.0,0.0,0
660036,0.0,0.0,0.0,0.0,0.0,0.0,icmp,0.0,,cs0,,58.0,,6.0,,Start,1,1,0,98,98,0,98.0,0.0,0.0,0.0,0.0,0,0,0,0.0,,,0.0,0.0,0.0,ECO,,,,,0.0,0.0,0.0,0
660247,0.060081,0.060081,0.060081,0.060081,0.060081,0.060081,udp,0.0,0.0,cs0,cs0,64.0,117.0,0.0,11.0,Status,6,3,3,733,531,202,177.0,67.333336,65112.09766,47136.36328,17975.73242,0,0,0,0.0,,,83.220985,33.288395,33.288395,CON,,,,,0.0,0.0,0.0,0
660709,0.071932,0.071932,0.071932,0.071932,0.071932,0.071932,tcp,0.0,0.0,cs0,cs0,52.0,64.0,12.0,0.0,Start,2,1,1,132,66,66,66.0,66.0,0.0,0.0,0.0,0,0,0,0.0,0.0,0.0,13.902018,0.0,0.0,FIN,265.0,168.0,,,0.0,0.0,0.0,0
660770,4.991133,4.991133,4.991133,4.991133,4.991133,4.991133,udp,0.0,0.0,cs0,cs0,117.0,64.0,11.0,0.0,Status,117,103,14,136818,132005,4813,1281.601929,343.785706,216694.6719,209529.9688,7164.705566,0,0,0,0.0,,,23.241215,20.436241,2.604619,CON,,,,,0.0,0.0,0.0,0
660872,0.0,0.0,0.0,0.0,0.0,0.0,icmp,0.0,,cs0,,58.0,,6.0,,Start,1,1,0,98,98,0,98.0,0.0,0.0,0.0,0.0,0,0,0,0.0,,,0.0,0.0,0.0,ECO,,,,,0.0,0.0,0.0,0
661057,0.061869,0.061869,0.061869,0.061869,0.061869,0.061869,udp,0.0,0.0,cs0,cs0,64.0,117.0,0.0,11.0,Status,5,3,2,668,529,139,176.333328,69.5,54696.21484,45644.83203,9051.382812,0,0,0,0.0,,,64.652733,32.326366,16.163183,CON,,,,,0.0,0.0,0.0,0
661317,0.0,0.0,0.0,0.0,0.0,0.0,icmp,0.0,,cs0,,58.0,,6.0,,Start,1,1,0,98,98,0,98.0,0.0,0.0,0.0,0.0,0,0,0,0.0,,,0.0,0.0,0.0,ECO,,,,,0.0,0.0,0.0,0
661389,4.985438,4.985438,4.985438,4.985438,4.985438,4.985438,udp,0.0,0.0,cs0,cs0,117.0,64.0,11.0,0.0,Status,222,200,22,276951,272005,4946,1360.025024,224.818176,441874.125,434296.8438,7577.268066,0,0,0,0.0,,,44.329105,39.916252,4.212268,CON,,,,,0.0,0.0,0.0,0
662113,0.266181,0.266181,0.266181,0.266181,0.266181,0.266181,udp,0.0,0.0,cs0,cs0,117.0,64.0,11.0,0.0,Status,177,162,15,222914,218690,4224,1349.938232,281.600006,6650632.5,6532127.0,118505.8359,0,0,0,0.0,,,661.204224,604.851624,52.595791,CON,,,,,0.0,0.0,0.0,0
662121,0.0,0.0,0.0,0.0,0.0,0.0,udp,0.0,,cs0,,249.0,,7.0,,Start,1,1,0,74,74,0,74.0,0.0,0.0,0.0,0.0,0,0,0,0.0,,,0.0,0.0,0.0,INT,,,610.0,,0.0,0.0,0.0,0
662436,0.0,0.0,0.0,0.0,0.0,0.0,icmp,0.0,,cs0,,58.0,,6.0,,Start,1,1,0,98,98,0,98.0,0.0,0.0,0.0,0.0,0,0,0,0.0,,,0.0,0.0,0.0,ECO,,,,,0.0,0.0,0.0,0
662625,4.998414,4.998414,4.998414,4.998414,4.998414,4.998414,udp,0.0,0.0,cs0,cs0,117.0,64.0,11.0,0.0,Status,193,175,18,240345,236293,4052,1350.245728,225.111115,382153.2188,376028.0625,6125.143066,0,0,0,0.0,,,38.412186,34.811043,3.401079,CON,,,,,0.0,0.0,0.0,0
662633,0.0,0.0,0.0,0.0,0.0,0.0,icmp,0.0,,cs0,,58.0,,6.0,,Start,1,1,0,98,98,0,98.0,0.0,0.0,0.0,0.0,0,0,0,0.0,,,0.0,0.0,0.0,ECO,,,,,0.0,0.0,0.0,0
662635,0.0,0.0,0.0,0.0,0.0,0.0,icmp,0.0,,cs0,,58.0,,6.0,,Start,1,1,0,98,98,0,98.0,0.0,0.0,0.0,0.0,0,0,0,0.0,,,0.0,0.0,0.0,ECO,,,,,0.0,0.0,0.0,0
662834,8.5e-05,8.5e-05,8.5e-05,8.5e-05,8.5e-05,8.5e-05,sctp,40.0,186.0,af11,ef,250.0,255.0,6.0,1.0,Status,2,1,1,232,118,114,118.0,114.0,0.0,0.0,0.0,0,0,0,0.0,,,11764.70606,0.0,0.0,CON,,,610.0,,0.0,0.0,0.0,0
663054,0.0,0.0,0.0,0.0,0.0,0.0,icmp,0.0,,cs0,,58.0,,6.0,,Start,1,1,0,98,98,0,98.0,0.0,0.0,0.0,0.0,0,0,0,0.0,,,0.0,0.0,0.0,ECO,,,,,0.0,0.0,0.0,0
663589,0.0,0.0,0.0,0.0,0.0,0.0,icmp,0.0,,cs0,,58.0,,6.0,,Start,1,1,0,98,98,0,98.0,0.0,0.0,0.0,0.0,0,0,0,0.0,,,0.0,0.0,0.0,ECO,,,,,0.0,0.0,0.0,0
664375,0.074098,0.074098,0.074098,0.074098,0.074098,0.074098,udp,0.0,0.0,cs0,cs0,64.0,117.0,0.0,11.0,Status,9,4,5,1104,761,343,190.25,68.599998,91338.5,61648.08984,29690.41016,0,0,0,0.0,,,107.965126,40.486923,53.982563,CON,,,,,0.0,0.0,0.0,0
664536,0.079892,0.079892,0.079892,0.079892,0.079892,0.079892,udp,0.0,0.0,cs0,cs0,64.0,52.0,0.0,12.0,Status,10,6,4,4902,3315,1587,552.5,396.75,395934.5,276673.5,119261.0,0,0,0,0.0,,,112.652077,62.584488,37.550694,CON,,,,,0.0,0.0,0.0,0
664798,4.999444,4.999444,4.999444,4.999444,4.999444,4.999444,udp,0.0,0.0,cs0,cs0,117.0,64.0,11.0,0.0,Status,207,189,18,260953,256508,4445,1357.185181,246.944443,415006.1563,408287.0,6719.146973,0,0,0,0.0,,,41.204582,37.604183,3.400378,CON,,,,,0.0,0.0,0.0,0
665056,0.0,0.0,0.0,0.0,0.0,0.0,icmp,0.0,,cs0,,58.0,,6.0,,Start,1,1,0,98,98,0,98.0,0.0,0.0,0.0,0.0,0,0,0,0.0,,,0.0,0.0,0.0,ECO,,,,,0.0,0.0,0.0,0
665676,0.000119,0.000119,0.000119,0.000119,0.000119,0.000119,sctp,40.0,186.0,af11,ef,250.0,255.0,6.0,1.0,Status,2,1,1,232,118,114,118.0,114.0,0.0,0.0,0.0,0,0,0,0.0,,,8403.361328,0.0,0.0,CON,,,610.0,,0.0,0.0,0.0,0
666281,0.060997,0.060997,0.060997,0.060997,0.060997,0.060997,udp,0.0,0.0,cs0,cs0,64.0,117.0,0.0,11.0,Status,6,3,3,730,530,200,176.666672,66.666664,64003.14453,46428.51172,17574.63477,0,0,0,0.0,,,81.971245,32.788498,32.788498,CON,,,,,0.0,0.0,0.0,0
666332,0.066432,0.066432,0.066432,0.066432,0.066432,0.066432,udp,0.0,0.0,cs0,cs0,64.0,117.0,0.0,11.0,Status,7,4,3,990,770,220,192.5,73.333336,87307.32031,69605.00781,17702.3125,0,0,0,0.0,,,90.317917,45.158958,30.105974,CON,,,,,0.0,0.0,0.0,0
666354,4.99874,4.99874,4.99874,4.99874,4.99874,4.99874,udp,0.0,0.0,cs0,cs0,117.0,64.0,11.0,0.0,Status,392,378,14,520465,516713,3752,1366.965576,268.0,830338.8125,824763.0,5575.804688,0,0,0,0.0,,,78.219711,75.419006,2.600655,CON,,,,,0.0,0.0,0.0,0
666356,4.93028,4.93028,4.93028,4.93028,4.93028,4.93028,udp,0.0,0.0,cs0,cs0,117.0,64.0,11.0,0.0,Status,222,193,29,263913,257779,6134,1335.642456,211.517242,425723.4688,416112.6563,9610.8125,0,0,0,0.0,,,44.825039,38.94302,5.67919,CON,,,,,0.0,0.0,0.0,0
666372,0.0,0.0,0.0,0.0,0.0,0.0,icmp,0.0,,cs0,,58.0,,6.0,,Start,1,1,0,98,98,0,98.0,0.0,0.0,0.0,0.0,0,0,0,0.0,,,0.0,0.0,0.0,ECO,,,,,0.0,0.0,0.0,0
666450,0.0,0.0,0.0,0.0,0.0,0.0,icmp,0.0,,cs0,,58.0,,6.0,,Start,1,1,0,98,98,0,98.0,0.0,0.0,0.0,0.0,0,0,0,0.0,,,0.0,0.0,0.0,ECO,,,,,0.0,0.0,0.0,0
666451,0.092955,0.092955,0.092955,0.092955,0.092955,0.092955,udp,0.0,0.0,cs0,cs0,64.0,53.0,0.0,11.0,Status,8,5,3,4897,3494,1403,698.799988,467.666656,321187.6563,240632.5625,80555.10938,0,0,0,0.0,,,75.305252,43.031574,21.515787,CON,,,,,0.0,0.0,0.0,0
666505,2.994681,2.994681,2.994681,2.994681,2.994681,2.994681,tcp,136.0,,af41,,255.0,,1.0,,Start,3,3,0,222,222,0,74.0,0.0,395.367676,395.367676,0.0,2,2,0,40.0,0.0,0.0,0.667851,0.667851,0.0,REQ,3737600.0,,,,0.0,0.0,0.0,0
666532,0.0,0.0,0.0,0.0,0.0,0.0,icmp,0.0,,cs0,,58.0,,6.0,,Start,1,1,0,98,98,0,98.0,0.0,0.0,0.0,0.0,0,0,0,0.0,,,0.0,0.0,0.0,ECO,,,,,0.0,0.0,0.0,0
666617,0.0,0.0,0.0,0.0,0.0,0.0,icmp,0.0,,cs0,,58.0,,6.0,,Start,1,1,0,98,98,0,98.0,0.0,0.0,0.0,0.0,0,0,0,0.0,,,0.0,0.0,0.0,ECO,,,,,0.0,0.0,0.0,0
666621,4.992996,4.992996,4.992996,4.992996,4.992996,4.992996,udp,0.0,0.0,cs0,cs0,64.0,117.0,0.0,11.0,Status,153,13,140,196751,4137,192614,318.230774,1375.814331,312530.5625,6118.971191,306411.5938,0,0,0,0.0,,,30.442642,2.403367,27.838995,CON,,,,,0.0,0.0,0.0,0
666625,4.999955,4.999955,4.999955,4.999955,4.999955,4.999955,udp,0.0,0.0,cs0,cs0,117.0,64.0,11.0,0.0,Status,331,309,22,427997,423659,4338,1371.064697,197.181824,682292.5,675666.875,6625.65918,0,0,0,0.0,,,66.000595,61.600552,4.200037,CON,,,,,0.0,0.0,0.0,0
666643,0.0,0.0,0.0,0.0,0.0,0.0,icmp,0.0,,cs0,,58.0,,6.0,,Start,1,1,0,98,98,0,98.0,0.0,0.0,0.0,0.0,0,0,0,0.0,,,0.0,0.0,0.0,ECO,,,,,0.0,0.0,0.0,0
666818,0.109002,0.109002,0.109002,0.109002,0.109002,0.109002,tcp,0.0,0.0,cs0,cs0,64.0,62.0,0.0,2.0,Start,13,7,6,1749,847,902,121.0,150.333328,108475.0703,53283.42578,55191.64844,0,0,0,0.0,0.0,0.0,110.089722,55.044861,45.870716,CON,68096.0,31104.0,,,0.015999,0.00124,0.014759,0
666866,4.955676,4.955676,4.955676,4.955676,4.955676,4.955676,udp,0.0,0.0,cs0,cs0,117.0,64.0,11.0,0.0,Status,171,156,15,213068,209223,3845,1341.173096,256.333344,341379.8438,335586.0938,5793.760254,0,0,0,0.0,,,34.3041,31.277266,2.825043,CON,,,,,0.0,0.0,0.0,0
666889,0.186948,0.186948,0.186948,0.186948,0.186948,0.186948,tcp,0.0,0.0,cs0,cs0,64.0,62.0,0.0,2.0,Start,17,9,8,5328,1013,4315,112.555557,539.375,200141.2188,38556.17578,161585.0313,0,0,0,0.0,0.0,0.0,85.585297,42.792648,37.443565,CON,97792.0,31104.0,,,0.011902,0.00122,0.010682,0
667051,4.993301,4.993301,4.993301,4.993301,4.993301,4.993301,udp,0.0,0.0,cs0,cs0,64.0,117.0,0.0,11.0,Status,225,15,210,291991,4278,287713,285.200012,1370.06189,465160.8438,6397.371094,458763.4688,0,0,0,0.0,,,44.860104,2.803756,41.856079,CON,,,,,0.0,0.0,0.0,0
667119,4.99894,4.99894,4.99894,4.99894,4.99894,4.99894,udp,0.0,0.0,cs0,cs0,117.0,64.0,11.0,0.0,Status,140,117,23,159616,153923,5693,1315.581177,247.521744,252940.0313,244224.5781,8715.447266,0,0,0,0.0,,,27.805895,23.20492,4.400933,CON,,,,,0.0,0.0,0.0,0
667122,0.052992,0.052992,0.052992,0.052992,0.052992,0.052992,udp,0.0,0.0,cs0,cs0,64.0,117.0,0.0,11.0,Status,5,3,2,670,531,139,177.0,69.5,64009.66016,53442.02734,10567.63281,0,0,0,0.0,,,75.483093,37.741547,18.870773,CON,,,,,0.0,0.0,0.0,0
667148,0.0,0.0,0.0,0.0,0.0,0.0,icmp,0.0,,cs0,,58.0,,6.0,,Start,1,1,0,98,98,0,98.0,0.0,0.0,0.0,0.0,0,0,0,0.0,,,0.0,0.0,0.0,ECO,,,,,0.0,0.0,0.0,0
667164,0.0,0.0,0.0,0.0,0.0,0.0,icmp,0.0,,cs0,,58.0,,6.0,,Start,1,1,0,98,98,0,98.0,0.0,0.0,0.0,0.0,0,0,0,0.0,,,0.0,0.0,0.0,ECO,,,,,0.0,0.0,0.0,0
667226,0.0,0.0,0.0,0.0,0.0,0.0,udp,0.0,,cs0,,249.0,,7.0,,Start,1,1,0,64,64,0,64.0,0.0,0.0,0.0,0.0,0,0,0,0.0,,,0.0,0.0,0.0,INT,,,610.0,,0.0,0.0,0.0,0
667233,0.0,0.0,0.0,0.0,0.0,0.0,icmp,0.0,,cs0,,58.0,,6.0,,Start,1,1,0,98,98,0,98.0,0.0,0.0,0.0,0.0,0,0,0,0.0,,,0.0,0.0,0.0,ECO,,,,,0.0,0.0,0.0,0
667253,0.051002,0.051002,0.051002,0.051002,0.051002,0.051002,udp,0.0,0.0,cs0,cs0,64.0,117.0,0.0,11.0,Status,7,3,4,813,539,274,179.666672,68.5,88780.83594,56468.375,32312.45898,0,0,0,0.0,,,117.642448,39.214149,58.821224,CON,,,,,0.0,0.0,0.0,0
667257,4.983224,4.983224,4.983224,4.983224,4.983224,4.983224,udp,0.0,0.0,cs0,cs0,117.0,64.0,11.0,0.0,Status,211,200,11,274932,274129,803,1370.64502,73.0,439055.5313,437883.5938,1171.932129,0,0,0,0.0,,,42.141392,39.933987,2.006733,CON,,,,,0.0,0.0,0.0,0
667342,0.0,0.0,0.0,0.0,0.0,0.0,icmp,0.0,,cs0,,58.0,,6.0,,Start,1,1,0,98,98,0,98.0,0.0,0.0,0.0,0.0,0,0,0,0.0,,,0.0,0.0,0.0,ECO,,,,,0.0,0.0,0.0,0
667610,4.431839,4.431839,4.431839,4.431839,4.431839,4.431839,udp,0.0,0.0,cs0,cs0,64.0,52.0,0.0,12.0,Status,28,15,13,16502,10575,5927,705.0,455.923065,27694.14648,17816.53125,9877.615234,0,0,0,0.0,,,6.092279,3.15896,2.70768,CON,,,,,0.0,0.0,0.0,0
667653,0.0,0.0,0.0,0.0,0.0,0.0,tcp,0.0,,cs0,,64.0,,0.0,,Start,1,1,0,66,66,0,66.0,0.0,0.0,0.0,0.0,0,0,0,0.0,0.0,0.0,0.0,0.0,0.0,RST,16384.0,,,,0.0,0.0,0.0,0
667670,3.008826,3.008826,3.008826,3.008826,3.008826,3.008826,tcp,0.0,,cs0,,64.0,,0.0,,Start,3,3,0,226,226,0,75.333336,0.0,401.485504,401.485504,0.0,2,2,0,40.0,0.0,0.0,0.664711,0.664711,0.0,REQ,33553920.0,,,,0.0,0.0,0.0,0
667723,2.200054,2.200054,2.200054,2.200054,2.200054,2.200054,tcp,0.0,,cs0,,64.0,,0.0,,Start,5,5,0,330,330,0,66.0,0.0,959.97644,959.97644,0.0,0,0,0,0.0,0.0,0.0,1.818137,1.818137,0.0,FIN,157.0,,,,0.0,0.0,0.0,0
667775,0.217653,0.217653,0.217653,0.217653,0.217653,0.217653,sctp,40.0,186.0,af11,ef,250.0,255.0,6.0,1.0,Status,3,2,1,314,176,138,88.0,138.0,3234.506104,3234.506104,0.0,0,0,0,0.0,,,9.188938,4.594469,0.0,CON,,,610.0,,0.0,0.0,0.0,0
667786,3.119828,3.119828,3.119828,3.119828,3.119828,3.119828,udp,0.0,0.0,cs0,cs0,64.0,117.0,0.0,11.0,Status,7,7,0,1610,1610,0,230.0,0.0,3538.656738,3538.656738,0.0,0,0,0,0.0,,,1.923183,1.923183,0.0,REQ,,,,,0.0,0.0,0.0,0
667890,4.048261,4.048261,4.048261,4.048261,4.048261,4.048261,tcp,0.0,,cs0,,64.0,,0.0,,Start,4,4,0,296,296,0,74.0,0.0,438.706879,438.706879,0.0,3,3,0,42.857143,0.0,0.0,0.741059,0.741059,0.0,REQ,33553920.0,,,,0.0,0.0,0.0,0
667995,3.816175,3.816175,3.816175,3.816175,3.816175,3.816175,tcp,0.0,,cs0,,64.0,,0.0,,Start,4,4,0,296,296,0,74.0,0.0,465.387451,465.387451,0.0,3,3,0,42.857143,0.0,0.0,0.786127,0.786127,0.0,REQ,33553920.0,,,,0.0,0.0,0.0,0
668024,3.032909,3.032909,3.032909,3.032909,3.032909,3.032909,tcp,0.0,,cs0,,64.0,,0.0,,Start,3,3,0,222,222,0,74.0,0.0,390.384277,390.384277,0.0,2,2,0,40.0,0.0,0.0,0.659433,0.659433,0.0,REQ,33553920.0,,,,0.0,0.0,0.0,0
668151,0.0,0.0,0.0,0.0,0.0,0.0,tcp,0.0,,cs0,,64.0,,0.0,,Status,1,1,0,74,74,0,74.0,0.0,0.0,0.0,0.0,1,1,0,50.0,0.0,0.0,0.0,0.0,0.0,REQ,33553920.0,,,,0.0,0.0,0.0,0
668197,0.0,0.0,0.0,0.0,0.0,0.0,udp,0.0,,cs0,,64.0,,0.0,,Status,1,1,0,170,170,0,170.0,0.0,0.0,0.0,0.0,0,0,0,0.0,,,0.0,0.0,0.0,REQ,,,,,0.0,0.0,0.0,0
668204,0.0,0.0,0.0,0.0,0.0,0.0,tcp,0.0,,cs0,,64.0,,0.0,,Status,1,1,0,74,74,0,74.0,0.0,0.0,0.0,0.0,1,1,0,50.0,0.0,0.0,0.0,0.0,0.0,REQ,33553920.0,,,,0.0,0.0,0.0,0
668207,0.0,0.0,0.0,0.0,0.0,0.0,tcp,0.0,,cs0,,64.0,,0.0,,Status,1,1,0,74,74,0,74.0,0.0,0.0,0.0,0.0,1,1,0,50.0,0.0,0.0,0.0,0.0,0.0,REQ,33553920.0,,,,0.0,0.0,0.0,0
668244,0.0,0.0,0.0,0.0,0.0,0.0,tcp,0.0,,cs0,,64.0,,0.0,,Status,1,1,0,74,74,0,74.0,0.0,0.0,0.0,0.0,1,1,0,50.0,0.0,0.0,0.0,0.0,0.0,REQ,33553920.0,,,,0.0,0.0,0.0,0
668295,0.0,0.0,0.0,0.0,0.0,0.0,sctp,186.0,186.0,ef,ef,252.0,255.0,4.0,1.0,Status,2,1,1,192,98,94,98.0,94.0,0.0,0.0,0.0,0,0,0,0.0,,,0.0,0.0,0.0,CON,,,610.0,,0.0,0.0,0.0,0
668378,0.0,0.0,0.0,0.0,0.0,0.0,icmp,0.0,,cs0,,58.0,,6.0,,Start,1,1,0,98,98,0,98.0,0.0,0.0,0.0,0.0,0,0,0,0.0,,,0.0,0.0,0.0,ECO,,,,,0.0,0.0,0.0,0
668502,0.0,0.0,0.0,0.0,0.0,0.0,udp,0.0,,cs0,,249.0,,7.0,,Start,1,1,0,74,74,0,74.0,0.0,0.0,0.0,0.0,0,0,0,0.0,,,0.0,0.0,0.0,INT,,,610.0,,0.0,0.0,0.0,0
668505,0.0,0.0,0.0,0.0,0.0,0.0,udp,0.0,,cs0,,249.0,,7.0,,Start,1,1,0,74,74,0,74.0,0.0,0.0,0.0,0.0,0,0,0,0.0,,,0.0,0.0,0.0,INT,,,610.0,,0.0,0.0,0.0,0
668510,0.0,0.0,0.0,0.0,0.0,0.0,udp,0.0,,cs0,,249.0,,7.0,,Start,1,1,0,74,74,0,74.0,0.0,0.0,0.0,0.0,0,0,0,0.0,,,0.0,0.0,0.0,INT,,,610.0,,0.0,0.0,0.0,0
668521,0.0,0.0,0.0,0.0,0.0,0.0,udp,0.0,,cs0,,249.0,,7.0,,Start,1,1,0,74,74,0,74.0,0.0,0.0,0.0,0.0,0,0,0,0.0,,,0.0,0.0,0.0,INT,,,610.0,,0.0,0.0,0.0,0
668592,0.0,0.0,0.0,0.0,0.0,0.0,udp,0.0,,cs0,,249.0,,7.0,,Start,1,1,0,74,74,0,74.0,0.0,0.0,0.0,0.0,0,0,0,0.0,,,0.0,0.0,0.0,INT,,,610.0,,0.0,0.0,0.0,0
668787,0.0,0.0,0.0,0.0,0.0,0.0,udp,0.0,,cs0,,249.0,,7.0,,Start,1,1,0,74,74,0,74.0,0.0,0.0,0.0,0.0,0,0,0,0.0,,,0.0,0.0,0.0,INT,,,610.0,,0.0,0.0,0.0,0
668792,0.0,0.0,0.0,0.0,0.0,0.0,udp,0.0,,cs0,,249.0,,7.0,,Start,1,1,0,74,74,0,74.0,0.0,0.0,0.0,0.0,0,0,0,0.0,,,0.0,0.0,0.0,INT,,,610.0,,0.0,0.0,0.0,0
668809,0.0,0.0,0.0,0.0,0.0,0.0,udp,0.0,,cs0,,249.0,,7.0,,Start,1,1,0,74,74,0,74.0,0.0,0.0,0.0,0.0,0,0,0,0.0,,,0.0,0.0,0.0,INT,,,610.0,,0.0,0.0,0.0,0
668836,0.0,0.0,0.0,0.0,0.0,0.0,udp,0.0,,cs0,,249.0,,7.0,,Start,1,1,0,74,74,0,74.0,0.0,0.0,0.0,0.0,0,0,0,0.0,,,0.0,0.0,0.0,INT,,,610.0,,0.0,0.0,0.0,0
668867,0.0,0.0,0.0,0.0,0.0,0.0,udp,0.0,,cs0,,249.0,,7.0,,Start,1,1,0,74,74,0,74.0,0.0,0.0,0.0,0.0,0,0,0,0.0,,,0.0,0.0,0.0,INT,,,610.0,,0.0,0.0,0.0,0
669034,0.0,0.0,0.0,0.0,0.0,0.0,udp,0.0,,cs0,,249.0,,7.0,,Start,1,1,0,74,74,0,74.0,0.0,0.0,0.0,0.0,0,0,0,0.0,,,0.0,0.0,0.0,INT,,,610.0,,0.0,0.0,0.0,0
669058,0.0,0.0,0.0,0.0,0.0,0.0,udp,0.0,,cs0,,249.0,,7.0,,Start,1,1,0,74,74,0,74.0,0.0,0.0,0.0,0.0,0,0,0,0.0,,,0.0,0.0,0.0,INT,,,610.0,,0.0,0.0,0.0,0
669062,0.0,0.0,0.0,0.0,0.0,0.0,udp,0.0,,cs0,,249.0,,7.0,,Start,1,1,0,74,74,0,74.0,0.0,0.0,0.0,0.0,0,0,0,0.0,,,0.0,0.0,0.0,INT,,,610.0,,0.0,0.0,0.0,0
669080,0.0,0.0,0.0,0.0,0.0,0.0,udp,0.0,,cs0,,249.0,,7.0,,Start,1,1,0,74,74,0,74.0,0.0,0.0,0.0,0.0,0,0,0,0.0,,,0.0,0.0,0.0,INT,,,610.0,,0.0,0.0,0.0,0
669110,0.0,0.0,0.0,0.0,0.0,0.0,udp,0.0,,cs0,,249.0,,7.0,,Start,1,1,0,74,74,0,74.0,0.0,0.0,0.0,0.0,0,0,0,0.0,,,0.0,0.0,0.0,INT,,,610.0,,0.0,0.0,0.0,0
669135,0.0,0.0,0.0,0.0,0.0,0.0,udp,0.0,,cs0,,249.0,,7.0,,Start,1,1,0,74,74,0,74.0,0.0,0.0,0.0,0.0,0,0,0,0.0,,,0.0,0.0,0.0,INT,,,610.0,,0.0,0.0,0.0,0
669147,0.0,0.0,0.0,0.0,0.0,0.0,udp,0.0,,cs0,,249.0,,7.0,,Start,1,1,0,74,74,0,74.0,0.0,0.0,0.0,0.0,0,0,0,0.0,,,0.0,0.0,0.0,INT,,,610.0,,0.0,0.0,0.0,0
669240,0.0,0.0,0.0,0.0,0.0,0.0,udp,0.0,,cs0,,249.0,,7.0,,Start,1,1,0,74,74,0,74.0,0.0,0.0,0.0,0.0,0,0,0,0.0,,,0.0,0.0,0.0,INT,,,610.0,,0.0,0.0,0.0,0
669275,0.0,0.0,0.0,0.0,0.0,0.0,udp,0.0,,cs0,,249.0,,7.0,,Start,1,1,0,74,74,0,74.0,0.0,0.0,0.0,0.0,0,0,0,0.0,,,0.0,0.0,0.0,INT,,,610.0,,0.0,0.0,0.0,0
669281,0.0,0.0,0.0,0.0,0.0,0.0,udp,0.0,,cs0,,249.0,,7.0,,Start,1,1,0,74,74,0,74.0,0.0,0.0,0.0,0.0,0,0,0,0.0,,,0.0,0.0,0.0,INT,,,610.0,,0.0,0.0,0.0,0
669418,0.0,0.0,0.0,0.0,0.0,0.0,udp,0.0,,cs0,,249.0,,7.0,,Start,1,1,0,74,74,0,74.0,0.0,0.0,0.0,0.0,0,0,0,0.0,,,0.0,0.0,0.0,INT,,,610.0,,0.0,0.0,0.0,0
669473,0.0,0.0,0.0,0.0,0.0,0.0,udp,0.0,,cs0,,249.0,,7.0,,Start,1,1,0,74,74,0,74.0,0.0,0.0,0.0,0.0,0,0,0,0.0,,,0.0,0.0,0.0,INT,,,610.0,,0.0,0.0,0.0,0
669475,0.0,0.0,0.0,0.0,0.0,0.0,udp,0.0,,cs0,,249.0,,7.0,,Start,1,1,0,74,74,0,74.0,0.0,0.0,0.0,0.0,0,0,0,0.0,,,0.0,0.0,0.0,INT,,,610.0,,0.0,0.0,0.0,0
669518,0.0,0.0,0.0,0.0,0.0,0.0,udp,0.0,,cs0,,249.0,,7.0,,Start,1,1,0,74,74,0,74.0,0.0,0.0,0.0,0.0,0,0,0,0.0,,,0.0,0.0,0.0,INT,,,610.0,,0.0,0.0,0.0,0
669527,0.0,0.0,0.0,0.0,0.0,0.0,udp,0.0,,cs0,,249.0,,7.0,,Start,1,1,0,74,74,0,74.0,0.0,0.0,0.0,0.0,0,0,0,0.0,,,0.0,0.0,0.0,INT,,,610.0,,0.0,0.0,0.0,0
669554,0.0,0.0,0.0,0.0,0.0,0.0,udp,0.0,,cs0,,249.0,,7.0,,Start,1,1,0,74,74,0,74.0,0.0,0.0,0.0,0.0,0,0,0,0.0,,,0.0,0.0,0.0,INT,,,610.0,,0.0,0.0,0.0,0
669583,0.0,0.0,0.0,0.0,0.0,0.0,udp,0.0,,cs0,,249.0,,7.0,,Start,1,1,0,74,74,0,74.0,0.0,0.0,0.0,0.0,0,0,0,0.0,,,0.0,0.0,0.0,INT,,,610.0,,0.0,0.0,0.0,0
669706,0.0,0.0,0.0,0.0,0.0,0.0,udp,0.0,,cs0,,249.0,,7.0,,Start,1,1,0,74,74,0,74.0,0.0,0.0,0.0,0.0,0,0,0,0.0,,,0.0,0.0,0.0,INT,,,610.0,,0.0,0.0,0.0,0
669727,0.0,0.0,0.0,0.0,0.0,0.0,udp,0.0,,cs0,,249.0,,7.0,,Start,1,1,0,74,74,0,74.0,0.0,0.0,0.0,0.0,0,0,0,0.0,,,0.0,0.0,0.0,INT,,,610.0,,0.0,0.0,0.0,0
669755,0.0,0.0,0.0,0.0,0.0,0.0,udp,0.0,,cs0,,249.0,,7.0,,Start,1,1,0,74,74,0,74.0,0.0,0.0,0.0,0.0,0,0,0,0.0,,,0.0,0.0,0.0,INT,,,610.0,,0.0,0.0,0.0,0
669788,0.0,0.0,0.0,0.0,0.0,0.0,udp,0.0,,cs0,,249.0,,7.0,,Start,1,1,0,74,74,0,74.0,0.0,0.0,0.0,0.0,0,0,0,0.0,,,0.0,0.0,0.0,INT,,,610.0,,0.0,0.0,0.0,0
669847,0.0,0.0,0.0,0.0,0.0,0.0,udp,0.0,,cs0,,249.0,,7.0,,Start,1,1,0,74,74,0,74.0,0.0,0.0,0.0,0.0,0,0,0,0.0,,,0.0,0.0,0.0,INT,,,610.0,,0.0,0.0,0.0,0
669866,0.0,0.0,0.0,0.0,0.0,0.0,udp,0.0,,cs0,,249.0,,7.0,,Start,1,1,0,74,74,0,74.0,0.0,0.0,0.0,0.0,0,0,0,0.0,,,0.0,0.0,0.0,INT,,,610.0,,0.0,0.0,0.0,0
670001,0.0,0.0,0.0,0.0,0.0,0.0,udp,0.0,,cs0,,249.0,,7.0,,Start,1,1,0,74,74,0,74.0,0.0,0.0,0.0,0.0,0,0,0,0.0,,,0.0,0.0,0.0,INT,,,610.0,,0.0,0.0,0.0,0
670002,0.0,0.0,0.0,0.0,0.0,0.0,udp,0.0,,cs0,,249.0,,7.0,,Start,1,1,0,74,74,0,74.0,0.0,0.0,0.0,0.0,0,0,0,0.0,,,0.0,0.0,0.0,INT,,,610.0,,0.0,0.0,0.0,0
670024,0.0,0.0,0.0,0.0,0.0,0.0,udp,0.0,,cs0,,249.0,,7.0,,Start,1,1,0,74,74,0,74.0,0.0,0.0,0.0,0.0,0,0,0,0.0,,,0.0,0.0,0.0,INT,,,610.0,,0.0,0.0,0.0,0
670038,0.0,0.0,0.0,0.0,0.0,0.0,udp,0.0,,cs0,,249.0,,7.0,,Start,1,1,0,74,74,0,74.0,0.0,0.0,0.0,0.0,0,0,0,0.0,,,0.0,0.0,0.0,INT,,,610.0,,0.0,0.0,0.0,0
670110,0.0,0.0,0.0,0.0,0.0,0.0,udp,0.0,,cs0,,249.0,,7.0,,Start,1,1,0,74,74,0,74.0,0.0,0.0,0.0,0.0,0,0,0,0.0,,,0.0,0.0,0.0,INT,,,610.0,,0.0,0.0,0.0,0
670167,0.0,0.0,0.0,0.0,0.0,0.0,udp,0.0,,cs0,,249.0,,7.0,,Start,1,1,0,74,74,0,74.0,0.0,0.0,0.0,0.0,0,0,0,0.0,,,0.0,0.0,0.0,INT,,,610.0,,0.0,0.0,0.0,0
670207,0.0,0.0,0.0,0.0,0.0,0.0,udp,0.0,,cs0,,249.0,,7.0,,Start,1,1,0,74,74,0,74.0,0.0,0.0,0.0,0.0,0,0,0,0.0,,,0.0,0.0,0.0,INT,,,610.0,,0.0,0.0,0.0,0
670215,0.0,0.0,0.0,0.0,0.0,0.0,udp,0.0,,cs0,,249.0,,7.0,,Start,1,1,0,74,74,0,74.0,0.0,0.0,0.0,0.0,0,0,0,0.0,,,0.0,0.0,0.0,INT,,,610.0,,0.0,0.0,0.0,0
670271,0.0,0.0,0.0,0.0,0.0,0.0,udp,0.0,,cs0,,249.0,,7.0,,Start,1,1,0,74,74,0,74.0,0.0,0.0,0.0,0.0,0,0,0,0.0,,,0.0,0.0,0.0,INT,,,610.0,,0.0,0.0,0.0,0
670306,0.0,0.0,0.0,0.0,0.0,0.0,udp,0.0,,cs0,,249.0,,7.0,,Start,1,1,0,74,74,0,74.0,0.0,0.0,0.0,0.0,0,0,0,0.0,,,0.0,0.0,0.0,INT,,,610.0,,0.0,0.0,0.0,0
670399,0.0,0.0,0.0,0.0,0.0,0.0,udp,0.0,,cs0,,249.0,,7.0,,Start,1,1,0,74,74,0,74.0,0.0,0.0,0.0,0.0,0,0,0,0.0,,,0.0,0.0,0.0,INT,,,610.0,,0.0,0.0,0.0,0
670428,0.0,0.0,0.0,0.0,0.0,0.0,udp,0.0,,cs0,,249.0,,7.0,,Start,1,1,0,74,74,0,74.0,0.0,0.0,0.0,0.0,0,0,0,0.0,,,0.0,0.0,0.0,INT,,,610.0,,0.0,0.0,0.0,0
670501,0.0,0.0,0.0,0.0,0.0,0.0,udp,0.0,,cs0,,249.0,,7.0,,Start,1,1,0,74,74,0,74.0,0.0,0.0,0.0,0.0,0,0,0,0.0,,,0.0,0.0,0.0,INT,,,610.0,,0.0,0.0,0.0,0
670512,0.0,0.0,0.0,0.0,0.0,0.0,udp,0.0,,cs0,,249.0,,7.0,,Start,1,1,0,74,74,0,74.0,0.0,0.0,0.0,0.0,0,0,0,0.0,,,0.0,0.0,0.0,INT,,,610.0,,0.0,0.0,0.0,0
670529,0.0,0.0,0.0,0.0,0.0,0.0,udp,0.0,,cs0,,249.0,,7.0,,Start,1,1,0,74,74,0,74.0,0.0,0.0,0.0,0.0,0,0,0,0.0,,,0.0,0.0,0.0,INT,,,610.0,,0.0,0.0,0.0,0
670543,0.0,0.0,0.0,0.0,0.0,0.0,udp,0.0,,cs0,,249.0,,7.0,,Start,1,1,0,74,74,0,74.0,0.0,0.0,0.0,0.0,0,0,0,0.0,,,0.0,0.0,0.0,INT,,,610.0,,0.0,0.0,0.0,0
670555,0.0,0.0,0.0,0.0,0.0,0.0,udp,0.0,,cs0,,249.0,,7.0,,Start,1,1,0,74,74,0,74.0,0.0,0.0,0.0,0.0,0,0,0,0.0,,,0.0,0.0,0.0,INT,,,610.0,,0.0,0.0,0.0,0
670613,0.0,0.0,0.0,0.0,0.0,0.0,udp,0.0,,cs0,,249.0,,7.0,,Start,1,1,0,74,74,0,74.0,0.0,0.0,0.0,0.0,0,0,0,0.0,,,0.0,0.0,0.0,INT,,,610.0,,0.0,0.0,0.0,0
670632,0.0,0.0,0.0,0.0,0.0,0.0,udp,0.0,,cs0,,249.0,,7.0,,Start,1,1,0,74,74,0,74.0,0.0,0.0,0.0,0.0,0,0,0,0.0,,,0.0,0.0,0.0,INT,,,610.0,,0.0,0.0,0.0,0
670967,0.0,0.0,0.0,0.0,0.0,0.0,udp,0.0,,cs0,,249.0,,7.0,,Start,1,1,0,74,74,0,74.0,0.0,0.0,0.0,0.0,0,0,0,0.0,,,0.0,0.0,0.0,INT,,,610.0,,0.0,0.0,0.0,0
670987,0.0,0.0,0.0,0.0,0.0,0.0,udp,0.0,,cs0,,249.0,,7.0,,Start,1,1,0,74,74,0,74.0,0.0,0.0,0.0,0.0,0,0,0,0.0,,,0.0,0.0,0.0,INT,,,610.0,,0.0,0.0,0.0,0
671054,0.0,0.0,0.0,0.0,0.0,0.0,udp,0.0,,cs0,,249.0,,7.0,,Start,1,1,0,74,74,0,74.0,0.0,0.0,0.0,0.0,0,0,0,0.0,,,0.0,0.0,0.0,INT,,,610.0,,0.0,0.0,0.0,0
671063,0.0,0.0,0.0,0.0,0.0,0.0,udp,0.0,,cs0,,249.0,,7.0,,Start,1,1,0,74,74,0,74.0,0.0,0.0,0.0,0.0,0,0,0,0.0,,,0.0,0.0,0.0,INT,,,610.0,,0.0,0.0,0.0,0
671091,0.0,0.0,0.0,0.0,0.0,0.0,udp,0.0,,cs0,,249.0,,7.0,,Start,1,1,0,74,74,0,74.0,0.0,0.0,0.0,0.0,0,0,0,0.0,,,0.0,0.0,0.0,INT,,,610.0,,0.0,0.0,0.0,0
671109,0.0,0.0,0.0,0.0,0.0,0.0,udp,0.0,,cs0,,249.0,,7.0,,Start,1,1,0,74,74,0,74.0,0.0,0.0,0.0,0.0,0,0,0,0.0,,,0.0,0.0,0.0,INT,,,610.0,,0.0,0.0,0.0,0
671169,0.0,0.0,0.0,0.0,0.0,0.0,udp,0.0,,cs0,,249.0,,7.0,,Start,1,1,0,74,74,0,74.0,0.0,0.0,0.0,0.0,0,0,0,0.0,,,0.0,0.0,0.0,INT,,,610.0,,0.0,0.0,0.0,0
671209,0.0,0.0,0.0,0.0,0.0,0.0,udp,0.0,,cs0,,249.0,,7.0,,Start,1,1,0,74,74,0,74.0,0.0,0.0,0.0,0.0,0,0,0,0.0,,,0.0,0.0,0.0,INT,,,610.0,,0.0,0.0,0.0,0
671219,0.0,0.0,0.0,0.0,0.0,0.0,udp,0.0,,cs0,,249.0,,7.0,,Start,1,1,0,74,74,0,74.0,0.0,0.0,0.0,0.0,0,0,0,0.0,,,0.0,0.0,0.0,INT,,,610.0,,0.0,0.0,0.0,0
671237,0.0,0.0,0.0,0.0,0.0,0.0,udp,0.0,,cs0,,249.0,,7.0,,Start,1,1,0,74,74,0,74.0,0.0,0.0,0.0,0.0,0,0,0,0.0,,,0.0,0.0,0.0,INT,,,610.0,,0.0,0.0,0.0,0
671243,0.0,0.0,0.0,0.0,0.0,0.0,udp,0.0,,cs0,,249.0,,7.0,,Start,1,1,0,74,74,0,74.0,0.0,0.0,0.0,0.0,0,0,0,0.0,,,0.0,0.0,0.0,INT,,,610.0,,0.0,0.0,0.0,0
671246,0.0,0.0,0.0,0.0,0.0,0.0,udp,0.0,,cs0,,249.0,,7.0,,Start,1,1,0,74,74,0,74.0,0.0,0.0,0.0,0.0,0,0,0,0.0,,,0.0,0.0,0.0,INT,,,610.0,,0.0,0.0,0.0,0
671265,0.0,0.0,0.0,0.0,0.0,0.0,udp,0.0,,cs0,,249.0,,7.0,,Start,1,1,0,74,74,0,74.0,0.0,0.0,0.0,0.0,0,0,0,0.0,,,0.0,0.0,0.0,INT,,,610.0,,0.0,0.0,0.0,0
671308,0.0,0.0,0.0,0.0,0.0,0.0,udp,0.0,,cs0,,249.0,,7.0,,Start,1,1,0,74,74,0,74.0,0.0,0.0,0.0,0.0,0,0,0,0.0,,,0.0,0.0,0.0,INT,,,610.0,,0.0,0.0,0.0,0
671310,0.0,0.0,0.0,0.0,0.0,0.0,udp,0.0,,cs0,,249.0,,7.0,,Start,1,1,0,74,74,0,74.0,0.0,0.0,0.0,0.0,0,0,0,0.0,,,0.0,0.0,0.0,INT,,,610.0,,0.0,0.0,0.0,0
671312,0.0,0.0,0.0,0.0,0.0,0.0,udp,0.0,,cs0,,249.0,,7.0,,Start,1,1,0,74,74,0,74.0,0.0,0.0,0.0,0.0,0,0,0,0.0,,,0.0,0.0,0.0,INT,,,610.0,,0.0,0.0,0.0,0
671342,0.0,0.0,0.0,0.0,0.0,0.0,udp,0.0,,cs0,,249.0,,7.0,,Start,1,1,0,74,74,0,74.0,0.0,0.0,0.0,0.0,0,0,0,0.0,,,0.0,0.0,0.0,INT,,,610.0,,0.0,0.0,0.0,0
671433,0.0,0.0,0.0,0.0,0.0,0.0,udp,0.0,,cs0,,249.0,,7.0,,Start,1,1,0,74,74,0,74.0,0.0,0.0,0.0,0.0,0,0,0,0.0,,,0.0,0.0,0.0,INT,,,610.0,,0.0,0.0,0.0,0
671465,0.0,0.0,0.0,0.0,0.0,0.0,udp,0.0,,cs0,,249.0,,7.0,,Start,1,1,0,74,74,0,74.0,0.0,0.0,0.0,0.0,0,0,0,0.0,,,0.0,0.0,0.0,INT,,,610.0,,0.0,0.0,0.0,0
671537,0.0,0.0,0.0,0.0,0.0,0.0,udp,0.0,,cs0,,249.0,,7.0,,Start,1,1,0,74,74,0,74.0,0.0,0.0,0.0,0.0,0,0,0,0.0,,,0.0,0.0,0.0,INT,,,610.0,,0.0,0.0,0.0,0
671551,0.0,0.0,0.0,0.0,0.0,0.0,udp,0.0,,cs0,,249.0,,7.0,,Start,1,1,0,74,74,0,74.0,0.0,0.0,0.0,0.0,0,0,0,0.0,,,0.0,0.0,0.0,INT,,,610.0,,0.0,0.0,0.0,0
671554,0.0,0.0,0.0,0.0,0.0,0.0,udp,0.0,,cs0,,249.0,,7.0,,Start,1,1,0,74,74,0,74.0,0.0,0.0,0.0,0.0,0,0,0,0.0,,,0.0,0.0,0.0,INT,,,610.0,,0.0,0.0,0.0,0
671611,0.0,0.0,0.0,0.0,0.0,0.0,udp,0.0,,cs0,,249.0,,7.0,,Start,1,1,0,74,74,0,74.0,0.0,0.0,0.0,0.0,0,0,0,0.0,,,0.0,0.0,0.0,INT,,,610.0,,0.0,0.0,0.0,0
671617,0.0,0.0,0.0,0.0,0.0,0.0,udp,0.0,,cs0,,249.0,,7.0,,Start,1,1,0,74,74,0,74.0,0.0,0.0,0.0,0.0,0,0,0,0.0,,,0.0,0.0,0.0,INT,,,610.0,,0.0,0.0,0.0,0
671634,0.0,0.0,0.0,0.0,0.0,0.0,icmp,0.0,,cs0,,58.0,,6.0,,Start,1,1,0,98,98,0,98.0,0.0,0.0,0.0,0.0,0,0,0,0.0,,,0.0,0.0,0.0,ECO,,,,,0.0,0.0,0.0,0
671676,0.001489,0.001489,0.001489,0.001489,0.001489,0.001489,tcp,0.0,0.0,cs0,cs0,64.0,62.0,0.0,2.0,Start,2,1,1,128,74,54,74.0,54.0,0.0,0.0,0.0,0,0,0,0.0,0.0,0.0,671.591675,0.0,0.0,RST,33553920.0,0.0,,,0.0,0.0,0.0,0
671970,0.0,0.0,0.0,0.0,0.0,0.0,udp,0.0,,cs0,,249.0,,7.0,,Start,1,1,0,74,74,0,74.0,0.0,0.0,0.0,0.0,0,0,0,0.0,,,0.0,0.0,0.0,INT,,,610.0,,0.0,0.0,0.0,0
671981,0.0,0.0,0.0,0.0,0.0,0.0,udp,0.0,,cs0,,249.0,,7.0,,Start,1,1,0,74,74,0,74.0,0.0,0.0,0.0,0.0,0,0,0,0.0,,,0.0,0.0,0.0,INT,,,610.0,,0.0,0.0,0.0,0
672080,0.0,0.0,0.0,0.0,0.0,0.0,udp,0.0,,cs0,,249.0,,7.0,,Start,1,1,0,74,74,0,74.0,0.0,0.0,0.0,0.0,0,0,0,0.0,,,0.0,0.0,0.0,INT,,,610.0,,0.0,0.0,0.0,0
672122,0.0,0.0,0.0,0.0,0.0,0.0,udp,0.0,,cs0,,249.0,,7.0,,Start,1,1,0,74,74,0,74.0,0.0,0.0,0.0,0.0,0,0,0,0.0,,,0.0,0.0,0.0,INT,,,610.0,,0.0,0.0,0.0,0
672126,0.0,0.0,0.0,0.0,0.0,0.0,udp,0.0,,cs0,,249.0,,7.0,,Start,1,1,0,74,74,0,74.0,0.0,0.0,0.0,0.0,0,0,0,0.0,,,0.0,0.0,0.0,INT,,,610.0,,0.0,0.0,0.0,0
672149,0.0,0.0,0.0,0.0,0.0,0.0,udp,0.0,,cs0,,249.0,,7.0,,Start,1,1,0,74,74,0,74.0,0.0,0.0,0.0,0.0,0,0,0,0.0,,,0.0,0.0,0.0,INT,,,610.0,,0.0,0.0,0.0,0
672182,0.0,0.0,0.0,0.0,0.0,0.0,udp,0.0,,cs0,,249.0,,7.0,,Start,1,1,0,74,74,0,74.0,0.0,0.0,0.0,0.0,0,0,0,0.0,,,0.0,0.0,0.0,INT,,,610.0,,0.0,0.0,0.0,0
672390,0.0,0.0,0.0,0.0,0.0,0.0,udp,0.0,,cs0,,249.0,,7.0,,Start,1,1,0,74,74,0,74.0,0.0,0.0,0.0,0.0,0,0,0,0.0,,,0.0,0.0,0.0,INT,,,610.0,,0.0,0.0,0.0,0
672402,0.0,0.0,0.0,0.0,0.0,0.0,udp,0.0,,cs0,,249.0,,7.0,,Start,1,1,0,74,74,0,74.0,0.0,0.0,0.0,0.0,0,0,0,0.0,,,0.0,0.0,0.0,INT,,,610.0,,0.0,0.0,0.0,0
672433,0.0,0.0,0.0,0.0,0.0,0.0,udp,0.0,,cs0,,249.0,,7.0,,Start,1,1,0,74,74,0,74.0,0.0,0.0,0.0,0.0,0,0,0,0.0,,,0.0,0.0,0.0,INT,,,610.0,,0.0,0.0,0.0,0
672538,0.0,0.0,0.0,0.0,0.0,0.0,udp,0.0,,cs0,,249.0,,7.0,,Start,1,1,0,74,74,0,74.0,0.0,0.0,0.0,0.0,0,0,0,0.0,,,0.0,0.0,0.0,INT,,,610.0,,0.0,0.0,0.0,0
672578,0.0,0.0,0.0,0.0,0.0,0.0,udp,0.0,,cs0,,249.0,,7.0,,Start,1,1,0,74,74,0,74.0,0.0,0.0,0.0,0.0,0,0,0,0.0,,,0.0,0.0,0.0,INT,,,610.0,,0.0,0.0,0.0,0
672743,0.0,0.0,0.0,0.0,0.0,0.0,udp,0.0,,cs0,,249.0,,7.0,,Start,1,1,0,74,74,0,74.0,0.0,0.0,0.0,0.0,0,0,0,0.0,,,0.0,0.0,0.0,INT,,,610.0,,0.0,0.0,0.0,0
672771,0.0,0.0,0.0,0.0,0.0,0.0,udp,0.0,,cs0,,249.0,,7.0,,Start,1,1,0,74,74,0,74.0,0.0,0.0,0.0,0.0,0,0,0,0.0,,,0.0,0.0,0.0,INT,,,610.0,,0.0,0.0,0.0,0
672855,0.0,0.0,0.0,0.0,0.0,0.0,udp,0.0,,cs0,,249.0,,7.0,,Start,1,1,0,74,74,0,74.0,0.0,0.0,0.0,0.0,0,0,0,0.0,,,0.0,0.0,0.0,INT,,,610.0,,0.0,0.0,0.0,0
672858,0.0,0.0,0.0,0.0,0.0,0.0,udp,0.0,,cs0,,249.0,,7.0,,Start,1,1,0,74,74,0,74.0,0.0,0.0,0.0,0.0,0,0,0,0.0,,,0.0,0.0,0.0,INT,,,610.0,,0.0,0.0,0.0,0
672895,0.0,0.0,0.0,0.0,0.0,0.0,udp,0.0,,cs0,,249.0,,7.0,,Start,1,1,0,74,74,0,74.0,0.0,0.0,0.0,0.0,0,0,0,0.0,,,0.0,0.0,0.0,INT,,,610.0,,0.0,0.0,0.0,0
672911,0.0,0.0,0.0,0.0,0.0,0.0,udp,0.0,,cs0,,249.0,,7.0,,Start,1,1,0,74,74,0,74.0,0.0,0.0,0.0,0.0,0,0,0,0.0,,,0.0,0.0,0.0,INT,,,610.0,,0.0,0.0,0.0,0
672941,0.0,0.0,0.0,0.0,0.0,0.0,udp,0.0,,cs0,,249.0,,7.0,,Start,1,1,0,74,74,0,74.0,0.0,0.0,0.0,0.0,0,0,0,0.0,,,0.0,0.0,0.0,INT,,,610.0,,0.0,0.0,0.0,0
672944,0.0,0.0,0.0,0.0,0.0,0.0,udp,0.0,,cs0,,249.0,,7.0,,Start,1,1,0,74,74,0,74.0,0.0,0.0,0.0,0.0,0,0,0,0.0,,,0.0,0.0,0.0,INT,,,610.0,,0.0,0.0,0.0,0
672969,0.0,0.0,0.0,0.0,0.0,0.0,udp,0.0,,cs0,,249.0,,7.0,,Start,1,1,0,74,74,0,74.0,0.0,0.0,0.0,0.0,0,0,0,0.0,,,0.0,0.0,0.0,INT,,,610.0,,0.0,0.0,0.0,0
673147,0.0,0.0,0.0,0.0,0.0,0.0,udp,0.0,,cs0,,249.0,,7.0,,Start,1,1,0,74,74,0,74.0,0.0,0.0,0.0,0.0,0,0,0,0.0,,,0.0,0.0,0.0,INT,,,610.0,,0.0,0.0,0.0,0
673162,0.0,0.0,0.0,0.0,0.0,0.0,udp,0.0,,cs0,,249.0,,7.0,,Start,1,1,0,74,74,0,74.0,0.0,0.0,0.0,0.0,0,0,0,0.0,,,0.0,0.0,0.0,INT,,,610.0,,0.0,0.0,0.0,0
673171,0.0,0.0,0.0,0.0,0.0,0.0,udp,0.0,,cs0,,249.0,,7.0,,Start,1,1,0,74,74,0,74.0,0.0,0.0,0.0,0.0,0,0,0,0.0,,,0.0,0.0,0.0,INT,,,610.0,,0.0,0.0,0.0,0
673177,0.0,0.0,0.0,0.0,0.0,0.0,icmp,0.0,,cs0,,58.0,,6.0,,Start,1,1,0,98,98,0,98.0,0.0,0.0,0.0,0.0,0,0,0,0.0,,,0.0,0.0,0.0,ECO,,,,,0.0,0.0,0.0,0
673274,0.0,0.0,0.0,0.0,0.0,0.0,udp,0.0,,cs0,,249.0,,7.0,,Start,1,1,0,74,74,0,74.0,0.0,0.0,0.0,0.0,0,0,0,0.0,,,0.0,0.0,0.0,INT,,,610.0,,0.0,0.0,0.0,0
673284,0.0,0.0,0.0,0.0,0.0,0.0,udp,0.0,,cs0,,249.0,,7.0,,Start,1,1,0,74,74,0,74.0,0.0,0.0,0.0,0.0,0,0,0,0.0,,,0.0,0.0,0.0,INT,,,610.0,,0.0,0.0,0.0,0
673297,0.0,0.0,0.0,0.0,0.0,0.0,udp,0.0,,cs0,,249.0,,7.0,,Start,1,1,0,74,74,0,74.0,0.0,0.0,0.0,0.0,0,0,0,0.0,,,0.0,0.0,0.0,INT,,,610.0,,0.0,0.0,0.0,0
673328,0.0,0.0,0.0,0.0,0.0,0.0,udp,0.0,,cs0,,249.0,,7.0,,Start,1,1,0,74,74,0,74.0,0.0,0.0,0.0,0.0,0,0,0,0.0,,,0.0,0.0,0.0,INT,,,610.0,,0.0,0.0,0.0,0
673449,0.0,0.0,0.0,0.0,0.0,0.0,udp,0.0,,cs0,,249.0,,7.0,,Start,1,1,0,74,74,0,74.0,0.0,0.0,0.0,0.0,0,0,0,0.0,,,0.0,0.0,0.0,INT,,,610.0,,0.0,0.0,0.0,0
673476,0.0,0.0,0.0,0.0,0.0,0.0,udp,0.0,,cs0,,249.0,,7.0,,Start,1,1,0,74,74,0,74.0,0.0,0.0,0.0,0.0,0,0,0,0.0,,,0.0,0.0,0.0,INT,,,610.0,,0.0,0.0,0.0,0
673543,0.0,0.0,0.0,0.0,0.0,0.0,udp,0.0,,cs0,,249.0,,7.0,,Start,1,1,0,74,74,0,74.0,0.0,0.0,0.0,0.0,0,0,0,0.0,,,0.0,0.0,0.0,INT,,,610.0,,0.0,0.0,0.0,0
673547,0.0,0.0,0.0,0.0,0.0,0.0,udp,0.0,,cs0,,249.0,,7.0,,Start,1,1,0,74,74,0,74.0,0.0,0.0,0.0,0.0,0,0,0,0.0,,,0.0,0.0,0.0,INT,,,610.0,,0.0,0.0,0.0,0
673568,0.0,0.0,0.0,0.0,0.0,0.0,udp,0.0,,cs0,,249.0,,7.0,,Start,1,1,0,74,74,0,74.0,0.0,0.0,0.0,0.0,0,0,0,0.0,,,0.0,0.0,0.0,INT,,,610.0,,0.0,0.0,0.0,0
673592,0.0,0.0,0.0,0.0,0.0,0.0,udp,0.0,,cs0,,249.0,,7.0,,Start,1,1,0,74,74,0,74.0,0.0,0.0,0.0,0.0,0,0,0,0.0,,,0.0,0.0,0.0,INT,,,610.0,,0.0,0.0,0.0,0
673736,0.0,0.0,0.0,0.0,0.0,0.0,udp,0.0,,cs0,,249.0,,7.0,,Start,1,1,0,74,74,0,74.0,0.0,0.0,0.0,0.0,0,0,0,0.0,,,0.0,0.0,0.0,INT,,,610.0,,0.0,0.0,0.0,0
673750,0.0,0.0,0.0,0.0,0.0,0.0,udp,0.0,,cs0,,249.0,,7.0,,Start,1,1,0,74,74,0,74.0,0.0,0.0,0.0,0.0,0,0,0,0.0,,,0.0,0.0,0.0,INT,,,610.0,,0.0,0.0,0.0,0
673852,0.0,0.0,0.0,0.0,0.0,0.0,udp,0.0,,cs0,,249.0,,7.0,,Start,1,1,0,74,74,0,74.0,0.0,0.0,0.0,0.0,0,0,0,0.0,,,0.0,0.0,0.0,INT,,,610.0,,0.0,0.0,0.0,0
673860,0.0,0.0,0.0,0.0,0.0,0.0,udp,0.0,,cs0,,249.0,,7.0,,Start,1,1,0,74,74,0,74.0,0.0,0.0,0.0,0.0,0,0,0,0.0,,,0.0,0.0,0.0,INT,,,610.0,,0.0,0.0,0.0,0
673911,0.0,0.0,0.0,0.0,0.0,0.0,udp,0.0,,cs0,,249.0,,7.0,,Start,1,1,0,74,74,0,74.0,0.0,0.0,0.0,0.0,0,0,0,0.0,,,0.0,0.0,0.0,INT,,,610.0,,0.0,0.0,0.0,0
673913,0.12209,0.12209,0.12209,0.12209,0.12209,0.12209,udp,0.0,0.0,cs0,cs0,64.0,52.0,0.0,12.0,Status,8,5,3,4709,3208,1501,641.599976,500.333344,233794.75,168203.7813,65590.96094,0,0,0,0.0,,,57.334755,32.762718,16.381359,CON,,,,,0.0,0.0,0.0,0
673970,0.0,0.0,0.0,0.0,0.0,0.0,udp,0.0,,cs0,,249.0,,7.0,,Start,1,1,0,74,74,0,74.0,0.0,0.0,0.0,0.0,0,0,0,0.0,,,0.0,0.0,0.0,INT,,,610.0,,0.0,0.0,0.0,0
673982,0.0,0.0,0.0,0.0,0.0,0.0,udp,0.0,,cs0,,249.0,,7.0,,Start,1,1,0,74,74,0,74.0,0.0,0.0,0.0,0.0,0,0,0,0.0,,,0.0,0.0,0.0,INT,,,610.0,,0.0,0.0,0.0,0
673995,0.0,0.0,0.0,0.0,0.0,0.0,udp,0.0,,cs0,,249.0,,7.0,,Start,1,1,0,74,74,0,74.0,0.0,0.0,0.0,0.0,0,0,0,0.0,,,0.0,0.0,0.0,INT,,,610.0,,0.0,0.0,0.0,0
674014,0.0,0.0,0.0,0.0,0.0,0.0,udp,0.0,,cs0,,249.0,,7.0,,Start,1,1,0,74,74,0,74.0,0.0,0.0,0.0,0.0,0,0,0,0.0,,,0.0,0.0,0.0,INT,,,610.0,,0.0,0.0,0.0,0
674118,0.0,0.0,0.0,0.0,0.0,0.0,udp,0.0,,cs0,,249.0,,7.0,,Start,1,1,0,74,74,0,74.0,0.0,0.0,0.0,0.0,0,0,0,0.0,,,0.0,0.0,0.0,INT,,,610.0,,0.0,0.0,0.0,0
674165,0.0,0.0,0.0,0.0,0.0,0.0,udp,0.0,,cs0,,249.0,,7.0,,Start,1,1,0,74,74,0,74.0,0.0,0.0,0.0,0.0,0,0,0,0.0,,,0.0,0.0,0.0,INT,,,610.0,,0.0,0.0,0.0,0
674174,0.0,0.0,0.0,0.0,0.0,0.0,udp,0.0,,cs0,,249.0,,7.0,,Start,1,1,0,74,74,0,74.0,0.0,0.0,0.0,0.0,0,0,0,0.0,,,0.0,0.0,0.0,INT,,,610.0,,0.0,0.0,0.0,0
674234,0.0,0.0,0.0,0.0,0.0,0.0,udp,0.0,,cs0,,249.0,,7.0,,Start,1,1,0,74,74,0,74.0,0.0,0.0,0.0,0.0,0,0,0,0.0,,,0.0,0.0,0.0,INT,,,610.0,,0.0,0.0,0.0,0
674241,0.0,0.0,0.0,0.0,0.0,0.0,udp,0.0,,cs0,,249.0,,7.0,,Start,1,1,0,74,74,0,74.0,0.0,0.0,0.0,0.0,0,0,0,0.0,,,0.0,0.0,0.0,INT,,,610.0,,0.0,0.0,0.0,0
674253,0.0,0.0,0.0,0.0,0.0,0.0,udp,0.0,,cs0,,249.0,,7.0,,Start,1,1,0,74,74,0,74.0,0.0,0.0,0.0,0.0,0,0,0,0.0,,,0.0,0.0,0.0,INT,,,610.0,,0.0,0.0,0.0,0
674315,0.0,0.0,0.0,0.0,0.0,0.0,udp,0.0,,cs0,,249.0,,7.0,,Start,1,1,0,74,74,0,74.0,0.0,0.0,0.0,0.0,0,0,0,0.0,,,0.0,0.0,0.0,INT,,,610.0,,0.0,0.0,0.0,0
674421,0.0,0.0,0.0,0.0,0.0,0.0,udp,0.0,,cs0,,249.0,,7.0,,Start,1,1,0,74,74,0,74.0,0.0,0.0,0.0,0.0,0,0,0,0.0,,,0.0,0.0,0.0,INT,,,610.0,,0.0,0.0,0.0,0
674423,0.0,0.0,0.0,0.0,0.0,0.0,udp,0.0,,cs0,,249.0,,7.0,,Start,1,1,0,74,74,0,74.0,0.0,0.0,0.0,0.0,0,0,0,0.0,,,0.0,0.0,0.0,INT,,,610.0,,0.0,0.0,0.0,0
674432,0.0,0.0,0.0,0.0,0.0,0.0,udp,0.0,,cs0,,249.0,,7.0,,Start,1,1,0,74,74,0,74.0,0.0,0.0,0.0,0.0,0,0,0,0.0,,,0.0,0.0,0.0,INT,,,610.0,,0.0,0.0,0.0,0
674484,0.0,0.0,0.0,0.0,0.0,0.0,udp,0.0,,cs0,,249.0,,7.0,,Start,1,1,0,74,74,0,74.0,0.0,0.0,0.0,0.0,0,0,0,0.0,,,0.0,0.0,0.0,INT,,,610.0,,0.0,0.0,0.0,0
674580,0.0,0.0,0.0,0.0,0.0,0.0,udp,0.0,,cs0,,249.0,,7.0,,Start,1,1,0,74,74,0,74.0,0.0,0.0,0.0,0.0,0,0,0,0.0,,,0.0,0.0,0.0,INT,,,610.0,,0.0,0.0,0.0,0
674598,0.0,0.0,0.0,0.0,0.0,0.0,udp,0.0,,cs0,,249.0,,7.0,,Start,1,1,0,74,74,0,74.0,0.0,0.0,0.0,0.0,0,0,0,0.0,,,0.0,0.0,0.0,INT,,,610.0,,0.0,0.0,0.0,0
674642,0.0,0.0,0.0,0.0,0.0,0.0,udp,0.0,,cs0,,249.0,,7.0,,Start,1,1,0,74,74,0,74.0,0.0,0.0,0.0,0.0,0,0,0,0.0,,,0.0,0.0,0.0,INT,,,610.0,,0.0,0.0,0.0,0
674670,0.0,0.0,0.0,0.0,0.0,0.0,udp,0.0,,cs0,,249.0,,7.0,,Start,1,1,0,74,74,0,74.0,0.0,0.0,0.0,0.0,0,0,0,0.0,,,0.0,0.0,0.0,INT,,,610.0,,0.0,0.0,0.0,0
674674,0.0,0.0,0.0,0.0,0.0,0.0,udp,0.0,,cs0,,249.0,,7.0,,Start,1,1,0,74,74,0,74.0,0.0,0.0,0.0,0.0,0,0,0,0.0,,,0.0,0.0,0.0,INT,,,610.0,,0.0,0.0,0.0,0
674680,0.0,0.0,0.0,0.0,0.0,0.0,udp,0.0,,cs0,,249.0,,7.0,,Start,1,1,0,74,74,0,74.0,0.0,0.0,0.0,0.0,0,0,0,0.0,,,0.0,0.0,0.0,INT,,,610.0,,0.0,0.0,0.0,0
674693,0.0,0.0,0.0,0.0,0.0,0.0,udp,0.0,,cs0,,249.0,,7.0,,Start,1,1,0,74,74,0,74.0,0.0,0.0,0.0,0.0,0,0,0,0.0,,,0.0,0.0,0.0,INT,,,610.0,,0.0,0.0,0.0,0
674708,0.0,0.0,0.0,0.0,0.0,0.0,udp,0.0,,cs0,,249.0,,7.0,,Start,1,1,0,74,74,0,74.0,0.0,0.0,0.0,0.0,0,0,0,0.0,,,0.0,0.0,0.0,INT,,,610.0,,0.0,0.0,0.0,0
674725,0.0,0.0,0.0,0.0,0.0,0.0,udp,0.0,,cs0,,249.0,,7.0,,Start,1,1,0,74,74,0,74.0,0.0,0.0,0.0,0.0,0,0,0,0.0,,,0.0,0.0,0.0,INT,,,610.0,,0.0,0.0,0.0,0
674764,0.0,0.0,0.0,0.0,0.0,0.0,udp,0.0,,cs0,,249.0,,7.0,,Start,1,1,0,74,74,0,74.0,0.0,0.0,0.0,0.0,0,0,0,0.0,,,0.0,0.0,0.0,INT,,,610.0,,0.0,0.0,0.0,0
674771,0.0,0.0,0.0,0.0,0.0,0.0,udp,0.0,,cs0,,249.0,,7.0,,Start,1,1,0,74,74,0,74.0,0.0,0.0,0.0,0.0,0,0,0,0.0,,,0.0,0.0,0.0,INT,,,610.0,,0.0,0.0,0.0,0
674802,0.0,0.0,0.0,0.0,0.0,0.0,udp,0.0,,cs0,,249.0,,7.0,,Start,1,1,0,74,74,0,74.0,0.0,0.0,0.0,0.0,0,0,0,0.0,,,0.0,0.0,0.0,INT,,,610.0,,0.0,0.0,0.0,0
674835,0.0,0.0,0.0,0.0,0.0,0.0,udp,0.0,,cs0,,249.0,,7.0,,Start,1,1,0,74,74,0,74.0,0.0,0.0,0.0,0.0,0,0,0,0.0,,,0.0,0.0,0.0,INT,,,610.0,,0.0,0.0,0.0,0
674847,0.0,0.0,0.0,0.0,0.0,0.0,udp,0.0,,cs0,,249.0,,7.0,,Start,1,1,0,74,74,0,74.0,0.0,0.0,0.0,0.0,0,0,0,0.0,,,0.0,0.0,0.0,INT,,,610.0,,0.0,0.0,0.0,0
674869,0.0,0.0,0.0,0.0,0.0,0.0,icmp,0.0,,cs0,,58.0,,6.0,,Start,1,1,0,98,98,0,98.0,0.0,0.0,0.0,0.0,0,0,0,0.0,,,0.0,0.0,0.0,ECO,,,,,0.0,0.0,0.0,0
674967,4.8791,4.8791,4.8791,4.8791,4.8791,4.8791,tcp,0.0,0.0,cs0,cs0,64.0,117.0,0.0,11.0,Status,53,19,34,46158,3086,43072,162.421051,1266.823486,73341.39844,4794.327148,68547.07031,0,0,0,0.0,0.0,0.0,10.657703,3.689205,6.763543,CON,895488.0,94208.0,,,0.035855,0.020815,0.01504,0
674983,0.0,0.0,0.0,0.0,0.0,0.0,udp,0.0,,cs0,,249.0,,7.0,,Start,1,1,0,74,74,0,74.0,0.0,0.0,0.0,0.0,0,0,0,0.0,,,0.0,0.0,0.0,INT,,,610.0,,0.0,0.0,0.0,0
674985,0.0,0.0,0.0,0.0,0.0,0.0,udp,0.0,,cs0,,249.0,,7.0,,Start,1,1,0,74,74,0,74.0,0.0,0.0,0.0,0.0,0,0,0,0.0,,,0.0,0.0,0.0,INT,,,610.0,,0.0,0.0,0.0,0
675092,0.0,0.0,0.0,0.0,0.0,0.0,udp,0.0,,cs0,,249.0,,7.0,,Start,1,1,0,74,74,0,74.0,0.0,0.0,0.0,0.0,0,0,0,0.0,,,0.0,0.0,0.0,INT,,,610.0,,0.0,0.0,0.0,0
675140,0.0,0.0,0.0,0.0,0.0,0.0,udp,0.0,,cs0,,249.0,,7.0,,Start,1,1,0,74,74,0,74.0,0.0,0.0,0.0,0.0,0,0,0,0.0,,,0.0,0.0,0.0,INT,,,610.0,,0.0,0.0,0.0,0
675159,0.0,0.0,0.0,0.0,0.0,0.0,udp,0.0,,cs0,,249.0,,7.0,,Start,1,1,0,74,74,0,74.0,0.0,0.0,0.0,0.0,0,0,0,0.0,,,0.0,0.0,0.0,INT,,,610.0,,0.0,0.0,0.0,0
675160,0.0,0.0,0.0,0.0,0.0,0.0,udp,0.0,,cs0,,249.0,,7.0,,Start,1,1,0,74,74,0,74.0,0.0,0.0,0.0,0.0,0,0,0,0.0,,,0.0,0.0,0.0,INT,,,610.0,,0.0,0.0,0.0,0
675345,0.0,0.0,0.0,0.0,0.0,0.0,udp,0.0,,cs0,,249.0,,7.0,,Start,1,1,0,74,74,0,74.0,0.0,0.0,0.0,0.0,0,0,0,0.0,,,0.0,0.0,0.0,INT,,,610.0,,0.0,0.0,0.0,0
675452,0.0,0.0,0.0,0.0,0.0,0.0,udp,0.0,,cs0,,249.0,,7.0,,Start,1,1,0,74,74,0,74.0,0.0,0.0,0.0,0.0,0,0,0,0.0,,,0.0,0.0,0.0,INT,,,610.0,,0.0,0.0,0.0,0
675476,0.0,0.0,0.0,0.0,0.0,0.0,udp,0.0,,cs0,,249.0,,7.0,,Start,1,1,0,74,74,0,74.0,0.0,0.0,0.0,0.0,0,0,0,0.0,,,0.0,0.0,0.0,INT,,,610.0,,0.0,0.0,0.0,0
675502,0.0,0.0,0.0,0.0,0.0,0.0,udp,0.0,,cs0,,249.0,,7.0,,Start,1,1,0,74,74,0,74.0,0.0,0.0,0.0,0.0,0,0,0,0.0,,,0.0,0.0,0.0,INT,,,610.0,,0.0,0.0,0.0,0
675509,0.0,0.0,0.0,0.0,0.0,0.0,udp,0.0,,cs0,,249.0,,7.0,,Start,1,1,0,74,74,0,74.0,0.0,0.0,0.0,0.0,0,0,0,0.0,,,0.0,0.0,0.0,INT,,,610.0,,0.0,0.0,0.0,0
675634,0.0,0.0,0.0,0.0,0.0,0.0,udp,0.0,,cs0,,249.0,,7.0,,Start,1,1,0,74,74,0,74.0,0.0,0.0,0.0,0.0,0,0,0,0.0,,,0.0,0.0,0.0,INT,,,610.0,,0.0,0.0,0.0,0
675649,0.0,0.0,0.0,0.0,0.0,0.0,udp,0.0,,cs0,,249.0,,7.0,,Start,1,1,0,74,74,0,74.0,0.0,0.0,0.0,0.0,0,0,0,0.0,,,0.0,0.0,0.0,INT,,,610.0,,0.0,0.0,0.0,0
675653,0.0,0.0,0.0,0.0,0.0,0.0,udp,0.0,,cs0,,249.0,,7.0,,Start,1,1,0,74,74,0,74.0,0.0,0.0,0.0,0.0,0,0,0,0.0,,,0.0,0.0,0.0,INT,,,610.0,,0.0,0.0,0.0,0
675683,0.0,0.0,0.0,0.0,0.0,0.0,udp,0.0,,cs0,,249.0,,7.0,,Start,1,1,0,74,74,0,74.0,0.0,0.0,0.0,0.0,0,0,0,0.0,,,0.0,0.0,0.0,INT,,,610.0,,0.0,0.0,0.0,0
675725,0.0,0.0,0.0,0.0,0.0,0.0,udp,0.0,,cs0,,249.0,,7.0,,Start,1,1,0,74,74,0,74.0,0.0,0.0,0.0,0.0,0,0,0,0.0,,,0.0,0.0,0.0,INT,,,610.0,,0.0,0.0,0.0,0
675879,0.0,0.0,0.0,0.0,0.0,0.0,udp,0.0,,cs0,,249.0,,7.0,,Start,1,1,0,74,74,0,74.0,0.0,0.0,0.0,0.0,0,0,0,0.0,,,0.0,0.0,0.0,INT,,,610.0,,0.0,0.0,0.0,0
675901,0.0,0.0,0.0,0.0,0.0,0.0,udp,0.0,,cs0,,249.0,,7.0,,Start,1,1,0,74,74,0,74.0,0.0,0.0,0.0,0.0,0,0,0,0.0,,,0.0,0.0,0.0,INT,,,610.0,,0.0,0.0,0.0,0
675908,0.0,0.0,0.0,0.0,0.0,0.0,udp,0.0,,cs0,,249.0,,7.0,,Start,1,1,0,74,74,0,74.0,0.0,0.0,0.0,0.0,0,0,0,0.0,,,0.0,0.0,0.0,INT,,,610.0,,0.0,0.0,0.0,0
675913,0.0,0.0,0.0,0.0,0.0,0.0,udp,0.0,,cs0,,249.0,,7.0,,Start,1,1,0,73,73,0,73.0,0.0,0.0,0.0,0.0,0,0,0,0.0,,,0.0,0.0,0.0,INT,,,610.0,,0.0,0.0,0.0,0
675941,0.0,0.0,0.0,0.0,0.0,0.0,udp,0.0,,cs0,,249.0,,7.0,,Start,1,1,0,74,74,0,74.0,0.0,0.0,0.0,0.0,0,0,0,0.0,,,0.0,0.0,0.0,INT,,,610.0,,0.0,0.0,0.0,0
675972,0.0,0.0,0.0,0.0,0.0,0.0,udp,0.0,,cs0,,249.0,,7.0,,Start,1,1,0,74,74,0,74.0,0.0,0.0,0.0,0.0,0,0,0,0.0,,,0.0,0.0,0.0,INT,,,610.0,,0.0,0.0,0.0,0
675999,0.0,0.0,0.0,0.0,0.0,0.0,udp,0.0,,cs0,,249.0,,7.0,,Start,1,1,0,74,74,0,74.0,0.0,0.0,0.0,0.0,0,0,0,0.0,,,0.0,0.0,0.0,INT,,,610.0,,0.0,0.0,0.0,0
676001,0.0,0.0,0.0,0.0,0.0,0.0,udp,0.0,,cs0,,249.0,,7.0,,Start,1,1,0,74,74,0,74.0,0.0,0.0,0.0,0.0,0,0,0,0.0,,,0.0,0.0,0.0,INT,,,610.0,,0.0,0.0,0.0,0
676064,0.0,0.0,0.0,0.0,0.0,0.0,udp,0.0,,cs0,,249.0,,7.0,,Start,1,1,0,74,74,0,74.0,0.0,0.0,0.0,0.0,0,0,0,0.0,,,0.0,0.0,0.0,INT,,,610.0,,0.0,0.0,0.0,0
676120,0.0,0.0,0.0,0.0,0.0,0.0,udp,0.0,,cs0,,249.0,,7.0,,Start,1,1,0,74,74,0,74.0,0.0,0.0,0.0,0.0,0,0,0,0.0,,,0.0,0.0,0.0,INT,,,610.0,,0.0,0.0,0.0,0
676130,0.0,0.0,0.0,0.0,0.0,0.0,udp,0.0,,cs0,,249.0,,7.0,,Start,1,1,0,74,74,0,74.0,0.0,0.0,0.0,0.0,0,0,0,0.0,,,0.0,0.0,0.0,INT,,,610.0,,0.0,0.0,0.0,0
676180,0.0,0.0,0.0,0.0,0.0,0.0,udp,0.0,,cs0,,249.0,,7.0,,Start,1,1,0,74,74,0,74.0,0.0,0.0,0.0,0.0,0,0,0,0.0,,,0.0,0.0,0.0,INT,,,610.0,,0.0,0.0,0.0,0
676246,0.0,0.0,0.0,0.0,0.0,0.0,udp,0.0,,cs0,,249.0,,7.0,,Start,1,1,0,74,74,0,74.0,0.0,0.0,0.0,0.0,0,0,0,0.0,,,0.0,0.0,0.0,INT,,,610.0,,0.0,0.0,0.0,0
676261,0.0,0.0,0.0,0.0,0.0,0.0,udp,0.0,,cs0,,249.0,,7.0,,Start,1,1,0,74,74,0,74.0,0.0,0.0,0.0,0.0,0,0,0,0.0,,,0.0,0.0,0.0,INT,,,610.0,,0.0,0.0,0.0,0
676288,0.0,0.0,0.0,0.0,0.0,0.0,udp,0.0,,cs0,,249.0,,7.0,,Start,1,1,0,74,74,0,74.0,0.0,0.0,0.0,0.0,0,0,0,0.0,,,0.0,0.0,0.0,INT,,,610.0,,0.0,0.0,0.0,0
676317,0.0,0.0,0.0,0.0,0.0,0.0,udp,0.0,,cs0,,249.0,,7.0,,Start,1,1,0,74,74,0,74.0,0.0,0.0,0.0,0.0,0,0,0,0.0,,,0.0,0.0,0.0,INT,,,610.0,,0.0,0.0,0.0,0
676320,0.0,0.0,0.0,0.0,0.0,0.0,udp,0.0,,cs0,,249.0,,7.0,,Start,1,1,0,74,74,0,74.0,0.0,0.0,0.0,0.0,0,0,0,0.0,,,0.0,0.0,0.0,INT,,,610.0,,0.0,0.0,0.0,0
676375,0.0,0.0,0.0,0.0,0.0,0.0,udp,0.0,,cs0,,249.0,,7.0,,Start,1,1,0,74,74,0,74.0,0.0,0.0,0.0,0.0,0,0,0,0.0,,,0.0,0.0,0.0,INT,,,610.0,,0.0,0.0,0.0,0
676393,0.0,0.0,0.0,0.0,0.0,0.0,udp,0.0,,cs0,,249.0,,7.0,,Start,1,1,0,74,74,0,74.0,0.0,0.0,0.0,0.0,0,0,0,0.0,,,0.0,0.0,0.0,INT,,,610.0,,0.0,0.0,0.0,0
676562,0.060756,0.060756,0.060756,0.060756,0.060756,0.060756,icmp,0.0,0.0,cs0,cs0,58.0,64.0,6.0,0.0,Start,2,1,1,196,98,98,98.0,98.0,0.0,0.0,0.0,0,0,0,0.0,,,16.45928,0.0,0.0,ECO,,,,,0.0,0.0,0.0,0
676593,0.0,0.0,0.0,0.0,0.0,0.0,udp,0.0,,cs0,,249.0,,7.0,,Start,1,1,0,74,74,0,74.0,0.0,0.0,0.0,0.0,0,0,0,0.0,,,0.0,0.0,0.0,INT,,,610.0,,0.0,0.0,0.0,0
676630,4.9519,4.9519,4.9519,4.9519,4.9519,4.9519,tcp,0.0,0.0,cs0,cs0,64.0,117.0,0.0,11.0,Status,317,51,266,394350,5174,389176,101.450981,1463.067627,634562.0625,8195.641602,626366.4375,0,0,0,0.0,0.0,0.0,63.813889,10.097135,53.514812,CON,962048.0,141312.0,,,0.034987,0.020863,0.014124,0
676663,0.0,0.0,0.0,0.0,0.0,0.0,udp,0.0,,cs0,,249.0,,7.0,,Start,1,1,0,74,74,0,74.0,0.0,0.0,0.0,0.0,0,0,0,0.0,,,0.0,0.0,0.0,INT,,,610.0,,0.0,0.0,0.0,0
676709,0.0,0.0,0.0,0.0,0.0,0.0,udp,0.0,,cs0,,249.0,,7.0,,Start,1,1,0,74,74,0,74.0,0.0,0.0,0.0,0.0,0,0,0,0.0,,,0.0,0.0,0.0,INT,,,610.0,,0.0,0.0,0.0,0
676766,0.0,0.0,0.0,0.0,0.0,0.0,udp,0.0,,cs0,,249.0,,7.0,,Start,1,1,0,74,74,0,74.0,0.0,0.0,0.0,0.0,0,0,0,0.0,,,0.0,0.0,0.0,INT,,,610.0,,0.0,0.0,0.0,0
676771,0.0,0.0,0.0,0.0,0.0,0.0,udp,0.0,,cs0,,249.0,,7.0,,Start,1,1,0,74,74,0,74.0,0.0,0.0,0.0,0.0,0,0,0,0.0,,,0.0,0.0,0.0,INT,,,610.0,,0.0,0.0,0.0,0
676783,0.0,0.0,0.0,0.0,0.0,0.0,udp,0.0,,cs0,,249.0,,7.0,,Start,1,1,0,74,74,0,74.0,0.0,0.0,0.0,0.0,0,0,0,0.0,,,0.0,0.0,0.0,INT,,,610.0,,0.0,0.0,0.0,0
676817,0.0,0.0,0.0,0.0,0.0,0.0,udp,0.0,,cs0,,249.0,,7.0,,Start,1,1,0,74,74,0,74.0,0.0,0.0,0.0,0.0,0,0,0,0.0,,,0.0,0.0,0.0,INT,,,610.0,,0.0,0.0,0.0,0
676820,0.0,0.0,0.0,0.0,0.0,0.0,udp,0.0,,cs0,,249.0,,7.0,,Start,1,1,0,74,74,0,74.0,0.0,0.0,0.0,0.0,0,0,0,0.0,,,0.0,0.0,0.0,INT,,,610.0,,0.0,0.0,0.0,0
676843,0.0,0.0,0.0,0.0,0.0,0.0,udp,0.0,,cs0,,249.0,,7.0,,Start,1,1,0,74,74,0,74.0,0.0,0.0,0.0,0.0,0,0,0,0.0,,,0.0,0.0,0.0,INT,,,610.0,,0.0,0.0,0.0,0
676881,0.0,0.0,0.0,0.0,0.0,0.0,udp,0.0,,cs0,,249.0,,7.0,,Start,1,1,0,74,74,0,74.0,0.0,0.0,0.0,0.0,0,0,0,0.0,,,0.0,0.0,0.0,INT,,,610.0,,0.0,0.0,0.0,0
676962,0.0,0.0,0.0,0.0,0.0,0.0,udp,0.0,,cs0,,249.0,,7.0,,Start,1,1,0,74,74,0,74.0,0.0,0.0,0.0,0.0,0,0,0,0.0,,,0.0,0.0,0.0,INT,,,610.0,,0.0,0.0,0.0,0
676990,0.0,0.0,0.0,0.0,0.0,0.0,udp,0.0,,cs0,,249.0,,7.0,,Start,1,1,0,74,74,0,74.0,0.0,0.0,0.0,0.0,0,0,0,0.0,,,0.0,0.0,0.0,INT,,,610.0,,0.0,0.0,0.0,0
677025,0.0,0.0,0.0,0.0,0.0,0.0,udp,0.0,,cs0,,249.0,,7.0,,Start,1,1,0,74,74,0,74.0,0.0,0.0,0.0,0.0,0,0,0,0.0,,,0.0,0.0,0.0,INT,,,610.0,,0.0,0.0,0.0,0
677063,0.0,0.0,0.0,0.0,0.0,0.0,udp,0.0,,cs0,,249.0,,7.0,,Start,1,1,0,74,74,0,74.0,0.0,0.0,0.0,0.0,0,0,0,0.0,,,0.0,0.0,0.0,INT,,,610.0,,0.0,0.0,0.0,0
677127,0.0,0.0,0.0,0.0,0.0,0.0,udp,0.0,,cs0,,249.0,,7.0,,Start,1,1,0,74,74,0,74.0,0.0,0.0,0.0,0.0,0,0,0,0.0,,,0.0,0.0,0.0,INT,,,610.0,,0.0,0.0,0.0,0
677162,0.0,0.0,0.0,0.0,0.0,0.0,udp,0.0,,cs0,,249.0,,7.0,,Start,1,1,0,74,74,0,74.0,0.0,0.0,0.0,0.0,0,0,0,0.0,,,0.0,0.0,0.0,INT,,,610.0,,0.0,0.0,0.0,0
677176,0.0,0.0,0.0,0.0,0.0,0.0,udp,0.0,,cs0,,249.0,,7.0,,Start,1,1,0,74,74,0,74.0,0.0,0.0,0.0,0.0,0,0,0,0.0,,,0.0,0.0,0.0,INT,,,610.0,,0.0,0.0,0.0,0
677201,0.0,0.0,0.0,0.0,0.0,0.0,udp,0.0,,cs0,,249.0,,7.0,,Start,1,1,0,74,74,0,74.0,0.0,0.0,0.0,0.0,0,0,0,0.0,,,0.0,0.0,0.0,INT,,,610.0,,0.0,0.0,0.0,0
677230,0.0,0.0,0.0,0.0,0.0,0.0,udp,0.0,,cs0,,249.0,,7.0,,Start,1,1,0,74,74,0,74.0,0.0,0.0,0.0,0.0,0,0,0,0.0,,,0.0,0.0,0.0,INT,,,610.0,,0.0,0.0,0.0,0
677280,0.0,0.0,0.0,0.0,0.0,0.0,udp,0.0,,cs0,,249.0,,7.0,,Start,1,1,0,74,74,0,74.0,0.0,0.0,0.0,0.0,0,0,0,0.0,,,0.0,0.0,0.0,INT,,,610.0,,0.0,0.0,0.0,0
677301,0.0,0.0,0.0,0.0,0.0,0.0,udp,0.0,,cs0,,249.0,,7.0,,Start,1,1,0,74,74,0,74.0,0.0,0.0,0.0,0.0,0,0,0,0.0,,,0.0,0.0,0.0,INT,,,610.0,,0.0,0.0,0.0,0
677343,0.0,0.0,0.0,0.0,0.0,0.0,udp,0.0,,cs0,,249.0,,7.0,,Start,1,1,0,74,74,0,74.0,0.0,0.0,0.0,0.0,0,0,0,0.0,,,0.0,0.0,0.0,INT,,,610.0,,0.0,0.0,0.0,0
677377,0.0,0.0,0.0,0.0,0.0,0.0,udp,0.0,,cs0,,249.0,,7.0,,Start,1,1,0,74,74,0,74.0,0.0,0.0,0.0,0.0,0,0,0,0.0,,,0.0,0.0,0.0,INT,,,610.0,,0.0,0.0,0.0,0
677389,0.0,0.0,0.0,0.0,0.0,0.0,udp,0.0,,cs0,,249.0,,7.0,,Start,1,1,0,74,74,0,74.0,0.0,0.0,0.0,0.0,0,0,0,0.0,,,0.0,0.0,0.0,INT,,,610.0,,0.0,0.0,0.0,0
677435,0.0,0.0,0.0,0.0,0.0,0.0,udp,0.0,,cs0,,249.0,,7.0,,Start,1,1,0,74,74,0,74.0,0.0,0.0,0.0,0.0,0,0,0,0.0,,,0.0,0.0,0.0,INT,,,610.0,,0.0,0.0,0.0,0
677454,0.087918,0.087918,0.087918,0.087918,0.087918,0.087918,icmp,0.0,0.0,cs0,cs0,58.0,64.0,6.0,0.0,Start,2,1,1,196,98,98,98.0,98.0,0.0,0.0,0.0,0,0,0,0.0,,,11.374235,0.0,0.0,ECO,,,,,0.0,0.0,0.0,0
677529,0.0,0.0,0.0,0.0,0.0,0.0,udp,0.0,,cs0,,249.0,,7.0,,Start,1,1,0,74,74,0,74.0,0.0,0.0,0.0,0.0,0,0,0,0.0,,,0.0,0.0,0.0,INT,,,610.0,,0.0,0.0,0.0,0
677543,0.0,0.0,0.0,0.0,0.0,0.0,udp,0.0,,cs0,,249.0,,7.0,,Start,1,1,0,74,74,0,74.0,0.0,0.0,0.0,0.0,0,0,0,0.0,,,0.0,0.0,0.0,INT,,,610.0,,0.0,0.0,0.0,0
677691,0.0,0.0,0.0,0.0,0.0,0.0,udp,0.0,,cs0,,249.0,,7.0,,Start,1,1,0,74,74,0,74.0,0.0,0.0,0.0,0.0,0,0,0,0.0,,,0.0,0.0,0.0,INT,,,610.0,,0.0,0.0,0.0,0
677706,0.0,0.0,0.0,0.0,0.0,0.0,udp,0.0,,cs0,,249.0,,7.0,,Start,1,1,0,74,74,0,74.0,0.0,0.0,0.0,0.0,0,0,0,0.0,,,0.0,0.0,0.0,INT,,,610.0,,0.0,0.0,0.0,0
677754,0.0,0.0,0.0,0.0,0.0,0.0,udp,0.0,,cs0,,249.0,,7.0,,Start,1,1,0,74,74,0,74.0,0.0,0.0,0.0,0.0,0,0,0,0.0,,,0.0,0.0,0.0,INT,,,610.0,,0.0,0.0,0.0,0
677815,0.0,0.0,0.0,0.0,0.0,0.0,udp,0.0,,cs0,,249.0,,7.0,,Start,1,1,0,74,74,0,74.0,0.0,0.0,0.0,0.0,0,0,0,0.0,,,0.0,0.0,0.0,INT,,,610.0,,0.0,0.0,0.0,0
677872,0.0,0.0,0.0,0.0,0.0,0.0,udp,0.0,,cs0,,249.0,,7.0,,Start,1,1,0,74,74,0,74.0,0.0,0.0,0.0,0.0,0,0,0,0.0,,,0.0,0.0,0.0,INT,,,610.0,,0.0,0.0,0.0,0
677912,0.0,0.0,0.0,0.0,0.0,0.0,udp,0.0,,cs0,,249.0,,7.0,,Start,1,1,0,74,74,0,74.0,0.0,0.0,0.0,0.0,0,0,0,0.0,,,0.0,0.0,0.0,INT,,,610.0,,0.0,0.0,0.0,0
677913,0.0,0.0,0.0,0.0,0.0,0.0,udp,0.0,,cs0,,249.0,,7.0,,Start,1,1,0,74,74,0,74.0,0.0,0.0,0.0,0.0,0,0,0,0.0,,,0.0,0.0,0.0,INT,,,610.0,,0.0,0.0,0.0,0
678001,0.0,0.0,0.0,0.0,0.0,0.0,udp,0.0,,cs0,,249.0,,7.0,,Start,1,1,0,74,74,0,74.0,0.0,0.0,0.0,0.0,0,0,0,0.0,,,0.0,0.0,0.0,INT,,,610.0,,0.0,0.0,0.0,0
678028,0.0,0.0,0.0,0.0,0.0,0.0,udp,0.0,,cs0,,249.0,,7.0,,Start,1,1,0,74,74,0,74.0,0.0,0.0,0.0,0.0,0,0,0,0.0,,,0.0,0.0,0.0,INT,,,610.0,,0.0,0.0,0.0,0
678060,0.0,0.0,0.0,0.0,0.0,0.0,udp,0.0,,cs0,,249.0,,7.0,,Start,1,1,0,74,74,0,74.0,0.0,0.0,0.0,0.0,0,0,0,0.0,,,0.0,0.0,0.0,INT,,,610.0,,0.0,0.0,0.0,0
678150,0.0,0.0,0.0,0.0,0.0,0.0,udp,0.0,,cs0,,249.0,,7.0,,Start,1,1,0,74,74,0,74.0,0.0,0.0,0.0,0.0,0,0,0,0.0,,,0.0,0.0,0.0,INT,,,610.0,,0.0,0.0,0.0,0
678198,0.0,0.0,0.0,0.0,0.0,0.0,udp,0.0,,cs0,,249.0,,7.0,,Start,1,1,0,74,74,0,74.0,0.0,0.0,0.0,0.0,0,0,0,0.0,,,0.0,0.0,0.0,INT,,,610.0,,0.0,0.0,0.0,0
678214,0.0,0.0,0.0,0.0,0.0,0.0,udp,0.0,,cs0,,249.0,,7.0,,Start,1,1,0,74,74,0,74.0,0.0,0.0,0.0,0.0,0,0,0,0.0,,,0.0,0.0,0.0,INT,,,610.0,,0.0,0.0,0.0,0
678261,0.0,0.0,0.0,0.0,0.0,0.0,udp,0.0,,cs0,,249.0,,7.0,,Start,1,1,0,74,74,0,74.0,0.0,0.0,0.0,0.0,0,0,0,0.0,,,0.0,0.0,0.0,INT,,,610.0,,0.0,0.0,0.0,0
678292,0.0,0.0,0.0,0.0,0.0,0.0,udp,0.0,,cs0,,249.0,,7.0,,Start,1,1,0,74,74,0,74.0,0.0,0.0,0.0,0.0,0,0,0,0.0,,,0.0,0.0,0.0,INT,,,610.0,,0.0,0.0,0.0,0
678338,0.0,0.0,0.0,0.0,0.0,0.0,udp,0.0,,cs0,,249.0,,7.0,,Start,1,1,0,74,74,0,74.0,0.0,0.0,0.0,0.0,0,0,0,0.0,,,0.0,0.0,0.0,INT,,,610.0,,0.0,0.0,0.0,0
678353,0.0,0.0,0.0,0.0,0.0,0.0,udp,0.0,,cs0,,249.0,,7.0,,Start,1,1,0,74,74,0,74.0,0.0,0.0,0.0,0.0,0,0,0,0.0,,,0.0,0.0,0.0,INT,,,610.0,,0.0,0.0,0.0,0
678396,0.0,0.0,0.0,0.0,0.0,0.0,udp,0.0,,cs0,,249.0,,7.0,,Start,1,1,0,74,74,0,74.0,0.0,0.0,0.0,0.0,0,0,0,0.0,,,0.0,0.0,0.0,INT,,,610.0,,0.0,0.0,0.0,0
678399,0.0,0.0,0.0,0.0,0.0,0.0,udp,0.0,,cs0,,249.0,,7.0,,Start,1,1,0,74,74,0,74.0,0.0,0.0,0.0,0.0,0,0,0,0.0,,,0.0,0.0,0.0,INT,,,610.0,,0.0,0.0,0.0,0
678413,0.0,0.0,0.0,0.0,0.0,0.0,tcp,0.0,,cs0,,117.0,,11.0,,Status,1,1,0,74,74,0,74.0,0.0,0.0,0.0,0.0,1,1,0,50.0,0.0,0.0,0.0,0.0,0.0,ACC,16776960.0,,,,0.0,0.0,0.0,0
678457,0.0,0.0,0.0,0.0,0.0,0.0,udp,0.0,,cs0,,249.0,,7.0,,Start,1,1,0,74,74,0,74.0,0.0,0.0,0.0,0.0,0,0,0,0.0,,,0.0,0.0,0.0,INT,,,610.0,,0.0,0.0,0.0,0
678478,0.0,0.0,0.0,0.0,0.0,0.0,udp,0.0,,cs0,,249.0,,7.0,,Start,1,1,0,74,74,0,74.0,0.0,0.0,0.0,0.0,0,0,0,0.0,,,0.0,0.0,0.0,INT,,,610.0,,0.0,0.0,0.0,0
678517,0.0,0.0,0.0,0.0,0.0,0.0,udp,0.0,,cs0,,249.0,,7.0,,Start,1,1,0,74,74,0,74.0,0.0,0.0,0.0,0.0,0,0,0,0.0,,,0.0,0.0,0.0,INT,,,610.0,,0.0,0.0,0.0,0
678561,0.0,0.0,0.0,0.0,0.0,0.0,udp,0.0,,cs0,,249.0,,7.0,,Start,1,1,0,74,74,0,74.0,0.0,0.0,0.0,0.0,0,0,0,0.0,,,0.0,0.0,0.0,INT,,,610.0,,0.0,0.0,0.0,0
678577,0.0,0.0,0.0,0.0,0.0,0.0,udp,0.0,,cs0,,249.0,,7.0,,Start,1,1,0,74,74,0,74.0,0.0,0.0,0.0,0.0,0,0,0,0.0,,,0.0,0.0,0.0,INT,,,610.0,,0.0,0.0,0.0,0
678583,0.0,0.0,0.0,0.0,0.0,0.0,udp,0.0,,cs0,,249.0,,7.0,,Start,1,1,0,74,74,0,74.0,0.0,0.0,0.0,0.0,0,0,0,0.0,,,0.0,0.0,0.0,INT,,,610.0,,0.0,0.0,0.0,0
678607,0.0,0.0,0.0,0.0,0.0,0.0,icmp,0.0,,cs0,,58.0,,6.0,,Start,1,1,0,98,98,0,98.0,0.0,0.0,0.0,0.0,0,0,0,0.0,,,0.0,0.0,0.0,ECO,,,,,0.0,0.0,0.0,0
678652,0.0,0.0,0.0,0.0,0.0,0.0,udp,0.0,,cs0,,249.0,,7.0,,Start,1,1,0,74,74,0,74.0,0.0,0.0,0.0,0.0,0,0,0,0.0,,,0.0,0.0,0.0,INT,,,610.0,,0.0,0.0,0.0,0
678675,0.0,0.0,0.0,0.0,0.0,0.0,udp,0.0,,cs0,,249.0,,7.0,,Start,1,1,0,74,74,0,74.0,0.0,0.0,0.0,0.0,0,0,0,0.0,,,0.0,0.0,0.0,INT,,,610.0,,0.0,0.0,0.0,0
678827,0.0,0.0,0.0,0.0,0.0,0.0,tcp,0.0,0.0,cs0,cs0,64.0,48.0,0.0,16.0,Status,2,1,1,132,66,66,66.0,66.0,0.0,0.0,0.0,0,0,0,0.0,0.0,0.0,0.0,0.0,0.0,CON,109056.0,42496.0,,,0.082037,0.066169,0.015868,0
678836,0.0,0.0,0.0,0.0,0.0,0.0,icmp,0.0,,cs0,,58.0,,6.0,,Start,1,1,0,98,98,0,98.0,0.0,0.0,0.0,0.0,0,0,0,0.0,,,0.0,0.0,0.0,ECO,,,,,0.0,0.0,0.0,0
678865,4.111661,4.111661,4.111661,4.111661,4.111661,4.111661,tcp,0.0,0.0,cs0,cs0,64.0,117.0,0.0,11.0,Status,175,51,124,178016,7105,170911,139.313721,1378.314575,343411.5938,13553.64648,329857.9375,0,0,0,0.0,0.0,0.0,42.318665,12.160536,29.914917,CON,2096128.0,254976.0,,,0.034001,0.022003,0.011998,0
678892,0.0,0.0,0.0,0.0,0.0,0.0,udp,0.0,,cs0,,249.0,,7.0,,Start,1,1,0,74,74,0,74.0,0.0,0.0,0.0,0.0,0,0,0,0.0,,,0.0,0.0,0.0,INT,,,610.0,,0.0,0.0,0.0,0
678899,0.0,0.0,0.0,0.0,0.0,0.0,udp,0.0,,cs0,,249.0,,7.0,,Start,1,1,0,74,74,0,74.0,0.0,0.0,0.0,0.0,0,0,0,0.0,,,0.0,0.0,0.0,INT,,,610.0,,0.0,0.0,0.0,0
678903,0.0,0.0,0.0,0.0,0.0,0.0,udp,0.0,,cs0,,249.0,,7.0,,Start,1,1,0,74,74,0,74.0,0.0,0.0,0.0,0.0,0,0,0,0.0,,,0.0,0.0,0.0,INT,,,610.0,,0.0,0.0,0.0,0
678944,0.0,0.0,0.0,0.0,0.0,0.0,udp,0.0,,cs0,,249.0,,7.0,,Start,1,1,0,74,74,0,74.0,0.0,0.0,0.0,0.0,0,0,0,0.0,,,0.0,0.0,0.0,INT,,,610.0,,0.0,0.0,0.0,0
678977,0.328975,0.328975,0.328975,0.328975,0.328975,0.328975,sctp,186.0,186.0,ef,ef,252.0,255.0,4.0,1.0,Status,4,2,2,392,200,192,100.0,96.0,4766.319824,2431.795898,2334.523926,0,0,0,0.0,,,9.119234,3.039745,3.039745,CON,,,610.0,,0.0,0.0,0.0,0
678982,0.0,0.0,0.0,0.0,0.0,0.0,udp,0.0,,cs0,,249.0,,7.0,,Start,1,1,0,74,74,0,74.0,0.0,0.0,0.0,0.0,0,0,0,0.0,,,0.0,0.0,0.0,INT,,,610.0,,0.0,0.0,0.0,0
679057,0.0,0.0,0.0,0.0,0.0,0.0,udp,0.0,,cs0,,249.0,,7.0,,Start,1,1,0,74,74,0,74.0,0.0,0.0,0.0,0.0,0,0,0,0.0,,,0.0,0.0,0.0,INT,,,610.0,,0.0,0.0,0.0,0
679087,0.0,0.0,0.0,0.0,0.0,0.0,udp,0.0,,cs0,,249.0,,7.0,,Start,1,1,0,74,74,0,74.0,0.0,0.0,0.0,0.0,0,0,0,0.0,,,0.0,0.0,0.0,INT,,,610.0,,0.0,0.0,0.0,0
679112,0.0,0.0,0.0,0.0,0.0,0.0,udp,0.0,,cs0,,249.0,,7.0,,Start,1,1,0,74,74,0,74.0,0.0,0.0,0.0,0.0,0,0,0,0.0,,,0.0,0.0,0.0,INT,,,610.0,,0.0,0.0,0.0,0
679231,0.0,0.0,0.0,0.0,0.0,0.0,udp,0.0,,cs0,,249.0,,7.0,,Start,1,1,0,74,74,0,74.0,0.0,0.0,0.0,0.0,0,0,0,0.0,,,0.0,0.0,0.0,INT,,,610.0,,0.0,0.0,0.0,0
679234,0.0,0.0,0.0,0.0,0.0,0.0,udp,0.0,,cs0,,249.0,,7.0,,Start,1,1,0,74,74,0,74.0,0.0,0.0,0.0,0.0,0,0,0,0.0,,,0.0,0.0,0.0,INT,,,610.0,,0.0,0.0,0.0,0
679288,0.0,0.0,0.0,0.0,0.0,0.0,udp,0.0,,cs0,,249.0,,7.0,,Start,1,1,0,74,74,0,74.0,0.0,0.0,0.0,0.0,0,0,0,0.0,,,0.0,0.0,0.0,INT,,,610.0,,0.0,0.0,0.0,0
679344,0.0,0.0,0.0,0.0,0.0,0.0,udp,0.0,,cs0,,249.0,,7.0,,Start,1,1,0,74,74,0,74.0,0.0,0.0,0.0,0.0,0,0,0,0.0,,,0.0,0.0,0.0,INT,,,610.0,,0.0,0.0,0.0,0
679356,0.0,0.0,0.0,0.0,0.0,0.0,udp,0.0,,cs0,,249.0,,7.0,,Start,1,1,0,74,74,0,74.0,0.0,0.0,0.0,0.0,0,0,0,0.0,,,0.0,0.0,0.0,INT,,,610.0,,0.0,0.0,0.0,0
679399,0.0,0.0,0.0,0.0,0.0,0.0,udp,0.0,,cs0,,249.0,,7.0,,Start,1,1,0,74,74,0,74.0,0.0,0.0,0.0,0.0,0,0,0,0.0,,,0.0,0.0,0.0,INT,,,610.0,,0.0,0.0,0.0,0
679436,0.0,0.0,0.0,0.0,0.0,0.0,udp,0.0,,cs0,,249.0,,7.0,,Start,1,1,0,74,74,0,74.0,0.0,0.0,0.0,0.0,0,0,0,0.0,,,0.0,0.0,0.0,INT,,,610.0,,0.0,0.0,0.0,0
679444,0.000125,0.000125,0.000125,0.000125,0.000125,0.000125,sctp,40.0,186.0,af11,ef,250.0,255.0,6.0,1.0,Status,2,1,1,232,118,114,118.0,114.0,0.0,0.0,0.0,0,0,0,0.0,,,7999.999512,0.0,0.0,CON,,,610.0,,0.0,0.0,0.0,0
679451,0.05292,0.05292,0.05292,0.05292,0.05292,0.05292,udp,0.0,0.0,cs0,cs0,64.0,51.0,0.0,13.0,Start,7,4,3,4438,2581,1857,645.25,619.0,479818.5938,292668.1875,187150.4219,0,0,0,0.0,,,113.378685,56.689342,37.792896,CON,,,,,0.0,0.0,0.0,0
679492,0.0,0.0,0.0,0.0,0.0,0.0,udp,0.0,,cs0,,249.0,,7.0,,Start,1,1,0,74,74,0,74.0,0.0,0.0,0.0,0.0,0,0,0,0.0,,,0.0,0.0,0.0,INT,,,610.0,,0.0,0.0,0.0,0
679584,0.0,0.0,0.0,0.0,0.0,0.0,udp,0.0,,cs0,,249.0,,7.0,,Start,1,1,0,74,74,0,74.0,0.0,0.0,0.0,0.0,0,0,0,0.0,,,0.0,0.0,0.0,INT,,,610.0,,0.0,0.0,0.0,0
679613,0.0,0.0,0.0,0.0,0.0,0.0,udp,0.0,,cs0,,249.0,,7.0,,Start,1,1,0,74,74,0,74.0,0.0,0.0,0.0,0.0,0,0,0,0.0,,,0.0,0.0,0.0,INT,,,610.0,,0.0,0.0,0.0,0
679683,0.0,0.0,0.0,0.0,0.0,0.0,udp,0.0,,cs0,,249.0,,7.0,,Start,1,1,0,74,74,0,74.0,0.0,0.0,0.0,0.0,0,0,0,0.0,,,0.0,0.0,0.0,INT,,,610.0,,0.0,0.0,0.0,0
679737,0.0,0.0,0.0,0.0,0.0,0.0,udp,0.0,,cs0,,249.0,,7.0,,Start,1,1,0,74,74,0,74.0,0.0,0.0,0.0,0.0,0,0,0,0.0,,,0.0,0.0,0.0,INT,,,610.0,,0.0,0.0,0.0,0
679755,0.0,0.0,0.0,0.0,0.0,0.0,udp,0.0,,cs0,,249.0,,7.0,,Start,1,1,0,74,74,0,74.0,0.0,0.0,0.0,0.0,0,0,0,0.0,,,0.0,0.0,0.0,INT,,,610.0,,0.0,0.0,0.0,0
679807,0.0,0.0,0.0,0.0,0.0,0.0,udp,0.0,,cs0,,249.0,,7.0,,Start,1,1,0,74,74,0,74.0,0.0,0.0,0.0,0.0,0,0,0,0.0,,,0.0,0.0,0.0,INT,,,610.0,,0.0,0.0,0.0,0
679844,0.0,0.0,0.0,0.0,0.0,0.0,udp,0.0,,cs0,,249.0,,7.0,,Start,1,1,0,74,74,0,74.0,0.0,0.0,0.0,0.0,0,0,0,0.0,,,0.0,0.0,0.0,INT,,,610.0,,0.0,0.0,0.0,0
679932,0.0,0.0,0.0,0.0,0.0,0.0,udp,0.0,,cs0,,249.0,,7.0,,Start,1,1,0,74,74,0,74.0,0.0,0.0,0.0,0.0,0,0,0,0.0,,,0.0,0.0,0.0,INT,,,610.0,,0.0,0.0,0.0,0
680037,0.0,0.0,0.0,0.0,0.0,0.0,udp,48.0,,af12,,62.0,,2.0,,Status,1,1,0,360,360,0,360.0,0.0,0.0,0.0,0.0,0,0,0,0.0,,,0.0,0.0,0.0,REQ,,,,,0.0,0.0,0.0,0
680080,0.0,0.0,0.0,0.0,0.0,0.0,udp,0.0,,cs0,,249.0,,7.0,,Start,1,1,0,74,74,0,74.0,0.0,0.0,0.0,0.0,0,0,0,0.0,,,0.0,0.0,0.0,INT,,,610.0,,0.0,0.0,0.0,0
680120,0.0,0.0,0.0,0.0,0.0,0.0,udp,0.0,,cs0,,249.0,,7.0,,Start,1,1,0,74,74,0,74.0,0.0,0.0,0.0,0.0,0,0,0,0.0,,,0.0,0.0,0.0,INT,,,610.0,,0.0,0.0,0.0,0
680136,0.0,0.0,0.0,0.0,0.0,0.0,udp,0.0,,cs0,,249.0,,7.0,,Start,1,1,0,74,74,0,74.0,0.0,0.0,0.0,0.0,0,0,0,0.0,,,0.0,0.0,0.0,INT,,,610.0,,0.0,0.0,0.0,0
680160,0.0,0.0,0.0,0.0,0.0,0.0,udp,0.0,,cs0,,249.0,,7.0,,Start,1,1,0,74,74,0,74.0,0.0,0.0,0.0,0.0,0,0,0,0.0,,,0.0,0.0,0.0,INT,,,610.0,,0.0,0.0,0.0,0
680188,0.032079,0.032079,0.032079,0.032079,0.032079,0.032079,icmp,0.0,0.0,cs0,cs0,58.0,64.0,6.0,0.0,Start,2,1,1,196,98,98,98.0,98.0,0.0,0.0,0.0,0,0,0,0.0,,,31.173042,0.0,0.0,ECO,,,,,0.0,0.0,0.0,0
680203,0.0,0.0,0.0,0.0,0.0,0.0,udp,0.0,,cs0,,249.0,,7.0,,Start,1,1,0,74,74,0,74.0,0.0,0.0,0.0,0.0,0,0,0,0.0,,,0.0,0.0,0.0,INT,,,610.0,,0.0,0.0,0.0,0
680227,0.0,0.0,0.0,0.0,0.0,0.0,udp,0.0,,cs0,,249.0,,7.0,,Start,1,1,0,74,74,0,74.0,0.0,0.0,0.0,0.0,0,0,0,0.0,,,0.0,0.0,0.0,INT,,,610.0,,0.0,0.0,0.0,0
680267,0.0,0.0,0.0,0.0,0.0,0.0,udp,0.0,,cs0,,249.0,,7.0,,Start,1,1,0,74,74,0,74.0,0.0,0.0,0.0,0.0,0,0,0,0.0,,,0.0,0.0,0.0,INT,,,610.0,,0.0,0.0,0.0,0
680290,0.0,0.0,0.0,0.0,0.0,0.0,udp,0.0,,cs0,,249.0,,7.0,,Start,1,1,0,74,74,0,74.0,0.0,0.0,0.0,0.0,0,0,0,0.0,,,0.0,0.0,0.0,INT,,,610.0,,0.0,0.0,0.0,0
680319,0.0,0.0,0.0,0.0,0.0,0.0,udp,0.0,,cs0,,249.0,,7.0,,Start,1,1,0,74,74,0,74.0,0.0,0.0,0.0,0.0,0,0,0,0.0,,,0.0,0.0,0.0,INT,,,610.0,,0.0,0.0,0.0,0
680420,0.0,0.0,0.0,0.0,0.0,0.0,udp,0.0,,cs0,,249.0,,7.0,,Start,1,1,0,74,74,0,74.0,0.0,0.0,0.0,0.0,0,0,0,0.0,,,0.0,0.0,0.0,INT,,,610.0,,0.0,0.0,0.0,0
680513,0.0,0.0,0.0,0.0,0.0,0.0,udp,0.0,,cs0,,249.0,,7.0,,Start,1,1,0,74,74,0,74.0,0.0,0.0,0.0,0.0,0,0,0,0.0,,,0.0,0.0,0.0,INT,,,610.0,,0.0,0.0,0.0,0
680518,0.0,0.0,0.0,0.0,0.0,0.0,udp,0.0,,cs0,,249.0,,7.0,,Start,1,1,0,74,74,0,74.0,0.0,0.0,0.0,0.0,0,0,0,0.0,,,0.0,0.0,0.0,INT,,,610.0,,0.0,0.0,0.0,0
680558,0.0,0.0,0.0,0.0,0.0,0.0,udp,0.0,,cs0,,249.0,,7.0,,Start,1,1,0,74,74,0,74.0,0.0,0.0,0.0,0.0,0,0,0,0.0,,,0.0,0.0,0.0,INT,,,610.0,,0.0,0.0,0.0,0
680601,0.0,0.0,0.0,0.0,0.0,0.0,udp,0.0,,cs0,,249.0,,7.0,,Start,1,1,0,74,74,0,74.0,0.0,0.0,0.0,0.0,0,0,0,0.0,,,0.0,0.0,0.0,INT,,,610.0,,0.0,0.0,0.0,0
680630,0.0,0.0,0.0,0.0,0.0,0.0,udp,0.0,,cs0,,249.0,,7.0,,Start,1,1,0,74,74,0,74.0,0.0,0.0,0.0,0.0,0,0,0,0.0,,,0.0,0.0,0.0,INT,,,610.0,,0.0,0.0,0.0,0
680650,0.0,0.0,0.0,0.0,0.0,0.0,udp,0.0,,cs0,,249.0,,7.0,,Start,1,1,0,74,74,0,74.0,0.0,0.0,0.0,0.0,0,0,0,0.0,,,0.0,0.0,0.0,INT,,,610.0,,0.0,0.0,0.0,0
680656,0.0,0.0,0.0,0.0,0.0,0.0,udp,0.0,,cs0,,249.0,,7.0,,Start,1,1,0,74,74,0,74.0,0.0,0.0,0.0,0.0,0,0,0,0.0,,,0.0,0.0,0.0,INT,,,610.0,,0.0,0.0,0.0,0
680723,0.0,0.0,0.0,0.0,0.0,0.0,udp,0.0,,cs0,,249.0,,7.0,,Start,1,1,0,74,74,0,74.0,0.0,0.0,0.0,0.0,0,0,0,0.0,,,0.0,0.0,0.0,INT,,,610.0,,0.0,0.0,0.0,0
680730,0.0,0.0,0.0,0.0,0.0,0.0,udp,0.0,,cs0,,249.0,,7.0,,Start,1,1,0,74,74,0,74.0,0.0,0.0,0.0,0.0,0,0,0,0.0,,,0.0,0.0,0.0,INT,,,610.0,,0.0,0.0,0.0,0
680742,0.0,0.0,0.0,0.0,0.0,0.0,udp,0.0,,cs0,,249.0,,7.0,,Start,1,1,0,74,74,0,74.0,0.0,0.0,0.0,0.0,0,0,0,0.0,,,0.0,0.0,0.0,INT,,,610.0,,0.0,0.0,0.0,0
680757,0.0,0.0,0.0,0.0,0.0,0.0,udp,0.0,,cs0,,249.0,,7.0,,Start,1,1,0,74,74,0,74.0,0.0,0.0,0.0,0.0,0,0,0,0.0,,,0.0,0.0,0.0,INT,,,610.0,,0.0,0.0,0.0,0
680785,0.0,0.0,0.0,0.0,0.0,0.0,udp,0.0,,cs0,,249.0,,7.0,,Start,1,1,0,74,74,0,74.0,0.0,0.0,0.0,0.0,0,0,0,0.0,,,0.0,0.0,0.0,INT,,,610.0,,0.0,0.0,0.0,0
680788,0.0,0.0,0.0,0.0,0.0,0.0,udp,0.0,,cs0,,249.0,,7.0,,Start,1,1,0,74,74,0,74.0,0.0,0.0,0.0,0.0,0,0,0,0.0,,,0.0,0.0,0.0,INT,,,610.0,,0.0,0.0,0.0,0
680850,0.0,0.0,0.0,0.0,0.0,0.0,udp,0.0,,cs0,,249.0,,7.0,,Start,1,1,0,74,74,0,74.0,0.0,0.0,0.0,0.0,0,0,0,0.0,,,0.0,0.0,0.0,INT,,,610.0,,0.0,0.0,0.0,0
680873,0.0,0.0,0.0,0.0,0.0,0.0,udp,0.0,,cs0,,249.0,,7.0,,Start,1,1,0,74,74,0,74.0,0.0,0.0,0.0,0.0,0,0,0,0.0,,,0.0,0.0,0.0,INT,,,610.0,,0.0,0.0,0.0,0
680875,0.0,0.0,0.0,0.0,0.0,0.0,udp,0.0,,cs0,,249.0,,7.0,,Start,1,1,0,74,74,0,74.0,0.0,0.0,0.0,0.0,0,0,0,0.0,,,0.0,0.0,0.0,INT,,,610.0,,0.0,0.0,0.0,0
680877,0.0,0.0,0.0,0.0,0.0,0.0,udp,0.0,,cs0,,249.0,,7.0,,Start,1,1,0,74,74,0,74.0,0.0,0.0,0.0,0.0,0,0,0,0.0,,,0.0,0.0,0.0,INT,,,610.0,,0.0,0.0,0.0,0
680919,0.0,0.0,0.0,0.0,0.0,0.0,tcp,0.0,,cs0,,52.0,,12.0,,Status,1,1,0,74,74,0,74.0,0.0,0.0,0.0,0.0,1,1,0,50.0,0.0,0.0,0.0,0.0,0.0,ACC,16776960.0,,,,0.0,0.0,0.0,0
680938,0.0,0.0,0.0,0.0,0.0,0.0,udp,0.0,,cs0,,249.0,,7.0,,Start,1,1,0,74,74,0,74.0,0.0,0.0,0.0,0.0,0,0,0,0.0,,,0.0,0.0,0.0,INT,,,610.0,,0.0,0.0,0.0,0
680952,0.0,0.0,0.0,0.0,0.0,0.0,udp,0.0,,cs0,,249.0,,7.0,,Start,1,1,0,74,74,0,74.0,0.0,0.0,0.0,0.0,0,0,0,0.0,,,0.0,0.0,0.0,INT,,,610.0,,0.0,0.0,0.0,0
681017,0.0,0.0,0.0,0.0,0.0,0.0,udp,0.0,,cs0,,249.0,,7.0,,Start,1,1,0,74,74,0,74.0,0.0,0.0,0.0,0.0,0,0,0,0.0,,,0.0,0.0,0.0,INT,,,610.0,,0.0,0.0,0.0,0
681031,0.0,0.0,0.0,0.0,0.0,0.0,udp,0.0,,cs0,,249.0,,7.0,,Start,1,1,0,74,74,0,74.0,0.0,0.0,0.0,0.0,0,0,0,0.0,,,0.0,0.0,0.0,INT,,,610.0,,0.0,0.0,0.0,0
681081,0.0,0.0,0.0,0.0,0.0,0.0,udp,0.0,,cs0,,249.0,,7.0,,Start,1,1,0,74,74,0,74.0,0.0,0.0,0.0,0.0,0,0,0,0.0,,,0.0,0.0,0.0,INT,,,610.0,,0.0,0.0,0.0,0
681346,0.0,0.0,0.0,0.0,0.0,0.0,udp,0.0,,cs0,,249.0,,7.0,,Start,1,1,0,74,74,0,74.0,0.0,0.0,0.0,0.0,0,0,0,0.0,,,0.0,0.0,0.0,INT,,,610.0,,0.0,0.0,0.0,0
681348,0.0,0.0,0.0,0.0,0.0,0.0,udp,0.0,,cs0,,249.0,,7.0,,Start,1,1,0,74,74,0,74.0,0.0,0.0,0.0,0.0,0,0,0,0.0,,,0.0,0.0,0.0,INT,,,610.0,,0.0,0.0,0.0,0
681389,0.0,0.0,0.0,0.0,0.0,0.0,udp,0.0,,cs0,,249.0,,7.0,,Start,1,1,0,74,74,0,74.0,0.0,0.0,0.0,0.0,0,0,0,0.0,,,0.0,0.0,0.0,INT,,,610.0,,0.0,0.0,0.0,0
681423,0.0,0.0,0.0,0.0,0.0,0.0,udp,0.0,,cs0,,249.0,,7.0,,Start,1,1,0,74,74,0,74.0,0.0,0.0,0.0,0.0,0,0,0,0.0,,,0.0,0.0,0.0,INT,,,610.0,,0.0,0.0,0.0,0
681444,0.0,0.0,0.0,0.0,0.0,0.0,udp,0.0,,cs0,,249.0,,7.0,,Start,1,1,0,74,74,0,74.0,0.0,0.0,0.0,0.0,0,0,0,0.0,,,0.0,0.0,0.0,INT,,,610.0,,0.0,0.0,0.0,0
681516,2.997617,2.997617,2.997617,2.997617,2.997617,2.997617,tcp,136.0,,af41,,255.0,,1.0,,Start,3,3,0,222,222,0,74.0,0.0,394.980408,394.980408,0.0,2,2,0,40.0,0.0,0.0,0.667197,0.667197,0.0,REQ,3737600.0,,,,0.0,0.0,0.0,0
681522,0.0,0.0,0.0,0.0,0.0,0.0,sctp,186.0,186.0,ef,ef,252.0,255.0,4.0,1.0,Status,2,1,1,200,102,98,102.0,98.0,0.0,0.0,0.0,0,0,0,0.0,,,0.0,0.0,0.0,CON,,,610.0,,0.0,0.0,0.0,0
681570,0.0,0.0,0.0,0.0,0.0,0.0,udp,0.0,,cs0,,249.0,,7.0,,Start,1,1,0,74,74,0,74.0,0.0,0.0,0.0,0.0,0,0,0,0.0,,,0.0,0.0,0.0,INT,,,610.0,,0.0,0.0,0.0,0
681594,0.0,0.0,0.0,0.0,0.0,0.0,udp,0.0,,cs0,,249.0,,7.0,,Start,1,1,0,74,74,0,74.0,0.0,0.0,0.0,0.0,0,0,0,0.0,,,0.0,0.0,0.0,INT,,,610.0,,0.0,0.0,0.0,0
681647,0.0,0.0,0.0,0.0,0.0,0.0,udp,0.0,,cs0,,249.0,,7.0,,Start,1,1,0,74,74,0,74.0,0.0,0.0,0.0,0.0,0,0,0,0.0,,,0.0,0.0,0.0,INT,,,610.0,,0.0,0.0,0.0,0
681659,0.0,0.0,0.0,0.0,0.0,0.0,udp,0.0,,cs0,,249.0,,7.0,,Start,1,1,0,74,74,0,74.0,0.0,0.0,0.0,0.0,0,0,0,0.0,,,0.0,0.0,0.0,INT,,,610.0,,0.0,0.0,0.0,0
681687,0.0,0.0,0.0,0.0,0.0,0.0,udp,0.0,,cs0,,249.0,,7.0,,Start,1,1,0,74,74,0,74.0,0.0,0.0,0.0,0.0,0,0,0,0.0,,,0.0,0.0,0.0,INT,,,610.0,,0.0,0.0,0.0,0
681812,0.0,0.0,0.0,0.0,0.0,0.0,udp,0.0,,cs0,,249.0,,7.0,,Start,1,1,0,74,74,0,74.0,0.0,0.0,0.0,0.0,0,0,0,0.0,,,0.0,0.0,0.0,INT,,,610.0,,0.0,0.0,0.0,0
681847,0.0,0.0,0.0,0.0,0.0,0.0,udp,0.0,,cs0,,249.0,,7.0,,Start,1,1,0,74,74,0,74.0,0.0,0.0,0.0,0.0,0,0,0,0.0,,,0.0,0.0,0.0,INT,,,610.0,,0.0,0.0,0.0,0
681900,0.0,0.0,0.0,0.0,0.0,0.0,udp,0.0,,cs0,,249.0,,7.0,,Start,1,1,0,74,74,0,74.0,0.0,0.0,0.0,0.0,0,0,0,0.0,,,0.0,0.0,0.0,INT,,,610.0,,0.0,0.0,0.0,0
681913,0.0,0.0,0.0,0.0,0.0,0.0,udp,0.0,,cs0,,249.0,,7.0,,Start,1,1,0,74,74,0,74.0,0.0,0.0,0.0,0.0,0,0,0,0.0,,,0.0,0.0,0.0,INT,,,610.0,,0.0,0.0,0.0,0
681917,0.0,0.0,0.0,0.0,0.0,0.0,udp,0.0,,cs0,,249.0,,7.0,,Start,1,1,0,74,74,0,74.0,0.0,0.0,0.0,0.0,0,0,0,0.0,,,0.0,0.0,0.0,INT,,,610.0,,0.0,0.0,0.0,0
681960,0.0,0.0,0.0,0.0,0.0,0.0,udp,0.0,,cs0,,249.0,,7.0,,Start,1,1,0,74,74,0,74.0,0.0,0.0,0.0,0.0,0,0,0,0.0,,,0.0,0.0,0.0,INT,,,610.0,,0.0,0.0,0.0,0
682000,0.0,0.0,0.0,0.0,0.0,0.0,udp,0.0,,cs0,,249.0,,7.0,,Start,1,1,0,74,74,0,74.0,0.0,0.0,0.0,0.0,0,0,0,0.0,,,0.0,0.0,0.0,INT,,,610.0,,0.0,0.0,0.0,0
682023,0.0,0.0,0.0,0.0,0.0,0.0,udp,0.0,,cs0,,249.0,,7.0,,Start,1,1,0,74,74,0,74.0,0.0,0.0,0.0,0.0,0,0,0,0.0,,,0.0,0.0,0.0,INT,,,610.0,,0.0,0.0,0.0,0
682031,0.0,0.0,0.0,0.0,0.0,0.0,udp,0.0,,cs0,,249.0,,7.0,,Start,1,1,0,74,74,0,74.0,0.0,0.0,0.0,0.0,0,0,0,0.0,,,0.0,0.0,0.0,INT,,,610.0,,0.0,0.0,0.0,0
682134,0.0,0.0,0.0,0.0,0.0,0.0,udp,0.0,,cs0,,249.0,,7.0,,Start,1,1,0,74,74,0,74.0,0.0,0.0,0.0,0.0,0,0,0,0.0,,,0.0,0.0,0.0,INT,,,610.0,,0.0,0.0,0.0,0
682139,0.0,0.0,0.0,0.0,0.0,0.0,udp,0.0,,cs0,,249.0,,7.0,,Start,1,1,0,74,74,0,74.0,0.0,0.0,0.0,0.0,0,0,0,0.0,,,0.0,0.0,0.0,INT,,,610.0,,0.0,0.0,0.0,0
682184,0.0,0.0,0.0,0.0,0.0,0.0,udp,0.0,,cs0,,249.0,,7.0,,Start,1,1,0,74,74,0,74.0,0.0,0.0,0.0,0.0,0,0,0,0.0,,,0.0,0.0,0.0,INT,,,610.0,,0.0,0.0,0.0,0
682196,0.0,0.0,0.0,0.0,0.0,0.0,udp,0.0,,cs0,,249.0,,7.0,,Start,1,1,0,74,74,0,74.0,0.0,0.0,0.0,0.0,0,0,0,0.0,,,0.0,0.0,0.0,INT,,,610.0,,0.0,0.0,0.0,0
682199,0.0,0.0,0.0,0.0,0.0,0.0,udp,0.0,,cs0,,249.0,,7.0,,Start,1,1,0,74,74,0,74.0,0.0,0.0,0.0,0.0,0,0,0,0.0,,,0.0,0.0,0.0,INT,,,610.0,,0.0,0.0,0.0,0
682213,0.0,0.0,0.0,0.0,0.0,0.0,udp,0.0,,cs0,,249.0,,7.0,,Start,1,1,0,74,74,0,74.0,0.0,0.0,0.0,0.0,0,0,0,0.0,,,0.0,0.0,0.0,INT,,,610.0,,0.0,0.0,0.0,0
682248,0.0,0.0,0.0,0.0,0.0,0.0,udp,0.0,,cs0,,249.0,,7.0,,Start,1,1,0,74,74,0,74.0,0.0,0.0,0.0,0.0,0,0,0,0.0,,,0.0,0.0,0.0,INT,,,610.0,,0.0,0.0,0.0,0
682508,0.0,0.0,0.0,0.0,0.0,0.0,udp,0.0,,cs0,,249.0,,7.0,,Start,1,1,0,74,74,0,74.0,0.0,0.0,0.0,0.0,0,0,0,0.0,,,0.0,0.0,0.0,INT,,,610.0,,0.0,0.0,0.0,0
682597,0.0,0.0,0.0,0.0,0.0,0.0,udp,0.0,,cs0,,249.0,,7.0,,Start,1,1,0,74,74,0,74.0,0.0,0.0,0.0,0.0,0,0,0,0.0,,,0.0,0.0,0.0,INT,,,610.0,,0.0,0.0,0.0,0
682602,0.0,0.0,0.0,0.0,0.0,0.0,udp,0.0,,cs0,,249.0,,7.0,,Start,1,1,0,74,74,0,74.0,0.0,0.0,0.0,0.0,0,0,0,0.0,,,0.0,0.0,0.0,INT,,,610.0,,0.0,0.0,0.0,0
682624,0.0,0.0,0.0,0.0,0.0,0.0,udp,0.0,,cs0,,249.0,,7.0,,Start,1,1,0,74,74,0,74.0,0.0,0.0,0.0,0.0,0,0,0,0.0,,,0.0,0.0,0.0,INT,,,610.0,,0.0,0.0,0.0,0
682673,0.0,0.0,0.0,0.0,0.0,0.0,udp,0.0,,cs0,,249.0,,7.0,,Start,1,1,0,74,74,0,74.0,0.0,0.0,0.0,0.0,0,0,0,0.0,,,0.0,0.0,0.0,INT,,,610.0,,0.0,0.0,0.0,0
682786,0.0,0.0,0.0,0.0,0.0,0.0,udp,0.0,,cs0,,249.0,,7.0,,Start,1,1,0,74,74,0,74.0,0.0,0.0,0.0,0.0,0,0,0,0.0,,,0.0,0.0,0.0,INT,,,610.0,,0.0,0.0,0.0,0
682799,0.0,0.0,0.0,0.0,0.0,0.0,udp,0.0,,cs0,,249.0,,7.0,,Start,1,1,0,74,74,0,74.0,0.0,0.0,0.0,0.0,0,0,0,0.0,,,0.0,0.0,0.0,INT,,,610.0,,0.0,0.0,0.0,0
682864,0.0,0.0,0.0,0.0,0.0,0.0,udp,0.0,,cs0,,249.0,,7.0,,Start,1,1,0,74,74,0,74.0,0.0,0.0,0.0,0.0,0,0,0,0.0,,,0.0,0.0,0.0,INT,,,610.0,,0.0,0.0,0.0,0
682923,0.0,0.0,0.0,0.0,0.0,0.0,udp,0.0,,cs0,,249.0,,7.0,,Start,1,1,0,74,74,0,74.0,0.0,0.0,0.0,0.0,0,0,0,0.0,,,0.0,0.0,0.0,INT,,,610.0,,0.0,0.0,0.0,0
682980,0.0,0.0,0.0,0.0,0.0,0.0,udp,0.0,,cs0,,249.0,,7.0,,Start,1,1,0,74,74,0,74.0,0.0,0.0,0.0,0.0,0,0,0,0.0,,,0.0,0.0,0.0,INT,,,610.0,,0.0,0.0,0.0,0
683002,0.0,0.0,0.0,0.0,0.0,0.0,udp,0.0,,cs0,,249.0,,7.0,,Start,1,1,0,74,74,0,74.0,0.0,0.0,0.0,0.0,0,0,0,0.0,,,0.0,0.0,0.0,INT,,,610.0,,0.0,0.0,0.0,0
683051,0.011892,0.011892,0.011892,0.011892,0.011892,0.011892,icmp,0.0,0.0,cs0,cs0,58.0,64.0,6.0,0.0,Start,2,1,1,196,98,98,98.0,98.0,0.0,0.0,0.0,0,0,0,0.0,,,84.090141,0.0,0.0,ECO,,,,,0.0,0.0,0.0,0
683054,0.0,0.0,0.0,0.0,0.0,0.0,udp,0.0,,cs0,,249.0,,7.0,,Start,1,1,0,74,74,0,74.0,0.0,0.0,0.0,0.0,0,0,0,0.0,,,0.0,0.0,0.0,INT,,,610.0,,0.0,0.0,0.0,0
683063,0.0,0.0,0.0,0.0,0.0,0.0,udp,0.0,,cs0,,249.0,,7.0,,Start,1,1,0,74,74,0,74.0,0.0,0.0,0.0,0.0,0,0,0,0.0,,,0.0,0.0,0.0,INT,,,610.0,,0.0,0.0,0.0,0
683108,0.0,0.0,0.0,0.0,0.0,0.0,udp,0.0,,cs0,,249.0,,7.0,,Start,1,1,0,74,74,0,74.0,0.0,0.0,0.0,0.0,0,0,0,0.0,,,0.0,0.0,0.0,INT,,,610.0,,0.0,0.0,0.0,0
683280,0.0,0.0,0.0,0.0,0.0,0.0,udp,0.0,,cs0,,249.0,,7.0,,Start,1,1,0,74,74,0,74.0,0.0,0.0,0.0,0.0,0,0,0,0.0,,,0.0,0.0,0.0,INT,,,610.0,,0.0,0.0,0.0,0
683365,0.0,0.0,0.0,0.0,0.0,0.0,udp,0.0,,cs0,,249.0,,7.0,,Start,1,1,0,74,74,0,74.0,0.0,0.0,0.0,0.0,0,0,0,0.0,,,0.0,0.0,0.0,INT,,,610.0,,0.0,0.0,0.0,0
683556,0.0,0.0,0.0,0.0,0.0,0.0,udp,0.0,,cs0,,249.0,,7.0,,Start,1,1,0,74,74,0,74.0,0.0,0.0,0.0,0.0,0,0,0,0.0,,,0.0,0.0,0.0,INT,,,610.0,,0.0,0.0,0.0,0
683565,0.0,0.0,0.0,0.0,0.0,0.0,udp,0.0,,cs0,,249.0,,7.0,,Start,1,1,0,74,74,0,74.0,0.0,0.0,0.0,0.0,0,0,0,0.0,,,0.0,0.0,0.0,INT,,,610.0,,0.0,0.0,0.0,0
683635,0.0,0.0,0.0,0.0,0.0,0.0,udp,0.0,,cs0,,249.0,,7.0,,Start,1,1,0,74,74,0,74.0,0.0,0.0,0.0,0.0,0,0,0,0.0,,,0.0,0.0,0.0,INT,,,610.0,,0.0,0.0,0.0,0
683668,0.0,0.0,0.0,0.0,0.0,0.0,udp,0.0,,cs0,,249.0,,7.0,,Start,1,1,0,74,74,0,74.0,0.0,0.0,0.0,0.0,0,0,0,0.0,,,0.0,0.0,0.0,INT,,,610.0,,0.0,0.0,0.0,0
683769,0.0,0.0,0.0,0.0,0.0,0.0,udp,0.0,,cs0,,249.0,,7.0,,Start,1,1,0,74,74,0,74.0,0.0,0.0,0.0,0.0,0,0,0,0.0,,,0.0,0.0,0.0,INT,,,610.0,,0.0,0.0,0.0,0
683808,0.0,0.0,0.0,0.0,0.0,0.0,udp,0.0,,cs0,,249.0,,7.0,,Start,1,1,0,74,74,0,74.0,0.0,0.0,0.0,0.0,0,0,0,0.0,,,0.0,0.0,0.0,INT,,,610.0,,0.0,0.0,0.0,0
683890,0.0,0.0,0.0,0.0,0.0,0.0,udp,0.0,,cs0,,249.0,,7.0,,Start,1,1,0,74,74,0,74.0,0.0,0.0,0.0,0.0,0,0,0,0.0,,,0.0,0.0,0.0,INT,,,610.0,,0.0,0.0,0.0,0
683938,0.0,0.0,0.0,0.0,0.0,0.0,udp,0.0,,cs0,,249.0,,7.0,,Start,1,1,0,74,74,0,74.0,0.0,0.0,0.0,0.0,0,0,0,0.0,,,0.0,0.0,0.0,INT,,,610.0,,0.0,0.0,0.0,0
683954,0.0,0.0,0.0,0.0,0.0,0.0,udp,0.0,,cs0,,249.0,,7.0,,Start,1,1,0,74,74,0,74.0,0.0,0.0,0.0,0.0,0,0,0,0.0,,,0.0,0.0,0.0,INT,,,610.0,,0.0,0.0,0.0,0
683956,0.0,0.0,0.0,0.0,0.0,0.0,udp,0.0,,cs0,,249.0,,7.0,,Start,1,1,0,74,74,0,74.0,0.0,0.0,0.0,0.0,0,0,0,0.0,,,0.0,0.0,0.0,INT,,,610.0,,0.0,0.0,0.0,0
683969,0.0,0.0,0.0,0.0,0.0,0.0,udp,0.0,,cs0,,249.0,,7.0,,Start,1,1,0,74,74,0,74.0,0.0,0.0,0.0,0.0,0,0,0,0.0,,,0.0,0.0,0.0,INT,,,610.0,,0.0,0.0,0.0,0
683999,0.0,0.0,0.0,0.0,0.0,0.0,icmp,0.0,,cs0,,58.0,,6.0,,Start,1,1,0,98,98,0,98.0,0.0,0.0,0.0,0.0,0,0,0,0.0,,,0.0,0.0,0.0,ECO,,,,,0.0,0.0,0.0,0
684012,0.0,0.0,0.0,0.0,0.0,0.0,udp,0.0,,cs0,,249.0,,7.0,,Start,1,1,0,74,74,0,74.0,0.0,0.0,0.0,0.0,0,0,0,0.0,,,0.0,0.0,0.0,INT,,,610.0,,0.0,0.0,0.0,0
684169,0.0,0.0,0.0,0.0,0.0,0.0,udp,0.0,,cs0,,249.0,,7.0,,Start,1,1,0,74,74,0,74.0,0.0,0.0,0.0,0.0,0,0,0,0.0,,,0.0,0.0,0.0,INT,,,610.0,,0.0,0.0,0.0,0
684266,0.0,0.0,0.0,0.0,0.0,0.0,udp,0.0,,cs0,,249.0,,7.0,,Start,1,1,0,74,74,0,74.0,0.0,0.0,0.0,0.0,0,0,0,0.0,,,0.0,0.0,0.0,INT,,,610.0,,0.0,0.0,0.0,0
684278,0.0,0.0,0.0,0.0,0.0,0.0,udp,0.0,,cs0,,249.0,,7.0,,Start,1,1,0,74,74,0,74.0,0.0,0.0,0.0,0.0,0,0,0,0.0,,,0.0,0.0,0.0,INT,,,610.0,,0.0,0.0,0.0,0
684314,0.0,0.0,0.0,0.0,0.0,0.0,udp,0.0,,cs0,,249.0,,7.0,,Start,1,1,0,74,74,0,74.0,0.0,0.0,0.0,0.0,0,0,0,0.0,,,0.0,0.0,0.0,INT,,,610.0,,0.0,0.0,0.0,0
684355,0.0,0.0,0.0,0.0,0.0,0.0,icmp,0.0,,cs0,,58.0,,6.0,,Start,1,1,0,98,98,0,98.0,0.0,0.0,0.0,0.0,0,0,0,0.0,,,0.0,0.0,0.0,ECO,,,,,0.0,0.0,0.0,0
684411,0.0,0.0,0.0,0.0,0.0,0.0,udp,0.0,,cs0,,249.0,,7.0,,Start,1,1,0,74,74,0,74.0,0.0,0.0,0.0,0.0,0,0,0,0.0,,,0.0,0.0,0.0,INT,,,610.0,,0.0,0.0,0.0,0
684564,4.998157,4.998157,4.998157,4.998157,4.998157,4.998157,udp,0.0,0.0,cs0,cs0,64.0,117.0,0.0,11.0,Status,163,22,141,194521,7824,186697,355.636353,1324.092163,308660.9688,11954.80664,296706.1563,0,0,0,0.0,,,32.411945,4.201549,28.010324,CON,,,,,0.0,0.0,0.0,0
684594,0.0,0.0,0.0,0.0,0.0,0.0,udp,0.0,,cs0,,249.0,,7.0,,Start,1,1,0,74,74,0,74.0,0.0,0.0,0.0,0.0,0,0,0,0.0,,,0.0,0.0,0.0,INT,,,610.0,,0.0,0.0,0.0,0
684669,0.0,0.0,0.0,0.0,0.0,0.0,udp,0.0,,cs0,,249.0,,7.0,,Start,1,1,0,74,74,0,74.0,0.0,0.0,0.0,0.0,0,0,0,0.0,,,0.0,0.0,0.0,INT,,,610.0,,0.0,0.0,0.0,0
684703,0.0,0.0,0.0,0.0,0.0,0.0,udp,0.0,,cs0,,249.0,,7.0,,Start,1,1,0,74,74,0,74.0,0.0,0.0,0.0,0.0,0,0,0,0.0,,,0.0,0.0,0.0,INT,,,610.0,,0.0,0.0,0.0,0
684714,0.0,0.0,0.0,0.0,0.0,0.0,udp,0.0,,cs0,,249.0,,7.0,,Start,1,1,0,74,74,0,74.0,0.0,0.0,0.0,0.0,0,0,0,0.0,,,0.0,0.0,0.0,INT,,,610.0,,0.0,0.0,0.0,0
684720,0.0,0.0,0.0,0.0,0.0,0.0,udp,0.0,,cs0,,249.0,,7.0,,Start,1,1,0,74,74,0,74.0,0.0,0.0,0.0,0.0,0,0,0,0.0,,,0.0,0.0,0.0,INT,,,610.0,,0.0,0.0,0.0,0
684761,4.938964,4.938964,4.938964,4.938964,4.938964,4.938964,tcp,0.0,0.0,cs0,cs0,64.0,117.0,0.0,11.0,Status,98,28,70,102272,3668,98604,131.0,1408.62854,163164.5938,5729.136719,157435.4531,0,0,0,0.0,0.0,0.0,19.639748,5.466733,13.970542,CON,962560.0,262400.0,,,0.034987,0.020863,0.014124,0
684898,0.0,0.0,0.0,0.0,0.0,0.0,udp,0.0,,cs0,,249.0,,7.0,,Start,1,1,0,74,74,0,74.0,0.0,0.0,0.0,0.0,0,0,0,0.0,,,0.0,0.0,0.0,INT,,,610.0,,0.0,0.0,0.0,0
684925,0.0,0.0,0.0,0.0,0.0,0.0,icmp,0.0,,cs0,,58.0,,6.0,,Start,1,1,0,98,98,0,98.0,0.0,0.0,0.0,0.0,0,0,0,0.0,,,0.0,0.0,0.0,ECO,,,,,0.0,0.0,0.0,0
684956,0.0,0.0,0.0,0.0,0.0,0.0,udp,0.0,,cs0,,249.0,,7.0,,Start,1,1,0,74,74,0,74.0,0.0,0.0,0.0,0.0,0,0,0,0.0,,,0.0,0.0,0.0,INT,,,610.0,,0.0,0.0,0.0,0
684959,0.0,0.0,0.0,0.0,0.0,0.0,udp,0.0,,cs0,,249.0,,7.0,,Start,1,1,0,74,74,0,74.0,0.0,0.0,0.0,0.0,0,0,0,0.0,,,0.0,0.0,0.0,INT,,,610.0,,0.0,0.0,0.0,0
684996,0.0,0.0,0.0,0.0,0.0,0.0,udp,0.0,,cs0,,249.0,,7.0,,Start,1,1,0,74,74,0,74.0,0.0,0.0,0.0,0.0,0,0,0,0.0,,,0.0,0.0,0.0,INT,,,610.0,,0.0,0.0,0.0,0
685091,0.0,0.0,0.0,0.0,0.0,0.0,udp,0.0,,cs0,,249.0,,7.0,,Start,1,1,0,74,74,0,74.0,0.0,0.0,0.0,0.0,0,0,0,0.0,,,0.0,0.0,0.0,INT,,,610.0,,0.0,0.0,0.0,0
685103,0.0,0.0,0.0,0.0,0.0,0.0,udp,0.0,,cs0,,249.0,,7.0,,Start,1,1,0,74,74,0,74.0,0.0,0.0,0.0,0.0,0,0,0,0.0,,,0.0,0.0,0.0,INT,,,610.0,,0.0,0.0,0.0,0
685249,0.0,0.0,0.0,0.0,0.0,0.0,udp,0.0,,cs0,,249.0,,7.0,,Start,1,1,0,74,74,0,74.0,0.0,0.0,0.0,0.0,0,0,0,0.0,,,0.0,0.0,0.0,INT,,,610.0,,0.0,0.0,0.0,0
685262,0.0,0.0,0.0,0.0,0.0,0.0,udp,0.0,,cs0,,249.0,,7.0,,Start,1,1,0,74,74,0,74.0,0.0,0.0,0.0,0.0,0,0,0,0.0,,,0.0,0.0,0.0,INT,,,610.0,,0.0,0.0,0.0,0
685277,0.0,0.0,0.0,0.0,0.0,0.0,udp,0.0,,cs0,,249.0,,7.0,,Start,1,1,0,74,74,0,74.0,0.0,0.0,0.0,0.0,0,0,0,0.0,,,0.0,0.0,0.0,INT,,,610.0,,0.0,0.0,0.0,0
685313,0.0,0.0,0.0,0.0,0.0,0.0,udp,0.0,,cs0,,249.0,,7.0,,Start,1,1,0,74,74,0,74.0,0.0,0.0,0.0,0.0,0,0,0,0.0,,,0.0,0.0,0.0,INT,,,610.0,,0.0,0.0,0.0,0
685372,0.029283,0.029283,0.029283,0.029283,0.029283,0.029283,icmp,0.0,0.0,cs0,cs0,58.0,64.0,6.0,0.0,Start,2,1,1,196,98,98,98.0,98.0,0.0,0.0,0.0,0,0,0,0.0,,,34.149506,0.0,0.0,ECO,,,,,0.0,0.0,0.0,0
685435,0.0,0.0,0.0,0.0,0.0,0.0,udp,0.0,,cs0,,249.0,,7.0,,Start,1,1,0,74,74,0,74.0,0.0,0.0,0.0,0.0,0,0,0,0.0,,,0.0,0.0,0.0,INT,,,610.0,,0.0,0.0,0.0,0
685458,0.0,0.0,0.0,0.0,0.0,0.0,udp,0.0,,cs0,,249.0,,7.0,,Start,1,1,0,74,74,0,74.0,0.0,0.0,0.0,0.0,0,0,0,0.0,,,0.0,0.0,0.0,INT,,,610.0,,0.0,0.0,0.0,0
685517,0.0,0.0,0.0,0.0,0.0,0.0,udp,0.0,,cs0,,249.0,,7.0,,Start,1,1,0,74,74,0,74.0,0.0,0.0,0.0,0.0,0,0,0,0.0,,,0.0,0.0,0.0,INT,,,610.0,,0.0,0.0,0.0,0
685521,0.0,0.0,0.0,0.0,0.0,0.0,udp,0.0,,cs0,,249.0,,7.0,,Start,1,1,0,74,74,0,74.0,0.0,0.0,0.0,0.0,0,0,0,0.0,,,0.0,0.0,0.0,INT,,,610.0,,0.0,0.0,0.0,0
685524,0.0,0.0,0.0,0.0,0.0,0.0,udp,0.0,,cs0,,249.0,,7.0,,Start,1,1,0,74,74,0,74.0,0.0,0.0,0.0,0.0,0,0,0,0.0,,,0.0,0.0,0.0,INT,,,610.0,,0.0,0.0,0.0,0
685535,0.0,0.0,0.0,0.0,0.0,0.0,udp,0.0,,cs0,,249.0,,7.0,,Start,1,1,0,74,74,0,74.0,0.0,0.0,0.0,0.0,0,0,0,0.0,,,0.0,0.0,0.0,INT,,,610.0,,0.0,0.0,0.0,0
685536,0.0,0.0,0.0,0.0,0.0,0.0,udp,0.0,,cs0,,249.0,,7.0,,Start,1,1,0,74,74,0,74.0,0.0,0.0,0.0,0.0,0,0,0,0.0,,,0.0,0.0,0.0,INT,,,610.0,,0.0,0.0,0.0,0
685593,0.096521,0.096521,0.096521,0.096521,0.096521,0.096521,tcp,0.0,0.0,cs0,cs0,64.0,117.0,0.0,11.0,Status,74,22,52,76067,3025,73042,137.5,1404.653809,6176977.0,239367.6094,5937609.5,0,0,0,0.0,0.0,0.0,756.312134,217.569244,528.382446,CON,1340416.0,268288.0,,,0.042866,0.02067,0.022196,0
685667,0.0,0.0,0.0,0.0,0.0,0.0,udp,0.0,,cs0,,249.0,,7.0,,Start,1,1,0,74,74,0,74.0,0.0,0.0,0.0,0.0,0,0,0,0.0,,,0.0,0.0,0.0,INT,,,610.0,,0.0,0.0,0.0,0
685681,0.0,0.0,0.0,0.0,0.0,0.0,udp,0.0,,cs0,,249.0,,7.0,,Start,1,1,0,74,74,0,74.0,0.0,0.0,0.0,0.0,0,0,0,0.0,,,0.0,0.0,0.0,INT,,,610.0,,0.0,0.0,0.0,0
685683,0.0,0.0,0.0,0.0,0.0,0.0,udp,0.0,,cs0,,249.0,,7.0,,Start,1,1,0,74,74,0,74.0,0.0,0.0,0.0,0.0,0,0,0,0.0,,,0.0,0.0,0.0,INT,,,610.0,,0.0,0.0,0.0,0
685705,0.0,0.0,0.0,0.0,0.0,0.0,udp,0.0,,cs0,,249.0,,7.0,,Start,1,1,0,74,74,0,74.0,0.0,0.0,0.0,0.0,0,0,0,0.0,,,0.0,0.0,0.0,INT,,,610.0,,0.0,0.0,0.0,0
685770,0.0,0.0,0.0,0.0,0.0,0.0,udp,0.0,,cs0,,249.0,,7.0,,Start,1,1,0,74,74,0,74.0,0.0,0.0,0.0,0.0,0,0,0,0.0,,,0.0,0.0,0.0,INT,,,610.0,,0.0,0.0,0.0,0
685846,0.0,0.0,0.0,0.0,0.0,0.0,udp,0.0,,cs0,,249.0,,7.0,,Start,1,1,0,74,74,0,74.0,0.0,0.0,0.0,0.0,0,0,0,0.0,,,0.0,0.0,0.0,INT,,,610.0,,0.0,0.0,0.0,0
685856,0.0,0.0,0.0,0.0,0.0,0.0,udp,0.0,,cs0,,249.0,,7.0,,Start,1,1,0,74,74,0,74.0,0.0,0.0,0.0,0.0,0,0,0,0.0,,,0.0,0.0,0.0,INT,,,610.0,,0.0,0.0,0.0,0
685903,0.0,0.0,0.0,0.0,0.0,0.0,udp,0.0,,cs0,,249.0,,7.0,,Start,1,1,0,74,74,0,74.0,0.0,0.0,0.0,0.0,0,0,0,0.0,,,0.0,0.0,0.0,INT,,,610.0,,0.0,0.0,0.0,0
685933,0.0,0.0,0.0,0.0,0.0,0.0,udp,0.0,,cs0,,249.0,,7.0,,Start,1,1,0,74,74,0,74.0,0.0,0.0,0.0,0.0,0,0,0,0.0,,,0.0,0.0,0.0,INT,,,610.0,,0.0,0.0,0.0,0
685951,0.0,0.0,0.0,0.0,0.0,0.0,icmp,0.0,,cs0,,58.0,,6.0,,Start,1,1,0,98,98,0,98.0,0.0,0.0,0.0,0.0,0,0,0,0.0,,,0.0,0.0,0.0,ECO,,,,,0.0,0.0,0.0,0
686092,0.0,0.0,0.0,0.0,0.0,0.0,udp,0.0,,cs0,,249.0,,7.0,,Start,1,1,0,74,74,0,74.0,0.0,0.0,0.0,0.0,0,0,0,0.0,,,0.0,0.0,0.0,INT,,,610.0,,0.0,0.0,0.0,0
686106,0.0,0.0,0.0,0.0,0.0,0.0,udp,0.0,,cs0,,249.0,,7.0,,Start,1,1,0,74,74,0,74.0,0.0,0.0,0.0,0.0,0,0,0,0.0,,,0.0,0.0,0.0,INT,,,610.0,,0.0,0.0,0.0,0
686112,0.0,0.0,0.0,0.0,0.0,0.0,udp,0.0,,cs0,,249.0,,7.0,,Start,1,1,0,74,74,0,74.0,0.0,0.0,0.0,0.0,0,0,0,0.0,,,0.0,0.0,0.0,INT,,,610.0,,0.0,0.0,0.0,0
686194,0.0,0.0,0.0,0.0,0.0,0.0,udp,0.0,,cs0,,249.0,,7.0,,Start,1,1,0,74,74,0,74.0,0.0,0.0,0.0,0.0,0,0,0,0.0,,,0.0,0.0,0.0,INT,,,610.0,,0.0,0.0,0.0,0
686242,0.0,0.0,0.0,0.0,0.0,0.0,udp,0.0,,cs0,,249.0,,7.0,,Start,1,1,0,74,74,0,74.0,0.0,0.0,0.0,0.0,0,0,0,0.0,,,0.0,0.0,0.0,INT,,,610.0,,0.0,0.0,0.0,0
686297,0.0,0.0,0.0,0.0,0.0,0.0,udp,0.0,,cs0,,249.0,,7.0,,Start,1,1,0,74,74,0,74.0,0.0,0.0,0.0,0.0,0,0,0,0.0,,,0.0,0.0,0.0,INT,,,610.0,,0.0,0.0,0.0,0
686358,0.0,0.0,0.0,0.0,0.0,0.0,udp,0.0,,cs0,,249.0,,7.0,,Start,1,1,0,74,74,0,74.0,0.0,0.0,0.0,0.0,0,0,0,0.0,,,0.0,0.0,0.0,INT,,,610.0,,0.0,0.0,0.0,0
686365,0.0,0.0,0.0,0.0,0.0,0.0,udp,0.0,,cs0,,249.0,,7.0,,Start,1,1,0,74,74,0,74.0,0.0,0.0,0.0,0.0,0,0,0,0.0,,,0.0,0.0,0.0,INT,,,610.0,,0.0,0.0,0.0,0
686408,4.998973,4.998973,4.998973,4.998973,4.998973,4.998973,tcp,0.0,0.0,cs0,cs0,64.0,117.0,0.0,11.0,Status,79,18,61,88861,3008,85853,167.111115,1407.42627,139687.8906,4546.53418,135141.3594,0,0,0,0.0,0.0,0.0,15.603206,3.400699,12.002465,CON,1440256.0,278016.0,,,0.035855,0.020815,0.01504,0
686458,0.0,0.0,0.0,0.0,0.0,0.0,udp,0.0,,cs0,,249.0,,7.0,,Start,1,1,0,74,74,0,74.0,0.0,0.0,0.0,0.0,0,0,0,0.0,,,0.0,0.0,0.0,INT,,,610.0,,0.0,0.0,0.0,0
686473,0.0,0.0,0.0,0.0,0.0,0.0,udp,0.0,,cs0,,249.0,,7.0,,Start,1,1,0,74,74,0,74.0,0.0,0.0,0.0,0.0,0,0,0,0.0,,,0.0,0.0,0.0,INT,,,610.0,,0.0,0.0,0.0,0
686496,0.0,0.0,0.0,0.0,0.0,0.0,icmp,0.0,,cs0,,58.0,,6.0,,Start,1,1,0,98,98,0,98.0,0.0,0.0,0.0,0.0,0,0,0,0.0,,,0.0,0.0,0.0,ECO,,,,,0.0,0.0,0.0,0
686578,0.0,0.0,0.0,0.0,0.0,0.0,udp,0.0,,cs0,,249.0,,7.0,,Start,1,1,0,74,74,0,74.0,0.0,0.0,0.0,0.0,0,0,0,0.0,,,0.0,0.0,0.0,INT,,,610.0,,0.0,0.0,0.0,0
686581,0.0,0.0,0.0,0.0,0.0,0.0,udp,0.0,,cs0,,249.0,,7.0,,Start,1,1,0,74,74,0,74.0,0.0,0.0,0.0,0.0,0,0,0,0.0,,,0.0,0.0,0.0,INT,,,610.0,,0.0,0.0,0.0,0
686653,0.0,0.0,0.0,0.0,0.0,0.0,udp,0.0,,cs0,,249.0,,7.0,,Start,1,1,0,74,74,0,74.0,0.0,0.0,0.0,0.0,0,0,0,0.0,,,0.0,0.0,0.0,INT,,,610.0,,0.0,0.0,0.0,0
686709,0.0,0.0,0.0,0.0,0.0,0.0,udp,0.0,,cs0,,249.0,,7.0,,Start,1,1,0,74,74,0,74.0,0.0,0.0,0.0,0.0,0,0,0,0.0,,,0.0,0.0,0.0,INT,,,610.0,,0.0,0.0,0.0,0
686808,0.0,0.0,0.0,0.0,0.0,0.0,udp,0.0,,cs0,,249.0,,7.0,,Start,1,1,0,74,74,0,74.0,0.0,0.0,0.0,0.0,0,0,0,0.0,,,0.0,0.0,0.0,INT,,,610.0,,0.0,0.0,0.0,0
686853,0.0,0.0,0.0,0.0,0.0,0.0,udp,0.0,,cs0,,249.0,,7.0,,Start,1,1,0,74,74,0,74.0,0.0,0.0,0.0,0.0,0,0,0,0.0,,,0.0,0.0,0.0,INT,,,610.0,,0.0,0.0,0.0,0
686963,0.071903,0.071903,0.071903,0.071903,0.071903,0.071903,udp,0.0,0.0,cs0,cs0,64.0,117.0,0.0,11.0,Status,5,3,2,668,530,138,176.666672,69.0,47063.40625,39386.39844,7677.009766,0,0,0,0.0,,,55.630505,27.815252,13.907626,CON,,,,,0.0,0.0,0.0,0
686993,0.0,0.0,0.0,0.0,0.0,0.0,udp,0.0,,cs0,,249.0,,7.0,,Start,1,1,0,74,74,0,74.0,0.0,0.0,0.0,0.0,0,0,0,0.0,,,0.0,0.0,0.0,INT,,,610.0,,0.0,0.0,0.0,0
687009,0.0,0.0,0.0,0.0,0.0,0.0,udp,0.0,,cs0,,249.0,,7.0,,Start,1,1,0,74,74,0,74.0,0.0,0.0,0.0,0.0,0,0,0,0.0,,,0.0,0.0,0.0,INT,,,610.0,,0.0,0.0,0.0,0
687036,0.0,0.0,0.0,0.0,0.0,0.0,udp,0.0,,cs0,,249.0,,7.0,,Start,1,1,0,74,74,0,74.0,0.0,0.0,0.0,0.0,0,0,0,0.0,,,0.0,0.0,0.0,INT,,,610.0,,0.0,0.0,0.0,0
687043,0.0,0.0,0.0,0.0,0.0,0.0,udp,0.0,,cs0,,249.0,,7.0,,Start,1,1,0,74,74,0,74.0,0.0,0.0,0.0,0.0,0,0,0,0.0,,,0.0,0.0,0.0,INT,,,610.0,,0.0,0.0,0.0,0
687127,0.0,0.0,0.0,0.0,0.0,0.0,udp,0.0,,cs0,,249.0,,7.0,,Start,1,1,0,74,74,0,74.0,0.0,0.0,0.0,0.0,0,0,0,0.0,,,0.0,0.0,0.0,INT,,,610.0,,0.0,0.0,0.0,0
687132,0.0,0.0,0.0,0.0,0.0,0.0,udp,0.0,,cs0,,249.0,,7.0,,Start,1,1,0,74,74,0,74.0,0.0,0.0,0.0,0.0,0,0,0,0.0,,,0.0,0.0,0.0,INT,,,610.0,,0.0,0.0,0.0,0
687242,0.0,0.0,0.0,0.0,0.0,0.0,udp,0.0,,cs0,,249.0,,7.0,,Start,1,1,0,74,74,0,74.0,0.0,0.0,0.0,0.0,0,0,0,0.0,,,0.0,0.0,0.0,INT,,,610.0,,0.0,0.0,0.0,0
687249,0.0,0.0,0.0,0.0,0.0,0.0,udp,0.0,,cs0,,249.0,,7.0,,Start,1,1,0,74,74,0,74.0,0.0,0.0,0.0,0.0,0,0,0,0.0,,,0.0,0.0,0.0,INT,,,610.0,,0.0,0.0,0.0,0
687330,0.0,0.0,0.0,0.0,0.0,0.0,udp,0.0,,cs0,,249.0,,7.0,,Start,1,1,0,74,74,0,74.0,0.0,0.0,0.0,0.0,0,0,0,0.0,,,0.0,0.0,0.0,INT,,,610.0,,0.0,0.0,0.0,0
687355,0.0,0.0,0.0,0.0,0.0,0.0,udp,0.0,,cs0,,249.0,,7.0,,Start,1,1,0,74,74,0,74.0,0.0,0.0,0.0,0.0,0,0,0,0.0,,,0.0,0.0,0.0,INT,,,610.0,,0.0,0.0,0.0,0
687372,0.0,0.0,0.0,0.0,0.0,0.0,udp,0.0,,cs0,,249.0,,7.0,,Start,1,1,0,74,74,0,74.0,0.0,0.0,0.0,0.0,0,0,0,0.0,,,0.0,0.0,0.0,INT,,,610.0,,0.0,0.0,0.0,0
687424,4.993253,4.993253,4.993253,4.993253,4.993253,4.993253,tcp,0.0,0.0,cs0,cs0,64.0,117.0,0.0,11.0,Status,82,21,61,88646,3207,85439,152.714279,1400.639404,139538.6875,4894.604492,134644.0781,0,0,0,0.0,0.0,0.0,16.221889,4.005404,12.016214,CON,1441280.0,299264.0,,,0.035855,0.020815,0.01504,0
687453,0.0,0.0,0.0,0.0,0.0,0.0,udp,0.0,,cs0,,249.0,,7.0,,Start,1,1,0,74,74,0,74.0,0.0,0.0,0.0,0.0,0,0,0,0.0,,,0.0,0.0,0.0,INT,,,610.0,,0.0,0.0,0.0,0
687505,0.0,0.0,0.0,0.0,0.0,0.0,udp,0.0,,cs0,,249.0,,7.0,,Start,1,1,0,74,74,0,74.0,0.0,0.0,0.0,0.0,0,0,0,0.0,,,0.0,0.0,0.0,INT,,,610.0,,0.0,0.0,0.0,0
687507,0.0,0.0,0.0,0.0,0.0,0.0,udp,0.0,,cs0,,249.0,,7.0,,Start,1,1,0,74,74,0,74.0,0.0,0.0,0.0,0.0,0,0,0,0.0,,,0.0,0.0,0.0,INT,,,610.0,,0.0,0.0,0.0,0
687532,0.0,0.0,0.0,0.0,0.0,0.0,udp,0.0,,cs0,,249.0,,7.0,,Start,1,1,0,74,74,0,74.0,0.0,0.0,0.0,0.0,0,0,0,0.0,,,0.0,0.0,0.0,INT,,,610.0,,0.0,0.0,0.0,0
687548,0.0,0.0,0.0,0.0,0.0,0.0,udp,0.0,,cs0,,249.0,,7.0,,Start,1,1,0,74,74,0,74.0,0.0,0.0,0.0,0.0,0,0,0,0.0,,,0.0,0.0,0.0,INT,,,610.0,,0.0,0.0,0.0,0
687634,0.0,0.0,0.0,0.0,0.0,0.0,udp,0.0,,cs0,,249.0,,7.0,,Start,1,1,0,74,74,0,74.0,0.0,0.0,0.0,0.0,0,0,0,0.0,,,0.0,0.0,0.0,INT,,,610.0,,0.0,0.0,0.0,0
687663,0.0,0.0,0.0,0.0,0.0,0.0,udp,0.0,,cs0,,249.0,,7.0,,Start,1,1,0,74,74,0,74.0,0.0,0.0,0.0,0.0,0,0,0,0.0,,,0.0,0.0,0.0,INT,,,610.0,,0.0,0.0,0.0,0
687862,0.0,0.0,0.0,0.0,0.0,0.0,udp,0.0,,cs0,,249.0,,7.0,,Start,1,1,0,74,74,0,74.0,0.0,0.0,0.0,0.0,0,0,0,0.0,,,0.0,0.0,0.0,INT,,,610.0,,0.0,0.0,0.0,0
687974,0.0,0.0,0.0,0.0,0.0,0.0,udp,0.0,,cs0,,249.0,,7.0,,Start,1,1,0,74,74,0,74.0,0.0,0.0,0.0,0.0,0,0,0,0.0,,,0.0,0.0,0.0,INT,,,610.0,,0.0,0.0,0.0,0
687982,0.0,0.0,0.0,0.0,0.0,0.0,udp,0.0,,cs0,,249.0,,7.0,,Start,1,1,0,74,74,0,74.0,0.0,0.0,0.0,0.0,0,0,0,0.0,,,0.0,0.0,0.0,INT,,,610.0,,0.0,0.0,0.0,0
688006,0.0,0.0,0.0,0.0,0.0,0.0,udp,0.0,,cs0,,249.0,,7.0,,Start,1,1,0,74,74,0,74.0,0.0,0.0,0.0,0.0,0,0,0,0.0,,,0.0,0.0,0.0,INT,,,610.0,,0.0,0.0,0.0,0
688021,0.0,0.0,0.0,0.0,0.0,0.0,udp,0.0,,cs0,,249.0,,7.0,,Start,1,1,0,74,74,0,74.0,0.0,0.0,0.0,0.0,0,0,0,0.0,,,0.0,0.0,0.0,INT,,,610.0,,0.0,0.0,0.0,0
688047,0.0,0.0,0.0,0.0,0.0,0.0,udp,0.0,,cs0,,249.0,,7.0,,Start,1,1,0,74,74,0,74.0,0.0,0.0,0.0,0.0,0,0,0,0.0,,,0.0,0.0,0.0,INT,,,610.0,,0.0,0.0,0.0,0
688052,0.0,0.0,0.0,0.0,0.0,0.0,udp,0.0,,cs0,,249.0,,7.0,,Start,1,1,0,74,74,0,74.0,0.0,0.0,0.0,0.0,0,0,0,0.0,,,0.0,0.0,0.0,INT,,,610.0,,0.0,0.0,0.0,0
688079,0.0,0.0,0.0,0.0,0.0,0.0,udp,0.0,,cs0,,249.0,,7.0,,Start,1,1,0,74,74,0,74.0,0.0,0.0,0.0,0.0,0,0,0,0.0,,,0.0,0.0,0.0,INT,,,610.0,,0.0,0.0,0.0,0
688113,0.0,0.0,0.0,0.0,0.0,0.0,udp,0.0,,cs0,,249.0,,7.0,,Start,1,1,0,74,74,0,74.0,0.0,0.0,0.0,0.0,0,0,0,0.0,,,0.0,0.0,0.0,INT,,,610.0,,0.0,0.0,0.0,0
688170,0.0,0.0,0.0,0.0,0.0,0.0,udp,0.0,,cs0,,249.0,,7.0,,Start,1,1,0,74,74,0,74.0,0.0,0.0,0.0,0.0,0,0,0,0.0,,,0.0,0.0,0.0,INT,,,610.0,,0.0,0.0,0.0,0
688173,0.0,0.0,0.0,0.0,0.0,0.0,udp,0.0,,cs0,,249.0,,7.0,,Start,1,1,0,74,74,0,74.0,0.0,0.0,0.0,0.0,0,0,0,0.0,,,0.0,0.0,0.0,INT,,,610.0,,0.0,0.0,0.0,0
688255,0.0,0.0,0.0,0.0,0.0,0.0,udp,0.0,,cs0,,249.0,,7.0,,Start,1,1,0,74,74,0,74.0,0.0,0.0,0.0,0.0,0,0,0,0.0,,,0.0,0.0,0.0,INT,,,610.0,,0.0,0.0,0.0,0
688284,0.0,0.0,0.0,0.0,0.0,0.0,udp,0.0,,cs0,,249.0,,7.0,,Start,1,1,0,74,74,0,74.0,0.0,0.0,0.0,0.0,0,0,0,0.0,,,0.0,0.0,0.0,INT,,,610.0,,0.0,0.0,0.0,0
688351,0.0,0.0,0.0,0.0,0.0,0.0,udp,0.0,,cs0,,249.0,,7.0,,Start,1,1,0,74,74,0,74.0,0.0,0.0,0.0,0.0,0,0,0,0.0,,,0.0,0.0,0.0,INT,,,610.0,,0.0,0.0,0.0,0
688404,0.0,0.0,0.0,0.0,0.0,0.0,udp,0.0,,cs0,,249.0,,7.0,,Start,1,1,0,74,74,0,74.0,0.0,0.0,0.0,0.0,0,0,0,0.0,,,0.0,0.0,0.0,INT,,,610.0,,0.0,0.0,0.0,0
688438,0.069536,0.069536,0.069536,0.069536,0.069536,0.069536,icmp,0.0,0.0,cs0,cs0,58.0,64.0,6.0,0.0,Start,2,1,1,196,98,98,98.0,98.0,0.0,0.0,0.0,0,0,0,0.0,,,14.38104,0.0,0.0,ECO,,,,,0.0,0.0,0.0,0
688471,0.0,0.0,0.0,0.0,0.0,0.0,udp,0.0,,cs0,,249.0,,7.0,,Start,1,1,0,74,74,0,74.0,0.0,0.0,0.0,0.0,0,0,0,0.0,,,0.0,0.0,0.0,INT,,,610.0,,0.0,0.0,0.0,0
688548,0.0,0.0,0.0,0.0,0.0,0.0,udp,0.0,,cs0,,249.0,,7.0,,Shutdown,1,1,0,74,74,0,74.0,0.0,0.0,0.0,0.0,0,0,0,0.0,,,0.0,0.0,0.0,REQ,,,610.0,,0.0,0.0,0.0,0
688595,0.058799,0.058799,0.058799,0.058799,0.058799,0.058799,tcp,0.0,0.0,cs0,cs0,64.0,62.0,0.0,2.0,Start,3,2,1,715,291,424,145.5,424.0,19864.2832,19864.2832,0.0,0,0,0,0.0,0.0,0.0,34.014183,17.007092,0.0,CON,137.0,260.0,,,0.0,0.0,0.0,0
688598,0.078892,0.078892,0.078892,0.078892,0.078892,0.078892,udp,0.0,0.0,cs0,cs0,64.0,117.0,0.0,11.0,Start,5,3,2,676,532,144,177.333328,72.0,43299.70313,35998.58203,7301.120605,0,0,0,0.0,,,50.702225,25.351112,12.675556,CON,,,,,0.0,0.0,0.0,0
688611,0.011296,0.011296,0.011296,0.011296,0.011296,0.011296,icmp,0.0,0.0,cs0,cs0,58.0,64.0,6.0,0.0,Start,2,1,1,196,98,98,98.0,98.0,0.0,0.0,0.0,0,0,0,0.0,,,88.526909,0.0,0.0,ECO,,,,,0.0,0.0,0.0,0
688626,0.133034,0.133034,0.133034,0.133034,0.133034,0.133034,udp,0.0,0.0,cs0,cs0,64.0,53.0,0.0,11.0,Start,7,4,3,3940,3031,909,757.75,303.0,173188.7969,136746.9844,36441.80859,0,0,0,0.0,,,45.10125,22.550625,15.033751,CON,,,,,0.0,0.0,0.0,0
688655,0.0,0.0,0.0,0.0,0.0,0.0,icmp,0.0,,cs0,,58.0,,6.0,,Start,1,1,0,98,98,0,98.0,0.0,0.0,0.0,0.0,0,0,0,0.0,,,0.0,0.0,0.0,ECO,,,,,0.0,0.0,0.0,0
688698,0.013947,0.013947,0.013947,0.013947,0.013947,0.013947,tcp,0.0,0.0,cs0,cs0,64.0,62.0,0.0,2.0,Status,4,3,1,295,229,66,76.333336,66.0,87760.8125,87760.8125,0.0,0,0,0,0.0,0.0,0.0,215.100021,143.400009,0.0,FIN,90112.0,31104.0,,,0.012942,0.001199,0.011743,0
688710,0.0,0.0,0.0,0.0,0.0,0.0,icmp,0.0,,cs0,,58.0,,6.0,,Start,1,1,0,98,98,0,98.0,0.0,0.0,0.0,0.0,0,0,0,0.0,,,0.0,0.0,0.0,ECO,,,,,0.0,0.0,0.0,0
688720,0.076478,0.076478,0.076478,0.076478,0.076478,0.076478,udp,0.0,0.0,cs0,cs0,64.0,117.0,0.0,11.0,Status,6,3,3,730,530,200,176.666672,66.666664,51047.36328,37030.25781,14017.10352,0,0,0,0.0,,,65.378281,26.151312,26.151312,CON,,,,,0.0,0.0,0.0,0
688757,2.995179,2.995179,2.995179,2.995179,2.995179,2.995179,tcp,136.0,,af41,,255.0,,1.0,,Start,3,3,0,222,222,0,74.0,0.0,395.30191,395.30191,0.0,2,2,0,40.0,0.0,0.0,0.66774,0.66774,0.0,REQ,3737600.0,,,,0.0,0.0,0.0,0
688783,0.0,0.0,0.0,0.0,0.0,0.0,icmp,0.0,,cs0,,58.0,,6.0,,Start,1,1,0,98,98,0,98.0,0.0,0.0,0.0,0.0,0,0,0,0.0,,,0.0,0.0,0.0,ECO,,,,,0.0,0.0,0.0,0
688830,0.13303,0.13303,0.13303,0.13303,0.13303,0.13303,udp,0.0,0.0,cs0,cs0,64.0,53.0,0.0,11.0,Status,7,4,3,4339,3030,1309,757.5,436.333344,189190.4063,136690.9688,52499.4375,0,0,0,0.0,,,45.102608,22.551304,15.034204,CON,,,,,0.0,0.0,0.0,0
688839,0.03935,0.03935,0.03935,0.03935,0.03935,0.03935,icmp,0.0,0.0,cs0,cs0,58.0,64.0,6.0,0.0,Start,2,1,1,196,98,98,98.0,98.0,0.0,0.0,0.0,0,0,0,0.0,,,25.412962,0.0,0.0,ECO,,,,,0.0,0.0,0.0,0
688881,0.0,0.0,0.0,0.0,0.0,0.0,udp,0.0,,cs0,,249.0,,7.0,,Start,1,1,0,74,74,0,74.0,0.0,0.0,0.0,0.0,0,0,0,0.0,,,0.0,0.0,0.0,INT,,,610.0,,0.0,0.0,0.0,0
688945,4.966799,4.966799,4.966799,4.966799,4.966799,4.966799,udp,0.0,0.0,cs0,cs0,117.0,64.0,11.0,0.0,Status,295,274,21,377696,373063,4633,1361.543823,220.619049,605806.6875,598698.6875,7107.999023,0,0,0,0.0,,,59.193058,54.964981,4.026739,CON,,,,,0.0,0.0,0.0,0
688964,4.998852,4.998852,4.998852,4.998852,4.998852,4.998852,udp,0.0,0.0,cs0,cs0,64.0,117.0,0.0,11.0,Status,190,10,180,250084,4037,246047,403.700012,1366.927734,397395.25,5815.735352,391579.5313,0,0,0,0.0,,,37.808681,1.800413,35.808224,CON,,,,,0.0,0.0,0.0,0
688997,4.985197,4.985197,4.985197,4.985197,4.985197,4.985197,udp,0.0,0.0,cs0,cs0,117.0,64.0,11.0,0.0,Status,248,228,20,313896,309340,4556,1356.754395,227.800003,501184.5938,494237.625,6946.967285,0,0,0,0.0,,,49.546688,45.534809,3.811284,CON,,,,,0.0,0.0,0.0,0
689060,0.0,0.0,0.0,0.0,0.0,0.0,icmp,0.0,,cs0,,58.0,,6.0,,Start,1,1,0,98,98,0,98.0,0.0,0.0,0.0,0.0,0,0,0,0.0,,,0.0,0.0,0.0,ECO,,,,,0.0,0.0,0.0,0
689082,0.054633,0.054633,0.054633,0.054633,0.054633,0.054633,icmp,0.0,0.0,cs0,cs0,58.0,64.0,6.0,0.0,Start,2,1,1,196,98,98,98.0,98.0,0.0,0.0,0.0,0,0,0,0.0,,,18.303955,0.0,0.0,ECO,,,,,0.0,0.0,0.0,0
689084,0.0,0.0,0.0,0.0,0.0,0.0,icmp,0.0,,cs0,,58.0,,6.0,,Start,1,1,0,98,98,0,98.0,0.0,0.0,0.0,0.0,0,0,0,0.0,,,0.0,0.0,0.0,ECO,,,,,0.0,0.0,0.0,0
689090,0.08921,0.08921,0.08921,0.08921,0.08921,0.08921,udp,0.0,0.0,cs0,cs0,64.0,117.0,0.0,11.0,Status,6,3,3,730,530,200,176.666672,66.666664,43761.91016,31745.31836,12016.58984,0,0,0,0.0,,,56.047527,22.41901,22.41901,CON,,,,,0.0,0.0,0.0,0
689354,0.0,0.0,0.0,0.0,0.0,0.0,icmp,0.0,,cs0,,58.0,,6.0,,Start,1,1,0,98,98,0,98.0,0.0,0.0,0.0,0.0,0,0,0,0.0,,,0.0,0.0,0.0,ECO,,,,,0.0,0.0,0.0,0
689444,0.072876,0.072876,0.072876,0.072876,0.072876,0.072876,udp,0.0,0.0,cs0,cs0,64.0,117.0,0.0,11.0,Status,5,3,2,668,530,138,176.666672,69.0,46435.04297,38860.53125,7574.510254,0,0,0,0.0,,,54.887756,27.443878,13.721939,CON,,,,,0.0,0.0,0.0,0
689446,0.062091,0.062091,0.062091,0.062091,0.062091,0.062091,icmp,0.0,0.0,cs0,cs0,58.0,64.0,6.0,0.0,Start,2,1,1,196,98,98,98.0,98.0,0.0,0.0,0.0,0,0,0,0.0,,,16.105394,0.0,0.0,ECO,,,,,0.0,0.0,0.0,0
689474,0.0,0.0,0.0,0.0,0.0,0.0,icmp,0.0,,cs0,,58.0,,6.0,,Start,1,1,0,98,98,0,98.0,0.0,0.0,0.0,0.0,0,0,0,0.0,,,0.0,0.0,0.0,ECO,,,,,0.0,0.0,0.0,0
689526,0.0,0.0,0.0,0.0,0.0,0.0,icmp,0.0,,cs0,,58.0,,6.0,,Start,1,1,0,98,98,0,98.0,0.0,0.0,0.0,0.0,0,0,0,0.0,,,0.0,0.0,0.0,ECO,,,,,0.0,0.0,0.0,0
689548,0.0,0.0,0.0,0.0,0.0,0.0,icmp,0.0,,cs0,,58.0,,6.0,,Start,1,1,0,98,98,0,98.0,0.0,0.0,0.0,0.0,0,0,0,0.0,,,0.0,0.0,0.0,ECO,,,,,0.0,0.0,0.0,0
689672,0.073001,0.073001,0.073001,0.073001,0.073001,0.073001,udp,0.0,0.0,cs0,cs0,64.0,117.0,0.0,11.0,Status,6,3,3,730,530,200,176.666672,66.666664,53478.72266,38793.99219,14684.73047,0,0,0,0.0,,,68.492218,27.396887,27.396887,CON,,,,,0.0,0.0,0.0,0
689755,0.0,0.0,0.0,0.0,0.0,0.0,icmp,0.0,,cs0,,58.0,,6.0,,Start,1,1,0,98,98,0,98.0,0.0,0.0,0.0,0.0,0,0,0,0.0,,,0.0,0.0,0.0,ECO,,,,,0.0,0.0,0.0,0
689776,0.174896,0.174896,0.174896,0.174896,0.174896,0.174896,udp,0.0,0.0,cs0,cs0,64.0,52.0,0.0,12.0,Start,21,13,8,13722,9094,4628,699.538452,578.5,569252.5625,383999.625,185252.9531,0,0,0,0.0,,,114.353668,68.612206,40.023785,CON,,,,,0.0,0.0,0.0,0
689828,0.0,0.0,0.0,0.0,0.0,0.0,icmp,0.0,,cs0,,58.0,,6.0,,Start,1,1,0,98,98,0,98.0,0.0,0.0,0.0,0.0,0,0,0,0.0,,,0.0,0.0,0.0,ECO,,,,,0.0,0.0,0.0,0
689853,0.0,0.0,0.0,0.0,0.0,0.0,icmp,0.0,,cs0,,58.0,,6.0,,Start,1,1,0,98,98,0,98.0,0.0,0.0,0.0,0.0,0,0,0,0.0,,,0.0,0.0,0.0,ECO,,,,,0.0,0.0,0.0,0
690173,0.084995,0.084995,0.084995,0.084995,0.084995,0.084995,icmp,0.0,0.0,cs0,cs0,58.0,64.0,6.0,0.0,Start,2,1,1,196,98,98,98.0,98.0,0.0,0.0,0.0,0,0,0,0.0,,,11.765398,0.0,0.0,ECO,,,,,0.0,0.0,0.0,0
690982,0.130633,0.130633,0.130633,0.130633,0.130633,0.130633,udp,0.0,0.0,cs0,cs0,64.0,52.0,0.0,12.0,Start,21,11,10,6857,2513,4344,228.454544,434.399994,379383.4688,139934.0156,239449.4531,0,0,0,0.0,,,153.100677,76.550339,68.895302,CON,,,,,0.0,0.0,0.0,0
691316,0.0,0.0,0.0,0.0,0.0,0.0,icmp,0.0,,cs0,,58.0,,6.0,,Start,1,1,0,98,98,0,98.0,0.0,0.0,0.0,0.0,0,0,0,0.0,,,0.0,0.0,0.0,ECO,,,,,0.0,0.0,0.0,0
691598,0.039408,0.039408,0.039408,0.039408,0.039408,0.039408,icmp,0.0,0.0,cs0,cs0,58.0,64.0,6.0,0.0,Start,2,1,1,196,98,98,98.0,98.0,0.0,0.0,0.0,0,0,0,0.0,,,25.375559,0.0,0.0,ECO,,,,,0.0,0.0,0.0,0
691926,0.070325,0.070325,0.070325,0.070325,0.070325,0.070325,icmp,0.0,0.0,cs0,cs0,58.0,64.0,6.0,0.0,Start,2,1,1,196,98,98,98.0,98.0,0.0,0.0,0.0,0,0,0,0.0,,,14.219694,0.0,0.0,ECO,,,,,0.0,0.0,0.0,0
692082,0.0,0.0,0.0,0.0,0.0,0.0,icmp,0.0,,cs0,,58.0,,6.0,,Start,1,1,0,98,98,0,98.0,0.0,0.0,0.0,0.0,0,0,0,0.0,,,0.0,0.0,0.0,ECO,,,,,0.0,0.0,0.0,0
692642,0.0,0.0,0.0,0.0,0.0,0.0,icmp,0.0,,cs0,,58.0,,6.0,,Start,1,1,0,98,98,0,98.0,0.0,0.0,0.0,0.0,0,0,0,0.0,,,0.0,0.0,0.0,ECO,,,,,0.0,0.0,0.0,0
692648,4.905942,4.905942,4.905942,4.905942,4.905942,4.905942,udp,0.0,0.0,cs0,cs0,117.0,64.0,11.0,0.0,Status,168,144,24,197321,192162,5159,1334.458374,214.958328,319242.25,311178.5625,8063.690918,0,0,0,0.0,,,34.040352,29.148327,4.688192,CON,,,,,0.0,0.0,0.0,0
693162,0.0,0.0,0.0,0.0,0.0,0.0,icmp,0.0,,cs0,,58.0,,6.0,,Start,1,1,0,98,98,0,98.0,0.0,0.0,0.0,0.0,0,0,0,0.0,,,0.0,0.0,0.0,ECO,,,,,0.0,0.0,0.0,0
693464,4.98747,4.98747,4.98747,4.98747,4.98747,4.98747,udp,0.0,0.0,cs0,cs0,117.0,64.0,11.0,0.0,Status,117,100,17,134943,130323,4620,1303.22998,271.764709,213926.5,206950.6094,6975.881348,0,0,0,0.0,,,23.258284,19.849743,3.208039,CON,,,,,0.0,0.0,0.0,0
694043,0.0,0.0,0.0,0.0,0.0,0.0,icmp,0.0,,cs0,,58.0,,6.0,,Start,1,1,0,98,98,0,98.0,0.0,0.0,0.0,0.0,0,0,0,0.0,,,0.0,0.0,0.0,ECO,,,,,0.0,0.0,0.0,0
694324,0.022165,0.022165,0.022165,0.022165,0.022165,0.022165,icmp,0.0,0.0,cs0,cs0,58.0,64.0,6.0,0.0,Start,2,1,1,196,98,98,98.0,98.0,0.0,0.0,0.0,0,0,0,0.0,,,45.116173,0.0,0.0,ECO,,,,,0.0,0.0,0.0,0
695731,0.0,0.0,0.0,0.0,0.0,0.0,icmp,0.0,,cs0,,58.0,,6.0,,Start,1,1,0,98,98,0,98.0,0.0,0.0,0.0,0.0,0,0,0,0.0,,,0.0,0.0,0.0,ECO,,,,,0.0,0.0,0.0,0
695751,0.026159,0.026159,0.026159,0.026159,0.026159,0.026159,icmp,0.0,0.0,cs0,cs0,58.0,64.0,6.0,0.0,Start,2,1,1,196,98,98,98.0,98.0,0.0,0.0,0.0,0,0,0,0.0,,,38.22776,0.0,0.0,ECO,,,,,0.0,0.0,0.0,0
695769,4.998254,4.998254,4.998254,4.998254,4.998254,4.998254,udp,0.0,0.0,cs0,cs0,117.0,64.0,11.0,0.0,Status,225,210,15,290277,286077,4200,1362.271484,280.0,461977.3438,455703.1563,6274.191406,0,0,0,0.0,,,44.815651,41.814602,2.800978,CON,,,,,0.0,0.0,0.0,0
695847,0.0,0.0,0.0,0.0,0.0,0.0,icmp,0.0,,cs0,,58.0,,6.0,,Start,1,1,0,98,98,0,98.0,0.0,0.0,0.0,0.0,0,0,0,0.0,,,0.0,0.0,0.0,ECO,,,,,0.0,0.0,0.0,0
696440,0.007901,0.007901,0.007901,0.007901,0.007901,0.007901,tcp,0.0,0.0,cs0,cs0,64.0,62.0,0.0,2.0,Status,6,2,4,420,132,288,66.0,72.0,285533.4688,66826.98438,218706.5,0,0,0,0.0,0.0,0.0,632.831299,126.566261,379.698792,FIN,80384.0,32256.0,,,0.020203,0.001022,0.019181,0
697377,0.052992,0.052992,0.052992,0.052992,0.052992,0.052992,udp,0.0,0.0,cs0,cs0,64.0,53.0,0.0,11.0,Start,9,5,4,5596,3678,1918,735.599976,479.5,661533.8125,444293.4688,217240.3281,0,0,0,0.0,,,150.966187,75.483093,56.612316,CON,,,,,0.0,0.0,0.0,0
698288,0.0,0.0,0.0,0.0,0.0,0.0,icmp,0.0,,cs0,,58.0,,6.0,,Start,1,1,0,98,98,0,98.0,0.0,0.0,0.0,0.0,0,0,0,0.0,,,0.0,0.0,0.0,ECO,,,,,0.0,0.0,0.0,0
698916,0.0,0.0,0.0,0.0,0.0,0.0,icmp,0.0,,cs0,,58.0,,6.0,,Start,1,1,0,98,98,0,98.0,0.0,0.0,0.0,0.0,0,0,0,0.0,,,0.0,0.0,0.0,ECO,,,,,0.0,0.0,0.0,0
699548,0.0,0.0,0.0,0.0,0.0,0.0,icmp,0.0,,cs0,,58.0,,6.0,,Start,1,1,0,98,98,0,98.0,0.0,0.0,0.0,0.0,0,0,0,0.0,,,0.0,0.0,0.0,ECO,,,,,0.0,0.0,0.0,0
699566,0.052279,0.052279,0.052279,0.052279,0.052279,0.052279,udp,0.0,0.0,cs0,cs0,64.0,117.0,0.0,11.0,Status,6,3,3,728,528,200,176.0,66.666664,74370.21094,53864.83984,20505.36523,0,0,0,0.0,,,95.640701,38.256279,38.256279,CON,,,,,0.0,0.0,0.0,0
700099,4.94793,4.94793,4.94793,4.94793,4.94793,4.94793,udp,0.0,0.0,cs0,cs0,64.0,117.0,0.0,11.0,Status,83,8,75,104026,3891,100135,486.375,1335.133301,165248.9063,5505.33252,159743.5781,0,0,0,0.0,,,16.572588,1.414733,14.95575,CON,,,,,0.0,0.0,0.0,0
700980,0.053327,0.053327,0.053327,0.053327,0.053327,0.053327,udp,0.0,0.0,cs0,cs0,64.0,117.0,0.0,11.0,Status,6,3,3,746,546,200,182.0,66.666664,74708.86719,54606.48438,20102.38672,0,0,0,0.0,,,93.761131,37.504452,37.504452,CON,,,,,0.0,0.0,0.0,0
700984,0.052869,0.052869,0.052869,0.052869,0.052869,0.052869,udp,0.0,0.0,cs0,cs0,64.0,117.0,0.0,11.0,Status,5,3,2,668,530,138,176.666672,69.0,64007.26563,53566.36328,10440.90137,0,0,0,0.0,,,75.658707,37.829353,18.914677,CON,,,,,0.0,0.0,0.0,0
701352,0.071091,0.071091,0.071091,0.071091,0.071091,0.071091,icmp,0.0,0.0,cs0,cs0,58.0,64.0,6.0,0.0,Start,2,1,1,196,98,98,98.0,98.0,0.0,0.0,0.0,0,0,0,0.0,,,14.066478,0.0,0.0,ECO,,,,,0.0,0.0,0.0,0
701700,4.998313,4.998313,4.998313,4.998313,4.998313,4.998313,udp,0.0,0.0,cs0,cs0,117.0,64.0,11.0,0.0,Status,216,195,21,270262,266033,4229,1364.271851,201.380951,430060.3125,423613.3438,6446.975098,0,0,0,0.0,,,43.014515,38.813095,4.00135,CON,,,,,0.0,0.0,0.0,0
701983,4.999745,4.999745,4.999745,4.999745,4.999745,4.999745,udp,0.0,0.0,cs0,cs0,117.0,64.0,11.0,0.0,Status,338,318,20,439285,434009,5276,1364.808228,263.799988,700288.5,692267.3125,8021.209473,0,0,0,0.0,,,67.403442,63.403236,3.800194,CON,,,,,0.0,0.0,0.0,0
702801,4.999556,4.999556,4.999556,4.999556,4.999556,4.999556,udp,0.0,0.0,cs0,cs0,117.0,64.0,11.0,0.0,Status,271,252,19,347551,343464,4087,1362.952393,215.10527,553607.5625,547411.8125,6195.75,0,0,0,0.0,,,54.004795,50.204456,3.60032,CON,,,,,0.0,0.0,0.0,0
703228,0.0,0.0,0.0,0.0,0.0,0.0,icmp,0.0,,cs0,,58.0,,6.0,,Start,1,1,0,98,98,0,98.0,0.0,0.0,0.0,0.0,0,0,0,0.0,,,0.0,0.0,0.0,ECO,,,,,0.0,0.0,0.0,0
704547,0.0,0.0,0.0,0.0,0.0,0.0,udp,0.0,,cs0,,255.0,,1.0,,Start,1,1,0,70,70,0,70.0,0.0,0.0,0.0,0.0,0,0,0,0.0,,,0.0,0.0,0.0,INT,,,,,0.0,0.0,0.0,0
705124,0.087239,0.087239,0.087239,0.087239,0.087239,0.087239,icmp,0.0,0.0,cs0,cs0,58.0,64.0,6.0,0.0,Start,2,1,1,196,98,98,98.0,98.0,0.0,0.0,0.0,0,0,0,0.0,,,11.462764,0.0,0.0,ECO,,,,,0.0,0.0,0.0,0
705380,0.0,0.0,0.0,0.0,0.0,0.0,icmp,0.0,,cs0,,58.0,,6.0,,Start,1,1,0,98,98,0,98.0,0.0,0.0,0.0,0.0,0,0,0,0.0,,,0.0,0.0,0.0,ECO,,,,,0.0,0.0,0.0,0
705672,0.0,0.0,0.0,0.0,0.0,0.0,icmp,0.0,,cs0,,58.0,,6.0,,Start,1,1,0,98,98,0,98.0,0.0,0.0,0.0,0.0,0,0,0,0.0,,,0.0,0.0,0.0,ECO,,,,,0.0,0.0,0.0,0
706704,0.0,0.0,0.0,0.0,0.0,0.0,icmp,0.0,,cs0,,58.0,,6.0,,Start,1,1,0,98,98,0,98.0,0.0,0.0,0.0,0.0,0,0,0,0.0,,,0.0,0.0,0.0,ECO,,,,,0.0,0.0,0.0,0
706977,0.088191,0.088191,0.088191,0.088191,0.088191,0.088191,icmp,0.0,0.0,cs0,cs0,58.0,64.0,6.0,0.0,Start,2,1,1,196,98,98,98.0,98.0,0.0,0.0,0.0,0,0,0,0.0,,,11.339025,0.0,0.0,ECO,,,,,0.0,0.0,0.0,0
707193,0.083182,0.083182,0.083182,0.083182,0.083182,0.083182,icmp,0.0,0.0,cs0,cs0,58.0,64.0,6.0,0.0,Start,2,1,1,196,98,98,98.0,98.0,0.0,0.0,0.0,0,0,0,0.0,,,12.021832,0.0,0.0,ECO,,,,,0.0,0.0,0.0,0
707787,0.0,0.0,0.0,0.0,0.0,0.0,icmp,0.0,,cs0,,58.0,,6.0,,Start,1,1,0,98,98,0,98.0,0.0,0.0,0.0,0.0,0,0,0,0.0,,,0.0,0.0,0.0,ECO,,,,,0.0,0.0,0.0,0
709255,0.0,0.0,0.0,0.0,0.0,0.0,icmp,0.0,,cs0,,58.0,,6.0,,Start,1,1,0,98,98,0,98.0,0.0,0.0,0.0,0.0,0,0,0,0.0,,,0.0,0.0,0.0,ECO,,,,,0.0,0.0,0.0,0
710639,0.0,0.0,0.0,0.0,0.0,0.0,icmp,0.0,,cs0,,58.0,,6.0,,Start,1,1,0,98,98,0,98.0,0.0,0.0,0.0,0.0,0,0,0,0.0,,,0.0,0.0,0.0,ECO,,,,,0.0,0.0,0.0,0
710686,0.0,0.0,0.0,0.0,0.0,0.0,icmp,0.0,,cs0,,58.0,,6.0,,Start,1,1,0,98,98,0,98.0,0.0,0.0,0.0,0.0,0,0,0,0.0,,,0.0,0.0,0.0,ECO,,,,,0.0,0.0,0.0,0
711687,0.08272,0.08272,0.08272,0.08272,0.08272,0.08272,icmp,0.0,0.0,cs0,cs0,58.0,64.0,6.0,0.0,Start,2,1,1,196,98,98,98.0,98.0,0.0,0.0,0.0,0,0,0,0.0,,,12.088975,0.0,0.0,ECO,,,,,0.0,0.0,0.0,0
711976,0.06095,0.06095,0.06095,0.06095,0.06095,0.06095,udp,0.0,0.0,cs0,cs0,64.0,117.0,0.0,11.0,Status,5,3,2,668,530,138,176.666672,69.0,55520.91797,46464.31641,9056.603516,0,0,0,0.0,,,65.627563,32.813782,16.406891,CON,,,,,0.0,0.0,0.0,0
712030,0.0,0.0,0.0,0.0,0.0,0.0,icmp,0.0,,cs0,,58.0,,6.0,,Start,1,1,0,98,98,0,98.0,0.0,0.0,0.0,0.0,0,0,0,0.0,,,0.0,0.0,0.0,ECO,,,,,0.0,0.0,0.0,0
712050,0.234945,0.234945,0.234945,0.234945,0.234945,0.234945,udp,0.0,0.0,cs0,cs0,64.0,52.0,0.0,12.0,Start,21,13,8,13322,8583,4739,660.230774,592.375,410989.8125,269782.2813,141207.5156,0,0,0,0.0,,,85.126305,51.075783,29.794207,CON,,,,,0.0,0.0,0.0,0
712139,0.0,0.0,0.0,0.0,0.0,0.0,icmp,0.0,,cs0,,58.0,,6.0,,Start,1,1,0,98,98,0,98.0,0.0,0.0,0.0,0.0,0,0,0,0.0,,,0.0,0.0,0.0,ECO,,,,,0.0,0.0,0.0,0
712332,4.998381,4.998381,4.998381,4.998381,4.998381,4.998381,udp,0.0,0.0,cs0,cs0,117.0,64.0,11.0,0.0,Status,296,279,17,386838,382889,3949,1372.362061,232.294113,616574.0,610624.875,5949.125977,0,0,0,0.0,,,59.019108,55.618008,3.201036,CON,,,,,0.0,0.0,0.0,0
712472,0.102379,0.102379,0.102379,0.102379,0.102379,0.102379,icmp,0.0,0.0,cs0,cs0,58.0,64.0,6.0,0.0,Start,2,1,1,196,98,98,98.0,98.0,0.0,0.0,0.0,0,0,0,0.0,,,9.767628,0.0,0.0,ECO,,,,,0.0,0.0,0.0,0
712527,0.05531,0.05531,0.05531,0.05531,0.05531,0.05531,icmp,0.0,0.0,cs0,cs0,58.0,64.0,6.0,0.0,Start,2,1,1,196,98,98,98.0,98.0,0.0,0.0,0.0,0,0,0,0.0,,,18.079914,0.0,0.0,ECO,,,,,0.0,0.0,0.0,0
713055,0.0,0.0,0.0,0.0,0.0,0.0,icmp,0.0,,cs0,,58.0,,6.0,,Start,1,1,0,98,98,0,98.0,0.0,0.0,0.0,0.0,0,0,0,0.0,,,0.0,0.0,0.0,ECO,,,,,0.0,0.0,0.0,0
713980,0.046944,0.046944,0.046944,0.046944,0.046944,0.046944,udp,0.0,0.0,cs0,cs0,64.0,117.0,0.0,11.0,Status,6,3,3,748,548,200,182.666672,66.666664,85207.90625,62372.1875,22835.71875,0,0,0,0.0,,,106.509888,42.603954,42.603954,CON,,,,,0.0,0.0,0.0,0
714164,4.952857,4.952857,4.952857,4.952857,4.952857,4.952857,udp,0.0,0.0,cs0,cs0,64.0,117.0,0.0,11.0,Status,256,15,241,330762,4397,326365,293.133331,1354.21167,531596.1875,6628.901367,524967.3125,0,0,0,0.0,,,51.485435,2.826651,48.456879,CON,,,,,0.0,0.0,0.0,0
714634,0.0513,0.0513,0.0513,0.0513,0.0513,0.0513,icmp,0.0,0.0,cs0,cs0,58.0,64.0,6.0,0.0,Start,2,1,1,196,98,98,98.0,98.0,0.0,0.0,0.0,0,0,0,0.0,,,19.493177,0.0,0.0,ECO,,,,,0.0,0.0,0.0,0
714957,0.045205,0.045205,0.045205,0.045205,0.045205,0.045205,icmp,0.0,0.0,cs0,cs0,58.0,64.0,6.0,0.0,Start,2,1,1,196,98,98,98.0,98.0,0.0,0.0,0.0,0,0,0,0.0,,,22.121447,0.0,0.0,ECO,,,,,0.0,0.0,0.0,0
715243,2.999849,2.999849,2.999849,2.999849,2.999849,2.999849,tcp,136.0,,af41,,255.0,,1.0,,Start,3,3,0,222,222,0,74.0,0.0,394.686523,394.686523,0.0,2,2,0,40.0,0.0,0.0,0.6667,0.6667,0.0,REQ,3737600.0,,,,0.0,0.0,0.0,0
716974,0.0,0.0,0.0,0.0,0.0,0.0,icmp,0.0,,cs0,,58.0,,6.0,,Start,1,1,0,98,98,0,98.0,0.0,0.0,0.0,0.0,0,0,0,0.0,,,0.0,0.0,0.0,ECO,,,,,0.0,0.0,0.0,0
717090,0.0,0.0,0.0,0.0,0.0,0.0,icmp,0.0,,cs0,,58.0,,6.0,,Start,1,1,0,98,98,0,98.0,0.0,0.0,0.0,0.0,0,0,0,0.0,,,0.0,0.0,0.0,ECO,,,,,0.0,0.0,0.0,0
717318,0.102704,0.102704,0.102704,0.102704,0.102704,0.102704,udp,0.0,0.0,cs0,cs0,64.0,53.0,0.0,11.0,Start,21,12,9,8199,3913,4286,326.083344,476.222229,576180.0625,279404.875,296775.1875,0,0,0,0.0,,,194.734375,107.103905,77.893753,CON,,,,,0.0,0.0,0.0,0
717595,0.0,0.0,0.0,0.0,0.0,0.0,icmp,0.0,,cs0,,58.0,,6.0,,Start,1,1,0,98,98,0,98.0,0.0,0.0,0.0,0.0,0,0,0,0.0,,,0.0,0.0,0.0,ECO,,,,,0.0,0.0,0.0,0
717930,0.0,0.0,0.0,0.0,0.0,0.0,icmp,0.0,,cs0,,58.0,,6.0,,Start,1,1,0,98,98,0,98.0,0.0,0.0,0.0,0.0,0,0,0,0.0,,,0.0,0.0,0.0,ECO,,,,,0.0,0.0,0.0,0
719925,0.069136,0.069136,0.069136,0.069136,0.069136,0.069136,icmp,0.0,0.0,cs0,cs0,58.0,64.0,6.0,0.0,Start,2,1,1,196,98,98,98.0,98.0,0.0,0.0,0.0,0,0,0,0.0,,,14.464244,0.0,0.0,ECO,,,,,0.0,0.0,0.0,0
719945,0.075565,0.075565,0.075565,0.075565,0.075565,0.075565,udp,0.0,0.0,cs0,cs0,64.0,117.0,0.0,11.0,Status,10,5,5,1342,998,344,199.600006,68.800003,113809.2969,84589.42188,29219.875,0,0,0,0.0,,,119.102753,52.934559,52.934559,CON,,,,,0.0,0.0,0.0,0
720534,4.999949,4.999949,4.999949,4.999949,4.999949,4.999949,udp,0.0,0.0,cs0,cs0,117.0,64.0,11.0,0.0,Status,205,188,17,259629,255281,4348,1357.877686,255.764709,412831.375,406282.5313,6548.866699,0,0,0,0.0,,,40.800415,37.400383,3.200033,CON,,,,,0.0,0.0,0.0,0
721205,0.082358,0.082358,0.082358,0.082358,0.082358,0.082358,icmp,0.0,0.0,cs0,cs0,58.0,64.0,6.0,0.0,Start,2,1,1,196,98,98,98.0,98.0,0.0,0.0,0.0,0,0,0,0.0,,,12.142111,0.0,0.0,ECO,,,,,0.0,0.0,0.0,0
722416,0.0,0.0,0.0,0.0,0.0,0.0,icmp,0.0,,cs0,,58.0,,6.0,,Start,1,1,0,98,98,0,98.0,0.0,0.0,0.0,0.0,0,0,0,0.0,,,0.0,0.0,0.0,ECO,,,,,0.0,0.0,0.0,0
722567,4.998185,4.998185,4.998185,4.998185,4.998185,4.998185,udp,0.0,0.0,cs0,cs0,117.0,64.0,11.0,0.0,Status,111,101,10,135062,131217,3845,1299.178223,384.5,213483.8906,207944.2813,5539.61084,0,0,0,0.0,,,22.007988,20.007261,1.800654,CON,,,,,0.0,0.0,0.0,0
722597,0.0,0.0,0.0,0.0,0.0,0.0,icmp,0.0,,cs0,,58.0,,6.0,,Start,1,1,0,98,98,0,98.0,0.0,0.0,0.0,0.0,0,0,0,0.0,,,0.0,0.0,0.0,ECO,,,,,0.0,0.0,0.0,0
722640,0.0,0.0,0.0,0.0,0.0,0.0,icmp,0.0,,cs0,,58.0,,6.0,,Start,1,1,0,98,98,0,98.0,0.0,0.0,0.0,0.0,0,0,0,0.0,,,0.0,0.0,0.0,ECO,,,,,0.0,0.0,0.0,0
722700,4.959153,4.959153,4.959153,4.959153,4.959153,4.959153,udp,0.0,0.0,cs0,cs0,117.0,64.0,11.0,0.0,Status,116,106,10,143281,138770,4511,1309.151001,451.100006,228298.6563,221749.1563,6549.505371,0,0,0,0.0,,,23.189444,21.17297,1.814826,CON,,,,,0.0,0.0,0.0,0
722725,0.093245,0.093245,0.093245,0.093245,0.093245,0.093245,icmp,0.0,0.0,cs0,cs0,58.0,64.0,6.0,0.0,Start,2,1,1,196,98,98,98.0,98.0,0.0,0.0,0.0,0,0,0,0.0,,,10.724436,0.0,0.0,ECO,,,,,0.0,0.0,0.0,0
722735,0.0,0.0,0.0,0.0,0.0,0.0,icmp,0.0,,cs0,,58.0,,6.0,,Start,1,1,0,98,98,0,98.0,0.0,0.0,0.0,0.0,0,0,0,0.0,,,0.0,0.0,0.0,ECO,,,,,0.0,0.0,0.0,0
722779,0.151409,0.151409,0.151409,0.151409,0.151409,0.151409,udp,0.0,0.0,cs0,cs0,117.0,64.0,11.0,0.0,Status,46,34,12,46348,42752,3596,1257.411743,299.666656,2366675.75,2192472.0,174203.6406,0,0,0,0.0,,,297.208221,217.952698,72.650902,CON,,,,,0.0,0.0,0.0,0
722800,0.100133,0.100133,0.100133,0.100133,0.100133,0.100133,icmp,0.0,0.0,cs0,cs0,58.0,64.0,6.0,0.0,Start,2,1,1,196,98,98,98.0,98.0,0.0,0.0,0.0,0,0,0,0.0,,,9.986717,0.0,0.0,ECO,,,,,0.0,0.0,0.0,0
722831,4.967622,4.967622,4.967622,4.967622,4.967622,4.967622,udp,0.0,0.0,cs0,cs0,117.0,64.0,11.0,0.0,Status,124,109,15,147069,140259,6810,1286.779785,454.0,234041.9688,223806.0938,10235.88379,0,0,0,0.0,,,24.76034,21.740786,2.81825,CON,,,,,0.0,0.0,0.0,0
722990,4.956788,4.956788,4.956788,4.956788,4.956788,4.956788,udp,0.0,0.0,cs0,cs0,117.0,64.0,11.0,0.0,Status,112,102,10,140421,134669,5752,1320.284302,575.200012,223573.8125,215218.4063,8355.411133,0,0,0,0.0,,,22.393534,20.376099,1.815692,CON,,,,,0.0,0.0,0.0,0
723004,0.121914,0.121914,0.121914,0.121914,0.121914,0.121914,udp,0.0,0.0,cs0,cs0,64.0,53.0,0.0,11.0,Start,21,11,10,6869,2522,4347,229.27272,434.700012,407237.9063,150466.7188,256771.1719,0,0,0,0.0,,,164.050064,82.025032,73.822533,CON,,,,,0.0,0.0,0.0,0
723015,4.962294,4.962294,4.962294,4.962294,4.962294,4.962294,udp,0.0,0.0,cs0,cs0,117.0,64.0,11.0,0.0,Status,110,100,10,136356,132511,3845,1325.109985,384.5,217072.1875,211492.5,5579.677246,0,0,0,0.0,,,21.965647,19.950449,1.813677,CON,,,,,0.0,0.0,0.0,0
723024,0.0,0.0,0.0,0.0,0.0,0.0,icmp,0.0,,cs0,,58.0,,6.0,,Start,1,1,0,98,98,0,98.0,0.0,0.0,0.0,0.0,0,0,0,0.0,,,0.0,0.0,0.0,ECO,,,,,0.0,0.0,0.0,0
723049,0.381108,0.381108,0.381108,0.381108,0.381108,0.381108,tcp,0.0,0.0,cs0,cs0,64.0,62.0,0.0,2.0,Status,5,3,2,846,357,489,119.0,244.5,10138.8584,4995.959473,5142.899414,0,0,0,0.0,0.0,0.0,10.495713,5.247857,2.623928,CON,91136.0,32256.0,,,0.013901,0.001122,0.012779,0
723058,0.072922,0.072922,0.072922,0.072922,0.072922,0.072922,udp,0.0,0.0,cs0,cs0,64.0,117.0,0.0,11.0,Status,5,3,2,686,548,138,182.666672,69.0,47722.22266,40152.49219,7569.731934,0,0,0,0.0,,,54.85313,27.426565,13.713283,CON,,,,,0.0,0.0,0.0,0
723065,0.090021,0.090021,0.090021,0.090021,0.090021,0.090021,icmp,0.0,0.0,cs0,cs0,58.0,64.0,6.0,0.0,Start,2,1,1,196,98,98,98.0,98.0,0.0,0.0,0.0,0,0,0,0.0,,,11.10852,0.0,0.0,ECO,,,,,0.0,0.0,0.0,0
723086,4.932506,4.932506,4.932506,4.932506,4.932506,4.932506,udp,0.0,0.0,cs0,cs0,117.0,64.0,11.0,0.0,Status,116,99,17,137787,132133,5654,1334.676758,332.588226,220773.7813,212142.0625,8631.717773,0,0,0,0.0,,,23.31472,19.868196,3.243787,CON,,,,,0.0,0.0,0.0,0
723109,4.953143,4.953143,4.953143,4.953143,4.953143,4.953143,udp,0.0,0.0,cs0,cs0,117.0,64.0,11.0,0.0,Status,105,101,4,134099,132113,1986,1308.049561,496.5,213674.4219,211267.875,2406.552734,0,0,0,0.0,,,20.996769,20.189201,0.605676,CON,,,,,0.0,0.0,0.0,0
723140,0.101295,0.101295,0.101295,0.101295,0.101295,0.101295,icmp,0.0,0.0,cs0,cs0,58.0,64.0,6.0,0.0,Start,2,1,1,196,98,98,98.0,98.0,0.0,0.0,0.0,0,0,0,0.0,,,9.872155,0.0,0.0,ECO,,,,,0.0,0.0,0.0,0
723195,0.064987,0.064987,0.064987,0.064987,0.064987,0.064987,udp,0.0,0.0,cs0,cs0,64.0,117.0,0.0,11.0,Status,10,5,5,1191,848,343,169.600006,68.599998,117438.8828,83585.95313,33852.92578,0,0,0,0.0,,,138.489243,61.550774,61.550774,CON,,,,,0.0,0.0,0.0,0
723223,4.996786,4.996786,4.996786,4.996786,4.996786,4.996786,udp,0.0,0.0,cs0,cs0,117.0,64.0,11.0,0.0,Status,77,64,13,86127,81407,4720,1271.984375,363.076935,135275.75,128300.0703,6975.683594,0,0,0,0.0,,,15.209777,12.608104,2.401544,CON,,,,,0.0,0.0,0.0,0
723248,0.0,0.0,0.0,0.0,0.0,0.0,icmp,0.0,,cs0,,58.0,,6.0,,Start,1,1,0,98,98,0,98.0,0.0,0.0,0.0,0.0,0,0,0,0.0,,,0.0,0.0,0.0,ECO,,,,,0.0,0.0,0.0,0
723287,0.082978,0.082978,0.082978,0.082978,0.082978,0.082978,udp,0.0,0.0,cs0,cs0,64.0,53.0,0.0,11.0,Status,7,4,3,4287,3275,1012,818.75,337.333344,301959.5313,236882.0625,65077.48828,0,0,0,0.0,,,72.308319,36.15416,24.102774,CON,,,,,0.0,0.0,0.0,0
723294,0.093289,0.093289,0.093289,0.093289,0.093289,0.093289,icmp,0.0,0.0,cs0,cs0,58.0,64.0,6.0,0.0,Start,2,1,1,196,98,98,98.0,98.0,0.0,0.0,0.0,0,0,0,0.0,,,10.719378,0.0,0.0,ECO,,,,,0.0,0.0,0.0,0
723322,0.000214,0.000214,0.000214,0.000214,0.000214,0.000214,udp,224.0,184.0,cs7,ef,250.0,255.0,6.0,1.0,Start,2,1,1,124,64,60,64.0,60.0,0.0,0.0,0.0,0,0,0,0.0,,,4672.896973,0.0,0.0,CON,,,610.0,,0.0,0.0,0.0,0
723335,0.037217,0.037217,0.037217,0.037217,0.037217,0.037217,icmp,0.0,0.0,cs0,cs0,58.0,64.0,6.0,0.0,Start,2,1,1,196,98,98,98.0,98.0,0.0,0.0,0.0,0,0,0,0.0,,,26.869442,0.0,0.0,ECO,,,,,0.0,0.0,0.0,0
723342,0.168979,0.168979,0.168979,0.168979,0.168979,0.168979,udp,0.0,0.0,cs0,cs0,64.0,53.0,0.0,11.0,Start,22,13,9,13573,8583,4990,660.230774,554.444458,585114.125,375099.8438,210014.25,0,0,0,0.0,,,124.275795,71.01474,47.343159,CON,,,,,0.0,0.0,0.0,0
723343,4.999963,4.999963,4.999963,4.999963,4.999963,4.999963,udp,0.0,0.0,cs0,cs0,64.0,117.0,0.0,11.0,Status,100,11,89,125463,6102,119361,554.727295,1341.134888,197710.2656,8876.866211,188833.4063,0,0,0,0.0,,,19.800148,2.000015,17.60013,CON,,,,,0.0,0.0,0.0,0
723346,0.0,0.0,0.0,0.0,0.0,0.0,icmp,0.0,,cs0,,58.0,,6.0,,Start,1,1,0,98,98,0,98.0,0.0,0.0,0.0,0.0,0,0,0,0.0,,,0.0,0.0,0.0,ECO,,,,,0.0,0.0,0.0,0
723356,0.03198,0.03198,0.03198,0.03198,0.03198,0.03198,icmp,0.0,0.0,cs0,cs0,58.0,64.0,6.0,0.0,Start,2,1,1,196,98,98,98.0,98.0,0.0,0.0,0.0,0,0,0,0.0,,,31.269543,0.0,0.0,ECO,,,,,0.0,0.0,0.0,0
723436,0.087381,0.087381,0.087381,0.087381,0.087381,0.087381,icmp,0.0,0.0,cs0,cs0,58.0,64.0,6.0,0.0,Start,2,1,1,196,98,98,98.0,98.0,0.0,0.0,0.0,0,0,0,0.0,,,11.444136,0.0,0.0,ECO,,,,,0.0,0.0,0.0,0
723442,4.979335,4.979335,4.979335,4.979335,4.979335,4.979335,udp,0.0,0.0,cs0,cs0,117.0,64.0,11.0,0.0,Status,120,108,12,140292,135593,4699,1255.490723,391.583344,222754.25,215832.8438,6921.40625,0,0,0,0.0,,,23.898775,21.488813,2.209131,CON,,,,,0.0,0.0,0.0,0
723446,0.091092,0.091092,0.091092,0.091092,0.091092,0.091092,icmp,0.0,0.0,cs0,cs0,58.0,64.0,6.0,0.0,Start,2,1,1,196,98,98,98.0,98.0,0.0,0.0,0.0,0,0,0,0.0,,,10.977913,0.0,0.0,ECO,,,,,0.0,0.0,0.0,0
723454,2.999661,2.999661,2.999661,2.999661,2.999661,2.999661,tcp,136.0,,af41,,255.0,,1.0,,Start,3,3,0,222,222,0,74.0,0.0,394.711273,394.711273,0.0,2,2,0,40.0,0.0,0.0,0.666742,0.666742,0.0,REQ,3737600.0,,,,0.0,0.0,0.0,0
723487,0.0,0.0,0.0,0.0,0.0,0.0,icmp,0.0,,cs0,,58.0,,6.0,,Start,1,1,0,98,98,0,98.0,0.0,0.0,0.0,0.0,0,0,0,0.0,,,0.0,0.0,0.0,ECO,,,,,0.0,0.0,0.0,0
723492,0.0,0.0,0.0,0.0,0.0,0.0,icmp,0.0,,cs0,,58.0,,6.0,,Start,1,1,0,98,98,0,98.0,0.0,0.0,0.0,0.0,0,0,0,0.0,,,0.0,0.0,0.0,ECO,,,,,0.0,0.0,0.0,0
723493,0.0,0.0,0.0,0.0,0.0,0.0,icmp,0.0,,cs0,,58.0,,6.0,,Start,1,1,0,98,98,0,98.0,0.0,0.0,0.0,0.0,0,0,0,0.0,,,0.0,0.0,0.0,ECO,,,,,0.0,0.0,0.0,0
723618,0.206707,0.206707,0.206707,0.206707,0.206707,0.206707,udp,0.0,0.0,cs0,cs0,64.0,53.0,0.0,11.0,Start,21,13,8,13316,8583,4733,660.230774,591.625,466941.125,306636.9375,160304.2031,0,0,0,0.0,,,96.75531,58.053185,33.864357,CON,,,,,0.0,0.0,0.0,0
723625,0.05301,0.05301,0.05301,0.05301,0.05301,0.05301,udp,0.0,0.0,cs0,cs0,64.0,117.0,0.0,11.0,Status,5,3,2,684,546,138,182.0,69.0,65346.16016,54933.03125,10413.12891,0,0,0,0.0,,,75.457458,37.728729,18.864365,CON,,,,,0.0,0.0,0.0,0
723728,4.946956,4.946956,4.946956,4.946956,4.946956,4.946956,udp,0.0,0.0,cs0,cs0,64.0,117.0,0.0,11.0,Status,69,6,63,89332,2415,86917,402.5,1379.634888,141583.625,3255.335205,138328.2969,0,0,0,0.0,,,13.745827,1.010723,12.532959,CON,,,,,0.0,0.0,0.0,0
723766,0.0,0.0,0.0,0.0,0.0,0.0,icmp,0.0,,cs0,,58.0,,6.0,,Start,1,1,0,98,98,0,98.0,0.0,0.0,0.0,0.0,0,0,0,0.0,,,0.0,0.0,0.0,ECO,,,,,0.0,0.0,0.0,0
723802,0.0,0.0,0.0,0.0,0.0,0.0,icmp,0.0,,cs0,,58.0,,6.0,,Start,1,1,0,98,98,0,98.0,0.0,0.0,0.0,0.0,0,0,0,0.0,,,0.0,0.0,0.0,ECO,,,,,0.0,0.0,0.0,0
723815,0.051238,0.051238,0.051238,0.051238,0.051238,0.051238,icmp,0.0,0.0,cs0,cs0,58.0,64.0,6.0,0.0,Start,2,1,1,196,98,98,98.0,98.0,0.0,0.0,0.0,0,0,0,0.0,,,19.516766,0.0,0.0,ECO,,,,,0.0,0.0,0.0,0
723895,0.075084,0.075084,0.075084,0.075084,0.075084,0.075084,icmp,0.0,0.0,cs0,cs0,58.0,64.0,6.0,0.0,Start,2,1,1,196,98,98,98.0,98.0,0.0,0.0,0.0,0,0,0,0.0,,,13.318417,0.0,0.0,ECO,,,,,0.0,0.0,0.0,0
723911,0.060789,0.060789,0.060789,0.060789,0.060789,0.060789,icmp,0.0,0.0,cs0,cs0,58.0,64.0,6.0,0.0,Start,2,1,1,196,98,98,98.0,98.0,0.0,0.0,0.0,0,0,0,0.0,,,16.450344,0.0,0.0,ECO,,,,,0.0,0.0,0.0,0
723933,4.941571,4.941571,4.941571,4.941571,4.941571,4.941571,udp,0.0,0.0,cs0,cs0,117.0,64.0,11.0,0.0,Status,56,42,14,55483,50683,4800,1206.738037,342.857147,87316.35938,80099.21875,7217.137695,0,0,0,0.0,,,11.130063,8.296956,2.630742,CON,,,,,0.0,0.0,0.0,0
723957,4.989272,4.989272,4.989272,4.989272,4.989272,4.989272,tcp,0.0,0.0,cs0,cs0,64.0,62.0,0.0,2.0,Status,7,3,4,505,229,276,76.333336,69.0,577.238525,245.32637,331.91214,0,0,0,0.0,0.0,0.0,1.20258,0.40086,0.60129,FIN,75776.0,31104.0,,,0.014943,0.001071,0.013872,0
724002,0.03301,0.03301,0.03301,0.03301,0.03301,0.03301,icmp,0.0,0.0,cs0,cs0,58.0,64.0,6.0,0.0,Start,2,1,1,196,98,98,98.0,98.0,0.0,0.0,0.0,0,0,0,0.0,,,30.293852,0.0,0.0,ECO,,,,,0.0,0.0,0.0,0
724023,0.06482,0.06482,0.06482,0.06482,0.06482,0.06482,icmp,0.0,0.0,cs0,cs0,58.0,64.0,6.0,0.0,Start,2,1,1,196,98,98,98.0,98.0,0.0,0.0,0.0,0,0,0,0.0,,,15.427338,0.0,0.0,ECO,,,,,0.0,0.0,0.0,0
724056,0.101318,0.101318,0.101318,0.101318,0.101318,0.101318,icmp,0.0,0.0,cs0,cs0,58.0,64.0,6.0,0.0,Start,2,1,1,196,98,98,98.0,98.0,0.0,0.0,0.0,0,0,0,0.0,,,9.869914,0.0,0.0,ECO,,,,,0.0,0.0,0.0,0
724146,0.107892,0.107892,0.107892,0.107892,0.107892,0.107892,icmp,0.0,0.0,cs0,cs0,58.0,64.0,6.0,0.0,Start,2,1,1,196,98,98,98.0,98.0,0.0,0.0,0.0,0,0,0,0.0,,,9.268528,0.0,0.0,ECO,,,,,0.0,0.0,0.0,0
724297,0.063916,0.063916,0.063916,0.063916,0.063916,0.063916,tcp,0.0,0.0,cs0,cs0,64.0,62.0,0.0,2.0,Status,6,3,3,439,229,210,76.333336,70.0,36673.13672,19150.13477,17523.0,0,0,0,0.0,0.0,0.0,78.227676,31.291071,31.291071,FIN,68096.0,31104.0,,,0.015846,0.001054,0.014792,0
724331,0.046012,0.046012,0.046012,0.046012,0.046012,0.046012,icmp,0.0,0.0,cs0,cs0,58.0,64.0,6.0,0.0,Start,2,1,1,196,98,98,98.0,98.0,0.0,0.0,0.0,0,0,0,0.0,,,21.733461,0.0,0.0,ECO,,,,,0.0,0.0,0.0,0
724340,4.998725,4.998725,4.998725,4.998725,4.998725,4.998725,udp,0.0,0.0,cs0,cs0,117.0,64.0,11.0,0.0,Status,131,120,11,162023,158498,3525,1320.81665,320.454559,256678.25,251548.9531,5129.308105,0,0,0,0.0,,,26.006632,23.80607,2.00051,CON,,,,,0.0,0.0,0.0,0
724383,0.472833,0.472833,0.472833,0.472833,0.472833,0.472833,udp,0.0,0.0,cs0,cs0,117.0,64.0,11.0,0.0,Status,70,52,18,69318,64529,4789,1240.942261,266.055542,1147331.125,1070805.125,76525.96094,0,0,0,0.0,,,145.928894,107.860489,35.953495,CON,,,,,0.0,0.0,0.0,0
724457,0.0,0.0,0.0,0.0,0.0,0.0,icmp,0.0,,cs0,,58.0,,6.0,,Start,1,1,0,98,98,0,98.0,0.0,0.0,0.0,0.0,0,0,0,0.0,,,0.0,0.0,0.0,ECO,,,,,0.0,0.0,0.0,0
724515,0.187889,0.187889,0.187889,0.187889,0.187889,0.187889,udp,0.0,0.0,cs0,cs0,64.0,53.0,0.0,11.0,Start,14,8,6,8637,5283,3354,660.375,559.0,315846.0625,196839.625,119006.4375,0,0,0,0.0,,,69.189789,37.256039,26.611458,CON,,,,,0.0,0.0,0.0,0
724562,0.065876,0.065876,0.065876,0.065876,0.065876,0.065876,udp,0.0,0.0,cs0,cs0,64.0,117.0,0.0,11.0,Status,6,3,3,732,532,200,177.333328,66.666664,59384.29688,43111.30078,16272.99805,0,0,0,0.0,,,75.900177,30.360071,30.360071,CON,,,,,0.0,0.0,0.0,0
724610,0.084918,0.084918,0.084918,0.084918,0.084918,0.084918,icmp,0.0,0.0,cs0,cs0,58.0,64.0,6.0,0.0,Start,2,1,1,196,98,98,98.0,98.0,0.0,0.0,0.0,0,0,0,0.0,,,11.776067,0.0,0.0,ECO,,,,,0.0,0.0,0.0,0
724745,0.0,0.0,0.0,0.0,0.0,0.0,icmp,0.0,,cs0,,58.0,,6.0,,Start,1,1,0,98,98,0,98.0,0.0,0.0,0.0,0.0,0,0,0,0.0,,,0.0,0.0,0.0,ECO,,,,,0.0,0.0,0.0,0
724777,0.082096,0.082096,0.082096,0.082096,0.082096,0.082096,icmp,0.0,0.0,cs0,cs0,58.0,64.0,6.0,0.0,Start,2,1,1,196,98,98,98.0,98.0,0.0,0.0,0.0,0,0,0,0.0,,,12.180861,0.0,0.0,ECO,,,,,0.0,0.0,0.0,0
724788,0.032934,0.032934,0.032934,0.032934,0.032934,0.032934,icmp,0.0,0.0,cs0,cs0,58.0,64.0,6.0,0.0,Start,2,1,1,196,98,98,98.0,98.0,0.0,0.0,0.0,0,0,0,0.0,,,30.363758,0.0,0.0,ECO,,,,,0.0,0.0,0.0,0
724801,0.029242,0.029242,0.029242,0.029242,0.029242,0.029242,icmp,0.0,0.0,cs0,cs0,58.0,64.0,6.0,0.0,Start,2,1,1,196,98,98,98.0,98.0,0.0,0.0,0.0,0,0,0,0.0,,,34.197388,0.0,0.0,ECO,,,,,0.0,0.0,0.0,0
724811,0.0,0.0,0.0,0.0,0.0,0.0,icmp,0.0,,cs0,,58.0,,6.0,,Start,1,1,0,98,98,0,98.0,0.0,0.0,0.0,0.0,0,0,0,0.0,,,0.0,0.0,0.0,ECO,,,,,0.0,0.0,0.0,0
724860,0.100832,0.100832,0.100832,0.100832,0.100832,0.100832,icmp,0.0,0.0,cs0,cs0,58.0,64.0,6.0,0.0,Start,2,1,1,196,98,98,98.0,98.0,0.0,0.0,0.0,0,0,0,0.0,,,9.917486,0.0,0.0,ECO,,,,,0.0,0.0,0.0,0
724958,0.0,0.0,0.0,0.0,0.0,0.0,icmp,0.0,,cs0,,58.0,,6.0,,Start,1,1,0,98,98,0,98.0,0.0,0.0,0.0,0.0,0,0,0,0.0,,,0.0,0.0,0.0,ECO,,,,,0.0,0.0,0.0,0
724962,0.0,0.0,0.0,0.0,0.0,0.0,icmp,0.0,,cs0,,58.0,,6.0,,Start,1,1,0,98,98,0,98.0,0.0,0.0,0.0,0.0,0,0,0,0.0,,,0.0,0.0,0.0,ECO,,,,,0.0,0.0,0.0,0
724987,4.996752,4.996752,4.996752,4.996752,4.996752,4.996752,udp,0.0,0.0,cs0,cs0,117.0,64.0,11.0,0.0,Status,197,182,15,249111,245311,3800,1347.862671,253.333328,396275.0313,390596.1563,5678.88916,0,0,0,0.0,,,39.225483,36.223534,2.80182,CON,,,,,0.0,0.0,0.0,0
725025,0.00023,0.00023,0.00023,0.00023,0.00023,0.00023,udp,224.0,184.0,cs7,ef,250.0,255.0,6.0,1.0,Start,2,1,1,124,64,60,64.0,60.0,0.0,0.0,0.0,0,0,0,0.0,,,4347.826172,0.0,0.0,CON,,,610.0,,0.0,0.0,0.0,0
725097,0.0,0.0,0.0,0.0,0.0,0.0,icmp,0.0,,cs0,,58.0,,6.0,,Start,1,1,0,98,98,0,98.0,0.0,0.0,0.0,0.0,0,0,0,0.0,,,0.0,0.0,0.0,ECO,,,,,0.0,0.0,0.0,0
725117,0.0,0.0,0.0,0.0,0.0,0.0,icmp,0.0,,cs0,,58.0,,6.0,,Start,1,1,0,98,98,0,98.0,0.0,0.0,0.0,0.0,0,0,0,0.0,,,0.0,0.0,0.0,ECO,,,,,0.0,0.0,0.0,0
725179,0.082249,0.082249,0.082249,0.082249,0.082249,0.082249,icmp,0.0,0.0,cs0,cs0,58.0,64.0,6.0,0.0,Start,2,1,1,196,98,98,98.0,98.0,0.0,0.0,0.0,0,0,0,0.0,,,12.158202,0.0,0.0,ECO,,,,,0.0,0.0,0.0,0
725265,0.0,0.0,0.0,0.0,0.0,0.0,icmp,0.0,,cs0,,58.0,,6.0,,Start,1,1,0,98,98,0,98.0,0.0,0.0,0.0,0.0,0,0,0,0.0,,,0.0,0.0,0.0,ECO,,,,,0.0,0.0,0.0,0
725402,0.0,0.0,0.0,0.0,0.0,0.0,icmp,0.0,,cs0,,58.0,,6.0,,Start,1,1,0,98,98,0,98.0,0.0,0.0,0.0,0.0,0,0,0,0.0,,,0.0,0.0,0.0,ECO,,,,,0.0,0.0,0.0,0
725502,0.0,0.0,0.0,0.0,0.0,0.0,icmp,0.0,,cs0,,58.0,,6.0,,Start,1,1,0,98,98,0,98.0,0.0,0.0,0.0,0.0,0,0,0,0.0,,,0.0,0.0,0.0,ECO,,,,,0.0,0.0,0.0,0
725548,0.093353,0.093353,0.093353,0.093353,0.093353,0.093353,icmp,0.0,0.0,cs0,cs0,58.0,64.0,6.0,0.0,Start,2,1,1,196,98,98,98.0,98.0,0.0,0.0,0.0,0,0,0,0.0,,,10.712029,0.0,0.0,ECO,,,,,0.0,0.0,0.0,0
725639,0.0,0.0,0.0,0.0,0.0,0.0,udp,0.0,,cs0,,249.0,,7.0,,Start,1,1,0,64,64,0,64.0,0.0,0.0,0.0,0.0,0,0,0,0.0,,,0.0,0.0,0.0,INT,,,610.0,,0.0,0.0,0.0,0
725668,0.0,0.0,0.0,0.0,0.0,0.0,udp,0.0,,cs0,,249.0,,7.0,,Start,1,1,0,74,74,0,74.0,0.0,0.0,0.0,0.0,0,0,0,0.0,,,0.0,0.0,0.0,INT,,,610.0,,0.0,0.0,0.0,0
725735,0.061977,0.061977,0.061977,0.061977,0.061977,0.061977,udp,0.0,0.0,cs0,cs0,64.0,117.0,0.0,11.0,Status,6,3,3,732,532,200,177.333328,66.666664,63120.19141,45823.45313,17296.74023,0,0,0,0.0,,,80.675087,32.270035,32.270035,CON,,,,,0.0,0.0,0.0,0
725796,0.062279,0.062279,0.062279,0.062279,0.062279,0.062279,icmp,0.0,0.0,cs0,cs0,58.0,64.0,6.0,0.0,Start,2,1,1,196,98,98,98.0,98.0,0.0,0.0,0.0,0,0,0,0.0,,,16.056776,0.0,0.0,ECO,,,,,0.0,0.0,0.0,0
725799,4.997839,4.997839,4.997839,4.997839,4.997839,4.997839,udp,0.0,0.0,cs0,cs0,117.0,64.0,11.0,0.0,Status,169,158,11,217728,213753,3975,1352.867065,361.363647,345773.4063,339988.5313,5784.900391,0,0,0,0.0,,,33.614529,31.413578,2.000865,CON,,,,,0.0,0.0,0.0,0
725820,0.126818,0.126818,0.126818,0.126818,0.126818,0.126818,udp,0.0,0.0,cs0,cs0,64.0,117.0,0.0,11.0,Status,125,12,113,156754,4175,152579,347.916656,1350.256592,9781387.0,241479.9063,9539907.0,0,0,0,0.0,,,977.779175,86.738472,883.155396,CON,,,,,0.0,0.0,0.0,0
725831,0.059255,0.059255,0.059255,0.059255,0.059255,0.059255,icmp,0.0,0.0,cs0,cs0,58.0,64.0,6.0,0.0,Start,2,1,1,196,98,98,98.0,98.0,0.0,0.0,0.0,0,0,0,0.0,,,16.876213,0.0,0.0,ECO,,,,,0.0,0.0,0.0,0
725832,0.0,0.0,0.0,0.0,0.0,0.0,icmp,0.0,,cs0,,58.0,,6.0,,Start,1,1,0,98,98,0,98.0,0.0,0.0,0.0,0.0,0,0,0,0.0,,,0.0,0.0,0.0,ECO,,,,,0.0,0.0,0.0,0
725949,4.999483,4.999483,4.999483,4.999483,4.999483,4.999483,udp,0.0,0.0,cs0,cs0,117.0,64.0,11.0,0.0,Status,268,249,19,344538,340454,4084,1367.285156,214.947372,548787.9375,542595.3125,6192.640137,0,0,0,0.0,,,53.405521,49.605129,3.600372,CON,,,,,0.0,0.0,0.0,0
726064,0.0,0.0,0.0,0.0,0.0,0.0,icmp,0.0,,cs0,,58.0,,6.0,,Start,1,1,0,98,98,0,98.0,0.0,0.0,0.0,0.0,0,0,0,0.0,,,0.0,0.0,0.0,ECO,,,,,0.0,0.0,0.0,0
726081,0.083882,0.083882,0.083882,0.083882,0.083882,0.083882,icmp,0.0,0.0,cs0,cs0,58.0,64.0,6.0,0.0,Start,2,1,1,196,98,98,98.0,98.0,0.0,0.0,0.0,0,0,0,0.0,,,11.92151,0.0,0.0,ECO,,,,,0.0,0.0,0.0,0
726103,0.067014,0.067014,0.067014,0.067014,0.067014,0.067014,udp,0.0,0.0,cs0,cs0,64.0,117.0,0.0,11.0,Status,6,3,3,748,548,200,182.666672,66.666664,59689.01953,43692.36328,15996.65723,0,0,0,0.0,,,74.611275,29.844509,29.844509,CON,,,,,0.0,0.0,0.0,0
726122,0.0,0.0,0.0,0.0,0.0,0.0,sctp,186.0,186.0,ef,ef,255.0,252.0,1.0,4.0,Status,2,1,1,200,98,102,98.0,102.0,0.0,0.0,0.0,0,0,0,0.0,,,0.0,0.0,0.0,CON,,,,610.0,0.0,0.0,0.0,0
726243,4.959755,4.959755,4.959755,4.959755,4.959755,4.959755,udp,0.0,0.0,cs0,cs0,117.0,64.0,11.0,0.0,Status,168,147,21,201642,193183,8459,1314.170044,402.809509,322477.1875,309481.4063,12995.80371,0,0,0,0.0,,,33.671017,29.436937,4.032457,CON,,,,,0.0,0.0,0.0,0
726254,0.027256,0.027256,0.027256,0.027256,0.027256,0.027256,icmp,0.0,0.0,cs0,cs0,58.0,64.0,6.0,0.0,Start,2,1,1,196,98,98,98.0,98.0,0.0,0.0,0.0,0,0,0,0.0,,,36.689167,0.0,0.0,ECO,,,,,0.0,0.0,0.0,0
726287,0.0,0.0,0.0,0.0,0.0,0.0,icmp,0.0,,cs0,,58.0,,6.0,,Start,1,1,0,98,98,0,98.0,0.0,0.0,0.0,0.0,0,0,0,0.0,,,0.0,0.0,0.0,ECO,,,,,0.0,0.0,0.0,0
726339,0.0,0.0,0.0,0.0,0.0,0.0,udp,0.0,,cs0,,249.0,,7.0,,Start,1,1,0,74,74,0,74.0,0.0,0.0,0.0,0.0,0,0,0,0.0,,,0.0,0.0,0.0,INT,,,610.0,,0.0,0.0,0.0,0
726424,0.0,0.0,0.0,0.0,0.0,0.0,icmp,0.0,,cs0,,58.0,,6.0,,Start,1,1,0,98,98,0,98.0,0.0,0.0,0.0,0.0,0,0,0,0.0,,,0.0,0.0,0.0,ECO,,,,,0.0,0.0,0.0,0
726438,0.04839,0.04839,0.04839,0.04839,0.04839,0.04839,icmp,0.0,0.0,cs0,cs0,58.0,64.0,6.0,0.0,Start,2,1,1,196,98,98,98.0,98.0,0.0,0.0,0.0,0,0,0,0.0,,,20.665426,0.0,0.0,ECO,,,,,0.0,0.0,0.0,0
726504,0.0,0.0,0.0,0.0,0.0,0.0,icmp,0.0,,cs0,,58.0,,6.0,,Start,1,1,0,98,98,0,98.0,0.0,0.0,0.0,0.0,0,0,0,0.0,,,0.0,0.0,0.0,ECO,,,,,0.0,0.0,0.0,0
726536,0.068896,0.068896,0.068896,0.068896,0.068896,0.068896,icmp,0.0,0.0,cs0,cs0,58.0,64.0,6.0,0.0,Start,2,1,1,196,98,98,98.0,98.0,0.0,0.0,0.0,0,0,0,0.0,,,14.51463,0.0,0.0,ECO,,,,,0.0,0.0,0.0,0
726700,0.0,0.0,0.0,0.0,0.0,0.0,icmp,0.0,,cs0,,58.0,,6.0,,Start,1,1,0,98,98,0,98.0,0.0,0.0,0.0,0.0,0,0,0,0.0,,,0.0,0.0,0.0,ECO,,,,,0.0,0.0,0.0,0
726733,0.390191,0.390191,0.390191,0.390191,0.390191,0.390191,tcp,0.0,0.0,cs0,cs0,64.0,53.0,0.0,11.0,Start,31,16,15,6535,2980,3555,186.25,237.0,125312.9922,57284.76563,68028.22656,0,0,0,0.0,0.0,0.0,76.885422,38.442711,35.879864,FIN,94208.0,68864.0,,,0.0572,0.021801,0.035399,0
726740,0.0,0.0,0.0,0.0,0.0,0.0,udp,0.0,,cs0,,255.0,,1.0,,Start,1,1,0,60,60,0,60.0,0.0,0.0,0.0,0.0,0,0,0,0.0,,,0.0,0.0,0.0,INT,,,,,0.0,0.0,0.0,0
726747,0.0,0.0,0.0,0.0,0.0,0.0,udp,0.0,,cs0,,249.0,,7.0,,Start,1,1,0,64,64,0,64.0,0.0,0.0,0.0,0.0,0,0,0,0.0,,,0.0,0.0,0.0,INT,,,610.0,,0.0,0.0,0.0,0
726763,0.0,0.0,0.0,0.0,0.0,0.0,udp,0.0,,cs0,,249.0,,7.0,,Start,1,1,0,64,64,0,64.0,0.0,0.0,0.0,0.0,0,0,0,0.0,,,0.0,0.0,0.0,INT,,,610.0,,0.0,0.0,0.0,0
726783,0.178979,0.178979,0.178979,0.178979,0.178979,0.178979,tcp,0.0,0.0,cs0,cs0,64.0,63.0,0.0,1.0,Start,13,7,6,1784,847,937,121.0,156.166672,67359.85938,32450.73633,34909.125,0,0,0,0.0,0.0,0.0,67.046974,33.523487,27.936239,CON,90112.0,31104.0,,,0.013868,0.001225,0.012643,0
726851,0.000104,0.000104,0.000104,0.000104,0.000104,0.000104,sctp,186.0,186.0,ef,ef,252.0,255.0,4.0,1.0,Status,2,1,1,200,102,98,102.0,98.0,0.0,0.0,0.0,0,0,0,0.0,,,9615.384766,0.0,0.0,CON,,,610.0,,0.0,0.0,0.0,0
726880,0.0,0.0,0.0,0.0,0.0,0.0,udp,0.0,,cs0,,249.0,,7.0,,Start,1,1,0,64,64,0,64.0,0.0,0.0,0.0,0.0,0,0,0,0.0,,,0.0,0.0,0.0,INT,,,610.0,,0.0,0.0,0.0,0
726980,0.0,0.0,0.0,0.0,0.0,0.0,udp,0.0,,cs0,,249.0,,7.0,,Start,1,1,0,74,74,0,74.0,0.0,0.0,0.0,0.0,0,0,0,0.0,,,0.0,0.0,0.0,INT,,,610.0,,0.0,0.0,0.0,0
727019,2.096509,2.096509,2.096509,2.096509,2.096509,2.096509,sctp,40.0,186.0,af11,ef,250.0,255.0,6.0,1.0,Status,20,10,10,6808,5852,956,585.200012,95.599998,23383.63477,20098.17383,3285.46167,0,0,0,0.0,,,9.062685,4.29285,4.29285,CON,,,610.0,,0.0,0.0,0.0,0
727035,0.000192,0.000192,0.000192,0.000192,0.000192,0.000192,sctp,186.0,186.0,ef,ef,252.0,255.0,4.0,1.0,Status,2,1,1,200,102,98,102.0,98.0,0.0,0.0,0.0,0,0,0,0.0,,,5208.333008,0.0,0.0,CON,,,610.0,,0.0,0.0,0.0,0
727205,0.0,0.0,0.0,0.0,0.0,0.0,udp,0.0,,cs0,,255.0,,1.0,,Start,1,1,0,60,60,0,60.0,0.0,0.0,0.0,0.0,0,0,0,0.0,,,0.0,0.0,0.0,INT,,,,,0.0,0.0,0.0,0
727248,0.331979,0.331979,0.331979,0.331979,0.331979,0.331979,tcp,0.0,0.0,cs0,cs0,64.0,116.0,0.0,12.0,Start,17,9,8,6120,3920,2200,435.555542,275.0,130369.6875,83981.21094,46388.47656,0,0,0,0.0,0.0,0.0,48.19582,24.09791,21.08567,CON,70656.0,72448.0,,,0.043939,0.021651,0.022288,0
727285,0.0,0.0,0.0,0.0,0.0,0.0,udp,0.0,,cs0,,249.0,,7.0,,Start,1,1,0,64,64,0,64.0,0.0,0.0,0.0,0.0,0,0,0,0.0,,,0.0,0.0,0.0,INT,,,610.0,,0.0,0.0,0.0,0
727297,0.720038,0.720038,0.720038,0.720038,0.720038,0.720038,udp,0.0,0.0,cs0,cs0,64.0,52.0,0.0,12.0,Start,43,23,20,16307,11454,4853,498.0,242.649994,172957.5469,121726.9063,51230.62891,0,0,0,0.0,,,58.330254,30.553944,26.387497,CON,,,,,0.0,0.0,0.0,0
727335,4.993291,4.993291,4.993291,4.993291,4.993291,4.993291,tcp,0.0,0.0,cs0,cs0,64.0,63.0,0.0,1.0,Status,7,3,4,505,229,276,76.333336,69.0,576.773926,245.128922,331.64502,0,0,0,0.0,0.0,0.0,1.201612,0.400537,0.600806,FIN,68096.0,31104.0,,,0.031059,0.016009,0.01505,0
727336,0.0,0.0,0.0,0.0,0.0,0.0,tcp,0.0,0.0,cs0,cs0,64.0,63.0,0.0,1.0,Status,1,1,0,66,66,0,66.0,0.0,0.0,0.0,0.0,0,0,0,0.0,0.0,0.0,0.0,0.0,0.0,FIN,68096.0,,,,0.031059,0.016009,0.01505,0
727353,0.00016,0.00016,0.00016,0.00016,0.00016,0.00016,sctp,186.0,186.0,ef,ef,252.0,255.0,4.0,1.0,Status,2,1,1,200,102,98,102.0,98.0,0.0,0.0,0.0,0,0,0,0.0,,,6250.0,0.0,0.0,CON,,,610.0,,0.0,0.0,0.0,0
727382,4.999219,4.999219,4.999219,4.999219,4.999219,4.999219,sctp,186.0,186.0,ef,ef,252.0,255.0,4.0,1.0,Status,4,2,2,392,200,192,100.0,96.0,313.648987,160.024994,153.623993,0,0,0,0.0,,,0.600094,0.200031,0.200031,CON,,,610.0,,0.0,0.0,0.0,0
727456,4.958012,4.958012,4.958012,4.958012,4.958012,4.958012,tcp,0.0,0.0,cs0,cs0,64.0,63.0,0.0,1.0,Status,8,4,4,571,295,276,73.75,69.0,692.212891,358.208069,334.004822,0,0,0,0.0,0.0,0.0,1.411856,0.605081,0.605081,FIN,69120.0,32256.0,,,0.01589,0.001136,0.014754,0
727518,0.0,0.0,0.0,0.0,0.0,0.0,udp,0.0,,cs0,,249.0,,7.0,,Start,1,1,0,65,65,0,65.0,0.0,0.0,0.0,0.0,0,0,0,0.0,,,0.0,0.0,0.0,INT,,,610.0,,0.0,0.0,0.0,0
727578,0.0,0.0,0.0,0.0,0.0,0.0,udp,0.0,,cs0,,249.0,,7.0,,Start,1,1,0,74,74,0,74.0,0.0,0.0,0.0,0.0,0,0,0,0.0,,,0.0,0.0,0.0,INT,,,610.0,,0.0,0.0,0.0,0
727607,0.000217,0.000217,0.000217,0.000217,0.000217,0.000217,sctp,40.0,186.0,af11,ef,250.0,255.0,6.0,1.0,Status,2,1,1,232,118,114,118.0,114.0,0.0,0.0,0.0,0,0,0,0.0,,,4608.294922,0.0,0.0,CON,,,610.0,,0.0,0.0,0.0,0
727636,0.0,0.0,0.0,0.0,0.0,0.0,sctp,186.0,186.0,ef,ef,252.0,255.0,4.0,1.0,Status,2,1,1,192,98,94,98.0,94.0,0.0,0.0,0.0,0,0,0,0.0,,,0.0,0.0,0.0,CON,,,610.0,,0.0,0.0,0.0,0
727645,1.708067,1.708067,1.708067,1.708067,1.708067,1.708067,sctp,40.0,186.0,af11,ef,250.0,255.0,6.0,1.0,Status,12,6,6,1076,500,576,83.333336,96.0,4201.240234,1953.084961,2248.155273,0,0,0,0.0,,,6.440028,2.927285,2.927285,CON,,,610.0,,0.0,0.0,0.0,0
727648,4.892112,4.892112,4.892112,4.892112,4.892112,4.892112,sctp,40.0,186.0,af11,ef,250.0,255.0,6.0,1.0,Status,8,4,4,3356,2936,420,734.0,105.0,4116.013672,3600.898926,515.11499,0,0,0,0.0,,,1.430875,0.613232,0.613232,CON,,,610.0,,0.0,0.0,0.0,0
727767,0.000102,0.000102,0.000102,0.000102,0.000102,0.000102,sctp,186.0,186.0,ef,ef,252.0,255.0,4.0,1.0,Status,2,1,1,200,102,98,102.0,98.0,0.0,0.0,0.0,0,0,0,0.0,,,9803.921875,0.0,0.0,CON,,,610.0,,0.0,0.0,0.0,0
727890,4.846015,4.846015,4.846015,4.846015,4.846015,4.846015,tcp,0.0,0.0,cs0,cs0,64.0,63.0,0.0,1.0,Status,8,4,4,564,288,276,72.0,69.0,698.305725,356.581635,341.724091,0,0,0,0.0,0.0,0.0,1.444486,0.619065,0.619065,FIN,68096.0,31104.0,,,0.120023,0.064566,0.055457,0
727891,0.0,0.0,0.0,0.0,0.0,0.0,sctp,40.0,186.0,af11,ef,250.0,255.0,6.0,1.0,Status,1,1,0,66,66,0,66.0,0.0,0.0,0.0,0.0,0,0,0,0.0,,,0.0,0.0,0.0,REQ,,,610.0,,0.0,0.0,0.0,0
727964,0.240922,0.240922,0.240922,0.240922,0.240922,0.240922,tcp,0.0,0.0,cs0,cs0,64.0,53.0,0.0,11.0,Start,13,7,6,2745,1592,1153,227.428574,192.166672,77236.61719,45325.87109,31910.74219,0,0,0,0.0,0.0,0.0,49.808651,24.904325,20.753605,CON,68096.0,67840.0,,,0.060992,0.022664,0.038328,0
727987,0.001051,0.001051,0.001051,0.001051,0.001051,0.001051,tcp,0.0,0.0,cs0,cs0,64.0,63.0,0.0,1.0,Status,2,1,1,132,66,66,66.0,66.0,0.0,0.0,0.0,0,0,0,0.0,0.0,0.0,951.474792,0.0,0.0,CON,68096.0,31104.0,,,0.042915,0.019768,0.023147,0
727989,0.023985,0.023985,0.023985,0.023985,0.023985,0.023985,tcp,0.0,0.0,cs0,cs0,64.0,63.0,0.0,1.0,Status,6,3,3,439,229,210,76.333336,70.0,97727.74219,51031.89453,46695.85156,0,0,0,0.0,0.0,0.0,208.463623,83.385445,83.385445,FIN,68096.0,31104.0,,,0.042915,0.019768,0.023147,0
728022,0.0,0.0,0.0,0.0,0.0,0.0,udp,0.0,,cs0,,249.0,,7.0,,Start,1,1,0,64,64,0,64.0,0.0,0.0,0.0,0.0,0,0,0,0.0,,,0.0,0.0,0.0,INT,,,610.0,,0.0,0.0,0.0,0
728034,0.0,0.0,0.0,0.0,0.0,0.0,udp,0.0,,cs0,,249.0,,7.0,,Start,1,1,0,74,74,0,74.0,0.0,0.0,0.0,0.0,0,0,0,0.0,,,0.0,0.0,0.0,INT,,,610.0,,0.0,0.0,0.0,0
728047,0.272109,0.272109,0.272109,0.272109,0.272109,0.272109,tcp,0.0,0.0,cs0,cs0,64.0,115.0,0.0,13.0,Start,13,7,6,2742,1589,1153,227.0,192.166672,68296.16406,40042.77734,28253.38281,0,0,0,0.0,0.0,0.0,44.099976,22.049988,18.374989,CON,90112.0,67840.0,,,0.033045,0.021741,0.011304,0
728081,0.0,0.0,0.0,0.0,0.0,0.0,udp,0.0,,cs0,,249.0,,7.0,,Start,1,1,0,74,74,0,74.0,0.0,0.0,0.0,0.0,0,0,0,0.0,,,0.0,0.0,0.0,INT,,,610.0,,0.0,0.0,0.0,0
728087,0.0,0.0,0.0,0.0,0.0,0.0,udp,0.0,,cs0,,249.0,,7.0,,Start,1,1,0,74,74,0,74.0,0.0,0.0,0.0,0.0,0,0,0,0.0,,,0.0,0.0,0.0,INT,,,610.0,,0.0,0.0,0.0,0
728099,0.0,0.0,0.0,0.0,0.0,0.0,udp,0.0,,cs0,,249.0,,7.0,,Start,1,1,0,74,74,0,74.0,0.0,0.0,0.0,0.0,0,0,0,0.0,,,0.0,0.0,0.0,INT,,,610.0,,0.0,0.0,0.0,0
728100,0.0,0.0,0.0,0.0,0.0,0.0,udp,0.0,,cs0,,249.0,,7.0,,Start,1,1,0,74,74,0,74.0,0.0,0.0,0.0,0.0,0,0,0,0.0,,,0.0,0.0,0.0,INT,,,610.0,,0.0,0.0,0.0,0
728167,0.069799,0.069799,0.069799,0.069799,0.069799,0.069799,tcp,0.0,0.0,cs0,cs0,64.0,116.0,0.0,12.0,Start,8,4,4,5314,4138,1176,1034.5,294.0,456854.6875,355764.4063,101090.2734,0,0,0,0.0,0.0,0.0,100.287971,42.98056,42.98056,CON,144.0,305.0,,,0.0,0.0,0.0,0
728231,0.060921,0.060921,0.060921,0.060921,0.060921,0.060921,tcp,0.0,0.0,cs0,cs0,64.0,52.0,0.0,12.0,Start,3,2,1,252,160,92,80.0,92.0,10505.40918,10505.40918,0.0,0,0,0,0.0,0.0,0.0,32.829403,16.414701,0.0,CON,235.0,270.0,,,0.0,0.0,0.0,0
728281,0.844545,0.844545,0.844545,0.844545,0.844545,0.844545,sctp,40.0,186.0,af11,ef,250.0,255.0,6.0,1.0,Status,8,4,4,3236,2884,352,721.0,88.0,22989.89453,20489.13867,2500.754883,0,0,0,0.0,,,8.288486,3.552209,3.552209,CON,,,610.0,,0.0,0.0,0.0,0
728292,0.0,0.0,0.0,0.0,0.0,0.0,tcp,0.0,0.0,cs0,cs0,116.0,64.0,12.0,0.0,Status,2,1,1,144,54,90,54.0,90.0,0.0,0.0,0.0,0,0,0,0.0,0.0,0.0,0.0,0.0,0.0,RST,305.0,144.0,,,0.0,0.0,0.0,0
728363,0.000135,0.000135,0.000135,0.000135,0.000135,0.000135,sctp,186.0,186.0,ef,ef,252.0,255.0,4.0,1.0,Start,2,1,1,200,102,98,102.0,98.0,0.0,0.0,0.0,0,0,0,0.0,,,7407.407715,0.0,0.0,CON,,,610.0,,0.0,0.0,0.0,0
728369,0.0,0.0,0.0,0.0,0.0,0.0,icmp,0.0,,cs0,,58.0,,6.0,,Start,1,1,0,98,98,0,98.0,0.0,0.0,0.0,0.0,0,0,0,0.0,,,0.0,0.0,0.0,ECO,,,,,0.0,0.0,0.0,0
728374,0.0,0.0,0.0,0.0,0.0,0.0,icmp,0.0,,cs0,,58.0,,6.0,,Start,1,1,0,98,98,0,98.0,0.0,0.0,0.0,0.0,0,0,0,0.0,,,0.0,0.0,0.0,ECO,,,,,0.0,0.0,0.0,0
728381,4.995141,4.995141,4.995141,4.995141,4.995141,4.995141,udp,0.0,0.0,cs0,cs0,117.0,64.0,11.0,0.0,Status,146,138,8,187746,185851,1895,1346.746338,236.875,298152.1563,295495.1563,2656.981934,0,0,0,0.0,,,29.02821,27.426653,1.401362,CON,,,,,0.0,0.0,0.0,0
728422,0.0,0.0,0.0,0.0,0.0,0.0,icmp,0.0,,cs0,,58.0,,6.0,,Start,1,1,0,98,98,0,98.0,0.0,0.0,0.0,0.0,0,0,0,0.0,,,0.0,0.0,0.0,ECO,,,,,0.0,0.0,0.0,0
728454,0.061627,0.061627,0.061627,0.061627,0.061627,0.061627,udp,0.0,0.0,cs0,cs0,64.0,117.0,0.0,11.0,Status,9,4,5,1098,760,338,190.0,67.599998,109172.9297,73993.53906,35179.38672,0,0,0,0.0,,,129.813232,48.679962,64.906616,CON,,,,,0.0,0.0,0.0,0
729344,0.0,0.0,0.0,0.0,0.0,0.0,icmp,0.0,,cs0,,58.0,,6.0,,Start,1,1,0,98,98,0,98.0,0.0,0.0,0.0,0.0,0,0,0,0.0,,,0.0,0.0,0.0,ECO,,,,,0.0,0.0,0.0,0
730520,0.0,0.0,0.0,0.0,0.0,0.0,icmp,0.0,,cs0,,58.0,,6.0,,Start,1,1,0,98,98,0,98.0,0.0,0.0,0.0,0.0,0,0,0,0.0,,,0.0,0.0,0.0,ECO,,,,,0.0,0.0,0.0,0
730550,0.0,0.0,0.0,0.0,0.0,0.0,icmp,0.0,,cs0,,58.0,,6.0,,Start,1,1,0,98,98,0,98.0,0.0,0.0,0.0,0.0,0,0,0,0.0,,,0.0,0.0,0.0,ECO,,,,,0.0,0.0,0.0,0
730599,0.0,0.0,0.0,0.0,0.0,0.0,icmp,0.0,,cs0,,58.0,,6.0,,Start,1,1,0,98,98,0,98.0,0.0,0.0,0.0,0.0,0,0,0,0.0,,,0.0,0.0,0.0,ECO,,,,,0.0,0.0,0.0,0
730630,2.899094,2.899094,2.899094,2.899094,2.899094,2.899094,tcp,0.0,0.0,cs0,cs0,63.0,54.0,1.0,10.0,Start,14,9,5,1357,871,486,96.777779,97.199997,3212.037842,2138.599121,1073.438721,3,3,0,17.647059,0.0,0.0,4.484159,2.759483,1.379741,FIN,64128.0,64256.0,,,0.199897,0.138906,0.060991,0
732711,0.070003,0.070003,0.070003,0.070003,0.070003,0.070003,udp,0.0,0.0,cs0,cs0,64.0,117.0,0.0,11.0,Status,6,3,3,730,530,200,176.666672,66.666664,55769.03516,40455.40625,15313.62891,0,0,0,0.0,,,71.425507,28.570204,28.570204,CON,,,,,0.0,0.0,0.0,0
732763,4.999916,4.999916,4.999916,4.999916,4.999916,4.999916,udp,0.0,0.0,cs0,cs0,117.0,64.0,11.0,0.0,Status,127,118,9,158457,155092,3365,1314.338989,373.888885,250836.2031,246048.9375,4787.280273,0,0,0,0.0,,,25.200422,23.400393,1.600027,CON,,,,,0.0,0.0,0.0,0
732819,0.0,0.0,0.0,0.0,0.0,0.0,udp,0.0,,cs0,,249.0,,7.0,,Start,1,1,0,74,74,0,74.0,0.0,0.0,0.0,0.0,0,0,0,0.0,,,0.0,0.0,0.0,INT,,,610.0,,0.0,0.0,0.0,0
732828,0.055345,0.055345,0.055345,0.055345,0.055345,0.055345,udp,0.0,0.0,cs0,cs0,64.0,117.0,0.0,11.0,Status,6,3,3,748,548,200,182.666672,66.666664,72273.92188,52904.50781,19369.41016,0,0,0,0.0,,,90.3424,36.136959,36.136959,CON,,,,,0.0,0.0,0.0,0
732860,4.924316,4.924316,4.924316,4.924316,4.924316,4.924316,udp,0.0,0.0,cs0,cs0,117.0,64.0,11.0,0.0,Status,130,110,20,152010,146164,5846,1328.763672,292.299988,244322.2656,235299.2813,9022.979492,0,0,0,0.0,,,26.196531,22.135054,3.858404,CON,,,,,0.0,0.0,0.0,0
732986,0.277519,0.277519,0.277519,0.277519,0.277519,0.277519,udp,0.0,0.0,cs0,cs0,64.0,53.0,0.0,11.0,Start,24,12,12,10999,6960,4039,580.0,336.583344,290661.1875,183915.3438,106745.8516,0,0,0,0.0,,,82.877213,39.636929,39.636929,CON,,,,,0.0,0.0,0.0,0
733016,4.998615,4.998615,4.998615,4.998615,4.998615,4.998615,udp,0.0,0.0,cs0,cs0,117.0,64.0,11.0,0.0,Status,185,178,7,241128,237437,3691,1333.915771,527.285706,382934.875,377871.0938,5063.802734,0,0,0,0.0,,,36.8102,35.409809,1.200333,CON,,,,,0.0,0.0,0.0,0
733082,4.879951,4.879951,4.879951,4.879951,4.879951,4.879951,tcp,0.0,0.0,cs0,cs0,64.0,63.0,0.0,1.0,Status,8,4,4,571,295,276,73.75,69.0,703.285767,363.93808,339.347656,0,0,0,0.0,0.0,0.0,1.434441,0.61476,0.61476,FIN,70144.0,32256.0,,,0.017089,0.001226,0.015863,0
733107,0.0,0.0,0.0,0.0,0.0,0.0,icmp,0.0,,cs0,,58.0,,6.0,,Start,1,1,0,98,98,0,98.0,0.0,0.0,0.0,0.0,0,0,0,0.0,,,0.0,0.0,0.0,ECO,,,,,0.0,0.0,0.0,0
733216,4.965805,4.965805,4.965805,4.965805,4.965805,4.965805,udp,0.0,0.0,cs0,cs0,117.0,64.0,11.0,0.0,Status,135,124,11,166100,162215,3885,1308.185425,353.181824,264914.1563,259224.0313,5690.114746,0,0,0,0.0,,,26.984547,24.769398,2.013772,CON,,,,,0.0,0.0,0.0,0
735163,0.0,0.0,0.0,0.0,0.0,0.0,icmp,0.0,,cs0,,58.0,,6.0,,Start,1,1,0,98,98,0,98.0,0.0,0.0,0.0,0.0,0,0,0,0.0,,,0.0,0.0,0.0,ECO,,,,,0.0,0.0,0.0,0
735190,4.959307,4.959307,4.959307,4.959307,4.959307,4.959307,udp,0.0,0.0,cs0,cs0,117.0,64.0,11.0,0.0,Status,94,85,9,111674,107822,3852,1268.494141,428.0,177408.6563,171885.2969,5523.352051,0,0,0,0.0,,,18.752619,16.937849,1.613129,CON,,,,,0.0,0.0,0.0,0
735212,0.0,0.0,0.0,0.0,0.0,0.0,icmp,0.0,,cs0,,58.0,,6.0,,Start,1,1,0,98,98,0,98.0,0.0,0.0,0.0,0.0,0,0,0,0.0,,,0.0,0.0,0.0,ECO,,,,,0.0,0.0,0.0,0
737306,4.998855,4.998855,4.998855,4.998855,4.998855,4.998855,udp,0.0,0.0,cs0,cs0,117.0,64.0,11.0,0.0,Status,147,136,11,184577,180597,3980,1327.919067,361.818176,292689.4063,286897.6875,5791.726074,0,0,0,0.0,,,29.206688,27.006184,2.000458,CON,,,,,0.0,0.0,0.0,0
737336,4.998604,4.998604,4.998604,4.998604,4.998604,4.998604,udp,0.0,0.0,cs0,cs0,117.0,64.0,11.0,0.0,Status,134,124,10,169908,167076,2832,1347.387085,283.200012,269320.0,265240.4688,4079.539062,0,0,0,0.0,,,26.60743,24.606871,1.800503,CON,,,,,0.0,0.0,0.0,0
737353,4.999027,4.999027,4.999027,4.999027,4.999027,4.999027,udp,0.0,0.0,cs0,cs0,117.0,64.0,11.0,0.0,Status,140,127,13,172540,170947,1593,1346.039429,122.53846,273768.5,271414.4375,2354.058105,0,0,0,0.0,,,27.805412,25.204906,2.400467,CON,,,,,0.0,0.0,0.0,0
737377,0.00133,0.00133,0.00133,0.00133,0.00133,0.00133,udp,0.0,0.0,cs0,cs0,64.0,62.0,0.0,2.0,Start,2,1,1,220,85,135,85.0,135.0,0.0,0.0,0.0,0,0,0,0.0,,,751.8797,0.0,0.0,CON,,,,,0.0,0.0,0.0,0
737393,4.999292,4.999292,4.999292,4.999292,4.999292,4.999292,udp,0.0,0.0,cs0,cs0,117.0,64.0,11.0,0.0,Status,168,148,20,196380,190704,5676,1288.540527,283.799988,311738.5625,303108.5313,8630.022461,0,0,0,0.0,,,33.404732,29.404163,3.800538,CON,,,,,0.0,0.0,0.0,0
737406,4.988968,4.988968,4.988968,4.988968,4.988968,4.988968,udp,0.0,0.0,cs0,cs0,117.0,64.0,11.0,0.0,Status,135,120,15,162795,157069,5726,1308.908325,381.733337,258339.6094,249768.6875,8570.911133,0,0,0,0.0,,,26.859262,23.852629,2.806192,CON,,,,,0.0,0.0,0.0,0
739638,0.0,0.0,0.0,0.0,0.0,0.0,icmp,0.0,,cs0,,58.0,,6.0,,Start,1,1,0,98,98,0,98.0,0.0,0.0,0.0,0.0,0,0,0,0.0,,,0.0,0.0,0.0,ECO,,,,,0.0,0.0,0.0,0
739736,0.0,0.0,0.0,0.0,0.0,0.0,icmp,0.0,,cs0,,58.0,,6.0,,Start,1,1,0,98,98,0,98.0,0.0,0.0,0.0,0.0,0,0,0,0.0,,,0.0,0.0,0.0,ECO,,,,,0.0,0.0,0.0,0
739776,4.999538,4.999538,4.999538,4.999538,4.999538,4.999538,udp,0.0,0.0,cs0,cs0,117.0,64.0,11.0,0.0,Status,246,229,17,315431,311445,3986,1360.021851,234.470581,502185.5938,496181.8438,6003.754883,0,0,0,0.0,,,49.004528,45.604214,3.200296,CON,,,,,0.0,0.0,0.0,0
739834,0.259915,0.259915,0.259915,0.259915,0.259915,0.259915,udp,0.0,0.0,cs0,cs0,117.0,64.0,11.0,0.0,Status,69,52,17,72709,68716,3993,1321.461548,234.882355,2190070.0,2074370.5,115699.3672,0,0,0,0.0,,,261.623993,196.218002,61.558586,CON,,,,,0.0,0.0,0.0,0
739841,0.0,0.0,0.0,0.0,0.0,0.0,icmp,0.0,,cs0,,58.0,,6.0,,Start,1,1,0,98,98,0,98.0,0.0,0.0,0.0,0.0,0,0,0,0.0,,,0.0,0.0,0.0,ECO,,,,,0.0,0.0,0.0,0
739912,0.0,0.0,0.0,0.0,0.0,0.0,icmp,0.0,,cs0,,58.0,,6.0,,Start,1,1,0,98,98,0,98.0,0.0,0.0,0.0,0.0,0,0,0,0.0,,,0.0,0.0,0.0,ECO,,,,,0.0,0.0,0.0,0
739929,0.0,0.0,0.0,0.0,0.0,0.0,icmp,0.0,,cs0,,58.0,,6.0,,Start,1,1,0,98,98,0,98.0,0.0,0.0,0.0,0.0,0,0,0,0.0,,,0.0,0.0,0.0,ECO,,,,,0.0,0.0,0.0,0
740033,0.0,0.0,0.0,0.0,0.0,0.0,udp,0.0,,cs0,,249.0,,7.0,,Start,1,1,0,64,64,0,64.0,0.0,0.0,0.0,0.0,0,0,0,0.0,,,0.0,0.0,0.0,INT,,,610.0,,0.0,0.0,0.0,0
740035,0.053029,0.053029,0.053029,0.053029,0.053029,0.053029,udp,0.0,0.0,cs0,cs0,64.0,117.0,0.0,11.0,Status,6,3,3,732,530,202,176.666672,67.333336,73770.95313,53404.73828,20366.21484,0,0,0,0.0,,,94.288033,37.715214,37.715214,CON,,,,,0.0,0.0,0.0,0
740040,0.0,0.0,0.0,0.0,0.0,0.0,icmp,0.0,,cs0,,58.0,,6.0,,Start,1,1,0,98,98,0,98.0,0.0,0.0,0.0,0.0,0,0,0,0.0,,,0.0,0.0,0.0,ECO,,,,,0.0,0.0,0.0,0
740052,0.0,0.0,0.0,0.0,0.0,0.0,icmp,0.0,,cs0,,58.0,,6.0,,Start,1,1,0,98,98,0,98.0,0.0,0.0,0.0,0.0,0,0,0,0.0,,,0.0,0.0,0.0,ECO,,,,,0.0,0.0,0.0,0
740098,0.0,0.0,0.0,0.0,0.0,0.0,tcp,0.0,,cs0,,63.0,,1.0,,Start,1,1,0,74,74,0,74.0,0.0,0.0,0.0,0.0,0,0,0,0.0,0.0,0.0,0.0,0.0,0.0,REQ,0.0,,,,0.0,0.0,0.0,1
740117,0.0,0.0,0.0,0.0,0.0,0.0,tcp,0.0,,cs0,,63.0,,1.0,,Start,1,1,0,74,74,0,74.0,0.0,0.0,0.0,0.0,0,0,0,0.0,0.0,0.0,0.0,0.0,0.0,REQ,0.0,,,,0.0,0.0,0.0,1
740120,0.0,0.0,0.0,0.0,0.0,0.0,tcp,0.0,,cs0,,63.0,,1.0,,Start,1,1,0,74,74,0,74.0,0.0,0.0,0.0,0.0,0,0,0,0.0,0.0,0.0,0.0,0.0,0.0,REQ,0.0,,,,0.0,0.0,0.0,1
740158,0.0,0.0,0.0,0.0,0.0,0.0,tcp,0.0,,cs0,,63.0,,1.0,,Start,1,1,0,74,74,0,74.0,0.0,0.0,0.0,0.0,0,0,0,0.0,0.0,0.0,0.0,0.0,0.0,REQ,0.0,,,,0.0,0.0,0.0,1
740176,0.0,0.0,0.0,0.0,0.0,0.0,tcp,0.0,,cs0,,63.0,,1.0,,Start,1,1,0,74,74,0,74.0,0.0,0.0,0.0,0.0,0,0,0,0.0,0.0,0.0,0.0,0.0,0.0,REQ,0.0,,,,0.0,0.0,0.0,1
740199,0.0,0.0,0.0,0.0,0.0,0.0,tcp,0.0,,cs0,,63.0,,1.0,,Start,1,1,0,74,74,0,74.0,0.0,0.0,0.0,0.0,0,0,0,0.0,0.0,0.0,0.0,0.0,0.0,REQ,0.0,,,,0.0,0.0,0.0,1
740230,0.0,0.0,0.0,0.0,0.0,0.0,tcp,0.0,,cs0,,63.0,,1.0,,Start,1,1,0,74,74,0,74.0,0.0,0.0,0.0,0.0,0,0,0,0.0,0.0,0.0,0.0,0.0,0.0,REQ,0.0,,,,0.0,0.0,0.0,1
740350,0.0,0.0,0.0,0.0,0.0,0.0,tcp,0.0,,cs0,,63.0,,1.0,,Start,1,1,0,74,74,0,74.0,0.0,0.0,0.0,0.0,0,0,0,0.0,0.0,0.0,0.0,0.0,0.0,REQ,0.0,,,,0.0,0.0,0.0,1
740439,0.0,0.0,0.0,0.0,0.0,0.0,tcp,0.0,,cs0,,63.0,,1.0,,Start,1,1,0,74,74,0,74.0,0.0,0.0,0.0,0.0,0,0,0,0.0,0.0,0.0,0.0,0.0,0.0,REQ,0.0,,,,0.0,0.0,0.0,1
740447,0.0,0.0,0.0,0.0,0.0,0.0,tcp,0.0,,cs0,,63.0,,1.0,,Start,1,1,0,74,74,0,74.0,0.0,0.0,0.0,0.0,0,0,0,0.0,0.0,0.0,0.0,0.0,0.0,REQ,0.0,,,,0.0,0.0,0.0,1
740465,0.0,0.0,0.0,0.0,0.0,0.0,tcp,0.0,,cs0,,63.0,,1.0,,Start,1,1,0,74,74,0,74.0,0.0,0.0,0.0,0.0,0,0,0,0.0,0.0,0.0,0.0,0.0,0.0,REQ,0.0,,,,0.0,0.0,0.0,1
740474,0.0,0.0,0.0,0.0,0.0,0.0,tcp,0.0,,cs0,,63.0,,1.0,,Start,1,1,0,74,74,0,74.0,0.0,0.0,0.0,0.0,0,0,0,0.0,0.0,0.0,0.0,0.0,0.0,REQ,0.0,,,,0.0,0.0,0.0,1
740487,0.0,0.0,0.0,0.0,0.0,0.0,tcp,0.0,,cs0,,63.0,,1.0,,Start,1,1,0,74,74,0,74.0,0.0,0.0,0.0,0.0,0,0,0,0.0,0.0,0.0,0.0,0.0,0.0,REQ,0.0,,,,0.0,0.0,0.0,1
740492,0.0,0.0,0.0,0.0,0.0,0.0,tcp,0.0,,cs0,,63.0,,1.0,,Start,1,1,0,74,74,0,74.0,0.0,0.0,0.0,0.0,0,0,0,0.0,0.0,0.0,0.0,0.0,0.0,REQ,0.0,,,,0.0,0.0,0.0,1
740527,0.0,0.0,0.0,0.0,0.0,0.0,tcp,0.0,,cs0,,63.0,,1.0,,Start,1,1,0,74,74,0,74.0,0.0,0.0,0.0,0.0,0,0,0,0.0,0.0,0.0,0.0,0.0,0.0,REQ,0.0,,,,0.0,0.0,0.0,1
740611,0.0,0.0,0.0,0.0,0.0,0.0,tcp,0.0,,cs0,,63.0,,1.0,,Start,1,1,0,74,74,0,74.0,0.0,0.0,0.0,0.0,0,0,0,0.0,0.0,0.0,0.0,0.0,0.0,REQ,0.0,,,,0.0,0.0,0.0,1
740615,0.0,0.0,0.0,0.0,0.0,0.0,tcp,0.0,,cs0,,63.0,,1.0,,Start,1,1,0,74,74,0,74.0,0.0,0.0,0.0,0.0,0,0,0,0.0,0.0,0.0,0.0,0.0,0.0,REQ,0.0,,,,0.0,0.0,0.0,1
740616,0.0,0.0,0.0,0.0,0.0,0.0,tcp,0.0,,cs0,,63.0,,1.0,,Start,1,1,0,74,74,0,74.0,0.0,0.0,0.0,0.0,0,0,0,0.0,0.0,0.0,0.0,0.0,0.0,REQ,0.0,,,,0.0,0.0,0.0,1
740743,0.0,0.0,0.0,0.0,0.0,0.0,tcp,0.0,,cs0,,63.0,,1.0,,Start,1,1,0,74,74,0,74.0,0.0,0.0,0.0,0.0,0,0,0,0.0,0.0,0.0,0.0,0.0,0.0,REQ,0.0,,,,0.0,0.0,0.0,1
740853,0.0,0.0,0.0,0.0,0.0,0.0,tcp,0.0,,cs0,,63.0,,1.0,,Start,1,1,0,74,74,0,74.0,0.0,0.0,0.0,0.0,0,0,0,0.0,0.0,0.0,0.0,0.0,0.0,REQ,0.0,,,,0.0,0.0,0.0,1
740866,0.0,0.0,0.0,0.0,0.0,0.0,tcp,0.0,,cs0,,63.0,,1.0,,Start,1,1,0,74,74,0,74.0,0.0,0.0,0.0,0.0,0,0,0,0.0,0.0,0.0,0.0,0.0,0.0,REQ,0.0,,,,0.0,0.0,0.0,1
740915,0.0,0.0,0.0,0.0,0.0,0.0,tcp,0.0,,cs0,,63.0,,1.0,,Start,1,1,0,74,74,0,74.0,0.0,0.0,0.0,0.0,0,0,0,0.0,0.0,0.0,0.0,0.0,0.0,REQ,9216.0,,,,0.0,0.0,0.0,1
740949,0.0,0.0,0.0,0.0,0.0,0.0,tcp,0.0,,cs0,,63.0,,1.0,,Start,1,1,0,74,74,0,74.0,0.0,0.0,0.0,0.0,0,0,0,0.0,0.0,0.0,0.0,0.0,0.0,REQ,9216.0,,,,0.0,0.0,0.0,1
741024,0.0,0.0,0.0,0.0,0.0,0.0,tcp,0.0,,cs0,,63.0,,1.0,,Start,1,1,0,74,74,0,74.0,0.0,0.0,0.0,0.0,0,0,0,0.0,0.0,0.0,0.0,0.0,0.0,REQ,2359296.0,,,,0.0,0.0,0.0,1
741030,0.0,0.0,0.0,0.0,0.0,0.0,tcp,0.0,,cs0,,63.0,,1.0,,Start,1,1,0,74,74,0,74.0,0.0,0.0,0.0,0.0,0,0,0,0.0,0.0,0.0,0.0,0.0,0.0,REQ,2359296.0,,,,0.0,0.0,0.0,1
741042,0.0,0.0,0.0,0.0,0.0,0.0,tcp,0.0,,cs0,,63.0,,1.0,,Start,1,1,0,74,74,0,74.0,0.0,0.0,0.0,0.0,0,0,0,0.0,0.0,0.0,0.0,0.0,0.0,REQ,2359296.0,,,,0.0,0.0,0.0,1
741057,0.0,0.0,0.0,0.0,0.0,0.0,tcp,0.0,,cs0,,63.0,,1.0,,Start,1,1,0,74,74,0,74.0,0.0,0.0,0.0,0.0,0,0,0,0.0,0.0,0.0,0.0,0.0,0.0,REQ,9216.0,,,,0.0,0.0,0.0,1
741108,0.0,0.0,0.0,0.0,0.0,0.0,tcp,0.0,,cs0,,63.0,,1.0,,Start,1,1,0,74,74,0,74.0,0.0,0.0,0.0,0.0,0,0,0,0.0,0.0,0.0,0.0,0.0,0.0,REQ,2359296.0,,,,0.0,0.0,0.0,1
741191,0.0,0.0,0.0,0.0,0.0,0.0,tcp,0.0,,cs0,,63.0,,1.0,,Start,1,1,0,74,74,0,74.0,0.0,0.0,0.0,0.0,0,0,0,0.0,0.0,0.0,0.0,0.0,0.0,REQ,9216.0,,,,0.0,0.0,0.0,1
741222,0.0,0.0,0.0,0.0,0.0,0.0,tcp,0.0,,cs0,,63.0,,1.0,,Start,1,1,0,74,74,0,74.0,0.0,0.0,0.0,0.0,0,0,0,0.0,0.0,0.0,0.0,0.0,0.0,REQ,2359296.0,,,,0.0,0.0,0.0,1
741246,0.0,0.0,0.0,0.0,0.0,0.0,tcp,0.0,,cs0,,63.0,,1.0,,Start,1,1,0,74,74,0,74.0,0.0,0.0,0.0,0.0,0,0,0,0.0,0.0,0.0,0.0,0.0,0.0,REQ,0.0,,,,0.0,0.0,0.0,1
741248,0.0,0.0,0.0,0.0,0.0,0.0,tcp,0.0,,cs0,,63.0,,1.0,,Start,1,1,0,74,74,0,74.0,0.0,0.0,0.0,0.0,0,0,0,0.0,0.0,0.0,0.0,0.0,0.0,REQ,0.0,,,,0.0,0.0,0.0,1
741260,0.0,0.0,0.0,0.0,0.0,0.0,tcp,0.0,,cs0,,63.0,,1.0,,Start,1,1,0,74,74,0,74.0,0.0,0.0,0.0,0.0,0,0,0,0.0,0.0,0.0,0.0,0.0,0.0,REQ,0.0,,,,0.0,0.0,0.0,1
741355,0.0,0.0,0.0,0.0,0.0,0.0,tcp,0.0,,cs0,,63.0,,1.0,,Start,1,1,0,74,74,0,74.0,0.0,0.0,0.0,0.0,0,0,0,0.0,0.0,0.0,0.0,0.0,0.0,REQ,0.0,,,,0.0,0.0,0.0,1
741357,0.0,0.0,0.0,0.0,0.0,0.0,tcp,0.0,,cs0,,63.0,,1.0,,Start,1,1,0,74,74,0,74.0,0.0,0.0,0.0,0.0,0,0,0,0.0,0.0,0.0,0.0,0.0,0.0,REQ,0.0,,,,0.0,0.0,0.0,1
741439,0.0,0.0,0.0,0.0,0.0,0.0,tcp,0.0,,cs0,,63.0,,1.0,,Start,1,1,0,74,74,0,74.0,0.0,0.0,0.0,0.0,0,0,0,0.0,0.0,0.0,0.0,0.0,0.0,REQ,0.0,,,,0.0,0.0,0.0,1
741545,0.0,0.0,0.0,0.0,0.0,0.0,tcp,0.0,,cs0,,63.0,,1.0,,Start,1,1,0,74,74,0,74.0,0.0,0.0,0.0,0.0,0,0,0,0.0,0.0,0.0,0.0,0.0,0.0,REQ,0.0,,,,0.0,0.0,0.0,1
741585,0.0,0.0,0.0,0.0,0.0,0.0,tcp,0.0,,cs0,,63.0,,1.0,,Start,1,1,0,74,74,0,74.0,0.0,0.0,0.0,0.0,0,0,0,0.0,0.0,0.0,0.0,0.0,0.0,REQ,0.0,,,,0.0,0.0,0.0,1
741632,0.0,0.0,0.0,0.0,0.0,0.0,tcp,0.0,,cs0,,63.0,,1.0,,Start,1,1,0,74,74,0,74.0,0.0,0.0,0.0,0.0,0,0,0,0.0,0.0,0.0,0.0,0.0,0.0,REQ,0.0,,,,0.0,0.0,0.0,1
741744,0.0,0.0,0.0,0.0,0.0,0.0,tcp,0.0,,cs0,,63.0,,1.0,,Start,1,1,0,74,74,0,74.0,0.0,0.0,0.0,0.0,0,0,0,0.0,0.0,0.0,0.0,0.0,0.0,REQ,0.0,,,,0.0,0.0,0.0,1
741884,0.0,0.0,0.0,0.0,0.0,0.0,tcp,0.0,,cs0,,63.0,,1.0,,Start,1,1,0,74,74,0,74.0,0.0,0.0,0.0,0.0,0,0,0,0.0,0.0,0.0,0.0,0.0,0.0,REQ,0.0,,,,0.0,0.0,0.0,1
741903,0.0,0.0,0.0,0.0,0.0,0.0,tcp,0.0,,cs0,,63.0,,1.0,,Start,1,1,0,74,74,0,74.0,0.0,0.0,0.0,0.0,0,0,0,0.0,0.0,0.0,0.0,0.0,0.0,REQ,0.0,,,,0.0,0.0,0.0,1
741932,0.0,0.0,0.0,0.0,0.0,0.0,tcp,0.0,,cs0,,63.0,,1.0,,Start,1,1,0,74,74,0,74.0,0.0,0.0,0.0,0.0,0,0,0,0.0,0.0,0.0,0.0,0.0,0.0,REQ,2359296.0,,,,0.0,0.0,0.0,1
742028,0.0,0.0,0.0,0.0,0.0,0.0,tcp,0.0,,cs0,,63.0,,1.0,,Start,1,1,0,74,74,0,74.0,0.0,0.0,0.0,0.0,0,0,0,0.0,0.0,0.0,0.0,0.0,0.0,REQ,2359296.0,,,,0.0,0.0,0.0,1
742039,0.0,0.0,0.0,0.0,0.0,0.0,tcp,0.0,,cs0,,63.0,,1.0,,Start,1,1,0,74,74,0,74.0,0.0,0.0,0.0,0.0,0,0,0,0.0,0.0,0.0,0.0,0.0,0.0,REQ,9216.0,,,,0.0,0.0,0.0,1
742040,0.0,0.0,0.0,0.0,0.0,0.0,tcp,0.0,,cs0,,63.0,,1.0,,Start,1,1,0,74,74,0,74.0,0.0,0.0,0.0,0.0,0,0,0,0.0,0.0,0.0,0.0,0.0,0.0,REQ,2359296.0,,,,0.0,0.0,0.0,1
742054,0.0,0.0,0.0,0.0,0.0,0.0,tcp,0.0,,cs0,,63.0,,1.0,,Start,1,1,0,74,74,0,74.0,0.0,0.0,0.0,0.0,0,0,0,0.0,0.0,0.0,0.0,0.0,0.0,REQ,2359296.0,,,,0.0,0.0,0.0,1
742185,4.999537,4.999537,4.999537,4.999537,4.999537,4.999537,udp,0.0,0.0,cs0,cs0,117.0,64.0,11.0,0.0,Status,137,130,7,177277,176780,497,1359.846191,71.0,281381.25,280699.5938,681.663147,0,0,0,0.0,,,27.202518,25.802389,1.200111,CON,,,,,0.0,0.0,0.0,0
742246,0.0,0.0,0.0,0.0,0.0,0.0,icmp,0.0,,cs0,,58.0,,6.0,,Start,1,1,0,98,98,0,98.0,0.0,0.0,0.0,0.0,0,0,0,0.0,,,0.0,0.0,0.0,ECO,,,,,0.0,0.0,0.0,0
742337,0.0,0.0,0.0,0.0,0.0,0.0,tcp,0.0,,cs0,,63.0,,1.0,,Start,1,1,0,74,74,0,74.0,0.0,0.0,0.0,0.0,0,0,0,0.0,0.0,0.0,0.0,0.0,0.0,REQ,2359296.0,,,,0.0,0.0,0.0,1
742342,0.0,0.0,0.0,0.0,0.0,0.0,tcp,0.0,,cs0,,63.0,,1.0,,Start,1,1,0,74,74,0,74.0,0.0,0.0,0.0,0.0,0,0,0,0.0,0.0,0.0,0.0,0.0,0.0,REQ,0.0,,,,0.0,0.0,0.0,1
742376,0.0,0.0,0.0,0.0,0.0,0.0,tcp,0.0,,cs0,,63.0,,1.0,,Start,1,1,0,74,74,0,74.0,0.0,0.0,0.0,0.0,0,0,0,0.0,0.0,0.0,0.0,0.0,0.0,REQ,0.0,,,,0.0,0.0,0.0,1
742404,0.0,0.0,0.0,0.0,0.0,0.0,tcp,0.0,,cs0,,63.0,,1.0,,Start,1,1,0,74,74,0,74.0,0.0,0.0,0.0,0.0,0,0,0,0.0,0.0,0.0,0.0,0.0,0.0,REQ,0.0,,,,0.0,0.0,0.0,1
742447,0.0,0.0,0.0,0.0,0.0,0.0,tcp,0.0,,cs0,,63.0,,1.0,,Start,1,1,0,74,74,0,74.0,0.0,0.0,0.0,0.0,0,0,0,0.0,0.0,0.0,0.0,0.0,0.0,REQ,0.0,,,,0.0,0.0,0.0,1
742457,0.0,0.0,0.0,0.0,0.0,0.0,tcp,0.0,,cs0,,63.0,,1.0,,Start,1,1,0,74,74,0,74.0,0.0,0.0,0.0,0.0,0,0,0,0.0,0.0,0.0,0.0,0.0,0.0,REQ,0.0,,,,0.0,0.0,0.0,1
742499,0.0,0.0,0.0,0.0,0.0,0.0,tcp,0.0,,cs0,,63.0,,1.0,,Start,1,1,0,74,74,0,74.0,0.0,0.0,0.0,0.0,0,0,0,0.0,0.0,0.0,0.0,0.0,0.0,REQ,0.0,,,,0.0,0.0,0.0,1
742552,0.0,0.0,0.0,0.0,0.0,0.0,tcp,0.0,,cs0,,63.0,,1.0,,Start,1,1,0,74,74,0,74.0,0.0,0.0,0.0,0.0,0,0,0,0.0,0.0,0.0,0.0,0.0,0.0,REQ,0.0,,,,0.0,0.0,0.0,1
742628,0.0,0.0,0.0,0.0,0.0,0.0,tcp,0.0,,cs0,,63.0,,1.0,,Start,1,1,0,74,74,0,74.0,0.0,0.0,0.0,0.0,0,0,0,0.0,0.0,0.0,0.0,0.0,0.0,REQ,0.0,,,,0.0,0.0,0.0,1
742745,0.0,0.0,0.0,0.0,0.0,0.0,tcp,0.0,,cs0,,63.0,,1.0,,Start,1,1,0,74,74,0,74.0,0.0,0.0,0.0,0.0,0,0,0,0.0,0.0,0.0,0.0,0.0,0.0,REQ,0.0,,,,0.0,0.0,0.0,1
742760,0.0,0.0,0.0,0.0,0.0,0.0,tcp,0.0,,cs0,,63.0,,1.0,,Start,1,1,0,74,74,0,74.0,0.0,0.0,0.0,0.0,0,0,0,0.0,0.0,0.0,0.0,0.0,0.0,REQ,0.0,,,,0.0,0.0,0.0,1
742788,0.0,0.0,0.0,0.0,0.0,0.0,tcp,0.0,,cs0,,63.0,,1.0,,Start,1,1,0,74,74,0,74.0,0.0,0.0,0.0,0.0,0,0,0,0.0,0.0,0.0,0.0,0.0,0.0,REQ,0.0,,,,0.0,0.0,0.0,1
742804,0.0,0.0,0.0,0.0,0.0,0.0,tcp,0.0,,cs0,,63.0,,1.0,,Start,1,1,0,74,74,0,74.0,0.0,0.0,0.0,0.0,0,0,0,0.0,0.0,0.0,0.0,0.0,0.0,REQ,0.0,,,,0.0,0.0,0.0,1
742861,0.0,0.0,0.0,0.0,0.0,0.0,tcp,0.0,,cs0,,63.0,,1.0,,Start,1,1,0,74,74,0,74.0,0.0,0.0,0.0,0.0,0,0,0,0.0,0.0,0.0,0.0,0.0,0.0,REQ,0.0,,,,0.0,0.0,0.0,1
742873,0.0,0.0,0.0,0.0,0.0,0.0,tcp,0.0,,cs0,,63.0,,1.0,,Start,1,1,0,74,74,0,74.0,0.0,0.0,0.0,0.0,0,0,0,0.0,0.0,0.0,0.0,0.0,0.0,REQ,0.0,,,,0.0,0.0,0.0,1
742925,0.0,0.0,0.0,0.0,0.0,0.0,tcp,0.0,,cs0,,63.0,,1.0,,Start,1,1,0,74,74,0,74.0,0.0,0.0,0.0,0.0,0,0,0,0.0,0.0,0.0,0.0,0.0,0.0,REQ,0.0,,,,0.0,0.0,0.0,1
742940,0.0,0.0,0.0,0.0,0.0,0.0,tcp,0.0,,cs0,,63.0,,1.0,,Start,1,1,0,74,74,0,74.0,0.0,0.0,0.0,0.0,0,0,0,0.0,0.0,0.0,0.0,0.0,0.0,REQ,0.0,,,,0.0,0.0,0.0,1
742945,0.0,0.0,0.0,0.0,0.0,0.0,tcp,0.0,,cs0,,63.0,,1.0,,Start,1,1,0,74,74,0,74.0,0.0,0.0,0.0,0.0,0,0,0,0.0,0.0,0.0,0.0,0.0,0.0,REQ,0.0,,,,0.0,0.0,0.0,1
743030,0.0,0.0,0.0,0.0,0.0,0.0,tcp,0.0,,cs0,,63.0,,1.0,,Start,1,1,0,74,74,0,74.0,0.0,0.0,0.0,0.0,0,0,0,0.0,0.0,0.0,0.0,0.0,0.0,REQ,0.0,,,,0.0,0.0,0.0,1
743064,0.0,0.0,0.0,0.0,0.0,0.0,tcp,0.0,,cs0,,63.0,,1.0,,Start,1,1,0,74,74,0,74.0,0.0,0.0,0.0,0.0,0,0,0,0.0,0.0,0.0,0.0,0.0,0.0,REQ,0.0,,,,0.0,0.0,0.0,1
743106,0.0,0.0,0.0,0.0,0.0,0.0,tcp,0.0,,cs0,,63.0,,1.0,,Start,1,1,0,74,74,0,74.0,0.0,0.0,0.0,0.0,0,0,0,0.0,0.0,0.0,0.0,0.0,0.0,REQ,0.0,,,,0.0,0.0,0.0,1
743112,0.0,0.0,0.0,0.0,0.0,0.0,tcp,0.0,,cs0,,63.0,,1.0,,Start,1,1,0,74,74,0,74.0,0.0,0.0,0.0,0.0,0,0,0,0.0,0.0,0.0,0.0,0.0,0.0,REQ,0.0,,,,0.0,0.0,0.0,1
743134,0.0,0.0,0.0,0.0,0.0,0.0,tcp,0.0,,cs0,,63.0,,1.0,,Start,1,1,0,74,74,0,74.0,0.0,0.0,0.0,0.0,0,0,0,0.0,0.0,0.0,0.0,0.0,0.0,REQ,0.0,,,,0.0,0.0,0.0,1
743145,0.0,0.0,0.0,0.0,0.0,0.0,tcp,0.0,,cs0,,63.0,,1.0,,Start,1,1,0,74,74,0,74.0,0.0,0.0,0.0,0.0,0,0,0,0.0,0.0,0.0,0.0,0.0,0.0,REQ,0.0,,,,0.0,0.0,0.0,1
743151,0.0,0.0,0.0,0.0,0.0,0.0,tcp,0.0,,cs0,,63.0,,1.0,,Start,1,1,0,74,74,0,74.0,0.0,0.0,0.0,0.0,0,0,0,0.0,0.0,0.0,0.0,0.0,0.0,REQ,0.0,,,,0.0,0.0,0.0,1
743167,0.0,0.0,0.0,0.0,0.0,0.0,tcp,0.0,,cs0,,63.0,,1.0,,Start,1,1,0,74,74,0,74.0,0.0,0.0,0.0,0.0,0,0,0,0.0,0.0,0.0,0.0,0.0,0.0,REQ,0.0,,,,0.0,0.0,0.0,1
743206,0.0,0.0,0.0,0.0,0.0,0.0,tcp,0.0,,cs0,,63.0,,1.0,,Start,1,1,0,74,74,0,74.0,0.0,0.0,0.0,0.0,0,0,0,0.0,0.0,0.0,0.0,0.0,0.0,REQ,0.0,,,,0.0,0.0,0.0,1
743242,0.0,0.0,0.0,0.0,0.0,0.0,tcp,0.0,,cs0,,63.0,,1.0,,Start,1,1,0,74,74,0,74.0,0.0,0.0,0.0,0.0,0,0,0,0.0,0.0,0.0,0.0,0.0,0.0,REQ,0.0,,,,0.0,0.0,0.0,1
743264,0.0,0.0,0.0,0.0,0.0,0.0,tcp,0.0,,cs0,,63.0,,1.0,,Start,1,1,0,74,74,0,74.0,0.0,0.0,0.0,0.0,0,0,0,0.0,0.0,0.0,0.0,0.0,0.0,REQ,0.0,,,,0.0,0.0,0.0,1
743286,0.0,0.0,0.0,0.0,0.0,0.0,tcp,0.0,,cs0,,63.0,,1.0,,Start,1,1,0,74,74,0,74.0,0.0,0.0,0.0,0.0,0,0,0,0.0,0.0,0.0,0.0,0.0,0.0,REQ,0.0,,,,0.0,0.0,0.0,1
743313,0.0,0.0,0.0,0.0,0.0,0.0,tcp,0.0,,cs0,,63.0,,1.0,,Start,1,1,0,74,74,0,74.0,0.0,0.0,0.0,0.0,0,0,0,0.0,0.0,0.0,0.0,0.0,0.0,REQ,0.0,,,,0.0,0.0,0.0,1
743355,2.68018,2.68018,2.68018,2.68018,2.68018,2.68018,tcp,0.0,0.0,cs0,cs0,63.0,54.0,1.0,10.0,Status,2,2,0,306,306,0,153.0,0.0,456.68573,456.68573,0.0,1,1,0,33.333333,0.0,0.0,0.373109,0.373109,0.0,CON,64256.0,,,,0.200009,0.139175,0.060834,0
743391,0.0,0.0,0.0,0.0,0.0,0.0,tcp,0.0,,cs0,,63.0,,1.0,,Start,1,1,0,74,74,0,74.0,0.0,0.0,0.0,0.0,0,0,0,0.0,0.0,0.0,0.0,0.0,0.0,REQ,0.0,,,,0.0,0.0,0.0,1
743392,0.0,0.0,0.0,0.0,0.0,0.0,tcp,0.0,,cs0,,63.0,,1.0,,Start,1,1,0,74,74,0,74.0,0.0,0.0,0.0,0.0,0,0,0,0.0,0.0,0.0,0.0,0.0,0.0,REQ,0.0,,,,0.0,0.0,0.0,1
743514,0.0,0.0,0.0,0.0,0.0,0.0,tcp,0.0,,cs0,,63.0,,1.0,,Start,1,1,0,74,74,0,74.0,0.0,0.0,0.0,0.0,0,0,0,0.0,0.0,0.0,0.0,0.0,0.0,REQ,0.0,,,,0.0,0.0,0.0,1
743515,0.0,0.0,0.0,0.0,0.0,0.0,tcp,0.0,,cs0,,63.0,,1.0,,Start,1,1,0,74,74,0,74.0,0.0,0.0,0.0,0.0,0,0,0,0.0,0.0,0.0,0.0,0.0,0.0,REQ,0.0,,,,0.0,0.0,0.0,1
743519,0.0,0.0,0.0,0.0,0.0,0.0,tcp,0.0,,cs0,,63.0,,1.0,,Start,1,1,0,74,74,0,74.0,0.0,0.0,0.0,0.0,0,0,0,0.0,0.0,0.0,0.0,0.0,0.0,REQ,0.0,,,,0.0,0.0,0.0,1
743558,0.0,0.0,0.0,0.0,0.0,0.0,tcp,0.0,,cs0,,63.0,,1.0,,Start,1,1,0,74,74,0,74.0,0.0,0.0,0.0,0.0,0,0,0,0.0,0.0,0.0,0.0,0.0,0.0,REQ,0.0,,,,0.0,0.0,0.0,1
743648,0.0,0.0,0.0,0.0,0.0,0.0,tcp,0.0,,cs0,,63.0,,1.0,,Start,1,1,0,74,74,0,74.0,0.0,0.0,0.0,0.0,0,0,0,0.0,0.0,0.0,0.0,0.0,0.0,REQ,0.0,,,,0.0,0.0,0.0,1
743675,0.0,0.0,0.0,0.0,0.0,0.0,tcp,0.0,,cs0,,63.0,,1.0,,Start,1,1,0,74,74,0,74.0,0.0,0.0,0.0,0.0,0,0,0,0.0,0.0,0.0,0.0,0.0,0.0,REQ,0.0,,,,0.0,0.0,0.0,1
743705,0.0,0.0,0.0,0.0,0.0,0.0,tcp,0.0,,cs0,,63.0,,1.0,,Start,1,1,0,74,74,0,74.0,0.0,0.0,0.0,0.0,0,0,0,0.0,0.0,0.0,0.0,0.0,0.0,REQ,0.0,,,,0.0,0.0,0.0,1
743808,0.0,0.0,0.0,0.0,0.0,0.0,tcp,0.0,,cs0,,63.0,,1.0,,Start,1,1,0,74,74,0,74.0,0.0,0.0,0.0,0.0,0,0,0,0.0,0.0,0.0,0.0,0.0,0.0,REQ,9216.0,,,,0.0,0.0,0.0,1
743854,0.0,0.0,0.0,0.0,0.0,0.0,tcp,0.0,,cs0,,63.0,,1.0,,Start,1,1,0,74,74,0,74.0,0.0,0.0,0.0,0.0,0,0,0,0.0,0.0,0.0,0.0,0.0,0.0,REQ,9216.0,,,,0.0,0.0,0.0,1
743866,0.0,0.0,0.0,0.0,0.0,0.0,tcp,0.0,,cs0,,63.0,,1.0,,Start,1,1,0,74,74,0,74.0,0.0,0.0,0.0,0.0,0,0,0,0.0,0.0,0.0,0.0,0.0,0.0,REQ,9216.0,,,,0.0,0.0,0.0,1
743884,0.0,0.0,0.0,0.0,0.0,0.0,tcp,0.0,,cs0,,63.0,,1.0,,Start,1,1,0,74,74,0,74.0,0.0,0.0,0.0,0.0,0,0,0,0.0,0.0,0.0,0.0,0.0,0.0,REQ,9216.0,,,,0.0,0.0,0.0,1
743888,0.0,0.0,0.0,0.0,0.0,0.0,tcp,0.0,,cs0,,63.0,,1.0,,Start,1,1,0,74,74,0,74.0,0.0,0.0,0.0,0.0,0,0,0,0.0,0.0,0.0,0.0,0.0,0.0,REQ,9216.0,,,,0.0,0.0,0.0,1
743915,0.0,0.0,0.0,0.0,0.0,0.0,tcp,0.0,,cs0,,63.0,,1.0,,Start,1,1,0,74,74,0,74.0,0.0,0.0,0.0,0.0,0,0,0,0.0,0.0,0.0,0.0,0.0,0.0,REQ,2359296.0,,,,0.0,0.0,0.0,1
743916,0.0,0.0,0.0,0.0,0.0,0.0,tcp,0.0,,cs0,,63.0,,1.0,,Start,1,1,0,74,74,0,74.0,0.0,0.0,0.0,0.0,0,0,0,0.0,0.0,0.0,0.0,0.0,0.0,REQ,9216.0,,,,0.0,0.0,0.0,1
743939,0.0,0.0,0.0,0.0,0.0,0.0,tcp,0.0,,cs0,,63.0,,1.0,,Start,1,1,0,74,74,0,74.0,0.0,0.0,0.0,0.0,0,0,0,0.0,0.0,0.0,0.0,0.0,0.0,REQ,2359296.0,,,,0.0,0.0,0.0,1
743945,0.0,0.0,0.0,0.0,0.0,0.0,tcp,0.0,,cs0,,63.0,,1.0,,Start,1,1,0,74,74,0,74.0,0.0,0.0,0.0,0.0,0,0,0,0.0,0.0,0.0,0.0,0.0,0.0,REQ,2359296.0,,,,0.0,0.0,0.0,1
743983,0.0,0.0,0.0,0.0,0.0,0.0,tcp,0.0,,cs0,,63.0,,1.0,,Start,1,1,0,74,74,0,74.0,0.0,0.0,0.0,0.0,0,0,0,0.0,0.0,0.0,0.0,0.0,0.0,REQ,2359296.0,,,,0.0,0.0,0.0,1
744018,0.0,0.0,0.0,0.0,0.0,0.0,tcp,0.0,,cs0,,63.0,,1.0,,Start,1,1,0,74,74,0,74.0,0.0,0.0,0.0,0.0,0,0,0,0.0,0.0,0.0,0.0,0.0,0.0,REQ,9216.0,,,,0.0,0.0,0.0,1
744029,0.0,0.0,0.0,0.0,0.0,0.0,tcp,0.0,,cs0,,63.0,,1.0,,Start,1,1,0,74,74,0,74.0,0.0,0.0,0.0,0.0,0,0,0,0.0,0.0,0.0,0.0,0.0,0.0,REQ,0.0,,,,0.0,0.0,0.0,1
744110,0.0,0.0,0.0,0.0,0.0,0.0,tcp,0.0,,cs0,,63.0,,1.0,,Start,1,1,0,74,74,0,74.0,0.0,0.0,0.0,0.0,0,0,0,0.0,0.0,0.0,0.0,0.0,0.0,REQ,0.0,,,,0.0,0.0,0.0,1
744116,0.0,0.0,0.0,0.0,0.0,0.0,tcp,0.0,,cs0,,63.0,,1.0,,Start,1,1,0,74,74,0,74.0,0.0,0.0,0.0,0.0,0,0,0,0.0,0.0,0.0,0.0,0.0,0.0,REQ,0.0,,,,0.0,0.0,0.0,1
744128,0.0,0.0,0.0,0.0,0.0,0.0,tcp,0.0,,cs0,,63.0,,1.0,,Start,1,1,0,74,74,0,74.0,0.0,0.0,0.0,0.0,0,0,0,0.0,0.0,0.0,0.0,0.0,0.0,REQ,0.0,,,,0.0,0.0,0.0,1
744157,0.0,0.0,0.0,0.0,0.0,0.0,tcp,0.0,,cs0,,63.0,,1.0,,Start,1,1,0,74,74,0,74.0,0.0,0.0,0.0,0.0,0,0,0,0.0,0.0,0.0,0.0,0.0,0.0,REQ,0.0,,,,0.0,0.0,0.0,1
744199,0.0,0.0,0.0,0.0,0.0,0.0,tcp,0.0,,cs0,,63.0,,1.0,,Start,1,1,0,74,74,0,74.0,0.0,0.0,0.0,0.0,0,0,0,0.0,0.0,0.0,0.0,0.0,0.0,REQ,0.0,,,,0.0,0.0,0.0,1
744222,0.0,0.0,0.0,0.0,0.0,0.0,tcp,0.0,,cs0,,63.0,,1.0,,Start,1,1,0,74,74,0,74.0,0.0,0.0,0.0,0.0,0,0,0,0.0,0.0,0.0,0.0,0.0,0.0,REQ,0.0,,,,0.0,0.0,0.0,1
744232,0.0,0.0,0.0,0.0,0.0,0.0,tcp,0.0,,cs0,,63.0,,1.0,,Start,1,1,0,74,74,0,74.0,0.0,0.0,0.0,0.0,0,0,0,0.0,0.0,0.0,0.0,0.0,0.0,REQ,0.0,,,,0.0,0.0,0.0,1
744278,0.0,0.0,0.0,0.0,0.0,0.0,tcp,0.0,,cs0,,63.0,,1.0,,Start,1,1,0,74,74,0,74.0,0.0,0.0,0.0,0.0,0,0,0,0.0,0.0,0.0,0.0,0.0,0.0,REQ,0.0,,,,0.0,0.0,0.0,1
744294,0.0,0.0,0.0,0.0,0.0,0.0,tcp,0.0,,cs0,,63.0,,1.0,,Start,1,1,0,74,74,0,74.0,0.0,0.0,0.0,0.0,0,0,0,0.0,0.0,0.0,0.0,0.0,0.0,REQ,0.0,,,,0.0,0.0,0.0,1
744341,0.0,0.0,0.0,0.0,0.0,0.0,tcp,0.0,,cs0,,63.0,,1.0,,Start,1,1,0,74,74,0,74.0,0.0,0.0,0.0,0.0,0,0,0,0.0,0.0,0.0,0.0,0.0,0.0,REQ,0.0,,,,0.0,0.0,0.0,1
744370,1.014031,1.014031,1.014031,1.014031,1.014031,1.014031,tcp,0.0,,cs0,,63.0,,1.0,,Start,2,2,0,148,148,0,74.0,0.0,583.808533,583.808533,0.0,1,1,0,33.333333,0.0,0.0,0.986163,0.986163,0.0,REQ,8222720.0,,,,0.0,0.0,0.0,0
744400,4.913912,4.913912,4.913912,4.913912,4.913912,4.913912,udp,0.0,0.0,cs0,cs0,117.0,64.0,11.0,0.0,Status,140,121,19,167717,158980,8737,1313.884277,459.842102,270163.5938,256686.7344,13476.83887,0,0,0,0.0,,,28.287035,24.420464,3.663069,CON,,,,,0.0,0.0,0.0,0
744409,4.999212,4.999212,4.999212,4.999212,4.999212,4.999212,udp,0.0,0.0,cs0,cs0,117.0,64.0,11.0,0.0,Status,114,100,14,137165,132963,4202,1329.630005,300.142853,216891.7969,210647.6094,6244.18457,0,0,0,0.0,,,22.603563,19.803122,2.60041,CON,,,,,0.0,0.0,0.0,0
744415,0.0,0.0,0.0,0.0,0.0,0.0,icmp,0.0,,cs0,,58.0,,6.0,,Start,1,1,0,98,98,0,98.0,0.0,0.0,0.0,0.0,0,0,0,0.0,,,0.0,0.0,0.0,ECO,,,,,0.0,0.0,0.0,0
744416,0.0,0.0,0.0,0.0,0.0,0.0,icmp,0.0,,cs0,,58.0,,6.0,,Start,1,1,0,98,98,0,98.0,0.0,0.0,0.0,0.0,0,0,0,0.0,,,0.0,0.0,0.0,ECO,,,,,0.0,0.0,0.0,0
744498,0.200915,0.200915,0.200915,0.200915,0.200915,0.200915,udp,0.0,0.0,cs0,cs0,64.0,52.0,0.0,12.0,Start,17,10,7,12028,8039,3989,803.900024,569.857117,424298.8438,288121.8438,136177.0,0,0,0,0.0,,,79.635666,44.795063,29.863377,CON,,,,,0.0,0.0,0.0,0
744540,0.064833,0.064833,0.064833,0.064833,0.064833,0.064833,udp,0.0,0.0,cs0,cs0,64.0,117.0,0.0,11.0,Status,6,3,3,733,531,202,177.0,67.333336,60339.64063,43681.45703,16658.18359,0,0,0,0.0,,,77.121216,30.848488,30.848488,CON,,,,,0.0,0.0,0.0,0
744542,0.0,0.0,0.0,0.0,0.0,0.0,icmp,0.0,,cs0,,58.0,,6.0,,Start,1,1,0,98,98,0,98.0,0.0,0.0,0.0,0.0,0,0,0,0.0,,,0.0,0.0,0.0,ECO,,,,,0.0,0.0,0.0,0
744603,0.068892,0.068892,0.068892,0.068892,0.068892,0.068892,udp,0.0,0.0,cs0,cs0,64.0,117.0,0.0,11.0,Status,6,3,3,733,531,202,177.0,67.333336,56784.53125,41107.82031,15676.71094,0,0,0,0.0,,,72.577362,29.030947,29.030947,CON,,,,,0.0,0.0,0.0,0
744625,0.0,0.0,0.0,0.0,0.0,0.0,icmp,0.0,,cs0,,58.0,,6.0,,Start,1,1,0,98,98,0,98.0,0.0,0.0,0.0,0.0,0,0,0,0.0,,,0.0,0.0,0.0,ECO,,,,,0.0,0.0,0.0,0
744630,1.293947,1.293947,1.293947,1.293947,1.293947,1.293947,udp,0.0,0.0,cs0,cs0,64.0,53.0,0.0,11.0,Status,16,9,7,9476,7280,2196,808.888916,313.714294,51655.90234,40014.00391,11641.89941,0,0,0,0.0,,,11.592438,6.182633,4.636975,CON,,,,,0.0,0.0,0.0,0
744639,0.0,0.0,0.0,0.0,0.0,0.0,icmp,0.0,,cs0,,58.0,,6.0,,Start,1,1,0,98,98,0,98.0,0.0,0.0,0.0,0.0,0,0,0,0.0,,,0.0,0.0,0.0,ECO,,,,,0.0,0.0,0.0,0
744658,4.998158,4.998158,4.998158,4.998158,4.998158,4.998158,udp,0.0,0.0,cs0,cs0,117.0,64.0,11.0,0.0,Status,224,203,21,279502,273973,5529,1349.620728,263.285706,444787.875,436359.1563,8428.705078,0,0,0,0.0,,,44.616436,40.41489,4.001474,CON,,,,,0.0,0.0,0.0,0
744673,4.997872,4.997872,4.997872,4.997872,4.997872,4.997872,udp,0.0,0.0,cs0,cs0,117.0,64.0,11.0,0.0,Status,306,286,20,392372,387271,5101,1354.09436,255.050003,625487.0,617730.125,7756.901367,0,0,0,0.0,,,61.025974,57.024269,3.801618,CON,,,,,0.0,0.0,0.0,0
744692,4.371132,4.371132,4.371132,4.371132,4.371132,4.371132,sctp,186.0,40.0,ef,af11,255.0,250.0,1.0,6.0,Status,4,2,2,424,208,216,104.0,108.0,388.000183,190.339722,197.660477,0,0,0,0.0,,,0.686321,0.228774,0.228774,CON,,,,610.0,0.0,0.0,0.0,0
744718,4.999745,4.999745,4.999745,4.999745,4.999745,4.999745,udp,0.0,0.0,cs0,cs0,117.0,64.0,11.0,0.0,Status,216,199,17,274745,270795,3950,1360.778931,232.352936,437067.0938,431118.0,5949.103516,0,0,0,0.0,,,43.002193,39.60202,3.200163,CON,,,,,0.0,0.0,0.0,0
744722,0.0,0.0,0.0,0.0,0.0,0.0,sctp,186.0,186.0,ef,ef,252.0,255.0,4.0,1.0,Status,2,1,1,192,98,94,98.0,94.0,0.0,0.0,0.0,0,0,0,0.0,,,0.0,0.0,0.0,CON,,,610.0,,0.0,0.0,0.0,0
744734,0.070227,0.070227,0.070227,0.070227,0.070227,0.070227,udp,0.0,0.0,cs0,cs0,64.0,117.0,0.0,11.0,Status,9,4,5,1104,761,343,190.25,68.599998,96373.19531,65046.21094,31326.98438,0,0,0,0.0,,,113.916306,42.718613,56.958153,CON,,,,,0.0,0.0,0.0,0
744754,4.99827,4.99827,4.99827,4.99827,4.99827,4.99827,udp,0.0,0.0,cs0,cs0,117.0,64.0,11.0,0.0,Status,185,172,13,237667,233958,3709,1360.220947,285.307678,377765.875,372285.5938,5480.296387,0,0,0,0.0,,,36.812737,34.211838,2.400831,CON,,,,,0.0,0.0,0.0,0
744773,0.0,0.0,0.0,0.0,0.0,0.0,icmp,0.0,,cs0,,58.0,,6.0,,Start,1,1,0,98,98,0,98.0,0.0,0.0,0.0,0.0,0,0,0,0.0,,,0.0,0.0,0.0,ECO,,,,,0.0,0.0,0.0,0
744794,4.993111,4.993111,4.993111,4.993111,4.993111,4.993111,udp,0.0,0.0,cs0,cs0,117.0,64.0,11.0,0.0,Status,159,146,13,199465,194501,4964,1332.198608,381.846161,316839.7188,309496.8125,7342.916992,0,0,0,0.0,,,31.643599,29.04001,2.403311,CON,,,,,0.0,0.0,0.0,0
744999,0.0,0.0,0.0,0.0,0.0,0.0,tcp,0.0,,cs0,,63.0,,1.0,,Start,1,1,0,74,74,0,74.0,0.0,0.0,0.0,0.0,0,0,0,0.0,0.0,0.0,0.0,0.0,0.0,REQ,2359296.0,,,,0.0,0.0,0.0,1
745002,0.0,0.0,0.0,0.0,0.0,0.0,tcp,0.0,,cs0,,63.0,,1.0,,Start,1,1,0,74,74,0,74.0,0.0,0.0,0.0,0.0,0,0,0,0.0,0.0,0.0,0.0,0.0,0.0,REQ,9216.0,,,,0.0,0.0,0.0,1
745034,0.0,0.0,0.0,0.0,0.0,0.0,tcp,0.0,,cs0,,63.0,,1.0,,Start,1,1,0,74,74,0,74.0,0.0,0.0,0.0,0.0,0,0,0,0.0,0.0,0.0,0.0,0.0,0.0,REQ,0.0,,,,0.0,0.0,0.0,1
745053,0.0,0.0,0.0,0.0,0.0,0.0,tcp,0.0,,cs0,,63.0,,1.0,,Start,1,1,0,74,74,0,74.0,0.0,0.0,0.0,0.0,0,0,0,0.0,0.0,0.0,0.0,0.0,0.0,REQ,0.0,,,,0.0,0.0,0.0,1
745069,0.0,0.0,0.0,0.0,0.0,0.0,tcp,0.0,,cs0,,63.0,,1.0,,Start,1,1,0,74,74,0,74.0,0.0,0.0,0.0,0.0,0,0,0,0.0,0.0,0.0,0.0,0.0,0.0,REQ,0.0,,,,0.0,0.0,0.0,1
745103,0.0,0.0,0.0,0.0,0.0,0.0,tcp,0.0,,cs0,,63.0,,1.0,,Start,1,1,0,74,74,0,74.0,0.0,0.0,0.0,0.0,0,0,0,0.0,0.0,0.0,0.0,0.0,0.0,REQ,0.0,,,,0.0,0.0,0.0,1
745126,0.0,0.0,0.0,0.0,0.0,0.0,tcp,0.0,,cs0,,63.0,,1.0,,Start,1,1,0,74,74,0,74.0,0.0,0.0,0.0,0.0,0,0,0,0.0,0.0,0.0,0.0,0.0,0.0,REQ,0.0,,,,0.0,0.0,0.0,1
745263,0.0,0.0,0.0,0.0,0.0,0.0,tcp,0.0,,cs0,,63.0,,1.0,,Start,1,1,0,74,74,0,74.0,0.0,0.0,0.0,0.0,0,0,0,0.0,0.0,0.0,0.0,0.0,0.0,REQ,0.0,,,,0.0,0.0,0.0,1
745291,0.0,0.0,0.0,0.0,0.0,0.0,tcp,0.0,,cs0,,63.0,,1.0,,Start,1,1,0,74,74,0,74.0,0.0,0.0,0.0,0.0,0,0,0,0.0,0.0,0.0,0.0,0.0,0.0,REQ,0.0,,,,0.0,0.0,0.0,1
745312,0.0,0.0,0.0,0.0,0.0,0.0,tcp,0.0,,cs0,,63.0,,1.0,,Start,1,1,0,74,74,0,74.0,0.0,0.0,0.0,0.0,0,0,0,0.0,0.0,0.0,0.0,0.0,0.0,REQ,0.0,,,,0.0,0.0,0.0,1
745332,0.0,0.0,0.0,0.0,0.0,0.0,tcp,0.0,,cs0,,63.0,,1.0,,Start,1,1,0,74,74,0,74.0,0.0,0.0,0.0,0.0,0,0,0,0.0,0.0,0.0,0.0,0.0,0.0,REQ,0.0,,,,0.0,0.0,0.0,1
745406,0.0,0.0,0.0,0.0,0.0,0.0,tcp,0.0,,cs0,,63.0,,1.0,,Start,1,1,0,74,74,0,74.0,0.0,0.0,0.0,0.0,0,0,0,0.0,0.0,0.0,0.0,0.0,0.0,REQ,0.0,,,,0.0,0.0,0.0,1
745504,0.0,0.0,0.0,0.0,0.0,0.0,tcp,0.0,,cs0,,63.0,,1.0,,Start,1,1,0,74,74,0,74.0,0.0,0.0,0.0,0.0,0,0,0,0.0,0.0,0.0,0.0,0.0,0.0,REQ,0.0,,,,0.0,0.0,0.0,1
745529,0.0,0.0,0.0,0.0,0.0,0.0,tcp,0.0,,cs0,,63.0,,1.0,,Start,1,1,0,74,74,0,74.0,0.0,0.0,0.0,0.0,0,0,0,0.0,0.0,0.0,0.0,0.0,0.0,REQ,0.0,,,,0.0,0.0,0.0,1
745597,0.0,0.0,0.0,0.0,0.0,0.0,tcp,0.0,,cs0,,63.0,,1.0,,Start,1,1,0,74,74,0,74.0,0.0,0.0,0.0,0.0,0,0,0,0.0,0.0,0.0,0.0,0.0,0.0,REQ,0.0,,,,0.0,0.0,0.0,1
745599,0.0,0.0,0.0,0.0,0.0,0.0,tcp,0.0,,cs0,,63.0,,1.0,,Start,1,1,0,74,74,0,74.0,0.0,0.0,0.0,0.0,0,0,0,0.0,0.0,0.0,0.0,0.0,0.0,REQ,0.0,,,,0.0,0.0,0.0,1
745688,0.0,0.0,0.0,0.0,0.0,0.0,tcp,0.0,,cs0,,63.0,,1.0,,Start,1,1,0,74,74,0,74.0,0.0,0.0,0.0,0.0,0,0,0,0.0,0.0,0.0,0.0,0.0,0.0,REQ,0.0,,,,0.0,0.0,0.0,1
745690,0.0,0.0,0.0,0.0,0.0,0.0,tcp,0.0,,cs0,,63.0,,1.0,,Start,1,1,0,74,74,0,74.0,0.0,0.0,0.0,0.0,0,0,0,0.0,0.0,0.0,0.0,0.0,0.0,REQ,0.0,,,,0.0,0.0,0.0,1
745716,0.0,0.0,0.0,0.0,0.0,0.0,tcp,0.0,,cs0,,63.0,,1.0,,Start,1,1,0,74,74,0,74.0,0.0,0.0,0.0,0.0,0,0,0,0.0,0.0,0.0,0.0,0.0,0.0,REQ,0.0,,,,0.0,0.0,0.0,1
745734,0.0,0.0,0.0,0.0,0.0,0.0,tcp,0.0,,cs0,,63.0,,1.0,,Start,1,1,0,74,74,0,74.0,0.0,0.0,0.0,0.0,0,0,0,0.0,0.0,0.0,0.0,0.0,0.0,REQ,0.0,,,,0.0,0.0,0.0,1
745740,0.0,0.0,0.0,0.0,0.0,0.0,tcp,0.0,,cs0,,63.0,,1.0,,Start,1,1,0,74,74,0,74.0,0.0,0.0,0.0,0.0,0,0,0,0.0,0.0,0.0,0.0,0.0,0.0,REQ,0.0,,,,0.0,0.0,0.0,1
745776,0.0,0.0,0.0,0.0,0.0,0.0,tcp,0.0,,cs0,,63.0,,1.0,,Start,1,1,0,74,74,0,74.0,0.0,0.0,0.0,0.0,0,0,0,0.0,0.0,0.0,0.0,0.0,0.0,REQ,0.0,,,,0.0,0.0,0.0,1
745870,0.0,0.0,0.0,0.0,0.0,0.0,tcp,0.0,,cs0,,63.0,,1.0,,Start,1,1,0,74,74,0,74.0,0.0,0.0,0.0,0.0,0,0,0,0.0,0.0,0.0,0.0,0.0,0.0,REQ,2359296.0,,,,0.0,0.0,0.0,1
745884,0.0,0.0,0.0,0.0,0.0,0.0,tcp,0.0,,cs0,,63.0,,1.0,,Start,1,1,0,74,74,0,74.0,0.0,0.0,0.0,0.0,0,0,0,0.0,0.0,0.0,0.0,0.0,0.0,REQ,2359296.0,,,,0.0,0.0,0.0,1
746020,0.0,0.0,0.0,0.0,0.0,0.0,tcp,0.0,,cs0,,63.0,,1.0,,Start,1,1,0,74,74,0,74.0,0.0,0.0,0.0,0.0,0,0,0,0.0,0.0,0.0,0.0,0.0,0.0,REQ,2359296.0,,,,0.0,0.0,0.0,1
746035,0.0,0.0,0.0,0.0,0.0,0.0,tcp,0.0,,cs0,,63.0,,1.0,,Start,1,1,0,74,74,0,74.0,0.0,0.0,0.0,0.0,0,0,0,0.0,0.0,0.0,0.0,0.0,0.0,REQ,9216.0,,,,0.0,0.0,0.0,1
746153,0.0,0.0,0.0,0.0,0.0,0.0,tcp,0.0,,cs0,,63.0,,1.0,,Start,1,1,0,74,74,0,74.0,0.0,0.0,0.0,0.0,0,0,0,0.0,0.0,0.0,0.0,0.0,0.0,REQ,0.0,,,,0.0,0.0,0.0,1
746187,0.0,0.0,0.0,0.0,0.0,0.0,tcp,0.0,,cs0,,63.0,,1.0,,Start,1,1,0,74,74,0,74.0,0.0,0.0,0.0,0.0,0,0,0,0.0,0.0,0.0,0.0,0.0,0.0,REQ,0.0,,,,0.0,0.0,0.0,1
746189,0.0,0.0,0.0,0.0,0.0,0.0,tcp,0.0,,cs0,,63.0,,1.0,,Start,1,1,0,74,74,0,74.0,0.0,0.0,0.0,0.0,0,0,0,0.0,0.0,0.0,0.0,0.0,0.0,REQ,0.0,,,,0.0,0.0,0.0,1
746232,0.0,0.0,0.0,0.0,0.0,0.0,tcp,0.0,,cs0,,63.0,,1.0,,Start,1,1,0,74,74,0,74.0,0.0,0.0,0.0,0.0,0,0,0,0.0,0.0,0.0,0.0,0.0,0.0,REQ,0.0,,,,0.0,0.0,0.0,1
746282,0.0,0.0,0.0,0.0,0.0,0.0,tcp,0.0,,cs0,,63.0,,1.0,,Start,1,1,0,74,74,0,74.0,0.0,0.0,0.0,0.0,0,0,0,0.0,0.0,0.0,0.0,0.0,0.0,REQ,0.0,,,,0.0,0.0,0.0,1
746288,0.0,0.0,0.0,0.0,0.0,0.0,tcp,0.0,,cs0,,63.0,,1.0,,Start,1,1,0,74,74,0,74.0,0.0,0.0,0.0,0.0,0,0,0,0.0,0.0,0.0,0.0,0.0,0.0,REQ,0.0,,,,0.0,0.0,0.0,1
746341,0.0,0.0,0.0,0.0,0.0,0.0,tcp,0.0,,cs0,,63.0,,1.0,,Start,1,1,0,74,74,0,74.0,0.0,0.0,0.0,0.0,0,0,0,0.0,0.0,0.0,0.0,0.0,0.0,REQ,0.0,,,,0.0,0.0,0.0,1
746343,0.0,0.0,0.0,0.0,0.0,0.0,tcp,0.0,,cs0,,63.0,,1.0,,Start,1,1,0,74,74,0,74.0,0.0,0.0,0.0,0.0,0,0,0,0.0,0.0,0.0,0.0,0.0,0.0,REQ,0.0,,,,0.0,0.0,0.0,1
746400,0.0,0.0,0.0,0.0,0.0,0.0,tcp,0.0,,cs0,,63.0,,1.0,,Start,1,1,0,74,74,0,74.0,0.0,0.0,0.0,0.0,0,0,0,0.0,0.0,0.0,0.0,0.0,0.0,REQ,0.0,,,,0.0,0.0,0.0,1
746422,0.0,0.0,0.0,0.0,0.0,0.0,tcp,0.0,,cs0,,63.0,,1.0,,Start,1,1,0,74,74,0,74.0,0.0,0.0,0.0,0.0,0,0,0,0.0,0.0,0.0,0.0,0.0,0.0,REQ,0.0,,,,0.0,0.0,0.0,1
746440,0.0,0.0,0.0,0.0,0.0,0.0,tcp,0.0,,cs0,,63.0,,1.0,,Start,1,1,0,74,74,0,74.0,0.0,0.0,0.0,0.0,0,0,0,0.0,0.0,0.0,0.0,0.0,0.0,REQ,0.0,,,,0.0,0.0,0.0,1
746514,0.0,0.0,0.0,0.0,0.0,0.0,tcp,0.0,,cs0,,63.0,,1.0,,Start,1,1,0,74,74,0,74.0,0.0,0.0,0.0,0.0,0,0,0,0.0,0.0,0.0,0.0,0.0,0.0,REQ,0.0,,,,0.0,0.0,0.0,1
746520,0.0,0.0,0.0,0.0,0.0,0.0,tcp,0.0,,cs0,,63.0,,1.0,,Start,1,1,0,74,74,0,74.0,0.0,0.0,0.0,0.0,0,0,0,0.0,0.0,0.0,0.0,0.0,0.0,REQ,0.0,,,,0.0,0.0,0.0,1
746522,0.0,0.0,0.0,0.0,0.0,0.0,tcp,0.0,,cs0,,63.0,,1.0,,Start,1,1,0,74,74,0,74.0,0.0,0.0,0.0,0.0,0,0,0,0.0,0.0,0.0,0.0,0.0,0.0,REQ,0.0,,,,0.0,0.0,0.0,1
746537,0.0,0.0,0.0,0.0,0.0,0.0,tcp,0.0,,cs0,,63.0,,1.0,,Start,1,1,0,74,74,0,74.0,0.0,0.0,0.0,0.0,0,0,0,0.0,0.0,0.0,0.0,0.0,0.0,REQ,0.0,,,,0.0,0.0,0.0,1
746603,0.0,0.0,0.0,0.0,0.0,0.0,tcp,0.0,,cs0,,63.0,,1.0,,Start,1,1,0,74,74,0,74.0,0.0,0.0,0.0,0.0,0,0,0,0.0,0.0,0.0,0.0,0.0,0.0,REQ,0.0,,,,0.0,0.0,0.0,1
746604,0.0,0.0,0.0,0.0,0.0,0.0,tcp,0.0,,cs0,,63.0,,1.0,,Start,1,1,0,74,74,0,74.0,0.0,0.0,0.0,0.0,0,0,0,0.0,0.0,0.0,0.0,0.0,0.0,REQ,0.0,,,,0.0,0.0,0.0,1
746677,0.0,0.0,0.0,0.0,0.0,0.0,tcp,0.0,,cs0,,63.0,,1.0,,Start,1,1,0,74,74,0,74.0,0.0,0.0,0.0,0.0,0,0,0,0.0,0.0,0.0,0.0,0.0,0.0,REQ,0.0,,,,0.0,0.0,0.0,1
746690,0.0,0.0,0.0,0.0,0.0,0.0,tcp,0.0,,cs0,,63.0,,1.0,,Start,1,1,0,74,74,0,74.0,0.0,0.0,0.0,0.0,0,0,0,0.0,0.0,0.0,0.0,0.0,0.0,REQ,2359296.0,,,,0.0,0.0,0.0,1
746702,0.0,0.0,0.0,0.0,0.0,0.0,tcp,0.0,,cs0,,63.0,,1.0,,Start,1,1,0,74,74,0,74.0,0.0,0.0,0.0,0.0,0,0,0,0.0,0.0,0.0,0.0,0.0,0.0,REQ,2359296.0,,,,0.0,0.0,0.0,1
746739,0.0,0.0,0.0,0.0,0.0,0.0,tcp,0.0,,cs0,,63.0,,1.0,,Start,1,1,0,74,74,0,74.0,0.0,0.0,0.0,0.0,0,0,0,0.0,0.0,0.0,0.0,0.0,0.0,REQ,9216.0,,,,0.0,0.0,0.0,1
746755,0.0,0.0,0.0,0.0,0.0,0.0,tcp,0.0,,cs0,,63.0,,1.0,,Start,1,1,0,74,74,0,74.0,0.0,0.0,0.0,0.0,0,0,0,0.0,0.0,0.0,0.0,0.0,0.0,REQ,0.0,,,,0.0,0.0,0.0,1
746834,4.990948,4.990948,4.990948,4.990948,4.990948,4.990948,udp,0.0,0.0,cs0,cs0,117.0,64.0,11.0,0.0,Status,158,137,21,186077,179884,6193,1313.021851,294.904755,295687.3125,286231.7813,9455.517578,0,0,0,0.0,,,31.456949,27.249331,4.007255,CON,,,,,0.0,0.0,0.0,0
746922,0.0,0.0,0.0,0.0,0.0,0.0,tcp,0.0,,cs0,,63.0,,1.0,,Start,1,1,0,74,74,0,74.0,0.0,0.0,0.0,0.0,0,0,0,0.0,0.0,0.0,0.0,0.0,0.0,REQ,0.0,,,,0.0,0.0,0.0,1
746928,0.0,0.0,0.0,0.0,0.0,0.0,tcp,0.0,,cs0,,63.0,,1.0,,Start,1,1,0,74,74,0,74.0,0.0,0.0,0.0,0.0,0,0,0,0.0,0.0,0.0,0.0,0.0,0.0,REQ,0.0,,,,0.0,0.0,0.0,1
746952,0.0,0.0,0.0,0.0,0.0,0.0,tcp,0.0,,cs0,,63.0,,1.0,,Start,1,1,0,74,74,0,74.0,0.0,0.0,0.0,0.0,0,0,0,0.0,0.0,0.0,0.0,0.0,0.0,REQ,0.0,,,,0.0,0.0,0.0,1
747018,0.0,0.0,0.0,0.0,0.0,0.0,tcp,0.0,,cs0,,63.0,,1.0,,Start,1,1,0,74,74,0,74.0,0.0,0.0,0.0,0.0,0,0,0,0.0,0.0,0.0,0.0,0.0,0.0,REQ,0.0,,,,0.0,0.0,0.0,1
747026,0.0,0.0,0.0,0.0,0.0,0.0,tcp,0.0,,cs0,,63.0,,1.0,,Start,1,1,0,74,74,0,74.0,0.0,0.0,0.0,0.0,0,0,0,0.0,0.0,0.0,0.0,0.0,0.0,REQ,0.0,,,,0.0,0.0,0.0,1
747029,0.0,0.0,0.0,0.0,0.0,0.0,tcp,0.0,,cs0,,63.0,,1.0,,Start,1,1,0,74,74,0,74.0,0.0,0.0,0.0,0.0,0,0,0,0.0,0.0,0.0,0.0,0.0,0.0,REQ,0.0,,,,0.0,0.0,0.0,1
747047,0.0,0.0,0.0,0.0,0.0,0.0,tcp,0.0,,cs0,,63.0,,1.0,,Start,1,1,0,74,74,0,74.0,0.0,0.0,0.0,0.0,0,0,0,0.0,0.0,0.0,0.0,0.0,0.0,REQ,0.0,,,,0.0,0.0,0.0,1
747070,0.0,0.0,0.0,0.0,0.0,0.0,tcp,0.0,,cs0,,63.0,,1.0,,Start,1,1,0,74,74,0,74.0,0.0,0.0,0.0,0.0,0,0,0,0.0,0.0,0.0,0.0,0.0,0.0,REQ,0.0,,,,0.0,0.0,0.0,1
747141,0.0,0.0,0.0,0.0,0.0,0.0,tcp,0.0,,cs0,,63.0,,1.0,,Start,1,1,0,74,74,0,74.0,0.0,0.0,0.0,0.0,0,0,0,0.0,0.0,0.0,0.0,0.0,0.0,REQ,0.0,,,,0.0,0.0,0.0,1
747193,0.0,0.0,0.0,0.0,0.0,0.0,tcp,0.0,,cs0,,63.0,,1.0,,Start,1,1,0,74,74,0,74.0,0.0,0.0,0.0,0.0,0,0,0,0.0,0.0,0.0,0.0,0.0,0.0,REQ,0.0,,,,0.0,0.0,0.0,1
747217,0.0,0.0,0.0,0.0,0.0,0.0,tcp,0.0,,cs0,,63.0,,1.0,,Start,1,1,0,74,74,0,74.0,0.0,0.0,0.0,0.0,0,0,0,0.0,0.0,0.0,0.0,0.0,0.0,REQ,0.0,,,,0.0,0.0,0.0,1
747238,0.0,0.0,0.0,0.0,0.0,0.0,tcp,0.0,,cs0,,63.0,,1.0,,Start,1,1,0,74,74,0,74.0,0.0,0.0,0.0,0.0,0,0,0,0.0,0.0,0.0,0.0,0.0,0.0,REQ,0.0,,,,0.0,0.0,0.0,1
747438,0.0,0.0,0.0,0.0,0.0,0.0,tcp,0.0,,cs0,,63.0,,1.0,,Start,1,1,0,74,74,0,74.0,0.0,0.0,0.0,0.0,0,0,0,0.0,0.0,0.0,0.0,0.0,0.0,REQ,0.0,,,,0.0,0.0,0.0,1
747451,0.0,0.0,0.0,0.0,0.0,0.0,tcp,0.0,,cs0,,63.0,,1.0,,Start,1,1,0,74,74,0,74.0,0.0,0.0,0.0,0.0,0,0,0,0.0,0.0,0.0,0.0,0.0,0.0,REQ,0.0,,,,0.0,0.0,0.0,1
747483,0.0,0.0,0.0,0.0,0.0,0.0,tcp,0.0,,cs0,,63.0,,1.0,,Start,1,1,0,74,74,0,74.0,0.0,0.0,0.0,0.0,0,0,0,0.0,0.0,0.0,0.0,0.0,0.0,REQ,0.0,,,,0.0,0.0,0.0,1
747530,0.0,0.0,0.0,0.0,0.0,0.0,tcp,0.0,,cs0,,63.0,,1.0,,Start,1,1,0,74,74,0,74.0,0.0,0.0,0.0,0.0,0,0,0,0.0,0.0,0.0,0.0,0.0,0.0,REQ,0.0,,,,0.0,0.0,0.0,1
747572,0.0,0.0,0.0,0.0,0.0,0.0,tcp,0.0,,cs0,,63.0,,1.0,,Start,1,1,0,74,74,0,74.0,0.0,0.0,0.0,0.0,0,0,0,0.0,0.0,0.0,0.0,0.0,0.0,REQ,0.0,,,,0.0,0.0,0.0,1
747583,0.0,0.0,0.0,0.0,0.0,0.0,tcp,0.0,,cs0,,63.0,,1.0,,Start,1,1,0,74,74,0,74.0,0.0,0.0,0.0,0.0,0,0,0,0.0,0.0,0.0,0.0,0.0,0.0,REQ,0.0,,,,0.0,0.0,0.0,1
747593,0.0,0.0,0.0,0.0,0.0,0.0,tcp,0.0,,cs0,,63.0,,1.0,,Start,1,1,0,74,74,0,74.0,0.0,0.0,0.0,0.0,0,0,0,0.0,0.0,0.0,0.0,0.0,0.0,REQ,0.0,,,,0.0,0.0,0.0,1
747596,0.0,0.0,0.0,0.0,0.0,0.0,tcp,0.0,,cs0,,63.0,,1.0,,Start,1,1,0,74,74,0,74.0,0.0,0.0,0.0,0.0,0,0,0,0.0,0.0,0.0,0.0,0.0,0.0,REQ,0.0,,,,0.0,0.0,0.0,1
747622,0.0,0.0,0.0,0.0,0.0,0.0,tcp,0.0,,cs0,,63.0,,1.0,,Start,1,1,0,74,74,0,74.0,0.0,0.0,0.0,0.0,0,0,0,0.0,0.0,0.0,0.0,0.0,0.0,REQ,0.0,,,,0.0,0.0,0.0,1
747666,0.0,0.0,0.0,0.0,0.0,0.0,tcp,0.0,,cs0,,63.0,,1.0,,Start,1,1,0,74,74,0,74.0,0.0,0.0,0.0,0.0,0,0,0,0.0,0.0,0.0,0.0,0.0,0.0,REQ,0.0,,,,0.0,0.0,0.0,1
747673,0.0,0.0,0.0,0.0,0.0,0.0,tcp,0.0,,cs0,,63.0,,1.0,,Start,1,1,0,74,74,0,74.0,0.0,0.0,0.0,0.0,0,0,0,0.0,0.0,0.0,0.0,0.0,0.0,REQ,0.0,,,,0.0,0.0,0.0,1
747684,0.0,0.0,0.0,0.0,0.0,0.0,tcp,0.0,,cs0,,63.0,,1.0,,Start,1,1,0,74,74,0,74.0,0.0,0.0,0.0,0.0,0,0,0,0.0,0.0,0.0,0.0,0.0,0.0,REQ,0.0,,,,0.0,0.0,0.0,1
747690,0.0,0.0,0.0,0.0,0.0,0.0,tcp,0.0,,cs0,,63.0,,1.0,,Start,1,1,0,74,74,0,74.0,0.0,0.0,0.0,0.0,0,0,0,0.0,0.0,0.0,0.0,0.0,0.0,REQ,0.0,,,,0.0,0.0,0.0,1
747783,0.0,0.0,0.0,0.0,0.0,0.0,tcp,0.0,,cs0,,63.0,,1.0,,Start,1,1,0,74,74,0,74.0,0.0,0.0,0.0,0.0,0,0,0,0.0,0.0,0.0,0.0,0.0,0.0,REQ,0.0,,,,0.0,0.0,0.0,1
747820,0.0,0.0,0.0,0.0,0.0,0.0,tcp,0.0,,cs0,,63.0,,1.0,,Start,1,1,0,74,74,0,74.0,0.0,0.0,0.0,0.0,0,0,0,0.0,0.0,0.0,0.0,0.0,0.0,REQ,0.0,,,,0.0,0.0,0.0,1
747848,0.0,0.0,0.0,0.0,0.0,0.0,tcp,0.0,,cs0,,63.0,,1.0,,Start,1,1,0,74,74,0,74.0,0.0,0.0,0.0,0.0,0,0,0,0.0,0.0,0.0,0.0,0.0,0.0,REQ,0.0,,,,0.0,0.0,0.0,1
747902,0.0,0.0,0.0,0.0,0.0,0.0,tcp,0.0,,cs0,,63.0,,1.0,,Start,1,1,0,74,74,0,74.0,0.0,0.0,0.0,0.0,0,0,0,0.0,0.0,0.0,0.0,0.0,0.0,REQ,0.0,,,,0.0,0.0,0.0,1
747983,0.0,0.0,0.0,0.0,0.0,0.0,tcp,0.0,,cs0,,63.0,,1.0,,Start,1,1,0,74,74,0,74.0,0.0,0.0,0.0,0.0,0,0,0,0.0,0.0,0.0,0.0,0.0,0.0,REQ,0.0,,,,0.0,0.0,0.0,1
748004,0.0,0.0,0.0,0.0,0.0,0.0,tcp,0.0,,cs0,,63.0,,1.0,,Start,1,1,0,74,74,0,74.0,0.0,0.0,0.0,0.0,0,0,0,0.0,0.0,0.0,0.0,0.0,0.0,REQ,0.0,,,,0.0,0.0,0.0,1
748060,0.0,0.0,0.0,0.0,0.0,0.0,tcp,0.0,,cs0,,63.0,,1.0,,Start,1,1,0,74,74,0,74.0,0.0,0.0,0.0,0.0,0,0,0,0.0,0.0,0.0,0.0,0.0,0.0,REQ,0.0,,,,0.0,0.0,0.0,1
748067,0.0,0.0,0.0,0.0,0.0,0.0,tcp,0.0,,cs0,,63.0,,1.0,,Start,1,1,0,74,74,0,74.0,0.0,0.0,0.0,0.0,0,0,0,0.0,0.0,0.0,0.0,0.0,0.0,REQ,0.0,,,,0.0,0.0,0.0,1
748099,0.0,0.0,0.0,0.0,0.0,0.0,tcp,0.0,,cs0,,63.0,,1.0,,Start,1,1,0,74,74,0,74.0,0.0,0.0,0.0,0.0,0,0,0,0.0,0.0,0.0,0.0,0.0,0.0,REQ,0.0,,,,0.0,0.0,0.0,1
748130,0.0,0.0,0.0,0.0,0.0,0.0,tcp,0.0,,cs0,,63.0,,1.0,,Start,1,1,0,74,74,0,74.0,0.0,0.0,0.0,0.0,0,0,0,0.0,0.0,0.0,0.0,0.0,0.0,REQ,0.0,,,,0.0,0.0,0.0,1
748160,0.0,0.0,0.0,0.0,0.0,0.0,tcp,0.0,,cs0,,63.0,,1.0,,Start,1,1,0,74,74,0,74.0,0.0,0.0,0.0,0.0,0,0,0,0.0,0.0,0.0,0.0,0.0,0.0,REQ,0.0,,,,0.0,0.0,0.0,1
748209,0.0,0.0,0.0,0.0,0.0,0.0,tcp,0.0,,cs0,,63.0,,1.0,,Start,1,1,0,74,74,0,74.0,0.0,0.0,0.0,0.0,0,0,0,0.0,0.0,0.0,0.0,0.0,0.0,REQ,0.0,,,,0.0,0.0,0.0,1
748355,0.0,0.0,0.0,0.0,0.0,0.0,tcp,0.0,,cs0,,63.0,,1.0,,Start,1,1,0,74,74,0,74.0,0.0,0.0,0.0,0.0,0,0,0,0.0,0.0,0.0,0.0,0.0,0.0,REQ,0.0,,,,0.0,0.0,0.0,1
748409,0.0,0.0,0.0,0.0,0.0,0.0,tcp,0.0,,cs0,,63.0,,1.0,,Start,1,1,0,74,74,0,74.0,0.0,0.0,0.0,0.0,0,0,0,0.0,0.0,0.0,0.0,0.0,0.0,REQ,0.0,,,,0.0,0.0,0.0,1
748501,0.0,0.0,0.0,0.0,0.0,0.0,tcp,0.0,,cs0,,63.0,,1.0,,Start,1,1,0,74,74,0,74.0,0.0,0.0,0.0,0.0,0,0,0,0.0,0.0,0.0,0.0,0.0,0.0,REQ,0.0,,,,0.0,0.0,0.0,1
748519,0.0,0.0,0.0,0.0,0.0,0.0,tcp,0.0,,cs0,,63.0,,1.0,,Start,1,1,0,74,74,0,74.0,0.0,0.0,0.0,0.0,0,0,0,0.0,0.0,0.0,0.0,0.0,0.0,REQ,0.0,,,,0.0,0.0,0.0,1
748538,0.0,0.0,0.0,0.0,0.0,0.0,tcp,0.0,,cs0,,63.0,,1.0,,Start,1,1,0,74,74,0,74.0,0.0,0.0,0.0,0.0,0,0,0,0.0,0.0,0.0,0.0,0.0,0.0,REQ,2359296.0,,,,0.0,0.0,0.0,1
748576,0.0,0.0,0.0,0.0,0.0,0.0,tcp,0.0,,cs0,,63.0,,1.0,,Start,1,1,0,74,74,0,74.0,0.0,0.0,0.0,0.0,0,0,0,0.0,0.0,0.0,0.0,0.0,0.0,REQ,2359296.0,,,,0.0,0.0,0.0,1
748607,0.0,0.0,0.0,0.0,0.0,0.0,tcp,0.0,,cs0,,63.0,,1.0,,Start,1,1,0,74,74,0,74.0,0.0,0.0,0.0,0.0,0,0,0,0.0,0.0,0.0,0.0,0.0,0.0,REQ,9216.0,,,,0.0,0.0,0.0,1
748673,0.0,0.0,0.0,0.0,0.0,0.0,tcp,0.0,,cs0,,63.0,,1.0,,Start,1,1,0,74,74,0,74.0,0.0,0.0,0.0,0.0,0,0,0,0.0,0.0,0.0,0.0,0.0,0.0,REQ,9216.0,,,,0.0,0.0,0.0,1
748711,0.0,0.0,0.0,0.0,0.0,0.0,tcp,0.0,,cs0,,63.0,,1.0,,Start,1,1,0,74,74,0,74.0,0.0,0.0,0.0,0.0,0,0,0,0.0,0.0,0.0,0.0,0.0,0.0,REQ,9216.0,,,,0.0,0.0,0.0,1
748835,0.0,0.0,0.0,0.0,0.0,0.0,tcp,0.0,,cs0,,63.0,,1.0,,Start,1,1,0,74,74,0,74.0,0.0,0.0,0.0,0.0,0,0,0,0.0,0.0,0.0,0.0,0.0,0.0,REQ,0.0,,,,0.0,0.0,0.0,1
748913,0.0,0.0,0.0,0.0,0.0,0.0,icmp,0.0,,cs0,,58.0,,6.0,,Start,1,1,0,98,98,0,98.0,0.0,0.0,0.0,0.0,0,0,0,0.0,,,0.0,0.0,0.0,ECO,,,,,0.0,0.0,0.0,0
749083,0.0,0.0,0.0,0.0,0.0,0.0,tcp,0.0,,cs0,,63.0,,1.0,,Start,1,1,0,74,74,0,74.0,0.0,0.0,0.0,0.0,0,0,0,0.0,0.0,0.0,0.0,0.0,0.0,REQ,0.0,,,,0.0,0.0,0.0,1
749175,0.0,0.0,0.0,0.0,0.0,0.0,tcp,0.0,,cs0,,63.0,,1.0,,Start,1,1,0,74,74,0,74.0,0.0,0.0,0.0,0.0,0,0,0,0.0,0.0,0.0,0.0,0.0,0.0,REQ,128.0,,,,0.0,0.0,0.0,1
749178,0.0,0.0,0.0,0.0,0.0,0.0,tcp,0.0,,cs0,,63.0,,1.0,,Start,1,1,0,74,74,0,74.0,0.0,0.0,0.0,0.0,0,0,0,0.0,0.0,0.0,0.0,0.0,0.0,REQ,32768.0,,,,0.0,0.0,0.0,1
749186,0.0,0.0,0.0,0.0,0.0,0.0,tcp,0.0,,cs0,,63.0,,1.0,,Start,1,1,0,74,74,0,74.0,0.0,0.0,0.0,0.0,0,0,0,0.0,0.0,0.0,0.0,0.0,0.0,REQ,32768.0,,,,0.0,0.0,0.0,1
749359,0.0,0.0,0.0,0.0,0.0,0.0,tcp,0.0,,cs0,,63.0,,1.0,,Start,1,1,0,74,74,0,74.0,0.0,0.0,0.0,0.0,0,0,0,0.0,0.0,0.0,0.0,0.0,0.0,REQ,0.0,,,,0.0,0.0,0.0,1
749367,0.0,0.0,0.0,0.0,0.0,0.0,tcp,0.0,,cs0,,63.0,,1.0,,Start,1,1,0,74,74,0,74.0,0.0,0.0,0.0,0.0,0,0,0,0.0,0.0,0.0,0.0,0.0,0.0,REQ,0.0,,,,0.0,0.0,0.0,1
749407,0.0,0.0,0.0,0.0,0.0,0.0,tcp,0.0,,cs0,,63.0,,1.0,,Start,1,1,0,74,74,0,74.0,0.0,0.0,0.0,0.0,0,0,0,0.0,0.0,0.0,0.0,0.0,0.0,REQ,0.0,,,,0.0,0.0,0.0,1
749473,0.0,0.0,0.0,0.0,0.0,0.0,tcp,0.0,,cs0,,63.0,,1.0,,Start,1,1,0,74,74,0,74.0,0.0,0.0,0.0,0.0,0,0,0,0.0,0.0,0.0,0.0,0.0,0.0,REQ,0.0,,,,0.0,0.0,0.0,1
749495,0.0,0.0,0.0,0.0,0.0,0.0,tcp,0.0,,cs0,,63.0,,1.0,,Start,1,1,0,74,74,0,74.0,0.0,0.0,0.0,0.0,0,0,0,0.0,0.0,0.0,0.0,0.0,0.0,REQ,0.0,,,,0.0,0.0,0.0,1
749515,0.0,0.0,0.0,0.0,0.0,0.0,tcp,0.0,,cs0,,63.0,,1.0,,Start,1,1,0,74,74,0,74.0,0.0,0.0,0.0,0.0,0,0,0,0.0,0.0,0.0,0.0,0.0,0.0,REQ,0.0,,,,0.0,0.0,0.0,1
749538,0.0,0.0,0.0,0.0,0.0,0.0,tcp,0.0,,cs0,,63.0,,1.0,,Start,1,1,0,74,74,0,74.0,0.0,0.0,0.0,0.0,0,0,0,0.0,0.0,0.0,0.0,0.0,0.0,REQ,0.0,,,,0.0,0.0,0.0,1
749557,0.0,0.0,0.0,0.0,0.0,0.0,tcp,0.0,,cs0,,63.0,,1.0,,Start,1,1,0,74,74,0,74.0,0.0,0.0,0.0,0.0,0,0,0,0.0,0.0,0.0,0.0,0.0,0.0,REQ,0.0,,,,0.0,0.0,0.0,1
749622,0.0,0.0,0.0,0.0,0.0,0.0,tcp,0.0,,cs0,,63.0,,1.0,,Start,1,1,0,74,74,0,74.0,0.0,0.0,0.0,0.0,0,0,0,0.0,0.0,0.0,0.0,0.0,0.0,REQ,0.0,,,,0.0,0.0,0.0,1
749703,0.0,0.0,0.0,0.0,0.0,0.0,tcp,0.0,,cs0,,63.0,,1.0,,Start,1,1,0,74,74,0,74.0,0.0,0.0,0.0,0.0,0,0,0,0.0,0.0,0.0,0.0,0.0,0.0,REQ,0.0,,,,0.0,0.0,0.0,1
749704,0.0,0.0,0.0,0.0,0.0,0.0,tcp,0.0,,cs0,,63.0,,1.0,,Start,1,1,0,74,74,0,74.0,0.0,0.0,0.0,0.0,0,0,0,0.0,0.0,0.0,0.0,0.0,0.0,REQ,0.0,,,,0.0,0.0,0.0,1
749744,0.0,0.0,0.0,0.0,0.0,0.0,tcp,0.0,,cs0,,63.0,,1.0,,Start,1,1,0,74,74,0,74.0,0.0,0.0,0.0,0.0,0,0,0,0.0,0.0,0.0,0.0,0.0,0.0,REQ,0.0,,,,0.0,0.0,0.0,1
749843,0.0,0.0,0.0,0.0,0.0,0.0,tcp,0.0,,cs0,,63.0,,1.0,,Start,1,1,0,74,74,0,74.0,0.0,0.0,0.0,0.0,0,0,0,0.0,0.0,0.0,0.0,0.0,0.0,REQ,0.0,,,,0.0,0.0,0.0,1
749855,0.0,0.0,0.0,0.0,0.0,0.0,tcp,0.0,,cs0,,63.0,,1.0,,Start,1,1,0,74,74,0,74.0,0.0,0.0,0.0,0.0,0,0,0,0.0,0.0,0.0,0.0,0.0,0.0,REQ,0.0,,,,0.0,0.0,0.0,1
749863,0.0,0.0,0.0,0.0,0.0,0.0,tcp,0.0,,cs0,,63.0,,1.0,,Start,1,1,0,74,74,0,74.0,0.0,0.0,0.0,0.0,0,0,0,0.0,0.0,0.0,0.0,0.0,0.0,REQ,0.0,,,,0.0,0.0,0.0,1
749877,0.0,0.0,0.0,0.0,0.0,0.0,tcp,0.0,,cs0,,63.0,,1.0,,Start,1,1,0,74,74,0,74.0,0.0,0.0,0.0,0.0,0,0,0,0.0,0.0,0.0,0.0,0.0,0.0,REQ,0.0,,,,0.0,0.0,0.0,1
749893,0.0,0.0,0.0,0.0,0.0,0.0,tcp,0.0,,cs0,,63.0,,1.0,,Start,1,1,0,74,74,0,74.0,0.0,0.0,0.0,0.0,0,0,0,0.0,0.0,0.0,0.0,0.0,0.0,REQ,0.0,,,,0.0,0.0,0.0,1
749939,0.0,0.0,0.0,0.0,0.0,0.0,tcp,0.0,,cs0,,63.0,,1.0,,Start,1,1,0,74,74,0,74.0,0.0,0.0,0.0,0.0,0,0,0,0.0,0.0,0.0,0.0,0.0,0.0,REQ,0.0,,,,0.0,0.0,0.0,1
749973,0.0,0.0,0.0,0.0,0.0,0.0,tcp,0.0,,cs0,,63.0,,1.0,,Start,1,1,0,74,74,0,74.0,0.0,0.0,0.0,0.0,0,0,0,0.0,0.0,0.0,0.0,0.0,0.0,REQ,0.0,,,,0.0,0.0,0.0,1
749976,0.0,0.0,0.0,0.0,0.0,0.0,tcp,0.0,,cs0,,63.0,,1.0,,Start,1,1,0,74,74,0,74.0,0.0,0.0,0.0,0.0,0,0,0,0.0,0.0,0.0,0.0,0.0,0.0,REQ,0.0,,,,0.0,0.0,0.0,1
750036,0.0,0.0,0.0,0.0,0.0,0.0,tcp,0.0,,cs0,,63.0,,1.0,,Start,1,1,0,74,74,0,74.0,0.0,0.0,0.0,0.0,0,0,0,0.0,0.0,0.0,0.0,0.0,0.0,REQ,0.0,,,,0.0,0.0,0.0,1
750055,0.0,0.0,0.0,0.0,0.0,0.0,tcp,0.0,,cs0,,63.0,,1.0,,Start,1,1,0,74,74,0,74.0,0.0,0.0,0.0,0.0,0,0,0,0.0,0.0,0.0,0.0,0.0,0.0,REQ,0.0,,,,0.0,0.0,0.0,1
750109,0.0,0.0,0.0,0.0,0.0,0.0,tcp,0.0,,cs0,,63.0,,1.0,,Start,1,1,0,74,74,0,74.0,0.0,0.0,0.0,0.0,0,0,0,0.0,0.0,0.0,0.0,0.0,0.0,REQ,0.0,,,,0.0,0.0,0.0,1
750117,0.0,0.0,0.0,0.0,0.0,0.0,tcp,0.0,,cs0,,63.0,,1.0,,Start,1,1,0,74,74,0,74.0,0.0,0.0,0.0,0.0,0,0,0,0.0,0.0,0.0,0.0,0.0,0.0,REQ,0.0,,,,0.0,0.0,0.0,1
750247,0.0,0.0,0.0,0.0,0.0,0.0,tcp,0.0,,cs0,,63.0,,1.0,,Start,1,1,0,74,74,0,74.0,0.0,0.0,0.0,0.0,0,0,0,0.0,0.0,0.0,0.0,0.0,0.0,REQ,0.0,,,,0.0,0.0,0.0,1
750373,0.0,0.0,0.0,0.0,0.0,0.0,tcp,0.0,,cs0,,63.0,,1.0,,Start,1,1,0,74,74,0,74.0,0.0,0.0,0.0,0.0,0,0,0,0.0,0.0,0.0,0.0,0.0,0.0,REQ,0.0,,,,0.0,0.0,0.0,1
750477,0.0,0.0,0.0,0.0,0.0,0.0,tcp,0.0,,cs0,,63.0,,1.0,,Start,1,1,0,74,74,0,74.0,0.0,0.0,0.0,0.0,0,0,0,0.0,0.0,0.0,0.0,0.0,0.0,REQ,0.0,,,,0.0,0.0,0.0,1
750501,0.0,0.0,0.0,0.0,0.0,0.0,tcp,0.0,,cs0,,63.0,,1.0,,Start,1,1,0,74,74,0,74.0,0.0,0.0,0.0,0.0,0,0,0,0.0,0.0,0.0,0.0,0.0,0.0,REQ,0.0,,,,0.0,0.0,0.0,1
750666,0.0,0.0,0.0,0.0,0.0,0.0,tcp,0.0,,cs0,,63.0,,1.0,,Start,1,1,0,74,74,0,74.0,0.0,0.0,0.0,0.0,0,0,0,0.0,0.0,0.0,0.0,0.0,0.0,REQ,0.0,,,,0.0,0.0,0.0,1
750712,0.0,0.0,0.0,0.0,0.0,0.0,tcp,0.0,,cs0,,63.0,,1.0,,Start,1,1,0,74,74,0,74.0,0.0,0.0,0.0,0.0,0,0,0,0.0,0.0,0.0,0.0,0.0,0.0,REQ,0.0,,,,0.0,0.0,0.0,1
750725,0.0,0.0,0.0,0.0,0.0,0.0,tcp,0.0,,cs0,,63.0,,1.0,,Start,1,1,0,74,74,0,74.0,0.0,0.0,0.0,0.0,0,0,0,0.0,0.0,0.0,0.0,0.0,0.0,REQ,0.0,,,,0.0,0.0,0.0,1
750730,0.0,0.0,0.0,0.0,0.0,0.0,tcp,0.0,,cs0,,63.0,,1.0,,Start,1,1,0,74,74,0,74.0,0.0,0.0,0.0,0.0,0,0,0,0.0,0.0,0.0,0.0,0.0,0.0,REQ,0.0,,,,0.0,0.0,0.0,1
750753,0.0,0.0,0.0,0.0,0.0,0.0,tcp,0.0,,cs0,,63.0,,1.0,,Start,1,1,0,74,74,0,74.0,0.0,0.0,0.0,0.0,0,0,0,0.0,0.0,0.0,0.0,0.0,0.0,REQ,0.0,,,,0.0,0.0,0.0,1
750784,0.0,0.0,0.0,0.0,0.0,0.0,tcp,0.0,,cs0,,63.0,,1.0,,Start,1,1,0,74,74,0,74.0,0.0,0.0,0.0,0.0,0,0,0,0.0,0.0,0.0,0.0,0.0,0.0,REQ,0.0,,,,0.0,0.0,0.0,1
750875,0.0,0.0,0.0,0.0,0.0,0.0,tcp,0.0,,cs0,,63.0,,1.0,,Start,1,1,0,74,74,0,74.0,0.0,0.0,0.0,0.0,0,0,0,0.0,0.0,0.0,0.0,0.0,0.0,REQ,9216.0,,,,0.0,0.0,0.0,1
750903,0.0,0.0,0.0,0.0,0.0,0.0,tcp,0.0,,cs0,,63.0,,1.0,,Start,1,1,0,74,74,0,74.0,0.0,0.0,0.0,0.0,0,0,0,0.0,0.0,0.0,0.0,0.0,0.0,REQ,0.0,,,,0.0,0.0,0.0,1
750927,0.0,0.0,0.0,0.0,0.0,0.0,tcp,0.0,,cs0,,63.0,,1.0,,Start,1,1,0,74,74,0,74.0,0.0,0.0,0.0,0.0,0,0,0,0.0,0.0,0.0,0.0,0.0,0.0,REQ,0.0,,,,0.0,0.0,0.0,1
750963,0.018828,0.018828,0.018828,0.018828,0.018828,0.018828,tcp,0.0,0.0,cs0,cs0,63.0,59.0,1.0,5.0,Start,4,3,1,280,206,74,68.666664,74.0,58636.07031,58636.07031,0.0,0,0,0,0.0,0.0,0.0,159.337143,106.22477,0.0,RST,64256.0,8340480.0,,,0.017826,0.001418,0.016408,1
751132,0.0,0.0,0.0,0.0,0.0,0.0,icmp,0.0,,cs0,,58.0,,6.0,,Start,1,1,0,98,98,0,98.0,0.0,0.0,0.0,0.0,0,0,0,0.0,,,0.0,0.0,0.0,ECO,,,,,0.0,0.0,0.0,0
751174,0.0,0.0,0.0,0.0,0.0,0.0,icmp,0.0,,cs0,,58.0,,6.0,,Start,1,1,0,98,98,0,98.0,0.0,0.0,0.0,0.0,0,0,0,0.0,,,0.0,0.0,0.0,ECO,,,,,0.0,0.0,0.0,0
751185,0.0,0.0,0.0,0.0,0.0,0.0,icmp,0.0,,cs0,,58.0,,6.0,,Start,1,1,0,98,98,0,98.0,0.0,0.0,0.0,0.0,0,0,0,0.0,,,0.0,0.0,0.0,ECO,,,,,0.0,0.0,0.0,0
751282,0.19282,0.19282,0.19282,0.19282,0.19282,0.19282,udp,0.0,0.0,cs0,cs0,64.0,52.0,0.0,12.0,Start,18,10,8,11873,8038,3835,803.799988,479.375,439415.0,300176.3438,139238.6719,0,0,0,0.0,,,88.165131,46.675655,36.303288,CON,,,,,0.0,0.0,0.0,0
751338,4.988318,4.988318,4.988318,4.988318,4.988318,4.988318,udp,0.0,0.0,cs0,cs0,117.0,64.0,11.0,0.0,Status,296,267,29,363164,357953,5211,1340.647949,179.689651,579987.0625,571917.0,8070.054688,0,0,0,0.0,,,59.138172,53.324589,5.613114,CON,,,,,0.0,0.0,0.0,0
751384,0.109321,0.109321,0.109321,0.109321,0.109321,0.109321,tcp,0.0,0.0,cs0,cs0,116.0,64.0,12.0,0.0,Start,4,2,2,337,205,132,102.5,66.0,12367.24902,7537.435547,4829.812988,0,0,0,0.0,0.0,0.0,27.44212,9.147373,9.147373,FIN,284.0,150.0,,,0.0,0.0,0.0,0
751412,4.99551,4.99551,4.99551,4.99551,4.99551,4.99551,udp,0.0,0.0,cs0,cs0,117.0,64.0,11.0,0.0,Status,103,85,18,114962,110321,4641,1297.894165,257.833344,181615.8906,174595.1875,7020.70459,0,0,0,0.0,,,20.418335,16.8151,3.403056,CON,,,,,0.0,0.0,0.0,0
751424,0.0,0.0,0.0,0.0,0.0,0.0,icmp,0.0,,cs0,,58.0,,6.0,,Start,1,1,0,98,98,0,98.0,0.0,0.0,0.0,0.0,0,0,0,0.0,,,0.0,0.0,0.0,ECO,,,,,0.0,0.0,0.0,0
751444,0.060994,0.060994,0.060994,0.060994,0.060994,0.060994,udp,0.0,0.0,cs0,cs0,64.0,117.0,0.0,11.0,Status,5,3,2,668,530,138,176.666672,69.0,55480.86719,46430.79688,9050.070312,0,0,0,0.0,,,65.580223,32.790112,16.395056,CON,,,,,0.0,0.0,0.0,0
751469,0.050803,0.050803,0.050803,0.050803,0.050803,0.050803,udp,0.0,0.0,cs0,cs0,64.0,117.0,0.0,11.0,Status,6,3,3,733,531,202,177.0,67.333336,77003.32813,55744.74219,21258.58789,0,0,0,0.0,,,98.419388,39.367756,39.367756,CON,,,,,0.0,0.0,0.0,0
751509,0.0,0.0,0.0,0.0,0.0,0.0,udp,0.0,,cs0,,249.0,,7.0,,Start,1,1,0,64,64,0,64.0,0.0,0.0,0.0,0.0,0,0,0,0.0,,,0.0,0.0,0.0,INT,,,610.0,,0.0,0.0,0.0,0
751555,0.021434,0.021434,0.021434,0.021434,0.021434,0.021434,tcp,0.0,0.0,cs0,cs0,64.0,116.0,0.0,12.0,Start,4,2,2,271,163,108,81.5,54.0,50760.47266,30605.58008,20154.89453,0,0,0,0.0,0.0,0.0,139.964539,46.654846,46.654846,RST,205.0,0.0,,,0.0,0.0,0.0,0
751568,0.0,0.0,0.0,0.0,0.0,0.0,udp,0.0,,cs0,,255.0,,1.0,,Start,1,1,0,60,60,0,60.0,0.0,0.0,0.0,0.0,0,0,0,0.0,,,0.0,0.0,0.0,INT,,,,,0.0,0.0,0.0,0
751623,0.0,0.0,0.0,0.0,0.0,0.0,udp,0.0,,cs0,,255.0,,1.0,,Start,1,1,0,60,60,0,60.0,0.0,0.0,0.0,0.0,0,0,0,0.0,,,0.0,0.0,0.0,INT,,,,,0.0,0.0,0.0,0
751648,4.997233,4.997233,4.997233,4.997233,4.997233,4.997233,udp,0.0,0.0,cs0,cs0,117.0,64.0,11.0,0.0,Status,159,143,16,197339,193023,4316,1349.811157,269.75,313327.0,306848.2188,6478.785645,0,0,0,0.0,,,31.617498,28.415726,3.001661,CON,,,,,0.0,0.0,0.0,0
751659,0.0,0.0,0.0,0.0,0.0,0.0,udp,0.0,,cs0,,255.0,,1.0,,Start,1,1,0,60,60,0,60.0,0.0,0.0,0.0,0.0,0,0,0,0.0,,,0.0,0.0,0.0,INT,,,,,0.0,0.0,0.0,0
751689,0.0,0.0,0.0,0.0,0.0,0.0,udp,0.0,,cs0,,255.0,,1.0,,Start,1,1,0,60,60,0,60.0,0.0,0.0,0.0,0.0,0,0,0,0.0,,,0.0,0.0,0.0,INT,,,,,0.0,0.0,0.0,0
751773,0.0,0.0,0.0,0.0,0.0,0.0,udp,0.0,,cs0,,255.0,,1.0,,Start,1,1,0,60,60,0,60.0,0.0,0.0,0.0,0.0,0,0,0,0.0,,,0.0,0.0,0.0,INT,,,,,0.0,0.0,0.0,0
751784,0.0,0.0,0.0,0.0,0.0,0.0,udp,0.0,,cs0,,255.0,,1.0,,Start,1,1,0,60,60,0,60.0,0.0,0.0,0.0,0.0,0,0,0,0.0,,,0.0,0.0,0.0,INT,,,,,0.0,0.0,0.0,0
751893,0.0,0.0,0.0,0.0,0.0,0.0,udp,0.0,,cs0,,255.0,,1.0,,Start,1,1,0,60,60,0,60.0,0.0,0.0,0.0,0.0,0,0,0,0.0,,,0.0,0.0,0.0,INT,,,,,0.0,0.0,0.0,0
751914,0.086805,0.086805,0.086805,0.086805,0.086805,0.086805,tcp,0.0,0.0,cs0,cs0,64.0,53.0,0.0,11.0,Status,11,4,7,1503,865,638,216.25,91.14286,110224.0625,59812.22266,50411.84375,0,0,0,0.0,0.0,0.0,115.200737,34.560223,69.120445,CON,180.0,471.0,,,0.0,0.0,0.0,0
752666,0.0,0.0,0.0,0.0,0.0,0.0,udp,0.0,,cs0,,255.0,,1.0,,Start,1,1,0,60,60,0,60.0,0.0,0.0,0.0,0.0,0,0,0,0.0,,,0.0,0.0,0.0,INT,,,,,0.0,0.0,0.0,0
753132,0.062747,0.062747,0.062747,0.062747,0.062747,0.062747,udp,0.0,0.0,cs0,cs0,64.0,117.0,0.0,11.0,Status,7,4,3,977,758,219,189.5,73.0,91159.73438,72545.29688,18614.43555,0,0,0,0.0,,,95.622101,47.81105,31.874033,CON,,,,,0.0,0.0,0.0,0
754079,4.993424,4.993424,4.993424,4.993424,4.993424,4.993424,udp,0.0,0.0,cs0,cs0,117.0,64.0,11.0,0.0,Status,122,111,11,149114,143872,5242,1296.144165,476.545441,236057.6719,228422.0313,7635.642578,0,0,0,0.0,,,24.231871,22.028973,2.002634,CON,,,,,0.0,0.0,0.0,0
754154,0.0,0.0,0.0,0.0,0.0,0.0,udp,0.0,,cs0,,255.0,,1.0,,Start,1,1,0,60,60,0,60.0,0.0,0.0,0.0,0.0,0,0,0,0.0,,,0.0,0.0,0.0,INT,,,,,0.0,0.0,0.0,0
754175,2.995544,2.995544,2.995544,2.995544,2.995544,2.995544,tcp,136.0,,af41,,255.0,,1.0,,Start,3,3,0,222,222,0,74.0,0.0,395.253754,395.253754,0.0,2,2,0,40.0,0.0,0.0,0.667658,0.667658,0.0,REQ,3737600.0,,,,0.0,0.0,0.0,0
754224,4.99403,4.99403,4.99403,4.99403,4.99403,4.99403,udp,0.0,0.0,cs0,cs0,117.0,64.0,11.0,0.0,Status,144,134,10,181688,180322,1366,1345.686523,136.600006,288675.875,286705.5313,1970.352661,0,0,0,0.0,,,28.63419,26.631798,1.802152,CON,,,,,0.0,0.0,0.0,0
754258,0.0,0.0,0.0,0.0,0.0,0.0,udp,0.0,,cs0,,255.0,,1.0,,Start,1,1,0,60,60,0,60.0,0.0,0.0,0.0,0.0,0,0,0,0.0,,,0.0,0.0,0.0,INT,,,,,0.0,0.0,0.0,0
754299,0.133532,0.133532,0.133532,0.133532,0.133532,0.133532,udp,0.0,0.0,cs0,cs0,64.0,53.0,0.0,11.0,Start,21,11,10,6887,2519,4368,229.0,436.799988,372764.5625,137195.5781,235569.0,0,0,0,0.0,,,149.776825,74.888412,67.399574,CON,,,,,0.0,0.0,0.0,0
754333,0.766258,0.766258,0.766258,0.766258,0.766258,0.766258,tcp,0.0,0.0,cs0,cs0,64.0,53.0,0.0,11.0,Status,28,11,17,9275,6250,3025,568.181824,177.941177,89056.16406,59322.05469,29734.11133,0,0,0,0.0,0.0,0.0,35.236176,13.050435,20.880695,CON,682.0,1050.0,,,0.0,0.0,0.0,0
754352,0.0,0.0,0.0,0.0,0.0,0.0,udp,0.0,,cs0,,249.0,,7.0,,Start,1,1,0,64,64,0,64.0,0.0,0.0,0.0,0.0,0,0,0,0.0,,,0.0,0.0,0.0,INT,,,610.0,,0.0,0.0,0.0,0
754378,0.0,0.0,0.0,0.0,0.0,0.0,udp,0.0,,cs0,,249.0,,7.0,,Start,1,1,0,64,64,0,64.0,0.0,0.0,0.0,0.0,0,0,0,0.0,,,0.0,0.0,0.0,INT,,,610.0,,0.0,0.0,0.0,0
754401,0.0,0.0,0.0,0.0,0.0,0.0,udp,0.0,,cs0,,255.0,,1.0,,Start,1,1,0,60,60,0,60.0,0.0,0.0,0.0,0.0,0,0,0,0.0,,,0.0,0.0,0.0,INT,,,,,0.0,0.0,0.0,0
754891,0.0,0.0,0.0,0.0,0.0,0.0,udp,0.0,,cs0,,255.0,,1.0,,Start,1,1,0,60,60,0,60.0,0.0,0.0,0.0,0.0,0,0,0,0.0,,,0.0,0.0,0.0,INT,,,,,0.0,0.0,0.0,0
755995,4.393607,4.393607,4.393607,4.393607,4.393607,4.393607,tcp,0.0,0.0,cs0,cs0,64.0,116.0,0.0,12.0,Status,52,22,30,24043,11031,13012,501.409088,433.733337,42077.5,19173.3125,22904.1875,0,0,0,0.0,0.0,0.0,11.607775,4.779672,6.600499,CON,3307.0,5549.0,,,0.0,0.0,0.0,0
756423,4.995114,4.995114,4.995114,4.995114,4.995114,4.995114,udp,0.0,0.0,cs0,cs0,117.0,64.0,11.0,0.0,Status,119,110,9,149247,148608,639,1350.981812,71.0,236752.9688,235843.2656,909.688965,0,0,0,0.0,,,23.623085,21.821325,1.601565,CON,,,,,0.0,0.0,0.0,0
756705,0.068998,0.068998,0.068998,0.068998,0.068998,0.068998,udp,0.0,0.0,cs0,cs0,64.0,117.0,0.0,11.0,Status,6,3,3,730,530,200,176.666672,66.666664,56581.34766,41044.66797,15536.68164,0,0,0,0.0,,,72.465866,28.986347,28.986347,CON,,,,,0.0,0.0,0.0,0
756706,0.052886,0.052886,0.052886,0.052886,0.052886,0.052886,udp,0.0,0.0,cs0,cs0,64.0,117.0,0.0,11.0,Status,6,4,2,941,785,156,196.25,78.0,100896.2656,89097.29688,11798.96387,0,0,0,0.0,,,94.542976,56.725784,18.908596,CON,,,,,0.0,0.0,0.0,0
756742,4.259651,4.259651,4.259651,4.259651,4.259651,4.259651,tcp,0.0,0.0,cs0,cs0,64.0,53.0,0.0,11.0,Status,63,27,36,24625,15661,8964,580.037048,249.0,44690.98438,28323.44531,16367.53711,1,1,0,1.5625,0.0,0.0,14.555182,6.103786,8.216636,CON,3380.0,5549.0,,,0.0,0.0,0.0,0
756840,0.0,0.0,0.0,0.0,0.0,0.0,udp,0.0,,cs0,,249.0,,7.0,,Start,1,1,0,64,64,0,64.0,0.0,0.0,0.0,0.0,0,0,0,0.0,,,0.0,0.0,0.0,INT,,,610.0,,0.0,0.0,0.0,0
756856,4.998781,4.998781,4.998781,4.998781,4.998781,4.998781,udp,0.0,0.0,cs0,cs0,117.0,64.0,11.0,0.0,Status,118,103,15,141978,137737,4241,1337.252441,282.733337,224629.1563,218293.2188,6335.944336,0,0,0,0.0,,,23.405704,20.404974,2.800683,CON,,,,,0.0,0.0,0.0,0
756866,0.979163,0.979163,0.979163,0.979163,0.979163,0.979163,tcp,0.0,0.0,cs0,cs0,64.0,116.0,0.0,12.0,Start,23,12,11,8981,1797,7184,149.75,653.090881,66824.42188,13464.56152,53359.85938,0,0,0,0.0,0.0,0.0,22.46817,11.234085,10.212804,CON,83968.0,68864.0,,,0.035006,0.021753,0.013253,0
756882,0.079994,0.079994,0.079994,0.079994,0.079994,0.079994,udp,0.0,0.0,cs0,cs0,64.0,117.0,0.0,11.0,Status,6,3,3,730,530,200,176.666672,66.666664,48803.66016,35402.65625,13401.00488,0,0,0,0.0,,,62.504688,25.001875,25.001875,CON,,,,,0.0,0.0,0.0,0
756897,4.97797,4.97797,4.97797,4.97797,4.97797,4.97797,udp,0.0,0.0,cs0,cs0,64.0,117.0,0.0,11.0,Status,138,6,132,177757,1095,176662,182.5,1338.348511,283227.0625,1467.264771,281759.8125,0,0,0,0.0,,,27.521257,1.004426,26.315947,CON,,,,,0.0,0.0,0.0,0
756912,4.999845,4.999845,4.999845,4.999845,4.999845,4.999845,udp,0.0,0.0,cs0,cs0,117.0,64.0,11.0,0.0,Status,171,153,18,209024,203891,5133,1332.620972,285.166656,331861.5,324104.4375,7757.040527,0,0,0,0.0,,,34.001053,30.400942,3.400105,CON,,,,,0.0,0.0,0.0,0
756925,0.0,0.0,0.0,0.0,0.0,0.0,udp,0.0,,cs0,,255.0,,1.0,,Start,1,1,0,60,60,0,60.0,0.0,0.0,0.0,0.0,0,0,0,0.0,,,0.0,0.0,0.0,INT,,,,,0.0,0.0,0.0,0
756926,0.0,0.0,0.0,0.0,0.0,0.0,udp,0.0,,cs0,,255.0,,1.0,,Start,1,1,0,60,60,0,60.0,0.0,0.0,0.0,0.0,0,0,0,0.0,,,0.0,0.0,0.0,INT,,,,,0.0,0.0,0.0,0
756986,0.0,0.0,0.0,0.0,0.0,0.0,udp,0.0,,cs0,,255.0,,1.0,,Start,1,1,0,60,60,0,60.0,0.0,0.0,0.0,0.0,0,0,0,0.0,,,0.0,0.0,0.0,INT,,,,,0.0,0.0,0.0,0
756997,0.0,0.0,0.0,0.0,0.0,0.0,udp,0.0,,cs0,,255.0,,1.0,,Start,1,1,0,60,60,0,60.0,0.0,0.0,0.0,0.0,0,0,0,0.0,,,0.0,0.0,0.0,INT,,,,,0.0,0.0,0.0,0
757025,4.998055,4.998055,4.998055,4.998055,4.998055,4.998055,udp,0.0,0.0,cs0,cs0,64.0,117.0,0.0,11.0,Status,202,20,182,245584,4521,241063,226.050003,1324.521973,390606.375,6874.674316,383731.6875,0,0,0,0.0,,,40.215645,3.801479,36.214088,CON,,,,,0.0,0.0,0.0,0
757044,0.0,0.0,0.0,0.0,0.0,0.0,udp,0.0,,cs0,,255.0,,1.0,,Start,1,1,0,60,60,0,60.0,0.0,0.0,0.0,0.0,0,0,0,0.0,,,0.0,0.0,0.0,INT,,,,,0.0,0.0,0.0,0
757642,0.0,0.0,0.0,0.0,0.0,0.0,udp,0.0,,cs0,,255.0,,1.0,,Start,1,1,0,60,60,0,60.0,0.0,0.0,0.0,0.0,0,0,0,0.0,,,0.0,0.0,0.0,INT,,,,,0.0,0.0,0.0,0
757823,0.066879,0.066879,0.066879,0.066879,0.066879,0.066879,udp,0.0,0.0,cs0,cs0,64.0,117.0,0.0,11.0,Status,5,3,2,668,530,138,176.666672,69.0,50598.84375,42345.13281,8253.711914,0,0,0,0.0,,,59.809509,29.904755,14.952377,CON,,,,,0.0,0.0,0.0,0
759329,0.0,0.0,0.0,0.0,0.0,0.0,udp,0.0,,cs0,,255.0,,1.0,,Start,1,1,0,60,60,0,60.0,0.0,0.0,0.0,0.0,0,0,0,0.0,,,0.0,0.0,0.0,INT,,,,,0.0,0.0,0.0,0
759475,0.0,0.0,0.0,0.0,0.0,0.0,udp,0.0,,cs0,,249.0,,7.0,,Start,1,1,0,64,64,0,64.0,0.0,0.0,0.0,0.0,0,0,0,0.0,,,0.0,0.0,0.0,INT,,,610.0,,0.0,0.0,0.0,0
759503,0.0,0.0,0.0,0.0,0.0,0.0,udp,0.0,,cs0,,255.0,,1.0,,Start,1,1,0,60,60,0,60.0,0.0,0.0,0.0,0.0,0,0,0,0.0,,,0.0,0.0,0.0,INT,,,,,0.0,0.0,0.0,0
759539,0.0,0.0,0.0,0.0,0.0,0.0,udp,0.0,,cs0,,255.0,,1.0,,Start,1,1,0,60,60,0,60.0,0.0,0.0,0.0,0.0,0,0,0,0.0,,,0.0,0.0,0.0,INT,,,,,0.0,0.0,0.0,0
759665,0.0,0.0,0.0,0.0,0.0,0.0,udp,0.0,,cs0,,255.0,,1.0,,Start,1,1,0,60,60,0,60.0,0.0,0.0,0.0,0.0,0,0,0,0.0,,,0.0,0.0,0.0,INT,,,,,0.0,0.0,0.0,0
759951,0.0,0.0,0.0,0.0,0.0,0.0,udp,0.0,,cs0,,255.0,,1.0,,Start,1,1,0,60,60,0,60.0,0.0,0.0,0.0,0.0,0,0,0,0.0,,,0.0,0.0,0.0,INT,,,,,0.0,0.0,0.0,0
760217,0.0,0.0,0.0,0.0,0.0,0.0,udp,0.0,,cs0,,255.0,,1.0,,Start,1,1,0,60,60,0,60.0,0.0,0.0,0.0,0.0,0,0,0,0.0,,,0.0,0.0,0.0,INT,,,,,0.0,0.0,0.0,0
760499,0.0,0.0,0.0,0.0,0.0,0.0,udp,0.0,,cs0,,255.0,,1.0,,Start,1,1,0,60,60,0,60.0,0.0,0.0,0.0,0.0,0,0,0,0.0,,,0.0,0.0,0.0,INT,,,,,0.0,0.0,0.0,0
760677,0.17496,0.17496,0.17496,0.17496,0.17496,0.17496,udp,0.0,0.0,cs0,cs0,64.0,52.0,0.0,12.0,Start,18,10,8,12131,8000,4131,800.0,516.375,494513.0313,329218.0938,165294.9219,0,0,0,0.0,,,97.165062,51.440327,40.009144,CON,,,,,0.0,0.0,0.0,0
760696,0.0,0.0,0.0,0.0,0.0,0.0,udp,0.0,,cs0,,255.0,,1.0,,Start,1,1,0,60,60,0,60.0,0.0,0.0,0.0,0.0,0,0,0,0.0,,,0.0,0.0,0.0,INT,,,,,0.0,0.0,0.0,0
760924,0.000601,0.000601,0.000601,0.000601,0.000601,0.000601,sctp,186.0,40.0,ef,af11,255.0,250.0,1.0,6.0,Status,2,1,1,192,94,98,94.0,98.0,0.0,0.0,0.0,0,0,0,0.0,,,1663.893555,0.0,0.0,CON,,,,610.0,0.0,0.0,0.0,0
761023,0.0,0.0,0.0,0.0,0.0,0.0,udp,0.0,,cs0,,249.0,,7.0,,Start,1,1,0,64,64,0,64.0,0.0,0.0,0.0,0.0,0,0,0,0.0,,,0.0,0.0,0.0,INT,,,610.0,,0.0,0.0,0.0,0
761063,0.113484,0.113484,0.113484,0.113484,0.113484,0.113484,tcp,0.0,0.0,cs0,cs0,52.0,64.0,12.0,0.0,Start,2,1,1,132,66,66,66.0,66.0,0.0,0.0,0.0,0,0,0,0.0,0.0,0.0,8.811814,0.0,0.0,FIN,265.0,157.0,,,0.0,0.0,0.0,0
761100,0.0,0.0,0.0,0.0,0.0,0.0,udp,0.0,,cs0,,249.0,,7.0,,Start,1,1,0,64,64,0,64.0,0.0,0.0,0.0,0.0,0,0,0,0.0,,,0.0,0.0,0.0,INT,,,610.0,,0.0,0.0,0.0,0
761473,4.9451,4.9451,4.9451,4.9451,4.9451,4.9451,udp,0.0,0.0,cs0,cs0,117.0,64.0,11.0,0.0,Status,311,298,13,411311,407207,4104,1366.466431,315.692322,662684.25,656554.5625,6129.70459,0,0,0,0.0,,,62.68832,60.059456,2.426645,CON,,,,,0.0,0.0,0.0,0
761645,0.0,0.0,0.0,0.0,0.0,0.0,udp,0.0,,cs0,,249.0,,7.0,,Start,1,1,0,64,64,0,64.0,0.0,0.0,0.0,0.0,0,0,0,0.0,,,0.0,0.0,0.0,INT,,,610.0,,0.0,0.0,0.0,0
761659,4.99755,4.99755,4.99755,4.99755,4.99755,4.99755,udp,0.0,0.0,cs0,cs0,117.0,64.0,11.0,0.0,Status,146,136,10,186955,184884,2071,1359.441162,207.100006,296767.8438,293783.9688,2983.862061,0,0,0,0.0,,,29.014217,27.013237,1.800882,CON,,,,,0.0,0.0,0.0,0
761827,4.372936,4.372936,4.372936,4.372936,4.372936,4.372936,udp,0.0,0.0,cs0,cs0,64.0,53.0,0.0,11.0,Status,37,20,17,20594,13785,6809,689.25,400.529419,35683.12109,23958.27539,11724.84668,0,0,0,0.0,,,8.232455,4.344907,3.658869,CON,,,,,0.0,0.0,0.0,0
761841,0.0,0.0,0.0,0.0,0.0,0.0,udp,0.0,,cs0,,255.0,,1.0,,Start,1,1,0,60,60,0,60.0,0.0,0.0,0.0,0.0,0,0,0,0.0,,,0.0,0.0,0.0,INT,,,,,0.0,0.0,0.0,0
761846,0.054251,0.054251,0.054251,0.054251,0.054251,0.054251,udp,0.0,0.0,cs0,cs0,64.0,117.0,0.0,11.0,Start,6,3,3,730,530,200,176.666672,66.666664,71961.80469,52201.80078,19760.00391,0,0,0,0.0,,,92.1642,36.865681,36.865681,CON,,,,,0.0,0.0,0.0,0
761871,4.497071,4.497071,4.497071,4.497071,4.497071,4.497071,udp,0.0,0.0,cs0,cs0,64.0,53.0,0.0,11.0,Status,27,15,12,16226,10548,5678,703.200012,473.166656,26772.98242,17513.62305,9259.360352,0,0,0,0.0,,,5.781541,3.113137,2.446037,CON,,,,,0.0,0.0,0.0,0
761888,0.0,0.0,0.0,0.0,0.0,0.0,udp,0.0,,cs0,,255.0,,1.0,,Start,1,1,0,60,60,0,60.0,0.0,0.0,0.0,0.0,0,0,0,0.0,,,0.0,0.0,0.0,INT,,,,,0.0,0.0,0.0,0
762061,0.0,0.0,0.0,0.0,0.0,0.0,udp,0.0,,cs0,,255.0,,1.0,,Start,1,1,0,60,60,0,60.0,0.0,0.0,0.0,0.0,0,0,0,0.0,,,0.0,0.0,0.0,INT,,,,,0.0,0.0,0.0,0
762116,0.069981,0.069981,0.069981,0.069981,0.069981,0.069981,tcp,0.0,0.0,cs0,cs0,53.0,64.0,11.0,0.0,Status,30,15,15,9156,2856,6300,190.399994,420.0,976950.875,304768.4375,672182.4375,0,0,0,0.0,0.0,0.0,414.398193,200.054291,200.054291,CON,1050.0,1706.0,,,0.0,0.0,0.0,0
762141,0.056862,0.056862,0.056862,0.056862,0.056862,0.056862,udp,0.0,0.0,cs0,cs0,64.0,53.0,0.0,11.0,Start,9,5,4,6107,4189,1918,837.799988,479.5,674052.9375,471597.9063,202455.0625,0,0,0,0.0,,,140.691498,70.345749,52.759312,CON,,,,,0.0,0.0,0.0,0
762169,0.0,0.0,0.0,0.0,0.0,0.0,udp,0.0,,cs0,,255.0,,1.0,,Start,1,1,0,60,60,0,60.0,0.0,0.0,0.0,0.0,0,0,0,0.0,,,0.0,0.0,0.0,INT,,,,,0.0,0.0,0.0,0
762193,4.380073,4.380073,4.380073,4.380073,4.380073,4.380073,udp,0.0,0.0,cs0,cs0,64.0,53.0,0.0,11.0,Status,27,15,12,15955,10548,5407,703.200012,450.583344,27035.16602,17981.43555,9053.730469,0,0,0,0.0,,,5.935974,3.196294,2.511374,CON,,,,,0.0,0.0,0.0,0
762194,0.0,0.0,0.0,0.0,0.0,0.0,udp,0.0,,cs0,,255.0,,1.0,,Start,1,1,0,60,60,0,60.0,0.0,0.0,0.0,0.0,0,0,0,0.0,,,0.0,0.0,0.0,INT,,,,,0.0,0.0,0.0,0
762277,0.0475,0.0475,0.0475,0.0475,0.0475,0.0475,udp,0.0,0.0,cs0,cs0,64.0,117.0,0.0,11.0,Status,6,3,3,730,530,200,176.666672,66.666664,82189.47656,59621.05469,22568.42188,0,0,0,0.0,,,105.263161,42.105263,42.105263,CON,,,,,0.0,0.0,0.0,0
762303,4.377018,4.377018,4.377018,4.377018,4.377018,4.377018,udp,0.0,0.0,cs0,cs0,64.0,53.0,0.0,11.0,Status,28,15,13,15736,10548,5188,703.200012,399.076935,26746.97656,17993.98633,8752.991211,0,0,0,0.0,,,6.168583,3.198525,2.741593,CON,,,,,0.0,0.0,0.0,0
762378,4.500053,4.500053,4.500053,4.500053,4.500053,4.500053,udp,0.0,0.0,cs0,cs0,64.0,53.0,0.0,11.0,Status,31,16,15,16130,10623,5507,663.9375,367.133331,26844.12891,17706.45898,9137.669922,0,0,0,0.0,,,6.666588,3.333294,3.111074,CON,,,,,0.0,0.0,0.0,0
762384,0.0,0.0,0.0,0.0,0.0,0.0,udp,0.0,,cs0,,249.0,,7.0,,Start,1,1,0,64,64,0,64.0,0.0,0.0,0.0,0.0,0,0,0,0.0,,,0.0,0.0,0.0,INT,,,610.0,,0.0,0.0,0.0,0
762390,0.0,0.0,0.0,0.0,0.0,0.0,udp,0.0,,cs0,,255.0,,1.0,,Start,1,1,0,60,60,0,60.0,0.0,0.0,0.0,0.0,0,0,0,0.0,,,0.0,0.0,0.0,INT,,,,,0.0,0.0,0.0,0
762393,4.533116,4.533116,4.533116,4.533116,4.533116,4.533116,udp,0.0,0.0,cs0,cs0,64.0,53.0,0.0,11.0,Status,27,15,12,16274,10548,5726,703.200012,477.166656,26637.74805,17374.36328,9263.385742,0,0,0,0.0,,,5.735569,3.088383,2.426587,CON,,,,,0.0,0.0,0.0,0
762412,0.073103,0.073103,0.073103,0.073103,0.073103,0.073103,udp,0.0,0.0,cs0,cs0,64.0,117.0,0.0,11.0,Status,6,3,3,730,530,200,176.666672,66.666664,53404.09766,38739.85938,14664.24023,0,0,0,0.0,,,68.396645,27.358658,27.358658,CON,,,,,0.0,0.0,0.0,0
762421,0.244481,0.244481,0.244481,0.244481,0.244481,0.244481,sctp,186.0,40.0,ef,af11,255.0,250.0,1.0,6.0,Status,4,2,2,1364,244,1120,122.0,560.0,22316.66211,3992.130371,18324.5332,0,0,0,0.0,,,12.270892,4.090297,4.090297,CON,,,,610.0,0.0,0.0,0.0,0
762519,0.0,0.0,0.0,0.0,0.0,0.0,udp,0.0,,cs0,,255.0,,1.0,,Start,1,1,0,60,60,0,60.0,0.0,0.0,0.0,0.0,0,0,0,0.0,,,0.0,0.0,0.0,INT,,,,,0.0,0.0,0.0,0
762544,0.0,0.0,0.0,0.0,0.0,0.0,udp,0.0,,cs0,,255.0,,1.0,,Start,1,1,0,60,60,0,60.0,0.0,0.0,0.0,0.0,0,0,0,0.0,,,0.0,0.0,0.0,INT,,,,,0.0,0.0,0.0,0
762557,4.999547,4.999547,4.999547,4.999547,4.999547,4.999547,udp,0.0,0.0,cs0,cs0,117.0,64.0,11.0,0.0,Status,233,212,21,291880,287044,4836,1353.981079,230.285721,464517.2813,457147.0313,7370.267578,0,0,0,0.0,,,46.404205,42.203823,4.000362,CON,,,,,0.0,0.0,0.0,0
762563,4.541314,4.541314,4.541314,4.541314,4.541314,4.541314,tcp,0.0,0.0,cs0,cs0,64.0,116.0,0.0,12.0,Status,46,19,27,17869,10857,7012,571.421082,259.703705,30015.98047,18119.86523,11896.11621,0,0,0,0.0,0.0,0.0,9.909026,3.96361,5.725215,CON,4094.0,5549.0,,,0.0,0.0,0.0,0
762565,0.0,0.0,0.0,0.0,0.0,0.0,udp,0.0,,cs0,,255.0,,1.0,,Start,1,1,0,60,60,0,60.0,0.0,0.0,0.0,0.0,0,0,0,0.0,,,0.0,0.0,0.0,INT,,,,,0.0,0.0,0.0,0
762593,0.0,0.0,0.0,0.0,0.0,0.0,udp,0.0,,cs0,,255.0,,1.0,,Start,1,1,0,60,60,0,60.0,0.0,0.0,0.0,0.0,0,0,0,0.0,,,0.0,0.0,0.0,INT,,,,,0.0,0.0,0.0,0
762618,0.0,0.0,0.0,0.0,0.0,0.0,udp,0.0,,cs0,,255.0,,1.0,,Start,1,1,0,60,60,0,60.0,0.0,0.0,0.0,0.0,0,0,0,0.0,,,0.0,0.0,0.0,INT,,,,,0.0,0.0,0.0,0
762707,0.539218,0.539218,0.539218,0.539218,0.539218,0.539218,tcp,0.0,0.0,cs0,cs0,63.0,54.0,1.0,10.0,Start,11,6,5,989,503,486,83.833336,97.199997,12002.56641,6231.246094,5771.320801,0,0,0,0.0,0.0,0.0,18.545374,9.272687,7.41815,FIN,64128.0,64256.0,,,0.200027,0.139607,0.06042,0
762756,0.0,0.0,0.0,0.0,0.0,0.0,udp,0.0,,cs0,,249.0,,7.0,,Start,1,1,0,64,64,0,64.0,0.0,0.0,0.0,0.0,0,0,0,0.0,,,0.0,0.0,0.0,INT,,,610.0,,0.0,0.0,0.0,0
762762,0.0,0.0,0.0,0.0,0.0,0.0,udp,0.0,,cs0,,255.0,,1.0,,Start,1,1,0,60,60,0,60.0,0.0,0.0,0.0,0.0,0,0,0,0.0,,,0.0,0.0,0.0,INT,,,,,0.0,0.0,0.0,0
762858,4.533583,4.533583,4.533583,4.533583,4.533583,4.533583,tcp,0.0,0.0,cs0,cs0,64.0,53.0,0.0,11.0,Status,45,18,27,17817,10791,7026,599.5,260.222229,29924.23242,17984.89063,11939.3418,0,0,0,0.0,0.0,0.0,9.705347,3.749793,5.734978,CON,4094.0,5549.0,,,0.0,0.0,0.0,0
763109,0.0,0.0,0.0,0.0,0.0,0.0,udp,0.0,,cs0,,249.0,,7.0,,Start,1,1,0,64,64,0,64.0,0.0,0.0,0.0,0.0,0,0,0,0.0,,,0.0,0.0,0.0,INT,,,610.0,,0.0,0.0,0.0,0
763127,0.0,0.0,0.0,0.0,0.0,0.0,udp,0.0,,cs0,,255.0,,1.0,,Start,1,1,0,60,60,0,60.0,0.0,0.0,0.0,0.0,0,0,0,0.0,,,0.0,0.0,0.0,INT,,,,,0.0,0.0,0.0,0
763231,0.0,0.0,0.0,0.0,0.0,0.0,sctp,186.0,186.0,ef,ef,255.0,252.0,1.0,4.0,Status,2,1,1,200,98,102,98.0,102.0,0.0,0.0,0.0,0,0,0,0.0,,,0.0,0.0,0.0,CON,,,,610.0,0.0,0.0,0.0,0
763234,0.0,0.0,0.0,0.0,0.0,0.0,udp,0.0,,cs0,,255.0,,1.0,,Start,1,1,0,60,60,0,60.0,0.0,0.0,0.0,0.0,0,0,0,0.0,,,0.0,0.0,0.0,INT,,,,,0.0,0.0,0.0,0
763258,0.0,0.0,0.0,0.0,0.0,0.0,udp,0.0,,cs0,,255.0,,1.0,,Start,1,1,0,60,60,0,60.0,0.0,0.0,0.0,0.0,0,0,0,0.0,,,0.0,0.0,0.0,INT,,,,,0.0,0.0,0.0,0
763278,0.422695,0.422695,0.422695,0.422695,0.422695,0.422695,tcp,0.0,0.0,cs0,cs0,64.0,116.0,0.0,12.0,Start,31,17,14,9873,3240,6633,190.588242,473.785706,174310.0781,57724.83594,116585.2422,0,0,0,0.0,0.0,0.0,70.97316,37.852352,30.755035,CON,82944.0,69632.0,,,0.052904,0.021543,0.031361,0
763295,4.95215,4.95215,4.95215,4.95215,4.95215,4.95215,udp,0.0,0.0,cs0,cs0,117.0,64.0,11.0,0.0,Status,131,107,24,147854,142803,5051,1334.607422,210.458328,236357.9531,228537.5156,7820.441895,0,0,0,0.0,,,26.251225,21.404844,4.644447,CON,,,,,0.0,0.0,0.0,0
763312,0.0,0.0,0.0,0.0,0.0,0.0,udp,0.0,,cs0,,255.0,,1.0,,Start,1,1,0,60,60,0,60.0,0.0,0.0,0.0,0.0,0,0,0,0.0,,,0.0,0.0,0.0,INT,,,,,0.0,0.0,0.0,0
763335,4.966569,4.966569,4.966569,4.966569,4.966569,4.966569,udp,0.0,0.0,cs0,cs0,117.0,64.0,11.0,0.0,Status,213,197,16,272120,265526,6594,1347.847656,412.125,435489.375,425531.5938,9957.780273,0,0,0,0.0,,,42.685402,39.463863,3.020194,CON,,,,,0.0,0.0,0.0,0
763463,0.0,0.0,0.0,0.0,0.0,0.0,udp,0.0,,cs0,,249.0,,7.0,,Start,1,1,0,64,64,0,64.0,0.0,0.0,0.0,0.0,0,0,0,0.0,,,0.0,0.0,0.0,INT,,,610.0,,0.0,0.0,0.0,0
763542,0.056901,0.056901,0.056901,0.056901,0.056901,0.056901,udp,0.0,0.0,cs0,cs0,64.0,117.0,0.0,11.0,Status,6,3,3,732,530,202,176.666672,67.333336,68750.98438,49770.65234,18980.33398,0,0,0,0.0,,,87.871918,35.148766,35.148766,CON,,,,,0.0,0.0,0.0,0
763594,0.016072,0.016072,0.016072,0.016072,0.016072,0.016072,tcp,0.0,0.0,cs0,cs0,64.0,63.0,0.0,1.0,Status,6,3,3,439,229,210,76.333336,70.0,145843.7031,76157.29688,69686.41406,0,0,0,0.0,0.0,0.0,311.100067,124.440025,124.440025,FIN,69120.0,32256.0,,,0.014897,0.001193,0.013704,0
763607,0.128152,0.128152,0.128152,0.128152,0.128152,0.128152,udp,0.0,0.0,cs0,cs0,117.0,64.0,11.0,0.0,Status,83,73,10,101747,98287,3460,1346.397217,346.0,6246020.5,6051626.5,194394.1563,0,0,0,0.0,,,639.865173,561.832825,70.229103,CON,,,,,0.0,0.0,0.0,0
763628,0.085454,0.085454,0.085454,0.085454,0.085454,0.085454,udp,0.0,0.0,cs0,cs0,64.0,117.0,0.0,11.0,Status,6,3,3,748,546,202,182.0,67.333336,46715.19141,34076.8125,12638.37793,0,0,0,0.0,,,58.511009,23.404404,23.404404,CON,,,,,0.0,0.0,0.0,0
763647,4.619635,4.619635,4.619635,4.619635,4.619635,4.619635,tcp,0.0,0.0,cs0,cs0,64.0,53.0,0.0,11.0,Status,50,20,30,23993,10923,13070,546.150024,435.666656,39850.76563,17970.25,21880.51563,0,0,0,0.0,0.0,0.0,10.606898,4.112879,6.277552,CON,4094.0,5549.0,,,0.0,0.0,0.0,0
763714,0.0,0.0,0.0,0.0,0.0,0.0,udp,0.0,,cs0,,249.0,,7.0,,Start,1,1,0,64,64,0,64.0,0.0,0.0,0.0,0.0,0,0,0,0.0,,,0.0,0.0,0.0,INT,,,610.0,,0.0,0.0,0.0,0
763801,0.06684,0.06684,0.06684,0.06684,0.06684,0.06684,udp,0.0,0.0,cs0,cs0,64.0,52.0,0.0,12.0,Start,9,5,4,5621,3703,1918,740.599976,479.5,526870.125,354637.9375,172232.1875,0,0,0,0.0,,,119.688805,59.844402,44.883305,CON,,,,,0.0,0.0,0.0,0
763803,0.145793,0.145793,0.145793,0.145793,0.145793,0.145793,tcp,0.0,0.0,cs0,cs0,64.0,63.0,0.0,1.0,Start,13,7,6,1749,847,902,121.0,150.333328,81101.28125,39837.30078,41263.98047,0,0,0,0.0,0.0,0.0,82.308472,41.154236,34.295197,CON,90112.0,31104.0,,,0.012954,0.001018,0.011936,0
763828,0.120367,0.120367,0.120367,0.120367,0.120367,0.120367,tcp,0.0,0.0,cs0,cs0,116.0,64.0,12.0,0.0,Status,31,15,16,9185,2819,6366,187.933334,397.875,571651.6875,174931.6719,396720.0313,0,0,0,0.0,0.0,0.0,249.237747,116.310951,124.618874,CON,1050.0,2039.0,,,0.0,0.0,0.0,0
763842,0.0,0.0,0.0,0.0,0.0,0.0,udp,0.0,,cs0,,255.0,,1.0,,Start,1,1,0,60,60,0,60.0,0.0,0.0,0.0,0.0,0,0,0,0.0,,,0.0,0.0,0.0,INT,,,,,0.0,0.0,0.0,0
763903,0.052971,0.052971,0.052971,0.052971,0.052971,0.052971,udp,0.0,0.0,cs0,cs0,64.0,117.0,0.0,11.0,Status,5,3,2,668,529,139,176.333328,69.5,63884.01172,53312.1875,10571.82227,0,0,0,0.0,,,75.513016,37.756508,18.878254,CON,,,,,0.0,0.0,0.0,0
763945,0.0,0.0,0.0,0.0,0.0,0.0,udp,0.0,,cs0,,249.0,,7.0,,Start,1,1,0,64,64,0,64.0,0.0,0.0,0.0,0.0,0,0,0,0.0,,,0.0,0.0,0.0,INT,,,610.0,,0.0,0.0,0.0,0
763996,0.240084,0.240084,0.240084,0.240084,0.240084,0.240084,tcp,0.0,0.0,cs0,cs0,64.0,116.0,0.0,12.0,Start,13,7,6,2611,1348,1263,192.571426,210.5,73607.57031,38519.85156,35087.71875,0,0,0,0.0,0.0,0.0,49.982506,24.991253,20.826044,CON,68096.0,67840.0,,,0.051994,0.021492,0.030502,0
764020,4.998817,4.998817,4.998817,4.998817,4.998817,4.998817,udp,0.0,0.0,cs0,cs0,117.0,64.0,11.0,0.0,Status,250,226,24,311595,306069,5526,1354.287598,230.25,496135.0,487659.375,8475.605469,0,0,0,0.0,,,49.811787,45.010651,4.601089,CON,,,,,0.0,0.0,0.0,0
764026,0.0,0.0,0.0,0.0,0.0,0.0,udp,0.0,,cs0,,249.0,,7.0,,Start,1,1,0,64,64,0,64.0,0.0,0.0,0.0,0.0,0,0,0,0.0,,,0.0,0.0,0.0,INT,,,610.0,,0.0,0.0,0.0,0
764046,0.0,0.0,0.0,0.0,0.0,0.0,udp,0.0,,cs0,,255.0,,1.0,,Start,1,1,0,60,60,0,60.0,0.0,0.0,0.0,0.0,0,0,0,0.0,,,0.0,0.0,0.0,INT,,,,,0.0,0.0,0.0,0
764075,0.0,0.0,0.0,0.0,0.0,0.0,udp,0.0,,cs0,,255.0,,1.0,,Start,1,1,0,60,60,0,60.0,0.0,0.0,0.0,0.0,0,0,0,0.0,,,0.0,0.0,0.0,INT,,,,,0.0,0.0,0.0,0
764079,4.998459,4.998459,4.998459,4.998459,4.998459,4.998459,udp,0.0,0.0,cs0,cs0,117.0,64.0,11.0,0.0,Status,99,83,16,114138,109799,4339,1322.879517,271.1875,180127.5156,173616.7188,6510.806641,0,0,0,0.0,,,19.606043,16.405056,3.000925,CON,,,,,0.0,0.0,0.0,0
764166,0.317101,0.317101,0.317101,0.317101,0.317101,0.317101,tcp,0.0,0.0,cs0,cs0,64.0,115.0,0.0,13.0,Start,17,9,8,4046,2200,1846,244.444443,230.75,90116.39844,49347.05469,40769.34375,0,0,0,0.0,0.0,0.0,50.457111,25.228556,22.074986,CON,69120.0,68864.0,,,0.057052,0.021735,0.035317,0
764284,0.0,0.0,0.0,0.0,0.0,0.0,udp,0.0,,cs0,,255.0,,1.0,,Start,1,1,0,60,60,0,60.0,0.0,0.0,0.0,0.0,0,0,0,0.0,,,0.0,0.0,0.0,INT,,,,,0.0,0.0,0.0,0
764361,4.998411,4.998411,4.998411,4.998411,4.998411,4.998411,udp,0.0,0.0,cs0,cs0,117.0,64.0,11.0,0.0,Status,235,219,16,299352,294694,4658,1345.634644,291.125,476497.0,469507.5938,6989.420898,0,0,0,0.0,,,46.814877,43.613857,3.000954,CON,,,,,0.0,0.0,0.0,0
764382,0.0,0.0,0.0,0.0,0.0,0.0,udp,0.0,,cs0,,249.0,,7.0,,Start,1,1,0,64,64,0,64.0,0.0,0.0,0.0,0.0,0,0,0,0.0,,,0.0,0.0,0.0,INT,,,610.0,,0.0,0.0,0.0,0
764433,4.573047,4.573047,4.573047,4.573047,4.573047,4.573047,udp,0.0,0.0,cs0,cs0,64.0,53.0,0.0,11.0,Status,29,16,13,16149,10623,5526,663.9375,425.076935,26347.42188,17423.83008,8923.59082,0,0,0,0.0,,,6.122832,3.280089,2.624071,CON,,,,,0.0,0.0,0.0,0
764532,0.0,0.0,0.0,0.0,0.0,0.0,udp,0.0,,cs0,,255.0,,1.0,,Start,1,1,0,60,60,0,60.0,0.0,0.0,0.0,0.0,0,0,0,0.0,,,0.0,0.0,0.0,INT,,,,,0.0,0.0,0.0,0
764552,0.0,0.0,0.0,0.0,0.0,0.0,udp,0.0,,cs0,,255.0,,1.0,,Start,1,1,0,60,60,0,60.0,0.0,0.0,0.0,0.0,0,0,0,0.0,,,0.0,0.0,0.0,INT,,,,,0.0,0.0,0.0,0
764597,0.0,0.0,0.0,0.0,0.0,0.0,udp,0.0,,cs0,,255.0,,1.0,,Start,1,1,0,60,60,0,60.0,0.0,0.0,0.0,0.0,0,0,0,0.0,,,0.0,0.0,0.0,INT,,,,,0.0,0.0,0.0,0
764616,0.0,0.0,0.0,0.0,0.0,0.0,udp,0.0,,cs0,,255.0,,1.0,,Start,1,1,0,60,60,0,60.0,0.0,0.0,0.0,0.0,0,0,0,0.0,,,0.0,0.0,0.0,INT,,,,,0.0,0.0,0.0,0
764621,0.0,0.0,0.0,0.0,0.0,0.0,udp,0.0,,cs0,,249.0,,7.0,,Start,1,1,0,64,64,0,64.0,0.0,0.0,0.0,0.0,0,0,0,0.0,,,0.0,0.0,0.0,INT,,,610.0,,0.0,0.0,0.0,0
764682,0.0,0.0,0.0,0.0,0.0,0.0,udp,0.0,,cs0,,255.0,,1.0,,Start,1,1,0,60,60,0,60.0,0.0,0.0,0.0,0.0,0,0,0,0.0,,,0.0,0.0,0.0,INT,,,,,0.0,0.0,0.0,0
764788,0.0,0.0,0.0,0.0,0.0,0.0,udp,0.0,,cs0,,255.0,,1.0,,Start,1,1,0,60,60,0,60.0,0.0,0.0,0.0,0.0,0,0,0,0.0,,,0.0,0.0,0.0,INT,,,,,0.0,0.0,0.0,0
764887,0.0,0.0,0.0,0.0,0.0,0.0,udp,0.0,,cs0,,255.0,,1.0,,Start,1,1,0,60,60,0,60.0,0.0,0.0,0.0,0.0,0,0,0,0.0,,,0.0,0.0,0.0,INT,,,,,0.0,0.0,0.0,0
764948,0.047865,0.047865,0.047865,0.047865,0.047865,0.047865,udp,0.0,0.0,cs0,cs0,64.0,117.0,0.0,11.0,Status,5,3,2,688,549,139,183.0,69.5,72871.61719,61172.04688,11699.57227,0,0,0,0.0,,,83.568367,41.784184,20.892092,CON,,,,,0.0,0.0,0.0,0
764994,0.098567,0.098567,0.098567,0.098567,0.098567,0.098567,tcp,0.0,0.0,cs0,cs0,64.0,53.0,0.0,11.0,Status,11,4,7,1508,870,638,217.5,91.14286,97395.67969,52999.48047,44396.19531,0,0,0,0.0,0.0,0.0,101.453835,30.43615,60.872299,CON,180.0,1050.0,,,0.0,0.0,0.0,0
765050,0.0,0.0,0.0,0.0,0.0,0.0,udp,0.0,,cs0,,249.0,,7.0,,Start,1,1,0,64,64,0,64.0,0.0,0.0,0.0,0.0,0,0,0,0.0,,,0.0,0.0,0.0,INT,,,610.0,,0.0,0.0,0.0,0
765055,4.998632,4.998632,4.998632,4.998632,4.998632,4.998632,udp,0.0,0.0,cs0,cs0,117.0,64.0,11.0,0.0,Status,252,232,20,318476,313560,4916,1351.551758,245.800003,507146.75,499671.125,7475.645508,0,0,0,0.0,,,50.213737,46.212643,3.80104,CON,,,,,0.0,0.0,0.0,0
765122,4.999423,4.999423,4.999423,4.999423,4.999423,4.999423,udp,0.0,0.0,cs0,cs0,117.0,64.0,11.0,0.0,Status,178,158,20,217975,213341,4634,1350.259521,231.699997,346270.3438,339224.75,7045.612793,0,0,0,0.0,,,35.404087,31.403624,3.800439,CON,,,,,0.0,0.0,0.0,0
765243,0.0,0.0,0.0,0.0,0.0,0.0,udp,0.0,,cs0,,255.0,,1.0,,Start,1,1,0,60,60,0,60.0,0.0,0.0,0.0,0.0,0,0,0,0.0,,,0.0,0.0,0.0,INT,,,,,0.0,0.0,0.0,0
765259,0.0,0.0,0.0,0.0,0.0,0.0,udp,0.0,,cs0,,255.0,,1.0,,Start,1,1,0,60,60,0,60.0,0.0,0.0,0.0,0.0,0,0,0,0.0,,,0.0,0.0,0.0,INT,,,,,0.0,0.0,0.0,0
765297,0.0,0.0,0.0,0.0,0.0,0.0,udp,0.0,,cs0,,255.0,,1.0,,Start,1,1,0,60,60,0,60.0,0.0,0.0,0.0,0.0,0,0,0,0.0,,,0.0,0.0,0.0,INT,,,,,0.0,0.0,0.0,0
765585,0.0,0.0,0.0,0.0,0.0,0.0,udp,0.0,,cs0,,255.0,,1.0,,Start,1,1,0,60,60,0,60.0,0.0,0.0,0.0,0.0,0,0,0,0.0,,,0.0,0.0,0.0,INT,,,,,0.0,0.0,0.0,0
765659,4.997962,4.997962,4.997962,4.997962,4.997962,4.997962,udp,0.0,0.0,cs0,cs0,117.0,64.0,11.0,0.0,Status,326,303,23,419894,415041,4853,1369.772217,211.0,669575.25,662145.0625,7430.228516,0,0,0,0.0,,,65.026505,60.424629,4.401794,CON,,,,,0.0,0.0,0.0,0
765699,0.0,0.0,0.0,0.0,0.0,0.0,udp,0.0,,cs0,,249.0,,7.0,,Start,1,1,0,64,64,0,64.0,0.0,0.0,0.0,0.0,0,0,0,0.0,,,0.0,0.0,0.0,INT,,,610.0,,0.0,0.0,0.0,0
765820,0.0,0.0,0.0,0.0,0.0,0.0,udp,0.0,,cs0,,249.0,,7.0,,Start,1,1,0,64,64,0,64.0,0.0,0.0,0.0,0.0,0,0,0,0.0,,,0.0,0.0,0.0,INT,,,610.0,,0.0,0.0,0.0,0
765848,0.0,0.0,0.0,0.0,0.0,0.0,udp,0.0,,cs0,,249.0,,7.0,,Start,1,1,0,64,64,0,64.0,0.0,0.0,0.0,0.0,0,0,0,0.0,,,0.0,0.0,0.0,INT,,,610.0,,0.0,0.0,0.0,0
765925,4.273023,4.273023,4.273023,4.273023,4.273023,4.273023,udp,0.0,0.0,cs0,cs0,64.0,53.0,0.0,11.0,Status,36,20,16,20994,13785,7209,689.25,450.5625,37172.74609,24518.47266,12654.27246,0,0,0,0.0,,,8.190922,4.446501,3.510395,CON,,,,,0.0,0.0,0.0,0
766022,4.940894,4.940894,4.940894,4.940894,4.940894,4.940894,udp,0.0,0.0,cs0,cs0,117.0,64.0,11.0,0.0,Status,218,194,24,267841,260655,7186,1343.58252,299.416656,431013.5,419862.4688,11151.01856,0,0,0,0.0,,,43.919178,39.061756,4.655028,CON,,,,,0.0,0.0,0.0,0
766078,0.056925,0.056925,0.056925,0.056925,0.056925,0.056925,udp,0.0,0.0,cs0,cs0,64.0,117.0,0.0,11.0,Status,6,3,3,751,549,202,183.0,67.333336,70408.4375,51436.10156,18972.33203,0,0,0,0.0,,,87.834869,35.133949,35.133949,CON,,,,,0.0,0.0,0.0,0
766106,0.0,0.0,0.0,0.0,0.0,0.0,udp,0.0,,cs0,,255.0,,1.0,,Start,1,1,0,60,60,0,60.0,0.0,0.0,0.0,0.0,0,0,0,0.0,,,0.0,0.0,0.0,INT,,,,,0.0,0.0,0.0,0
766112,4.997938,4.997938,4.997938,4.997938,4.997938,4.997938,udp,0.0,0.0,cs0,cs0,117.0,64.0,11.0,0.0,Status,269,244,25,338492,333492,5000,1366.770508,200.0,539304.0,531620.8125,7683.168457,0,0,0,0.0,,,53.622112,48.620049,4.80198,CON,,,,,0.0,0.0,0.0,0
766172,0.0,0.0,0.0,0.0,0.0,0.0,udp,0.0,,cs0,,249.0,,7.0,,Start,1,1,0,64,64,0,64.0,0.0,0.0,0.0,0.0,0,0,0,0.0,,,0.0,0.0,0.0,INT,,,610.0,,0.0,0.0,0.0,0
766212,0.0,0.0,0.0,0.0,0.0,0.0,udp,0.0,,cs0,,255.0,,1.0,,Start,1,1,0,60,60,0,60.0,0.0,0.0,0.0,0.0,0,0,0,0.0,,,0.0,0.0,0.0,INT,,,,,0.0,0.0,0.0,0
766298,0.0,0.0,0.0,0.0,0.0,0.0,udp,0.0,,cs0,,255.0,,1.0,,Start,1,1,0,60,60,0,60.0,0.0,0.0,0.0,0.0,0,0,0,0.0,,,0.0,0.0,0.0,INT,,,,,0.0,0.0,0.0,0
766387,0.0,0.0,0.0,0.0,0.0,0.0,udp,0.0,,cs0,,255.0,,1.0,,Start,1,1,0,60,60,0,60.0,0.0,0.0,0.0,0.0,0,0,0,0.0,,,0.0,0.0,0.0,INT,,,,,0.0,0.0,0.0,0
766499,0.0,0.0,0.0,0.0,0.0,0.0,udp,0.0,,cs0,,249.0,,7.0,,Start,1,1,0,64,64,0,64.0,0.0,0.0,0.0,0.0,0,0,0,0.0,,,0.0,0.0,0.0,INT,,,610.0,,0.0,0.0,0.0,0
766597,0.0,0.0,0.0,0.0,0.0,0.0,udp,0.0,,cs0,,255.0,,1.0,,Start,1,1,0,60,60,0,60.0,0.0,0.0,0.0,0.0,0,0,0,0.0,,,0.0,0.0,0.0,INT,,,,,0.0,0.0,0.0,0
766649,0.0,0.0,0.0,0.0,0.0,0.0,udp,0.0,,cs0,,249.0,,7.0,,Start,1,1,0,64,64,0,64.0,0.0,0.0,0.0,0.0,0,0,0,0.0,,,0.0,0.0,0.0,INT,,,610.0,,0.0,0.0,0.0,0
766702,4.99825,4.99825,4.99825,4.99825,4.99825,4.99825,udp,0.0,0.0,cs0,cs0,117.0,64.0,11.0,0.0,Status,206,184,22,254597,249652,4945,1356.804321,224.77272,404968.9375,397412.6875,7556.244629,0,0,0,0.0,,,41.014355,36.612816,4.20147,CON,,,,,0.0,0.0,0.0,0
766739,0.0,0.0,0.0,0.0,0.0,0.0,udp,0.0,,cs0,,249.0,,7.0,,Start,1,1,0,64,64,0,64.0,0.0,0.0,0.0,0.0,0,0,0,0.0,,,0.0,0.0,0.0,INT,,,610.0,,0.0,0.0,0.0,0
766846,0.0,0.0,0.0,0.0,0.0,0.0,udp,0.0,,cs0,,255.0,,1.0,,Start,1,1,0,60,60,0,60.0,0.0,0.0,0.0,0.0,0,0,0,0.0,,,0.0,0.0,0.0,INT,,,,,0.0,0.0,0.0,0
766928,0.0,0.0,0.0,0.0,0.0,0.0,udp,0.0,,cs0,,249.0,,7.0,,Start,1,1,0,64,64,0,64.0,0.0,0.0,0.0,0.0,0,0,0,0.0,,,0.0,0.0,0.0,INT,,,610.0,,0.0,0.0,0.0,0
766935,4.960717,4.960717,4.960717,4.960717,4.960717,4.960717,udp,0.0,0.0,cs0,cs0,117.0,64.0,11.0,0.0,Status,210,194,16,263726,259198,4528,1336.072144,283.0,422692.0938,415846.3125,6845.78418,0,0,0,0.0,,,42.131004,38.905666,3.023756,CON,,,,,0.0,0.0,0.0,0
766985,0.0,0.0,0.0,0.0,0.0,0.0,udp,0.0,,cs0,,255.0,,1.0,,Start,1,1,0,60,60,0,60.0,0.0,0.0,0.0,0.0,0,0,0,0.0,,,0.0,0.0,0.0,INT,,,,,0.0,0.0,0.0,0
767007,0.0,0.0,0.0,0.0,0.0,0.0,udp,0.0,,cs0,,255.0,,1.0,,Start,1,1,0,60,60,0,60.0,0.0,0.0,0.0,0.0,0,0,0,0.0,,,0.0,0.0,0.0,INT,,,,,0.0,0.0,0.0,0
767011,0.07472,0.07472,0.07472,0.07472,0.07472,0.07472,udp,0.0,0.0,cs0,cs0,64.0,117.0,0.0,11.0,Status,11,5,6,1402,998,404,199.600006,67.333336,121627.4141,85546.03906,36081.37109,0,0,0,0.0,,,133.832977,53.533188,66.916489,CON,,,,,0.0,0.0,0.0,0
767040,4.997998,4.997998,4.997998,4.997998,4.997998,4.997998,udp,0.0,0.0,cs0,cs0,117.0,64.0,11.0,0.0,Status,118,101,17,138959,134544,4415,1332.118774,259.705872,219876.8281,213224.5625,6652.263184,0,0,0,0.0,,,23.409372,20.008011,3.201282,CON,,,,,0.0,0.0,0.0,0
767046,0.0,0.0,0.0,0.0,0.0,0.0,udp,0.0,,cs0,,249.0,,7.0,,Start,1,1,0,64,64,0,64.0,0.0,0.0,0.0,0.0,0,0,0,0.0,,,0.0,0.0,0.0,INT,,,610.0,,0.0,0.0,0.0,0
767065,0.0,0.0,0.0,0.0,0.0,0.0,udp,0.0,,cs0,,255.0,,1.0,,Start,1,1,0,60,60,0,60.0,0.0,0.0,0.0,0.0,0,0,0,0.0,,,0.0,0.0,0.0,INT,,,,,0.0,0.0,0.0,0
767098,0.052996,0.052996,0.052996,0.052996,0.052996,0.052996,udp,0.0,0.0,cs0,cs0,64.0,117.0,0.0,11.0,Status,5,3,2,677,531,146,177.0,73.0,64457.69531,53437.99609,11019.7002,0,0,0,0.0,,,75.477394,37.738697,18.869349,CON,,,,,0.0,0.0,0.0,0
767128,4.991125,4.991125,4.991125,4.991125,4.991125,4.991125,udp,0.0,0.0,cs0,cs0,117.0,64.0,11.0,0.0,Status,252,225,27,312355,306993,5362,1364.41333,198.59259,498153.0,489875.9063,8277.091797,0,0,0,0.0,,,50.289261,44.879662,5.209246,CON,,,,,0.0,0.0,0.0,0
767135,0.0,0.0,0.0,0.0,0.0,0.0,udp,0.0,,cs0,,255.0,,1.0,,Start,1,1,0,60,60,0,60.0,0.0,0.0,0.0,0.0,0,0,0,0.0,,,0.0,0.0,0.0,INT,,,,,0.0,0.0,0.0,0
767228,4.998774,4.998774,4.998774,4.998774,4.998774,4.998774,udp,0.0,0.0,cs0,cs0,117.0,64.0,11.0,0.0,Status,309,283,26,386554,380508,6046,1344.55127,232.538467,616115.875,606811.1875,9304.681641,0,0,0,0.0,,,61.615108,56.413834,5.001226,CON,,,,,0.0,0.0,0.0,0
767262,4.99857,4.99857,4.99857,4.99857,4.99857,4.99857,udp,0.0,0.0,cs0,cs0,117.0,64.0,11.0,0.0,Status,203,183,20,254106,249467,4639,1363.207642,231.949997,404134.7813,397079.9688,7054.817871,0,0,0,0.0,,,40.411556,36.410412,3.801087,CON,,,,,0.0,0.0,0.0,0
767289,0.0,0.0,0.0,0.0,0.0,0.0,udp,0.0,,cs0,,255.0,,1.0,,Start,1,1,0,60,60,0,60.0,0.0,0.0,0.0,0.0,0,0,0,0.0,,,0.0,0.0,0.0,INT,,,,,0.0,0.0,0.0,0
767420,0.0,0.0,0.0,0.0,0.0,0.0,udp,0.0,,cs0,,255.0,,1.0,,Start,1,1,0,60,60,0,60.0,0.0,0.0,0.0,0.0,0,0,0,0.0,,,0.0,0.0,0.0,INT,,,,,0.0,0.0,0.0,0
767627,4.320912,4.320912,4.320912,4.320912,4.320912,4.320912,udp,0.0,0.0,cs0,cs0,64.0,53.0,0.0,11.0,Status,28,15,13,15949,10548,5401,703.200012,415.461548,27459.01953,18227.63477,9231.384766,0,0,0,0.0,,,6.248681,3.240057,2.777192,CON,,,,,0.0,0.0,0.0,0
767671,0.0,0.0,0.0,0.0,0.0,0.0,udp,0.0,,cs0,,249.0,,7.0,,Start,1,1,0,64,64,0,64.0,0.0,0.0,0.0,0.0,0,0,0,0.0,,,0.0,0.0,0.0,INT,,,610.0,,0.0,0.0,0.0,0
767691,0.0,0.0,0.0,0.0,0.0,0.0,udp,0.0,,cs0,,255.0,,1.0,,Start,1,1,0,60,60,0,60.0,0.0,0.0,0.0,0.0,0,0,0,0.0,,,0.0,0.0,0.0,INT,,,,,0.0,0.0,0.0,0
767733,4.995548,4.995548,4.995548,4.995548,4.995548,4.995548,udp,0.0,0.0,cs0,cs0,117.0,64.0,11.0,0.0,Status,454,419,35,577548,571144,6404,1363.112183,182.971436,922426.1875,912462.125,9964.072266,0,0,0,0.0,,,90.680748,83.674507,6.80606,CON,,,,,0.0,0.0,0.0,0
767765,0.000246,0.000246,0.000246,0.000246,0.000246,0.000246,udp,224.0,184.0,cs7,ef,250.0,255.0,6.0,1.0,Start,2,1,1,124,64,60,64.0,60.0,0.0,0.0,0.0,0,0,0,0.0,,,4065.040527,0.0,0.0,CON,,,610.0,,0.0,0.0,0.0,0
767782,0.0,0.0,0.0,0.0,0.0,0.0,udp,0.0,,cs0,,255.0,,1.0,,Start,1,1,0,60,60,0,60.0,0.0,0.0,0.0,0.0,0,0,0,0.0,,,0.0,0.0,0.0,INT,,,,,0.0,0.0,0.0,0
767840,0.0,0.0,0.0,0.0,0.0,0.0,udp,0.0,,cs0,,255.0,,1.0,,Start,1,1,0,60,60,0,60.0,0.0,0.0,0.0,0.0,0,0,0,0.0,,,0.0,0.0,0.0,INT,,,,,0.0,0.0,0.0,0
767877,0.0,0.0,0.0,0.0,0.0,0.0,udp,0.0,,cs0,,255.0,,1.0,,Start,1,1,0,60,60,0,60.0,0.0,0.0,0.0,0.0,0,0,0,0.0,,,0.0,0.0,0.0,INT,,,,,0.0,0.0,0.0,0
767925,0.0,0.0,0.0,0.0,0.0,0.0,udp,0.0,,cs0,,249.0,,7.0,,Start,1,1,0,64,64,0,64.0,0.0,0.0,0.0,0.0,0,0,0,0.0,,,0.0,0.0,0.0,INT,,,610.0,,0.0,0.0,0.0,0
767930,4.995663,4.995663,4.995663,4.995663,4.995663,4.995663,udp,0.0,0.0,cs0,cs0,117.0,64.0,11.0,0.0,Status,126,107,19,144359,138270,6089,1292.243042,320.473694,228593.4688,219355.0625,9238.413086,0,0,0,0.0,,,25.021704,21.218405,3.603125,CON,,,,,0.0,0.0,0.0,0
767955,4.889044,4.889044,4.889044,4.889044,4.889044,4.889044,tcp,0.0,0.0,cs0,cs0,64.0,63.0,0.0,1.0,Start,18,10,8,5972,1230,4742,123.0,592.75,8602.09082,1811.397095,6790.693848,0,0,0,0.0,0.0,0.0,3.477163,1.840851,1.431773,CON,78336.0,32256.0,,,0.014936,0.001072,0.013864,0
768051,0.0,0.0,0.0,0.0,0.0,0.0,udp,0.0,,cs0,,255.0,,1.0,,Start,1,1,0,60,60,0,60.0,0.0,0.0,0.0,0.0,0,0,0,0.0,,,0.0,0.0,0.0,INT,,,,,0.0,0.0,0.0,0
768052,3.02016,3.02016,3.02016,3.02016,3.02016,3.02016,tcp,0.0,,cs0,,64.0,,0.0,,Start,3,3,0,222,222,0,74.0,0.0,392.032227,392.032227,0.0,2,2,0,40.0,0.0,0.0,0.662217,0.662217,0.0,REQ,33553920.0,,,,0.0,0.0,0.0,0
768123,3.013091,3.013091,3.013091,3.013091,3.013091,3.013091,tcp,0.0,,cs0,,64.0,,0.0,,Start,3,3,0,222,222,0,74.0,0.0,392.951935,392.951935,0.0,2,2,0,40.0,0.0,0.0,0.66377,0.66377,0.0,REQ,33553920.0,,,,0.0,0.0,0.0,0
768146,0.0,0.0,0.0,0.0,0.0,0.0,tcp,0.0,,cs0,,64.0,,0.0,,Status,1,1,0,74,74,0,74.0,0.0,0.0,0.0,0.0,1,1,0,50.0,0.0,0.0,0.0,0.0,0.0,REQ,33553920.0,,,,0.0,0.0,0.0,0
768152,3.031978,3.031978,3.031978,3.031978,3.031978,3.031978,tcp,0.0,,cs0,,64.0,,0.0,,Start,3,3,0,222,222,0,74.0,0.0,390.504181,390.504181,0.0,2,2,0,40.0,0.0,0.0,0.659635,0.659635,0.0,REQ,33553920.0,,,,0.0,0.0,0.0,0
768156,0.0,0.0,0.0,0.0,0.0,0.0,tcp,0.0,,cs0,,64.0,,0.0,,Status,1,1,0,74,74,0,74.0,0.0,0.0,0.0,0.0,1,1,0,50.0,0.0,0.0,0.0,0.0,0.0,REQ,33553920.0,,,,0.0,0.0,0.0,0
768273,0.0,0.0,0.0,0.0,0.0,0.0,tcp,0.0,,cs0,,64.0,,0.0,,Status,1,1,0,74,74,0,74.0,0.0,0.0,0.0,0.0,1,1,0,50.0,0.0,0.0,0.0,0.0,0.0,REQ,33553920.0,,,,0.0,0.0,0.0,0
768285,0.0,0.0,0.0,0.0,0.0,0.0,tcp,0.0,,cs0,,64.0,,0.0,,Status,1,1,0,74,74,0,74.0,0.0,0.0,0.0,0.0,1,1,0,50.0,0.0,0.0,0.0,0.0,0.0,REQ,33553920.0,,,,0.0,0.0,0.0,0
768381,3.03995,3.03995,3.03995,3.03995,3.03995,3.03995,tcp,0.0,,cs0,,64.0,,0.0,,Start,4,4,0,296,296,0,74.0,0.0,584.220154,584.220154,0.0,3,3,0,42.857143,0.0,0.0,0.986858,0.986858,0.0,REQ,33553920.0,,,,0.0,0.0,0.0,0
768431,0.0,0.0,0.0,0.0,0.0,0.0,tcp,0.0,,cs0,,64.0,,0.0,,Status,1,1,0,74,74,0,74.0,0.0,0.0,0.0,0.0,1,1,0,50.0,0.0,0.0,0.0,0.0,0.0,REQ,33553920.0,,,,0.0,0.0,0.0,0
768498,0.0,0.0,0.0,0.0,0.0,0.0,tcp,0.0,,cs0,,64.0,,0.0,,Status,1,1,0,74,74,0,74.0,0.0,0.0,0.0,0.0,1,1,0,50.0,0.0,0.0,0.0,0.0,0.0,REQ,33553920.0,,,,0.0,0.0,0.0,0
768523,0.000216,0.000216,0.000216,0.000216,0.000216,0.000216,sctp,186.0,186.0,ef,ef,255.0,252.0,1.0,4.0,Status,2,1,1,192,94,98,94.0,98.0,0.0,0.0,0.0,0,0,0,0.0,,,4629.629395,0.0,0.0,CON,,,,610.0,0.0,0.0,0.0,0
768547,0.0,0.0,0.0,0.0,0.0,0.0,udp,0.0,,cs0,,249.0,,7.0,,Start,1,1,0,74,74,0,74.0,0.0,0.0,0.0,0.0,0,0,0,0.0,,,0.0,0.0,0.0,INT,,,610.0,,0.0,0.0,0.0,0
768581,0.0,0.0,0.0,0.0,0.0,0.0,udp,0.0,,cs0,,249.0,,7.0,,Start,1,1,0,74,74,0,74.0,0.0,0.0,0.0,0.0,0,0,0,0.0,,,0.0,0.0,0.0,INT,,,610.0,,0.0,0.0,0.0,0
768678,0.0,0.0,0.0,0.0,0.0,0.0,udp,0.0,,cs0,,249.0,,7.0,,Start,1,1,0,74,74,0,74.0,0.0,0.0,0.0,0.0,0,0,0,0.0,,,0.0,0.0,0.0,INT,,,610.0,,0.0,0.0,0.0,0
768691,0.0,0.0,0.0,0.0,0.0,0.0,udp,0.0,,cs0,,249.0,,7.0,,Start,1,1,0,74,74,0,74.0,0.0,0.0,0.0,0.0,0,0,0,0.0,,,0.0,0.0,0.0,INT,,,610.0,,0.0,0.0,0.0,0
768745,0.0,0.0,0.0,0.0,0.0,0.0,udp,0.0,,cs0,,249.0,,7.0,,Start,1,1,0,74,74,0,74.0,0.0,0.0,0.0,0.0,0,0,0,0.0,,,0.0,0.0,0.0,INT,,,610.0,,0.0,0.0,0.0,0
768752,0.0,0.0,0.0,0.0,0.0,0.0,udp,0.0,,cs0,,249.0,,7.0,,Start,1,1,0,74,74,0,74.0,0.0,0.0,0.0,0.0,0,0,0,0.0,,,0.0,0.0,0.0,INT,,,610.0,,0.0,0.0,0.0,0
768857,0.0,0.0,0.0,0.0,0.0,0.0,udp,0.0,,cs0,,249.0,,7.0,,Start,1,1,0,74,74,0,74.0,0.0,0.0,0.0,0.0,0,0,0,0.0,,,0.0,0.0,0.0,INT,,,610.0,,0.0,0.0,0.0,0
768866,0.0,0.0,0.0,0.0,0.0,0.0,udp,0.0,,cs0,,249.0,,7.0,,Start,1,1,0,74,74,0,74.0,0.0,0.0,0.0,0.0,0,0,0,0.0,,,0.0,0.0,0.0,INT,,,610.0,,0.0,0.0,0.0,0
768881,0.0,0.0,0.0,0.0,0.0,0.0,udp,0.0,,cs0,,249.0,,7.0,,Start,1,1,0,74,74,0,74.0,0.0,0.0,0.0,0.0,0,0,0,0.0,,,0.0,0.0,0.0,INT,,,610.0,,0.0,0.0,0.0,0
768945,0.0,0.0,0.0,0.0,0.0,0.0,udp,0.0,,cs0,,249.0,,7.0,,Start,1,1,0,74,74,0,74.0,0.0,0.0,0.0,0.0,0,0,0,0.0,,,0.0,0.0,0.0,INT,,,610.0,,0.0,0.0,0.0,0
769084,0.0,0.0,0.0,0.0,0.0,0.0,udp,0.0,,cs0,,249.0,,7.0,,Start,1,1,0,74,74,0,74.0,0.0,0.0,0.0,0.0,0,0,0,0.0,,,0.0,0.0,0.0,INT,,,610.0,,0.0,0.0,0.0,0
769156,0.0,0.0,0.0,0.0,0.0,0.0,udp,0.0,,cs0,,249.0,,7.0,,Start,1,1,0,74,74,0,74.0,0.0,0.0,0.0,0.0,0,0,0,0.0,,,0.0,0.0,0.0,INT,,,610.0,,0.0,0.0,0.0,0
769167,0.0,0.0,0.0,0.0,0.0,0.0,udp,0.0,,cs0,,249.0,,7.0,,Start,1,1,0,74,74,0,74.0,0.0,0.0,0.0,0.0,0,0,0,0.0,,,0.0,0.0,0.0,INT,,,610.0,,0.0,0.0,0.0,0
769186,0.0,0.0,0.0,0.0,0.0,0.0,udp,0.0,,cs0,,249.0,,7.0,,Start,1,1,0,74,74,0,74.0,0.0,0.0,0.0,0.0,0,0,0,0.0,,,0.0,0.0,0.0,INT,,,610.0,,0.0,0.0,0.0,0
769188,0.0,0.0,0.0,0.0,0.0,0.0,udp,0.0,,cs0,,249.0,,7.0,,Start,1,1,0,74,74,0,74.0,0.0,0.0,0.0,0.0,0,0,0,0.0,,,0.0,0.0,0.0,INT,,,610.0,,0.0,0.0,0.0,0
769239,0.0,0.0,0.0,0.0,0.0,0.0,udp,0.0,,cs0,,249.0,,7.0,,Start,1,1,0,74,74,0,74.0,0.0,0.0,0.0,0.0,0,0,0,0.0,,,0.0,0.0,0.0,INT,,,610.0,,0.0,0.0,0.0,0
769265,0.0,0.0,0.0,0.0,0.0,0.0,udp,0.0,,cs0,,249.0,,7.0,,Start,1,1,0,74,74,0,74.0,0.0,0.0,0.0,0.0,0,0,0,0.0,,,0.0,0.0,0.0,INT,,,610.0,,0.0,0.0,0.0,0
769307,0.0,0.0,0.0,0.0,0.0,0.0,udp,0.0,,cs0,,249.0,,7.0,,Start,1,1,0,74,74,0,74.0,0.0,0.0,0.0,0.0,0,0,0,0.0,,,0.0,0.0,0.0,INT,,,610.0,,0.0,0.0,0.0,0
769407,0.0,0.0,0.0,0.0,0.0,0.0,udp,0.0,,cs0,,249.0,,7.0,,Start,1,1,0,74,74,0,74.0,0.0,0.0,0.0,0.0,0,0,0,0.0,,,0.0,0.0,0.0,INT,,,610.0,,0.0,0.0,0.0,0
769408,0.0,0.0,0.0,0.0,0.0,0.0,udp,0.0,,cs0,,249.0,,7.0,,Start,1,1,0,74,74,0,74.0,0.0,0.0,0.0,0.0,0,0,0,0.0,,,0.0,0.0,0.0,INT,,,610.0,,0.0,0.0,0.0,0
769418,0.0,0.0,0.0,0.0,0.0,0.0,udp,0.0,,cs0,,249.0,,7.0,,Start,1,1,0,74,74,0,74.0,0.0,0.0,0.0,0.0,0,0,0,0.0,,,0.0,0.0,0.0,INT,,,610.0,,0.0,0.0,0.0,0
769437,0.0,0.0,0.0,0.0,0.0,0.0,udp,0.0,,cs0,,249.0,,7.0,,Start,1,1,0,74,74,0,74.0,0.0,0.0,0.0,0.0,0,0,0,0.0,,,0.0,0.0,0.0,INT,,,610.0,,0.0,0.0,0.0,0
769474,0.0,0.0,0.0,0.0,0.0,0.0,udp,0.0,,cs0,,249.0,,7.0,,Start,1,1,0,74,74,0,74.0,0.0,0.0,0.0,0.0,0,0,0,0.0,,,0.0,0.0,0.0,INT,,,610.0,,0.0,0.0,0.0,0
769524,0.0,0.0,0.0,0.0,0.0,0.0,udp,0.0,,cs0,,249.0,,7.0,,Start,1,1,0,74,74,0,74.0,0.0,0.0,0.0,0.0,0,0,0,0.0,,,0.0,0.0,0.0,INT,,,610.0,,0.0,0.0,0.0,0
769539,0.0,0.0,0.0,0.0,0.0,0.0,udp,0.0,,cs0,,249.0,,7.0,,Start,1,1,0,74,74,0,74.0,0.0,0.0,0.0,0.0,0,0,0,0.0,,,0.0,0.0,0.0,INT,,,610.0,,0.0,0.0,0.0,0
769560,0.0,0.0,0.0,0.0,0.0,0.0,udp,0.0,,cs0,,249.0,,7.0,,Start,1,1,0,74,74,0,74.0,0.0,0.0,0.0,0.0,0,0,0,0.0,,,0.0,0.0,0.0,INT,,,610.0,,0.0,0.0,0.0,0
769678,0.0,0.0,0.0,0.0,0.0,0.0,udp,0.0,,cs0,,249.0,,7.0,,Start,1,1,0,74,74,0,74.0,0.0,0.0,0.0,0.0,0,0,0,0.0,,,0.0,0.0,0.0,INT,,,610.0,,0.0,0.0,0.0,0
769731,0.0,0.0,0.0,0.0,0.0,0.0,udp,0.0,,cs0,,249.0,,7.0,,Start,1,1,0,74,74,0,74.0,0.0,0.0,0.0,0.0,0,0,0,0.0,,,0.0,0.0,0.0,INT,,,610.0,,0.0,0.0,0.0,0
769814,0.0,0.0,0.0,0.0,0.0,0.0,udp,0.0,,cs0,,249.0,,7.0,,Start,1,1,0,74,74,0,74.0,0.0,0.0,0.0,0.0,0,0,0,0.0,,,0.0,0.0,0.0,INT,,,610.0,,0.0,0.0,0.0,0
769824,0.0,0.0,0.0,0.0,0.0,0.0,udp,0.0,,cs0,,249.0,,7.0,,Start,1,1,0,74,74,0,74.0,0.0,0.0,0.0,0.0,0,0,0,0.0,,,0.0,0.0,0.0,INT,,,610.0,,0.0,0.0,0.0,0
769858,0.0,0.0,0.0,0.0,0.0,0.0,udp,0.0,,cs0,,249.0,,7.0,,Start,1,1,0,74,74,0,74.0,0.0,0.0,0.0,0.0,0,0,0,0.0,,,0.0,0.0,0.0,INT,,,610.0,,0.0,0.0,0.0,0
769878,0.0,0.0,0.0,0.0,0.0,0.0,udp,0.0,,cs0,,249.0,,7.0,,Start,1,1,0,74,74,0,74.0,0.0,0.0,0.0,0.0,0,0,0,0.0,,,0.0,0.0,0.0,INT,,,610.0,,0.0,0.0,0.0,0
769936,0.0,0.0,0.0,0.0,0.0,0.0,udp,0.0,,cs0,,249.0,,7.0,,Start,1,1,0,74,74,0,74.0,0.0,0.0,0.0,0.0,0,0,0,0.0,,,0.0,0.0,0.0,INT,,,610.0,,0.0,0.0,0.0,0
769960,0.0,0.0,0.0,0.0,0.0,0.0,udp,0.0,,cs0,,249.0,,7.0,,Start,1,1,0,74,74,0,74.0,0.0,0.0,0.0,0.0,0,0,0,0.0,,,0.0,0.0,0.0,INT,,,610.0,,0.0,0.0,0.0,0
769977,0.0,0.0,0.0,0.0,0.0,0.0,udp,0.0,,cs0,,249.0,,7.0,,Start,1,1,0,74,74,0,74.0,0.0,0.0,0.0,0.0,0,0,0,0.0,,,0.0,0.0,0.0,INT,,,610.0,,0.0,0.0,0.0,0
769991,0.0,0.0,0.0,0.0,0.0,0.0,udp,0.0,,cs0,,249.0,,7.0,,Start,1,1,0,74,74,0,74.0,0.0,0.0,0.0,0.0,0,0,0,0.0,,,0.0,0.0,0.0,INT,,,610.0,,0.0,0.0,0.0,0
769992,0.0,0.0,0.0,0.0,0.0,0.0,udp,0.0,,cs0,,249.0,,7.0,,Start,1,1,0,74,74,0,74.0,0.0,0.0,0.0,0.0,0,0,0,0.0,,,0.0,0.0,0.0,INT,,,610.0,,0.0,0.0,0.0,0
769994,0.0,0.0,0.0,0.0,0.0,0.0,udp,0.0,,cs0,,249.0,,7.0,,Start,1,1,0,74,74,0,74.0,0.0,0.0,0.0,0.0,0,0,0,0.0,,,0.0,0.0,0.0,INT,,,610.0,,0.0,0.0,0.0,0
769998,0.0,0.0,0.0,0.0,0.0,0.0,udp,0.0,,cs0,,249.0,,7.0,,Start,1,1,0,74,74,0,74.0,0.0,0.0,0.0,0.0,0,0,0,0.0,,,0.0,0.0,0.0,INT,,,610.0,,0.0,0.0,0.0,0
770038,0.0,0.0,0.0,0.0,0.0,0.0,udp,0.0,,cs0,,249.0,,7.0,,Start,1,1,0,74,74,0,74.0,0.0,0.0,0.0,0.0,0,0,0,0.0,,,0.0,0.0,0.0,INT,,,610.0,,0.0,0.0,0.0,0
770050,0.0,0.0,0.0,0.0,0.0,0.0,udp,0.0,,cs0,,249.0,,7.0,,Start,1,1,0,74,74,0,74.0,0.0,0.0,0.0,0.0,0,0,0,0.0,,,0.0,0.0,0.0,INT,,,610.0,,0.0,0.0,0.0,0
770126,0.0,0.0,0.0,0.0,0.0,0.0,udp,0.0,,cs0,,249.0,,7.0,,Start,1,1,0,74,74,0,74.0,0.0,0.0,0.0,0.0,0,0,0,0.0,,,0.0,0.0,0.0,INT,,,610.0,,0.0,0.0,0.0,0
770158,0.0,0.0,0.0,0.0,0.0,0.0,udp,0.0,,cs0,,249.0,,7.0,,Start,1,1,0,74,74,0,74.0,0.0,0.0,0.0,0.0,0,0,0,0.0,,,0.0,0.0,0.0,INT,,,610.0,,0.0,0.0,0.0,0
770172,0.0,0.0,0.0,0.0,0.0,0.0,udp,0.0,,cs0,,249.0,,7.0,,Start,1,1,0,74,74,0,74.0,0.0,0.0,0.0,0.0,0,0,0,0.0,,,0.0,0.0,0.0,INT,,,610.0,,0.0,0.0,0.0,0
770247,0.0,0.0,0.0,0.0,0.0,0.0,udp,0.0,,cs0,,249.0,,7.0,,Start,1,1,0,74,74,0,74.0,0.0,0.0,0.0,0.0,0,0,0,0.0,,,0.0,0.0,0.0,INT,,,610.0,,0.0,0.0,0.0,0
770295,0.0,0.0,0.0,0.0,0.0,0.0,udp,0.0,,cs0,,249.0,,7.0,,Start,1,1,0,74,74,0,74.0,0.0,0.0,0.0,0.0,0,0,0,0.0,,,0.0,0.0,0.0,INT,,,610.0,,0.0,0.0,0.0,0
770341,0.0,0.0,0.0,0.0,0.0,0.0,udp,0.0,,cs0,,249.0,,7.0,,Start,1,1,0,74,74,0,74.0,0.0,0.0,0.0,0.0,0,0,0,0.0,,,0.0,0.0,0.0,INT,,,610.0,,0.0,0.0,0.0,0
770396,0.0,0.0,0.0,0.0,0.0,0.0,udp,0.0,,cs0,,249.0,,7.0,,Start,1,1,0,74,74,0,74.0,0.0,0.0,0.0,0.0,0,0,0,0.0,,,0.0,0.0,0.0,INT,,,610.0,,0.0,0.0,0.0,0
770408,0.0,0.0,0.0,0.0,0.0,0.0,udp,0.0,,cs0,,249.0,,7.0,,Start,1,1,0,74,74,0,74.0,0.0,0.0,0.0,0.0,0,0,0,0.0,,,0.0,0.0,0.0,INT,,,610.0,,0.0,0.0,0.0,0
770478,0.0,0.0,0.0,0.0,0.0,0.0,udp,0.0,,cs0,,249.0,,7.0,,Start,1,1,0,74,74,0,74.0,0.0,0.0,0.0,0.0,0,0,0,0.0,,,0.0,0.0,0.0,INT,,,610.0,,0.0,0.0,0.0,0
770527,0.0,0.0,0.0,0.0,0.0,0.0,udp,0.0,,cs0,,249.0,,7.0,,Start,1,1,0,74,74,0,74.0,0.0,0.0,0.0,0.0,0,0,0,0.0,,,0.0,0.0,0.0,INT,,,610.0,,0.0,0.0,0.0,0
770556,0.001405,0.001405,0.001405,0.001405,0.001405,0.001405,udp,0.0,0.0,cs0,cs0,64.0,63.0,0.0,1.0,Start,2,1,1,449,89,360,89.0,360.0,0.0,0.0,0.0,0,0,0,0.0,,,711.743774,0.0,0.0,CON,,,,,0.0,0.0,0.0,0
770681,0.0,0.0,0.0,0.0,0.0,0.0,udp,0.0,,cs0,,249.0,,7.0,,Start,1,1,0,74,74,0,74.0,0.0,0.0,0.0,0.0,0,0,0,0.0,,,0.0,0.0,0.0,INT,,,610.0,,0.0,0.0,0.0,0
770696,0.0,0.0,0.0,0.0,0.0,0.0,udp,0.0,,cs0,,249.0,,7.0,,Start,1,1,0,74,74,0,74.0,0.0,0.0,0.0,0.0,0,0,0,0.0,,,0.0,0.0,0.0,INT,,,610.0,,0.0,0.0,0.0,0
770759,0.0,0.0,0.0,0.0,0.0,0.0,udp,0.0,,cs0,,249.0,,7.0,,Start,1,1,0,74,74,0,74.0,0.0,0.0,0.0,0.0,0,0,0,0.0,,,0.0,0.0,0.0,INT,,,610.0,,0.0,0.0,0.0,0
770769,0.0,0.0,0.0,0.0,0.0,0.0,udp,0.0,,cs0,,249.0,,7.0,,Start,1,1,0,74,74,0,74.0,0.0,0.0,0.0,0.0,0,0,0,0.0,,,0.0,0.0,0.0,INT,,,610.0,,0.0,0.0,0.0,0
770829,0.0,0.0,0.0,0.0,0.0,0.0,udp,0.0,,cs0,,249.0,,7.0,,Start,1,1,0,74,74,0,74.0,0.0,0.0,0.0,0.0,0,0,0,0.0,,,0.0,0.0,0.0,INT,,,610.0,,0.0,0.0,0.0,0
770885,0.0,0.0,0.0,0.0,0.0,0.0,udp,0.0,,cs0,,249.0,,7.0,,Start,1,1,0,74,74,0,74.0,0.0,0.0,0.0,0.0,0,0,0,0.0,,,0.0,0.0,0.0,INT,,,610.0,,0.0,0.0,0.0,0
771144,0.0,0.0,0.0,0.0,0.0,0.0,udp,0.0,,cs0,,249.0,,7.0,,Start,1,1,0,74,74,0,74.0,0.0,0.0,0.0,0.0,0,0,0,0.0,,,0.0,0.0,0.0,INT,,,610.0,,0.0,0.0,0.0,0
771221,0.0,0.0,0.0,0.0,0.0,0.0,udp,0.0,,cs0,,249.0,,7.0,,Start,1,1,0,74,74,0,74.0,0.0,0.0,0.0,0.0,0,0,0,0.0,,,0.0,0.0,0.0,INT,,,610.0,,0.0,0.0,0.0,0
771265,0.0,0.0,0.0,0.0,0.0,0.0,udp,0.0,,cs0,,249.0,,7.0,,Start,1,1,0,74,74,0,74.0,0.0,0.0,0.0,0.0,0,0,0,0.0,,,0.0,0.0,0.0,INT,,,610.0,,0.0,0.0,0.0,0
771270,0.0,0.0,0.0,0.0,0.0,0.0,udp,0.0,,cs0,,249.0,,7.0,,Start,1,1,0,74,74,0,74.0,0.0,0.0,0.0,0.0,0,0,0,0.0,,,0.0,0.0,0.0,INT,,,610.0,,0.0,0.0,0.0,0
771368,0.0,0.0,0.0,0.0,0.0,0.0,udp,0.0,,cs0,,249.0,,7.0,,Start,1,1,0,74,74,0,74.0,0.0,0.0,0.0,0.0,0,0,0,0.0,,,0.0,0.0,0.0,INT,,,610.0,,0.0,0.0,0.0,0
771408,0.0,0.0,0.0,0.0,0.0,0.0,udp,0.0,,cs0,,249.0,,7.0,,Start,1,1,0,74,74,0,74.0,0.0,0.0,0.0,0.0,0,0,0,0.0,,,0.0,0.0,0.0,INT,,,610.0,,0.0,0.0,0.0,0
771445,0.0,0.0,0.0,0.0,0.0,0.0,udp,0.0,,cs0,,249.0,,7.0,,Start,1,1,0,74,74,0,74.0,0.0,0.0,0.0,0.0,0,0,0,0.0,,,0.0,0.0,0.0,INT,,,610.0,,0.0,0.0,0.0,0
771454,0.0,0.0,0.0,0.0,0.0,0.0,udp,0.0,,cs0,,249.0,,7.0,,Start,1,1,0,74,74,0,74.0,0.0,0.0,0.0,0.0,0,0,0,0.0,,,0.0,0.0,0.0,INT,,,610.0,,0.0,0.0,0.0,0
771460,0.0,0.0,0.0,0.0,0.0,0.0,udp,0.0,,cs0,,249.0,,7.0,,Start,1,1,0,74,74,0,74.0,0.0,0.0,0.0,0.0,0,0,0,0.0,,,0.0,0.0,0.0,INT,,,610.0,,0.0,0.0,0.0,0
771469,0.0,0.0,0.0,0.0,0.0,0.0,udp,0.0,,cs0,,249.0,,7.0,,Start,1,1,0,74,74,0,74.0,0.0,0.0,0.0,0.0,0,0,0,0.0,,,0.0,0.0,0.0,INT,,,610.0,,0.0,0.0,0.0,0
771511,0.0,0.0,0.0,0.0,0.0,0.0,icmp,0.0,,cs0,,58.0,,6.0,,Start,1,1,0,98,98,0,98.0,0.0,0.0,0.0,0.0,0,0,0,0.0,,,0.0,0.0,0.0,ECO,,,,,0.0,0.0,0.0,0
771525,0.0,0.0,0.0,0.0,0.0,0.0,udp,0.0,,cs0,,249.0,,7.0,,Start,1,1,0,74,74,0,74.0,0.0,0.0,0.0,0.0,0,0,0,0.0,,,0.0,0.0,0.0,INT,,,610.0,,0.0,0.0,0.0,0
771648,0.0,0.0,0.0,0.0,0.0,0.0,udp,0.0,,cs0,,249.0,,7.0,,Start,1,1,0,74,74,0,74.0,0.0,0.0,0.0,0.0,0,0,0,0.0,,,0.0,0.0,0.0,INT,,,610.0,,0.0,0.0,0.0,0
771702,0.0,0.0,0.0,0.0,0.0,0.0,udp,0.0,,cs0,,249.0,,7.0,,Start,1,1,0,74,74,0,74.0,0.0,0.0,0.0,0.0,0,0,0,0.0,,,0.0,0.0,0.0,INT,,,610.0,,0.0,0.0,0.0,0
771913,0.0,0.0,0.0,0.0,0.0,0.0,udp,0.0,,cs0,,249.0,,7.0,,Start,1,1,0,74,74,0,74.0,0.0,0.0,0.0,0.0,0,0,0,0.0,,,0.0,0.0,0.0,INT,,,610.0,,0.0,0.0,0.0,0
771937,0.0,0.0,0.0,0.0,0.0,0.0,udp,0.0,,cs0,,249.0,,7.0,,Start,1,1,0,74,74,0,74.0,0.0,0.0,0.0,0.0,0,0,0,0.0,,,0.0,0.0,0.0,INT,,,610.0,,0.0,0.0,0.0,0
771987,0.0,0.0,0.0,0.0,0.0,0.0,udp,0.0,,cs0,,249.0,,7.0,,Start,1,1,0,74,74,0,74.0,0.0,0.0,0.0,0.0,0,0,0,0.0,,,0.0,0.0,0.0,INT,,,610.0,,0.0,0.0,0.0,0
772019,0.0,0.0,0.0,0.0,0.0,0.0,udp,0.0,,cs0,,249.0,,7.0,,Start,1,1,0,64,64,0,64.0,0.0,0.0,0.0,0.0,0,0,0,0.0,,,0.0,0.0,0.0,INT,,,610.0,,0.0,0.0,0.0,0
772040,0.0,0.0,0.0,0.0,0.0,0.0,udp,0.0,,cs0,,249.0,,7.0,,Start,1,1,0,74,74,0,74.0,0.0,0.0,0.0,0.0,0,0,0,0.0,,,0.0,0.0,0.0,INT,,,610.0,,0.0,0.0,0.0,0
772112,0.0,0.0,0.0,0.0,0.0,0.0,udp,0.0,,cs0,,249.0,,7.0,,Start,1,1,0,74,74,0,74.0,0.0,0.0,0.0,0.0,0,0,0,0.0,,,0.0,0.0,0.0,INT,,,610.0,,0.0,0.0,0.0,0
772114,0.0,0.0,0.0,0.0,0.0,0.0,udp,0.0,,cs0,,249.0,,7.0,,Start,1,1,0,74,74,0,74.0,0.0,0.0,0.0,0.0,0,0,0,0.0,,,0.0,0.0,0.0,INT,,,610.0,,0.0,0.0,0.0,0
772117,0.0,0.0,0.0,0.0,0.0,0.0,udp,0.0,,cs0,,249.0,,7.0,,Start,1,1,0,74,74,0,74.0,0.0,0.0,0.0,0.0,0,0,0,0.0,,,0.0,0.0,0.0,INT,,,610.0,,0.0,0.0,0.0,0
772190,2.241587,2.241587,2.241587,2.241587,2.241587,2.241587,sctp,186.0,40.0,ef,af11,255.0,250.0,1.0,6.0,Status,19,10,9,4746,3628,1118,362.799988,124.222221,15203.51465,11656.02832,3547.486816,0,0,0,0.0,,,8.030025,4.015013,3.5689,CON,,,,610.0,0.0,0.0,0.0,0
772202,0.0,0.0,0.0,0.0,0.0,0.0,udp,0.0,,cs0,,249.0,,7.0,,Start,1,1,0,74,74,0,74.0,0.0,0.0,0.0,0.0,0,0,0,0.0,,,0.0,0.0,0.0,INT,,,610.0,,0.0,0.0,0.0,0
772214,0.0,0.0,0.0,0.0,0.0,0.0,udp,0.0,,cs0,,249.0,,7.0,,Start,1,1,0,74,74,0,74.0,0.0,0.0,0.0,0.0,0,0,0,0.0,,,0.0,0.0,0.0,INT,,,610.0,,0.0,0.0,0.0,0
772287,0.0,0.0,0.0,0.0,0.0,0.0,udp,0.0,,cs0,,249.0,,7.0,,Start,1,1,0,74,74,0,74.0,0.0,0.0,0.0,0.0,0,0,0,0.0,,,0.0,0.0,0.0,INT,,,610.0,,0.0,0.0,0.0,0
772332,0.0,0.0,0.0,0.0,0.0,0.0,udp,0.0,,cs0,,249.0,,7.0,,Start,1,1,0,74,74,0,74.0,0.0,0.0,0.0,0.0,0,0,0,0.0,,,0.0,0.0,0.0,INT,,,610.0,,0.0,0.0,0.0,0
772407,0.0,0.0,0.0,0.0,0.0,0.0,udp,0.0,,cs0,,249.0,,7.0,,Start,1,1,0,74,74,0,74.0,0.0,0.0,0.0,0.0,0,0,0,0.0,,,0.0,0.0,0.0,INT,,,610.0,,0.0,0.0,0.0,0
772408,0.0,0.0,0.0,0.0,0.0,0.0,udp,0.0,,cs0,,249.0,,7.0,,Start,1,1,0,74,74,0,74.0,0.0,0.0,0.0,0.0,0,0,0,0.0,,,0.0,0.0,0.0,INT,,,610.0,,0.0,0.0,0.0,0
772444,0.0,0.0,0.0,0.0,0.0,0.0,udp,0.0,,cs0,,249.0,,7.0,,Start,1,1,0,74,74,0,74.0,0.0,0.0,0.0,0.0,0,0,0,0.0,,,0.0,0.0,0.0,INT,,,610.0,,0.0,0.0,0.0,0
772483,0.0,0.0,0.0,0.0,0.0,0.0,udp,0.0,,cs0,,249.0,,7.0,,Start,1,1,0,74,74,0,74.0,0.0,0.0,0.0,0.0,0,0,0,0.0,,,0.0,0.0,0.0,INT,,,610.0,,0.0,0.0,0.0,0
772495,0.0,0.0,0.0,0.0,0.0,0.0,udp,0.0,,cs0,,249.0,,7.0,,Start,1,1,0,74,74,0,74.0,0.0,0.0,0.0,0.0,0,0,0,0.0,,,0.0,0.0,0.0,INT,,,610.0,,0.0,0.0,0.0,0
772556,0.0,0.0,0.0,0.0,0.0,0.0,udp,0.0,,cs0,,249.0,,7.0,,Start,1,1,0,74,74,0,74.0,0.0,0.0,0.0,0.0,0,0,0,0.0,,,0.0,0.0,0.0,INT,,,610.0,,0.0,0.0,0.0,0
772563,0.0,0.0,0.0,0.0,0.0,0.0,udp,0.0,,cs0,,249.0,,7.0,,Start,1,1,0,74,74,0,74.0,0.0,0.0,0.0,0.0,0,0,0,0.0,,,0.0,0.0,0.0,INT,,,610.0,,0.0,0.0,0.0,0
772606,0.0,0.0,0.0,0.0,0.0,0.0,udp,0.0,,cs0,,249.0,,7.0,,Start,1,1,0,74,74,0,74.0,0.0,0.0,0.0,0.0,0,0,0,0.0,,,0.0,0.0,0.0,INT,,,610.0,,0.0,0.0,0.0,0
772674,0.0,0.0,0.0,0.0,0.0,0.0,udp,0.0,,cs0,,249.0,,7.0,,Start,1,1,0,74,74,0,74.0,0.0,0.0,0.0,0.0,0,0,0,0.0,,,0.0,0.0,0.0,INT,,,610.0,,0.0,0.0,0.0,0
772681,0.0,0.0,0.0,0.0,0.0,0.0,udp,0.0,,cs0,,249.0,,7.0,,Start,1,1,0,74,74,0,74.0,0.0,0.0,0.0,0.0,0,0,0,0.0,,,0.0,0.0,0.0,INT,,,610.0,,0.0,0.0,0.0,0
772746,0.0,0.0,0.0,0.0,0.0,0.0,udp,0.0,,cs0,,249.0,,7.0,,Start,1,1,0,74,74,0,74.0,0.0,0.0,0.0,0.0,0,0,0,0.0,,,0.0,0.0,0.0,INT,,,610.0,,0.0,0.0,0.0,0
772800,0.0,0.0,0.0,0.0,0.0,0.0,udp,0.0,,cs0,,249.0,,7.0,,Start,1,1,0,74,74,0,74.0,0.0,0.0,0.0,0.0,0,0,0,0.0,,,0.0,0.0,0.0,INT,,,610.0,,0.0,0.0,0.0,0
772904,0.0,0.0,0.0,0.0,0.0,0.0,udp,0.0,,cs0,,249.0,,7.0,,Start,1,1,0,74,74,0,74.0,0.0,0.0,0.0,0.0,0,0,0,0.0,,,0.0,0.0,0.0,INT,,,610.0,,0.0,0.0,0.0,0
772905,0.0,0.0,0.0,0.0,0.0,0.0,udp,0.0,,cs0,,249.0,,7.0,,Start,1,1,0,74,74,0,74.0,0.0,0.0,0.0,0.0,0,0,0,0.0,,,0.0,0.0,0.0,INT,,,610.0,,0.0,0.0,0.0,0
772991,0.0,0.0,0.0,0.0,0.0,0.0,udp,0.0,,cs0,,249.0,,7.0,,Start,1,1,0,74,74,0,74.0,0.0,0.0,0.0,0.0,0,0,0,0.0,,,0.0,0.0,0.0,INT,,,610.0,,0.0,0.0,0.0,0
773011,0.0,0.0,0.0,0.0,0.0,0.0,udp,0.0,,cs0,,249.0,,7.0,,Start,1,1,0,74,74,0,74.0,0.0,0.0,0.0,0.0,0,0,0,0.0,,,0.0,0.0,0.0,INT,,,610.0,,0.0,0.0,0.0,0
773032,0.0,0.0,0.0,0.0,0.0,0.0,udp,0.0,,cs0,,249.0,,7.0,,Start,1,1,0,74,74,0,74.0,0.0,0.0,0.0,0.0,0,0,0,0.0,,,0.0,0.0,0.0,INT,,,610.0,,0.0,0.0,0.0,0
773077,0.0,0.0,0.0,0.0,0.0,0.0,udp,0.0,,cs0,,249.0,,7.0,,Start,1,1,0,74,74,0,74.0,0.0,0.0,0.0,0.0,0,0,0,0.0,,,0.0,0.0,0.0,INT,,,610.0,,0.0,0.0,0.0,0
773079,0.0,0.0,0.0,0.0,0.0,0.0,udp,0.0,,cs0,,249.0,,7.0,,Start,1,1,0,74,74,0,74.0,0.0,0.0,0.0,0.0,0,0,0,0.0,,,0.0,0.0,0.0,INT,,,610.0,,0.0,0.0,0.0,0
773191,0.0,0.0,0.0,0.0,0.0,0.0,udp,0.0,,cs0,,249.0,,7.0,,Start,1,1,0,74,74,0,74.0,0.0,0.0,0.0,0.0,0,0,0,0.0,,,0.0,0.0,0.0,INT,,,610.0,,0.0,0.0,0.0,0
773264,0.0,0.0,0.0,0.0,0.0,0.0,udp,0.0,,cs0,,249.0,,7.0,,Start,1,1,0,74,74,0,74.0,0.0,0.0,0.0,0.0,0,0,0,0.0,,,0.0,0.0,0.0,INT,,,610.0,,0.0,0.0,0.0,0
773344,0.0,0.0,0.0,0.0,0.0,0.0,udp,0.0,,cs0,,249.0,,7.0,,Start,1,1,0,74,74,0,74.0,0.0,0.0,0.0,0.0,0,0,0,0.0,,,0.0,0.0,0.0,INT,,,610.0,,0.0,0.0,0.0,0
773355,0.0,0.0,0.0,0.0,0.0,0.0,udp,0.0,,cs0,,249.0,,7.0,,Start,1,1,0,74,74,0,74.0,0.0,0.0,0.0,0.0,0,0,0,0.0,,,0.0,0.0,0.0,INT,,,610.0,,0.0,0.0,0.0,0
773364,0.0,0.0,0.0,0.0,0.0,0.0,udp,0.0,,cs0,,249.0,,7.0,,Start,1,1,0,74,74,0,74.0,0.0,0.0,0.0,0.0,0,0,0,0.0,,,0.0,0.0,0.0,INT,,,610.0,,0.0,0.0,0.0,0
773369,0.0,0.0,0.0,0.0,0.0,0.0,udp,0.0,,cs0,,249.0,,7.0,,Start,1,1,0,74,74,0,74.0,0.0,0.0,0.0,0.0,0,0,0,0.0,,,0.0,0.0,0.0,INT,,,610.0,,0.0,0.0,0.0,0
773398,0.0,0.0,0.0,0.0,0.0,0.0,udp,0.0,,cs0,,249.0,,7.0,,Start,1,1,0,74,74,0,74.0,0.0,0.0,0.0,0.0,0,0,0,0.0,,,0.0,0.0,0.0,INT,,,610.0,,0.0,0.0,0.0,0
773432,0.097802,0.097802,0.097802,0.097802,0.097802,0.097802,udp,0.0,0.0,cs0,cs0,64.0,117.0,0.0,11.0,Status,6,3,3,730,530,200,176.666672,66.666664,39917.38672,28956.46289,10960.9209,0,0,0,0.0,,,51.123699,20.44948,20.44948,CON,,,,,0.0,0.0,0.0,0
773447,4.971522,4.971522,4.971522,4.971522,4.971522,4.971522,tcp,0.0,0.0,cs0,cs0,64.0,117.0,0.0,11.0,Status,177,45,132,197413,4777,192636,106.155556,1459.363647,315151.7813,7516.410645,307635.375,0,0,0,0.0,0.0,0.0,35.401634,8.850409,26.35008,CON,523264.0,268544.0,,,0.034708,0.020941,0.013767,0
773513,0.0,0.0,0.0,0.0,0.0,0.0,udp,0.0,,cs0,,249.0,,7.0,,Start,1,1,0,74,74,0,74.0,0.0,0.0,0.0,0.0,0,0,0,0.0,,,0.0,0.0,0.0,INT,,,610.0,,0.0,0.0,0.0,0
773613,0.0,0.0,0.0,0.0,0.0,0.0,udp,0.0,,cs0,,249.0,,7.0,,Start,1,1,0,74,74,0,74.0,0.0,0.0,0.0,0.0,0,0,0,0.0,,,0.0,0.0,0.0,INT,,,610.0,,0.0,0.0,0.0,0
773622,0.0,0.0,0.0,0.0,0.0,0.0,udp,0.0,,cs0,,249.0,,7.0,,Start,1,1,0,74,74,0,74.0,0.0,0.0,0.0,0.0,0,0,0,0.0,,,0.0,0.0,0.0,INT,,,610.0,,0.0,0.0,0.0,0
773671,0.0,0.0,0.0,0.0,0.0,0.0,udp,0.0,,cs0,,249.0,,7.0,,Start,1,1,0,74,74,0,74.0,0.0,0.0,0.0,0.0,0,0,0,0.0,,,0.0,0.0,0.0,INT,,,610.0,,0.0,0.0,0.0,0
773673,0.0,0.0,0.0,0.0,0.0,0.0,udp,0.0,,cs0,,249.0,,7.0,,Start,1,1,0,74,74,0,74.0,0.0,0.0,0.0,0.0,0,0,0,0.0,,,0.0,0.0,0.0,INT,,,610.0,,0.0,0.0,0.0,0
773714,0.0,0.0,0.0,0.0,0.0,0.0,udp,0.0,,cs0,,249.0,,7.0,,Start,1,1,0,74,74,0,74.0,0.0,0.0,0.0,0.0,0,0,0,0.0,,,0.0,0.0,0.0,INT,,,610.0,,0.0,0.0,0.0,0
773715,0.0,0.0,0.0,0.0,0.0,0.0,udp,0.0,,cs0,,249.0,,7.0,,Start,1,1,0,74,74,0,74.0,0.0,0.0,0.0,0.0,0,0,0,0.0,,,0.0,0.0,0.0,INT,,,610.0,,0.0,0.0,0.0,0
773789,0.0,0.0,0.0,0.0,0.0,0.0,udp,0.0,,cs0,,249.0,,7.0,,Start,1,1,0,74,74,0,74.0,0.0,0.0,0.0,0.0,0,0,0,0.0,,,0.0,0.0,0.0,INT,,,610.0,,0.0,0.0,0.0,0
773810,0.182939,0.182939,0.182939,0.182939,0.182939,0.182939,udp,0.0,0.0,cs0,cs0,64.0,53.0,0.0,11.0,Start,16,10,6,11829,7999,3830,799.900024,638.333313,454446.5938,314859.0625,139587.5156,0,0,0,0.0,,,81.994545,49.196728,27.331516,CON,,,,,0.0,0.0,0.0,0
773818,0.152806,0.152806,0.152806,0.152806,0.152806,0.152806,udp,0.0,0.0,cs0,cs0,64.0,53.0,0.0,11.0,Start,17,10,7,11995,8077,3918,807.700012,559.714294,556470.3125,380613.3438,175856.9688,0,0,0,0.0,,,104.707932,58.898212,39.265472,CON,,,,,0.0,0.0,0.0,0
773839,0.0,0.0,0.0,0.0,0.0,0.0,udp,0.0,,cs0,,249.0,,7.0,,Start,1,1,0,74,74,0,74.0,0.0,0.0,0.0,0.0,0,0,0,0.0,,,0.0,0.0,0.0,INT,,,610.0,,0.0,0.0,0.0,0
773841,0.0,0.0,0.0,0.0,0.0,0.0,udp,0.0,,cs0,,249.0,,7.0,,Start,1,1,0,74,74,0,74.0,0.0,0.0,0.0,0.0,0,0,0,0.0,,,0.0,0.0,0.0,INT,,,610.0,,0.0,0.0,0.0,0
773942,0.0,0.0,0.0,0.0,0.0,0.0,udp,0.0,,cs0,,249.0,,7.0,,Start,1,1,0,74,74,0,74.0,0.0,0.0,0.0,0.0,0,0,0,0.0,,,0.0,0.0,0.0,INT,,,610.0,,0.0,0.0,0.0,0
773943,0.0,0.0,0.0,0.0,0.0,0.0,udp,0.0,,cs0,,249.0,,7.0,,Start,1,1,0,74,74,0,74.0,0.0,0.0,0.0,0.0,0,0,0,0.0,,,0.0,0.0,0.0,INT,,,610.0,,0.0,0.0,0.0,0
773957,0.0,0.0,0.0,0.0,0.0,0.0,udp,0.0,,cs0,,249.0,,7.0,,Start,1,1,0,74,74,0,74.0,0.0,0.0,0.0,0.0,0,0,0,0.0,,,0.0,0.0,0.0,INT,,,610.0,,0.0,0.0,0.0,0
773963,0.0,0.0,0.0,0.0,0.0,0.0,udp,0.0,,cs0,,249.0,,7.0,,Start,1,1,0,74,74,0,74.0,0.0,0.0,0.0,0.0,0,0,0,0.0,,,0.0,0.0,0.0,INT,,,610.0,,0.0,0.0,0.0,0
774007,0.063912,0.063912,0.063912,0.063912,0.063912,0.063912,udp,0.0,0.0,cs0,cs0,64.0,117.0,0.0,11.0,Status,7,4,3,960,760,200,190.0,66.666664,88121.17188,71348.10938,16773.06445,0,0,0,0.0,,,93.879089,46.939545,31.29303,CON,,,,,0.0,0.0,0.0,0
774015,0.0,0.0,0.0,0.0,0.0,0.0,udp,0.0,,cs0,,249.0,,7.0,,Start,1,1,0,74,74,0,74.0,0.0,0.0,0.0,0.0,0,0,0,0.0,,,0.0,0.0,0.0,INT,,,610.0,,0.0,0.0,0.0,0
774019,0.0,0.0,0.0,0.0,0.0,0.0,udp,0.0,,cs0,,249.0,,7.0,,Start,1,1,0,74,74,0,74.0,0.0,0.0,0.0,0.0,0,0,0,0.0,,,0.0,0.0,0.0,INT,,,610.0,,0.0,0.0,0.0,0
774079,0.0,0.0,0.0,0.0,0.0,0.0,udp,0.0,,cs0,,249.0,,7.0,,Start,1,1,0,74,74,0,74.0,0.0,0.0,0.0,0.0,0,0,0,0.0,,,0.0,0.0,0.0,INT,,,610.0,,0.0,0.0,0.0,0
774141,0.0,0.0,0.0,0.0,0.0,0.0,udp,0.0,,cs0,,249.0,,7.0,,Start,1,1,0,74,74,0,74.0,0.0,0.0,0.0,0.0,0,0,0,0.0,,,0.0,0.0,0.0,INT,,,610.0,,0.0,0.0,0.0,0
774160,0.0,0.0,0.0,0.0,0.0,0.0,udp,0.0,,cs0,,249.0,,7.0,,Start,1,1,0,74,74,0,74.0,0.0,0.0,0.0,0.0,0,0,0,0.0,,,0.0,0.0,0.0,INT,,,610.0,,0.0,0.0,0.0,0
774186,0.0,0.0,0.0,0.0,0.0,0.0,udp,0.0,,cs0,,249.0,,7.0,,Start,1,1,0,74,74,0,74.0,0.0,0.0,0.0,0.0,0,0,0,0.0,,,0.0,0.0,0.0,INT,,,610.0,,0.0,0.0,0.0,0
774221,0.0,0.0,0.0,0.0,0.0,0.0,udp,0.0,,cs0,,249.0,,7.0,,Start,1,1,0,74,74,0,74.0,0.0,0.0,0.0,0.0,0,0,0,0.0,,,0.0,0.0,0.0,INT,,,610.0,,0.0,0.0,0.0,0
774231,0.0,0.0,0.0,0.0,0.0,0.0,udp,0.0,,cs0,,249.0,,7.0,,Start,1,1,0,74,74,0,74.0,0.0,0.0,0.0,0.0,0,0,0,0.0,,,0.0,0.0,0.0,INT,,,610.0,,0.0,0.0,0.0,0
774233,0.0,0.0,0.0,0.0,0.0,0.0,udp,0.0,,cs0,,249.0,,7.0,,Start,1,1,0,74,74,0,74.0,0.0,0.0,0.0,0.0,0,0,0,0.0,,,0.0,0.0,0.0,INT,,,610.0,,0.0,0.0,0.0,0
774328,0.0,0.0,0.0,0.0,0.0,0.0,udp,0.0,,cs0,,249.0,,7.0,,Start,1,1,0,74,74,0,74.0,0.0,0.0,0.0,0.0,0,0,0,0.0,,,0.0,0.0,0.0,INT,,,610.0,,0.0,0.0,0.0,0
774353,3.079859,3.079859,3.079859,3.079859,3.079859,3.079859,tcp,0.0,0.0,cs0,cs0,64.0,117.0,0.0,11.0,Status,128,46,82,115619,6813,108806,148.108688,1326.902466,296494.125,17312.48047,279181.625,0,0,0,0.0,0.0,0.0,41.235653,14.611058,26.299906,CON,2096128.0,231680.0,,,0.033077,0.021186,0.011891,0
774357,0.0,0.0,0.0,0.0,0.0,0.0,udp,0.0,,cs0,,249.0,,7.0,,Start,1,1,0,74,74,0,74.0,0.0,0.0,0.0,0.0,0,0,0,0.0,,,0.0,0.0,0.0,INT,,,610.0,,0.0,0.0,0.0,0
774420,0.0,0.0,0.0,0.0,0.0,0.0,udp,0.0,,cs0,,249.0,,7.0,,Start,1,1,0,74,74,0,74.0,0.0,0.0,0.0,0.0,0,0,0,0.0,,,0.0,0.0,0.0,INT,,,610.0,,0.0,0.0,0.0,0
774431,0.0,0.0,0.0,0.0,0.0,0.0,udp,0.0,,cs0,,249.0,,7.0,,Start,1,1,0,74,74,0,74.0,0.0,0.0,0.0,0.0,0,0,0,0.0,,,0.0,0.0,0.0,INT,,,610.0,,0.0,0.0,0.0,0
774463,0.0,0.0,0.0,0.0,0.0,0.0,udp,0.0,,cs0,,249.0,,7.0,,Start,1,1,0,74,74,0,74.0,0.0,0.0,0.0,0.0,0,0,0,0.0,,,0.0,0.0,0.0,INT,,,610.0,,0.0,0.0,0.0,0
774504,0.072699,0.072699,0.072699,0.072699,0.072699,0.072699,udp,0.0,0.0,cs0,cs0,64.0,117.0,0.0,11.0,Status,5,3,2,666,528,138,176.0,69.0,46328.01172,38735.05859,7592.95166,0,0,0,0.0,,,55.021389,27.510695,13.755347,CON,,,,,0.0,0.0,0.0,0
774537,0.0,0.0,0.0,0.0,0.0,0.0,udp,0.0,,cs0,,249.0,,7.0,,Start,1,1,0,74,74,0,74.0,0.0,0.0,0.0,0.0,0,0,0,0.0,,,0.0,0.0,0.0,INT,,,610.0,,0.0,0.0,0.0,0
774582,0.0,0.0,0.0,0.0,0.0,0.0,udp,0.0,,cs0,,249.0,,7.0,,Start,1,1,0,74,74,0,74.0,0.0,0.0,0.0,0.0,0,0,0,0.0,,,0.0,0.0,0.0,INT,,,610.0,,0.0,0.0,0.0,0
774593,0.0,0.0,0.0,0.0,0.0,0.0,udp,0.0,,cs0,,249.0,,7.0,,Start,1,1,0,74,74,0,74.0,0.0,0.0,0.0,0.0,0,0,0,0.0,,,0.0,0.0,0.0,INT,,,610.0,,0.0,0.0,0.0,0
774621,0.0,0.0,0.0,0.0,0.0,0.0,udp,0.0,,cs0,,249.0,,7.0,,Start,1,1,0,74,74,0,74.0,0.0,0.0,0.0,0.0,0,0,0,0.0,,,0.0,0.0,0.0,INT,,,610.0,,0.0,0.0,0.0,0
774636,0.0,0.0,0.0,0.0,0.0,0.0,udp,0.0,,cs0,,249.0,,7.0,,Start,1,1,0,74,74,0,74.0,0.0,0.0,0.0,0.0,0,0,0,0.0,,,0.0,0.0,0.0,INT,,,610.0,,0.0,0.0,0.0,0
774689,0.0,0.0,0.0,0.0,0.0,0.0,udp,0.0,,cs0,,249.0,,7.0,,Start,1,1,0,74,74,0,74.0,0.0,0.0,0.0,0.0,0,0,0,0.0,,,0.0,0.0,0.0,INT,,,610.0,,0.0,0.0,0.0,0
774783,4.980233,4.980233,4.980233,4.980233,4.980233,4.980233,tcp,0.0,0.0,cs0,cs0,64.0,117.0,0.0,11.0,Status,237,68,169,252917,6295,246622,92.573532,1459.301758,403781.9063,9964.192383,393817.7188,0,0,0,0.0,0.0,0.0,47.387341,13.453185,33.73336,CON,1038336.0,268544.0,,,0.038936,0.022074,0.016862,0
774801,0.0,0.0,0.0,0.0,0.0,0.0,udp,0.0,,cs0,,249.0,,7.0,,Start,1,1,0,74,74,0,74.0,0.0,0.0,0.0,0.0,0,0,0,0.0,,,0.0,0.0,0.0,INT,,,610.0,,0.0,0.0,0.0,0
774810,0.0,0.0,0.0,0.0,0.0,0.0,udp,0.0,,cs0,,249.0,,7.0,,Start,1,1,0,74,74,0,74.0,0.0,0.0,0.0,0.0,0,0,0,0.0,,,0.0,0.0,0.0,INT,,,610.0,,0.0,0.0,0.0,0
774823,0.0,0.0,0.0,0.0,0.0,0.0,udp,0.0,,cs0,,249.0,,7.0,,Start,1,1,0,74,74,0,74.0,0.0,0.0,0.0,0.0,0,0,0,0.0,,,0.0,0.0,0.0,INT,,,610.0,,0.0,0.0,0.0,0
774834,0.0,0.0,0.0,0.0,0.0,0.0,udp,0.0,,cs0,,249.0,,7.0,,Start,1,1,0,74,74,0,74.0,0.0,0.0,0.0,0.0,0,0,0,0.0,,,0.0,0.0,0.0,INT,,,610.0,,0.0,0.0,0.0,0
774854,0.0,0.0,0.0,0.0,0.0,0.0,udp,0.0,,cs0,,249.0,,7.0,,Start,1,1,0,74,74,0,74.0,0.0,0.0,0.0,0.0,0,0,0,0.0,,,0.0,0.0,0.0,INT,,,610.0,,0.0,0.0,0.0,0
774860,0.0,0.0,0.0,0.0,0.0,0.0,udp,0.0,,cs0,,249.0,,7.0,,Start,1,1,0,74,74,0,74.0,0.0,0.0,0.0,0.0,0,0,0,0.0,,,0.0,0.0,0.0,INT,,,610.0,,0.0,0.0,0.0,0
774913,0.0,0.0,0.0,0.0,0.0,0.0,udp,0.0,,cs0,,249.0,,7.0,,Start,1,1,0,74,74,0,74.0,0.0,0.0,0.0,0.0,0,0,0,0.0,,,0.0,0.0,0.0,INT,,,610.0,,0.0,0.0,0.0,0
774970,0.0,0.0,0.0,0.0,0.0,0.0,udp,0.0,,cs0,,249.0,,7.0,,Start,1,1,0,74,74,0,74.0,0.0,0.0,0.0,0.0,0,0,0,0.0,,,0.0,0.0,0.0,INT,,,610.0,,0.0,0.0,0.0,0
775034,0.0,0.0,0.0,0.0,0.0,0.0,udp,0.0,,cs0,,249.0,,7.0,,Start,1,1,0,74,74,0,74.0,0.0,0.0,0.0,0.0,0,0,0,0.0,,,0.0,0.0,0.0,INT,,,610.0,,0.0,0.0,0.0,0
775102,0.0,0.0,0.0,0.0,0.0,0.0,udp,0.0,,cs0,,249.0,,7.0,,Start,1,1,0,74,74,0,74.0,0.0,0.0,0.0,0.0,0,0,0,0.0,,,0.0,0.0,0.0,INT,,,610.0,,0.0,0.0,0.0,0
775134,0.0,0.0,0.0,0.0,0.0,0.0,udp,0.0,,cs0,,249.0,,7.0,,Start,1,1,0,74,74,0,74.0,0.0,0.0,0.0,0.0,0,0,0,0.0,,,0.0,0.0,0.0,INT,,,610.0,,0.0,0.0,0.0,0
775150,0.0,0.0,0.0,0.0,0.0,0.0,udp,0.0,,cs0,,249.0,,7.0,,Start,1,1,0,74,74,0,74.0,0.0,0.0,0.0,0.0,0,0,0,0.0,,,0.0,0.0,0.0,INT,,,610.0,,0.0,0.0,0.0,0
775223,0.0,0.0,0.0,0.0,0.0,0.0,udp,0.0,,cs0,,249.0,,7.0,,Start,1,1,0,74,74,0,74.0,0.0,0.0,0.0,0.0,0,0,0,0.0,,,0.0,0.0,0.0,INT,,,610.0,,0.0,0.0,0.0,0
775286,0.0,0.0,0.0,0.0,0.0,0.0,udp,0.0,,cs0,,249.0,,7.0,,Start,1,1,0,74,74,0,74.0,0.0,0.0,0.0,0.0,0,0,0,0.0,,,0.0,0.0,0.0,INT,,,610.0,,0.0,0.0,0.0,0
775357,0.0,0.0,0.0,0.0,0.0,0.0,udp,0.0,,cs0,,249.0,,7.0,,Start,1,1,0,74,74,0,74.0,0.0,0.0,0.0,0.0,0,0,0,0.0,,,0.0,0.0,0.0,INT,,,610.0,,0.0,0.0,0.0,0
775384,0.0,0.0,0.0,0.0,0.0,0.0,icmp,0.0,,cs0,,58.0,,6.0,,Start,1,1,0,98,98,0,98.0,0.0,0.0,0.0,0.0,0,0,0,0.0,,,0.0,0.0,0.0,ECO,,,,,0.0,0.0,0.0,0
775399,0.0,0.0,0.0,0.0,0.0,0.0,udp,0.0,,cs0,,249.0,,7.0,,Start,1,1,0,74,74,0,74.0,0.0,0.0,0.0,0.0,0,0,0,0.0,,,0.0,0.0,0.0,INT,,,610.0,,0.0,0.0,0.0,0
775425,0.0,0.0,0.0,0.0,0.0,0.0,udp,0.0,,cs0,,249.0,,7.0,,Start,1,1,0,74,74,0,74.0,0.0,0.0,0.0,0.0,0,0,0,0.0,,,0.0,0.0,0.0,INT,,,610.0,,0.0,0.0,0.0,0
775428,0.0,0.0,0.0,0.0,0.0,0.0,udp,0.0,,cs0,,249.0,,7.0,,Start,1,1,0,74,74,0,74.0,0.0,0.0,0.0,0.0,0,0,0,0.0,,,0.0,0.0,0.0,INT,,,610.0,,0.0,0.0,0.0,0
775429,0.0,0.0,0.0,0.0,0.0,0.0,udp,0.0,,cs0,,249.0,,7.0,,Start,1,1,0,74,74,0,74.0,0.0,0.0,0.0,0.0,0,0,0,0.0,,,0.0,0.0,0.0,INT,,,610.0,,0.0,0.0,0.0,0
775437,0.0,0.0,0.0,0.0,0.0,0.0,udp,0.0,,cs0,,249.0,,7.0,,Start,1,1,0,74,74,0,74.0,0.0,0.0,0.0,0.0,0,0,0,0.0,,,0.0,0.0,0.0,INT,,,610.0,,0.0,0.0,0.0,0
775532,0.0,0.0,0.0,0.0,0.0,0.0,sctp,186.0,186.0,ef,ef,255.0,252.0,1.0,4.0,Status,2,1,1,200,98,102,98.0,102.0,0.0,0.0,0.0,0,0,0,0.0,,,0.0,0.0,0.0,CON,,,,610.0,0.0,0.0,0.0,0
775600,0.138964,0.138964,0.138964,0.138964,0.138964,0.138964,tcp,0.0,0.0,cs0,cs0,63.0,54.0,1.0,10.0,Status,2,1,1,120,66,54,66.0,54.0,0.0,0.0,0.0,0,0,0,0.0,0.0,0.0,7.196108,0.0,0.0,RST,64256.0,8290304.0,,,0.173122,0.13914,0.033982,0
775709,0.0,0.0,0.0,0.0,0.0,0.0,udp,0.0,,cs0,,249.0,,7.0,,Start,1,1,0,74,74,0,74.0,0.0,0.0,0.0,0.0,0,0,0,0.0,,,0.0,0.0,0.0,INT,,,610.0,,0.0,0.0,0.0,0
775849,0.0,0.0,0.0,0.0,0.0,0.0,udp,0.0,,cs0,,249.0,,7.0,,Start,1,1,0,74,74,0,74.0,0.0,0.0,0.0,0.0,0,0,0,0.0,,,0.0,0.0,0.0,INT,,,610.0,,0.0,0.0,0.0,0
775877,0.0,0.0,0.0,0.0,0.0,0.0,udp,0.0,,cs0,,249.0,,7.0,,Start,1,1,0,74,74,0,74.0,0.0,0.0,0.0,0.0,0,0,0,0.0,,,0.0,0.0,0.0,INT,,,610.0,,0.0,0.0,0.0,0
775900,0.0,0.0,0.0,0.0,0.0,0.0,udp,0.0,,cs0,,249.0,,7.0,,Start,1,1,0,74,74,0,74.0,0.0,0.0,0.0,0.0,0,0,0,0.0,,,0.0,0.0,0.0,INT,,,610.0,,0.0,0.0,0.0,0
775981,0.0,0.0,0.0,0.0,0.0,0.0,udp,0.0,,cs0,,249.0,,7.0,,Start,1,1,0,74,74,0,74.0,0.0,0.0,0.0,0.0,0,0,0,0.0,,,0.0,0.0,0.0,INT,,,610.0,,0.0,0.0,0.0,0
775996,0.0,0.0,0.0,0.0,0.0,0.0,udp,0.0,,cs0,,249.0,,7.0,,Start,1,1,0,74,74,0,74.0,0.0,0.0,0.0,0.0,0,0,0,0.0,,,0.0,0.0,0.0,INT,,,610.0,,0.0,0.0,0.0,0
776006,0.0,0.0,0.0,0.0,0.0,0.0,udp,0.0,,cs0,,249.0,,7.0,,Start,1,1,0,74,74,0,74.0,0.0,0.0,0.0,0.0,0,0,0,0.0,,,0.0,0.0,0.0,INT,,,610.0,,0.0,0.0,0.0,0
776092,0.0,0.0,0.0,0.0,0.0,0.0,udp,0.0,,cs0,,249.0,,7.0,,Start,1,1,0,74,74,0,74.0,0.0,0.0,0.0,0.0,0,0,0,0.0,,,0.0,0.0,0.0,INT,,,610.0,,0.0,0.0,0.0,0
776219,4.986694,4.986694,4.986694,4.986694,4.986694,4.986694,udp,0.0,,cs0,,249.0,,7.0,,Shutdown,2,2,0,148,148,0,74.0,0.0,118.715927,118.715927,0.0,0,0,0,0.0,,,0.200534,0.200534,0.0,REQ,,,610.0,,0.0,0.0,0.0,0
776243,0.0,0.0,0.0,0.0,0.0,0.0,udp,0.0,,cs0,,249.0,,7.0,,Shutdown,1,1,0,74,74,0,74.0,0.0,0.0,0.0,0.0,0,0,0,0.0,,,0.0,0.0,0.0,REQ,,,610.0,,0.0,0.0,0.0,0
776311,4.998005,4.998005,4.998005,4.998005,4.998005,4.998005,udp,0.0,0.0,cs0,cs0,117.0,64.0,11.0,0.0,Status,299,279,20,385523,380923,4600,1365.31543,230.0,614529.9375,607535.1875,6994.791016,0,0,0,0.0,,,59.623791,55.622192,3.801517,CON,,,,,0.0,0.0,0.0,0
776348,0.228919,0.228919,0.228919,0.228919,0.228919,0.228919,udp,0.0,0.0,cs0,cs0,64.0,52.0,0.0,12.0,Start,13,8,5,8456,5341,3115,667.625,623.0,250429.1875,163341.625,87087.57031,0,0,0,0.0,,,52.420288,30.578501,17.473429,CON,,,,,0.0,0.0,0.0,0
776352,0.0,0.0,0.0,0.0,0.0,0.0,icmp,0.0,,cs0,,58.0,,6.0,,Start,1,1,0,98,98,0,98.0,0.0,0.0,0.0,0.0,0,0,0,0.0,,,0.0,0.0,0.0,ECO,,,,,0.0,0.0,0.0,0
776376,0.167882,0.167882,0.167882,0.167882,0.167882,0.167882,udp,0.0,0.0,cs0,cs0,64.0,53.0,0.0,11.0,Start,14,8,6,8767,5267,3500,658.375,583.333313,358632.8438,219630.4531,139002.3906,0,0,0,0.0,,,77.435341,41.695953,29.782824,CON,,,,,0.0,0.0,0.0,0
776409,4.925066,4.925066,4.925066,4.925066,4.925066,4.925066,udp,0.0,0.0,cs0,cs0,117.0,64.0,11.0,0.0,Status,245,224,21,309751,305532,4219,1363.982178,200.904755,500603.25,494075.0,6528.237305,0,0,0,0.0,,,49.542484,45.27858,4.060859,CON,,,,,0.0,0.0,0.0,0
776473,0.0,0.0,0.0,0.0,0.0,0.0,icmp,0.0,,cs0,,58.0,,6.0,,Start,1,1,0,98,98,0,98.0,0.0,0.0,0.0,0.0,0,0,0,0.0,,,0.0,0.0,0.0,ECO,,,,,0.0,0.0,0.0,0
776514,0.0,0.0,0.0,0.0,0.0,0.0,icmp,0.0,,cs0,,58.0,,6.0,,Start,1,1,0,98,98,0,98.0,0.0,0.0,0.0,0.0,0,0,0,0.0,,,0.0,0.0,0.0,ECO,,,,,0.0,0.0,0.0,0
776663,0.060154,0.060154,0.060154,0.060154,0.060154,0.060154,udp,0.0,0.0,cs0,cs0,64.0,117.0,0.0,11.0,Status,6,3,3,728,528,200,176.0,66.666664,64634.10938,46813.17969,17820.92578,0,0,0,0.0,,,83.119995,33.247997,33.247997,CON,,,,,0.0,0.0,0.0,0
776665,0.0,0.0,0.0,0.0,0.0,0.0,icmp,0.0,,cs0,,58.0,,6.0,,Start,1,1,0,98,98,0,98.0,0.0,0.0,0.0,0.0,0,0,0,0.0,,,0.0,0.0,0.0,ECO,,,,,0.0,0.0,0.0,0
776722,4.976052,4.976052,4.976052,4.976052,4.976052,4.976052,udp,0.0,0.0,cs0,cs0,117.0,64.0,11.0,0.0,Status,129,113,16,152364,146908,5456,1300.070801,341.0,242317.4063,234094.0313,8223.386719,0,0,0,0.0,,,25.723206,22.507805,3.014438,CON,,,,,0.0,0.0,0.0,0
776723,0.0,0.0,0.0,0.0,0.0,0.0,icmp,0.0,,cs0,,58.0,,6.0,,Start,1,1,0,98,98,0,98.0,0.0,0.0,0.0,0.0,0,0,0,0.0,,,0.0,0.0,0.0,ECO,,,,,0.0,0.0,0.0,0
776728,0.060024,0.060024,0.060024,0.060024,0.060024,0.060024,udp,0.0,0.0,cs0,cs0,64.0,117.0,0.0,11.0,Status,6,3,3,728,528,200,176.0,66.666664,64774.08984,46914.56641,17859.52344,0,0,0,0.0,,,83.300011,33.320004,33.320004,CON,,,,,0.0,0.0,0.0,0
776835,4.861366,4.861366,4.861366,4.861366,4.861366,4.861366,udp,0.0,0.0,cs0,cs0,117.0,64.0,11.0,0.0,Status,121,111,10,152594,149093,3501,1343.180176,350.100006,248326.9219,243141.5469,5185.374023,0,0,0,0.0,,,24.684422,22.627386,1.851332,CON,,,,,0.0,0.0,0.0,0
776868,0.179929,0.179929,0.179929,0.179929,0.179929,0.179929,udp,0.0,0.0,cs0,cs0,64.0,53.0,0.0,11.0,Start,17,10,7,11860,8079,3781,807.900024,540.142883,467428.8125,323327.5313,144101.2813,0,0,0,0.0,,,88.923965,50.01973,33.346485,CON,,,,,0.0,0.0,0.0,0
777035,0.061115,0.061115,0.061115,0.061115,0.061115,0.061115,udp,0.0,0.0,cs0,cs0,64.0,117.0,0.0,11.0,Status,6,3,3,734,531,203,177.0,67.666664,64141.37109,46338.86719,17802.50391,0,0,0,0.0,,,81.812973,32.725189,32.725189,CON,,,,,0.0,0.0,0.0,0
777082,4.999547,4.999547,4.999547,4.999547,4.999547,4.999547,udp,0.0,0.0,cs0,cs0,117.0,64.0,11.0,0.0,Status,105,95,10,129168,125263,3905,1318.557861,390.5,203954.4844,198329.9688,5624.509766,0,0,0,0.0,,,20.801884,18.801702,1.800163,CON,,,,,0.0,0.0,0.0,0
777119,0.072904,0.072904,0.072904,0.072904,0.072904,0.072904,udp,0.0,0.0,cs0,cs0,64.0,52.0,0.0,12.0,Status,6,3,3,2346,2104,242,701.333313,80.666664,171732.6875,153955.8906,17776.80273,0,0,0,0.0,,,68.583344,27.433338,27.433338,CON,,,,,0.0,0.0,0.0,0
777219,0.0,0.0,0.0,0.0,0.0,0.0,icmp,0.0,,cs0,,58.0,,6.0,,Start,1,1,0,98,98,0,98.0,0.0,0.0,0.0,0.0,0,0,0,0.0,,,0.0,0.0,0.0,ECO,,,,,0.0,0.0,0.0,0
777232,0.0,0.0,0.0,0.0,0.0,0.0,icmp,0.0,,cs0,,58.0,,6.0,,Start,1,1,0,98,98,0,98.0,0.0,0.0,0.0,0.0,0,0,0,0.0,,,0.0,0.0,0.0,ECO,,,,,0.0,0.0,0.0,0
777304,0.052971,0.052971,0.052971,0.052971,0.052971,0.052971,udp,0.0,0.0,cs0,cs0,64.0,117.0,0.0,11.0,Status,6,3,3,730,530,200,176.666672,66.666664,73700.70313,53463.21484,20237.48828,0,0,0,0.0,,,94.391266,37.756508,37.756508,CON,,,,,0.0,0.0,0.0,0
777306,0.052941,0.052941,0.052941,0.052941,0.052941,0.052941,udp,0.0,0.0,cs0,cs0,64.0,117.0,0.0,11.0,Status,6,3,3,728,528,200,176.0,66.666664,73440.25,53191.28906,20248.95703,0,0,0,0.0,,,94.444763,37.777905,37.777905,CON,,,,,0.0,0.0,0.0,0
777307,0.189072,0.189072,0.189072,0.189072,0.189072,0.189072,udp,0.0,0.0,cs0,cs0,64.0,52.0,0.0,12.0,Start,14,8,6,8716,5341,3375,667.625,562.5,316789.375,197765.9375,119023.4453,0,0,0,0.0,,,68.756874,37.022934,26.444952,CON,,,,,0.0,0.0,0.0,0
777344,4.987858,4.987858,4.987858,4.987858,4.987858,4.987858,udp,0.0,0.0,cs0,cs0,117.0,64.0,11.0,0.0,Status,112,100,12,133474,129435,4039,1294.349976,336.583344,211463.9219,205524.7031,5939.223145,0,0,0,0.0,,,22.254042,19.8482,2.205356,CON,,,,,0.0,0.0,0.0,0
777352,0.0,0.0,0.0,0.0,0.0,0.0,icmp,0.0,,cs0,,58.0,,6.0,,Start,1,1,0,98,98,0,98.0,0.0,0.0,0.0,0.0,0,0,0,0.0,,,0.0,0.0,0.0,ECO,,,,,0.0,0.0,0.0,0
777416,0.0,0.0,0.0,0.0,0.0,0.0,icmp,0.0,,cs0,,58.0,,6.0,,Start,1,1,0,98,98,0,98.0,0.0,0.0,0.0,0.0,0,0,0,0.0,,,0.0,0.0,0.0,ECO,,,,,0.0,0.0,0.0,0
777423,0.0,0.0,0.0,0.0,0.0,0.0,icmp,0.0,,cs0,,58.0,,6.0,,Start,1,1,0,98,98,0,98.0,0.0,0.0,0.0,0.0,0,0,0,0.0,,,0.0,0.0,0.0,ECO,,,,,0.0,0.0,0.0,0
777443,0.0,0.0,0.0,0.0,0.0,0.0,icmp,0.0,,cs0,,58.0,,6.0,,Start,1,1,0,98,98,0,98.0,0.0,0.0,0.0,0.0,0,0,0,0.0,,,0.0,0.0,0.0,ECO,,,,,0.0,0.0,0.0,0
777463,4.181717,4.181717,4.181717,4.181717,4.181717,4.181717,sctp,186.0,40.0,ef,af11,255.0,250.0,1.0,6.0,Status,6,3,3,596,306,290,102.0,96.666664,761.409729,390.270325,371.139435,0,0,0,0.0,,,1.195681,0.478272,0.478272,CON,,,,610.0,0.0,0.0,0.0,0
777499,4.998766,4.998766,4.998766,4.998766,4.998766,4.998766,udp,0.0,0.0,cs0,cs0,117.0,64.0,11.0,0.0,Status,146,132,14,181376,176976,4400,1340.727295,314.285706,287626.1875,281086.9688,6539.213867,0,0,0,0.0,,,29.00716,26.206469,2.600642,CON,,,,,0.0,0.0,0.0,0
777533,4.936168,4.936168,4.936168,4.936168,4.936168,4.936168,udp,0.0,0.0,cs0,cs0,117.0,64.0,11.0,0.0,Status,146,131,15,177973,173440,4533,1323.969482,302.200012,285805.5,278948.3438,6857.140625,0,0,0,0.0,,,29.375011,26.336218,2.836208,CON,,,,,0.0,0.0,0.0,0
777536,0.0,0.0,0.0,0.0,0.0,0.0,sctp,186.0,186.0,ef,ef,255.0,252.0,1.0,4.0,Status,2,1,1,200,98,102,98.0,102.0,0.0,0.0,0.0,0,0,0,0.0,,,0.0,0.0,0.0,CON,,,,610.0,0.0,0.0,0.0,0
777611,0.174012,0.174012,0.174012,0.174012,0.174012,0.174012,udp,0.0,0.0,cs0,cs0,64.0,52.0,0.0,12.0,Start,17,10,7,11903,8080,3823,808.0,546.142883,484978.0313,334321.75,150656.2656,0,0,0,0.0,,,91.947678,51.72057,34.480381,CON,,,,,0.0,0.0,0.0,0
777646,0.187055,0.187055,0.187055,0.187055,0.187055,0.187055,udp,0.0,0.0,cs0,cs0,64.0,52.0,0.0,12.0,Start,14,8,6,8751,5267,3484,658.375,580.666687,321317.25,197118.4844,124198.7578,0,0,0,0.0,,,69.498276,37.422146,26.730104,CON,,,,,0.0,0.0,0.0,0
777676,0.0,0.0,0.0,0.0,0.0,0.0,icmp,0.0,,cs0,,58.0,,6.0,,Start,1,1,0,98,98,0,98.0,0.0,0.0,0.0,0.0,0,0,0,0.0,,,0.0,0.0,0.0,ECO,,,,,0.0,0.0,0.0,0
777785,4.989364,4.989364,4.989364,4.989364,4.989364,4.989364,udp,0.0,0.0,cs0,cs0,117.0,64.0,11.0,0.0,Status,161,151,10,201966,198718,3248,1316.013306,324.799988,321204.875,316516.5,4688.373047,0,0,0,0.0,,,32.068214,30.063951,1.803837,CON,,,,,0.0,0.0,0.0,0
777794,0.0,0.0,0.0,0.0,0.0,0.0,icmp,0.0,,cs0,,58.0,,6.0,,Start,1,1,0,98,98,0,98.0,0.0,0.0,0.0,0.0,0,0,0,0.0,,,0.0,0.0,0.0,ECO,,,,,0.0,0.0,0.0,0
777826,4.923544,4.923544,4.923544,4.923544,4.923544,4.923544,udp,0.0,0.0,cs0,cs0,117.0,64.0,11.0,0.0,Status,106,96,10,129131,124391,4740,1295.739624,474.0,206943.625,200012.0313,6931.592285,0,0,0,0.0,,,21.326101,19.295044,1.827952,CON,,,,,0.0,0.0,0.0,0
777918,4.944071,4.944071,4.944071,4.944071,4.944071,4.944071,udp,0.0,0.0,cs0,cs0,117.0,64.0,11.0,0.0,Status,111,96,15,132407,124631,7776,1298.239624,518.400024,211309.2813,199565.1094,11744.16797,0,0,0,0.0,,,22.248873,19.214935,2.831675,CON,,,,,0.0,0.0,0.0,0
777996,0.0,0.0,0.0,0.0,0.0,0.0,icmp,0.0,,cs0,,58.0,,6.0,,Start,1,1,0,98,98,0,98.0,0.0,0.0,0.0,0.0,0,0,0,0.0,,,0.0,0.0,0.0,ECO,,,,,0.0,0.0,0.0,0
778008,0.0,0.0,0.0,0.0,0.0,0.0,sctp,186.0,186.0,ef,ef,255.0,252.0,1.0,4.0,Status,2,1,1,200,98,102,98.0,102.0,0.0,0.0,0.0,0,0,0,0.0,,,0.0,0.0,0.0,CON,,,,610.0,0.0,0.0,0.0,0
778051,0.124385,0.124385,0.124385,0.124385,0.124385,0.124385,udp,0.0,0.0,cs0,cs0,64.0,53.0,0.0,11.0,Start,20,11,9,8166,3848,4318,349.818176,479.777771,471954.0313,225043.2188,246910.7969,0,0,0,0.0,,,152.751541,80.395546,64.316437,CON,,,,,0.0,0.0,0.0,0
778055,0.0,0.0,0.0,0.0,0.0,0.0,icmp,0.0,,cs0,,58.0,,6.0,,Start,1,1,0,98,98,0,98.0,0.0,0.0,0.0,0.0,0,0,0,0.0,,,0.0,0.0,0.0,ECO,,,,,0.0,0.0,0.0,0
778068,0.064271,0.064271,0.064271,0.064271,0.064271,0.064271,udp,0.0,0.0,cs0,cs0,64.0,117.0,0.0,11.0,Status,6,3,3,733,531,202,177.0,67.333336,60867.26172,44063.41797,16803.8457,0,0,0,0.0,,,77.795578,31.118233,31.118233,CON,,,,,0.0,0.0,0.0,0
778077,0.0,0.0,0.0,0.0,0.0,0.0,icmp,0.0,,cs0,,58.0,,6.0,,Start,1,1,0,98,98,0,98.0,0.0,0.0,0.0,0.0,0,0,0,0.0,,,0.0,0.0,0.0,ECO,,,,,0.0,0.0,0.0,0
778105,0.0,0.0,0.0,0.0,0.0,0.0,icmp,0.0,,cs0,,58.0,,6.0,,Start,1,1,0,98,98,0,98.0,0.0,0.0,0.0,0.0,0,0,0,0.0,,,0.0,0.0,0.0,ECO,,,,,0.0,0.0,0.0,0
778114,0.063424,0.063424,0.063424,0.063424,0.063424,0.063424,udp,0.0,0.0,cs0,cs0,64.0,117.0,0.0,11.0,Status,6,3,3,733,531,202,177.0,67.333336,61680.12109,44651.86719,17028.25391,0,0,0,0.0,,,78.834511,31.533806,31.533806,CON,,,,,0.0,0.0,0.0,0
778141,4.97653,4.97653,4.97653,4.97653,4.97653,4.97653,udp,0.0,0.0,cs0,cs0,117.0,64.0,11.0,0.0,Status,145,123,22,166376,160141,6235,1301.959351,283.409088,264910.6875,255342.5781,9568.112305,0,0,0,0.0,,,28.935823,24.515074,4.219808,CON,,,,,0.0,0.0,0.0,0
778170,0.0,0.0,0.0,0.0,0.0,0.0,icmp,0.0,,cs0,,58.0,,6.0,,Start,1,1,0,98,98,0,98.0,0.0,0.0,0.0,0.0,0,0,0,0.0,,,0.0,0.0,0.0,ECO,,,,,0.0,0.0,0.0,0
778243,0.0,0.0,0.0,0.0,0.0,0.0,icmp,0.0,,cs0,,58.0,,6.0,,Start,1,1,0,98,98,0,98.0,0.0,0.0,0.0,0.0,0,0,0,0.0,,,0.0,0.0,0.0,ECO,,,,,0.0,0.0,0.0,0
778303,4.98227,4.98227,4.98227,4.98227,4.98227,4.98227,udp,0.0,0.0,cs0,cs0,117.0,64.0,11.0,0.0,Status,161,150,11,202470,201284,1186,1341.893311,107.818184,322779.7813,321047.25,1732.543701,0,0,0,0.0,,,32.113876,29.906048,2.007117,CON,,,,,0.0,0.0,0.0,0
778333,0.072999,0.072999,0.072999,0.072999,0.072999,0.072999,udp,0.0,0.0,cs0,cs0,64.0,51.0,0.0,13.0,Start,7,4,3,4499,2642,1857,660.5,619.0,352881.5313,217208.4531,135673.0938,0,0,0,0.0,,,82.192909,41.096455,27.397635,CON,,,,,0.0,0.0,0.0,0
778390,0.055823,0.055823,0.055823,0.055823,0.055823,0.055823,udp,0.0,0.0,cs0,cs0,64.0,117.0,0.0,11.0,Status,4,2,2,440,301,139,150.5,69.5,31671.53516,21639.82617,10031.70801,0,0,0,0.0,,,53.741291,17.913763,17.913763,CON,,,,,0.0,0.0,0.0,0
778391,0.182091,0.182091,0.182091,0.182091,0.182091,0.182091,udp,0.0,0.0,cs0,cs0,64.0,53.0,0.0,11.0,Start,21,11,10,8831,5443,3388,494.818176,338.799988,351428.6875,217429.75,133998.9375,0,0,0,0.0,,,109.835197,54.917599,49.425838,CON,,,,,0.0,0.0,0.0,0
778401,0.0,0.0,0.0,0.0,0.0,0.0,icmp,0.0,,cs0,,58.0,,6.0,,Start,1,1,0,98,98,0,98.0,0.0,0.0,0.0,0.0,0,0,0,0.0,,,0.0,0.0,0.0,ECO,,,,,0.0,0.0,0.0,0
778426,0.0,0.0,0.0,0.0,0.0,0.0,icmp,0.0,,cs0,,58.0,,6.0,,Start,1,1,0,98,98,0,98.0,0.0,0.0,0.0,0.0,0,0,0,0.0,,,0.0,0.0,0.0,ECO,,,,,0.0,0.0,0.0,0
778427,0.062802,0.062802,0.062802,0.062802,0.062802,0.062802,udp,0.0,0.0,cs0,cs0,64.0,117.0,0.0,11.0,Status,5,3,2,668,530,138,176.666672,69.0,53883.63281,45094.10547,8789.52832,0,0,0,0.0,,,63.692238,31.846119,15.923059,CON,,,,,0.0,0.0,0.0,0
778446,4.812808,4.812808,4.812808,4.812808,4.812808,4.812808,udp,0.0,0.0,cs0,cs0,117.0,64.0,11.0,0.0,Status,144,129,15,177074,172661,4413,1338.457397,294.200012,291625.1875,284778.4375,6846.730469,0,0,0,0.0,,,29.712383,26.595701,2.908905,CON,,,,,0.0,0.0,0.0,0
778501,0.0,0.0,0.0,0.0,0.0,0.0,icmp,0.0,,cs0,,58.0,,6.0,,Start,1,1,0,98,98,0,98.0,0.0,0.0,0.0,0.0,0,0,0,0.0,,,0.0,0.0,0.0,ECO,,,,,0.0,0.0,0.0,0
778518,0.120891,0.120891,0.120891,0.120891,0.120891,0.120891,tcp,0.0,0.0,cs0,cs0,64.0,63.0,0.0,1.0,Start,16,9,7,5241,989,4252,109.888885,607.428589,299443.3125,58234.27734,241209.0313,0,0,0,0.0,0.0,0.0,124.07872,66.175316,49.631489,CON,99328.0,31104.0,,,0.015749,0.001236,0.014513,0
778537,0.0,0.0,0.0,0.0,0.0,0.0,icmp,0.0,,cs0,,58.0,,6.0,,Start,1,1,0,98,98,0,98.0,0.0,0.0,0.0,0.0,0,0,0,0.0,,,0.0,0.0,0.0,ECO,,,,,0.0,0.0,0.0,0
778581,0.0,0.0,0.0,0.0,0.0,0.0,icmp,0.0,,cs0,,58.0,,6.0,,Start,1,1,0,98,98,0,98.0,0.0,0.0,0.0,0.0,0,0,0,0.0,,,0.0,0.0,0.0,ECO,,,,,0.0,0.0,0.0,0
778594,0.0,0.0,0.0,0.0,0.0,0.0,icmp,0.0,,cs0,,58.0,,6.0,,Start,1,1,0,98,98,0,98.0,0.0,0.0,0.0,0.0,0,0,0,0.0,,,0.0,0.0,0.0,ECO,,,,,0.0,0.0,0.0,0
974903,2.714283,2.714283,2.714283,2.714283,2.714283,2.714283,tcp,0.0,0.0,cs0,cs0,64.0,63.0,0.0,1.0,Status,5,3,2,846,357,489,119.0,244.5,1423.580322,701.474365,722.106018,0,0,0,0.0,0.0,0.0,1.473686,0.736843,0.368421,CON,69120.0,32256.0,,,0.28797,0.248094,0.039876,0
1013520,0.072759,0.072759,0.072759,0.072759,0.072759,0.072759,udp,0.0,0.0,cs0,cs0,64.0,52.0,0.0,12.0,Start,7,4,3,4499,2642,1857,660.5,619.0,354045.5313,217924.9219,136120.6094,0,0,0,0.0,,,82.46402,41.23201,27.488007,CON,,,,,0.0,0.0,0.0,0
1059675,0.0,0.0,0.0,0.0,0.0,0.0,icmp,0.0,,cs0,,58.0,,6.0,,Start,1,1,0,98,98,0,98.0,0.0,0.0,0.0,0.0,0,0,0,0.0,,,0.0,0.0,0.0,ECO,,,,,0.0,0.0,0.0,0
1059713,4.962593,4.962593,4.962593,4.962593,4.962593,4.962593,udp,0.0,0.0,cs0,cs0,117.0,64.0,11.0,0.0,Status,111,93,18,120963,115371,5592,1240.54834,310.666656,192500.9844,183986.0781,8514.90332,0,0,0,0.0,,,22.165831,18.538694,3.425628,CON,,,,,0.0,0.0,0.0,0
1059714,0.086146,0.086146,0.086146,0.086146,0.086146,0.086146,tcp,0.0,0.0,cs0,cs0,64.0,63.0,0.0,1.0,Start,15,8,7,5254,935,4319,116.875,617.0,419845.4063,76056.92969,343788.4688,0,0,0,0.0,0.0,0.0,162.514801,81.257401,69.6492,CON,75776.0,31104.0,,,0.014998,0.001135,0.013863,0
1059715,0.0,0.0,0.0,0.0,0.0,0.0,udp,0.0,,cs0,,249.0,,7.0,,Start,1,1,0,74,74,0,74.0,0.0,0.0,0.0,0.0,0,0,0,0.0,,,0.0,0.0,0.0,INT,,,610.0,,0.0,0.0,0.0,0
1059788,0.180964,0.180964,0.180964,0.180964,0.180964,0.180964,udp,0.0,0.0,cs0,cs0,64.0,53.0,0.0,11.0,Start,17,10,7,11938,8077,3861,807.700012,551.571411,467717.3438,321389.9063,146327.4531,0,0,0,0.0,,,88.415382,49.73365,33.155766,CON,,,,,0.0,0.0,0.0,0
1059805,0.0,0.0,0.0,0.0,0.0,0.0,icmp,0.0,,cs0,,58.0,,6.0,,Start,1,1,0,98,98,0,98.0,0.0,0.0,0.0,0.0,0,0,0,0.0,,,0.0,0.0,0.0,ECO,,,,,0.0,0.0,0.0,0
1059810,0.0,0.0,0.0,0.0,0.0,0.0,icmp,0.0,,cs0,,58.0,,6.0,,Start,1,1,0,98,98,0,98.0,0.0,0.0,0.0,0.0,0,0,0,0.0,,,0.0,0.0,0.0,ECO,,,,,0.0,0.0,0.0,0
1059855,0.0,0.0,0.0,0.0,0.0,0.0,icmp,0.0,,cs0,,58.0,,6.0,,Start,1,1,0,98,98,0,98.0,0.0,0.0,0.0,0.0,0,0,0,0.0,,,0.0,0.0,0.0,ECO,,,,,0.0,0.0,0.0,0
1059870,0.06476,0.06476,0.06476,0.06476,0.06476,0.06476,udp,0.0,0.0,cs0,cs0,64.0,117.0,0.0,11.0,Status,5,3,2,668,530,138,176.666672,69.0,52254.47656,43730.69922,8523.780273,0,0,0,0.0,,,61.766521,30.883261,15.44163,CON,,,,,0.0,0.0,0.0,0
1059919,4.903511,4.903511,4.903511,4.903511,4.903511,4.903511,udp,0.0,0.0,cs0,cs0,117.0,64.0,11.0,0.0,Status,153,146,7,200330,197108,3222,1350.05481,460.285706,323882.2188,319376.0625,4506.158691,0,0,0,0.0,,,30.998198,29.570648,1.223613,CON,,,,,0.0,0.0,0.0,0
1059930,0.059961,0.059961,0.059961,0.059961,0.059961,0.059961,udp,0.0,0.0,cs0,cs0,64.0,53.0,0.0,11.0,Start,9,5,4,5585,3667,1918,733.400024,479.5,583445.9375,391454.4688,191991.4688,0,0,0,0.0,,,133.420059,66.71003,50.032524,CON,,,,,0.0,0.0,0.0,0
1059966,0.057685,0.057685,0.057685,0.057685,0.057685,0.057685,udp,0.0,0.0,cs0,cs0,64.0,117.0,0.0,11.0,Status,6,3,3,746,548,198,182.666672,66.0,69064.75,50758.42969,18306.31836,0,0,0,0.0,,,86.67765,34.671059,34.671059,CON,,,,,0.0,0.0,0.0,0
1059987,0.0,0.0,0.0,0.0,0.0,0.0,icmp,0.0,,cs0,,58.0,,6.0,,Start,1,1,0,98,98,0,98.0,0.0,0.0,0.0,0.0,0,0,0,0.0,,,0.0,0.0,0.0,ECO,,,,,0.0,0.0,0.0,0
1059992,4.816188,4.816188,4.816188,4.816188,4.816188,4.816188,udp,0.0,0.0,cs0,cs0,117.0,64.0,11.0,0.0,Status,155,137,18,187848,182532,5316,1332.350342,295.333344,309325.1563,300984.9375,8340.206055,0,0,0,0.0,,,31.975496,28.238102,3.529763,CON,,,,,0.0,0.0,0.0,0
1060011,0.137861,0.137861,0.137861,0.137861,0.137861,0.137861,udp,0.0,0.0,cs0,cs0,64.0,52.0,0.0,12.0,Start,18,10,8,12027,8000,4027,800.0,503.375,622308.0,417812.1563,204495.8281,0,0,0,0.0,,,123.312614,65.28315,50.775784,CON,,,,,0.0,0.0,0.0,0
1060021,0.0,0.0,0.0,0.0,0.0,0.0,icmp,0.0,,cs0,,58.0,,6.0,,Start,1,1,0,98,98,0,98.0,0.0,0.0,0.0,0.0,0,0,0,0.0,,,0.0,0.0,0.0,ECO,,,,,0.0,0.0,0.0,0
1060094,0.057908,0.057908,0.057908,0.057908,0.057908,0.057908,udp,0.0,0.0,cs0,cs0,64.0,117.0,0.0,11.0,Status,6,3,3,751,549,202,183.0,67.333336,69213.23438,50562.96484,18650.27344,0,0,0,0.0,,,86.343857,34.537544,34.537544,CON,,,,,0.0,0.0,0.0,0
1060125,0.187916,0.187916,0.187916,0.187916,0.187916,0.187916,udp,0.0,0.0,cs0,cs0,64.0,52.0,0.0,12.0,Start,14,8,6,8570,5341,3229,667.625,538.166687,313544.3438,198982.5313,114561.8281,0,0,0,0.0,,,69.179848,37.250687,26.607634,CON,,,,,0.0,0.0,0.0,0
1060198,4.999659,4.999659,4.999659,4.999659,4.999659,4.999659,udp,0.0,0.0,cs0,cs0,117.0,64.0,11.0,0.0,Status,121,108,13,148543,144419,4124,1337.213013,317.230774,235038.4219,228946.8125,6091.615234,0,0,0,0.0,,,24.001637,21.401459,2.400164,CON,,,,,0.0,0.0,0.0,0
1060216,4.998559,4.998559,4.998559,4.998559,4.998559,4.998559,udp,0.0,0.0,cs0,cs0,117.0,64.0,11.0,0.0,Status,123,100,23,137560,132582,4978,1325.819946,216.434784,217693.1406,210071.75,7621.396484,0,0,0,0.0,,,24.407034,19.805708,4.401268,CON,,,,,0.0,0.0,0.0,0
1060225,0.0,0.0,0.0,0.0,0.0,0.0,icmp,0.0,,cs0,,58.0,,6.0,,Start,1,1,0,98,98,0,98.0,0.0,0.0,0.0,0.0,0,0,0,0.0,,,0.0,0.0,0.0,ECO,,,,,0.0,0.0,0.0,0
1060285,4.998724,4.998724,4.998724,4.998724,4.998724,4.998724,udp,0.0,0.0,cs0,cs0,117.0,64.0,11.0,0.0,Status,170,154,16,212323,207985,4338,1350.552002,271.125,337209.25,330700.4063,6508.86084,0,0,0,0.0,,,33.808628,30.607811,3.000766,CON,,,,,0.0,0.0,0.0,0
1060397,0.0,0.0,0.0,0.0,0.0,0.0,icmp,0.0,,cs0,,58.0,,6.0,,Start,1,1,0,98,98,0,98.0,0.0,0.0,0.0,0.0,0,0,0,0.0,,,0.0,0.0,0.0,ECO,,,,,0.0,0.0,0.0,0
1060458,0.0,0.0,0.0,0.0,0.0,0.0,icmp,0.0,,cs0,,58.0,,6.0,,Start,1,1,0,98,98,0,98.0,0.0,0.0,0.0,0.0,0,0,0,0.0,,,0.0,0.0,0.0,ECO,,,,,0.0,0.0,0.0,0
1060482,4.969397,4.969397,4.969397,4.969397,4.969397,4.969397,udp,0.0,0.0,cs0,cs0,117.0,64.0,11.0,0.0,Status,134,123,11,168952,164823,4129,1340.024414,375.363647,269227.0,263183.625,6043.38916,0,0,0,0.0,,,26.763811,24.550262,2.012316,CON,,,,,0.0,0.0,0.0,0
1060588,0.0,0.0,0.0,0.0,0.0,0.0,icmp,0.0,,cs0,,58.0,,6.0,,Start,1,1,0,98,98,0,98.0,0.0,0.0,0.0,0.0,0,0,0,0.0,,,0.0,0.0,0.0,ECO,,,,,0.0,0.0,0.0,0
1060799,0.0,0.0,0.0,0.0,0.0,0.0,udp,0.0,,cs0,,249.0,,7.0,,Start,1,1,0,74,74,0,74.0,0.0,0.0,0.0,0.0,0,0,0,0.0,,,0.0,0.0,0.0,INT,,,610.0,,0.0,0.0,0.0,0
1060870,4.97856,4.97856,4.97856,4.97856,4.97856,4.97856,udp,0.0,0.0,cs0,cs0,117.0,64.0,11.0,0.0,Status,119,106,13,140568,136589,3979,1288.575439,306.076935,223315.9844,217413.875,5902.108398,0,0,0,0.0,,,23.701633,21.090435,2.410336,CON,,,,,0.0,0.0,0.0,0
1060882,0.0,0.0,0.0,0.0,0.0,0.0,icmp,0.0,,cs0,,58.0,,6.0,,Start,1,1,0,98,98,0,98.0,0.0,0.0,0.0,0.0,0,0,0,0.0,,,0.0,0.0,0.0,ECO,,,,,0.0,0.0,0.0,0
1060889,4.917722,4.917722,4.917722,4.917722,4.917722,4.917722,udp,0.0,0.0,cs0,cs0,117.0,64.0,11.0,0.0,Status,103,97,6,130725,127569,3156,1315.144287,526.0,209664.5469,205386.1406,4278.40332,0,0,0,0.0,,,20.74131,19.521233,1.016731,CON,,,,,0.0,0.0,0.0,0
1060895,0.0,0.0,0.0,0.0,0.0,0.0,icmp,0.0,,cs0,,58.0,,6.0,,Start,1,1,0,98,98,0,98.0,0.0,0.0,0.0,0.0,0,0,0,0.0,,,0.0,0.0,0.0,ECO,,,,,0.0,0.0,0.0,0
1060923,4.949822,4.949822,4.949822,4.949822,4.949822,4.949822,udp,0.0,0.0,cs0,cs0,117.0,64.0,11.0,0.0,Status,114,96,18,130267,123757,6510,1289.135376,361.666656,207873.3281,197935.2031,9938.134766,0,0,0,0.0,,,22.829103,19.19261,3.434467,CON,,,,,0.0,0.0,0.0,0
1060951,0.081127,0.081127,0.081127,0.081127,0.081127,0.081127,tcp,0.0,0.0,cs0,cs0,64.0,63.0,0.0,1.0,Start,15,8,7,5254,935,4319,116.875,617.0,445819.5,80762.25781,365057.25,0,0,0,0.0,0.0,0.0,172.568924,86.284462,73.958115,CON,75776.0,31104.0,,,0.016019,0.00117,0.014849,0
1060994,4.923026,4.923026,4.923026,4.923026,4.923026,4.923026,udp,0.0,0.0,cs0,cs0,117.0,64.0,11.0,0.0,Status,119,100,19,135491,130119,5372,1301.189941,282.736847,217602.75,209331.4063,8271.334961,0,0,0,0.0,,,23.968998,20.109583,3.656288,CON,,,,,0.0,0.0,0.0,0
1061015,4.902496,4.902496,4.902496,4.902496,4.902496,4.902496,udp,0.0,0.0,cs0,cs0,117.0,64.0,11.0,0.0,Status,130,107,23,146832,139132,7700,1300.299072,334.782623,236937.2656,224917.2656,12020.0,0,0,0,0.0,,,26.313128,21.621639,4.48751,CON,,,,,0.0,0.0,0.0,0
1061035,4.849025,4.849025,4.849025,4.849025,4.849025,4.849025,udp,0.0,0.0,cs0,cs0,117.0,64.0,11.0,0.0,Status,138,117,21,158016,153765,4251,1314.230713,202.428574,258196.25,251516.1406,6680.105957,0,0,0,0.0,,,28.253103,23.922337,4.124541,CON,,,,,0.0,0.0,0.0,0
1061046,4.999245,4.999245,4.999245,4.999245,4.999245,4.999245,udp,0.0,0.0,cs0,cs0,117.0,64.0,11.0,0.0,Status,176,163,13,224659,220536,4123,1352.981567,317.153839,356837.875,350747.3438,6090.519531,0,0,0,0.0,,,35.005283,32.404892,2.400362,CON,,,,,0.0,0.0,0.0,0
1061138,0.00046,0.00046,0.00046,0.00046,0.00046,0.00046,sctp,186.0,40.0,ef,af11,255.0,250.0,1.0,6.0,Status,2,1,1,192,94,98,94.0,98.0,0.0,0.0,0.0,0,0,0,0.0,,,2173.913086,0.0,0.0,CON,,,,610.0,0.0,0.0,0.0,0
1061155,0.0,0.0,0.0,0.0,0.0,0.0,icmp,0.0,,cs0,,58.0,,6.0,,Start,1,1,0,98,98,0,98.0,0.0,0.0,0.0,0.0,0,0,0,0.0,,,0.0,0.0,0.0,ECO,,,,,0.0,0.0,0.0,0
1061174,4.889816,4.889816,4.889816,4.889816,4.889816,4.889816,udp,0.0,0.0,cs0,cs0,117.0,64.0,11.0,0.0,Status,170,146,24,202274,197220,5054,1350.821899,210.583328,328378.8438,320453.7813,7925.042969,0,0,0,0.0,,,34.56163,29.653469,4.703654,CON,,,,,0.0,0.0,0.0,0
1061196,0.000307,0.000307,0.000307,0.000307,0.000307,0.000307,sctp,186.0,186.0,ef,ef,255.0,252.0,1.0,4.0,Status,2,1,1,192,94,98,94.0,98.0,0.0,0.0,0.0,0,0,0,0.0,,,3257.328857,0.0,0.0,CON,,,,610.0,0.0,0.0,0.0,0
1061213,0.186863,0.186863,0.186863,0.186863,0.186863,0.186863,udp,0.0,0.0,cs0,cs0,64.0,53.0,0.0,11.0,Start,14,8,6,8577,5341,3236,667.625,539.333313,315568.0938,200103.8125,115464.2656,0,0,0,0.0,,,69.569679,37.460598,26.75757,CON,,,,,0.0,0.0,0.0,0
1061242,0.0,0.0,0.0,0.0,0.0,0.0,icmp,0.0,,cs0,,58.0,,6.0,,Start,1,1,0,98,98,0,98.0,0.0,0.0,0.0,0.0,0,0,0,0.0,,,0.0,0.0,0.0,ECO,,,,,0.0,0.0,0.0,0
1061246,4.999887,4.999887,4.999887,4.999887,4.999887,4.999887,udp,0.0,0.0,cs0,cs0,117.0,64.0,11.0,0.0,Status,311,294,17,406518,402508,4010,1369.074829,235.882355,647877.0625,641836.9375,6040.136719,0,0,0,0.0,,,62.0014,58.601326,3.200072,CON,,,,,0.0,0.0,0.0,0
1061283,4.913694,4.913694,4.913694,4.913694,4.913694,4.913694,udp,0.0,0.0,cs0,cs0,117.0,64.0,11.0,0.0,Status,214,196,18,270122,266090,4032,1357.602051,224.0,437212.4063,431012.5938,6199.816406,0,0,0,0.0,,,43.348244,39.685013,3.459719,CON,,,,,0.0,0.0,0.0,0
1061286,0.0,0.0,0.0,0.0,0.0,0.0,icmp,0.0,,cs0,,58.0,,6.0,,Start,1,1,0,98,98,0,98.0,0.0,0.0,0.0,0.0,0,0,0,0.0,,,0.0,0.0,0.0,ECO,,,,,0.0,0.0,0.0,0
1061291,0.067084,0.067084,0.067084,0.067084,0.067084,0.067084,udp,0.0,0.0,cs0,cs0,64.0,117.0,0.0,11.0,Status,6,3,3,752,549,203,183.0,67.666664,59865.24609,43646.77344,16218.47266,0,0,0,0.0,,,74.533424,29.813368,29.813368,CON,,,,,0.0,0.0,0.0,0
1061293,0.0,0.0,0.0,0.0,0.0,0.0,icmp,0.0,,cs0,,58.0,,6.0,,Start,1,1,0,98,98,0,98.0,0.0,0.0,0.0,0.0,0,0,0,0.0,,,0.0,0.0,0.0,ECO,,,,,0.0,0.0,0.0,0
1061303,0.0,0.0,0.0,0.0,0.0,0.0,icmp,0.0,,cs0,,58.0,,6.0,,Start,1,1,0,98,98,0,98.0,0.0,0.0,0.0,0.0,0,0,0,0.0,,,0.0,0.0,0.0,ECO,,,,,0.0,0.0,0.0,0
1061403,4.996388,4.996388,4.996388,4.996388,4.996388,4.996388,udp,0.0,0.0,cs0,cs0,117.0,64.0,11.0,0.0,Status,241,227,14,308745,307405,1340,1354.207031,95.714287,492029.0313,490035.5938,1993.440063,0,0,0,0.0,,,48.034702,45.232677,2.60188,CON,,,,,0.0,0.0,0.0,0
1061406,0.0,0.0,0.0,0.0,0.0,0.0,icmp,0.0,,cs0,,58.0,,6.0,,Start,1,1,0,98,98,0,98.0,0.0,0.0,0.0,0.0,0,0,0,0.0,,,0.0,0.0,0.0,ECO,,,,,0.0,0.0,0.0,0
1061482,0.0,0.0,0.0,0.0,0.0,0.0,udp,0.0,,cs0,,249.0,,7.0,,Start,1,1,0,74,74,0,74.0,0.0,0.0,0.0,0.0,0,0,0,0.0,,,0.0,0.0,0.0,INT,,,610.0,,0.0,0.0,0.0,0
1061484,0.0,0.0,0.0,0.0,0.0,0.0,icmp,0.0,,cs0,,58.0,,6.0,,Start,1,1,0,98,98,0,98.0,0.0,0.0,0.0,0.0,0,0,0,0.0,,,0.0,0.0,0.0,ECO,,,,,0.0,0.0,0.0,0
1061502,0.0,0.0,0.0,0.0,0.0,0.0,icmp,0.0,,cs0,,58.0,,6.0,,Start,1,1,0,98,98,0,98.0,0.0,0.0,0.0,0.0,0,0,0,0.0,,,0.0,0.0,0.0,ECO,,,,,0.0,0.0,0.0,0
1061526,0.052887,0.052887,0.052887,0.052887,0.052887,0.052887,udp,0.0,0.0,cs0,cs0,64.0,117.0,0.0,11.0,Status,6,3,3,733,531,202,177.0,67.333336,73969.03125,53548.12891,20420.89648,0,0,0,0.0,,,94.541191,37.816475,37.816475,CON,,,,,0.0,0.0,0.0,0
1061532,0.371902,0.371902,0.371902,0.371902,0.371902,0.371902,sctp,186.0,186.0,ef,ef,255.0,252.0,1.0,4.0,Status,4,2,2,392,192,200,96.0,100.0,4216.165039,2065.060303,2151.104492,0,0,0,0.0,,,8.066642,2.68888,2.68888,CON,,,,610.0,0.0,0.0,0.0,0
1061597,0.109752,0.109752,0.109752,0.109752,0.109752,0.109752,tcp,0.0,0.0,cs0,cs0,64.0,63.0,0.0,1.0,Start,13,7,6,1749,847,902,121.0,150.333328,107733.7969,52919.30859,54814.49219,0,0,0,0.0,0.0,0.0,109.337418,54.668709,45.557255,CON,68096.0,31104.0,,,0.015718,0.001346,0.014372,0
1061598,0.060651,0.060651,0.060651,0.060651,0.060651,0.060651,udp,0.0,0.0,cs0,cs0,64.0,117.0,0.0,11.0,Status,6,3,3,733,531,202,177.0,67.333336,64500.17188,46693.375,17806.79688,0,0,0,0.0,,,82.438873,32.975548,32.975548,CON,,,,,0.0,0.0,0.0,0
1061611,4.975604,4.975604,4.975604,4.975604,4.975604,4.975604,udp,0.0,0.0,cs0,cs0,117.0,64.0,11.0,0.0,Status,198,169,29,235628,228893,6735,1354.396484,232.241379,376303.25,365847.4375,10455.81543,0,0,0,0.0,,,39.593182,33.764744,5.627458,CON,,,,,0.0,0.0,0.0,0
1061713,0.052789,0.052789,0.052789,0.052789,0.052789,0.052789,udp,0.0,0.0,cs0,cs0,64.0,117.0,0.0,11.0,Status,6,3,3,733,531,202,177.0,67.333336,74106.35156,53647.54297,20458.80859,0,0,0,0.0,,,94.716705,37.886681,37.886681,CON,,,,,0.0,0.0,0.0,0
1061782,0.0,0.0,0.0,0.0,0.0,0.0,icmp,0.0,,cs0,,58.0,,6.0,,Start,1,1,0,98,98,0,98.0,0.0,0.0,0.0,0.0,0,0,0,0.0,,,0.0,0.0,0.0,ECO,,,,,0.0,0.0,0.0,0
1061852,0.0,0.0,0.0,0.0,0.0,0.0,icmp,0.0,,cs0,,58.0,,6.0,,Start,1,1,0,98,98,0,98.0,0.0,0.0,0.0,0.0,0,0,0,0.0,,,0.0,0.0,0.0,ECO,,,,,0.0,0.0,0.0,0
1061857,0.0,0.0,0.0,0.0,0.0,0.0,icmp,0.0,,cs0,,58.0,,6.0,,Start,1,1,0,98,98,0,98.0,0.0,0.0,0.0,0.0,0,0,0,0.0,,,0.0,0.0,0.0,ECO,,,,,0.0,0.0,0.0,0
1061858,0.0,0.0,0.0,0.0,0.0,0.0,icmp,0.0,,cs0,,58.0,,6.0,,Start,1,1,0,98,98,0,98.0,0.0,0.0,0.0,0.0,0,0,0,0.0,,,0.0,0.0,0.0,ECO,,,,,0.0,0.0,0.0,0
1061909,4.923022,4.923022,4.923022,4.923022,4.923022,4.923022,udp,0.0,0.0,cs0,cs0,117.0,64.0,11.0,0.0,Status,270,252,18,348610,344585,4025,1367.400757,223.611115,563913.8125,557735.5,6178.319336,0,0,0,0.0,,,54.641235,50.984947,3.453164,CON,,,,,0.0,0.0,0.0,0
1061915,0.0,0.0,0.0,0.0,0.0,0.0,icmp,0.0,,cs0,,58.0,,6.0,,Start,1,1,0,98,98,0,98.0,0.0,0.0,0.0,0.0,0,0,0,0.0,,,0.0,0.0,0.0,ECO,,,,,0.0,0.0,0.0,0
1062056,0.049826,0.049826,0.049826,0.049826,0.049826,0.049826,udp,0.0,0.0,cs0,cs0,64.0,117.0,0.0,11.0,Status,6,3,3,752,549,203,183.0,67.666664,80600.49219,58764.5,21835.99023,0,0,0,0.0,,,100.349213,40.139687,40.139687,CON,,,,,0.0,0.0,0.0,0
1062066,4.923362,4.923362,4.923362,4.923362,4.923362,4.923362,udp,0.0,0.0,cs0,cs0,117.0,64.0,11.0,0.0,Status,247,219,28,304689,296291,8398,1352.92688,299.928558,492408.25,479248.1563,13160.11328,0,0,0,0.0,,,49.965858,44.278687,5.484058,CON,,,,,0.0,0.0,0.0,0
1062071,0.046825,0.046825,0.046825,0.046825,0.046825,0.046825,udp,0.0,0.0,cs0,cs0,64.0,117.0,0.0,11.0,Status,5,3,2,689,549,140,183.0,70.0,74490.125,62530.69922,11959.42383,0,0,0,0.0,,,85.424454,42.712227,21.356113,CON,,,,,0.0,0.0,0.0,0
1062096,0.0,0.0,0.0,0.0,0.0,0.0,sctp,186.0,186.0,ef,ef,255.0,252.0,1.0,4.0,Status,2,1,1,200,98,102,98.0,102.0,0.0,0.0,0.0,0,0,0,0.0,,,0.0,0.0,0.0,CON,,,,610.0,0.0,0.0,0.0,0
1062159,0.047993,0.047993,0.047993,0.047993,0.047993,0.047993,udp,0.0,0.0,cs0,cs0,64.0,117.0,0.0,11.0,Status,6,3,3,748,548,200,182.666672,66.666664,83345.48438,61008.89453,22336.58984,0,0,0,0.0,,,104.181862,41.672745,41.672745,CON,,,,,0.0,0.0,0.0,0
1062218,2.996651,2.996651,2.996651,2.996651,2.996651,2.996651,tcp,136.0,,af41,,255.0,,1.0,,Start,3,3,0,222,222,0,74.0,0.0,395.107758,395.107758,0.0,2,2,0,40.0,0.0,0.0,0.667412,0.667412,0.0,REQ,3737600.0,,,,0.0,0.0,0.0,0
1062421,0.062832,0.062832,0.062832,0.062832,0.062832,0.062832,udp,0.0,0.0,cs0,cs0,64.0,117.0,0.0,11.0,Status,6,3,3,730,530,200,176.666672,66.666664,62133.94531,45072.57422,17061.37109,0,0,0,0.0,,,79.577286,31.830915,31.830915,CON,,,,,0.0,0.0,0.0,0
1062541,4.732054,4.732054,4.732054,4.732054,4.732054,4.732054,udp,0.0,0.0,cs0,cs0,117.0,64.0,11.0,0.0,Status,195,179,16,245057,240022,5035,1340.905029,314.6875,411496.5625,403515.25,7981.311523,0,0,0,0.0,,,40.996994,37.615799,3.169871,CON,,,,,0.0,0.0,0.0,0
1062561,4.99798,4.99798,4.99798,4.99798,4.99798,4.99798,udp,0.0,0.0,cs0,cs0,117.0,64.0,11.0,0.0,Status,134,120,14,162189,157985,4204,1316.541626,300.285706,257020.625,250771.7031,6248.924316,0,0,0,0.0,,,26.61075,23.809618,2.601051,CON,,,,,0.0,0.0,0.0,0
1062581,0.074217,0.074217,0.074217,0.074217,0.074217,0.074217,udp,0.0,0.0,cs0,cs0,117.0,64.0,11.0,0.0,Status,38,30,8,39545,35373,4172,1179.099976,521.5,4079388.75,3685840.25,393548.6563,0,0,0,0.0,,,498.538086,390.746063,94.318016,CON,,,,,0.0,0.0,0.0,0
1062644,0.180049,0.180049,0.180049,0.180049,0.180049,0.180049,udp,0.0,0.0,cs0,cs0,64.0,52.0,0.0,12.0,Start,22,11,11,12040,7420,4620,674.545471,420.0,486356.5,299740.625,186615.8594,0,0,0,0.0,,,116.634918,55.540436,55.540436,CON,,,,,0.0,0.0,0.0,0
1062646,0.11382,0.11382,0.11382,0.11382,0.11382,0.11382,tcp,0.0,0.0,cs0,cs0,64.0,62.0,0.0,2.0,Start,13,7,6,1749,847,902,121.0,150.333328,103883.3203,51027.9375,52855.38672,0,0,0,0.0,0.0,0.0,105.429626,52.714813,43.929008,CON,68096.0,31104.0,,,0.015894,0.001139,0.014755,0
1062675,0.172578,0.172578,0.172578,0.172578,0.172578,0.172578,udp,0.0,0.0,cs0,cs0,117.0,64.0,11.0,0.0,Status,78,67,11,93401,89887,3514,1341.597046,319.454559,4252732.0,4104625.0,148106.9375,0,0,0,0.0,,,446.175049,382.43576,57.944813,CON,,,,,0.0,0.0,0.0,0
1062750,3.893267,3.893267,3.893267,3.893267,3.893267,3.893267,udp,0.0,0.0,cs0,cs0,64.0,53.0,0.0,11.0,Status,44,19,25,8130,6104,2026,321.263153,81.040001,15879.72266,11883.0791,3996.643555,0,0,0,0.0,,,11.044709,4.623366,6.164489,CON,,,,,0.0,0.0,0.0,0
1062879,0.000135,0.000135,0.000135,0.000135,0.000135,0.000135,sctp,186.0,186.0,ef,ef,252.0,255.0,4.0,1.0,Status,2,1,1,200,102,98,102.0,98.0,0.0,0.0,0.0,0,0,0,0.0,,,7407.407715,0.0,0.0,CON,,,610.0,,0.0,0.0,0.0,0
1062979,3.046108,3.046108,3.046108,3.046108,3.046108,3.046108,tcp,0.0,,cs0,,64.0,,0.0,,Start,3,3,0,222,222,0,74.0,0.0,388.692719,388.692719,0.0,2,2,0,40.0,0.0,0.0,0.656576,0.656576,0.0,REQ,33553920.0,,,,0.0,0.0,0.0,0
1063003,0.250521,0.250521,0.250521,0.250521,0.250521,0.250521,sctp,40.0,186.0,af11,ef,250.0,255.0,6.0,1.0,Status,3,2,1,310,176,134,88.0,134.0,2810.143555,2810.143555,0.0,0,0,0,0.0,,,7.983363,3.991681,0.0,CON,,,610.0,,0.0,0.0,0.0,0
1063036,0.0,0.0,0.0,0.0,0.0,0.0,tcp,0.0,,cs0,,64.0,,0.0,,Status,1,1,0,74,74,0,74.0,0.0,0.0,0.0,0.0,1,1,0,50.0,0.0,0.0,0.0,0.0,0.0,REQ,33553920.0,,,,0.0,0.0,0.0,0
1063048,4.452036,4.452036,4.452036,4.452036,4.452036,4.452036,tcp,0.0,,cs0,,64.0,,0.0,,Start,5,5,0,370,370,0,74.0,0.0,531.891479,531.891479,0.0,4,4,0,44.444444,0.0,0.0,0.898465,0.898465,0.0,REQ,33553920.0,,,,0.0,0.0,0.0,0
1063118,4.040043,4.040043,4.040043,4.040043,4.040043,4.040043,udp,0.0,,cs0,,64.0,,0.0,,Start,6,6,0,6986,6986,0,1164.333374,0.0,11528.59082,11528.59082,0.0,0,0,0,0.0,,,1.237611,1.237611,0.0,INT,,,,,0.0,0.0,0.0,0
1063126,3.060196,3.060196,3.060196,3.060196,3.060196,3.060196,tcp,0.0,,cs0,,64.0,,0.0,,Status,2,2,0,148,148,0,74.0,0.0,193.45166,193.45166,0.0,2,2,0,50.0,0.0,0.0,0.326776,0.326776,0.0,REQ,33553920.0,,,,0.0,0.0,0.0,0
1063205,0.0,0.0,0.0,0.0,0.0,0.0,tcp,0.0,,cs0,,64.0,,0.0,,Status,1,1,0,74,74,0,74.0,0.0,0.0,0.0,0.0,1,1,0,50.0,0.0,0.0,0.0,0.0,0.0,REQ,33553920.0,,,,0.0,0.0,0.0,0
1063246,0.0,0.0,0.0,0.0,0.0,0.0,tcp,0.0,,cs0,,64.0,,0.0,,Status,1,1,0,74,74,0,74.0,0.0,0.0,0.0,0.0,1,1,0,50.0,0.0,0.0,0.0,0.0,0.0,REQ,33553920.0,,,,0.0,0.0,0.0,0
1063279,0.0,0.0,0.0,0.0,0.0,0.0,tcp,0.0,,cs0,,64.0,,0.0,,Status,1,1,0,74,74,0,74.0,0.0,0.0,0.0,0.0,1,1,0,50.0,0.0,0.0,0.0,0.0,0.0,REQ,33553920.0,,,,0.0,0.0,0.0,0
1063299,3.007078,3.007078,3.007078,3.007078,3.007078,3.007078,tcp,0.0,,cs0,,64.0,,0.0,,Start,3,3,0,222,222,0,74.0,0.0,393.737732,393.737732,0.0,2,2,0,40.0,0.0,0.0,0.665097,0.665097,0.0,REQ,33553920.0,,,,0.0,0.0,0.0,0
1063380,0.0,0.0,0.0,0.0,0.0,0.0,tcp,0.0,,cs0,,64.0,,0.0,,Status,1,1,0,74,74,0,74.0,0.0,0.0,0.0,0.0,1,1,0,50.0,0.0,0.0,0.0,0.0,0.0,REQ,33553920.0,,,,0.0,0.0,0.0,0
1063393,0.0,0.0,0.0,0.0,0.0,0.0,tcp,0.0,,cs0,,64.0,,0.0,,Status,1,1,0,74,74,0,74.0,0.0,0.0,0.0,0.0,1,1,0,50.0,0.0,0.0,0.0,0.0,0.0,REQ,33553920.0,,,,0.0,0.0,0.0,0
1063434,0.0,0.0,0.0,0.0,0.0,0.0,tcp,0.0,,cs0,,64.0,,0.0,,Status,1,1,0,74,74,0,74.0,0.0,0.0,0.0,0.0,1,1,0,50.0,0.0,0.0,0.0,0.0,0.0,REQ,33553920.0,,,,0.0,0.0,0.0,0
1063470,0.12493,0.12493,0.12493,0.12493,0.12493,0.12493,tcp,0.0,0.0,cs0,cs0,64.0,62.0,0.0,2.0,Start,21,11,10,5563,1090,4473,99.090912,447.299988,321267.9063,63459.53516,257808.375,0,0,0,0.0,0.0,0.0,160.089645,80.044823,72.040344,FIN,75776.0,30080.0,,,0.015999,0.001352,0.014647,0
1063494,0.0,0.0,0.0,0.0,0.0,0.0,udp,0.0,,cs0,,249.0,,7.0,,Start,1,1,0,64,64,0,64.0,0.0,0.0,0.0,0.0,0,0,0,0.0,,,0.0,0.0,0.0,INT,,,610.0,,0.0,0.0,0.0,0
1063597,0.0,0.0,0.0,0.0,0.0,0.0,udp,0.0,,cs0,,249.0,,7.0,,Start,1,1,0,74,74,0,74.0,0.0,0.0,0.0,0.0,0,0,0,0.0,,,0.0,0.0,0.0,INT,,,610.0,,0.0,0.0,0.0,0
1063611,0.0,0.0,0.0,0.0,0.0,0.0,udp,0.0,,cs0,,249.0,,7.0,,Start,1,1,0,74,74,0,74.0,0.0,0.0,0.0,0.0,0,0,0,0.0,,,0.0,0.0,0.0,INT,,,610.0,,0.0,0.0,0.0,0
1063656,0.0,0.0,0.0,0.0,0.0,0.0,udp,0.0,,cs0,,249.0,,7.0,,Start,1,1,0,74,74,0,74.0,0.0,0.0,0.0,0.0,0,0,0,0.0,,,0.0,0.0,0.0,INT,,,610.0,,0.0,0.0,0.0,0
1063697,0.0,0.0,0.0,0.0,0.0,0.0,udp,0.0,,cs0,,249.0,,7.0,,Start,1,1,0,74,74,0,74.0,0.0,0.0,0.0,0.0,0,0,0,0.0,,,0.0,0.0,0.0,INT,,,610.0,,0.0,0.0,0.0,0
1063730,0.0,0.0,0.0,0.0,0.0,0.0,udp,0.0,,cs0,,249.0,,7.0,,Start,1,1,0,74,74,0,74.0,0.0,0.0,0.0,0.0,0,0,0,0.0,,,0.0,0.0,0.0,INT,,,610.0,,0.0,0.0,0.0,0
1063776,0.0,0.0,0.0,0.0,0.0,0.0,udp,0.0,,cs0,,249.0,,7.0,,Start,1,1,0,74,74,0,74.0,0.0,0.0,0.0,0.0,0,0,0,0.0,,,0.0,0.0,0.0,INT,,,610.0,,0.0,0.0,0.0,0
1063835,0.0,0.0,0.0,0.0,0.0,0.0,udp,0.0,,cs0,,249.0,,7.0,,Start,1,1,0,74,74,0,74.0,0.0,0.0,0.0,0.0,0,0,0,0.0,,,0.0,0.0,0.0,INT,,,610.0,,0.0,0.0,0.0,0
1063986,0.0,0.0,0.0,0.0,0.0,0.0,udp,0.0,,cs0,,249.0,,7.0,,Start,1,1,0,74,74,0,74.0,0.0,0.0,0.0,0.0,0,0,0,0.0,,,0.0,0.0,0.0,INT,,,610.0,,0.0,0.0,0.0,0
1064037,0.0,0.0,0.0,0.0,0.0,0.0,udp,0.0,,cs0,,249.0,,7.0,,Start,1,1,0,74,74,0,74.0,0.0,0.0,0.0,0.0,0,0,0,0.0,,,0.0,0.0,0.0,INT,,,610.0,,0.0,0.0,0.0,0
1064063,0.0,0.0,0.0,0.0,0.0,0.0,udp,0.0,,cs0,,249.0,,7.0,,Start,1,1,0,74,74,0,74.0,0.0,0.0,0.0,0.0,0,0,0,0.0,,,0.0,0.0,0.0,INT,,,610.0,,0.0,0.0,0.0,0
1064101,0.0,0.0,0.0,0.0,0.0,0.0,udp,0.0,,cs0,,249.0,,7.0,,Start,1,1,0,74,74,0,74.0,0.0,0.0,0.0,0.0,0,0,0,0.0,,,0.0,0.0,0.0,INT,,,610.0,,0.0,0.0,0.0,0
1064123,0.0,0.0,0.0,0.0,0.0,0.0,udp,0.0,,cs0,,249.0,,7.0,,Start,1,1,0,74,74,0,74.0,0.0,0.0,0.0,0.0,0,0,0,0.0,,,0.0,0.0,0.0,INT,,,610.0,,0.0,0.0,0.0,0
1064142,0.0,0.0,0.0,0.0,0.0,0.0,udp,0.0,,cs0,,249.0,,7.0,,Start,1,1,0,74,74,0,74.0,0.0,0.0,0.0,0.0,0,0,0,0.0,,,0.0,0.0,0.0,INT,,,610.0,,0.0,0.0,0.0,0
1064168,0.0,0.0,0.0,0.0,0.0,0.0,udp,0.0,,cs0,,249.0,,7.0,,Start,1,1,0,74,74,0,74.0,0.0,0.0,0.0,0.0,0,0,0,0.0,,,0.0,0.0,0.0,INT,,,610.0,,0.0,0.0,0.0,0
1064207,0.0,0.0,0.0,0.0,0.0,0.0,udp,0.0,,cs0,,249.0,,7.0,,Start,1,1,0,74,74,0,74.0,0.0,0.0,0.0,0.0,0,0,0,0.0,,,0.0,0.0,0.0,INT,,,610.0,,0.0,0.0,0.0,0
1064271,0.0,0.0,0.0,0.0,0.0,0.0,udp,0.0,,cs0,,249.0,,7.0,,Start,1,1,0,74,74,0,74.0,0.0,0.0,0.0,0.0,0,0,0,0.0,,,0.0,0.0,0.0,INT,,,610.0,,0.0,0.0,0.0,0
1064363,0.0,0.0,0.0,0.0,0.0,0.0,udp,0.0,,cs0,,249.0,,7.0,,Start,1,1,0,74,74,0,74.0,0.0,0.0,0.0,0.0,0,0,0,0.0,,,0.0,0.0,0.0,INT,,,610.0,,0.0,0.0,0.0,0
1064369,0.0,0.0,0.0,0.0,0.0,0.0,udp,0.0,,cs0,,249.0,,7.0,,Start,1,1,0,74,74,0,74.0,0.0,0.0,0.0,0.0,0,0,0,0.0,,,0.0,0.0,0.0,INT,,,610.0,,0.0,0.0,0.0,0
1064411,0.0,0.0,0.0,0.0,0.0,0.0,udp,0.0,,cs0,,249.0,,7.0,,Start,1,1,0,74,74,0,74.0,0.0,0.0,0.0,0.0,0,0,0,0.0,,,0.0,0.0,0.0,INT,,,610.0,,0.0,0.0,0.0,0
1064455,0.0,0.0,0.0,0.0,0.0,0.0,udp,0.0,,cs0,,249.0,,7.0,,Start,1,1,0,74,74,0,74.0,0.0,0.0,0.0,0.0,0,0,0,0.0,,,0.0,0.0,0.0,INT,,,610.0,,0.0,0.0,0.0,0
1064456,0.0,0.0,0.0,0.0,0.0,0.0,udp,0.0,,cs0,,249.0,,7.0,,Start,1,1,0,74,74,0,74.0,0.0,0.0,0.0,0.0,0,0,0,0.0,,,0.0,0.0,0.0,INT,,,610.0,,0.0,0.0,0.0,0
1064496,0.0,0.0,0.0,0.0,0.0,0.0,udp,0.0,,cs0,,249.0,,7.0,,Start,1,1,0,74,74,0,74.0,0.0,0.0,0.0,0.0,0,0,0,0.0,,,0.0,0.0,0.0,INT,,,610.0,,0.0,0.0,0.0,0
1064506,0.0,0.0,0.0,0.0,0.0,0.0,udp,0.0,,cs0,,249.0,,7.0,,Start,1,1,0,74,74,0,74.0,0.0,0.0,0.0,0.0,0,0,0,0.0,,,0.0,0.0,0.0,INT,,,610.0,,0.0,0.0,0.0,0
1064520,0.0,0.0,0.0,0.0,0.0,0.0,udp,0.0,,cs0,,249.0,,7.0,,Start,1,1,0,74,74,0,74.0,0.0,0.0,0.0,0.0,0,0,0,0.0,,,0.0,0.0,0.0,INT,,,610.0,,0.0,0.0,0.0,0
1064609,0.0,0.0,0.0,0.0,0.0,0.0,udp,0.0,,cs0,,249.0,,7.0,,Start,1,1,0,74,74,0,74.0,0.0,0.0,0.0,0.0,0,0,0,0.0,,,0.0,0.0,0.0,INT,,,610.0,,0.0,0.0,0.0,0
1064650,0.0,0.0,0.0,0.0,0.0,0.0,udp,0.0,,cs0,,249.0,,7.0,,Start,1,1,0,74,74,0,74.0,0.0,0.0,0.0,0.0,0,0,0,0.0,,,0.0,0.0,0.0,INT,,,610.0,,0.0,0.0,0.0,0
1064700,0.0,0.0,0.0,0.0,0.0,0.0,udp,0.0,,cs0,,249.0,,7.0,,Start,1,1,0,74,74,0,74.0,0.0,0.0,0.0,0.0,0,0,0,0.0,,,0.0,0.0,0.0,INT,,,610.0,,0.0,0.0,0.0,0
1064739,0.0,0.0,0.0,0.0,0.0,0.0,udp,0.0,,cs0,,249.0,,7.0,,Start,1,1,0,74,74,0,74.0,0.0,0.0,0.0,0.0,0,0,0,0.0,,,0.0,0.0,0.0,INT,,,610.0,,0.0,0.0,0.0,0
1064767,0.0,0.0,0.0,0.0,0.0,0.0,udp,0.0,,cs0,,249.0,,7.0,,Start,1,1,0,74,74,0,74.0,0.0,0.0,0.0,0.0,0,0,0,0.0,,,0.0,0.0,0.0,INT,,,610.0,,0.0,0.0,0.0,0
1064870,0.0,0.0,0.0,0.0,0.0,0.0,udp,0.0,,cs0,,249.0,,7.0,,Start,1,1,0,74,74,0,74.0,0.0,0.0,0.0,0.0,0,0,0,0.0,,,0.0,0.0,0.0,INT,,,610.0,,0.0,0.0,0.0,0
1064943,0.0,0.0,0.0,0.0,0.0,0.0,udp,0.0,,cs0,,249.0,,7.0,,Start,1,1,0,74,74,0,74.0,0.0,0.0,0.0,0.0,0,0,0,0.0,,,0.0,0.0,0.0,INT,,,610.0,,0.0,0.0,0.0,0
1064946,0.0,0.0,0.0,0.0,0.0,0.0,udp,0.0,,cs0,,249.0,,7.0,,Start,1,1,0,74,74,0,74.0,0.0,0.0,0.0,0.0,0,0,0,0.0,,,0.0,0.0,0.0,INT,,,610.0,,0.0,0.0,0.0,0
1064948,0.0,0.0,0.0,0.0,0.0,0.0,udp,0.0,,cs0,,249.0,,7.0,,Start,1,1,0,74,74,0,74.0,0.0,0.0,0.0,0.0,0,0,0,0.0,,,0.0,0.0,0.0,INT,,,610.0,,0.0,0.0,0.0,0
1064977,0.0,0.0,0.0,0.0,0.0,0.0,udp,0.0,,cs0,,249.0,,7.0,,Start,1,1,0,74,74,0,74.0,0.0,0.0,0.0,0.0,0,0,0,0.0,,,0.0,0.0,0.0,INT,,,610.0,,0.0,0.0,0.0,0
1064997,0.0,0.0,0.0,0.0,0.0,0.0,udp,0.0,,cs0,,249.0,,7.0,,Start,1,1,0,74,74,0,74.0,0.0,0.0,0.0,0.0,0,0,0,0.0,,,0.0,0.0,0.0,INT,,,610.0,,0.0,0.0,0.0,0
1064999,0.0,0.0,0.0,0.0,0.0,0.0,udp,0.0,,cs0,,249.0,,7.0,,Start,1,1,0,74,74,0,74.0,0.0,0.0,0.0,0.0,0,0,0,0.0,,,0.0,0.0,0.0,INT,,,610.0,,0.0,0.0,0.0,0
1065018,0.0,0.0,0.0,0.0,0.0,0.0,udp,0.0,,cs0,,249.0,,7.0,,Start,1,1,0,74,74,0,74.0,0.0,0.0,0.0,0.0,0,0,0,0.0,,,0.0,0.0,0.0,INT,,,610.0,,0.0,0.0,0.0,0
1065049,0.0,0.0,0.0,0.0,0.0,0.0,udp,0.0,,cs0,,249.0,,7.0,,Start,1,1,0,74,74,0,74.0,0.0,0.0,0.0,0.0,0,0,0,0.0,,,0.0,0.0,0.0,INT,,,610.0,,0.0,0.0,0.0,0
1065053,0.0,0.0,0.0,0.0,0.0,0.0,udp,0.0,,cs0,,249.0,,7.0,,Start,1,1,0,74,74,0,74.0,0.0,0.0,0.0,0.0,0,0,0,0.0,,,0.0,0.0,0.0,INT,,,610.0,,0.0,0.0,0.0,0
1065090,0.0,0.0,0.0,0.0,0.0,0.0,udp,0.0,,cs0,,249.0,,7.0,,Start,1,1,0,74,74,0,74.0,0.0,0.0,0.0,0.0,0,0,0,0.0,,,0.0,0.0,0.0,INT,,,610.0,,0.0,0.0,0.0,0
1065161,0.0,0.0,0.0,0.0,0.0,0.0,udp,0.0,,cs0,,249.0,,7.0,,Start,1,1,0,74,74,0,74.0,0.0,0.0,0.0,0.0,0,0,0,0.0,,,0.0,0.0,0.0,INT,,,610.0,,0.0,0.0,0.0,0
1065178,0.0,0.0,0.0,0.0,0.0,0.0,udp,0.0,,cs0,,249.0,,7.0,,Start,1,1,0,74,74,0,74.0,0.0,0.0,0.0,0.0,0,0,0,0.0,,,0.0,0.0,0.0,INT,,,610.0,,0.0,0.0,0.0,0
1065194,0.0,0.0,0.0,0.0,0.0,0.0,udp,0.0,,cs0,,249.0,,7.0,,Start,1,1,0,74,74,0,74.0,0.0,0.0,0.0,0.0,0,0,0,0.0,,,0.0,0.0,0.0,INT,,,610.0,,0.0,0.0,0.0,0
1065230,0.0,0.0,0.0,0.0,0.0,0.0,udp,0.0,,cs0,,249.0,,7.0,,Start,1,1,0,74,74,0,74.0,0.0,0.0,0.0,0.0,0,0,0,0.0,,,0.0,0.0,0.0,INT,,,610.0,,0.0,0.0,0.0,0
1065435,0.0,0.0,0.0,0.0,0.0,0.0,udp,0.0,,cs0,,249.0,,7.0,,Start,1,1,0,74,74,0,74.0,0.0,0.0,0.0,0.0,0,0,0,0.0,,,0.0,0.0,0.0,INT,,,610.0,,0.0,0.0,0.0,0
1065472,0.0,0.0,0.0,0.0,0.0,0.0,udp,0.0,,cs0,,249.0,,7.0,,Start,1,1,0,74,74,0,74.0,0.0,0.0,0.0,0.0,0,0,0,0.0,,,0.0,0.0,0.0,INT,,,610.0,,0.0,0.0,0.0,0
1065504,0.0,0.0,0.0,0.0,0.0,0.0,udp,0.0,,cs0,,249.0,,7.0,,Start,1,1,0,74,74,0,74.0,0.0,0.0,0.0,0.0,0,0,0,0.0,,,0.0,0.0,0.0,INT,,,610.0,,0.0,0.0,0.0,0
1065511,0.0,0.0,0.0,0.0,0.0,0.0,udp,0.0,,cs0,,249.0,,7.0,,Start,1,1,0,74,74,0,74.0,0.0,0.0,0.0,0.0,0,0,0,0.0,,,0.0,0.0,0.0,INT,,,610.0,,0.0,0.0,0.0,0
1065512,0.0,0.0,0.0,0.0,0.0,0.0,udp,0.0,,cs0,,249.0,,7.0,,Start,1,1,0,74,74,0,74.0,0.0,0.0,0.0,0.0,0,0,0,0.0,,,0.0,0.0,0.0,INT,,,610.0,,0.0,0.0,0.0,0
1065591,0.092889,0.092889,0.092889,0.092889,0.092889,0.092889,tcp,0.0,0.0,cs0,cs0,64.0,117.0,0.0,11.0,Status,164,82,82,126715,7784,118931,94.926826,1450.378052,10780264.0,662295.8125,10117968.0,0,0,0,0.0,0.0,0.0,1754.782471,872.008484,872.008484,CON,598528.0,83968.0,,,0.059995,0.020647,0.039348,0
1065639,0.0,0.0,0.0,0.0,0.0,0.0,udp,0.0,,cs0,,249.0,,7.0,,Start,1,1,0,74,74,0,74.0,0.0,0.0,0.0,0.0,0,0,0,0.0,,,0.0,0.0,0.0,INT,,,610.0,,0.0,0.0,0.0,0
1065702,0.0,0.0,0.0,0.0,0.0,0.0,udp,0.0,,cs0,,249.0,,7.0,,Start,1,1,0,74,74,0,74.0,0.0,0.0,0.0,0.0,0,0,0,0.0,,,0.0,0.0,0.0,INT,,,610.0,,0.0,0.0,0.0,0
1065732,0.0,0.0,0.0,0.0,0.0,0.0,udp,0.0,,cs0,,249.0,,7.0,,Start,1,1,0,74,74,0,74.0,0.0,0.0,0.0,0.0,0,0,0,0.0,,,0.0,0.0,0.0,INT,,,610.0,,0.0,0.0,0.0,0
1065757,0.0,0.0,0.0,0.0,0.0,0.0,udp,0.0,,cs0,,249.0,,7.0,,Start,1,1,0,74,74,0,74.0,0.0,0.0,0.0,0.0,0,0,0,0.0,,,0.0,0.0,0.0,INT,,,610.0,,0.0,0.0,0.0,0
1065774,0.0,0.0,0.0,0.0,0.0,0.0,udp,0.0,,cs0,,249.0,,7.0,,Start,1,1,0,74,74,0,74.0,0.0,0.0,0.0,0.0,0,0,0,0.0,,,0.0,0.0,0.0,INT,,,610.0,,0.0,0.0,0.0,0
1065785,0.0,0.0,0.0,0.0,0.0,0.0,udp,0.0,,cs0,,249.0,,7.0,,Start,1,1,0,74,74,0,74.0,0.0,0.0,0.0,0.0,0,0,0,0.0,,,0.0,0.0,0.0,INT,,,610.0,,0.0,0.0,0.0,0
1065821,0.0,0.0,0.0,0.0,0.0,0.0,udp,0.0,,cs0,,249.0,,7.0,,Start,1,1,0,74,74,0,74.0,0.0,0.0,0.0,0.0,0,0,0,0.0,,,0.0,0.0,0.0,INT,,,610.0,,0.0,0.0,0.0,0
1065823,0.0,0.0,0.0,0.0,0.0,0.0,udp,0.0,,cs0,,249.0,,7.0,,Start,1,1,0,74,74,0,74.0,0.0,0.0,0.0,0.0,0,0,0,0.0,,,0.0,0.0,0.0,INT,,,610.0,,0.0,0.0,0.0,0
1065842,0.0,0.0,0.0,0.0,0.0,0.0,udp,0.0,,cs0,,249.0,,7.0,,Start,1,1,0,74,74,0,74.0,0.0,0.0,0.0,0.0,0,0,0,0.0,,,0.0,0.0,0.0,INT,,,610.0,,0.0,0.0,0.0,0
1065876,0.0,0.0,0.0,0.0,0.0,0.0,udp,0.0,,cs0,,249.0,,7.0,,Start,1,1,0,74,74,0,74.0,0.0,0.0,0.0,0.0,0,0,0,0.0,,,0.0,0.0,0.0,INT,,,610.0,,0.0,0.0,0.0,0
1065950,0.0,0.0,0.0,0.0,0.0,0.0,udp,0.0,,cs0,,249.0,,7.0,,Start,1,1,0,74,74,0,74.0,0.0,0.0,0.0,0.0,0,0,0,0.0,,,0.0,0.0,0.0,INT,,,610.0,,0.0,0.0,0.0,0
1065969,0.0,0.0,0.0,0.0,0.0,0.0,udp,0.0,,cs0,,249.0,,7.0,,Start,1,1,0,74,74,0,74.0,0.0,0.0,0.0,0.0,0,0,0,0.0,,,0.0,0.0,0.0,INT,,,610.0,,0.0,0.0,0.0,0
1065976,0.0,0.0,0.0,0.0,0.0,0.0,udp,0.0,,cs0,,249.0,,7.0,,Start,1,1,0,74,74,0,74.0,0.0,0.0,0.0,0.0,0,0,0,0.0,,,0.0,0.0,0.0,INT,,,610.0,,0.0,0.0,0.0,0
1066036,0.0,0.0,0.0,0.0,0.0,0.0,udp,0.0,,cs0,,249.0,,7.0,,Start,1,1,0,74,74,0,74.0,0.0,0.0,0.0,0.0,0,0,0,0.0,,,0.0,0.0,0.0,INT,,,610.0,,0.0,0.0,0.0,0
1066055,0.0,0.0,0.0,0.0,0.0,0.0,udp,0.0,,cs0,,249.0,,7.0,,Start,1,1,0,74,74,0,74.0,0.0,0.0,0.0,0.0,0,0,0,0.0,,,0.0,0.0,0.0,INT,,,610.0,,0.0,0.0,0.0,0
1066195,0.0,0.0,0.0,0.0,0.0,0.0,udp,0.0,,cs0,,249.0,,7.0,,Start,1,1,0,74,74,0,74.0,0.0,0.0,0.0,0.0,0,0,0,0.0,,,0.0,0.0,0.0,INT,,,610.0,,0.0,0.0,0.0,0
1066232,0.0,0.0,0.0,0.0,0.0,0.0,udp,0.0,,cs0,,249.0,,7.0,,Start,1,1,0,74,74,0,74.0,0.0,0.0,0.0,0.0,0,0,0,0.0,,,0.0,0.0,0.0,INT,,,610.0,,0.0,0.0,0.0,0
1066239,0.0,0.0,0.0,0.0,0.0,0.0,udp,0.0,,cs0,,249.0,,7.0,,Start,1,1,0,74,74,0,74.0,0.0,0.0,0.0,0.0,0,0,0,0.0,,,0.0,0.0,0.0,INT,,,610.0,,0.0,0.0,0.0,0
1066253,0.0,0.0,0.0,0.0,0.0,0.0,udp,0.0,,cs0,,249.0,,7.0,,Start,1,1,0,74,74,0,74.0,0.0,0.0,0.0,0.0,0,0,0,0.0,,,0.0,0.0,0.0,INT,,,610.0,,0.0,0.0,0.0,0
1066375,0.0,0.0,0.0,0.0,0.0,0.0,udp,0.0,,cs0,,249.0,,7.0,,Start,1,1,0,74,74,0,74.0,0.0,0.0,0.0,0.0,0,0,0,0.0,,,0.0,0.0,0.0,INT,,,610.0,,0.0,0.0,0.0,0
1066377,0.0,0.0,0.0,0.0,0.0,0.0,udp,0.0,,cs0,,249.0,,7.0,,Start,1,1,0,74,74,0,74.0,0.0,0.0,0.0,0.0,0,0,0,0.0,,,0.0,0.0,0.0,INT,,,610.0,,0.0,0.0,0.0,0
1066393,0.0,0.0,0.0,0.0,0.0,0.0,udp,0.0,,cs0,,249.0,,7.0,,Start,1,1,0,74,74,0,74.0,0.0,0.0,0.0,0.0,0,0,0,0.0,,,0.0,0.0,0.0,INT,,,610.0,,0.0,0.0,0.0,0
1066515,0.0,0.0,0.0,0.0,0.0,0.0,udp,0.0,,cs0,,249.0,,7.0,,Start,1,1,0,74,74,0,74.0,0.0,0.0,0.0,0.0,0,0,0,0.0,,,0.0,0.0,0.0,INT,,,610.0,,0.0,0.0,0.0,0
1066521,0.0,0.0,0.0,0.0,0.0,0.0,udp,0.0,,cs0,,249.0,,7.0,,Start,1,1,0,74,74,0,74.0,0.0,0.0,0.0,0.0,0,0,0,0.0,,,0.0,0.0,0.0,INT,,,610.0,,0.0,0.0,0.0,0
1066551,0.0,0.0,0.0,0.0,0.0,0.0,udp,0.0,,cs0,,249.0,,7.0,,Start,1,1,0,74,74,0,74.0,0.0,0.0,0.0,0.0,0,0,0,0.0,,,0.0,0.0,0.0,INT,,,610.0,,0.0,0.0,0.0,0
1066600,0.053043,0.053043,0.053043,0.053043,0.053043,0.053043,tcp,0.0,0.0,cs0,cs0,64.0,116.0,0.0,12.0,Status,4,2,2,1925,499,1426,249.5,713.0,145240.6563,37705.25781,107535.3984,0,0,0,0.0,0.0,0.0,56.557888,18.852629,18.852629,CON,94208.0,77568.0,,,0.056023,0.02104,0.034983,0
1066618,0.0,0.0,0.0,0.0,0.0,0.0,udp,0.0,,cs0,,249.0,,7.0,,Start,1,1,0,74,74,0,74.0,0.0,0.0,0.0,0.0,0,0,0,0.0,,,0.0,0.0,0.0,INT,,,610.0,,0.0,0.0,0.0,0
1066699,0.0,0.0,0.0,0.0,0.0,0.0,udp,0.0,,cs0,,249.0,,7.0,,Start,1,1,0,74,74,0,74.0,0.0,0.0,0.0,0.0,0,0,0,0.0,,,0.0,0.0,0.0,INT,,,610.0,,0.0,0.0,0.0,0
1066704,0.0,0.0,0.0,0.0,0.0,0.0,udp,0.0,,cs0,,249.0,,7.0,,Start,1,1,0,74,74,0,74.0,0.0,0.0,0.0,0.0,0,0,0,0.0,,,0.0,0.0,0.0,INT,,,610.0,,0.0,0.0,0.0,0
1066812,0.0,0.0,0.0,0.0,0.0,0.0,udp,0.0,,cs0,,249.0,,7.0,,Start,1,1,0,74,74,0,74.0,0.0,0.0,0.0,0.0,0,0,0,0.0,,,0.0,0.0,0.0,INT,,,610.0,,0.0,0.0,0.0,0
1066837,0.0,0.0,0.0,0.0,0.0,0.0,udp,0.0,,cs0,,249.0,,7.0,,Start,1,1,0,74,74,0,74.0,0.0,0.0,0.0,0.0,0,0,0,0.0,,,0.0,0.0,0.0,INT,,,610.0,,0.0,0.0,0.0,0
1066932,0.0,0.0,0.0,0.0,0.0,0.0,udp,0.0,,cs0,,249.0,,7.0,,Start,1,1,0,74,74,0,74.0,0.0,0.0,0.0,0.0,0,0,0,0.0,,,0.0,0.0,0.0,INT,,,610.0,,0.0,0.0,0.0,0
1066948,0.0,0.0,0.0,0.0,0.0,0.0,udp,0.0,,cs0,,249.0,,7.0,,Start,1,1,0,74,74,0,74.0,0.0,0.0,0.0,0.0,0,0,0,0.0,,,0.0,0.0,0.0,INT,,,610.0,,0.0,0.0,0.0,0
1066971,0.0,0.0,0.0,0.0,0.0,0.0,udp,0.0,,cs0,,249.0,,7.0,,Start,1,1,0,74,74,0,74.0,0.0,0.0,0.0,0.0,0,0,0,0.0,,,0.0,0.0,0.0,INT,,,610.0,,0.0,0.0,0.0,0
1067115,0.0,0.0,0.0,0.0,0.0,0.0,udp,0.0,,cs0,,249.0,,7.0,,Start,1,1,0,74,74,0,74.0,0.0,0.0,0.0,0.0,0,0,0,0.0,,,0.0,0.0,0.0,INT,,,610.0,,0.0,0.0,0.0,0
1067137,0.0,0.0,0.0,0.0,0.0,0.0,udp,0.0,,cs0,,249.0,,7.0,,Start,1,1,0,74,74,0,74.0,0.0,0.0,0.0,0.0,0,0,0,0.0,,,0.0,0.0,0.0,INT,,,610.0,,0.0,0.0,0.0,0
1067143,0.0,0.0,0.0,0.0,0.0,0.0,udp,0.0,,cs0,,249.0,,7.0,,Start,1,1,0,74,74,0,74.0,0.0,0.0,0.0,0.0,0,0,0,0.0,,,0.0,0.0,0.0,INT,,,610.0,,0.0,0.0,0.0,0
1067231,0.0,0.0,0.0,0.0,0.0,0.0,udp,0.0,,cs0,,249.0,,7.0,,Start,1,1,0,74,74,0,74.0,0.0,0.0,0.0,0.0,0,0,0,0.0,,,0.0,0.0,0.0,INT,,,610.0,,0.0,0.0,0.0,0
1067258,0.0,0.0,0.0,0.0,0.0,0.0,udp,0.0,,cs0,,249.0,,7.0,,Start,1,1,0,74,74,0,74.0,0.0,0.0,0.0,0.0,0,0,0,0.0,,,0.0,0.0,0.0,INT,,,610.0,,0.0,0.0,0.0,0
1067298,0.0,0.0,0.0,0.0,0.0,0.0,udp,0.0,,cs0,,249.0,,7.0,,Start,1,1,0,74,74,0,74.0,0.0,0.0,0.0,0.0,0,0,0,0.0,,,0.0,0.0,0.0,INT,,,610.0,,0.0,0.0,0.0,0
1067420,0.0,0.0,0.0,0.0,0.0,0.0,udp,0.0,,cs0,,249.0,,7.0,,Start,1,1,0,74,74,0,74.0,0.0,0.0,0.0,0.0,0,0,0,0.0,,,0.0,0.0,0.0,INT,,,610.0,,0.0,0.0,0.0,0
1067489,0.0,0.0,0.0,0.0,0.0,0.0,udp,0.0,,cs0,,249.0,,7.0,,Start,1,1,0,74,74,0,74.0,0.0,0.0,0.0,0.0,0,0,0,0.0,,,0.0,0.0,0.0,INT,,,610.0,,0.0,0.0,0.0,0
1067577,0.0,0.0,0.0,0.0,0.0,0.0,udp,0.0,,cs0,,249.0,,7.0,,Start,1,1,0,74,74,0,74.0,0.0,0.0,0.0,0.0,0,0,0,0.0,,,0.0,0.0,0.0,INT,,,610.0,,0.0,0.0,0.0,0
1067598,0.0,0.0,0.0,0.0,0.0,0.0,udp,0.0,,cs0,,249.0,,7.0,,Start,1,1,0,74,74,0,74.0,0.0,0.0,0.0,0.0,0,0,0,0.0,,,0.0,0.0,0.0,INT,,,610.0,,0.0,0.0,0.0,0
1067646,0.0,0.0,0.0,0.0,0.0,0.0,udp,0.0,,cs0,,249.0,,7.0,,Start,1,1,0,74,74,0,74.0,0.0,0.0,0.0,0.0,0,0,0,0.0,,,0.0,0.0,0.0,INT,,,610.0,,0.0,0.0,0.0,0
1067654,0.0,0.0,0.0,0.0,0.0,0.0,udp,0.0,,cs0,,249.0,,7.0,,Start,1,1,0,74,74,0,74.0,0.0,0.0,0.0,0.0,0,0,0,0.0,,,0.0,0.0,0.0,INT,,,610.0,,0.0,0.0,0.0,0
1067760,0.0,0.0,0.0,0.0,0.0,0.0,udp,0.0,,cs0,,249.0,,7.0,,Start,1,1,0,74,74,0,74.0,0.0,0.0,0.0,0.0,0,0,0,0.0,,,0.0,0.0,0.0,INT,,,610.0,,0.0,0.0,0.0,0
1067781,0.0,0.0,0.0,0.0,0.0,0.0,udp,0.0,,cs0,,249.0,,7.0,,Start,1,1,0,74,74,0,74.0,0.0,0.0,0.0,0.0,0,0,0,0.0,,,0.0,0.0,0.0,INT,,,610.0,,0.0,0.0,0.0,0
1067991,0.0,0.0,0.0,0.0,0.0,0.0,udp,0.0,,cs0,,249.0,,7.0,,Start,1,1,0,74,74,0,74.0,0.0,0.0,0.0,0.0,0,0,0,0.0,,,0.0,0.0,0.0,INT,,,610.0,,0.0,0.0,0.0,0
1068027,0.0,0.0,0.0,0.0,0.0,0.0,udp,0.0,,cs0,,249.0,,7.0,,Start,1,1,0,74,74,0,74.0,0.0,0.0,0.0,0.0,0,0,0,0.0,,,0.0,0.0,0.0,INT,,,610.0,,0.0,0.0,0.0,0
1068169,0.0,0.0,0.0,0.0,0.0,0.0,udp,0.0,,cs0,,249.0,,7.0,,Start,1,1,0,74,74,0,74.0,0.0,0.0,0.0,0.0,0,0,0,0.0,,,0.0,0.0,0.0,INT,,,610.0,,0.0,0.0,0.0,0
1068214,0.0,0.0,0.0,0.0,0.0,0.0,udp,0.0,,cs0,,249.0,,7.0,,Start,1,1,0,74,74,0,74.0,0.0,0.0,0.0,0.0,0,0,0,0.0,,,0.0,0.0,0.0,INT,,,610.0,,0.0,0.0,0.0,0
1068237,0.0,0.0,0.0,0.0,0.0,0.0,udp,0.0,,cs0,,249.0,,7.0,,Start,1,1,0,74,74,0,74.0,0.0,0.0,0.0,0.0,0,0,0,0.0,,,0.0,0.0,0.0,INT,,,610.0,,0.0,0.0,0.0,0
1068320,0.0,0.0,0.0,0.0,0.0,0.0,udp,0.0,,cs0,,249.0,,7.0,,Start,1,1,0,74,74,0,74.0,0.0,0.0,0.0,0.0,0,0,0,0.0,,,0.0,0.0,0.0,INT,,,610.0,,0.0,0.0,0.0,0
1068326,0.0,0.0,0.0,0.0,0.0,0.0,udp,0.0,,cs0,,249.0,,7.0,,Start,1,1,0,74,74,0,74.0,0.0,0.0,0.0,0.0,0,0,0,0.0,,,0.0,0.0,0.0,INT,,,610.0,,0.0,0.0,0.0,0
1068575,0.0,0.0,0.0,0.0,0.0,0.0,udp,0.0,,cs0,,249.0,,7.0,,Start,1,1,0,64,64,0,64.0,0.0,0.0,0.0,0.0,0,0,0,0.0,,,0.0,0.0,0.0,INT,,,610.0,,0.0,0.0,0.0,0
1068583,0.0,0.0,0.0,0.0,0.0,0.0,udp,0.0,,cs0,,249.0,,7.0,,Start,1,1,0,74,74,0,74.0,0.0,0.0,0.0,0.0,0,0,0,0.0,,,0.0,0.0,0.0,INT,,,610.0,,0.0,0.0,0.0,0
1068658,0.0,0.0,0.0,0.0,0.0,0.0,udp,0.0,,cs0,,249.0,,7.0,,Start,1,1,0,74,74,0,74.0,0.0,0.0,0.0,0.0,0,0,0,0.0,,,0.0,0.0,0.0,INT,,,610.0,,0.0,0.0,0.0,0
1068665,0.0,0.0,0.0,0.0,0.0,0.0,udp,0.0,,cs0,,249.0,,7.0,,Start,1,1,0,74,74,0,74.0,0.0,0.0,0.0,0.0,0,0,0,0.0,,,0.0,0.0,0.0,INT,,,610.0,,0.0,0.0,0.0,0
1068671,0.0,0.0,0.0,0.0,0.0,0.0,udp,0.0,,cs0,,249.0,,7.0,,Start,1,1,0,74,74,0,74.0,0.0,0.0,0.0,0.0,0,0,0,0.0,,,0.0,0.0,0.0,INT,,,610.0,,0.0,0.0,0.0,0
1068721,0.0,0.0,0.0,0.0,0.0,0.0,udp,0.0,,cs0,,249.0,,7.0,,Start,1,1,0,74,74,0,74.0,0.0,0.0,0.0,0.0,0,0,0,0.0,,,0.0,0.0,0.0,INT,,,610.0,,0.0,0.0,0.0,0
1069019,0.0,0.0,0.0,0.0,0.0,0.0,udp,0.0,,cs0,,249.0,,7.0,,Start,1,1,0,74,74,0,74.0,0.0,0.0,0.0,0.0,0,0,0,0.0,,,0.0,0.0,0.0,INT,,,610.0,,0.0,0.0,0.0,0
1069080,0.0,0.0,0.0,0.0,0.0,0.0,udp,0.0,,cs0,,249.0,,7.0,,Start,1,1,0,74,74,0,74.0,0.0,0.0,0.0,0.0,0,0,0,0.0,,,0.0,0.0,0.0,INT,,,610.0,,0.0,0.0,0.0,0
1069155,0.0,0.0,0.0,0.0,0.0,0.0,udp,0.0,,cs0,,249.0,,7.0,,Start,1,1,0,74,74,0,74.0,0.0,0.0,0.0,0.0,0,0,0,0.0,,,0.0,0.0,0.0,INT,,,610.0,,0.0,0.0,0.0,0
1069193,0.0,0.0,0.0,0.0,0.0,0.0,udp,0.0,,cs0,,249.0,,7.0,,Start,1,1,0,74,74,0,74.0,0.0,0.0,0.0,0.0,0,0,0,0.0,,,0.0,0.0,0.0,INT,,,610.0,,0.0,0.0,0.0,0
1069194,0.0,0.0,0.0,0.0,0.0,0.0,udp,0.0,,cs0,,249.0,,7.0,,Start,1,1,0,74,74,0,74.0,0.0,0.0,0.0,0.0,0,0,0,0.0,,,0.0,0.0,0.0,INT,,,610.0,,0.0,0.0,0.0,0
1069197,0.0,0.0,0.0,0.0,0.0,0.0,udp,0.0,,cs0,,249.0,,7.0,,Start,1,1,0,74,74,0,74.0,0.0,0.0,0.0,0.0,0,0,0,0.0,,,0.0,0.0,0.0,INT,,,610.0,,0.0,0.0,0.0,0
1069231,0.0,0.0,0.0,0.0,0.0,0.0,udp,0.0,,cs0,,249.0,,7.0,,Start,1,1,0,74,74,0,74.0,0.0,0.0,0.0,0.0,0,0,0,0.0,,,0.0,0.0,0.0,INT,,,610.0,,0.0,0.0,0.0,0
1069310,0.0,0.0,0.0,0.0,0.0,0.0,udp,0.0,,cs0,,249.0,,7.0,,Start,1,1,0,74,74,0,74.0,0.0,0.0,0.0,0.0,0,0,0,0.0,,,0.0,0.0,0.0,INT,,,610.0,,0.0,0.0,0.0,0
1069322,0.0,0.0,0.0,0.0,0.0,0.0,udp,0.0,,cs0,,249.0,,7.0,,Start,1,1,0,74,74,0,74.0,0.0,0.0,0.0,0.0,0,0,0,0.0,,,0.0,0.0,0.0,INT,,,610.0,,0.0,0.0,0.0,0
1069378,0.0,0.0,0.0,0.0,0.0,0.0,udp,0.0,,cs0,,249.0,,7.0,,Start,1,1,0,74,74,0,74.0,0.0,0.0,0.0,0.0,0,0,0,0.0,,,0.0,0.0,0.0,INT,,,610.0,,0.0,0.0,0.0,0
1069472,0.0,0.0,0.0,0.0,0.0,0.0,udp,0.0,,cs0,,249.0,,7.0,,Start,1,1,0,74,74,0,74.0,0.0,0.0,0.0,0.0,0,0,0,0.0,,,0.0,0.0,0.0,INT,,,610.0,,0.0,0.0,0.0,0
1069543,0.0,0.0,0.0,0.0,0.0,0.0,udp,0.0,,cs0,,249.0,,7.0,,Start,1,1,0,74,74,0,74.0,0.0,0.0,0.0,0.0,0,0,0,0.0,,,0.0,0.0,0.0,INT,,,610.0,,0.0,0.0,0.0,0
1069781,0.0,0.0,0.0,0.0,0.0,0.0,udp,0.0,,cs0,,249.0,,7.0,,Start,1,1,0,74,74,0,74.0,0.0,0.0,0.0,0.0,0,0,0,0.0,,,0.0,0.0,0.0,INT,,,610.0,,0.0,0.0,0.0,0
1069802,0.0,0.0,0.0,0.0,0.0,0.0,udp,0.0,,cs0,,249.0,,7.0,,Start,1,1,0,74,74,0,74.0,0.0,0.0,0.0,0.0,0,0,0,0.0,,,0.0,0.0,0.0,INT,,,610.0,,0.0,0.0,0.0,0
1069967,0.0,0.0,0.0,0.0,0.0,0.0,udp,0.0,,cs0,,249.0,,7.0,,Start,1,1,0,74,74,0,74.0,0.0,0.0,0.0,0.0,0,0,0,0.0,,,0.0,0.0,0.0,INT,,,610.0,,0.0,0.0,0.0,0
1069995,0.0,0.0,0.0,0.0,0.0,0.0,udp,0.0,,cs0,,249.0,,7.0,,Start,1,1,0,74,74,0,74.0,0.0,0.0,0.0,0.0,0,0,0,0.0,,,0.0,0.0,0.0,INT,,,610.0,,0.0,0.0,0.0,0
1070081,0.0,0.0,0.0,0.0,0.0,0.0,udp,0.0,,cs0,,249.0,,7.0,,Start,1,1,0,74,74,0,74.0,0.0,0.0,0.0,0.0,0,0,0,0.0,,,0.0,0.0,0.0,INT,,,610.0,,0.0,0.0,0.0,0
1070160,0.0,0.0,0.0,0.0,0.0,0.0,udp,0.0,,cs0,,249.0,,7.0,,Start,1,1,0,74,74,0,74.0,0.0,0.0,0.0,0.0,0,0,0,0.0,,,0.0,0.0,0.0,INT,,,610.0,,0.0,0.0,0.0,0
1070167,0.0,0.0,0.0,0.0,0.0,0.0,udp,0.0,,cs0,,249.0,,7.0,,Start,1,1,0,74,74,0,74.0,0.0,0.0,0.0,0.0,0,0,0,0.0,,,0.0,0.0,0.0,INT,,,610.0,,0.0,0.0,0.0,0
1070181,0.0,0.0,0.0,0.0,0.0,0.0,udp,0.0,,cs0,,249.0,,7.0,,Start,1,1,0,74,74,0,74.0,0.0,0.0,0.0,0.0,0,0,0,0.0,,,0.0,0.0,0.0,INT,,,610.0,,0.0,0.0,0.0,0
1070251,0.0,0.0,0.0,0.0,0.0,0.0,udp,0.0,,cs0,,249.0,,7.0,,Start,1,1,0,74,74,0,74.0,0.0,0.0,0.0,0.0,0,0,0,0.0,,,0.0,0.0,0.0,INT,,,610.0,,0.0,0.0,0.0,0
1070255,0.0,0.0,0.0,0.0,0.0,0.0,udp,0.0,,cs0,,249.0,,7.0,,Start,1,1,0,74,74,0,74.0,0.0,0.0,0.0,0.0,0,0,0,0.0,,,0.0,0.0,0.0,INT,,,610.0,,0.0,0.0,0.0,0
1070538,0.0,0.0,0.0,0.0,0.0,0.0,udp,0.0,,cs0,,249.0,,7.0,,Start,1,1,0,74,74,0,74.0,0.0,0.0,0.0,0.0,0,0,0,0.0,,,0.0,0.0,0.0,INT,,,610.0,,0.0,0.0,0.0,0
1070696,0.0,0.0,0.0,0.0,0.0,0.0,udp,0.0,,cs0,,249.0,,7.0,,Start,1,1,0,74,74,0,74.0,0.0,0.0,0.0,0.0,0,0,0,0.0,,,0.0,0.0,0.0,INT,,,610.0,,0.0,0.0,0.0,0
1070776,0.0,0.0,0.0,0.0,0.0,0.0,udp,0.0,,cs0,,249.0,,7.0,,Start,1,1,0,74,74,0,74.0,0.0,0.0,0.0,0.0,0,0,0,0.0,,,0.0,0.0,0.0,INT,,,610.0,,0.0,0.0,0.0,0
1070859,0.0,0.0,0.0,0.0,0.0,0.0,udp,0.0,,cs0,,249.0,,7.0,,Start,1,1,0,74,74,0,74.0,0.0,0.0,0.0,0.0,0,0,0,0.0,,,0.0,0.0,0.0,INT,,,610.0,,0.0,0.0,0.0,0
1070891,0.0,0.0,0.0,0.0,0.0,0.0,udp,0.0,,cs0,,249.0,,7.0,,Start,1,1,0,74,74,0,74.0,0.0,0.0,0.0,0.0,0,0,0,0.0,,,0.0,0.0,0.0,INT,,,610.0,,0.0,0.0,0.0,0
1070975,0.0,0.0,0.0,0.0,0.0,0.0,udp,0.0,,cs0,,249.0,,7.0,,Start,1,1,0,74,74,0,74.0,0.0,0.0,0.0,0.0,0,0,0,0.0,,,0.0,0.0,0.0,INT,,,610.0,,0.0,0.0,0.0,0
1071020,0.0,0.0,0.0,0.0,0.0,0.0,udp,0.0,,cs0,,249.0,,7.0,,Start,1,1,0,74,74,0,74.0,0.0,0.0,0.0,0.0,0,0,0,0.0,,,0.0,0.0,0.0,INT,,,610.0,,0.0,0.0,0.0,0
1071055,0.0,0.0,0.0,0.0,0.0,0.0,udp,0.0,,cs0,,249.0,,7.0,,Start,1,1,0,74,74,0,74.0,0.0,0.0,0.0,0.0,0,0,0,0.0,,,0.0,0.0,0.0,INT,,,610.0,,0.0,0.0,0.0,0
1071132,0.0,0.0,0.0,0.0,0.0,0.0,udp,0.0,,cs0,,249.0,,7.0,,Start,1,1,0,74,74,0,74.0,0.0,0.0,0.0,0.0,0,0,0,0.0,,,0.0,0.0,0.0,INT,,,610.0,,0.0,0.0,0.0,0
1071164,0.0,0.0,0.0,0.0,0.0,0.0,udp,0.0,,cs0,,249.0,,7.0,,Start,1,1,0,74,74,0,74.0,0.0,0.0,0.0,0.0,0,0,0,0.0,,,0.0,0.0,0.0,INT,,,610.0,,0.0,0.0,0.0,0
1071238,0.087088,0.087088,0.087088,0.087088,0.087088,0.087088,tcp,0.0,0.0,cs0,cs0,64.0,117.0,0.0,11.0,Status,9,5,4,1481,819,662,163.800003,165.5,105915.8594,60260.88672,45654.97266,0,0,0,0.0,0.0,0.0,91.861107,45.930553,34.447918,FIN,1409024.0,129024.0,,,0.053929,0.021767,0.032162,0
1071254,0.0,0.0,0.0,0.0,0.0,0.0,udp,0.0,,cs0,,249.0,,7.0,,Start,1,1,0,74,74,0,74.0,0.0,0.0,0.0,0.0,0,0,0,0.0,,,0.0,0.0,0.0,INT,,,610.0,,0.0,0.0,0.0,0
1071269,0.0,0.0,0.0,0.0,0.0,0.0,udp,0.0,,cs0,,249.0,,7.0,,Start,1,1,0,74,74,0,74.0,0.0,0.0,0.0,0.0,0,0,0,0.0,,,0.0,0.0,0.0,INT,,,610.0,,0.0,0.0,0.0,0
1071279,0.0,0.0,0.0,0.0,0.0,0.0,udp,0.0,,cs0,,249.0,,7.0,,Start,1,1,0,74,74,0,74.0,0.0,0.0,0.0,0.0,0,0,0,0.0,,,0.0,0.0,0.0,INT,,,610.0,,0.0,0.0,0.0,0
1071310,0.0,0.0,0.0,0.0,0.0,0.0,udp,0.0,,cs0,,249.0,,7.0,,Start,1,1,0,74,74,0,74.0,0.0,0.0,0.0,0.0,0,0,0,0.0,,,0.0,0.0,0.0,INT,,,610.0,,0.0,0.0,0.0,0
1071428,0.0,0.0,0.0,0.0,0.0,0.0,udp,0.0,,cs0,,249.0,,7.0,,Start,1,1,0,74,74,0,74.0,0.0,0.0,0.0,0.0,0,0,0,0.0,,,0.0,0.0,0.0,INT,,,610.0,,0.0,0.0,0.0,0
1071625,0.0,0.0,0.0,0.0,0.0,0.0,udp,0.0,,cs0,,249.0,,7.0,,Start,1,1,0,74,74,0,74.0,0.0,0.0,0.0,0.0,0,0,0,0.0,,,0.0,0.0,0.0,INT,,,610.0,,0.0,0.0,0.0,0
1071653,0.0,0.0,0.0,0.0,0.0,0.0,udp,0.0,,cs0,,249.0,,7.0,,Start,1,1,0,74,74,0,74.0,0.0,0.0,0.0,0.0,0,0,0,0.0,,,0.0,0.0,0.0,INT,,,610.0,,0.0,0.0,0.0,0
1071829,0.0,0.0,0.0,0.0,0.0,0.0,udp,0.0,,cs0,,249.0,,7.0,,Start,1,1,0,74,74,0,74.0,0.0,0.0,0.0,0.0,0,0,0,0.0,,,0.0,0.0,0.0,INT,,,610.0,,0.0,0.0,0.0,0
1071927,0.0,0.0,0.0,0.0,0.0,0.0,udp,0.0,,cs0,,249.0,,7.0,,Start,1,1,0,74,74,0,74.0,0.0,0.0,0.0,0.0,0,0,0,0.0,,,0.0,0.0,0.0,INT,,,610.0,,0.0,0.0,0.0,0
1071929,4.949528,4.949528,4.949528,4.949528,4.949528,4.949528,tcp,0.0,0.0,cs0,cs0,64.0,117.0,0.0,11.0,Status,48,21,27,37564,3744,33820,178.285721,1252.592651,58403.94922,5763.781738,52640.16797,0,0,0,0.0,0.0,0.0,9.495854,4.040789,5.253026,CON,799744.0,121088.0,,,0.053745,0.020691,0.033054,0
1071994,0.0,0.0,0.0,0.0,0.0,0.0,udp,0.0,,cs0,,249.0,,7.0,,Start,1,1,0,74,74,0,74.0,0.0,0.0,0.0,0.0,0,0,0,0.0,,,0.0,0.0,0.0,INT,,,610.0,,0.0,0.0,0.0,0
1072183,0.0,0.0,0.0,0.0,0.0,0.0,udp,0.0,,cs0,,249.0,,7.0,,Start,1,1,0,74,74,0,74.0,0.0,0.0,0.0,0.0,0,0,0,0.0,,,0.0,0.0,0.0,INT,,,610.0,,0.0,0.0,0.0,0
1072251,0.0,0.0,0.0,0.0,0.0,0.0,udp,0.0,,cs0,,249.0,,7.0,,Start,1,1,0,74,74,0,74.0,0.0,0.0,0.0,0.0,0,0,0,0.0,,,0.0,0.0,0.0,INT,,,610.0,,0.0,0.0,0.0,0
1072539,0.0,0.0,0.0,0.0,0.0,0.0,udp,0.0,,cs0,,249.0,,7.0,,Start,1,1,0,74,74,0,74.0,0.0,0.0,0.0,0.0,0,0,0,0.0,,,0.0,0.0,0.0,INT,,,610.0,,0.0,0.0,0.0,0
1072621,0.0,0.0,0.0,0.0,0.0,0.0,udp,0.0,,cs0,,249.0,,7.0,,Start,1,1,0,74,74,0,74.0,0.0,0.0,0.0,0.0,0,0,0,0.0,,,0.0,0.0,0.0,INT,,,610.0,,0.0,0.0,0.0,0
1072628,0.0,0.0,0.0,0.0,0.0,0.0,udp,0.0,,cs0,,249.0,,7.0,,Start,1,1,0,74,74,0,74.0,0.0,0.0,0.0,0.0,0,0,0,0.0,,,0.0,0.0,0.0,INT,,,610.0,,0.0,0.0,0.0,0
1072631,0.0,0.0,0.0,0.0,0.0,0.0,udp,0.0,,cs0,,249.0,,7.0,,Start,1,1,0,74,74,0,74.0,0.0,0.0,0.0,0.0,0,0,0,0.0,,,0.0,0.0,0.0,INT,,,610.0,,0.0,0.0,0.0,0
1072716,0.0,0.0,0.0,0.0,0.0,0.0,udp,0.0,,cs0,,249.0,,7.0,,Start,1,1,0,74,74,0,74.0,0.0,0.0,0.0,0.0,0,0,0,0.0,,,0.0,0.0,0.0,INT,,,610.0,,0.0,0.0,0.0,0
1072717,0.0,0.0,0.0,0.0,0.0,0.0,udp,0.0,,cs0,,249.0,,7.0,,Start,1,1,0,74,74,0,74.0,0.0,0.0,0.0,0.0,0,0,0,0.0,,,0.0,0.0,0.0,INT,,,610.0,,0.0,0.0,0.0,0
1072974,0.0,0.0,0.0,0.0,0.0,0.0,udp,0.0,,cs0,,249.0,,7.0,,Start,1,1,0,74,74,0,74.0,0.0,0.0,0.0,0.0,0,0,0,0.0,,,0.0,0.0,0.0,INT,,,610.0,,0.0,0.0,0.0,0
1072984,0.0,0.0,0.0,0.0,0.0,0.0,udp,0.0,,cs0,,249.0,,7.0,,Start,1,1,0,74,74,0,74.0,0.0,0.0,0.0,0.0,0,0,0,0.0,,,0.0,0.0,0.0,INT,,,610.0,,0.0,0.0,0.0,0
1073081,0.0,0.0,0.0,0.0,0.0,0.0,udp,0.0,,cs0,,249.0,,7.0,,Start,1,1,0,74,74,0,74.0,0.0,0.0,0.0,0.0,0,0,0,0.0,,,0.0,0.0,0.0,INT,,,610.0,,0.0,0.0,0.0,0
1073086,0.0,0.0,0.0,0.0,0.0,0.0,udp,0.0,,cs0,,249.0,,7.0,,Start,1,1,0,74,74,0,74.0,0.0,0.0,0.0,0.0,0,0,0,0.0,,,0.0,0.0,0.0,INT,,,610.0,,0.0,0.0,0.0,0
1073094,0.0,0.0,0.0,0.0,0.0,0.0,udp,0.0,,cs0,,249.0,,7.0,,Start,1,1,0,74,74,0,74.0,0.0,0.0,0.0,0.0,0,0,0,0.0,,,0.0,0.0,0.0,INT,,,610.0,,0.0,0.0,0.0,0
1073097,0.0,0.0,0.0,0.0,0.0,0.0,udp,0.0,,cs0,,249.0,,7.0,,Start,1,1,0,74,74,0,74.0,0.0,0.0,0.0,0.0,0,0,0,0.0,,,0.0,0.0,0.0,INT,,,610.0,,0.0,0.0,0.0,0
1073187,0.0,0.0,0.0,0.0,0.0,0.0,udp,0.0,,cs0,,249.0,,7.0,,Start,1,1,0,74,74,0,74.0,0.0,0.0,0.0,0.0,0,0,0,0.0,,,0.0,0.0,0.0,INT,,,610.0,,0.0,0.0,0.0,0
1073304,0.0,0.0,0.0,0.0,0.0,0.0,udp,0.0,,cs0,,249.0,,7.0,,Start,1,1,0,74,74,0,74.0,0.0,0.0,0.0,0.0,0,0,0,0.0,,,0.0,0.0,0.0,INT,,,610.0,,0.0,0.0,0.0,0
1073313,0.0,0.0,0.0,0.0,0.0,0.0,udp,0.0,,cs0,,249.0,,7.0,,Start,1,1,0,74,74,0,74.0,0.0,0.0,0.0,0.0,0,0,0,0.0,,,0.0,0.0,0.0,INT,,,610.0,,0.0,0.0,0.0,0
1073339,0.0,0.0,0.0,0.0,0.0,0.0,udp,0.0,,cs0,,249.0,,7.0,,Start,1,1,0,74,74,0,74.0,0.0,0.0,0.0,0.0,0,0,0,0.0,,,0.0,0.0,0.0,INT,,,610.0,,0.0,0.0,0.0,0
1073508,0.0,0.0,0.0,0.0,0.0,0.0,udp,0.0,,cs0,,249.0,,7.0,,Start,1,1,0,74,74,0,74.0,0.0,0.0,0.0,0.0,0,0,0,0.0,,,0.0,0.0,0.0,INT,,,610.0,,0.0,0.0,0.0,0
1073570,0.0,0.0,0.0,0.0,0.0,0.0,udp,0.0,,cs0,,249.0,,7.0,,Start,1,1,0,74,74,0,74.0,0.0,0.0,0.0,0.0,0,0,0,0.0,,,0.0,0.0,0.0,INT,,,610.0,,0.0,0.0,0.0,0
1073575,0.0,0.0,0.0,0.0,0.0,0.0,udp,0.0,,cs0,,249.0,,7.0,,Start,1,1,0,74,74,0,74.0,0.0,0.0,0.0,0.0,0,0,0,0.0,,,0.0,0.0,0.0,INT,,,610.0,,0.0,0.0,0.0,0
1073580,0.0,0.0,0.0,0.0,0.0,0.0,udp,0.0,,cs0,,249.0,,7.0,,Start,1,1,0,74,74,0,74.0,0.0,0.0,0.0,0.0,0,0,0,0.0,,,0.0,0.0,0.0,INT,,,610.0,,0.0,0.0,0.0,0
1073756,0.0,0.0,0.0,0.0,0.0,0.0,udp,0.0,,cs0,,249.0,,7.0,,Start,1,1,0,74,74,0,74.0,0.0,0.0,0.0,0.0,0,0,0,0.0,,,0.0,0.0,0.0,INT,,,610.0,,0.0,0.0,0.0,0
1073844,0.0,0.0,0.0,0.0,0.0,0.0,udp,0.0,,cs0,,249.0,,7.0,,Start,1,1,0,74,74,0,74.0,0.0,0.0,0.0,0.0,0,0,0,0.0,,,0.0,0.0,0.0,INT,,,610.0,,0.0,0.0,0.0,0
1073927,0.0,0.0,0.0,0.0,0.0,0.0,udp,0.0,,cs0,,249.0,,7.0,,Start,1,1,0,74,74,0,74.0,0.0,0.0,0.0,0.0,0,0,0,0.0,,,0.0,0.0,0.0,INT,,,610.0,,0.0,0.0,0.0,0
1074057,0.0,0.0,0.0,0.0,0.0,0.0,udp,0.0,,cs0,,249.0,,7.0,,Start,1,1,0,74,74,0,74.0,0.0,0.0,0.0,0.0,0,0,0,0.0,,,0.0,0.0,0.0,INT,,,610.0,,0.0,0.0,0.0,0
1074064,0.0,0.0,0.0,0.0,0.0,0.0,udp,0.0,,cs0,,249.0,,7.0,,Start,1,1,0,74,74,0,74.0,0.0,0.0,0.0,0.0,0,0,0,0.0,,,0.0,0.0,0.0,INT,,,610.0,,0.0,0.0,0.0,0
1074076,0.0,0.0,0.0,0.0,0.0,0.0,udp,0.0,,cs0,,249.0,,7.0,,Start,1,1,0,74,74,0,74.0,0.0,0.0,0.0,0.0,0,0,0,0.0,,,0.0,0.0,0.0,INT,,,610.0,,0.0,0.0,0.0,0
1074112,2.992321,2.992321,2.992321,2.992321,2.992321,2.992321,tcp,136.0,,af41,,255.0,,1.0,,Start,3,3,0,222,222,0,74.0,0.0,395.679474,395.679474,0.0,2,2,0,40.0,0.0,0.0,0.668377,0.668377,0.0,REQ,3737600.0,,,,0.0,0.0,0.0,0
1074167,0.0,0.0,0.0,0.0,0.0,0.0,udp,0.0,,cs0,,249.0,,7.0,,Start,1,1,0,74,74,0,74.0,0.0,0.0,0.0,0.0,0,0,0,0.0,,,0.0,0.0,0.0,INT,,,610.0,,0.0,0.0,0.0,0
1074573,0.0,0.0,0.0,0.0,0.0,0.0,udp,0.0,,cs0,,249.0,,7.0,,Start,1,1,0,74,74,0,74.0,0.0,0.0,0.0,0.0,0,0,0,0.0,,,0.0,0.0,0.0,INT,,,610.0,,0.0,0.0,0.0,0
1074661,0.0,0.0,0.0,0.0,0.0,0.0,udp,0.0,,cs0,,249.0,,7.0,,Start,1,1,0,74,74,0,74.0,0.0,0.0,0.0,0.0,0,0,0,0.0,,,0.0,0.0,0.0,INT,,,610.0,,0.0,0.0,0.0,0
1074683,0.0,0.0,0.0,0.0,0.0,0.0,udp,0.0,,cs0,,249.0,,7.0,,Start,1,1,0,74,74,0,74.0,0.0,0.0,0.0,0.0,0,0,0,0.0,,,0.0,0.0,0.0,INT,,,610.0,,0.0,0.0,0.0,0
1074902,3.63392,3.63392,3.63392,3.63392,3.63392,3.63392,udp,0.0,0.0,cs0,cs0,64.0,52.0,0.0,12.0,Status,28,12,16,3981,2714,1267,226.166672,79.1875,8092.638184,5477.280762,2615.357666,0,0,0,0.0,,,7.429993,3.027034,4.127774,CON,,,,,0.0,0.0,0.0,0
1076167,0.030905,0.030905,0.030905,0.030905,0.030905,0.030905,udp,0.0,0.0,cs0,cs0,64.0,117.0,0.0,11.0,Status,22,7,15,21386,4096,17290,585.142883,1152.666626,5086296.5,908849.6875,4177447.0,0,0,0,0.0,,,679.501709,194.143341,453.001129,CON,,,,,0.0,0.0,0.0,0
1076287,0.093413,0.093413,0.093413,0.093413,0.093413,0.093413,udp,0.0,0.0,cs0,cs0,64.0,52.0,0.0,12.0,Status,7,3,4,1005,681,324,227.0,81.0,59691.90234,38881.09766,20810.80664,0,0,0,0.0,,,64.230888,21.410295,32.115444,CON,,,,,0.0,0.0,0.0,0
1076335,0.186644,0.186644,0.186644,0.186644,0.186644,0.186644,udp,0.0,0.0,cs0,cs0,64.0,53.0,0.0,11.0,Start,23,11,12,11989,7418,4571,674.363647,380.916656,468699.75,289063.6563,179636.0938,0,0,0,0.0,,,117.871452,53.577934,58.935726,CON,,,,,0.0,0.0,0.0,0
1076343,0.093501,0.093501,0.093501,0.093501,0.093501,0.093501,udp,0.0,0.0,cs0,cs0,64.0,52.0,0.0,12.0,Status,7,3,4,1001,677,324,225.666672,81.0,59464.60547,38673.38281,20791.2207,0,0,0,0.0,,,64.170433,21.390144,32.085217,CON,,,,,0.0,0.0,0.0,0
1076363,0.083972,0.083972,0.083972,0.083972,0.083972,0.083972,udp,0.0,0.0,cs0,cs0,64.0,117.0,0.0,11.0,Status,4,2,2,438,300,138,150.0,69.0,20864.09766,14290.47754,6573.619629,0,0,0,0.0,,,35.726196,11.908731,11.908731,CON,,,,,0.0,0.0,0.0,0
1076391,0.000118,0.000118,0.000118,0.000118,0.000118,0.000118,sctp,186.0,186.0,ef,ef,252.0,255.0,4.0,1.0,Status,2,1,1,200,102,98,102.0,98.0,0.0,0.0,0.0,0,0,0,0.0,,,8474.576172,0.0,0.0,CON,,,610.0,,0.0,0.0,0.0,0
1076398,4.978822,4.978822,4.978822,4.978822,4.978822,4.978822,udp,0.0,0.0,cs0,cs0,64.0,117.0,0.0,11.0,Status,101,15,86,112472,8411,104061,560.733337,1210.011597,177876.6094,12615.03125,165261.5781,0,0,0,0.0,,,20.085072,2.81191,17.072311,CON,,,,,0.0,0.0,0.0,0
1076436,1e-06,1e-06,1e-06,1e-06,1e-06,1e-06,sctp,186.0,186.0,ef,ef,252.0,255.0,4.0,1.0,Status,2,1,1,200,102,98,102.0,98.0,0.0,0.0,0.0,0,0,0,0.0,,,1000000.0,0.0,0.0,CON,,,610.0,,0.0,0.0,0.0,0
1076487,0.199184,0.199184,0.199184,0.199184,0.199184,0.199184,udp,0.0,0.0,cs0,cs0,64.0,53.0,0.0,11.0,Start,23,12,11,12104,7532,4572,627.666687,415.636353,444292.7188,277331.5,166961.2031,0,0,0,0.0,,,110.450638,55.225319,50.204834,CON,,,,,0.0,0.0,0.0,0
1076537,4.994258,4.994258,4.994258,4.994258,4.994258,4.994258,udp,0.0,0.0,cs0,cs0,64.0,117.0,0.0,11.0,Status,157,4,153,187434,284,187150,71.0,1223.202637,298166.4063,341.191833,297825.2188,0,0,0,0.0,,,31.235872,0.60069,30.434952,CON,,,,,0.0,0.0,0.0,0
1076540,0.07292,0.07292,0.07292,0.07292,0.07292,0.07292,udp,0.0,0.0,cs0,cs0,64.0,117.0,0.0,11.0,Status,4,2,2,438,300,138,150.0,69.0,24026.33008,16456.39063,7569.939453,0,0,0,0.0,,,41.140976,13.713658,13.713658,CON,,,,,0.0,0.0,0.0,0
1076554,0.089111,0.089111,0.089111,0.089111,0.089111,0.089111,udp,0.0,0.0,cs0,cs0,64.0,117.0,0.0,11.0,Status,4,2,2,437,299,138,149.5,69.0,19660.87305,13466.35059,6194.521484,0,0,0,0.0,,,33.665878,11.221959,11.221959,CON,,,,,0.0,0.0,0.0,0
1076576,0.0,0.0,0.0,0.0,0.0,0.0,icmp,0.0,,cs0,,58.0,,6.0,,Start,1,1,0,98,98,0,98.0,0.0,0.0,0.0,0.0,0,0,0,0.0,,,0.0,0.0,0.0,ECO,,,,,0.0,0.0,0.0,0
1076592,0.0,0.0,0.0,0.0,0.0,0.0,icmp,0.0,,cs0,,58.0,,6.0,,Start,1,1,0,98,98,0,98.0,0.0,0.0,0.0,0.0,0,0,0,0.0,,,0.0,0.0,0.0,ECO,,,,,0.0,0.0,0.0,0
1076609,4.512908,4.512908,4.512908,4.512908,4.512908,4.512908,udp,0.0,0.0,cs0,cs0,64.0,53.0,0.0,11.0,Status,27,15,12,16150,10362,5788,690.799988,482.333344,26551.39453,17145.48633,9405.908203,0,0,0,0.0,,,5.761252,3.102213,2.437453,CON,,,,,0.0,0.0,0.0,0
1076670,0.0,0.0,0.0,0.0,0.0,0.0,udp,0.0,,cs0,,249.0,,7.0,,Start,1,1,0,64,64,0,64.0,0.0,0.0,0.0,0.0,0,0,0,0.0,,,0.0,0.0,0.0,INT,,,610.0,,0.0,0.0,0.0,0
1076775,0.014855,0.014855,0.014855,0.014855,0.014855,0.014855,tcp,0.0,0.0,cs0,cs0,64.0,62.0,0.0,2.0,Status,6,3,3,439,229,210,76.333336,70.0,157791.9844,82396.5,75395.49219,0,0,0,0.0,0.0,0.0,336.587006,134.634796,134.634796,FIN,81408.0,33280.0,,,0.015896,0.001008,0.014888,0
1076807,0.0,0.0,0.0,0.0,0.0,0.0,icmp,0.0,,cs0,,58.0,,6.0,,Start,1,1,0,98,98,0,98.0,0.0,0.0,0.0,0.0,0,0,0,0.0,,,0.0,0.0,0.0,ECO,,,,,0.0,0.0,0.0,0
1076814,4.994354,4.994354,4.994354,4.994354,4.994354,4.994354,udp,0.0,0.0,cs0,cs0,117.0,64.0,11.0,0.0,Status,129,123,6,153747,149734,4013,1217.349609,668.833313,243253.8906,237895.8438,5358.050781,0,0,0,0.0,,,25.628941,24.427586,1.001131,CON,,,,,0.0,0.0,0.0,0
1076855,0.074782,0.074782,0.074782,0.074782,0.074782,0.074782,udp,0.0,0.0,cs0,cs0,64.0,117.0,0.0,11.0,Status,6,3,3,728,528,200,176.0,66.666664,51991.12109,37656.12109,14335.00098,0,0,0,0.0,,,66.861008,26.744404,26.744404,CON,,,,,0.0,0.0,0.0,0
1076951,4.373125,4.373125,4.373125,4.373125,4.373125,4.373125,udp,0.0,0.0,cs0,cs0,64.0,53.0,0.0,11.0,Status,27,15,12,15917,10362,5555,690.799988,462.916656,27010.43164,17693.52539,9316.907227,0,0,0,0.0,,,5.945405,3.201372,2.515364,CON,,,,,0.0,0.0,0.0,0
1076955,4.949065,4.949065,4.949065,4.949065,4.949065,4.949065,udp,0.0,0.0,cs0,cs0,117.0,64.0,11.0,0.0,Status,67,56,11,75432,67470,7962,1204.821411,723.818176,118818.3984,107116.7969,11701.60352,0,0,0,0.0,,,13.335852,11.11321,2.020584,CON,,,,,0.0,0.0,0.0,0
1076975,0.0,0.0,0.0,0.0,0.0,0.0,icmp,0.0,,cs0,,58.0,,6.0,,Start,1,1,0,98,98,0,98.0,0.0,0.0,0.0,0.0,0,0,0,0.0,,,0.0,0.0,0.0,ECO,,,,,0.0,0.0,0.0,0
1076994,0.0,0.0,0.0,0.0,0.0,0.0,icmp,0.0,,cs0,,58.0,,6.0,,Start,1,1,0,98,98,0,98.0,0.0,0.0,0.0,0.0,0,0,0,0.0,,,0.0,0.0,0.0,ECO,,,,,0.0,0.0,0.0,0
1077115,0.172788,0.172788,0.172788,0.172788,0.172788,0.172788,udp,0.0,0.0,cs0,cs0,64.0,52.0,0.0,12.0,Start,28,14,14,8813,5430,3383,387.857147,241.642853,378961.5,233488.4375,145473.0625,0,0,0,0.0,,,156.260864,75.23671,75.23671,CON,,,,,0.0,0.0,0.0,0
1077289,0.0,0.0,0.0,0.0,0.0,0.0,icmp,0.0,,cs0,,58.0,,6.0,,Start,1,1,0,98,98,0,98.0,0.0,0.0,0.0,0.0,0,0,0,0.0,,,0.0,0.0,0.0,ECO,,,,,0.0,0.0,0.0,0
1077305,0.0,0.0,0.0,0.0,0.0,0.0,icmp,0.0,,cs0,,58.0,,6.0,,Start,1,1,0,98,98,0,98.0,0.0,0.0,0.0,0.0,0,0,0,0.0,,,0.0,0.0,0.0,ECO,,,,,0.0,0.0,0.0,0
1077393,4.814909,4.814909,4.814909,4.814909,4.814909,4.814909,tcp,0.0,0.0,cs0,cs0,64.0,62.0,0.0,2.0,Status,8,4,4,571,295,276,73.75,69.0,712.786072,368.85434,343.931732,0,0,0,0.0,0.0,0.0,1.453818,0.623065,0.623065,FIN,78336.0,32256.0,,,0.016769,0.001159,0.01561,0
1077506,4.99856,4.99856,4.99856,4.99856,4.99856,4.99856,udp,0.0,0.0,cs0,cs0,117.0,64.0,11.0,0.0,Status,199,187,12,254688,251104,3584,1342.802124,298.666656,404993.4063,399734.3125,5259.114746,0,0,0,0.0,,,39.611408,37.210716,2.200634,CON,,,,,0.0,0.0,0.0,0
1077524,0.115054,0.115054,0.115054,0.115054,0.115054,0.115054,udp,0.0,0.0,cs0,cs0,64.0,117.0,0.0,11.0,Status,6,3,3,586,372,214,124.0,71.333336,27187.23438,17244.07813,9943.157227,0,0,0,0.0,,,43.457855,17.383142,17.383142,CON,,,,,0.0,0.0,0.0,0
1077538,0.052969,0.052969,0.052969,0.052969,0.052969,0.052969,udp,0.0,0.0,cs0,cs0,64.0,117.0,0.0,11.0,Status,6,4,2,916,760,156,190.0,78.0,97868.5625,86088.08594,11780.47559,0,0,0,0.0,,,94.394829,56.636898,18.878967,CON,,,,,0.0,0.0,0.0,0
1077546,0.145995,0.145995,0.145995,0.145995,0.145995,0.145995,udp,0.0,0.0,cs0,cs0,117.0,64.0,11.0,0.0,Status,74,64,10,80369,76057,4312,1188.390625,431.200012,4315216.0,4102551.25,212664.8125,0,0,0,0.0,,,500.01709,431.521606,61.645943,CON,,,,,0.0,0.0,0.0,0
1077560,4.999967,4.999967,4.999967,4.999967,4.999967,4.999967,udp,0.0,0.0,cs0,cs0,117.0,64.0,11.0,0.0,Status,254,227,27,317125,309460,7665,1363.259888,283.888885,504769.7188,492958.4375,11811.27734,0,0,0,0.0,,,50.600334,45.200298,5.200034,CON,,,,,0.0,0.0,0.0,0
1077595,0.0,0.0,0.0,0.0,0.0,0.0,icmp,0.0,,cs0,,58.0,,6.0,,Start,1,1,0,98,98,0,98.0,0.0,0.0,0.0,0.0,0,0,0,0.0,,,0.0,0.0,0.0,ECO,,,,,0.0,0.0,0.0,0
1077598,0.052932,0.052932,0.052932,0.052932,0.052932,0.052932,udp,0.0,0.0,cs0,cs0,64.0,117.0,0.0,11.0,Status,6,4,2,916,760,156,190.0,78.0,97936.97656,86148.26563,11788.70996,0,0,0,0.0,,,94.460815,56.676487,18.892162,CON,,,,,0.0,0.0,0.0,0
1077669,4.962196,4.962196,4.962196,4.962196,4.962196,4.962196,udp,0.0,0.0,cs0,cs0,117.0,64.0,11.0,0.0,Status,139,126,13,175390,168069,7321,1333.880981,563.15387,279705.1875,268810.0313,10895.17676,0,0,0,0.0,,,27.810268,25.19046,2.418284,CON,,,,,0.0,0.0,0.0,0
1077677,4.935666,4.935666,4.935666,4.935666,4.935666,4.935666,udp,0.0,0.0,cs0,cs0,117.0,64.0,11.0,0.0,Status,124,124,0,167842,167842,0,1353.564575,0.0,269854.5625,269854.5625,0.0,0,0,0,0.0,,,24.920649,24.920649,0.0,REQ,,,,,0.0,0.0,0.0,0
1077764,0.172462,0.172462,0.172462,0.172462,0.172462,0.172462,udp,0.0,0.0,cs0,cs0,64.0,52.0,0.0,12.0,Start,24,11,13,12047,7382,4665,671.090881,358.846161,511092.2813,311303.3438,199788.9375,0,0,0,0.0,,,133.362717,57.983788,69.580544,CON,,,,,0.0,0.0,0.0,0
1077774,0.0,0.0,0.0,0.0,0.0,0.0,sctp,186.0,40.0,ef,af11,255.0,250.0,1.0,6.0,Status,2,1,1,232,114,118,114.0,118.0,0.0,0.0,0.0,0,0,0,0.0,,,0.0,0.0,0.0,CON,,,,610.0,0.0,0.0,0.0,0
1077796,0.0,0.0,0.0,0.0,0.0,0.0,icmp,0.0,,cs0,,58.0,,6.0,,Start,1,1,0,98,98,0,98.0,0.0,0.0,0.0,0.0,0,0,0,0.0,,,0.0,0.0,0.0,ECO,,,,,0.0,0.0,0.0,0
1077868,2.993811,2.993811,2.993811,2.993811,2.993811,2.993811,tcp,136.0,,af41,,255.0,,1.0,,Start,3,3,0,222,222,0,74.0,0.0,395.482574,395.482574,0.0,2,2,0,40.0,0.0,0.0,0.668045,0.668045,0.0,REQ,3737600.0,,,,0.0,0.0,0.0,0
1077906,0.0,0.0,0.0,0.0,0.0,0.0,icmp,0.0,,cs0,,58.0,,6.0,,Start,1,1,0,98,98,0,98.0,0.0,0.0,0.0,0.0,0,0,0,0.0,,,0.0,0.0,0.0,ECO,,,,,0.0,0.0,0.0,0
1078020,0.132821,0.132821,0.132821,0.132821,0.132821,0.132821,udp,0.0,0.0,cs0,cs0,64.0,53.0,0.0,11.0,Start,21,11,10,6708,2416,4292,219.636368,429.200012,365002.5313,132328.4844,232674.0625,0,0,0,0.0,,,150.578598,75.289299,67.760376,CON,,,,,0.0,0.0,0.0,0
1078067,4.99974,4.99974,4.99974,4.99974,4.99974,4.99974,udp,0.0,0.0,cs0,cs0,117.0,64.0,11.0,0.0,Status,267,255,12,352687,349119,3568,1369.094116,297.333344,561662.8125,556428.9375,5233.87207,0,0,0,0.0,,,53.202766,50.802639,2.200114,CON,,,,,0.0,0.0,0.0,0
1078080,4.999673,4.999673,4.999673,4.999673,4.999673,4.999673,udp,0.0,0.0,cs0,cs0,117.0,64.0,11.0,0.0,Status,108,91,17,122569,118633,3936,1303.659302,231.529419,193668.6719,187740.2813,5928.387695,0,0,0,0.0,,,21.4014,18.001177,3.200209,CON,,,,,0.0,0.0,0.0,0
1078101,0.053018,0.053018,0.053018,0.053018,0.053018,0.053018,udp,0.0,0.0,cs0,cs0,64.0,117.0,0.0,11.0,Status,6,4,2,914,758,156,189.5,78.0,97627.21875,85857.63281,11769.58789,0,0,0,0.0,,,94.307594,56.584557,18.861519,CON,,,,,0.0,0.0,0.0,0
1078123,3.249044,3.249044,3.249044,3.249044,3.249044,3.249044,tcp,0.0,0.0,cs0,cs0,64.0,62.0,0.0,2.0,Start,17,9,8,2624,1142,1482,126.888885,185.25,5695.213867,2501.658936,3193.554932,0,0,0,0.0,0.0,0.0,4.924526,2.462263,2.15448,CON,69120.0,32256.0,,,0.015971,0.00107,0.014901,0
1078257,0.053829,0.053829,0.053829,0.053829,0.053829,0.053829,udp,0.0,0.0,cs0,cs0,64.0,117.0,0.0,11.0,Status,6,3,3,728,528,200,176.0,66.666664,72228.72656,52313.80859,19914.91602,0,0,0,0.0,,,92.886734,37.154694,37.154694,CON,,,,,0.0,0.0,0.0,0
1078298,0.266752,0.266752,0.266752,0.266752,0.266752,0.266752,udp,0.0,0.0,cs0,cs0,117.0,64.0,11.0,0.0,Status,117,100,17,137762,132767,4995,1327.670044,293.823517,4082953.5,3941938.5,141014.875,0,0,0,0.0,,,434.86084,371.131226,59.980804,CON,,,,,0.0,0.0,0.0,0
1078349,0.0,0.0,0.0,0.0,0.0,0.0,icmp,0.0,,cs0,,58.0,,6.0,,Start,1,1,0,98,98,0,98.0,0.0,0.0,0.0,0.0,0,0,0,0.0,,,0.0,0.0,0.0,ECO,,,,,0.0,0.0,0.0,0
1078464,0.573735,0.573735,0.573735,0.573735,0.573735,0.573735,sctp,186.0,40.0,ef,af11,255.0,250.0,1.0,6.0,Status,4,2,2,424,208,216,104.0,108.0,2956.068604,1450.146851,1505.921753,0,0,0,0.0,,,5.228895,1.742965,1.742965,CON,,,,610.0,0.0,0.0,0.0,0
1078552,4.928797,4.928797,4.928797,4.928797,4.928797,4.928797,udp,0.0,0.0,cs0,cs0,117.0,64.0,11.0,0.0,Status,70,58,12,78147,70117,8030,1208.913818,669.166687,123794.9219,111847.1797,11947.74316,0,0,0,0.0,,,13.99936,11.564689,2.231782,CON,,,,,0.0,0.0,0.0,0
1078602,4.945199,4.945199,4.945199,4.945199,4.945199,4.945199,udp,0.0,0.0,cs0,cs0,117.0,64.0,11.0,0.0,Status,93,84,9,107467,101434,6033,1207.547607,670.333313,170816.1875,162140.2969,8675.889648,0,0,0,0.0,,,18.603903,16.783955,1.617731,CON,,,,,0.0,0.0,0.0,0
1078643,4.973837,4.973837,4.973837,4.973837,4.973837,4.973837,udp,0.0,0.0,cs0,cs0,117.0,64.0,11.0,0.0,Status,157,150,7,190299,186212,4087,1241.41333,583.857117,303146.2188,297510.3438,5635.890625,0,0,0,0.0,,,31.364117,29.956753,1.206312,CON,,,,,0.0,0.0,0.0,0
1078704,0.0,0.0,0.0,0.0,0.0,0.0,icmp,0.0,,cs0,,58.0,,6.0,,Start,1,1,0,98,98,0,98.0,0.0,0.0,0.0,0.0,0,0,0,0.0,,,0.0,0.0,0.0,ECO,,,,,0.0,0.0,0.0,0
1078725,0.0,0.0,0.0,0.0,0.0,0.0,icmp,0.0,,cs0,,58.0,,6.0,,Start,1,1,0,98,98,0,98.0,0.0,0.0,0.0,0.0,0,0,0,0.0,,,0.0,0.0,0.0,ECO,,,,,0.0,0.0,0.0,0
1078748,0.0,0.0,0.0,0.0,0.0,0.0,icmp,0.0,,cs0,,58.0,,6.0,,Start,1,1,0,98,98,0,98.0,0.0,0.0,0.0,0.0,0,0,0,0.0,,,0.0,0.0,0.0,ECO,,,,,0.0,0.0,0.0,0
1078978,0.0,0.0,0.0,0.0,0.0,0.0,tcp,0.0,,cs0,,64.0,,0.0,,Status,1,1,0,74,74,0,74.0,0.0,0.0,0.0,0.0,1,1,0,50.0,0.0,0.0,0.0,0.0,0.0,REQ,33553920.0,,,,0.0,0.0,0.0,0
1078993,0.0,0.0,0.0,0.0,0.0,0.0,tcp,0.0,,cs0,,64.0,,0.0,,Status,1,1,0,74,74,0,74.0,0.0,0.0,0.0,0.0,1,1,0,50.0,0.0,0.0,0.0,0.0,0.0,REQ,33553920.0,,,,0.0,0.0,0.0,0
1079003,0.0,0.0,0.0,0.0,0.0,0.0,tcp,0.0,,cs0,,64.0,,0.0,,Status,1,1,0,74,74,0,74.0,0.0,0.0,0.0,0.0,1,1,0,50.0,0.0,0.0,0.0,0.0,0.0,REQ,33553920.0,,,,0.0,0.0,0.0,0
1079020,0.0,0.0,0.0,0.0,0.0,0.0,tcp,0.0,,cs0,,64.0,,0.0,,Status,1,1,0,74,74,0,74.0,0.0,0.0,0.0,0.0,1,1,0,50.0,0.0,0.0,0.0,0.0,0.0,REQ,33553920.0,,,,0.0,0.0,0.0,0
1079024,0.0,0.0,0.0,0.0,0.0,0.0,tcp,0.0,,cs0,,64.0,,0.0,,Status,1,1,0,74,74,0,74.0,0.0,0.0,0.0,0.0,1,1,0,50.0,0.0,0.0,0.0,0.0,0.0,REQ,33553920.0,,,,0.0,0.0,0.0,0
1079107,0.0,0.0,0.0,0.0,0.0,0.0,tcp,0.0,,cs0,,64.0,,0.0,,Status,1,1,0,74,74,0,74.0,0.0,0.0,0.0,0.0,1,1,0,50.0,0.0,0.0,0.0,0.0,0.0,REQ,33553920.0,,,,0.0,0.0,0.0,0
1079131,0.45538,0.45538,0.45538,0.45538,0.45538,0.45538,sctp,186.0,40.0,ef,af11,255.0,250.0,1.0,6.0,Status,8,4,4,1168,688,480,172.0,120.0,15389.3457,9064.957031,6324.388672,0,0,0,0.0,,,15.371778,6.587905,6.587905,CON,,,,610.0,0.0,0.0,0.0,0
1079182,0.0,0.0,0.0,0.0,0.0,0.0,sctp,186.0,186.0,ef,ef,255.0,252.0,1.0,4.0,Status,2,1,1,200,98,102,98.0,102.0,0.0,0.0,0.0,0,0,0,0.0,,,0.0,0.0,0.0,CON,,,,610.0,0.0,0.0,0.0,0
1079192,0.0,0.0,0.0,0.0,0.0,0.0,tcp,0.0,,cs0,,64.0,,0.0,,Status,1,1,0,74,74,0,74.0,0.0,0.0,0.0,0.0,1,1,0,50.0,0.0,0.0,0.0,0.0,0.0,REQ,33553920.0,,,,0.0,0.0,0.0,0
1079205,3.040161,3.040161,3.040161,3.040161,3.040161,3.040161,tcp,0.0,,cs0,,64.0,,0.0,,Start,3,3,0,222,222,0,74.0,0.0,389.453064,389.453064,0.0,2,2,0,40.0,0.0,0.0,0.65786,0.65786,0.0,REQ,33553920.0,,,,0.0,0.0,0.0,0
1079401,0.0,0.0,0.0,0.0,0.0,0.0,udp,0.0,,cs0,,249.0,,7.0,,Start,1,1,0,74,74,0,74.0,0.0,0.0,0.0,0.0,0,0,0,0.0,,,0.0,0.0,0.0,INT,,,610.0,,0.0,0.0,0.0,0
1079416,0.0,0.0,0.0,0.0,0.0,0.0,udp,0.0,,cs0,,249.0,,7.0,,Start,1,1,0,74,74,0,74.0,0.0,0.0,0.0,0.0,0,0,0,0.0,,,0.0,0.0,0.0,INT,,,610.0,,0.0,0.0,0.0,0
1079445,0.0,0.0,0.0,0.0,0.0,0.0,udp,0.0,,cs0,,249.0,,7.0,,Start,1,1,0,74,74,0,74.0,0.0,0.0,0.0,0.0,0,0,0,0.0,,,0.0,0.0,0.0,INT,,,610.0,,0.0,0.0,0.0,0
1079473,0.0,0.0,0.0,0.0,0.0,0.0,udp,0.0,,cs0,,249.0,,7.0,,Start,1,1,0,74,74,0,74.0,0.0,0.0,0.0,0.0,0,0,0,0.0,,,0.0,0.0,0.0,INT,,,610.0,,0.0,0.0,0.0,0
1079496,0.0,0.0,0.0,0.0,0.0,0.0,udp,0.0,,cs0,,249.0,,7.0,,Start,1,1,0,74,74,0,74.0,0.0,0.0,0.0,0.0,0,0,0,0.0,,,0.0,0.0,0.0,INT,,,610.0,,0.0,0.0,0.0,0
1079572,0.0,0.0,0.0,0.0,0.0,0.0,udp,0.0,,cs0,,249.0,,7.0,,Start,1,1,0,74,74,0,74.0,0.0,0.0,0.0,0.0,0,0,0,0.0,,,0.0,0.0,0.0,INT,,,610.0,,0.0,0.0,0.0,0
1079605,0.0,0.0,0.0,0.0,0.0,0.0,udp,0.0,,cs0,,249.0,,7.0,,Start,1,1,0,74,74,0,74.0,0.0,0.0,0.0,0.0,0,0,0,0.0,,,0.0,0.0,0.0,INT,,,610.0,,0.0,0.0,0.0,0
1079697,0.173153,0.173153,0.173153,0.173153,0.173153,0.173153,tcp,0.0,0.0,cs0,cs0,64.0,53.0,0.0,11.0,Start,22,12,10,10928,1762,9166,146.833328,916.599976,455828.0938,74662.29688,381165.7813,0,0,0,0.0,0.0,0.0,121.280022,63.527634,51.977154,CON,86016.0,67840.0,,,0.036126,0.021037,0.015089,0
1079698,0.295798,0.295798,0.295798,0.295798,0.295798,0.295798,tcp,0.0,0.0,cs0,cs0,64.0,116.0,0.0,12.0,Start,17,9,8,8394,1183,7211,131.444443,901.375,199108.8438,28451.84766,170657.0,0,0,0,0.0,0.0,0.0,54.090965,27.045483,23.664799,CON,80384.0,66816.0,,,0.09302,0.066974,0.026046,0
1079713,0.0,0.0,0.0,0.0,0.0,0.0,udp,0.0,,cs0,,249.0,,7.0,,Start,1,1,0,64,64,0,64.0,0.0,0.0,0.0,0.0,0,0,0,0.0,,,0.0,0.0,0.0,INT,,,610.0,,0.0,0.0,0.0,0
1079732,0.001629,0.001629,0.001629,0.001629,0.001629,0.001629,udp,0.0,0.0,cs0,cs0,64.0,62.0,0.0,2.0,Start,2,1,1,502,98,404,98.0,404.0,0.0,0.0,0.0,0,0,0,0.0,,,613.873535,0.0,0.0,CON,,,,,0.0,0.0,0.0,0
1079806,0.0,0.0,0.0,0.0,0.0,0.0,udp,0.0,,cs0,,249.0,,7.0,,Start,1,1,0,74,74,0,74.0,0.0,0.0,0.0,0.0,0,0,0,0.0,,,0.0,0.0,0.0,INT,,,610.0,,0.0,0.0,0.0,0
1079870,0.0,0.0,0.0,0.0,0.0,0.0,udp,0.0,,cs0,,249.0,,7.0,,Start,1,1,0,74,74,0,74.0,0.0,0.0,0.0,0.0,0,0,0,0.0,,,0.0,0.0,0.0,INT,,,610.0,,0.0,0.0,0.0,0
1079913,0.066023,0.066023,0.066023,0.066023,0.066023,0.066023,udp,0.0,0.0,cs0,cs0,64.0,117.0,0.0,11.0,Start,7,4,3,3587,1886,1701,471.5,567.0,308862.0625,171455.4063,137406.6563,0,0,0,0.0,,,90.877419,45.438709,30.292475,CON,,,,,0.0,0.0,0.0,0
1079919,0.0,0.0,0.0,0.0,0.0,0.0,icmp,192.0,,cs6,,64.0,,0.0,,Start,1,1,0,443,443,0,443.0,0.0,0.0,0.0,0.0,0,0,0,0.0,,,0.0,0.0,0.0,URP,,,,,0.0,0.0,0.0,0
1079963,0.0,0.0,0.0,0.0,0.0,0.0,udp,0.0,,cs0,,249.0,,7.0,,Start,1,1,0,74,74,0,74.0,0.0,0.0,0.0,0.0,0,0,0,0.0,,,0.0,0.0,0.0,INT,,,610.0,,0.0,0.0,0.0,0
1079978,0.0,0.0,0.0,0.0,0.0,0.0,udp,0.0,,cs0,,249.0,,7.0,,Start,1,1,0,74,74,0,74.0,0.0,0.0,0.0,0.0,0,0,0,0.0,,,0.0,0.0,0.0,INT,,,610.0,,0.0,0.0,0.0,0
1079982,0.0,0.0,0.0,0.0,0.0,0.0,udp,0.0,,cs0,,249.0,,7.0,,Start,1,1,0,74,74,0,74.0,0.0,0.0,0.0,0.0,0,0,0,0.0,,,0.0,0.0,0.0,INT,,,610.0,,0.0,0.0,0.0,0
1080130,0.0,0.0,0.0,0.0,0.0,0.0,udp,0.0,,cs0,,249.0,,7.0,,Start,1,1,0,64,64,0,64.0,0.0,0.0,0.0,0.0,0,0,0,0.0,,,0.0,0.0,0.0,INT,,,610.0,,0.0,0.0,0.0,0
1080294,0.0,0.0,0.0,0.0,0.0,0.0,udp,0.0,,cs0,,249.0,,7.0,,Start,1,1,0,74,74,0,74.0,0.0,0.0,0.0,0.0,0,0,0,0.0,,,0.0,0.0,0.0,INT,,,610.0,,0.0,0.0,0.0,0
1080344,0.0,0.0,0.0,0.0,0.0,0.0,udp,0.0,,cs0,,249.0,,7.0,,Start,1,1,0,74,74,0,74.0,0.0,0.0,0.0,0.0,0,0,0,0.0,,,0.0,0.0,0.0,INT,,,610.0,,0.0,0.0,0.0,0
1080380,0.0,0.0,0.0,0.0,0.0,0.0,udp,0.0,,cs0,,249.0,,7.0,,Start,1,1,0,74,74,0,74.0,0.0,0.0,0.0,0.0,0,0,0,0.0,,,0.0,0.0,0.0,INT,,,610.0,,0.0,0.0,0.0,0
1080405,0.0,0.0,0.0,0.0,0.0,0.0,udp,0.0,,cs0,,249.0,,7.0,,Start,1,1,0,74,74,0,74.0,0.0,0.0,0.0,0.0,0,0,0,0.0,,,0.0,0.0,0.0,INT,,,610.0,,0.0,0.0,0.0,0
1080426,0.0,0.0,0.0,0.0,0.0,0.0,udp,0.0,,cs0,,249.0,,7.0,,Start,1,1,0,74,74,0,74.0,0.0,0.0,0.0,0.0,0,0,0,0.0,,,0.0,0.0,0.0,INT,,,610.0,,0.0,0.0,0.0,0
1080434,0.0,0.0,0.0,0.0,0.0,0.0,udp,0.0,,cs0,,249.0,,7.0,,Start,1,1,0,74,74,0,74.0,0.0,0.0,0.0,0.0,0,0,0,0.0,,,0.0,0.0,0.0,INT,,,610.0,,0.0,0.0,0.0,0
1080441,0.0,0.0,0.0,0.0,0.0,0.0,udp,0.0,,cs0,,249.0,,7.0,,Start,1,1,0,74,74,0,74.0,0.0,0.0,0.0,0.0,0,0,0,0.0,,,0.0,0.0,0.0,INT,,,610.0,,0.0,0.0,0.0,0
1080469,0.0,0.0,0.0,0.0,0.0,0.0,udp,0.0,,cs0,,249.0,,7.0,,Start,1,1,0,74,74,0,74.0,0.0,0.0,0.0,0.0,0,0,0,0.0,,,0.0,0.0,0.0,INT,,,610.0,,0.0,0.0,0.0,0
1080494,0.0,0.0,0.0,0.0,0.0,0.0,udp,0.0,,cs0,,249.0,,7.0,,Start,1,1,0,74,74,0,74.0,0.0,0.0,0.0,0.0,0,0,0,0.0,,,0.0,0.0,0.0,INT,,,610.0,,0.0,0.0,0.0,0
1080592,0.0,0.0,0.0,0.0,0.0,0.0,udp,0.0,,cs0,,249.0,,7.0,,Start,1,1,0,74,74,0,74.0,0.0,0.0,0.0,0.0,0,0,0,0.0,,,0.0,0.0,0.0,INT,,,610.0,,0.0,0.0,0.0,0
1080594,0.0,0.0,0.0,0.0,0.0,0.0,udp,0.0,,cs0,,249.0,,7.0,,Start,1,1,0,74,74,0,74.0,0.0,0.0,0.0,0.0,0,0,0,0.0,,,0.0,0.0,0.0,INT,,,610.0,,0.0,0.0,0.0,0
1080632,0.0,0.0,0.0,0.0,0.0,0.0,udp,0.0,,cs0,,249.0,,7.0,,Start,1,1,0,74,74,0,74.0,0.0,0.0,0.0,0.0,0,0,0,0.0,,,0.0,0.0,0.0,INT,,,610.0,,0.0,0.0,0.0,0
1080646,0.0,0.0,0.0,0.0,0.0,0.0,udp,0.0,,cs0,,249.0,,7.0,,Start,1,1,0,74,74,0,74.0,0.0,0.0,0.0,0.0,0,0,0,0.0,,,0.0,0.0,0.0,INT,,,610.0,,0.0,0.0,0.0,0
1080674,0.0,0.0,0.0,0.0,0.0,0.0,udp,0.0,,cs0,,249.0,,7.0,,Start,1,1,0,74,74,0,74.0,0.0,0.0,0.0,0.0,0,0,0,0.0,,,0.0,0.0,0.0,INT,,,610.0,,0.0,0.0,0.0,0
1080731,0.0,0.0,0.0,0.0,0.0,0.0,udp,0.0,,cs0,,249.0,,7.0,,Start,1,1,0,74,74,0,74.0,0.0,0.0,0.0,0.0,0,0,0,0.0,,,0.0,0.0,0.0,INT,,,610.0,,0.0,0.0,0.0,0
1080735,0.0,0.0,0.0,0.0,0.0,0.0,udp,0.0,,cs0,,249.0,,7.0,,Start,1,1,0,74,74,0,74.0,0.0,0.0,0.0,0.0,0,0,0,0.0,,,0.0,0.0,0.0,INT,,,610.0,,0.0,0.0,0.0,0
1080754,0.0,0.0,0.0,0.0,0.0,0.0,udp,0.0,,cs0,,249.0,,7.0,,Start,1,1,0,74,74,0,74.0,0.0,0.0,0.0,0.0,0,0,0,0.0,,,0.0,0.0,0.0,INT,,,610.0,,0.0,0.0,0.0,0
1080776,0.0,0.0,0.0,0.0,0.0,0.0,udp,0.0,,cs0,,249.0,,7.0,,Start,1,1,0,74,74,0,74.0,0.0,0.0,0.0,0.0,0,0,0,0.0,,,0.0,0.0,0.0,INT,,,610.0,,0.0,0.0,0.0,0
1080779,0.0,0.0,0.0,0.0,0.0,0.0,udp,0.0,,cs0,,249.0,,7.0,,Start,1,1,0,74,74,0,74.0,0.0,0.0,0.0,0.0,0,0,0,0.0,,,0.0,0.0,0.0,INT,,,610.0,,0.0,0.0,0.0,0
1080847,0.0,0.0,0.0,0.0,0.0,0.0,udp,0.0,,cs0,,249.0,,7.0,,Start,1,1,0,74,74,0,74.0,0.0,0.0,0.0,0.0,0,0,0,0.0,,,0.0,0.0,0.0,INT,,,610.0,,0.0,0.0,0.0,0
1080851,0.0,0.0,0.0,0.0,0.0,0.0,udp,0.0,,cs0,,249.0,,7.0,,Start,1,1,0,74,74,0,74.0,0.0,0.0,0.0,0.0,0,0,0,0.0,,,0.0,0.0,0.0,INT,,,610.0,,0.0,0.0,0.0,0
1080876,0.0,0.0,0.0,0.0,0.0,0.0,udp,0.0,,cs0,,249.0,,7.0,,Start,1,1,0,74,74,0,74.0,0.0,0.0,0.0,0.0,0,0,0,0.0,,,0.0,0.0,0.0,INT,,,610.0,,0.0,0.0,0.0,0
1080879,0.0,0.0,0.0,0.0,0.0,0.0,udp,0.0,,cs0,,249.0,,7.0,,Start,1,1,0,74,74,0,74.0,0.0,0.0,0.0,0.0,0,0,0,0.0,,,0.0,0.0,0.0,INT,,,610.0,,0.0,0.0,0.0,0
1080896,0.0,0.0,0.0,0.0,0.0,0.0,udp,0.0,,cs0,,249.0,,7.0,,Start,1,1,0,74,74,0,74.0,0.0,0.0,0.0,0.0,0,0,0,0.0,,,0.0,0.0,0.0,INT,,,610.0,,0.0,0.0,0.0,0
1080926,0.0,0.0,0.0,0.0,0.0,0.0,udp,0.0,,cs0,,249.0,,7.0,,Start,1,1,0,74,74,0,74.0,0.0,0.0,0.0,0.0,0,0,0,0.0,,,0.0,0.0,0.0,INT,,,610.0,,0.0,0.0,0.0,0
1080931,0.0,0.0,0.0,0.0,0.0,0.0,udp,0.0,,cs0,,249.0,,7.0,,Start,1,1,0,74,74,0,74.0,0.0,0.0,0.0,0.0,0,0,0,0.0,,,0.0,0.0,0.0,INT,,,610.0,,0.0,0.0,0.0,0
1080980,0.0,0.0,0.0,0.0,0.0,0.0,udp,0.0,,cs0,,249.0,,7.0,,Start,1,1,0,74,74,0,74.0,0.0,0.0,0.0,0.0,0,0,0,0.0,,,0.0,0.0,0.0,INT,,,610.0,,0.0,0.0,0.0,0
1081045,0.0,0.0,0.0,0.0,0.0,0.0,udp,0.0,,cs0,,249.0,,7.0,,Start,1,1,0,74,74,0,74.0,0.0,0.0,0.0,0.0,0,0,0,0.0,,,0.0,0.0,0.0,INT,,,610.0,,0.0,0.0,0.0,0
1081231,0.0,0.0,0.0,0.0,0.0,0.0,udp,0.0,,cs0,,249.0,,7.0,,Start,1,1,0,74,74,0,74.0,0.0,0.0,0.0,0.0,0,0,0,0.0,,,0.0,0.0,0.0,INT,,,610.0,,0.0,0.0,0.0,0
1081312,0.0,0.0,0.0,0.0,0.0,0.0,udp,0.0,,cs0,,249.0,,7.0,,Start,1,1,0,74,74,0,74.0,0.0,0.0,0.0,0.0,0,0,0,0.0,,,0.0,0.0,0.0,INT,,,610.0,,0.0,0.0,0.0,0
1081400,0.0,0.0,0.0,0.0,0.0,0.0,udp,0.0,,cs0,,249.0,,7.0,,Start,1,1,0,74,74,0,74.0,0.0,0.0,0.0,0.0,0,0,0,0.0,,,0.0,0.0,0.0,INT,,,610.0,,0.0,0.0,0.0,0
1081430,0.0,0.0,0.0,0.0,0.0,0.0,udp,0.0,,cs0,,249.0,,7.0,,Start,1,1,0,74,74,0,74.0,0.0,0.0,0.0,0.0,0,0,0,0.0,,,0.0,0.0,0.0,INT,,,610.0,,0.0,0.0,0.0,0
1081449,0.0,0.0,0.0,0.0,0.0,0.0,udp,0.0,,cs0,,249.0,,7.0,,Start,1,1,0,74,74,0,74.0,0.0,0.0,0.0,0.0,0,0,0,0.0,,,0.0,0.0,0.0,INT,,,610.0,,0.0,0.0,0.0,0
1081491,0.0,0.0,0.0,0.0,0.0,0.0,udp,0.0,,cs0,,249.0,,7.0,,Start,1,1,0,74,74,0,74.0,0.0,0.0,0.0,0.0,0,0,0,0.0,,,0.0,0.0,0.0,INT,,,610.0,,0.0,0.0,0.0,0
1081604,0.0,0.0,0.0,0.0,0.0,0.0,udp,0.0,,cs0,,249.0,,7.0,,Start,1,1,0,74,74,0,74.0,0.0,0.0,0.0,0.0,0,0,0,0.0,,,0.0,0.0,0.0,INT,,,610.0,,0.0,0.0,0.0,0
1081621,0.0,0.0,0.0,0.0,0.0,0.0,udp,0.0,,cs0,,249.0,,7.0,,Start,1,1,0,74,74,0,74.0,0.0,0.0,0.0,0.0,0,0,0,0.0,,,0.0,0.0,0.0,INT,,,610.0,,0.0,0.0,0.0,0
1081622,0.0,0.0,0.0,0.0,0.0,0.0,udp,0.0,,cs0,,249.0,,7.0,,Start,1,1,0,74,74,0,74.0,0.0,0.0,0.0,0.0,0,0,0,0.0,,,0.0,0.0,0.0,INT,,,610.0,,0.0,0.0,0.0,0
1081662,0.0,0.0,0.0,0.0,0.0,0.0,udp,0.0,,cs0,,249.0,,7.0,,Start,1,1,0,74,74,0,74.0,0.0,0.0,0.0,0.0,0,0,0,0.0,,,0.0,0.0,0.0,INT,,,610.0,,0.0,0.0,0.0,0
1081689,0.0,0.0,0.0,0.0,0.0,0.0,udp,0.0,,cs0,,249.0,,7.0,,Start,1,1,0,74,74,0,74.0,0.0,0.0,0.0,0.0,0,0,0,0.0,,,0.0,0.0,0.0,INT,,,610.0,,0.0,0.0,0.0,0
1081710,4.907398,4.907398,4.907398,4.907398,4.907398,4.907398,tcp,0.0,0.0,cs0,cs0,64.0,117.0,0.0,11.0,Status,291,63,228,335327,5731,329596,90.968254,1445.596436,544144.9375,9195.911133,534949.0625,0,0,0,0.0,0.0,0.0,59.094452,12.633986,46.256691,CON,1162240.0,108544.0,,,0.035881,0.020743,0.015138,0
1081739,0.0,0.0,0.0,0.0,0.0,0.0,udp,0.0,,cs0,,249.0,,7.0,,Start,1,1,0,74,74,0,74.0,0.0,0.0,0.0,0.0,0,0,0,0.0,,,0.0,0.0,0.0,INT,,,610.0,,0.0,0.0,0.0,0
1081764,0.0,0.0,0.0,0.0,0.0,0.0,udp,0.0,,cs0,,249.0,,7.0,,Start,1,1,0,74,74,0,74.0,0.0,0.0,0.0,0.0,0,0,0,0.0,,,0.0,0.0,0.0,INT,,,610.0,,0.0,0.0,0.0,0
1081773,0.0,0.0,0.0,0.0,0.0,0.0,udp,0.0,,cs0,,249.0,,7.0,,Start,1,1,0,74,74,0,74.0,0.0,0.0,0.0,0.0,0,0,0,0.0,,,0.0,0.0,0.0,INT,,,610.0,,0.0,0.0,0.0,0
1081775,0.0,0.0,0.0,0.0,0.0,0.0,udp,0.0,,cs0,,249.0,,7.0,,Start,1,1,0,74,74,0,74.0,0.0,0.0,0.0,0.0,0,0,0,0.0,,,0.0,0.0,0.0,INT,,,610.0,,0.0,0.0,0.0,0
1081819,0.0,0.0,0.0,0.0,0.0,0.0,udp,0.0,,cs0,,249.0,,7.0,,Start,1,1,0,74,74,0,74.0,0.0,0.0,0.0,0.0,0,0,0,0.0,,,0.0,0.0,0.0,INT,,,610.0,,0.0,0.0,0.0,0
1081823,0.0,0.0,0.0,0.0,0.0,0.0,udp,0.0,,cs0,,249.0,,7.0,,Start,1,1,0,74,74,0,74.0,0.0,0.0,0.0,0.0,0,0,0,0.0,,,0.0,0.0,0.0,INT,,,610.0,,0.0,0.0,0.0,0
1081863,0.0,0.0,0.0,0.0,0.0,0.0,udp,0.0,,cs0,,249.0,,7.0,,Start,1,1,0,74,74,0,74.0,0.0,0.0,0.0,0.0,0,0,0,0.0,,,0.0,0.0,0.0,INT,,,610.0,,0.0,0.0,0.0,0
1081927,0.056841,0.056841,0.056841,0.056841,0.056841,0.056841,tcp,0.0,0.0,cs0,cs0,116.0,64.0,12.0,0.0,Status,2,1,1,128,74,54,74.0,54.0,0.0,0.0,0.0,0,0,0,0.0,0.0,0.0,17.592934,0.0,0.0,RST,16776960.0,0.0,,,0.0,0.0,0.0,0
1081958,0.0,0.0,0.0,0.0,0.0,0.0,udp,0.0,,cs0,,249.0,,7.0,,Start,1,1,0,74,74,0,74.0,0.0,0.0,0.0,0.0,0,0,0,0.0,,,0.0,0.0,0.0,INT,,,610.0,,0.0,0.0,0.0,0
1081962,0.0,0.0,0.0,0.0,0.0,0.0,udp,0.0,,cs0,,249.0,,7.0,,Start,1,1,0,74,74,0,74.0,0.0,0.0,0.0,0.0,0,0,0,0.0,,,0.0,0.0,0.0,INT,,,610.0,,0.0,0.0,0.0,0
1081977,0.0,0.0,0.0,0.0,0.0,0.0,udp,0.0,,cs0,,249.0,,7.0,,Start,1,1,0,74,74,0,74.0,0.0,0.0,0.0,0.0,0,0,0,0.0,,,0.0,0.0,0.0,INT,,,610.0,,0.0,0.0,0.0,0
1081990,0.0,0.0,0.0,0.0,0.0,0.0,udp,0.0,,cs0,,249.0,,7.0,,Start,1,1,0,74,74,0,74.0,0.0,0.0,0.0,0.0,0,0,0,0.0,,,0.0,0.0,0.0,INT,,,610.0,,0.0,0.0,0.0,0
1081999,0.0,0.0,0.0,0.0,0.0,0.0,udp,0.0,,cs0,,249.0,,7.0,,Start,1,1,0,74,74,0,74.0,0.0,0.0,0.0,0.0,0,0,0,0.0,,,0.0,0.0,0.0,INT,,,610.0,,0.0,0.0,0.0,0
1082002,0.0,0.0,0.0,0.0,0.0,0.0,udp,0.0,,cs0,,249.0,,7.0,,Start,1,1,0,74,74,0,74.0,0.0,0.0,0.0,0.0,0,0,0,0.0,,,0.0,0.0,0.0,INT,,,610.0,,0.0,0.0,0.0,0
1082033,0.0,0.0,0.0,0.0,0.0,0.0,udp,0.0,,cs0,,249.0,,7.0,,Start,1,1,0,74,74,0,74.0,0.0,0.0,0.0,0.0,0,0,0,0.0,,,0.0,0.0,0.0,INT,,,610.0,,0.0,0.0,0.0,0
1082107,0.0,0.0,0.0,0.0,0.0,0.0,udp,0.0,,cs0,,249.0,,7.0,,Start,1,1,0,74,74,0,74.0,0.0,0.0,0.0,0.0,0,0,0,0.0,,,0.0,0.0,0.0,INT,,,610.0,,0.0,0.0,0.0,0
1082119,0.0,0.0,0.0,0.0,0.0,0.0,udp,0.0,,cs0,,249.0,,7.0,,Start,1,1,0,74,74,0,74.0,0.0,0.0,0.0,0.0,0,0,0,0.0,,,0.0,0.0,0.0,INT,,,610.0,,0.0,0.0,0.0,0
1082140,0.0,0.0,0.0,0.0,0.0,0.0,udp,0.0,,cs0,,249.0,,7.0,,Start,1,1,0,74,74,0,74.0,0.0,0.0,0.0,0.0,0,0,0,0.0,,,0.0,0.0,0.0,INT,,,610.0,,0.0,0.0,0.0,0
1082155,0.0,0.0,0.0,0.0,0.0,0.0,udp,0.0,,cs0,,249.0,,7.0,,Start,1,1,0,74,74,0,74.0,0.0,0.0,0.0,0.0,0,0,0,0.0,,,0.0,0.0,0.0,INT,,,610.0,,0.0,0.0,0.0,0
1082211,0.0,0.0,0.0,0.0,0.0,0.0,udp,0.0,,cs0,,249.0,,7.0,,Start,1,1,0,74,74,0,74.0,0.0,0.0,0.0,0.0,0,0,0,0.0,,,0.0,0.0,0.0,INT,,,610.0,,0.0,0.0,0.0,0
1082232,0.0,0.0,0.0,0.0,0.0,0.0,udp,0.0,,cs0,,249.0,,7.0,,Start,1,1,0,74,74,0,74.0,0.0,0.0,0.0,0.0,0,0,0,0.0,,,0.0,0.0,0.0,INT,,,610.0,,0.0,0.0,0.0,0
1082368,0.0,0.0,0.0,0.0,0.0,0.0,udp,0.0,,cs0,,249.0,,7.0,,Start,1,1,0,74,74,0,74.0,0.0,0.0,0.0,0.0,0,0,0,0.0,,,0.0,0.0,0.0,INT,,,610.0,,0.0,0.0,0.0,0
1082430,0.0,0.0,0.0,0.0,0.0,0.0,udp,0.0,,cs0,,249.0,,7.0,,Start,1,1,0,74,74,0,74.0,0.0,0.0,0.0,0.0,0,0,0,0.0,,,0.0,0.0,0.0,INT,,,610.0,,0.0,0.0,0.0,0
1082468,0.0,0.0,0.0,0.0,0.0,0.0,udp,0.0,,cs0,,249.0,,7.0,,Start,1,1,0,74,74,0,74.0,0.0,0.0,0.0,0.0,0,0,0,0.0,,,0.0,0.0,0.0,INT,,,610.0,,0.0,0.0,0.0,0
1082475,0.0,0.0,0.0,0.0,0.0,0.0,udp,0.0,,cs0,,249.0,,7.0,,Start,1,1,0,74,74,0,74.0,0.0,0.0,0.0,0.0,0,0,0,0.0,,,0.0,0.0,0.0,INT,,,610.0,,0.0,0.0,0.0,0
1082504,4.997887,4.997887,4.997887,4.997887,4.997887,4.997887,tcp,0.0,0.0,cs0,cs0,64.0,117.0,0.0,11.0,Status,176,46,130,192818,4610,188208,100.217392,1447.753906,306162.9688,7219.050781,298943.9375,0,0,0,0.0,0.0,0.0,35.014797,9.003805,25.810907,CON,1162240.0,118784.0,,,0.035881,0.020743,0.015138,0
1082575,0.0,0.0,0.0,0.0,0.0,0.0,tcp,0.0,0.0,cs0,cs0,64.0,117.0,0.0,11.0,Status,2,1,1,120,54,66,54.0,66.0,0.0,0.0,0.0,0,0,0,0.0,0.0,0.0,0.0,0.0,0.0,RST,77312.0,66816.0,,,0.039096,0.020641,0.018455,0
1082584,0.0,0.0,0.0,0.0,0.0,0.0,udp,0.0,,cs0,,249.0,,7.0,,Start,1,1,0,74,74,0,74.0,0.0,0.0,0.0,0.0,0,0,0,0.0,,,0.0,0.0,0.0,INT,,,610.0,,0.0,0.0,0.0,0
1082630,0.0,0.0,0.0,0.0,0.0,0.0,udp,0.0,,cs0,,249.0,,7.0,,Start,1,1,0,74,74,0,74.0,0.0,0.0,0.0,0.0,0,0,0,0.0,,,0.0,0.0,0.0,INT,,,610.0,,0.0,0.0,0.0,0
1082654,0.0,0.0,0.0,0.0,0.0,0.0,udp,0.0,,cs0,,249.0,,7.0,,Start,1,1,0,74,74,0,74.0,0.0,0.0,0.0,0.0,0,0,0,0.0,,,0.0,0.0,0.0,INT,,,610.0,,0.0,0.0,0.0,0
1082695,0.0,0.0,0.0,0.0,0.0,0.0,udp,0.0,,cs0,,249.0,,7.0,,Start,1,1,0,74,74,0,74.0,0.0,0.0,0.0,0.0,0,0,0,0.0,,,0.0,0.0,0.0,INT,,,610.0,,0.0,0.0,0.0,0
1082708,0.0,0.0,0.0,0.0,0.0,0.0,udp,0.0,,cs0,,249.0,,7.0,,Start,1,1,0,74,74,0,74.0,0.0,0.0,0.0,0.0,0,0,0,0.0,,,0.0,0.0,0.0,INT,,,610.0,,0.0,0.0,0.0,0
1082733,0.0,0.0,0.0,0.0,0.0,0.0,udp,0.0,,cs0,,249.0,,7.0,,Start,1,1,0,74,74,0,74.0,0.0,0.0,0.0,0.0,0,0,0,0.0,,,0.0,0.0,0.0,INT,,,610.0,,0.0,0.0,0.0,0
1082760,0.0,0.0,0.0,0.0,0.0,0.0,udp,0.0,,cs0,,249.0,,7.0,,Start,1,1,0,74,74,0,74.0,0.0,0.0,0.0,0.0,0,0,0,0.0,,,0.0,0.0,0.0,INT,,,610.0,,0.0,0.0,0.0,0
1082827,0.0,0.0,0.0,0.0,0.0,0.0,udp,0.0,,cs0,,249.0,,7.0,,Start,1,1,0,74,74,0,74.0,0.0,0.0,0.0,0.0,0,0,0,0.0,,,0.0,0.0,0.0,INT,,,610.0,,0.0,0.0,0.0,0
1082839,0.0,0.0,0.0,0.0,0.0,0.0,udp,0.0,,cs0,,249.0,,7.0,,Start,1,1,0,74,74,0,74.0,0.0,0.0,0.0,0.0,0,0,0,0.0,,,0.0,0.0,0.0,INT,,,610.0,,0.0,0.0,0.0,0
1082944,0.0,0.0,0.0,0.0,0.0,0.0,udp,0.0,,cs0,,249.0,,7.0,,Start,1,1,0,74,74,0,74.0,0.0,0.0,0.0,0.0,0,0,0,0.0,,,0.0,0.0,0.0,INT,,,610.0,,0.0,0.0,0.0,0
1082965,0.0,0.0,0.0,0.0,0.0,0.0,udp,0.0,,cs0,,249.0,,7.0,,Start,1,1,0,74,74,0,74.0,0.0,0.0,0.0,0.0,0,0,0,0.0,,,0.0,0.0,0.0,INT,,,610.0,,0.0,0.0,0.0,0
1083018,0.0,0.0,0.0,0.0,0.0,0.0,udp,0.0,,cs0,,249.0,,7.0,,Start,1,1,0,74,74,0,74.0,0.0,0.0,0.0,0.0,0,0,0,0.0,,,0.0,0.0,0.0,INT,,,610.0,,0.0,0.0,0.0,0
1083034,0.0,0.0,0.0,0.0,0.0,0.0,udp,0.0,,cs0,,249.0,,7.0,,Start,1,1,0,74,74,0,74.0,0.0,0.0,0.0,0.0,0,0,0,0.0,,,0.0,0.0,0.0,INT,,,610.0,,0.0,0.0,0.0,0
1083051,0.0,0.0,0.0,0.0,0.0,0.0,udp,0.0,,cs0,,249.0,,7.0,,Start,1,1,0,74,74,0,74.0,0.0,0.0,0.0,0.0,0,0,0,0.0,,,0.0,0.0,0.0,INT,,,610.0,,0.0,0.0,0.0,0
1083058,0.0,0.0,0.0,0.0,0.0,0.0,udp,0.0,,cs0,,249.0,,7.0,,Start,1,1,0,74,74,0,74.0,0.0,0.0,0.0,0.0,0,0,0,0.0,,,0.0,0.0,0.0,INT,,,610.0,,0.0,0.0,0.0,0
1083088,3.266968,3.266968,3.266968,3.266968,3.266968,3.266968,udp,0.0,0.0,cs0,cs0,64.0,52.0,0.0,12.0,Start,67,37,30,34893,28407,6486,767.756775,216.199997,83037.23438,67683.55469,15353.68555,0,0,0,0.0,,,20.202217,11.019392,8.876732,CON,,,,,0.0,0.0,0.0,0
1083124,0.0,0.0,0.0,0.0,0.0,0.0,udp,0.0,,cs0,,249.0,,7.0,,Start,1,1,0,74,74,0,74.0,0.0,0.0,0.0,0.0,0,0,0,0.0,,,0.0,0.0,0.0,INT,,,610.0,,0.0,0.0,0.0,0
1083133,0.0,0.0,0.0,0.0,0.0,0.0,udp,0.0,,cs0,,249.0,,7.0,,Start,1,1,0,74,74,0,74.0,0.0,0.0,0.0,0.0,0,0,0,0.0,,,0.0,0.0,0.0,INT,,,610.0,,0.0,0.0,0.0,0
1083141,0.0,0.0,0.0,0.0,0.0,0.0,udp,0.0,,cs0,,249.0,,7.0,,Start,1,1,0,74,74,0,74.0,0.0,0.0,0.0,0.0,0,0,0,0.0,,,0.0,0.0,0.0,INT,,,610.0,,0.0,0.0,0.0,0
1083146,0.0,0.0,0.0,0.0,0.0,0.0,udp,0.0,,cs0,,249.0,,7.0,,Start,1,1,0,74,74,0,74.0,0.0,0.0,0.0,0.0,0,0,0,0.0,,,0.0,0.0,0.0,INT,,,610.0,,0.0,0.0,0.0,0
1083201,0.0,0.0,0.0,0.0,0.0,0.0,udp,0.0,,cs0,,249.0,,7.0,,Start,1,1,0,74,74,0,74.0,0.0,0.0,0.0,0.0,0,0,0,0.0,,,0.0,0.0,0.0,INT,,,610.0,,0.0,0.0,0.0,0
1083310,0.0,0.0,0.0,0.0,0.0,0.0,udp,0.0,,cs0,,249.0,,7.0,,Start,1,1,0,74,74,0,74.0,0.0,0.0,0.0,0.0,0,0,0,0.0,,,0.0,0.0,0.0,INT,,,610.0,,0.0,0.0,0.0,0
1083370,0.0,0.0,0.0,0.0,0.0,0.0,udp,0.0,,cs0,,249.0,,7.0,,Start,1,1,0,74,74,0,74.0,0.0,0.0,0.0,0.0,0,0,0,0.0,,,0.0,0.0,0.0,INT,,,610.0,,0.0,0.0,0.0,0
1083433,0.0,0.0,0.0,0.0,0.0,0.0,udp,0.0,,cs0,,249.0,,7.0,,Start,1,1,0,74,74,0,74.0,0.0,0.0,0.0,0.0,0,0,0,0.0,,,0.0,0.0,0.0,INT,,,610.0,,0.0,0.0,0.0,0
1083449,0.0,0.0,0.0,0.0,0.0,0.0,udp,0.0,,cs0,,249.0,,7.0,,Start,1,1,0,74,74,0,74.0,0.0,0.0,0.0,0.0,0,0,0,0.0,,,0.0,0.0,0.0,INT,,,610.0,,0.0,0.0,0.0,0
1083495,0.001326,0.001326,0.001326,0.001326,0.001326,0.001326,udp,0.0,0.0,cs0,cs0,64.0,62.0,0.0,2.0,Start,2,1,1,198,72,126,72.0,126.0,0.0,0.0,0.0,0,0,0,0.0,,,754.147827,0.0,0.0,CON,,,,,0.0,0.0,0.0,0
1083533,0.0,0.0,0.0,0.0,0.0,0.0,udp,0.0,,cs0,,249.0,,7.0,,Start,1,1,0,74,74,0,74.0,0.0,0.0,0.0,0.0,0,0,0,0.0,,,0.0,0.0,0.0,INT,,,610.0,,0.0,0.0,0.0,0
1083660,0.0,0.0,0.0,0.0,0.0,0.0,tcp,0.0,,cs0,,53.0,,11.0,,Status,1,1,0,74,74,0,74.0,0.0,0.0,0.0,0.0,1,1,0,50.0,0.0,0.0,0.0,0.0,0.0,ACC,16776960.0,,,,0.0,0.0,0.0,0
1083733,0.0,0.0,0.0,0.0,0.0,0.0,udp,0.0,,cs0,,249.0,,7.0,,Start,1,1,0,74,74,0,74.0,0.0,0.0,0.0,0.0,0,0,0,0.0,,,0.0,0.0,0.0,INT,,,610.0,,0.0,0.0,0.0,0
1083744,0.0,0.0,0.0,0.0,0.0,0.0,udp,0.0,,cs0,,249.0,,7.0,,Start,1,1,0,74,74,0,74.0,0.0,0.0,0.0,0.0,0,0,0,0.0,,,0.0,0.0,0.0,INT,,,610.0,,0.0,0.0,0.0,0
1083809,0.0,0.0,0.0,0.0,0.0,0.0,udp,0.0,,cs0,,249.0,,7.0,,Start,1,1,0,74,74,0,74.0,0.0,0.0,0.0,0.0,0,0,0,0.0,,,0.0,0.0,0.0,INT,,,610.0,,0.0,0.0,0.0,0
1083813,0.0,0.0,0.0,0.0,0.0,0.0,udp,0.0,,cs0,,249.0,,7.0,,Start,1,1,0,74,74,0,74.0,0.0,0.0,0.0,0.0,0,0,0,0.0,,,0.0,0.0,0.0,INT,,,610.0,,0.0,0.0,0.0,0
1083820,0.0,0.0,0.0,0.0,0.0,0.0,udp,0.0,,cs0,,249.0,,7.0,,Start,1,1,0,74,74,0,74.0,0.0,0.0,0.0,0.0,0,0,0,0.0,,,0.0,0.0,0.0,INT,,,610.0,,0.0,0.0,0.0,0
1083834,0.0,0.0,0.0,0.0,0.0,0.0,udp,0.0,,cs0,,249.0,,7.0,,Start,1,1,0,74,74,0,74.0,0.0,0.0,0.0,0.0,0,0,0,0.0,,,0.0,0.0,0.0,INT,,,610.0,,0.0,0.0,0.0,0
1083846,0.0,0.0,0.0,0.0,0.0,0.0,udp,0.0,,cs0,,249.0,,7.0,,Start,1,1,0,74,74,0,74.0,0.0,0.0,0.0,0.0,0,0,0,0.0,,,0.0,0.0,0.0,INT,,,610.0,,0.0,0.0,0.0,0
1083887,0.0,0.0,0.0,0.0,0.0,0.0,udp,0.0,,cs0,,249.0,,7.0,,Start,1,1,0,74,74,0,74.0,0.0,0.0,0.0,0.0,0,0,0,0.0,,,0.0,0.0,0.0,INT,,,610.0,,0.0,0.0,0.0,0
1083940,0.0,0.0,0.0,0.0,0.0,0.0,tcp,0.0,,cs0,,116.0,,12.0,,Status,1,1,0,74,74,0,74.0,0.0,0.0,0.0,0.0,1,1,0,50.0,0.0,0.0,0.0,0.0,0.0,ACC,16776960.0,,,,0.0,0.0,0.0,0
1084076,0.0,0.0,0.0,0.0,0.0,0.0,icmp,0.0,,cs0,,58.0,,6.0,,Start,1,1,0,98,98,0,98.0,0.0,0.0,0.0,0.0,0,0,0,0.0,,,0.0,0.0,0.0,ECO,,,,,0.0,0.0,0.0,0
1084403,0.0,0.0,0.0,0.0,0.0,0.0,udp,0.0,,cs0,,249.0,,7.0,,Start,1,1,0,74,74,0,74.0,0.0,0.0,0.0,0.0,0,0,0,0.0,,,0.0,0.0,0.0,INT,,,610.0,,0.0,0.0,0.0,0
1084419,0.0,0.0,0.0,0.0,0.0,0.0,udp,0.0,,cs0,,249.0,,7.0,,Start,1,1,0,74,74,0,74.0,0.0,0.0,0.0,0.0,0,0,0,0.0,,,0.0,0.0,0.0,INT,,,610.0,,0.0,0.0,0.0,0
1084436,0.0,0.0,0.0,0.0,0.0,0.0,udp,0.0,,cs0,,249.0,,7.0,,Start,1,1,0,74,74,0,74.0,0.0,0.0,0.0,0.0,0,0,0,0.0,,,0.0,0.0,0.0,INT,,,610.0,,0.0,0.0,0.0,0
1084540,0.0,0.0,0.0,0.0,0.0,0.0,udp,0.0,,cs0,,249.0,,7.0,,Start,1,1,0,74,74,0,74.0,0.0,0.0,0.0,0.0,0,0,0,0.0,,,0.0,0.0,0.0,INT,,,610.0,,0.0,0.0,0.0,0
1084558,0.0,0.0,0.0,0.0,0.0,0.0,udp,0.0,,cs0,,249.0,,7.0,,Start,1,1,0,74,74,0,74.0,0.0,0.0,0.0,0.0,0,0,0,0.0,,,0.0,0.0,0.0,INT,,,610.0,,0.0,0.0,0.0,0
1084563,0.0,0.0,0.0,0.0,0.0,0.0,udp,0.0,,cs0,,249.0,,7.0,,Start,1,1,0,74,74,0,74.0,0.0,0.0,0.0,0.0,0,0,0,0.0,,,0.0,0.0,0.0,INT,,,610.0,,0.0,0.0,0.0,0
1085626,0.0,0.0,0.0,0.0,0.0,0.0,udp,0.0,,cs0,,249.0,,7.0,,Start,1,1,0,74,74,0,74.0,0.0,0.0,0.0,0.0,0,0,0,0.0,,,0.0,0.0,0.0,INT,,,610.0,,0.0,0.0,0.0,0
1085675,0.0,0.0,0.0,0.0,0.0,0.0,udp,0.0,,cs0,,249.0,,7.0,,Start,1,1,0,74,74,0,74.0,0.0,0.0,0.0,0.0,0,0,0,0.0,,,0.0,0.0,0.0,INT,,,610.0,,0.0,0.0,0.0,0
1085766,0.0,0.0,0.0,0.0,0.0,0.0,udp,0.0,,cs0,,249.0,,7.0,,Start,1,1,0,74,74,0,74.0,0.0,0.0,0.0,0.0,0,0,0,0.0,,,0.0,0.0,0.0,INT,,,610.0,,0.0,0.0,0.0,0
1085767,0.0,0.0,0.0,0.0,0.0,0.0,udp,0.0,,cs0,,249.0,,7.0,,Start,1,1,0,74,74,0,74.0,0.0,0.0,0.0,0.0,0,0,0,0.0,,,0.0,0.0,0.0,INT,,,610.0,,0.0,0.0,0.0,0
1085776,0.0,0.0,0.0,0.0,0.0,0.0,udp,0.0,,cs0,,249.0,,7.0,,Start,1,1,0,74,74,0,74.0,0.0,0.0,0.0,0.0,0,0,0,0.0,,,0.0,0.0,0.0,INT,,,610.0,,0.0,0.0,0.0,0
1086977,0.0,0.0,0.0,0.0,0.0,0.0,udp,0.0,,cs0,,249.0,,7.0,,Start,1,1,0,74,74,0,74.0,0.0,0.0,0.0,0.0,0,0,0,0.0,,,0.0,0.0,0.0,INT,,,610.0,,0.0,0.0,0.0,0
1086981,0.0,0.0,0.0,0.0,0.0,0.0,udp,0.0,,cs0,,249.0,,7.0,,Start,1,1,0,74,74,0,74.0,0.0,0.0,0.0,0.0,0,0,0,0.0,,,0.0,0.0,0.0,INT,,,610.0,,0.0,0.0,0.0,0
1087010,0.0,0.0,0.0,0.0,0.0,0.0,udp,0.0,,cs0,,249.0,,7.0,,Start,1,1,0,74,74,0,74.0,0.0,0.0,0.0,0.0,0,0,0,0.0,,,0.0,0.0,0.0,INT,,,610.0,,0.0,0.0,0.0,0
1087055,0.0,0.0,0.0,0.0,0.0,0.0,udp,0.0,,cs0,,249.0,,7.0,,Start,1,1,0,74,74,0,74.0,0.0,0.0,0.0,0.0,0,0,0,0.0,,,0.0,0.0,0.0,INT,,,610.0,,0.0,0.0,0.0,0
1087106,4.968145,4.968145,4.968145,4.968145,4.968145,4.968145,udp,0.0,,cs0,,249.0,,7.0,,Start,2,2,0,148,148,0,74.0,0.0,119.159164,119.159164,0.0,0,0,0,0.0,,,0.201282,0.201282,0.0,INT,,,610.0,,0.0,0.0,0.0,0
1087114,0.0,0.0,0.0,0.0,0.0,0.0,udp,0.0,,cs0,,249.0,,7.0,,Start,1,1,0,74,74,0,74.0,0.0,0.0,0.0,0.0,0,0,0,0.0,,,0.0,0.0,0.0,INT,,,610.0,,0.0,0.0,0.0,0
1087116,0.0,0.0,0.0,0.0,0.0,0.0,udp,0.0,,cs0,,249.0,,7.0,,Start,1,1,0,74,74,0,74.0,0.0,0.0,0.0,0.0,0,0,0,0.0,,,0.0,0.0,0.0,INT,,,610.0,,0.0,0.0,0.0,0
1087120,0.0,0.0,0.0,0.0,0.0,0.0,udp,0.0,,cs0,,249.0,,7.0,,Start,1,1,0,74,74,0,74.0,0.0,0.0,0.0,0.0,0,0,0,0.0,,,0.0,0.0,0.0,INT,,,610.0,,0.0,0.0,0.0,0
1087134,0.0,0.0,0.0,0.0,0.0,0.0,udp,0.0,,cs0,,249.0,,7.0,,Start,1,1,0,74,74,0,74.0,0.0,0.0,0.0,0.0,0,0,0,0.0,,,0.0,0.0,0.0,INT,,,610.0,,0.0,0.0,0.0,0
1087932,0.0,0.0,0.0,0.0,0.0,0.0,tcp,0.0,,cs0,,53.0,,11.0,,Status,1,1,0,74,74,0,74.0,0.0,0.0,0.0,0.0,1,1,0,50.0,0.0,0.0,0.0,0.0,0.0,ACC,16776960.0,,,,0.0,0.0,0.0,0
1088285,0.0,0.0,0.0,0.0,0.0,0.0,udp,0.0,,cs0,,249.0,,7.0,,Start,1,1,0,74,74,0,74.0,0.0,0.0,0.0,0.0,0,0,0,0.0,,,0.0,0.0,0.0,INT,,,610.0,,0.0,0.0,0.0,0
1088955,0.142819,0.142819,0.142819,0.142819,0.142819,0.142819,tcp,0.0,0.0,cs0,cs0,64.0,62.0,0.0,2.0,Start,18,10,8,6105,1238,4867,123.800003,608.375,301024.375,62456.67578,238567.6875,0,0,0,0.0,0.0,0.0,119.031776,63.016823,49.013084,CON,78336.0,31104.0,,,0.026977,0.001075,0.025902,0
1089454,0.0,0.0,0.0,0.0,0.0,0.0,udp,0.0,,cs0,,249.0,,7.0,,Start,1,1,0,74,74,0,74.0,0.0,0.0,0.0,0.0,0,0,0,0.0,,,0.0,0.0,0.0,INT,,,610.0,,0.0,0.0,0.0,0
1089456,0.0,0.0,0.0,0.0,0.0,0.0,udp,0.0,,cs0,,249.0,,7.0,,Start,1,1,0,74,74,0,74.0,0.0,0.0,0.0,0.0,0,0,0,0.0,,,0.0,0.0,0.0,INT,,,610.0,,0.0,0.0,0.0,0
1089465,0.0,0.0,0.0,0.0,0.0,0.0,udp,0.0,,cs0,,249.0,,7.0,,Start,1,1,0,74,74,0,74.0,0.0,0.0,0.0,0.0,0,0,0,0.0,,,0.0,0.0,0.0,INT,,,610.0,,0.0,0.0,0.0,0
1089480,0.0,0.0,0.0,0.0,0.0,0.0,udp,0.0,,cs0,,249.0,,7.0,,Start,1,1,0,74,74,0,74.0,0.0,0.0,0.0,0.0,0,0,0,0.0,,,0.0,0.0,0.0,INT,,,610.0,,0.0,0.0,0.0,0
1089514,0.0,0.0,0.0,0.0,0.0,0.0,udp,0.0,,cs0,,249.0,,7.0,,Start,1,1,0,74,74,0,74.0,0.0,0.0,0.0,0.0,0,0,0,0.0,,,0.0,0.0,0.0,INT,,,610.0,,0.0,0.0,0.0,0
1089551,0.0,0.0,0.0,0.0,0.0,0.0,udp,0.0,,cs0,,249.0,,7.0,,Start,1,1,0,74,74,0,74.0,0.0,0.0,0.0,0.0,0,0,0,0.0,,,0.0,0.0,0.0,INT,,,610.0,,0.0,0.0,0.0,0
1089564,0.0,0.0,0.0,0.0,0.0,0.0,udp,0.0,,cs0,,249.0,,7.0,,Start,1,1,0,74,74,0,74.0,0.0,0.0,0.0,0.0,0,0,0,0.0,,,0.0,0.0,0.0,INT,,,610.0,,0.0,0.0,0.0,0
1089579,0.0,0.0,0.0,0.0,0.0,0.0,udp,0.0,,cs0,,249.0,,7.0,,Start,1,1,0,74,74,0,74.0,0.0,0.0,0.0,0.0,0,0,0,0.0,,,0.0,0.0,0.0,INT,,,610.0,,0.0,0.0,0.0,0
1090596,0.0,0.0,0.0,0.0,0.0,0.0,udp,0.0,,cs0,,249.0,,7.0,,Start,1,1,0,74,74,0,74.0,0.0,0.0,0.0,0.0,0,0,0,0.0,,,0.0,0.0,0.0,INT,,,610.0,,0.0,0.0,0.0,0
1091058,3.092764,3.092764,3.092764,3.092764,3.092764,3.092764,tcp,0.0,0.0,cs0,cs0,117.0,64.0,11.0,0.0,Start,6,3,3,384,222,162,74.0,54.0,662.190857,382.829102,279.361786,0,0,0,0.0,0.0,0.0,1.616677,0.646671,0.646671,RST,16776960.0,0.0,,,0.0,0.0,0.0,0
1091797,0.0,0.0,0.0,0.0,0.0,0.0,udp,0.0,,cs0,,249.0,,7.0,,Start,1,1,0,74,74,0,74.0,0.0,0.0,0.0,0.0,0,0,0,0.0,,,0.0,0.0,0.0,INT,,,610.0,,0.0,0.0,0.0,0
1091811,0.0,0.0,0.0,0.0,0.0,0.0,udp,0.0,,cs0,,249.0,,7.0,,Start,1,1,0,74,74,0,74.0,0.0,0.0,0.0,0.0,0,0,0,0.0,,,0.0,0.0,0.0,INT,,,610.0,,0.0,0.0,0.0,0
1091812,0.0,0.0,0.0,0.0,0.0,0.0,udp,0.0,,cs0,,249.0,,7.0,,Start,1,1,0,74,74,0,74.0,0.0,0.0,0.0,0.0,0,0,0,0.0,,,0.0,0.0,0.0,INT,,,610.0,,0.0,0.0,0.0,0
1091878,0.0,0.0,0.0,0.0,0.0,0.0,udp,0.0,,cs0,,249.0,,7.0,,Start,1,1,0,74,74,0,74.0,0.0,0.0,0.0,0.0,0,0,0,0.0,,,0.0,0.0,0.0,INT,,,610.0,,0.0,0.0,0.0,0
1091891,0.0,0.0,0.0,0.0,0.0,0.0,udp,0.0,,cs0,,249.0,,7.0,,Start,1,1,0,74,74,0,74.0,0.0,0.0,0.0,0.0,0,0,0,0.0,,,0.0,0.0,0.0,INT,,,610.0,,0.0,0.0,0.0,0
1091906,0.0,0.0,0.0,0.0,0.0,0.0,udp,0.0,,cs0,,249.0,,7.0,,Start,1,1,0,74,74,0,74.0,0.0,0.0,0.0,0.0,0,0,0,0.0,,,0.0,0.0,0.0,INT,,,610.0,,0.0,0.0,0.0,0
1093315,0.0,0.0,0.0,0.0,0.0,0.0,udp,0.0,,cs0,,249.0,,7.0,,Start,1,1,0,74,74,0,74.0,0.0,0.0,0.0,0.0,0,0,0,0.0,,,0.0,0.0,0.0,INT,,,610.0,,0.0,0.0,0.0,0
1093325,0.0,0.0,0.0,0.0,0.0,0.0,udp,0.0,,cs0,,249.0,,7.0,,Start,1,1,0,74,74,0,74.0,0.0,0.0,0.0,0.0,0,0,0,0.0,,,0.0,0.0,0.0,INT,,,610.0,,0.0,0.0,0.0,0
1093352,0.0,0.0,0.0,0.0,0.0,0.0,udp,0.0,,cs0,,249.0,,7.0,,Start,1,1,0,74,74,0,74.0,0.0,0.0,0.0,0.0,0,0,0,0.0,,,0.0,0.0,0.0,INT,,,610.0,,0.0,0.0,0.0,0
1093391,0.0,0.0,0.0,0.0,0.0,0.0,udp,0.0,,cs0,,249.0,,7.0,,Start,1,1,0,74,74,0,74.0,0.0,0.0,0.0,0.0,0,0,0,0.0,,,0.0,0.0,0.0,INT,,,610.0,,0.0,0.0,0.0,0
1093417,0.0,0.0,0.0,0.0,0.0,0.0,udp,0.0,,cs0,,249.0,,7.0,,Start,1,1,0,74,74,0,74.0,0.0,0.0,0.0,0.0,0,0,0,0.0,,,0.0,0.0,0.0,INT,,,610.0,,0.0,0.0,0.0,0
1093425,0.0,0.0,0.0,0.0,0.0,0.0,udp,0.0,,cs0,,249.0,,7.0,,Start,1,1,0,74,74,0,74.0,0.0,0.0,0.0,0.0,0,0,0,0.0,,,0.0,0.0,0.0,INT,,,610.0,,0.0,0.0,0.0,0
1093482,4.984197,4.984197,4.984197,4.984197,4.984197,4.984197,udp,0.0,0.0,cs0,cs0,64.0,117.0,0.0,11.0,Status,235,24,211,294401,7406,286995,308.583344,1360.165894,469857.8125,11392.80762,458465.0,0,0,0,0.0,,,46.948383,4.614585,42.133163,CON,,,,,0.0,0.0,0.0,0
1094899,0.0,0.0,0.0,0.0,0.0,0.0,udp,0.0,,cs0,,249.0,,7.0,,Start,1,1,0,74,74,0,74.0,0.0,0.0,0.0,0.0,0,0,0,0.0,,,0.0,0.0,0.0,INT,,,610.0,,0.0,0.0,0.0,0
1094953,0.0,0.0,0.0,0.0,0.0,0.0,udp,0.0,,cs0,,249.0,,7.0,,Start,1,1,0,74,74,0,74.0,0.0,0.0,0.0,0.0,0,0,0,0.0,,,0.0,0.0,0.0,INT,,,610.0,,0.0,0.0,0.0,0
1095044,0.0,0.0,0.0,0.0,0.0,0.0,udp,0.0,,cs0,,249.0,,7.0,,Start,1,1,0,74,74,0,74.0,0.0,0.0,0.0,0.0,0,0,0,0.0,,,0.0,0.0,0.0,INT,,,610.0,,0.0,0.0,0.0,0
1096635,0.0,0.0,0.0,0.0,0.0,0.0,udp,0.0,,cs0,,249.0,,7.0,,Start,1,1,0,74,74,0,74.0,0.0,0.0,0.0,0.0,0,0,0,0.0,,,0.0,0.0,0.0,INT,,,610.0,,0.0,0.0,0.0,0
1096639,0.0,0.0,0.0,0.0,0.0,0.0,udp,0.0,,cs0,,249.0,,7.0,,Start,1,1,0,74,74,0,74.0,0.0,0.0,0.0,0.0,0,0,0,0.0,,,0.0,0.0,0.0,INT,,,610.0,,0.0,0.0,0.0,0
1096696,0.0,0.0,0.0,0.0,0.0,0.0,udp,0.0,,cs0,,249.0,,7.0,,Start,1,1,0,74,74,0,74.0,0.0,0.0,0.0,0.0,0,0,0,0.0,,,0.0,0.0,0.0,INT,,,610.0,,0.0,0.0,0.0,0
1096701,0.0,0.0,0.0,0.0,0.0,0.0,udp,0.0,,cs0,,249.0,,7.0,,Start,1,1,0,74,74,0,74.0,0.0,0.0,0.0,0.0,0,0,0,0.0,,,0.0,0.0,0.0,INT,,,610.0,,0.0,0.0,0.0,0
1096918,0.014943,0.014943,0.014943,0.014943,0.014943,0.014943,tcp,0.0,0.0,cs0,cs0,62.0,64.0,2.0,0.0,Status,2,1,1,128,74,54,74.0,54.0,0.0,0.0,0.0,0,0,0,0.0,0.0,0.0,66.920967,0.0,0.0,RST,3706880.0,0.0,,,0.0,0.0,0.0,0
1097010,0.000552,0.000552,0.000552,0.000552,0.000552,0.000552,sctp,186.0,40.0,ef,af11,255.0,250.0,1.0,6.0,Status,2,1,1,192,94,98,94.0,98.0,0.0,0.0,0.0,0,0,0,0.0,,,1811.594116,0.0,0.0,CON,,,,610.0,0.0,0.0,0.0,0
1097091,0.0,0.0,0.0,0.0,0.0,0.0,udp,0.0,,cs0,,249.0,,7.0,,Start,1,1,0,74,74,0,74.0,0.0,0.0,0.0,0.0,0,0,0,0.0,,,0.0,0.0,0.0,INT,,,610.0,,0.0,0.0,0.0,0
1097122,0.0,0.0,0.0,0.0,0.0,0.0,udp,0.0,,cs0,,249.0,,7.0,,Start,1,1,0,74,74,0,74.0,0.0,0.0,0.0,0.0,0,0,0,0.0,,,0.0,0.0,0.0,INT,,,610.0,,0.0,0.0,0.0,0
1097227,0.0,0.0,0.0,0.0,0.0,0.0,udp,0.0,,cs0,,249.0,,7.0,,Start,1,1,0,74,74,0,74.0,0.0,0.0,0.0,0.0,0,0,0,0.0,,,0.0,0.0,0.0,INT,,,610.0,,0.0,0.0,0.0,0
1097249,0.0,0.0,0.0,0.0,0.0,0.0,udp,0.0,,cs0,,249.0,,7.0,,Start,1,1,0,74,74,0,74.0,0.0,0.0,0.0,0.0,0,0,0,0.0,,,0.0,0.0,0.0,INT,,,610.0,,0.0,0.0,0.0,0
1097270,0.0,0.0,0.0,0.0,0.0,0.0,udp,0.0,,cs0,,249.0,,7.0,,Start,1,1,0,74,74,0,74.0,0.0,0.0,0.0,0.0,0,0,0,0.0,,,0.0,0.0,0.0,INT,,,610.0,,0.0,0.0,0.0,0
1097274,0.0,0.0,0.0,0.0,0.0,0.0,udp,0.0,,cs0,,249.0,,7.0,,Start,1,1,0,74,74,0,74.0,0.0,0.0,0.0,0.0,0,0,0,0.0,,,0.0,0.0,0.0,INT,,,610.0,,0.0,0.0,0.0,0
1097450,0.0,0.0,0.0,0.0,0.0,0.0,udp,0.0,,cs0,,249.0,,7.0,,Start,1,1,0,74,74,0,74.0,0.0,0.0,0.0,0.0,0,0,0,0.0,,,0.0,0.0,0.0,INT,,,610.0,,0.0,0.0,0.0,0
1097483,0.0,0.0,0.0,0.0,0.0,0.0,udp,0.0,,cs0,,249.0,,7.0,,Start,1,1,0,74,74,0,74.0,0.0,0.0,0.0,0.0,0,0,0,0.0,,,0.0,0.0,0.0,INT,,,610.0,,0.0,0.0,0.0,0
1097535,0.0,0.0,0.0,0.0,0.0,0.0,udp,0.0,,cs0,,249.0,,7.0,,Start,1,1,0,74,74,0,74.0,0.0,0.0,0.0,0.0,0,0,0,0.0,,,0.0,0.0,0.0,INT,,,610.0,,0.0,0.0,0.0,0
1097596,0.0,0.0,0.0,0.0,0.0,0.0,udp,0.0,,cs0,,249.0,,7.0,,Start,1,1,0,74,74,0,74.0,0.0,0.0,0.0,0.0,0,0,0,0.0,,,0.0,0.0,0.0,INT,,,610.0,,0.0,0.0,0.0,0
1097610,0.0,0.0,0.0,0.0,0.0,0.0,udp,0.0,,cs0,,249.0,,7.0,,Start,1,1,0,74,74,0,74.0,0.0,0.0,0.0,0.0,0,0,0,0.0,,,0.0,0.0,0.0,INT,,,610.0,,0.0,0.0,0.0,0
1097713,0.0,0.0,0.0,0.0,0.0,0.0,udp,0.0,,cs0,,249.0,,7.0,,Start,1,1,0,74,74,0,74.0,0.0,0.0,0.0,0.0,0,0,0,0.0,,,0.0,0.0,0.0,INT,,,610.0,,0.0,0.0,0.0,0
1097722,0.0,0.0,0.0,0.0,0.0,0.0,udp,0.0,,cs0,,249.0,,7.0,,Start,1,1,0,74,74,0,74.0,0.0,0.0,0.0,0.0,0,0,0,0.0,,,0.0,0.0,0.0,INT,,,610.0,,0.0,0.0,0.0,0
1097888,0.0,0.0,0.0,0.0,0.0,0.0,udp,0.0,,cs0,,249.0,,7.0,,Start,1,1,0,74,74,0,74.0,0.0,0.0,0.0,0.0,0,0,0,0.0,,,0.0,0.0,0.0,INT,,,610.0,,0.0,0.0,0.0,0
1097909,0.0,0.0,0.0,0.0,0.0,0.0,udp,0.0,,cs0,,249.0,,7.0,,Start,1,1,0,74,74,0,74.0,0.0,0.0,0.0,0.0,0,0,0,0.0,,,0.0,0.0,0.0,INT,,,610.0,,0.0,0.0,0.0,0
1098845,0.0,0.0,0.0,0.0,0.0,0.0,udp,0.0,,cs0,,249.0,,7.0,,Start,1,1,0,74,74,0,74.0,0.0,0.0,0.0,0.0,0,0,0,0.0,,,0.0,0.0,0.0,INT,,,610.0,,0.0,0.0,0.0,0
1098912,0.0,0.0,0.0,0.0,0.0,0.0,udp,0.0,,cs0,,249.0,,7.0,,Start,1,1,0,74,74,0,74.0,0.0,0.0,0.0,0.0,0,0,0,0.0,,,0.0,0.0,0.0,INT,,,610.0,,0.0,0.0,0.0,0
1098924,0.0,0.0,0.0,0.0,0.0,0.0,udp,0.0,,cs0,,249.0,,7.0,,Start,1,1,0,74,74,0,74.0,0.0,0.0,0.0,0.0,0,0,0,0.0,,,0.0,0.0,0.0,INT,,,610.0,,0.0,0.0,0.0,0
1099022,0.0,0.0,0.0,0.0,0.0,0.0,udp,0.0,,cs0,,249.0,,7.0,,Start,1,1,0,74,74,0,74.0,0.0,0.0,0.0,0.0,0,0,0,0.0,,,0.0,0.0,0.0,INT,,,610.0,,0.0,0.0,0.0,0
1099029,0.0,0.0,0.0,0.0,0.0,0.0,udp,0.0,,cs0,,249.0,,7.0,,Start,1,1,0,74,74,0,74.0,0.0,0.0,0.0,0.0,0,0,0,0.0,,,0.0,0.0,0.0,INT,,,610.0,,0.0,0.0,0.0,0
1099179,0.0,0.0,0.0,0.0,0.0,0.0,udp,0.0,,cs0,,249.0,,7.0,,Start,1,1,0,74,74,0,74.0,0.0,0.0,0.0,0.0,0,0,0,0.0,,,0.0,0.0,0.0,INT,,,610.0,,0.0,0.0,0.0,0
1099324,0.0,0.0,0.0,0.0,0.0,0.0,udp,0.0,,cs0,,249.0,,7.0,,Start,1,1,0,74,74,0,74.0,0.0,0.0,0.0,0.0,0,0,0,0.0,,,0.0,0.0,0.0,INT,,,610.0,,0.0,0.0,0.0,0
1102704,4.968899,4.968899,4.968899,4.968899,4.968899,4.968899,tcp,0.0,0.0,cs0,cs0,64.0,117.0,0.0,11.0,Status,217,44,173,253882,4481,249401,101.840912,1441.624268,406271.0938,7051.864258,399219.25,0,0,0,0.0,0.0,0.0,43.470398,8.653829,34.615314,CON,1162240.0,218112.0,,,0.035881,0.020743,0.015138,0
1102830,3.023774,3.023774,3.023774,3.023774,3.023774,3.023774,tcp,0.0,0.0,cs0,cs0,116.0,64.0,12.0,0.0,Start,6,3,3,384,222,162,74.0,54.0,677.299316,391.56366,285.735657,0,0,0,0.0,0.0,0.0,1.653563,0.661425,0.661425,RST,16776960.0,0.0,,,0.0,0.0,0.0,0
1103575,0.0,0.0,0.0,0.0,0.0,0.0,udp,0.0,,cs0,,249.0,,7.0,,Start,1,1,0,74,74,0,74.0,0.0,0.0,0.0,0.0,0,0,0,0.0,,,0.0,0.0,0.0,INT,,,610.0,,0.0,0.0,0.0,0
1103668,0.0,0.0,0.0,0.0,0.0,0.0,udp,0.0,,cs0,,249.0,,7.0,,Start,1,1,0,74,74,0,74.0,0.0,0.0,0.0,0.0,0,0,0,0.0,,,0.0,0.0,0.0,INT,,,610.0,,0.0,0.0,0.0,0
1103772,0.0,0.0,0.0,0.0,0.0,0.0,udp,0.0,,cs0,,249.0,,7.0,,Start,1,1,0,74,74,0,74.0,0.0,0.0,0.0,0.0,0,0,0,0.0,,,0.0,0.0,0.0,INT,,,610.0,,0.0,0.0,0.0,0
1103838,0.0,0.0,0.0,0.0,0.0,0.0,udp,0.0,,cs0,,249.0,,7.0,,Start,1,1,0,74,74,0,74.0,0.0,0.0,0.0,0.0,0,0,0,0.0,,,0.0,0.0,0.0,INT,,,610.0,,0.0,0.0,0.0,0
1103895,0.0,0.0,0.0,0.0,0.0,0.0,udp,0.0,,cs0,,249.0,,7.0,,Start,1,1,0,74,74,0,74.0,0.0,0.0,0.0,0.0,0,0,0,0.0,,,0.0,0.0,0.0,INT,,,610.0,,0.0,0.0,0.0,0
1103927,0.0,0.0,0.0,0.0,0.0,0.0,udp,0.0,,cs0,,249.0,,7.0,,Start,1,1,0,74,74,0,74.0,0.0,0.0,0.0,0.0,0,0,0,0.0,,,0.0,0.0,0.0,INT,,,610.0,,0.0,0.0,0.0,0
1103950,0.0,0.0,0.0,0.0,0.0,0.0,udp,0.0,,cs0,,249.0,,7.0,,Start,1,1,0,74,74,0,74.0,0.0,0.0,0.0,0.0,0,0,0,0.0,,,0.0,0.0,0.0,INT,,,610.0,,0.0,0.0,0.0,0
1104093,0.0,0.0,0.0,0.0,0.0,0.0,udp,0.0,,cs0,,249.0,,7.0,,Start,1,1,0,74,74,0,74.0,0.0,0.0,0.0,0.0,0,0,0,0.0,,,0.0,0.0,0.0,INT,,,610.0,,0.0,0.0,0.0,0
1104106,0.0,0.0,0.0,0.0,0.0,0.0,udp,0.0,,cs0,,249.0,,7.0,,Start,1,1,0,74,74,0,74.0,0.0,0.0,0.0,0.0,0,0,0,0.0,,,0.0,0.0,0.0,INT,,,610.0,,0.0,0.0,0.0,0
1104126,0.0,0.0,0.0,0.0,0.0,0.0,udp,0.0,,cs0,,249.0,,7.0,,Start,1,1,0,74,74,0,74.0,0.0,0.0,0.0,0.0,0,0,0,0.0,,,0.0,0.0,0.0,INT,,,610.0,,0.0,0.0,0.0,0
1104146,0.0,0.0,0.0,0.0,0.0,0.0,udp,0.0,,cs0,,249.0,,7.0,,Start,1,1,0,74,74,0,74.0,0.0,0.0,0.0,0.0,0,0,0,0.0,,,0.0,0.0,0.0,INT,,,610.0,,0.0,0.0,0.0,0
1104236,0.0,0.0,0.0,0.0,0.0,0.0,udp,0.0,,cs0,,249.0,,7.0,,Start,1,1,0,74,74,0,74.0,0.0,0.0,0.0,0.0,0,0,0,0.0,,,0.0,0.0,0.0,INT,,,610.0,,0.0,0.0,0.0,0
1104245,0.0,0.0,0.0,0.0,0.0,0.0,udp,0.0,,cs0,,249.0,,7.0,,Start,1,1,0,74,74,0,74.0,0.0,0.0,0.0,0.0,0,0,0,0.0,,,0.0,0.0,0.0,INT,,,610.0,,0.0,0.0,0.0,0
1104267,0.0,0.0,0.0,0.0,0.0,0.0,udp,0.0,,cs0,,249.0,,7.0,,Start,1,1,0,74,74,0,74.0,0.0,0.0,0.0,0.0,0,0,0,0.0,,,0.0,0.0,0.0,INT,,,610.0,,0.0,0.0,0.0,0
1104300,0.0,0.0,0.0,0.0,0.0,0.0,udp,0.0,,cs0,,249.0,,7.0,,Start,1,1,0,74,74,0,74.0,0.0,0.0,0.0,0.0,0,0,0,0.0,,,0.0,0.0,0.0,INT,,,610.0,,0.0,0.0,0.0,0
1104308,0.0,0.0,0.0,0.0,0.0,0.0,udp,0.0,,cs0,,249.0,,7.0,,Start,1,1,0,74,74,0,74.0,0.0,0.0,0.0,0.0,0,0,0,0.0,,,0.0,0.0,0.0,INT,,,610.0,,0.0,0.0,0.0,0
1104381,0.0,0.0,0.0,0.0,0.0,0.0,udp,0.0,,cs0,,249.0,,7.0,,Start,1,1,0,74,74,0,74.0,0.0,0.0,0.0,0.0,0,0,0,0.0,,,0.0,0.0,0.0,INT,,,610.0,,0.0,0.0,0.0,0
1104412,0.0,0.0,0.0,0.0,0.0,0.0,udp,0.0,,cs0,,249.0,,7.0,,Start,1,1,0,74,74,0,74.0,0.0,0.0,0.0,0.0,0,0,0,0.0,,,0.0,0.0,0.0,INT,,,610.0,,0.0,0.0,0.0,0
1104516,0.0,0.0,0.0,0.0,0.0,0.0,udp,0.0,,cs0,,249.0,,7.0,,Start,1,1,0,74,74,0,74.0,0.0,0.0,0.0,0.0,0,0,0,0.0,,,0.0,0.0,0.0,INT,,,610.0,,0.0,0.0,0.0,0
1104582,0.0,0.0,0.0,0.0,0.0,0.0,udp,0.0,,cs0,,249.0,,7.0,,Start,1,1,0,74,74,0,74.0,0.0,0.0,0.0,0.0,0,0,0,0.0,,,0.0,0.0,0.0,INT,,,610.0,,0.0,0.0,0.0,0
1104607,0.0,0.0,0.0,0.0,0.0,0.0,udp,0.0,,cs0,,249.0,,7.0,,Start,1,1,0,74,74,0,74.0,0.0,0.0,0.0,0.0,0,0,0,0.0,,,0.0,0.0,0.0,INT,,,610.0,,0.0,0.0,0.0,0
1104619,0.0,0.0,0.0,0.0,0.0,0.0,udp,0.0,,cs0,,249.0,,7.0,,Start,1,1,0,74,74,0,74.0,0.0,0.0,0.0,0.0,0,0,0,0.0,,,0.0,0.0,0.0,INT,,,610.0,,0.0,0.0,0.0,0
1104644,0.0,0.0,0.0,0.0,0.0,0.0,udp,0.0,,cs0,,249.0,,7.0,,Start,1,1,0,74,74,0,74.0,0.0,0.0,0.0,0.0,0,0,0,0.0,,,0.0,0.0,0.0,INT,,,610.0,,0.0,0.0,0.0,0
1104652,0.0,0.0,0.0,0.0,0.0,0.0,udp,0.0,,cs0,,249.0,,7.0,,Start,1,1,0,74,74,0,74.0,0.0,0.0,0.0,0.0,0,0,0,0.0,,,0.0,0.0,0.0,INT,,,610.0,,0.0,0.0,0.0,0
1104663,0.0,0.0,0.0,0.0,0.0,0.0,udp,0.0,,cs0,,249.0,,7.0,,Start,1,1,0,74,74,0,74.0,0.0,0.0,0.0,0.0,0,0,0,0.0,,,0.0,0.0,0.0,INT,,,610.0,,0.0,0.0,0.0,0
1104759,0.0,0.0,0.0,0.0,0.0,0.0,udp,0.0,,cs0,,249.0,,7.0,,Start,1,1,0,74,74,0,74.0,0.0,0.0,0.0,0.0,0,0,0,0.0,,,0.0,0.0,0.0,INT,,,610.0,,0.0,0.0,0.0,0
1104833,0.0,0.0,0.0,0.0,0.0,0.0,udp,0.0,,cs0,,249.0,,7.0,,Start,1,1,0,74,74,0,74.0,0.0,0.0,0.0,0.0,0,0,0,0.0,,,0.0,0.0,0.0,INT,,,610.0,,0.0,0.0,0.0,0
1104857,0.0,0.0,0.0,0.0,0.0,0.0,udp,0.0,,cs0,,249.0,,7.0,,Start,1,1,0,74,74,0,74.0,0.0,0.0,0.0,0.0,0,0,0,0.0,,,0.0,0.0,0.0,INT,,,610.0,,0.0,0.0,0.0,0
1104896,0.0,0.0,0.0,0.0,0.0,0.0,udp,0.0,,cs0,,249.0,,7.0,,Start,1,1,0,74,74,0,74.0,0.0,0.0,0.0,0.0,0,0,0,0.0,,,0.0,0.0,0.0,INT,,,610.0,,0.0,0.0,0.0,0
1105994,0.0,0.0,0.0,0.0,0.0,0.0,udp,0.0,,cs0,,249.0,,7.0,,Start,1,1,0,74,74,0,74.0,0.0,0.0,0.0,0.0,0,0,0,0.0,,,0.0,0.0,0.0,INT,,,610.0,,0.0,0.0,0.0,0
1107059,3.07521,3.07521,3.07521,3.07521,3.07521,3.07521,tcp,0.0,0.0,cs0,cs0,115.0,64.0,13.0,0.0,Start,6,3,3,384,222,162,74.0,54.0,665.970764,385.014343,280.956421,0,0,0,0.0,0.0,0.0,1.625905,0.650362,0.650362,RST,16776960.0,0.0,,,0.0,0.0,0.0,0
1107143,3.080853,3.080853,3.080853,3.080853,3.080853,3.080853,tcp,0.0,0.0,cs0,cs0,62.0,64.0,2.0,0.0,Start,6,3,3,384,222,162,74.0,54.0,664.750977,384.309143,280.441803,0,0,0,0.0,0.0,0.0,1.622927,0.649171,0.649171,RST,3706880.0,0.0,,,0.0,0.0,0.0,0
1107156,0.0,0.0,0.0,0.0,0.0,0.0,udp,0.0,,cs0,,249.0,,7.0,,Start,1,1,0,74,74,0,74.0,0.0,0.0,0.0,0.0,0,0,0,0.0,,,0.0,0.0,0.0,INT,,,610.0,,0.0,0.0,0.0,0
1107176,0.0,0.0,0.0,0.0,0.0,0.0,udp,0.0,,cs0,,249.0,,7.0,,Start,1,1,0,74,74,0,74.0,0.0,0.0,0.0,0.0,0,0,0,0.0,,,0.0,0.0,0.0,INT,,,610.0,,0.0,0.0,0.0,0
1107241,4.99426,4.99426,4.99426,4.99426,4.99426,4.99426,udp,0.0,,cs0,,249.0,,7.0,,Start,2,2,0,148,148,0,74.0,0.0,118.536087,118.536087,0.0,0,0,0,0.0,,,0.20023,0.20023,0.0,INT,,,610.0,,0.0,0.0,0.0,0
1108341,0.0,0.0,0.0,0.0,0.0,0.0,udp,0.0,,cs0,,249.0,,7.0,,Start,1,1,0,74,74,0,74.0,0.0,0.0,0.0,0.0,0,0,0,0.0,,,0.0,0.0,0.0,INT,,,610.0,,0.0,0.0,0.0,0
1108354,0.0,0.0,0.0,0.0,0.0,0.0,udp,0.0,,cs0,,249.0,,7.0,,Start,1,1,0,74,74,0,74.0,0.0,0.0,0.0,0.0,0,0,0,0.0,,,0.0,0.0,0.0,INT,,,610.0,,0.0,0.0,0.0,0
1108381,0.0,0.0,0.0,0.0,0.0,0.0,udp,0.0,,cs0,,249.0,,7.0,,Start,1,1,0,74,74,0,74.0,0.0,0.0,0.0,0.0,0,0,0,0.0,,,0.0,0.0,0.0,INT,,,610.0,,0.0,0.0,0.0,0
1108487,0.00114,0.00114,0.00114,0.00114,0.00114,0.00114,tcp,0.0,0.0,cs0,cs0,64.0,62.0,0.0,2.0,Status,2,1,1,132,66,66,66.0,66.0,0.0,0.0,0.0,0,0,0,0.0,0.0,0.0,877.192993,0.0,0.0,CON,77312.0,31104.0,,,0.016093,0.001197,0.014896,0
1109518,3.026616,3.026616,3.026616,3.026616,3.026616,3.026616,tcp,0.0,,cs0,,115.0,,13.0,,Start,4,4,0,296,296,0,74.0,0.0,586.793945,586.793945,0.0,3,3,0,42.857143,0.0,0.0,0.991206,0.991206,0.0,ACC,16776960.0,,,,0.0,0.0,0.0,0
1109536,0.0,0.0,0.0,0.0,0.0,0.0,udp,0.0,,cs0,,249.0,,7.0,,Start,1,1,0,74,74,0,74.0,0.0,0.0,0.0,0.0,0,0,0,0.0,,,0.0,0.0,0.0,INT,,,610.0,,0.0,0.0,0.0,0
1109549,0.0,0.0,0.0,0.0,0.0,0.0,udp,0.0,,cs0,,249.0,,7.0,,Start,1,1,0,74,74,0,74.0,0.0,0.0,0.0,0.0,0,0,0,0.0,,,0.0,0.0,0.0,INT,,,610.0,,0.0,0.0,0.0,0
1109611,0.0,0.0,0.0,0.0,0.0,0.0,udp,0.0,,cs0,,249.0,,7.0,,Start,1,1,0,74,74,0,74.0,0.0,0.0,0.0,0.0,0,0,0,0.0,,,0.0,0.0,0.0,INT,,,610.0,,0.0,0.0,0.0,0
1109622,0.0,0.0,0.0,0.0,0.0,0.0,udp,0.0,,cs0,,249.0,,7.0,,Start,1,1,0,74,74,0,74.0,0.0,0.0,0.0,0.0,0,0,0,0.0,,,0.0,0.0,0.0,INT,,,610.0,,0.0,0.0,0.0,0
1109635,0.0,0.0,0.0,0.0,0.0,0.0,udp,0.0,,cs0,,249.0,,7.0,,Start,1,1,0,74,74,0,74.0,0.0,0.0,0.0,0.0,0,0,0,0.0,,,0.0,0.0,0.0,INT,,,610.0,,0.0,0.0,0.0,0
1109830,0.0,0.0,0.0,0.0,0.0,0.0,icmp,0.0,,cs0,,58.0,,6.0,,Start,1,1,0,98,98,0,98.0,0.0,0.0,0.0,0.0,0,0,0,0.0,,,0.0,0.0,0.0,ECO,,,,,0.0,0.0,0.0,0
1110693,0.0,0.0,0.0,0.0,0.0,0.0,icmp,0.0,,cs0,,58.0,,6.0,,Start,1,1,0,98,98,0,98.0,0.0,0.0,0.0,0.0,0,0,0,0.0,,,0.0,0.0,0.0,ECO,,,,,0.0,0.0,0.0,0
1110992,0.0,0.0,0.0,0.0,0.0,0.0,udp,0.0,,cs0,,249.0,,7.0,,Start,1,1,0,74,74,0,74.0,0.0,0.0,0.0,0.0,0,0,0,0.0,,,0.0,0.0,0.0,INT,,,610.0,,0.0,0.0,0.0,0
1110996,0.0,0.0,0.0,0.0,0.0,0.0,udp,0.0,,cs0,,249.0,,7.0,,Start,1,1,0,74,74,0,74.0,0.0,0.0,0.0,0.0,0,0,0,0.0,,,0.0,0.0,0.0,INT,,,610.0,,0.0,0.0,0.0,0
1112565,0.0,0.0,0.0,0.0,0.0,0.0,udp,0.0,,cs0,,249.0,,7.0,,Start,1,1,0,74,74,0,74.0,0.0,0.0,0.0,0.0,0,0,0,0.0,,,0.0,0.0,0.0,INT,,,610.0,,0.0,0.0,0.0,0
1112570,0.0,0.0,0.0,0.0,0.0,0.0,udp,0.0,,cs0,,249.0,,7.0,,Start,1,1,0,74,74,0,74.0,0.0,0.0,0.0,0.0,0,0,0,0.0,,,0.0,0.0,0.0,INT,,,610.0,,0.0,0.0,0.0,0
1112634,0.0,0.0,0.0,0.0,0.0,0.0,udp,0.0,,cs0,,249.0,,7.0,,Start,1,1,0,74,74,0,74.0,0.0,0.0,0.0,0.0,0,0,0,0.0,,,0.0,0.0,0.0,INT,,,610.0,,0.0,0.0,0.0,0
1112752,0.0,0.0,0.0,0.0,0.0,0.0,icmp,0.0,,cs0,,58.0,,6.0,,Start,1,1,0,98,98,0,98.0,0.0,0.0,0.0,0.0,0,0,0,0.0,,,0.0,0.0,0.0,ECO,,,,,0.0,0.0,0.0,0
1112760,0.0,0.0,0.0,0.0,0.0,0.0,udp,0.0,,cs0,,249.0,,7.0,,Start,1,1,0,74,74,0,74.0,0.0,0.0,0.0,0.0,0,0,0,0.0,,,0.0,0.0,0.0,INT,,,610.0,,0.0,0.0,0.0,0
1114370,0.0,0.0,0.0,0.0,0.0,0.0,udp,0.0,,cs0,,249.0,,7.0,,Start,1,1,0,74,74,0,74.0,0.0,0.0,0.0,0.0,0,0,0,0.0,,,0.0,0.0,0.0,INT,,,610.0,,0.0,0.0,0.0,0
1114377,0.0,0.0,0.0,0.0,0.0,0.0,udp,0.0,,cs0,,249.0,,7.0,,Start,1,1,0,74,74,0,74.0,0.0,0.0,0.0,0.0,0,0,0,0.0,,,0.0,0.0,0.0,INT,,,610.0,,0.0,0.0,0.0,0
1114443,0.0,0.0,0.0,0.0,0.0,0.0,udp,0.0,,cs0,,249.0,,7.0,,Start,1,1,0,74,74,0,74.0,0.0,0.0,0.0,0.0,0,0,0,0.0,,,0.0,0.0,0.0,INT,,,610.0,,0.0,0.0,0.0,0
1114510,0.0,0.0,0.0,0.0,0.0,0.0,udp,0.0,,cs0,,249.0,,7.0,,Start,1,1,0,74,74,0,74.0,0.0,0.0,0.0,0.0,0,0,0,0.0,,,0.0,0.0,0.0,INT,,,610.0,,0.0,0.0,0.0,0
1114519,0.0,0.0,0.0,0.0,0.0,0.0,udp,0.0,,cs0,,249.0,,7.0,,Start,1,1,0,74,74,0,74.0,0.0,0.0,0.0,0.0,0,0,0,0.0,,,0.0,0.0,0.0,INT,,,610.0,,0.0,0.0,0.0,0
1114522,0.0,0.0,0.0,0.0,0.0,0.0,udp,0.0,,cs0,,249.0,,7.0,,Start,1,1,0,74,74,0,74.0,0.0,0.0,0.0,0.0,0,0,0,0.0,,,0.0,0.0,0.0,INT,,,610.0,,0.0,0.0,0.0,0
1116121,0.0,0.0,0.0,0.0,0.0,0.0,udp,0.0,,cs0,,249.0,,7.0,,Start,1,1,0,74,74,0,74.0,0.0,0.0,0.0,0.0,0,0,0,0.0,,,0.0,0.0,0.0,INT,,,610.0,,0.0,0.0,0.0,0
1116132,0.0,0.0,0.0,0.0,0.0,0.0,udp,0.0,,cs0,,249.0,,7.0,,Start,1,1,0,74,74,0,74.0,0.0,0.0,0.0,0.0,0,0,0,0.0,,,0.0,0.0,0.0,INT,,,610.0,,0.0,0.0,0.0,0
1116154,0.0,0.0,0.0,0.0,0.0,0.0,udp,0.0,,cs0,,249.0,,7.0,,Start,1,1,0,74,74,0,74.0,0.0,0.0,0.0,0.0,0,0,0,0.0,,,0.0,0.0,0.0,INT,,,610.0,,0.0,0.0,0.0,0
1116192,0.0,0.0,0.0,0.0,0.0,0.0,udp,0.0,,cs0,,249.0,,7.0,,Start,1,1,0,74,74,0,74.0,0.0,0.0,0.0,0.0,0,0,0,0.0,,,0.0,0.0,0.0,INT,,,610.0,,0.0,0.0,0.0,0
1116210,0.0,0.0,0.0,0.0,0.0,0.0,udp,0.0,,cs0,,249.0,,7.0,,Start,1,1,0,74,74,0,74.0,0.0,0.0,0.0,0.0,0,0,0,0.0,,,0.0,0.0,0.0,INT,,,610.0,,0.0,0.0,0.0,0
1116470,3.133341,3.133341,3.133341,3.133341,3.133341,3.133341,tcp,0.0,0.0,cs0,cs0,116.0,64.0,12.0,0.0,Start,6,3,3,384,222,162,74.0,54.0,653.615417,377.871399,275.743988,0,0,0,0.0,0.0,0.0,1.595741,0.638296,0.638296,RST,16776960.0,0.0,,,0.0,0.0,0.0,0
1117828,4.973342,4.973342,4.973342,4.973342,4.973342,4.973342,udp,0.0,,cs0,,249.0,,7.0,,Start,2,2,0,148,148,0,74.0,0.0,119.034645,119.034645,0.0,0,0,0,0.0,,,0.201072,0.201072,0.0,INT,,,610.0,,0.0,0.0,0.0,0
1117863,0.0,0.0,0.0,0.0,0.0,0.0,udp,0.0,,cs0,,249.0,,7.0,,Start,1,1,0,74,74,0,74.0,0.0,0.0,0.0,0.0,0,0,0,0.0,,,0.0,0.0,0.0,INT,,,610.0,,0.0,0.0,0.0,0
1117915,0.0,0.0,0.0,0.0,0.0,0.0,udp,0.0,,cs0,,249.0,,7.0,,Start,1,1,0,74,74,0,74.0,0.0,0.0,0.0,0.0,0,0,0,0.0,,,0.0,0.0,0.0,INT,,,610.0,,0.0,0.0,0.0,0
1117939,4.96231,4.96231,4.96231,4.96231,4.96231,4.96231,udp,0.0,,cs0,,249.0,,7.0,,Start,2,2,0,148,148,0,74.0,0.0,119.299278,119.299278,0.0,0,0,0,0.0,,,0.201519,0.201519,0.0,INT,,,610.0,,0.0,0.0,0.0,0
1117959,0.0,0.0,0.0,0.0,0.0,0.0,udp,0.0,,cs0,,249.0,,7.0,,Start,1,1,0,74,74,0,74.0,0.0,0.0,0.0,0.0,0,0,0,0.0,,,0.0,0.0,0.0,INT,,,610.0,,0.0,0.0,0.0,0
1117964,0.0,0.0,0.0,0.0,0.0,0.0,udp,0.0,,cs0,,249.0,,7.0,,Start,1,1,0,74,74,0,74.0,0.0,0.0,0.0,0.0,0,0,0,0.0,,,0.0,0.0,0.0,INT,,,610.0,,0.0,0.0,0.0,0
1117970,0.0,0.0,0.0,0.0,0.0,0.0,udp,0.0,,cs0,,249.0,,7.0,,Start,1,1,0,74,74,0,74.0,0.0,0.0,0.0,0.0,0,0,0,0.0,,,0.0,0.0,0.0,INT,,,610.0,,0.0,0.0,0.0,0
1117997,0.0,0.0,0.0,0.0,0.0,0.0,udp,0.0,,cs0,,249.0,,7.0,,Start,1,1,0,74,74,0,74.0,0.0,0.0,0.0,0.0,0,0,0,0.0,,,0.0,0.0,0.0,INT,,,610.0,,0.0,0.0,0.0,0
1119409,0.105145,0.105145,0.105145,0.105145,0.105145,0.105145,tcp,0.0,0.0,cs0,cs0,52.0,64.0,12.0,0.0,Status,2,1,1,128,74,54,74.0,54.0,0.0,0.0,0.0,0,0,0,0.0,0.0,0.0,9.510675,0.0,0.0,RST,16776960.0,0.0,,,0.0,0.0,0.0,0
1119492,0.0,0.0,0.0,0.0,0.0,0.0,udp,0.0,,cs0,,249.0,,7.0,,Start,1,1,0,74,74,0,74.0,0.0,0.0,0.0,0.0,0,0,0,0.0,,,0.0,0.0,0.0,INT,,,610.0,,0.0,0.0,0.0,0
1119497,0.0,0.0,0.0,0.0,0.0,0.0,udp,0.0,,cs0,,249.0,,7.0,,Start,1,1,0,74,74,0,74.0,0.0,0.0,0.0,0.0,0,0,0,0.0,,,0.0,0.0,0.0,INT,,,610.0,,0.0,0.0,0.0,0
1119508,0.0,0.0,0.0,0.0,0.0,0.0,udp,0.0,,cs0,,249.0,,7.0,,Start,1,1,0,74,74,0,74.0,0.0,0.0,0.0,0.0,0,0,0,0.0,,,0.0,0.0,0.0,INT,,,610.0,,0.0,0.0,0.0,0
1121116,0.0,0.0,0.0,0.0,0.0,0.0,tcp,0.0,,cs0,,52.0,,12.0,,Status,1,1,0,74,74,0,74.0,0.0,0.0,0.0,0.0,1,1,0,50.0,0.0,0.0,0.0,0.0,0.0,ACC,16776960.0,,,,0.0,0.0,0.0,0
1121155,0.0,0.0,0.0,0.0,0.0,0.0,udp,0.0,,cs0,,249.0,,7.0,,Start,1,1,0,74,74,0,74.0,0.0,0.0,0.0,0.0,0,0,0,0.0,,,0.0,0.0,0.0,INT,,,610.0,,0.0,0.0,0.0,0
1121170,0.0,0.0,0.0,0.0,0.0,0.0,udp,0.0,,cs0,,249.0,,7.0,,Start,1,1,0,74,74,0,74.0,0.0,0.0,0.0,0.0,0,0,0,0.0,,,0.0,0.0,0.0,INT,,,610.0,,0.0,0.0,0.0,0
1121187,0.0,0.0,0.0,0.0,0.0,0.0,udp,0.0,,cs0,,249.0,,7.0,,Start,1,1,0,74,74,0,74.0,0.0,0.0,0.0,0.0,0,0,0,0.0,,,0.0,0.0,0.0,INT,,,610.0,,0.0,0.0,0.0,0
1121211,0.0,0.0,0.0,0.0,0.0,0.0,udp,0.0,,cs0,,249.0,,7.0,,Start,1,1,0,74,74,0,74.0,0.0,0.0,0.0,0.0,0,0,0,0.0,,,0.0,0.0,0.0,INT,,,610.0,,0.0,0.0,0.0,0
1121306,0.0,0.0,0.0,0.0,0.0,0.0,udp,0.0,,cs0,,249.0,,7.0,,Start,1,1,0,74,74,0,74.0,0.0,0.0,0.0,0.0,0,0,0,0.0,,,0.0,0.0,0.0,INT,,,610.0,,0.0,0.0,0.0,0
1121308,0.0,0.0,0.0,0.0,0.0,0.0,udp,0.0,,cs0,,249.0,,7.0,,Start,1,1,0,74,74,0,74.0,0.0,0.0,0.0,0.0,0,0,0,0.0,,,0.0,0.0,0.0,INT,,,610.0,,0.0,0.0,0.0,0
1122939,0.0,0.0,0.0,0.0,0.0,0.0,udp,0.0,,cs0,,249.0,,7.0,,Start,1,1,0,74,74,0,74.0,0.0,0.0,0.0,0.0,0,0,0,0.0,,,0.0,0.0,0.0,INT,,,610.0,,0.0,0.0,0.0,0
1122950,0.0,0.0,0.0,0.0,0.0,0.0,udp,0.0,,cs0,,249.0,,7.0,,Start,1,1,0,74,74,0,74.0,0.0,0.0,0.0,0.0,0,0,0,0.0,,,0.0,0.0,0.0,INT,,,610.0,,0.0,0.0,0.0,0
1122998,0.0,0.0,0.0,0.0,0.0,0.0,udp,0.0,,cs0,,249.0,,7.0,,Start,1,1,0,74,74,0,74.0,0.0,0.0,0.0,0.0,0,0,0,0.0,,,0.0,0.0,0.0,INT,,,610.0,,0.0,0.0,0.0,0
1123027,0.0,0.0,0.0,0.0,0.0,0.0,udp,0.0,,cs0,,249.0,,7.0,,Start,1,1,0,74,74,0,74.0,0.0,0.0,0.0,0.0,0,0,0,0.0,,,0.0,0.0,0.0,INT,,,610.0,,0.0,0.0,0.0,0
1123316,0.0,0.0,0.0,0.0,0.0,0.0,icmp,0.0,,cs0,,58.0,,6.0,,Start,1,1,0,98,98,0,98.0,0.0,0.0,0.0,0.0,0,0,0,0.0,,,0.0,0.0,0.0,ECO,,,,,0.0,0.0,0.0,0
1124555,0.0,0.0,0.0,0.0,0.0,0.0,udp,0.0,,cs0,,249.0,,7.0,,Start,1,1,0,74,74,0,74.0,0.0,0.0,0.0,0.0,0,0,0,0.0,,,0.0,0.0,0.0,INT,,,610.0,,0.0,0.0,0.0,0
1124612,0.0,0.0,0.0,0.0,0.0,0.0,udp,0.0,,cs0,,249.0,,7.0,,Start,1,1,0,74,74,0,74.0,0.0,0.0,0.0,0.0,0,0,0,0.0,,,0.0,0.0,0.0,INT,,,610.0,,0.0,0.0,0.0,0
1124615,0.0,0.0,0.0,0.0,0.0,0.0,udp,0.0,,cs0,,249.0,,7.0,,Start,1,1,0,74,74,0,74.0,0.0,0.0,0.0,0.0,0,0,0,0.0,,,0.0,0.0,0.0,INT,,,610.0,,0.0,0.0,0.0,0
1124636,0.0,0.0,0.0,0.0,0.0,0.0,udp,0.0,,cs0,,249.0,,7.0,,Start,1,1,0,74,74,0,74.0,0.0,0.0,0.0,0.0,0,0,0,0.0,,,0.0,0.0,0.0,INT,,,610.0,,0.0,0.0,0.0,0
1124638,0.0,0.0,0.0,0.0,0.0,0.0,udp,0.0,,cs0,,249.0,,7.0,,Start,1,1,0,74,74,0,74.0,0.0,0.0,0.0,0.0,0,0,0,0.0,,,0.0,0.0,0.0,INT,,,610.0,,0.0,0.0,0.0,0
1124646,0.0,0.0,0.0,0.0,0.0,0.0,udp,0.0,,cs0,,249.0,,7.0,,Start,1,1,0,74,74,0,74.0,0.0,0.0,0.0,0.0,0,0,0,0.0,,,0.0,0.0,0.0,INT,,,610.0,,0.0,0.0,0.0,0
1124648,0.0,0.0,0.0,0.0,0.0,0.0,udp,0.0,,cs0,,249.0,,7.0,,Start,1,1,0,74,74,0,74.0,0.0,0.0,0.0,0.0,0,0,0,0.0,,,0.0,0.0,0.0,INT,,,610.0,,0.0,0.0,0.0,0
1124726,0.0,0.0,0.0,0.0,0.0,0.0,udp,0.0,,cs0,,249.0,,7.0,,Start,1,1,0,74,74,0,74.0,0.0,0.0,0.0,0.0,0,0,0,0.0,,,0.0,0.0,0.0,INT,,,610.0,,0.0,0.0,0.0,0
1124735,0.0,0.0,0.0,0.0,0.0,0.0,udp,0.0,,cs0,,249.0,,7.0,,Start,1,1,0,74,74,0,74.0,0.0,0.0,0.0,0.0,0,0,0,0.0,,,0.0,0.0,0.0,INT,,,610.0,,0.0,0.0,0.0,0
1124880,0.071895,0.071895,0.071895,0.071895,0.071895,0.071895,udp,0.0,,cs0,,62.0,,2.0,,Status,1,1,0,360,360,0,360.0,0.0,0.0,0.0,0.0,0,0,0,0.0,,,0.0,0.0,0.0,REQ,,,,,0.0,0.0,0.0,0
1126311,0.0,0.0,0.0,0.0,0.0,0.0,udp,0.0,,cs0,,249.0,,7.0,,Start,1,1,0,74,74,0,74.0,0.0,0.0,0.0,0.0,0,0,0,0.0,,,0.0,0.0,0.0,INT,,,610.0,,0.0,0.0,0.0,0
1126358,0.0,0.0,0.0,0.0,0.0,0.0,udp,0.0,,cs0,,249.0,,7.0,,Start,1,1,0,74,74,0,74.0,0.0,0.0,0.0,0.0,0,0,0,0.0,,,0.0,0.0,0.0,INT,,,610.0,,0.0,0.0,0.0,0
1126379,0.0,0.0,0.0,0.0,0.0,0.0,udp,0.0,,cs0,,249.0,,7.0,,Start,1,1,0,74,74,0,74.0,0.0,0.0,0.0,0.0,0,0,0,0.0,,,0.0,0.0,0.0,INT,,,610.0,,0.0,0.0,0.0,0
1126410,0.0,0.0,0.0,0.0,0.0,0.0,udp,0.0,,cs0,,249.0,,7.0,,Start,1,1,0,74,74,0,74.0,0.0,0.0,0.0,0.0,0,0,0,0.0,,,0.0,0.0,0.0,INT,,,610.0,,0.0,0.0,0.0,0
1126434,0.0,0.0,0.0,0.0,0.0,0.0,udp,0.0,,cs0,,249.0,,7.0,,Start,1,1,0,74,74,0,74.0,0.0,0.0,0.0,0.0,0,0,0,0.0,,,0.0,0.0,0.0,INT,,,610.0,,0.0,0.0,0.0,0
1128086,0.0,0.0,0.0,0.0,0.0,0.0,udp,0.0,,cs0,,249.0,,7.0,,Start,1,1,0,74,74,0,74.0,0.0,0.0,0.0,0.0,0,0,0,0.0,,,0.0,0.0,0.0,INT,,,610.0,,0.0,0.0,0.0,0
1128146,0.0,0.0,0.0,0.0,0.0,0.0,udp,0.0,,cs0,,249.0,,7.0,,Start,1,1,0,74,74,0,74.0,0.0,0.0,0.0,0.0,0,0,0,0.0,,,0.0,0.0,0.0,INT,,,610.0,,0.0,0.0,0.0,0
1128212,0.0,0.0,0.0,0.0,0.0,0.0,udp,0.0,,cs0,,249.0,,7.0,,Start,1,1,0,74,74,0,74.0,0.0,0.0,0.0,0.0,0,0,0,0.0,,,0.0,0.0,0.0,INT,,,610.0,,0.0,0.0,0.0,0
1128224,4.907,4.907,4.907,4.907,4.907,4.907,udp,0.0,,cs0,,249.0,,7.0,,Start,2,2,0,148,148,0,74.0,0.0,120.643974,120.643974,0.0,0,0,0,0.0,,,0.203791,0.203791,0.0,INT,,,610.0,,0.0,0.0,0.0,0
1128225,4.910896,4.910896,4.910896,4.910896,4.910896,4.910896,udp,0.0,,cs0,,249.0,,7.0,,Start,2,2,0,148,148,0,74.0,0.0,120.548271,120.548271,0.0,0,0,0,0.0,,,0.203629,0.203629,0.0,INT,,,610.0,,0.0,0.0,0.0,0
1128273,0.0,0.0,0.0,0.0,0.0,0.0,udp,0.0,,cs0,,249.0,,7.0,,Start,1,1,0,74,74,0,74.0,0.0,0.0,0.0,0.0,0,0,0,0.0,,,0.0,0.0,0.0,INT,,,610.0,,0.0,0.0,0.0,0
1129858,0.0,0.0,0.0,0.0,0.0,0.0,udp,0.0,,cs0,,249.0,,7.0,,Start,1,1,0,74,74,0,74.0,0.0,0.0,0.0,0.0,0,0,0,0.0,,,0.0,0.0,0.0,INT,,,610.0,,0.0,0.0,0.0,0
1129933,0.0,0.0,0.0,0.0,0.0,0.0,udp,0.0,,cs0,,249.0,,7.0,,Start,1,1,0,74,74,0,74.0,0.0,0.0,0.0,0.0,0,0,0,0.0,,,0.0,0.0,0.0,INT,,,610.0,,0.0,0.0,0.0,0
1129962,0.0,0.0,0.0,0.0,0.0,0.0,udp,0.0,,cs0,,249.0,,7.0,,Start,1,1,0,74,74,0,74.0,0.0,0.0,0.0,0.0,0,0,0,0.0,,,0.0,0.0,0.0,INT,,,610.0,,0.0,0.0,0.0,0
1129982,0.0,0.0,0.0,0.0,0.0,0.0,udp,0.0,,cs0,,249.0,,7.0,,Start,1,1,0,74,74,0,74.0,0.0,0.0,0.0,0.0,0,0,0,0.0,,,0.0,0.0,0.0,INT,,,610.0,,0.0,0.0,0.0,0
1130039,0.0,0.0,0.0,0.0,0.0,0.0,udp,0.0,,cs0,,249.0,,7.0,,Start,1,1,0,74,74,0,74.0,0.0,0.0,0.0,0.0,0,0,0,0.0,,,0.0,0.0,0.0,INT,,,610.0,,0.0,0.0,0.0,0
1130049,0.0,0.0,0.0,0.0,0.0,0.0,udp,0.0,,cs0,,249.0,,7.0,,Start,1,1,0,74,74,0,74.0,0.0,0.0,0.0,0.0,0,0,0,0.0,,,0.0,0.0,0.0,INT,,,610.0,,0.0,0.0,0.0,0
1131644,0.0,0.0,0.0,0.0,0.0,0.0,udp,0.0,,cs0,,249.0,,7.0,,Start,1,1,0,74,74,0,74.0,0.0,0.0,0.0,0.0,0,0,0,0.0,,,0.0,0.0,0.0,INT,,,610.0,,0.0,0.0,0.0,0
1131725,0.0,0.0,0.0,0.0,0.0,0.0,udp,0.0,,cs0,,249.0,,7.0,,Start,1,1,0,74,74,0,74.0,0.0,0.0,0.0,0.0,0,0,0,0.0,,,0.0,0.0,0.0,INT,,,610.0,,0.0,0.0,0.0,0
1131733,0.0,0.0,0.0,0.0,0.0,0.0,udp,0.0,,cs0,,249.0,,7.0,,Start,1,1,0,74,74,0,74.0,0.0,0.0,0.0,0.0,0,0,0,0.0,,,0.0,0.0,0.0,INT,,,610.0,,0.0,0.0,0.0,0
1133390,0.0,0.0,0.0,0.0,0.0,0.0,udp,0.0,,cs0,,249.0,,7.0,,Start,1,1,0,74,74,0,74.0,0.0,0.0,0.0,0.0,0,0,0,0.0,,,0.0,0.0,0.0,INT,,,610.0,,0.0,0.0,0.0,0
1133420,0.0,0.0,0.0,0.0,0.0,0.0,udp,0.0,,cs0,,249.0,,7.0,,Start,1,1,0,74,74,0,74.0,0.0,0.0,0.0,0.0,0,0,0,0.0,,,0.0,0.0,0.0,INT,,,610.0,,0.0,0.0,0.0,0
1133485,0.0,0.0,0.0,0.0,0.0,0.0,udp,0.0,,cs0,,249.0,,7.0,,Start,1,1,0,74,74,0,74.0,0.0,0.0,0.0,0.0,0,0,0,0.0,,,0.0,0.0,0.0,INT,,,610.0,,0.0,0.0,0.0,0
1133505,0.0,0.0,0.0,0.0,0.0,0.0,udp,0.0,,cs0,,249.0,,7.0,,Start,1,1,0,74,74,0,74.0,0.0,0.0,0.0,0.0,0,0,0,0.0,,,0.0,0.0,0.0,INT,,,610.0,,0.0,0.0,0.0,0
1133529,0.0,0.0,0.0,0.0,0.0,0.0,udp,0.0,,cs0,,249.0,,7.0,,Start,1,1,0,74,74,0,74.0,0.0,0.0,0.0,0.0,0,0,0,0.0,,,0.0,0.0,0.0,INT,,,610.0,,0.0,0.0,0.0,0
1133553,0.0,0.0,0.0,0.0,0.0,0.0,udp,0.0,,cs0,,249.0,,7.0,,Start,1,1,0,74,74,0,74.0,0.0,0.0,0.0,0.0,0,0,0,0.0,,,0.0,0.0,0.0,INT,,,610.0,,0.0,0.0,0.0,0
1135277,0.0,0.0,0.0,0.0,0.0,0.0,tcp,0.0,,cs0,,116.0,,12.0,,Status,1,1,0,74,74,0,74.0,0.0,0.0,0.0,0.0,1,1,0,50.0,0.0,0.0,0.0,0.0,0.0,ACC,16776960.0,,,,0.0,0.0,0.0,0
1135458,0.0,0.0,0.0,0.0,0.0,0.0,udp,0.0,,cs0,,249.0,,7.0,,Start,1,1,0,74,74,0,74.0,0.0,0.0,0.0,0.0,0,0,0,0.0,,,0.0,0.0,0.0,INT,,,610.0,,0.0,0.0,0.0,0
1135597,0.0,0.0,0.0,0.0,0.0,0.0,udp,0.0,,cs0,,249.0,,7.0,,Start,1,1,0,74,74,0,74.0,0.0,0.0,0.0,0.0,0,0,0,0.0,,,0.0,0.0,0.0,INT,,,610.0,,0.0,0.0,0.0,0
1139277,0.0,0.0,0.0,0.0,0.0,0.0,udp,0.0,,cs0,,249.0,,7.0,,Start,1,1,0,74,74,0,74.0,0.0,0.0,0.0,0.0,0,0,0,0.0,,,0.0,0.0,0.0,INT,,,610.0,,0.0,0.0,0.0,0
1139403,0.0,0.0,0.0,0.0,0.0,0.0,udp,0.0,,cs0,,249.0,,7.0,,Start,1,1,0,74,74,0,74.0,0.0,0.0,0.0,0.0,0,0,0,0.0,,,0.0,0.0,0.0,INT,,,610.0,,0.0,0.0,0.0,0
1139427,0.0,0.0,0.0,0.0,0.0,0.0,udp,0.0,,cs0,,249.0,,7.0,,Start,1,1,0,74,74,0,74.0,0.0,0.0,0.0,0.0,0,0,0,0.0,,,0.0,0.0,0.0,INT,,,610.0,,0.0,0.0,0.0,0
1139431,0.0,0.0,0.0,0.0,0.0,0.0,udp,0.0,,cs0,,249.0,,7.0,,Start,1,1,0,74,74,0,74.0,0.0,0.0,0.0,0.0,0,0,0,0.0,,,0.0,0.0,0.0,INT,,,610.0,,0.0,0.0,0.0,0
1140632,0.0,0.0,0.0,0.0,0.0,0.0,icmp,0.0,,cs0,,58.0,,6.0,,Start,1,1,0,98,98,0,98.0,0.0,0.0,0.0,0.0,0,0,0,0.0,,,0.0,0.0,0.0,ECO,,,,,0.0,0.0,0.0,0
1140675,0.0,0.0,0.0,0.0,0.0,0.0,udp,0.0,,cs0,,249.0,,7.0,,Start,1,1,0,74,74,0,74.0,0.0,0.0,0.0,0.0,0,0,0,0.0,,,0.0,0.0,0.0,INT,,,610.0,,0.0,0.0,0.0,0
1140692,0.0,0.0,0.0,0.0,0.0,0.0,udp,0.0,,cs0,,249.0,,7.0,,Start,1,1,0,74,74,0,74.0,0.0,0.0,0.0,0.0,0,0,0,0.0,,,0.0,0.0,0.0,INT,,,610.0,,0.0,0.0,0.0,0
1140708,0.0,0.0,0.0,0.0,0.0,0.0,udp,0.0,,cs0,,249.0,,7.0,,Start,1,1,0,74,74,0,74.0,0.0,0.0,0.0,0.0,0,0,0,0.0,,,0.0,0.0,0.0,INT,,,610.0,,0.0,0.0,0.0,0
1140746,0.0,0.0,0.0,0.0,0.0,0.0,udp,0.0,,cs0,,249.0,,7.0,,Start,1,1,0,74,74,0,74.0,0.0,0.0,0.0,0.0,0,0,0,0.0,,,0.0,0.0,0.0,INT,,,610.0,,0.0,0.0,0.0,0
1140840,0.0,0.0,0.0,0.0,0.0,0.0,udp,0.0,,cs0,,249.0,,7.0,,Start,1,1,0,74,74,0,74.0,0.0,0.0,0.0,0.0,0,0,0,0.0,,,0.0,0.0,0.0,INT,,,610.0,,0.0,0.0,0.0,0
1141860,3.111239,3.111239,3.111239,3.111239,3.111239,3.111239,tcp,0.0,0.0,cs0,cs0,117.0,64.0,11.0,0.0,Start,6,3,3,384,222,162,74.0,54.0,658.258667,380.555786,277.702881,0,0,0,0.0,0.0,0.0,1.607077,0.642831,0.642831,RST,16776960.0,0.0,,,0.0,0.0,0.0,0
1142093,0.0,0.0,0.0,0.0,0.0,0.0,udp,0.0,,cs0,,249.0,,7.0,,Start,1,1,0,74,74,0,74.0,0.0,0.0,0.0,0.0,0,0,0,0.0,,,0.0,0.0,0.0,INT,,,610.0,,0.0,0.0,0.0,0
1142115,0.0,0.0,0.0,0.0,0.0,0.0,udp,0.0,,cs0,,249.0,,7.0,,Start,1,1,0,74,74,0,74.0,0.0,0.0,0.0,0.0,0,0,0,0.0,,,0.0,0.0,0.0,INT,,,610.0,,0.0,0.0,0.0,0
1142117,0.0,0.0,0.0,0.0,0.0,0.0,udp,0.0,,cs0,,249.0,,7.0,,Start,1,1,0,74,74,0,74.0,0.0,0.0,0.0,0.0,0,0,0,0.0,,,0.0,0.0,0.0,INT,,,610.0,,0.0,0.0,0.0,0
1142173,0.0,0.0,0.0,0.0,0.0,0.0,udp,0.0,,cs0,,249.0,,7.0,,Start,1,1,0,74,74,0,74.0,0.0,0.0,0.0,0.0,0,0,0,0.0,,,0.0,0.0,0.0,INT,,,610.0,,0.0,0.0,0.0,0
1143327,0.0,0.0,0.0,0.0,0.0,0.0,udp,0.0,,cs0,,249.0,,7.0,,Start,1,1,0,74,74,0,74.0,0.0,0.0,0.0,0.0,0,0,0,0.0,,,0.0,0.0,0.0,INT,,,610.0,,0.0,0.0,0.0,0
1143383,0.0,0.0,0.0,0.0,0.0,0.0,udp,0.0,,cs0,,249.0,,7.0,,Start,1,1,0,74,74,0,74.0,0.0,0.0,0.0,0.0,0,0,0,0.0,,,0.0,0.0,0.0,INT,,,610.0,,0.0,0.0,0.0,0
1143395,0.0,0.0,0.0,0.0,0.0,0.0,udp,0.0,,cs0,,249.0,,7.0,,Start,1,1,0,74,74,0,74.0,0.0,0.0,0.0,0.0,0,0,0,0.0,,,0.0,0.0,0.0,INT,,,610.0,,0.0,0.0,0.0,0
1143409,0.0,0.0,0.0,0.0,0.0,0.0,udp,0.0,,cs0,,249.0,,7.0,,Start,1,1,0,74,74,0,74.0,0.0,0.0,0.0,0.0,0,0,0,0.0,,,0.0,0.0,0.0,INT,,,610.0,,0.0,0.0,0.0,0
1143413,0.0,0.0,0.0,0.0,0.0,0.0,udp,0.0,,cs0,,249.0,,7.0,,Start,1,1,0,74,74,0,74.0,0.0,0.0,0.0,0.0,0,0,0,0.0,,,0.0,0.0,0.0,INT,,,610.0,,0.0,0.0,0.0,0
1143533,0.053038,0.053038,0.053038,0.053038,0.053038,0.053038,tcp,0.0,0.0,cs0,cs0,116.0,64.0,12.0,0.0,Status,2,1,1,128,74,54,74.0,54.0,0.0,0.0,0.0,0,0,0,0.0,0.0,0.0,18.854406,0.0,0.0,RST,16776960.0,0.0,,,0.0,0.0,0.0,0
1143888,0.0,0.0,0.0,0.0,0.0,0.0,tcp,0.0,,cs0,,116.0,,12.0,,Status,1,1,0,74,74,0,74.0,0.0,0.0,0.0,0.0,1,1,0,50.0,0.0,0.0,0.0,0.0,0.0,ACC,16776960.0,,,,0.0,0.0,0.0,0
1144665,0.0,0.0,0.0,0.0,0.0,0.0,udp,0.0,,cs0,,249.0,,7.0,,Start,1,1,0,74,74,0,74.0,0.0,0.0,0.0,0.0,0,0,0,0.0,,,0.0,0.0,0.0,INT,,,610.0,,0.0,0.0,0.0,0
1144671,0.0,0.0,0.0,0.0,0.0,0.0,udp,0.0,,cs0,,249.0,,7.0,,Start,1,1,0,74,74,0,74.0,0.0,0.0,0.0,0.0,0,0,0,0.0,,,0.0,0.0,0.0,INT,,,610.0,,0.0,0.0,0.0,0
1144714,0.0,0.0,0.0,0.0,0.0,0.0,udp,0.0,,cs0,,249.0,,7.0,,Start,1,1,0,74,74,0,74.0,0.0,0.0,0.0,0.0,0,0,0,0.0,,,0.0,0.0,0.0,INT,,,610.0,,0.0,0.0,0.0,0
1144716,0.0,0.0,0.0,0.0,0.0,0.0,udp,0.0,,cs0,,249.0,,7.0,,Start,1,1,0,74,74,0,74.0,0.0,0.0,0.0,0.0,0,0,0,0.0,,,0.0,0.0,0.0,INT,,,610.0,,0.0,0.0,0.0,0
1144733,0.0,0.0,0.0,0.0,0.0,0.0,udp,0.0,,cs0,,249.0,,7.0,,Start,1,1,0,74,74,0,74.0,0.0,0.0,0.0,0.0,0,0,0,0.0,,,0.0,0.0,0.0,INT,,,610.0,,0.0,0.0,0.0,0
1144743,0.0,0.0,0.0,0.0,0.0,0.0,udp,0.0,,cs0,,249.0,,7.0,,Start,1,1,0,74,74,0,74.0,0.0,0.0,0.0,0.0,0,0,0,0.0,,,0.0,0.0,0.0,INT,,,610.0,,0.0,0.0,0.0,0
1145809,4.047163,4.047163,4.047163,4.047163,4.047163,4.047163,tcp,0.0,,cs0,,62.0,,2.0,,Status,2,2,0,148,148,0,74.0,0.0,146.275299,146.275299,0.0,2,2,0,50.0,0.0,0.0,0.247087,0.247087,0.0,ACC,3706880.0,,,,0.0,0.0,0.0,0
1145856,0.0,0.0,0.0,0.0,0.0,0.0,udp,0.0,,cs0,,249.0,,7.0,,Start,1,1,0,74,74,0,74.0,0.0,0.0,0.0,0.0,0,0,0,0.0,,,0.0,0.0,0.0,INT,,,610.0,,0.0,0.0,0.0,0
1145873,0.0,0.0,0.0,0.0,0.0,0.0,udp,0.0,,cs0,,249.0,,7.0,,Start,1,1,0,74,74,0,74.0,0.0,0.0,0.0,0.0,0,0,0,0.0,,,0.0,0.0,0.0,INT,,,610.0,,0.0,0.0,0.0,0
1145939,4.898254,4.898254,4.898254,4.898254,4.898254,4.898254,udp,0.0,,cs0,,249.0,,7.0,,Start,2,2,0,148,148,0,74.0,0.0,120.85939,120.85939,0.0,0,0,0,0.0,,,0.204154,0.204154,0.0,INT,,,610.0,,0.0,0.0,0.0,0
1145982,0.0,0.0,0.0,0.0,0.0,0.0,udp,0.0,,cs0,,249.0,,7.0,,Start,1,1,0,74,74,0,74.0,0.0,0.0,0.0,0.0,0,0,0,0.0,,,0.0,0.0,0.0,INT,,,610.0,,0.0,0.0,0.0,0
1145990,0.0,0.0,0.0,0.0,0.0,0.0,udp,0.0,,cs0,,249.0,,7.0,,Start,1,1,0,74,74,0,74.0,0.0,0.0,0.0,0.0,0,0,0,0.0,,,0.0,0.0,0.0,INT,,,610.0,,0.0,0.0,0.0,0
1146001,0.0,0.0,0.0,0.0,0.0,0.0,udp,0.0,,cs0,,249.0,,7.0,,Start,1,1,0,74,74,0,74.0,0.0,0.0,0.0,0.0,0,0,0,0.0,,,0.0,0.0,0.0,INT,,,610.0,,0.0,0.0,0.0,0
1147077,0.0,0.0,0.0,0.0,0.0,0.0,udp,0.0,,cs0,,249.0,,7.0,,Start,1,1,0,74,74,0,74.0,0.0,0.0,0.0,0.0,0,0,0,0.0,,,0.0,0.0,0.0,INT,,,610.0,,0.0,0.0,0.0,0
1147088,0.0,0.0,0.0,0.0,0.0,0.0,udp,0.0,,cs0,,249.0,,7.0,,Start,1,1,0,74,74,0,74.0,0.0,0.0,0.0,0.0,0,0,0,0.0,,,0.0,0.0,0.0,INT,,,610.0,,0.0,0.0,0.0,0
1147094,0.0,0.0,0.0,0.0,0.0,0.0,udp,0.0,,cs0,,249.0,,7.0,,Start,1,1,0,74,74,0,74.0,0.0,0.0,0.0,0.0,0,0,0,0.0,,,0.0,0.0,0.0,INT,,,610.0,,0.0,0.0,0.0,0
1147190,0.0,0.0,0.0,0.0,0.0,0.0,udp,0.0,,cs0,,249.0,,7.0,,Start,1,1,0,74,74,0,74.0,0.0,0.0,0.0,0.0,0,0,0,0.0,,,0.0,0.0,0.0,INT,,,610.0,,0.0,0.0,0.0,0
1147210,0.0,0.0,0.0,0.0,0.0,0.0,udp,0.0,,cs0,,249.0,,7.0,,Start,1,1,0,74,74,0,74.0,0.0,0.0,0.0,0.0,0,0,0,0.0,,,0.0,0.0,0.0,INT,,,610.0,,0.0,0.0,0.0,0
1147234,0.0,0.0,0.0,0.0,0.0,0.0,udp,0.0,,cs0,,249.0,,7.0,,Start,1,1,0,74,74,0,74.0,0.0,0.0,0.0,0.0,0,0,0,0.0,,,0.0,0.0,0.0,INT,,,610.0,,0.0,0.0,0.0,0
1147245,0.0,0.0,0.0,0.0,0.0,0.0,udp,0.0,,cs0,,249.0,,7.0,,Start,1,1,0,74,74,0,74.0,0.0,0.0,0.0,0.0,0,0,0,0.0,,,0.0,0.0,0.0,INT,,,610.0,,0.0,0.0,0.0,0
1147255,4.998986,4.998986,4.998986,4.998986,4.998986,4.998986,tcp,0.0,0.0,cs0,cs0,64.0,117.0,0.0,11.0,Status,125,45,80,117372,5338,112034,118.622223,1400.425049,185404.0156,8353.694336,177050.3125,0,0,0,0.0,0.0,0.0,24.805031,8.801785,15.803205,CON,873472.0,268544.0,,,0.038956,0.020581,0.018375,0
1147680,0.0,0.0,0.0,0.0,0.0,0.0,udp,48.0,,af12,,62.0,,2.0,,Status,1,1,0,360,360,0,360.0,0.0,0.0,0.0,0.0,0,0,0,0.0,,,0.0,0.0,0.0,REQ,,,,,0.0,0.0,0.0,0
1147718,0.0,0.0,0.0,0.0,0.0,0.0,icmp,208.0,,52,,64.0,,0.0,,Status,1,1,0,388,388,0,388.0,0.0,0.0,0.0,0.0,0,0,0,0.0,,,0.0,0.0,0.0,URP,,,,,0.0,0.0,0.0,0
1148863,0.0,0.0,0.0,0.0,0.0,0.0,udp,0.0,,cs0,,249.0,,7.0,,Start,1,1,0,74,74,0,74.0,0.0,0.0,0.0,0.0,0,0,0,0.0,,,0.0,0.0,0.0,INT,,,610.0,,0.0,0.0,0.0,0
1148872,0.0,0.0,0.0,0.0,0.0,0.0,udp,0.0,,cs0,,249.0,,7.0,,Start,1,1,0,74,74,0,74.0,0.0,0.0,0.0,0.0,0,0,0,0.0,,,0.0,0.0,0.0,INT,,,610.0,,0.0,0.0,0.0,0
1148986,0.0,0.0,0.0,0.0,0.0,0.0,udp,0.0,,cs0,,249.0,,7.0,,Start,1,1,0,74,74,0,74.0,0.0,0.0,0.0,0.0,0,0,0,0.0,,,0.0,0.0,0.0,INT,,,610.0,,0.0,0.0,0.0,0
1148993,0.0,0.0,0.0,0.0,0.0,0.0,udp,0.0,,cs0,,249.0,,7.0,,Start,1,1,0,74,74,0,74.0,0.0,0.0,0.0,0.0,0,0,0,0.0,,,0.0,0.0,0.0,INT,,,610.0,,0.0,0.0,0.0,0
1149023,0.0,0.0,0.0,0.0,0.0,0.0,udp,0.0,,cs0,,249.0,,7.0,,Start,1,1,0,74,74,0,74.0,0.0,0.0,0.0,0.0,0,0,0,0.0,,,0.0,0.0,0.0,INT,,,610.0,,0.0,0.0,0.0,0
1149048,0.0,0.0,0.0,0.0,0.0,0.0,udp,0.0,,cs0,,249.0,,7.0,,Start,1,1,0,74,74,0,74.0,0.0,0.0,0.0,0.0,0,0,0,0.0,,,0.0,0.0,0.0,INT,,,610.0,,0.0,0.0,0.0,0
1149061,0.0,0.0,0.0,0.0,0.0,0.0,udp,0.0,,cs0,,249.0,,7.0,,Start,1,1,0,74,74,0,74.0,0.0,0.0,0.0,0.0,0,0,0,0.0,,,0.0,0.0,0.0,INT,,,610.0,,0.0,0.0,0.0,0
1149072,0.0,0.0,0.0,0.0,0.0,0.0,udp,0.0,,cs0,,249.0,,7.0,,Start,1,1,0,74,74,0,74.0,0.0,0.0,0.0,0.0,0,0,0,0.0,,,0.0,0.0,0.0,INT,,,610.0,,0.0,0.0,0.0,0
1150621,0.039353,0.039353,0.039353,0.039353,0.039353,0.039353,tcp,0.0,0.0,cs0,cs0,115.0,64.0,13.0,0.0,Status,2,1,1,128,74,54,74.0,54.0,0.0,0.0,0.0,0,0,0,0.0,0.0,0.0,25.411024,0.0,0.0,RST,16776960.0,0.0,,,0.0,0.0,0.0,0
1150655,0.0,0.0,0.0,0.0,0.0,0.0,udp,0.0,,cs0,,249.0,,7.0,,Start,1,1,0,74,74,0,74.0,0.0,0.0,0.0,0.0,0,0,0,0.0,,,0.0,0.0,0.0,INT,,,610.0,,0.0,0.0,0.0,0
1150674,0.0,0.0,0.0,0.0,0.0,0.0,udp,0.0,,cs0,,249.0,,7.0,,Start,1,1,0,74,74,0,74.0,0.0,0.0,0.0,0.0,0,0,0,0.0,,,0.0,0.0,0.0,INT,,,610.0,,0.0,0.0,0.0,0
1150684,0.0,0.0,0.0,0.0,0.0,0.0,udp,0.0,,cs0,,249.0,,7.0,,Start,1,1,0,74,74,0,74.0,0.0,0.0,0.0,0.0,0,0,0,0.0,,,0.0,0.0,0.0,INT,,,610.0,,0.0,0.0,0.0,0
1150752,0.0,0.0,0.0,0.0,0.0,0.0,udp,0.0,,cs0,,249.0,,7.0,,Start,1,1,0,74,74,0,74.0,0.0,0.0,0.0,0.0,0,0,0,0.0,,,0.0,0.0,0.0,INT,,,610.0,,0.0,0.0,0.0,0
1150779,0.0,0.0,0.0,0.0,0.0,0.0,udp,0.0,,cs0,,249.0,,7.0,,Start,1,1,0,74,74,0,74.0,0.0,0.0,0.0,0.0,0,0,0,0.0,,,0.0,0.0,0.0,INT,,,610.0,,0.0,0.0,0.0,0
1150798,0.0,0.0,0.0,0.0,0.0,0.0,udp,0.0,,cs0,,249.0,,7.0,,Start,1,1,0,74,74,0,74.0,0.0,0.0,0.0,0.0,0,0,0,0.0,,,0.0,0.0,0.0,INT,,,610.0,,0.0,0.0,0.0,0
1150821,0.0,0.0,0.0,0.0,0.0,0.0,udp,0.0,,cs0,,249.0,,7.0,,Start,1,1,0,74,74,0,74.0,0.0,0.0,0.0,0.0,0,0,0,0.0,,,0.0,0.0,0.0,INT,,,610.0,,0.0,0.0,0.0,0
1150848,0.0,0.0,0.0,0.0,0.0,0.0,udp,0.0,,cs0,,249.0,,7.0,,Start,1,1,0,74,74,0,74.0,0.0,0.0,0.0,0.0,0,0,0,0.0,,,0.0,0.0,0.0,INT,,,610.0,,0.0,0.0,0.0,0
1151145,0.097793,0.097793,0.097793,0.097793,0.097793,0.097793,udp,48.0,,af12,,62.0,,2.0,,Start,1,1,0,338,338,0,338.0,0.0,0.0,0.0,0.0,0,0,0,0.0,,,0.0,0.0,0.0,INT,,,,,0.0,0.0,0.0,0
1152493,0.0,0.0,0.0,0.0,0.0,0.0,udp,0.0,,cs0,,249.0,,7.0,,Start,1,1,0,74,74,0,74.0,0.0,0.0,0.0,0.0,0,0,0,0.0,,,0.0,0.0,0.0,INT,,,610.0,,0.0,0.0,0.0,0
1152548,0.0,0.0,0.0,0.0,0.0,0.0,udp,0.0,,cs0,,249.0,,7.0,,Start,1,1,0,74,74,0,74.0,0.0,0.0,0.0,0.0,0,0,0,0.0,,,0.0,0.0,0.0,INT,,,610.0,,0.0,0.0,0.0,0
1152570,0.0,0.0,0.0,0.0,0.0,0.0,udp,0.0,,cs0,,249.0,,7.0,,Start,1,1,0,74,74,0,74.0,0.0,0.0,0.0,0.0,0,0,0,0.0,,,0.0,0.0,0.0,INT,,,610.0,,0.0,0.0,0.0,0
1154047,0.0,0.0,0.0,0.0,0.0,0.0,icmp,0.0,,cs0,,58.0,,6.0,,Start,1,1,0,98,98,0,98.0,0.0,0.0,0.0,0.0,0,0,0,0.0,,,0.0,0.0,0.0,ECO,,,,,0.0,0.0,0.0,0
1154178,0.0,0.0,0.0,0.0,0.0,0.0,udp,0.0,,cs0,,249.0,,7.0,,Start,1,1,0,74,74,0,74.0,0.0,0.0,0.0,0.0,0,0,0,0.0,,,0.0,0.0,0.0,INT,,,610.0,,0.0,0.0,0.0,0
1154211,0.0,0.0,0.0,0.0,0.0,0.0,udp,0.0,,cs0,,249.0,,7.0,,Start,1,1,0,74,74,0,74.0,0.0,0.0,0.0,0.0,0,0,0,0.0,,,0.0,0.0,0.0,INT,,,610.0,,0.0,0.0,0.0,0
1154259,0.0,0.0,0.0,0.0,0.0,0.0,udp,0.0,,cs0,,249.0,,7.0,,Start,1,1,0,74,74,0,74.0,0.0,0.0,0.0,0.0,0,0,0,0.0,,,0.0,0.0,0.0,INT,,,610.0,,0.0,0.0,0.0,0
1154293,0.0,0.0,0.0,0.0,0.0,0.0,udp,0.0,,cs0,,249.0,,7.0,,Start,1,1,0,74,74,0,74.0,0.0,0.0,0.0,0.0,0,0,0,0.0,,,0.0,0.0,0.0,INT,,,610.0,,0.0,0.0,0.0,0
1155929,0.0,0.0,0.0,0.0,0.0,0.0,udp,0.0,,cs0,,249.0,,7.0,,Start,1,1,0,74,74,0,74.0,0.0,0.0,0.0,0.0,0,0,0,0.0,,,0.0,0.0,0.0,INT,,,610.0,,0.0,0.0,0.0,0
1155949,0.0,0.0,0.0,0.0,0.0,0.0,udp,0.0,,cs0,,249.0,,7.0,,Start,1,1,0,74,74,0,74.0,0.0,0.0,0.0,0.0,0,0,0,0.0,,,0.0,0.0,0.0,INT,,,610.0,,0.0,0.0,0.0,0
1155950,0.0,0.0,0.0,0.0,0.0,0.0,udp,0.0,,cs0,,249.0,,7.0,,Start,1,1,0,74,74,0,74.0,0.0,0.0,0.0,0.0,0,0,0,0.0,,,0.0,0.0,0.0,INT,,,610.0,,0.0,0.0,0.0,0
1155969,0.0,0.0,0.0,0.0,0.0,0.0,udp,0.0,,cs0,,249.0,,7.0,,Start,1,1,0,74,74,0,74.0,0.0,0.0,0.0,0.0,0,0,0,0.0,,,0.0,0.0,0.0,INT,,,610.0,,0.0,0.0,0.0,0
1155975,4.943586,4.943586,4.943586,4.943586,4.943586,4.943586,udp,0.0,,cs0,,249.0,,7.0,,Start,2,2,0,148,148,0,74.0,0.0,119.751129,119.751129,0.0,0,0,0,0.0,,,0.202282,0.202282,0.0,INT,,,610.0,,0.0,0.0,0.0,0
1156054,0.0,0.0,0.0,0.0,0.0,0.0,udp,0.0,,cs0,,249.0,,7.0,,Start,1,1,0,74,74,0,74.0,0.0,0.0,0.0,0.0,0,0,0,0.0,,,0.0,0.0,0.0,INT,,,610.0,,0.0,0.0,0.0,0
1156064,0.0,0.0,0.0,0.0,0.0,0.0,udp,0.0,,cs0,,249.0,,7.0,,Start,1,1,0,74,74,0,74.0,0.0,0.0,0.0,0.0,0,0,0,0.0,,,0.0,0.0,0.0,INT,,,610.0,,0.0,0.0,0.0,0
1156072,0.0,0.0,0.0,0.0,0.0,0.0,udp,0.0,,cs0,,249.0,,7.0,,Start,1,1,0,74,74,0,74.0,0.0,0.0,0.0,0.0,0,0,0,0.0,,,0.0,0.0,0.0,INT,,,610.0,,0.0,0.0,0.0,0
1156076,4.952102,4.952102,4.952102,4.952102,4.952102,4.952102,udp,0.0,,cs0,,249.0,,7.0,,Start,2,2,0,148,148,0,74.0,0.0,119.545189,119.545189,0.0,0,0,0,0.0,,,0.201934,0.201934,0.0,INT,,,610.0,,0.0,0.0,0.0,0
1156104,0.0,0.0,0.0,0.0,0.0,0.0,udp,0.0,,cs0,,249.0,,7.0,,Start,1,1,0,74,74,0,74.0,0.0,0.0,0.0,0.0,0,0,0,0.0,,,0.0,0.0,0.0,INT,,,610.0,,0.0,0.0,0.0,0
1156115,0.0,0.0,0.0,0.0,0.0,0.0,udp,0.0,,cs0,,249.0,,7.0,,Start,1,1,0,74,74,0,74.0,0.0,0.0,0.0,0.0,0,0,0,0.0,,,0.0,0.0,0.0,INT,,,610.0,,0.0,0.0,0.0,0
1156171,0.0,0.0,0.0,0.0,0.0,0.0,udp,0.0,,cs0,,249.0,,7.0,,Start,1,1,0,74,74,0,74.0,0.0,0.0,0.0,0.0,0,0,0,0.0,,,0.0,0.0,0.0,INT,,,610.0,,0.0,0.0,0.0,0
1156180,0.0,0.0,0.0,0.0,0.0,0.0,udp,0.0,,cs0,,249.0,,7.0,,Start,1,1,0,74,74,0,74.0,0.0,0.0,0.0,0.0,0,0,0,0.0,,,0.0,0.0,0.0,INT,,,610.0,,0.0,0.0,0.0,0
1156185,0.0,0.0,0.0,0.0,0.0,0.0,udp,0.0,,cs0,,249.0,,7.0,,Start,1,1,0,74,74,0,74.0,0.0,0.0,0.0,0.0,0,0,0,0.0,,,0.0,0.0,0.0,INT,,,610.0,,0.0,0.0,0.0,0
1156275,4.098499,4.098499,4.098499,4.098499,4.098499,4.098499,tcp,0.0,,cs0,,62.0,,2.0,,Status,2,2,0,148,148,0,74.0,0.0,144.44313,144.44313,0.0,2,2,0,50.0,0.0,0.0,0.243992,0.243992,0.0,ACC,3706880.0,,,,0.0,0.0,0.0,0
1158434,0.0,0.0,0.0,0.0,0.0,0.0,udp,0.0,,cs0,,249.0,,7.0,,Start,1,1,0,74,74,0,74.0,0.0,0.0,0.0,0.0,0,0,0,0.0,,,0.0,0.0,0.0,INT,,,610.0,,0.0,0.0,0.0,0
1158471,0.0,0.0,0.0,0.0,0.0,0.0,udp,0.0,,cs0,,249.0,,7.0,,Start,1,1,0,74,74,0,74.0,0.0,0.0,0.0,0.0,0,0,0,0.0,,,0.0,0.0,0.0,INT,,,610.0,,0.0,0.0,0.0,0
1158537,0.0,0.0,0.0,0.0,0.0,0.0,udp,0.0,,cs0,,249.0,,7.0,,Start,1,1,0,74,74,0,74.0,0.0,0.0,0.0,0.0,0,0,0,0.0,,,0.0,0.0,0.0,INT,,,610.0,,0.0,0.0,0.0,0
1159079,0.0,0.0,0.0,0.0,0.0,0.0,udp,0.0,,cs0,,249.0,,7.0,,Start,1,1,0,74,74,0,74.0,0.0,0.0,0.0,0.0,0,0,0,0.0,,,0.0,0.0,0.0,INT,,,610.0,,0.0,0.0,0.0,0
1159088,0.0,0.0,0.0,0.0,0.0,0.0,udp,0.0,,cs0,,249.0,,7.0,,Start,1,1,0,74,74,0,74.0,0.0,0.0,0.0,0.0,0,0,0,0.0,,,0.0,0.0,0.0,INT,,,610.0,,0.0,0.0,0.0,0
1159137,0.0,0.0,0.0,0.0,0.0,0.0,udp,0.0,,cs0,,249.0,,7.0,,Start,1,1,0,74,74,0,74.0,0.0,0.0,0.0,0.0,0,0,0,0.0,,,0.0,0.0,0.0,INT,,,610.0,,0.0,0.0,0.0,0
1159160,0.0,0.0,0.0,0.0,0.0,0.0,udp,0.0,,cs0,,249.0,,7.0,,Start,1,1,0,74,74,0,74.0,0.0,0.0,0.0,0.0,0,0,0,0.0,,,0.0,0.0,0.0,INT,,,610.0,,0.0,0.0,0.0,0
1159161,0.0,0.0,0.0,0.0,0.0,0.0,udp,0.0,,cs0,,249.0,,7.0,,Start,1,1,0,74,74,0,74.0,0.0,0.0,0.0,0.0,0,0,0,0.0,,,0.0,0.0,0.0,INT,,,610.0,,0.0,0.0,0.0,0
1159186,0.0,0.0,0.0,0.0,0.0,0.0,udp,0.0,,cs0,,249.0,,7.0,,Start,1,1,0,74,74,0,74.0,0.0,0.0,0.0,0.0,0,0,0,0.0,,,0.0,0.0,0.0,INT,,,610.0,,0.0,0.0,0.0,0
1159209,0.0,0.0,0.0,0.0,0.0,0.0,udp,0.0,,cs0,,249.0,,7.0,,Start,1,1,0,74,74,0,74.0,0.0,0.0,0.0,0.0,0,0,0,0.0,,,0.0,0.0,0.0,INT,,,610.0,,0.0,0.0,0.0,0
1159274,0.0,0.0,0.0,0.0,0.0,0.0,udp,0.0,,cs0,,249.0,,7.0,,Start,1,1,0,74,74,0,74.0,0.0,0.0,0.0,0.0,0,0,0,0.0,,,0.0,0.0,0.0,INT,,,610.0,,0.0,0.0,0.0,0
1159287,0.0,0.0,0.0,0.0,0.0,0.0,udp,0.0,,cs0,,249.0,,7.0,,Start,1,1,0,74,74,0,74.0,0.0,0.0,0.0,0.0,0,0,0,0.0,,,0.0,0.0,0.0,INT,,,610.0,,0.0,0.0,0.0,0
1159794,0.0,0.0,0.0,0.0,0.0,0.0,udp,0.0,,cs0,,249.0,,7.0,,Start,1,1,0,74,74,0,74.0,0.0,0.0,0.0,0.0,0,0,0,0.0,,,0.0,0.0,0.0,INT,,,610.0,,0.0,0.0,0.0,0
1159913,0.0,0.0,0.0,0.0,0.0,0.0,udp,0.0,,cs0,,249.0,,7.0,,Start,1,1,0,74,74,0,74.0,0.0,0.0,0.0,0.0,0,0,0,0.0,,,0.0,0.0,0.0,INT,,,610.0,,0.0,0.0,0.0,0
1159946,0.0,0.0,0.0,0.0,0.0,0.0,udp,0.0,,cs0,,249.0,,7.0,,Start,1,1,0,74,74,0,74.0,0.0,0.0,0.0,0.0,0,0,0,0.0,,,0.0,0.0,0.0,INT,,,610.0,,0.0,0.0,0.0,0
1160501,0.125534,0.125534,0.125534,0.125534,0.125534,0.125534,tcp,0.0,0.0,cs0,cs0,116.0,64.0,12.0,0.0,Status,2,1,1,128,74,54,74.0,54.0,0.0,0.0,0.0,0,0,0,0.0,0.0,0.0,7.96597,0.0,0.0,RST,16776960.0,0.0,,,0.0,0.0,0.0,0
1160525,0.0,0.0,0.0,0.0,0.0,0.0,udp,0.0,,cs0,,249.0,,7.0,,Start,1,1,0,74,74,0,74.0,0.0,0.0,0.0,0.0,0,0,0,0.0,,,0.0,0.0,0.0,INT,,,610.0,,0.0,0.0,0.0,0
1160537,0.0,0.0,0.0,0.0,0.0,0.0,udp,0.0,,cs0,,249.0,,7.0,,Start,1,1,0,74,74,0,74.0,0.0,0.0,0.0,0.0,0,0,0,0.0,,,0.0,0.0,0.0,INT,,,610.0,,0.0,0.0,0.0,0
1160597,0.0,0.0,0.0,0.0,0.0,0.0,udp,0.0,,cs0,,249.0,,7.0,,Start,1,1,0,74,74,0,74.0,0.0,0.0,0.0,0.0,0,0,0,0.0,,,0.0,0.0,0.0,INT,,,610.0,,0.0,0.0,0.0,0
1160604,0.0,0.0,0.0,0.0,0.0,0.0,udp,0.0,,cs0,,249.0,,7.0,,Start,1,1,0,74,74,0,74.0,0.0,0.0,0.0,0.0,0,0,0,0.0,,,0.0,0.0,0.0,INT,,,610.0,,0.0,0.0,0.0,0
1160622,0.0,0.0,0.0,0.0,0.0,0.0,udp,0.0,,cs0,,249.0,,7.0,,Start,1,1,0,74,74,0,74.0,0.0,0.0,0.0,0.0,0,0,0,0.0,,,0.0,0.0,0.0,INT,,,610.0,,0.0,0.0,0.0,0
1160665,0.0,0.0,0.0,0.0,0.0,0.0,udp,0.0,,cs0,,249.0,,7.0,,Start,1,1,0,74,74,0,74.0,0.0,0.0,0.0,0.0,0,0,0,0.0,,,0.0,0.0,0.0,INT,,,610.0,,0.0,0.0,0.0,0
1160962,0.001471,0.001471,0.001471,0.001471,0.001471,0.001471,udp,0.0,0.0,cs0,cs0,64.0,62.0,0.0,2.0,Start,2,1,1,239,89,150,89.0,150.0,0.0,0.0,0.0,0,0,0,0.0,,,679.809631,0.0,0.0,CON,,,,,0.0,0.0,0.0,0
1161147,0.0,0.0,0.0,0.0,0.0,0.0,udp,0.0,,cs0,,249.0,,7.0,,Start,1,1,0,74,74,0,74.0,0.0,0.0,0.0,0.0,0,0,0,0.0,,,0.0,0.0,0.0,INT,,,610.0,,0.0,0.0,0.0,0
1161176,0.0,0.0,0.0,0.0,0.0,0.0,udp,0.0,,cs0,,249.0,,7.0,,Start,1,1,0,74,74,0,74.0,0.0,0.0,0.0,0.0,0,0,0,0.0,,,0.0,0.0,0.0,INT,,,610.0,,0.0,0.0,0.0,0
1161182,0.0,0.0,0.0,0.0,0.0,0.0,udp,0.0,,cs0,,249.0,,7.0,,Start,1,1,0,74,74,0,74.0,0.0,0.0,0.0,0.0,0,0,0,0.0,,,0.0,0.0,0.0,INT,,,610.0,,0.0,0.0,0.0,0
1161199,0.0,0.0,0.0,0.0,0.0,0.0,udp,0.0,,cs0,,249.0,,7.0,,Start,1,1,0,74,74,0,74.0,0.0,0.0,0.0,0.0,0,0,0,0.0,,,0.0,0.0,0.0,INT,,,610.0,,0.0,0.0,0.0,0
1161213,0.0,0.0,0.0,0.0,0.0,0.0,udp,0.0,,cs0,,249.0,,7.0,,Start,1,1,0,74,74,0,74.0,0.0,0.0,0.0,0.0,0,0,0,0.0,,,0.0,0.0,0.0,INT,,,610.0,,0.0,0.0,0.0,0
1161233,0.0,0.0,0.0,0.0,0.0,0.0,udp,0.0,,cs0,,249.0,,7.0,,Start,1,1,0,74,74,0,74.0,0.0,0.0,0.0,0.0,0,0,0,0.0,,,0.0,0.0,0.0,INT,,,610.0,,0.0,0.0,0.0,0
1161694,0.0,0.0,0.0,0.0,0.0,0.0,udp,0.0,,cs0,,249.0,,7.0,,Start,1,1,0,74,74,0,74.0,0.0,0.0,0.0,0.0,0,0,0,0.0,,,0.0,0.0,0.0,INT,,,610.0,,0.0,0.0,0.0,0
1161709,0.0,0.0,0.0,0.0,0.0,0.0,udp,0.0,,cs0,,249.0,,7.0,,Start,1,1,0,74,74,0,74.0,0.0,0.0,0.0,0.0,0,0,0,0.0,,,0.0,0.0,0.0,INT,,,610.0,,0.0,0.0,0.0,0
1161723,0.0,0.0,0.0,0.0,0.0,0.0,udp,0.0,,cs0,,249.0,,7.0,,Start,1,1,0,74,74,0,74.0,0.0,0.0,0.0,0.0,0,0,0,0.0,,,0.0,0.0,0.0,INT,,,610.0,,0.0,0.0,0.0,0
1161776,0.0,0.0,0.0,0.0,0.0,0.0,udp,0.0,,cs0,,249.0,,7.0,,Start,1,1,0,74,74,0,74.0,0.0,0.0,0.0,0.0,0,0,0,0.0,,,0.0,0.0,0.0,INT,,,610.0,,0.0,0.0,0.0,0
1161826,0.0,0.0,0.0,0.0,0.0,0.0,udp,0.0,,cs0,,249.0,,7.0,,Start,1,1,0,74,74,0,74.0,0.0,0.0,0.0,0.0,0,0,0,0.0,,,0.0,0.0,0.0,INT,,,610.0,,0.0,0.0,0.0,0
1161975,0.050524,0.050524,0.050524,0.050524,0.050524,0.050524,tcp,0.0,0.0,cs0,cs0,117.0,64.0,11.0,0.0,Status,2,1,1,128,74,54,74.0,54.0,0.0,0.0,0.0,0,0,0,0.0,0.0,0.0,19.792574,0.0,0.0,RST,16776960.0,0.0,,,0.0,0.0,0.0,0
1162025,0.0,0.0,0.0,0.0,0.0,0.0,udp,0.0,,cs0,,249.0,,7.0,,Start,1,1,0,74,74,0,74.0,0.0,0.0,0.0,0.0,0,0,0,0.0,,,0.0,0.0,0.0,INT,,,610.0,,0.0,0.0,0.0,0
1162035,4.906968,4.906968,4.906968,4.906968,4.906968,4.906968,tcp,0.0,0.0,cs0,cs0,64.0,117.0,0.0,11.0,Status,165,25,140,204991,3236,201755,129.440002,1441.107178,331644.3125,5065.449707,326578.8438,0,0,0,0.0,0.0,0.0,33.42186,4.891004,28.327065,CON,1162240.0,268544.0,,,0.035881,0.020743,0.015138,0
1162111,0.0,0.0,0.0,0.0,0.0,0.0,udp,0.0,,cs0,,249.0,,7.0,,Start,1,1,0,74,74,0,74.0,0.0,0.0,0.0,0.0,0,0,0,0.0,,,0.0,0.0,0.0,INT,,,610.0,,0.0,0.0,0.0,0
1162132,0.0,0.0,0.0,0.0,0.0,0.0,udp,0.0,,cs0,,249.0,,7.0,,Start,1,1,0,74,74,0,74.0,0.0,0.0,0.0,0.0,0,0,0,0.0,,,0.0,0.0,0.0,INT,,,610.0,,0.0,0.0,0.0,0
1162134,0.0,0.0,0.0,0.0,0.0,0.0,udp,0.0,,cs0,,249.0,,7.0,,Start,1,1,0,74,74,0,74.0,0.0,0.0,0.0,0.0,0,0,0,0.0,,,0.0,0.0,0.0,INT,,,610.0,,0.0,0.0,0.0,0
1162196,2.201448,2.201448,2.201448,2.201448,2.201448,2.201448,tcp,0.0,,cs0,,52.0,,12.0,,Status,2,2,0,148,148,0,74.0,0.0,268.91391,268.91391,0.0,2,2,0,50.0,0.0,0.0,0.454246,0.454246,0.0,ACC,16776960.0,,,,0.0,0.0,0.0,0
1162208,3.071271,3.071271,3.071271,3.071271,3.071271,3.071271,tcp,0.0,0.0,cs0,cs0,53.0,64.0,11.0,0.0,Start,6,3,3,384,222,162,74.0,54.0,666.82489,385.508148,281.316772,0,0,0,0.0,0.0,0.0,1.62799,0.651196,0.651196,RST,16776960.0,0.0,,,0.0,0.0,0.0,0
1162209,2.334163,2.334163,2.334163,2.334163,2.334163,2.334163,udp,0.0,,cs0,,52.0,,12.0,,Start,5,5,0,6960,6960,0,1392.0,0.0,19083.5,19083.5,0.0,0,0,0,0.0,,,1.713676,1.713676,0.0,INT,,,,,0.0,0.0,0.0,0
1162239,0.0,0.0,0.0,0.0,0.0,0.0,udp,0.0,,cs0,,249.0,,7.0,,Start,1,1,0,74,74,0,74.0,0.0,0.0,0.0,0.0,0,0,0,0.0,,,0.0,0.0,0.0,INT,,,610.0,,0.0,0.0,0.0,0
1162318,0.0,0.0,0.0,0.0,0.0,0.0,udp,0.0,,cs0,,249.0,,7.0,,Start,1,1,0,74,74,0,74.0,0.0,0.0,0.0,0.0,0,0,0,0.0,,,0.0,0.0,0.0,INT,,,610.0,,0.0,0.0,0.0,0
1162329,0.0,0.0,0.0,0.0,0.0,0.0,udp,0.0,,cs0,,249.0,,7.0,,Start,1,1,0,74,74,0,74.0,0.0,0.0,0.0,0.0,0,0,0,0.0,,,0.0,0.0,0.0,INT,,,610.0,,0.0,0.0,0.0,0
1162436,0.0,0.0,0.0,0.0,0.0,0.0,udp,0.0,,cs0,,249.0,,7.0,,Start,1,1,0,74,74,0,74.0,0.0,0.0,0.0,0.0,0,0,0,0.0,,,0.0,0.0,0.0,INT,,,610.0,,0.0,0.0,0.0,0
1162498,0.0,0.0,0.0,0.0,0.0,0.0,udp,0.0,,cs0,,249.0,,7.0,,Start,1,1,0,74,74,0,74.0,0.0,0.0,0.0,0.0,0,0,0,0.0,,,0.0,0.0,0.0,INT,,,610.0,,0.0,0.0,0.0,0
1162576,0.0,0.0,0.0,0.0,0.0,0.0,udp,0.0,,cs0,,249.0,,7.0,,Start,1,1,0,74,74,0,74.0,0.0,0.0,0.0,0.0,0,0,0,0.0,,,0.0,0.0,0.0,INT,,,610.0,,0.0,0.0,0.0,0
1162657,0.0,0.0,0.0,0.0,0.0,0.0,udp,0.0,,cs0,,249.0,,7.0,,Start,1,1,0,74,74,0,74.0,0.0,0.0,0.0,0.0,0,0,0,0.0,,,0.0,0.0,0.0,INT,,,610.0,,0.0,0.0,0.0,0
1162689,0.0,0.0,0.0,0.0,0.0,0.0,udp,0.0,,cs0,,249.0,,7.0,,Start,1,1,0,74,74,0,74.0,0.0,0.0,0.0,0.0,0,0,0,0.0,,,0.0,0.0,0.0,INT,,,610.0,,0.0,0.0,0.0,0
1162708,0.0,0.0,0.0,0.0,0.0,0.0,udp,0.0,,cs0,,249.0,,7.0,,Start,1,1,0,74,74,0,74.0,0.0,0.0,0.0,0.0,0,0,0,0.0,,,0.0,0.0,0.0,INT,,,610.0,,0.0,0.0,0.0,0
1162713,0.0,0.0,0.0,0.0,0.0,0.0,udp,0.0,,cs0,,249.0,,7.0,,Start,1,1,0,74,74,0,74.0,0.0,0.0,0.0,0.0,0,0,0,0.0,,,0.0,0.0,0.0,INT,,,610.0,,0.0,0.0,0.0,0
1162717,0.0,0.0,0.0,0.0,0.0,0.0,udp,0.0,,cs0,,249.0,,7.0,,Start,1,1,0,74,74,0,74.0,0.0,0.0,0.0,0.0,0,0,0,0.0,,,0.0,0.0,0.0,INT,,,610.0,,0.0,0.0,0.0,0
1162722,0.0,0.0,0.0,0.0,0.0,0.0,udp,0.0,,cs0,,249.0,,7.0,,Start,1,1,0,74,74,0,74.0,0.0,0.0,0.0,0.0,0,0,0,0.0,,,0.0,0.0,0.0,INT,,,610.0,,0.0,0.0,0.0,0
1162749,0.0,0.0,0.0,0.0,0.0,0.0,udp,0.0,,cs0,,249.0,,7.0,,Start,1,1,0,74,74,0,74.0,0.0,0.0,0.0,0.0,0,0,0,0.0,,,0.0,0.0,0.0,INT,,,610.0,,0.0,0.0,0.0,0
1162801,0.0,0.0,0.0,0.0,0.0,0.0,udp,0.0,,cs0,,249.0,,7.0,,Start,1,1,0,74,74,0,74.0,0.0,0.0,0.0,0.0,0,0,0,0.0,,,0.0,0.0,0.0,INT,,,610.0,,0.0,0.0,0.0,0
1162810,0.0,0.0,0.0,0.0,0.0,0.0,udp,0.0,,cs0,,249.0,,7.0,,Start,1,1,0,74,74,0,74.0,0.0,0.0,0.0,0.0,0,0,0,0.0,,,0.0,0.0,0.0,INT,,,610.0,,0.0,0.0,0.0,0
1162881,0.0,0.0,0.0,0.0,0.0,0.0,udp,0.0,,cs0,,249.0,,7.0,,Start,1,1,0,74,74,0,74.0,0.0,0.0,0.0,0.0,0,0,0,0.0,,,0.0,0.0,0.0,INT,,,610.0,,0.0,0.0,0.0,0
1162887,0.0,0.0,0.0,0.0,0.0,0.0,udp,0.0,,cs0,,249.0,,7.0,,Start,1,1,0,74,74,0,74.0,0.0,0.0,0.0,0.0,0,0,0,0.0,,,0.0,0.0,0.0,INT,,,610.0,,0.0,0.0,0.0,0
1162900,3.012928,3.012928,3.012928,3.012928,3.012928,3.012928,tcp,0.0,,cs0,,116.0,,12.0,,Start,4,4,0,296,296,0,74.0,0.0,589.459839,589.459839,0.0,3,3,0,42.857143,0.0,0.0,0.995709,0.995709,0.0,ACC,16776960.0,,,,0.0,0.0,0.0,0
1163018,0.0,0.0,0.0,0.0,0.0,0.0,udp,0.0,,cs0,,249.0,,7.0,,Start,1,1,0,74,74,0,74.0,0.0,0.0,0.0,0.0,0,0,0,0.0,,,0.0,0.0,0.0,INT,,,610.0,,0.0,0.0,0.0,0
1163022,0.0,0.0,0.0,0.0,0.0,0.0,udp,0.0,,cs0,,249.0,,7.0,,Start,1,1,0,74,74,0,74.0,0.0,0.0,0.0,0.0,0,0,0,0.0,,,0.0,0.0,0.0,INT,,,610.0,,0.0,0.0,0.0,0
1163028,0.0,0.0,0.0,0.0,0.0,0.0,udp,0.0,,cs0,,249.0,,7.0,,Start,1,1,0,74,74,0,74.0,0.0,0.0,0.0,0.0,0,0,0,0.0,,,0.0,0.0,0.0,INT,,,610.0,,0.0,0.0,0.0,0
1163055,0.0,0.0,0.0,0.0,0.0,0.0,udp,0.0,,cs0,,249.0,,7.0,,Start,1,1,0,74,74,0,74.0,0.0,0.0,0.0,0.0,0,0,0,0.0,,,0.0,0.0,0.0,INT,,,610.0,,0.0,0.0,0.0,0
1163140,0.0,0.0,0.0,0.0,0.0,0.0,udp,0.0,,cs0,,249.0,,7.0,,Start,1,1,0,74,74,0,74.0,0.0,0.0,0.0,0.0,0,0,0,0.0,,,0.0,0.0,0.0,INT,,,610.0,,0.0,0.0,0.0,0
1163227,3.040115,3.040115,3.040115,3.040115,3.040115,3.040115,tcp,0.0,0.0,cs0,cs0,52.0,64.0,12.0,0.0,Start,6,3,3,384,222,162,74.0,54.0,673.658691,389.458923,284.199768,0,0,0,0.0,0.0,0.0,1.644675,0.65787,0.65787,RST,16776960.0,0.0,,,0.0,0.0,0.0,0
1163257,0.0,0.0,0.0,0.0,0.0,0.0,tcp,0.0,,cs0,,53.0,,11.0,,Status,1,1,0,74,74,0,74.0,0.0,0.0,0.0,0.0,1,1,0,50.0,0.0,0.0,0.0,0.0,0.0,ACC,16776960.0,,,,0.0,0.0,0.0,0
1163326,0.0,0.0,0.0,0.0,0.0,0.0,udp,0.0,,cs0,,249.0,,7.0,,Start,1,1,0,74,74,0,74.0,0.0,0.0,0.0,0.0,0,0,0,0.0,,,0.0,0.0,0.0,INT,,,610.0,,0.0,0.0,0.0,0
1163340,0.0,0.0,0.0,0.0,0.0,0.0,udp,0.0,,cs0,,249.0,,7.0,,Start,1,1,0,74,74,0,74.0,0.0,0.0,0.0,0.0,0,0,0,0.0,,,0.0,0.0,0.0,INT,,,610.0,,0.0,0.0,0.0,0
1163347,0.0,0.0,0.0,0.0,0.0,0.0,udp,0.0,,cs0,,249.0,,7.0,,Start,1,1,0,74,74,0,74.0,0.0,0.0,0.0,0.0,0,0,0,0.0,,,0.0,0.0,0.0,INT,,,610.0,,0.0,0.0,0.0,0
1163350,0.0,0.0,0.0,0.0,0.0,0.0,udp,0.0,,cs0,,249.0,,7.0,,Start,1,1,0,74,74,0,74.0,0.0,0.0,0.0,0.0,0,0,0,0.0,,,0.0,0.0,0.0,INT,,,610.0,,0.0,0.0,0.0,0
1163398,0.083433,0.083433,0.083433,0.083433,0.083433,0.083433,tcp,0.0,0.0,cs0,cs0,64.0,117.0,0.0,11.0,Status,70,28,42,63493,4241,59252,151.464279,1410.761963,5938369.5,392170.9375,5546198.5,0,0,0,0.0,0.0,0.0,827.010864,323.612946,491.412262,CON,875008.0,268032.0,,,0.038956,0.020581,0.018375,0
1163509,4.996253,4.996253,4.996253,4.996253,4.996253,4.996253,udp,0.0,0.0,cs0,cs0,64.0,117.0,0.0,11.0,Status,454,27,427,589736,5157,584579,191.0,1369.037476,941787.375,7951.559082,933835.8125,0,0,0,0.0,,,90.667946,5.2039,85.263893,CON,,,,,0.0,0.0,0.0,0
1163512,0.0,0.0,0.0,0.0,0.0,0.0,tcp,0.0,,cs0,,52.0,,12.0,,Status,1,1,0,74,74,0,74.0,0.0,0.0,0.0,0.0,1,1,0,50.0,0.0,0.0,0.0,0.0,0.0,ACC,16776960.0,,,,0.0,0.0,0.0,0
1163514,2.143411,2.143411,2.143411,2.143411,2.143411,2.143411,tcp,0.0,,cs0,,116.0,,12.0,,Status,2,2,0,148,148,0,74.0,0.0,276.195282,276.195282,0.0,2,2,0,50.0,0.0,0.0,0.466546,0.466546,0.0,ACC,16776960.0,,,,0.0,0.0,0.0,0
1163559,0.0,0.0,0.0,0.0,0.0,0.0,udp,0.0,,cs0,,249.0,,7.0,,Start,1,1,0,74,74,0,74.0,0.0,0.0,0.0,0.0,0,0,0,0.0,,,0.0,0.0,0.0,INT,,,610.0,,0.0,0.0,0.0,0
1163688,0.0,0.0,0.0,0.0,0.0,0.0,udp,0.0,,cs0,,249.0,,7.0,,Start,1,1,0,74,74,0,74.0,0.0,0.0,0.0,0.0,0,0,0,0.0,,,0.0,0.0,0.0,INT,,,610.0,,0.0,0.0,0.0,0
1163923,0.0,0.0,0.0,0.0,0.0,0.0,udp,0.0,,cs0,,249.0,,7.0,,Start,1,1,0,74,74,0,74.0,0.0,0.0,0.0,0.0,0,0,0,0.0,,,0.0,0.0,0.0,INT,,,610.0,,0.0,0.0,0.0,0
1164105,0.0,0.0,0.0,0.0,0.0,0.0,udp,0.0,,cs0,,249.0,,7.0,,Start,1,1,0,74,74,0,74.0,0.0,0.0,0.0,0.0,0,0,0,0.0,,,0.0,0.0,0.0,INT,,,610.0,,0.0,0.0,0.0,0
1164116,0.0,0.0,0.0,0.0,0.0,0.0,udp,0.0,,cs0,,249.0,,7.0,,Start,1,1,0,74,74,0,74.0,0.0,0.0,0.0,0.0,0,0,0,0.0,,,0.0,0.0,0.0,INT,,,610.0,,0.0,0.0,0.0,0
1164124,0.0,0.0,0.0,0.0,0.0,0.0,udp,0.0,,cs0,,249.0,,7.0,,Start,1,1,0,74,74,0,74.0,0.0,0.0,0.0,0.0,0,0,0,0.0,,,0.0,0.0,0.0,INT,,,610.0,,0.0,0.0,0.0,0
1164125,0.0,0.0,0.0,0.0,0.0,0.0,udp,0.0,,cs0,,249.0,,7.0,,Start,1,1,0,74,74,0,74.0,0.0,0.0,0.0,0.0,0,0,0,0.0,,,0.0,0.0,0.0,INT,,,610.0,,0.0,0.0,0.0,0
1164146,0.0,0.0,0.0,0.0,0.0,0.0,udp,0.0,,cs0,,249.0,,7.0,,Start,1,1,0,74,74,0,74.0,0.0,0.0,0.0,0.0,0,0,0,0.0,,,0.0,0.0,0.0,INT,,,610.0,,0.0,0.0,0.0,0
1164179,0.0,0.0,0.0,0.0,0.0,0.0,udp,0.0,,cs0,,249.0,,7.0,,Start,1,1,0,74,74,0,74.0,0.0,0.0,0.0,0.0,0,0,0,0.0,,,0.0,0.0,0.0,INT,,,610.0,,0.0,0.0,0.0,0
1164218,0.0,0.0,0.0,0.0,0.0,0.0,tcp,0.0,,cs0,,116.0,,12.0,,Status,1,1,0,74,74,0,74.0,0.0,0.0,0.0,0.0,1,1,0,50.0,0.0,0.0,0.0,0.0,0.0,ACC,16776960.0,,,,0.0,0.0,0.0,0
1164377,0.0,0.0,0.0,0.0,0.0,0.0,udp,0.0,,cs0,,249.0,,7.0,,Start,1,1,0,74,74,0,74.0,0.0,0.0,0.0,0.0,0,0,0,0.0,,,0.0,0.0,0.0,INT,,,610.0,,0.0,0.0,0.0,0
1164379,0.0,0.0,0.0,0.0,0.0,0.0,udp,0.0,,cs0,,249.0,,7.0,,Start,1,1,0,74,74,0,74.0,0.0,0.0,0.0,0.0,0,0,0,0.0,,,0.0,0.0,0.0,INT,,,610.0,,0.0,0.0,0.0,0
1164386,0.0,0.0,0.0,0.0,0.0,0.0,udp,0.0,,cs0,,249.0,,7.0,,Start,1,1,0,74,74,0,74.0,0.0,0.0,0.0,0.0,0,0,0,0.0,,,0.0,0.0,0.0,INT,,,610.0,,0.0,0.0,0.0,0
1164402,0.0,0.0,0.0,0.0,0.0,0.0,udp,0.0,,cs0,,249.0,,7.0,,Start,1,1,0,74,74,0,74.0,0.0,0.0,0.0,0.0,0,0,0,0.0,,,0.0,0.0,0.0,INT,,,610.0,,0.0,0.0,0.0,0
1164506,0.0,0.0,0.0,0.0,0.0,0.0,udp,0.0,,cs0,,249.0,,7.0,,Start,1,1,0,74,74,0,74.0,0.0,0.0,0.0,0.0,0,0,0,0.0,,,0.0,0.0,0.0,INT,,,610.0,,0.0,0.0,0.0,0
1164636,0.050751,0.050751,0.050751,0.050751,0.050751,0.050751,udp,48.0,,af12,,62.0,,2.0,,Status,1,1,0,338,338,0,338.0,0.0,0.0,0.0,0.0,0,0,0,0.0,,,0.0,0.0,0.0,REQ,,,,,0.0,0.0,0.0,0
1164683,0.0,0.0,0.0,0.0,0.0,0.0,udp,0.0,,cs0,,249.0,,7.0,,Start,1,1,0,74,74,0,74.0,0.0,0.0,0.0,0.0,0,0,0,0.0,,,0.0,0.0,0.0,INT,,,610.0,,0.0,0.0,0.0,0
1164685,0.0,0.0,0.0,0.0,0.0,0.0,udp,0.0,,cs0,,249.0,,7.0,,Start,1,1,0,74,74,0,74.0,0.0,0.0,0.0,0.0,0,0,0,0.0,,,0.0,0.0,0.0,INT,,,610.0,,0.0,0.0,0.0,0
1164731,0.0,0.0,0.0,0.0,0.0,0.0,udp,0.0,,cs0,,249.0,,7.0,,Start,1,1,0,74,74,0,74.0,0.0,0.0,0.0,0.0,0,0,0,0.0,,,0.0,0.0,0.0,INT,,,610.0,,0.0,0.0,0.0,0
1164745,0.0,0.0,0.0,0.0,0.0,0.0,udp,0.0,,cs0,,249.0,,7.0,,Start,1,1,0,74,74,0,74.0,0.0,0.0,0.0,0.0,0,0,0,0.0,,,0.0,0.0,0.0,INT,,,610.0,,0.0,0.0,0.0,0
1164801,0.0,0.0,0.0,0.0,0.0,0.0,udp,0.0,,cs0,,249.0,,7.0,,Start,1,1,0,74,74,0,74.0,0.0,0.0,0.0,0.0,0,0,0,0.0,,,0.0,0.0,0.0,INT,,,610.0,,0.0,0.0,0.0,0
1164819,0.0,0.0,0.0,0.0,0.0,0.0,udp,0.0,,cs0,,249.0,,7.0,,Start,1,1,0,74,74,0,74.0,0.0,0.0,0.0,0.0,0,0,0,0.0,,,0.0,0.0,0.0,INT,,,610.0,,0.0,0.0,0.0,0
1164836,0.0,0.0,0.0,0.0,0.0,0.0,udp,0.0,,cs0,,249.0,,7.0,,Start,1,1,0,74,74,0,74.0,0.0,0.0,0.0,0.0,0,0,0,0.0,,,0.0,0.0,0.0,INT,,,610.0,,0.0,0.0,0.0,0
1164858,0.0,0.0,0.0,0.0,0.0,0.0,icmp,208.0,,52,,64.0,,0.0,,Status,1,1,0,396,396,0,396.0,0.0,0.0,0.0,0.0,0,0,0,0.0,,,0.0,0.0,0.0,URP,,,,,0.0,0.0,0.0,0
1164909,0.0,0.0,0.0,0.0,0.0,0.0,udp,0.0,,cs0,,249.0,,7.0,,Start,1,1,0,74,74,0,74.0,0.0,0.0,0.0,0.0,0,0,0,0.0,,,0.0,0.0,0.0,INT,,,610.0,,0.0,0.0,0.0,0
1165058,0.0,0.0,0.0,0.0,0.0,0.0,icmp,192.0,,cs6,,64.0,,0.0,,Status,1,1,0,396,396,0,396.0,0.0,0.0,0.0,0.0,0,0,0,0.0,,,0.0,0.0,0.0,URP,,,,,0.0,0.0,0.0,0
1165084,0.0,0.0,0.0,0.0,0.0,0.0,tcp,0.0,,cs0,,117.0,,11.0,,Status,1,1,0,74,74,0,74.0,0.0,0.0,0.0,0.0,1,1,0,50.0,0.0,0.0,0.0,0.0,0.0,ACC,16776960.0,,,,0.0,0.0,0.0,0
1165164,0.0,0.0,0.0,0.0,0.0,0.0,udp,0.0,,cs0,,249.0,,7.0,,Start,1,1,0,74,74,0,74.0,0.0,0.0,0.0,0.0,0,0,0,0.0,,,0.0,0.0,0.0,INT,,,610.0,,0.0,0.0,0.0,0
1165171,0.0,0.0,0.0,0.0,0.0,0.0,udp,0.0,,cs0,,249.0,,7.0,,Start,1,1,0,74,74,0,74.0,0.0,0.0,0.0,0.0,0,0,0,0.0,,,0.0,0.0,0.0,INT,,,610.0,,0.0,0.0,0.0,0
1165191,0.0,0.0,0.0,0.0,0.0,0.0,udp,0.0,,cs0,,249.0,,7.0,,Start,1,1,0,74,74,0,74.0,0.0,0.0,0.0,0.0,0,0,0,0.0,,,0.0,0.0,0.0,INT,,,610.0,,0.0,0.0,0.0,0
1165203,0.0,0.0,0.0,0.0,0.0,0.0,udp,0.0,,cs0,,249.0,,7.0,,Start,1,1,0,74,74,0,74.0,0.0,0.0,0.0,0.0,0,0,0,0.0,,,0.0,0.0,0.0,INT,,,610.0,,0.0,0.0,0.0,0
1165211,0.0,0.0,0.0,0.0,0.0,0.0,udp,0.0,,cs0,,249.0,,7.0,,Start,1,1,0,74,74,0,74.0,0.0,0.0,0.0,0.0,0,0,0,0.0,,,0.0,0.0,0.0,INT,,,610.0,,0.0,0.0,0.0,0
1165259,0.0,0.0,0.0,0.0,0.0,0.0,udp,0.0,,cs0,,249.0,,7.0,,Start,1,1,0,74,74,0,74.0,0.0,0.0,0.0,0.0,0,0,0,0.0,,,0.0,0.0,0.0,INT,,,610.0,,0.0,0.0,0.0,0
1165389,0.0,0.0,0.0,0.0,0.0,0.0,udp,0.0,,cs0,,249.0,,7.0,,Start,1,1,0,74,74,0,74.0,0.0,0.0,0.0,0.0,0,0,0,0.0,,,0.0,0.0,0.0,INT,,,610.0,,0.0,0.0,0.0,0
1165504,0.0,0.0,0.0,0.0,0.0,0.0,udp,0.0,,cs0,,249.0,,7.0,,Start,1,1,0,74,74,0,74.0,0.0,0.0,0.0,0.0,0,0,0,0.0,,,0.0,0.0,0.0,INT,,,610.0,,0.0,0.0,0.0,0
1165517,0.0,0.0,0.0,0.0,0.0,0.0,udp,0.0,,cs0,,249.0,,7.0,,Start,1,1,0,74,74,0,74.0,0.0,0.0,0.0,0.0,0,0,0,0.0,,,0.0,0.0,0.0,INT,,,610.0,,0.0,0.0,0.0,0
1165623,0.0,0.0,0.0,0.0,0.0,0.0,udp,0.0,,cs0,,249.0,,7.0,,Start,1,1,0,74,74,0,74.0,0.0,0.0,0.0,0.0,0,0,0,0.0,,,0.0,0.0,0.0,INT,,,610.0,,0.0,0.0,0.0,0
1165722,0.0,0.0,0.0,0.0,0.0,0.0,udp,0.0,,cs0,,249.0,,7.0,,Start,1,1,0,74,74,0,74.0,0.0,0.0,0.0,0.0,0,0,0,0.0,,,0.0,0.0,0.0,INT,,,610.0,,0.0,0.0,0.0,0
1165748,0.0,0.0,0.0,0.0,0.0,0.0,udp,0.0,,cs0,,249.0,,7.0,,Start,1,1,0,74,74,0,74.0,0.0,0.0,0.0,0.0,0,0,0,0.0,,,0.0,0.0,0.0,INT,,,610.0,,0.0,0.0,0.0,0
1165858,0.0,0.0,0.0,0.0,0.0,0.0,udp,0.0,,cs0,,249.0,,7.0,,Start,1,1,0,74,74,0,74.0,0.0,0.0,0.0,0.0,0,0,0,0.0,,,0.0,0.0,0.0,INT,,,610.0,,0.0,0.0,0.0,0
1165893,0.0,0.0,0.0,0.0,0.0,0.0,udp,0.0,,cs0,,249.0,,7.0,,Start,1,1,0,74,74,0,74.0,0.0,0.0,0.0,0.0,0,0,0,0.0,,,0.0,0.0,0.0,INT,,,610.0,,0.0,0.0,0.0,0
1166062,0.0,0.0,0.0,0.0,0.0,0.0,udp,0.0,,cs0,,249.0,,7.0,,Start,1,1,0,74,74,0,74.0,0.0,0.0,0.0,0.0,0,0,0,0.0,,,0.0,0.0,0.0,INT,,,610.0,,0.0,0.0,0.0,0
1166092,4.989041,4.989041,4.989041,4.989041,4.989041,4.989041,tcp,0.0,0.0,cs0,cs0,64.0,117.0,0.0,11.0,Status,27,2,25,36091,2476,33615,1238.0,1344.599976,53732.17188,1985.151123,51747.01953,0,0,0,0.0,0.0,0.0,5.211422,0.200439,4.810544,CON,741888.0,371200.0,,,0.038956,0.02081,0.018146,0
1166144,0.0,0.0,0.0,0.0,0.0,0.0,udp,0.0,,cs0,,249.0,,7.0,,Start,1,1,0,74,74,0,74.0,0.0,0.0,0.0,0.0,0,0,0,0.0,,,0.0,0.0,0.0,INT,,,610.0,,0.0,0.0,0.0,0
1166161,0.0,0.0,0.0,0.0,0.0,0.0,udp,0.0,,cs0,,249.0,,7.0,,Start,1,1,0,74,74,0,74.0,0.0,0.0,0.0,0.0,0,0,0,0.0,,,0.0,0.0,0.0,INT,,,610.0,,0.0,0.0,0.0,0
1166174,0.0,0.0,0.0,0.0,0.0,0.0,udp,0.0,,cs0,,249.0,,7.0,,Start,1,1,0,74,74,0,74.0,0.0,0.0,0.0,0.0,0,0,0,0.0,,,0.0,0.0,0.0,INT,,,610.0,,0.0,0.0,0.0,0
1166196,0.0,0.0,0.0,0.0,0.0,0.0,udp,0.0,,cs0,,249.0,,7.0,,Start,1,1,0,74,74,0,74.0,0.0,0.0,0.0,0.0,0,0,0,0.0,,,0.0,0.0,0.0,INT,,,610.0,,0.0,0.0,0.0,0
1166223,0.0,0.0,0.0,0.0,0.0,0.0,udp,0.0,,cs0,,249.0,,7.0,,Start,1,1,0,74,74,0,74.0,0.0,0.0,0.0,0.0,0,0,0,0.0,,,0.0,0.0,0.0,INT,,,610.0,,0.0,0.0,0.0,0
1166265,0.0,0.0,0.0,0.0,0.0,0.0,udp,0.0,,cs0,,249.0,,7.0,,Start,1,1,0,74,74,0,74.0,0.0,0.0,0.0,0.0,0,0,0,0.0,,,0.0,0.0,0.0,INT,,,610.0,,0.0,0.0,0.0,0
1166274,0.0,0.0,0.0,0.0,0.0,0.0,udp,0.0,,cs0,,249.0,,7.0,,Start,1,1,0,74,74,0,74.0,0.0,0.0,0.0,0.0,0,0,0,0.0,,,0.0,0.0,0.0,INT,,,610.0,,0.0,0.0,0.0,0
1166288,0.0,0.0,0.0,0.0,0.0,0.0,udp,0.0,,cs0,,249.0,,7.0,,Start,1,1,0,74,74,0,74.0,0.0,0.0,0.0,0.0,0,0,0,0.0,,,0.0,0.0,0.0,INT,,,610.0,,0.0,0.0,0.0,0
1166293,0.0,0.0,0.0,0.0,0.0,0.0,udp,0.0,,cs0,,249.0,,7.0,,Start,1,1,0,74,74,0,74.0,0.0,0.0,0.0,0.0,0,0,0,0.0,,,0.0,0.0,0.0,INT,,,610.0,,0.0,0.0,0.0,0
1166364,0.0,0.0,0.0,0.0,0.0,0.0,udp,0.0,,cs0,,249.0,,7.0,,Start,1,1,0,74,74,0,74.0,0.0,0.0,0.0,0.0,0,0,0,0.0,,,0.0,0.0,0.0,INT,,,610.0,,0.0,0.0,0.0,0
1166400,0.0,0.0,0.0,0.0,0.0,0.0,udp,0.0,,cs0,,249.0,,7.0,,Start,1,1,0,74,74,0,74.0,0.0,0.0,0.0,0.0,0,0,0,0.0,,,0.0,0.0,0.0,INT,,,610.0,,0.0,0.0,0.0,0
1166410,0.0,0.0,0.0,0.0,0.0,0.0,udp,0.0,,cs0,,249.0,,7.0,,Start,1,1,0,74,74,0,74.0,0.0,0.0,0.0,0.0,0,0,0,0.0,,,0.0,0.0,0.0,INT,,,610.0,,0.0,0.0,0.0,0
1166546,0.0,0.0,0.0,0.0,0.0,0.0,udp,0.0,,cs0,,249.0,,7.0,,Start,1,1,0,74,74,0,74.0,0.0,0.0,0.0,0.0,0,0,0,0.0,,,0.0,0.0,0.0,INT,,,610.0,,0.0,0.0,0.0,0
1166583,4.984287,4.984287,4.984287,4.984287,4.984287,4.984287,udp,0.0,0.0,cs0,cs0,64.0,117.0,0.0,11.0,Status,293,13,280,384281,4116,380165,316.615387,1357.732178,614102.6875,6099.16748,608003.5625,0,0,0,0.0,,,58.58411,2.407566,55.975914,CON,,,,,0.0,0.0,0.0,0
1166600,0.0,0.0,0.0,0.0,0.0,0.0,udp,0.0,,cs0,,249.0,,7.0,,Start,1,1,0,74,74,0,74.0,0.0,0.0,0.0,0.0,0,0,0,0.0,,,0.0,0.0,0.0,INT,,,610.0,,0.0,0.0,0.0,0
1166666,0.0,0.0,0.0,0.0,0.0,0.0,udp,0.0,,cs0,,249.0,,7.0,,Start,1,1,0,74,74,0,74.0,0.0,0.0,0.0,0.0,0,0,0,0.0,,,0.0,0.0,0.0,INT,,,610.0,,0.0,0.0,0.0,0
1166712,0.0,0.0,0.0,0.0,0.0,0.0,udp,0.0,,cs0,,249.0,,7.0,,Start,1,1,0,74,74,0,74.0,0.0,0.0,0.0,0.0,0,0,0,0.0,,,0.0,0.0,0.0,INT,,,610.0,,0.0,0.0,0.0,0
1166763,0.0,0.0,0.0,0.0,0.0,0.0,udp,0.0,,cs0,,249.0,,7.0,,Start,1,1,0,74,74,0,74.0,0.0,0.0,0.0,0.0,0,0,0,0.0,,,0.0,0.0,0.0,INT,,,610.0,,0.0,0.0,0.0,0
1166815,0.0,0.0,0.0,0.0,0.0,0.0,udp,0.0,,cs0,,249.0,,7.0,,Start,1,1,0,74,74,0,74.0,0.0,0.0,0.0,0.0,0,0,0,0.0,,,0.0,0.0,0.0,INT,,,610.0,,0.0,0.0,0.0,0
1166824,0.0,0.0,0.0,0.0,0.0,0.0,udp,0.0,,cs0,,249.0,,7.0,,Start,1,1,0,74,74,0,74.0,0.0,0.0,0.0,0.0,0,0,0,0.0,,,0.0,0.0,0.0,INT,,,610.0,,0.0,0.0,0.0,0
1166866,0.0,0.0,0.0,0.0,0.0,0.0,udp,0.0,,cs0,,249.0,,7.0,,Start,1,1,0,74,74,0,74.0,0.0,0.0,0.0,0.0,0,0,0,0.0,,,0.0,0.0,0.0,INT,,,610.0,,0.0,0.0,0.0,0
1166935,0.0,0.0,0.0,0.0,0.0,0.0,udp,0.0,,cs0,,249.0,,7.0,,Start,1,1,0,74,74,0,74.0,0.0,0.0,0.0,0.0,0,0,0,0.0,,,0.0,0.0,0.0,INT,,,610.0,,0.0,0.0,0.0,0
1166951,0.0,0.0,0.0,0.0,0.0,0.0,udp,0.0,,cs0,,249.0,,7.0,,Start,1,1,0,74,74,0,74.0,0.0,0.0,0.0,0.0,0,0,0,0.0,,,0.0,0.0,0.0,INT,,,610.0,,0.0,0.0,0.0,0
1166952,4.925811,4.925811,4.925811,4.925811,4.925811,4.925811,tcp,0.0,0.0,cs0,cs0,64.0,117.0,0.0,11.0,Status,36,7,29,37046,2805,34241,400.714294,1180.724121,57600.26172,3905.956055,53694.30859,0,0,0,0.0,0.0,0.0,7.105429,1.218074,5.684343,CON,741888.0,371200.0,,,0.038956,0.02081,0.018146,0
1167008,0.0,0.0,0.0,0.0,0.0,0.0,udp,0.0,,cs0,,249.0,,7.0,,Start,1,1,0,74,74,0,74.0,0.0,0.0,0.0,0.0,0,0,0,0.0,,,0.0,0.0,0.0,INT,,,610.0,,0.0,0.0,0.0,0
1167018,0.0,0.0,0.0,0.0,0.0,0.0,udp,0.0,,cs0,,249.0,,7.0,,Start,1,1,0,74,74,0,74.0,0.0,0.0,0.0,0.0,0,0,0,0.0,,,0.0,0.0,0.0,INT,,,610.0,,0.0,0.0,0.0,0
1167143,0.0,0.0,0.0,0.0,0.0,0.0,udp,0.0,,cs0,,249.0,,7.0,,Start,1,1,0,74,74,0,74.0,0.0,0.0,0.0,0.0,0,0,0,0.0,,,0.0,0.0,0.0,INT,,,610.0,,0.0,0.0,0.0,0
1167246,0.0,0.0,0.0,0.0,0.0,0.0,udp,0.0,,cs0,,249.0,,7.0,,Start,1,1,0,74,74,0,74.0,0.0,0.0,0.0,0.0,0,0,0,0.0,,,0.0,0.0,0.0,INT,,,610.0,,0.0,0.0,0.0,0
1167266,0.0,0.0,0.0,0.0,0.0,0.0,udp,0.0,,cs0,,249.0,,7.0,,Start,1,1,0,74,74,0,74.0,0.0,0.0,0.0,0.0,0,0,0,0.0,,,0.0,0.0,0.0,INT,,,610.0,,0.0,0.0,0.0,0
1167282,0.0,0.0,0.0,0.0,0.0,0.0,udp,0.0,,cs0,,249.0,,7.0,,Start,1,1,0,74,74,0,74.0,0.0,0.0,0.0,0.0,0,0,0,0.0,,,0.0,0.0,0.0,INT,,,610.0,,0.0,0.0,0.0,0
1167287,0.0,0.0,0.0,0.0,0.0,0.0,udp,0.0,,cs0,,249.0,,7.0,,Start,1,1,0,74,74,0,74.0,0.0,0.0,0.0,0.0,0,0,0,0.0,,,0.0,0.0,0.0,INT,,,610.0,,0.0,0.0,0.0,0
1167335,0.0,0.0,0.0,0.0,0.0,0.0,udp,0.0,,cs0,,249.0,,7.0,,Start,1,1,0,74,74,0,74.0,0.0,0.0,0.0,0.0,0,0,0,0.0,,,0.0,0.0,0.0,INT,,,610.0,,0.0,0.0,0.0,0
1167429,0.0,0.0,0.0,0.0,0.0,0.0,udp,0.0,,cs0,,249.0,,7.0,,Start,1,1,0,74,74,0,74.0,0.0,0.0,0.0,0.0,0,0,0,0.0,,,0.0,0.0,0.0,INT,,,610.0,,0.0,0.0,0.0,0
1167431,0.0,0.0,0.0,0.0,0.0,0.0,udp,0.0,,cs0,,249.0,,7.0,,Start,1,1,0,74,74,0,74.0,0.0,0.0,0.0,0.0,0,0,0,0.0,,,0.0,0.0,0.0,INT,,,610.0,,0.0,0.0,0.0,0
1167495,0.0,0.0,0.0,0.0,0.0,0.0,udp,0.0,,cs0,,249.0,,7.0,,Start,1,1,0,74,74,0,74.0,0.0,0.0,0.0,0.0,0,0,0,0.0,,,0.0,0.0,0.0,INT,,,610.0,,0.0,0.0,0.0,0
1167517,0.0,0.0,0.0,0.0,0.0,0.0,udp,0.0,,cs0,,249.0,,7.0,,Start,1,1,0,74,74,0,74.0,0.0,0.0,0.0,0.0,0,0,0,0.0,,,0.0,0.0,0.0,INT,,,610.0,,0.0,0.0,0.0,0
1167534,0.0,0.0,0.0,0.0,0.0,0.0,sctp,186.0,40.0,ef,af11,255.0,250.0,1.0,6.0,Status,2,1,1,232,114,118,114.0,118.0,0.0,0.0,0.0,0,0,0,0.0,,,0.0,0.0,0.0,CON,,,,610.0,0.0,0.0,0.0,0
1167568,0.0,0.0,0.0,0.0,0.0,0.0,udp,0.0,,cs0,,249.0,,7.0,,Start,1,1,0,74,74,0,74.0,0.0,0.0,0.0,0.0,0,0,0,0.0,,,0.0,0.0,0.0,INT,,,610.0,,0.0,0.0,0.0,0
1167599,0.0,0.0,0.0,0.0,0.0,0.0,udp,0.0,,cs0,,249.0,,7.0,,Start,1,1,0,74,74,0,74.0,0.0,0.0,0.0,0.0,0,0,0,0.0,,,0.0,0.0,0.0,INT,,,610.0,,0.0,0.0,0.0,0
1167603,0.0,0.0,0.0,0.0,0.0,0.0,udp,0.0,,cs0,,249.0,,7.0,,Start,1,1,0,74,74,0,74.0,0.0,0.0,0.0,0.0,0,0,0,0.0,,,0.0,0.0,0.0,INT,,,610.0,,0.0,0.0,0.0,0
1167625,0.0,0.0,0.0,0.0,0.0,0.0,udp,0.0,,cs0,,249.0,,7.0,,Start,1,1,0,74,74,0,74.0,0.0,0.0,0.0,0.0,0,0,0,0.0,,,0.0,0.0,0.0,INT,,,610.0,,0.0,0.0,0.0,0
1167630,0.0,0.0,0.0,0.0,0.0,0.0,udp,0.0,,cs0,,249.0,,7.0,,Start,1,1,0,74,74,0,74.0,0.0,0.0,0.0,0.0,0,0,0,0.0,,,0.0,0.0,0.0,INT,,,610.0,,0.0,0.0,0.0,0
1167688,0.0,0.0,0.0,0.0,0.0,0.0,udp,0.0,,cs0,,249.0,,7.0,,Start,1,1,0,74,74,0,74.0,0.0,0.0,0.0,0.0,0,0,0,0.0,,,0.0,0.0,0.0,INT,,,610.0,,0.0,0.0,0.0,0
1167773,0.0,0.0,0.0,0.0,0.0,0.0,udp,0.0,,cs0,,249.0,,7.0,,Start,1,1,0,74,74,0,74.0,0.0,0.0,0.0,0.0,0,0,0,0.0,,,0.0,0.0,0.0,INT,,,610.0,,0.0,0.0,0.0,0
1167787,0.0,0.0,0.0,0.0,0.0,0.0,udp,0.0,,cs0,,249.0,,7.0,,Start,1,1,0,74,74,0,74.0,0.0,0.0,0.0,0.0,0,0,0,0.0,,,0.0,0.0,0.0,INT,,,610.0,,0.0,0.0,0.0,0
1167827,0.0,0.0,0.0,0.0,0.0,0.0,udp,0.0,,cs0,,249.0,,7.0,,Start,1,1,0,74,74,0,74.0,0.0,0.0,0.0,0.0,0,0,0,0.0,,,0.0,0.0,0.0,INT,,,610.0,,0.0,0.0,0.0,0
1167862,0.0,0.0,0.0,0.0,0.0,0.0,udp,0.0,,cs0,,249.0,,7.0,,Start,1,1,0,74,74,0,74.0,0.0,0.0,0.0,0.0,0,0,0,0.0,,,0.0,0.0,0.0,INT,,,610.0,,0.0,0.0,0.0,0
1167941,0.0,0.0,0.0,0.0,0.0,0.0,udp,0.0,,cs0,,249.0,,7.0,,Start,1,1,0,74,74,0,74.0,0.0,0.0,0.0,0.0,0,0,0,0.0,,,0.0,0.0,0.0,INT,,,610.0,,0.0,0.0,0.0,0
1167951,0.0,0.0,0.0,0.0,0.0,0.0,udp,0.0,,cs0,,249.0,,7.0,,Start,1,1,0,74,74,0,74.0,0.0,0.0,0.0,0.0,0,0,0,0.0,,,0.0,0.0,0.0,INT,,,610.0,,0.0,0.0,0.0,0
1167980,0.0,0.0,0.0,0.0,0.0,0.0,udp,0.0,,cs0,,249.0,,7.0,,Start,1,1,0,74,74,0,74.0,0.0,0.0,0.0,0.0,0,0,0,0.0,,,0.0,0.0,0.0,INT,,,610.0,,0.0,0.0,0.0,0
1168057,0.0,0.0,0.0,0.0,0.0,0.0,udp,0.0,,cs0,,249.0,,7.0,,Start,1,1,0,74,74,0,74.0,0.0,0.0,0.0,0.0,0,0,0,0.0,,,0.0,0.0,0.0,INT,,,610.0,,0.0,0.0,0.0,0
1168078,0.0,0.0,0.0,0.0,0.0,0.0,udp,0.0,,cs0,,249.0,,7.0,,Start,1,1,0,74,74,0,74.0,0.0,0.0,0.0,0.0,0,0,0,0.0,,,0.0,0.0,0.0,INT,,,610.0,,0.0,0.0,0.0,0
1168103,0.0,0.0,0.0,0.0,0.0,0.0,udp,0.0,,cs0,,249.0,,7.0,,Start,1,1,0,74,74,0,74.0,0.0,0.0,0.0,0.0,0,0,0,0.0,,,0.0,0.0,0.0,INT,,,610.0,,0.0,0.0,0.0,0
1168149,0.0,0.0,0.0,0.0,0.0,0.0,udp,0.0,,cs0,,249.0,,7.0,,Start,1,1,0,74,74,0,74.0,0.0,0.0,0.0,0.0,0,0,0,0.0,,,0.0,0.0,0.0,INT,,,610.0,,0.0,0.0,0.0,0
1168182,0.0,0.0,0.0,0.0,0.0,0.0,udp,0.0,,cs0,,249.0,,7.0,,Start,1,1,0,74,74,0,74.0,0.0,0.0,0.0,0.0,0,0,0,0.0,,,0.0,0.0,0.0,INT,,,610.0,,0.0,0.0,0.0,0
1168229,0.0,0.0,0.0,0.0,0.0,0.0,udp,0.0,,cs0,,249.0,,7.0,,Start,1,1,0,74,74,0,74.0,0.0,0.0,0.0,0.0,0,0,0,0.0,,,0.0,0.0,0.0,INT,,,610.0,,0.0,0.0,0.0,0
1168256,0.0,0.0,0.0,0.0,0.0,0.0,udp,0.0,,cs0,,249.0,,7.0,,Start,1,1,0,74,74,0,74.0,0.0,0.0,0.0,0.0,0,0,0,0.0,,,0.0,0.0,0.0,INT,,,610.0,,0.0,0.0,0.0,0
1168259,0.0,0.0,0.0,0.0,0.0,0.0,udp,0.0,,cs0,,249.0,,7.0,,Start,1,1,0,74,74,0,74.0,0.0,0.0,0.0,0.0,0,0,0,0.0,,,0.0,0.0,0.0,INT,,,610.0,,0.0,0.0,0.0,0
1168272,0.0,0.0,0.0,0.0,0.0,0.0,icmp,0.0,,cs0,,58.0,,6.0,,Start,1,1,0,98,98,0,98.0,0.0,0.0,0.0,0.0,0,0,0,0.0,,,0.0,0.0,0.0,ECO,,,,,0.0,0.0,0.0,0
1168303,0.0,0.0,0.0,0.0,0.0,0.0,udp,0.0,,cs0,,249.0,,7.0,,Start,1,1,0,74,74,0,74.0,0.0,0.0,0.0,0.0,0,0,0,0.0,,,0.0,0.0,0.0,INT,,,610.0,,0.0,0.0,0.0,0
1168317,0.0,0.0,0.0,0.0,0.0,0.0,udp,0.0,,cs0,,249.0,,7.0,,Start,1,1,0,74,74,0,74.0,0.0,0.0,0.0,0.0,0,0,0,0.0,,,0.0,0.0,0.0,INT,,,610.0,,0.0,0.0,0.0,0
1168346,0.0,0.0,0.0,0.0,0.0,0.0,udp,0.0,,cs0,,249.0,,7.0,,Start,1,1,0,74,74,0,74.0,0.0,0.0,0.0,0.0,0,0,0,0.0,,,0.0,0.0,0.0,INT,,,610.0,,0.0,0.0,0.0,0
1168467,0.0,0.0,0.0,0.0,0.0,0.0,udp,0.0,,cs0,,249.0,,7.0,,Start,1,1,0,74,74,0,74.0,0.0,0.0,0.0,0.0,0,0,0,0.0,,,0.0,0.0,0.0,INT,,,610.0,,0.0,0.0,0.0,0
1168492,0.0,0.0,0.0,0.0,0.0,0.0,udp,0.0,,cs0,,249.0,,7.0,,Start,1,1,0,74,74,0,74.0,0.0,0.0,0.0,0.0,0,0,0,0.0,,,0.0,0.0,0.0,INT,,,610.0,,0.0,0.0,0.0,0
1168539,0.0,0.0,0.0,0.0,0.0,0.0,icmp,0.0,,cs0,,58.0,,6.0,,Start,1,1,0,98,98,0,98.0,0.0,0.0,0.0,0.0,0,0,0,0.0,,,0.0,0.0,0.0,ECO,,,,,0.0,0.0,0.0,0
1168540,0.0,0.0,0.0,0.0,0.0,0.0,udp,0.0,,cs0,,249.0,,7.0,,Start,1,1,0,74,74,0,74.0,0.0,0.0,0.0,0.0,0,0,0,0.0,,,0.0,0.0,0.0,INT,,,610.0,,0.0,0.0,0.0,0
1168574,0.0,0.0,0.0,0.0,0.0,0.0,udp,0.0,,cs0,,249.0,,7.0,,Start,1,1,0,74,74,0,74.0,0.0,0.0,0.0,0.0,0,0,0,0.0,,,0.0,0.0,0.0,INT,,,610.0,,0.0,0.0,0.0,0
1168614,0.0,0.0,0.0,0.0,0.0,0.0,udp,0.0,,cs0,,249.0,,7.0,,Start,1,1,0,74,74,0,74.0,0.0,0.0,0.0,0.0,0,0,0,0.0,,,0.0,0.0,0.0,INT,,,610.0,,0.0,0.0,0.0,0
1168654,0.0,0.0,0.0,0.0,0.0,0.0,udp,0.0,,cs0,,249.0,,7.0,,Start,1,1,0,74,74,0,74.0,0.0,0.0,0.0,0.0,0,0,0,0.0,,,0.0,0.0,0.0,INT,,,610.0,,0.0,0.0,0.0,0
1168668,0.0,0.0,0.0,0.0,0.0,0.0,udp,0.0,,cs0,,249.0,,7.0,,Start,1,1,0,74,74,0,74.0,0.0,0.0,0.0,0.0,0,0,0,0.0,,,0.0,0.0,0.0,INT,,,610.0,,0.0,0.0,0.0,0
1168706,0.0,0.0,0.0,0.0,0.0,0.0,udp,0.0,,cs0,,249.0,,7.0,,Start,1,1,0,74,74,0,74.0,0.0,0.0,0.0,0.0,0,0,0,0.0,,,0.0,0.0,0.0,INT,,,610.0,,0.0,0.0,0.0,0
1168718,0.0,0.0,0.0,0.0,0.0,0.0,udp,0.0,,cs0,,249.0,,7.0,,Start,1,1,0,74,74,0,74.0,0.0,0.0,0.0,0.0,0,0,0,0.0,,,0.0,0.0,0.0,INT,,,610.0,,0.0,0.0,0.0,0
1168859,0.0,0.0,0.0,0.0,0.0,0.0,udp,0.0,,cs0,,249.0,,7.0,,Start,1,1,0,74,74,0,74.0,0.0,0.0,0.0,0.0,0,0,0,0.0,,,0.0,0.0,0.0,INT,,,610.0,,0.0,0.0,0.0,0
1168862,0.0,0.0,0.0,0.0,0.0,0.0,udp,0.0,,cs0,,249.0,,7.0,,Start,1,1,0,74,74,0,74.0,0.0,0.0,0.0,0.0,0,0,0,0.0,,,0.0,0.0,0.0,INT,,,610.0,,0.0,0.0,0.0,0
1168880,0.0,0.0,0.0,0.0,0.0,0.0,udp,0.0,,cs0,,249.0,,7.0,,Start,1,1,0,74,74,0,74.0,0.0,0.0,0.0,0.0,0,0,0,0.0,,,0.0,0.0,0.0,INT,,,610.0,,0.0,0.0,0.0,0
1168977,0.0,0.0,0.0,0.0,0.0,0.0,udp,0.0,,cs0,,249.0,,7.0,,Start,1,1,0,74,74,0,74.0,0.0,0.0,0.0,0.0,0,0,0,0.0,,,0.0,0.0,0.0,INT,,,610.0,,0.0,0.0,0.0,0
1169009,0.0,0.0,0.0,0.0,0.0,0.0,udp,0.0,,cs0,,249.0,,7.0,,Start,1,1,0,74,74,0,74.0,0.0,0.0,0.0,0.0,0,0,0,0.0,,,0.0,0.0,0.0,INT,,,610.0,,0.0,0.0,0.0,0
1169014,0.0,0.0,0.0,0.0,0.0,0.0,udp,0.0,,cs0,,249.0,,7.0,,Start,1,1,0,74,74,0,74.0,0.0,0.0,0.0,0.0,0,0,0,0.0,,,0.0,0.0,0.0,INT,,,610.0,,0.0,0.0,0.0,0
1169045,0.0,0.0,0.0,0.0,0.0,0.0,udp,0.0,,cs0,,249.0,,7.0,,Start,1,1,0,74,74,0,74.0,0.0,0.0,0.0,0.0,0,0,0,0.0,,,0.0,0.0,0.0,INT,,,610.0,,0.0,0.0,0.0,0
1169060,0.0,0.0,0.0,0.0,0.0,0.0,udp,0.0,,cs0,,249.0,,7.0,,Start,1,1,0,74,74,0,74.0,0.0,0.0,0.0,0.0,0,0,0,0.0,,,0.0,0.0,0.0,INT,,,610.0,,0.0,0.0,0.0,0
1169064,0.0,0.0,0.0,0.0,0.0,0.0,udp,0.0,,cs0,,249.0,,7.0,,Start,1,1,0,74,74,0,74.0,0.0,0.0,0.0,0.0,0,0,0,0.0,,,0.0,0.0,0.0,INT,,,610.0,,0.0,0.0,0.0,0
1169085,0.0,0.0,0.0,0.0,0.0,0.0,udp,0.0,,cs0,,249.0,,7.0,,Start,1,1,0,74,74,0,74.0,0.0,0.0,0.0,0.0,0,0,0,0.0,,,0.0,0.0,0.0,INT,,,610.0,,0.0,0.0,0.0,0
1169096,0.0,0.0,0.0,0.0,0.0,0.0,udp,0.0,,cs0,,249.0,,7.0,,Start,1,1,0,74,74,0,74.0,0.0,0.0,0.0,0.0,0,0,0,0.0,,,0.0,0.0,0.0,INT,,,610.0,,0.0,0.0,0.0,0
1169129,0.062883,0.062883,0.062883,0.062883,0.062883,0.062883,udp,0.0,0.0,cs0,cs0,64.0,117.0,0.0,11.0,Status,6,3,3,730,530,200,176.666672,66.666664,62083.55469,45036.01953,17047.5332,0,0,0,0.0,,,79.512749,31.805099,31.805099,CON,,,,,0.0,0.0,0.0,0
1169196,0.0,0.0,0.0,0.0,0.0,0.0,udp,0.0,,cs0,,249.0,,7.0,,Start,1,1,0,74,74,0,74.0,0.0,0.0,0.0,0.0,0,0,0,0.0,,,0.0,0.0,0.0,INT,,,610.0,,0.0,0.0,0.0,0
1169221,0.0,0.0,0.0,0.0,0.0,0.0,udp,0.0,,cs0,,249.0,,7.0,,Start,1,1,0,74,74,0,74.0,0.0,0.0,0.0,0.0,0,0,0,0.0,,,0.0,0.0,0.0,INT,,,610.0,,0.0,0.0,0.0,0
1169247,0.0,0.0,0.0,0.0,0.0,0.0,udp,0.0,,cs0,,249.0,,7.0,,Start,1,1,0,74,74,0,74.0,0.0,0.0,0.0,0.0,0,0,0,0.0,,,0.0,0.0,0.0,INT,,,610.0,,0.0,0.0,0.0,0
1169281,0.064996,0.064996,0.064996,0.064996,0.064996,0.064996,tcp,0.0,0.0,cs0,cs0,64.0,117.0,0.0,11.0,Status,82,23,59,86943,1530,85413,66.521736,1447.677979,10515109.0,180195.7188,10334913.0,0,0,0,0.0,0.0,0.0,1246.230591,338.482391,892.362671,CON,887808.0,268544.0,,,0.034979,0.020783,0.014196,0
1169430,0.0,0.0,0.0,0.0,0.0,0.0,udp,0.0,,cs0,,249.0,,7.0,,Start,1,1,0,74,74,0,74.0,0.0,0.0,0.0,0.0,0,0,0,0.0,,,0.0,0.0,0.0,INT,,,610.0,,0.0,0.0,0.0,0
1169432,0.0,0.0,0.0,0.0,0.0,0.0,udp,0.0,,cs0,,249.0,,7.0,,Start,1,1,0,74,74,0,74.0,0.0,0.0,0.0,0.0,0,0,0,0.0,,,0.0,0.0,0.0,INT,,,610.0,,0.0,0.0,0.0,0
1169439,0.0,0.0,0.0,0.0,0.0,0.0,udp,0.0,,cs0,,249.0,,7.0,,Start,1,1,0,74,74,0,74.0,0.0,0.0,0.0,0.0,0,0,0,0.0,,,0.0,0.0,0.0,INT,,,610.0,,0.0,0.0,0.0,0
1169449,0.0,0.0,0.0,0.0,0.0,0.0,udp,0.0,,cs0,,249.0,,7.0,,Start,1,1,0,74,74,0,74.0,0.0,0.0,0.0,0.0,0,0,0,0.0,,,0.0,0.0,0.0,INT,,,610.0,,0.0,0.0,0.0,0
1169476,0.0,0.0,0.0,0.0,0.0,0.0,sctp,186.0,186.0,ef,ef,255.0,252.0,1.0,4.0,Status,2,1,1,200,98,102,98.0,102.0,0.0,0.0,0.0,0,0,0,0.0,,,0.0,0.0,0.0,CON,,,,610.0,0.0,0.0,0.0,0
1169507,0.152888,0.152888,0.152888,0.152888,0.152888,0.152888,udp,0.0,0.0,cs0,cs0,64.0,52.0,0.0,12.0,Start,17,10,7,11783,8016,3767,801.599976,538.142883,546491.5625,377531.25,168960.2813,0,0,0,0.0,,,104.651772,58.866623,39.244415,CON,,,,,0.0,0.0,0.0,0
1169526,4.944435,4.944435,4.944435,4.944435,4.944435,4.944435,udp,0.0,0.0,cs0,cs0,64.0,117.0,0.0,11.0,Status,316,18,298,412380,4477,407903,248.722229,1368.802002,664608.1875,6842.439941,657765.75,0,0,0,0.0,,,63.707985,3.438209,60.067528,CON,,,,,0.0,0.0,0.0,0
1169537,4.910512,4.910512,4.910512,4.910512,4.910512,4.910512,udp,0.0,0.0,cs0,cs0,64.0,117.0,0.0,11.0,Status,388,20,368,505728,4789,500939,239.449997,1361.247314,821304.1875,7412.668945,813891.5,0,0,0,0.0,,,78.810516,3.86925,74.737625,CON,,,,,0.0,0.0,0.0,0
1169538,4.907054,4.907054,4.907054,4.907054,4.907054,4.907054,udp,0.0,0.0,cs0,cs0,64.0,117.0,0.0,11.0,Status,383,18,365,504271,4479,499792,248.833328,1369.293091,819479.875,6897.825195,812582.0625,0,0,0,0.0,,,77.847115,3.464401,74.178925,CON,,,,,0.0,0.0,0.0,0
1169552,0.045897,0.045897,0.045897,0.045897,0.045897,0.045897,tcp,0.0,0.0,cs0,cs0,64.0,116.0,0.0,12.0,Status,4,2,2,1897,499,1398,249.5,699.0,165413.8594,43575.83203,121838.0313,0,0,0,0.0,0.0,0.0,65.363747,21.787916,21.787916,CON,253.0,328.0,,,0.0,0.0,0.0,0
1169571,0.000611,0.000611,0.000611,0.000611,0.000611,0.000611,sctp,186.0,40.0,ef,af11,255.0,250.0,1.0,6.0,Status,2,1,1,192,94,98,94.0,98.0,0.0,0.0,0.0,0,0,0,0.0,,,1636.661255,0.0,0.0,CON,,,,610.0,0.0,0.0,0.0,0
1169630,4.913082,4.913082,4.913082,4.913082,4.913082,4.913082,tcp,0.0,0.0,cs0,cs0,64.0,62.0,0.0,2.0,Status,7,4,3,493,295,198,73.75,66.0,576.420227,361.483887,214.936356,0,0,0,0.0,0.0,0.0,1.221229,0.610615,0.407076,FIN,75776.0,31104.0,,,0.024022,0.001189,0.022833,0
1169649,4.935009,4.935009,4.935009,4.935009,4.935009,4.935009,udp,0.0,0.0,cs0,cs0,64.0,117.0,0.0,11.0,Status,179,14,165,212358,4580,207778,327.142853,1259.26062,341676.375,6894.415039,334781.9688,0,0,0,0.0,,,36.068829,2.63424,33.231956,CON,,,,,0.0,0.0,0.0,0
1169671,0.001583,0.001583,0.001583,0.001583,0.001583,0.001583,udp,0.0,48.0,cs0,af12,64.0,62.0,0.0,2.0,Start,2,1,1,239,89,150,89.0,150.0,0.0,0.0,0.0,0,0,0,0.0,,,631.711975,0.0,0.0,CON,,,,,0.0,0.0,0.0,0
1169683,0.076129,0.076129,0.076129,0.076129,0.076129,0.076129,udp,0.0,0.0,cs0,cs0,64.0,117.0,0.0,11.0,Status,4,2,2,437,299,138,149.5,69.0,23013.57031,15762.71875,7250.850586,0,0,0,0.0,,,39.406799,13.135599,13.135599,CON,,,,,0.0,0.0,0.0,0
1169704,0.0,0.0,0.0,0.0,0.0,0.0,icmp,0.0,,cs0,,58.0,,6.0,,Start,1,1,0,98,98,0,98.0,0.0,0.0,0.0,0.0,0,0,0,0.0,,,0.0,0.0,0.0,ECO,,,,,0.0,0.0,0.0,0
1169705,0.0,0.0,0.0,0.0,0.0,0.0,icmp,0.0,,cs0,,58.0,,6.0,,Start,1,1,0,98,98,0,98.0,0.0,0.0,0.0,0.0,0,0,0,0.0,,,0.0,0.0,0.0,ECO,,,,,0.0,0.0,0.0,0
1169832,0.000324,0.000324,0.000324,0.000324,0.000324,0.000324,udp,224.0,184.0,cs7,ef,250.0,255.0,6.0,1.0,Start,2,1,1,124,64,60,64.0,60.0,0.0,0.0,0.0,0,0,0,0.0,,,3086.419922,0.0,0.0,CON,,,610.0,,0.0,0.0,0.0,0
1169845,4.868824,4.868824,4.868824,4.868824,4.868824,4.868824,udp,0.0,0.0,cs0,cs0,64.0,117.0,0.0,11.0,Status,236,16,220,300146,4920,295226,307.5,1341.936401,490464.2188,7579.653809,482884.5625,0,0,0,0.0,,,48.266273,3.080826,44.980061,CON,,,,,0.0,0.0,0.0,0
1169860,0.149827,0.149827,0.149827,0.149827,0.149827,0.149827,udp,0.0,0.0,cs0,cs0,64.0,53.0,0.0,11.0,Start,18,10,8,12033,8017,4016,801.700012,502.0,572927.4375,385297.6875,187629.7344,0,0,0,0.0,,,113.464195,60.069279,46.720551,CON,,,,,0.0,0.0,0.0,0
1169927,0.134696,0.134696,0.134696,0.134696,0.134696,0.134696,udp,0.0,0.0,cs0,cs0,64.0,117.0,0.0,11.0,Status,139,15,124,172402,4258,168144,283.866669,1356.0,10142127.0,236087.1719,9906040.0,0,0,0,0.0,,,1024.529297,103.937752,913.167358,CON,,,,,0.0,0.0,0.0,0
1169988,0.001166,0.001166,0.001166,0.001166,0.001166,0.001166,tcp,0.0,0.0,cs0,cs0,64.0,62.0,0.0,2.0,Status,2,1,1,132,66,66,66.0,66.0,0.0,0.0,0.0,0,0,0,0.0,0.0,0.0,857.632935,0.0,0.0,CON,68096.0,31104.0,,,0.015938,0.001245,0.014693,0
1170140,4.962051,4.962051,4.962051,4.962051,4.962051,4.962051,udp,0.0,0.0,cs0,cs0,64.0,117.0,0.0,11.0,Status,436,22,414,570985,4942,566043,224.636368,1367.253662,917997.8125,7606.532227,910391.3125,0,0,0,0.0,,,87.665367,4.232121,83.231712,CON,,,,,0.0,0.0,0.0,0
1170162,3.227038,3.227038,3.227038,3.227038,3.227038,3.227038,tcp,0.0,0.0,cs0,cs0,64.0,62.0,0.0,2.0,Status,11,6,5,2243,873,1370,145.5,274.0,4521.793945,1804.750977,2717.042725,0,0,0,0.0,0.0,0.0,3.098817,1.549409,1.239527,CON,78848.0,39680.0,,,0.021934,0.001125,0.020809,0
1170233,0.05901,0.05901,0.05901,0.05901,0.05901,0.05901,udp,0.0,0.0,cs0,cs0,64.0,117.0,0.0,11.0,Start,6,3,3,733,531,202,177.0,67.333336,66293.85156,47991.86719,18301.98242,0,0,0,0.0,,,84.7314,33.892563,33.892563,CON,,,,,0.0,0.0,0.0,0
1170235,4.996785,4.996785,4.996785,4.996785,4.996785,4.996785,udp,0.0,0.0,cs0,cs0,117.0,64.0,11.0,0.0,Status,130,124,6,158656,154628,4028,1247.0,671.333313,250942.1406,245567.4844,5374.655762,0,0,0,0.0,,,25.816599,24.615828,1.000643,CON,,,,,0.0,0.0,0.0,0
1170241,0.172833,0.172833,0.172833,0.172833,0.172833,0.172833,udp,0.0,0.0,cs0,cs0,64.0,52.0,0.0,12.0,Start,18,10,8,11957,8017,3940,801.700012,492.5,493609.4375,334010.2813,159599.1563,0,0,0,0.0,,,98.360847,52.073391,40.501526,CON,,,,,0.0,0.0,0.0,0
1170449,0.167496,0.167496,0.167496,0.167496,0.167496,0.167496,udp,0.0,0.0,cs0,cs0,64.0,52.0,0.0,12.0,Start,22,11,11,11881,7379,4502,670.818176,409.272736,515928.75,320437.5,195491.2344,0,0,0,0.0,,,125.376129,59.702919,59.702919,CON,,,,,0.0,0.0,0.0,0
1170516,0.0,0.0,0.0,0.0,0.0,0.0,icmp,0.0,,cs0,,58.0,,6.0,,Start,1,1,0,98,98,0,98.0,0.0,0.0,0.0,0.0,0,0,0,0.0,,,0.0,0.0,0.0,ECO,,,,,0.0,0.0,0.0,0
1170611,0.061991,0.061991,0.061991,0.061991,0.061991,0.061991,udp,0.0,0.0,cs0,cs0,64.0,117.0,0.0,11.0,Status,4,2,2,442,301,141,150.5,70.5,28649.32031,19486.69922,9162.620117,0,0,0,0.0,,,48.394123,16.131374,16.131374,CON,,,,,0.0,0.0,0.0,0
1170778,0.175952,0.175952,0.175952,0.175952,0.175952,0.175952,udp,0.0,0.0,cs0,cs0,117.0,64.0,11.0,0.0,Status,88,79,9,99983,95736,4247,1211.848145,471.888885,4469446.0,4297763.0,171683.1875,0,0,0,0.0,,,494.453033,443.302704,45.466946,CON,,,,,0.0,0.0,0.0,0
1170881,0.0,0.0,0.0,0.0,0.0,0.0,tcp,0.0,0.0,cs0,cs0,52.0,64.0,12.0,0.0,Status,4,2,2,264,108,156,54.0,78.0,0.0,0.0,0.0,0,0,0,0.0,0.0,0.0,0.0,0.0,0.0,RST,276.0,157.0,,,0.0,0.0,0.0,0
1170886,0.0,0.0,0.0,0.0,0.0,0.0,icmp,0.0,,cs0,,58.0,,6.0,,Start,1,1,0,98,98,0,98.0,0.0,0.0,0.0,0.0,0,0,0,0.0,,,0.0,0.0,0.0,ECO,,,,,0.0,0.0,0.0,0
1170968,0.0,0.0,0.0,0.0,0.0,0.0,icmp,0.0,,cs0,,58.0,,6.0,,Start,1,1,0,98,98,0,98.0,0.0,0.0,0.0,0.0,0,0,0,0.0,,,0.0,0.0,0.0,ECO,,,,,0.0,0.0,0.0,0
1171019,0.0,0.0,0.0,0.0,0.0,0.0,icmp,0.0,,cs0,,58.0,,6.0,,Start,1,1,0,98,98,0,98.0,0.0,0.0,0.0,0.0,0,0,0,0.0,,,0.0,0.0,0.0,ECO,,,,,0.0,0.0,0.0,0
1171042,4.99993,4.99993,4.99993,4.99993,4.99993,4.99993,udp,0.0,0.0,cs0,cs0,117.0,64.0,11.0,0.0,Status,122,113,9,137957,133549,4408,1181.849609,489.777771,218062.25,211791.7656,6270.487793,0,0,0,0.0,,,24.200338,22.400314,1.600022,CON,,,,,0.0,0.0,0.0,0
1171112,0.0,0.0,0.0,0.0,0.0,0.0,icmp,0.0,,cs0,,58.0,,6.0,,Start,1,1,0,98,98,0,98.0,0.0,0.0,0.0,0.0,0,0,0,0.0,,,0.0,0.0,0.0,ECO,,,,,0.0,0.0,0.0,0
1171149,0.0,0.0,0.0,0.0,0.0,0.0,icmp,0.0,,cs0,,58.0,,6.0,,Start,1,1,0,98,98,0,98.0,0.0,0.0,0.0,0.0,0,0,0,0.0,,,0.0,0.0,0.0,ECO,,,,,0.0,0.0,0.0,0
1171300,3.847258,3.847258,3.847258,3.847258,3.847258,3.847258,udp,0.0,0.0,cs0,cs0,64.0,52.0,0.0,12.0,Status,35,15,20,6883,5228,1655,348.533325,82.75,13418.3877,10147.48633,3270.900879,0,0,0,0.0,,,8.837462,3.638955,4.938582,CON,,,,,0.0,0.0,0.0,0
1171314,0.000128,0.000128,0.000128,0.000128,0.000128,0.000128,udp,224.0,184.0,cs7,ef,250.0,255.0,6.0,1.0,Start,2,1,1,124,64,60,64.0,60.0,0.0,0.0,0.0,0,0,0,0.0,,,7812.5,0.0,0.0,CON,,,610.0,,0.0,0.0,0.0,0
1171398,0.199552,0.199552,0.199552,0.199552,0.199552,0.199552,sctp,186.0,40.0,ef,af11,255.0,250.0,1.0,6.0,Status,2,1,1,192,126,66,126.0,66.0,0.0,0.0,0.0,0,0,0,0.0,,,5.011225,0.0,0.0,CON,,,,610.0,0.0,0.0,0.0,0
1171494,0.131064,0.131064,0.131064,0.131064,0.131064,0.131064,tcp,0.0,0.0,cs0,cs0,52.0,64.0,12.0,0.0,Start,2,1,1,132,66,66,66.0,66.0,0.0,0.0,0.0,0,0,0,0.0,0.0,0.0,7.62986,0.0,0.0,FIN,269.0,150.0,,,0.0,0.0,0.0,0
1171614,0.073006,0.073006,0.073006,0.073006,0.073006,0.073006,udp,0.0,0.0,cs0,cs0,64.0,117.0,0.0,11.0,Status,6,3,3,728,528,200,176.0,66.666664,53255.90234,38572.17578,14683.72559,0,0,0,0.0,,,68.487526,27.39501,27.39501,CON,,,,,0.0,0.0,0.0,0
1171807,0.063734,0.063734,0.063734,0.063734,0.063734,0.063734,udp,0.0,0.0,cs0,cs0,64.0,117.0,0.0,11.0,Status,6,3,3,733,531,202,177.0,67.333336,61380.10938,44434.67969,16945.42969,0,0,0,0.0,,,78.451057,31.380424,31.380424,CON,,,,,0.0,0.0,0.0,0
1172335,4.998875,4.998875,4.998875,4.998875,4.998875,4.998875,udp,0.0,0.0,cs0,cs0,117.0,64.0,11.0,0.0,Status,225,212,13,289742,285699,4043,1347.636841,311.0,461038.125,455065.5625,5972.543457,0,0,0,0.0,,,44.810081,42.209496,2.40054,CON,,,,,0.0,0.0,0.0,0
1172339,9.8e-05,9.8e-05,9.8e-05,9.8e-05,9.8e-05,9.8e-05,udp,224.0,184.0,cs7,ef,250.0,255.0,6.0,1.0,Start,2,1,1,124,64,60,64.0,60.0,0.0,0.0,0.0,0,0,0,0.0,,,10204.08203,0.0,0.0,CON,,,610.0,,0.0,0.0,0.0,0
1172342,4.997803,4.997803,4.997803,4.997803,4.997803,4.997803,udp,0.0,0.0,cs0,cs0,117.0,64.0,11.0,0.0,Status,148,139,9,173446,169043,4403,1216.136719,489.222229,274906.375,268641.2188,6265.152832,0,0,0,0.0,,,29.412922,27.612131,1.600703,CON,,,,,0.0,0.0,0.0,0
1172345,4.947535,4.947535,4.947535,4.947535,4.947535,4.947535,udp,0.0,0.0,cs0,cs0,117.0,64.0,11.0,0.0,Status,212,203,9,280816,276969,3847,1364.379272,427.444458,451174.1563,445644.125,5530.026367,0,0,0,0.0,,,42.647499,40.828411,1.616967,CON,,,,,0.0,0.0,0.0,0
1172513,0.0,0.0,0.0,0.0,0.0,0.0,icmp,0.0,,cs0,,58.0,,6.0,,Start,1,1,0,98,98,0,98.0,0.0,0.0,0.0,0.0,0,0,0,0.0,,,0.0,0.0,0.0,ECO,,,,,0.0,0.0,0.0,0
1172778,0.0,0.0,0.0,0.0,0.0,0.0,icmp,0.0,,cs0,,58.0,,6.0,,Start,1,1,0,98,98,0,98.0,0.0,0.0,0.0,0.0,0,0,0,0.0,,,0.0,0.0,0.0,ECO,,,,,0.0,0.0,0.0,0
1172797,4.89687,4.89687,4.89687,4.89687,4.89687,4.89687,udp,0.0,0.0,cs0,cs0,64.0,52.0,0.0,12.0,Status,35,15,20,5109,3454,1655,230.266663,82.75,7836.842285,5267.037598,2569.804688,0,0,0,0.0,,,6.943211,2.858969,3.880029,CON,,,,,0.0,0.0,0.0,0
1173257,0.0,0.0,0.0,0.0,0.0,0.0,icmp,0.0,,cs0,,58.0,,6.0,,Start,1,1,0,98,98,0,98.0,0.0,0.0,0.0,0.0,0,0,0,0.0,,,0.0,0.0,0.0,ECO,,,,,0.0,0.0,0.0,0
1173281,0.000118,0.000118,0.000118,0.000118,0.000118,0.000118,sctp,186.0,186.0,ef,ef,252.0,255.0,4.0,1.0,Status,2,1,1,200,102,98,102.0,98.0,0.0,0.0,0.0,0,0,0,0.0,,,8474.576172,0.0,0.0,CON,,,610.0,,0.0,0.0,0.0,0
1173352,0.0,0.0,0.0,0.0,0.0,0.0,icmp,0.0,,cs0,,58.0,,6.0,,Start,1,1,0,98,98,0,98.0,0.0,0.0,0.0,0.0,0,0,0,0.0,,,0.0,0.0,0.0,ECO,,,,,0.0,0.0,0.0,0
1174567,4.968573,4.968573,4.968573,4.968573,4.968573,4.968573,udp,0.0,0.0,cs0,cs0,117.0,64.0,11.0,0.0,Status,124,117,7,145848,141746,4102,1211.504272,586.0,231939.4219,226278.25,5661.182617,0,0,0,0.0,,,24.755598,23.346743,1.20759,CON,,,,,0.0,0.0,0.0,0
1174568,0.0,0.0,0.0,0.0,0.0,0.0,icmp,0.0,,cs0,,58.0,,6.0,,Start,1,1,0,98,98,0,98.0,0.0,0.0,0.0,0.0,0,0,0,0.0,,,0.0,0.0,0.0,ECO,,,,,0.0,0.0,0.0,0
1174794,4.316954,4.316954,4.316954,4.316954,4.316954,4.316954,sctp,186.0,186.0,ef,ef,252.0,255.0,4.0,1.0,Status,4,2,2,392,200,192,100.0,96.0,363.219055,185.315842,177.903214,0,0,0,0.0,,,0.694934,0.231645,0.231645,CON,,,610.0,,0.0,0.0,0.0,0
1174845,0.0,0.0,0.0,0.0,0.0,0.0,udp,0.0,,cs0,,249.0,,7.0,,Start,1,1,0,64,64,0,64.0,0.0,0.0,0.0,0.0,0,0,0,0.0,,,0.0,0.0,0.0,INT,,,610.0,,0.0,0.0,0.0,0
1174888,0.0,0.0,0.0,0.0,0.0,0.0,udp,0.0,,cs0,,249.0,,7.0,,Start,1,1,0,64,64,0,64.0,0.0,0.0,0.0,0.0,0,0,0,0.0,,,0.0,0.0,0.0,INT,,,610.0,,0.0,0.0,0.0,0
1175144,0.0,0.0,0.0,0.0,0.0,0.0,icmp,0.0,,cs0,,58.0,,6.0,,Start,1,1,0,98,98,0,98.0,0.0,0.0,0.0,0.0,0,0,0,0.0,,,0.0,0.0,0.0,ECO,,,,,0.0,0.0,0.0,0
1175147,0.093628,0.093628,0.093628,0.093628,0.093628,0.093628,udp,0.0,0.0,cs0,cs0,64.0,117.0,0.0,11.0,Status,199,9,190,261890,3357,258533,373.0,1360.699951,22228992.0,254966.4688,21974026.0,0,0,0,0.0,,,2114.751953,85.444527,2018.626953,CON,,,,,0.0,0.0,0.0,0
1176069,0.0,0.0,0.0,0.0,0.0,0.0,icmp,0.0,,cs0,,58.0,,6.0,,Start,1,1,0,98,98,0,98.0,0.0,0.0,0.0,0.0,0,0,0,0.0,,,0.0,0.0,0.0,ECO,,,,,0.0,0.0,0.0,0
1176245,4.842947,4.842947,4.842947,4.842947,4.842947,4.842947,udp,0.0,0.0,cs0,cs0,117.0,64.0,11.0,0.0,Status,18,9,9,11155,6923,4232,769.222229,470.222229,16380.10938,10165.71094,6214.397949,0,0,0,0.0,,,3.510259,1.651887,1.651887,CON,,,,,0.0,0.0,0.0,0
1176763,0.0,0.0,0.0,0.0,0.0,0.0,icmp,0.0,,cs0,,58.0,,6.0,,Start,1,1,0,98,98,0,98.0,0.0,0.0,0.0,0.0,0,0,0,0.0,,,0.0,0.0,0.0,ECO,,,,,0.0,0.0,0.0,0
1177146,0.000303,0.000303,0.000303,0.000303,0.000303,0.000303,udp,224.0,184.0,cs7,ef,250.0,255.0,6.0,1.0,Start,2,1,1,124,64,60,64.0,60.0,0.0,0.0,0.0,0,0,0,0.0,,,3300.329834,0.0,0.0,CON,,,610.0,,0.0,0.0,0.0,0
1177150,4.912726,4.912726,4.912726,4.912726,4.912726,4.912726,udp,0.0,0.0,cs0,cs0,64.0,117.0,0.0,11.0,Status,367,14,353,489466,3066,486400,219.0,1377.903687,794459.125,4636.122559,789823.0,0,0,0,0.0,,,74.500389,2.646189,71.65065,CON,,,,,0.0,0.0,0.0,0
1177287,2.723261,2.723261,2.723261,2.723261,2.723261,2.723261,sctp,186.0,186.0,ef,ef,252.0,255.0,4.0,1.0,Status,4,2,2,392,200,192,100.0,96.0,575.780273,293.765442,282.014832,0,0,0,0.0,,,1.10162,0.367207,0.367207,CON,,,610.0,,0.0,0.0,0.0,0
1178754,4.973316,4.973316,4.973316,4.973316,4.973316,4.973316,udp,0.0,0.0,cs0,cs0,117.0,64.0,11.0,0.0,Status,141,128,13,160137,157250,2887,1228.515625,222.07692,255261.4688,250974.5938,4286.87793,0,0,0,0.0,,,28.15023,25.536282,2.412877,CON,,,,,0.0,0.0,0.0,0
1179375,0.0,0.0,0.0,0.0,0.0,0.0,icmp,0.0,,cs0,,58.0,,6.0,,Start,1,1,0,98,98,0,98.0,0.0,0.0,0.0,0.0,0,0,0,0.0,,,0.0,0.0,0.0,ECO,,,,,0.0,0.0,0.0,0
1179763,0.0,0.0,0.0,0.0,0.0,0.0,icmp,0.0,,cs0,,58.0,,6.0,,Start,1,1,0,98,98,0,98.0,0.0,0.0,0.0,0.0,0,0,0,0.0,,,0.0,0.0,0.0,ECO,,,,,0.0,0.0,0.0,0
1180013,4.933101,4.933101,4.933101,4.933101,4.933101,4.933101,tcp,0.0,0.0,cs0,cs0,64.0,62.0,0.0,2.0,Status,7,3,4,505,229,276,76.333336,69.0,583.811279,248.119781,335.691467,0,0,0,0.0,0.0,0.0,1.216273,0.405424,0.608137,FIN,69120.0,32256.0,,,0.07205,0.001281,0.070769,0
1180041,0.17495,0.17495,0.17495,0.17495,0.17495,0.17495,udp,0.0,0.0,cs0,cs0,64.0,52.0,0.0,12.0,Start,18,10,8,12009,8018,3991,801.799988,498.875,489739.9063,330014.2813,159725.625,0,0,0,0.0,,,97.170616,51.443268,40.011433,CON,,,,,0.0,0.0,0.0,0
1180043,0.0,0.0,0.0,0.0,0.0,0.0,icmp,0.0,,cs0,,58.0,,6.0,,Start,1,1,0,98,98,0,98.0,0.0,0.0,0.0,0.0,0,0,0,0.0,,,0.0,0.0,0.0,ECO,,,,,0.0,0.0,0.0,0
1180085,0.0,0.0,0.0,0.0,0.0,0.0,icmp,0.0,,cs0,,58.0,,6.0,,Start,1,1,0,98,98,0,98.0,0.0,0.0,0.0,0.0,0,0,0,0.0,,,0.0,0.0,0.0,ECO,,,,,0.0,0.0,0.0,0
1180092,0.0,0.0,0.0,0.0,0.0,0.0,icmp,0.0,,cs0,,58.0,,6.0,,Start,1,1,0,98,98,0,98.0,0.0,0.0,0.0,0.0,0,0,0,0.0,,,0.0,0.0,0.0,ECO,,,,,0.0,0.0,0.0,0
1180147,0.0,0.0,0.0,0.0,0.0,0.0,icmp,0.0,,cs0,,58.0,,6.0,,Start,1,1,0,98,98,0,98.0,0.0,0.0,0.0,0.0,0,0,0,0.0,,,0.0,0.0,0.0,ECO,,,,,0.0,0.0,0.0,0
1180213,0.0,0.0,0.0,0.0,0.0,0.0,icmp,0.0,,cs0,,58.0,,6.0,,Start,1,1,0,98,98,0,98.0,0.0,0.0,0.0,0.0,0,0,0,0.0,,,0.0,0.0,0.0,ECO,,,,,0.0,0.0,0.0,0
1180235,0.018892,0.018892,0.018892,0.018892,0.018892,0.018892,tcp,0.0,0.0,cs0,cs0,64.0,62.0,0.0,2.0,Status,6,3,3,439,229,210,76.333336,70.0,124073.6875,64789.33203,59284.35547,0,0,0,0.0,0.0,0.0,264.662292,105.864922,105.864922,FIN,68096.0,31104.0,,,0.016164,0.001419,0.014745,0
1180236,0.0,0.0,0.0,0.0,0.0,0.0,icmp,0.0,,cs0,,58.0,,6.0,,Start,1,1,0,98,98,0,98.0,0.0,0.0,0.0,0.0,0,0,0,0.0,,,0.0,0.0,0.0,ECO,,,,,0.0,0.0,0.0,0
1180268,0.0,0.0,0.0,0.0,0.0,0.0,icmp,0.0,,cs0,,58.0,,6.0,,Start,1,1,0,98,98,0,98.0,0.0,0.0,0.0,0.0,0,0,0,0.0,,,0.0,0.0,0.0,ECO,,,,,0.0,0.0,0.0,0
1180305,0.0,0.0,0.0,0.0,0.0,0.0,icmp,0.0,,cs0,,58.0,,6.0,,Start,1,1,0,98,98,0,98.0,0.0,0.0,0.0,0.0,0,0,0,0.0,,,0.0,0.0,0.0,ECO,,,,,0.0,0.0,0.0,0
1180368,3.229908,3.229908,3.229908,3.229908,3.229908,3.229908,udp,0.0,0.0,cs0,cs0,64.0,52.0,0.0,12.0,Status,16,7,9,2673,1982,691,283.142853,76.777779,5731.432617,4208.169434,1523.263184,0,0,0,0.0,,,4.644095,1.857638,2.476851,CON,,,,,0.0,0.0,0.0,0
1180420,3.878225,3.878225,3.878225,3.878225,3.878225,3.878225,tcp,0.0,,cs0,,64.0,,0.0,,Start,6,6,0,396,396,0,66.0,0.0,680.723755,680.723755,0.0,0,0,0,0.0,0.0,0.0,1.28925,1.28925,0.0,FIN,1449.0,,,,0.0,0.0,0.0,0
1180488,1.991153,1.991153,1.991153,1.991153,1.991153,1.991153,tcp,0.0,,cs0,,64.0,,0.0,,Start,5,5,0,330,330,0,66.0,0.0,1060.692017,1060.692017,0.0,0,0,0,0.0,0.0,0.0,2.008886,2.008886,0.0,FIN,148.0,,,,0.0,0.0,0.0,0
1180576,3.011991,3.011991,3.011991,3.011991,3.011991,3.011991,tcp,0.0,,cs0,,64.0,,0.0,,Start,3,3,0,222,222,0,74.0,0.0,393.095459,393.095459,0.0,2,2,0,40.0,0.0,0.0,0.664013,0.664013,0.0,REQ,33553920.0,,,,0.0,0.0,0.0,0
1180584,4.813191,4.813191,4.813191,4.813191,4.813191,4.813191,sctp,186.0,40.0,ef,af11,255.0,250.0,1.0,6.0,Status,5,2,3,422,148,274,74.0,91.333336,427.159454,122.995331,304.164124,0,0,0,0.0,,,0.83105,0.207762,0.415525,CON,,,,610.0,0.0,0.0,0.0,0
1180633,3.035876,3.035876,3.035876,3.035876,3.035876,3.035876,tcp,0.0,,cs0,,64.0,,0.0,,Start,3,3,0,222,222,0,74.0,0.0,390.002747,390.002747,0.0,2,2,0,40.0,0.0,0.0,0.658788,0.658788,0.0,REQ,33553920.0,,,,0.0,0.0,0.0,0
1180637,0.200859,0.200859,0.200859,0.200859,0.200859,0.200859,sctp,186.0,40.0,ef,af11,255.0,250.0,1.0,6.0,Status,5,2,3,422,148,274,74.0,91.333336,10236.03613,2947.341309,7288.695312,0,0,0,0.0,,,19.914469,4.978617,9.957234,CON,,,,610.0,0.0,0.0,0.0,0
1180652,0.0,0.0,0.0,0.0,0.0,0.0,tcp,0.0,,cs0,,64.0,,0.0,,Status,1,1,0,74,74,0,74.0,0.0,0.0,0.0,0.0,1,1,0,50.0,0.0,0.0,0.0,0.0,0.0,REQ,33553920.0,,,,0.0,0.0,0.0,0
1180686,3.078041,3.078041,3.078041,3.078041,3.078041,3.078041,tcp,0.0,,cs0,,64.0,,0.0,,Start,4,4,0,296,296,0,74.0,0.0,576.990356,576.990356,0.0,3,3,0,42.857143,0.0,0.0,0.974646,0.974646,0.0,REQ,33553920.0,,,,0.0,0.0,0.0,0
1180690,0.0,0.0,0.0,0.0,0.0,0.0,tcp,0.0,,cs0,,64.0,,0.0,,Status,1,1,0,74,74,0,74.0,0.0,0.0,0.0,0.0,1,1,0,50.0,0.0,0.0,0.0,0.0,0.0,REQ,33553920.0,,,,0.0,0.0,0.0,0
1180721,0.0,0.0,0.0,0.0,0.0,0.0,tcp,0.0,,cs0,,64.0,,0.0,,Status,1,1,0,74,74,0,74.0,0.0,0.0,0.0,0.0,1,1,0,50.0,0.0,0.0,0.0,0.0,0.0,REQ,33553920.0,,,,0.0,0.0,0.0,0
1180741,3.032968,3.032968,3.032968,3.032968,3.032968,3.032968,tcp,0.0,,cs0,,64.0,,0.0,,Start,3,3,0,222,222,0,74.0,0.0,390.376678,390.376678,0.0,2,2,0,40.0,0.0,0.0,0.65942,0.65942,0.0,REQ,33553920.0,,,,0.0,0.0,0.0,0
1180754,3.04791,3.04791,3.04791,3.04791,3.04791,3.04791,tcp,0.0,,cs0,,64.0,,0.0,,Start,3,3,0,222,222,0,74.0,0.0,388.462921,388.462921,0.0,2,2,0,40.0,0.0,0.0,0.656187,0.656187,0.0,REQ,33553920.0,,,,0.0,0.0,0.0,0
1180799,4.078764,4.078764,4.078764,4.078764,4.078764,4.078764,udp,0.0,,cs0,,64.0,,0.0,,Start,5,5,0,6460,6460,0,1292.0,0.0,10136.4043,10136.4043,0.0,0,0,0,0.0,,,0.980689,0.980689,0.0,INT,,,,,0.0,0.0,0.0,0
1180891,3.039865,3.039865,3.039865,3.039865,3.039865,3.039865,tcp,0.0,,cs0,,64.0,,0.0,,Start,3,3,0,222,222,0,74.0,0.0,389.490967,389.490967,0.0,2,2,0,40.0,0.0,0.0,0.657924,0.657924,0.0,REQ,33553920.0,,,,0.0,0.0,0.0,0
1180903,3.013002,3.013002,3.013002,3.013002,3.013002,3.013002,tcp,0.0,,cs0,,64.0,,0.0,,Start,3,3,0,222,222,0,74.0,0.0,392.963562,392.963562,0.0,2,2,0,40.0,0.0,0.0,0.66379,0.66379,0.0,REQ,33553920.0,,,,0.0,0.0,0.0,0
1180905,0.0,0.0,0.0,0.0,0.0,0.0,tcp,0.0,,cs0,,64.0,,0.0,,Status,1,1,0,74,74,0,74.0,0.0,0.0,0.0,0.0,1,1,0,50.0,0.0,0.0,0.0,0.0,0.0,REQ,33553920.0,,,,0.0,0.0,0.0,0
1181067,0.143485,0.143485,0.143485,0.143485,0.143485,0.143485,tcp,0.0,0.0,cs0,cs0,64.0,53.0,0.0,11.0,Start,15,8,7,6764,1117,5647,139.625,806.714294,324438.0938,54528.35156,269909.75,0,0,0,0.0,0.0,0.0,97.571175,48.785587,41.816219,CON,77312.0,66816.0,,,0.034672,0.020777,0.013895,0
1181076,0.0,0.0,0.0,0.0,0.0,0.0,udp,0.0,,cs0,,249.0,,7.0,,Start,1,1,0,64,64,0,64.0,0.0,0.0,0.0,0.0,0,0,0,0.0,,,0.0,0.0,0.0,INT,,,610.0,,0.0,0.0,0.0,0
1181140,0.0,0.0,0.0,0.0,0.0,0.0,udp,0.0,,cs0,,249.0,,7.0,,Start,1,1,0,74,74,0,74.0,0.0,0.0,0.0,0.0,0,0,0,0.0,,,0.0,0.0,0.0,INT,,,610.0,,0.0,0.0,0.0,0
1181145,0.0,0.0,0.0,0.0,0.0,0.0,udp,0.0,,cs0,,249.0,,7.0,,Start,1,1,0,74,74,0,74.0,0.0,0.0,0.0,0.0,0,0,0,0.0,,,0.0,0.0,0.0,INT,,,610.0,,0.0,0.0,0.0,0
1181164,0.0,0.0,0.0,0.0,0.0,0.0,udp,0.0,,cs0,,249.0,,7.0,,Start,1,1,0,74,74,0,74.0,0.0,0.0,0.0,0.0,0,0,0,0.0,,,0.0,0.0,0.0,INT,,,610.0,,0.0,0.0,0.0,0
1181173,0.0,0.0,0.0,0.0,0.0,0.0,udp,0.0,,cs0,,249.0,,7.0,,Start,1,1,0,74,74,0,74.0,0.0,0.0,0.0,0.0,0,0,0,0.0,,,0.0,0.0,0.0,INT,,,610.0,,0.0,0.0,0.0,0
1181319,0.0,0.0,0.0,0.0,0.0,0.0,udp,0.0,,cs0,,249.0,,7.0,,Start,1,1,0,74,74,0,74.0,0.0,0.0,0.0,0.0,0,0,0,0.0,,,0.0,0.0,0.0,INT,,,610.0,,0.0,0.0,0.0,0
1181330,0.0,0.0,0.0,0.0,0.0,0.0,udp,0.0,,cs0,,249.0,,7.0,,Start,1,1,0,74,74,0,74.0,0.0,0.0,0.0,0.0,0,0,0,0.0,,,0.0,0.0,0.0,INT,,,610.0,,0.0,0.0,0.0,0
1181446,0.0,0.0,0.0,0.0,0.0,0.0,udp,0.0,,cs0,,249.0,,7.0,,Start,1,1,0,74,74,0,74.0,0.0,0.0,0.0,0.0,0,0,0,0.0,,,0.0,0.0,0.0,INT,,,610.0,,0.0,0.0,0.0,0
1181468,0.0,0.0,0.0,0.0,0.0,0.0,udp,0.0,,cs0,,249.0,,7.0,,Start,1,1,0,74,74,0,74.0,0.0,0.0,0.0,0.0,0,0,0,0.0,,,0.0,0.0,0.0,INT,,,610.0,,0.0,0.0,0.0,0
1181487,0.145307,0.145307,0.145307,0.145307,0.145307,0.145307,udp,0.0,0.0,cs0,cs0,64.0,53.0,0.0,11.0,Status,16,9,7,8612,6344,2268,704.888916,324.0,417543.5313,310514.9688,107028.5625,0,0,0,0.0,,,103.229713,55.055847,41.291885,CON,,,,,0.0,0.0,0.0,0
1181540,0.0,0.0,0.0,0.0,0.0,0.0,udp,0.0,,cs0,,249.0,,7.0,,Start,1,1,0,74,74,0,74.0,0.0,0.0,0.0,0.0,0,0,0,0.0,,,0.0,0.0,0.0,INT,,,610.0,,0.0,0.0,0.0,0
1181584,0.0,0.0,0.0,0.0,0.0,0.0,udp,0.0,,cs0,,249.0,,7.0,,Start,1,1,0,74,74,0,74.0,0.0,0.0,0.0,0.0,0,0,0,0.0,,,0.0,0.0,0.0,INT,,,610.0,,0.0,0.0,0.0,0
1181628,0.0,0.0,0.0,0.0,0.0,0.0,udp,0.0,,cs0,,249.0,,7.0,,Start,1,1,0,74,74,0,74.0,0.0,0.0,0.0,0.0,0,0,0,0.0,,,0.0,0.0,0.0,INT,,,610.0,,0.0,0.0,0.0,0
1181633,0.0,0.0,0.0,0.0,0.0,0.0,udp,0.0,,cs0,,249.0,,7.0,,Start,1,1,0,74,74,0,74.0,0.0,0.0,0.0,0.0,0,0,0,0.0,,,0.0,0.0,0.0,INT,,,610.0,,0.0,0.0,0.0,0
1181636,0.0,0.0,0.0,0.0,0.0,0.0,udp,0.0,,cs0,,249.0,,7.0,,Start,1,1,0,74,74,0,74.0,0.0,0.0,0.0,0.0,0,0,0,0.0,,,0.0,0.0,0.0,INT,,,610.0,,0.0,0.0,0.0,0
1181643,0.0,0.0,0.0,0.0,0.0,0.0,udp,0.0,,cs0,,249.0,,7.0,,Start,1,1,0,74,74,0,74.0,0.0,0.0,0.0,0.0,0,0,0,0.0,,,0.0,0.0,0.0,INT,,,610.0,,0.0,0.0,0.0,0
1181672,0.0,0.0,0.0,0.0,0.0,0.0,udp,0.0,,cs0,,249.0,,7.0,,Start,1,1,0,74,74,0,74.0,0.0,0.0,0.0,0.0,0,0,0,0.0,,,0.0,0.0,0.0,INT,,,610.0,,0.0,0.0,0.0,0
1181696,0.0,0.0,0.0,0.0,0.0,0.0,udp,0.0,,cs0,,249.0,,7.0,,Start,1,1,0,74,74,0,74.0,0.0,0.0,0.0,0.0,0,0,0,0.0,,,0.0,0.0,0.0,INT,,,610.0,,0.0,0.0,0.0,0
1181742,0.0,0.0,0.0,0.0,0.0,0.0,udp,0.0,,cs0,,249.0,,7.0,,Start,1,1,0,74,74,0,74.0,0.0,0.0,0.0,0.0,0,0,0,0.0,,,0.0,0.0,0.0,INT,,,610.0,,0.0,0.0,0.0,0
1181784,0.0,0.0,0.0,0.0,0.0,0.0,udp,0.0,,cs0,,249.0,,7.0,,Start,1,1,0,74,74,0,74.0,0.0,0.0,0.0,0.0,0,0,0,0.0,,,0.0,0.0,0.0,INT,,,610.0,,0.0,0.0,0.0,0
1181892,0.0,0.0,0.0,0.0,0.0,0.0,udp,0.0,,cs0,,249.0,,7.0,,Start,1,1,0,74,74,0,74.0,0.0,0.0,0.0,0.0,0,0,0,0.0,,,0.0,0.0,0.0,INT,,,610.0,,0.0,0.0,0.0,0
1181920,0.0,0.0,0.0,0.0,0.0,0.0,udp,0.0,,cs0,,249.0,,7.0,,Start,1,1,0,74,74,0,74.0,0.0,0.0,0.0,0.0,0,0,0,0.0,,,0.0,0.0,0.0,INT,,,610.0,,0.0,0.0,0.0,0
1181939,0.0,0.0,0.0,0.0,0.0,0.0,udp,0.0,,cs0,,249.0,,7.0,,Start,1,1,0,74,74,0,74.0,0.0,0.0,0.0,0.0,0,0,0,0.0,,,0.0,0.0,0.0,INT,,,610.0,,0.0,0.0,0.0,0
1181942,0.0,0.0,0.0,0.0,0.0,0.0,udp,0.0,,cs0,,249.0,,7.0,,Start,1,1,0,74,74,0,74.0,0.0,0.0,0.0,0.0,0,0,0,0.0,,,0.0,0.0,0.0,INT,,,610.0,,0.0,0.0,0.0,0
1181997,0.0,0.0,0.0,0.0,0.0,0.0,udp,0.0,,cs0,,249.0,,7.0,,Start,1,1,0,74,74,0,74.0,0.0,0.0,0.0,0.0,0,0,0,0.0,,,0.0,0.0,0.0,INT,,,610.0,,0.0,0.0,0.0,0
1182039,0.0,0.0,0.0,0.0,0.0,0.0,udp,0.0,,cs0,,249.0,,7.0,,Start,1,1,0,74,74,0,74.0,0.0,0.0,0.0,0.0,0,0,0,0.0,,,0.0,0.0,0.0,INT,,,610.0,,0.0,0.0,0.0,0
1182145,0.0,0.0,0.0,0.0,0.0,0.0,udp,0.0,,cs0,,249.0,,7.0,,Start,1,1,0,74,74,0,74.0,0.0,0.0,0.0,0.0,0,0,0,0.0,,,0.0,0.0,0.0,INT,,,610.0,,0.0,0.0,0.0,0
1182163,0.0,0.0,0.0,0.0,0.0,0.0,udp,0.0,,cs0,,249.0,,7.0,,Start,1,1,0,74,74,0,74.0,0.0,0.0,0.0,0.0,0,0,0,0.0,,,0.0,0.0,0.0,INT,,,610.0,,0.0,0.0,0.0,0
1182200,0.0,0.0,0.0,0.0,0.0,0.0,udp,0.0,,cs0,,249.0,,7.0,,Start,1,1,0,74,74,0,74.0,0.0,0.0,0.0,0.0,0,0,0,0.0,,,0.0,0.0,0.0,INT,,,610.0,,0.0,0.0,0.0,0
1182222,0.0,0.0,0.0,0.0,0.0,0.0,udp,0.0,,cs0,,249.0,,7.0,,Start,1,1,0,74,74,0,74.0,0.0,0.0,0.0,0.0,0,0,0,0.0,,,0.0,0.0,0.0,INT,,,610.0,,0.0,0.0,0.0,0
1182243,0.0,0.0,0.0,0.0,0.0,0.0,udp,0.0,,cs0,,249.0,,7.0,,Start,1,1,0,74,74,0,74.0,0.0,0.0,0.0,0.0,0,0,0,0.0,,,0.0,0.0,0.0,INT,,,610.0,,0.0,0.0,0.0,0
1182287,0.0,0.0,0.0,0.0,0.0,0.0,udp,0.0,,cs0,,249.0,,7.0,,Start,1,1,0,74,74,0,74.0,0.0,0.0,0.0,0.0,0,0,0,0.0,,,0.0,0.0,0.0,INT,,,610.0,,0.0,0.0,0.0,0
1182288,0.0,0.0,0.0,0.0,0.0,0.0,udp,0.0,,cs0,,249.0,,7.0,,Start,1,1,0,74,74,0,74.0,0.0,0.0,0.0,0.0,0,0,0,0.0,,,0.0,0.0,0.0,INT,,,610.0,,0.0,0.0,0.0,0
1182309,0.0,0.0,0.0,0.0,0.0,0.0,udp,0.0,,cs0,,249.0,,7.0,,Start,1,1,0,74,74,0,74.0,0.0,0.0,0.0,0.0,0,0,0,0.0,,,0.0,0.0,0.0,INT,,,610.0,,0.0,0.0,0.0,0
1182383,0.0,0.0,0.0,0.0,0.0,0.0,udp,0.0,,cs0,,249.0,,7.0,,Start,1,1,0,74,74,0,74.0,0.0,0.0,0.0,0.0,0,0,0,0.0,,,0.0,0.0,0.0,INT,,,610.0,,0.0,0.0,0.0,0
1182402,0.0,0.0,0.0,0.0,0.0,0.0,udp,0.0,,cs0,,249.0,,7.0,,Start,1,1,0,74,74,0,74.0,0.0,0.0,0.0,0.0,0,0,0,0.0,,,0.0,0.0,0.0,INT,,,610.0,,0.0,0.0,0.0,0
1182450,0.0,0.0,0.0,0.0,0.0,0.0,udp,0.0,,cs0,,249.0,,7.0,,Start,1,1,0,74,74,0,74.0,0.0,0.0,0.0,0.0,0,0,0,0.0,,,0.0,0.0,0.0,INT,,,610.0,,0.0,0.0,0.0,0
1182453,0.0,0.0,0.0,0.0,0.0,0.0,udp,0.0,,cs0,,249.0,,7.0,,Start,1,1,0,74,74,0,74.0,0.0,0.0,0.0,0.0,0,0,0,0.0,,,0.0,0.0,0.0,INT,,,610.0,,0.0,0.0,0.0,0
1182464,0.0,0.0,0.0,0.0,0.0,0.0,udp,0.0,,cs0,,249.0,,7.0,,Start,1,1,0,74,74,0,74.0,0.0,0.0,0.0,0.0,0,0,0,0.0,,,0.0,0.0,0.0,INT,,,610.0,,0.0,0.0,0.0,0
1182548,0.0,0.0,0.0,0.0,0.0,0.0,udp,0.0,,cs0,,249.0,,7.0,,Start,1,1,0,74,74,0,74.0,0.0,0.0,0.0,0.0,0,0,0,0.0,,,0.0,0.0,0.0,INT,,,610.0,,0.0,0.0,0.0,0
1182572,0.0,0.0,0.0,0.0,0.0,0.0,udp,0.0,,cs0,,249.0,,7.0,,Start,1,1,0,74,74,0,74.0,0.0,0.0,0.0,0.0,0,0,0,0.0,,,0.0,0.0,0.0,INT,,,610.0,,0.0,0.0,0.0,0
1182645,0.0,0.0,0.0,0.0,0.0,0.0,udp,0.0,,cs0,,249.0,,7.0,,Start,1,1,0,74,74,0,74.0,0.0,0.0,0.0,0.0,0,0,0,0.0,,,0.0,0.0,0.0,INT,,,610.0,,0.0,0.0,0.0,0
1182647,0.0,0.0,0.0,0.0,0.0,0.0,udp,0.0,,cs0,,249.0,,7.0,,Start,1,1,0,74,74,0,74.0,0.0,0.0,0.0,0.0,0,0,0,0.0,,,0.0,0.0,0.0,INT,,,610.0,,0.0,0.0,0.0,0
1182711,0.0,0.0,0.0,0.0,0.0,0.0,udp,0.0,,cs0,,249.0,,7.0,,Start,1,1,0,74,74,0,74.0,0.0,0.0,0.0,0.0,0,0,0,0.0,,,0.0,0.0,0.0,INT,,,610.0,,0.0,0.0,0.0,0
1182748,0.0,0.0,0.0,0.0,0.0,0.0,udp,0.0,,cs0,,249.0,,7.0,,Start,1,1,0,74,74,0,74.0,0.0,0.0,0.0,0.0,0,0,0,0.0,,,0.0,0.0,0.0,INT,,,610.0,,0.0,0.0,0.0,0
1182749,0.0,0.0,0.0,0.0,0.0,0.0,udp,0.0,,cs0,,249.0,,7.0,,Start,1,1,0,74,74,0,74.0,0.0,0.0,0.0,0.0,0,0,0,0.0,,,0.0,0.0,0.0,INT,,,610.0,,0.0,0.0,0.0,0
1182753,0.0,0.0,0.0,0.0,0.0,0.0,udp,0.0,,cs0,,249.0,,7.0,,Start,1,1,0,74,74,0,74.0,0.0,0.0,0.0,0.0,0,0,0,0.0,,,0.0,0.0,0.0,INT,,,610.0,,0.0,0.0,0.0,0
1182803,0.0,0.0,0.0,0.0,0.0,0.0,udp,0.0,,cs0,,249.0,,7.0,,Start,1,1,0,74,74,0,74.0,0.0,0.0,0.0,0.0,0,0,0,0.0,,,0.0,0.0,0.0,INT,,,610.0,,0.0,0.0,0.0,0
1182811,0.0,0.0,0.0,0.0,0.0,0.0,udp,0.0,,cs0,,249.0,,7.0,,Start,1,1,0,74,74,0,74.0,0.0,0.0,0.0,0.0,0,0,0,0.0,,,0.0,0.0,0.0,INT,,,610.0,,0.0,0.0,0.0,0
1182815,4.988995,4.988995,4.988995,4.988995,4.988995,4.988995,udp,0.0,0.0,cs0,cs0,64.0,117.0,0.0,11.0,Status,111,10,101,136760,3433,133327,343.299988,1320.069336,216632.0,4954.905762,211677.0938,0,0,0,0.0,,,22.048529,1.80397,20.044117,CON,,,,,0.0,0.0,0.0,0
1182821,0.0,0.0,0.0,0.0,0.0,0.0,udp,0.0,,cs0,,249.0,,7.0,,Start,1,1,0,74,74,0,74.0,0.0,0.0,0.0,0.0,0,0,0,0.0,,,0.0,0.0,0.0,INT,,,610.0,,0.0,0.0,0.0,0
1182914,4.99916,4.99916,4.99916,4.99916,4.99916,4.99916,udp,0.0,0.0,cs0,cs0,117.0,64.0,11.0,0.0,Status,212,205,7,255562,251476,4086,1226.712158,583.714294,406073.0313,400467.2813,5605.742188,0,0,0,0.0,,,42.207092,40.806858,1.200202,CON,,,,,0.0,0.0,0.0,0
1182920,0.092022,0.092022,0.092022,0.092022,0.092022,0.092022,udp,0.0,0.0,cs0,cs0,64.0,117.0,0.0,11.0,Status,11,6,5,1580,1226,354,204.333328,70.800003,113538.0625,88848.32031,24689.74805,0,0,0,0.0,,,108.669662,54.334831,43.467865,CON,,,,,0.0,0.0,0.0,0
1182982,0.133002,0.133002,0.133002,0.133002,0.133002,0.133002,tcp,0.0,0.0,cs0,cs0,64.0,62.0,0.0,2.0,Start,15,8,7,5258,939,4319,117.375,617.0,272116.2188,49442.86719,222673.3438,0,0,0,0.0,0.0,0.0,105.261574,52.630787,45.112103,CON,75776.0,31104.0,,,0.015997,0.001182,0.014815,0
1182985,0.065745,0.065745,0.065745,0.065745,0.065745,0.065745,udp,0.0,0.0,cs0,cs0,64.0,52.0,0.0,12.0,Start,9,5,4,5599,3681,1918,736.200012,479.5,533455.0,358354.2188,175100.7656,0,0,0,0.0,,,121.682251,60.841125,45.630844,CON,,,,,0.0,0.0,0.0,0
1183080,0.002214,0.002214,0.002214,0.002214,0.002214,0.002214,udp,0.0,48.0,cs0,af12,64.0,62.0,0.0,2.0,Start,2,1,1,239,89,150,89.0,150.0,0.0,0.0,0.0,0,0,0,0.0,,,451.671173,0.0,0.0,CON,,,,,0.0,0.0,0.0,0
1183117,0.092787,0.092787,0.092787,0.092787,0.092787,0.092787,udp,0.0,0.0,cs0,cs0,64.0,53.0,0.0,11.0,Status,8,4,4,2909,2585,324,646.25,81.0,188129.8125,167178.5938,20951.21094,0,0,0,0.0,,,75.441605,32.332115,32.332115,CON,,,,,0.0,0.0,0.0,0
1183163,4.945117,4.945117,4.945117,4.945117,4.945117,4.945117,udp,0.0,0.0,cs0,cs0,117.0,64.0,11.0,0.0,Status,185,175,10,239768,236339,3429,1350.508545,342.899994,385149.2188,380155.2188,4994.01709,0,0,0,0.0,,,37.208424,35.186226,1.819977,CON,,,,,0.0,0.0,0.0,0
1183260,4.999081,4.999081,4.999081,4.999081,4.999081,4.999081,udp,0.0,0.0,cs0,cs0,117.0,64.0,11.0,0.0,Status,128,122,6,154486,150467,4019,1233.33606,669.833313,244179.2813,238818.2813,5360.985352,0,0,0,0.0,,,25.404669,24.204449,1.000184,CON,,,,,0.0,0.0,0.0,0
1183284,0.212858,0.212858,0.212858,0.212858,0.212858,0.212858,tcp,0.0,0.0,cs0,cs0,64.0,62.0,0.0,2.0,Start,13,7,6,1820,851,969,121.571426,161.5,57803.79297,27436.13086,30367.66211,0,0,0,0.0,0.0,0.0,56.37561,28.187805,23.489838,CON,68096.0,31104.0,,,0.015996,0.001246,0.01475,0
1183347,4.998759,4.998759,4.998759,4.998759,4.998759,4.998759,udp,0.0,0.0,cs0,cs0,117.0,64.0,11.0,0.0,Status,407,392,15,541451,537651,3800,1371.558716,253.333328,863937.6875,858261.0625,5676.609375,0,0,0,0.0,,,81.220161,78.219414,2.800695,CON,,,,,0.0,0.0,0.0,0
1183355,0.18799,0.18799,0.18799,0.18799,0.18799,0.18799,udp,0.0,0.0,cs0,cs0,64.0,53.0,0.0,11.0,Start,24,12,12,12167,7498,4669,624.833313,389.083344,474663.5625,292526.2188,182137.3594,0,0,0,0.0,,,122.346939,58.513752,58.513752,CON,,,,,0.0,0.0,0.0,0
1183379,4.995726,4.995726,4.995726,4.995726,4.995726,4.995726,udp,0.0,0.0,cs0,cs0,117.0,64.0,11.0,0.0,Status,294,273,21,378861,372571,6290,1364.728882,299.523804,604033.125,594439.3125,9593.800781,0,0,0,0.0,,,58.650131,54.446541,4.003422,CON,,,,,0.0,0.0,0.0,0
1183392,4.939224,4.939224,4.939224,4.939224,4.939224,4.939224,udp,0.0,0.0,cs0,cs0,117.0,64.0,11.0,0.0,Status,151,149,2,189059,187105,1954,1255.738281,977.0,302601.4063,301018.9688,1582.434937,0,0,0,0.0,,,30.369144,29.964222,0.202461,CON,,,,,0.0,0.0,0.0,0
1184214,4.999437,4.999437,4.999437,4.999437,4.999437,4.999437,udp,0.0,0.0,cs0,cs0,117.0,64.0,11.0,0.0,Status,263,249,14,317659,311256,6403,1250.024048,457.357147,505580.1563,496065.4688,9514.671875,0,0,0,0.0,,,52.405903,49.605587,2.600293,CON,,,,,0.0,0.0,0.0,0
1185857,4.968271,4.968271,4.968271,4.968271,4.968271,4.968271,udp,0.0,0.0,cs0,cs0,117.0,64.0,11.0,0.0,Status,197,186,11,239908,233563,6345,1255.715088,576.818176,383355.9063,374066.5625,9289.348633,0,0,0,0.0,,,39.450344,37.236298,2.012773,CON,,,,,0.0,0.0,0.0,0
1190865,0.052886,0.052886,0.052886,0.052886,0.052886,0.052886,udp,0.0,0.0,cs0,cs0,64.0,117.0,0.0,11.0,Status,4,2,2,447,309,138,154.5,69.0,33884.20313,23446.6582,10437.54492,0,0,0,0.0,,,56.725784,18.908596,18.908596,CON,,,,,0.0,0.0,0.0,0
1192701,0.199206,0.199206,0.199206,0.199206,0.199206,0.199206,udp,0.0,0.0,cs0,cs0,64.0,53.0,0.0,11.0,Start,24,12,12,12223,7498,4725,624.833313,393.75,450026.625,276055.9375,173970.6719,0,0,0,0.0,,,115.458374,55.219223,55.219223,CON,,,,,0.0,0.0,0.0,0
1193571,4.998115,4.998115,4.998115,4.998115,4.998115,4.998115,udp,0.0,0.0,cs0,cs0,117.0,64.0,11.0,0.0,Status,152,140,12,191760,188185,3575,1344.178589,297.916656,304305.125,299058.3438,5246.777832,0,0,0,0.0,,,30.21139,27.810484,2.20083,CON,,,,,0.0,0.0,0.0,0
1194450,0.060892,0.060892,0.060892,0.060892,0.060892,0.060892,udp,0.0,0.0,cs0,cs0,64.0,117.0,0.0,11.0,Status,4,2,2,447,309,138,154.5,69.0,29429.15234,20363.92188,9065.230469,0,0,0,0.0,,,49.267555,16.422518,16.422518,CON,,,,,0.0,0.0,0.0,0
1197906,4.999474,4.999474,4.999474,4.999474,4.999474,4.999474,udp,0.0,0.0,cs0,cs0,117.0,64.0,11.0,0.0,Status,119,106,13,143334,139044,4290,1311.73584,330.0,226732.6563,220395.9844,6336.666504,0,0,0,0.0,,,23.602482,21.002209,2.400253,CON,,,,,0.0,0.0,0.0,0
1198373,0.000486,0.000486,0.000486,0.000486,0.000486,0.000486,sctp,186.0,40.0,ef,af11,255.0,250.0,1.0,6.0,Status,2,1,1,192,94,98,94.0,98.0,0.0,0.0,0.0,0,0,0,0.0,,,2057.613037,0.0,0.0,CON,,,,610.0,0.0,0.0,0.0,0
1198612,0.187638,0.187638,0.187638,0.187638,0.187638,0.187638,udp,0.0,0.0,cs0,cs0,64.0,53.0,0.0,11.0,Start,24,12,12,12113,7500,4613,625.0,384.416656,473422.2188,293117.5938,180304.625,0,0,0,0.0,,,122.576454,58.62352,58.62352,CON,,,,,0.0,0.0,0.0,0
1199737,4.95137,4.95137,4.95137,4.95137,4.95137,4.95137,udp,0.0,0.0,cs0,cs0,117.0,64.0,11.0,0.0,Status,117,105,12,143244,139668,3576,1330.171387,298.0,228811.0313,223514.7188,5296.312012,0,0,0,0.0,,,23.42786,21.00429,2.221607,CON,,,,,0.0,0.0,0.0,0
1201186,2.483072,2.483072,2.483072,2.483072,2.483072,2.483072,sctp,186.0,186.0,ef,ef,252.0,255.0,4.0,1.0,Status,4,2,2,392,200,192,100.0,96.0,631.47583,322.181549,309.294281,0,0,0,0.0,,,1.208181,0.402727,0.402727,CON,,,610.0,,0.0,0.0,0.0,0
1204362,2.992695,2.992695,2.992695,2.992695,2.992695,2.992695,tcp,136.0,,af41,,255.0,,1.0,,Start,3,3,0,222,222,0,74.0,0.0,395.630005,395.630005,0.0,2,2,0,40.0,0.0,0.0,0.668294,0.668294,0.0,REQ,3737600.0,,,,0.0,0.0,0.0,0
1204687,0.061988,0.061988,0.061988,0.061988,0.061988,0.061988,udp,0.0,0.0,cs0,cs0,64.0,117.0,0.0,11.0,Status,4,2,2,438,300,138,150.0,69.0,28263.53516,19358.58594,8904.949219,0,0,0,0.0,,,48.396465,16.132154,16.132154,CON,,,,,0.0,0.0,0.0,0
1204949,0.13428,0.13428,0.13428,0.13428,0.13428,0.13428,udp,0.0,0.0,cs0,cs0,117.0,64.0,11.0,0.0,Status,62,55,7,74321,71084,3237,1292.436401,462.428558,4323324.5,4157998.25,165326.1875,0,0,0,0.0,,,454.274658,402.144775,44.682755,CON,,,,,0.0,0.0,0.0,0
1208594,0.053004,0.053004,0.053004,0.053004,0.053004,0.053004,udp,0.0,0.0,cs0,cs0,64.0,117.0,0.0,11.0,Status,4,2,2,438,300,138,150.0,69.0,33054.10938,22639.80078,10414.30859,0,0,0,0.0,,,56.599503,18.866501,18.866501,CON,,,,,0.0,0.0,0.0,0
1210116,4.997886,4.997886,4.997886,4.997886,4.997886,4.997886,udp,0.0,0.0,cs0,cs0,117.0,64.0,11.0,0.0,Status,57,51,6,65618,61599,4019,1207.823486,669.833313,102030.3359,96668.07031,5362.26709,0,0,0,0.0,,,11.204737,10.00423,1.000423,CON,,,,,0.0,0.0,0.0,0
1210970,3.916833,3.916833,3.916833,3.916833,3.916833,3.916833,sctp,186.0,186.0,ef,ef,252.0,255.0,4.0,1.0,Status,4,2,2,392,200,192,100.0,96.0,400.323425,204.246643,196.076782,0,0,0,0.0,,,0.765925,0.255308,0.255308,CON,,,610.0,,0.0,0.0,0.0,0
1213548,0.0,0.0,0.0,0.0,0.0,0.0,sctp,186.0,40.0,ef,af11,255.0,250.0,1.0,6.0,Status,2,1,1,232,114,118,114.0,118.0,0.0,0.0,0.0,0,0,0,0.0,,,0.0,0.0,0.0,CON,,,,610.0,0.0,0.0,0.0,0
1214045,4.999224,4.999224,4.999224,4.999224,4.999224,4.999224,udp,0.0,0.0,cs0,cs0,117.0,64.0,11.0,0.0,Status,165,157,8,197346,193182,4164,1230.458618,520.5,313002.1875,307170.875,5831.304688,0,0,0,0.0,,,32.805092,31.204842,1.400217,CON,,,,,0.0,0.0,0.0,0
1214090,0.052883,0.052883,0.052883,0.052883,0.052883,0.052883,udp,0.0,0.0,cs0,cs0,64.0,117.0,0.0,11.0,Status,4,2,2,438,300,138,150.0,69.0,33129.73828,22691.60352,10438.13672,0,0,0,0.0,,,56.729008,18.909668,18.909668,CON,,,,,0.0,0.0,0.0,0
1214093,4.976467,4.976467,4.976467,4.976467,4.976467,4.976467,udp,0.0,0.0,cs0,cs0,117.0,64.0,11.0,0.0,Status,174,164,10,224588,221152,3436,1348.487793,343.600006,358321.6563,353349.4688,4972.202148,0,0,0,0.0,,,34.763618,32.754158,1.808512,CON,,,,,0.0,0.0,0.0,0
1214126,0.0,0.0,0.0,0.0,0.0,0.0,udp,0.0,,cs0,,249.0,,7.0,,Start,1,1,0,64,64,0,64.0,0.0,0.0,0.0,0.0,0,0,0,0.0,,,0.0,0.0,0.0,INT,,,610.0,,0.0,0.0,0.0,0
1214135,4.981503,4.981503,4.981503,4.981503,4.981503,4.981503,udp,0.0,0.0,cs0,cs0,117.0,64.0,11.0,0.0,Status,144,136,8,172819,168654,4165,1240.102905,520.625,274710.6563,268857.0,5853.654785,0,0,0,0.0,,,28.706196,27.100254,1.405198,CON,,,,,0.0,0.0,0.0,0
1214166,2.034491,2.034491,2.034491,2.034491,2.034491,2.034491,udp,0.0,0.0,cs0,cs0,117.0,64.0,11.0,0.0,Status,171,152,19,202342,197607,4735,1300.046021,249.210526,789555.6875,771915.875,17639.79297,0,0,0,0.0,,,83.558983,74.220039,8.847422,CON,,,,,0.0,0.0,0.0,0
1214172,4.633733,4.633733,4.633733,4.633733,4.633733,4.633733,udp,0.0,0.0,cs0,cs0,64.0,53.0,0.0,11.0,Status,33,14,19,4977,3389,1588,242.071426,83.578949,8031.537598,5433.200684,2598.337158,0,0,0,0.0,,,6.905879,2.805514,3.884557,CON,,,,,0.0,0.0,0.0,0
1214250,4.996813,4.996813,4.996813,4.996813,4.996813,4.996813,udp,0.0,0.0,cs0,cs0,117.0,64.0,11.0,0.0,Status,37,35,2,43584,42790,794,1222.571411,397.0,67186.82031,66551.21875,635.605164,0,0,0,0.0,,,7.204592,6.804338,0.200128,CON,,,,,0.0,0.0,0.0,0
1214402,4.983534,4.983534,4.983534,4.983534,4.983534,4.983534,udp,0.0,0.0,cs0,cs0,117.0,64.0,11.0,0.0,Status,185,170,15,225823,220872,4951,1299.24707,330.066681,359895.625,352477.5938,7418.029297,0,0,0,0.0,,,36.921593,33.911678,2.809252,CON,,,,,0.0,0.0,0.0,0
1214437,0.000272,0.000272,0.000272,0.000272,0.000272,0.000272,udp,224.0,184.0,cs7,ef,250.0,255.0,6.0,1.0,Start,2,1,1,124,64,60,64.0,60.0,0.0,0.0,0.0,0,0,0,0.0,,,3676.470459,0.0,0.0,CON,,,610.0,,0.0,0.0,0.0,0
1214475,0.0,0.0,0.0,0.0,0.0,0.0,sctp,186.0,40.0,ef,af11,255.0,250.0,1.0,6.0,Status,2,1,1,232,114,118,114.0,118.0,0.0,0.0,0.0,0,0,0,0.0,,,0.0,0.0,0.0,CON,,,,610.0,0.0,0.0,0.0,0
1214481,0.093659,0.093659,0.093659,0.093659,0.093659,0.093659,udp,0.0,0.0,cs0,cs0,64.0,53.0,0.0,11.0,Status,7,3,4,1016,678,338,226.0,84.5,60303.87109,38608.14453,21695.72656,0,0,0,0.0,,,64.062187,21.354061,32.031094,CON,,,,,0.0,0.0,0.0,0
1214492,0.072975,0.072975,0.072975,0.072975,0.072975,0.072975,udp,0.0,0.0,cs0,cs0,64.0,117.0,0.0,11.0,Status,4,2,2,438,300,138,150.0,69.0,24008.21875,16443.98633,7564.233887,0,0,0,0.0,,,41.109966,13.703322,13.703322,CON,,,,,0.0,0.0,0.0,0
1214508,0.093884,0.093884,0.093884,0.093884,0.093884,0.093884,udp,0.0,0.0,cs0,cs0,64.0,53.0,0.0,11.0,Status,7,3,4,1012,674,338,224.666672,84.5,59988.92188,38345.19141,21643.73047,0,0,0,0.0,,,63.908653,21.302885,31.954327,CON,,,,,0.0,0.0,0.0,0
1214609,2.996362,2.996362,2.996362,2.996362,2.996362,2.996362,tcp,136.0,,af41,,255.0,,1.0,,Start,3,3,0,222,222,0,74.0,0.0,395.145844,395.145844,0.0,2,2,0,40.0,0.0,0.0,0.667476,0.667476,0.0,REQ,3737600.0,,,,0.0,0.0,0.0,0
1214639,0.001291,0.001291,0.001291,0.001291,0.001291,0.001291,tcp,0.0,0.0,cs0,cs0,64.0,63.0,0.0,1.0,Status,2,1,1,132,66,66,66.0,66.0,0.0,0.0,0.0,0,0,0,0.0,0.0,0.0,774.593323,0.0,0.0,CON,75776.0,31104.0,,,0.01501,0.001162,0.013848,0
1214684,0.0,0.0,0.0,0.0,0.0,0.0,udp,0.0,,cs0,,249.0,,7.0,,Start,1,1,0,74,74,0,74.0,0.0,0.0,0.0,0.0,0,0,0,0.0,,,0.0,0.0,0.0,INT,,,610.0,,0.0,0.0,0.0,0
1214792,3.644969,3.644969,3.644969,3.644969,3.644969,3.644969,sctp,186.0,40.0,ef,af11,255.0,250.0,1.0,6.0,Status,16,8,8,4016,780,3236,97.5,404.5,7714.743164,1499.05249,6215.690918,0,0,0,0.0,,,4.115262,1.920455,1.920455,CON,,,,610.0,0.0,0.0,0.0,0
1214838,0.000221,0.000221,0.000221,0.000221,0.000221,0.000221,udp,224.0,184.0,cs7,ef,250.0,255.0,6.0,1.0,Start,2,1,1,124,64,60,64.0,60.0,0.0,0.0,0.0,0,0,0,0.0,,,4524.887207,0.0,0.0,CON,,,610.0,,0.0,0.0,0.0,0
1214844,0.0,0.0,0.0,0.0,0.0,0.0,sctp,186.0,40.0,ef,af11,255.0,250.0,1.0,6.0,Status,2,1,1,232,114,118,114.0,118.0,0.0,0.0,0.0,0,0,0,0.0,,,0.0,0.0,0.0,CON,,,,610.0,0.0,0.0,0.0,0
1214856,0.000645,0.000645,0.000645,0.000645,0.000645,0.000645,sctp,186.0,40.0,ef,af11,255.0,250.0,1.0,6.0,Status,2,1,1,192,94,98,94.0,98.0,0.0,0.0,0.0,0,0,0,0.0,,,1550.387573,0.0,0.0,CON,,,,610.0,0.0,0.0,0.0,0
1214985,0.0,0.0,0.0,0.0,0.0,0.0,udp,0.0,,cs0,,249.0,,7.0,,Start,1,1,0,64,64,0,64.0,0.0,0.0,0.0,0.0,0,0,0,0.0,,,0.0,0.0,0.0,INT,,,610.0,,0.0,0.0,0.0,0
1215005,0.016999,0.016999,0.016999,0.016999,0.016999,0.016999,tcp,0.0,0.0,cs0,cs0,64.0,63.0,0.0,1.0,Status,8,4,4,583,295,288,73.75,72.0,206129.7656,104476.7266,101653.0313,0,0,0,0.0,0.0,0.0,411.78891,176.480957,176.480957,FIN,82944.0,33280.0,,,0.017071,0.001168,0.015903,0
1215019,0.071926,0.071926,0.071926,0.071926,0.071926,0.071926,udp,0.0,0.0,cs0,cs0,64.0,53.0,0.0,11.0,Start,9,5,4,5549,3479,2070,695.799988,517.5,482384.6875,309651.5938,172733.0938,0,0,0,0.0,,,111.225433,55.612717,41.709538,CON,,,,,0.0,0.0,0.0,0
1215069,0.0,0.0,0.0,0.0,0.0,0.0,udp,0.0,,cs0,,249.0,,7.0,,Start,1,1,0,74,74,0,74.0,0.0,0.0,0.0,0.0,0,0,0,0.0,,,0.0,0.0,0.0,INT,,,610.0,,0.0,0.0,0.0,0
1215097,9e-05,9e-05,9e-05,9e-05,9e-05,9e-05,sctp,186.0,186.0,ef,ef,252.0,255.0,4.0,1.0,Status,2,1,1,200,102,98,102.0,98.0,0.0,0.0,0.0,0,0,0,0.0,,,11111.11133,0.0,0.0,CON,,,610.0,,0.0,0.0,0.0,0
1215134,1.603341,1.603341,1.603341,1.603341,1.603341,1.603341,sctp,186.0,186.0,ef,ef,252.0,255.0,4.0,1.0,Status,4,2,2,392,200,192,100.0,96.0,977.957886,498.95813,478.999786,0,0,0,0.0,,,1.871093,0.623698,0.623698,CON,,,610.0,,0.0,0.0,0.0,0
1215138,0.05874,0.05874,0.05874,0.05874,0.05874,0.05874,tcp,0.0,0.0,cs0,cs0,52.0,64.0,12.0,0.0,Start,7,4,3,498,264,234,66.0,78.0,48212.46094,26966.29102,21246.16992,0,0,0,0.0,0.0,0.0,102.145042,51.072521,34.048347,FIN,265.0,133.0,,,0.0,0.0,0.0,0
1215181,0.0,0.0,0.0,0.0,0.0,0.0,sctp,186.0,186.0,ef,ef,252.0,255.0,4.0,1.0,Status,2,1,1,192,98,94,98.0,94.0,0.0,0.0,0.0,0,0,0,0.0,,,0.0,0.0,0.0,CON,,,610.0,,0.0,0.0,0.0,0
1215281,0.0,0.0,0.0,0.0,0.0,0.0,udp,0.0,,cs0,,249.0,,7.0,,Start,1,1,0,64,64,0,64.0,0.0,0.0,0.0,0.0,0,0,0,0.0,,,0.0,0.0,0.0,INT,,,610.0,,0.0,0.0,0.0,0
1215303,0.0,0.0,0.0,0.0,0.0,0.0,udp,0.0,,cs0,,249.0,,7.0,,Start,1,1,0,74,74,0,74.0,0.0,0.0,0.0,0.0,0,0,0,0.0,,,0.0,0.0,0.0,INT,,,610.0,,0.0,0.0,0.0,0
1215359,0.0,0.0,0.0,0.0,0.0,0.0,udp,0.0,,cs0,,249.0,,7.0,,Start,1,1,0,74,74,0,74.0,0.0,0.0,0.0,0.0,0,0,0,0.0,,,0.0,0.0,0.0,INT,,,610.0,,0.0,0.0,0.0,0
1215415,0.0,0.0,0.0,0.0,0.0,0.0,udp,0.0,,cs0,,249.0,,7.0,,Start,1,1,0,74,74,0,74.0,0.0,0.0,0.0,0.0,0,0,0,0.0,,,0.0,0.0,0.0,INT,,,610.0,,0.0,0.0,0.0,0
1215460,0.795268,0.795268,0.795268,0.795268,0.795268,0.795268,sctp,186.0,40.0,ef,af11,255.0,250.0,1.0,6.0,Status,8,4,4,3236,352,2884,88.0,721.0,24414.41211,2655.708496,21758.70313,0,0,0,0.0,,,8.802064,3.772313,3.772313,CON,,,,610.0,0.0,0.0,0.0,0
1215501,0.046475,0.046475,0.046475,0.046475,0.046475,0.046475,tcp,0.0,0.0,cs0,cs0,53.0,64.0,11.0,0.0,Start,3,2,1,210,132,78,66.0,78.0,11360.94629,11360.94629,0.0,0,0,0,0.0,0.0,0.0,43.03389,21.516945,0.0,FIN,305.0,238.0,,,0.0,0.0,0.0,0
1215539,8.6e-05,8.6e-05,8.6e-05,8.6e-05,8.6e-05,8.6e-05,sctp,186.0,186.0,ef,ef,252.0,255.0,4.0,1.0,Status,2,1,1,200,102,98,102.0,98.0,0.0,0.0,0.0,0,0,0,0.0,,,11627.90723,0.0,0.0,CON,,,610.0,,0.0,0.0,0.0,0
1215554,0.64617,0.64617,0.64617,0.64617,0.64617,0.64617,sctp,186.0,40.0,ef,af11,255.0,250.0,1.0,6.0,Status,8,4,4,3236,352,2884,88.0,721.0,30047.81836,3268.489502,26779.33008,0,0,0,0.0,,,10.833062,4.642741,4.642741,CON,,,,610.0,0.0,0.0,0.0,0
1215560,0.0,0.0,0.0,0.0,0.0,0.0,sctp,186.0,40.0,ef,af11,255.0,250.0,1.0,6.0,Status,2,1,1,232,114,118,114.0,118.0,0.0,0.0,0.0,0,0,0,0.0,,,0.0,0.0,0.0,CON,,,,610.0,0.0,0.0,0.0,0
1215565,0.203206,0.203206,0.203206,0.203206,0.203206,0.203206,sctp,186.0,40.0,ef,af11,255.0,250.0,1.0,6.0,Status,4,2,2,364,192,172,96.0,86.0,7165.142578,3779.416016,3385.726807,0,0,0,0.0,,,14.763344,4.921114,4.921114,CON,,,,610.0,0.0,0.0,0.0,0
1215612,0.23082,0.23082,0.23082,0.23082,0.23082,0.23082,sctp,186.0,40.0,ef,af11,255.0,250.0,1.0,6.0,Status,6,3,3,3056,290,2766,96.666664,922.0,70635.125,6723.854004,63911.27344,0,0,0,0.0,,,21.661901,8.664761,8.664761,CON,,,,610.0,0.0,0.0,0.0,0
1215617,0.0,0.0,0.0,0.0,0.0,0.0,sctp,186.0,186.0,ef,ef,252.0,255.0,4.0,1.0,Status,2,1,1,192,98,94,98.0,94.0,0.0,0.0,0.0,0,0,0,0.0,,,0.0,0.0,0.0,CON,,,610.0,,0.0,0.0,0.0,0
1215682,0.0,0.0,0.0,0.0,0.0,0.0,udp,0.0,,cs0,,249.0,,7.0,,Start,1,1,0,74,74,0,74.0,0.0,0.0,0.0,0.0,0,0,0,0.0,,,0.0,0.0,0.0,INT,,,610.0,,0.0,0.0,0.0,0
1215729,0.0,0.0,0.0,0.0,0.0,0.0,udp,0.0,,cs0,,249.0,,7.0,,Start,1,1,0,64,64,0,64.0,0.0,0.0,0.0,0.0,0,0,0,0.0,,,0.0,0.0,0.0,INT,,,610.0,,0.0,0.0,0.0,0
1215775,0.000103,0.000103,0.000103,0.000103,0.000103,0.000103,sctp,186.0,186.0,ef,ef,252.0,255.0,4.0,1.0,Status,2,1,1,200,102,98,102.0,98.0,0.0,0.0,0.0,0,0,0,0.0,,,9708.738281,0.0,0.0,CON,,,610.0,,0.0,0.0,0.0,0
1215808,0.051611,0.051611,0.051611,0.051611,0.051611,0.051611,tcp,0.0,0.0,cs0,cs0,53.0,64.0,11.0,0.0,Start,7,4,3,498,264,234,66.0,78.0,54872.02344,30691.13281,24180.89258,0,0,0,0.0,0.0,0.0,116.254288,58.127144,38.751431,FIN,305.0,289.0,,,0.0,0.0,0.0,0
1215827,2.994243,2.994243,2.994243,2.994243,2.994243,2.994243,tcp,136.0,,af41,,255.0,,1.0,,Start,3,3,0,222,222,0,74.0,0.0,395.425507,395.425507,0.0,2,2,0,40.0,0.0,0.0,0.667948,0.667948,0.0,REQ,3737600.0,,,,0.0,0.0,0.0,0
1215834,1.371943,1.371943,1.371943,1.371943,1.371943,1.371943,sctp,186.0,40.0,ef,af11,255.0,250.0,1.0,6.0,Status,8,4,4,3236,352,2884,88.0,721.0,14152.19141,1539.422607,12612.76856,0,0,0,0.0,,,5.102253,2.18668,2.18668,CON,,,,610.0,0.0,0.0,0.0,0
36,0.129166,0.129166,0.129166,0.129166,0.129166,0.129166,udp,0.0,0.0,cs0,cs0,64.0,117.0,0.0,11.0,Start,8,4,4,879,603,276,150.75,69.0,40877.62891,28056.91797,12820.71094,0,0,0,0.0,,,54.193825,23.225925,23.225925,CON,,,,,0.0,0.0,0.0,0
2069,0.066054,0.066054,0.066054,0.066054,0.066054,0.066054,udp,0.0,0.0,cs0,cs0,64.0,117.0,0.0,11.0,Start,4,2,2,446,308,138,154.0,69.0,27008.20508,18651.40625,8356.798828,0,0,0,0.0,,,45.417385,15.139129,15.139129,CON,,,,,0.0,0.0,0.0,0
2073,0.0,0.0,0.0,0.0,0.0,0.0,icmp,0.0,,cs0,,58.0,,6.0,,Start,1,1,0,98,98,0,98.0,0.0,0.0,0.0,0.0,0,0,0,0.0,,,0.0,0.0,0.0,ECO,,,,,0.0,0.0,0.0,0
2178,0.152858,0.152858,0.152858,0.152858,0.152858,0.152858,udp,0.0,0.0,cs0,cs0,64.0,52.0,0.0,12.0,Start,19,10,9,7315,4297,3018,429.700012,335.333344,342854.1563,202436.25,140417.9063,0,0,0,0.0,,,117.756348,58.878174,52.336155,CON,,,,,0.0,0.0,0.0,0
2202,0.063894,0.063894,0.063894,0.063894,0.063894,0.063894,udp,0.0,0.0,cs0,cs0,64.0,117.0,0.0,11.0,Status,4,2,2,447,309,138,154.5,69.0,28046.45117,19407.14258,8639.308594,0,0,0,0.0,,,46.952763,15.650921,15.650921,CON,,,,,0.0,0.0,0.0,0
2224,4.987151,4.987151,4.987151,4.987151,4.987151,4.987151,udp,0.0,0.0,cs0,cs0,117.0,64.0,11.0,0.0,Status,135,122,13,167878,163822,4056,1342.803223,312.0,266643.625,260637.7813,6005.833496,0,0,0,0.0,,,26.869047,24.262348,2.406183,CON,,,,,0.0,0.0,0.0,0
4344,0.063955,0.063955,0.063955,0.063955,0.063955,0.063955,udp,0.0,0.0,cs0,cs0,64.0,117.0,0.0,11.0,Status,4,2,2,437,299,138,149.5,69.0,27394.26172,18763.19336,8631.068359,0,0,0,0.0,,,46.907982,15.635994,15.635994,CON,,,,,0.0,0.0,0.0,0
4365,0.0,0.0,0.0,0.0,0.0,0.0,icmp,0.0,,cs0,,58.0,,6.0,,Start,1,1,0,98,98,0,98.0,0.0,0.0,0.0,0.0,0,0,0,0.0,,,0.0,0.0,0.0,ECO,,,,,0.0,0.0,0.0,0
4406,0.0,0.0,0.0,0.0,0.0,0.0,sctp,186.0,186.0,ef,ef,255.0,252.0,1.0,4.0,Status,2,1,1,200,98,102,98.0,102.0,0.0,0.0,0.0,0,0,0,0.0,,,0.0,0.0,0.0,CON,,,,610.0,0.0,0.0,0.0,0
4439,0.0,0.0,0.0,0.0,0.0,0.0,icmp,0.0,,cs0,,58.0,,6.0,,Start,1,1,0,98,98,0,98.0,0.0,0.0,0.0,0.0,0,0,0,0.0,,,0.0,0.0,0.0,ECO,,,,,0.0,0.0,0.0,0
4441,0.0,0.0,0.0,0.0,0.0,0.0,icmp,0.0,,cs0,,58.0,,6.0,,Start,1,1,0,98,98,0,98.0,0.0,0.0,0.0,0.0,0,0,0,0.0,,,0.0,0.0,0.0,ECO,,,,,0.0,0.0,0.0,0
6579,0.0,0.0,0.0,0.0,0.0,0.0,icmp,0.0,,cs0,,58.0,,6.0,,Start,1,1,0,98,98,0,98.0,0.0,0.0,0.0,0.0,0,0,0,0.0,,,0.0,0.0,0.0,ECO,,,,,0.0,0.0,0.0,0
8726,0.0,0.0,0.0,0.0,0.0,0.0,icmp,0.0,,cs0,,58.0,,6.0,,Start,1,1,0,98,98,0,98.0,0.0,0.0,0.0,0.0,0,0,0,0.0,,,0.0,0.0,0.0,ECO,,,,,0.0,0.0,0.0,0
8767,0.092948,0.092948,0.092948,0.092948,0.092948,0.092948,udp,0.0,0.0,cs0,cs0,64.0,53.0,0.0,11.0,Status,8,5,3,4694,3185,1509,637.0,503.0,305891.4688,219305.4219,86586.04688,0,0,0,0.0,,,75.310928,43.034817,21.517408,CON,,,,,0.0,0.0,0.0,0
8781,0.07388,0.07388,0.07388,0.07388,0.07388,0.07388,udp,0.0,0.0,cs0,cs0,64.0,117.0,0.0,11.0,Status,4,2,2,437,299,138,149.5,69.0,23714.13086,16242.55469,7471.575195,0,0,0,0.0,,,40.606388,13.535462,13.535462,CON,,,,,0.0,0.0,0.0,0
8808,0.0,0.0,0.0,0.0,0.0,0.0,icmp,0.0,,cs0,,58.0,,6.0,,Start,1,1,0,98,98,0,98.0,0.0,0.0,0.0,0.0,0,0,0,0.0,,,0.0,0.0,0.0,ECO,,,,,0.0,0.0,0.0,0
8980,0.075991,0.075991,0.075991,0.075991,0.075991,0.075991,udp,0.0,0.0,cs0,cs0,64.0,117.0,0.0,11.0,Status,4,2,2,438,300,138,150.0,69.0,23055.36328,15791.34473,7264.018555,0,0,0,0.0,,,39.478359,13.159453,13.159453,CON,,,,,0.0,0.0,0.0,0
9042,0.0,0.0,0.0,0.0,0.0,0.0,icmp,0.0,,cs0,,58.0,,6.0,,Start,1,1,0,98,98,0,98.0,0.0,0.0,0.0,0.0,0,0,0,0.0,,,0.0,0.0,0.0,ECO,,,,,0.0,0.0,0.0,0
9087,0.221966,0.221966,0.221966,0.221966,0.221966,0.221966,udp,0.0,0.0,cs0,cs0,117.0,64.0,11.0,0.0,Status,117,105,12,145411,140759,4652,1340.56189,387.666656,5178595.0,5024877.5,153717.2344,0,0,0,0.0,,,522.602539,468.540222,49.55714,CON,,,,,0.0,0.0,0.0,0
9102,0.200991,0.200991,0.200991,0.200991,0.200991,0.200991,udp,0.0,0.0,cs0,cs0,64.0,53.0,0.0,11.0,Start,23,13,10,13171,8366,4805,643.538452,480.5,479543.8438,307396.8438,172147.0,0,0,0,0.0,,,109.457634,59.704163,44.778122,CON,,,,,0.0,0.0,0.0,0
11175,0.0,0.0,0.0,0.0,0.0,0.0,icmp,0.0,,cs0,,58.0,,6.0,,Start,1,1,0,98,98,0,98.0,0.0,0.0,0.0,0.0,0,0,0,0.0,,,0.0,0.0,0.0,ECO,,,,,0.0,0.0,0.0,0
11272,4.998831,4.998831,4.998831,4.998831,4.998831,4.998831,udp,0.0,0.0,cs0,cs0,117.0,64.0,11.0,0.0,Status,102,85,17,107256,102452,4804,1205.317627,282.588226,169269.9844,162033.0938,7236.89209,0,0,0,0.0,,,20.204725,16.80393,3.200748,CON,,,,,0.0,0.0,0.0,0
11291,0.0,0.0,0.0,0.0,0.0,0.0,icmp,0.0,,cs0,,58.0,,6.0,,Start,1,1,0,98,98,0,98.0,0.0,0.0,0.0,0.0,0,0,0,0.0,,,0.0,0.0,0.0,ECO,,,,,0.0,0.0,0.0,0
11351,4.997286,4.997286,4.997286,4.997286,4.997286,4.997286,udp,0.0,0.0,cs0,cs0,117.0,64.0,11.0,0.0,Status,214,191,23,261632,256347,5285,1342.130859,229.782608,416323.5938,408229.5938,8093.993652,0,0,0,0.0,,,42.623138,38.020638,4.40239,CON,,,,,0.0,0.0,0.0,0
11409,0.051443,0.051443,0.051443,0.051443,0.051443,0.051443,udp,0.0,0.0,cs0,cs0,64.0,117.0,0.0,11.0,Status,6,3,3,730,530,200,176.666672,66.666664,75889.82031,55051.22266,20838.59766,0,0,0,0.0,,,97.194954,38.877983,38.877983,CON,,,,,0.0,0.0,0.0,0
11433,4.968714,4.968714,4.968714,4.968714,4.968714,4.968714,udp,0.0,0.0,cs0,cs0,117.0,64.0,11.0,0.0,Status,138,119,19,160077,156083,3994,1311.621826,210.210526,255286.9688,249194.4531,6092.521973,0,0,0,0.0,,,27.572525,23.748598,3.622668,CON,,,,,0.0,0.0,0.0,0
11499,0.285593,0.285593,0.285593,0.285593,0.285593,0.285593,udp,0.0,0.0,cs0,cs0,117.0,64.0,11.0,0.0,Status,148,129,19,177686,173202,4484,1342.651123,236.0,4933118.0,4814123.5,118994.5156,0,0,0,0.0,,,514.718506,448.190247,63.026752,CON,,,,,0.0,0.0,0.0,0
11610,0.0,0.0,0.0,0.0,0.0,0.0,tcp,0.0,,cs0,,63.0,,1.0,,Start,1,1,0,74,74,0,74.0,0.0,0.0,0.0,0.0,0,0,0,0.0,0.0,0.0,0.0,0.0,0.0,REQ,0.0,,,,0.0,0.0,0.0,1
11640,0.0,0.0,0.0,0.0,0.0,0.0,tcp,0.0,,cs0,,63.0,,1.0,,Start,1,1,0,74,74,0,74.0,0.0,0.0,0.0,0.0,0,0,0,0.0,0.0,0.0,0.0,0.0,0.0,REQ,0.0,,,,0.0,0.0,0.0,1
11666,0.0,0.0,0.0,0.0,0.0,0.0,tcp,0.0,,cs0,,63.0,,1.0,,Start,1,1,0,74,74,0,74.0,0.0,0.0,0.0,0.0,0,0,0,0.0,0.0,0.0,0.0,0.0,0.0,REQ,0.0,,,,0.0,0.0,0.0,1
11668,0.0,0.0,0.0,0.0,0.0,0.0,tcp,0.0,,cs0,,63.0,,1.0,,Start,1,1,0,74,74,0,74.0,0.0,0.0,0.0,0.0,0,0,0,0.0,0.0,0.0,0.0,0.0,0.0,REQ,0.0,,,,0.0,0.0,0.0,1
11718,0.0,0.0,0.0,0.0,0.0,0.0,tcp,0.0,,cs0,,63.0,,1.0,,Start,1,1,0,74,74,0,74.0,0.0,0.0,0.0,0.0,0,0,0,0.0,0.0,0.0,0.0,0.0,0.0,REQ,0.0,,,,0.0,0.0,0.0,1
11741,4.997526,4.997526,4.997526,4.997526,4.997526,4.997526,udp,0.0,0.0,cs0,cs0,117.0,64.0,11.0,0.0,Status,189,174,15,237179,232970,4209,1338.908081,280.600006,377084.1563,370794.6563,6289.511719,0,0,0,0.0,,,37.618614,34.617126,2.801386,CON,,,,,0.0,0.0,0.0,0
11817,0.0,0.0,0.0,0.0,0.0,0.0,tcp,0.0,,cs0,,63.0,,1.0,,Start,1,1,0,74,74,0,74.0,0.0,0.0,0.0,0.0,0,0,0,0.0,0.0,0.0,0.0,0.0,0.0,REQ,0.0,,,,0.0,0.0,0.0,1
12026,0.0,0.0,0.0,0.0,0.0,0.0,tcp,0.0,,cs0,,63.0,,1.0,,Start,1,1,0,74,74,0,74.0,0.0,0.0,0.0,0.0,0,0,0,0.0,0.0,0.0,0.0,0.0,0.0,REQ,0.0,,,,0.0,0.0,0.0,1
12077,0.0,0.0,0.0,0.0,0.0,0.0,tcp,0.0,,cs0,,63.0,,1.0,,Start,1,1,0,74,74,0,74.0,0.0,0.0,0.0,0.0,0,0,0,0.0,0.0,0.0,0.0,0.0,0.0,REQ,0.0,,,,0.0,0.0,0.0,1
12086,0.0,0.0,0.0,0.0,0.0,0.0,tcp,0.0,,cs0,,63.0,,1.0,,Start,1,1,0,74,74,0,74.0,0.0,0.0,0.0,0.0,0,0,0,0.0,0.0,0.0,0.0,0.0,0.0,REQ,0.0,,,,0.0,0.0,0.0,1
12216,0.0,0.0,0.0,0.0,0.0,0.0,tcp,0.0,,cs0,,63.0,,1.0,,Start,1,1,0,74,74,0,74.0,0.0,0.0,0.0,0.0,0,0,0,0.0,0.0,0.0,0.0,0.0,0.0,REQ,0.0,,,,0.0,0.0,0.0,1
12366,0.0,0.0,0.0,0.0,0.0,0.0,tcp,0.0,,cs0,,63.0,,1.0,,Start,1,1,0,74,74,0,74.0,0.0,0.0,0.0,0.0,0,0,0,0.0,0.0,0.0,0.0,0.0,0.0,REQ,6127488.0,,,,0.0,0.0,0.0,1
12369,0.0,0.0,0.0,0.0,0.0,0.0,tcp,0.0,,cs0,,63.0,,1.0,,Start,1,1,0,74,74,0,74.0,0.0,0.0,0.0,0.0,0,0,0,0.0,0.0,0.0,0.0,0.0,0.0,REQ,8379648.0,,,,0.0,0.0,0.0,1
12404,0.0,0.0,0.0,0.0,0.0,0.0,tcp,0.0,,cs0,,63.0,,1.0,,Start,1,1,0,74,74,0,74.0,0.0,0.0,0.0,0.0,0,0,0,0.0,0.0,0.0,0.0,0.0,0.0,REQ,6127488.0,,,,0.0,0.0,0.0,1
12434,0.0,0.0,0.0,0.0,0.0,0.0,tcp,0.0,,cs0,,63.0,,1.0,,Start,1,1,0,74,74,0,74.0,0.0,0.0,0.0,0.0,0,0,0,0.0,0.0,0.0,0.0,0.0,0.0,REQ,6127488.0,,,,0.0,0.0,0.0,1
12474,0.132943,0.132943,0.132943,0.132943,0.132943,0.132943,tcp,0.0,0.0,cs0,cs0,64.0,53.0,0.0,11.0,Status,10,5,5,2096,921,1175,184.199997,235.0,100915.4297,44349.83203,56565.59375,0,0,0,0.0,0.0,0.0,67.698181,30.088081,30.088081,CON,1474.0,827.0,,,0.0,0.0,0.0,0
12478,0.0,0.0,0.0,0.0,0.0,0.0,tcp,0.0,,cs0,,63.0,,1.0,,Start,1,1,0,74,74,0,74.0,0.0,0.0,0.0,0.0,0,0,0,0.0,0.0,0.0,0.0,0.0,0.0,REQ,0.0,,,,0.0,0.0,0.0,1
12497,0.0,0.0,0.0,0.0,0.0,0.0,tcp,0.0,,cs0,,63.0,,1.0,,Start,1,1,0,74,74,0,74.0,0.0,0.0,0.0,0.0,0,0,0,0.0,0.0,0.0,0.0,0.0,0.0,REQ,0.0,,,,0.0,0.0,0.0,1
12539,0.0,0.0,0.0,0.0,0.0,0.0,tcp,0.0,,cs0,,63.0,,1.0,,Start,1,1,0,74,74,0,74.0,0.0,0.0,0.0,0.0,0,0,0,0.0,0.0,0.0,0.0,0.0,0.0,REQ,0.0,,,,0.0,0.0,0.0,1
12563,0.0,0.0,0.0,0.0,0.0,0.0,tcp,0.0,,cs0,,63.0,,1.0,,Start,1,1,0,74,74,0,74.0,0.0,0.0,0.0,0.0,0,0,0,0.0,0.0,0.0,0.0,0.0,0.0,REQ,0.0,,,,0.0,0.0,0.0,1
12579,0.0,0.0,0.0,0.0,0.0,0.0,tcp,0.0,,cs0,,63.0,,1.0,,Start,1,1,0,74,74,0,74.0,0.0,0.0,0.0,0.0,0,0,0,0.0,0.0,0.0,0.0,0.0,0.0,REQ,0.0,,,,0.0,0.0,0.0,1
12581,0.0,0.0,0.0,0.0,0.0,0.0,tcp,0.0,,cs0,,63.0,,1.0,,Start,1,1,0,74,74,0,74.0,0.0,0.0,0.0,0.0,0,0,0,0.0,0.0,0.0,0.0,0.0,0.0,REQ,0.0,,,,0.0,0.0,0.0,1
12589,0.0,0.0,0.0,0.0,0.0,0.0,tcp,0.0,,cs0,,63.0,,1.0,,Start,1,1,0,74,74,0,74.0,0.0,0.0,0.0,0.0,0,0,0,0.0,0.0,0.0,0.0,0.0,0.0,REQ,0.0,,,,0.0,0.0,0.0,1
12611,0.0,0.0,0.0,0.0,0.0,0.0,tcp,0.0,,cs0,,63.0,,1.0,,Start,1,1,0,74,74,0,74.0,0.0,0.0,0.0,0.0,0,0,0,0.0,0.0,0.0,0.0,0.0,0.0,REQ,0.0,,,,0.0,0.0,0.0,1
12645,0.0,0.0,0.0,0.0,0.0,0.0,tcp,0.0,,cs0,,63.0,,1.0,,Start,1,1,0,74,74,0,74.0,0.0,0.0,0.0,0.0,0,0,0,0.0,0.0,0.0,0.0,0.0,0.0,REQ,0.0,,,,0.0,0.0,0.0,1
12668,0.0,0.0,0.0,0.0,0.0,0.0,tcp,0.0,,cs0,,63.0,,1.0,,Start,1,1,0,74,74,0,74.0,0.0,0.0,0.0,0.0,0,0,0,0.0,0.0,0.0,0.0,0.0,0.0,REQ,0.0,,,,0.0,0.0,0.0,1
12718,0.0,0.0,0.0,0.0,0.0,0.0,tcp,0.0,,cs0,,63.0,,1.0,,Start,1,1,0,74,74,0,74.0,0.0,0.0,0.0,0.0,0,0,0,0.0,0.0,0.0,0.0,0.0,0.0,REQ,0.0,,,,0.0,0.0,0.0,1
12749,0.0,0.0,0.0,0.0,0.0,0.0,tcp,0.0,,cs0,,63.0,,1.0,,Start,1,1,0,74,74,0,74.0,0.0,0.0,0.0,0.0,0,0,0,0.0,0.0,0.0,0.0,0.0,0.0,REQ,0.0,,,,0.0,0.0,0.0,1
12764,0.0,0.0,0.0,0.0,0.0,0.0,tcp,0.0,,cs0,,63.0,,1.0,,Start,1,1,0,74,74,0,74.0,0.0,0.0,0.0,0.0,0,0,0,0.0,0.0,0.0,0.0,0.0,0.0,REQ,0.0,,,,0.0,0.0,0.0,1
12794,0.0,0.0,0.0,0.0,0.0,0.0,tcp,0.0,,cs0,,63.0,,1.0,,Start,1,1,0,74,74,0,74.0,0.0,0.0,0.0,0.0,0,0,0,0.0,0.0,0.0,0.0,0.0,0.0,REQ,0.0,,,,0.0,0.0,0.0,1
12816,0.0,0.0,0.0,0.0,0.0,0.0,tcp,0.0,,cs0,,63.0,,1.0,,Start,1,1,0,74,74,0,74.0,0.0,0.0,0.0,0.0,0,0,0,0.0,0.0,0.0,0.0,0.0,0.0,REQ,0.0,,,,0.0,0.0,0.0,1
12850,0.0,0.0,0.0,0.0,0.0,0.0,tcp,0.0,,cs0,,63.0,,1.0,,Start,1,1,0,74,74,0,74.0,0.0,0.0,0.0,0.0,0,0,0,0.0,0.0,0.0,0.0,0.0,0.0,REQ,0.0,,,,0.0,0.0,0.0,1
12888,0.0,0.0,0.0,0.0,0.0,0.0,tcp,0.0,,cs0,,63.0,,1.0,,Start,1,1,0,74,74,0,74.0,0.0,0.0,0.0,0.0,0,0,0,0.0,0.0,0.0,0.0,0.0,0.0,REQ,0.0,,,,0.0,0.0,0.0,1
12902,0.0,0.0,0.0,0.0,0.0,0.0,tcp,0.0,,cs0,,63.0,,1.0,,Start,1,1,0,74,74,0,74.0,0.0,0.0,0.0,0.0,0,0,0,0.0,0.0,0.0,0.0,0.0,0.0,REQ,0.0,,,,0.0,0.0,0.0,1
12933,0.0,0.0,0.0,0.0,0.0,0.0,tcp,0.0,,cs0,,63.0,,1.0,,Start,1,1,0,74,74,0,74.0,0.0,0.0,0.0,0.0,0,0,0,0.0,0.0,0.0,0.0,0.0,0.0,REQ,0.0,,,,0.0,0.0,0.0,1
12951,0.0,0.0,0.0,0.0,0.0,0.0,tcp,0.0,,cs0,,63.0,,1.0,,Start,1,1,0,74,74,0,74.0,0.0,0.0,0.0,0.0,0,0,0,0.0,0.0,0.0,0.0,0.0,0.0,REQ,0.0,,,,0.0,0.0,0.0,1
12959,0.0,0.0,0.0,0.0,0.0,0.0,tcp,0.0,,cs0,,63.0,,1.0,,Start,1,1,0,74,74,0,74.0,0.0,0.0,0.0,0.0,0,0,0,0.0,0.0,0.0,0.0,0.0,0.0,REQ,0.0,,,,0.0,0.0,0.0,1
12991,0.0,0.0,0.0,0.0,0.0,0.0,tcp,0.0,,cs0,,63.0,,1.0,,Start,1,1,0,74,74,0,74.0,0.0,0.0,0.0,0.0,0,0,0,0.0,0.0,0.0,0.0,0.0,0.0,REQ,0.0,,,,0.0,0.0,0.0,1
13123,0.0,0.0,0.0,0.0,0.0,0.0,tcp,0.0,,cs0,,63.0,,1.0,,Start,1,1,0,74,74,0,74.0,0.0,0.0,0.0,0.0,0,0,0,0.0,0.0,0.0,0.0,0.0,0.0,REQ,0.0,,,,0.0,0.0,0.0,1
13135,0.0,0.0,0.0,0.0,0.0,0.0,tcp,0.0,,cs0,,63.0,,1.0,,Start,1,1,0,74,74,0,74.0,0.0,0.0,0.0,0.0,0,0,0,0.0,0.0,0.0,0.0,0.0,0.0,REQ,0.0,,,,0.0,0.0,0.0,1
13145,0.0,0.0,0.0,0.0,0.0,0.0,tcp,0.0,,cs0,,63.0,,1.0,,Start,1,1,0,74,74,0,74.0,0.0,0.0,0.0,0.0,0,0,0,0.0,0.0,0.0,0.0,0.0,0.0,REQ,0.0,,,,0.0,0.0,0.0,1
13213,0.0,0.0,0.0,0.0,0.0,0.0,tcp,0.0,,cs0,,63.0,,1.0,,Start,1,1,0,74,74,0,74.0,0.0,0.0,0.0,0.0,0,0,0,0.0,0.0,0.0,0.0,0.0,0.0,REQ,3211520.0,,,,0.0,0.0,0.0,1
13235,0.0,0.0,0.0,0.0,0.0,0.0,tcp,0.0,,cs0,,63.0,,1.0,,Start,1,1,0,74,74,0,74.0,0.0,0.0,0.0,0.0,0,0,0,0.0,0.0,0.0,0.0,0.0,0.0,REQ,3211520.0,,,,0.0,0.0,0.0,1
13242,0.0,0.0,0.0,0.0,0.0,0.0,tcp,0.0,,cs0,,63.0,,1.0,,Start,1,1,0,74,74,0,74.0,0.0,0.0,0.0,0.0,0,0,0,0.0,0.0,0.0,0.0,0.0,0.0,REQ,78080.0,,,,0.0,0.0,0.0,1
13250,0.0,0.0,0.0,0.0,0.0,0.0,tcp,0.0,,cs0,,63.0,,1.0,,Start,1,1,0,74,74,0,74.0,0.0,0.0,0.0,0.0,0,0,0,0.0,0.0,0.0,0.0,0.0,0.0,REQ,78080.0,,,,0.0,0.0,0.0,1
13301,0.0,0.0,0.0,0.0,0.0,0.0,tcp,0.0,,cs0,,63.0,,1.0,,Start,1,1,0,74,74,0,74.0,0.0,0.0,0.0,0.0,0,0,0,0.0,0.0,0.0,0.0,0.0,0.0,REQ,3211520.0,,,,0.0,0.0,0.0,1
13323,0.0,0.0,0.0,0.0,0.0,0.0,tcp,0.0,,cs0,,63.0,,1.0,,Start,1,1,0,74,74,0,74.0,0.0,0.0,0.0,0.0,0,0,0,0.0,0.0,0.0,0.0,0.0,0.0,REQ,3211520.0,,,,0.0,0.0,0.0,1
13370,0.0,0.0,0.0,0.0,0.0,0.0,tcp,0.0,,cs0,,63.0,,1.0,,Start,1,1,0,74,74,0,74.0,0.0,0.0,0.0,0.0,0,0,0,0.0,0.0,0.0,0.0,0.0,0.0,REQ,78080.0,,,,0.0,0.0,0.0,1
13406,0.0,0.0,0.0,0.0,0.0,0.0,tcp,0.0,,cs0,,63.0,,1.0,,Start,1,1,0,74,74,0,74.0,0.0,0.0,0.0,0.0,0,0,0,0.0,0.0,0.0,0.0,0.0,0.0,REQ,0.0,,,,0.0,0.0,0.0,1
13431,0.0,0.0,0.0,0.0,0.0,0.0,tcp,0.0,,cs0,,63.0,,1.0,,Start,1,1,0,74,74,0,74.0,0.0,0.0,0.0,0.0,0,0,0,0.0,0.0,0.0,0.0,0.0,0.0,REQ,0.0,,,,0.0,0.0,0.0,1
13442,0.0,0.0,0.0,0.0,0.0,0.0,tcp,0.0,,cs0,,63.0,,1.0,,Start,1,1,0,74,74,0,74.0,0.0,0.0,0.0,0.0,0,0,0,0.0,0.0,0.0,0.0,0.0,0.0,REQ,0.0,,,,0.0,0.0,0.0,1
13465,0.0,0.0,0.0,0.0,0.0,0.0,tcp,0.0,,cs0,,63.0,,1.0,,Start,1,1,0,74,74,0,74.0,0.0,0.0,0.0,0.0,0,0,0,0.0,0.0,0.0,0.0,0.0,0.0,REQ,0.0,,,,0.0,0.0,0.0,1
13516,0.0,0.0,0.0,0.0,0.0,0.0,tcp,0.0,,cs0,,63.0,,1.0,,Start,1,1,0,74,74,0,74.0,0.0,0.0,0.0,0.0,0,0,0,0.0,0.0,0.0,0.0,0.0,0.0,REQ,0.0,,,,0.0,0.0,0.0,1
13571,0.0,0.0,0.0,0.0,0.0,0.0,icmp,0.0,,cs0,,58.0,,6.0,,Start,1,1,0,98,98,0,98.0,0.0,0.0,0.0,0.0,0,0,0,0.0,,,0.0,0.0,0.0,ECO,,,,,0.0,0.0,0.0,0
13606,0.0,0.0,0.0,0.0,0.0,0.0,icmp,0.0,,cs0,,58.0,,6.0,,Start,1,1,0,98,98,0,98.0,0.0,0.0,0.0,0.0,0,0,0,0.0,,,0.0,0.0,0.0,ECO,,,,,0.0,0.0,0.0,0
13622,0.053186,0.053186,0.053186,0.053186,0.053186,0.053186,udp,0.0,0.0,cs0,cs0,64.0,117.0,0.0,11.0,Status,4,2,2,438,300,138,150.0,69.0,32941.0,22562.32813,10378.6709,0,0,0,0.0,,,56.405823,18.801941,18.801941,CON,,,,,0.0,0.0,0.0,0
13638,4.9856,4.9856,4.9856,4.9856,4.9856,4.9856,udp,0.0,0.0,cs0,cs0,117.0,64.0,11.0,0.0,Status,133,126,7,157551,155270,2281,1232.301636,325.857147,250311.2969,247172.6563,3138.639404,0,0,0,0.0,,,26.476252,25.072208,1.203466,CON,,,,,0.0,0.0,0.0,0
13655,0.001448,0.001448,0.001448,0.001448,0.001448,0.001448,udp,0.0,48.0,cs0,af12,64.0,63.0,0.0,1.0,Start,2,1,1,239,89,150,89.0,150.0,0.0,0.0,0.0,0,0,0,0.0,,,690.607727,0.0,0.0,CON,,,,,0.0,0.0,0.0,0
13671,0.0,0.0,0.0,0.0,0.0,0.0,icmp,0.0,,cs0,,58.0,,6.0,,Start,1,1,0,98,98,0,98.0,0.0,0.0,0.0,0.0,0,0,0,0.0,,,0.0,0.0,0.0,ECO,,,,,0.0,0.0,0.0,0
13713,0.0,0.0,0.0,0.0,0.0,0.0,icmp,0.0,,cs0,,58.0,,6.0,,Start,1,1,0,98,98,0,98.0,0.0,0.0,0.0,0.0,0,0,0,0.0,,,0.0,0.0,0.0,ECO,,,,,0.0,0.0,0.0,0
13724,0.052992,0.052992,0.052992,0.052992,0.052992,0.052992,udp,0.0,0.0,cs0,cs0,64.0,117.0,0.0,11.0,Status,6,3,3,732,530,202,176.666672,67.333336,73822.46094,53442.02734,20380.43359,0,0,0,0.0,,,94.353859,37.741547,37.741547,CON,,,,,0.0,0.0,0.0,0
13766,4.997507,4.997507,4.997507,4.997507,4.997507,4.997507,udp,0.0,0.0,cs0,cs0,117.0,64.0,11.0,0.0,Status,129,106,23,145978,141200,4778,1332.075439,207.739136,231217.6875,223900.4375,7317.248047,0,0,0,0.0,,,25.61277,21.010475,4.402195,CON,,,,,0.0,0.0,0.0,0
13790,1.047153,1.047153,1.047153,1.047153,1.047153,1.047153,tcp,0.0,,cs0,,63.0,,1.0,,Start,2,2,0,148,148,0,74.0,0.0,565.342407,565.342407,0.0,1,1,0,33.333333,0.0,0.0,0.95497,0.95497,0.0,REQ,8222720.0,,,,0.0,0.0,0.0,1
13857,0.0,0.0,0.0,0.0,0.0,0.0,tcp,0.0,,cs0,,63.0,,1.0,,Start,1,1,0,74,74,0,74.0,0.0,0.0,0.0,0.0,0,0,0,0.0,0.0,0.0,0.0,0.0,0.0,REQ,0.0,,,,0.0,0.0,0.0,1
13894,0.0,0.0,0.0,0.0,0.0,0.0,tcp,0.0,,cs0,,63.0,,1.0,,Start,1,1,0,74,74,0,74.0,0.0,0.0,0.0,0.0,0,0,0,0.0,0.0,0.0,0.0,0.0,0.0,REQ,0.0,,,,0.0,0.0,0.0,1
13918,0.0,0.0,0.0,0.0,0.0,0.0,tcp,0.0,,cs0,,63.0,,1.0,,Start,1,1,0,74,74,0,74.0,0.0,0.0,0.0,0.0,0,0,0,0.0,0.0,0.0,0.0,0.0,0.0,REQ,0.0,,,,0.0,0.0,0.0,1
13998,0.0,0.0,0.0,0.0,0.0,0.0,tcp,0.0,,cs0,,63.0,,1.0,,Start,1,1,0,74,74,0,74.0,0.0,0.0,0.0,0.0,0,0,0,0.0,0.0,0.0,0.0,0.0,0.0,REQ,0.0,,,,0.0,0.0,0.0,1
14045,0.0,0.0,0.0,0.0,0.0,0.0,tcp,0.0,,cs0,,63.0,,1.0,,Start,1,1,0,74,74,0,74.0,0.0,0.0,0.0,0.0,0,0,0,0.0,0.0,0.0,0.0,0.0,0.0,REQ,0.0,,,,0.0,0.0,0.0,1
14054,0.0,0.0,0.0,0.0,0.0,0.0,tcp,0.0,,cs0,,63.0,,1.0,,Start,1,1,0,74,74,0,74.0,0.0,0.0,0.0,0.0,0,0,0,0.0,0.0,0.0,0.0,0.0,0.0,REQ,0.0,,,,0.0,0.0,0.0,1
14098,0.0,0.0,0.0,0.0,0.0,0.0,tcp,0.0,,cs0,,63.0,,1.0,,Start,1,1,0,74,74,0,74.0,0.0,0.0,0.0,0.0,0,0,0,0.0,0.0,0.0,0.0,0.0,0.0,REQ,9216.0,,,,0.0,0.0,0.0,1
14130,0.0,0.0,0.0,0.0,0.0,0.0,tcp,0.0,,cs0,,63.0,,1.0,,Start,1,1,0,74,74,0,74.0,0.0,0.0,0.0,0.0,0,0,0,0.0,0.0,0.0,0.0,0.0,0.0,REQ,9216.0,,,,0.0,0.0,0.0,1
14205,0.0,0.0,0.0,0.0,0.0,0.0,tcp,0.0,,cs0,,63.0,,1.0,,Start,1,1,0,74,74,0,74.0,0.0,0.0,0.0,0.0,0,0,0,0.0,0.0,0.0,0.0,0.0,0.0,REQ,0.0,,,,0.0,0.0,0.0,1
14230,0.0,0.0,0.0,0.0,0.0,0.0,tcp,0.0,,cs0,,63.0,,1.0,,Start,1,1,0,74,74,0,74.0,0.0,0.0,0.0,0.0,0,0,0,0.0,0.0,0.0,0.0,0.0,0.0,REQ,0.0,,,,0.0,0.0,0.0,1
14250,0.0,0.0,0.0,0.0,0.0,0.0,tcp,0.0,,cs0,,63.0,,1.0,,Start,1,1,0,74,74,0,74.0,0.0,0.0,0.0,0.0,0,0,0,0.0,0.0,0.0,0.0,0.0,0.0,REQ,0.0,,,,0.0,0.0,0.0,1
14271,0.0,0.0,0.0,0.0,0.0,0.0,tcp,0.0,,cs0,,63.0,,1.0,,Start,1,1,0,74,74,0,74.0,0.0,0.0,0.0,0.0,0,0,0,0.0,0.0,0.0,0.0,0.0,0.0,REQ,0.0,,,,0.0,0.0,0.0,1
14295,0.0,0.0,0.0,0.0,0.0,0.0,tcp,0.0,,cs0,,63.0,,1.0,,Start,1,1,0,74,74,0,74.0,0.0,0.0,0.0,0.0,0,0,0,0.0,0.0,0.0,0.0,0.0,0.0,REQ,0.0,,,,0.0,0.0,0.0,1
14316,0.0,0.0,0.0,0.0,0.0,0.0,tcp,0.0,,cs0,,63.0,,1.0,,Start,1,1,0,74,74,0,74.0,0.0,0.0,0.0,0.0,0,0,0,0.0,0.0,0.0,0.0,0.0,0.0,REQ,0.0,,,,0.0,0.0,0.0,1
14335,0.0,0.0,0.0,0.0,0.0,0.0,tcp,0.0,,cs0,,63.0,,1.0,,Start,1,1,0,74,74,0,74.0,0.0,0.0,0.0,0.0,0,0,0,0.0,0.0,0.0,0.0,0.0,0.0,REQ,0.0,,,,0.0,0.0,0.0,1
14355,0.0,0.0,0.0,0.0,0.0,0.0,tcp,0.0,,cs0,,63.0,,1.0,,Start,1,1,0,74,74,0,74.0,0.0,0.0,0.0,0.0,0,0,0,0.0,0.0,0.0,0.0,0.0,0.0,REQ,0.0,,,,0.0,0.0,0.0,1
14462,0.0,0.0,0.0,0.0,0.0,0.0,tcp,0.0,,cs0,,63.0,,1.0,,Start,1,1,0,74,74,0,74.0,0.0,0.0,0.0,0.0,0,0,0,0.0,0.0,0.0,0.0,0.0,0.0,REQ,0.0,,,,0.0,0.0,0.0,1
14520,0.0,0.0,0.0,0.0,0.0,0.0,tcp,0.0,,cs0,,63.0,,1.0,,Start,1,1,0,74,74,0,74.0,0.0,0.0,0.0,0.0,0,0,0,0.0,0.0,0.0,0.0,0.0,0.0,REQ,0.0,,,,0.0,0.0,0.0,1
14618,0.0,0.0,0.0,0.0,0.0,0.0,tcp,0.0,,cs0,,63.0,,1.0,,Start,1,1,0,74,74,0,74.0,0.0,0.0,0.0,0.0,0,0,0,0.0,0.0,0.0,0.0,0.0,0.0,REQ,0.0,,,,0.0,0.0,0.0,1
14647,0.0,0.0,0.0,0.0,0.0,0.0,tcp,0.0,,cs0,,63.0,,1.0,,Start,1,1,0,74,74,0,74.0,0.0,0.0,0.0,0.0,0,0,0,0.0,0.0,0.0,0.0,0.0,0.0,REQ,0.0,,,,0.0,0.0,0.0,1
14700,0.0,0.0,0.0,0.0,0.0,0.0,tcp,0.0,,cs0,,63.0,,1.0,,Start,1,1,0,74,74,0,74.0,0.0,0.0,0.0,0.0,0,0,0,0.0,0.0,0.0,0.0,0.0,0.0,REQ,0.0,,,,0.0,0.0,0.0,1
14728,0.0,0.0,0.0,0.0,0.0,0.0,tcp,0.0,,cs0,,63.0,,1.0,,Start,1,1,0,74,74,0,74.0,0.0,0.0,0.0,0.0,0,0,0,0.0,0.0,0.0,0.0,0.0,0.0,REQ,0.0,,,,0.0,0.0,0.0,1
14774,0.0,0.0,0.0,0.0,0.0,0.0,tcp,0.0,,cs0,,63.0,,1.0,,Start,1,1,0,74,74,0,74.0,0.0,0.0,0.0,0.0,0,0,0,0.0,0.0,0.0,0.0,0.0,0.0,REQ,0.0,,,,0.0,0.0,0.0,1
14793,0.0,0.0,0.0,0.0,0.0,0.0,tcp,0.0,,cs0,,63.0,,1.0,,Start,1,1,0,74,74,0,74.0,0.0,0.0,0.0,0.0,0,0,0,0.0,0.0,0.0,0.0,0.0,0.0,REQ,0.0,,,,0.0,0.0,0.0,1
14890,0.0,0.0,0.0,0.0,0.0,0.0,tcp,0.0,,cs0,,63.0,,1.0,,Start,1,1,0,74,74,0,74.0,0.0,0.0,0.0,0.0,0,0,0,0.0,0.0,0.0,0.0,0.0,0.0,REQ,0.0,,,,0.0,0.0,0.0,1
14936,0.0,0.0,0.0,0.0,0.0,0.0,tcp,0.0,,cs0,,63.0,,1.0,,Start,1,1,0,74,74,0,74.0,0.0,0.0,0.0,0.0,0,0,0,0.0,0.0,0.0,0.0,0.0,0.0,REQ,0.0,,,,0.0,0.0,0.0,1
14944,0.0,0.0,0.0,0.0,0.0,0.0,tcp,0.0,,cs0,,63.0,,1.0,,Start,1,1,0,74,74,0,74.0,0.0,0.0,0.0,0.0,0,0,0,0.0,0.0,0.0,0.0,0.0,0.0,REQ,0.0,,,,0.0,0.0,0.0,1
14958,0.0,0.0,0.0,0.0,0.0,0.0,tcp,0.0,,cs0,,63.0,,1.0,,Start,1,1,0,74,74,0,74.0,0.0,0.0,0.0,0.0,0,0,0,0.0,0.0,0.0,0.0,0.0,0.0,REQ,0.0,,,,0.0,0.0,0.0,1
14993,0.0,0.0,0.0,0.0,0.0,0.0,tcp,0.0,,cs0,,63.0,,1.0,,Start,1,1,0,74,74,0,74.0,0.0,0.0,0.0,0.0,0,0,0,0.0,0.0,0.0,0.0,0.0,0.0,REQ,0.0,,,,0.0,0.0,0.0,1
14995,0.0,0.0,0.0,0.0,0.0,0.0,tcp,0.0,,cs0,,63.0,,1.0,,Start,1,1,0,74,74,0,74.0,0.0,0.0,0.0,0.0,0,0,0,0.0,0.0,0.0,0.0,0.0,0.0,REQ,0.0,,,,0.0,0.0,0.0,1
15064,0.0,0.0,0.0,0.0,0.0,0.0,tcp,0.0,,cs0,,63.0,,1.0,,Start,1,1,0,74,74,0,74.0,0.0,0.0,0.0,0.0,0,0,0,0.0,0.0,0.0,0.0,0.0,0.0,REQ,0.0,,,,0.0,0.0,0.0,1
15071,0.0,0.0,0.0,0.0,0.0,0.0,tcp,0.0,,cs0,,63.0,,1.0,,Start,1,1,0,74,74,0,74.0,0.0,0.0,0.0,0.0,0,0,0,0.0,0.0,0.0,0.0,0.0,0.0,REQ,0.0,,,,0.0,0.0,0.0,1
15089,0.0,0.0,0.0,0.0,0.0,0.0,tcp,0.0,,cs0,,63.0,,1.0,,Start,1,1,0,74,74,0,74.0,0.0,0.0,0.0,0.0,0,0,0,0.0,0.0,0.0,0.0,0.0,0.0,REQ,0.0,,,,0.0,0.0,0.0,1
15128,0.0,0.0,0.0,0.0,0.0,0.0,tcp,0.0,,cs0,,63.0,,1.0,,Start,1,1,0,74,74,0,74.0,0.0,0.0,0.0,0.0,0,0,0,0.0,0.0,0.0,0.0,0.0,0.0,REQ,0.0,,,,0.0,0.0,0.0,1
15129,0.0,0.0,0.0,0.0,0.0,0.0,tcp,0.0,,cs0,,63.0,,1.0,,Start,1,1,0,74,74,0,74.0,0.0,0.0,0.0,0.0,0,0,0,0.0,0.0,0.0,0.0,0.0,0.0,REQ,0.0,,,,0.0,0.0,0.0,1
15205,0.0,0.0,0.0,0.0,0.0,0.0,tcp,0.0,,cs0,,63.0,,1.0,,Start,1,1,0,74,74,0,74.0,0.0,0.0,0.0,0.0,0,0,0,0.0,0.0,0.0,0.0,0.0,0.0,REQ,0.0,,,,0.0,0.0,0.0,1
15220,0.0,0.0,0.0,0.0,0.0,0.0,tcp,0.0,,cs0,,63.0,,1.0,,Start,1,1,0,74,74,0,74.0,0.0,0.0,0.0,0.0,0,0,0,0.0,0.0,0.0,0.0,0.0,0.0,REQ,0.0,,,,0.0,0.0,0.0,1
15314,0.0,0.0,0.0,0.0,0.0,0.0,tcp,0.0,,cs0,,63.0,,1.0,,Start,1,1,0,74,74,0,74.0,0.0,0.0,0.0,0.0,0,0,0,0.0,0.0,0.0,0.0,0.0,0.0,REQ,0.0,,,,0.0,0.0,0.0,1
15368,0.0,0.0,0.0,0.0,0.0,0.0,tcp,0.0,,cs0,,63.0,,1.0,,Start,1,1,0,74,74,0,74.0,0.0,0.0,0.0,0.0,0,0,0,0.0,0.0,0.0,0.0,0.0,0.0,REQ,0.0,,,,0.0,0.0,0.0,1
15429,0.0,0.0,0.0,0.0,0.0,0.0,tcp,0.0,,cs0,,63.0,,1.0,,Start,1,1,0,74,74,0,74.0,0.0,0.0,0.0,0.0,0,0,0,0.0,0.0,0.0,0.0,0.0,0.0,REQ,0.0,,,,0.0,0.0,0.0,1
15443,0.0,0.0,0.0,0.0,0.0,0.0,tcp,0.0,,cs0,,63.0,,1.0,,Start,1,1,0,74,74,0,74.0,0.0,0.0,0.0,0.0,0,0,0,0.0,0.0,0.0,0.0,0.0,0.0,REQ,0.0,,,,0.0,0.0,0.0,1
15457,0.0,0.0,0.0,0.0,0.0,0.0,tcp,0.0,,cs0,,63.0,,1.0,,Start,1,1,0,74,74,0,74.0,0.0,0.0,0.0,0.0,0,0,0,0.0,0.0,0.0,0.0,0.0,0.0,REQ,0.0,,,,0.0,0.0,0.0,1
15561,0.0,0.0,0.0,0.0,0.0,0.0,tcp,0.0,,cs0,,63.0,,1.0,,Start,1,1,0,74,74,0,74.0,0.0,0.0,0.0,0.0,0,0,0,0.0,0.0,0.0,0.0,0.0,0.0,REQ,0.0,,,,0.0,0.0,0.0,1
15586,0.0,0.0,0.0,0.0,0.0,0.0,tcp,0.0,,cs0,,63.0,,1.0,,Start,1,1,0,74,74,0,74.0,0.0,0.0,0.0,0.0,0,0,0,0.0,0.0,0.0,0.0,0.0,0.0,REQ,0.0,,,,0.0,0.0,0.0,1
15636,0.0,0.0,0.0,0.0,0.0,0.0,tcp,0.0,,cs0,,63.0,,1.0,,Start,1,1,0,74,74,0,74.0,0.0,0.0,0.0,0.0,0,0,0,0.0,0.0,0.0,0.0,0.0,0.0,REQ,0.0,,,,0.0,0.0,0.0,1
15696,0.0,0.0,0.0,0.0,0.0,0.0,tcp,0.0,,cs0,,63.0,,1.0,,Start,1,1,0,74,74,0,74.0,0.0,0.0,0.0,0.0,0,0,0,0.0,0.0,0.0,0.0,0.0,0.0,REQ,0.0,,,,0.0,0.0,0.0,1
15709,0.0,0.0,0.0,0.0,0.0,0.0,tcp,0.0,,cs0,,63.0,,1.0,,Start,1,1,0,74,74,0,74.0,0.0,0.0,0.0,0.0,0,0,0,0.0,0.0,0.0,0.0,0.0,0.0,REQ,0.0,,,,0.0,0.0,0.0,1
15752,0.0,0.0,0.0,0.0,0.0,0.0,tcp,0.0,,cs0,,63.0,,1.0,,Start,1,1,0,74,74,0,74.0,0.0,0.0,0.0,0.0,0,0,0,0.0,0.0,0.0,0.0,0.0,0.0,REQ,0.0,,,,0.0,0.0,0.0,1
15766,0.0,0.0,0.0,0.0,0.0,0.0,tcp,0.0,,cs0,,63.0,,1.0,,Start,1,1,0,74,74,0,74.0,0.0,0.0,0.0,0.0,0,0,0,0.0,0.0,0.0,0.0,0.0,0.0,REQ,0.0,,,,0.0,0.0,0.0,1
15771,0.0,0.0,0.0,0.0,0.0,0.0,tcp,0.0,,cs0,,63.0,,1.0,,Start,1,1,0,74,74,0,74.0,0.0,0.0,0.0,0.0,0,0,0,0.0,0.0,0.0,0.0,0.0,0.0,REQ,0.0,,,,0.0,0.0,0.0,1
15813,0.0,0.0,0.0,0.0,0.0,0.0,icmp,0.0,,cs0,,58.0,,6.0,,Start,1,1,0,98,98,0,98.0,0.0,0.0,0.0,0.0,0,0,0,0.0,,,0.0,0.0,0.0,ECO,,,,,0.0,0.0,0.0,0
15901,4.991106,4.991106,4.991106,4.991106,4.991106,4.991106,udp,0.0,0.0,cs0,cs0,117.0,64.0,11.0,0.0,Status,166,136,30,187354,177898,9456,1308.073486,315.200012,297699.125,283047.4688,14651.66211,0,0,0,0.0,,,33.058804,27.048113,5.810335,CON,,,,,0.0,0.0,0.0,0
16000,0.0,0.0,0.0,0.0,0.0,0.0,icmp,0.0,,cs0,,58.0,,6.0,,Start,1,1,0,98,98,0,98.0,0.0,0.0,0.0,0.0,0,0,0,0.0,,,0.0,0.0,0.0,ECO,,,,,0.0,0.0,0.0,0
16039,0.050005,0.050005,0.050005,0.050005,0.050005,0.050005,udp,0.0,0.0,cs0,cs0,64.0,117.0,0.0,11.0,Status,4,2,2,437,299,138,149.5,69.0,35036.49609,23997.59961,11038.89648,0,0,0,0.0,,,59.993999,19.998001,19.998001,CON,,,,,0.0,0.0,0.0,0
16109,1.024137,1.024137,1.024137,1.024137,1.024137,1.024137,tcp,0.0,,cs0,,63.0,,1.0,,Start,2,2,0,148,148,0,74.0,0.0,578.047668,578.047668,0.0,1,1,0,33.333333,0.0,0.0,0.976432,0.976432,0.0,REQ,8222720.0,,,,0.0,0.0,0.0,1
16116,0.0,0.0,0.0,0.0,0.0,0.0,tcp,0.0,,cs0,,63.0,,1.0,,Start,1,1,0,74,74,0,74.0,0.0,0.0,0.0,0.0,0,0,0,0.0,0.0,0.0,0.0,0.0,0.0,REQ,0.0,,,,0.0,0.0,0.0,1
16126,0.001978,0.001978,0.001978,0.001978,0.001978,0.001978,tcp,0.0,0.0,cs0,cs0,63.0,59.0,1.0,5.0,Start,2,1,1,128,74,54,74.0,54.0,0.0,0.0,0.0,0,0,0,0.0,0.0,0.0,505.561188,0.0,0.0,RST,8222720.0,0.0,,,0.0,0.0,0.0,1
16131,0.0,0.0,0.0,0.0,0.0,0.0,tcp,0.0,,cs0,,63.0,,1.0,,Start,1,1,0,74,74,0,74.0,0.0,0.0,0.0,0.0,0,0,0,0.0,0.0,0.0,0.0,0.0,0.0,REQ,0.0,,,,0.0,0.0,0.0,1
16162,0.0,0.0,0.0,0.0,0.0,0.0,tcp,0.0,,cs0,,63.0,,1.0,,Start,1,1,0,74,74,0,74.0,0.0,0.0,0.0,0.0,0,0,0,0.0,0.0,0.0,0.0,0.0,0.0,REQ,0.0,,,,0.0,0.0,0.0,1
16197,0.0,0.0,0.0,0.0,0.0,0.0,tcp,0.0,,cs0,,63.0,,1.0,,Start,1,1,0,74,74,0,74.0,0.0,0.0,0.0,0.0,0,0,0,0.0,0.0,0.0,0.0,0.0,0.0,REQ,0.0,,,,0.0,0.0,0.0,1
16244,0.0,0.0,0.0,0.0,0.0,0.0,tcp,0.0,,cs0,,63.0,,1.0,,Start,1,1,0,74,74,0,74.0,0.0,0.0,0.0,0.0,0,0,0,0.0,0.0,0.0,0.0,0.0,0.0,REQ,0.0,,,,0.0,0.0,0.0,1
16313,0.0,0.0,0.0,0.0,0.0,0.0,tcp,0.0,,cs0,,63.0,,1.0,,Start,1,1,0,74,74,0,74.0,0.0,0.0,0.0,0.0,0,0,0,0.0,0.0,0.0,0.0,0.0,0.0,REQ,0.0,,,,0.0,0.0,0.0,1
16342,0.0,0.0,0.0,0.0,0.0,0.0,tcp,0.0,,cs0,,63.0,,1.0,,Start,1,1,0,74,74,0,74.0,0.0,0.0,0.0,0.0,0,0,0,0.0,0.0,0.0,0.0,0.0,0.0,REQ,0.0,,,,0.0,0.0,0.0,1
16346,0.0,0.0,0.0,0.0,0.0,0.0,tcp,0.0,,cs0,,63.0,,1.0,,Start,1,1,0,74,74,0,74.0,0.0,0.0,0.0,0.0,0,0,0,0.0,0.0,0.0,0.0,0.0,0.0,REQ,0.0,,,,0.0,0.0,0.0,1
16403,0.0,0.0,0.0,0.0,0.0,0.0,tcp,0.0,,cs0,,63.0,,1.0,,Start,1,1,0,74,74,0,74.0,0.0,0.0,0.0,0.0,0,0,0,0.0,0.0,0.0,0.0,0.0,0.0,REQ,0.0,,,,0.0,0.0,0.0,1
16465,0.0,0.0,0.0,0.0,0.0,0.0,tcp,0.0,,cs0,,63.0,,1.0,,Start,1,1,0,74,74,0,74.0,0.0,0.0,0.0,0.0,0,0,0,0.0,0.0,0.0,0.0,0.0,0.0,REQ,0.0,,,,0.0,0.0,0.0,1
16513,0.0,0.0,0.0,0.0,0.0,0.0,tcp,0.0,,cs0,,63.0,,1.0,,Start,1,1,0,74,74,0,74.0,0.0,0.0,0.0,0.0,0,0,0,0.0,0.0,0.0,0.0,0.0,0.0,REQ,0.0,,,,0.0,0.0,0.0,1
16529,0.0,0.0,0.0,0.0,0.0,0.0,tcp,0.0,,cs0,,63.0,,1.0,,Start,1,1,0,74,74,0,74.0,0.0,0.0,0.0,0.0,0,0,0,0.0,0.0,0.0,0.0,0.0,0.0,REQ,0.0,,,,0.0,0.0,0.0,1
16531,0.0,0.0,0.0,0.0,0.0,0.0,tcp,0.0,,cs0,,63.0,,1.0,,Start,1,1,0,74,74,0,74.0,0.0,0.0,0.0,0.0,0,0,0,0.0,0.0,0.0,0.0,0.0,0.0,REQ,0.0,,,,0.0,0.0,0.0,1
16564,0.0,0.0,0.0,0.0,0.0,0.0,tcp,0.0,,cs0,,63.0,,1.0,,Start,1,1,0,74,74,0,74.0,0.0,0.0,0.0,0.0,0,0,0,0.0,0.0,0.0,0.0,0.0,0.0,REQ,0.0,,,,0.0,0.0,0.0,1
16594,0.0,0.0,0.0,0.0,0.0,0.0,tcp,0.0,,cs0,,63.0,,1.0,,Start,1,1,0,74,74,0,74.0,0.0,0.0,0.0,0.0,0,0,0,0.0,0.0,0.0,0.0,0.0,0.0,REQ,0.0,,,,0.0,0.0,0.0,1
16595,0.0,0.0,0.0,0.0,0.0,0.0,tcp,0.0,,cs0,,63.0,,1.0,,Start,1,1,0,74,74,0,74.0,0.0,0.0,0.0,0.0,0,0,0,0.0,0.0,0.0,0.0,0.0,0.0,REQ,0.0,,,,0.0,0.0,0.0,1
16628,0.0,0.0,0.0,0.0,0.0,0.0,tcp,0.0,,cs0,,63.0,,1.0,,Start,1,1,0,74,74,0,74.0,0.0,0.0,0.0,0.0,0,0,0,0.0,0.0,0.0,0.0,0.0,0.0,REQ,0.0,,,,0.0,0.0,0.0,1
16732,0.0,0.0,0.0,0.0,0.0,0.0,tcp,0.0,,cs0,,63.0,,1.0,,Start,1,1,0,74,74,0,74.0,0.0,0.0,0.0,0.0,0,0,0,0.0,0.0,0.0,0.0,0.0,0.0,REQ,0.0,,,,0.0,0.0,0.0,1
16783,0.0,0.0,0.0,0.0,0.0,0.0,tcp,0.0,,cs0,,63.0,,1.0,,Start,1,1,0,74,74,0,74.0,0.0,0.0,0.0,0.0,0,0,0,0.0,0.0,0.0,0.0,0.0,0.0,REQ,0.0,,,,0.0,0.0,0.0,1
16835,0.0,0.0,0.0,0.0,0.0,0.0,tcp,0.0,,cs0,,63.0,,1.0,,Start,1,1,0,74,74,0,74.0,0.0,0.0,0.0,0.0,0,0,0,0.0,0.0,0.0,0.0,0.0,0.0,REQ,0.0,,,,0.0,0.0,0.0,1
16854,0.0,0.0,0.0,0.0,0.0,0.0,tcp,0.0,,cs0,,63.0,,1.0,,Start,1,1,0,74,74,0,74.0,0.0,0.0,0.0,0.0,0,0,0,0.0,0.0,0.0,0.0,0.0,0.0,REQ,0.0,,,,0.0,0.0,0.0,1
16862,0.0,0.0,0.0,0.0,0.0,0.0,tcp,0.0,,cs0,,63.0,,1.0,,Start,1,1,0,74,74,0,74.0,0.0,0.0,0.0,0.0,0,0,0,0.0,0.0,0.0,0.0,0.0,0.0,REQ,0.0,,,,0.0,0.0,0.0,1
16883,0.0,0.0,0.0,0.0,0.0,0.0,tcp,0.0,,cs0,,63.0,,1.0,,Start,1,1,0,74,74,0,74.0,0.0,0.0,0.0,0.0,0,0,0,0.0,0.0,0.0,0.0,0.0,0.0,REQ,0.0,,,,0.0,0.0,0.0,1
16919,0.0,0.0,0.0,0.0,0.0,0.0,tcp,0.0,,cs0,,63.0,,1.0,,Start,1,1,0,74,74,0,74.0,0.0,0.0,0.0,0.0,0,0,0,0.0,0.0,0.0,0.0,0.0,0.0,REQ,0.0,,,,0.0,0.0,0.0,1
16952,0.0,0.0,0.0,0.0,0.0,0.0,tcp,0.0,,cs0,,63.0,,1.0,,Start,1,1,0,74,74,0,74.0,0.0,0.0,0.0,0.0,0,0,0,0.0,0.0,0.0,0.0,0.0,0.0,REQ,0.0,,,,0.0,0.0,0.0,1
17006,0.0,0.0,0.0,0.0,0.0,0.0,tcp,0.0,,cs0,,63.0,,1.0,,Start,1,1,0,74,74,0,74.0,0.0,0.0,0.0,0.0,0,0,0,0.0,0.0,0.0,0.0,0.0,0.0,REQ,0.0,,,,0.0,0.0,0.0,1
17009,0.0,0.0,0.0,0.0,0.0,0.0,tcp,0.0,,cs0,,63.0,,1.0,,Start,1,1,0,74,74,0,74.0,0.0,0.0,0.0,0.0,0,0,0,0.0,0.0,0.0,0.0,0.0,0.0,REQ,0.0,,,,0.0,0.0,0.0,1
17035,0.0,0.0,0.0,0.0,0.0,0.0,tcp,0.0,,cs0,,63.0,,1.0,,Start,1,1,0,74,74,0,74.0,0.0,0.0,0.0,0.0,0,0,0,0.0,0.0,0.0,0.0,0.0,0.0,REQ,0.0,,,,0.0,0.0,0.0,1
17045,0.0,0.0,0.0,0.0,0.0,0.0,tcp,0.0,,cs0,,63.0,,1.0,,Start,1,1,0,74,74,0,74.0,0.0,0.0,0.0,0.0,0,0,0,0.0,0.0,0.0,0.0,0.0,0.0,REQ,0.0,,,,0.0,0.0,0.0,1
17053,0.0,0.0,0.0,0.0,0.0,0.0,tcp,0.0,,cs0,,63.0,,1.0,,Start,1,1,0,74,74,0,74.0,0.0,0.0,0.0,0.0,0,0,0,0.0,0.0,0.0,0.0,0.0,0.0,REQ,0.0,,,,0.0,0.0,0.0,1
17058,0.0,0.0,0.0,0.0,0.0,0.0,tcp,0.0,,cs0,,63.0,,1.0,,Start,1,1,0,74,74,0,74.0,0.0,0.0,0.0,0.0,0,0,0,0.0,0.0,0.0,0.0,0.0,0.0,REQ,0.0,,,,0.0,0.0,0.0,1
17070,0.0,0.0,0.0,0.0,0.0,0.0,tcp,0.0,,cs0,,63.0,,1.0,,Start,1,1,0,74,74,0,74.0,0.0,0.0,0.0,0.0,0,0,0,0.0,0.0,0.0,0.0,0.0,0.0,REQ,0.0,,,,0.0,0.0,0.0,1
17107,0.0,0.0,0.0,0.0,0.0,0.0,tcp,0.0,,cs0,,63.0,,1.0,,Start,1,1,0,74,74,0,74.0,0.0,0.0,0.0,0.0,0,0,0,0.0,0.0,0.0,0.0,0.0,0.0,REQ,0.0,,,,0.0,0.0,0.0,1
17121,0.0,0.0,0.0,0.0,0.0,0.0,tcp,0.0,,cs0,,63.0,,1.0,,Start,1,1,0,74,74,0,74.0,0.0,0.0,0.0,0.0,0,0,0,0.0,0.0,0.0,0.0,0.0,0.0,REQ,0.0,,,,0.0,0.0,0.0,1
17124,0.0,0.0,0.0,0.0,0.0,0.0,tcp,0.0,,cs0,,63.0,,1.0,,Start,1,1,0,74,74,0,74.0,0.0,0.0,0.0,0.0,0,0,0,0.0,0.0,0.0,0.0,0.0,0.0,REQ,0.0,,,,0.0,0.0,0.0,1
17160,0.0,0.0,0.0,0.0,0.0,0.0,tcp,0.0,,cs0,,63.0,,1.0,,Start,1,1,0,74,74,0,74.0,0.0,0.0,0.0,0.0,0,0,0,0.0,0.0,0.0,0.0,0.0,0.0,REQ,0.0,,,,0.0,0.0,0.0,1
17194,0.0,0.0,0.0,0.0,0.0,0.0,tcp,0.0,,cs0,,63.0,,1.0,,Start,1,1,0,74,74,0,74.0,0.0,0.0,0.0,0.0,0,0,0,0.0,0.0,0.0,0.0,0.0,0.0,REQ,0.0,,,,0.0,0.0,0.0,1
17238,0.0,0.0,0.0,0.0,0.0,0.0,tcp,0.0,,cs0,,63.0,,1.0,,Start,1,1,0,74,74,0,74.0,0.0,0.0,0.0,0.0,0,0,0,0.0,0.0,0.0,0.0,0.0,0.0,REQ,0.0,,,,0.0,0.0,0.0,1
17261,0.0,0.0,0.0,0.0,0.0,0.0,tcp,0.0,,cs0,,63.0,,1.0,,Start,1,1,0,74,74,0,74.0,0.0,0.0,0.0,0.0,0,0,0,0.0,0.0,0.0,0.0,0.0,0.0,REQ,0.0,,,,0.0,0.0,0.0,1
17271,0.0,0.0,0.0,0.0,0.0,0.0,tcp,0.0,,cs0,,63.0,,1.0,,Start,1,1,0,74,74,0,74.0,0.0,0.0,0.0,0.0,0,0,0,0.0,0.0,0.0,0.0,0.0,0.0,REQ,0.0,,,,0.0,0.0,0.0,1
17291,0.0,0.0,0.0,0.0,0.0,0.0,tcp,0.0,,cs0,,63.0,,1.0,,Start,1,1,0,74,74,0,74.0,0.0,0.0,0.0,0.0,0,0,0,0.0,0.0,0.0,0.0,0.0,0.0,REQ,0.0,,,,0.0,0.0,0.0,1
17413,0.0,0.0,0.0,0.0,0.0,0.0,tcp,0.0,,cs0,,63.0,,1.0,,Start,1,1,0,74,74,0,74.0,0.0,0.0,0.0,0.0,0,0,0,0.0,0.0,0.0,0.0,0.0,0.0,REQ,0.0,,,,0.0,0.0,0.0,1
17476,0.0,0.0,0.0,0.0,0.0,0.0,tcp,0.0,,cs0,,63.0,,1.0,,Start,1,1,0,74,74,0,74.0,0.0,0.0,0.0,0.0,0,0,0,0.0,0.0,0.0,0.0,0.0,0.0,REQ,0.0,,,,0.0,0.0,0.0,1
17513,0.0,0.0,0.0,0.0,0.0,0.0,tcp,0.0,,cs0,,63.0,,1.0,,Start,1,1,0,74,74,0,74.0,0.0,0.0,0.0,0.0,0,0,0,0.0,0.0,0.0,0.0,0.0,0.0,REQ,0.0,,,,0.0,0.0,0.0,1
17520,0.0,0.0,0.0,0.0,0.0,0.0,tcp,0.0,,cs0,,63.0,,1.0,,Start,1,1,0,74,74,0,74.0,0.0,0.0,0.0,0.0,0,0,0,0.0,0.0,0.0,0.0,0.0,0.0,REQ,0.0,,,,0.0,0.0,0.0,1
17645,0.0,0.0,0.0,0.0,0.0,0.0,tcp,0.0,,cs0,,63.0,,1.0,,Start,1,1,0,74,74,0,74.0,0.0,0.0,0.0,0.0,0,0,0,0.0,0.0,0.0,0.0,0.0,0.0,REQ,0.0,,,,0.0,0.0,0.0,1
17650,0.0,0.0,0.0,0.0,0.0,0.0,tcp,0.0,,cs0,,63.0,,1.0,,Start,1,1,0,74,74,0,74.0,0.0,0.0,0.0,0.0,0,0,0,0.0,0.0,0.0,0.0,0.0,0.0,REQ,0.0,,,,0.0,0.0,0.0,1
17787,0.0,0.0,0.0,0.0,0.0,0.0,tcp,0.0,,cs0,,63.0,,1.0,,Start,1,1,0,74,74,0,74.0,0.0,0.0,0.0,0.0,0,0,0,0.0,0.0,0.0,0.0,0.0,0.0,REQ,0.0,,,,0.0,0.0,0.0,1
17789,0.0,0.0,0.0,0.0,0.0,0.0,tcp,0.0,,cs0,,63.0,,1.0,,Start,1,1,0,74,74,0,74.0,0.0,0.0,0.0,0.0,0,0,0,0.0,0.0,0.0,0.0,0.0,0.0,REQ,0.0,,,,0.0,0.0,0.0,1
17795,0.0,0.0,0.0,0.0,0.0,0.0,tcp,0.0,,cs0,,63.0,,1.0,,Start,1,1,0,74,74,0,74.0,0.0,0.0,0.0,0.0,0,0,0,0.0,0.0,0.0,0.0,0.0,0.0,REQ,0.0,,,,0.0,0.0,0.0,1
17811,0.0,0.0,0.0,0.0,0.0,0.0,tcp,0.0,,cs0,,63.0,,1.0,,Start,1,1,0,74,74,0,74.0,0.0,0.0,0.0,0.0,0,0,0,0.0,0.0,0.0,0.0,0.0,0.0,REQ,0.0,,,,0.0,0.0,0.0,1
17831,0.0,0.0,0.0,0.0,0.0,0.0,tcp,0.0,,cs0,,63.0,,1.0,,Start,1,1,0,74,74,0,74.0,0.0,0.0,0.0,0.0,0,0,0,0.0,0.0,0.0,0.0,0.0,0.0,REQ,0.0,,,,0.0,0.0,0.0,1
17844,0.0,0.0,0.0,0.0,0.0,0.0,tcp,0.0,,cs0,,63.0,,1.0,,Start,1,1,0,74,74,0,74.0,0.0,0.0,0.0,0.0,0,0,0,0.0,0.0,0.0,0.0,0.0,0.0,REQ,0.0,,,,0.0,0.0,0.0,1
17854,0.0,0.0,0.0,0.0,0.0,0.0,tcp,0.0,,cs0,,63.0,,1.0,,Start,1,1,0,74,74,0,74.0,0.0,0.0,0.0,0.0,0,0,0,0.0,0.0,0.0,0.0,0.0,0.0,REQ,0.0,,,,0.0,0.0,0.0,1
17890,0.0,0.0,0.0,0.0,0.0,0.0,tcp,0.0,,cs0,,63.0,,1.0,,Start,1,1,0,74,74,0,74.0,0.0,0.0,0.0,0.0,0,0,0,0.0,0.0,0.0,0.0,0.0,0.0,REQ,0.0,,,,0.0,0.0,0.0,1
17928,0.0,0.0,0.0,0.0,0.0,0.0,tcp,0.0,,cs0,,63.0,,1.0,,Start,1,1,0,74,74,0,74.0,0.0,0.0,0.0,0.0,0,0,0,0.0,0.0,0.0,0.0,0.0,0.0,REQ,0.0,,,,0.0,0.0,0.0,1
17964,0.0,0.0,0.0,0.0,0.0,0.0,tcp,0.0,,cs0,,63.0,,1.0,,Start,1,1,0,74,74,0,74.0,0.0,0.0,0.0,0.0,0,0,0,0.0,0.0,0.0,0.0,0.0,0.0,REQ,0.0,,,,0.0,0.0,0.0,1
17970,0.0,0.0,0.0,0.0,0.0,0.0,tcp,0.0,,cs0,,63.0,,1.0,,Start,1,1,0,74,74,0,74.0,0.0,0.0,0.0,0.0,0,0,0,0.0,0.0,0.0,0.0,0.0,0.0,REQ,0.0,,,,0.0,0.0,0.0,1
17989,0.0,0.0,0.0,0.0,0.0,0.0,tcp,0.0,,cs0,,63.0,,1.0,,Start,1,1,0,74,74,0,74.0,0.0,0.0,0.0,0.0,0,0,0,0.0,0.0,0.0,0.0,0.0,0.0,REQ,0.0,,,,0.0,0.0,0.0,1
18095,0.0,0.0,0.0,0.0,0.0,0.0,tcp,0.0,,cs0,,63.0,,1.0,,Start,1,1,0,74,74,0,74.0,0.0,0.0,0.0,0.0,0,0,0,0.0,0.0,0.0,0.0,0.0,0.0,REQ,0.0,,,,0.0,0.0,0.0,1
18101,0.0,0.0,0.0,0.0,0.0,0.0,tcp,0.0,,cs0,,63.0,,1.0,,Start,1,1,0,74,74,0,74.0,0.0,0.0,0.0,0.0,0,0,0,0.0,0.0,0.0,0.0,0.0,0.0,REQ,0.0,,,,0.0,0.0,0.0,1
18116,0.189381,0.189381,0.189381,0.189381,0.189381,0.189381,udp,0.0,0.0,cs0,cs0,117.0,64.0,11.0,0.0,Status,179,164,15,214478,209827,4651,1279.432983,310.066681,8993046.0,8809669.0,183376.3594,0,0,0,0.0,,,939.904175,860.698792,73.925049,CON,,,,,0.0,0.0,0.0,0
18137,4.971171,4.971171,4.971171,4.971171,4.971171,4.971171,udp,0.0,0.0,cs0,cs0,117.0,64.0,11.0,0.0,Status,273,243,30,334567,328703,5864,1352.687256,195.46666,535922.0,526799.0,9123.001953,0,0,0,0.0,,,54.715481,48.680683,5.833636,CON,,,,,0.0,0.0,0.0,0
18153,0.224732,0.224732,0.224732,0.224732,0.224732,0.224732,udp,0.0,0.0,cs0,cs0,64.0,53.0,0.0,11.0,Start,20,13,7,13107,8366,4741,643.538452,677.285706,419593.125,274923.0313,144670.0938,0,0,0,0.0,,,84.545151,53.396935,26.698467,CON,,,,,0.0,0.0,0.0,0
18166,0.0,0.0,0.0,0.0,0.0,0.0,icmp,0.0,,cs0,,58.0,,6.0,,Start,1,1,0,98,98,0,98.0,0.0,0.0,0.0,0.0,0,0,0,0.0,,,0.0,0.0,0.0,ECO,,,,,0.0,0.0,0.0,0
18204,0.001447,0.001447,0.001447,0.001447,0.001447,0.001447,udp,0.0,0.0,cs0,cs0,64.0,62.0,0.0,2.0,Start,2,1,1,220,85,135,85.0,135.0,0.0,0.0,0.0,0,0,0,0.0,,,691.085022,0.0,0.0,CON,,,,,0.0,0.0,0.0,0
18331,0.0,0.0,0.0,0.0,0.0,0.0,tcp,0.0,,cs0,,63.0,,1.0,,Start,1,1,0,74,74,0,74.0,0.0,0.0,0.0,0.0,0,0,0,0.0,0.0,0.0,0.0,0.0,0.0,REQ,0.0,,,,0.0,0.0,0.0,1
18349,0.0,0.0,0.0,0.0,0.0,0.0,tcp,0.0,,cs0,,63.0,,1.0,,Start,1,1,0,74,74,0,74.0,0.0,0.0,0.0,0.0,0,0,0,0.0,0.0,0.0,0.0,0.0,0.0,REQ,0.0,,,,0.0,0.0,0.0,1
18355,0.0,0.0,0.0,0.0,0.0,0.0,tcp,0.0,,cs0,,63.0,,1.0,,Start,1,1,0,74,74,0,74.0,0.0,0.0,0.0,0.0,0,0,0,0.0,0.0,0.0,0.0,0.0,0.0,REQ,0.0,,,,0.0,0.0,0.0,1
18437,0.0,0.0,0.0,0.0,0.0,0.0,tcp,0.0,,cs0,,63.0,,1.0,,Start,1,1,0,74,74,0,74.0,0.0,0.0,0.0,0.0,0,0,0,0.0,0.0,0.0,0.0,0.0,0.0,REQ,2359296.0,,,,0.0,0.0,0.0,1
18441,0.0,0.0,0.0,0.0,0.0,0.0,tcp,0.0,,cs0,,63.0,,1.0,,Start,1,1,0,74,74,0,74.0,0.0,0.0,0.0,0.0,0,0,0,0.0,0.0,0.0,0.0,0.0,0.0,REQ,2359296.0,,,,0.0,0.0,0.0,1
18482,0.0,0.0,0.0,0.0,0.0,0.0,tcp,0.0,,cs0,,63.0,,1.0,,Start,1,1,0,74,74,0,74.0,0.0,0.0,0.0,0.0,0,0,0,0.0,0.0,0.0,0.0,0.0,0.0,REQ,9216.0,,,,0.0,0.0,0.0,1
18483,0.0,0.0,0.0,0.0,0.0,0.0,tcp,0.0,,cs0,,63.0,,1.0,,Start,1,1,0,74,74,0,74.0,0.0,0.0,0.0,0.0,0,0,0,0.0,0.0,0.0,0.0,0.0,0.0,REQ,2359296.0,,,,0.0,0.0,0.0,1
18484,0.0,0.0,0.0,0.0,0.0,0.0,tcp,0.0,,cs0,,63.0,,1.0,,Start,1,1,0,74,74,0,74.0,0.0,0.0,0.0,0.0,0,0,0,0.0,0.0,0.0,0.0,0.0,0.0,REQ,9216.0,,,,0.0,0.0,0.0,1
18617,0.0,0.0,0.0,0.0,0.0,0.0,tcp,0.0,,cs0,,63.0,,1.0,,Start,1,1,0,74,74,0,74.0,0.0,0.0,0.0,0.0,0,0,0,0.0,0.0,0.0,0.0,0.0,0.0,REQ,0.0,,,,0.0,0.0,0.0,1
18623,0.0,0.0,0.0,0.0,0.0,0.0,tcp,0.0,,cs0,,63.0,,1.0,,Start,1,1,0,74,74,0,74.0,0.0,0.0,0.0,0.0,0,0,0,0.0,0.0,0.0,0.0,0.0,0.0,REQ,0.0,,,,0.0,0.0,0.0,1
18675,0.0,0.0,0.0,0.0,0.0,0.0,tcp,0.0,,cs0,,63.0,,1.0,,Start,1,1,0,74,74,0,74.0,0.0,0.0,0.0,0.0,0,0,0,0.0,0.0,0.0,0.0,0.0,0.0,REQ,8281344.0,,,,0.0,0.0,0.0,1
18677,0.0,0.0,0.0,0.0,0.0,0.0,tcp,0.0,,cs0,,63.0,,1.0,,Start,1,1,0,74,74,0,74.0,0.0,0.0,0.0,0.0,0,0,0,0.0,0.0,0.0,0.0,0.0,0.0,REQ,8281344.0,,,,0.0,0.0,0.0,1
18685,0.0,0.0,0.0,0.0,0.0,0.0,tcp,0.0,,cs0,,63.0,,1.0,,Start,1,1,0,74,74,0,74.0,0.0,0.0,0.0,0.0,0,0,0,0.0,0.0,0.0,0.0,0.0,0.0,REQ,8281344.0,,,,0.0,0.0,0.0,1
18728,0.0,0.0,0.0,0.0,0.0,0.0,tcp,0.0,,cs0,,63.0,,1.0,,Start,1,1,0,74,74,0,74.0,0.0,0.0,0.0,0.0,0,0,0,0.0,0.0,0.0,0.0,0.0,0.0,REQ,6127104.0,,,,0.0,0.0,0.0,1
18841,0.0,0.0,0.0,0.0,0.0,0.0,tcp,0.0,,cs0,,63.0,,1.0,,Start,1,1,0,74,74,0,74.0,0.0,0.0,0.0,0.0,0,0,0,0.0,0.0,0.0,0.0,0.0,0.0,REQ,8281344.0,,,,0.0,0.0,0.0,1
18961,0.0,0.0,0.0,0.0,0.0,0.0,tcp,0.0,,cs0,,63.0,,1.0,,Start,1,1,0,74,74,0,74.0,0.0,0.0,0.0,0.0,0,0,0,0.0,0.0,0.0,0.0,0.0,0.0,REQ,8281344.0,,,,0.0,0.0,0.0,1
19043,0.0,0.0,0.0,0.0,0.0,0.0,tcp,0.0,,cs0,,63.0,,1.0,,Start,1,1,0,74,74,0,74.0,0.0,0.0,0.0,0.0,0,0,0,0.0,0.0,0.0,0.0,0.0,0.0,REQ,8281344.0,,,,0.0,0.0,0.0,1
19060,0.0,0.0,0.0,0.0,0.0,0.0,tcp,0.0,,cs0,,63.0,,1.0,,Start,1,1,0,74,74,0,74.0,0.0,0.0,0.0,0.0,0,0,0,0.0,0.0,0.0,0.0,0.0,0.0,REQ,6127104.0,,,,0.0,0.0,0.0,1
19081,0.0,0.0,0.0,0.0,0.0,0.0,tcp,0.0,,cs0,,63.0,,1.0,,Start,1,1,0,74,74,0,74.0,0.0,0.0,0.0,0.0,0,0,0,0.0,0.0,0.0,0.0,0.0,0.0,REQ,8281344.0,,,,0.0,0.0,0.0,1
19237,0.0,0.0,0.0,0.0,0.0,0.0,tcp,0.0,,cs0,,63.0,,1.0,,Start,1,1,0,74,74,0,74.0,0.0,0.0,0.0,0.0,0,0,0,0.0,0.0,0.0,0.0,0.0,0.0,REQ,0.0,,,,0.0,0.0,0.0,1
19326,0.0,0.0,0.0,0.0,0.0,0.0,tcp,0.0,,cs0,,63.0,,1.0,,Start,1,1,0,74,74,0,74.0,0.0,0.0,0.0,0.0,0,0,0,0.0,0.0,0.0,0.0,0.0,0.0,REQ,0.0,,,,0.0,0.0,0.0,1
19418,0.0,0.0,0.0,0.0,0.0,0.0,tcp,0.0,,cs0,,63.0,,1.0,,Start,1,1,0,74,74,0,74.0,0.0,0.0,0.0,0.0,0,0,0,0.0,0.0,0.0,0.0,0.0,0.0,REQ,0.0,,,,0.0,0.0,0.0,1
19441,0.0,0.0,0.0,0.0,0.0,0.0,tcp,0.0,,cs0,,63.0,,1.0,,Start,1,1,0,74,74,0,74.0,0.0,0.0,0.0,0.0,0,0,0,0.0,0.0,0.0,0.0,0.0,0.0,REQ,0.0,,,,0.0,0.0,0.0,1
19483,0.0,0.0,0.0,0.0,0.0,0.0,tcp,0.0,,cs0,,63.0,,1.0,,Start,1,1,0,74,74,0,74.0,0.0,0.0,0.0,0.0,0,0,0,0.0,0.0,0.0,0.0,0.0,0.0,REQ,0.0,,,,0.0,0.0,0.0,1
19512,0.0,0.0,0.0,0.0,0.0,0.0,tcp,0.0,,cs0,,63.0,,1.0,,Start,1,1,0,74,74,0,74.0,0.0,0.0,0.0,0.0,0,0,0,0.0,0.0,0.0,0.0,0.0,0.0,REQ,0.0,,,,0.0,0.0,0.0,1
19530,0.0,0.0,0.0,0.0,0.0,0.0,tcp,0.0,,cs0,,63.0,,1.0,,Start,1,1,0,74,74,0,74.0,0.0,0.0,0.0,0.0,0,0,0,0.0,0.0,0.0,0.0,0.0,0.0,REQ,0.0,,,,0.0,0.0,0.0,1
19549,0.0,0.0,0.0,0.0,0.0,0.0,tcp,0.0,,cs0,,63.0,,1.0,,Start,1,1,0,74,74,0,74.0,0.0,0.0,0.0,0.0,0,0,0,0.0,0.0,0.0,0.0,0.0,0.0,REQ,0.0,,,,0.0,0.0,0.0,1
19605,0.0,0.0,0.0,0.0,0.0,0.0,tcp,0.0,,cs0,,63.0,,1.0,,Start,1,1,0,74,74,0,74.0,0.0,0.0,0.0,0.0,0,0,0,0.0,0.0,0.0,0.0,0.0,0.0,REQ,0.0,,,,0.0,0.0,0.0,1
19620,0.0,0.0,0.0,0.0,0.0,0.0,tcp,0.0,,cs0,,63.0,,1.0,,Start,1,1,0,74,74,0,74.0,0.0,0.0,0.0,0.0,0,0,0,0.0,0.0,0.0,0.0,0.0,0.0,REQ,0.0,,,,0.0,0.0,0.0,1
19628,0.0,0.0,0.0,0.0,0.0,0.0,tcp,0.0,,cs0,,63.0,,1.0,,Start,1,1,0,74,74,0,74.0,0.0,0.0,0.0,0.0,0,0,0,0.0,0.0,0.0,0.0,0.0,0.0,REQ,0.0,,,,0.0,0.0,0.0,1
19630,0.0,0.0,0.0,0.0,0.0,0.0,tcp,0.0,,cs0,,63.0,,1.0,,Start,1,1,0,74,74,0,74.0,0.0,0.0,0.0,0.0,0,0,0,0.0,0.0,0.0,0.0,0.0,0.0,REQ,0.0,,,,0.0,0.0,0.0,1
19717,0.0,0.0,0.0,0.0,0.0,0.0,tcp,0.0,,cs0,,63.0,,1.0,,Start,1,1,0,74,74,0,74.0,0.0,0.0,0.0,0.0,0,0,0,0.0,0.0,0.0,0.0,0.0,0.0,REQ,0.0,,,,0.0,0.0,0.0,1
19761,0.0,0.0,0.0,0.0,0.0,0.0,tcp,0.0,,cs0,,63.0,,1.0,,Start,1,1,0,74,74,0,74.0,0.0,0.0,0.0,0.0,0,0,0,0.0,0.0,0.0,0.0,0.0,0.0,REQ,0.0,,,,0.0,0.0,0.0,1
19772,0.0,0.0,0.0,0.0,0.0,0.0,tcp,0.0,,cs0,,63.0,,1.0,,Start,1,1,0,74,74,0,74.0,0.0,0.0,0.0,0.0,0,0,0,0.0,0.0,0.0,0.0,0.0,0.0,REQ,0.0,,,,0.0,0.0,0.0,1
19863,0.0,0.0,0.0,0.0,0.0,0.0,tcp,0.0,,cs0,,63.0,,1.0,,Start,1,1,0,74,74,0,74.0,0.0,0.0,0.0,0.0,0,0,0,0.0,0.0,0.0,0.0,0.0,0.0,REQ,0.0,,,,0.0,0.0,0.0,1
19899,0.0,0.0,0.0,0.0,0.0,0.0,tcp,0.0,,cs0,,63.0,,1.0,,Start,1,1,0,74,74,0,74.0,0.0,0.0,0.0,0.0,0,0,0,0.0,0.0,0.0,0.0,0.0,0.0,REQ,0.0,,,,0.0,0.0,0.0,1
19982,0.0,0.0,0.0,0.0,0.0,0.0,tcp,0.0,,cs0,,63.0,,1.0,,Start,1,1,0,74,74,0,74.0,0.0,0.0,0.0,0.0,0,0,0,0.0,0.0,0.0,0.0,0.0,0.0,REQ,0.0,,,,0.0,0.0,0.0,1
20000,0.0,0.0,0.0,0.0,0.0,0.0,tcp,0.0,,cs0,,63.0,,1.0,,Start,1,1,0,74,74,0,74.0,0.0,0.0,0.0,0.0,0,0,0,0.0,0.0,0.0,0.0,0.0,0.0,REQ,0.0,,,,0.0,0.0,0.0,1
20064,0.0,0.0,0.0,0.0,0.0,0.0,tcp,0.0,,cs0,,63.0,,1.0,,Start,1,1,0,74,74,0,74.0,0.0,0.0,0.0,0.0,0,0,0,0.0,0.0,0.0,0.0,0.0,0.0,REQ,0.0,,,,0.0,0.0,0.0,1
20075,0.0,0.0,0.0,0.0,0.0,0.0,tcp,0.0,,cs0,,63.0,,1.0,,Start,1,1,0,74,74,0,74.0,0.0,0.0,0.0,0.0,0,0,0,0.0,0.0,0.0,0.0,0.0,0.0,REQ,0.0,,,,0.0,0.0,0.0,1
20156,0.0,0.0,0.0,0.0,0.0,0.0,tcp,0.0,,cs0,,63.0,,1.0,,Start,1,1,0,74,74,0,74.0,0.0,0.0,0.0,0.0,0,0,0,0.0,0.0,0.0,0.0,0.0,0.0,REQ,0.0,,,,0.0,0.0,0.0,1
20212,0.0,0.0,0.0,0.0,0.0,0.0,tcp,0.0,,cs0,,63.0,,1.0,,Start,1,1,0,74,74,0,74.0,0.0,0.0,0.0,0.0,0,0,0,0.0,0.0,0.0,0.0,0.0,0.0,REQ,0.0,,,,0.0,0.0,0.0,1
20269,4.996696,4.996696,4.996696,4.996696,4.996696,4.996696,udp,0.0,0.0,cs0,cs0,117.0,64.0,11.0,0.0,Status,195,164,31,225776,220247,5529,1342.969482,178.354843,359046.8438,350479.5938,8567.261719,0,0,0,0.0,,,38.825657,32.621555,6.003967,CON,,,,,0.0,0.0,0.0,0
20315,4.996171,4.996171,4.996171,4.996171,4.996171,4.996171,udp,0.0,0.0,cs0,cs0,117.0,64.0,11.0,0.0,Status,238,210,28,291705,286535,5170,1364.452393,184.642853,464607.0,456623.2813,7983.713867,0,0,0,0.0,,,47.436325,41.832035,5.404139,CON,,,,,0.0,0.0,0.0,0
20331,0.169722,0.169722,0.169722,0.169722,0.169722,0.169722,udp,0.0,0.0,cs0,cs0,64.0,53.0,0.0,11.0,Start,21,13,8,13120,8366,4754,643.538452,594.25,560115.9375,364030.5938,196085.3594,0,0,0,0.0,,,117.83976,70.703857,41.243916,CON,,,,,0.0,0.0,0.0,0
20333,0.0,0.0,0.0,0.0,0.0,0.0,icmp,0.0,,cs0,,58.0,,6.0,,Start,1,1,0,98,98,0,98.0,0.0,0.0,0.0,0.0,0,0,0,0.0,,,0.0,0.0,0.0,ECO,,,,,0.0,0.0,0.0,0
20397,0.136969,0.136969,0.136969,0.136969,0.136969,0.136969,tcp,0.0,0.0,cs0,cs0,64.0,63.0,0.0,1.0,Start,13,7,6,1816,847,969,121.0,161.5,89596.91406,42403.75391,47193.16016,0,0,0,0.0,0.0,0.0,87.611069,43.805534,36.504612,CON,68096.0,31104.0,,,0.015855,0.001117,0.014738,0
20423,0.0,0.0,0.0,0.0,0.0,0.0,icmp,0.0,,cs0,,58.0,,6.0,,Start,1,1,0,98,98,0,98.0,0.0,0.0,0.0,0.0,0,0,0,0.0,,,0.0,0.0,0.0,ECO,,,,,0.0,0.0,0.0,0
20446,0.0,0.0,0.0,0.0,0.0,0.0,icmp,0.0,,cs0,,58.0,,6.0,,Start,1,1,0,98,98,0,98.0,0.0,0.0,0.0,0.0,0,0,0,0.0,,,0.0,0.0,0.0,ECO,,,,,0.0,0.0,0.0,0
20455,0.0,0.0,0.0,0.0,0.0,0.0,icmp,0.0,,cs0,,58.0,,6.0,,Start,1,1,0,98,98,0,98.0,0.0,0.0,0.0,0.0,0,0,0,0.0,,,0.0,0.0,0.0,ECO,,,,,0.0,0.0,0.0,0
20520,4.882118,4.882118,4.882118,4.882118,4.882118,4.882118,udp,0.0,0.0,cs0,cs0,117.0,64.0,11.0,0.0,Status,172,144,28,199078,193898,5180,1346.513916,185.0,323707.0313,315522.0625,8184.97168,0,0,0,0.0,,,35.02578,29.290565,5.530386,CON,,,,,0.0,0.0,0.0,0
20594,2.394614,2.394614,2.394614,2.394614,2.394614,2.394614,udp,0.0,0.0,cs0,cs0,117.0,64.0,11.0,0.0,Status,150,133,17,165653,160676,4977,1208.09021,292.764709,548407.4375,532755.625,15651.79199,0,0,0,0.0,,,62.222973,55.123707,6.681662,CON,,,,,0.0,0.0,0.0,0
20661,4.99837,4.99837,4.99837,4.99837,4.99837,4.99837,udp,0.0,0.0,cs0,cs0,117.0,64.0,11.0,0.0,Status,136,121,15,163915,159685,4230,1319.710693,282.0,259787.0781,253468.2188,6318.859863,0,0,0,0.0,,,27.008804,24.007826,2.800913,CON,,,,,0.0,0.0,0.0,0
20667,0.128955,0.128955,0.128955,0.128955,0.128955,0.128955,udp,0.0,0.0,cs0,cs0,64.0,53.0,0.0,11.0,Start,22,12,10,7986,3709,4277,309.083344,427.700012,449769.2813,210926.2813,238843.0,0,0,0,0.0,,,162.847504,85.301071,69.791786,CON,,,,,0.0,0.0,0.0,0
20702,1.019194,1.019194,1.019194,1.019194,1.019194,1.019194,tcp,0.0,,cs0,,63.0,,1.0,,Start,2,2,0,148,148,0,74.0,0.0,580.851135,580.851135,0.0,1,1,0,33.333333,0.0,0.0,0.981167,0.981167,0.0,REQ,8222720.0,,,,0.0,0.0,0.0,1
20718,0.014983,0.014983,0.014983,0.014983,0.014983,0.014983,tcp,0.0,0.0,cs0,cs0,63.0,59.0,1.0,5.0,Start,4,3,1,280,206,74,68.666664,74.0,73683.50781,73683.50781,0.0,0,0,0,0.0,0.0,0.0,200.226913,133.484619,0.0,RST,64256.0,8340480.0,,,0.014983,0.002293,0.01269,1
20757,0.0,0.0,0.0,0.0,0.0,0.0,tcp,0.0,,cs0,,63.0,,1.0,,Start,1,1,0,74,74,0,74.0,0.0,0.0,0.0,0.0,0,0,0,0.0,0.0,0.0,0.0,0.0,0.0,REQ,0.0,,,,0.0,0.0,0.0,1
20770,0.0,0.0,0.0,0.0,0.0,0.0,tcp,0.0,,cs0,,63.0,,1.0,,Start,1,1,0,74,74,0,74.0,0.0,0.0,0.0,0.0,0,0,0,0.0,0.0,0.0,0.0,0.0,0.0,REQ,0.0,,,,0.0,0.0,0.0,1
20814,0.0,0.0,0.0,0.0,0.0,0.0,tcp,0.0,,cs0,,63.0,,1.0,,Start,1,1,0,74,74,0,74.0,0.0,0.0,0.0,0.0,0,0,0,0.0,0.0,0.0,0.0,0.0,0.0,REQ,0.0,,,,0.0,0.0,0.0,1
20825,0.0,0.0,0.0,0.0,0.0,0.0,tcp,0.0,,cs0,,63.0,,1.0,,Start,1,1,0,74,74,0,74.0,0.0,0.0,0.0,0.0,0,0,0,0.0,0.0,0.0,0.0,0.0,0.0,REQ,0.0,,,,0.0,0.0,0.0,1
20833,0.0,0.0,0.0,0.0,0.0,0.0,tcp,0.0,,cs0,,63.0,,1.0,,Start,1,1,0,74,74,0,74.0,0.0,0.0,0.0,0.0,0,0,0,0.0,0.0,0.0,0.0,0.0,0.0,REQ,0.0,,,,0.0,0.0,0.0,1
20837,0.0,0.0,0.0,0.0,0.0,0.0,tcp,0.0,,cs0,,63.0,,1.0,,Start,1,1,0,74,74,0,74.0,0.0,0.0,0.0,0.0,0,0,0,0.0,0.0,0.0,0.0,0.0,0.0,REQ,0.0,,,,0.0,0.0,0.0,1
20847,0.0,0.0,0.0,0.0,0.0,0.0,tcp,0.0,,cs0,,63.0,,1.0,,Start,1,1,0,74,74,0,74.0,0.0,0.0,0.0,0.0,0,0,0,0.0,0.0,0.0,0.0,0.0,0.0,REQ,0.0,,,,0.0,0.0,0.0,1
20852,0.0,0.0,0.0,0.0,0.0,0.0,tcp,0.0,,cs0,,63.0,,1.0,,Start,1,1,0,74,74,0,74.0,0.0,0.0,0.0,0.0,0,0,0,0.0,0.0,0.0,0.0,0.0,0.0,REQ,0.0,,,,0.0,0.0,0.0,1
20867,0.0,0.0,0.0,0.0,0.0,0.0,tcp,0.0,,cs0,,63.0,,1.0,,Start,1,1,0,74,74,0,74.0,0.0,0.0,0.0,0.0,0,0,0,0.0,0.0,0.0,0.0,0.0,0.0,REQ,0.0,,,,0.0,0.0,0.0,1
20879,0.0,0.0,0.0,0.0,0.0,0.0,tcp,0.0,,cs0,,63.0,,1.0,,Start,1,1,0,74,74,0,74.0,0.0,0.0,0.0,0.0,0,0,0,0.0,0.0,0.0,0.0,0.0,0.0,REQ,0.0,,,,0.0,0.0,0.0,1
20893,0.0,0.0,0.0,0.0,0.0,0.0,tcp,0.0,,cs0,,63.0,,1.0,,Start,1,1,0,74,74,0,74.0,0.0,0.0,0.0,0.0,0,0,0,0.0,0.0,0.0,0.0,0.0,0.0,REQ,0.0,,,,0.0,0.0,0.0,1
20901,0.0,0.0,0.0,0.0,0.0,0.0,tcp,0.0,,cs0,,63.0,,1.0,,Start,1,1,0,74,74,0,74.0,0.0,0.0,0.0,0.0,0,0,0,0.0,0.0,0.0,0.0,0.0,0.0,REQ,0.0,,,,0.0,0.0,0.0,1
20938,0.0,0.0,0.0,0.0,0.0,0.0,tcp,0.0,,cs0,,63.0,,1.0,,Start,1,1,0,74,74,0,74.0,0.0,0.0,0.0,0.0,0,0,0,0.0,0.0,0.0,0.0,0.0,0.0,REQ,0.0,,,,0.0,0.0,0.0,1
21000,0.0,0.0,0.0,0.0,0.0,0.0,tcp,0.0,,cs0,,63.0,,1.0,,Start,1,1,0,74,74,0,74.0,0.0,0.0,0.0,0.0,0,0,0,0.0,0.0,0.0,0.0,0.0,0.0,REQ,0.0,,,,0.0,0.0,0.0,1
21010,0.0,0.0,0.0,0.0,0.0,0.0,tcp,0.0,,cs0,,63.0,,1.0,,Start,1,1,0,74,74,0,74.0,0.0,0.0,0.0,0.0,0,0,0,0.0,0.0,0.0,0.0,0.0,0.0,REQ,0.0,,,,0.0,0.0,0.0,1
21068,0.0,0.0,0.0,0.0,0.0,0.0,tcp,0.0,,cs0,,63.0,,1.0,,Start,1,1,0,74,74,0,74.0,0.0,0.0,0.0,0.0,0,0,0,0.0,0.0,0.0,0.0,0.0,0.0,REQ,0.0,,,,0.0,0.0,0.0,1
21069,0.0,0.0,0.0,0.0,0.0,0.0,tcp,0.0,,cs0,,63.0,,1.0,,Start,1,1,0,74,74,0,74.0,0.0,0.0,0.0,0.0,0,0,0,0.0,0.0,0.0,0.0,0.0,0.0,REQ,0.0,,,,0.0,0.0,0.0,1
21077,0.0,0.0,0.0,0.0,0.0,0.0,tcp,0.0,,cs0,,63.0,,1.0,,Start,1,1,0,74,74,0,74.0,0.0,0.0,0.0,0.0,0,0,0,0.0,0.0,0.0,0.0,0.0,0.0,REQ,0.0,,,,0.0,0.0,0.0,1
21093,0.0,0.0,0.0,0.0,0.0,0.0,tcp,0.0,,cs0,,63.0,,1.0,,Start,1,1,0,74,74,0,74.0,0.0,0.0,0.0,0.0,0,0,0,0.0,0.0,0.0,0.0,0.0,0.0,REQ,0.0,,,,0.0,0.0,0.0,1
21139,0.0,0.0,0.0,0.0,0.0,0.0,tcp,0.0,,cs0,,63.0,,1.0,,Start,1,1,0,74,74,0,74.0,0.0,0.0,0.0,0.0,0,0,0,0.0,0.0,0.0,0.0,0.0,0.0,REQ,0.0,,,,0.0,0.0,0.0,1
21214,0.0,0.0,0.0,0.0,0.0,0.0,tcp,0.0,,cs0,,63.0,,1.0,,Start,1,1,0,74,74,0,74.0,0.0,0.0,0.0,0.0,0,0,0,0.0,0.0,0.0,0.0,0.0,0.0,REQ,0.0,,,,0.0,0.0,0.0,1
21271,0.0,0.0,0.0,0.0,0.0,0.0,tcp,0.0,,cs0,,63.0,,1.0,,Start,1,1,0,74,74,0,74.0,0.0,0.0,0.0,0.0,0,0,0,0.0,0.0,0.0,0.0,0.0,0.0,REQ,0.0,,,,0.0,0.0,0.0,1
21295,0.0,0.0,0.0,0.0,0.0,0.0,tcp,0.0,,cs0,,63.0,,1.0,,Start,1,1,0,74,74,0,74.0,0.0,0.0,0.0,0.0,0,0,0,0.0,0.0,0.0,0.0,0.0,0.0,REQ,0.0,,,,0.0,0.0,0.0,1
21321,0.0,0.0,0.0,0.0,0.0,0.0,tcp,0.0,,cs0,,63.0,,1.0,,Start,1,1,0,74,74,0,74.0,0.0,0.0,0.0,0.0,0,0,0,0.0,0.0,0.0,0.0,0.0,0.0,REQ,0.0,,,,0.0,0.0,0.0,1
21359,0.0,0.0,0.0,0.0,0.0,0.0,tcp,0.0,,cs0,,63.0,,1.0,,Start,1,1,0,74,74,0,74.0,0.0,0.0,0.0,0.0,0,0,0,0.0,0.0,0.0,0.0,0.0,0.0,REQ,0.0,,,,0.0,0.0,0.0,1
21386,0.0,0.0,0.0,0.0,0.0,0.0,tcp,0.0,,cs0,,63.0,,1.0,,Start,1,1,0,74,74,0,74.0,0.0,0.0,0.0,0.0,0,0,0,0.0,0.0,0.0,0.0,0.0,0.0,REQ,0.0,,,,0.0,0.0,0.0,1
21393,0.0,0.0,0.0,0.0,0.0,0.0,tcp,0.0,,cs0,,63.0,,1.0,,Start,1,1,0,74,74,0,74.0,0.0,0.0,0.0,0.0,0,0,0,0.0,0.0,0.0,0.0,0.0,0.0,REQ,0.0,,,,0.0,0.0,0.0,1
21440,0.0,0.0,0.0,0.0,0.0,0.0,tcp,0.0,,cs0,,63.0,,1.0,,Start,1,1,0,74,74,0,74.0,0.0,0.0,0.0,0.0,0,0,0,0.0,0.0,0.0,0.0,0.0,0.0,REQ,0.0,,,,0.0,0.0,0.0,1
21569,0.0,0.0,0.0,0.0,0.0,0.0,tcp,0.0,,cs0,,63.0,,1.0,,Start,1,1,0,74,74,0,74.0,0.0,0.0,0.0,0.0,0,0,0,0.0,0.0,0.0,0.0,0.0,0.0,REQ,0.0,,,,0.0,0.0,0.0,1
21584,0.0,0.0,0.0,0.0,0.0,0.0,tcp,0.0,,cs0,,63.0,,1.0,,Start,1,1,0,74,74,0,74.0,0.0,0.0,0.0,0.0,0,0,0,0.0,0.0,0.0,0.0,0.0,0.0,REQ,0.0,,,,0.0,0.0,0.0,1
21615,0.0,0.0,0.0,0.0,0.0,0.0,tcp,0.0,,cs0,,63.0,,1.0,,Start,1,1,0,74,74,0,74.0,0.0,0.0,0.0,0.0,0,0,0,0.0,0.0,0.0,0.0,0.0,0.0,REQ,0.0,,,,0.0,0.0,0.0,1
21648,0.0,0.0,0.0,0.0,0.0,0.0,tcp,0.0,,cs0,,63.0,,1.0,,Start,1,1,0,74,74,0,74.0,0.0,0.0,0.0,0.0,0,0,0,0.0,0.0,0.0,0.0,0.0,0.0,REQ,0.0,,,,0.0,0.0,0.0,1
21668,0.0,0.0,0.0,0.0,0.0,0.0,tcp,0.0,,cs0,,63.0,,1.0,,Start,1,1,0,74,74,0,74.0,0.0,0.0,0.0,0.0,0,0,0,0.0,0.0,0.0,0.0,0.0,0.0,REQ,0.0,,,,0.0,0.0,0.0,1
21732,0.0,0.0,0.0,0.0,0.0,0.0,tcp,0.0,,cs0,,63.0,,1.0,,Start,1,1,0,74,74,0,74.0,0.0,0.0,0.0,0.0,0,0,0,0.0,0.0,0.0,0.0,0.0,0.0,REQ,0.0,,,,0.0,0.0,0.0,1
21778,0.0,0.0,0.0,0.0,0.0,0.0,tcp,0.0,,cs0,,63.0,,1.0,,Start,1,1,0,74,74,0,74.0,0.0,0.0,0.0,0.0,0,0,0,0.0,0.0,0.0,0.0,0.0,0.0,REQ,0.0,,,,0.0,0.0,0.0,1
21793,0.0,0.0,0.0,0.0,0.0,0.0,tcp,0.0,,cs0,,63.0,,1.0,,Start,1,1,0,74,74,0,74.0,0.0,0.0,0.0,0.0,0,0,0,0.0,0.0,0.0,0.0,0.0,0.0,REQ,0.0,,,,0.0,0.0,0.0,1
21837,0.0,0.0,0.0,0.0,0.0,0.0,tcp,0.0,,cs0,,63.0,,1.0,,Start,1,1,0,74,74,0,74.0,0.0,0.0,0.0,0.0,0,0,0,0.0,0.0,0.0,0.0,0.0,0.0,REQ,0.0,,,,0.0,0.0,0.0,1
21878,0.0,0.0,0.0,0.0,0.0,0.0,tcp,0.0,,cs0,,63.0,,1.0,,Start,1,1,0,74,74,0,74.0,0.0,0.0,0.0,0.0,0,0,0,0.0,0.0,0.0,0.0,0.0,0.0,REQ,0.0,,,,0.0,0.0,0.0,1
21965,0.0,0.0,0.0,0.0,0.0,0.0,tcp,0.0,,cs0,,63.0,,1.0,,Start,1,1,0,74,74,0,74.0,0.0,0.0,0.0,0.0,0,0,0,0.0,0.0,0.0,0.0,0.0,0.0,REQ,0.0,,,,0.0,0.0,0.0,1
22009,0.0,0.0,0.0,0.0,0.0,0.0,tcp,0.0,,cs0,,63.0,,1.0,,Start,1,1,0,74,74,0,74.0,0.0,0.0,0.0,0.0,0,0,0,0.0,0.0,0.0,0.0,0.0,0.0,REQ,0.0,,,,0.0,0.0,0.0,1
22047,0.0,0.0,0.0,0.0,0.0,0.0,tcp,0.0,,cs0,,63.0,,1.0,,Start,1,1,0,74,74,0,74.0,0.0,0.0,0.0,0.0,0,0,0,0.0,0.0,0.0,0.0,0.0,0.0,REQ,0.0,,,,0.0,0.0,0.0,1
22048,0.0,0.0,0.0,0.0,0.0,0.0,tcp,0.0,,cs0,,63.0,,1.0,,Start,1,1,0,74,74,0,74.0,0.0,0.0,0.0,0.0,0,0,0,0.0,0.0,0.0,0.0,0.0,0.0,REQ,0.0,,,,0.0,0.0,0.0,1
22222,0.0,0.0,0.0,0.0,0.0,0.0,tcp,0.0,,cs0,,63.0,,1.0,,Start,1,1,0,74,74,0,74.0,0.0,0.0,0.0,0.0,0,0,0,0.0,0.0,0.0,0.0,0.0,0.0,REQ,0.0,,,,0.0,0.0,0.0,1
22297,0.0,0.0,0.0,0.0,0.0,0.0,tcp,0.0,,cs0,,63.0,,1.0,,Start,1,1,0,74,74,0,74.0,0.0,0.0,0.0,0.0,0,0,0,0.0,0.0,0.0,0.0,0.0,0.0,REQ,0.0,,,,0.0,0.0,0.0,1
22337,0.0,0.0,0.0,0.0,0.0,0.0,tcp,0.0,,cs0,,63.0,,1.0,,Start,1,1,0,74,74,0,74.0,0.0,0.0,0.0,0.0,0,0,0,0.0,0.0,0.0,0.0,0.0,0.0,REQ,0.0,,,,0.0,0.0,0.0,1
22382,0.0,0.0,0.0,0.0,0.0,0.0,tcp,0.0,,cs0,,63.0,,1.0,,Start,1,1,0,74,74,0,74.0,0.0,0.0,0.0,0.0,0,0,0,0.0,0.0,0.0,0.0,0.0,0.0,REQ,0.0,,,,0.0,0.0,0.0,1
22393,0.0,0.0,0.0,0.0,0.0,0.0,tcp,0.0,,cs0,,63.0,,1.0,,Start,1,1,0,74,74,0,74.0,0.0,0.0,0.0,0.0,0,0,0,0.0,0.0,0.0,0.0,0.0,0.0,REQ,0.0,,,,0.0,0.0,0.0,1
22467,0.0,0.0,0.0,0.0,0.0,0.0,tcp,0.0,,cs0,,63.0,,1.0,,Start,1,1,0,74,74,0,74.0,0.0,0.0,0.0,0.0,0,0,0,0.0,0.0,0.0,0.0,0.0,0.0,REQ,0.0,,,,0.0,0.0,0.0,1
22500,0.0,0.0,0.0,0.0,0.0,0.0,tcp,0.0,,cs0,,63.0,,1.0,,Start,1,1,0,74,74,0,74.0,0.0,0.0,0.0,0.0,0,0,0,0.0,0.0,0.0,0.0,0.0,0.0,REQ,0.0,,,,0.0,0.0,0.0,1
22503,0.0,0.0,0.0,0.0,0.0,0.0,tcp,0.0,,cs0,,63.0,,1.0,,Start,1,1,0,74,74,0,74.0,0.0,0.0,0.0,0.0,0,0,0,0.0,0.0,0.0,0.0,0.0,0.0,REQ,0.0,,,,0.0,0.0,0.0,1
22688,0.0,0.0,0.0,0.0,0.0,0.0,tcp,0.0,,cs0,,63.0,,1.0,,Start,1,1,0,74,74,0,74.0,0.0,0.0,0.0,0.0,0,0,0,0.0,0.0,0.0,0.0,0.0,0.0,REQ,0.0,,,,0.0,0.0,0.0,1
22851,4.995679,4.995679,4.995679,4.995679,4.995679,4.995679,udp,0.0,0.0,cs0,cs0,117.0,64.0,11.0,0.0,Status,220,186,34,255865,250111,5754,1344.682739,169.235291,407315.2188,398371.4688,8943.729492,0,0,0,0.0,,,43.837887,37.032005,6.605709,CON,,,,,0.0,0.0,0.0,0
22941,0.0,0.0,0.0,0.0,0.0,0.0,icmp,0.0,,cs0,,58.0,,6.0,,Start,1,1,0,98,98,0,98.0,0.0,0.0,0.0,0.0,0,0,0,0.0,,,0.0,0.0,0.0,ECO,,,,,0.0,0.0,0.0,0
22963,0.05439,0.05439,0.05439,0.05439,0.05439,0.05439,udp,0.0,0.0,cs0,cs0,64.0,117.0,0.0,11.0,Status,6,3,3,751,549,202,183.0,67.333336,73690.01563,53833.42578,19856.5918,0,0,0,0.0,,,91.928665,36.771465,36.771465,CON,,,,,0.0,0.0,0.0,0
23003,0.136962,0.136962,0.136962,0.136962,0.136962,0.136962,tcp,0.0,0.0,cs0,cs0,64.0,53.0,0.0,11.0,Status,8,4,4,1932,855,1077,213.75,269.25,84695.02344,37499.45313,47195.57422,0,0,0,0.0,0.0,0.0,51.10907,21.903887,21.903887,CON,1785.0,961.0,,,0.0,0.0,0.0,0
23004,0.0,0.0,0.0,0.0,0.0,0.0,icmp,0.0,,cs0,,58.0,,6.0,,Start,1,1,0,98,98,0,98.0,0.0,0.0,0.0,0.0,0,0,0,0.0,,,0.0,0.0,0.0,ECO,,,,,0.0,0.0,0.0,0
23030,0.064213,0.064213,0.064213,0.064213,0.064213,0.064213,udp,0.0,0.0,cs0,cs0,64.0,117.0,0.0,11.0,Status,6,3,3,730,530,200,176.666672,66.666664,60797.65625,44103.21875,16694.43945,0,0,0,0.0,,,77.865852,31.146341,31.146341,CON,,,,,0.0,0.0,0.0,0
23058,0.050083,0.050083,0.050083,0.050083,0.050083,0.050083,udp,0.0,0.0,cs0,cs0,64.0,117.0,0.0,11.0,Status,8,4,4,1032,761,271,190.25,67.75,123794.5,91208.59375,32585.9082,0,0,0,0.0,,,139.76799,59.900566,59.900566,CON,,,,,0.0,0.0,0.0,0
23118,0.201911,0.201911,0.201911,0.201911,0.201911,0.201911,udp,0.0,0.0,cs0,cs0,64.0,53.0,0.0,11.0,Start,23,13,10,13221,8364,4857,643.384644,485.700012,479141.7813,305916.9688,173224.8281,0,0,0,0.0,,,108.958893,59.432125,44.574093,CON,,,,,0.0,0.0,0.0,0
23124,4.714969,4.714969,4.714969,4.714969,4.714969,4.714969,udp,0.0,0.0,cs0,cs0,117.0,64.0,11.0,0.0,Status,136,115,21,159724,154920,4804,1347.130493,228.761902,268335.1563,260570.9531,7764.20752,0,0,0,0.0,,,28.632214,24.178312,4.241809,CON,,,,,0.0,0.0,0.0,0
23545,0.0,0.0,0.0,0.0,0.0,0.0,icmp,0.0,,cs0,,58.0,,6.0,,Start,1,1,0,98,98,0,98.0,0.0,0.0,0.0,0.0,0,0,0,0.0,,,0.0,0.0,0.0,ECO,,,,,0.0,0.0,0.0,0
25118,0.140514,0.140514,0.140514,0.140514,0.140514,0.140514,udp,0.0,0.0,cs0,cs0,64.0,53.0,0.0,11.0,Start,22,12,10,8262,3912,4350,326.0,435.0,427060.6563,204164.7031,222895.9375,0,0,0,0.0,,,149.451294,78.284012,64.05056,CON,,,,,0.0,0.0,0.0,0
25119,0.0491,0.0491,0.0491,0.0491,0.0491,0.0491,udp,0.0,0.0,cs0,cs0,64.0,117.0,0.0,11.0,Status,7,3,4,804,530,274,176.666672,68.5,91242.35938,57678.20703,33564.15625,0,0,0,0.0,,,122.199593,40.733196,61.099796,CON,,,,,0.0,0.0,0.0,0
25155,0.0,0.0,0.0,0.0,0.0,0.0,icmp,0.0,,cs0,,58.0,,6.0,,Start,1,1,0,98,98,0,98.0,0.0,0.0,0.0,0.0,0,0,0,0.0,,,0.0,0.0,0.0,ECO,,,,,0.0,0.0,0.0,0
25202,0.030116,0.030116,0.030116,0.030116,0.030116,0.030116,icmp,0.0,0.0,cs0,cs0,58.0,64.0,6.0,0.0,Start,2,1,1,196,98,98,98.0,98.0,0.0,0.0,0.0,0,0,0,0.0,,,33.204941,0.0,0.0,ECO,,,,,0.0,0.0,0.0,0
25265,0.017424,0.017424,0.017424,0.017424,0.017424,0.017424,icmp,0.0,0.0,cs0,cs0,58.0,64.0,6.0,0.0,Start,2,1,1,196,98,98,98.0,98.0,0.0,0.0,0.0,0,0,0,0.0,,,57.392101,0.0,0.0,ECO,,,,,0.0,0.0,0.0,0
25316,4.958591,4.958591,4.958591,4.958591,4.958591,4.958591,udp,0.0,0.0,cs0,cs0,117.0,64.0,11.0,0.0,Status,126,117,9,147885,143661,4224,1227.871826,469.333344,235855.7031,229797.5313,6058.172363,0,0,0,0.0,,,25.208775,23.393742,1.613362,CON,,,,,0.0,0.0,0.0,0
25412,0.133118,0.133118,0.133118,0.133118,0.133118,0.133118,tcp,0.0,0.0,cs0,cs0,64.0,116.0,0.0,12.0,Status,10,5,5,2093,921,1172,184.199997,234.399994,100662.5703,44291.53125,56371.03906,0,0,0,0.0,0.0,0.0,67.609184,30.048527,30.048527,CON,638.0,464.0,,,0.0,0.0,0.0,0
25413,0.0,0.0,0.0,0.0,0.0,0.0,icmp,0.0,,cs0,,58.0,,6.0,,Start,1,1,0,98,98,0,98.0,0.0,0.0,0.0,0.0,0,0,0,0.0,,,0.0,0.0,0.0,ECO,,,,,0.0,0.0,0.0,0
25434,0.101156,0.101156,0.101156,0.101156,0.101156,0.101156,icmp,0.0,0.0,cs0,cs0,58.0,64.0,6.0,0.0,Start,2,1,1,196,98,98,98.0,98.0,0.0,0.0,0.0,0,0,0,0.0,,,9.885721,0.0,0.0,ECO,,,,,0.0,0.0,0.0,0
25495,4.999958,4.999958,4.999958,4.999958,4.999958,4.999958,udp,0.0,0.0,cs0,cs0,117.0,64.0,11.0,0.0,Status,151,135,16,186112,181657,4455,1345.607422,278.4375,295184.875,288501.625,6683.255859,0,0,0,0.0,,,30.000252,26.800224,3.000025,CON,,,,,0.0,0.0,0.0,0
25817,0.053789,0.053789,0.053789,0.053789,0.053789,0.053789,icmp,0.0,0.0,cs0,cs0,58.0,64.0,6.0,0.0,Start,2,1,1,196,98,98,98.0,98.0,0.0,0.0,0.0,0,0,0,0.0,,,18.591162,0.0,0.0,ECO,,,,,0.0,0.0,0.0,0
25830,0.0,0.0,0.0,0.0,0.0,0.0,icmp,0.0,,cs0,,58.0,,6.0,,Start,1,1,0,98,98,0,98.0,0.0,0.0,0.0,0.0,0,0,0,0.0,,,0.0,0.0,0.0,ECO,,,,,0.0,0.0,0.0,0
26102,0.100028,0.100028,0.100028,0.100028,0.100028,0.100028,icmp,0.0,0.0,cs0,cs0,58.0,64.0,6.0,0.0,Start,2,1,1,196,98,98,98.0,98.0,0.0,0.0,0.0,0,0,0,0.0,,,9.997201,0.0,0.0,ECO,,,,,0.0,0.0,0.0,0
26191,4.997839,4.997839,4.997839,4.997839,4.997839,4.997839,udp,0.0,0.0,cs0,cs0,117.0,64.0,11.0,0.0,Status,167,151,16,208967,204681,4286,1355.503296,267.875,331895.4688,325462.2813,6433.180664,0,0,0,0.0,,,33.214355,30.012972,3.001297,CON,,,,,0.0,0.0,0.0,0
26477,0.028948,0.028948,0.028948,0.028948,0.028948,0.028948,icmp,0.0,0.0,cs0,cs0,58.0,64.0,6.0,0.0,Start,2,1,1,196,98,98,98.0,98.0,0.0,0.0,0.0,0,0,0,0.0,,,34.544701,0.0,0.0,ECO,,,,,0.0,0.0,0.0,0
26628,0.064165,0.064165,0.064165,0.064165,0.064165,0.064165,icmp,0.0,0.0,cs0,cs0,58.0,64.0,6.0,0.0,Start,2,1,1,196,98,98,98.0,98.0,0.0,0.0,0.0,0,0,0,0.0,,,15.58482,0.0,0.0,ECO,,,,,0.0,0.0,0.0,0
26696,0.052993,0.052993,0.052993,0.052993,0.052993,0.052993,udp,0.0,0.0,cs0,cs0,64.0,117.0,0.0,11.0,Status,5,3,2,686,548,138,182.666672,69.0,65669.05469,55252.58203,10416.46973,0,0,0,0.0,,,75.481667,37.740833,18.870417,CON,,,,,0.0,0.0,0.0,0
26770,0.052079,0.052079,0.052079,0.052079,0.052079,0.052079,icmp,0.0,0.0,cs0,cs0,58.0,64.0,6.0,0.0,Start,2,1,1,196,98,98,98.0,98.0,0.0,0.0,0.0,0,0,0,0.0,,,19.201597,0.0,0.0,ECO,,,,,0.0,0.0,0.0,0
26810,0.092671,0.092671,0.092671,0.092671,0.092671,0.092671,udp,0.0,0.0,cs0,cs0,64.0,53.0,0.0,11.0,Status,9,5,4,4959,3181,1778,636.200012,444.5,334862.0313,219701.9531,115160.0859,0,0,0,0.0,,,86.326897,43.163448,32.372585,CON,,,,,0.0,0.0,0.0,0
26913,0.0,0.0,0.0,0.0,0.0,0.0,icmp,0.0,,cs0,,58.0,,6.0,,Start,1,1,0,98,98,0,98.0,0.0,0.0,0.0,0.0,0,0,0,0.0,,,0.0,0.0,0.0,ECO,,,,,0.0,0.0,0.0,0
27015,4.997529,4.997529,4.997529,4.997529,4.997529,4.997529,udp,0.0,0.0,cs0,cs0,117.0,64.0,11.0,0.0,Status,194,175,19,239916,234591,5325,1340.52002,280.263153,381462.125,373386.125,8075.991211,0,0,0,0.0,,,38.619087,34.817207,3.60178,CON,,,,,0.0,0.0,0.0,0
27390,0.0,0.0,0.0,0.0,0.0,0.0,icmp,0.0,,cs0,,58.0,,6.0,,Start,1,1,0,98,98,0,98.0,0.0,0.0,0.0,0.0,0,0,0,0.0,,,0.0,0.0,0.0,ECO,,,,,0.0,0.0,0.0,0
27424,0.0,0.0,0.0,0.0,0.0,0.0,icmp,0.0,,cs0,,58.0,,6.0,,Start,1,1,0,98,98,0,98.0,0.0,0.0,0.0,0.0,0,0,0,0.0,,,0.0,0.0,0.0,ECO,,,,,0.0,0.0,0.0,0
27426,4.993973,4.993973,4.993973,4.993973,4.993973,4.993973,udp,0.0,0.0,cs0,cs0,117.0,64.0,11.0,0.0,Status,148,137,11,186209,180763,5446,1319.437988,495.090912,295388.0625,287456.9063,7931.160645,0,0,0,0.0,,,29.435482,27.232828,2.002414,CON,,,,,0.0,0.0,0.0,0
27595,4.999345,4.999345,4.999345,4.999345,4.999345,4.999345,udp,0.0,0.0,cs0,cs0,117.0,64.0,11.0,0.0,Status,108,89,19,122248,116923,5325,1313.741577,280.263153,193073.2813,185000.2344,8073.057617,0,0,0,0.0,,,21.402805,17.602306,3.600472,CON,,,,,0.0,0.0,0.0,0
28150,0.0,0.0,0.0,0.0,0.0,0.0,icmp,0.0,,cs0,,58.0,,6.0,,Start,1,1,0,98,98,0,98.0,0.0,0.0,0.0,0.0,0,0,0,0.0,,,0.0,0.0,0.0,ECO,,,,,0.0,0.0,0.0,0
28154,0.189824,0.189824,0.189824,0.189824,0.189824,0.189824,udp,0.0,0.0,cs0,cs0,64.0,52.0,0.0,12.0,Start,21,13,8,13781,9091,4690,699.307678,586.25,526635.1875,353674.9688,172960.2188,0,0,0,0.0,,,105.360756,63.216454,36.876263,CON,,,,,0.0,0.0,0.0,0
28168,4.963969,4.963969,4.963969,4.963969,4.963969,4.963969,udp,0.0,0.0,cs0,cs0,117.0,64.0,11.0,0.0,Status,146,125,21,171317,165836,5481,1326.687988,261.0,273539.1563,265126.5313,8412.623047,0,0,0,0.0,,,29.210495,24.980009,4.029034,CON,,,,,0.0,0.0,0.0,0
28190,0.0,0.0,0.0,0.0,0.0,0.0,icmp,0.0,,cs0,,58.0,,6.0,,Start,1,1,0,98,98,0,98.0,0.0,0.0,0.0,0.0,0,0,0,0.0,,,0.0,0.0,0.0,ECO,,,,,0.0,0.0,0.0,0
28197,0.0,0.0,0.0,0.0,0.0,0.0,icmp,0.0,,cs0,,58.0,,6.0,,Start,1,1,0,98,98,0,98.0,0.0,0.0,0.0,0.0,0,0,0,0.0,,,0.0,0.0,0.0,ECO,,,,,0.0,0.0,0.0,0
28231,0.202854,0.202854,0.202854,0.202854,0.202854,0.202854,udp,0.0,0.0,cs0,cs0,64.0,52.0,0.0,12.0,Start,22,13,9,13251,8364,4887,643.384644,543.0,475810.2188,304494.875,171315.3438,0,0,0,0.0,,,103.522736,59.155849,39.437233,CON,,,,,0.0,0.0,0.0,0
28245,0.096119,0.096119,0.096119,0.096119,0.096119,0.096119,icmp,0.0,0.0,cs0,cs0,58.0,64.0,6.0,0.0,Start,2,1,1,196,98,98,98.0,98.0,0.0,0.0,0.0,0,0,0,0.0,,,10.40377,0.0,0.0,ECO,,,,,0.0,0.0,0.0,0
28286,0.0,0.0,0.0,0.0,0.0,0.0,icmp,0.0,,cs0,,58.0,,6.0,,Start,1,1,0,98,98,0,98.0,0.0,0.0,0.0,0.0,0,0,0,0.0,,,0.0,0.0,0.0,ECO,,,,,0.0,0.0,0.0,0
28321,0.075998,0.075998,0.075998,0.075998,0.075998,0.075998,icmp,0.0,0.0,cs0,cs0,58.0,64.0,6.0,0.0,Start,2,1,1,196,98,98,98.0,98.0,0.0,0.0,0.0,0,0,0,0.0,,,13.158241,0.0,0.0,ECO,,,,,0.0,0.0,0.0,0
28907,0.0,0.0,0.0,0.0,0.0,0.0,icmp,0.0,,cs0,,58.0,,6.0,,Start,1,1,0,98,98,0,98.0,0.0,0.0,0.0,0.0,0,0,0,0.0,,,0.0,0.0,0.0,ECO,,,,,0.0,0.0,0.0,0
29343,0.078031,0.078031,0.078031,0.078031,0.078031,0.078031,icmp,0.0,0.0,cs0,cs0,58.0,64.0,6.0,0.0,Start,2,1,1,196,98,98,98.0,98.0,0.0,0.0,0.0,0,0,0,0.0,,,12.815419,0.0,0.0,ECO,,,,,0.0,0.0,0.0,0
30505,0.0,0.0,0.0,0.0,0.0,0.0,icmp,0.0,,cs0,,58.0,,6.0,,Start,1,1,0,98,98,0,98.0,0.0,0.0,0.0,0.0,0,0,0,0.0,,,0.0,0.0,0.0,ECO,,,,,0.0,0.0,0.0,0
30625,0.069698,0.069698,0.069698,0.069698,0.069698,0.069698,icmp,0.0,0.0,cs0,cs0,58.0,64.0,6.0,0.0,Start,2,1,1,196,98,98,98.0,98.0,0.0,0.0,0.0,0,0,0,0.0,,,14.347614,0.0,0.0,ECO,,,,,0.0,0.0,0.0,0
30647,0.000111,0.000111,0.000111,0.000111,0.000111,0.000111,sctp,186.0,186.0,ef,ef,252.0,255.0,4.0,1.0,Status,2,1,1,200,102,98,102.0,98.0,0.0,0.0,0.0,0,0,0,0.0,,,9009.008789,0.0,0.0,CON,,,610.0,,0.0,0.0,0.0,0
30684,0.167822,0.167822,0.167822,0.167822,0.167822,0.167822,icmp,0.0,0.0,cs0,cs0,58.0,64.0,6.0,0.0,Start,2,1,1,196,98,98,98.0,98.0,0.0,0.0,0.0,0,0,0,0.0,,,5.958694,0.0,0.0,ECO,,,,,0.0,0.0,0.0,0
30739,0.0,0.0,0.0,0.0,0.0,0.0,icmp,0.0,,cs0,,58.0,,6.0,,Start,1,1,0,98,98,0,98.0,0.0,0.0,0.0,0.0,0,0,0,0.0,,,0.0,0.0,0.0,ECO,,,,,0.0,0.0,0.0,0
31006,0.0,0.0,0.0,0.0,0.0,0.0,icmp,0.0,,cs0,,58.0,,6.0,,Start,1,1,0,98,98,0,98.0,0.0,0.0,0.0,0.0,0,0,0,0.0,,,0.0,0.0,0.0,ECO,,,,,0.0,0.0,0.0,0
31501,3.739659,3.739659,3.739659,3.739659,3.739659,3.739659,udp,0.0,0.0,cs0,cs0,64.0,53.0,0.0,11.0,Status,24,13,11,10647,7911,2736,608.538452,248.72728,20945.22461,15622.81445,5322.410156,0,0,0,0.0,,,6.150293,3.208849,2.674041,CON,,,,,0.0,0.0,0.0,0
31537,0.0,0.0,0.0,0.0,0.0,0.0,icmp,0.0,,cs0,,58.0,,6.0,,Start,1,1,0,98,98,0,98.0,0.0,0.0,0.0,0.0,0,0,0,0.0,,,0.0,0.0,0.0,ECO,,,,,0.0,0.0,0.0,0
31871,0.0,0.0,0.0,0.0,0.0,0.0,sctp,186.0,186.0,ef,ef,252.0,255.0,4.0,1.0,Status,2,1,1,192,98,94,98.0,94.0,0.0,0.0,0.0,0,0,0,0.0,,,0.0,0.0,0.0,CON,,,610.0,,0.0,0.0,0.0,0
32970,0.077358,0.077358,0.077358,0.077358,0.077358,0.077358,icmp,0.0,0.0,cs0,cs0,58.0,64.0,6.0,0.0,Start,2,1,1,196,98,98,98.0,98.0,0.0,0.0,0.0,0,0,0,0.0,,,12.926911,0.0,0.0,ECO,,,,,0.0,0.0,0.0,0
33035,0.100182,0.100182,0.100182,0.100182,0.100182,0.100182,icmp,0.0,0.0,cs0,cs0,58.0,64.0,6.0,0.0,Start,2,1,1,196,98,98,98.0,98.0,0.0,0.0,0.0,0,0,0,0.0,,,9.981833,0.0,0.0,ECO,,,,,0.0,0.0,0.0,0
33155,0.130111,0.130111,0.130111,0.130111,0.130111,0.130111,tcp,0.0,0.0,cs0,cs0,64.0,116.0,0.0,12.0,Start,4,2,2,316,158,158,79.0,79.0,9714.782227,4857.391113,4857.391113,0,0,0,0.0,0.0,0.0,23.057238,7.685746,7.685746,CON,143.0,265.0,,,0.0,0.0,0.0,0
33337,0.0,0.0,0.0,0.0,0.0,0.0,udp,0.0,,cs0,,249.0,,7.0,,Start,1,1,0,74,74,0,74.0,0.0,0.0,0.0,0.0,0,0,0,0.0,,,0.0,0.0,0.0,INT,,,610.0,,0.0,0.0,0.0,0
33410,0.0,0.0,0.0,0.0,0.0,0.0,udp,0.0,,cs0,,249.0,,7.0,,Start,1,1,0,74,74,0,74.0,0.0,0.0,0.0,0.0,0,0,0,0.0,,,0.0,0.0,0.0,INT,,,610.0,,0.0,0.0,0.0,0
33489,0.0,0.0,0.0,0.0,0.0,0.0,udp,0.0,,cs0,,249.0,,7.0,,Start,1,1,0,74,74,0,74.0,0.0,0.0,0.0,0.0,0,0,0,0.0,,,0.0,0.0,0.0,INT,,,610.0,,0.0,0.0,0.0,0
33582,0.0,0.0,0.0,0.0,0.0,0.0,icmp,0.0,,cs0,,58.0,,6.0,,Start,1,1,0,98,98,0,98.0,0.0,0.0,0.0,0.0,0,0,0,0.0,,,0.0,0.0,0.0,ECO,,,,,0.0,0.0,0.0,0
33604,0.05548,0.05548,0.05548,0.05548,0.05548,0.05548,icmp,0.0,0.0,cs0,cs0,58.0,64.0,6.0,0.0,Start,2,1,1,196,98,98,98.0,98.0,0.0,0.0,0.0,0,0,0,0.0,,,18.024513,0.0,0.0,ECO,,,,,0.0,0.0,0.0,0
33623,0.15353,0.15353,0.15353,0.15353,0.15353,0.15353,udp,0.0,0.0,cs0,cs0,64.0,52.0,0.0,12.0,Start,21,11,10,6688,2417,4271,219.72728,427.100006,314830.9688,114531.3594,200299.6094,0,0,0,0.0,,,130.2677,65.13385,58.620464,CON,,,,,0.0,0.0,0.0,0
33665,0.045163,0.045163,0.045163,0.045163,0.045163,0.045163,icmp,0.0,0.0,cs0,cs0,58.0,64.0,6.0,0.0,Start,2,1,1,196,98,98,98.0,98.0,0.0,0.0,0.0,0,0,0,0.0,,,22.142019,0.0,0.0,ECO,,,,,0.0,0.0,0.0,0
33824,0.056805,0.056805,0.056805,0.056805,0.056805,0.056805,icmp,0.0,0.0,cs0,cs0,58.0,64.0,6.0,0.0,Start,2,1,1,196,98,98,98.0,98.0,0.0,0.0,0.0,0,0,0,0.0,,,17.604084,0.0,0.0,ECO,,,,,0.0,0.0,0.0,0
33851,4.964369,4.964369,4.964369,4.964369,4.964369,4.964369,udp,0.0,0.0,cs0,cs0,117.0,64.0,11.0,0.0,Status,174,151,23,210190,204133,6057,1351.874146,263.347839,336116.8438,326779.9063,9336.9375,0,0,0,0.0,,,34.848339,30.215321,4.431581,CON,,,,,0.0,0.0,0.0,0
33878,0.0,0.0,0.0,0.0,0.0,0.0,icmp,0.0,,cs0,,58.0,,6.0,,Start,1,1,0,98,98,0,98.0,0.0,0.0,0.0,0.0,0,0,0,0.0,,,0.0,0.0,0.0,ECO,,,,,0.0,0.0,0.0,0
33946,0.090539,0.090539,0.090539,0.090539,0.090539,0.090539,icmp,0.0,0.0,cs0,cs0,58.0,64.0,6.0,0.0,Start,2,1,1,196,98,98,98.0,98.0,0.0,0.0,0.0,0,0,0,0.0,,,11.044964,0.0,0.0,ECO,,,,,0.0,0.0,0.0,0
33964,0.053917,0.053917,0.053917,0.053917,0.053917,0.053917,udp,0.0,0.0,cs0,cs0,64.0,117.0,0.0,11.0,Status,6,3,3,732,529,203,176.333328,67.666664,72555.96875,52376.80469,20179.16406,0,0,0,0.0,,,92.73513,37.094051,37.094051,CON,,,,,0.0,0.0,0.0,0
34034,0.0,0.0,0.0,0.0,0.0,0.0,icmp,0.0,,cs0,,58.0,,6.0,,Start,1,1,0,98,98,0,98.0,0.0,0.0,0.0,0.0,0,0,0,0.0,,,0.0,0.0,0.0,ECO,,,,,0.0,0.0,0.0,0
34110,4.808369,4.808369,4.808369,4.808369,4.808369,4.808369,udp,0.0,0.0,cs0,cs0,117.0,64.0,11.0,0.0,Status,204,162,42,224287,218025,6262,1345.833374,149.095245,370675.4063,360504.7813,10170.60059,0,0,0,0.0,,,42.218056,33.483288,8.526799,CON,,,,,0.0,0.0,0.0,0
34126,1.238908,1.238908,1.238908,1.238908,1.238908,1.238908,udp,0.0,0.0,cs0,cs0,64.0,52.0,0.0,12.0,Start,25,14,11,14270,10200,4070,728.571411,370.0,85055.54688,61163.53906,23892.00781,0,0,0,0.0,,,19.371897,10.493112,8.071624,CON,,,,,0.0,0.0,0.0,0
34201,0.056113,0.056113,0.056113,0.056113,0.056113,0.056113,icmp,0.0,0.0,cs0,cs0,58.0,64.0,6.0,0.0,Start,2,1,1,196,98,98,98.0,98.0,0.0,0.0,0.0,0,0,0,0.0,,,17.821182,0.0,0.0,ECO,,,,,0.0,0.0,0.0,0
34395,0.0,0.0,0.0,0.0,0.0,0.0,icmp,0.0,,cs0,,58.0,,6.0,,Start,1,1,0,98,98,0,98.0,0.0,0.0,0.0,0.0,0,0,0,0.0,,,0.0,0.0,0.0,ECO,,,,,0.0,0.0,0.0,0
34447,4.896026,4.896026,4.896026,4.896026,4.896026,4.896026,udp,0.0,0.0,cs0,cs0,117.0,64.0,11.0,0.0,Status,163,141,22,195779,191591,4188,1358.801392,190.363632,317369.1875,310836.5625,6532.64502,0,0,0,0.0,,,33.088058,28.594618,4.289193,CON,,,,,0.0,0.0,0.0,0
34469,0.146333,0.146333,0.146333,0.146333,0.146333,0.146333,icmp,0.0,0.0,cs0,cs0,58.0,64.0,6.0,0.0,Start,2,1,1,196,98,98,98.0,98.0,0.0,0.0,0.0,0,0,0,0.0,,,6.833729,0.0,0.0,ECO,,,,,0.0,0.0,0.0,0
34481,0.0411,0.0411,0.0411,0.0411,0.0411,0.0411,icmp,0.0,0.0,cs0,cs0,58.0,64.0,6.0,0.0,Start,2,1,1,196,98,98,98.0,98.0,0.0,0.0,0.0,0,0,0,0.0,,,24.3309,0.0,0.0,ECO,,,,,0.0,0.0,0.0,0
34601,0.035497,0.035497,0.035497,0.035497,0.035497,0.035497,icmp,0.0,0.0,cs0,cs0,58.0,64.0,6.0,0.0,Start,2,1,1,196,98,98,98.0,98.0,0.0,0.0,0.0,0,0,0,0.0,,,28.171396,0.0,0.0,ECO,,,,,0.0,0.0,0.0,0
34602,0.0,0.0,0.0,0.0,0.0,0.0,icmp,0.0,,cs0,,58.0,,6.0,,Start,1,1,0,98,98,0,98.0,0.0,0.0,0.0,0.0,0,0,0,0.0,,,0.0,0.0,0.0,ECO,,,,,0.0,0.0,0.0,0
34617,1.768933,1.768933,1.768933,1.768933,1.768933,1.768933,sctp,186.0,186.0,ef,ef,252.0,255.0,4.0,1.0,Status,4,2,2,392,200,192,100.0,96.0,886.410034,452.25,434.160004,0,0,0,0.0,,,1.695938,0.565313,0.565313,CON,,,610.0,,0.0,0.0,0.0,0
34649,0.0,0.0,0.0,0.0,0.0,0.0,icmp,0.0,,cs0,,58.0,,6.0,,Start,1,1,0,98,98,0,98.0,0.0,0.0,0.0,0.0,0,0,0,0.0,,,0.0,0.0,0.0,ECO,,,,,0.0,0.0,0.0,0
34658,0.093143,0.093143,0.093143,0.093143,0.093143,0.093143,icmp,0.0,0.0,cs0,cs0,58.0,64.0,6.0,0.0,Start,2,1,1,196,98,98,98.0,98.0,0.0,0.0,0.0,0,0,0,0.0,,,10.736179,0.0,0.0,ECO,,,,,0.0,0.0,0.0,0
34741,0.18292,0.18292,0.18292,0.18292,0.18292,0.18292,udp,0.0,0.0,cs0,cs0,64.0,117.0,0.0,11.0,Status,11,5,6,1255,835,420,167.0,70.0,44522.19531,29214.95898,15307.23828,0,0,0,0.0,,,54.668709,21.867483,27.334354,CON,,,,,0.0,0.0,0.0,0
34891,0.0,0.0,0.0,0.0,0.0,0.0,icmp,0.0,,cs0,,58.0,,6.0,,Start,1,1,0,98,98,0,98.0,0.0,0.0,0.0,0.0,0,0,0,0.0,,,0.0,0.0,0.0,ECO,,,,,0.0,0.0,0.0,0
34953,4.998356,4.998356,4.998356,4.998356,4.998356,4.998356,udp,0.0,0.0,cs0,cs0,117.0,64.0,11.0,0.0,Status,194,168,26,233152,228103,5049,1357.755981,194.192307,370683.5,362912.9375,7770.555176,0,0,0,0.0,,,38.612698,33.410988,5.001645,CON,,,,,0.0,0.0,0.0,0
34956,4.99671,4.99671,4.99671,4.99671,4.99671,4.99671,udp,0.0,0.0,cs0,cs0,117.0,64.0,11.0,0.0,Status,211,183,28,250718,244939,5779,1338.464478,206.392853,398940.9063,390018.25,8922.671875,0,0,0,0.0,,,42.027657,36.423969,5.403556,CON,,,,,0.0,0.0,0.0,0
35171,0.057428,0.057428,0.057428,0.057428,0.057428,0.057428,icmp,0.0,0.0,cs0,cs0,58.0,64.0,6.0,0.0,Start,2,1,1,196,98,98,98.0,98.0,0.0,0.0,0.0,0,0,0,0.0,,,17.413109,0.0,0.0,ECO,,,,,0.0,0.0,0.0,0
35301,8.5e-05,8.5e-05,8.5e-05,8.5e-05,8.5e-05,8.5e-05,sctp,186.0,186.0,ef,ef,252.0,255.0,4.0,1.0,Status,2,1,1,200,102,98,102.0,98.0,0.0,0.0,0.0,0,0,0,0.0,,,11764.70606,0.0,0.0,CON,,,610.0,,0.0,0.0,0.0,0
35312,4.996764,4.996764,4.996764,4.996764,4.996764,4.996764,udp,0.0,0.0,cs0,cs0,117.0,64.0,11.0,0.0,Status,194,167,27,225028,218965,6063,1311.167725,224.555557,357820.375,348471.9063,9348.450195,0,0,0,0.0,,,38.624996,33.2215,5.203367,CON,,,,,0.0,0.0,0.0,0
35326,0.095194,0.095194,0.095194,0.095194,0.095194,0.095194,icmp,0.0,0.0,cs0,cs0,58.0,64.0,6.0,0.0,Start,2,1,1,196,98,98,98.0,98.0,0.0,0.0,0.0,0,0,0,0.0,,,10.504864,0.0,0.0,ECO,,,,,0.0,0.0,0.0,0
35336,4.997552,4.997552,4.997552,4.997552,4.997552,4.997552,udp,0.0,0.0,cs0,cs0,117.0,64.0,11.0,0.0,Status,172,149,23,205048,200224,4824,1343.785278,209.739136,325753.0938,318365.4688,7387.617188,0,0,0,0.0,,,34.216755,29.6145,4.402155,CON,,,,,0.0,0.0,0.0,0
35411,0.0,0.0,0.0,0.0,0.0,0.0,icmp,0.0,,cs0,,58.0,,6.0,,Start,1,1,0,98,98,0,98.0,0.0,0.0,0.0,0.0,0,0,0,0.0,,,0.0,0.0,0.0,ECO,,,,,0.0,0.0,0.0,0
35425,4.996446,4.996446,4.996446,4.996446,4.996446,4.996446,udp,0.0,0.0,cs0,cs0,117.0,64.0,11.0,0.0,Status,175,155,20,210896,205639,5257,1326.703247,262.850006,335131.0,327133.3125,7997.68457,0,0,0,0.0,,,34.824753,30.821907,3.802703,CON,,,,,0.0,0.0,0.0,0
35431,0.060984,0.060984,0.060984,0.060984,0.060984,0.060984,udp,0.0,0.0,cs0,cs0,64.0,117.0,0.0,11.0,Status,6,4,2,936,779,157,194.75,78.5,87104.8125,76741.4375,10363.37402,0,0,0,0.0,,,81.988716,49.19323,16.397743,CON,,,,,0.0,0.0,0.0,0
35489,0.0,0.0,0.0,0.0,0.0,0.0,icmp,0.0,,cs0,,58.0,,6.0,,Start,1,1,0,98,98,0,98.0,0.0,0.0,0.0,0.0,0,0,0,0.0,,,0.0,0.0,0.0,ECO,,,,,0.0,0.0,0.0,0
35526,0.0,0.0,0.0,0.0,0.0,0.0,udp,0.0,,cs0,,249.0,,7.0,,Start,1,1,0,74,74,0,74.0,0.0,0.0,0.0,0.0,0,0,0,0.0,,,0.0,0.0,0.0,INT,,,610.0,,0.0,0.0,0.0,0
35583,1.448029,1.448029,1.448029,1.448029,1.448029,1.448029,tcp,0.0,0.0,cs0,cs0,64.0,63.0,0.0,1.0,Status,6,3,3,912,357,555,119.0,185.0,3359.048584,1314.890747,2044.157837,0,0,0,0.0,0.0,0.0,3.452969,1.381188,1.381188,CON,80384.0,32256.0,,,0.072076,0.001316,0.07076,0
35651,0.0,0.0,0.0,0.0,0.0,0.0,icmp,0.0,,cs0,,58.0,,6.0,,Start,1,1,0,98,98,0,98.0,0.0,0.0,0.0,0.0,0,0,0,0.0,,,0.0,0.0,0.0,ECO,,,,,0.0,0.0,0.0,0
35702,4.841073,4.841073,4.841073,4.841073,4.841073,4.841073,tcp,0.0,0.0,cs0,cs0,64.0,63.0,0.0,1.0,Status,8,4,4,571,295,276,73.75,69.0,708.933716,366.860809,342.072937,0,0,0,0.0,0.0,0.0,1.44596,0.619697,0.619697,FIN,82944.0,33280.0,,,0.072076,0.001316,0.07076,0
35703,0.031023,0.031023,0.031023,0.031023,0.031023,0.031023,icmp,0.0,0.0,cs0,cs0,58.0,64.0,6.0,0.0,Start,2,1,1,196,98,98,98.0,98.0,0.0,0.0,0.0,0,0,0,0.0,,,32.23415,0.0,0.0,ECO,,,,,0.0,0.0,0.0,0
35724,0.0,0.0,0.0,0.0,0.0,0.0,icmp,0.0,,cs0,,58.0,,6.0,,Start,1,1,0,98,98,0,98.0,0.0,0.0,0.0,0.0,0,0,0,0.0,,,0.0,0.0,0.0,ECO,,,,,0.0,0.0,0.0,0
35764,4.866023,4.866023,4.866023,4.866023,4.866023,4.866023,udp,0.0,0.0,cs0,cs0,117.0,64.0,11.0,0.0,Status,166,139,27,176793,171077,5716,1230.769775,211.703705,288288.0,279237.4688,9050.511719,0,0,0,0.0,,,33.908592,28.359915,5.343173,CON,,,,,0.0,0.0,0.0,0
35810,4.898234,4.898234,4.898234,4.898234,4.898234,4.898234,udp,0.0,0.0,cs0,cs0,117.0,64.0,11.0,0.0,Status,169,140,29,192140,184376,7764,1316.971436,267.724152,311225.6563,298981.2188,12244.41309,0,0,0,0.0,,,34.298077,28.377575,5.716346,CON,,,,,0.0,0.0,0.0,0
35856,0.0,0.0,0.0,0.0,0.0,0.0,icmp,0.0,,cs0,,58.0,,6.0,,Start,1,1,0,98,98,0,98.0,0.0,0.0,0.0,0.0,0,0,0,0.0,,,0.0,0.0,0.0,ECO,,,,,0.0,0.0,0.0,0
35893,0.0,0.0,0.0,0.0,0.0,0.0,icmp,0.0,,cs0,,58.0,,6.0,,Start,1,1,0,98,98,0,98.0,0.0,0.0,0.0,0.0,0,0,0,0.0,,,0.0,0.0,0.0,ECO,,,,,0.0,0.0,0.0,0
35951,0.0,0.0,0.0,0.0,0.0,0.0,icmp,0.0,,cs0,,58.0,,6.0,,Start,1,1,0,98,98,0,98.0,0.0,0.0,0.0,0.0,0,0,0,0.0,,,0.0,0.0,0.0,ECO,,,,,0.0,0.0,0.0,0
35996,4.999236,4.999236,4.999236,4.999236,4.999236,4.999236,udp,0.0,0.0,cs0,cs0,117.0,64.0,11.0,0.0,Status,139,123,16,155878,150957,4921,1227.292725,307.5625,246988.1406,239604.6094,7383.527832,0,0,0,0.0,,,27.604218,24.403728,3.000458,CON,,,,,0.0,0.0,0.0,0
36005,0.0,0.0,0.0,0.0,0.0,0.0,icmp,0.0,,cs0,,58.0,,6.0,,Start,1,1,0,98,98,0,98.0,0.0,0.0,0.0,0.0,0,0,0,0.0,,,0.0,0.0,0.0,ECO,,,,,0.0,0.0,0.0,0
36013,0.05521,0.05521,0.05521,0.05521,0.05521,0.05521,icmp,0.0,0.0,cs0,cs0,58.0,64.0,6.0,0.0,Start,2,1,1,196,98,98,98.0,98.0,0.0,0.0,0.0,0,0,0,0.0,,,18.112659,0.0,0.0,ECO,,,,,0.0,0.0,0.0,0
36067,4.995572,4.995572,4.995572,4.995572,4.995572,4.995572,udp,0.0,0.0,cs0,cs0,117.0,64.0,11.0,0.0,Status,196,170,26,234764,228989,5775,1346.994141,222.115387,373444.2813,364551.625,8892.674805,0,0,0,0.0,,,39.034569,33.82996,5.004432,CON,,,,,0.0,0.0,0.0,0
36184,0.090336,0.090336,0.090336,0.090336,0.090336,0.090336,icmp,0.0,0.0,cs0,cs0,58.0,64.0,6.0,0.0,Start,2,1,1,196,98,98,98.0,98.0,0.0,0.0,0.0,0,0,0,0.0,,,11.069783,0.0,0.0,ECO,,,,,0.0,0.0,0.0,0
36198,0.0,0.0,0.0,0.0,0.0,0.0,icmp,0.0,,cs0,,58.0,,6.0,,Start,1,1,0,98,98,0,98.0,0.0,0.0,0.0,0.0,0,0,0,0.0,,,0.0,0.0,0.0,ECO,,,,,0.0,0.0,0.0,0
36207,4.96989,4.96989,4.96989,4.96989,4.96989,4.96989,udp,0.0,0.0,cs0,cs0,117.0,64.0,11.0,0.0,Status,179,154,25,211705,206623,5082,1341.707764,203.279999,338294.7813,330441.0938,7853.694824,0,0,0,0.0,,,35.815681,30.785389,4.829081,CON,,,,,0.0,0.0,0.0,0
36287,2.993635,2.993635,2.993635,2.993635,2.993635,2.993635,tcp,136.0,,af41,,255.0,,1.0,,Start,3,3,0,222,222,0,74.0,0.0,395.505798,395.505798,0.0,2,2,0,40.0,0.0,0.0,0.668084,0.668084,0.0,REQ,3737600.0,,,,0.0,0.0,0.0,0
36311,0.048145,0.048145,0.048145,0.048145,0.048145,0.048145,icmp,0.0,0.0,cs0,cs0,58.0,64.0,6.0,0.0,Start,2,1,1,196,98,98,98.0,98.0,0.0,0.0,0.0,0,0,0,0.0,,,20.77059,0.0,0.0,ECO,,,,,0.0,0.0,0.0,0
36459,0.044072,0.044072,0.044072,0.044072,0.044072,0.044072,icmp,0.0,0.0,cs0,cs0,58.0,64.0,6.0,0.0,Start,2,1,1,196,98,98,98.0,98.0,0.0,0.0,0.0,0,0,0,0.0,,,22.690144,0.0,0.0,ECO,,,,,0.0,0.0,0.0,0
36496,0.032402,0.032402,0.032402,0.032402,0.032402,0.032402,icmp,0.0,0.0,cs0,cs0,58.0,64.0,6.0,0.0,Start,2,1,1,196,98,98,98.0,98.0,0.0,0.0,0.0,0,0,0,0.0,,,30.862291,0.0,0.0,ECO,,,,,0.0,0.0,0.0,0
36537,0.057254,0.057254,0.057254,0.057254,0.057254,0.057254,icmp,0.0,0.0,cs0,cs0,58.0,64.0,6.0,0.0,Start,2,1,1,196,98,98,98.0,98.0,0.0,0.0,0.0,0,0,0,0.0,,,17.466028,0.0,0.0,ECO,,,,,0.0,0.0,0.0,0
36589,0.0,0.0,0.0,0.0,0.0,0.0,icmp,0.0,,cs0,,58.0,,6.0,,Start,1,1,0,98,98,0,98.0,0.0,0.0,0.0,0.0,0,0,0,0.0,,,0.0,0.0,0.0,ECO,,,,,0.0,0.0,0.0,0
36713,4.968527,4.968527,4.968527,4.968527,4.968527,4.968527,udp,0.0,0.0,cs0,cs0,117.0,64.0,11.0,0.0,Status,277,248,29,347440,339048,8392,1367.129028,289.379303,556759.0,543712.0625,13046.92578,0,0,0,0.0,,,55.549664,49.712925,5.635473,CON,,,,,0.0,0.0,0.0,0
36774,0.065108,0.065108,0.065108,0.065108,0.065108,0.065108,udp,0.0,0.0,cs0,cs0,64.0,117.0,0.0,11.0,Status,6,3,3,732,529,203,176.333328,67.666664,60084.78125,43374.08594,16710.69531,0,0,0,0.0,,,76.795479,30.718191,30.718191,CON,,,,,0.0,0.0,0.0,0
36806,0.196826,0.196826,0.196826,0.196826,0.196826,0.196826,udp,0.0,0.0,cs0,cs0,64.0,52.0,0.0,12.0,Start,21,13,8,13814,9091,4723,699.307678,590.375,509079.0938,341093.1563,167985.9375,0,0,0,0.0,,,101.612595,60.967556,35.564407,CON,,,,,0.0,0.0,0.0,0
36811,0.052867,0.052867,0.052867,0.052867,0.052867,0.052867,udp,0.0,0.0,cs0,cs0,64.0,117.0,0.0,11.0,Status,4,2,2,438,300,138,150.0,69.0,33139.76563,22698.4707,10441.2959,0,0,0,0.0,,,56.746174,18.915392,18.915392,CON,,,,,0.0,0.0,0.0,0
36845,4.907054,4.907054,4.907054,4.907054,4.907054,4.907054,udp,0.0,0.0,cs0,cs0,117.0,64.0,11.0,0.0,Status,236,212,24,291396,286499,4897,1351.4104,204.041672,472529.5625,464878.5313,7651.026367,0,0,0,0.0,,,47.890244,42.999325,4.68713,CON,,,,,0.0,0.0,0.0,0
36861,0.0,0.0,0.0,0.0,0.0,0.0,sctp,40.0,186.0,af11,ef,250.0,255.0,6.0,1.0,Status,2,1,1,192,98,94,98.0,94.0,0.0,0.0,0.0,0,0,0,0.0,,,0.0,0.0,0.0,CON,,,610.0,,0.0,0.0,0.0,0
36864,0.0,0.0,0.0,0.0,0.0,0.0,icmp,0.0,,cs0,,58.0,,6.0,,Start,1,1,0,98,98,0,98.0,0.0,0.0,0.0,0.0,0,0,0,0.0,,,0.0,0.0,0.0,ECO,,,,,0.0,0.0,0.0,0
36880,0.000118,0.000118,0.000118,0.000118,0.000118,0.000118,sctp,186.0,186.0,ef,ef,252.0,255.0,4.0,1.0,Status,2,1,1,200,102,98,102.0,98.0,0.0,0.0,0.0,0,0,0,0.0,,,8474.576172,0.0,0.0,CON,,,610.0,,0.0,0.0,0.0,0
36924,0.060159,0.060159,0.060159,0.060159,0.060159,0.060159,icmp,0.0,0.0,cs0,cs0,58.0,64.0,6.0,0.0,Start,2,1,1,196,98,98,98.0,98.0,0.0,0.0,0.0,0,0,0,0.0,,,16.622616,0.0,0.0,ECO,,,,,0.0,0.0,0.0,0
37062,0.000299,0.000299,0.000299,0.000299,0.000299,0.000299,udp,224.0,184.0,cs7,ef,250.0,255.0,6.0,1.0,Start,2,1,1,124,64,60,64.0,60.0,0.0,0.0,0.0,0,0,0,0.0,,,3344.481445,0.0,0.0,CON,,,610.0,,0.0,0.0,0.0,0
37069,4.878865,4.878865,4.878865,4.878865,4.878865,4.878865,udp,0.0,0.0,cs0,cs0,117.0,64.0,11.0,0.0,Status,212,182,30,249027,242723,6304,1333.642822,210.133331,405805.8438,395813.375,9992.488281,0,0,0,0.0,,,43.247765,37.098793,5.944005,CON,,,,,0.0,0.0,0.0,0
37145,4.903381,4.903381,4.903381,4.903381,4.903381,4.903381,udp,0.0,0.0,cs0,cs0,117.0,64.0,11.0,0.0,Status,171,155,16,212503,208201,4302,1343.2323,268.875,344076.0938,337494.5,6581.581543,0,0,0,0.0,,,34.669956,31.406902,3.059114,CON,,,,,0.0,0.0,0.0,0
37211,4.892257,4.892257,4.892257,4.892257,4.892257,4.892257,udp,0.0,0.0,cs0,cs0,117.0,64.0,11.0,0.0,Status,145,127,18,162725,157833,4892,1242.779541,271.777771,263619.8125,256063.3906,7556.430176,0,0,0,0.0,,,29.434265,25.754982,3.474879,CON,,,,,0.0,0.0,0.0,0
37219,0.079532,0.079532,0.079532,0.079532,0.079532,0.079532,icmp,0.0,0.0,cs0,cs0,58.0,64.0,6.0,0.0,Start,2,1,1,196,98,98,98.0,98.0,0.0,0.0,0.0,0,0,0,0.0,,,12.573556,0.0,0.0,ECO,,,,,0.0,0.0,0.0,0
37231,0.135386,0.135386,0.135386,0.135386,0.135386,0.135386,icmp,0.0,0.0,cs0,cs0,58.0,64.0,6.0,0.0,Start,2,1,1,196,98,98,98.0,98.0,0.0,0.0,0.0,0,0,0,0.0,,,7.386288,0.0,0.0,ECO,,,,,0.0,0.0,0.0,0
37235,0.0,0.0,0.0,0.0,0.0,0.0,icmp,0.0,,cs0,,58.0,,6.0,,Start,1,1,0,98,98,0,98.0,0.0,0.0,0.0,0.0,0,0,0,0.0,,,0.0,0.0,0.0,ECO,,,,,0.0,0.0,0.0,0
37305,0.05288,0.05288,0.05288,0.05288,0.05288,0.05288,icmp,0.0,0.0,cs0,cs0,58.0,64.0,6.0,0.0,Start,2,1,1,196,98,98,98.0,98.0,0.0,0.0,0.0,0,0,0,0.0,,,18.910742,0.0,0.0,ECO,,,,,0.0,0.0,0.0,0
37323,0.102337,0.102337,0.102337,0.102337,0.102337,0.102337,icmp,0.0,0.0,cs0,cs0,58.0,64.0,6.0,0.0,Start,2,1,1,196,98,98,98.0,98.0,0.0,0.0,0.0,0,0,0,0.0,,,9.771637,0.0,0.0,ECO,,,,,0.0,0.0,0.0,0
37368,0.040418,0.040418,0.040418,0.040418,0.040418,0.040418,icmp,0.0,0.0,cs0,cs0,58.0,64.0,6.0,0.0,Start,2,1,1,196,98,98,98.0,98.0,0.0,0.0,0.0,0,0,0,0.0,,,24.741453,0.0,0.0,ECO,,,,,0.0,0.0,0.0,0
37402,0.065007,0.065007,0.065007,0.065007,0.065007,0.065007,udp,0.0,0.0,cs0,cs0,64.0,117.0,0.0,11.0,Status,9,4,5,1104,761,343,190.25,68.599998,104111.8594,70269.35156,33842.50781,0,0,0,0.0,,,123.063667,46.148876,61.531834,CON,,,,,0.0,0.0,0.0,0
37407,0.0,0.0,0.0,0.0,0.0,0.0,icmp,0.0,,cs0,,58.0,,6.0,,Start,1,1,0,98,98,0,98.0,0.0,0.0,0.0,0.0,0,0,0,0.0,,,0.0,0.0,0.0,ECO,,,,,0.0,0.0,0.0,0
37414,0.0,0.0,0.0,0.0,0.0,0.0,icmp,0.0,,cs0,,58.0,,6.0,,Start,1,1,0,98,98,0,98.0,0.0,0.0,0.0,0.0,0,0,0,0.0,,,0.0,0.0,0.0,ECO,,,,,0.0,0.0,0.0,0
37432,0.112241,0.112241,0.112241,0.112241,0.112241,0.112241,icmp,0.0,0.0,cs0,cs0,58.0,64.0,6.0,0.0,Start,2,1,1,196,98,98,98.0,98.0,0.0,0.0,0.0,0,0,0,0.0,,,8.9094,0.0,0.0,ECO,,,,,0.0,0.0,0.0,0
37438,0.0,0.0,0.0,0.0,0.0,0.0,icmp,0.0,,cs0,,58.0,,6.0,,Start,1,1,0,98,98,0,98.0,0.0,0.0,0.0,0.0,0,0,0,0.0,,,0.0,0.0,0.0,ECO,,,,,0.0,0.0,0.0,0
37442,0.097676,0.097676,0.097676,0.097676,0.097676,0.097676,udp,0.0,0.0,cs0,cs0,64.0,117.0,0.0,11.0,Status,10,5,5,1364,1014,350,202.800003,70.0,89438.54688,66505.58594,22932.96094,0,0,0,0.0,,,92.141365,40.951717,40.951717,CON,,,,,0.0,0.0,0.0,0
37624,4.956102,4.956102,4.956102,4.956102,4.956102,4.956102,udp,0.0,0.0,cs0,cs0,117.0,64.0,11.0,0.0,Status,105,95,10,130145,126281,3864,1329.273682,386.399994,207308.0938,201694.0,5614.089355,0,0,0,0.0,,,20.984234,18.966518,1.815943,CON,,,,,0.0,0.0,0.0,0
37638,0.17285,0.17285,0.17285,0.17285,0.17285,0.17285,udp,0.0,0.0,cs0,cs0,64.0,52.0,0.0,12.0,Start,17,10,7,7221,4328,2893,432.799988,413.285706,295099.8125,180318.2031,114781.6016,0,0,0,0.0,,,92.565811,52.068268,34.712177,CON,,,,,0.0,0.0,0.0,0
37661,4.912076,4.912076,4.912076,4.912076,4.912076,4.912076,udp,0.0,0.0,cs0,cs0,117.0,64.0,11.0,0.0,Status,190,170,20,215468,210255,5213,1236.794067,260.649994,348483.2188,340416.5625,8066.650391,0,0,0,0.0,,,38.476604,34.405006,3.868018,CON,,,,,0.0,0.0,0.0,0
37670,0.052917,0.052917,0.052917,0.052917,0.052917,0.052917,udp,0.0,0.0,cs0,cs0,64.0,117.0,0.0,11.0,Status,4,2,2,441,301,140,150.5,70.0,33410.8125,22828.20313,10582.61035,0,0,0,0.0,,,56.692554,18.897518,18.897518,CON,,,,,0.0,0.0,0.0,0
37684,0.0,0.0,0.0,0.0,0.0,0.0,icmp,0.0,,cs0,,58.0,,6.0,,Start,1,1,0,98,98,0,98.0,0.0,0.0,0.0,0.0,0,0,0,0.0,,,0.0,0.0,0.0,ECO,,,,,0.0,0.0,0.0,0
37702,0.0,0.0,0.0,0.0,0.0,0.0,icmp,0.0,,cs0,,58.0,,6.0,,Start,1,1,0,98,98,0,98.0,0.0,0.0,0.0,0.0,0,0,0,0.0,,,0.0,0.0,0.0,ECO,,,,,0.0,0.0,0.0,0
37726,0.081278,0.081278,0.081278,0.081278,0.081278,0.081278,icmp,0.0,0.0,cs0,cs0,58.0,64.0,6.0,0.0,Start,2,1,1,196,98,98,98.0,98.0,0.0,0.0,0.0,0,0,0,0.0,,,12.303452,0.0,0.0,ECO,,,,,0.0,0.0,0.0,0
37795,0.203,0.203,0.203,0.203,0.203,0.203,udp,0.0,0.0,cs0,cs0,117.0,64.0,11.0,0.0,Status,160,144,16,188121,183374,4747,1273.430542,296.6875,7351803.0,7176394.5,175408.875,0,0,0,0.0,,,783.251282,704.433533,73.891624,CON,,,,,0.0,0.0,0.0,0
37809,0.064113,0.064113,0.064113,0.064113,0.064113,0.064113,icmp,0.0,0.0,cs0,cs0,58.0,64.0,6.0,0.0,Start,2,1,1,196,98,98,98.0,98.0,0.0,0.0,0.0,0,0,0,0.0,,,15.597461,0.0,0.0,ECO,,,,,0.0,0.0,0.0,0
37814,0.0,0.0,0.0,0.0,0.0,0.0,icmp,0.0,,cs0,,58.0,,6.0,,Start,1,1,0,98,98,0,98.0,0.0,0.0,0.0,0.0,0,0,0,0.0,,,0.0,0.0,0.0,ECO,,,,,0.0,0.0,0.0,0
37941,0.0,0.0,0.0,0.0,0.0,0.0,icmp,0.0,,cs0,,58.0,,6.0,,Start,1,1,0,98,98,0,98.0,0.0,0.0,0.0,0.0,0,0,0,0.0,,,0.0,0.0,0.0,ECO,,,,,0.0,0.0,0.0,0
37962,4.927735,4.927735,4.927735,4.927735,4.927735,4.927735,udp,0.0,0.0,cs0,cs0,117.0,64.0,11.0,0.0,Status,106,96,10,132533,128547,3986,1339.03125,398.600006,212342.5938,206517.6094,5824.98877,0,0,0,0.0,,,21.307964,19.278635,1.826397,CON,,,,,0.0,0.0,0.0,0
38034,4.99598,4.99598,4.99598,4.99598,4.99598,4.99598,udp,0.0,0.0,cs0,cs0,117.0,64.0,11.0,0.0,Status,171,140,31,194283,189454,4829,1353.242798,155.7742,308688.1875,301203.7813,7484.417969,0,0,0,0.0,,,34.027359,27.822371,6.004828,CON,,,,,0.0,0.0,0.0,0
38076,0.0,0.0,0.0,0.0,0.0,0.0,icmp,0.0,,cs0,,58.0,,6.0,,Start,1,1,0,98,98,0,98.0,0.0,0.0,0.0,0.0,0,0,0,0.0,,,0.0,0.0,0.0,ECO,,,,,0.0,0.0,0.0,0
38114,0.122277,0.122277,0.122277,0.122277,0.122277,0.122277,udp,0.0,0.0,cs0,cs0,64.0,52.0,0.0,12.0,Start,18,10,8,6498,2347,4151,234.699997,518.875,375933.3438,138243.5,237689.8438,0,0,0,0.0,,,139.028595,73.603378,57.24707,CON,,,,,0.0,0.0,0.0,0
38152,0.0,0.0,0.0,0.0,0.0,0.0,icmp,0.0,,cs0,,58.0,,6.0,,Start,1,1,0,98,98,0,98.0,0.0,0.0,0.0,0.0,0,0,0,0.0,,,0.0,0.0,0.0,ECO,,,,,0.0,0.0,0.0,0
38158,4.95242,4.95242,4.95242,4.95242,4.95242,4.95242,udp,0.0,0.0,cs0,cs0,117.0,64.0,11.0,0.0,Status,129,119,10,154301,149992,4309,1260.437012,430.899994,246523.5,240257.4844,6266.027344,0,0,0,0.0,,,25.845949,23.826735,1.817293,CON,,,,,0.0,0.0,0.0,0
38179,4.997813,4.997813,4.997813,4.997813,4.997813,4.997813,udp,0.0,0.0,cs0,cs0,117.0,64.0,11.0,0.0,Status,184,165,19,225780,220669,5111,1337.387939,269.0,358835.3438,351084.75,7750.589844,0,0,0,0.0,,,36.616013,32.81435,3.601575,CON,,,,,0.0,0.0,0.0,0
38209,0.060002,0.060002,0.060002,0.060002,0.060002,0.060002,udp,0.0,0.0,cs0,cs0,64.0,117.0,0.0,11.0,Status,4,2,2,449,309,140,154.5,70.0,29999.0,20665.97852,9333.022461,0,0,0,0.0,,,49.998333,16.666111,16.666111,CON,,,,,0.0,0.0,0.0,0
38402,0.054114,0.054114,0.054114,0.054114,0.054114,0.054114,udp,0.0,0.0,cs0,cs0,64.0,117.0,0.0,11.0,Status,4,2,2,449,309,140,154.5,70.0,33263.11328,22914.58789,10348.52344,0,0,0,0.0,,,55.438519,18.479507,18.479507,CON,,,,,0.0,0.0,0.0,0
38412,0.012943,0.012943,0.012943,0.012943,0.012943,0.012943,icmp,0.0,0.0,cs0,cs0,58.0,64.0,6.0,0.0,Start,2,1,1,196,98,98,98.0,98.0,0.0,0.0,0.0,0,0,0,0.0,,,77.261841,0.0,0.0,ECO,,,,,0.0,0.0,0.0,0
38418,0.042625,0.042625,0.042625,0.042625,0.042625,0.042625,icmp,0.0,0.0,cs0,cs0,58.0,64.0,6.0,0.0,Start,2,1,1,196,98,98,98.0,98.0,0.0,0.0,0.0,0,0,0,0.0,,,23.460411,0.0,0.0,ECO,,,,,0.0,0.0,0.0,0
38419,0.0,0.0,0.0,0.0,0.0,0.0,icmp,0.0,,cs0,,58.0,,6.0,,Start,1,1,0,98,98,0,98.0,0.0,0.0,0.0,0.0,0,0,0,0.0,,,0.0,0.0,0.0,ECO,,,,,0.0,0.0,0.0,0
38440,0.015039,0.015039,0.015039,0.015039,0.015039,0.015039,tcp,0.0,0.0,cs0,cs0,64.0,63.0,0.0,1.0,Status,6,3,3,439,229,210,76.333336,70.0,155861.4375,81388.39063,74473.03906,0,0,0,0.0,0.0,0.0,332.468933,132.987564,132.987564,FIN,68096.0,31104.0,,,0.017095,0.0012,0.015895,0
38454,0.0,0.0,0.0,0.0,0.0,0.0,icmp,0.0,,cs0,,58.0,,6.0,,Start,1,1,0,98,98,0,98.0,0.0,0.0,0.0,0.0,0,0,0,0.0,,,0.0,0.0,0.0,ECO,,,,,0.0,0.0,0.0,0
38477,0.108943,0.108943,0.108943,0.108943,0.108943,0.108943,icmp,0.0,0.0,cs0,cs0,58.0,64.0,6.0,0.0,Start,2,1,1,196,98,98,98.0,98.0,0.0,0.0,0.0,0,0,0,0.0,,,9.179112,0.0,0.0,ECO,,,,,0.0,0.0,0.0,0
38516,0.0,0.0,0.0,0.0,0.0,0.0,icmp,0.0,,cs0,,58.0,,6.0,,Start,1,1,0,98,98,0,98.0,0.0,0.0,0.0,0.0,0,0,0,0.0,,,0.0,0.0,0.0,ECO,,,,,0.0,0.0,0.0,0
38608,0.0,0.0,0.0,0.0,0.0,0.0,icmp,0.0,,cs0,,58.0,,6.0,,Start,1,1,0,98,98,0,98.0,0.0,0.0,0.0,0.0,0,0,0,0.0,,,0.0,0.0,0.0,ECO,,,,,0.0,0.0,0.0,0
38615,0.048248,0.048248,0.048248,0.048248,0.048248,0.048248,icmp,0.0,0.0,cs0,cs0,58.0,64.0,6.0,0.0,Start,2,1,1,196,98,98,98.0,98.0,0.0,0.0,0.0,0,0,0,0.0,,,20.726248,0.0,0.0,ECO,,,,,0.0,0.0,0.0,0
38641,0.0,0.0,0.0,0.0,0.0,0.0,icmp,0.0,,cs0,,58.0,,6.0,,Start,1,1,0,98,98,0,98.0,0.0,0.0,0.0,0.0,0,0,0,0.0,,,0.0,0.0,0.0,ECO,,,,,0.0,0.0,0.0,0
38646,4.999695,4.999695,4.999695,4.999695,4.999695,4.999695,udp,0.0,0.0,cs0,cs0,117.0,64.0,11.0,0.0,Status,242,227,15,289656,284964,4692,1255.348022,312.799988,460970.5313,453962.0938,7008.427734,0,0,0,0.0,,,48.202942,45.202759,2.800171,CON,,,,,0.0,0.0,0.0,0
38651,0.222655,0.222655,0.222655,0.222655,0.222655,0.222655,sctp,40.0,186.0,af11,ef,250.0,255.0,6.0,1.0,Status,4,2,2,1364,1120,244,560.0,122.0,24504.27734,20120.81445,4383.463379,0,0,0,0.0,,,13.47376,4.491253,4.491253,CON,,,610.0,,0.0,0.0,0.0,0
38669,4.999348,4.999348,4.999348,4.999348,4.999348,4.999348,udp,0.0,0.0,cs0,cs0,117.0,64.0,11.0,0.0,Status,168,154,14,210722,205973,4749,1337.487061,339.214294,334517.2188,327460.2813,7056.919922,0,0,0,0.0,,,33.404354,30.603991,2.600339,CON,,,,,0.0,0.0,0.0,0
38672,0.026061,0.026061,0.026061,0.026061,0.026061,0.026061,icmp,0.0,0.0,cs0,cs0,58.0,64.0,6.0,0.0,Start,2,1,1,196,98,98,98.0,98.0,0.0,0.0,0.0,0,0,0,0.0,,,38.371513,0.0,0.0,ECO,,,,,0.0,0.0,0.0,0
38675,0.0,0.0,0.0,0.0,0.0,0.0,icmp,0.0,,cs0,,58.0,,6.0,,Start,1,1,0,98,98,0,98.0,0.0,0.0,0.0,0.0,0,0,0,0.0,,,0.0,0.0,0.0,ECO,,,,,0.0,0.0,0.0,0
38782,0.070975,0.070975,0.070975,0.070975,0.070975,0.070975,icmp,0.0,0.0,cs0,cs0,58.0,64.0,6.0,0.0,Start,2,1,1,196,98,98,98.0,98.0,0.0,0.0,0.0,0,0,0,0.0,,,14.089469,0.0,0.0,ECO,,,,,0.0,0.0,0.0,0
38922,0.072175,0.072175,0.072175,0.072175,0.072175,0.072175,icmp,0.0,0.0,cs0,cs0,58.0,64.0,6.0,0.0,Start,2,1,1,196,98,98,98.0,98.0,0.0,0.0,0.0,0,0,0,0.0,,,13.855212,0.0,0.0,ECO,,,,,0.0,0.0,0.0,0
38943,0.057261,0.057261,0.057261,0.057261,0.057261,0.057261,icmp,0.0,0.0,cs0,cs0,58.0,64.0,6.0,0.0,Start,2,1,1,196,98,98,98.0,98.0,0.0,0.0,0.0,0,0,0,0.0,,,17.463894,0.0,0.0,ECO,,,,,0.0,0.0,0.0,0
38974,0.0,0.0,0.0,0.0,0.0,0.0,icmp,0.0,,cs0,,58.0,,6.0,,Start,1,1,0,98,98,0,98.0,0.0,0.0,0.0,0.0,0,0,0,0.0,,,0.0,0.0,0.0,ECO,,,,,0.0,0.0,0.0,0
38976,0.126902,0.126902,0.126902,0.126902,0.126902,0.126902,udp,0.0,0.0,cs0,cs0,64.0,53.0,0.0,11.0,Start,21,11,10,6663,2418,4245,219.818176,424.5,379505.4375,138626.6563,240878.7969,0,0,0,0.0,,,157.601929,78.800964,70.920868,CON,,,,,0.0,0.0,0.0,0
39046,0.10411,0.10411,0.10411,0.10411,0.10411,0.10411,icmp,0.0,0.0,cs0,cs0,58.0,64.0,6.0,0.0,Start,2,1,1,196,98,98,98.0,98.0,0.0,0.0,0.0,0,0,0,0.0,,,9.605225,0.0,0.0,ECO,,,,,0.0,0.0,0.0,0
39072,0.0,0.0,0.0,0.0,0.0,0.0,icmp,0.0,,cs0,,58.0,,6.0,,Start,1,1,0,98,98,0,98.0,0.0,0.0,0.0,0.0,0,0,0,0.0,,,0.0,0.0,0.0,ECO,,,,,0.0,0.0,0.0,0
39104,4.944245,4.944245,4.944245,4.944245,4.944245,4.944245,udp,0.0,0.0,cs0,cs0,117.0,64.0,11.0,0.0,Status,267,249,18,343440,338331,5109,1358.759033,283.833344,553045.4375,545236.75,7808.674805,0,0,0,0.0,,,53.799923,50.159328,3.438341,CON,,,,,0.0,0.0,0.0,0
39200,0.037212,0.037212,0.037212,0.037212,0.037212,0.037212,icmp,0.0,0.0,cs0,cs0,58.0,64.0,6.0,0.0,Start,2,1,1,196,98,98,98.0,98.0,0.0,0.0,0.0,0,0,0,0.0,,,26.873053,0.0,0.0,ECO,,,,,0.0,0.0,0.0,0
39230,4.995393,4.995393,4.995393,4.995393,4.995393,4.995393,udp,0.0,0.0,cs0,cs0,117.0,64.0,11.0,0.0,Status,190,164,26,225839,220708,5131,1345.780518,197.346161,359206.1875,351304.5,7901.681152,0,0,0,0.0,,,37.834862,32.630066,5.004611,CON,,,,,0.0,0.0,0.0,0
39242,0.107302,0.107302,0.107302,0.107302,0.107302,0.107302,icmp,0.0,0.0,cs0,cs0,58.0,64.0,6.0,0.0,Start,2,1,1,196,98,98,98.0,98.0,0.0,0.0,0.0,0,0,0,0.0,,,9.31949,0.0,0.0,ECO,,,,,0.0,0.0,0.0,0
39245,4.999601,4.999601,4.999601,4.999601,4.999601,4.999601,udp,0.0,0.0,cs0,cs0,117.0,64.0,11.0,0.0,Status,320,295,25,402785,397154,5631,1346.28479,225.240005,641993.625,633343.375,8650.290039,0,0,0,0.0,,,63.805092,58.804695,4.800383,CON,,,,,0.0,0.0,0.0,0
39320,0.0,0.0,0.0,0.0,0.0,0.0,icmp,0.0,,cs0,,58.0,,6.0,,Start,1,1,0,98,98,0,98.0,0.0,0.0,0.0,0.0,0,0,0,0.0,,,0.0,0.0,0.0,ECO,,,,,0.0,0.0,0.0,0
39370,0.0,0.0,0.0,0.0,0.0,0.0,icmp,0.0,,cs0,,58.0,,6.0,,Start,1,1,0,98,98,0,98.0,0.0,0.0,0.0,0.0,0,0,0,0.0,,,0.0,0.0,0.0,ECO,,,,,0.0,0.0,0.0,0
39514,3.039084,3.039084,3.039084,3.039084,3.039084,3.039084,tcp,0.0,,cs0,,64.0,,0.0,,Start,3,3,0,222,222,0,74.0,0.0,389.591064,389.591064,0.0,2,2,0,40.0,0.0,0.0,0.658093,0.658093,0.0,REQ,33553920.0,,,,0.0,0.0,0.0,0
39581,4.048995,4.048995,4.048995,4.048995,4.048995,4.048995,udp,0.0,,cs0,,64.0,,0.0,,Start,7,7,0,7623,7623,0,1089.0,0.0,12909.87012,12909.87012,0.0,0,0,0,0.0,,,1.481849,1.481849,0.0,INT,,,,,0.0,0.0,0.0,0
39594,1.318581,1.318581,1.318581,1.318581,1.318581,1.318581,tcp,0.0,,cs0,,64.0,,0.0,,Status,2,2,0,148,148,0,74.0,0.0,448.967499,448.967499,0.0,2,2,0,50.0,0.0,0.0,0.758391,0.758391,0.0,REQ,33553920.0,,,,0.0,0.0,0.0,0
39628,3.000964,3.000964,3.000964,3.000964,3.000964,3.000964,tcp,0.0,,cs0,,64.0,,0.0,,Start,3,3,0,222,222,0,74.0,0.0,394.539886,394.539886,0.0,2,2,0,40.0,0.0,0.0,0.666453,0.666453,0.0,REQ,33553920.0,,,,0.0,0.0,0.0,0
39635,0.0,0.0,0.0,0.0,0.0,0.0,tcp,0.0,,cs0,,64.0,,0.0,,Status,1,1,0,74,74,0,74.0,0.0,0.0,0.0,0.0,1,1,0,50.0,0.0,0.0,0.0,0.0,0.0,REQ,33553920.0,,,,0.0,0.0,0.0,0
39664,0.0,0.0,0.0,0.0,0.0,0.0,tcp,0.0,,cs0,,64.0,,0.0,,Status,1,1,0,74,74,0,74.0,0.0,0.0,0.0,0.0,1,1,0,50.0,0.0,0.0,0.0,0.0,0.0,REQ,33553920.0,,,,0.0,0.0,0.0,0
39676,0.0,0.0,0.0,0.0,0.0,0.0,tcp,0.0,0.0,cs0,cs0,64.0,116.0,0.0,12.0,Status,1,1,0,66,66,0,66.0,0.0,0.0,0.0,0.0,0,0,0,0.0,0.0,0.0,0.0,0.0,0.0,FIN,94208.0,,,,0.052971,0.021719,0.031252,0
39729,3.616258,3.616258,3.616258,3.616258,3.616258,3.616258,tcp,0.0,,cs0,,64.0,,0.0,,Start,4,4,0,296,296,0,74.0,0.0,491.115417,491.115417,0.0,3,3,0,42.857143,0.0,0.0,0.829587,0.829587,0.0,REQ,33553920.0,,,,0.0,0.0,0.0,0
39820,0.0,0.0,0.0,0.0,0.0,0.0,udp,0.0,,cs0,,64.0,,0.0,,Start,1,1,0,1292,1292,0,1292.0,0.0,0.0,0.0,0.0,0,0,0,0.0,,,0.0,0.0,0.0,INT,,,,,0.0,0.0,0.0,0
39846,3.246429,3.246429,3.246429,3.246429,3.246429,3.246429,tcp,0.0,,cs0,,64.0,,0.0,,Start,4,4,0,296,296,0,74.0,0.0,547.062622,547.062622,0.0,3,3,0,42.857143,0.0,0.0,0.924092,0.924092,0.0,REQ,33553920.0,,,,0.0,0.0,0.0,0
40020,0.0,0.0,0.0,0.0,0.0,0.0,icmp,0.0,,cs0,,58.0,,6.0,,Start,1,1,0,98,98,0,98.0,0.0,0.0,0.0,0.0,0,0,0,0.0,,,0.0,0.0,0.0,ECO,,,,,0.0,0.0,0.0,0
40076,0.0,0.0,0.0,0.0,0.0,0.0,udp,0.0,,cs0,,249.0,,7.0,,Start,1,1,0,74,74,0,74.0,0.0,0.0,0.0,0.0,0,0,0,0.0,,,0.0,0.0,0.0,INT,,,610.0,,0.0,0.0,0.0,0
40124,0.0,0.0,0.0,0.0,0.0,0.0,udp,0.0,,cs0,,249.0,,7.0,,Start,1,1,0,74,74,0,74.0,0.0,0.0,0.0,0.0,0,0,0,0.0,,,0.0,0.0,0.0,INT,,,610.0,,0.0,0.0,0.0,0
40155,0.0,0.0,0.0,0.0,0.0,0.0,udp,0.0,,cs0,,249.0,,7.0,,Start,1,1,0,74,74,0,74.0,0.0,0.0,0.0,0.0,0,0,0,0.0,,,0.0,0.0,0.0,INT,,,610.0,,0.0,0.0,0.0,0
40168,0.0,0.0,0.0,0.0,0.0,0.0,udp,0.0,,cs0,,249.0,,7.0,,Start,1,1,0,74,74,0,74.0,0.0,0.0,0.0,0.0,0,0,0,0.0,,,0.0,0.0,0.0,INT,,,610.0,,0.0,0.0,0.0,0
40256,0.0,0.0,0.0,0.0,0.0,0.0,udp,0.0,,cs0,,249.0,,7.0,,Start,1,1,0,74,74,0,74.0,0.0,0.0,0.0,0.0,0,0,0,0.0,,,0.0,0.0,0.0,INT,,,610.0,,0.0,0.0,0.0,0
40278,0.0,0.0,0.0,0.0,0.0,0.0,udp,0.0,,cs0,,249.0,,7.0,,Start,1,1,0,74,74,0,74.0,0.0,0.0,0.0,0.0,0,0,0,0.0,,,0.0,0.0,0.0,INT,,,610.0,,0.0,0.0,0.0,0
40341,0.0,0.0,0.0,0.0,0.0,0.0,udp,0.0,,cs0,,249.0,,7.0,,Start,1,1,0,74,74,0,74.0,0.0,0.0,0.0,0.0,0,0,0,0.0,,,0.0,0.0,0.0,INT,,,610.0,,0.0,0.0,0.0,0
40345,0.0,0.0,0.0,0.0,0.0,0.0,udp,0.0,,cs0,,249.0,,7.0,,Start,1,1,0,74,74,0,74.0,0.0,0.0,0.0,0.0,0,0,0,0.0,,,0.0,0.0,0.0,INT,,,610.0,,0.0,0.0,0.0,0
40354,0.0,0.0,0.0,0.0,0.0,0.0,udp,0.0,,cs0,,249.0,,7.0,,Start,1,1,0,74,74,0,74.0,0.0,0.0,0.0,0.0,0,0,0,0.0,,,0.0,0.0,0.0,INT,,,610.0,,0.0,0.0,0.0,0
40373,0.0,0.0,0.0,0.0,0.0,0.0,udp,0.0,,cs0,,249.0,,7.0,,Start,1,1,0,74,74,0,74.0,0.0,0.0,0.0,0.0,0,0,0,0.0,,,0.0,0.0,0.0,INT,,,610.0,,0.0,0.0,0.0,0
40415,0.0,0.0,0.0,0.0,0.0,0.0,udp,0.0,,cs0,,249.0,,7.0,,Start,1,1,0,74,74,0,74.0,0.0,0.0,0.0,0.0,0,0,0,0.0,,,0.0,0.0,0.0,INT,,,610.0,,0.0,0.0,0.0,0
40427,0.0,0.0,0.0,0.0,0.0,0.0,udp,0.0,,cs0,,249.0,,7.0,,Start,1,1,0,74,74,0,74.0,0.0,0.0,0.0,0.0,0,0,0,0.0,,,0.0,0.0,0.0,INT,,,610.0,,0.0,0.0,0.0,0
40477,0.0,0.0,0.0,0.0,0.0,0.0,udp,0.0,,cs0,,249.0,,7.0,,Start,1,1,0,74,74,0,74.0,0.0,0.0,0.0,0.0,0,0,0,0.0,,,0.0,0.0,0.0,INT,,,610.0,,0.0,0.0,0.0,0
40506,0.0,0.0,0.0,0.0,0.0,0.0,udp,0.0,,cs0,,249.0,,7.0,,Start,1,1,0,74,74,0,74.0,0.0,0.0,0.0,0.0,0,0,0,0.0,,,0.0,0.0,0.0,INT,,,610.0,,0.0,0.0,0.0,0
40556,0.0,0.0,0.0,0.0,0.0,0.0,udp,0.0,,cs0,,249.0,,7.0,,Start,1,1,0,74,74,0,74.0,0.0,0.0,0.0,0.0,0,0,0,0.0,,,0.0,0.0,0.0,INT,,,610.0,,0.0,0.0,0.0,0
40608,0.0,0.0,0.0,0.0,0.0,0.0,udp,0.0,,cs0,,249.0,,7.0,,Start,1,1,0,74,74,0,74.0,0.0,0.0,0.0,0.0,0,0,0,0.0,,,0.0,0.0,0.0,INT,,,610.0,,0.0,0.0,0.0,0
40609,0.0,0.0,0.0,0.0,0.0,0.0,udp,0.0,,cs0,,249.0,,7.0,,Start,1,1,0,74,74,0,74.0,0.0,0.0,0.0,0.0,0,0,0,0.0,,,0.0,0.0,0.0,INT,,,610.0,,0.0,0.0,0.0,0
40669,0.0,0.0,0.0,0.0,0.0,0.0,udp,0.0,,cs0,,249.0,,7.0,,Start,1,1,0,74,74,0,74.0,0.0,0.0,0.0,0.0,0,0,0,0.0,,,0.0,0.0,0.0,INT,,,610.0,,0.0,0.0,0.0,0
40775,0.0,0.0,0.0,0.0,0.0,0.0,udp,0.0,,cs0,,249.0,,7.0,,Start,1,1,0,74,74,0,74.0,0.0,0.0,0.0,0.0,0,0,0,0.0,,,0.0,0.0,0.0,INT,,,610.0,,0.0,0.0,0.0,0
40824,0.0,0.0,0.0,0.0,0.0,0.0,udp,0.0,,cs0,,249.0,,7.0,,Start,1,1,0,74,74,0,74.0,0.0,0.0,0.0,0.0,0,0,0,0.0,,,0.0,0.0,0.0,INT,,,610.0,,0.0,0.0,0.0,0
40826,0.0,0.0,0.0,0.0,0.0,0.0,udp,0.0,,cs0,,249.0,,7.0,,Start,1,1,0,74,74,0,74.0,0.0,0.0,0.0,0.0,0,0,0,0.0,,,0.0,0.0,0.0,INT,,,610.0,,0.0,0.0,0.0,0
40871,0.0,0.0,0.0,0.0,0.0,0.0,udp,0.0,,cs0,,249.0,,7.0,,Start,1,1,0,74,74,0,74.0,0.0,0.0,0.0,0.0,0,0,0,0.0,,,0.0,0.0,0.0,INT,,,610.0,,0.0,0.0,0.0,0
40877,0.0,0.0,0.0,0.0,0.0,0.0,udp,0.0,,cs0,,249.0,,7.0,,Start,1,1,0,74,74,0,74.0,0.0,0.0,0.0,0.0,0,0,0,0.0,,,0.0,0.0,0.0,INT,,,610.0,,0.0,0.0,0.0,0
40905,0.0,0.0,0.0,0.0,0.0,0.0,udp,0.0,,cs0,,249.0,,7.0,,Start,1,1,0,74,74,0,74.0,0.0,0.0,0.0,0.0,0,0,0,0.0,,,0.0,0.0,0.0,INT,,,610.0,,0.0,0.0,0.0,0
40914,0.0,0.0,0.0,0.0,0.0,0.0,udp,0.0,,cs0,,249.0,,7.0,,Start,1,1,0,74,74,0,74.0,0.0,0.0,0.0,0.0,0,0,0,0.0,,,0.0,0.0,0.0,INT,,,610.0,,0.0,0.0,0.0,0
40941,0.0,0.0,0.0,0.0,0.0,0.0,udp,0.0,,cs0,,249.0,,7.0,,Start,1,1,0,74,74,0,74.0,0.0,0.0,0.0,0.0,0,0,0,0.0,,,0.0,0.0,0.0,INT,,,610.0,,0.0,0.0,0.0,0
40953,0.0,0.0,0.0,0.0,0.0,0.0,udp,0.0,,cs0,,249.0,,7.0,,Start,1,1,0,74,74,0,74.0,0.0,0.0,0.0,0.0,0,0,0,0.0,,,0.0,0.0,0.0,INT,,,610.0,,0.0,0.0,0.0,0
41008,0.0,0.0,0.0,0.0,0.0,0.0,udp,0.0,,cs0,,249.0,,7.0,,Start,1,1,0,74,74,0,74.0,0.0,0.0,0.0,0.0,0,0,0,0.0,,,0.0,0.0,0.0,INT,,,610.0,,0.0,0.0,0.0,0
41030,0.0,0.0,0.0,0.0,0.0,0.0,udp,0.0,,cs0,,249.0,,7.0,,Start,1,1,0,74,74,0,74.0,0.0,0.0,0.0,0.0,0,0,0,0.0,,,0.0,0.0,0.0,INT,,,610.0,,0.0,0.0,0.0,0
41062,0.0,0.0,0.0,0.0,0.0,0.0,udp,0.0,,cs0,,249.0,,7.0,,Start,1,1,0,74,74,0,74.0,0.0,0.0,0.0,0.0,0,0,0,0.0,,,0.0,0.0,0.0,INT,,,610.0,,0.0,0.0,0.0,0
41064,0.0,0.0,0.0,0.0,0.0,0.0,udp,0.0,,cs0,,249.0,,7.0,,Start,1,1,0,74,74,0,74.0,0.0,0.0,0.0,0.0,0,0,0,0.0,,,0.0,0.0,0.0,INT,,,610.0,,0.0,0.0,0.0,0
41074,0.0,0.0,0.0,0.0,0.0,0.0,udp,0.0,,cs0,,249.0,,7.0,,Start,1,1,0,74,74,0,74.0,0.0,0.0,0.0,0.0,0,0,0,0.0,,,0.0,0.0,0.0,INT,,,610.0,,0.0,0.0,0.0,0
41097,0.0,0.0,0.0,0.0,0.0,0.0,udp,0.0,,cs0,,249.0,,7.0,,Start,1,1,0,74,74,0,74.0,0.0,0.0,0.0,0.0,0,0,0,0.0,,,0.0,0.0,0.0,INT,,,610.0,,0.0,0.0,0.0,0
41125,0.0,0.0,0.0,0.0,0.0,0.0,udp,0.0,,cs0,,249.0,,7.0,,Start,1,1,0,74,74,0,74.0,0.0,0.0,0.0,0.0,0,0,0,0.0,,,0.0,0.0,0.0,INT,,,610.0,,0.0,0.0,0.0,0
41344,0.0,0.0,0.0,0.0,0.0,0.0,udp,0.0,,cs0,,249.0,,7.0,,Start,1,1,0,74,74,0,74.0,0.0,0.0,0.0,0.0,0,0,0,0.0,,,0.0,0.0,0.0,INT,,,610.0,,0.0,0.0,0.0,0
41377,0.0,0.0,0.0,0.0,0.0,0.0,udp,0.0,,cs0,,249.0,,7.0,,Start,1,1,0,74,74,0,74.0,0.0,0.0,0.0,0.0,0,0,0,0.0,,,0.0,0.0,0.0,INT,,,610.0,,0.0,0.0,0.0,0
41441,0.0,0.0,0.0,0.0,0.0,0.0,udp,0.0,,cs0,,249.0,,7.0,,Start,1,1,0,74,74,0,74.0,0.0,0.0,0.0,0.0,0,0,0,0.0,,,0.0,0.0,0.0,INT,,,610.0,,0.0,0.0,0.0,0
41493,0.0,0.0,0.0,0.0,0.0,0.0,udp,0.0,,cs0,,249.0,,7.0,,Start,1,1,0,74,74,0,74.0,0.0,0.0,0.0,0.0,0,0,0,0.0,,,0.0,0.0,0.0,INT,,,610.0,,0.0,0.0,0.0,0
41545,0.0,0.0,0.0,0.0,0.0,0.0,udp,0.0,,cs0,,249.0,,7.0,,Start,1,1,0,74,74,0,74.0,0.0,0.0,0.0,0.0,0,0,0,0.0,,,0.0,0.0,0.0,INT,,,610.0,,0.0,0.0,0.0,0
41579,0.0,0.0,0.0,0.0,0.0,0.0,udp,0.0,,cs0,,249.0,,7.0,,Start,1,1,0,74,74,0,74.0,0.0,0.0,0.0,0.0,0,0,0,0.0,,,0.0,0.0,0.0,INT,,,610.0,,0.0,0.0,0.0,0
41637,0.0,0.0,0.0,0.0,0.0,0.0,udp,0.0,,cs0,,249.0,,7.0,,Start,1,1,0,74,74,0,74.0,0.0,0.0,0.0,0.0,0,0,0,0.0,,,0.0,0.0,0.0,INT,,,610.0,,0.0,0.0,0.0,0
41674,0.0,0.0,0.0,0.0,0.0,0.0,udp,0.0,,cs0,,249.0,,7.0,,Start,1,1,0,74,74,0,74.0,0.0,0.0,0.0,0.0,0,0,0,0.0,,,0.0,0.0,0.0,INT,,,610.0,,0.0,0.0,0.0,0
41735,0.0,0.0,0.0,0.0,0.0,0.0,udp,0.0,,cs0,,249.0,,7.0,,Start,1,1,0,74,74,0,74.0,0.0,0.0,0.0,0.0,0,0,0,0.0,,,0.0,0.0,0.0,INT,,,610.0,,0.0,0.0,0.0,0
41793,0.0,0.0,0.0,0.0,0.0,0.0,udp,0.0,,cs0,,249.0,,7.0,,Start,1,1,0,74,74,0,74.0,0.0,0.0,0.0,0.0,0,0,0,0.0,,,0.0,0.0,0.0,INT,,,610.0,,0.0,0.0,0.0,0
41857,0.0,0.0,0.0,0.0,0.0,0.0,udp,0.0,,cs0,,249.0,,7.0,,Start,1,1,0,74,74,0,74.0,0.0,0.0,0.0,0.0,0,0,0,0.0,,,0.0,0.0,0.0,INT,,,610.0,,0.0,0.0,0.0,0
41863,0.0,0.0,0.0,0.0,0.0,0.0,udp,0.0,,cs0,,249.0,,7.0,,Start,1,1,0,74,74,0,74.0,0.0,0.0,0.0,0.0,0,0,0,0.0,,,0.0,0.0,0.0,INT,,,610.0,,0.0,0.0,0.0,0
41887,0.0,0.0,0.0,0.0,0.0,0.0,udp,0.0,,cs0,,249.0,,7.0,,Start,1,1,0,74,74,0,74.0,0.0,0.0,0.0,0.0,0,0,0,0.0,,,0.0,0.0,0.0,INT,,,610.0,,0.0,0.0,0.0,0
41926,0.0,0.0,0.0,0.0,0.0,0.0,udp,0.0,,cs0,,249.0,,7.0,,Start,1,1,0,74,74,0,74.0,0.0,0.0,0.0,0.0,0,0,0,0.0,,,0.0,0.0,0.0,INT,,,610.0,,0.0,0.0,0.0,0
41956,0.0,0.0,0.0,0.0,0.0,0.0,udp,0.0,,cs0,,249.0,,7.0,,Start,1,1,0,74,74,0,74.0,0.0,0.0,0.0,0.0,0,0,0,0.0,,,0.0,0.0,0.0,INT,,,610.0,,0.0,0.0,0.0,0
41965,0.0,0.0,0.0,0.0,0.0,0.0,udp,0.0,,cs0,,249.0,,7.0,,Start,1,1,0,74,74,0,74.0,0.0,0.0,0.0,0.0,0,0,0,0.0,,,0.0,0.0,0.0,INT,,,610.0,,0.0,0.0,0.0,0
41968,0.0,0.0,0.0,0.0,0.0,0.0,udp,0.0,,cs0,,249.0,,7.0,,Start,1,1,0,74,74,0,74.0,0.0,0.0,0.0,0.0,0,0,0,0.0,,,0.0,0.0,0.0,INT,,,610.0,,0.0,0.0,0.0,0
41972,0.0,0.0,0.0,0.0,0.0,0.0,udp,0.0,,cs0,,249.0,,7.0,,Start,1,1,0,74,74,0,74.0,0.0,0.0,0.0,0.0,0,0,0,0.0,,,0.0,0.0,0.0,INT,,,610.0,,0.0,0.0,0.0,0
42004,0.0,0.0,0.0,0.0,0.0,0.0,udp,0.0,,cs0,,249.0,,7.0,,Start,1,1,0,74,74,0,74.0,0.0,0.0,0.0,0.0,0,0,0,0.0,,,0.0,0.0,0.0,INT,,,610.0,,0.0,0.0,0.0,0
42005,0.0,0.0,0.0,0.0,0.0,0.0,udp,0.0,,cs0,,249.0,,7.0,,Start,1,1,0,74,74,0,74.0,0.0,0.0,0.0,0.0,0,0,0,0.0,,,0.0,0.0,0.0,INT,,,610.0,,0.0,0.0,0.0,0
42013,0.0,0.0,0.0,0.0,0.0,0.0,udp,0.0,,cs0,,249.0,,7.0,,Start,1,1,0,74,74,0,74.0,0.0,0.0,0.0,0.0,0,0,0,0.0,,,0.0,0.0,0.0,INT,,,610.0,,0.0,0.0,0.0,0
42024,0.0,0.0,0.0,0.0,0.0,0.0,udp,0.0,,cs0,,249.0,,7.0,,Start,1,1,0,74,74,0,74.0,0.0,0.0,0.0,0.0,0,0,0,0.0,,,0.0,0.0,0.0,INT,,,610.0,,0.0,0.0,0.0,0
42173,0.0,0.0,0.0,0.0,0.0,0.0,udp,0.0,,cs0,,249.0,,7.0,,Start,1,1,0,74,74,0,74.0,0.0,0.0,0.0,0.0,0,0,0,0.0,,,0.0,0.0,0.0,INT,,,610.0,,0.0,0.0,0.0,0
42203,0.0,0.0,0.0,0.0,0.0,0.0,udp,0.0,,cs0,,249.0,,7.0,,Start,1,1,0,74,74,0,74.0,0.0,0.0,0.0,0.0,0,0,0,0.0,,,0.0,0.0,0.0,INT,,,610.0,,0.0,0.0,0.0,0
42351,0.0,0.0,0.0,0.0,0.0,0.0,udp,0.0,,cs0,,249.0,,7.0,,Start,1,1,0,74,74,0,74.0,0.0,0.0,0.0,0.0,0,0,0,0.0,,,0.0,0.0,0.0,INT,,,610.0,,0.0,0.0,0.0,0
42352,0.0,0.0,0.0,0.0,0.0,0.0,udp,0.0,,cs0,,249.0,,7.0,,Start,1,1,0,74,74,0,74.0,0.0,0.0,0.0,0.0,0,0,0,0.0,,,0.0,0.0,0.0,INT,,,610.0,,0.0,0.0,0.0,0
42357,0.0,0.0,0.0,0.0,0.0,0.0,udp,0.0,,cs0,,249.0,,7.0,,Start,1,1,0,74,74,0,74.0,0.0,0.0,0.0,0.0,0,0,0,0.0,,,0.0,0.0,0.0,INT,,,610.0,,0.0,0.0,0.0,0
42371,0.0,0.0,0.0,0.0,0.0,0.0,udp,0.0,,cs0,,249.0,,7.0,,Start,1,1,0,74,74,0,74.0,0.0,0.0,0.0,0.0,0,0,0,0.0,,,0.0,0.0,0.0,INT,,,610.0,,0.0,0.0,0.0,0
42372,0.0,0.0,0.0,0.0,0.0,0.0,udp,0.0,,cs0,,249.0,,7.0,,Start,1,1,0,74,74,0,74.0,0.0,0.0,0.0,0.0,0,0,0,0.0,,,0.0,0.0,0.0,INT,,,610.0,,0.0,0.0,0.0,0
42405,0.0,0.0,0.0,0.0,0.0,0.0,udp,0.0,,cs0,,249.0,,7.0,,Start,1,1,0,74,74,0,74.0,0.0,0.0,0.0,0.0,0,0,0,0.0,,,0.0,0.0,0.0,INT,,,610.0,,0.0,0.0,0.0,0
42416,0.0,0.0,0.0,0.0,0.0,0.0,udp,0.0,,cs0,,249.0,,7.0,,Start,1,1,0,74,74,0,74.0,0.0,0.0,0.0,0.0,0,0,0,0.0,,,0.0,0.0,0.0,INT,,,610.0,,0.0,0.0,0.0,0
42495,0.0,0.0,0.0,0.0,0.0,0.0,udp,0.0,,cs0,,249.0,,7.0,,Start,1,1,0,74,74,0,74.0,0.0,0.0,0.0,0.0,0,0,0,0.0,,,0.0,0.0,0.0,INT,,,610.0,,0.0,0.0,0.0,0
42519,0.0,0.0,0.0,0.0,0.0,0.0,udp,0.0,,cs0,,249.0,,7.0,,Start,1,1,0,74,74,0,74.0,0.0,0.0,0.0,0.0,0,0,0,0.0,,,0.0,0.0,0.0,INT,,,610.0,,0.0,0.0,0.0,0
42568,0.0,0.0,0.0,0.0,0.0,0.0,udp,0.0,,cs0,,249.0,,7.0,,Start,1,1,0,74,74,0,74.0,0.0,0.0,0.0,0.0,0,0,0,0.0,,,0.0,0.0,0.0,INT,,,610.0,,0.0,0.0,0.0,0
42575,0.0,0.0,0.0,0.0,0.0,0.0,udp,0.0,,cs0,,249.0,,7.0,,Start,1,1,0,74,74,0,74.0,0.0,0.0,0.0,0.0,0,0,0,0.0,,,0.0,0.0,0.0,INT,,,610.0,,0.0,0.0,0.0,0
42673,0.0,0.0,0.0,0.0,0.0,0.0,udp,0.0,,cs0,,249.0,,7.0,,Start,1,1,0,74,74,0,74.0,0.0,0.0,0.0,0.0,0,0,0,0.0,,,0.0,0.0,0.0,INT,,,610.0,,0.0,0.0,0.0,0
42731,0.0,0.0,0.0,0.0,0.0,0.0,udp,0.0,,cs0,,249.0,,7.0,,Start,1,1,0,74,74,0,74.0,0.0,0.0,0.0,0.0,0,0,0,0.0,,,0.0,0.0,0.0,INT,,,610.0,,0.0,0.0,0.0,0
42773,0.0,0.0,0.0,0.0,0.0,0.0,udp,0.0,,cs0,,249.0,,7.0,,Start,1,1,0,74,74,0,74.0,0.0,0.0,0.0,0.0,0,0,0,0.0,,,0.0,0.0,0.0,INT,,,610.0,,0.0,0.0,0.0,0
42871,0.0,0.0,0.0,0.0,0.0,0.0,udp,0.0,,cs0,,249.0,,7.0,,Start,1,1,0,74,74,0,74.0,0.0,0.0,0.0,0.0,0,0,0,0.0,,,0.0,0.0,0.0,INT,,,610.0,,0.0,0.0,0.0,0
42920,0.0,0.0,0.0,0.0,0.0,0.0,udp,0.0,,cs0,,249.0,,7.0,,Start,1,1,0,74,74,0,74.0,0.0,0.0,0.0,0.0,0,0,0,0.0,,,0.0,0.0,0.0,INT,,,610.0,,0.0,0.0,0.0,0
42973,0.0,0.0,0.0,0.0,0.0,0.0,udp,0.0,,cs0,,249.0,,7.0,,Start,1,1,0,74,74,0,74.0,0.0,0.0,0.0,0.0,0,0,0,0.0,,,0.0,0.0,0.0,INT,,,610.0,,0.0,0.0,0.0,0
43138,0.0,0.0,0.0,0.0,0.0,0.0,udp,0.0,,cs0,,249.0,,7.0,,Start,1,1,0,74,74,0,74.0,0.0,0.0,0.0,0.0,0,0,0,0.0,,,0.0,0.0,0.0,INT,,,610.0,,0.0,0.0,0.0,0
43139,0.0,0.0,0.0,0.0,0.0,0.0,udp,0.0,,cs0,,249.0,,7.0,,Start,1,1,0,74,74,0,74.0,0.0,0.0,0.0,0.0,0,0,0,0.0,,,0.0,0.0,0.0,INT,,,610.0,,0.0,0.0,0.0,0
43143,0.0,0.0,0.0,0.0,0.0,0.0,udp,0.0,,cs0,,249.0,,7.0,,Start,1,1,0,74,74,0,74.0,0.0,0.0,0.0,0.0,0,0,0,0.0,,,0.0,0.0,0.0,INT,,,610.0,,0.0,0.0,0.0,0
43191,0.0,0.0,0.0,0.0,0.0,0.0,udp,0.0,,cs0,,249.0,,7.0,,Start,1,1,0,74,74,0,74.0,0.0,0.0,0.0,0.0,0,0,0,0.0,,,0.0,0.0,0.0,INT,,,610.0,,0.0,0.0,0.0,0
43235,0.0,0.0,0.0,0.0,0.0,0.0,udp,0.0,,cs0,,249.0,,7.0,,Start,1,1,0,74,74,0,74.0,0.0,0.0,0.0,0.0,0,0,0,0.0,,,0.0,0.0,0.0,INT,,,610.0,,0.0,0.0,0.0,0
43242,0.0,0.0,0.0,0.0,0.0,0.0,udp,0.0,,cs0,,249.0,,7.0,,Start,1,1,0,74,74,0,74.0,0.0,0.0,0.0,0.0,0,0,0,0.0,,,0.0,0.0,0.0,INT,,,610.0,,0.0,0.0,0.0,0
43305,0.0,0.0,0.0,0.0,0.0,0.0,udp,0.0,,cs0,,249.0,,7.0,,Start,1,1,0,74,74,0,74.0,0.0,0.0,0.0,0.0,0,0,0,0.0,,,0.0,0.0,0.0,INT,,,610.0,,0.0,0.0,0.0,0
43314,0.0,0.0,0.0,0.0,0.0,0.0,udp,0.0,,cs0,,249.0,,7.0,,Start,1,1,0,74,74,0,74.0,0.0,0.0,0.0,0.0,0,0,0,0.0,,,0.0,0.0,0.0,INT,,,610.0,,0.0,0.0,0.0,0
43335,0.0,0.0,0.0,0.0,0.0,0.0,udp,0.0,,cs0,,249.0,,7.0,,Start,1,1,0,74,74,0,74.0,0.0,0.0,0.0,0.0,0,0,0,0.0,,,0.0,0.0,0.0,INT,,,610.0,,0.0,0.0,0.0,0
43360,0.0,0.0,0.0,0.0,0.0,0.0,udp,0.0,,cs0,,249.0,,7.0,,Start,1,1,0,74,74,0,74.0,0.0,0.0,0.0,0.0,0,0,0,0.0,,,0.0,0.0,0.0,INT,,,610.0,,0.0,0.0,0.0,0
43657,0.0,0.0,0.0,0.0,0.0,0.0,udp,0.0,,cs0,,249.0,,7.0,,Start,1,1,0,74,74,0,74.0,0.0,0.0,0.0,0.0,0,0,0,0.0,,,0.0,0.0,0.0,INT,,,610.0,,0.0,0.0,0.0,0
43668,0.0,0.0,0.0,0.0,0.0,0.0,udp,0.0,,cs0,,249.0,,7.0,,Start,1,1,0,74,74,0,74.0,0.0,0.0,0.0,0.0,0,0,0,0.0,,,0.0,0.0,0.0,INT,,,610.0,,0.0,0.0,0.0,0
43681,0.0,0.0,0.0,0.0,0.0,0.0,udp,0.0,,cs0,,249.0,,7.0,,Start,1,1,0,74,74,0,74.0,0.0,0.0,0.0,0.0,0,0,0,0.0,,,0.0,0.0,0.0,INT,,,610.0,,0.0,0.0,0.0,0
43732,0.0,0.0,0.0,0.0,0.0,0.0,udp,0.0,,cs0,,249.0,,7.0,,Start,1,1,0,74,74,0,74.0,0.0,0.0,0.0,0.0,0,0,0,0.0,,,0.0,0.0,0.0,INT,,,610.0,,0.0,0.0,0.0,0
43754,0.0,0.0,0.0,0.0,0.0,0.0,udp,0.0,,cs0,,249.0,,7.0,,Start,1,1,0,74,74,0,74.0,0.0,0.0,0.0,0.0,0,0,0,0.0,,,0.0,0.0,0.0,INT,,,610.0,,0.0,0.0,0.0,0
43776,0.0,0.0,0.0,0.0,0.0,0.0,udp,0.0,,cs0,,249.0,,7.0,,Start,1,1,0,74,74,0,74.0,0.0,0.0,0.0,0.0,0,0,0,0.0,,,0.0,0.0,0.0,INT,,,610.0,,0.0,0.0,0.0,0
43811,0.0,0.0,0.0,0.0,0.0,0.0,udp,0.0,,cs0,,249.0,,7.0,,Start,1,1,0,74,74,0,74.0,0.0,0.0,0.0,0.0,0,0,0,0.0,,,0.0,0.0,0.0,INT,,,610.0,,0.0,0.0,0.0,0
43814,0.0,0.0,0.0,0.0,0.0,0.0,udp,0.0,,cs0,,249.0,,7.0,,Start,1,1,0,74,74,0,74.0,0.0,0.0,0.0,0.0,0,0,0,0.0,,,0.0,0.0,0.0,INT,,,610.0,,0.0,0.0,0.0,0
43914,0.0,0.0,0.0,0.0,0.0,0.0,udp,0.0,,cs0,,249.0,,7.0,,Start,1,1,0,74,74,0,74.0,0.0,0.0,0.0,0.0,0,0,0,0.0,,,0.0,0.0,0.0,INT,,,610.0,,0.0,0.0,0.0,0
44014,0.0,0.0,0.0,0.0,0.0,0.0,udp,0.0,,cs0,,249.0,,7.0,,Start,1,1,0,74,74,0,74.0,0.0,0.0,0.0,0.0,0,0,0,0.0,,,0.0,0.0,0.0,INT,,,610.0,,0.0,0.0,0.0,0
44103,0.0,0.0,0.0,0.0,0.0,0.0,udp,0.0,,cs0,,249.0,,7.0,,Start,1,1,0,74,74,0,74.0,0.0,0.0,0.0,0.0,0,0,0,0.0,,,0.0,0.0,0.0,INT,,,610.0,,0.0,0.0,0.0,0
44131,0.0,0.0,0.0,0.0,0.0,0.0,udp,0.0,,cs0,,249.0,,7.0,,Start,1,1,0,74,74,0,74.0,0.0,0.0,0.0,0.0,0,0,0,0.0,,,0.0,0.0,0.0,INT,,,610.0,,0.0,0.0,0.0,0
44209,0.0,0.0,0.0,0.0,0.0,0.0,udp,0.0,,cs0,,249.0,,7.0,,Start,1,1,0,74,74,0,74.0,0.0,0.0,0.0,0.0,0,0,0,0.0,,,0.0,0.0,0.0,INT,,,610.0,,0.0,0.0,0.0,0
44296,0.0,0.0,0.0,0.0,0.0,0.0,udp,0.0,,cs0,,249.0,,7.0,,Start,1,1,0,74,74,0,74.0,0.0,0.0,0.0,0.0,0,0,0,0.0,,,0.0,0.0,0.0,INT,,,610.0,,0.0,0.0,0.0,0
44299,0.0,0.0,0.0,0.0,0.0,0.0,udp,0.0,,cs0,,249.0,,7.0,,Start,1,1,0,74,74,0,74.0,0.0,0.0,0.0,0.0,0,0,0,0.0,,,0.0,0.0,0.0,INT,,,610.0,,0.0,0.0,0.0,0
44406,0.0,0.0,0.0,0.0,0.0,0.0,udp,0.0,,cs0,,249.0,,7.0,,Start,1,1,0,74,74,0,74.0,0.0,0.0,0.0,0.0,0,0,0,0.0,,,0.0,0.0,0.0,INT,,,610.0,,0.0,0.0,0.0,0
44423,0.0,0.0,0.0,0.0,0.0,0.0,udp,0.0,,cs0,,249.0,,7.0,,Start,1,1,0,74,74,0,74.0,0.0,0.0,0.0,0.0,0,0,0,0.0,,,0.0,0.0,0.0,INT,,,610.0,,0.0,0.0,0.0,0
44439,0.0,0.0,0.0,0.0,0.0,0.0,udp,0.0,,cs0,,249.0,,7.0,,Start,1,1,0,74,74,0,74.0,0.0,0.0,0.0,0.0,0,0,0,0.0,,,0.0,0.0,0.0,INT,,,610.0,,0.0,0.0,0.0,0
44502,0.0,0.0,0.0,0.0,0.0,0.0,udp,0.0,,cs0,,249.0,,7.0,,Start,1,1,0,74,74,0,74.0,0.0,0.0,0.0,0.0,0,0,0,0.0,,,0.0,0.0,0.0,INT,,,610.0,,0.0,0.0,0.0,0
44542,0.0,0.0,0.0,0.0,0.0,0.0,udp,0.0,,cs0,,249.0,,7.0,,Start,1,1,0,74,74,0,74.0,0.0,0.0,0.0,0.0,0,0,0,0.0,,,0.0,0.0,0.0,INT,,,610.0,,0.0,0.0,0.0,0
44571,0.0,0.0,0.0,0.0,0.0,0.0,udp,0.0,,cs0,,249.0,,7.0,,Start,1,1,0,74,74,0,74.0,0.0,0.0,0.0,0.0,0,0,0,0.0,,,0.0,0.0,0.0,INT,,,610.0,,0.0,0.0,0.0,0
44652,0.0,0.0,0.0,0.0,0.0,0.0,udp,0.0,,cs0,,249.0,,7.0,,Start,1,1,0,74,74,0,74.0,0.0,0.0,0.0,0.0,0,0,0,0.0,,,0.0,0.0,0.0,INT,,,610.0,,0.0,0.0,0.0,0
44673,4.974801,4.974801,4.974801,4.974801,4.974801,4.974801,tcp,0.0,0.0,cs0,cs0,64.0,117.0,0.0,11.0,Status,120,24,96,140381,3382,136999,140.916672,1427.072876,223227.4219,5213.474609,218013.9375,0,0,0,0.0,0.0,0.0,23.920555,4.623301,19.096241,CON,750592.0,145152.0,,,0.04417,0.021378,0.022792,0
44688,0.0,0.0,0.0,0.0,0.0,0.0,udp,0.0,,cs0,,249.0,,7.0,,Start,1,1,0,74,74,0,74.0,0.0,0.0,0.0,0.0,0,0,0,0.0,,,0.0,0.0,0.0,INT,,,610.0,,0.0,0.0,0.0,0
44709,0.0,0.0,0.0,0.0,0.0,0.0,udp,0.0,,cs0,,249.0,,7.0,,Start,1,1,0,74,74,0,74.0,0.0,0.0,0.0,0.0,0,0,0,0.0,,,0.0,0.0,0.0,INT,,,610.0,,0.0,0.0,0.0,0
44778,0.0,0.0,0.0,0.0,0.0,0.0,udp,0.0,,cs0,,249.0,,7.0,,Start,1,1,0,74,74,0,74.0,0.0,0.0,0.0,0.0,0,0,0,0.0,,,0.0,0.0,0.0,INT,,,610.0,,0.0,0.0,0.0,0
44925,0.0,0.0,0.0,0.0,0.0,0.0,udp,0.0,,cs0,,249.0,,7.0,,Start,1,1,0,74,74,0,74.0,0.0,0.0,0.0,0.0,0,0,0,0.0,,,0.0,0.0,0.0,INT,,,610.0,,0.0,0.0,0.0,0
44927,0.0,0.0,0.0,0.0,0.0,0.0,udp,0.0,,cs0,,249.0,,7.0,,Start,1,1,0,74,74,0,74.0,0.0,0.0,0.0,0.0,0,0,0,0.0,,,0.0,0.0,0.0,INT,,,610.0,,0.0,0.0,0.0,0
44941,0.0,0.0,0.0,0.0,0.0,0.0,udp,0.0,,cs0,,249.0,,7.0,,Start,1,1,0,74,74,0,74.0,0.0,0.0,0.0,0.0,0,0,0,0.0,,,0.0,0.0,0.0,INT,,,610.0,,0.0,0.0,0.0,0
44996,0.0,0.0,0.0,0.0,0.0,0.0,udp,0.0,,cs0,,249.0,,7.0,,Start,1,1,0,74,74,0,74.0,0.0,0.0,0.0,0.0,0,0,0,0.0,,,0.0,0.0,0.0,INT,,,610.0,,0.0,0.0,0.0,0
45057,0.0,0.0,0.0,0.0,0.0,0.0,udp,0.0,,cs0,,249.0,,7.0,,Start,1,1,0,74,74,0,74.0,0.0,0.0,0.0,0.0,0,0,0,0.0,,,0.0,0.0,0.0,INT,,,610.0,,0.0,0.0,0.0,0
45138,0.0,0.0,0.0,0.0,0.0,0.0,udp,0.0,,cs0,,249.0,,7.0,,Start,1,1,0,74,74,0,74.0,0.0,0.0,0.0,0.0,0,0,0,0.0,,,0.0,0.0,0.0,INT,,,610.0,,0.0,0.0,0.0,0
45147,0.0,0.0,0.0,0.0,0.0,0.0,udp,0.0,,cs0,,249.0,,7.0,,Start,1,1,0,74,74,0,74.0,0.0,0.0,0.0,0.0,0,0,0,0.0,,,0.0,0.0,0.0,INT,,,610.0,,0.0,0.0,0.0,0
45152,0.0,0.0,0.0,0.0,0.0,0.0,udp,0.0,,cs0,,249.0,,7.0,,Start,1,1,0,74,74,0,74.0,0.0,0.0,0.0,0.0,0,0,0,0.0,,,0.0,0.0,0.0,INT,,,610.0,,0.0,0.0,0.0,0
45178,0.0,0.0,0.0,0.0,0.0,0.0,udp,0.0,,cs0,,249.0,,7.0,,Start,1,1,0,74,74,0,74.0,0.0,0.0,0.0,0.0,0,0,0,0.0,,,0.0,0.0,0.0,INT,,,610.0,,0.0,0.0,0.0,0
45208,0.0,0.0,0.0,0.0,0.0,0.0,udp,0.0,,cs0,,249.0,,7.0,,Start,1,1,0,74,74,0,74.0,0.0,0.0,0.0,0.0,0,0,0,0.0,,,0.0,0.0,0.0,INT,,,610.0,,0.0,0.0,0.0,0
45442,0.0,0.0,0.0,0.0,0.0,0.0,udp,0.0,,cs0,,249.0,,7.0,,Start,1,1,0,74,74,0,74.0,0.0,0.0,0.0,0.0,0,0,0,0.0,,,0.0,0.0,0.0,INT,,,610.0,,0.0,0.0,0.0,0
45529,0.0,0.0,0.0,0.0,0.0,0.0,udp,0.0,,cs0,,249.0,,7.0,,Start,1,1,0,74,74,0,74.0,0.0,0.0,0.0,0.0,0,0,0,0.0,,,0.0,0.0,0.0,INT,,,610.0,,0.0,0.0,0.0,0
45597,0.0,0.0,0.0,0.0,0.0,0.0,udp,0.0,,cs0,,249.0,,7.0,,Start,1,1,0,74,74,0,74.0,0.0,0.0,0.0,0.0,0,0,0,0.0,,,0.0,0.0,0.0,INT,,,610.0,,0.0,0.0,0.0,0
45616,0.0,0.0,0.0,0.0,0.0,0.0,udp,0.0,,cs0,,249.0,,7.0,,Start,1,1,0,74,74,0,74.0,0.0,0.0,0.0,0.0,0,0,0,0.0,,,0.0,0.0,0.0,INT,,,610.0,,0.0,0.0,0.0,0
45641,0.0,0.0,0.0,0.0,0.0,0.0,udp,0.0,,cs0,,249.0,,7.0,,Start,1,1,0,74,74,0,74.0,0.0,0.0,0.0,0.0,0,0,0,0.0,,,0.0,0.0,0.0,INT,,,610.0,,0.0,0.0,0.0,0
45695,0.0,0.0,0.0,0.0,0.0,0.0,udp,0.0,,cs0,,249.0,,7.0,,Start,1,1,0,74,74,0,74.0,0.0,0.0,0.0,0.0,0,0,0,0.0,,,0.0,0.0,0.0,INT,,,610.0,,0.0,0.0,0.0,0
45699,0.0,0.0,0.0,0.0,0.0,0.0,udp,0.0,,cs0,,249.0,,7.0,,Start,1,1,0,74,74,0,74.0,0.0,0.0,0.0,0.0,0,0,0,0.0,,,0.0,0.0,0.0,INT,,,610.0,,0.0,0.0,0.0,0
45798,0.052987,0.052987,0.052987,0.052987,0.052987,0.052987,tcp,0.0,0.0,cs0,cs0,64.0,116.0,0.0,12.0,Start,4,2,2,1899,501,1398,250.5,699.0,143431.4063,37896.08594,105535.3125,0,0,0,0.0,0.0,0.0,56.617661,18.872553,18.872553,CON,174.0,269.0,,,0.0,0.0,0.0,0
45806,0.0,0.0,0.0,0.0,0.0,0.0,udp,0.0,,cs0,,249.0,,7.0,,Start,1,1,0,74,74,0,74.0,0.0,0.0,0.0,0.0,0,0,0,0.0,,,0.0,0.0,0.0,INT,,,610.0,,0.0,0.0,0.0,0
45849,0.0,0.0,0.0,0.0,0.0,0.0,udp,0.0,,cs0,,249.0,,7.0,,Start,1,1,0,74,74,0,74.0,0.0,0.0,0.0,0.0,0,0,0,0.0,,,0.0,0.0,0.0,INT,,,610.0,,0.0,0.0,0.0,0
45903,0.0,0.0,0.0,0.0,0.0,0.0,udp,0.0,,cs0,,249.0,,7.0,,Start,1,1,0,74,74,0,74.0,0.0,0.0,0.0,0.0,0,0,0,0.0,,,0.0,0.0,0.0,INT,,,610.0,,0.0,0.0,0.0,0
45971,0.0,0.0,0.0,0.0,0.0,0.0,udp,0.0,,cs0,,249.0,,7.0,,Start,1,1,0,74,74,0,74.0,0.0,0.0,0.0,0.0,0,0,0,0.0,,,0.0,0.0,0.0,INT,,,610.0,,0.0,0.0,0.0,0
46059,0.0,0.0,0.0,0.0,0.0,0.0,udp,0.0,,cs0,,249.0,,7.0,,Start,1,1,0,74,74,0,74.0,0.0,0.0,0.0,0.0,0,0,0,0.0,,,0.0,0.0,0.0,INT,,,610.0,,0.0,0.0,0.0,0
46096,0.0,0.0,0.0,0.0,0.0,0.0,udp,0.0,,cs0,,249.0,,7.0,,Start,1,1,0,74,74,0,74.0,0.0,0.0,0.0,0.0,0,0,0,0.0,,,0.0,0.0,0.0,INT,,,610.0,,0.0,0.0,0.0,0
46101,0.0,0.0,0.0,0.0,0.0,0.0,udp,0.0,,cs0,,249.0,,7.0,,Start,1,1,0,74,74,0,74.0,0.0,0.0,0.0,0.0,0,0,0,0.0,,,0.0,0.0,0.0,INT,,,610.0,,0.0,0.0,0.0,0
46188,0.0,0.0,0.0,0.0,0.0,0.0,udp,0.0,,cs0,,249.0,,7.0,,Start,1,1,0,74,74,0,74.0,0.0,0.0,0.0,0.0,0,0,0,0.0,,,0.0,0.0,0.0,INT,,,610.0,,0.0,0.0,0.0,0
46222,0.0,0.0,0.0,0.0,0.0,0.0,udp,0.0,,cs0,,249.0,,7.0,,Start,1,1,0,74,74,0,74.0,0.0,0.0,0.0,0.0,0,0,0,0.0,,,0.0,0.0,0.0,INT,,,610.0,,0.0,0.0,0.0,0
46331,0.0,0.0,0.0,0.0,0.0,0.0,udp,0.0,,cs0,,249.0,,7.0,,Start,1,1,0,74,74,0,74.0,0.0,0.0,0.0,0.0,0,0,0,0.0,,,0.0,0.0,0.0,INT,,,610.0,,0.0,0.0,0.0,0
46346,0.0,0.0,0.0,0.0,0.0,0.0,udp,0.0,,cs0,,249.0,,7.0,,Start,1,1,0,74,74,0,74.0,0.0,0.0,0.0,0.0,0,0,0,0.0,,,0.0,0.0,0.0,INT,,,610.0,,0.0,0.0,0.0,0
46358,0.0,0.0,0.0,0.0,0.0,0.0,udp,0.0,,cs0,,249.0,,7.0,,Start,1,1,0,74,74,0,74.0,0.0,0.0,0.0,0.0,0,0,0,0.0,,,0.0,0.0,0.0,INT,,,610.0,,0.0,0.0,0.0,0
46387,0.0,0.0,0.0,0.0,0.0,0.0,udp,0.0,,cs0,,249.0,,7.0,,Start,1,1,0,74,74,0,74.0,0.0,0.0,0.0,0.0,0,0,0,0.0,,,0.0,0.0,0.0,INT,,,610.0,,0.0,0.0,0.0,0
46448,0.090159,0.090159,0.090159,0.090159,0.090159,0.090159,tcp,0.0,0.0,cs0,cs0,64.0,117.0,0.0,11.0,Status,10,8,2,2450,2318,132,289.75,66.0,185893.8125,180037.4844,5856.320801,0,0,0,0.0,0.0,0.0,99.823647,77.640617,11.091516,CON,750592.0,176640.0,,,0.04417,0.021378,0.022792,0
46501,0.0,0.0,0.0,0.0,0.0,0.0,udp,0.0,,cs0,,249.0,,7.0,,Start,1,1,0,74,74,0,74.0,0.0,0.0,0.0,0.0,0,0,0,0.0,,,0.0,0.0,0.0,INT,,,610.0,,0.0,0.0,0.0,0
46527,0.0,0.0,0.0,0.0,0.0,0.0,udp,0.0,,cs0,,249.0,,7.0,,Start,1,1,0,74,74,0,74.0,0.0,0.0,0.0,0.0,0,0,0,0.0,,,0.0,0.0,0.0,INT,,,610.0,,0.0,0.0,0.0,0
46541,0.0,0.0,0.0,0.0,0.0,0.0,udp,0.0,,cs0,,249.0,,7.0,,Start,1,1,0,74,74,0,74.0,0.0,0.0,0.0,0.0,0,0,0,0.0,,,0.0,0.0,0.0,INT,,,610.0,,0.0,0.0,0.0,0
46592,0.0,0.0,0.0,0.0,0.0,0.0,udp,0.0,,cs0,,249.0,,7.0,,Start,1,1,0,74,74,0,74.0,0.0,0.0,0.0,0.0,0,0,0,0.0,,,0.0,0.0,0.0,INT,,,610.0,,0.0,0.0,0.0,0
46599,0.0,0.0,0.0,0.0,0.0,0.0,udp,0.0,,cs0,,249.0,,7.0,,Start,1,1,0,74,74,0,74.0,0.0,0.0,0.0,0.0,0,0,0,0.0,,,0.0,0.0,0.0,INT,,,610.0,,0.0,0.0,0.0,0
46618,0.0,0.0,0.0,0.0,0.0,0.0,udp,0.0,,cs0,,249.0,,7.0,,Start,1,1,0,74,74,0,74.0,0.0,0.0,0.0,0.0,0,0,0,0.0,,,0.0,0.0,0.0,INT,,,610.0,,0.0,0.0,0.0,0
46641,0.0,0.0,0.0,0.0,0.0,0.0,udp,0.0,,cs0,,249.0,,7.0,,Start,1,1,0,74,74,0,74.0,0.0,0.0,0.0,0.0,0,0,0,0.0,,,0.0,0.0,0.0,INT,,,610.0,,0.0,0.0,0.0,0
46666,0.0,0.0,0.0,0.0,0.0,0.0,udp,0.0,,cs0,,249.0,,7.0,,Start,1,1,0,74,74,0,74.0,0.0,0.0,0.0,0.0,0,0,0,0.0,,,0.0,0.0,0.0,INT,,,610.0,,0.0,0.0,0.0,0
46683,0.0,0.0,0.0,0.0,0.0,0.0,udp,0.0,,cs0,,249.0,,7.0,,Start,1,1,0,74,74,0,74.0,0.0,0.0,0.0,0.0,0,0,0,0.0,,,0.0,0.0,0.0,INT,,,610.0,,0.0,0.0,0.0,0
46687,0.0,0.0,0.0,0.0,0.0,0.0,udp,0.0,,cs0,,249.0,,7.0,,Start,1,1,0,74,74,0,74.0,0.0,0.0,0.0,0.0,0,0,0,0.0,,,0.0,0.0,0.0,INT,,,610.0,,0.0,0.0,0.0,0
46712,0.0,0.0,0.0,0.0,0.0,0.0,udp,0.0,,cs0,,249.0,,7.0,,Start,1,1,0,74,74,0,74.0,0.0,0.0,0.0,0.0,0,0,0,0.0,,,0.0,0.0,0.0,INT,,,610.0,,0.0,0.0,0.0,0
46715,0.0,0.0,0.0,0.0,0.0,0.0,udp,0.0,,cs0,,249.0,,7.0,,Start,1,1,0,74,74,0,74.0,0.0,0.0,0.0,0.0,0,0,0,0.0,,,0.0,0.0,0.0,INT,,,610.0,,0.0,0.0,0.0,0
46716,0.0,0.0,0.0,0.0,0.0,0.0,udp,0.0,,cs0,,249.0,,7.0,,Start,1,1,0,74,74,0,74.0,0.0,0.0,0.0,0.0,0,0,0,0.0,,,0.0,0.0,0.0,INT,,,610.0,,0.0,0.0,0.0,0
46766,0.0,0.0,0.0,0.0,0.0,0.0,udp,0.0,,cs0,,249.0,,7.0,,Start,1,1,0,74,74,0,74.0,0.0,0.0,0.0,0.0,0,0,0,0.0,,,0.0,0.0,0.0,INT,,,610.0,,0.0,0.0,0.0,0
46786,0.0,0.0,0.0,0.0,0.0,0.0,udp,0.0,,cs0,,249.0,,7.0,,Start,1,1,0,74,74,0,74.0,0.0,0.0,0.0,0.0,0,0,0,0.0,,,0.0,0.0,0.0,INT,,,610.0,,0.0,0.0,0.0,0
46861,0.0,0.0,0.0,0.0,0.0,0.0,udp,0.0,,cs0,,249.0,,7.0,,Start,1,1,0,64,64,0,64.0,0.0,0.0,0.0,0.0,0,0,0,0.0,,,0.0,0.0,0.0,INT,,,610.0,,0.0,0.0,0.0,0
46910,0.0,0.0,0.0,0.0,0.0,0.0,udp,0.0,,cs0,,249.0,,7.0,,Start,1,1,0,74,74,0,74.0,0.0,0.0,0.0,0.0,0,0,0,0.0,,,0.0,0.0,0.0,INT,,,610.0,,0.0,0.0,0.0,0
47082,0.0,0.0,0.0,0.0,0.0,0.0,udp,0.0,,cs0,,249.0,,7.0,,Start,1,1,0,74,74,0,74.0,0.0,0.0,0.0,0.0,0,0,0,0.0,,,0.0,0.0,0.0,INT,,,610.0,,0.0,0.0,0.0,0
47173,0.0,0.0,0.0,0.0,0.0,0.0,udp,0.0,,cs0,,249.0,,7.0,,Start,1,1,0,74,74,0,74.0,0.0,0.0,0.0,0.0,0,0,0,0.0,,,0.0,0.0,0.0,INT,,,610.0,,0.0,0.0,0.0,0
47189,0.0,0.0,0.0,0.0,0.0,0.0,udp,0.0,,cs0,,249.0,,7.0,,Start,1,1,0,74,74,0,74.0,0.0,0.0,0.0,0.0,0,0,0,0.0,,,0.0,0.0,0.0,INT,,,610.0,,0.0,0.0,0.0,0
47239,0.0,0.0,0.0,0.0,0.0,0.0,udp,0.0,,cs0,,249.0,,7.0,,Start,1,1,0,74,74,0,74.0,0.0,0.0,0.0,0.0,0,0,0,0.0,,,0.0,0.0,0.0,INT,,,610.0,,0.0,0.0,0.0,0
47282,0.0,0.0,0.0,0.0,0.0,0.0,udp,0.0,,cs0,,249.0,,7.0,,Start,1,1,0,74,74,0,74.0,0.0,0.0,0.0,0.0,0,0,0,0.0,,,0.0,0.0,0.0,INT,,,610.0,,0.0,0.0,0.0,0
47289,0.0,0.0,0.0,0.0,0.0,0.0,udp,0.0,,cs0,,249.0,,7.0,,Start,1,1,0,74,74,0,74.0,0.0,0.0,0.0,0.0,0,0,0,0.0,,,0.0,0.0,0.0,INT,,,610.0,,0.0,0.0,0.0,0
47478,0.0,0.0,0.0,0.0,0.0,0.0,udp,0.0,,cs0,,249.0,,7.0,,Start,1,1,0,74,74,0,74.0,0.0,0.0,0.0,0.0,0,0,0,0.0,,,0.0,0.0,0.0,INT,,,610.0,,0.0,0.0,0.0,0
47554,0.0,0.0,0.0,0.0,0.0,0.0,udp,0.0,,cs0,,249.0,,7.0,,Start,1,1,0,74,74,0,74.0,0.0,0.0,0.0,0.0,0,0,0,0.0,,,0.0,0.0,0.0,INT,,,610.0,,0.0,0.0,0.0,0
47705,0.0,0.0,0.0,0.0,0.0,0.0,udp,0.0,,cs0,,249.0,,7.0,,Start,1,1,0,74,74,0,74.0,0.0,0.0,0.0,0.0,0,0,0,0.0,,,0.0,0.0,0.0,INT,,,610.0,,0.0,0.0,0.0,0
47798,0.0,0.0,0.0,0.0,0.0,0.0,udp,0.0,,cs0,,249.0,,7.0,,Start,1,1,0,74,74,0,74.0,0.0,0.0,0.0,0.0,0,0,0,0.0,,,0.0,0.0,0.0,INT,,,610.0,,0.0,0.0,0.0,0
47837,0.0,0.0,0.0,0.0,0.0,0.0,udp,0.0,,cs0,,249.0,,7.0,,Start,1,1,0,74,74,0,74.0,0.0,0.0,0.0,0.0,0,0,0,0.0,,,0.0,0.0,0.0,INT,,,610.0,,0.0,0.0,0.0,0
47953,0.0,0.0,0.0,0.0,0.0,0.0,udp,0.0,,cs0,,249.0,,7.0,,Start,1,1,0,74,74,0,74.0,0.0,0.0,0.0,0.0,0,0,0,0.0,,,0.0,0.0,0.0,INT,,,610.0,,0.0,0.0,0.0,0
48018,0.0,0.0,0.0,0.0,0.0,0.0,udp,0.0,,cs0,,249.0,,7.0,,Start,1,1,0,74,74,0,74.0,0.0,0.0,0.0,0.0,0,0,0,0.0,,,0.0,0.0,0.0,INT,,,610.0,,0.0,0.0,0.0,0
48068,0.0,0.0,0.0,0.0,0.0,0.0,udp,0.0,,cs0,,249.0,,7.0,,Start,1,1,0,74,74,0,74.0,0.0,0.0,0.0,0.0,0,0,0,0.0,,,0.0,0.0,0.0,INT,,,610.0,,0.0,0.0,0.0,0
48102,0.0,0.0,0.0,0.0,0.0,0.0,udp,0.0,,cs0,,249.0,,7.0,,Start,1,1,0,74,74,0,74.0,0.0,0.0,0.0,0.0,0,0,0,0.0,,,0.0,0.0,0.0,INT,,,610.0,,0.0,0.0,0.0,0
48162,0.0,0.0,0.0,0.0,0.0,0.0,udp,0.0,,cs0,,249.0,,7.0,,Start,1,1,0,74,74,0,74.0,0.0,0.0,0.0,0.0,0,0,0,0.0,,,0.0,0.0,0.0,INT,,,610.0,,0.0,0.0,0.0,0
48261,0.0,0.0,0.0,0.0,0.0,0.0,udp,0.0,,cs0,,249.0,,7.0,,Start,1,1,0,74,74,0,74.0,0.0,0.0,0.0,0.0,0,0,0,0.0,,,0.0,0.0,0.0,INT,,,610.0,,0.0,0.0,0.0,0
48348,0.0,0.0,0.0,0.0,0.0,0.0,udp,0.0,,cs0,,249.0,,7.0,,Start,1,1,0,74,74,0,74.0,0.0,0.0,0.0,0.0,0,0,0,0.0,,,0.0,0.0,0.0,INT,,,610.0,,0.0,0.0,0.0,0
48357,0.0,0.0,0.0,0.0,0.0,0.0,udp,0.0,,cs0,,249.0,,7.0,,Start,1,1,0,74,74,0,74.0,0.0,0.0,0.0,0.0,0,0,0,0.0,,,0.0,0.0,0.0,INT,,,610.0,,0.0,0.0,0.0,0
48374,0.0,0.0,0.0,0.0,0.0,0.0,udp,0.0,,cs0,,249.0,,7.0,,Start,1,1,0,74,74,0,74.0,0.0,0.0,0.0,0.0,0,0,0,0.0,,,0.0,0.0,0.0,INT,,,610.0,,0.0,0.0,0.0,0
48397,0.0,0.0,0.0,0.0,0.0,0.0,udp,0.0,,cs0,,249.0,,7.0,,Start,1,1,0,74,74,0,74.0,0.0,0.0,0.0,0.0,0,0,0,0.0,,,0.0,0.0,0.0,INT,,,610.0,,0.0,0.0,0.0,0
48431,0.0,0.0,0.0,0.0,0.0,0.0,udp,0.0,,cs0,,249.0,,7.0,,Start,1,1,0,74,74,0,74.0,0.0,0.0,0.0,0.0,0,0,0,0.0,,,0.0,0.0,0.0,INT,,,610.0,,0.0,0.0,0.0,0
48451,0.0,0.0,0.0,0.0,0.0,0.0,udp,0.0,,cs0,,249.0,,7.0,,Start,1,1,0,74,74,0,74.0,0.0,0.0,0.0,0.0,0,0,0,0.0,,,0.0,0.0,0.0,INT,,,610.0,,0.0,0.0,0.0,0
48513,0.0,0.0,0.0,0.0,0.0,0.0,udp,0.0,,cs0,,249.0,,7.0,,Start,1,1,0,74,74,0,74.0,0.0,0.0,0.0,0.0,0,0,0,0.0,,,0.0,0.0,0.0,INT,,,610.0,,0.0,0.0,0.0,0
48536,0.0,0.0,0.0,0.0,0.0,0.0,udp,0.0,,cs0,,249.0,,7.0,,Start,1,1,0,74,74,0,74.0,0.0,0.0,0.0,0.0,0,0,0,0.0,,,0.0,0.0,0.0,INT,,,610.0,,0.0,0.0,0.0,0
48539,0.0,0.0,0.0,0.0,0.0,0.0,udp,0.0,,cs0,,249.0,,7.0,,Start,1,1,0,74,74,0,74.0,0.0,0.0,0.0,0.0,0,0,0,0.0,,,0.0,0.0,0.0,INT,,,610.0,,0.0,0.0,0.0,0
48549,1.646846,1.646846,1.646846,1.646846,1.646846,1.646846,tcp,0.0,0.0,cs0,cs0,64.0,117.0,0.0,11.0,Start,602,220,382,552077,21454,530623,97.518181,1389.06543,2674644.75,103747.3984,2570897.25,0,0,0,0.0,0.0,0.0,364.940002,132.981461,231.351318,FIN,647680.0,83200.0,,,0.034934,0.021151,0.013783,0
48569,0.0,0.0,0.0,0.0,0.0,0.0,udp,0.0,,cs0,,249.0,,7.0,,Start,1,1,0,74,74,0,74.0,0.0,0.0,0.0,0.0,0,0,0,0.0,,,0.0,0.0,0.0,INT,,,610.0,,0.0,0.0,0.0,0
48581,0.0,0.0,0.0,0.0,0.0,0.0,udp,0.0,,cs0,,249.0,,7.0,,Start,1,1,0,74,74,0,74.0,0.0,0.0,0.0,0.0,0,0,0,0.0,,,0.0,0.0,0.0,INT,,,610.0,,0.0,0.0,0.0,0
48639,0.0,0.0,0.0,0.0,0.0,0.0,udp,0.0,,cs0,,249.0,,7.0,,Start,1,1,0,74,74,0,74.0,0.0,0.0,0.0,0.0,0,0,0,0.0,,,0.0,0.0,0.0,INT,,,610.0,,0.0,0.0,0.0,0
48681,0.0,0.0,0.0,0.0,0.0,0.0,udp,0.0,,cs0,,249.0,,7.0,,Start,1,1,0,74,74,0,74.0,0.0,0.0,0.0,0.0,0,0,0,0.0,,,0.0,0.0,0.0,INT,,,610.0,,0.0,0.0,0.0,0
48704,0.0,0.0,0.0,0.0,0.0,0.0,udp,0.0,,cs0,,249.0,,7.0,,Start,1,1,0,74,74,0,74.0,0.0,0.0,0.0,0.0,0,0,0,0.0,,,0.0,0.0,0.0,INT,,,610.0,,0.0,0.0,0.0,0
48708,0.0,0.0,0.0,0.0,0.0,0.0,udp,0.0,,cs0,,249.0,,7.0,,Start,1,1,0,74,74,0,74.0,0.0,0.0,0.0,0.0,0,0,0,0.0,,,0.0,0.0,0.0,INT,,,610.0,,0.0,0.0,0.0,0
48757,0.0,0.0,0.0,0.0,0.0,0.0,udp,0.0,,cs0,,249.0,,7.0,,Start,1,1,0,74,74,0,74.0,0.0,0.0,0.0,0.0,0,0,0,0.0,,,0.0,0.0,0.0,INT,,,610.0,,0.0,0.0,0.0,0
48883,0.078949,0.078949,0.078949,0.078949,0.078949,0.078949,tcp,0.0,0.0,cs0,cs0,64.0,63.0,0.0,1.0,Start,16,9,7,5308,989,4319,109.888885,617.0,464299.75,89171.49219,375128.25,0,0,0,0.0,0.0,0.0,189.996078,101.331245,75.998436,CON,77312.0,31104.0,,,0.015,0.00121,0.01379,0
48904,0.0,0.0,0.0,0.0,0.0,0.0,udp,0.0,,cs0,,249.0,,7.0,,Start,1,1,0,64,64,0,64.0,0.0,0.0,0.0,0.0,0,0,0,0.0,,,0.0,0.0,0.0,INT,,,610.0,,0.0,0.0,0.0,0
48922,0.0,0.0,0.0,0.0,0.0,0.0,udp,0.0,,cs0,,249.0,,7.0,,Start,1,1,0,74,74,0,74.0,0.0,0.0,0.0,0.0,0,0,0,0.0,,,0.0,0.0,0.0,INT,,,610.0,,0.0,0.0,0.0,0
48954,0.0,0.0,0.0,0.0,0.0,0.0,udp,0.0,,cs0,,249.0,,7.0,,Start,1,1,0,74,74,0,74.0,0.0,0.0,0.0,0.0,0,0,0,0.0,,,0.0,0.0,0.0,INT,,,610.0,,0.0,0.0,0.0,0
48955,0.0,0.0,0.0,0.0,0.0,0.0,udp,0.0,,cs0,,249.0,,7.0,,Start,1,1,0,74,74,0,74.0,0.0,0.0,0.0,0.0,0,0,0,0.0,,,0.0,0.0,0.0,INT,,,610.0,,0.0,0.0,0.0,0
48974,0.0,0.0,0.0,0.0,0.0,0.0,udp,0.0,,cs0,,249.0,,7.0,,Start,1,1,0,74,74,0,74.0,0.0,0.0,0.0,0.0,0,0,0,0.0,,,0.0,0.0,0.0,INT,,,610.0,,0.0,0.0,0.0,0
49014,0.0,0.0,0.0,0.0,0.0,0.0,udp,0.0,,cs0,,249.0,,7.0,,Start,1,1,0,74,74,0,74.0,0.0,0.0,0.0,0.0,0,0,0,0.0,,,0.0,0.0,0.0,INT,,,610.0,,0.0,0.0,0.0,0
49067,0.0,0.0,0.0,0.0,0.0,0.0,udp,0.0,,cs0,,249.0,,7.0,,Start,1,1,0,74,74,0,74.0,0.0,0.0,0.0,0.0,0,0,0,0.0,,,0.0,0.0,0.0,INT,,,610.0,,0.0,0.0,0.0,0
49074,0.0,0.0,0.0,0.0,0.0,0.0,udp,0.0,,cs0,,249.0,,7.0,,Start,1,1,0,74,74,0,74.0,0.0,0.0,0.0,0.0,0,0,0,0.0,,,0.0,0.0,0.0,INT,,,610.0,,0.0,0.0,0.0,0
49136,0.0,0.0,0.0,0.0,0.0,0.0,udp,0.0,,cs0,,249.0,,7.0,,Start,1,1,0,74,74,0,74.0,0.0,0.0,0.0,0.0,0,0,0,0.0,,,0.0,0.0,0.0,INT,,,610.0,,0.0,0.0,0.0,0
49263,0.0,0.0,0.0,0.0,0.0,0.0,udp,0.0,,cs0,,249.0,,7.0,,Start,1,1,0,74,74,0,74.0,0.0,0.0,0.0,0.0,0,0,0,0.0,,,0.0,0.0,0.0,INT,,,610.0,,0.0,0.0,0.0,0
49362,0.0,0.0,0.0,0.0,0.0,0.0,udp,0.0,,cs0,,249.0,,7.0,,Start,1,1,0,74,74,0,74.0,0.0,0.0,0.0,0.0,0,0,0,0.0,,,0.0,0.0,0.0,INT,,,610.0,,0.0,0.0,0.0,0
49386,0.0,0.0,0.0,0.0,0.0,0.0,udp,0.0,,cs0,,249.0,,7.0,,Start,1,1,0,74,74,0,74.0,0.0,0.0,0.0,0.0,0,0,0,0.0,,,0.0,0.0,0.0,INT,,,610.0,,0.0,0.0,0.0,0
49482,0.0,0.0,0.0,0.0,0.0,0.0,udp,0.0,,cs0,,249.0,,7.0,,Start,1,1,0,74,74,0,74.0,0.0,0.0,0.0,0.0,0,0,0,0.0,,,0.0,0.0,0.0,INT,,,610.0,,0.0,0.0,0.0,0
49492,0.0,0.0,0.0,0.0,0.0,0.0,udp,0.0,,cs0,,249.0,,7.0,,Start,1,1,0,74,74,0,74.0,0.0,0.0,0.0,0.0,0,0,0,0.0,,,0.0,0.0,0.0,INT,,,610.0,,0.0,0.0,0.0,0
49512,0.0,0.0,0.0,0.0,0.0,0.0,udp,0.0,,cs0,,249.0,,7.0,,Start,1,1,0,74,74,0,74.0,0.0,0.0,0.0,0.0,0,0,0,0.0,,,0.0,0.0,0.0,INT,,,610.0,,0.0,0.0,0.0,0
49644,0.0,0.0,0.0,0.0,0.0,0.0,udp,0.0,,cs0,,249.0,,7.0,,Start,1,1,0,74,74,0,74.0,0.0,0.0,0.0,0.0,0,0,0,0.0,,,0.0,0.0,0.0,INT,,,610.0,,0.0,0.0,0.0,0
49655,0.0,0.0,0.0,0.0,0.0,0.0,udp,0.0,,cs0,,249.0,,7.0,,Start,1,1,0,74,74,0,74.0,0.0,0.0,0.0,0.0,0,0,0,0.0,,,0.0,0.0,0.0,INT,,,610.0,,0.0,0.0,0.0,0
49717,0.0,0.0,0.0,0.0,0.0,0.0,udp,0.0,,cs0,,249.0,,7.0,,Start,1,1,0,74,74,0,74.0,0.0,0.0,0.0,0.0,0,0,0,0.0,,,0.0,0.0,0.0,INT,,,610.0,,0.0,0.0,0.0,0
49761,0.0,0.0,0.0,0.0,0.0,0.0,udp,0.0,,cs0,,249.0,,7.0,,Start,1,1,0,74,74,0,74.0,0.0,0.0,0.0,0.0,0,0,0,0.0,,,0.0,0.0,0.0,INT,,,610.0,,0.0,0.0,0.0,0
49818,0.0,0.0,0.0,0.0,0.0,0.0,udp,0.0,,cs0,,249.0,,7.0,,Start,1,1,0,74,74,0,74.0,0.0,0.0,0.0,0.0,0,0,0,0.0,,,0.0,0.0,0.0,INT,,,610.0,,0.0,0.0,0.0,0
49903,0.0,0.0,0.0,0.0,0.0,0.0,udp,0.0,,cs0,,249.0,,7.0,,Start,1,1,0,74,74,0,74.0,0.0,0.0,0.0,0.0,0,0,0,0.0,,,0.0,0.0,0.0,INT,,,610.0,,0.0,0.0,0.0,0
49914,0.0,0.0,0.0,0.0,0.0,0.0,udp,0.0,,cs0,,249.0,,7.0,,Start,1,1,0,74,74,0,74.0,0.0,0.0,0.0,0.0,0,0,0,0.0,,,0.0,0.0,0.0,INT,,,610.0,,0.0,0.0,0.0,0
49945,0.0,0.0,0.0,0.0,0.0,0.0,udp,0.0,,cs0,,249.0,,7.0,,Start,1,1,0,74,74,0,74.0,0.0,0.0,0.0,0.0,0,0,0,0.0,,,0.0,0.0,0.0,INT,,,610.0,,0.0,0.0,0.0,0
49952,0.0,0.0,0.0,0.0,0.0,0.0,udp,0.0,,cs0,,249.0,,7.0,,Start,1,1,0,74,74,0,74.0,0.0,0.0,0.0,0.0,0,0,0,0.0,,,0.0,0.0,0.0,INT,,,610.0,,0.0,0.0,0.0,0
50021,0.0,0.0,0.0,0.0,0.0,0.0,udp,0.0,,cs0,,249.0,,7.0,,Start,1,1,0,74,74,0,74.0,0.0,0.0,0.0,0.0,0,0,0,0.0,,,0.0,0.0,0.0,INT,,,610.0,,0.0,0.0,0.0,0
50090,0.0,0.0,0.0,0.0,0.0,0.0,udp,0.0,,cs0,,249.0,,7.0,,Start,1,1,0,74,74,0,74.0,0.0,0.0,0.0,0.0,0,0,0,0.0,,,0.0,0.0,0.0,INT,,,610.0,,0.0,0.0,0.0,0
50140,0.0,0.0,0.0,0.0,0.0,0.0,udp,0.0,,cs0,,249.0,,7.0,,Start,1,1,0,74,74,0,74.0,0.0,0.0,0.0,0.0,0,0,0,0.0,,,0.0,0.0,0.0,INT,,,610.0,,0.0,0.0,0.0,0
50154,0.0,0.0,0.0,0.0,0.0,0.0,udp,0.0,,cs0,,249.0,,7.0,,Start,1,1,0,74,74,0,74.0,0.0,0.0,0.0,0.0,0,0,0,0.0,,,0.0,0.0,0.0,INT,,,610.0,,0.0,0.0,0.0,0
50160,0.0,0.0,0.0,0.0,0.0,0.0,udp,0.0,,cs0,,249.0,,7.0,,Start,1,1,0,74,74,0,74.0,0.0,0.0,0.0,0.0,0,0,0,0.0,,,0.0,0.0,0.0,INT,,,610.0,,0.0,0.0,0.0,0
50180,0.0,0.0,0.0,0.0,0.0,0.0,udp,0.0,,cs0,,249.0,,7.0,,Start,1,1,0,74,74,0,74.0,0.0,0.0,0.0,0.0,0,0,0,0.0,,,0.0,0.0,0.0,INT,,,610.0,,0.0,0.0,0.0,0
50189,0.0,0.0,0.0,0.0,0.0,0.0,udp,0.0,,cs0,,249.0,,7.0,,Start,1,1,0,74,74,0,74.0,0.0,0.0,0.0,0.0,0,0,0,0.0,,,0.0,0.0,0.0,INT,,,610.0,,0.0,0.0,0.0,0
50220,0.0,0.0,0.0,0.0,0.0,0.0,udp,0.0,,cs0,,249.0,,7.0,,Start,1,1,0,74,74,0,74.0,0.0,0.0,0.0,0.0,0,0,0,0.0,,,0.0,0.0,0.0,INT,,,610.0,,0.0,0.0,0.0,0
50398,0.0,0.0,0.0,0.0,0.0,0.0,udp,0.0,,cs0,,249.0,,7.0,,Start,1,1,0,74,74,0,74.0,0.0,0.0,0.0,0.0,0,0,0,0.0,,,0.0,0.0,0.0,INT,,,610.0,,0.0,0.0,0.0,0
50550,0.0,0.0,0.0,0.0,0.0,0.0,udp,0.0,,cs0,,249.0,,7.0,,Start,1,1,0,74,74,0,74.0,0.0,0.0,0.0,0.0,0,0,0,0.0,,,0.0,0.0,0.0,INT,,,610.0,,0.0,0.0,0.0,0
50611,0.0,0.0,0.0,0.0,0.0,0.0,udp,0.0,,cs0,,249.0,,7.0,,Start,1,1,0,74,74,0,74.0,0.0,0.0,0.0,0.0,0,0,0,0.0,,,0.0,0.0,0.0,INT,,,610.0,,0.0,0.0,0.0,0
50701,0.0,0.0,0.0,0.0,0.0,0.0,udp,0.0,,cs0,,249.0,,7.0,,Start,1,1,0,74,74,0,74.0,0.0,0.0,0.0,0.0,0,0,0,0.0,,,0.0,0.0,0.0,INT,,,610.0,,0.0,0.0,0.0,0
50731,0.0,0.0,0.0,0.0,0.0,0.0,udp,0.0,,cs0,,249.0,,7.0,,Start,1,1,0,74,74,0,74.0,0.0,0.0,0.0,0.0,0,0,0,0.0,,,0.0,0.0,0.0,INT,,,610.0,,0.0,0.0,0.0,0
50802,0.0,0.0,0.0,0.0,0.0,0.0,udp,0.0,,cs0,,249.0,,7.0,,Start,1,1,0,74,74,0,74.0,0.0,0.0,0.0,0.0,0,0,0,0.0,,,0.0,0.0,0.0,INT,,,610.0,,0.0,0.0,0.0,0
50809,0.0,0.0,0.0,0.0,0.0,0.0,udp,0.0,,cs0,,249.0,,7.0,,Start,1,1,0,74,74,0,74.0,0.0,0.0,0.0,0.0,0,0,0,0.0,,,0.0,0.0,0.0,INT,,,610.0,,0.0,0.0,0.0,0
50841,0.0,0.0,0.0,0.0,0.0,0.0,udp,0.0,,cs0,,249.0,,7.0,,Start,1,1,0,74,74,0,74.0,0.0,0.0,0.0,0.0,0,0,0,0.0,,,0.0,0.0,0.0,INT,,,610.0,,0.0,0.0,0.0,0
50918,0.0,0.0,0.0,0.0,0.0,0.0,udp,0.0,,cs0,,249.0,,7.0,,Start,1,1,0,74,74,0,74.0,0.0,0.0,0.0,0.0,0,0,0,0.0,,,0.0,0.0,0.0,INT,,,610.0,,0.0,0.0,0.0,0
50991,0.0,0.0,0.0,0.0,0.0,0.0,udp,0.0,,cs0,,249.0,,7.0,,Shutdown,1,1,0,74,74,0,74.0,0.0,0.0,0.0,0.0,0,0,0,0.0,,,0.0,0.0,0.0,REQ,,,610.0,,0.0,0.0,0.0,0
51019,0.0,0.0,0.0,0.0,0.0,0.0,udp,0.0,,cs0,,249.0,,7.0,,Shutdown,1,1,0,74,74,0,74.0,0.0,0.0,0.0,0.0,0,0,0,0.0,,,0.0,0.0,0.0,REQ,,,610.0,,0.0,0.0,0.0,0
51031,0.0,0.0,0.0,0.0,0.0,0.0,udp,0.0,,cs0,,249.0,,7.0,,Shutdown,1,1,0,74,74,0,74.0,0.0,0.0,0.0,0.0,0,0,0,0.0,,,0.0,0.0,0.0,REQ,,,610.0,,0.0,0.0,0.0,0
51078,0.0,0.0,0.0,0.0,0.0,0.0,udp,0.0,,cs0,,249.0,,7.0,,Shutdown,1,1,0,74,74,0,74.0,0.0,0.0,0.0,0.0,0,0,0,0.0,,,0.0,0.0,0.0,REQ,,,610.0,,0.0,0.0,0.0,0
51109,0.0,0.0,0.0,0.0,0.0,0.0,udp,0.0,,cs0,,249.0,,7.0,,Shutdown,1,1,0,74,74,0,74.0,0.0,0.0,0.0,0.0,0,0,0,0.0,,,0.0,0.0,0.0,REQ,,,610.0,,0.0,0.0,0.0,0
51226,0.0,0.0,0.0,0.0,0.0,0.0,udp,0.0,,cs0,,249.0,,7.0,,Shutdown,1,1,0,74,74,0,74.0,0.0,0.0,0.0,0.0,0,0,0,0.0,,,0.0,0.0,0.0,REQ,,,610.0,,0.0,0.0,0.0,0
51268,0.0,0.0,0.0,0.0,0.0,0.0,udp,0.0,,cs0,,249.0,,7.0,,Shutdown,1,1,0,74,74,0,74.0,0.0,0.0,0.0,0.0,0,0,0,0.0,,,0.0,0.0,0.0,REQ,,,610.0,,0.0,0.0,0.0,0
51270,3.493358,3.493358,3.493358,3.493358,3.493358,3.493358,udp,0.0,,cs0,,249.0,,7.0,,Shutdown,2,2,0,148,148,0,74.0,0.0,169.464462,169.464462,0.0,0,0,0,0.0,,,0.286258,0.286258,0.0,REQ,,,610.0,,0.0,0.0,0.0,0
51293,0.0,0.0,0.0,0.0,0.0,0.0,udp,0.0,,cs0,,249.0,,7.0,,Shutdown,1,1,0,74,74,0,74.0,0.0,0.0,0.0,0.0,0,0,0,0.0,,,0.0,0.0,0.0,REQ,,,610.0,,0.0,0.0,0.0,0
51323,0.0,0.0,0.0,0.0,0.0,0.0,udp,0.0,,cs0,,249.0,,7.0,,Shutdown,1,1,0,74,74,0,74.0,0.0,0.0,0.0,0.0,0,0,0,0.0,,,0.0,0.0,0.0,REQ,,,610.0,,0.0,0.0,0.0,0
51365,0.0,0.0,0.0,0.0,0.0,0.0,udp,0.0,,cs0,,249.0,,7.0,,Shutdown,1,1,0,74,74,0,74.0,0.0,0.0,0.0,0.0,0,0,0,0.0,,,0.0,0.0,0.0,REQ,,,610.0,,0.0,0.0,0.0,0
51427,4.998932,4.998932,4.998932,4.998932,4.998932,4.998932,udp,0.0,0.0,cs0,cs0,117.0,64.0,11.0,0.0,Start,342,326,16,449692,445373,4319,1366.174805,269.9375,717044.375,710563.0,6481.384766,0,0,0,0.0,,,68.214569,65.013885,3.000641,CON,,,,,0.0,0.0,0.0,0
51456,0.0,0.0,0.0,0.0,0.0,0.0,icmp,0.0,,cs0,,58.0,,6.0,,Start,1,1,0,98,98,0,98.0,0.0,0.0,0.0,0.0,0,0,0,0.0,,,0.0,0.0,0.0,ECO,,,,,0.0,0.0,0.0,0
51467,0.0,0.0,0.0,0.0,0.0,0.0,icmp,0.0,,cs0,,58.0,,6.0,,Start,1,1,0,98,98,0,98.0,0.0,0.0,0.0,0.0,0,0,0,0.0,,,0.0,0.0,0.0,ECO,,,,,0.0,0.0,0.0,0
51518,0.0,0.0,0.0,0.0,0.0,0.0,icmp,0.0,,cs0,,58.0,,6.0,,Start,1,1,0,98,98,0,98.0,0.0,0.0,0.0,0.0,0,0,0,0.0,,,0.0,0.0,0.0,ECO,,,,,0.0,0.0,0.0,0
51539,4.999722,4.999722,4.999722,4.999722,4.999722,4.999722,udp,0.0,0.0,cs0,cs0,117.0,64.0,11.0,0.0,Status,311,287,24,391575,386245,5330,1345.801392,222.083328,624047.5,615874.25,8173.254395,0,0,0,0.0,,,62.003448,57.203182,4.600256,CON,,,,,0.0,0.0,0.0,0
51576,0.0,0.0,0.0,0.0,0.0,0.0,lldp,,,,,,,,,Status,1,1,0,72,72,0,72.0,0.0,0.0,0.0,0.0,0,0,0,0.0,,,0.0,0.0,0.0,REQ,,,,,0.0,0.0,0.0,0
51597,0.0,0.0,0.0,0.0,0.0,0.0,icmp,0.0,,cs0,,58.0,,6.0,,Start,1,1,0,98,98,0,98.0,0.0,0.0,0.0,0.0,0,0,0,0.0,,,0.0,0.0,0.0,ECO,,,,,0.0,0.0,0.0,0
51614,4.999371,4.999371,4.999371,4.999371,4.999371,4.999371,udp,0.0,0.0,cs0,cs0,117.0,64.0,11.0,0.0,Status,113,99,14,128300,123743,4557,1249.929321,325.5,202787.1094,196015.0625,6772.051758,0,0,0,0.0,,,22.402819,19.602467,2.600327,CON,,,,,0.0,0.0,0.0,0
51667,0.156498,0.156498,0.156498,0.156498,0.156498,0.156498,udp,0.0,0.0,cs0,cs0,64.0,52.0,0.0,12.0,Start,21,11,10,6892,2520,4372,229.090912,437.200012,318266.0625,117113.3203,201152.7344,0,0,0,0.0,,,127.797157,63.898579,57.50872,CON,,,,,0.0,0.0,0.0,0
51676,4.998215,4.998215,4.998215,4.998215,4.998215,4.998215,udp,0.0,0.0,cs0,cs0,117.0,64.0,11.0,0.0,Status,177,149,28,206614,201349,5265,1351.335571,188.035721,328237.1563,320111.0625,8126.100586,0,0,0,0.0,,,35.21257,29.610569,5.401928,CON,,,,,0.0,0.0,0.0,0
51725,4.999523,4.999523,4.999523,4.999523,4.999523,4.999523,udp,0.0,0.0,cs0,cs0,117.0,64.0,11.0,0.0,Status,182,167,15,230614,226204,4410,1354.515015,294.0,366380.5313,359794.3125,6586.228027,0,0,0,0.0,,,36.203453,33.203167,2.800267,CON,,,,,0.0,0.0,0.0,0
51791,4.947029,4.947029,4.947029,4.947029,4.947029,4.947029,udp,0.0,0.0,cs0,cs0,117.0,64.0,11.0,0.0,Status,246,230,16,318657,314799,3858,1368.691284,241.125,512708.5313,506859.3438,5849.166992,0,0,0,0.0,,,49.524673,46.290409,3.032123,CON,,,,,0.0,0.0,0.0,0
51798,0.0,0.0,0.0,0.0,0.0,0.0,icmp,0.0,,cs0,,58.0,,6.0,,Start,1,1,0,98,98,0,98.0,0.0,0.0,0.0,0.0,0,0,0,0.0,,,0.0,0.0,0.0,ECO,,,,,0.0,0.0,0.0,0
51859,0.0,0.0,0.0,0.0,0.0,0.0,sctp,186.0,186.0,ef,ef,255.0,252.0,1.0,4.0,Status,2,1,1,200,98,102,98.0,102.0,0.0,0.0,0.0,0,0,0,0.0,,,0.0,0.0,0.0,CON,,,,610.0,0.0,0.0,0.0,0
51877,4.885754,4.885754,4.885754,4.885754,4.885754,4.885754,udp,0.0,0.0,cs0,cs0,117.0,64.0,11.0,0.0,Status,241,212,29,289438,283916,5522,1339.22644,190.413788,471426.0938,462695.4063,8730.689453,0,0,0,0.0,,,49.122406,43.186783,5.730947,CON,,,,,0.0,0.0,0.0,0
51916,0.0,0.0,0.0,0.0,0.0,0.0,udp,0.0,,cs0,,249.0,,7.0,,Start,1,1,0,64,64,0,64.0,0.0,0.0,0.0,0.0,0,0,0,0.0,,,0.0,0.0,0.0,INT,,,610.0,,0.0,0.0,0.0,0
52019,9.3e-05,9.3e-05,9.3e-05,9.3e-05,9.3e-05,9.3e-05,sctp,186.0,186.0,ef,ef,252.0,255.0,4.0,1.0,Status,2,1,1,200,102,98,102.0,98.0,0.0,0.0,0.0,0,0,0,0.0,,,10752.6875,0.0,0.0,CON,,,610.0,,0.0,0.0,0.0,0
52076,0.0,0.0,0.0,0.0,0.0,0.0,icmp,0.0,,cs0,,58.0,,6.0,,Start,1,1,0,98,98,0,98.0,0.0,0.0,0.0,0.0,0,0,0,0.0,,,0.0,0.0,0.0,ECO,,,,,0.0,0.0,0.0,0
52107,0.0,0.0,0.0,0.0,0.0,0.0,icmp,0.0,,cs0,,58.0,,6.0,,Start,1,1,0,98,98,0,98.0,0.0,0.0,0.0,0.0,0,0,0,0.0,,,0.0,0.0,0.0,ECO,,,,,0.0,0.0,0.0,0
52128,0.0,0.0,0.0,0.0,0.0,0.0,udp,0.0,,cs0,,249.0,,7.0,,Start,1,1,0,64,64,0,64.0,0.0,0.0,0.0,0.0,0,0,0,0.0,,,0.0,0.0,0.0,INT,,,610.0,,0.0,0.0,0.0,0
52173,0.0,0.0,0.0,0.0,0.0,0.0,udp,0.0,,cs0,,249.0,,7.0,,Start,1,1,0,64,64,0,64.0,0.0,0.0,0.0,0.0,0,0,0,0.0,,,0.0,0.0,0.0,INT,,,610.0,,0.0,0.0,0.0,0
52179,0.0,0.0,0.0,0.0,0.0,0.0,udp,0.0,,cs0,,249.0,,7.0,,Start,1,1,0,64,64,0,64.0,0.0,0.0,0.0,0.0,0,0,0,0.0,,,0.0,0.0,0.0,INT,,,610.0,,0.0,0.0,0.0,0
52247,0.0,0.0,0.0,0.0,0.0,0.0,udp,0.0,,cs0,,249.0,,7.0,,Start,1,1,0,64,64,0,64.0,0.0,0.0,0.0,0.0,0,0,0,0.0,,,0.0,0.0,0.0,INT,,,610.0,,0.0,0.0,0.0,0
52248,0.0,0.0,0.0,0.0,0.0,0.0,udp,0.0,,cs0,,249.0,,7.0,,Start,1,1,0,64,64,0,64.0,0.0,0.0,0.0,0.0,0,0,0,0.0,,,0.0,0.0,0.0,INT,,,610.0,,0.0,0.0,0.0,0
52295,0.0,0.0,0.0,0.0,0.0,0.0,udp,0.0,,cs0,,249.0,,7.0,,Start,1,1,0,64,64,0,64.0,0.0,0.0,0.0,0.0,0,0,0,0.0,,,0.0,0.0,0.0,INT,,,610.0,,0.0,0.0,0.0,0
52318,0.0,0.0,0.0,0.0,0.0,0.0,udp,0.0,,cs0,,249.0,,7.0,,Start,1,1,0,64,64,0,64.0,0.0,0.0,0.0,0.0,0,0,0,0.0,,,0.0,0.0,0.0,INT,,,610.0,,0.0,0.0,0.0,0
52357,0.0,0.0,0.0,0.0,0.0,0.0,icmp,0.0,,cs0,,58.0,,6.0,,Start,1,1,0,98,98,0,98.0,0.0,0.0,0.0,0.0,0,0,0,0.0,,,0.0,0.0,0.0,ECO,,,,,0.0,0.0,0.0,0
52376,0.051018,0.051018,0.051018,0.051018,0.051018,0.051018,udp,0.0,0.0,cs0,cs0,64.0,117.0,0.0,11.0,Status,4,2,2,438,300,138,150.0,69.0,34340.82031,23521.11133,10819.71094,0,0,0,0.0,,,58.802776,19.600925,19.600925,CON,,,,,0.0,0.0,0.0,0
52494,0.0,0.0,0.0,0.0,0.0,0.0,icmp,0.0,,cs0,,58.0,,6.0,,Start,1,1,0,98,98,0,98.0,0.0,0.0,0.0,0.0,0,0,0,0.0,,,0.0,0.0,0.0,ECO,,,,,0.0,0.0,0.0,0
52560,0.0,0.0,0.0,0.0,0.0,0.0,icmp,0.0,,cs0,,58.0,,6.0,,Start,1,1,0,98,98,0,98.0,0.0,0.0,0.0,0.0,0,0,0,0.0,,,0.0,0.0,0.0,ECO,,,,,0.0,0.0,0.0,0
52718,0.0,0.0,0.0,0.0,0.0,0.0,icmp,0.0,,cs0,,58.0,,6.0,,Start,1,1,0,98,98,0,98.0,0.0,0.0,0.0,0.0,0,0,0,0.0,,,0.0,0.0,0.0,ECO,,,,,0.0,0.0,0.0,0
52721,0.187834,0.187834,0.187834,0.187834,0.187834,0.187834,udp,0.0,0.0,cs0,cs0,64.0,53.0,0.0,11.0,Start,14,8,6,8704,5267,3437,658.375,572.833313,318323.625,196301.0,122022.6406,0,0,0,0.0,,,69.210052,37.266949,26.619249,CON,,,,,0.0,0.0,0.0,0
52722,0.0,0.0,0.0,0.0,0.0,0.0,icmp,0.0,,cs0,,58.0,,6.0,,Start,1,1,0,98,98,0,98.0,0.0,0.0,0.0,0.0,0,0,0,0.0,,,0.0,0.0,0.0,ECO,,,,,0.0,0.0,0.0,0
52786,4.98641,4.98641,4.98641,4.98641,4.98641,4.98641,udp,0.0,0.0,cs0,cs0,117.0,64.0,11.0,0.0,Status,238,221,17,298048,293637,4411,1328.674194,259.470581,475630.3438,468969.0313,6661.305176,0,0,0,0.0,,,47.529182,44.119915,3.208721,CON,,,,,0.0,0.0,0.0,0
52847,4.998185,4.998185,4.998185,4.998185,4.998185,4.998185,udp,0.0,0.0,cs0,cs0,117.0,64.0,11.0,0.0,Status,140,128,12,174793,171220,3573,1337.65625,297.75,277155.0,271911.5,5243.503418,0,0,0,0.0,,,27.810095,25.409224,2.200799,CON,,,,,0.0,0.0,0.0,0
52875,4.976272,4.976272,4.976272,4.976272,4.976272,4.976272,udp,0.0,0.0,cs0,cs0,117.0,64.0,11.0,0.0,Status,131,120,11,161012,157376,3636,1311.466675,330.545441,256209.4688,250894.6406,5314.821777,0,0,0,0.0,,,26.123974,23.913483,2.009537,CON,,,,,0.0,0.0,0.0,0
52890,0.0,0.0,0.0,0.0,0.0,0.0,udp,0.0,,cs0,,249.0,,7.0,,Start,1,1,0,64,64,0,64.0,0.0,0.0,0.0,0.0,0,0,0,0.0,,,0.0,0.0,0.0,INT,,,610.0,,0.0,0.0,0.0,0
52918,4.8758,4.8758,4.8758,4.8758,4.8758,4.8758,udp,0.0,0.0,cs0,cs0,117.0,64.0,11.0,0.0,Status,122,93,29,130337,120907,9430,1300.075317,325.172424,211185.0156,196245.9375,14939.08691,0,0,0,0.0,,,24.816441,18.868698,5.742647,CON,,,,,0.0,0.0,0.0,0
52998,2.990244,2.990244,2.990244,2.990244,2.990244,2.990244,tcp,136.0,,af41,,255.0,,1.0,,Start,3,3,0,222,222,0,74.0,0.0,395.954315,395.954315,0.0,2,2,0,40.0,0.0,0.0,0.668842,0.668842,0.0,REQ,3737600.0,,,,0.0,0.0,0.0,0
53013,0.143028,0.143028,0.143028,0.143028,0.143028,0.143028,udp,0.0,0.0,cs0,cs0,64.0,53.0,0.0,11.0,Start,18,10,8,11945,8001,3944,800.099976,493.0,595799.375,402774.25,193025.1406,0,0,0,0.0,,,118.857841,62.92474,48.941463,CON,,,,,0.0,0.0,0.0,0
53045,0.0,0.0,0.0,0.0,0.0,0.0,icmp,0.0,,cs0,,58.0,,6.0,,Start,1,1,0,98,98,0,98.0,0.0,0.0,0.0,0.0,0,0,0,0.0,,,0.0,0.0,0.0,ECO,,,,,0.0,0.0,0.0,0
53071,0.0,0.0,0.0,0.0,0.0,0.0,lldp,,,,,,,,,Status,1,1,0,64,64,0,64.0,0.0,0.0,0.0,0.0,0,0,0,0.0,,,0.0,0.0,0.0,REQ,,,,,0.0,0.0,0.0,0
53083,0.0,0.0,0.0,0.0,0.0,0.0,icmp,0.0,,cs0,,58.0,,6.0,,Start,1,1,0,98,98,0,98.0,0.0,0.0,0.0,0.0,0,0,0,0.0,,,0.0,0.0,0.0,ECO,,,,,0.0,0.0,0.0,0
53112,4.947558,4.947558,4.947558,4.947558,4.947558,4.947558,udp,0.0,0.0,cs0,cs0,117.0,64.0,11.0,0.0,Status,94,79,15,106657,100879,5778,1276.949341,385.200012,169774.2656,161054.0,8720.261719,0,0,0,0.0,,,18.797152,15.765353,2.829679,CON,,,,,0.0,0.0,0.0,0
53144,4.946385,4.946385,4.946385,4.946385,4.946385,4.946385,udp,0.0,0.0,cs0,cs0,117.0,64.0,11.0,0.0,Status,134,116,18,161800,154819,6981,1334.646606,387.833344,258902.625,248237.8594,10664.75879,0,0,0,0.0,,,26.888325,23.249302,3.436853,CON,,,,,0.0,0.0,0.0,0
53156,0.0,0.0,0.0,0.0,0.0,0.0,icmp,0.0,,cs0,,58.0,,6.0,,Start,1,1,0,98,98,0,98.0,0.0,0.0,0.0,0.0,0,0,0,0.0,,,0.0,0.0,0.0,ECO,,,,,0.0,0.0,0.0,0
53283,0.542237,0.542237,0.542237,0.542237,0.542237,0.542237,tcp,0.0,0.0,cs0,cs0,63.0,54.0,1.0,10.0,Start,11,6,5,989,503,486,83.833336,97.199997,11935.74023,6196.552734,5739.187988,0,0,0,0.0,0.0,0.0,18.442122,9.221061,7.376848,FIN,64128.0,64256.0,,,0.199645,0.142211,0.057434,0
53298,0.0,0.0,0.0,0.0,0.0,0.0,icmp,0.0,,cs0,,58.0,,6.0,,Start,1,1,0,98,98,0,98.0,0.0,0.0,0.0,0.0,0,0,0,0.0,,,0.0,0.0,0.0,ECO,,,,,0.0,0.0,0.0,0
53314,0.0,0.0,0.0,0.0,0.0,0.0,icmp,0.0,,cs0,,58.0,,6.0,,Start,1,1,0,98,98,0,98.0,0.0,0.0,0.0,0.0,0,0,0,0.0,,,0.0,0.0,0.0,ECO,,,,,0.0,0.0,0.0,0
53336,0.000784,0.000784,0.000784,0.000784,0.000784,0.000784,llc,,,,,,,,,Status,2,2,0,202,202,0,101.0,0.0,1030612.25,1030612.25,0.0,0,0,0,0.0,,,1275.510254,1275.510254,0.0,REQ,,,,,0.0,0.0,0.0,0
53437,0.000825,0.000825,0.000825,0.000825,0.000825,0.000825,tcp,0.0,0.0,cs0,cs0,64.0,63.0,0.0,1.0,Status,2,1,1,132,66,66,66.0,66.0,0.0,0.0,0.0,0,0,0,0.0,0.0,0.0,1212.121216,0.0,0.0,CON,68096.0,31104.0,,,0.016012,0.000871,0.015141,0
53438,0.061114,0.061114,0.061114,0.061114,0.061114,0.061114,udp,0.0,0.0,cs0,cs0,64.0,117.0,0.0,11.0,Status,4,2,2,438,300,138,150.0,69.0,28667.73633,19635.43555,9032.300781,0,0,0,0.0,,,49.088589,16.362864,16.362864,CON,,,,,0.0,0.0,0.0,0
53464,0.0,0.0,0.0,0.0,0.0,0.0,icmp,0.0,,cs0,,58.0,,6.0,,Start,1,1,0,98,98,0,98.0,0.0,0.0,0.0,0.0,0,0,0,0.0,,,0.0,0.0,0.0,ECO,,,,,0.0,0.0,0.0,0
53491,0.0,0.0,0.0,0.0,0.0,0.0,icmp,0.0,,cs0,,58.0,,6.0,,Start,1,1,0,98,98,0,98.0,0.0,0.0,0.0,0.0,0,0,0,0.0,,,0.0,0.0,0.0,ECO,,,,,0.0,0.0,0.0,0
53533,0.0,0.0,0.0,0.0,0.0,0.0,udp,0.0,,cs0,,249.0,,7.0,,Start,1,1,0,64,64,0,64.0,0.0,0.0,0.0,0.0,0,0,0,0.0,,,0.0,0.0,0.0,INT,,,610.0,,0.0,0.0,0.0,0
53539,0.0,0.0,0.0,0.0,0.0,0.0,udp,0.0,,cs0,,255.0,,1.0,,Start,1,1,0,60,60,0,60.0,0.0,0.0,0.0,0.0,0,0,0,0.0,,,0.0,0.0,0.0,INT,,,,,0.0,0.0,0.0,0
53567,0.0,0.0,0.0,0.0,0.0,0.0,udp,0.0,,cs0,,255.0,,1.0,,Start,1,1,0,60,60,0,60.0,0.0,0.0,0.0,0.0,0,0,0,0.0,,,0.0,0.0,0.0,INT,,,,,0.0,0.0,0.0,0
53597,0.0,0.0,0.0,0.0,0.0,0.0,udp,0.0,,cs0,,255.0,,1.0,,Start,1,1,0,60,60,0,60.0,0.0,0.0,0.0,0.0,0,0,0,0.0,,,0.0,0.0,0.0,INT,,,,,0.0,0.0,0.0,0
53684,0.000745,0.000745,0.000745,0.000745,0.000745,0.000745,llc,,,,,,,,,Status,2,2,0,202,202,0,101.0,0.0,1084563.75,1084563.75,0.0,0,0,0,0.0,,,1342.28186,1342.28186,0.0,REQ,,,,,0.0,0.0,0.0,0
53735,0.0,0.0,0.0,0.0,0.0,0.0,icmp,0.0,,cs0,,58.0,,6.0,,Start,1,1,0,98,98,0,98.0,0.0,0.0,0.0,0.0,0,0,0,0.0,,,0.0,0.0,0.0,ECO,,,,,0.0,0.0,0.0,0
53792,0.307002,0.307002,0.307002,0.307002,0.307002,0.307002,udp,0.0,0.0,cs0,cs0,64.0,52.0,0.0,12.0,Start,35,19,16,14554,10386,4168,546.631592,260.5,358251.7188,256415.2656,101836.4688,0,0,0,0.0,,,110.748459,58.631538,48.859615,CON,,,,,0.0,0.0,0.0,0
53845,4.301704,4.301704,4.301704,4.301704,4.301704,4.301704,udp,0.0,0.0,cs0,cs0,64.0,52.0,0.0,12.0,Status,41,23,18,19338,12807,6531,556.826111,362.833344,34256.19141,22783.5293,11472.66309,0,0,0,0.0,,,9.298641,5.114253,3.951922,CON,,,,,0.0,0.0,0.0,0
53878,4.311321,4.311321,4.311321,4.311321,4.311321,4.311321,udp,0.0,0.0,cs0,cs0,64.0,52.0,0.0,12.0,Status,44,25,19,19528,12985,6543,519.400024,344.368408,34634.39844,23131.6582,11502.73926,0,0,0,0.0,,,9.973742,5.56674,4.175055,CON,,,,,0.0,0.0,0.0,0
53889,0.0,0.0,0.0,0.0,0.0,0.0,udp,16.0,,4,,128.0,,0.0,,Status,1,1,0,342,342,0,342.0,0.0,0.0,0.0,0.0,0,0,0,0.0,,,0.0,0.0,0.0,REQ,,,,,0.0,0.0,0.0,0
53900,0.222877,0.222877,0.222877,0.222877,0.222877,0.222877,udp,0.0,0.0,cs0,cs0,117.0,64.0,11.0,0.0,Status,95,79,16,102965,98261,4704,1243.810181,294.0,3640680.75,3482387.25,158293.5938,0,0,0,0.0,,,421.757294,349.968811,67.301697,CON,,,,,0.0,0.0,0.0,0
53913,0.15286,0.15286,0.15286,0.15286,0.15286,0.15286,udp,0.0,0.0,cs0,cs0,64.0,53.0,0.0,11.0,Start,24,13,11,15048,9778,5270,752.15387,479.090912,723119.1875,472379.9688,250739.2344,0,0,0,0.0,,,150.464478,78.503204,65.419334,CON,,,,,0.0,0.0,0.0,0
53941,5.2e-05,5.2e-05,5.2e-05,5.2e-05,5.2e-05,5.2e-05,udp,224.0,184.0,cs7,ef,250.0,255.0,6.0,1.0,Start,2,1,1,124,64,60,64.0,60.0,0.0,0.0,0.0,0,0,0,0.0,,,19230.76953,0.0,0.0,CON,,,610.0,,0.0,0.0,0.0,0
53950,0.084547,0.084547,0.084547,0.084547,0.084547,0.084547,udp,0.0,0.0,cs0,cs0,64.0,53.0,0.0,11.0,Status,12,6,6,2424,625,1799,104.166664,299.833344,191230.9219,49298.02344,141932.8906,0,0,0,0.0,,,130.105148,59.138706,59.138706,CON,,,,,0.0,0.0,0.0,0
53966,0.0,0.0,0.0,0.0,0.0,0.0,icmp,0.0,,cs0,,58.0,,6.0,,Start,1,1,0,98,98,0,98.0,0.0,0.0,0.0,0.0,0,0,0,0.0,,,0.0,0.0,0.0,ECO,,,,,0.0,0.0,0.0,0
53981,0.0,0.0,0.0,0.0,0.0,0.0,udp,0.0,,cs0,,249.0,,7.0,,Start,1,1,0,74,74,0,74.0,0.0,0.0,0.0,0.0,0,0,0,0.0,,,0.0,0.0,0.0,INT,,,610.0,,0.0,0.0,0.0,0
53991,0.001206,0.001206,0.001206,0.001206,0.001206,0.001206,udp,0.0,0.0,cs0,cs0,64.0,62.0,0.0,2.0,Start,2,1,1,198,72,126,72.0,126.0,0.0,0.0,0.0,0,0,0,0.0,,,829.187378,0.0,0.0,CON,,,,,0.0,0.0,0.0,0
54028,0.0,0.0,0.0,0.0,0.0,0.0,icmp,0.0,,cs0,,58.0,,6.0,,Start,1,1,0,98,98,0,98.0,0.0,0.0,0.0,0.0,0,0,0,0.0,,,0.0,0.0,0.0,ECO,,,,,0.0,0.0,0.0,0
54034,0.0,0.0,0.0,0.0,0.0,0.0,icmp,0.0,,cs0,,58.0,,6.0,,Start,1,1,0,98,98,0,98.0,0.0,0.0,0.0,0.0,0,0,0,0.0,,,0.0,0.0,0.0,ECO,,,,,0.0,0.0,0.0,0
54068,0.0,0.0,0.0,0.0,0.0,0.0,icmp,0.0,,cs0,,58.0,,6.0,,Start,1,1,0,98,98,0,98.0,0.0,0.0,0.0,0.0,0,0,0,0.0,,,0.0,0.0,0.0,ECO,,,,,0.0,0.0,0.0,0
54173,0.001244,0.001244,0.001244,0.001244,0.001244,0.001244,udp,0.0,48.0,cs0,af12,64.0,62.0,0.0,2.0,Start,2,1,1,198,72,126,72.0,126.0,0.0,0.0,0.0,0,0,0,0.0,,,803.858521,0.0,0.0,CON,,,,,0.0,0.0,0.0,0
54185,1e-06,1e-06,1e-06,1e-06,1e-06,1e-06,tcp,0.0,0.0,cs0,cs0,115.0,64.0,13.0,0.0,Status,4,2,2,264,108,156,54.0,78.0,1056000000.0,432000000.0,624000000.0,0,0,0,0.0,0.0,0.0,3000000.0,1000000.0,1000000.0,RST,405.0,196.0,,,0.0,0.0,0.0,0
54211,0.0,0.0,0.0,0.0,0.0,0.0,icmp,0.0,,cs0,,58.0,,6.0,,Start,1,1,0,98,98,0,98.0,0.0,0.0,0.0,0.0,0,0,0,0.0,,,0.0,0.0,0.0,ECO,,,,,0.0,0.0,0.0,0
54227,4.986344,4.986344,4.986344,4.986344,4.986344,4.986344,udp,0.0,0.0,cs0,cs0,117.0,64.0,11.0,0.0,Status,114,106,8,142102,138731,3371,1308.782959,421.375,225211.9063,220478.9844,4732.926758,0,0,0,0.0,,,22.661896,21.057512,1.403834,CON,,,,,0.0,0.0,0.0,0
54334,4.999162,4.999162,4.999162,4.999162,4.999162,4.999162,udp,0.0,0.0,cs0,cs0,117.0,64.0,11.0,0.0,Status,150,138,12,189528,185542,3986,1344.507202,332.166656,300613.5625,294766.1875,5847.379883,0,0,0,0.0,,,29.804995,27.404593,2.200369,CON,,,,,0.0,0.0,0.0,0
54452,0.0,0.0,0.0,0.0,0.0,0.0,icmp,0.0,,cs0,,58.0,,6.0,,Start,1,1,0,98,98,0,98.0,0.0,0.0,0.0,0.0,0,0,0,0.0,,,0.0,0.0,0.0,ECO,,,,,0.0,0.0,0.0,0
54470,0.0,0.0,0.0,0.0,0.0,0.0,icmp,0.0,,cs0,,58.0,,6.0,,Start,1,1,0,98,98,0,98.0,0.0,0.0,0.0,0.0,0,0,0,0.0,,,0.0,0.0,0.0,ECO,,,,,0.0,0.0,0.0,0
54499,0.057978,0.057978,0.057978,0.057978,0.057978,0.057978,udp,0.0,0.0,cs0,cs0,64.0,117.0,0.0,11.0,Status,6,3,3,728,528,200,176.0,66.666664,67059.92188,48570.14844,18489.77148,0,0,0,0.0,,,86.239609,34.495842,34.495842,CON,,,,,0.0,0.0,0.0,0
54519,0.0,0.0,0.0,0.0,0.0,0.0,lldp,,,,,,,,,Status,1,1,0,72,72,0,72.0,0.0,0.0,0.0,0.0,0,0,0,0.0,,,0.0,0.0,0.0,REQ,,,,,0.0,0.0,0.0,0
54539,0.0,0.0,0.0,0.0,0.0,0.0,icmp,0.0,,cs0,,58.0,,6.0,,Start,1,1,0,98,98,0,98.0,0.0,0.0,0.0,0.0,0,0,0,0.0,,,0.0,0.0,0.0,ECO,,,,,0.0,0.0,0.0,0
54568,4.947096,4.947096,4.947096,4.947096,4.947096,4.947096,udp,0.0,0.0,cs0,cs0,117.0,64.0,11.0,0.0,Status,130,111,19,153397,148770,4627,1340.270264,243.526321,245500.0,238410.5781,7089.411621,0,0,0,0.0,,,26.075905,22.235268,3.638498,CON,,,,,0.0,0.0,0.0,0
54576,0.0,0.0,0.0,0.0,0.0,0.0,icmp,0.0,,cs0,,58.0,,6.0,,Start,1,1,0,98,98,0,98.0,0.0,0.0,0.0,0.0,0,0,0,0.0,,,0.0,0.0,0.0,ECO,,,,,0.0,0.0,0.0,0
54589,0.200915,0.200915,0.200915,0.200915,0.200915,0.200915,udp,0.0,0.0,cs0,cs0,64.0,53.0,0.0,11.0,Start,14,8,6,8710,5341,3369,667.625,561.5,297917.0313,186108.5625,111808.4766,0,0,0,0.0,,,64.703979,34.840607,24.886147,CON,,,,,0.0,0.0,0.0,0
54596,0.0,0.0,0.0,0.0,0.0,0.0,icmp,0.0,,cs0,,58.0,,6.0,,Start,1,1,0,98,98,0,98.0,0.0,0.0,0.0,0.0,0,0,0,0.0,,,0.0,0.0,0.0,ECO,,,,,0.0,0.0,0.0,0
54642,0.072985,0.072985,0.072985,0.072985,0.072985,0.072985,udp,0.0,0.0,cs0,cs0,64.0,117.0,0.0,11.0,Status,6,3,3,732,530,202,176.666672,67.333336,53600.05469,38802.49219,14797.56055,0,0,0,0.0,,,68.507225,27.402891,27.402891,CON,,,,,0.0,0.0,0.0,0
54654,4.99318,4.99318,4.99318,4.99318,4.99318,4.99318,udp,0.0,0.0,cs0,cs0,117.0,64.0,11.0,0.0,Status,159,141,18,190809,186255,4554,1320.957397,253.0,303191.1563,296300.1563,6890.999512,0,0,0,0.0,,,31.643162,28.038246,3.404644,CON,,,,,0.0,0.0,0.0,0
54678,4.966199,4.966199,4.966199,4.966199,4.966199,4.966199,udp,0.0,0.0,cs0,cs0,117.0,64.0,11.0,0.0,Status,158,150,8,191682,187377,4305,1249.180054,538.125,305899.9375,299831.7188,6068.222656,0,0,0,0.0,,,31.613716,30.002825,1.409529,CON,,,,,0.0,0.0,0.0,0
54681,4.891065,4.891065,4.891065,4.891065,4.891065,4.891065,udp,0.0,0.0,cs0,cs0,117.0,64.0,11.0,0.0,Status,160,138,22,191500,186590,4910,1352.10144,223.181824,310648.0625,302981.8438,7666.223633,0,0,0,0.0,,,32.508255,28.01026,4.293543,CON,,,,,0.0,0.0,0.0,0
54831,4.999635,4.999635,4.999635,4.999635,4.999635,4.999635,udp,0.0,0.0,cs0,cs0,117.0,64.0,11.0,0.0,Status,132,118,14,157429,152490,4939,1292.288086,352.785706,249274.1875,241934.4531,7339.735352,0,0,0,0.0,,,26.201912,23.401707,2.60019,CON,,,,,0.0,0.0,0.0,0
54851,0.066686,0.066686,0.066686,0.066686,0.066686,0.066686,udp,0.0,0.0,cs0,cs0,64.0,117.0,0.0,11.0,Status,6,3,3,732,530,202,176.666672,67.333336,58662.99219,42467.6875,16195.30371,0,0,0,0.0,,,74.978256,29.991304,29.991304,CON,,,,,0.0,0.0,0.0,0
54896,0.068102,0.068102,0.068102,0.068102,0.068102,0.068102,udp,0.0,0.0,cs0,cs0,64.0,117.0,0.0,11.0,Status,6,3,3,732,530,202,176.666672,67.333336,57443.24609,41584.67969,15858.56445,0,0,0,0.0,,,73.419281,29.367712,29.367712,CON,,,,,0.0,0.0,0.0,0
54925,0.0,0.0,0.0,0.0,0.0,0.0,icmp,0.0,,cs0,,58.0,,6.0,,Start,1,1,0,98,98,0,98.0,0.0,0.0,0.0,0.0,0,0,0,0.0,,,0.0,0.0,0.0,ECO,,,,,0.0,0.0,0.0,0
54941,0.055571,0.055571,0.055571,0.055571,0.055571,0.055571,udp,0.0,0.0,cs0,cs0,64.0,117.0,0.0,11.0,Status,6,3,3,732,530,202,176.666672,67.333336,70396.42969,50961.83203,19434.59766,0,0,0,0.0,,,89.974983,35.989994,35.989994,CON,,,,,0.0,0.0,0.0,0
55589,0.100815,0.100815,0.100815,0.100815,0.100815,0.100815,udp,0.0,0.0,cs0,cs0,117.0,64.0,11.0,0.0,Status,27,17,10,23362,19185,4177,1128.529419,417.700012,1731250.375,1432882.0,298368.3125,0,0,0,0.0,,,257.898132,158.706543,89.27243,CON,,,,,0.0,0.0,0.0,0
104960,0.0,0.0,0.0,0.0,0.0,0.0,udp,0.0,,cs0,,249.0,,7.0,,Start,1,1,0,74,74,0,74.0,0.0,0.0,0.0,0.0,0,0,0,0.0,,,0.0,0.0,0.0,INT,,,610.0,,0.0,0.0,0.0,0
110518,0.000225,0.000225,0.000225,0.000225,0.000225,0.000225,udp,224.0,184.0,cs7,ef,250.0,255.0,6.0,1.0,Start,2,1,1,124,64,60,64.0,60.0,0.0,0.0,0.0,0,0,0,0.0,,,4444.444336,0.0,0.0,CON,,,610.0,,0.0,0.0,0.0,0
177142,0.0,0.0,0.0,0.0,0.0,0.0,icmp,0.0,,cs0,,58.0,,6.0,,Start,1,1,0,98,98,0,98.0,0.0,0.0,0.0,0.0,0,0,0,0.0,,,0.0,0.0,0.0,ECO,,,,,0.0,0.0,0.0,0
182932,0.0,0.0,0.0,0.0,0.0,0.0,icmp,0.0,,cs0,,58.0,,6.0,,Start,1,1,0,98,98,0,98.0,0.0,0.0,0.0,0.0,0,0,0,0.0,,,0.0,0.0,0.0,ECO,,,,,0.0,0.0,0.0,0
201041,4.956829,4.956829,4.956829,4.956829,4.956829,4.956829,udp,0.0,0.0,cs0,cs0,117.0,64.0,11.0,0.0,Status,106,96,10,125170,120415,4755,1254.322876,475.5,199225.75,192318.1094,6907.64209,0,0,0,0.0,,,21.182898,19.165478,1.815677,CON,,,,,0.0,0.0,0.0,0
230347,0.043005,0.043005,0.043005,0.043005,0.043005,0.043005,udp,0.0,0.0,cs0,cs0,64.0,117.0,0.0,11.0,Status,7,3,4,806,530,276,176.666672,69.0,104359.9531,65852.80469,38507.14844,0,0,0,0.0,,,139.518661,46.506218,69.759331,CON,,,,,0.0,0.0,0.0,0
230394,0.10814,0.10814,0.10814,0.10814,0.10814,0.10814,tcp,0.0,0.0,cs0,cs0,64.0,63.0,0.0,1.0,Start,16,9,7,5262,1013,4249,112.555557,607.0,336082.8438,66654.33594,269428.5313,0,0,0,0.0,0.0,0.0,138.709076,73.97818,55.483631,CON,97792.0,31104.0,,,0.015998,0.001272,0.014726,0
230416,4.970989,4.970989,4.970989,4.970989,4.970989,4.970989,udp,0.0,0.0,cs0,cs0,117.0,64.0,11.0,0.0,Status,209,197,12,261280,256380,4900,1301.421265,408.333344,417737.3438,410508.2188,7229.144531,0,0,0,0.0,,,41.842777,39.428772,2.212839,CON,,,,,0.0,0.0,0.0,0
230434,0.059977,0.059977,0.059977,0.059977,0.059977,0.059977,udp,0.0,0.0,cs0,cs0,64.0,117.0,0.0,11.0,Status,5,3,2,670,531,139,177.0,69.5,56555.01563,47218.10156,9336.913086,0,0,0,0.0,,,66.69223,33.346115,16.673058,CON,,,,,0.0,0.0,0.0,0
230435,0.0,0.0,0.0,0.0,0.0,0.0,icmp,0.0,,cs0,,58.0,,6.0,,Start,1,1,0,98,98,0,98.0,0.0,0.0,0.0,0.0,0,0,0,0.0,,,0.0,0.0,0.0,ECO,,,,,0.0,0.0,0.0,0
230459,4.967829,4.967829,4.967829,4.967829,4.967829,4.967829,udp,0.0,0.0,cs0,cs0,117.0,64.0,11.0,0.0,Status,102,96,6,120303,116292,4011,1211.375,668.5,190705.4219,185321.9844,5383.437988,0,0,0,0.0,,,20.330812,19.123041,1.006476,CON,,,,,0.0,0.0,0.0,0
230546,0.056353,0.056353,0.056353,0.056353,0.056353,0.056353,udp,0.0,0.0,cs0,cs0,64.0,117.0,0.0,11.0,Status,6,3,3,734,531,203,177.0,67.666664,69561.51563,50254.64453,19306.86914,0,0,0,0.0,,,88.726425,35.49057,35.49057,CON,,,,,0.0,0.0,0.0,0
230549,0.0,0.0,0.0,0.0,0.0,0.0,icmp,0.0,,cs0,,58.0,,6.0,,Start,1,1,0,98,98,0,98.0,0.0,0.0,0.0,0.0,0,0,0,0.0,,,0.0,0.0,0.0,ECO,,,,,0.0,0.0,0.0,0
230557,0.0,0.0,0.0,0.0,0.0,0.0,icmp,0.0,,cs0,,58.0,,6.0,,Start,1,1,0,98,98,0,98.0,0.0,0.0,0.0,0.0,0,0,0,0.0,,,0.0,0.0,0.0,ECO,,,,,0.0,0.0,0.0,0
230592,4.992928,4.992928,4.992928,4.992928,4.992928,4.992928,udp,0.0,0.0,cs0,cs0,117.0,64.0,11.0,0.0,Status,100,96,4,117443,117159,284,1220.40625,71.0,186106.4219,185765.1406,341.282715,0,0,0,0.0,,,19.828045,19.026911,0.60085,CON,,,,,0.0,0.0,0.0,0
230607,0.0,0.0,0.0,0.0,0.0,0.0,sctp,186.0,40.0,ef,af11,255.0,250.0,1.0,6.0,Status,2,1,1,232,114,118,114.0,118.0,0.0,0.0,0.0,0,0,0,0.0,,,0.0,0.0,0.0,CON,,,,610.0,0.0,0.0,0.0,0
230616,0.061321,0.061321,0.061321,0.061321,0.061321,0.061321,udp,0.0,0.0,cs0,cs0,64.0,117.0,0.0,11.0,Status,6,3,3,732,530,202,176.666672,67.333336,63795.4375,46183.19922,17612.23633,0,0,0,0.0,,,81.538132,32.615253,32.615253,CON,,,,,0.0,0.0,0.0,0
230633,4.99749,4.99749,4.99749,4.99749,4.99749,4.99749,udp,0.0,0.0,cs0,cs0,117.0,64.0,11.0,0.0,Status,114,102,12,138525,134390,4135,1317.549072,344.583344,219092.3906,213023.7344,6068.646484,0,0,0,0.0,,,22.611351,20.210146,2.201105,CON,,,,,0.0,0.0,0.0,0
230640,0.0,0.0,0.0,0.0,0.0,0.0,icmp,0.0,,cs0,,58.0,,6.0,,Start,1,1,0,98,98,0,98.0,0.0,0.0,0.0,0.0,0,0,0,0.0,,,0.0,0.0,0.0,ECO,,,,,0.0,0.0,0.0,0
230660,0.051282,0.051282,0.051282,0.051282,0.051282,0.051282,udp,0.0,0.0,cs0,cs0,64.0,117.0,0.0,11.0,Status,6,3,3,732,530,202,176.666672,67.333336,76284.07813,55224.05469,21060.02148,0,0,0,0.0,,,97.500099,39.000038,39.000038,CON,,,,,0.0,0.0,0.0,0
230711,0.00083,0.00083,0.00083,0.00083,0.00083,0.00083,llc,,,,,,,,,Status,2,2,0,202,202,0,101.0,0.0,973494.0,973494.0,0.0,0,0,0,0.0,,,1204.819336,1204.819336,0.0,REQ,,,,,0.0,0.0,0.0,0
230713,0.052847,0.052847,0.052847,0.052847,0.052847,0.052847,udp,0.0,0.0,cs0,cs0,64.0,117.0,0.0,11.0,Status,6,3,3,732,530,202,176.666672,67.333336,74025.01563,53588.66016,20436.35352,0,0,0,0.0,,,94.612747,37.8451,37.8451,CON,,,,,0.0,0.0,0.0,0
230772,0.150196,0.150196,0.150196,0.150196,0.150196,0.150196,udp,0.0,0.0,cs0,cs0,64.0,53.0,0.0,11.0,Start,22,12,10,8264,3913,4351,326.083344,435.100006,399637.8125,191057.0156,208580.7813,0,0,0,0.0,,,139.817307,73.237633,59.921703,CON,,,,,0.0,0.0,0.0,0
230790,4.97986,4.97986,4.97986,4.97986,4.97986,4.97986,udp,0.0,0.0,cs0,cs0,117.0,64.0,11.0,0.0,Status,152,129,23,179740,172474,7266,1337.007812,315.913055,286093.1875,274926.625,11166.5791,0,0,0,0.0,,,30.322138,25.703535,4.417795,CON,,,,,0.0,0.0,0.0,0
230791,4.990776,4.990776,4.990776,4.990776,4.990776,4.990776,udp,0.0,0.0,cs0,cs0,117.0,64.0,11.0,0.0,Status,136,122,14,155026,152259,2767,1248.024536,197.642853,246183.75,242064.1563,4119.599609,0,0,0,0.0,,,27.049902,24.244726,2.604805,CON,,,,,0.0,0.0,0.0,0
230821,4.977169,4.977169,4.977169,4.977169,4.977169,4.977169,udp,0.0,0.0,cs0,cs0,117.0,64.0,11.0,0.0,Status,234,218,16,298449,293564,4885,1346.623901,305.3125,477055.125,469693.5,7361.614746,0,0,0,0.0,,,46.813759,43.599083,3.013762,CON,,,,,0.0,0.0,0.0,0
230927,0.052981,0.052981,0.052981,0.052981,0.052981,0.052981,udp,0.0,0.0,cs0,cs0,64.0,117.0,0.0,11.0,Status,5,3,2,670,531,139,177.0,69.5,64022.94922,53453.125,10569.82715,0,0,0,0.0,,,75.498764,37.749382,18.874691,CON,,,,,0.0,0.0,0.0,0
231007,0.0,0.0,0.0,0.0,0.0,0.0,icmp,0.0,,cs0,,58.0,,6.0,,Start,1,1,0,98,98,0,98.0,0.0,0.0,0.0,0.0,0,0,0,0.0,,,0.0,0.0,0.0,ECO,,,,,0.0,0.0,0.0,0
231036,0.051831,0.051831,0.051831,0.051831,0.051831,0.051831,tcp,0.0,0.0,cs0,cs0,64.0,63.0,0.0,1.0,Status,3,2,1,723,291,432,145.5,432.0,22534.77734,22534.77734,0.0,0,0,0,0.0,0.0,0.0,38.586945,19.293472,0.0,CON,69120.0,32256.0,,,0.01499,0.001157,0.013833,0
231053,4.990412,4.990412,4.990412,4.990412,4.990412,4.990412,udp,0.0,0.0,cs0,cs0,117.0,64.0,11.0,0.0,Status,154,141,13,177048,175056,1992,1241.53186,153.230774,281586.3438,278638.3125,2948.052979,0,0,0,0.0,,,30.658791,28.053795,2.404611,CON,,,,,0.0,0.0,0.0,0
231126,4.748961,4.748961,4.748961,4.748961,4.748961,4.748961,tcp,0.0,0.0,cs0,cs0,64.0,63.0,0.0,1.0,Status,8,4,4,571,295,276,73.75,69.0,722.684387,373.976532,348.707855,0,0,0,0.0,0.0,0.0,1.474007,0.631717,0.631717,FIN,69120.0,32256.0,,,0.01499,0.001157,0.013833,0
231170,0.0,0.0,0.0,0.0,0.0,0.0,icmp,0.0,,cs0,,58.0,,6.0,,Start,1,1,0,98,98,0,98.0,0.0,0.0,0.0,0.0,0,0,0,0.0,,,0.0,0.0,0.0,ECO,,,,,0.0,0.0,0.0,0
231211,4.784229,4.784229,4.784229,4.784229,4.784229,4.784229,udp,0.0,0.0,cs0,cs0,117.0,64.0,11.0,0.0,Status,152,122,30,166360,160306,6054,1313.983643,201.800003,275649.0313,265861.875,9787.157227,0,0,0,0.0,,,31.562037,25.291433,6.061583,CON,,,,,0.0,0.0,0.0,0
231227,0.0,0.0,0.0,0.0,0.0,0.0,icmp,0.0,,cs0,,58.0,,6.0,,Start,1,1,0,98,98,0,98.0,0.0,0.0,0.0,0.0,0,0,0,0.0,,,0.0,0.0,0.0,ECO,,,,,0.0,0.0,0.0,0
231251,0.050076,0.050076,0.050076,0.050076,0.050076,0.050076,udp,0.0,0.0,cs0,cs0,64.0,117.0,0.0,11.0,Status,6,3,3,734,531,203,177.0,67.666664,78281.01563,56554.03906,21726.97461,0,0,0,0.0,,,99.848228,39.939293,39.939293,CON,,,,,0.0,0.0,0.0,0
231304,0.052861,0.052861,0.052861,0.052861,0.052861,0.052861,udp,0.0,0.0,cs0,cs0,64.0,53.0,0.0,11.0,Start,7,4,3,4499,2642,1857,660.5,619.0,487315.7813,299956.4688,187359.2969,0,0,0,0.0,,,113.505226,56.752613,37.835075,CON,,,,,0.0,0.0,0.0,0
231306,0.0,0.0,0.0,0.0,0.0,0.0,sctp,186.0,186.0,ef,ef,255.0,252.0,1.0,4.0,Status,2,1,1,200,98,102,98.0,102.0,0.0,0.0,0.0,0,0,0,0.0,,,0.0,0.0,0.0,CON,,,,610.0,0.0,0.0,0.0,0
231316,0.171838,0.171838,0.171838,0.171838,0.171838,0.171838,udp,0.0,0.0,cs0,cs0,64.0,53.0,0.0,11.0,Start,22,13,9,14004,9090,4914,699.230774,546.0,594001.3125,390647.0,203354.3281,0,0,0,0.0,,,122.208122,69.833214,46.555477,CON,,,,,0.0,0.0,0.0,0
231353,0.0,0.0,0.0,0.0,0.0,0.0,icmp,0.0,,cs0,,58.0,,6.0,,Start,1,1,0,98,98,0,98.0,0.0,0.0,0.0,0.0,0,0,0,0.0,,,0.0,0.0,0.0,ECO,,,,,0.0,0.0,0.0,0
231500,4.95824,4.95824,4.95824,4.95824,4.95824,4.95824,udp,0.0,0.0,cs0,cs0,117.0,64.0,11.0,0.0,Status,153,140,13,192150,187421,4729,1338.721436,363.769226,307284.8438,300240.4063,7044.435059,0,0,0,0.0,,,30.656038,28.034142,2.420214,CON,,,,,0.0,0.0,0.0,0
231572,0.0,0.0,0.0,0.0,0.0,0.0,icmp,0.0,,cs0,,58.0,,6.0,,Start,1,1,0,98,98,0,98.0,0.0,0.0,0.0,0.0,0,0,0,0.0,,,0.0,0.0,0.0,ECO,,,,,0.0,0.0,0.0,0
231595,0.052993,0.052993,0.052993,0.052993,0.052993,0.052993,udp,0.0,0.0,cs0,cs0,64.0,117.0,0.0,11.0,Status,5,3,2,668,529,139,176.333328,69.5,63857.49219,53290.05859,10567.43359,0,0,0,0.0,,,75.481667,37.740833,18.870417,CON,,,,,0.0,0.0,0.0,0
231638,0.0,0.0,0.0,0.0,0.0,0.0,icmp,0.0,,cs0,,58.0,,6.0,,Start,1,1,0,98,98,0,98.0,0.0,0.0,0.0,0.0,0,0,0,0.0,,,0.0,0.0,0.0,ECO,,,,,0.0,0.0,0.0,0
231681,0.0,0.0,0.0,0.0,0.0,0.0,icmp,0.0,,cs0,,58.0,,6.0,,Start,1,1,0,98,98,0,98.0,0.0,0.0,0.0,0.0,0,0,0,0.0,,,0.0,0.0,0.0,ECO,,,,,0.0,0.0,0.0,0
231750,0.120947,0.120947,0.120947,0.120947,0.120947,0.120947,tcp,0.0,0.0,cs0,cs0,64.0,63.0,0.0,1.0,Start,15,8,7,5170,935,4235,116.875,605.0,294277.6563,54172.48828,240105.1563,0,0,0,0.0,0.0,0.0,115.753181,57.876591,49.608505,CON,75776.0,31104.0,,,0.014894,0.001207,0.013687,0
231779,0.16789,0.16789,0.16789,0.16789,0.16789,0.16789,udp,0.0,0.0,cs0,cs0,64.0,52.0,0.0,12.0,Start,23,13,10,14880,9778,5102,752.15387,510.200012,648901.0625,430091.125,218809.9375,0,0,0,0.0,,,131.038177,71.475372,53.606529,CON,,,,,0.0,0.0,0.0,0
231782,0.191933,0.191933,0.191933,0.191933,0.191933,0.191933,udp,0.0,0.0,cs0,cs0,64.0,52.0,0.0,12.0,Start,22,13,9,13079,8366,4713,643.538452,523.666687,496548.25,321904.0,174644.2656,0,0,0,0.0,,,109.413177,62.521816,41.68121,CON,,,,,0.0,0.0,0.0,0
231996,0.142517,0.142517,0.142517,0.142517,0.142517,0.142517,udp,0.0,0.0,cs0,cs0,64.0,52.0,0.0,12.0,Start,21,11,10,6891,2519,4372,229.0,437.200012,349432.0,128546.0703,220885.9219,0,0,0,0.0,,,140.334137,70.167068,63.15036,CON,,,,,0.0,0.0,0.0,0
232020,0.0,0.0,0.0,0.0,0.0,0.0,icmp,0.0,,cs0,,58.0,,6.0,,Start,1,1,0,98,98,0,98.0,0.0,0.0,0.0,0.0,0,0,0,0.0,,,0.0,0.0,0.0,ECO,,,,,0.0,0.0,0.0,0
232085,4.927435,4.927435,4.927435,4.927435,4.927435,4.927435,udp,0.0,0.0,cs0,cs0,117.0,64.0,11.0,0.0,Status,179,145,34,200215,191515,8700,1320.793091,255.882355,322504.5,308793.5313,13710.98731,0,0,0,0.0,,,36.124271,29.224131,6.697196,CON,,,,,0.0,0.0,0.0,0
232340,0.067007,0.067007,0.067007,0.067007,0.067007,0.067007,udp,0.0,0.0,cs0,cs0,64.0,117.0,0.0,11.0,Status,6,3,3,733,531,202,177.0,67.333336,58381.96094,42264.24219,16117.71973,0,0,0,0.0,,,74.619072,29.84763,29.84763,CON,,,,,0.0,0.0,0.0,0
232583,2.831317,2.831317,2.831317,2.831317,2.831317,2.831317,udp,0.0,,cs0,,63.0,,1.0,,Start,2,2,0,84,84,0,42.0,0.0,118.672691,118.672691,0.0,0,0,0,0.0,,,0.353193,0.353193,0.0,INT,,,,,0.0,0.0,0.0,0
232701,2.878039,2.878039,2.878039,2.878039,2.878039,2.878039,udp,0.0,,cs0,,63.0,,1.0,,Start,2,2,0,84,84,0,42.0,0.0,116.746162,116.746162,0.0,0,0,0,0.0,,,0.347459,0.347459,0.0,INT,,,,,0.0,0.0,0.0,0
232866,2.881444,2.881444,2.881444,2.881444,2.881444,2.881444,udp,0.0,,cs0,,63.0,,1.0,,Start,2,2,0,84,84,0,42.0,0.0,116.6082,116.6082,0.0,0,0,0,0.0,,,0.347048,0.347048,0.0,INT,,,,,0.0,0.0,0.0,0
232871,2.881553,2.881553,2.881553,2.881553,2.881553,2.881553,udp,0.0,,cs0,,63.0,,1.0,,Start,2,2,0,84,84,0,42.0,0.0,116.60379,116.60379,0.0,0,0,0,0.0,,,0.347035,0.347035,0.0,INT,,,,,0.0,0.0,0.0,0
232880,2.880478,2.880478,2.880478,2.880478,2.880478,2.880478,udp,0.0,,cs0,,63.0,,1.0,,Start,2,2,0,84,84,0,42.0,0.0,116.647308,116.647308,0.0,0,0,0,0.0,,,0.347165,0.347165,0.0,INT,,,,,0.0,0.0,0.0,0
232881,2.879581,2.879581,2.879581,2.879581,2.879581,2.879581,udp,0.0,,cs0,,63.0,,1.0,,Start,2,2,0,84,84,0,42.0,0.0,116.683647,116.683647,0.0,0,0,0,0.0,,,0.347273,0.347273,0.0,INT,,,,,0.0,0.0,0.0,0
232885,2.877848,2.877848,2.877848,2.877848,2.877848,2.877848,udp,0.0,,cs0,,63.0,,1.0,,Start,2,2,0,84,84,0,42.0,0.0,116.753914,116.753914,0.0,0,0,0,0.0,,,0.347482,0.347482,0.0,INT,,,,,0.0,0.0,0.0,0
232896,2.875928,2.875928,2.875928,2.875928,2.875928,2.875928,udp,0.0,,cs0,,63.0,,1.0,,Start,2,2,0,84,84,0,42.0,0.0,116.831856,116.831856,0.0,0,0,0,0.0,,,0.347714,0.347714,0.0,INT,,,,,0.0,0.0,0.0,0
232901,2.877168,2.877168,2.877168,2.877168,2.877168,2.877168,udp,0.0,,cs0,,63.0,,1.0,,Start,2,2,0,84,84,0,42.0,0.0,116.781502,116.781502,0.0,0,0,0,0.0,,,0.347564,0.347564,0.0,INT,,,,,0.0,0.0,0.0,0
233013,2.876001,2.876001,2.876001,2.876001,2.876001,2.876001,udp,0.0,,cs0,,63.0,,1.0,,Start,2,2,0,84,84,0,42.0,0.0,116.828896,116.828896,0.0,0,0,0,0.0,,,0.347705,0.347705,0.0,INT,,,,,0.0,0.0,0.0,0
233079,2.881076,2.881076,2.881076,2.881076,2.881076,2.881076,udp,0.0,,cs0,,63.0,,1.0,,Start,2,2,0,84,84,0,42.0,0.0,116.623093,116.623093,0.0,0,0,0,0.0,,,0.347093,0.347093,0.0,INT,,,,,0.0,0.0,0.0,0
233091,2.884428,2.884428,2.884428,2.884428,2.884428,2.884428,udp,0.0,,cs0,,63.0,,1.0,,Start,2,2,0,84,84,0,42.0,0.0,116.487564,116.487564,0.0,0,0,0,0.0,,,0.346689,0.346689,0.0,INT,,,,,0.0,0.0,0.0,0
233111,2.879544,2.879544,2.879544,2.879544,2.879544,2.879544,udp,0.0,,cs0,,63.0,,1.0,,Start,2,2,0,84,84,0,42.0,0.0,116.685143,116.685143,0.0,0,0,0,0.0,,,0.347277,0.347277,0.0,INT,,,,,0.0,0.0,0.0,0
233114,2.879554,2.879554,2.879554,2.879554,2.879554,2.879554,udp,0.0,,cs0,,63.0,,1.0,,Start,2,2,0,84,84,0,42.0,0.0,116.684738,116.684738,0.0,0,0,0,0.0,,,0.347276,0.347276,0.0,INT,,,,,0.0,0.0,0.0,0
233212,2.877492,2.877492,2.877492,2.877492,2.877492,2.877492,udp,0.0,,cs0,,63.0,,1.0,,Start,2,2,0,84,84,0,42.0,0.0,116.768356,116.768356,0.0,0,0,0,0.0,,,0.347525,0.347525,0.0,INT,,,,,0.0,0.0,0.0,0
233213,2.877492,2.877492,2.877492,2.877492,2.877492,2.877492,udp,0.0,,cs0,,63.0,,1.0,,Start,2,2,0,84,84,0,42.0,0.0,116.768356,116.768356,0.0,0,0,0,0.0,,,0.347525,0.347525,0.0,INT,,,,,0.0,0.0,0.0,0
233268,2.871735,2.871735,2.871735,2.871735,2.871735,2.871735,udp,0.0,,cs0,,63.0,,1.0,,Start,2,2,0,84,84,0,42.0,0.0,117.002434,117.002434,0.0,0,0,0,0.0,,,0.348222,0.348222,0.0,INT,,,,,0.0,0.0,0.0,0
233357,2.876172,2.876172,2.876172,2.876172,2.876172,2.876172,udp,0.0,,cs0,,63.0,,1.0,,Start,2,2,0,84,84,0,42.0,0.0,116.821938,116.821938,0.0,0,0,0,0.0,,,0.347684,0.347684,0.0,INT,,,,,0.0,0.0,0.0,0
233452,2.877002,2.877002,2.877002,2.877002,2.877002,2.877002,udp,0.0,,cs0,,63.0,,1.0,,Start,2,2,0,84,84,0,42.0,0.0,116.788239,116.788239,0.0,0,0,0,0.0,,,0.347584,0.347584,0.0,INT,,,,,0.0,0.0,0.0,0
233482,2.873902,2.873902,2.873902,2.873902,2.873902,2.873902,udp,0.0,,cs0,,63.0,,1.0,,Start,2,2,0,84,84,0,42.0,0.0,116.914215,116.914215,0.0,0,0,0,0.0,,,0.347959,0.347959,0.0,INT,,,,,0.0,0.0,0.0,0
233514,2.872393,2.872393,2.872393,2.872393,2.872393,2.872393,udp,0.0,,cs0,,63.0,,1.0,,Start,2,2,0,84,84,0,42.0,0.0,116.975639,116.975639,0.0,0,0,0,0.0,,,0.348142,0.348142,0.0,INT,,,,,0.0,0.0,0.0,0
233643,2.87606,2.87606,2.87606,2.87606,2.87606,2.87606,udp,0.0,,cs0,,63.0,,1.0,,Start,2,2,0,84,84,0,42.0,0.0,116.826492,116.826492,0.0,0,0,0,0.0,,,0.347698,0.347698,0.0,INT,,,,,0.0,0.0,0.0,0
233648,2.876257,2.876257,2.876257,2.876257,2.876257,2.876257,udp,0.0,,cs0,,63.0,,1.0,,Start,2,2,0,84,84,0,42.0,0.0,116.818489,116.818489,0.0,0,0,0,0.0,,,0.347674,0.347674,0.0,INT,,,,,0.0,0.0,0.0,0
233660,2.874634,2.874634,2.874634,2.874634,2.874634,2.874634,udp,0.0,,cs0,,63.0,,1.0,,Start,2,2,0,84,84,0,42.0,0.0,116.884445,116.884445,0.0,0,0,0,0.0,,,0.34787,0.34787,0.0,INT,,,,,0.0,0.0,0.0,0
233875,2.869798,2.869798,2.869798,2.869798,2.869798,2.869798,udp,0.0,,cs0,,63.0,,1.0,,Start,2,2,0,84,84,0,42.0,0.0,117.081413,117.081413,0.0,0,0,0,0.0,,,0.348457,0.348457,0.0,INT,,,,,0.0,0.0,0.0,0
234088,2.871217,2.871217,2.871217,2.871217,2.871217,2.871217,udp,0.0,,cs0,,63.0,,1.0,,Start,2,2,0,84,84,0,42.0,0.0,117.023544,117.023544,0.0,0,0,0,0.0,,,0.348284,0.348284,0.0,INT,,,,,0.0,0.0,0.0,0
234100,2.871226,2.871226,2.871226,2.871226,2.871226,2.871226,udp,0.0,,cs0,,63.0,,1.0,,Start,2,2,0,84,84,0,42.0,0.0,117.023178,117.023178,0.0,0,0,0,0.0,,,0.348283,0.348283,0.0,INT,,,,,0.0,0.0,0.0,0
234103,2.871226,2.871226,2.871226,2.871226,2.871226,2.871226,udp,0.0,,cs0,,63.0,,1.0,,Start,2,2,0,84,84,0,42.0,0.0,117.023178,117.023178,0.0,0,0,0,0.0,,,0.348283,0.348283,0.0,INT,,,,,0.0,0.0,0.0,0
234277,0.0,0.0,0.0,0.0,0.0,0.0,udp,0.0,,cs0,,63.0,,1.0,,Start,1,1,0,42,42,0,42.0,0.0,0.0,0.0,0.0,0,0,0,0.0,,,0.0,0.0,0.0,INT,,,,,0.0,0.0,0.0,0
234366,2.875322,2.875322,2.875322,2.875322,2.875322,2.875322,udp,0.0,,cs0,,63.0,,1.0,,Start,2,2,0,84,84,0,42.0,0.0,116.856476,116.856476,0.0,0,0,0,0.0,,,0.347787,0.347787,0.0,INT,,,,,0.0,0.0,0.0,0
234372,2.873181,2.873181,2.873181,2.873181,2.873181,2.873181,udp,0.0,,cs0,,63.0,,1.0,,Start,2,2,0,84,84,0,42.0,0.0,116.94355,116.94355,0.0,0,0,0,0.0,,,0.348046,0.348046,0.0,INT,,,,,0.0,0.0,0.0,0
234400,2.873108,2.873108,2.873108,2.873108,2.873108,2.873108,udp,0.0,,cs0,,63.0,,1.0,,Start,2,2,0,84,84,0,42.0,0.0,116.946533,116.946533,0.0,0,0,0,0.0,,,0.348055,0.348055,0.0,INT,,,,,0.0,0.0,0.0,0
234441,2.873249,2.873249,2.873249,2.873249,2.873249,2.873249,udp,0.0,,cs0,,63.0,,1.0,,Start,2,2,0,84,84,0,42.0,0.0,116.940788,116.940788,0.0,0,0,0,0.0,,,0.348038,0.348038,0.0,INT,,,,,0.0,0.0,0.0,0
234493,0.0,0.0,0.0,0.0,0.0,0.0,udp,0.0,,cs0,,63.0,,1.0,,Start,1,1,0,42,42,0,42.0,0.0,0.0,0.0,0.0,0,0,0,0.0,,,0.0,0.0,0.0,INT,,,,,0.0,0.0,0.0,0
234556,2.868716,2.868716,2.868716,2.868716,2.868716,2.868716,udp,0.0,,cs0,,63.0,,1.0,,Start,2,2,0,84,84,0,42.0,0.0,117.125572,117.125572,0.0,0,0,0,0.0,,,0.348588,0.348588,0.0,INT,,,,,0.0,0.0,0.0,0
234585,2.865263,2.865263,2.865263,2.865263,2.865263,2.865263,udp,0.0,,cs0,,63.0,,1.0,,Start,2,2,0,84,84,0,42.0,0.0,117.266724,117.266724,0.0,0,0,0,0.0,,,0.349008,0.349008,0.0,INT,,,,,0.0,0.0,0.0,0
234662,2.876109,2.876109,2.876109,2.876109,2.876109,2.876109,udp,0.0,,cs0,,63.0,,1.0,,Start,2,2,0,84,84,0,42.0,0.0,116.824509,116.824509,0.0,0,0,0,0.0,,,0.347692,0.347692,0.0,INT,,,,,0.0,0.0,0.0,0
234667,2.876094,2.876094,2.876094,2.876094,2.876094,2.876094,udp,0.0,,cs0,,63.0,,1.0,,Start,2,2,0,84,84,0,42.0,0.0,116.825104,116.825104,0.0,0,0,0,0.0,,,0.347694,0.347694,0.0,INT,,,,,0.0,0.0,0.0,0
234714,2.87025,2.87025,2.87025,2.87025,2.87025,2.87025,udp,0.0,,cs0,,63.0,,1.0,,Start,2,2,0,84,84,0,42.0,0.0,117.062973,117.062973,0.0,0,0,0,0.0,,,0.348402,0.348402,0.0,INT,,,,,0.0,0.0,0.0,0
234752,2.875619,2.875619,2.875619,2.875619,2.875619,2.875619,udp,0.0,,cs0,,63.0,,1.0,,Start,2,2,0,84,84,0,42.0,0.0,116.844414,116.844414,0.0,0,0,0,0.0,,,0.347751,0.347751,0.0,INT,,,,,0.0,0.0,0.0,0
234805,2.869309,2.869309,2.869309,2.869309,2.869309,2.869309,udp,0.0,,cs0,,63.0,,1.0,,Start,2,2,0,84,84,0,42.0,0.0,117.101364,117.101364,0.0,0,0,0,0.0,,,0.348516,0.348516,0.0,INT,,,,,0.0,0.0,0.0,0
234811,0.0,0.0,0.0,0.0,0.0,0.0,udp,0.0,,cs0,,63.0,,1.0,,Start,1,1,0,42,42,0,42.0,0.0,0.0,0.0,0.0,0,0,0,0.0,,,0.0,0.0,0.0,INT,,,,,0.0,0.0,0.0,0
234856,0.0,0.0,0.0,0.0,0.0,0.0,udp,0.0,,cs0,,63.0,,1.0,,Start,1,1,0,42,42,0,42.0,0.0,0.0,0.0,0.0,0,0,0,0.0,,,0.0,0.0,0.0,INT,,,,,0.0,0.0,0.0,0
234888,0.0,0.0,0.0,0.0,0.0,0.0,udp,0.0,,cs0,,63.0,,1.0,,Start,1,1,0,42,42,0,42.0,0.0,0.0,0.0,0.0,0,0,0,0.0,,,0.0,0.0,0.0,INT,,,,,0.0,0.0,0.0,0
234933,2.86899,2.86899,2.86899,2.86899,2.86899,2.86899,udp,0.0,,cs0,,63.0,,1.0,,Start,2,2,0,84,84,0,42.0,0.0,117.114388,117.114388,0.0,0,0,0,0.0,,,0.348555,0.348555,0.0,INT,,,,,0.0,0.0,0.0,0
234940,2.868976,2.868976,2.868976,2.868976,2.868976,2.868976,udp,0.0,,cs0,,63.0,,1.0,,Start,2,2,0,84,84,0,42.0,0.0,117.114952,117.114952,0.0,0,0,0,0.0,,,0.348556,0.348556,0.0,INT,,,,,0.0,0.0,0.0,0
234974,0.0,0.0,0.0,0.0,0.0,0.0,udp,0.0,,cs0,,63.0,,1.0,,Start,1,1,0,42,42,0,42.0,0.0,0.0,0.0,0.0,0,0,0,0.0,,,0.0,0.0,0.0,INT,,,,,0.0,0.0,0.0,0
234976,0.0,0.0,0.0,0.0,0.0,0.0,udp,0.0,,cs0,,63.0,,1.0,,Start,1,1,0,42,42,0,42.0,0.0,0.0,0.0,0.0,0,0,0,0.0,,,0.0,0.0,0.0,INT,,,,,0.0,0.0,0.0,0
234981,0.0,0.0,0.0,0.0,0.0,0.0,udp,0.0,,cs0,,63.0,,1.0,,Start,1,1,0,42,42,0,42.0,0.0,0.0,0.0,0.0,0,0,0,0.0,,,0.0,0.0,0.0,INT,,,,,0.0,0.0,0.0,0
235056,2.870959,2.870959,2.870959,2.870959,2.870959,2.870959,udp,0.0,,cs0,,63.0,,1.0,,Start,2,2,0,84,84,0,42.0,0.0,117.034065,117.034065,0.0,0,0,0,0.0,,,0.348316,0.348316,0.0,INT,,,,,0.0,0.0,0.0,0
235070,2.870926,2.870926,2.870926,2.870926,2.870926,2.870926,udp,0.0,,cs0,,63.0,,1.0,,Start,2,2,0,84,84,0,42.0,0.0,117.035416,117.035416,0.0,0,0,0,0.0,,,0.34832,0.34832,0.0,INT,,,,,0.0,0.0,0.0,0
235072,2.870932,2.870932,2.870932,2.870932,2.870932,2.870932,udp,0.0,,cs0,,63.0,,1.0,,Start,2,2,0,84,84,0,42.0,0.0,117.035164,117.035164,0.0,0,0,0,0.0,,,0.348319,0.348319,0.0,INT,,,,,0.0,0.0,0.0,0
235105,2.865271,2.865271,2.865271,2.865271,2.865271,2.865271,udp,0.0,,cs0,,63.0,,1.0,,Start,2,2,0,84,84,0,42.0,0.0,117.266388,117.266388,0.0,0,0,0,0.0,,,0.349007,0.349007,0.0,INT,,,,,0.0,0.0,0.0,0
235121,0.0,0.0,0.0,0.0,0.0,0.0,udp,0.0,,cs0,,63.0,,1.0,,Start,1,1,0,42,42,0,42.0,0.0,0.0,0.0,0.0,0,0,0,0.0,,,0.0,0.0,0.0,INT,,,,,0.0,0.0,0.0,0
235319,0.0,0.0,0.0,0.0,0.0,0.0,udp,0.0,,cs0,,63.0,,1.0,,Start,1,1,0,42,42,0,42.0,0.0,0.0,0.0,0.0,0,0,0,0.0,,,0.0,0.0,0.0,INT,,,,,0.0,0.0,0.0,0
235409,2.865664,2.865664,2.865664,2.865664,2.865664,2.865664,udp,0.0,,cs0,,63.0,,1.0,,Start,2,2,0,84,84,0,42.0,0.0,117.250313,117.250313,0.0,0,0,0,0.0,,,0.348959,0.348959,0.0,INT,,,,,0.0,0.0,0.0,0
235419,0.0,0.0,0.0,0.0,0.0,0.0,udp,0.0,,cs0,,63.0,,1.0,,Start,1,1,0,42,42,0,42.0,0.0,0.0,0.0,0.0,0,0,0,0.0,,,0.0,0.0,0.0,INT,,,,,0.0,0.0,0.0,0
235471,0.0,0.0,0.0,0.0,0.0,0.0,udp,0.0,,cs0,,63.0,,1.0,,Start,1,1,0,42,42,0,42.0,0.0,0.0,0.0,0.0,0,0,0,0.0,,,0.0,0.0,0.0,INT,,,,,0.0,0.0,0.0,0
235478,2.871697,2.871697,2.871697,2.871697,2.871697,2.871697,udp,0.0,,cs0,,63.0,,1.0,,Start,2,2,0,84,84,0,42.0,0.0,117.00399,117.00399,0.0,0,0,0,0.0,,,0.348226,0.348226,0.0,INT,,,,,0.0,0.0,0.0,0
235506,0.0,0.0,0.0,0.0,0.0,0.0,udp,0.0,,cs0,,63.0,,1.0,,Start,1,1,0,42,42,0,42.0,0.0,0.0,0.0,0.0,0,0,0,0.0,,,0.0,0.0,0.0,INT,,,,,0.0,0.0,0.0,0
235522,2.866513,2.866513,2.866513,2.866513,2.866513,2.866513,udp,0.0,,cs0,,63.0,,1.0,,Start,2,2,0,84,84,0,42.0,0.0,117.215584,117.215584,0.0,0,0,0,0.0,,,0.348856,0.348856,0.0,INT,,,,,0.0,0.0,0.0,0
235531,2.866617,2.866617,2.866617,2.866617,2.866617,2.866617,udp,0.0,,cs0,,63.0,,1.0,,Start,2,2,0,84,84,0,42.0,0.0,117.211334,117.211334,0.0,0,0,0,0.0,,,0.348843,0.348843,0.0,INT,,,,,0.0,0.0,0.0,0
235560,2.87186,2.87186,2.87186,2.87186,2.87186,2.87186,udp,0.0,,cs0,,63.0,,1.0,,Start,2,2,0,84,84,0,42.0,0.0,116.997345,116.997345,0.0,0,0,0,0.0,,,0.348206,0.348206,0.0,INT,,,,,0.0,0.0,0.0,0
235567,0.0,0.0,0.0,0.0,0.0,0.0,udp,0.0,,cs0,,63.0,,1.0,,Start,1,1,0,42,42,0,42.0,0.0,0.0,0.0,0.0,0,0,0,0.0,,,0.0,0.0,0.0,INT,,,,,0.0,0.0,0.0,0
235613,2.871488,2.871488,2.871488,2.871488,2.871488,2.871488,udp,0.0,,cs0,,63.0,,1.0,,Start,2,2,0,84,84,0,42.0,0.0,117.012497,117.012497,0.0,0,0,0,0.0,,,0.348251,0.348251,0.0,INT,,,,,0.0,0.0,0.0,0
235716,0.0,0.0,0.0,0.0,0.0,0.0,udp,0.0,,cs0,,63.0,,1.0,,Start,1,1,0,42,42,0,42.0,0.0,0.0,0.0,0.0,0,0,0,0.0,,,0.0,0.0,0.0,INT,,,,,0.0,0.0,0.0,0
235786,2.868559,2.868559,2.868559,2.868559,2.868559,2.868559,udp,0.0,,cs0,,63.0,,1.0,,Start,2,2,0,84,84,0,42.0,0.0,117.131989,117.131989,0.0,0,0,0,0.0,,,0.348607,0.348607,0.0,INT,,,,,0.0,0.0,0.0,0
235798,2.868544,2.868544,2.868544,2.868544,2.868544,2.868544,udp,0.0,,cs0,,63.0,,1.0,,Start,2,2,0,84,84,0,42.0,0.0,117.132591,117.132591,0.0,0,0,0,0.0,,,0.348609,0.348609,0.0,INT,,,,,0.0,0.0,0.0,0
235911,2.868944,2.868944,2.868944,2.868944,2.868944,2.868944,udp,0.0,,cs0,,63.0,,1.0,,Start,2,2,0,84,84,0,42.0,0.0,117.116264,117.116264,0.0,0,0,0,0.0,,,0.34856,0.34856,0.0,INT,,,,,0.0,0.0,0.0,0
235925,2.868841,2.868841,2.868841,2.868841,2.868841,2.868841,udp,0.0,,cs0,,63.0,,1.0,,Start,2,2,0,84,84,0,42.0,0.0,117.120468,117.120468,0.0,0,0,0,0.0,,,0.348573,0.348573,0.0,INT,,,,,0.0,0.0,0.0,0
235956,0.0,0.0,0.0,0.0,0.0,0.0,udp,0.0,,cs0,,63.0,,1.0,,Start,1,1,0,42,42,0,42.0,0.0,0.0,0.0,0.0,0,0,0,0.0,,,0.0,0.0,0.0,INT,,,,,0.0,0.0,0.0,0
235989,2.868948,2.868948,2.868948,2.868948,2.868948,2.868948,udp,0.0,,cs0,,63.0,,1.0,,Start,2,2,0,84,84,0,42.0,0.0,117.116104,117.116104,0.0,0,0,0,0.0,,,0.34856,0.34856,0.0,INT,,,,,0.0,0.0,0.0,0
236025,2.863186,2.863186,2.863186,2.863186,2.863186,2.863186,udp,0.0,,cs0,,63.0,,1.0,,Start,2,2,0,84,84,0,42.0,0.0,117.351791,117.351791,0.0,0,0,0,0.0,,,0.349261,0.349261,0.0,INT,,,,,0.0,0.0,0.0,0
236029,2.863186,2.863186,2.863186,2.863186,2.863186,2.863186,udp,0.0,,cs0,,63.0,,1.0,,Start,2,2,0,84,84,0,42.0,0.0,117.351791,117.351791,0.0,0,0,0,0.0,,,0.349261,0.349261,0.0,INT,,,,,0.0,0.0,0.0,0
236046,2.863354,2.863354,2.863354,2.863354,2.863354,2.863354,udp,0.0,,cs0,,63.0,,1.0,,Start,2,2,0,84,84,0,42.0,0.0,117.344902,117.344902,0.0,0,0,0,0.0,,,0.349241,0.349241,0.0,INT,,,,,0.0,0.0,0.0,0
236101,2.864543,2.864543,2.864543,2.864543,2.864543,2.864543,udp,0.0,,cs0,,63.0,,1.0,,Start,2,2,0,84,84,0,42.0,0.0,117.296196,117.296196,0.0,0,0,0,0.0,,,0.349096,0.349096,0.0,INT,,,,,0.0,0.0,0.0,0
236126,2.864579,2.864579,2.864579,2.864579,2.864579,2.864579,udp,0.0,,cs0,,63.0,,1.0,,Start,2,2,0,84,84,0,42.0,0.0,117.294724,117.294724,0.0,0,0,0,0.0,,,0.349091,0.349091,0.0,INT,,,,,0.0,0.0,0.0,0
236145,0.0,0.0,0.0,0.0,0.0,0.0,udp,0.0,,cs0,,63.0,,1.0,,Start,1,1,0,42,42,0,42.0,0.0,0.0,0.0,0.0,0,0,0,0.0,,,0.0,0.0,0.0,INT,,,,,0.0,0.0,0.0,0
236227,0.0,0.0,0.0,0.0,0.0,0.0,udp,0.0,,cs0,,63.0,,1.0,,Start,1,1,0,42,42,0,42.0,0.0,0.0,0.0,0.0,0,0,0,0.0,,,0.0,0.0,0.0,INT,,,,,0.0,0.0,0.0,0
236250,2.852908,2.852908,2.852908,2.852908,2.852908,2.852908,udp,0.0,,cs0,,63.0,,1.0,,Start,2,2,0,84,84,0,42.0,0.0,117.774567,117.774567,0.0,0,0,0,0.0,,,0.35052,0.35052,0.0,INT,,,,,0.0,0.0,0.0,0
236270,0.0,0.0,0.0,0.0,0.0,0.0,udp,0.0,,cs0,,63.0,,1.0,,Start,1,1,0,42,42,0,42.0,0.0,0.0,0.0,0.0,0,0,0,0.0,,,0.0,0.0,0.0,INT,,,,,0.0,0.0,0.0,0
236300,2.862524,2.862524,2.862524,2.862524,2.862524,2.862524,udp,0.0,,cs0,,63.0,,1.0,,Start,2,2,0,84,84,0,42.0,0.0,117.378929,117.378929,0.0,0,0,0,0.0,,,0.349342,0.349342,0.0,INT,,,,,0.0,0.0,0.0,0
236327,2.863456,2.863456,2.863456,2.863456,2.863456,2.863456,udp,0.0,,cs0,,63.0,,1.0,,Start,2,2,0,84,84,0,42.0,0.0,117.340721,117.340721,0.0,0,0,0,0.0,,,0.349228,0.349228,0.0,INT,,,,,0.0,0.0,0.0,0
236351,2.868265,2.868265,2.868265,2.868265,2.868265,2.868265,udp,0.0,,cs0,,63.0,,1.0,,Start,2,2,0,84,84,0,42.0,0.0,117.14399,117.14399,0.0,0,0,0,0.0,,,0.348643,0.348643,0.0,INT,,,,,0.0,0.0,0.0,0
236428,2.871058,2.871058,2.871058,2.871058,2.871058,2.871058,udp,0.0,,cs0,,63.0,,1.0,,Start,2,2,0,84,84,0,42.0,0.0,117.030029,117.030029,0.0,0,0,0,0.0,,,0.348304,0.348304,0.0,INT,,,,,0.0,0.0,0.0,0
236457,2.870208,2.870208,2.870208,2.870208,2.870208,2.870208,udp,0.0,,cs0,,63.0,,1.0,,Start,2,2,0,84,84,0,42.0,0.0,117.064682,117.064682,0.0,0,0,0,0.0,,,0.348407,0.348407,0.0,INT,,,,,0.0,0.0,0.0,0
236495,2.863168,2.863168,2.863168,2.863168,2.863168,2.863168,udp,0.0,,cs0,,63.0,,1.0,,Start,2,2,0,84,84,0,42.0,0.0,117.352524,117.352524,0.0,0,0,0,0.0,,,0.349263,0.349263,0.0,INT,,,,,0.0,0.0,0.0,0
236535,2.862743,2.862743,2.862743,2.862743,2.862743,2.862743,udp,0.0,,cs0,,63.0,,1.0,,Start,2,2,0,84,84,0,42.0,0.0,117.369949,117.369949,0.0,0,0,0,0.0,,,0.349315,0.349315,0.0,INT,,,,,0.0,0.0,0.0,0
236538,2.862873,2.862873,2.862873,2.862873,2.862873,2.862873,udp,0.0,,cs0,,63.0,,1.0,,Start,2,2,0,84,84,0,42.0,0.0,117.364616,117.364616,0.0,0,0,0,0.0,,,0.349299,0.349299,0.0,INT,,,,,0.0,0.0,0.0,0
236621,2.864971,2.864971,2.864971,2.864971,2.864971,2.864971,udp,0.0,,cs0,,63.0,,1.0,,Start,2,2,0,84,84,0,42.0,0.0,117.278679,117.278679,0.0,0,0,0,0.0,,,0.349044,0.349044,0.0,INT,,,,,0.0,0.0,0.0,0
236674,2.864652,2.864652,2.864652,2.864652,2.864652,2.864652,udp,0.0,,cs0,,63.0,,1.0,,Start,2,2,0,84,84,0,42.0,0.0,117.29174,117.29174,0.0,0,0,0,0.0,,,0.349083,0.349083,0.0,INT,,,,,0.0,0.0,0.0,0
236813,2.865653,2.865653,2.865653,2.865653,2.865653,2.865653,udp,0.0,,cs0,,63.0,,1.0,,Start,2,2,0,84,84,0,42.0,0.0,117.250763,117.250763,0.0,0,0,0,0.0,,,0.348961,0.348961,0.0,INT,,,,,0.0,0.0,0.0,0
236833,0.0,0.0,0.0,0.0,0.0,0.0,udp,0.0,,cs0,,63.0,,1.0,,Start,1,1,0,42,42,0,42.0,0.0,0.0,0.0,0.0,0,0,0,0.0,,,0.0,0.0,0.0,INT,,,,,0.0,0.0,0.0,0
236850,0.0,0.0,0.0,0.0,0.0,0.0,udp,0.0,,cs0,,63.0,,1.0,,Start,1,1,0,42,42,0,42.0,0.0,0.0,0.0,0.0,0,0,0,0.0,,,0.0,0.0,0.0,INT,,,,,0.0,0.0,0.0,0
236938,2.860797,2.860797,2.860797,2.860797,2.860797,2.860797,udp,0.0,,cs0,,63.0,,1.0,,Start,2,2,0,84,84,0,42.0,0.0,117.449791,117.449791,0.0,0,0,0,0.0,,,0.349553,0.349553,0.0,INT,,,,,0.0,0.0,0.0,0
236943,2.860788,2.860788,2.860788,2.860788,2.860788,2.860788,udp,0.0,,cs0,,63.0,,1.0,,Start,2,2,0,84,84,0,42.0,0.0,117.45015,117.45015,0.0,0,0,0,0.0,,,0.349554,0.349554,0.0,INT,,,,,0.0,0.0,0.0,0
237041,2.858574,2.858574,2.858574,2.858574,2.858574,2.858574,udp,0.0,,cs0,,63.0,,1.0,,Start,2,2,0,84,84,0,42.0,0.0,117.54113,117.54113,0.0,0,0,0,0.0,,,0.349825,0.349825,0.0,INT,,,,,0.0,0.0,0.0,0
237046,0.0,0.0,0.0,0.0,0.0,0.0,udp,0.0,,cs0,,63.0,,1.0,,Start,1,1,0,42,42,0,42.0,0.0,0.0,0.0,0.0,0,0,0,0.0,,,0.0,0.0,0.0,INT,,,,,0.0,0.0,0.0,0
237049,0.0,0.0,0.0,0.0,0.0,0.0,udp,0.0,,cs0,,63.0,,1.0,,Start,1,1,0,42,42,0,42.0,0.0,0.0,0.0,0.0,0,0,0,0.0,,,0.0,0.0,0.0,INT,,,,,0.0,0.0,0.0,0
237165,2.86481,2.86481,2.86481,2.86481,2.86481,2.86481,udp,0.0,,cs0,,63.0,,1.0,,Start,2,2,0,84,84,0,42.0,0.0,117.285263,117.285263,0.0,0,0,0,0.0,,,0.349063,0.349063,0.0,INT,,,,,0.0,0.0,0.0,0
237184,2.864799,2.864799,2.864799,2.864799,2.864799,2.864799,udp,0.0,,cs0,,63.0,,1.0,,Start,2,2,0,84,84,0,42.0,0.0,117.285713,117.285713,0.0,0,0,0,0.0,,,0.349065,0.349065,0.0,INT,,,,,0.0,0.0,0.0,0
237248,2.864879,2.864879,2.864879,2.864879,2.864879,2.864879,udp,0.0,,cs0,,63.0,,1.0,,Start,2,2,0,84,84,0,42.0,0.0,117.282448,117.282448,0.0,0,0,0,0.0,,,0.349055,0.349055,0.0,INT,,,,,0.0,0.0,0.0,0
237254,2.866932,2.866932,2.866932,2.866932,2.866932,2.866932,udp,0.0,,cs0,,63.0,,1.0,,Start,2,2,0,84,84,0,42.0,0.0,117.198456,117.198456,0.0,0,0,0,0.0,,,0.348805,0.348805,0.0,INT,,,,,0.0,0.0,0.0,0
237276,2.865119,2.865119,2.865119,2.865119,2.865119,2.865119,udp,0.0,,cs0,,63.0,,1.0,,Start,2,2,0,84,84,0,42.0,0.0,117.272614,117.272614,0.0,0,0,0,0.0,,,0.349026,0.349026,0.0,INT,,,,,0.0,0.0,0.0,0
237423,0.0,0.0,0.0,0.0,0.0,0.0,udp,0.0,,cs0,,63.0,,1.0,,Start,1,1,0,42,42,0,42.0,0.0,0.0,0.0,0.0,0,0,0,0.0,,,0.0,0.0,0.0,INT,,,,,0.0,0.0,0.0,0
237425,0.0,0.0,0.0,0.0,0.0,0.0,udp,0.0,,cs0,,63.0,,1.0,,Start,1,1,0,42,42,0,42.0,0.0,0.0,0.0,0.0,0,0,0,0.0,,,0.0,0.0,0.0,INT,,,,,0.0,0.0,0.0,0
237478,2.861106,2.861106,2.861106,2.861106,2.861106,2.861106,udp,0.0,,cs0,,63.0,,1.0,,Start,2,2,0,84,84,0,42.0,0.0,117.437103,117.437103,0.0,0,0,0,0.0,,,0.349515,0.349515,0.0,INT,,,,,0.0,0.0,0.0,0
237567,2.862793,2.862793,2.862793,2.862793,2.862793,2.862793,udp,0.0,,cs0,,63.0,,1.0,,Start,2,2,0,84,84,0,42.0,0.0,117.367897,117.367897,0.0,0,0,0,0.0,,,0.349309,0.349309,0.0,INT,,,,,0.0,0.0,0.0,0
237674,2.856991,2.856991,2.856991,2.856991,2.856991,2.856991,udp,0.0,,cs0,,63.0,,1.0,,Start,2,2,0,84,84,0,42.0,0.0,117.606247,117.606247,0.0,0,0,0,0.0,,,0.350019,0.350019,0.0,INT,,,,,0.0,0.0,0.0,0
237687,2.862656,2.862656,2.862656,2.862656,2.862656,2.862656,udp,0.0,,cs0,,63.0,,1.0,,Start,2,2,0,84,84,0,42.0,0.0,117.373512,117.373512,0.0,0,0,0,0.0,,,0.349326,0.349326,0.0,INT,,,,,0.0,0.0,0.0,0
237712,2.862291,2.862291,2.862291,2.862291,2.862291,2.862291,udp,0.0,,cs0,,63.0,,1.0,,Start,2,2,0,84,84,0,42.0,0.0,117.388481,117.388481,0.0,0,0,0,0.0,,,0.34937,0.34937,0.0,INT,,,,,0.0,0.0,0.0,0
237801,0.0,0.0,0.0,0.0,0.0,0.0,udp,0.0,,cs0,,63.0,,1.0,,Start,1,1,0,42,42,0,42.0,0.0,0.0,0.0,0.0,0,0,0,0.0,,,0.0,0.0,0.0,INT,,,,,0.0,0.0,0.0,0
237843,2.85215,2.85215,2.85215,2.85215,2.85215,2.85215,udp,0.0,,cs0,,63.0,,1.0,,Start,2,2,0,84,84,0,42.0,0.0,117.80587,117.80587,0.0,0,0,0,0.0,,,0.350613,0.350613,0.0,INT,,,,,0.0,0.0,0.0,0
237890,0.0,0.0,0.0,0.0,0.0,0.0,udp,0.0,,cs0,,63.0,,1.0,,Start,1,1,0,42,42,0,42.0,0.0,0.0,0.0,0.0,0,0,0,0.0,,,0.0,0.0,0.0,INT,,,,,0.0,0.0,0.0,0
237934,0.0,0.0,0.0,0.0,0.0,0.0,udp,0.0,,cs0,,63.0,,1.0,,Start,1,1,0,42,42,0,42.0,0.0,0.0,0.0,0.0,0,0,0,0.0,,,0.0,0.0,0.0,INT,,,,,0.0,0.0,0.0,0
237982,2.852675,2.852675,2.852675,2.852675,2.852675,2.852675,udp,0.0,,cs0,,63.0,,1.0,,Start,2,2,0,84,84,0,42.0,0.0,117.784187,117.784187,0.0,0,0,0,0.0,,,0.350548,0.350548,0.0,INT,,,,,0.0,0.0,0.0,0
238011,2.853684,2.853684,2.853684,2.853684,2.853684,2.853684,udp,0.0,,cs0,,63.0,,1.0,,Start,2,2,0,84,84,0,42.0,0.0,117.742538,117.742538,0.0,0,0,0,0.0,,,0.350424,0.350424,0.0,INT,,,,,0.0,0.0,0.0,0
238018,2.861563,2.861563,2.861563,2.861563,2.861563,2.861563,udp,0.0,,cs0,,63.0,,1.0,,Start,2,2,0,84,84,0,42.0,0.0,117.41835,117.41835,0.0,0,0,0,0.0,,,0.349459,0.349459,0.0,INT,,,,,0.0,0.0,0.0,0
238045,2.867164,2.867164,2.867164,2.867164,2.867164,2.867164,udp,0.0,,cs0,,63.0,,1.0,,Start,2,2,0,84,84,0,42.0,0.0,117.188972,117.188972,0.0,0,0,0,0.0,,,0.348777,0.348777,0.0,INT,,,,,0.0,0.0,0.0,0
238048,0.0,0.0,0.0,0.0,0.0,0.0,udp,0.0,,cs0,,63.0,,1.0,,Start,1,1,0,42,42,0,42.0,0.0,0.0,0.0,0.0,0,0,0,0.0,,,0.0,0.0,0.0,INT,,,,,0.0,0.0,0.0,0
238110,2.85294,2.85294,2.85294,2.85294,2.85294,2.85294,udp,0.0,,cs0,,63.0,,1.0,,Start,2,2,0,84,84,0,42.0,0.0,117.773239,117.773239,0.0,0,0,0,0.0,,,0.350516,0.350516,0.0,INT,,,,,0.0,0.0,0.0,0
238131,0.0,0.0,0.0,0.0,0.0,0.0,udp,0.0,,cs0,,63.0,,1.0,,Start,1,1,0,42,42,0,42.0,0.0,0.0,0.0,0.0,0,0,0,0.0,,,0.0,0.0,0.0,INT,,,,,0.0,0.0,0.0,0
238138,0.0,0.0,0.0,0.0,0.0,0.0,udp,0.0,,cs0,,63.0,,1.0,,Start,1,1,0,42,42,0,42.0,0.0,0.0,0.0,0.0,0,0,0,0.0,,,0.0,0.0,0.0,INT,,,,,0.0,0.0,0.0,0
238180,2.856829,2.856829,2.856829,2.856829,2.856829,2.856829,udp,0.0,,cs0,,63.0,,1.0,,Start,2,2,0,84,84,0,42.0,0.0,117.612923,117.612923,0.0,0,0,0,0.0,,,0.350038,0.350038,0.0,INT,,,,,0.0,0.0,0.0,0
238187,0.0,0.0,0.0,0.0,0.0,0.0,udp,0.0,,cs0,,63.0,,1.0,,Start,1,1,0,42,42,0,42.0,0.0,0.0,0.0,0.0,0,0,0,0.0,,,0.0,0.0,0.0,INT,,,,,0.0,0.0,0.0,0
238234,2.854778,2.854778,2.854778,2.854778,2.854778,2.854778,udp,0.0,,cs0,,63.0,,1.0,,Start,2,2,0,84,84,0,42.0,0.0,117.697418,117.697418,0.0,0,0,0,0.0,,,0.35029,0.35029,0.0,INT,,,,,0.0,0.0,0.0,0
238245,2.851466,2.851466,2.851466,2.851466,2.851466,2.851466,udp,0.0,,cs0,,63.0,,1.0,,Start,2,2,0,84,84,0,42.0,0.0,117.834129,117.834129,0.0,0,0,0,0.0,,,0.350697,0.350697,0.0,INT,,,,,0.0,0.0,0.0,0
238296,2.857584,2.857584,2.857584,2.857584,2.857584,2.857584,udp,0.0,,cs0,,63.0,,1.0,,Start,2,2,0,84,84,0,42.0,0.0,117.581848,117.581848,0.0,0,0,0,0.0,,,0.349946,0.349946,0.0,INT,,,,,0.0,0.0,0.0,0
238368,2.856636,2.856636,2.856636,2.856636,2.856636,2.856636,udp,0.0,,cs0,,63.0,,1.0,,Start,2,2,0,84,84,0,42.0,0.0,117.620865,117.620865,0.0,0,0,0,0.0,,,0.350062,0.350062,0.0,INT,,,,,0.0,0.0,0.0,0
238392,2.856882,2.856882,2.856882,2.856882,2.856882,2.856882,udp,0.0,,cs0,,63.0,,1.0,,Start,2,2,0,84,84,0,42.0,0.0,117.610733,117.610733,0.0,0,0,0,0.0,,,0.350032,0.350032,0.0,INT,,,,,0.0,0.0,0.0,0
238394,2.856882,2.856882,2.856882,2.856882,2.856882,2.856882,udp,0.0,,cs0,,63.0,,1.0,,Start,2,2,0,84,84,0,42.0,0.0,117.610733,117.610733,0.0,0,0,0,0.0,,,0.350032,0.350032,0.0,INT,,,,,0.0,0.0,0.0,0
238547,2.8569,2.8569,2.8569,2.8569,2.8569,2.8569,udp,0.0,,cs0,,63.0,,1.0,,Start,2,2,0,84,84,0,42.0,0.0,117.610001,117.610001,0.0,0,0,0,0.0,,,0.35003,0.35003,0.0,INT,,,,,0.0,0.0,0.0,0
238551,0.0,0.0,0.0,0.0,0.0,0.0,udp,0.0,,cs0,,63.0,,1.0,,Start,1,1,0,42,42,0,42.0,0.0,0.0,0.0,0.0,0,0,0,0.0,,,0.0,0.0,0.0,INT,,,,,0.0,0.0,0.0,0
238597,0.0,0.0,0.0,0.0,0.0,0.0,udp,0.0,,cs0,,63.0,,1.0,,Start,1,1,0,42,42,0,42.0,0.0,0.0,0.0,0.0,0,0,0,0.0,,,0.0,0.0,0.0,INT,,,,,0.0,0.0,0.0,0
238653,0.0,0.0,0.0,0.0,0.0,0.0,udp,0.0,,cs0,,63.0,,1.0,,Start,1,1,0,42,42,0,42.0,0.0,0.0,0.0,0.0,0,0,0,0.0,,,0.0,0.0,0.0,INT,,,,,0.0,0.0,0.0,0
238658,2.852599,2.852599,2.852599,2.852599,2.852599,2.852599,udp,0.0,,cs0,,63.0,,1.0,,Start,2,2,0,84,84,0,42.0,0.0,117.787331,117.787331,0.0,0,0,0,0.0,,,0.350558,0.350558,0.0,INT,,,,,0.0,0.0,0.0,0
238681,2.858478,2.858478,2.858478,2.858478,2.858478,2.858478,udp,0.0,,cs0,,63.0,,1.0,,Start,2,2,0,84,84,0,42.0,0.0,117.545067,117.545067,0.0,0,0,0,0.0,,,0.349836,0.349836,0.0,INT,,,,,0.0,0.0,0.0,0
238705,0.0,0.0,0.0,0.0,0.0,0.0,udp,0.0,,cs0,,63.0,,1.0,,Start,1,1,0,42,42,0,42.0,0.0,0.0,0.0,0.0,0,0,0,0.0,,,0.0,0.0,0.0,INT,,,,,0.0,0.0,0.0,0
238743,2.85412,2.85412,2.85412,2.85412,2.85412,2.85412,udp,0.0,,cs0,,63.0,,1.0,,Start,2,2,0,84,84,0,42.0,0.0,117.724548,117.724548,0.0,0,0,0,0.0,,,0.350371,0.350371,0.0,INT,,,,,0.0,0.0,0.0,0
238744,2.85412,2.85412,2.85412,2.85412,2.85412,2.85412,udp,0.0,,cs0,,63.0,,1.0,,Start,2,2,0,84,84,0,42.0,0.0,117.724548,117.724548,0.0,0,0,0,0.0,,,0.350371,0.350371,0.0,INT,,,,,0.0,0.0,0.0,0
238762,0.0,0.0,0.0,0.0,0.0,0.0,udp,0.0,,cs0,,63.0,,1.0,,Start,1,1,0,42,42,0,42.0,0.0,0.0,0.0,0.0,0,0,0,0.0,,,0.0,0.0,0.0,INT,,,,,0.0,0.0,0.0,0
238777,0.0,0.0,0.0,0.0,0.0,0.0,udp,0.0,,cs0,,63.0,,1.0,,Start,1,1,0,42,42,0,42.0,0.0,0.0,0.0,0.0,0,0,0,0.0,,,0.0,0.0,0.0,INT,,,,,0.0,0.0,0.0,0
238795,2.854309,2.854309,2.854309,2.854309,2.854309,2.854309,udp,0.0,,cs0,,63.0,,1.0,,Start,2,2,0,84,84,0,42.0,0.0,117.716751,117.716751,0.0,0,0,0,0.0,,,0.350347,0.350347,0.0,INT,,,,,0.0,0.0,0.0,0
238798,2.853246,2.853246,2.853246,2.853246,2.853246,2.853246,udp,0.0,,cs0,,63.0,,1.0,,Start,2,2,0,84,84,0,42.0,0.0,117.760612,117.760612,0.0,0,0,0,0.0,,,0.350478,0.350478,0.0,INT,,,,,0.0,0.0,0.0,0
238864,0.0,0.0,0.0,0.0,0.0,0.0,udp,0.0,,cs0,,63.0,,1.0,,Start,1,1,0,42,42,0,42.0,0.0,0.0,0.0,0.0,0,0,0,0.0,,,0.0,0.0,0.0,INT,,,,,0.0,0.0,0.0,0
238873,0.0,0.0,0.0,0.0,0.0,0.0,udp,0.0,,cs0,,63.0,,1.0,,Start,1,1,0,42,42,0,42.0,0.0,0.0,0.0,0.0,0,0,0,0.0,,,0.0,0.0,0.0,INT,,,,,0.0,0.0,0.0,0
238894,0.0,0.0,0.0,0.0,0.0,0.0,udp,0.0,,cs0,,63.0,,1.0,,Start,1,1,0,42,42,0,42.0,0.0,0.0,0.0,0.0,0,0,0,0.0,,,0.0,0.0,0.0,INT,,,,,0.0,0.0,0.0,0
238920,0.0,0.0,0.0,0.0,0.0,0.0,udp,0.0,,cs0,,63.0,,1.0,,Start,1,1,0,42,42,0,42.0,0.0,0.0,0.0,0.0,0,0,0,0.0,,,0.0,0.0,0.0,INT,,,,,0.0,0.0,0.0,0
238928,0.0,0.0,0.0,0.0,0.0,0.0,udp,0.0,,cs0,,63.0,,1.0,,Start,1,1,0,42,42,0,42.0,0.0,0.0,0.0,0.0,0,0,0,0.0,,,0.0,0.0,0.0,INT,,,,,0.0,0.0,0.0,0
239000,2.850846,2.850846,2.850846,2.850846,2.850846,2.850846,udp,0.0,,cs0,,63.0,,1.0,,Start,2,2,0,84,84,0,42.0,0.0,117.859749,117.859749,0.0,0,0,0,0.0,,,0.350773,0.350773,0.0,INT,,,,,0.0,0.0,0.0,0
239046,2.854995,2.854995,2.854995,2.854995,2.854995,2.854995,udp,0.0,,cs0,,63.0,,1.0,,Start,2,2,0,84,84,0,42.0,0.0,117.688469,117.688469,0.0,0,0,0,0.0,,,0.350263,0.350263,0.0,INT,,,,,0.0,0.0,0.0,0
239066,0.0,0.0,0.0,0.0,0.0,0.0,udp,0.0,,cs0,,63.0,,1.0,,Start,1,1,0,42,42,0,42.0,0.0,0.0,0.0,0.0,0,0,0,0.0,,,0.0,0.0,0.0,INT,,,,,0.0,0.0,0.0,0
239081,2.853456,2.853456,2.853456,2.853456,2.853456,2.853456,udp,0.0,,cs0,,63.0,,1.0,,Start,2,2,0,84,84,0,42.0,0.0,117.751945,117.751945,0.0,0,0,0,0.0,,,0.350452,0.350452,0.0,INT,,,,,0.0,0.0,0.0,0
239099,2.849243,2.849243,2.849243,2.849243,2.849243,2.849243,udp,0.0,,cs0,,63.0,,1.0,,Start,2,2,0,84,84,0,42.0,0.0,117.926064,117.926064,0.0,0,0,0,0.0,,,0.35097,0.35097,0.0,INT,,,,,0.0,0.0,0.0,0
239140,2.854781,2.854781,2.854781,2.854781,2.854781,2.854781,udp,0.0,,cs0,,63.0,,1.0,,Start,2,2,0,84,84,0,42.0,0.0,117.697296,117.697296,0.0,0,0,0,0.0,,,0.35029,0.35029,0.0,INT,,,,,0.0,0.0,0.0,0
239147,2.854683,2.854683,2.854683,2.854683,2.854683,2.854683,udp,0.0,,cs0,,63.0,,1.0,,Start,2,2,0,84,84,0,42.0,0.0,117.70134,117.70134,0.0,0,0,0,0.0,,,0.350302,0.350302,0.0,INT,,,,,0.0,0.0,0.0,0
239181,2.854763,2.854763,2.854763,2.854763,2.854763,2.854763,udp,0.0,,cs0,,63.0,,1.0,,Start,2,2,0,84,84,0,42.0,0.0,117.698036,117.698036,0.0,0,0,0,0.0,,,0.350292,0.350292,0.0,INT,,,,,0.0,0.0,0.0,0
239244,2.853674,2.853674,2.853674,2.853674,2.853674,2.853674,udp,0.0,,cs0,,63.0,,1.0,,Start,2,2,0,84,84,0,42.0,0.0,117.742958,117.742958,0.0,0,0,0,0.0,,,0.350425,0.350425,0.0,INT,,,,,0.0,0.0,0.0,0
239275,2.854689,2.854689,2.854689,2.854689,2.854689,2.854689,udp,0.0,,cs0,,63.0,,1.0,,Start,2,2,0,84,84,0,42.0,0.0,117.701096,117.701096,0.0,0,0,0,0.0,,,0.350301,0.350301,0.0,INT,,,,,0.0,0.0,0.0,0
239278,2.85469,2.85469,2.85469,2.85469,2.85469,2.85469,udp,0.0,,cs0,,63.0,,1.0,,Start,2,2,0,84,84,0,42.0,0.0,117.701042,117.701042,0.0,0,0,0,0.0,,,0.350301,0.350301,0.0,INT,,,,,0.0,0.0,0.0,0
239316,0.0,0.0,0.0,0.0,0.0,0.0,udp,0.0,,cs0,,63.0,,1.0,,Start,1,1,0,42,42,0,42.0,0.0,0.0,0.0,0.0,0,0,0,0.0,,,0.0,0.0,0.0,INT,,,,,0.0,0.0,0.0,0
239352,2.848909,2.848909,2.848909,2.848909,2.848909,2.848909,udp,0.0,,cs0,,63.0,,1.0,,Start,2,2,0,84,84,0,42.0,0.0,117.939888,117.939888,0.0,0,0,0,0.0,,,0.351012,0.351012,0.0,INT,,,,,0.0,0.0,0.0,0
239369,2.852361,2.852361,2.852361,2.852361,2.852361,2.852361,udp,0.0,,cs0,,63.0,,1.0,,Start,2,2,0,84,84,0,42.0,0.0,117.79715,117.79715,0.0,0,0,0,0.0,,,0.350587,0.350587,0.0,INT,,,,,0.0,0.0,0.0,0
239395,2.854547,2.854547,2.854547,2.854547,2.854547,2.854547,udp,0.0,,cs0,,63.0,,1.0,,Start,2,2,0,84,84,0,42.0,0.0,117.70694,117.70694,0.0,0,0,0,0.0,,,0.350318,0.350318,0.0,INT,,,,,0.0,0.0,0.0,0
239414,2.854545,2.854545,2.854545,2.854545,2.854545,2.854545,udp,0.0,,cs0,,63.0,,1.0,,Start,2,2,0,84,84,0,42.0,0.0,117.707024,117.707024,0.0,0,0,0,0.0,,,0.350319,0.350319,0.0,INT,,,,,0.0,0.0,0.0,0
239429,2.854682,2.854682,2.854682,2.854682,2.854682,2.854682,udp,0.0,,cs0,,63.0,,1.0,,Start,2,2,0,84,84,0,42.0,0.0,117.701378,117.701378,0.0,0,0,0,0.0,,,0.350302,0.350302,0.0,INT,,,,,0.0,0.0,0.0,0
239525,0.0,0.0,0.0,0.0,0.0,0.0,udp,0.0,,cs0,,63.0,,1.0,,Start,1,1,0,42,42,0,42.0,0.0,0.0,0.0,0.0,0,0,0,0.0,,,0.0,0.0,0.0,INT,,,,,0.0,0.0,0.0,0
239565,0.0,0.0,0.0,0.0,0.0,0.0,udp,0.0,,cs0,,63.0,,1.0,,Start,1,1,0,42,42,0,42.0,0.0,0.0,0.0,0.0,0,0,0,0.0,,,0.0,0.0,0.0,INT,,,,,0.0,0.0,0.0,0
239659,0.0,0.0,0.0,0.0,0.0,0.0,udp,0.0,,cs0,,63.0,,1.0,,Start,1,1,0,42,42,0,42.0,0.0,0.0,0.0,0.0,0,0,0,0.0,,,0.0,0.0,0.0,INT,,,,,0.0,0.0,0.0,0
239742,2.850303,2.850303,2.850303,2.850303,2.850303,2.850303,udp,0.0,,cs0,,63.0,,1.0,,Start,2,2,0,84,84,0,42.0,0.0,117.88221,117.88221,0.0,0,0,0,0.0,,,0.35084,0.35084,0.0,INT,,,,,0.0,0.0,0.0,0
239764,0.0,0.0,0.0,0.0,0.0,0.0,udp,0.0,,cs0,,63.0,,1.0,,Start,1,1,0,42,42,0,42.0,0.0,0.0,0.0,0.0,0,0,0,0.0,,,0.0,0.0,0.0,INT,,,,,0.0,0.0,0.0,0
239779,2.849968,2.849968,2.849968,2.849968,2.849968,2.849968,udp,0.0,,cs0,,63.0,,1.0,,Start,2,2,0,84,84,0,42.0,0.0,117.896065,117.896065,0.0,0,0,0,0.0,,,0.350881,0.350881,0.0,INT,,,,,0.0,0.0,0.0,0
239805,0.0,0.0,0.0,0.0,0.0,0.0,udp,0.0,,cs0,,63.0,,1.0,,Start,1,1,0,42,42,0,42.0,0.0,0.0,0.0,0.0,0,0,0,0.0,,,0.0,0.0,0.0,INT,,,,,0.0,0.0,0.0,0
239871,2.850049,2.850049,2.850049,2.850049,2.850049,2.850049,udp,0.0,,cs0,,63.0,,1.0,,Start,2,2,0,84,84,0,42.0,0.0,117.892708,117.892708,0.0,0,0,0,0.0,,,0.350871,0.350871,0.0,INT,,,,,0.0,0.0,0.0,0
239913,0.0,0.0,0.0,0.0,0.0,0.0,udp,0.0,,cs0,,63.0,,1.0,,Start,1,1,0,42,42,0,42.0,0.0,0.0,0.0,0.0,0,0,0,0.0,,,0.0,0.0,0.0,INT,,,,,0.0,0.0,0.0,0
239933,2.847435,2.847435,2.847435,2.847435,2.847435,2.847435,udp,0.0,,cs0,,63.0,,1.0,,Start,2,2,0,84,84,0,42.0,0.0,118.000938,118.000938,0.0,0,0,0,0.0,,,0.351193,0.351193,0.0,INT,,,,,0.0,0.0,0.0,0
239958,0.0,0.0,0.0,0.0,0.0,0.0,udp,0.0,,cs0,,63.0,,1.0,,Start,1,1,0,42,42,0,42.0,0.0,0.0,0.0,0.0,0,0,0,0.0,,,0.0,0.0,0.0,INT,,,,,0.0,0.0,0.0,0
239972,0.0,0.0,0.0,0.0,0.0,0.0,udp,0.0,,cs0,,63.0,,1.0,,Start,1,1,0,42,42,0,42.0,0.0,0.0,0.0,0.0,0,0,0,0.0,,,0.0,0.0,0.0,INT,,,,,0.0,0.0,0.0,0
240010,0.0,0.0,0.0,0.0,0.0,0.0,udp,0.0,,cs0,,63.0,,1.0,,Start,1,1,0,42,42,0,42.0,0.0,0.0,0.0,0.0,0,0,0,0.0,,,0.0,0.0,0.0,INT,,,,,0.0,0.0,0.0,0
240018,0.0,0.0,0.0,0.0,0.0,0.0,udp,0.0,,cs0,,63.0,,1.0,,Start,1,1,0,42,42,0,42.0,0.0,0.0,0.0,0.0,0,0,0,0.0,,,0.0,0.0,0.0,INT,,,,,0.0,0.0,0.0,0
240027,2.851302,2.851302,2.851302,2.851302,2.851302,2.851302,udp,0.0,,cs0,,63.0,,1.0,,Start,2,2,0,84,84,0,42.0,0.0,117.840904,117.840904,0.0,0,0,0,0.0,,,0.350717,0.350717,0.0,INT,,,,,0.0,0.0,0.0,0
240054,2.846981,2.846981,2.846981,2.846981,2.846981,2.846981,udp,0.0,,cs0,,63.0,,1.0,,Start,2,2,0,84,84,0,42.0,0.0,118.019753,118.019753,0.0,0,0,0,0.0,,,0.351249,0.351249,0.0,INT,,,,,0.0,0.0,0.0,0
240056,2.846967,2.846967,2.846967,2.846967,2.846967,2.846967,udp,0.0,,cs0,,63.0,,1.0,,Start,2,2,0,84,84,0,42.0,0.0,118.020332,118.020332,0.0,0,0,0,0.0,,,0.351251,0.351251,0.0,INT,,,,,0.0,0.0,0.0,0
240064,0.0,0.0,0.0,0.0,0.0,0.0,udp,0.0,,cs0,,63.0,,1.0,,Start,1,1,0,42,42,0,42.0,0.0,0.0,0.0,0.0,0,0,0,0.0,,,0.0,0.0,0.0,INT,,,,,0.0,0.0,0.0,0
240079,0.0,0.0,0.0,0.0,0.0,0.0,udp,0.0,,cs0,,63.0,,1.0,,Start,1,1,0,42,42,0,42.0,0.0,0.0,0.0,0.0,0,0,0,0.0,,,0.0,0.0,0.0,INT,,,,,0.0,0.0,0.0,0
240087,0.0,0.0,0.0,0.0,0.0,0.0,udp,0.0,,cs0,,63.0,,1.0,,Start,1,1,0,42,42,0,42.0,0.0,0.0,0.0,0.0,0,0,0,0.0,,,0.0,0.0,0.0,INT,,,,,0.0,0.0,0.0,0
240098,2.846753,2.846753,2.846753,2.846753,2.846753,2.846753,udp,0.0,,cs0,,63.0,,1.0,,Start,2,2,0,84,84,0,42.0,0.0,118.029213,118.029213,0.0,0,0,0,0.0,,,0.351277,0.351277,0.0,INT,,,,,0.0,0.0,0.0,0
240102,2.846743,2.846743,2.846743,2.846743,2.846743,2.846743,udp,0.0,,cs0,,63.0,,1.0,,Start,2,2,0,84,84,0,42.0,0.0,118.029617,118.029617,0.0,0,0,0,0.0,,,0.351279,0.351279,0.0,INT,,,,,0.0,0.0,0.0,0
240147,2.852608,2.852608,2.852608,2.852608,2.852608,2.852608,udp,0.0,,cs0,,63.0,,1.0,,Start,2,2,0,84,84,0,42.0,0.0,117.786949,117.786949,0.0,0,0,0,0.0,,,0.350556,0.350556,0.0,INT,,,,,0.0,0.0,0.0,0
240172,2.850186,2.850186,2.850186,2.850186,2.850186,2.850186,udp,0.0,,cs0,,63.0,,1.0,,Start,2,2,0,84,84,0,42.0,0.0,117.887039,117.887039,0.0,0,0,0,0.0,,,0.350854,0.350854,0.0,INT,,,,,0.0,0.0,0.0,0
240186,0.0,0.0,0.0,0.0,0.0,0.0,udp,0.0,,cs0,,63.0,,1.0,,Start,1,1,0,42,42,0,42.0,0.0,0.0,0.0,0.0,0,0,0,0.0,,,0.0,0.0,0.0,INT,,,,,0.0,0.0,0.0,0
240198,2.849407,2.849407,2.849407,2.849407,2.849407,2.849407,udp,0.0,,cs0,,63.0,,1.0,,Start,2,2,0,84,84,0,42.0,0.0,117.919273,117.919273,0.0,0,0,0,0.0,,,0.35095,0.35095,0.0,INT,,,,,0.0,0.0,0.0,0
240203,2.847394,2.847394,2.847394,2.847394,2.847394,2.847394,udp,0.0,,cs0,,63.0,,1.0,,Start,2,2,0,84,84,0,42.0,0.0,118.00264,118.00264,0.0,0,0,0,0.0,,,0.351198,0.351198,0.0,INT,,,,,0.0,0.0,0.0,0
240229,0.0,0.0,0.0,0.0,0.0,0.0,udp,0.0,,cs0,,63.0,,1.0,,Start,1,1,0,42,42,0,42.0,0.0,0.0,0.0,0.0,0,0,0,0.0,,,0.0,0.0,0.0,INT,,,,,0.0,0.0,0.0,0
240280,0.0,0.0,0.0,0.0,0.0,0.0,udp,0.0,,cs0,,63.0,,1.0,,Start,1,1,0,42,42,0,42.0,0.0,0.0,0.0,0.0,0,0,0,0.0,,,0.0,0.0,0.0,INT,,,,,0.0,0.0,0.0,0
240291,2.844836,2.844836,2.844836,2.844836,2.844836,2.844836,udp,0.0,,cs0,,63.0,,1.0,,Start,2,2,0,84,84,0,42.0,0.0,118.108742,118.108742,0.0,0,0,0,0.0,,,0.351514,0.351514,0.0,INT,,,,,0.0,0.0,0.0,0
240338,2.844311,2.844311,2.844311,2.844311,2.844311,2.844311,udp,0.0,,cs0,,63.0,,1.0,,Start,2,2,0,84,84,0,42.0,0.0,118.130539,118.130539,0.0,0,0,0,0.0,,,0.351579,0.351579,0.0,INT,,,,,0.0,0.0,0.0,0
240342,2.844324,2.844324,2.844324,2.844324,2.844324,2.844324,udp,0.0,,cs0,,63.0,,1.0,,Start,2,2,0,84,84,0,42.0,0.0,118.129997,118.129997,0.0,0,0,0,0.0,,,0.351577,0.351577,0.0,INT,,,,,0.0,0.0,0.0,0
240348,0.0,0.0,0.0,0.0,0.0,0.0,udp,0.0,,cs0,,63.0,,1.0,,Start,1,1,0,42,42,0,42.0,0.0,0.0,0.0,0.0,0,0,0,0.0,,,0.0,0.0,0.0,INT,,,,,0.0,0.0,0.0,0
240365,2.848844,2.848844,2.848844,2.848844,2.848844,2.848844,udp,0.0,,cs0,,63.0,,1.0,,Start,2,2,0,84,84,0,42.0,0.0,117.942574,117.942574,0.0,0,0,0,0.0,,,0.35102,0.35102,0.0,INT,,,,,0.0,0.0,0.0,0
240459,2.849242,2.849242,2.849242,2.849242,2.849242,2.849242,udp,0.0,,cs0,,63.0,,1.0,,Start,2,2,0,84,84,0,42.0,0.0,117.926102,117.926102,0.0,0,0,0,0.0,,,0.350971,0.350971,0.0,INT,,,,,0.0,0.0,0.0,0
240496,0.0,0.0,0.0,0.0,0.0,0.0,udp,0.0,,cs0,,63.0,,1.0,,Start,1,1,0,42,42,0,42.0,0.0,0.0,0.0,0.0,0,0,0,0.0,,,0.0,0.0,0.0,INT,,,,,0.0,0.0,0.0,0
240497,2.857321,2.857321,2.857321,2.857321,2.857321,2.857321,udp,0.0,,cs0,,63.0,,1.0,,Start,2,2,0,84,84,0,42.0,0.0,117.592667,117.592667,0.0,0,0,0,0.0,,,0.349978,0.349978,0.0,INT,,,,,0.0,0.0,0.0,0
240526,2.852655,2.852655,2.852655,2.852655,2.852655,2.852655,udp,0.0,,cs0,,63.0,,1.0,,Start,2,2,0,84,84,0,42.0,0.0,117.785011,117.785011,0.0,0,0,0,0.0,,,0.350551,0.350551,0.0,INT,,,,,0.0,0.0,0.0,0
240531,0.0,0.0,0.0,0.0,0.0,0.0,udp,0.0,,cs0,,63.0,,1.0,,Start,1,1,0,42,42,0,42.0,0.0,0.0,0.0,0.0,0,0,0,0.0,,,0.0,0.0,0.0,INT,,,,,0.0,0.0,0.0,0
240555,2.848509,2.848509,2.848509,2.848509,2.848509,2.848509,udp,0.0,,cs0,,63.0,,1.0,,Start,2,2,0,84,84,0,42.0,0.0,117.956444,117.956444,0.0,0,0,0,0.0,,,0.351061,0.351061,0.0,INT,,,,,0.0,0.0,0.0,0
240572,0.0,0.0,0.0,0.0,0.0,0.0,udp,0.0,,cs0,,63.0,,1.0,,Start,1,1,0,42,42,0,42.0,0.0,0.0,0.0,0.0,0,0,0,0.0,,,0.0,0.0,0.0,INT,,,,,0.0,0.0,0.0,0
240583,2.843766,2.843766,2.843766,2.843766,2.843766,2.843766,udp,0.0,,cs0,,63.0,,1.0,,Start,2,2,0,84,84,0,42.0,0.0,118.153183,118.153183,0.0,0,0,0,0.0,,,0.351646,0.351646,0.0,INT,,,,,0.0,0.0,0.0,0
240603,2.842453,2.842453,2.842453,2.842453,2.842453,2.842453,udp,0.0,,cs0,,63.0,,1.0,,Start,2,2,0,84,84,0,42.0,0.0,118.207756,118.207756,0.0,0,0,0,0.0,,,0.351809,0.351809,0.0,INT,,,,,0.0,0.0,0.0,0
240641,0.0,0.0,0.0,0.0,0.0,0.0,udp,0.0,,cs0,,63.0,,1.0,,Start,1,1,0,42,42,0,42.0,0.0,0.0,0.0,0.0,0,0,0,0.0,,,0.0,0.0,0.0,INT,,,,,0.0,0.0,0.0,0
240647,0.0,0.0,0.0,0.0,0.0,0.0,udp,0.0,,cs0,,63.0,,1.0,,Start,1,1,0,42,42,0,42.0,0.0,0.0,0.0,0.0,0,0,0,0.0,,,0.0,0.0,0.0,INT,,,,,0.0,0.0,0.0,0
240669,2.847608,2.847608,2.847608,2.847608,2.847608,2.847608,udp,0.0,,cs0,,63.0,,1.0,,Start,2,2,0,84,84,0,42.0,0.0,117.993767,117.993767,0.0,0,0,0,0.0,,,0.351172,0.351172,0.0,INT,,,,,0.0,0.0,0.0,0
240732,0.0,0.0,0.0,0.0,0.0,0.0,udp,0.0,,cs0,,63.0,,1.0,,Start,1,1,0,42,42,0,42.0,0.0,0.0,0.0,0.0,0,0,0,0.0,,,0.0,0.0,0.0,INT,,,,,0.0,0.0,0.0,0
240734,0.0,0.0,0.0,0.0,0.0,0.0,udp,0.0,,cs0,,63.0,,1.0,,Start,1,1,0,42,42,0,42.0,0.0,0.0,0.0,0.0,0,0,0,0.0,,,0.0,0.0,0.0,INT,,,,,0.0,0.0,0.0,0
240792,2.847973,2.847973,2.847973,2.847973,2.847973,2.847973,udp,0.0,,cs0,,63.0,,1.0,,Start,2,2,0,84,84,0,42.0,0.0,117.978645,117.978645,0.0,0,0,0,0.0,,,0.351127,0.351127,0.0,INT,,,,,0.0,0.0,0.0,0
240821,0.0,0.0,0.0,0.0,0.0,0.0,udp,0.0,,cs0,,63.0,,1.0,,Start,1,1,0,42,42,0,42.0,0.0,0.0,0.0,0.0,0,0,0,0.0,,,0.0,0.0,0.0,INT,,,,,0.0,0.0,0.0,0
240848,2.846276,2.846276,2.846276,2.846276,2.846276,2.846276,udp,0.0,,cs0,,63.0,,1.0,,Start,2,2,0,84,84,0,42.0,0.0,118.048988,118.048988,0.0,0,0,0,0.0,,,0.351336,0.351336,0.0,INT,,,,,0.0,0.0,0.0,0
240850,2.846264,2.846264,2.846264,2.846264,2.846264,2.846264,udp,0.0,,cs0,,63.0,,1.0,,Start,2,2,0,84,84,0,42.0,0.0,118.049492,118.049492,0.0,0,0,0,0.0,,,0.351338,0.351338,0.0,INT,,,,,0.0,0.0,0.0,0
240874,0.0,0.0,0.0,0.0,0.0,0.0,udp,0.0,,cs0,,63.0,,1.0,,Start,1,1,0,42,42,0,42.0,0.0,0.0,0.0,0.0,0,0,0,0.0,,,0.0,0.0,0.0,INT,,,,,0.0,0.0,0.0,0
240952,2.846798,2.846798,2.846798,2.846798,2.846798,2.846798,udp,0.0,,cs0,,63.0,,1.0,,Start,2,2,0,84,84,0,42.0,0.0,118.027344,118.027344,0.0,0,0,0,0.0,,,0.351272,0.351272,0.0,INT,,,,,0.0,0.0,0.0,0
241000,2.846753,2.846753,2.846753,2.846753,2.846753,2.846753,udp,0.0,,cs0,,63.0,,1.0,,Start,2,2,0,84,84,0,42.0,0.0,118.029213,118.029213,0.0,0,0,0,0.0,,,0.351277,0.351277,0.0,INT,,,,,0.0,0.0,0.0,0
241010,0.0,0.0,0.0,0.0,0.0,0.0,udp,0.0,,cs0,,63.0,,1.0,,Start,1,1,0,42,42,0,42.0,0.0,0.0,0.0,0.0,0,0,0,0.0,,,0.0,0.0,0.0,INT,,,,,0.0,0.0,0.0,0
241116,2.848958,2.848958,2.848958,2.848958,2.848958,2.848958,udp,0.0,,cs0,,63.0,,1.0,,Start,2,2,0,84,84,0,42.0,0.0,117.937859,117.937859,0.0,0,0,0,0.0,,,0.351006,0.351006,0.0,INT,,,,,0.0,0.0,0.0,0
241186,0.0,0.0,0.0,0.0,0.0,0.0,udp,0.0,,cs0,,63.0,,1.0,,Start,1,1,0,42,42,0,42.0,0.0,0.0,0.0,0.0,0,0,0,0.0,,,0.0,0.0,0.0,INT,,,,,0.0,0.0,0.0,0
241190,0.0,0.0,0.0,0.0,0.0,0.0,udp,0.0,,cs0,,63.0,,1.0,,Start,1,1,0,42,42,0,42.0,0.0,0.0,0.0,0.0,0,0,0,0.0,,,0.0,0.0,0.0,INT,,,,,0.0,0.0,0.0,0
241217,2.844572,2.844572,2.844572,2.844572,2.844572,2.844572,udp,0.0,,cs0,,63.0,,1.0,,Start,2,2,0,84,84,0,42.0,0.0,118.119698,118.119698,0.0,0,0,0,0.0,,,0.351547,0.351547,0.0,INT,,,,,0.0,0.0,0.0,0
241233,2.844605,2.844605,2.844605,2.844605,2.844605,2.844605,udp,0.0,,cs0,,63.0,,1.0,,Start,2,2,0,84,84,0,42.0,0.0,118.118332,118.118332,0.0,0,0,0,0.0,,,0.351543,0.351543,0.0,INT,,,,,0.0,0.0,0.0,0
241247,0.0,0.0,0.0,0.0,0.0,0.0,udp,0.0,,cs0,,63.0,,1.0,,Start,1,1,0,42,42,0,42.0,0.0,0.0,0.0,0.0,0,0,0,0.0,,,0.0,0.0,0.0,INT,,,,,0.0,0.0,0.0,0
241256,0.0,0.0,0.0,0.0,0.0,0.0,udp,0.0,,cs0,,63.0,,1.0,,Start,1,1,0,42,42,0,42.0,0.0,0.0,0.0,0.0,0,0,0,0.0,,,0.0,0.0,0.0,INT,,,,,0.0,0.0,0.0,0
241267,2.838962,2.838962,2.838962,2.838962,2.838962,2.838962,udp,0.0,,cs0,,63.0,,1.0,,Start,2,2,0,84,84,0,42.0,0.0,118.353111,118.353111,0.0,0,0,0,0.0,,,0.352241,0.352241,0.0,INT,,,,,0.0,0.0,0.0,0
241537,0.0,0.0,0.0,0.0,0.0,0.0,udp,0.0,,cs0,,63.0,,1.0,,Start,1,1,0,42,42,0,42.0,0.0,0.0,0.0,0.0,0,0,0,0.0,,,0.0,0.0,0.0,INT,,,,,0.0,0.0,0.0,0
241545,0.0,0.0,0.0,0.0,0.0,0.0,udp,0.0,,cs0,,63.0,,1.0,,Start,1,1,0,42,42,0,42.0,0.0,0.0,0.0,0.0,0,0,0,0.0,,,0.0,0.0,0.0,INT,,,,,0.0,0.0,0.0,0
241549,0.0,0.0,0.0,0.0,0.0,0.0,udp,0.0,,cs0,,63.0,,1.0,,Start,1,1,0,42,42,0,42.0,0.0,0.0,0.0,0.0,0,0,0,0.0,,,0.0,0.0,0.0,INT,,,,,0.0,0.0,0.0,0
241556,0.0,0.0,0.0,0.0,0.0,0.0,udp,0.0,,cs0,,63.0,,1.0,,Start,1,1,0,42,42,0,42.0,0.0,0.0,0.0,0.0,0,0,0,0.0,,,0.0,0.0,0.0,INT,,,,,0.0,0.0,0.0,0
241576,0.0,0.0,0.0,0.0,0.0,0.0,udp,0.0,,cs0,,63.0,,1.0,,Start,1,1,0,42,42,0,42.0,0.0,0.0,0.0,0.0,0,0,0,0.0,,,0.0,0.0,0.0,INT,,,,,0.0,0.0,0.0,0
241583,0.0,0.0,0.0,0.0,0.0,0.0,udp,0.0,,cs0,,63.0,,1.0,,Start,1,1,0,42,42,0,42.0,0.0,0.0,0.0,0.0,0,0,0,0.0,,,0.0,0.0,0.0,INT,,,,,0.0,0.0,0.0,0
241726,2.841183,2.841183,2.841183,2.841183,2.841183,2.841183,udp,0.0,,cs0,,63.0,,1.0,,Start,2,2,0,84,84,0,42.0,0.0,118.260597,118.260597,0.0,0,0,0,0.0,,,0.351966,0.351966,0.0,INT,,,,,0.0,0.0,0.0,0
241776,0.0,0.0,0.0,0.0,0.0,0.0,udp,0.0,,cs0,,63.0,,1.0,,Start,1,1,0,42,42,0,42.0,0.0,0.0,0.0,0.0,0,0,0,0.0,,,0.0,0.0,0.0,INT,,,,,0.0,0.0,0.0,0
241793,2.843072,2.843072,2.843072,2.843072,2.843072,2.843072,udp,0.0,,cs0,,63.0,,1.0,,Start,2,2,0,84,84,0,42.0,0.0,118.182022,118.182022,0.0,0,0,0,0.0,,,0.351732,0.351732,0.0,INT,,,,,0.0,0.0,0.0,0
241803,2.841111,2.841111,2.841111,2.841111,2.841111,2.841111,udp,0.0,,cs0,,63.0,,1.0,,Start,2,2,0,84,84,0,42.0,0.0,118.263596,118.263596,0.0,0,0,0,0.0,,,0.351975,0.351975,0.0,INT,,,,,0.0,0.0,0.0,0
241892,2.840633,2.840633,2.840633,2.840633,2.840633,2.840633,udp,0.0,,cs0,,63.0,,1.0,,Start,2,2,0,84,84,0,42.0,0.0,118.283501,118.283501,0.0,0,0,0,0.0,,,0.352034,0.352034,0.0,INT,,,,,0.0,0.0,0.0,0
241945,2.840719,2.840719,2.840719,2.840719,2.840719,2.840719,udp,0.0,,cs0,,63.0,,1.0,,Start,2,2,0,84,84,0,42.0,0.0,118.279915,118.279915,0.0,0,0,0,0.0,,,0.352024,0.352024,0.0,INT,,,,,0.0,0.0,0.0,0
241973,2.8407,2.8407,2.8407,2.8407,2.8407,2.8407,udp,0.0,,cs0,,63.0,,1.0,,Start,2,2,0,84,84,0,42.0,0.0,118.280708,118.280708,0.0,0,0,0,0.0,,,0.352026,0.352026,0.0,INT,,,,,0.0,0.0,0.0,0
241986,2.84073,2.84073,2.84073,2.84073,2.84073,2.84073,udp,0.0,,cs0,,63.0,,1.0,,Start,2,2,0,84,84,0,42.0,0.0,118.279457,118.279457,0.0,0,0,0,0.0,,,0.352022,0.352022,0.0,INT,,,,,0.0,0.0,0.0,0
241992,2.840734,2.840734,2.840734,2.840734,2.840734,2.840734,udp,0.0,,cs0,,63.0,,1.0,,Start,2,2,0,84,84,0,42.0,0.0,118.279289,118.279289,0.0,0,0,0,0.0,,,0.352022,0.352022,0.0,INT,,,,,0.0,0.0,0.0,0
242046,2.842151,2.842151,2.842151,2.842151,2.842151,2.842151,udp,0.0,,cs0,,63.0,,1.0,,Start,2,2,0,84,84,0,42.0,0.0,118.220322,118.220322,0.0,0,0,0,0.0,,,0.351846,0.351846,0.0,INT,,,,,0.0,0.0,0.0,0
242068,2.840873,2.840873,2.840873,2.840873,2.840873,2.840873,udp,0.0,,cs0,,63.0,,1.0,,Start,2,2,0,84,84,0,42.0,0.0,118.273506,118.273506,0.0,0,0,0,0.0,,,0.352004,0.352004,0.0,INT,,,,,0.0,0.0,0.0,0
242131,2.840888,2.840888,2.840888,2.840888,2.840888,2.840888,udp,0.0,,cs0,,63.0,,1.0,,Start,2,2,0,84,84,0,42.0,0.0,118.272881,118.272881,0.0,0,0,0,0.0,,,0.352003,0.352003,0.0,INT,,,,,0.0,0.0,0.0,0
242134,2.840888,2.840888,2.840888,2.840888,2.840888,2.840888,udp,0.0,,cs0,,63.0,,1.0,,Start,2,2,0,84,84,0,42.0,0.0,118.272881,118.272881,0.0,0,0,0,0.0,,,0.352003,0.352003,0.0,INT,,,,,0.0,0.0,0.0,0
242152,0.0,0.0,0.0,0.0,0.0,0.0,udp,0.0,,cs0,,63.0,,1.0,,Start,1,1,0,42,42,0,42.0,0.0,0.0,0.0,0.0,0,0,0,0.0,,,0.0,0.0,0.0,INT,,,,,0.0,0.0,0.0,0
242161,2.837451,2.837451,2.837451,2.837451,2.837451,2.837451,udp,0.0,,cs0,,63.0,,1.0,,Start,2,2,0,84,84,0,42.0,0.0,118.416145,118.416145,0.0,0,0,0,0.0,,,0.352429,0.352429,0.0,INT,,,,,0.0,0.0,0.0,0
242167,2.835339,2.835339,2.835339,2.835339,2.835339,2.835339,udp,0.0,,cs0,,63.0,,1.0,,Start,2,2,0,84,84,0,42.0,0.0,118.504349,118.504349,0.0,0,0,0,0.0,,,0.352692,0.352692,0.0,INT,,,,,0.0,0.0,0.0,0
242242,0.0,0.0,0.0,0.0,0.0,0.0,udp,0.0,,cs0,,63.0,,1.0,,Start,1,1,0,42,42,0,42.0,0.0,0.0,0.0,0.0,0,0,0,0.0,,,0.0,0.0,0.0,INT,,,,,0.0,0.0,0.0,0
242244,0.0,0.0,0.0,0.0,0.0,0.0,udp,0.0,,cs0,,63.0,,1.0,,Start,1,1,0,42,42,0,42.0,0.0,0.0,0.0,0.0,0,0,0,0.0,,,0.0,0.0,0.0,INT,,,,,0.0,0.0,0.0,0
242308,0.0,0.0,0.0,0.0,0.0,0.0,udp,0.0,,cs0,,63.0,,1.0,,Start,1,1,0,42,42,0,42.0,0.0,0.0,0.0,0.0,0,0,0,0.0,,,0.0,0.0,0.0,INT,,,,,0.0,0.0,0.0,0
242439,2.838963,2.838963,2.838963,2.838963,2.838963,2.838963,udp,0.0,,cs0,,63.0,,1.0,,Start,2,2,0,84,84,0,42.0,0.0,118.353073,118.353073,0.0,0,0,0,0.0,,,0.352241,0.352241,0.0,INT,,,,,0.0,0.0,0.0,0
242459,0.0,0.0,0.0,0.0,0.0,0.0,udp,0.0,,cs0,,63.0,,1.0,,Start,1,1,0,42,42,0,42.0,0.0,0.0,0.0,0.0,0,0,0,0.0,,,0.0,0.0,0.0,INT,,,,,0.0,0.0,0.0,0
242503,2.835994,2.835994,2.835994,2.835994,2.835994,2.835994,udp,0.0,,cs0,,63.0,,1.0,,Start,2,2,0,84,84,0,42.0,0.0,118.476974,118.476974,0.0,0,0,0,0.0,,,0.35261,0.35261,0.0,INT,,,,,0.0,0.0,0.0,0
242515,2.835998,2.835998,2.835998,2.835998,2.835998,2.835998,udp,0.0,,cs0,,63.0,,1.0,,Start,2,2,0,84,84,0,42.0,0.0,118.476807,118.476807,0.0,0,0,0,0.0,,,0.35261,0.35261,0.0,INT,,,,,0.0,0.0,0.0,0
242524,0.0,0.0,0.0,0.0,0.0,0.0,udp,0.0,,cs0,,63.0,,1.0,,Start,1,1,0,42,42,0,42.0,0.0,0.0,0.0,0.0,0,0,0,0.0,,,0.0,0.0,0.0,INT,,,,,0.0,0.0,0.0,0
242533,0.0,0.0,0.0,0.0,0.0,0.0,udp,0.0,,cs0,,63.0,,1.0,,Start,1,1,0,42,42,0,42.0,0.0,0.0,0.0,0.0,0,0,0,0.0,,,0.0,0.0,0.0,INT,,,,,0.0,0.0,0.0,0
242572,2.84164,2.84164,2.84164,2.84164,2.84164,2.84164,udp,0.0,,cs0,,63.0,,1.0,,Start,2,2,0,84,84,0,42.0,0.0,118.241577,118.241577,0.0,0,0,0,0.0,,,0.351909,0.351909,0.0,INT,,,,,0.0,0.0,0.0,0
242585,0.0,0.0,0.0,0.0,0.0,0.0,udp,0.0,,cs0,,63.0,,1.0,,Start,1,1,0,42,42,0,42.0,0.0,0.0,0.0,0.0,0,0,0,0.0,,,0.0,0.0,0.0,INT,,,,,0.0,0.0,0.0,0
242641,2.835977,2.835977,2.835977,2.835977,2.835977,2.835977,udp,0.0,,cs0,,63.0,,1.0,,Start,2,2,0,84,84,0,42.0,0.0,118.477684,118.477684,0.0,0,0,0,0.0,,,0.352612,0.352612,0.0,INT,,,,,0.0,0.0,0.0,0
242738,0.0,0.0,0.0,0.0,0.0,0.0,udp,0.0,,cs0,,63.0,,1.0,,Start,1,1,0,42,42,0,42.0,0.0,0.0,0.0,0.0,0,0,0,0.0,,,0.0,0.0,0.0,INT,,,,,0.0,0.0,0.0,0
242744,2.836387,2.836387,2.836387,2.836387,2.836387,2.836387,udp,0.0,,cs0,,63.0,,1.0,,Start,2,2,0,84,84,0,42.0,0.0,118.460564,118.460564,0.0,0,0,0,0.0,,,0.352561,0.352561,0.0,INT,,,,,0.0,0.0,0.0,0
242764,2.833984,2.833984,2.833984,2.833984,2.833984,2.833984,udp,0.0,,cs0,,63.0,,1.0,,Start,2,2,0,84,84,0,42.0,0.0,118.561012,118.561012,0.0,0,0,0,0.0,,,0.35286,0.35286,0.0,INT,,,,,0.0,0.0,0.0,0
242844,0.0,0.0,0.0,0.0,0.0,0.0,udp,0.0,,cs0,,63.0,,1.0,,Start,1,1,0,42,42,0,42.0,0.0,0.0,0.0,0.0,0,0,0,0.0,,,0.0,0.0,0.0,INT,,,,,0.0,0.0,0.0,0
242908,0.0,0.0,0.0,0.0,0.0,0.0,udp,0.0,,cs0,,63.0,,1.0,,Start,1,1,0,42,42,0,42.0,0.0,0.0,0.0,0.0,0,0,0,0.0,,,0.0,0.0,0.0,INT,,,,,0.0,0.0,0.0,0
242929,2.839169,2.839169,2.839169,2.839169,2.839169,2.839169,udp,0.0,,cs0,,63.0,,1.0,,Start,2,2,0,84,84,0,42.0,0.0,118.34449,118.34449,0.0,0,0,0,0.0,,,0.352216,0.352216,0.0,INT,,,,,0.0,0.0,0.0,0
242949,0.0,0.0,0.0,0.0,0.0,0.0,udp,0.0,,cs0,,63.0,,1.0,,Start,1,1,0,42,42,0,42.0,0.0,0.0,0.0,0.0,0,0,0,0.0,,,0.0,0.0,0.0,INT,,,,,0.0,0.0,0.0,0
242989,0.0,0.0,0.0,0.0,0.0,0.0,udp,0.0,,cs0,,63.0,,1.0,,Start,1,1,0,42,42,0,42.0,0.0,0.0,0.0,0.0,0,0,0,0.0,,,0.0,0.0,0.0,INT,,,,,0.0,0.0,0.0,0
242990,0.0,0.0,0.0,0.0,0.0,0.0,udp,0.0,,cs0,,63.0,,1.0,,Start,1,1,0,42,42,0,42.0,0.0,0.0,0.0,0.0,0,0,0,0.0,,,0.0,0.0,0.0,INT,,,,,0.0,0.0,0.0,0
242992,0.0,0.0,0.0,0.0,0.0,0.0,udp,0.0,,cs0,,63.0,,1.0,,Start,1,1,0,42,42,0,42.0,0.0,0.0,0.0,0.0,0,0,0,0.0,,,0.0,0.0,0.0,INT,,,,,0.0,0.0,0.0,0
243044,2.832114,2.832114,2.832114,2.832114,2.832114,2.832114,udp,0.0,,cs0,,63.0,,1.0,,Start,2,2,0,84,84,0,42.0,0.0,118.63929,118.63929,0.0,0,0,0,0.0,,,0.353093,0.353093,0.0,INT,,,,,0.0,0.0,0.0,0
243045,2.832113,2.832113,2.832113,2.832113,2.832113,2.832113,udp,0.0,,cs0,,63.0,,1.0,,Start,2,2,0,84,84,0,42.0,0.0,118.639336,118.639336,0.0,0,0,0,0.0,,,0.353093,0.353093,0.0,INT,,,,,0.0,0.0,0.0,0
243109,2.837513,2.837513,2.837513,2.837513,2.837513,2.837513,udp,0.0,,cs0,,63.0,,1.0,,Start,2,2,0,84,84,0,42.0,0.0,118.413559,118.413559,0.0,0,0,0,0.0,,,0.352421,0.352421,0.0,INT,,,,,0.0,0.0,0.0,0
243113,0.0,0.0,0.0,0.0,0.0,0.0,udp,0.0,,cs0,,63.0,,1.0,,Start,1,1,0,42,42,0,42.0,0.0,0.0,0.0,0.0,0,0,0,0.0,,,0.0,0.0,0.0,INT,,,,,0.0,0.0,0.0,0
243179,2.832054,2.832054,2.832054,2.832054,2.832054,2.832054,udp,0.0,,cs0,,63.0,,1.0,,Start,2,2,0,84,84,0,42.0,0.0,118.641808,118.641808,0.0,0,0,0,0.0,,,0.353101,0.353101,0.0,INT,,,,,0.0,0.0,0.0,0
243182,2.83205,2.83205,2.83205,2.83205,2.83205,2.83205,udp,0.0,,cs0,,63.0,,1.0,,Start,2,2,0,84,84,0,42.0,0.0,118.641968,118.641968,0.0,0,0,0,0.0,,,0.353101,0.353101,0.0,INT,,,,,0.0,0.0,0.0,0
243224,0.0,0.0,0.0,0.0,0.0,0.0,udp,0.0,,cs0,,63.0,,1.0,,Start,1,1,0,42,42,0,42.0,0.0,0.0,0.0,0.0,0,0,0,0.0,,,0.0,0.0,0.0,INT,,,,,0.0,0.0,0.0,0
243247,2.837685,2.837685,2.837685,2.837685,2.837685,2.837685,udp,0.0,,cs0,,63.0,,1.0,,Start,2,2,0,84,84,0,42.0,0.0,118.406372,118.406372,0.0,0,0,0,0.0,,,0.3524,0.3524,0.0,INT,,,,,0.0,0.0,0.0,0
243268,2.837704,2.837704,2.837704,2.837704,2.837704,2.837704,udp,0.0,,cs0,,63.0,,1.0,,Start,2,2,0,84,84,0,42.0,0.0,118.405586,118.405586,0.0,0,0,0,0.0,,,0.352398,0.352398,0.0,INT,,,,,0.0,0.0,0.0,0
243364,2.836847,2.836847,2.836847,2.836847,2.836847,2.836847,udp,0.0,,cs0,,63.0,,1.0,,Start,2,2,0,84,84,0,42.0,0.0,118.441353,118.441353,0.0,0,0,0,0.0,,,0.352504,0.352504,0.0,INT,,,,,0.0,0.0,0.0,0
243378,2.836862,2.836862,2.836862,2.836862,2.836862,2.836862,udp,0.0,,cs0,,63.0,,1.0,,Start,2,2,0,84,84,0,42.0,0.0,118.440727,118.440727,0.0,0,0,0,0.0,,,0.352502,0.352502,0.0,INT,,,,,0.0,0.0,0.0,0
243436,0.0,0.0,0.0,0.0,0.0,0.0,udp,0.0,,cs0,,63.0,,1.0,,Start,1,1,0,42,42,0,42.0,0.0,0.0,0.0,0.0,0,0,0,0.0,,,0.0,0.0,0.0,INT,,,,,0.0,0.0,0.0,0
243555,2.83263,2.83263,2.83263,2.83263,2.83263,2.83263,udp,0.0,,cs0,,63.0,,1.0,,Start,2,2,0,84,84,0,42.0,0.0,118.617683,118.617683,0.0,0,0,0,0.0,,,0.353029,0.353029,0.0,INT,,,,,0.0,0.0,0.0,0
243558,2.832089,2.832089,2.832089,2.832089,2.832089,2.832089,udp,0.0,,cs0,,63.0,,1.0,,Start,2,2,0,84,84,0,42.0,0.0,118.640343,118.640343,0.0,0,0,0,0.0,,,0.353096,0.353096,0.0,INT,,,,,0.0,0.0,0.0,0
243564,2.831683,2.831683,2.831683,2.831683,2.831683,2.831683,udp,0.0,,cs0,,63.0,,1.0,,Start,2,2,0,84,84,0,42.0,0.0,118.657356,118.657356,0.0,0,0,0,0.0,,,0.353147,0.353147,0.0,INT,,,,,0.0,0.0,0.0,0
243574,2.833843,2.833843,2.833843,2.833843,2.833843,2.833843,udp,0.0,,cs0,,63.0,,1.0,,Start,2,2,0,84,84,0,42.0,0.0,118.56691,118.56691,0.0,0,0,0,0.0,,,0.352878,0.352878,0.0,INT,,,,,0.0,0.0,0.0,0
243587,0.0,0.0,0.0,0.0,0.0,0.0,udp,0.0,,cs0,,63.0,,1.0,,Start,1,1,0,42,42,0,42.0,0.0,0.0,0.0,0.0,0,0,0,0.0,,,0.0,0.0,0.0,INT,,,,,0.0,0.0,0.0,0
243629,2.833807,2.833807,2.833807,2.833807,2.833807,2.833807,udp,0.0,,cs0,,63.0,,1.0,,Start,2,2,0,84,84,0,42.0,0.0,118.568413,118.568413,0.0,0,0,0,0.0,,,0.352882,0.352882,0.0,INT,,,,,0.0,0.0,0.0,0
243642,0.0,0.0,0.0,0.0,0.0,0.0,udp,0.0,,cs0,,63.0,,1.0,,Start,1,1,0,42,42,0,42.0,0.0,0.0,0.0,0.0,0,0,0,0.0,,,0.0,0.0,0.0,INT,,,,,0.0,0.0,0.0,0
243694,0.0,0.0,0.0,0.0,0.0,0.0,udp,0.0,,cs0,,63.0,,1.0,,Start,1,1,0,42,42,0,42.0,0.0,0.0,0.0,0.0,0,0,0,0.0,,,0.0,0.0,0.0,INT,,,,,0.0,0.0,0.0,0
243713,0.0,0.0,0.0,0.0,0.0,0.0,udp,0.0,,cs0,,63.0,,1.0,,Start,1,1,0,42,42,0,42.0,0.0,0.0,0.0,0.0,0,0,0,0.0,,,0.0,0.0,0.0,INT,,,,,0.0,0.0,0.0,0
243735,2.833781,2.833781,2.833781,2.833781,2.833781,2.833781,udp,0.0,,cs0,,63.0,,1.0,,Start,2,2,0,84,84,0,42.0,0.0,118.569504,118.569504,0.0,0,0,0,0.0,,,0.352885,0.352885,0.0,INT,,,,,0.0,0.0,0.0,0
243907,2.833774,2.833774,2.833774,2.833774,2.833774,2.833774,udp,0.0,,cs0,,63.0,,1.0,,Start,2,2,0,84,84,0,42.0,0.0,118.569794,118.569794,0.0,0,0,0,0.0,,,0.352886,0.352886,0.0,INT,,,,,0.0,0.0,0.0,0
243939,0.0,0.0,0.0,0.0,0.0,0.0,udp,0.0,,cs0,,63.0,,1.0,,Start,1,1,0,42,42,0,42.0,0.0,0.0,0.0,0.0,0,0,0,0.0,,,0.0,0.0,0.0,INT,,,,,0.0,0.0,0.0,0
244007,0.0,0.0,0.0,0.0,0.0,0.0,udp,0.0,,cs0,,63.0,,1.0,,Start,1,1,0,42,42,0,42.0,0.0,0.0,0.0,0.0,0,0,0,0.0,,,0.0,0.0,0.0,INT,,,,,0.0,0.0,0.0,0
244029,2.83276,2.83276,2.83276,2.83276,2.83276,2.83276,udp,0.0,,cs0,,63.0,,1.0,,Start,2,2,0,84,84,0,42.0,0.0,118.612236,118.612236,0.0,0,0,0,0.0,,,0.353013,0.353013,0.0,INT,,,,,0.0,0.0,0.0,0
244088,2.833063,2.833063,2.833063,2.833063,2.833063,2.833063,udp,0.0,,cs0,,63.0,,1.0,,Start,2,2,0,84,84,0,42.0,0.0,118.599556,118.599556,0.0,0,0,0,0.0,,,0.352975,0.352975,0.0,INT,,,,,0.0,0.0,0.0,0
244090,2.833063,2.833063,2.833063,2.833063,2.833063,2.833063,udp,0.0,,cs0,,63.0,,1.0,,Start,2,2,0,84,84,0,42.0,0.0,118.599556,118.599556,0.0,0,0,0,0.0,,,0.352975,0.352975,0.0,INT,,,,,0.0,0.0,0.0,0
244135,2.833011,2.833011,2.833011,2.833011,2.833011,2.833011,udp,0.0,,cs0,,63.0,,1.0,,Start,2,2,0,84,84,0,42.0,0.0,118.60173,118.60173,0.0,0,0,0,0.0,,,0.352981,0.352981,0.0,INT,,,,,0.0,0.0,0.0,0
244207,0.0,0.0,0.0,0.0,0.0,0.0,udp,0.0,,cs0,,63.0,,1.0,,Start,1,1,0,42,42,0,42.0,0.0,0.0,0.0,0.0,0,0,0,0.0,,,0.0,0.0,0.0,INT,,,,,0.0,0.0,0.0,0
244429,0.0,0.0,0.0,0.0,0.0,0.0,udp,0.0,,cs0,,63.0,,1.0,,Start,1,1,0,42,42,0,42.0,0.0,0.0,0.0,0.0,0,0,0,0.0,,,0.0,0.0,0.0,INT,,,,,0.0,0.0,0.0,0
244467,0.0,0.0,0.0,0.0,0.0,0.0,udp,0.0,,cs0,,63.0,,1.0,,Start,1,1,0,42,42,0,42.0,0.0,0.0,0.0,0.0,0,0,0,0.0,,,0.0,0.0,0.0,INT,,,,,0.0,0.0,0.0,0
244557,2.839803,2.839803,2.839803,2.839803,2.839803,2.839803,udp,0.0,,cs0,,63.0,,1.0,,Start,2,2,0,84,84,0,42.0,0.0,118.318069,118.318069,0.0,0,0,0,0.0,,,0.352137,0.352137,0.0,INT,,,,,0.0,0.0,0.0,0
244570,0.0,0.0,0.0,0.0,0.0,0.0,udp,0.0,,cs0,,63.0,,1.0,,Start,1,1,0,42,42,0,42.0,0.0,0.0,0.0,0.0,0,0,0,0.0,,,0.0,0.0,0.0,INT,,,,,0.0,0.0,0.0,0
244606,0.0,0.0,0.0,0.0,0.0,0.0,udp,0.0,,cs0,,63.0,,1.0,,Start,1,1,0,42,42,0,42.0,0.0,0.0,0.0,0.0,0,0,0,0.0,,,0.0,0.0,0.0,INT,,,,,0.0,0.0,0.0,0
244617,2.827825,2.827825,2.827825,2.827825,2.827825,2.827825,udp,0.0,,cs0,,63.0,,1.0,,Start,2,2,0,84,84,0,42.0,0.0,118.819229,118.819229,0.0,0,0,0,0.0,,,0.353629,0.353629,0.0,INT,,,,,0.0,0.0,0.0,0
244648,0.0,0.0,0.0,0.0,0.0,0.0,udp,0.0,,cs0,,63.0,,1.0,,Start,1,1,0,42,42,0,42.0,0.0,0.0,0.0,0.0,0,0,0,0.0,,,0.0,0.0,0.0,INT,,,,,0.0,0.0,0.0,0
244700,0.0,0.0,0.0,0.0,0.0,0.0,udp,0.0,,cs0,,63.0,,1.0,,Start,1,1,0,42,42,0,42.0,0.0,0.0,0.0,0.0,0,0,0,0.0,,,0.0,0.0,0.0,INT,,,,,0.0,0.0,0.0,0
244781,0.0,0.0,0.0,0.0,0.0,0.0,udp,0.0,,cs0,,63.0,,1.0,,Start,1,1,0,42,42,0,42.0,0.0,0.0,0.0,0.0,0,0,0,0.0,,,0.0,0.0,0.0,INT,,,,,0.0,0.0,0.0,0
244819,0.0,0.0,0.0,0.0,0.0,0.0,udp,0.0,,cs0,,63.0,,1.0,,Start,1,1,0,42,42,0,42.0,0.0,0.0,0.0,0.0,0,0,0,0.0,,,0.0,0.0,0.0,INT,,,,,0.0,0.0,0.0,0
244841,2.82858,2.82858,2.82858,2.82858,2.82858,2.82858,udp,0.0,,cs0,,63.0,,1.0,,Start,2,2,0,84,84,0,42.0,0.0,118.787521,118.787521,0.0,0,0,0,0.0,,,0.353534,0.353534,0.0,INT,,,,,0.0,0.0,0.0,0
244868,2.826514,2.826514,2.826514,2.826514,2.826514,2.826514,udp,0.0,,cs0,,63.0,,1.0,,Start,2,2,0,84,84,0,42.0,0.0,118.874344,118.874344,0.0,0,0,0,0.0,,,0.353793,0.353793,0.0,INT,,,,,0.0,0.0,0.0,0
245010,2.82983,2.82983,2.82983,2.82983,2.82983,2.82983,udp,0.0,,cs0,,63.0,,1.0,,Start,2,2,0,84,84,0,42.0,0.0,118.735054,118.735054,0.0,0,0,0,0.0,,,0.353378,0.353378,0.0,INT,,,,,0.0,0.0,0.0,0
245044,2.826433,2.826433,2.826433,2.826433,2.826433,2.826433,udp,0.0,,cs0,,63.0,,1.0,,Start,2,2,0,84,84,0,42.0,0.0,118.877754,118.877754,0.0,0,0,0,0.0,,,0.353803,0.353803,0.0,INT,,,,,0.0,0.0,0.0,0
245049,0.0,0.0,0.0,0.0,0.0,0.0,udp,0.0,,cs0,,63.0,,1.0,,Start,1,1,0,42,42,0,42.0,0.0,0.0,0.0,0.0,0,0,0,0.0,,,0.0,0.0,0.0,INT,,,,,0.0,0.0,0.0,0
245110,2.830773,2.830773,2.830773,2.830773,2.830773,2.830773,udp,0.0,,cs0,,63.0,,1.0,,Start,2,2,0,84,84,0,42.0,0.0,118.695488,118.695488,0.0,0,0,0,0.0,,,0.35326,0.35326,0.0,INT,,,,,0.0,0.0,0.0,0
245141,0.0,0.0,0.0,0.0,0.0,0.0,udp,0.0,,cs0,,63.0,,1.0,,Start,1,1,0,42,42,0,42.0,0.0,0.0,0.0,0.0,0,0,0,0.0,,,0.0,0.0,0.0,INT,,,,,0.0,0.0,0.0,0
245196,2.827255,2.827255,2.827255,2.827255,2.827255,2.827255,udp,0.0,,cs0,,63.0,,1.0,,Start,2,2,0,84,84,0,42.0,0.0,118.843185,118.843185,0.0,0,0,0,0.0,,,0.3537,0.3537,0.0,INT,,,,,0.0,0.0,0.0,0
245207,2.824053,2.824053,2.824053,2.824053,2.824053,2.824053,udp,0.0,,cs0,,63.0,,1.0,,Start,2,2,0,84,84,0,42.0,0.0,118.977936,118.977936,0.0,0,0,0,0.0,,,0.354101,0.354101,0.0,INT,,,,,0.0,0.0,0.0,0
245230,0.0,0.0,0.0,0.0,0.0,0.0,udp,0.0,,cs0,,63.0,,1.0,,Start,1,1,0,42,42,0,42.0,0.0,0.0,0.0,0.0,0,0,0,0.0,,,0.0,0.0,0.0,INT,,,,,0.0,0.0,0.0,0
245242,0.0,0.0,0.0,0.0,0.0,0.0,udp,0.0,,cs0,,63.0,,1.0,,Start,1,1,0,42,42,0,42.0,0.0,0.0,0.0,0.0,0,0,0,0.0,,,0.0,0.0,0.0,INT,,,,,0.0,0.0,0.0,0
245245,2.823856,2.823856,2.823856,2.823856,2.823856,2.823856,udp,0.0,,cs0,,63.0,,1.0,,Start,2,2,0,84,84,0,42.0,0.0,118.986229,118.986229,0.0,0,0,0,0.0,,,0.354126,0.354126,0.0,INT,,,,,0.0,0.0,0.0,0
245304,2.827604,2.827604,2.827604,2.827604,2.827604,2.827604,udp,0.0,,cs0,,63.0,,1.0,,Start,2,2,0,84,84,0,42.0,0.0,118.828522,118.828522,0.0,0,0,0,0.0,,,0.353656,0.353656,0.0,INT,,,,,0.0,0.0,0.0,0
245307,0.0,0.0,0.0,0.0,0.0,0.0,udp,0.0,,cs0,,63.0,,1.0,,Start,1,1,0,42,42,0,42.0,0.0,0.0,0.0,0.0,0,0,0,0.0,,,0.0,0.0,0.0,INT,,,,,0.0,0.0,0.0,0
245322,0.0,0.0,0.0,0.0,0.0,0.0,udp,0.0,,cs0,,63.0,,1.0,,Start,1,1,0,42,42,0,42.0,0.0,0.0,0.0,0.0,0,0,0,0.0,,,0.0,0.0,0.0,INT,,,,,0.0,0.0,0.0,0
245388,0.0,0.0,0.0,0.0,0.0,0.0,udp,0.0,,cs0,,63.0,,1.0,,Start,1,1,0,42,42,0,42.0,0.0,0.0,0.0,0.0,0,0,0,0.0,,,0.0,0.0,0.0,INT,,,,,0.0,0.0,0.0,0
245414,0.0,0.0,0.0,0.0,0.0,0.0,udp,0.0,,cs0,,63.0,,1.0,,Start,1,1,0,42,42,0,42.0,0.0,0.0,0.0,0.0,0,0,0,0.0,,,0.0,0.0,0.0,INT,,,,,0.0,0.0,0.0,0
245421,2.821968,2.821968,2.821968,2.821968,2.821968,2.821968,udp,0.0,,cs0,,63.0,,1.0,,Start,2,2,0,84,84,0,42.0,0.0,119.065842,119.065842,0.0,0,0,0,0.0,,,0.354363,0.354363,0.0,INT,,,,,0.0,0.0,0.0,0
245572,0.0,0.0,0.0,0.0,0.0,0.0,udp,0.0,,cs0,,63.0,,1.0,,Start,1,1,0,42,42,0,42.0,0.0,0.0,0.0,0.0,0,0,0,0.0,,,0.0,0.0,0.0,INT,,,,,0.0,0.0,0.0,0
245622,2.82371,2.82371,2.82371,2.82371,2.82371,2.82371,udp,0.0,,cs0,,63.0,,1.0,,Start,2,2,0,84,84,0,42.0,0.0,118.992393,118.992393,0.0,0,0,0,0.0,,,0.354144,0.354144,0.0,INT,,,,,0.0,0.0,0.0,0
245635,0.0,0.0,0.0,0.0,0.0,0.0,udp,0.0,,cs0,,63.0,,1.0,,Start,1,1,0,42,42,0,42.0,0.0,0.0,0.0,0.0,0,0,0,0.0,,,0.0,0.0,0.0,INT,,,,,0.0,0.0,0.0,0
245636,2.826776,2.826776,2.826776,2.826776,2.826776,2.826776,udp,0.0,,cs0,,63.0,,1.0,,Start,2,2,0,84,84,0,42.0,0.0,118.863327,118.863327,0.0,0,0,0,0.0,,,0.35376,0.35376,0.0,INT,,,,,0.0,0.0,0.0,0
245668,0.0,0.0,0.0,0.0,0.0,0.0,udp,0.0,,cs0,,63.0,,1.0,,Start,1,1,0,42,42,0,42.0,0.0,0.0,0.0,0.0,0,0,0,0.0,,,0.0,0.0,0.0,INT,,,,,0.0,0.0,0.0,0
245688,0.0,0.0,0.0,0.0,0.0,0.0,udp,0.0,,cs0,,63.0,,1.0,,Start,1,1,0,42,42,0,42.0,0.0,0.0,0.0,0.0,0,0,0,0.0,,,0.0,0.0,0.0,INT,,,,,0.0,0.0,0.0,0
245703,0.0,0.0,0.0,0.0,0.0,0.0,udp,0.0,,cs0,,63.0,,1.0,,Start,1,1,0,42,42,0,42.0,0.0,0.0,0.0,0.0,0,0,0,0.0,,,0.0,0.0,0.0,INT,,,,,0.0,0.0,0.0,0
245737,2.823454,2.823454,2.823454,2.823454,2.823454,2.823454,udp,0.0,,cs0,,63.0,,1.0,,Start,2,2,0,84,84,0,42.0,0.0,119.003181,119.003181,0.0,0,0,0,0.0,,,0.354176,0.354176,0.0,INT,,,,,0.0,0.0,0.0,0
245763,2.821885,2.821885,2.821885,2.821885,2.821885,2.821885,udp,0.0,,cs0,,63.0,,1.0,,Start,2,2,0,84,84,0,42.0,0.0,119.069344,119.069344,0.0,0,0,0,0.0,,,0.354373,0.354373,0.0,INT,,,,,0.0,0.0,0.0,0
245805,0.0,0.0,0.0,0.0,0.0,0.0,udp,0.0,,cs0,,63.0,,1.0,,Start,1,1,0,42,42,0,42.0,0.0,0.0,0.0,0.0,0,0,0,0.0,,,0.0,0.0,0.0,INT,,,,,0.0,0.0,0.0,0
245811,0.0,0.0,0.0,0.0,0.0,0.0,udp,0.0,,cs0,,63.0,,1.0,,Start,1,1,0,42,42,0,42.0,0.0,0.0,0.0,0.0,0,0,0,0.0,,,0.0,0.0,0.0,INT,,,,,0.0,0.0,0.0,0
245843,2.824196,2.824196,2.824196,2.824196,2.824196,2.824196,udp,0.0,,cs0,,63.0,,1.0,,Start,2,2,0,84,84,0,42.0,0.0,118.971909,118.971909,0.0,0,0,0,0.0,,,0.354083,0.354083,0.0,INT,,,,,0.0,0.0,0.0,0
245859,2.820152,2.820152,2.820152,2.820152,2.820152,2.820152,udp,0.0,,cs0,,63.0,,1.0,,Start,2,2,0,84,84,0,42.0,0.0,119.142509,119.142509,0.0,0,0,0,0.0,,,0.354591,0.354591,0.0,INT,,,,,0.0,0.0,0.0,0
245873,0.0,0.0,0.0,0.0,0.0,0.0,udp,0.0,,cs0,,63.0,,1.0,,Start,1,1,0,42,42,0,42.0,0.0,0.0,0.0,0.0,0,0,0,0.0,,,0.0,0.0,0.0,INT,,,,,0.0,0.0,0.0,0
245931,2.82359,2.82359,2.82359,2.82359,2.82359,2.82359,udp,0.0,,cs0,,63.0,,1.0,,Start,2,2,0,84,84,0,42.0,0.0,118.997444,118.997444,0.0,0,0,0,0.0,,,0.354159,0.354159,0.0,INT,,,,,0.0,0.0,0.0,0
245977,2.819961,2.819961,2.819961,2.819961,2.819961,2.819961,udp,0.0,,cs0,,63.0,,1.0,,Start,2,2,0,84,84,0,42.0,0.0,119.150581,119.150581,0.0,0,0,0,0.0,,,0.354615,0.354615,0.0,INT,,,,,0.0,0.0,0.0,0
245997,0.0,0.0,0.0,0.0,0.0,0.0,udp,0.0,,cs0,,63.0,,1.0,,Start,1,1,0,42,42,0,42.0,0.0,0.0,0.0,0.0,0,0,0,0.0,,,0.0,0.0,0.0,INT,,,,,0.0,0.0,0.0,0
246057,0.0,0.0,0.0,0.0,0.0,0.0,udp,0.0,,cs0,,63.0,,1.0,,Start,1,1,0,42,42,0,42.0,0.0,0.0,0.0,0.0,0,0,0,0.0,,,0.0,0.0,0.0,INT,,,,,0.0,0.0,0.0,0
246074,2.819239,2.819239,2.819239,2.819239,2.819239,2.819239,udp,0.0,,cs0,,63.0,,1.0,,Start,2,2,0,84,84,0,42.0,0.0,119.181099,119.181099,0.0,0,0,0,0.0,,,0.354706,0.354706,0.0,INT,,,,,0.0,0.0,0.0,0
246117,2.821992,2.821992,2.821992,2.821992,2.821992,2.821992,udp,0.0,,cs0,,63.0,,1.0,,Start,2,2,0,84,84,0,42.0,0.0,119.064835,119.064835,0.0,0,0,0,0.0,,,0.35436,0.35436,0.0,INT,,,,,0.0,0.0,0.0,0
246146,0.0,0.0,0.0,0.0,0.0,0.0,udp,0.0,,cs0,,63.0,,1.0,,Start,1,1,0,42,42,0,42.0,0.0,0.0,0.0,0.0,0,0,0,0.0,,,0.0,0.0,0.0,INT,,,,,0.0,0.0,0.0,0
246169,2.816331,2.816331,2.816331,2.816331,2.816331,2.816331,udp,0.0,,cs0,,63.0,,1.0,,Start,2,2,0,84,84,0,42.0,0.0,119.304161,119.304161,0.0,0,0,0,0.0,,,0.355072,0.355072,0.0,INT,,,,,0.0,0.0,0.0,0
246237,0.0,0.0,0.0,0.0,0.0,0.0,udp,0.0,,cs0,,63.0,,1.0,,Start,1,1,0,42,42,0,42.0,0.0,0.0,0.0,0.0,0,0,0,0.0,,,0.0,0.0,0.0,INT,,,,,0.0,0.0,0.0,0
246280,0.0,0.0,0.0,0.0,0.0,0.0,udp,0.0,,cs0,,63.0,,1.0,,Start,1,1,0,42,42,0,42.0,0.0,0.0,0.0,0.0,0,0,0,0.0,,,0.0,0.0,0.0,INT,,,,,0.0,0.0,0.0,0
246296,2.818408,2.818408,2.818408,2.818408,2.818408,2.818408,udp,0.0,,cs0,,63.0,,1.0,,Start,2,2,0,84,84,0,42.0,0.0,119.21624,119.21624,0.0,0,0,0,0.0,,,0.35481,0.35481,0.0,INT,,,,,0.0,0.0,0.0,0
246328,2.815536,2.815536,2.815536,2.815536,2.815536,2.815536,udp,0.0,,cs0,,63.0,,1.0,,Start,2,2,0,84,84,0,42.0,0.0,119.337845,119.337845,0.0,0,0,0,0.0,,,0.355172,0.355172,0.0,INT,,,,,0.0,0.0,0.0,0
246361,0.0,0.0,0.0,0.0,0.0,0.0,udp,0.0,,cs0,,63.0,,1.0,,Start,1,1,0,42,42,0,42.0,0.0,0.0,0.0,0.0,0,0,0,0.0,,,0.0,0.0,0.0,INT,,,,,0.0,0.0,0.0,0
246366,0.0,0.0,0.0,0.0,0.0,0.0,udp,0.0,,cs0,,63.0,,1.0,,Start,1,1,0,42,42,0,42.0,0.0,0.0,0.0,0.0,0,0,0,0.0,,,0.0,0.0,0.0,INT,,,,,0.0,0.0,0.0,0
246367,0.0,0.0,0.0,0.0,0.0,0.0,udp,0.0,,cs0,,63.0,,1.0,,Start,1,1,0,42,42,0,42.0,0.0,0.0,0.0,0.0,0,0,0,0.0,,,0.0,0.0,0.0,INT,,,,,0.0,0.0,0.0,0
246401,0.0,0.0,0.0,0.0,0.0,0.0,udp,0.0,,cs0,,63.0,,1.0,,Start,1,1,0,42,42,0,42.0,0.0,0.0,0.0,0.0,0,0,0,0.0,,,0.0,0.0,0.0,INT,,,,,0.0,0.0,0.0,0
246447,2.820316,2.820316,2.820316,2.820316,2.820316,2.820316,udp,0.0,,cs0,,63.0,,1.0,,Start,2,2,0,84,84,0,42.0,0.0,119.135582,119.135582,0.0,0,0,0,0.0,,,0.35457,0.35457,0.0,INT,,,,,0.0,0.0,0.0,0
246509,0.0,0.0,0.0,0.0,0.0,0.0,udp,0.0,,cs0,,63.0,,1.0,,Start,1,1,0,42,42,0,42.0,0.0,0.0,0.0,0.0,0,0,0,0.0,,,0.0,0.0,0.0,INT,,,,,0.0,0.0,0.0,0
246528,2.816339,2.816339,2.816339,2.816339,2.816339,2.816339,udp,0.0,,cs0,,63.0,,1.0,,Start,2,2,0,84,84,0,42.0,0.0,119.303818,119.303818,0.0,0,0,0,0.0,,,0.355071,0.355071,0.0,INT,,,,,0.0,0.0,0.0,0
246535,2.815192,2.815192,2.815192,2.815192,2.815192,2.815192,udp,0.0,,cs0,,63.0,,1.0,,Start,2,2,0,84,84,0,42.0,0.0,119.352432,119.352432,0.0,0,0,0,0.0,,,0.355216,0.355216,0.0,INT,,,,,0.0,0.0,0.0,0
246733,2.818318,2.818318,2.818318,2.818318,2.818318,2.818318,udp,0.0,,cs0,,63.0,,1.0,,Start,2,2,0,84,84,0,42.0,0.0,119.220047,119.220047,0.0,0,0,0,0.0,,,0.354822,0.354822,0.0,INT,,,,,0.0,0.0,0.0,0
246777,2.814988,2.814988,2.814988,2.814988,2.814988,2.814988,udp,0.0,,cs0,,63.0,,1.0,,Start,2,2,0,84,84,0,42.0,0.0,119.361084,119.361084,0.0,0,0,0,0.0,,,0.355241,0.355241,0.0,INT,,,,,0.0,0.0,0.0,0
246803,0.0,0.0,0.0,0.0,0.0,0.0,udp,0.0,,cs0,,63.0,,1.0,,Start,1,1,0,42,42,0,42.0,0.0,0.0,0.0,0.0,0,0,0,0.0,,,0.0,0.0,0.0,INT,,,,,0.0,0.0,0.0,0
246813,2.817055,2.817055,2.817055,2.817055,2.817055,2.817055,udp,0.0,,cs0,,63.0,,1.0,,Start,2,2,0,84,84,0,42.0,0.0,119.273499,119.273499,0.0,0,0,0,0.0,,,0.354981,0.354981,0.0,INT,,,,,0.0,0.0,0.0,0
246960,0.0,0.0,0.0,0.0,0.0,0.0,udp,0.0,,cs0,,63.0,,1.0,,Start,1,1,0,42,42,0,42.0,0.0,0.0,0.0,0.0,0,0,0,0.0,,,0.0,0.0,0.0,INT,,,,,0.0,0.0,0.0,0
247031,2.80783,2.80783,2.80783,2.80783,2.80783,2.80783,udp,0.0,,cs0,,63.0,,1.0,,Start,2,2,0,84,84,0,42.0,0.0,119.665359,119.665359,0.0,0,0,0,0.0,,,0.356147,0.356147,0.0,INT,,,,,0.0,0.0,0.0,0
247093,2.81717,2.81717,2.81717,2.81717,2.81717,2.81717,udp,0.0,,cs0,,63.0,,1.0,,Start,2,2,0,84,84,0,42.0,0.0,119.268631,119.268631,0.0,0,0,0,0.0,,,0.354966,0.354966,0.0,INT,,,,,0.0,0.0,0.0,0
247134,0.0,0.0,0.0,0.0,0.0,0.0,udp,0.0,,cs0,,63.0,,1.0,,Start,1,1,0,42,42,0,42.0,0.0,0.0,0.0,0.0,0,0,0,0.0,,,0.0,0.0,0.0,INT,,,,,0.0,0.0,0.0,0
247140,0.0,0.0,0.0,0.0,0.0,0.0,udp,0.0,,cs0,,63.0,,1.0,,Start,1,1,0,42,42,0,42.0,0.0,0.0,0.0,0.0,0,0,0,0.0,,,0.0,0.0,0.0,INT,,,,,0.0,0.0,0.0,0
247171,0.0,0.0,0.0,0.0,0.0,0.0,udp,0.0,,cs0,,63.0,,1.0,,Start,1,1,0,42,42,0,42.0,0.0,0.0,0.0,0.0,0,0,0,0.0,,,0.0,0.0,0.0,INT,,,,,0.0,0.0,0.0,0
247176,0.0,0.0,0.0,0.0,0.0,0.0,udp,0.0,,cs0,,63.0,,1.0,,Start,1,1,0,42,42,0,42.0,0.0,0.0,0.0,0.0,0,0,0,0.0,,,0.0,0.0,0.0,INT,,,,,0.0,0.0,0.0,0
247184,2.815925,2.815925,2.815925,2.815925,2.815925,2.815925,udp,0.0,,cs0,,63.0,,1.0,,Start,2,2,0,84,84,0,42.0,0.0,119.321365,119.321365,0.0,0,0,0,0.0,,,0.355123,0.355123,0.0,INT,,,,,0.0,0.0,0.0,0
247193,2.815933,2.815933,2.815933,2.815933,2.815933,2.815933,udp,0.0,,cs0,,63.0,,1.0,,Start,2,2,0,84,84,0,42.0,0.0,119.321022,119.321022,0.0,0,0,0,0.0,,,0.355122,0.355122,0.0,INT,,,,,0.0,0.0,0.0,0
247202,0.0,0.0,0.0,0.0,0.0,0.0,udp,0.0,,cs0,,63.0,,1.0,,Start,1,1,0,42,42,0,42.0,0.0,0.0,0.0,0.0,0,0,0,0.0,,,0.0,0.0,0.0,INT,,,,,0.0,0.0,0.0,0
247209,0.0,0.0,0.0,0.0,0.0,0.0,udp,0.0,,cs0,,63.0,,1.0,,Start,1,1,0,42,42,0,42.0,0.0,0.0,0.0,0.0,0,0,0,0.0,,,0.0,0.0,0.0,INT,,,,,0.0,0.0,0.0,0
247335,2.810214,2.810214,2.810214,2.810214,2.810214,2.810214,udp,0.0,,cs0,,63.0,,1.0,,Start,2,2,0,84,84,0,42.0,0.0,119.563843,119.563843,0.0,0,0,0,0.0,,,0.355845,0.355845,0.0,INT,,,,,0.0,0.0,0.0,0
247423,2.811037,2.811037,2.811037,2.811037,2.811037,2.811037,udp,0.0,,cs0,,63.0,,1.0,,Start,2,2,0,84,84,0,42.0,0.0,119.528839,119.528839,0.0,0,0,0,0.0,,,0.355741,0.355741,0.0,INT,,,,,0.0,0.0,0.0,0
247461,2.812615,2.812615,2.812615,2.812615,2.812615,2.812615,udp,0.0,,cs0,,63.0,,1.0,,Start,2,2,0,84,84,0,42.0,0.0,119.461784,119.461784,0.0,0,0,0,0.0,,,0.355541,0.355541,0.0,INT,,,,,0.0,0.0,0.0,0
247504,2.811075,2.811075,2.811075,2.811075,2.811075,2.811075,udp,0.0,,cs0,,63.0,,1.0,,Start,2,2,0,84,84,0,42.0,0.0,119.527229,119.527229,0.0,0,0,0,0.0,,,0.355736,0.355736,0.0,INT,,,,,0.0,0.0,0.0,0
247588,0.0,0.0,0.0,0.0,0.0,0.0,udp,0.0,,cs0,,63.0,,1.0,,Start,1,1,0,42,42,0,42.0,0.0,0.0,0.0,0.0,0,0,0,0.0,,,0.0,0.0,0.0,INT,,,,,0.0,0.0,0.0,0
247601,0.0,0.0,0.0,0.0,0.0,0.0,udp,0.0,,cs0,,63.0,,1.0,,Start,1,1,0,42,42,0,42.0,0.0,0.0,0.0,0.0,0,0,0,0.0,,,0.0,0.0,0.0,INT,,,,,0.0,0.0,0.0,0
247640,2.810229,2.810229,2.810229,2.810229,2.810229,2.810229,udp,0.0,,cs0,,63.0,,1.0,,Start,2,2,0,84,84,0,42.0,0.0,119.56321,119.56321,0.0,0,0,0,0.0,,,0.355843,0.355843,0.0,INT,,,,,0.0,0.0,0.0,0
247690,0.0,0.0,0.0,0.0,0.0,0.0,udp,0.0,,cs0,,63.0,,1.0,,Start,1,1,0,42,42,0,42.0,0.0,0.0,0.0,0.0,0,0,0,0.0,,,0.0,0.0,0.0,INT,,,,,0.0,0.0,0.0,0
247706,0.0,0.0,0.0,0.0,0.0,0.0,udp,0.0,,cs0,,63.0,,1.0,,Start,1,1,0,42,42,0,42.0,0.0,0.0,0.0,0.0,0,0,0,0.0,,,0.0,0.0,0.0,INT,,,,,0.0,0.0,0.0,0
247785,2.805997,2.805997,2.805997,2.805997,2.805997,2.805997,udp,0.0,,cs0,,63.0,,1.0,,Start,2,2,0,84,84,0,42.0,0.0,119.743538,119.743538,0.0,0,0,0,0.0,,,0.35638,0.35638,0.0,INT,,,,,0.0,0.0,0.0,0
247887,0.0,0.0,0.0,0.0,0.0,0.0,udp,0.0,,cs0,,63.0,,1.0,,Start,1,1,0,42,42,0,42.0,0.0,0.0,0.0,0.0,0,0,0,0.0,,,0.0,0.0,0.0,INT,,,,,0.0,0.0,0.0,0
247913,2.807359,2.807359,2.807359,2.807359,2.807359,2.807359,udp,0.0,,cs0,,63.0,,1.0,,Start,2,2,0,84,84,0,42.0,0.0,119.68544,119.68544,0.0,0,0,0,0.0,,,0.356207,0.356207,0.0,INT,,,,,0.0,0.0,0.0,0
247960,0.0,0.0,0.0,0.0,0.0,0.0,udp,0.0,,cs0,,63.0,,1.0,,Start,1,1,0,42,42,0,42.0,0.0,0.0,0.0,0.0,0,0,0,0.0,,,0.0,0.0,0.0,INT,,,,,0.0,0.0,0.0,0
247963,0.0,0.0,0.0,0.0,0.0,0.0,udp,0.0,,cs0,,63.0,,1.0,,Start,1,1,0,42,42,0,42.0,0.0,0.0,0.0,0.0,0,0,0,0.0,,,0.0,0.0,0.0,INT,,,,,0.0,0.0,0.0,0
247992,2.810743,2.810743,2.810743,2.810743,2.810743,2.810743,udp,0.0,,cs0,,63.0,,1.0,,Start,2,2,0,84,84,0,42.0,0.0,119.541344,119.541344,0.0,0,0,0,0.0,,,0.355778,0.355778,0.0,INT,,,,,0.0,0.0,0.0,0
248047,0.0,0.0,0.0,0.0,0.0,0.0,udp,0.0,,cs0,,63.0,,1.0,,Start,1,1,0,42,42,0,42.0,0.0,0.0,0.0,0.0,0,0,0,0.0,,,0.0,0.0,0.0,INT,,,,,0.0,0.0,0.0,0
248050,0.0,0.0,0.0,0.0,0.0,0.0,udp,0.0,,cs0,,63.0,,1.0,,Start,1,1,0,42,42,0,42.0,0.0,0.0,0.0,0.0,0,0,0,0.0,,,0.0,0.0,0.0,INT,,,,,0.0,0.0,0.0,0
248064,2.805577,2.805577,2.805577,2.805577,2.805577,2.805577,udp,0.0,,cs0,,63.0,,1.0,,Start,2,2,0,84,84,0,42.0,0.0,119.761459,119.761459,0.0,0,0,0,0.0,,,0.356433,0.356433,0.0,INT,,,,,0.0,0.0,0.0,0
248136,2.808928,2.808928,2.808928,2.808928,2.808928,2.808928,udp,0.0,,cs0,,63.0,,1.0,,Start,2,2,0,84,84,0,42.0,0.0,119.618584,119.618584,0.0,0,0,0,0.0,,,0.356008,0.356008,0.0,INT,,,,,0.0,0.0,0.0,0
248176,2.807414,2.807414,2.807414,2.807414,2.807414,2.807414,udp,0.0,,cs0,,63.0,,1.0,,Start,2,2,0,84,84,0,42.0,0.0,119.68309,119.68309,0.0,0,0,0,0.0,,,0.3562,0.3562,0.0,INT,,,,,0.0,0.0,0.0,0
248190,2.80647,2.80647,2.80647,2.80647,2.80647,2.80647,udp,0.0,,cs0,,63.0,,1.0,,Start,2,2,0,84,84,0,42.0,0.0,119.723358,119.723358,0.0,0,0,0,0.0,,,0.35632,0.35632,0.0,INT,,,,,0.0,0.0,0.0,0
248235,0.0,0.0,0.0,0.0,0.0,0.0,udp,0.0,,cs0,,63.0,,1.0,,Start,1,1,0,42,42,0,42.0,0.0,0.0,0.0,0.0,0,0,0,0.0,,,0.0,0.0,0.0,INT,,,,,0.0,0.0,0.0,0
248289,2.800189,2.800189,2.800189,2.800189,2.800189,2.800189,udp,0.0,,cs0,,63.0,,1.0,,Start,2,2,0,84,84,0,42.0,0.0,119.991898,119.991898,0.0,0,0,0,0.0,,,0.357119,0.357119,0.0,INT,,,,,0.0,0.0,0.0,0
248316,2.806006,2.806006,2.806006,2.806006,2.806006,2.806006,udp,0.0,,cs0,,63.0,,1.0,,Start,2,2,0,84,84,0,42.0,0.0,119.743156,119.743156,0.0,0,0,0,0.0,,,0.356378,0.356378,0.0,INT,,,,,0.0,0.0,0.0,0
248359,2.802869,2.802869,2.802869,2.802869,2.802869,2.802869,udp,0.0,,cs0,,63.0,,1.0,,Start,2,2,0,84,84,0,42.0,0.0,119.877167,119.877167,0.0,0,0,0,0.0,,,0.356777,0.356777,0.0,INT,,,,,0.0,0.0,0.0,0
248457,0.0,0.0,0.0,0.0,0.0,0.0,udp,0.0,,cs0,,63.0,,1.0,,Start,1,1,0,42,42,0,42.0,0.0,0.0,0.0,0.0,0,0,0,0.0,,,0.0,0.0,0.0,INT,,,,,0.0,0.0,0.0,0
248458,0.0,0.0,0.0,0.0,0.0,0.0,udp,0.0,,cs0,,63.0,,1.0,,Start,1,1,0,42,42,0,42.0,0.0,0.0,0.0,0.0,0,0,0,0.0,,,0.0,0.0,0.0,INT,,,,,0.0,0.0,0.0,0
248459,0.0,0.0,0.0,0.0,0.0,0.0,udp,0.0,,cs0,,63.0,,1.0,,Start,1,1,0,42,42,0,42.0,0.0,0.0,0.0,0.0,0,0,0,0.0,,,0.0,0.0,0.0,INT,,,,,0.0,0.0,0.0,0
248478,0.0,0.0,0.0,0.0,0.0,0.0,udp,0.0,,cs0,,63.0,,1.0,,Start,1,1,0,42,42,0,42.0,0.0,0.0,0.0,0.0,0,0,0,0.0,,,0.0,0.0,0.0,INT,,,,,0.0,0.0,0.0,0
248533,2.809036,2.809036,2.809036,2.809036,2.809036,2.809036,udp,0.0,,cs0,,63.0,,1.0,,Start,2,2,0,84,84,0,42.0,0.0,119.613991,119.613991,0.0,0,0,0,0.0,,,0.355994,0.355994,0.0,INT,,,,,0.0,0.0,0.0,0
248549,0.0,0.0,0.0,0.0,0.0,0.0,udp,0.0,,cs0,,63.0,,1.0,,Start,1,1,0,42,42,0,42.0,0.0,0.0,0.0,0.0,0,0,0,0.0,,,0.0,0.0,0.0,INT,,,,,0.0,0.0,0.0,0
248555,0.0,0.0,0.0,0.0,0.0,0.0,udp,0.0,,cs0,,63.0,,1.0,,Start,1,1,0,42,42,0,42.0,0.0,0.0,0.0,0.0,0,0,0,0.0,,,0.0,0.0,0.0,INT,,,,,0.0,0.0,0.0,0
248557,0.0,0.0,0.0,0.0,0.0,0.0,udp,0.0,,cs0,,63.0,,1.0,,Start,1,1,0,42,42,0,42.0,0.0,0.0,0.0,0.0,0,0,0,0.0,,,0.0,0.0,0.0,INT,,,,,0.0,0.0,0.0,0
248585,2.802849,2.802849,2.802849,2.802849,2.802849,2.802849,udp,0.0,,cs0,,63.0,,1.0,,Start,2,2,0,84,84,0,42.0,0.0,119.878021,119.878021,0.0,0,0,0,0.0,,,0.35678,0.35678,0.0,INT,,,,,0.0,0.0,0.0,0
248587,2.802848,2.802848,2.802848,2.802848,2.802848,2.802848,udp,0.0,,cs0,,63.0,,1.0,,Start,2,2,0,84,84,0,42.0,0.0,119.878059,119.878059,0.0,0,0,0,0.0,,,0.35678,0.35678,0.0,INT,,,,,0.0,0.0,0.0,0
248635,0.0,0.0,0.0,0.0,0.0,0.0,udp,0.0,,cs0,,63.0,,1.0,,Start,1,1,0,42,42,0,42.0,0.0,0.0,0.0,0.0,0,0,0,0.0,,,0.0,0.0,0.0,INT,,,,,0.0,0.0,0.0,0
248668,2.802358,2.802358,2.802358,2.802358,2.802358,2.802358,udp,0.0,,cs0,,63.0,,1.0,,Start,2,2,0,84,84,0,42.0,0.0,119.899033,119.899033,0.0,0,0,0,0.0,,,0.356842,0.356842,0.0,INT,,,,,0.0,0.0,0.0,0
248685,0.0,0.0,0.0,0.0,0.0,0.0,udp,0.0,,cs0,,63.0,,1.0,,Start,1,1,0,42,42,0,42.0,0.0,0.0,0.0,0.0,0,0,0,0.0,,,0.0,0.0,0.0,INT,,,,,0.0,0.0,0.0,0
248762,0.0,0.0,0.0,0.0,0.0,0.0,udp,0.0,,cs0,,63.0,,1.0,,Start,1,1,0,42,42,0,42.0,0.0,0.0,0.0,0.0,0,0,0,0.0,,,0.0,0.0,0.0,INT,,,,,0.0,0.0,0.0,0
248815,2.802897,2.802897,2.802897,2.802897,2.802897,2.802897,udp,0.0,,cs0,,63.0,,1.0,,Start,2,2,0,84,84,0,42.0,0.0,119.875969,119.875969,0.0,0,0,0,0.0,,,0.356774,0.356774,0.0,INT,,,,,0.0,0.0,0.0,0
248819,2.802967,2.802967,2.802967,2.802967,2.802967,2.802967,udp,0.0,,cs0,,63.0,,1.0,,Start,2,2,0,84,84,0,42.0,0.0,119.872978,119.872978,0.0,0,0,0,0.0,,,0.356765,0.356765,0.0,INT,,,,,0.0,0.0,0.0,0
248834,0.0,0.0,0.0,0.0,0.0,0.0,udp,0.0,,cs0,,63.0,,1.0,,Start,1,1,0,42,42,0,42.0,0.0,0.0,0.0,0.0,0,0,0,0.0,,,0.0,0.0,0.0,INT,,,,,0.0,0.0,0.0,0
248891,2.799938,2.799938,2.799938,2.799938,2.799938,2.799938,udp,0.0,,cs0,,63.0,,1.0,,Start,2,2,0,84,84,0,42.0,0.0,120.002655,120.002655,0.0,0,0,0,0.0,,,0.357151,0.357151,0.0,INT,,,,,0.0,0.0,0.0,0
248912,0.0,0.0,0.0,0.0,0.0,0.0,udp,0.0,,cs0,,63.0,,1.0,,Start,1,1,0,42,42,0,42.0,0.0,0.0,0.0,0.0,0,0,0,0.0,,,0.0,0.0,0.0,INT,,,,,0.0,0.0,0.0,0
248920,0.0,0.0,0.0,0.0,0.0,0.0,udp,0.0,,cs0,,63.0,,1.0,,Start,1,1,0,42,42,0,42.0,0.0,0.0,0.0,0.0,0,0,0,0.0,,,0.0,0.0,0.0,INT,,,,,0.0,0.0,0.0,0
248973,2.798006,2.798006,2.798006,2.798006,2.798006,2.798006,udp,0.0,,cs0,,63.0,,1.0,,Start,2,2,0,84,84,0,42.0,0.0,120.085518,120.085518,0.0,0,0,0,0.0,,,0.357397,0.357397,0.0,INT,,,,,0.0,0.0,0.0,0
248997,0.0,0.0,0.0,0.0,0.0,0.0,udp,0.0,,cs0,,63.0,,1.0,,Start,1,1,0,42,42,0,42.0,0.0,0.0,0.0,0.0,0,0,0,0.0,,,0.0,0.0,0.0,INT,,,,,0.0,0.0,0.0,0
249010,0.0,0.0,0.0,0.0,0.0,0.0,udp,0.0,,cs0,,63.0,,1.0,,Start,1,1,0,42,42,0,42.0,0.0,0.0,0.0,0.0,0,0,0,0.0,,,0.0,0.0,0.0,INT,,,,,0.0,0.0,0.0,0
249015,2.79718,2.79718,2.79718,2.79718,2.79718,2.79718,udp,0.0,,cs0,,63.0,,1.0,,Start,2,2,0,84,84,0,42.0,0.0,120.120979,120.120979,0.0,0,0,0,0.0,,,0.357503,0.357503,0.0,INT,,,,,0.0,0.0,0.0,0
249027,2.797773,2.797773,2.797773,2.797773,2.797773,2.797773,udp,0.0,,cs0,,63.0,,1.0,,Start,2,2,0,84,84,0,42.0,0.0,120.09552,120.09552,0.0,0,0,0,0.0,,,0.357427,0.357427,0.0,INT,,,,,0.0,0.0,0.0,0
249044,0.0,0.0,0.0,0.0,0.0,0.0,udp,0.0,,cs0,,63.0,,1.0,,Start,1,1,0,42,42,0,42.0,0.0,0.0,0.0,0.0,0,0,0,0.0,,,0.0,0.0,0.0,INT,,,,,0.0,0.0,0.0,0
249099,0.0,0.0,0.0,0.0,0.0,0.0,udp,0.0,,cs0,,63.0,,1.0,,Start,1,1,0,42,42,0,42.0,0.0,0.0,0.0,0.0,0,0,0,0.0,,,0.0,0.0,0.0,INT,,,,,0.0,0.0,0.0,0
249102,0.0,0.0,0.0,0.0,0.0,0.0,udp,0.0,,cs0,,63.0,,1.0,,Start,1,1,0,42,42,0,42.0,0.0,0.0,0.0,0.0,0,0,0,0.0,,,0.0,0.0,0.0,INT,,,,,0.0,0.0,0.0,0
249125,2.799169,2.799169,2.799169,2.799169,2.799169,2.799169,udp,0.0,,cs0,,63.0,,1.0,,Start,2,2,0,84,84,0,42.0,0.0,120.035622,120.035622,0.0,0,0,0,0.0,,,0.357249,0.357249,0.0,INT,,,,,0.0,0.0,0.0,0
249141,0.0,0.0,0.0,0.0,0.0,0.0,udp,0.0,,cs0,,63.0,,1.0,,Start,1,1,0,42,42,0,42.0,0.0,0.0,0.0,0.0,0,0,0,0.0,,,0.0,0.0,0.0,INT,,,,,0.0,0.0,0.0,0
249190,0.0,0.0,0.0,0.0,0.0,0.0,udp,0.0,,cs0,,63.0,,1.0,,Start,1,1,0,42,42,0,42.0,0.0,0.0,0.0,0.0,0,0,0,0.0,,,0.0,0.0,0.0,INT,,,,,0.0,0.0,0.0,0
249207,2.796788,2.796788,2.796788,2.796788,2.796788,2.796788,udp,0.0,,cs0,,63.0,,1.0,,Start,2,2,0,84,84,0,42.0,0.0,120.137817,120.137817,0.0,0,0,0,0.0,,,0.357553,0.357553,0.0,INT,,,,,0.0,0.0,0.0,0
249235,0.0,0.0,0.0,0.0,0.0,0.0,udp,0.0,,cs0,,63.0,,1.0,,Start,1,1,0,42,42,0,42.0,0.0,0.0,0.0,0.0,0,0,0,0.0,,,0.0,0.0,0.0,INT,,,,,0.0,0.0,0.0,0
249245,2.798897,2.798897,2.798897,2.798897,2.798897,2.798897,udp,0.0,,cs0,,63.0,,1.0,,Start,2,2,0,84,84,0,42.0,0.0,120.047287,120.047287,0.0,0,0,0,0.0,,,0.357284,0.357284,0.0,INT,,,,,0.0,0.0,0.0,0
249258,2.7988,2.7988,2.7988,2.7988,2.7988,2.7988,udp,0.0,,cs0,,63.0,,1.0,,Start,2,2,0,84,84,0,42.0,0.0,120.051453,120.051453,0.0,0,0,0,0.0,,,0.357296,0.357296,0.0,INT,,,,,0.0,0.0,0.0,0
249285,0.0,0.0,0.0,0.0,0.0,0.0,udp,0.0,,cs0,,63.0,,1.0,,Start,1,1,0,42,42,0,42.0,0.0,0.0,0.0,0.0,0,0,0,0.0,,,0.0,0.0,0.0,INT,,,,,0.0,0.0,0.0,0
249303,2.796425,2.796425,2.796425,2.796425,2.796425,2.796425,udp,0.0,,cs0,,63.0,,1.0,,Start,2,2,0,84,84,0,42.0,0.0,120.153404,120.153404,0.0,0,0,0,0.0,,,0.357599,0.357599,0.0,INT,,,,,0.0,0.0,0.0,0
249444,0.0,0.0,0.0,0.0,0.0,0.0,udp,0.0,,cs0,,63.0,,1.0,,Start,1,1,0,42,42,0,42.0,0.0,0.0,0.0,0.0,0,0,0,0.0,,,0.0,0.0,0.0,INT,,,,,0.0,0.0,0.0,0
249493,2.7981,2.7981,2.7981,2.7981,2.7981,2.7981,udp,0.0,,cs0,,63.0,,1.0,,Start,2,2,0,84,84,0,42.0,0.0,120.081482,120.081482,0.0,0,0,0,0.0,,,0.357385,0.357385,0.0,INT,,,,,0.0,0.0,0.0,0
249563,2.795953,2.795953,2.795953,2.795953,2.795953,2.795953,udp,0.0,,cs0,,63.0,,1.0,,Start,2,2,0,84,84,0,42.0,0.0,120.173691,120.173691,0.0,0,0,0,0.0,,,0.35766,0.35766,0.0,INT,,,,,0.0,0.0,0.0,0
249616,0.0,0.0,0.0,0.0,0.0,0.0,udp,0.0,,cs0,,63.0,,1.0,,Start,1,1,0,42,42,0,42.0,0.0,0.0,0.0,0.0,0,0,0,0.0,,,0.0,0.0,0.0,INT,,,,,0.0,0.0,0.0,0
249693,2.797242,2.797242,2.797242,2.797242,2.797242,2.797242,udp,0.0,,cs0,,63.0,,1.0,,Start,2,2,0,84,84,0,42.0,0.0,120.118317,120.118317,0.0,0,0,0,0.0,,,0.357495,0.357495,0.0,INT,,,,,0.0,0.0,0.0,0
249763,0.0,0.0,0.0,0.0,0.0,0.0,udp,0.0,,cs0,,63.0,,1.0,,Start,1,1,0,42,42,0,42.0,0.0,0.0,0.0,0.0,0,0,0,0.0,,,0.0,0.0,0.0,INT,,,,,0.0,0.0,0.0,0
249771,0.0,0.0,0.0,0.0,0.0,0.0,udp,0.0,,cs0,,63.0,,1.0,,Start,1,1,0,42,42,0,42.0,0.0,0.0,0.0,0.0,0,0,0,0.0,,,0.0,0.0,0.0,INT,,,,,0.0,0.0,0.0,0
249795,0.0,0.0,0.0,0.0,0.0,0.0,udp,0.0,,cs0,,63.0,,1.0,,Start,1,1,0,42,42,0,42.0,0.0,0.0,0.0,0.0,0,0,0,0.0,,,0.0,0.0,0.0,INT,,,,,0.0,0.0,0.0,0
249811,2.793832,2.793832,2.793832,2.793832,2.793832,2.793832,udp,0.0,,cs0,,63.0,,1.0,,Start,2,2,0,84,84,0,42.0,0.0,120.264923,120.264923,0.0,0,0,0,0.0,,,0.357931,0.357931,0.0,INT,,,,,0.0,0.0,0.0,0
249857,2.791217,2.791217,2.791217,2.791217,2.791217,2.791217,udp,0.0,,cs0,,63.0,,1.0,,Start,2,2,0,84,84,0,42.0,0.0,120.377594,120.377594,0.0,0,0,0,0.0,,,0.358267,0.358267,0.0,INT,,,,,0.0,0.0,0.0,0
249864,2.791243,2.791243,2.791243,2.791243,2.791243,2.791243,udp,0.0,,cs0,,63.0,,1.0,,Start,2,2,0,84,84,0,42.0,0.0,120.376472,120.376472,0.0,0,0,0,0.0,,,0.358263,0.358263,0.0,INT,,,,,0.0,0.0,0.0,0
249922,0.0,0.0,0.0,0.0,0.0,0.0,udp,0.0,,cs0,,63.0,,1.0,,Start,1,1,0,42,42,0,42.0,0.0,0.0,0.0,0.0,0,0,0,0.0,,,0.0,0.0,0.0,INT,,,,,0.0,0.0,0.0,0
249954,0.0,0.0,0.0,0.0,0.0,0.0,udp,0.0,,cs0,,63.0,,1.0,,Start,1,1,0,42,42,0,42.0,0.0,0.0,0.0,0.0,0,0,0,0.0,,,0.0,0.0,0.0,INT,,,,,0.0,0.0,0.0,0
249980,0.0,0.0,0.0,0.0,0.0,0.0,udp,0.0,,cs0,,63.0,,1.0,,Start,1,1,0,42,42,0,42.0,0.0,0.0,0.0,0.0,0,0,0,0.0,,,0.0,0.0,0.0,INT,,,,,0.0,0.0,0.0,0
249982,0.0,0.0,0.0,0.0,0.0,0.0,udp,0.0,,cs0,,63.0,,1.0,,Start,1,1,0,42,42,0,42.0,0.0,0.0,0.0,0.0,0,0,0,0.0,,,0.0,0.0,0.0,INT,,,,,0.0,0.0,0.0,0
250130,0.0,0.0,0.0,0.0,0.0,0.0,udp,0.0,,cs0,,63.0,,1.0,,Start,1,1,0,42,42,0,42.0,0.0,0.0,0.0,0.0,0,0,0,0.0,,,0.0,0.0,0.0,INT,,,,,0.0,0.0,0.0,0
250146,0.0,0.0,0.0,0.0,0.0,0.0,udp,0.0,,cs0,,63.0,,1.0,,Start,1,1,0,42,42,0,42.0,0.0,0.0,0.0,0.0,0,0,0,0.0,,,0.0,0.0,0.0,INT,,,,,0.0,0.0,0.0,0
250192,2.794919,2.794919,2.794919,2.794919,2.794919,2.794919,udp,0.0,,cs0,,63.0,,1.0,,Start,2,2,0,84,84,0,42.0,0.0,120.218155,120.218155,0.0,0,0,0,0.0,,,0.357792,0.357792,0.0,INT,,,,,0.0,0.0,0.0,0
250235,2.789187,2.789187,2.789187,2.789187,2.789187,2.789187,udp,0.0,,cs0,,63.0,,1.0,,Start,2,2,0,84,84,0,42.0,0.0,120.46521,120.46521,0.0,0,0,0,0.0,,,0.358527,0.358527,0.0,INT,,,,,0.0,0.0,0.0,0
250258,0.0,0.0,0.0,0.0,0.0,0.0,udp,0.0,,cs0,,63.0,,1.0,,Start,1,1,0,42,42,0,42.0,0.0,0.0,0.0,0.0,0,0,0,0.0,,,0.0,0.0,0.0,INT,,,,,0.0,0.0,0.0,0
250297,0.0,0.0,0.0,0.0,0.0,0.0,udp,0.0,,cs0,,63.0,,1.0,,Start,1,1,0,42,42,0,42.0,0.0,0.0,0.0,0.0,0,0,0,0.0,,,0.0,0.0,0.0,INT,,,,,0.0,0.0,0.0,0
250306,2.788939,2.788939,2.788939,2.788939,2.788939,2.788939,udp,0.0,,cs0,,63.0,,1.0,,Start,2,2,0,84,84,0,42.0,0.0,120.475922,120.475922,0.0,0,0,0,0.0,,,0.358559,0.358559,0.0,INT,,,,,0.0,0.0,0.0,0
250343,2.794295,2.794295,2.794295,2.794295,2.794295,2.794295,udp,0.0,,cs0,,63.0,,1.0,,Start,2,2,0,84,84,0,42.0,0.0,120.244995,120.244995,0.0,0,0,0,0.0,,,0.357872,0.357872,0.0,INT,,,,,0.0,0.0,0.0,0
250353,0.0,0.0,0.0,0.0,0.0,0.0,udp,0.0,,cs0,,63.0,,1.0,,Start,1,1,0,42,42,0,42.0,0.0,0.0,0.0,0.0,0,0,0,0.0,,,0.0,0.0,0.0,INT,,,,,0.0,0.0,0.0,0
250370,2.789166,2.789166,2.789166,2.789166,2.789166,2.789166,udp,0.0,,cs0,,63.0,,1.0,,Start,2,2,0,84,84,0,42.0,0.0,120.466118,120.466118,0.0,0,0,0,0.0,,,0.35853,0.35853,0.0,INT,,,,,0.0,0.0,0.0,0
250401,0.0,0.0,0.0,0.0,0.0,0.0,udp,0.0,,cs0,,63.0,,1.0,,Start,1,1,0,42,42,0,42.0,0.0,0.0,0.0,0.0,0,0,0,0.0,,,0.0,0.0,0.0,INT,,,,,0.0,0.0,0.0,0
250414,0.0,0.0,0.0,0.0,0.0,0.0,udp,0.0,,cs0,,63.0,,1.0,,Start,1,1,0,42,42,0,42.0,0.0,0.0,0.0,0.0,0,0,0,0.0,,,0.0,0.0,0.0,INT,,,,,0.0,0.0,0.0,0
250422,2.789045,2.789045,2.789045,2.789045,2.789045,2.789045,udp,0.0,,cs0,,63.0,,1.0,,Start,2,2,0,84,84,0,42.0,0.0,120.471336,120.471336,0.0,0,0,0,0.0,,,0.358546,0.358546,0.0,INT,,,,,0.0,0.0,0.0,0
250447,0.0,0.0,0.0,0.0,0.0,0.0,udp,0.0,,cs0,,63.0,,1.0,,Start,1,1,0,42,42,0,42.0,0.0,0.0,0.0,0.0,0,0,0,0.0,,,0.0,0.0,0.0,INT,,,,,0.0,0.0,0.0,0
250452,2.790974,2.790974,2.790974,2.790974,2.790974,2.790974,udp,0.0,,cs0,,63.0,,1.0,,Start,2,2,0,84,84,0,42.0,0.0,120.388084,120.388084,0.0,0,0,0,0.0,,,0.358298,0.358298,0.0,INT,,,,,0.0,0.0,0.0,0
250454,2.790957,2.790957,2.790957,2.790957,2.790957,2.790957,udp,0.0,,cs0,,63.0,,1.0,,Start,2,2,0,84,84,0,42.0,0.0,120.388817,120.388817,0.0,0,0,0,0.0,,,0.3583,0.3583,0.0,INT,,,,,0.0,0.0,0.0,0
250462,0.0,0.0,0.0,0.0,0.0,0.0,udp,0.0,,cs0,,63.0,,1.0,,Start,1,1,0,42,42,0,42.0,0.0,0.0,0.0,0.0,0,0,0,0.0,,,0.0,0.0,0.0,INT,,,,,0.0,0.0,0.0,0
250542,2.787967,2.787967,2.787967,2.787967,2.787967,2.787967,udp,0.0,,cs0,,63.0,,1.0,,Start,2,2,0,84,84,0,42.0,0.0,120.517929,120.517929,0.0,0,0,0,0.0,,,0.358684,0.358684,0.0,INT,,,,,0.0,0.0,0.0,0
250555,2.787976,2.787976,2.787976,2.787976,2.787976,2.787976,udp,0.0,,cs0,,63.0,,1.0,,Start,2,2,0,84,84,0,42.0,0.0,120.517532,120.517532,0.0,0,0,0,0.0,,,0.358683,0.358683,0.0,INT,,,,,0.0,0.0,0.0,0
250556,2.787976,2.787976,2.787976,2.787976,2.787976,2.787976,udp,0.0,,cs0,,63.0,,1.0,,Start,2,2,0,84,84,0,42.0,0.0,120.517532,120.517532,0.0,0,0,0,0.0,,,0.358683,0.358683,0.0,INT,,,,,0.0,0.0,0.0,0
250575,0.0,0.0,0.0,0.0,0.0,0.0,udp,0.0,,cs0,,63.0,,1.0,,Start,1,1,0,42,42,0,42.0,0.0,0.0,0.0,0.0,0,0,0,0.0,,,0.0,0.0,0.0,INT,,,,,0.0,0.0,0.0,0
250587,0.0,0.0,0.0,0.0,0.0,0.0,udp,0.0,,cs0,,63.0,,1.0,,Start,1,1,0,42,42,0,42.0,0.0,0.0,0.0,0.0,0,0,0,0.0,,,0.0,0.0,0.0,INT,,,,,0.0,0.0,0.0,0
250604,2.78781,2.78781,2.78781,2.78781,2.78781,2.78781,udp,0.0,,cs0,,63.0,,1.0,,Start,2,2,0,84,84,0,42.0,0.0,120.524712,120.524712,0.0,0,0,0,0.0,,,0.358704,0.358704,0.0,INT,,,,,0.0,0.0,0.0,0
250656,2.782901,2.782901,2.782901,2.782901,2.782901,2.782901,udp,0.0,,cs0,,63.0,,1.0,,Start,2,2,0,84,84,0,42.0,0.0,120.737312,120.737312,0.0,0,0,0,0.0,,,0.359337,0.359337,0.0,INT,,,,,0.0,0.0,0.0,0
250681,0.0,0.0,0.0,0.0,0.0,0.0,udp,0.0,,cs0,,63.0,,1.0,,Start,1,1,0,42,42,0,42.0,0.0,0.0,0.0,0.0,0,0,0,0.0,,,0.0,0.0,0.0,INT,,,,,0.0,0.0,0.0,0
250688,0.0,0.0,0.0,0.0,0.0,0.0,udp,0.0,,cs0,,63.0,,1.0,,Start,1,1,0,42,42,0,42.0,0.0,0.0,0.0,0.0,0,0,0,0.0,,,0.0,0.0,0.0,INT,,,,,0.0,0.0,0.0,0
250696,0.0,0.0,0.0,0.0,0.0,0.0,udp,0.0,,cs0,,63.0,,1.0,,Start,1,1,0,42,42,0,42.0,0.0,0.0,0.0,0.0,0,0,0,0.0,,,0.0,0.0,0.0,INT,,,,,0.0,0.0,0.0,0
250783,2.780953,2.780953,2.780953,2.780953,2.780953,2.780953,udp,0.0,,cs0,,63.0,,1.0,,Start,2,2,0,84,84,0,42.0,0.0,120.821892,120.821892,0.0,0,0,0,0.0,,,0.359589,0.359589,0.0,INT,,,,,0.0,0.0,0.0,0
250838,0.0,0.0,0.0,0.0,0.0,0.0,udp,0.0,,cs0,,63.0,,1.0,,Start,1,1,0,42,42,0,42.0,0.0,0.0,0.0,0.0,0,0,0,0.0,,,0.0,0.0,0.0,INT,,,,,0.0,0.0,0.0,0
250931,0.0,0.0,0.0,0.0,0.0,0.0,udp,0.0,,cs0,,63.0,,1.0,,Start,1,1,0,42,42,0,42.0,0.0,0.0,0.0,0.0,0,0,0,0.0,,,0.0,0.0,0.0,INT,,,,,0.0,0.0,0.0,0
250978,0.0,0.0,0.0,0.0,0.0,0.0,udp,0.0,,cs0,,63.0,,1.0,,Start,1,1,0,42,42,0,42.0,0.0,0.0,0.0,0.0,0,0,0,0.0,,,0.0,0.0,0.0,INT,,,,,0.0,0.0,0.0,0
250987,0.0,0.0,0.0,0.0,0.0,0.0,udp,0.0,,cs0,,63.0,,1.0,,Start,1,1,0,42,42,0,42.0,0.0,0.0,0.0,0.0,0,0,0,0.0,,,0.0,0.0,0.0,INT,,,,,0.0,0.0,0.0,0
251078,2.784027,2.784027,2.784027,2.784027,2.784027,2.784027,udp,0.0,,cs0,,63.0,,1.0,,Start,2,2,0,84,84,0,42.0,0.0,120.688484,120.688484,0.0,0,0,0,0.0,,,0.359192,0.359192,0.0,INT,,,,,0.0,0.0,0.0,0
251136,2.784038,2.784038,2.784038,2.784038,2.784038,2.784038,udp,0.0,,cs0,,63.0,,1.0,,Start,2,2,0,84,84,0,42.0,0.0,120.688004,120.688004,0.0,0,0,0,0.0,,,0.35919,0.35919,0.0,INT,,,,,0.0,0.0,0.0,0
251178,0.0,0.0,0.0,0.0,0.0,0.0,udp,0.0,,cs0,,63.0,,1.0,,Start,1,1,0,42,42,0,42.0,0.0,0.0,0.0,0.0,0,0,0,0.0,,,0.0,0.0,0.0,INT,,,,,0.0,0.0,0.0,0
251192,2.782914,2.782914,2.782914,2.782914,2.782914,2.782914,udp,0.0,,cs0,,63.0,,1.0,,Start,2,2,0,84,84,0,42.0,0.0,120.736755,120.736755,0.0,0,0,0,0.0,,,0.359336,0.359336,0.0,INT,,,,,0.0,0.0,0.0,0
251198,2.782944,2.782944,2.782944,2.782944,2.782944,2.782944,udp,0.0,,cs0,,63.0,,1.0,,Start,2,2,0,84,84,0,42.0,0.0,120.735451,120.735451,0.0,0,0,0,0.0,,,0.359332,0.359332,0.0,INT,,,,,0.0,0.0,0.0,0
251274,0.0,0.0,0.0,0.0,0.0,0.0,udp,0.0,,cs0,,63.0,,1.0,,Start,1,1,0,42,42,0,42.0,0.0,0.0,0.0,0.0,0,0,0,0.0,,,0.0,0.0,0.0,INT,,,,,0.0,0.0,0.0,0
251281,0.0,0.0,0.0,0.0,0.0,0.0,udp,0.0,,cs0,,63.0,,1.0,,Start,1,1,0,42,42,0,42.0,0.0,0.0,0.0,0.0,0,0,0,0.0,,,0.0,0.0,0.0,INT,,,,,0.0,0.0,0.0,0
251376,0.0,0.0,0.0,0.0,0.0,0.0,udp,0.0,,cs0,,63.0,,1.0,,Start,1,1,0,42,42,0,42.0,0.0,0.0,0.0,0.0,0,0,0,0.0,,,0.0,0.0,0.0,INT,,,,,0.0,0.0,0.0,0
251379,0.0,0.0,0.0,0.0,0.0,0.0,udp,0.0,,cs0,,63.0,,1.0,,Start,1,1,0,42,42,0,42.0,0.0,0.0,0.0,0.0,0,0,0,0.0,,,0.0,0.0,0.0,INT,,,,,0.0,0.0,0.0,0
251455,0.0,0.0,0.0,0.0,0.0,0.0,udp,0.0,,cs0,,63.0,,1.0,,Start,1,1,0,42,42,0,42.0,0.0,0.0,0.0,0.0,0,0,0,0.0,,,0.0,0.0,0.0,INT,,,,,0.0,0.0,0.0,0
251528,2.774742,2.774742,2.774742,2.774742,2.774742,2.774742,udp,0.0,,cs0,,63.0,,1.0,,Start,2,2,0,84,84,0,42.0,0.0,121.092346,121.092346,0.0,0,0,0,0.0,,,0.360394,0.360394,0.0,INT,,,,,0.0,0.0,0.0,0
251537,2.77778,2.77778,2.77778,2.77778,2.77778,2.77778,udp,0.0,,cs0,,63.0,,1.0,,Start,2,2,0,84,84,0,42.0,0.0,120.9599,120.9599,0.0,0,0,0,0.0,,,0.36,0.36,0.0,INT,,,,,0.0,0.0,0.0,0
251560,0.0,0.0,0.0,0.0,0.0,0.0,udp,0.0,,cs0,,63.0,,1.0,,Start,1,1,0,42,42,0,42.0,0.0,0.0,0.0,0.0,0,0,0,0.0,,,0.0,0.0,0.0,INT,,,,,0.0,0.0,0.0,0
251587,0.0,0.0,0.0,0.0,0.0,0.0,udp,0.0,,cs0,,63.0,,1.0,,Start,1,1,0,42,42,0,42.0,0.0,0.0,0.0,0.0,0,0,0,0.0,,,0.0,0.0,0.0,INT,,,,,0.0,0.0,0.0,0
251603,2.782442,2.782442,2.782442,2.782442,2.782442,2.782442,udp,0.0,,cs0,,63.0,,1.0,,Start,2,2,0,84,84,0,42.0,0.0,120.757233,120.757233,0.0,0,0,0,0.0,,,0.359397,0.359397,0.0,INT,,,,,0.0,0.0,0.0,0
251632,2.776447,2.776447,2.776447,2.776447,2.776447,2.776447,udp,0.0,,cs0,,63.0,,1.0,,Start,2,2,0,84,84,0,42.0,0.0,121.017975,121.017975,0.0,0,0,0,0.0,,,0.360173,0.360173,0.0,INT,,,,,0.0,0.0,0.0,0
251695,2.777261,2.777261,2.777261,2.777261,2.777261,2.777261,udp,0.0,,cs0,,63.0,,1.0,,Start,2,2,0,84,84,0,42.0,0.0,120.982506,120.982506,0.0,0,0,0,0.0,,,0.360067,0.360067,0.0,INT,,,,,0.0,0.0,0.0,0
251725,0.0,0.0,0.0,0.0,0.0,0.0,udp,0.0,,cs0,,63.0,,1.0,,Start,1,1,0,42,42,0,42.0,0.0,0.0,0.0,0.0,0,0,0,0.0,,,0.0,0.0,0.0,INT,,,,,0.0,0.0,0.0,0
251847,0.0,0.0,0.0,0.0,0.0,0.0,udp,0.0,,cs0,,63.0,,1.0,,Start,1,1,0,42,42,0,42.0,0.0,0.0,0.0,0.0,0,0,0,0.0,,,0.0,0.0,0.0,INT,,,,,0.0,0.0,0.0,0
251870,2.777118,2.777118,2.777118,2.777118,2.777118,2.777118,udp,0.0,,cs0,,63.0,,1.0,,Start,2,2,0,84,84,0,42.0,0.0,120.988739,120.988739,0.0,0,0,0,0.0,,,0.360086,0.360086,0.0,INT,,,,,0.0,0.0,0.0,0
251894,0.0,0.0,0.0,0.0,0.0,0.0,udp,0.0,,cs0,,63.0,,1.0,,Start,1,1,0,42,42,0,42.0,0.0,0.0,0.0,0.0,0,0,0,0.0,,,0.0,0.0,0.0,INT,,,,,0.0,0.0,0.0,0
252078,2.774157,2.774157,2.774157,2.774157,2.774157,2.774157,udp,0.0,,cs0,,63.0,,1.0,,Start,2,2,0,84,84,0,42.0,0.0,121.117874,121.117874,0.0,0,0,0,0.0,,,0.36047,0.36047,0.0,INT,,,,,0.0,0.0,0.0,0
252117,2.774091,2.774091,2.774091,2.774091,2.774091,2.774091,udp,0.0,,cs0,,63.0,,1.0,,Start,2,2,0,84,84,0,42.0,0.0,121.120758,121.120758,0.0,0,0,0,0.0,,,0.360478,0.360478,0.0,INT,,,,,0.0,0.0,0.0,0
252146,2.77197,2.77197,2.77197,2.77197,2.77197,2.77197,udp,0.0,,cs0,,63.0,,1.0,,Start,2,2,0,84,84,0,42.0,0.0,121.213432,121.213432,0.0,0,0,0,0.0,,,0.360754,0.360754,0.0,INT,,,,,0.0,0.0,0.0,0
252180,0.0,0.0,0.0,0.0,0.0,0.0,udp,0.0,,cs0,,63.0,,1.0,,Start,1,1,0,42,42,0,42.0,0.0,0.0,0.0,0.0,0,0,0,0.0,,,0.0,0.0,0.0,INT,,,,,0.0,0.0,0.0,0
252217,0.0,0.0,0.0,0.0,0.0,0.0,udp,0.0,,cs0,,63.0,,1.0,,Start,1,1,0,42,42,0,42.0,0.0,0.0,0.0,0.0,0,0,0,0.0,,,0.0,0.0,0.0,INT,,,,,0.0,0.0,0.0,0
252296,2.777854,2.777854,2.777854,2.777854,2.777854,2.777854,udp,0.0,,cs0,,63.0,,1.0,,Start,2,2,0,84,84,0,42.0,0.0,120.95668,120.95668,0.0,0,0,0,0.0,,,0.35999,0.35999,0.0,INT,,,,,0.0,0.0,0.0,0
252301,2.776205,2.776205,2.776205,2.776205,2.776205,2.776205,udp,0.0,,cs0,,63.0,,1.0,,Start,2,2,0,84,84,0,42.0,0.0,121.028526,121.028526,0.0,0,0,0,0.0,,,0.360204,0.360204,0.0,INT,,,,,0.0,0.0,0.0,0
252309,2.773201,2.773201,2.773201,2.773201,2.773201,2.773201,udp,0.0,,cs0,,63.0,,1.0,,Start,2,2,0,84,84,0,42.0,0.0,121.15963,121.15963,0.0,0,0,0,0.0,,,0.360594,0.360594,0.0,INT,,,,,0.0,0.0,0.0,0
252331,2.772256,2.772256,2.772256,2.772256,2.772256,2.772256,udp,0.0,,cs0,,63.0,,1.0,,Start,2,2,0,84,84,0,42.0,0.0,121.200935,121.200935,0.0,0,0,0,0.0,,,0.360717,0.360717,0.0,INT,,,,,0.0,0.0,0.0,0
252339,0.0,0.0,0.0,0.0,0.0,0.0,udp,0.0,,cs0,,63.0,,1.0,,Start,1,1,0,42,42,0,42.0,0.0,0.0,0.0,0.0,0,0,0,0.0,,,0.0,0.0,0.0,INT,,,,,0.0,0.0,0.0,0
252342,2.772245,2.772245,2.772245,2.772245,2.772245,2.772245,udp,0.0,,cs0,,63.0,,1.0,,Start,2,2,0,84,84,0,42.0,0.0,121.201408,121.201408,0.0,0,0,0,0.0,,,0.360718,0.360718,0.0,INT,,,,,0.0,0.0,0.0,0
252418,2.773965,2.773965,2.773965,2.773965,2.773965,2.773965,udp,0.0,,cs0,,63.0,,1.0,,Start,2,2,0,84,84,0,42.0,0.0,121.126266,121.126266,0.0,0,0,0,0.0,,,0.360495,0.360495,0.0,INT,,,,,0.0,0.0,0.0,0
252437,2.772001,2.772001,2.772001,2.772001,2.772001,2.772001,udp,0.0,,cs0,,63.0,,1.0,,Start,2,2,0,84,84,0,42.0,0.0,121.212074,121.212074,0.0,0,0,0,0.0,,,0.36075,0.36075,0.0,INT,,,,,0.0,0.0,0.0,0
252477,2.774759,2.774759,2.774759,2.774759,2.774759,2.774759,udp,0.0,,cs0,,63.0,,1.0,,Start,2,2,0,84,84,0,42.0,0.0,121.091599,121.091599,0.0,0,0,0,0.0,,,0.360392,0.360392,0.0,INT,,,,,0.0,0.0,0.0,0
252500,2.778169,2.778169,2.778169,2.778169,2.778169,2.778169,udp,0.0,,cs0,,63.0,,1.0,,Start,2,2,0,84,84,0,42.0,0.0,120.94297,120.94297,0.0,0,0,0,0.0,,,0.359949,0.359949,0.0,INT,,,,,0.0,0.0,0.0,0
252584,0.0,0.0,0.0,0.0,0.0,0.0,udp,0.0,,cs0,,63.0,,1.0,,Start,1,1,0,42,42,0,42.0,0.0,0.0,0.0,0.0,0,0,0,0.0,,,0.0,0.0,0.0,INT,,,,,0.0,0.0,0.0,0
252612,2.771432,2.771432,2.771432,2.771432,2.771432,2.771432,udp,0.0,,cs0,,63.0,,1.0,,Start,2,2,0,84,84,0,42.0,0.0,121.236969,121.236969,0.0,0,0,0,0.0,,,0.360824,0.360824,0.0,INT,,,,,0.0,0.0,0.0,0
252632,0.0,0.0,0.0,0.0,0.0,0.0,udp,0.0,,cs0,,63.0,,1.0,,Start,1,1,0,42,42,0,42.0,0.0,0.0,0.0,0.0,0,0,0,0.0,,,0.0,0.0,0.0,INT,,,,,0.0,0.0,0.0,0
252634,0.0,0.0,0.0,0.0,0.0,0.0,udp,0.0,,cs0,,63.0,,1.0,,Start,1,1,0,42,42,0,42.0,0.0,0.0,0.0,0.0,0,0,0,0.0,,,0.0,0.0,0.0,INT,,,,,0.0,0.0,0.0,0
252691,0.0,0.0,0.0,0.0,0.0,0.0,udp,0.0,,cs0,,63.0,,1.0,,Start,1,1,0,42,42,0,42.0,0.0,0.0,0.0,0.0,0,0,0,0.0,,,0.0,0.0,0.0,INT,,,,,0.0,0.0,0.0,0
252714,2.773769,2.773769,2.773769,2.773769,2.773769,2.773769,udp,0.0,,cs0,,63.0,,1.0,,Start,2,2,0,84,84,0,42.0,0.0,121.134819,121.134819,0.0,0,0,0,0.0,,,0.36052,0.36052,0.0,INT,,,,,0.0,0.0,0.0,0
252812,0.0,0.0,0.0,0.0,0.0,0.0,udp,0.0,,cs0,,63.0,,1.0,,Start,1,1,0,42,42,0,42.0,0.0,0.0,0.0,0.0,0,0,0,0.0,,,0.0,0.0,0.0,INT,,,,,0.0,0.0,0.0,0
252815,2.770104,2.770104,2.770104,2.770104,2.770104,2.770104,udp,0.0,,cs0,,63.0,,1.0,,Start,2,2,0,84,84,0,42.0,0.0,121.29509,121.29509,0.0,0,0,0,0.0,,,0.360997,0.360997,0.0,INT,,,,,0.0,0.0,0.0,0
252823,2.770185,2.770185,2.770185,2.770185,2.770185,2.770185,udp,0.0,,cs0,,63.0,,1.0,,Start,2,2,0,84,84,0,42.0,0.0,121.291542,121.291542,0.0,0,0,0,0.0,,,0.360987,0.360987,0.0,INT,,,,,0.0,0.0,0.0,0
252824,2.770185,2.770185,2.770185,2.770185,2.770185,2.770185,udp,0.0,,cs0,,63.0,,1.0,,Start,2,2,0,84,84,0,42.0,0.0,121.291542,121.291542,0.0,0,0,0,0.0,,,0.360987,0.360987,0.0,INT,,,,,0.0,0.0,0.0,0
252920,0.0,0.0,0.0,0.0,0.0,0.0,udp,0.0,,cs0,,63.0,,1.0,,Start,1,1,0,42,42,0,42.0,0.0,0.0,0.0,0.0,0,0,0,0.0,,,0.0,0.0,0.0,INT,,,,,0.0,0.0,0.0,0
252961,0.0,0.0,0.0,0.0,0.0,0.0,udp,0.0,,cs0,,63.0,,1.0,,Start,1,1,0,42,42,0,42.0,0.0,0.0,0.0,0.0,0,0,0,0.0,,,0.0,0.0,0.0,INT,,,,,0.0,0.0,0.0,0
252971,2.769926,2.769926,2.769926,2.769926,2.769926,2.769926,udp,0.0,,cs0,,63.0,,1.0,,Start,2,2,0,84,84,0,42.0,0.0,121.302879,121.302879,0.0,0,0,0,0.0,,,0.36102,0.36102,0.0,INT,,,,,0.0,0.0,0.0,0
253009,2.76444,2.76444,2.76444,2.76444,2.76444,2.76444,udp,0.0,,cs0,,63.0,,1.0,,Start,2,2,0,84,84,0,42.0,0.0,121.543602,121.543602,0.0,0,0,0,0.0,,,0.361737,0.361737,0.0,INT,,,,,0.0,0.0,0.0,0
253018,0.0,0.0,0.0,0.0,0.0,0.0,udp,0.0,,cs0,,63.0,,1.0,,Start,1,1,0,42,42,0,42.0,0.0,0.0,0.0,0.0,0,0,0,0.0,,,0.0,0.0,0.0,INT,,,,,0.0,0.0,0.0,0
253047,0.0,0.0,0.0,0.0,0.0,0.0,udp,0.0,,cs0,,63.0,,1.0,,Start,1,1,0,42,42,0,42.0,0.0,0.0,0.0,0.0,0,0,0,0.0,,,0.0,0.0,0.0,INT,,,,,0.0,0.0,0.0,0
253072,0.0,0.0,0.0,0.0,0.0,0.0,udp,0.0,,cs0,,63.0,,1.0,,Start,1,1,0,42,42,0,42.0,0.0,0.0,0.0,0.0,0,0,0,0.0,,,0.0,0.0,0.0,INT,,,,,0.0,0.0,0.0,0
253133,2.764403,2.764403,2.764403,2.764403,2.764403,2.764403,udp,0.0,,cs0,,63.0,,1.0,,Start,2,2,0,84,84,0,42.0,0.0,121.545227,121.545227,0.0,0,0,0,0.0,,,0.361742,0.361742,0.0,INT,,,,,0.0,0.0,0.0,0
253322,0.0,0.0,0.0,0.0,0.0,0.0,udp,0.0,,cs0,,63.0,,1.0,,Start,1,1,0,42,42,0,42.0,0.0,0.0,0.0,0.0,0,0,0,0.0,,,0.0,0.0,0.0,INT,,,,,0.0,0.0,0.0,0
253325,0.0,0.0,0.0,0.0,0.0,0.0,udp,0.0,,cs0,,63.0,,1.0,,Start,1,1,0,42,42,0,42.0,0.0,0.0,0.0,0.0,0,0,0,0.0,,,0.0,0.0,0.0,INT,,,,,0.0,0.0,0.0,0
253406,2.762892,2.762892,2.762892,2.762892,2.762892,2.762892,udp,0.0,,cs0,,63.0,,1.0,,Start,2,2,0,84,84,0,42.0,0.0,121.611702,121.611702,0.0,0,0,0,0.0,,,0.36194,0.36194,0.0,INT,,,,,0.0,0.0,0.0,0
253414,2.76402,2.76402,2.76402,2.76402,2.76402,2.76402,udp,0.0,,cs0,,63.0,,1.0,,Start,2,2,0,84,84,0,42.0,0.0,121.562073,121.562073,0.0,0,0,0,0.0,,,0.361792,0.361792,0.0,INT,,,,,0.0,0.0,0.0,0
253452,2.764119,2.764119,2.764119,2.764119,2.764119,2.764119,udp,0.0,,cs0,,63.0,,1.0,,Start,2,2,0,84,84,0,42.0,0.0,121.557724,121.557724,0.0,0,0,0,0.0,,,0.361779,0.361779,0.0,INT,,,,,0.0,0.0,0.0,0
253557,0.0,0.0,0.0,0.0,0.0,0.0,udp,0.0,,cs0,,63.0,,1.0,,Start,1,1,0,42,42,0,42.0,0.0,0.0,0.0,0.0,0,0,0,0.0,,,0.0,0.0,0.0,INT,,,,,0.0,0.0,0.0,0
253567,0.0,0.0,0.0,0.0,0.0,0.0,udp,0.0,,cs0,,63.0,,1.0,,Start,1,1,0,42,42,0,42.0,0.0,0.0,0.0,0.0,0,0,0,0.0,,,0.0,0.0,0.0,INT,,,,,0.0,0.0,0.0,0
253570,0.0,0.0,0.0,0.0,0.0,0.0,udp,0.0,,cs0,,63.0,,1.0,,Start,1,1,0,42,42,0,42.0,0.0,0.0,0.0,0.0,0,0,0,0.0,,,0.0,0.0,0.0,INT,,,,,0.0,0.0,0.0,0
253595,0.0,0.0,0.0,0.0,0.0,0.0,udp,0.0,,cs0,,63.0,,1.0,,Start,1,1,0,42,42,0,42.0,0.0,0.0,0.0,0.0,0,0,0,0.0,,,0.0,0.0,0.0,INT,,,,,0.0,0.0,0.0,0
253640,0.0,0.0,0.0,0.0,0.0,0.0,udp,0.0,,cs0,,63.0,,1.0,,Start,1,1,0,42,42,0,42.0,0.0,0.0,0.0,0.0,0,0,0,0.0,,,0.0,0.0,0.0,INT,,,,,0.0,0.0,0.0,0
253732,0.0,0.0,0.0,0.0,0.0,0.0,udp,0.0,,cs0,,63.0,,1.0,,Start,1,1,0,42,42,0,42.0,0.0,0.0,0.0,0.0,0,0,0,0.0,,,0.0,0.0,0.0,INT,,,,,0.0,0.0,0.0,0
253739,0.0,0.0,0.0,0.0,0.0,0.0,udp,0.0,,cs0,,63.0,,1.0,,Start,1,1,0,42,42,0,42.0,0.0,0.0,0.0,0.0,0,0,0,0.0,,,0.0,0.0,0.0,INT,,,,,0.0,0.0,0.0,0
253777,2.760735,2.760735,2.760735,2.760735,2.760735,2.760735,udp,0.0,,cs0,,63.0,,1.0,,Start,2,2,0,84,84,0,42.0,0.0,121.706718,121.706718,0.0,0,0,0,0.0,,,0.362222,0.362222,0.0,INT,,,,,0.0,0.0,0.0,0
253786,2.762875,2.762875,2.762875,2.762875,2.762875,2.762875,udp,0.0,,cs0,,63.0,,1.0,,Start,2,2,0,84,84,0,42.0,0.0,121.61245,121.61245,0.0,0,0,0,0.0,,,0.361942,0.361942,0.0,INT,,,,,0.0,0.0,0.0,0
253872,2.75633,2.75633,2.75633,2.75633,2.75633,2.75633,udp,0.0,,cs0,,63.0,,1.0,,Start,2,2,0,84,84,0,42.0,0.0,121.901222,121.901222,0.0,0,0,0,0.0,,,0.362801,0.362801,0.0,INT,,,,,0.0,0.0,0.0,0
253945,2.760018,2.760018,2.760018,2.760018,2.760018,2.760018,udp,0.0,,cs0,,63.0,,1.0,,Start,2,2,0,84,84,0,42.0,0.0,121.738335,121.738335,0.0,0,0,0,0.0,,,0.362316,0.362316,0.0,INT,,,,,0.0,0.0,0.0,0
253964,2.757896,2.757896,2.757896,2.757896,2.757896,2.757896,udp,0.0,,cs0,,63.0,,1.0,,Start,2,2,0,84,84,0,42.0,0.0,121.832008,121.832008,0.0,0,0,0,0.0,,,0.362595,0.362595,0.0,INT,,,,,0.0,0.0,0.0,0
253965,2.757896,2.757896,2.757896,2.757896,2.757896,2.757896,udp,0.0,,cs0,,63.0,,1.0,,Start,2,2,0,84,84,0,42.0,0.0,121.832008,121.832008,0.0,0,0,0,0.0,,,0.362595,0.362595,0.0,INT,,,,,0.0,0.0,0.0,0
253985,2.761995,2.761995,2.761995,2.761995,2.761995,2.761995,udp,0.0,,cs0,,63.0,,1.0,,Start,2,2,0,84,84,0,42.0,0.0,121.651192,121.651192,0.0,0,0,0,0.0,,,0.362057,0.362057,0.0,INT,,,,,0.0,0.0,0.0,0
253989,2.762006,2.762006,2.762006,2.762006,2.762006,2.762006,udp,0.0,,cs0,,63.0,,1.0,,Start,2,2,0,84,84,0,42.0,0.0,121.650711,121.650711,0.0,0,0,0,0.0,,,0.362056,0.362056,0.0,INT,,,,,0.0,0.0,0.0,0
254033,2.759349,2.759349,2.759349,2.759349,2.759349,2.759349,udp,0.0,,cs0,,63.0,,1.0,,Start,2,2,0,84,84,0,42.0,0.0,121.767845,121.767845,0.0,0,0,0,0.0,,,0.362404,0.362404,0.0,INT,,,,,0.0,0.0,0.0,0
254051,2.753332,2.753332,2.753332,2.753332,2.753332,2.753332,udp,0.0,,cs0,,63.0,,1.0,,Start,2,2,0,84,84,0,42.0,0.0,122.033958,122.033958,0.0,0,0,0,0.0,,,0.363196,0.363196,0.0,INT,,,,,0.0,0.0,0.0,0
254060,2.753333,2.753333,2.753333,2.753333,2.753333,2.753333,udp,0.0,,cs0,,63.0,,1.0,,Start,2,2,0,84,84,0,42.0,0.0,122.033913,122.033913,0.0,0,0,0,0.0,,,0.363196,0.363196,0.0,INT,,,,,0.0,0.0,0.0,0
254119,0.0,0.0,0.0,0.0,0.0,0.0,udp,0.0,,cs0,,63.0,,1.0,,Start,1,1,0,42,42,0,42.0,0.0,0.0,0.0,0.0,0,0,0,0.0,,,0.0,0.0,0.0,INT,,,,,0.0,0.0,0.0,0
254150,0.0,0.0,0.0,0.0,0.0,0.0,udp,0.0,,cs0,,63.0,,1.0,,Start,1,1,0,42,42,0,42.0,0.0,0.0,0.0,0.0,0,0,0,0.0,,,0.0,0.0,0.0,INT,,,,,0.0,0.0,0.0,0
254224,0.0,0.0,0.0,0.0,0.0,0.0,udp,0.0,,cs0,,63.0,,1.0,,Start,1,1,0,42,42,0,42.0,0.0,0.0,0.0,0.0,0,0,0,0.0,,,0.0,0.0,0.0,INT,,,,,0.0,0.0,0.0,0
254306,2.760156,2.760156,2.760156,2.760156,2.760156,2.760156,udp,0.0,,cs0,,63.0,,1.0,,Start,2,2,0,84,84,0,42.0,0.0,121.732254,121.732254,0.0,0,0,0,0.0,,,0.362298,0.362298,0.0,INT,,,,,0.0,0.0,0.0,0
254322,0.0,0.0,0.0,0.0,0.0,0.0,udp,0.0,,cs0,,63.0,,1.0,,Start,1,1,0,42,42,0,42.0,0.0,0.0,0.0,0.0,0,0,0,0.0,,,0.0,0.0,0.0,INT,,,,,0.0,0.0,0.0,0
254388,2.753226,2.753226,2.753226,2.753226,2.753226,2.753226,udp,0.0,,cs0,,63.0,,1.0,,Start,2,2,0,84,84,0,42.0,0.0,122.038651,122.038651,0.0,0,0,0,0.0,,,0.36321,0.36321,0.0,INT,,,,,0.0,0.0,0.0,0
254398,0.0,0.0,0.0,0.0,0.0,0.0,udp,0.0,,cs0,,63.0,,1.0,,Start,1,1,0,42,42,0,42.0,0.0,0.0,0.0,0.0,0,0,0,0.0,,,0.0,0.0,0.0,INT,,,,,0.0,0.0,0.0,0
254507,2.753278,2.753278,2.753278,2.753278,2.753278,2.753278,udp,0.0,,cs0,,63.0,,1.0,,Start,2,2,0,84,84,0,42.0,0.0,122.036346,122.036346,0.0,0,0,0,0.0,,,0.363203,0.363203,0.0,INT,,,,,0.0,0.0,0.0,0
254537,0.0,0.0,0.0,0.0,0.0,0.0,udp,0.0,,cs0,,63.0,,1.0,,Start,1,1,0,42,42,0,42.0,0.0,0.0,0.0,0.0,0,0,0,0.0,,,0.0,0.0,0.0,INT,,,,,0.0,0.0,0.0,0
254566,2.755956,2.755956,2.755956,2.755956,2.755956,2.755956,udp,0.0,,cs0,,63.0,,1.0,,Start,2,2,0,84,84,0,42.0,0.0,121.91777,121.91777,0.0,0,0,0,0.0,,,0.362851,0.362851,0.0,INT,,,,,0.0,0.0,0.0,0
254576,0.0,0.0,0.0,0.0,0.0,0.0,udp,0.0,,cs0,,63.0,,1.0,,Start,1,1,0,42,42,0,42.0,0.0,0.0,0.0,0.0,0,0,0,0.0,,,0.0,0.0,0.0,INT,,,,,0.0,0.0,0.0,0
254621,0.0,0.0,0.0,0.0,0.0,0.0,udp,0.0,,cs0,,63.0,,1.0,,Start,1,1,0,42,42,0,42.0,0.0,0.0,0.0,0.0,0,0,0,0.0,,,0.0,0.0,0.0,INT,,,,,0.0,0.0,0.0,0
254745,2.751775,2.751775,2.751775,2.751775,2.751775,2.751775,udp,0.0,,cs0,,63.0,,1.0,,Start,2,2,0,84,84,0,42.0,0.0,122.103004,122.103004,0.0,0,0,0,0.0,,,0.363402,0.363402,0.0,INT,,,,,0.0,0.0,0.0,0
254754,0.0,0.0,0.0,0.0,0.0,0.0,udp,0.0,,cs0,,63.0,,1.0,,Start,1,1,0,42,42,0,42.0,0.0,0.0,0.0,0.0,0,0,0,0.0,,,0.0,0.0,0.0,INT,,,,,0.0,0.0,0.0,0
254779,2.752449,2.752449,2.752449,2.752449,2.752449,2.752449,udp,0.0,,cs0,,63.0,,1.0,,Start,2,2,0,84,84,0,42.0,0.0,122.073105,122.073105,0.0,0,0,0,0.0,,,0.363313,0.363313,0.0,INT,,,,,0.0,0.0,0.0,0
254826,2.747214,2.747214,2.747214,2.747214,2.747214,2.747214,udp,0.0,,cs0,,63.0,,1.0,,Start,2,2,0,84,84,0,42.0,0.0,122.305725,122.305725,0.0,0,0,0,0.0,,,0.364005,0.364005,0.0,INT,,,,,0.0,0.0,0.0,0
254837,2.750679,2.750679,2.750679,2.750679,2.750679,2.750679,udp,0.0,,cs0,,63.0,,1.0,,Start,2,2,0,84,84,0,42.0,0.0,122.151657,122.151657,0.0,0,0,0,0.0,,,0.363547,0.363547,0.0,INT,,,,,0.0,0.0,0.0,0
254862,2.75284,2.75284,2.75284,2.75284,2.75284,2.75284,udp,0.0,,cs0,,63.0,,1.0,,Start,2,2,0,84,84,0,42.0,0.0,122.055763,122.055763,0.0,0,0,0,0.0,,,0.363261,0.363261,0.0,INT,,,,,0.0,0.0,0.0,0
254868,2.752841,2.752841,2.752841,2.752841,2.752841,2.752841,udp,0.0,,cs0,,63.0,,1.0,,Start,2,2,0,84,84,0,42.0,0.0,122.055725,122.055725,0.0,0,0,0,0.0,,,0.363261,0.363261,0.0,INT,,,,,0.0,0.0,0.0,0
254912,2.750008,2.750008,2.750008,2.750008,2.750008,2.750008,udp,0.0,,cs0,,63.0,,1.0,,Start,2,2,0,84,84,0,42.0,0.0,122.181458,122.181458,0.0,0,0,0,0.0,,,0.363635,0.363635,0.0,INT,,,,,0.0,0.0,0.0,0
254931,2.749876,2.749876,2.749876,2.749876,2.749876,2.749876,udp,0.0,,cs0,,63.0,,1.0,,Start,2,2,0,84,84,0,42.0,0.0,122.187325,122.187325,0.0,0,0,0,0.0,,,0.363653,0.363653,0.0,INT,,,,,0.0,0.0,0.0,0
254933,2.749885,2.749885,2.749885,2.749885,2.749885,2.749885,udp,0.0,,cs0,,63.0,,1.0,,Start,2,2,0,84,84,0,42.0,0.0,122.186928,122.186928,0.0,0,0,0,0.0,,,0.363652,0.363652,0.0,INT,,,,,0.0,0.0,0.0,0
254934,2.749885,2.749885,2.749885,2.749885,2.749885,2.749885,udp,0.0,,cs0,,63.0,,1.0,,Start,2,2,0,84,84,0,42.0,0.0,122.186928,122.186928,0.0,0,0,0,0.0,,,0.363652,0.363652,0.0,INT,,,,,0.0,0.0,0.0,0
254937,2.749879,2.749879,2.749879,2.749879,2.749879,2.749879,udp,0.0,,cs0,,63.0,,1.0,,Start,2,2,0,84,84,0,42.0,0.0,122.187202,122.187202,0.0,0,0,0,0.0,,,0.363652,0.363652,0.0,INT,,,,,0.0,0.0,0.0,0
254977,0.0,0.0,0.0,0.0,0.0,0.0,udp,0.0,,cs0,,63.0,,1.0,,Start,1,1,0,42,42,0,42.0,0.0,0.0,0.0,0.0,0,0,0,0.0,,,0.0,0.0,0.0,INT,,,,,0.0,0.0,0.0,0
255036,0.0,0.0,0.0,0.0,0.0,0.0,udp,0.0,,cs0,,63.0,,1.0,,Start,1,1,0,42,42,0,42.0,0.0,0.0,0.0,0.0,0,0,0,0.0,,,0.0,0.0,0.0,INT,,,,,0.0,0.0,0.0,0
255087,0.0,0.0,0.0,0.0,0.0,0.0,udp,0.0,,cs0,,63.0,,1.0,,Start,1,1,0,42,42,0,42.0,0.0,0.0,0.0,0.0,0,0,0,0.0,,,0.0,0.0,0.0,INT,,,,,0.0,0.0,0.0,0
255096,2.755181,2.755181,2.755181,2.755181,2.755181,2.755181,udp,0.0,,cs0,,63.0,,1.0,,Start,2,2,0,84,84,0,42.0,0.0,121.952057,121.952057,0.0,0,0,0,0.0,,,0.362953,0.362953,0.0,INT,,,,,0.0,0.0,0.0,0
255184,2.748052,2.748052,2.748052,2.748052,2.748052,2.748052,udp,0.0,,cs0,,63.0,,1.0,,Start,2,2,0,84,84,0,42.0,0.0,122.268433,122.268433,0.0,0,0,0,0.0,,,0.363894,0.363894,0.0,INT,,,,,0.0,0.0,0.0,0
255261,2.743436,2.743436,2.743436,2.743436,2.743436,2.743436,udp,0.0,,cs0,,63.0,,1.0,,Start,2,2,0,84,84,0,42.0,0.0,122.474152,122.474152,0.0,0,0,0,0.0,,,0.364506,0.364506,0.0,INT,,,,,0.0,0.0,0.0,0
255283,0.0,0.0,0.0,0.0,0.0,0.0,udp,0.0,,cs0,,63.0,,1.0,,Start,1,1,0,42,42,0,42.0,0.0,0.0,0.0,0.0,0,0,0,0.0,,,0.0,0.0,0.0,INT,,,,,0.0,0.0,0.0,0
255286,0.0,0.0,0.0,0.0,0.0,0.0,udp,0.0,,cs0,,63.0,,1.0,,Start,1,1,0,42,42,0,42.0,0.0,0.0,0.0,0.0,0,0,0,0.0,,,0.0,0.0,0.0,INT,,,,,0.0,0.0,0.0,0
255301,2.745839,2.745839,2.745839,2.745839,2.745839,2.745839,udp,0.0,,cs0,,63.0,,1.0,,Start,2,2,0,84,84,0,42.0,0.0,122.366966,122.366966,0.0,0,0,0,0.0,,,0.364187,0.364187,0.0,INT,,,,,0.0,0.0,0.0,0
255420,0.0,0.0,0.0,0.0,0.0,0.0,udp,0.0,,cs0,,63.0,,1.0,,Start,1,1,0,42,42,0,42.0,0.0,0.0,0.0,0.0,0,0,0,0.0,,,0.0,0.0,0.0,INT,,,,,0.0,0.0,0.0,0
255477,0.0,0.0,0.0,0.0,0.0,0.0,udp,0.0,,cs0,,63.0,,1.0,,Start,1,1,0,42,42,0,42.0,0.0,0.0,0.0,0.0,0,0,0,0.0,,,0.0,0.0,0.0,INT,,,,,0.0,0.0,0.0,0
255483,0.0,0.0,0.0,0.0,0.0,0.0,udp,0.0,,cs0,,63.0,,1.0,,Start,1,1,0,42,42,0,42.0,0.0,0.0,0.0,0.0,0,0,0,0.0,,,0.0,0.0,0.0,INT,,,,,0.0,0.0,0.0,0
255508,0.0,0.0,0.0,0.0,0.0,0.0,udp,0.0,,cs0,,63.0,,1.0,,Start,1,1,0,42,42,0,42.0,0.0,0.0,0.0,0.0,0,0,0,0.0,,,0.0,0.0,0.0,INT,,,,,0.0,0.0,0.0,0
255552,0.0,0.0,0.0,0.0,0.0,0.0,udp,0.0,,cs0,,63.0,,1.0,,Start,1,1,0,42,42,0,42.0,0.0,0.0,0.0,0.0,0,0,0,0.0,,,0.0,0.0,0.0,INT,,,,,0.0,0.0,0.0,0
255554,0.0,0.0,0.0,0.0,0.0,0.0,udp,0.0,,cs0,,63.0,,1.0,,Start,1,1,0,42,42,0,42.0,0.0,0.0,0.0,0.0,0,0,0,0.0,,,0.0,0.0,0.0,INT,,,,,0.0,0.0,0.0,0
255594,2.747642,2.747642,2.747642,2.747642,2.747642,2.747642,udp,0.0,,cs0,,63.0,,1.0,,Start,2,2,0,84,84,0,42.0,0.0,122.286674,122.286674,0.0,0,0,0,0.0,,,0.363948,0.363948,0.0,INT,,,,,0.0,0.0,0.0,0
255616,0.0,0.0,0.0,0.0,0.0,0.0,udp,0.0,,cs0,,63.0,,1.0,,Start,1,1,0,42,42,0,42.0,0.0,0.0,0.0,0.0,0,0,0,0.0,,,0.0,0.0,0.0,INT,,,,,0.0,0.0,0.0,0
255684,0.0,0.0,0.0,0.0,0.0,0.0,udp,0.0,,cs0,,63.0,,1.0,,Start,1,1,0,42,42,0,42.0,0.0,0.0,0.0,0.0,0,0,0,0.0,,,0.0,0.0,0.0,INT,,,,,0.0,0.0,0.0,0
255688,0.0,0.0,0.0,0.0,0.0,0.0,udp,0.0,,cs0,,63.0,,1.0,,Start,1,1,0,42,42,0,42.0,0.0,0.0,0.0,0.0,0,0,0,0.0,,,0.0,0.0,0.0,INT,,,,,0.0,0.0,0.0,0
255716,0.0,0.0,0.0,0.0,0.0,0.0,udp,0.0,,cs0,,63.0,,1.0,,Start,1,1,0,42,42,0,42.0,0.0,0.0,0.0,0.0,0,0,0,0.0,,,0.0,0.0,0.0,INT,,,,,0.0,0.0,0.0,0
255738,0.0,0.0,0.0,0.0,0.0,0.0,udp,0.0,,cs0,,63.0,,1.0,,Start,1,1,0,42,42,0,42.0,0.0,0.0,0.0,0.0,0,0,0,0.0,,,0.0,0.0,0.0,INT,,,,,0.0,0.0,0.0,0
255767,0.0,0.0,0.0,0.0,0.0,0.0,udp,0.0,,cs0,,63.0,,1.0,,Start,1,1,0,42,42,0,42.0,0.0,0.0,0.0,0.0,0,0,0,0.0,,,0.0,0.0,0.0,INT,,,,,0.0,0.0,0.0,0
255819,0.0,0.0,0.0,0.0,0.0,0.0,udp,0.0,,cs0,,63.0,,1.0,,Start,1,1,0,42,42,0,42.0,0.0,0.0,0.0,0.0,0,0,0,0.0,,,0.0,0.0,0.0,INT,,,,,0.0,0.0,0.0,0
255840,0.0,0.0,0.0,0.0,0.0,0.0,udp,0.0,,cs0,,63.0,,1.0,,Start,1,1,0,42,42,0,42.0,0.0,0.0,0.0,0.0,0,0,0,0.0,,,0.0,0.0,0.0,INT,,,,,0.0,0.0,0.0,0
255843,0.0,0.0,0.0,0.0,0.0,0.0,udp,0.0,,cs0,,63.0,,1.0,,Start,1,1,0,42,42,0,42.0,0.0,0.0,0.0,0.0,0,0,0,0.0,,,0.0,0.0,0.0,INT,,,,,0.0,0.0,0.0,0
255849,0.0,0.0,0.0,0.0,0.0,0.0,udp,0.0,,cs0,,63.0,,1.0,,Start,1,1,0,42,42,0,42.0,0.0,0.0,0.0,0.0,0,0,0,0.0,,,0.0,0.0,0.0,INT,,,,,0.0,0.0,0.0,0
255911,2.743785,2.743785,2.743785,2.743785,2.743785,2.743785,udp,0.0,,cs0,,63.0,,1.0,,Start,2,2,0,84,84,0,42.0,0.0,122.45858,122.45858,0.0,0,0,0,0.0,,,0.36446,0.36446,0.0,INT,,,,,0.0,0.0,0.0,0
255960,2.7381,2.7381,2.7381,2.7381,2.7381,2.7381,udp,0.0,,cs0,,63.0,,1.0,,Start,2,2,0,84,84,0,42.0,0.0,122.71283,122.71283,0.0,0,0,0,0.0,,,0.365217,0.365217,0.0,INT,,,,,0.0,0.0,0.0,0
256050,0.0,0.0,0.0,0.0,0.0,0.0,udp,0.0,,cs0,,63.0,,1.0,,Start,1,1,0,42,42,0,42.0,0.0,0.0,0.0,0.0,0,0,0,0.0,,,0.0,0.0,0.0,INT,,,,,0.0,0.0,0.0,0
256065,0.0,0.0,0.0,0.0,0.0,0.0,udp,0.0,,cs0,,63.0,,1.0,,Start,1,1,0,42,42,0,42.0,0.0,0.0,0.0,0.0,0,0,0,0.0,,,0.0,0.0,0.0,INT,,,,,0.0,0.0,0.0,0
256166,0.0,0.0,0.0,0.0,0.0,0.0,udp,0.0,,cs0,,63.0,,1.0,,Start,1,1,0,42,42,0,42.0,0.0,0.0,0.0,0.0,0,0,0,0.0,,,0.0,0.0,0.0,INT,,,,,0.0,0.0,0.0,0
256217,0.0,0.0,0.0,0.0,0.0,0.0,udp,0.0,,cs0,,63.0,,1.0,,Start,1,1,0,42,42,0,42.0,0.0,0.0,0.0,0.0,0,0,0,0.0,,,0.0,0.0,0.0,INT,,,,,0.0,0.0,0.0,0
256224,2.737809,2.737809,2.737809,2.737809,2.737809,2.737809,udp,0.0,,cs0,,63.0,,1.0,,Start,2,2,0,84,84,0,42.0,0.0,122.725876,122.725876,0.0,0,0,0,0.0,,,0.365256,0.365256,0.0,INT,,,,,0.0,0.0,0.0,0
256295,0.0,0.0,0.0,0.0,0.0,0.0,udp,0.0,,cs0,,63.0,,1.0,,Start,1,1,0,42,42,0,42.0,0.0,0.0,0.0,0.0,0,0,0,0.0,,,0.0,0.0,0.0,INT,,,,,0.0,0.0,0.0,0
256355,2.735771,2.735771,2.735771,2.735771,2.735771,2.735771,udp,0.0,,cs0,,63.0,,1.0,,Start,2,2,0,84,84,0,42.0,0.0,122.817299,122.817299,0.0,0,0,0,0.0,,,0.365528,0.365528,0.0,INT,,,,,0.0,0.0,0.0,0
256389,2.737856,2.737856,2.737856,2.737856,2.737856,2.737856,udp,0.0,,cs0,,63.0,,1.0,,Start,2,2,0,84,84,0,42.0,0.0,122.72377,122.72377,0.0,0,0,0,0.0,,,0.365249,0.365249,0.0,INT,,,,,0.0,0.0,0.0,0
256390,2.737856,2.737856,2.737856,2.737856,2.737856,2.737856,udp,0.0,,cs0,,63.0,,1.0,,Start,2,2,0,84,84,0,42.0,0.0,122.72377,122.72377,0.0,0,0,0,0.0,,,0.365249,0.365249,0.0,INT,,,,,0.0,0.0,0.0,0
256410,0.0,0.0,0.0,0.0,0.0,0.0,udp,0.0,,cs0,,63.0,,1.0,,Start,1,1,0,42,42,0,42.0,0.0,0.0,0.0,0.0,0,0,0,0.0,,,0.0,0.0,0.0,INT,,,,,0.0,0.0,0.0,0
256441,0.0,0.0,0.0,0.0,0.0,0.0,udp,0.0,,cs0,,63.0,,1.0,,Start,1,1,0,42,42,0,42.0,0.0,0.0,0.0,0.0,0,0,0,0.0,,,0.0,0.0,0.0,INT,,,,,0.0,0.0,0.0,0
256516,0.0,0.0,0.0,0.0,0.0,0.0,udp,0.0,,cs0,,63.0,,1.0,,Start,1,1,0,42,42,0,42.0,0.0,0.0,0.0,0.0,0,0,0,0.0,,,0.0,0.0,0.0,INT,,,,,0.0,0.0,0.0,0
256542,2.737375,2.737375,2.737375,2.737375,2.737375,2.737375,udp,0.0,,cs0,,63.0,,1.0,,Start,2,2,0,84,84,0,42.0,0.0,122.745331,122.745331,0.0,0,0,0,0.0,,,0.365313,0.365313,0.0,INT,,,,,0.0,0.0,0.0,0
256580,2.732923,2.732923,2.732923,2.732923,2.732923,2.732923,udp,0.0,,cs0,,63.0,,1.0,,Start,2,2,0,84,84,0,42.0,0.0,122.945282,122.945282,0.0,0,0,0,0.0,,,0.365909,0.365909,0.0,INT,,,,,0.0,0.0,0.0,0
256621,0.0,0.0,0.0,0.0,0.0,0.0,udp,0.0,,cs0,,63.0,,1.0,,Start,1,1,0,42,42,0,42.0,0.0,0.0,0.0,0.0,0,0,0,0.0,,,0.0,0.0,0.0,INT,,,,,0.0,0.0,0.0,0
256639,0.0,0.0,0.0,0.0,0.0,0.0,udp,0.0,,cs0,,63.0,,1.0,,Start,1,1,0,42,42,0,42.0,0.0,0.0,0.0,0.0,0,0,0,0.0,,,0.0,0.0,0.0,INT,,,,,0.0,0.0,0.0,0
256654,0.0,0.0,0.0,0.0,0.0,0.0,udp,0.0,,cs0,,63.0,,1.0,,Start,1,1,0,42,42,0,42.0,0.0,0.0,0.0,0.0,0,0,0,0.0,,,0.0,0.0,0.0,INT,,,,,0.0,0.0,0.0,0
256707,0.0,0.0,0.0,0.0,0.0,0.0,udp,0.0,,cs0,,63.0,,1.0,,Start,1,1,0,42,42,0,42.0,0.0,0.0,0.0,0.0,0,0,0,0.0,,,0.0,0.0,0.0,INT,,,,,0.0,0.0,0.0,0
256728,2.735761,2.735761,2.735761,2.735761,2.735761,2.735761,udp,0.0,,cs0,,63.0,,1.0,,Start,2,2,0,84,84,0,42.0,0.0,122.817749,122.817749,0.0,0,0,0,0.0,,,0.365529,0.365529,0.0,INT,,,,,0.0,0.0,0.0,0
256825,0.0,0.0,0.0,0.0,0.0,0.0,udp,0.0,,cs0,,63.0,,1.0,,Start,1,1,0,42,42,0,42.0,0.0,0.0,0.0,0.0,0,0,0,0.0,,,0.0,0.0,0.0,INT,,,,,0.0,0.0,0.0,0
256833,2.733272,2.733272,2.733272,2.733272,2.733272,2.733272,udp,0.0,,cs0,,63.0,,1.0,,Start,2,2,0,84,84,0,42.0,0.0,122.929581,122.929581,0.0,0,0,0,0.0,,,0.365862,0.365862,0.0,INT,,,,,0.0,0.0,0.0,0
256898,2.737942,2.737942,2.737942,2.737942,2.737942,2.737942,udp,0.0,,cs0,,63.0,,1.0,,Start,2,2,0,84,84,0,42.0,0.0,122.71991,122.71991,0.0,0,0,0,0.0,,,0.365238,0.365238,0.0,INT,,,,,0.0,0.0,0.0,0
256942,2.733979,2.733979,2.733979,2.733979,2.733979,2.733979,udp,0.0,,cs0,,63.0,,1.0,,Start,2,2,0,84,84,0,42.0,0.0,122.897797,122.897797,0.0,0,0,0,0.0,,,0.365767,0.365767,0.0,INT,,,,,0.0,0.0,0.0,0
256951,2.734001,2.734001,2.734001,2.734001,2.734001,2.734001,udp,0.0,,cs0,,63.0,,1.0,,Start,2,2,0,84,84,0,42.0,0.0,122.896812,122.896812,0.0,0,0,0,0.0,,,0.365764,0.365764,0.0,INT,,,,,0.0,0.0,0.0,0
256959,0.0,0.0,0.0,0.0,0.0,0.0,udp,0.0,,cs0,,63.0,,1.0,,Start,1,1,0,42,42,0,42.0,0.0,0.0,0.0,0.0,0,0,0,0.0,,,0.0,0.0,0.0,INT,,,,,0.0,0.0,0.0,0
257007,0.0,0.0,0.0,0.0,0.0,0.0,udp,0.0,,cs0,,63.0,,1.0,,Start,1,1,0,42,42,0,42.0,0.0,0.0,0.0,0.0,0,0,0,0.0,,,0.0,0.0,0.0,INT,,,,,0.0,0.0,0.0,0
257146,2.727175,2.727175,2.727175,2.727175,2.727175,2.727175,udp,0.0,,cs0,,63.0,,1.0,,Start,2,2,0,84,84,0,42.0,0.0,123.204414,123.204414,0.0,0,0,0,0.0,,,0.36668,0.36668,0.0,INT,,,,,0.0,0.0,0.0,0
257164,2.731671,2.731671,2.731671,2.731671,2.731671,2.731671,udp,0.0,,cs0,,63.0,,1.0,,Start,2,2,0,84,84,0,42.0,0.0,123.001633,123.001633,0.0,0,0,0,0.0,,,0.366076,0.366076,0.0,INT,,,,,0.0,0.0,0.0,0
257248,2.730316,2.730316,2.730316,2.730316,2.730316,2.730316,udp,0.0,,cs0,,63.0,,1.0,,Start,2,2,0,84,84,0,42.0,0.0,123.062683,123.062683,0.0,0,0,0,0.0,,,0.366258,0.366258,0.0,INT,,,,,0.0,0.0,0.0,0
257254,2.730313,2.730313,2.730313,2.730313,2.730313,2.730313,udp,0.0,,cs0,,63.0,,1.0,,Start,2,2,0,84,84,0,42.0,0.0,123.062813,123.062813,0.0,0,0,0,0.0,,,0.366258,0.366258,0.0,INT,,,,,0.0,0.0,0.0,0
257359,0.0,0.0,0.0,0.0,0.0,0.0,udp,0.0,,cs0,,63.0,,1.0,,Start,1,1,0,42,42,0,42.0,0.0,0.0,0.0,0.0,0,0,0,0.0,,,0.0,0.0,0.0,INT,,,,,0.0,0.0,0.0,0
257368,0.0,0.0,0.0,0.0,0.0,0.0,udp,0.0,,cs0,,63.0,,1.0,,Start,1,1,0,42,42,0,42.0,0.0,0.0,0.0,0.0,0,0,0,0.0,,,0.0,0.0,0.0,INT,,,,,0.0,0.0,0.0,0
257452,0.0,0.0,0.0,0.0,0.0,0.0,udp,0.0,,cs0,,63.0,,1.0,,Start,1,1,0,42,42,0,42.0,0.0,0.0,0.0,0.0,0,0,0,0.0,,,0.0,0.0,0.0,INT,,,,,0.0,0.0,0.0,0
257573,2.72799,2.72799,2.72799,2.72799,2.72799,2.72799,udp,0.0,,cs0,,63.0,,1.0,,Start,2,2,0,84,84,0,42.0,0.0,123.16761,123.16761,0.0,0,0,0,0.0,,,0.36657,0.36657,0.0,INT,,,,,0.0,0.0,0.0,0
257609,2.723765,2.723765,2.723765,2.723765,2.723765,2.723765,udp,0.0,,cs0,,63.0,,1.0,,Start,2,2,0,84,84,0,42.0,0.0,123.358665,123.358665,0.0,0,0,0,0.0,,,0.367139,0.367139,0.0,INT,,,,,0.0,0.0,0.0,0
257753,0.0,0.0,0.0,0.0,0.0,0.0,udp,0.0,,cs0,,63.0,,1.0,,Start,1,1,0,42,42,0,42.0,0.0,0.0,0.0,0.0,0,0,0,0.0,,,0.0,0.0,0.0,INT,,,,,0.0,0.0,0.0,0
257777,0.0,0.0,0.0,0.0,0.0,0.0,udp,0.0,,cs0,,63.0,,1.0,,Start,1,1,0,42,42,0,42.0,0.0,0.0,0.0,0.0,0,0,0,0.0,,,0.0,0.0,0.0,INT,,,,,0.0,0.0,0.0,0
257815,0.0,0.0,0.0,0.0,0.0,0.0,udp,0.0,,cs0,,63.0,,1.0,,Start,1,1,0,42,42,0,42.0,0.0,0.0,0.0,0.0,0,0,0,0.0,,,0.0,0.0,0.0,INT,,,,,0.0,0.0,0.0,0
257871,0.0,0.0,0.0,0.0,0.0,0.0,udp,0.0,,cs0,,63.0,,1.0,,Start,1,1,0,42,42,0,42.0,0.0,0.0,0.0,0.0,0,0,0,0.0,,,0.0,0.0,0.0,INT,,,,,0.0,0.0,0.0,0
257883,2.719866,2.719866,2.719866,2.719866,2.719866,2.719866,udp,0.0,,cs0,,63.0,,1.0,,Start,2,2,0,84,84,0,42.0,0.0,123.5355,123.5355,0.0,0,0,0,0.0,,,0.367665,0.367665,0.0,INT,,,,,0.0,0.0,0.0,0
257885,2.719867,2.719867,2.719867,2.719867,2.719867,2.719867,udp,0.0,,cs0,,63.0,,1.0,,Start,2,2,0,84,84,0,42.0,0.0,123.535454,123.535454,0.0,0,0,0,0.0,,,0.367665,0.367665,0.0,INT,,,,,0.0,0.0,0.0,0
257889,2.719845,2.719845,2.719845,2.719845,2.719845,2.719845,udp,0.0,,cs0,,63.0,,1.0,,Start,2,2,0,84,84,0,42.0,0.0,123.536446,123.536446,0.0,0,0,0,0.0,,,0.367668,0.367668,0.0,INT,,,,,0.0,0.0,0.0,0
258020,2.725755,2.725755,2.725755,2.725755,2.725755,2.725755,udp,0.0,,cs0,,63.0,,1.0,,Start,2,2,0,84,84,0,42.0,0.0,123.2686,123.2686,0.0,0,0,0,0.0,,,0.366871,0.366871,0.0,INT,,,,,0.0,0.0,0.0,0
258033,2.725795,2.725795,2.725795,2.725795,2.725795,2.725795,udp,0.0,,cs0,,63.0,,1.0,,Start,2,2,0,84,84,0,42.0,0.0,123.266792,123.266792,0.0,0,0,0,0.0,,,0.366865,0.366865,0.0,INT,,,,,0.0,0.0,0.0,0
258079,0.0,0.0,0.0,0.0,0.0,0.0,udp,0.0,,cs0,,63.0,,1.0,,Start,1,1,0,42,42,0,42.0,0.0,0.0,0.0,0.0,0,0,0,0.0,,,0.0,0.0,0.0,INT,,,,,0.0,0.0,0.0,0
258086,0.0,0.0,0.0,0.0,0.0,0.0,udp,0.0,,cs0,,63.0,,1.0,,Start,1,1,0,42,42,0,42.0,0.0,0.0,0.0,0.0,0,0,0,0.0,,,0.0,0.0,0.0,INT,,,,,0.0,0.0,0.0,0
258132,2.724188,2.724188,2.724188,2.724188,2.724188,2.724188,udp,0.0,,cs0,,63.0,,1.0,,Start,2,2,0,84,84,0,42.0,0.0,123.3395,123.3395,0.0,0,0,0,0.0,,,0.367082,0.367082,0.0,INT,,,,,0.0,0.0,0.0,0
258164,2.721152,2.721152,2.721152,2.721152,2.721152,2.721152,udp,0.0,,cs0,,63.0,,1.0,,Start,2,2,0,84,84,0,42.0,0.0,123.477112,123.477112,0.0,0,0,0,0.0,,,0.367491,0.367491,0.0,INT,,,,,0.0,0.0,0.0,0
258197,0.0,0.0,0.0,0.0,0.0,0.0,udp,0.0,,cs0,,63.0,,1.0,,Start,1,1,0,42,42,0,42.0,0.0,0.0,0.0,0.0,0,0,0,0.0,,,0.0,0.0,0.0,INT,,,,,0.0,0.0,0.0,0
258227,0.0,0.0,0.0,0.0,0.0,0.0,udp,0.0,,cs0,,63.0,,1.0,,Start,1,1,0,42,42,0,42.0,0.0,0.0,0.0,0.0,0,0,0,0.0,,,0.0,0.0,0.0,INT,,,,,0.0,0.0,0.0,0
258375,2.720866,2.720866,2.720866,2.720866,2.720866,2.720866,udp,0.0,,cs0,,63.0,,1.0,,Start,2,2,0,84,84,0,42.0,0.0,123.490097,123.490097,0.0,0,0,0,0.0,,,0.36753,0.36753,0.0,INT,,,,,0.0,0.0,0.0,0
258384,2.720763,2.720763,2.720763,2.720763,2.720763,2.720763,udp,0.0,,cs0,,63.0,,1.0,,Start,2,2,0,84,84,0,42.0,0.0,123.494774,123.494774,0.0,0,0,0,0.0,,,0.367544,0.367544,0.0,INT,,,,,0.0,0.0,0.0,0
258401,0.0,0.0,0.0,0.0,0.0,0.0,udp,0.0,,cs0,,63.0,,1.0,,Start,1,1,0,42,42,0,42.0,0.0,0.0,0.0,0.0,0,0,0,0.0,,,0.0,0.0,0.0,INT,,,,,0.0,0.0,0.0,0
258465,0.0,0.0,0.0,0.0,0.0,0.0,udp,0.0,,cs0,,63.0,,1.0,,Start,1,1,0,42,42,0,42.0,0.0,0.0,0.0,0.0,0,0,0,0.0,,,0.0,0.0,0.0,INT,,,,,0.0,0.0,0.0,0
258487,2.717201,2.717201,2.717201,2.717201,2.717201,2.717201,udp,0.0,,cs0,,63.0,,1.0,,Start,2,2,0,84,84,0,42.0,0.0,123.656662,123.656662,0.0,0,0,0,0.0,,,0.368026,0.368026,0.0,INT,,,,,0.0,0.0,0.0,0
258550,2.717029,2.717029,2.717029,2.717029,2.717029,2.717029,udp,0.0,,cs0,,63.0,,1.0,,Start,2,2,0,84,84,0,42.0,0.0,123.664482,123.664482,0.0,0,0,0,0.0,,,0.368049,0.368049,0.0,INT,,,,,0.0,0.0,0.0,0
258612,2.716442,2.716442,2.716442,2.716442,2.716442,2.716442,udp,0.0,,cs0,,63.0,,1.0,,Start,2,2,0,84,84,0,42.0,0.0,123.691208,123.691208,0.0,0,0,0,0.0,,,0.368129,0.368129,0.0,INT,,,,,0.0,0.0,0.0,0
258635,2.71587,2.71587,2.71587,2.71587,2.71587,2.71587,udp,0.0,,cs0,,63.0,,1.0,,Start,2,2,0,84,84,0,42.0,0.0,123.71727,123.71727,0.0,0,0,0,0.0,,,0.368206,0.368206,0.0,INT,,,,,0.0,0.0,0.0,0
258640,2.716921,2.716921,2.716921,2.716921,2.716921,2.716921,udp,0.0,,cs0,,63.0,,1.0,,Start,2,2,0,84,84,0,42.0,0.0,123.669403,123.669403,0.0,0,0,0,0.0,,,0.368064,0.368064,0.0,INT,,,,,0.0,0.0,0.0,0
258672,0.0,0.0,0.0,0.0,0.0,0.0,udp,0.0,,cs0,,63.0,,1.0,,Start,1,1,0,42,42,0,42.0,0.0,0.0,0.0,0.0,0,0,0,0.0,,,0.0,0.0,0.0,INT,,,,,0.0,0.0,0.0,0
258683,2.716919,2.716919,2.716919,2.716919,2.716919,2.716919,udp,0.0,,cs0,,63.0,,1.0,,Start,2,2,0,84,84,0,42.0,0.0,123.669495,123.669495,0.0,0,0,0,0.0,,,0.368064,0.368064,0.0,INT,,,,,0.0,0.0,0.0,0
258697,0.0,0.0,0.0,0.0,0.0,0.0,udp,0.0,,cs0,,63.0,,1.0,,Start,1,1,0,42,42,0,42.0,0.0,0.0,0.0,0.0,0,0,0,0.0,,,0.0,0.0,0.0,INT,,,,,0.0,0.0,0.0,0
258732,0.0,0.0,0.0,0.0,0.0,0.0,udp,0.0,,cs0,,63.0,,1.0,,Start,1,1,0,42,42,0,42.0,0.0,0.0,0.0,0.0,0,0,0,0.0,,,0.0,0.0,0.0,INT,,,,,0.0,0.0,0.0,0
258770,2.716846,2.716846,2.716846,2.716846,2.716846,2.716846,udp,0.0,,cs0,,63.0,,1.0,,Start,2,2,0,84,84,0,42.0,0.0,123.672821,123.672821,0.0,0,0,0,0.0,,,0.368074,0.368074,0.0,INT,,,,,0.0,0.0,0.0,0
258774,2.716841,2.716841,2.716841,2.716841,2.716841,2.716841,udp,0.0,,cs0,,63.0,,1.0,,Start,2,2,0,84,84,0,42.0,0.0,123.673042,123.673042,0.0,0,0,0,0.0,,,0.368075,0.368075,0.0,INT,,,,,0.0,0.0,0.0,0
258909,0.0,0.0,0.0,0.0,0.0,0.0,udp,0.0,,cs0,,63.0,,1.0,,Start,1,1,0,42,42,0,42.0,0.0,0.0,0.0,0.0,0,0,0,0.0,,,0.0,0.0,0.0,INT,,,,,0.0,0.0,0.0,0
258929,2.716941,2.716941,2.716941,2.716941,2.716941,2.716941,udp,0.0,,cs0,,63.0,,1.0,,Start,2,2,0,84,84,0,42.0,0.0,123.668488,123.668488,0.0,0,0,0,0.0,,,0.368061,0.368061,0.0,INT,,,,,0.0,0.0,0.0,0
258941,0.0,0.0,0.0,0.0,0.0,0.0,udp,0.0,,cs0,,63.0,,1.0,,Start,1,1,0,42,42,0,42.0,0.0,0.0,0.0,0.0,0,0,0,0.0,,,0.0,0.0,0.0,INT,,,,,0.0,0.0,0.0,0
258975,2.712813,2.712813,2.712813,2.712813,2.712813,2.712813,udp,0.0,,cs0,,63.0,,1.0,,Start,2,2,0,84,84,0,42.0,0.0,123.856682,123.856682,0.0,0,0,0,0.0,,,0.368621,0.368621,0.0,INT,,,,,0.0,0.0,0.0,0
259038,2.711299,2.711299,2.711299,2.711299,2.711299,2.711299,udp,0.0,,cs0,,63.0,,1.0,,Start,2,2,0,84,84,0,42.0,0.0,123.925842,123.925842,0.0,0,0,0,0.0,,,0.368827,0.368827,0.0,INT,,,,,0.0,0.0,0.0,0
259072,2.711229,2.711229,2.711229,2.711229,2.711229,2.711229,udp,0.0,,cs0,,63.0,,1.0,,Start,2,2,0,84,84,0,42.0,0.0,123.929031,123.929031,0.0,0,0,0,0.0,,,0.368836,0.368836,0.0,INT,,,,,0.0,0.0,0.0,0
259149,2.712953,2.712953,2.712953,2.712953,2.712953,2.712953,udp,0.0,,cs0,,63.0,,1.0,,Start,2,2,0,84,84,0,42.0,0.0,123.850281,123.850281,0.0,0,0,0,0.0,,,0.368602,0.368602,0.0,INT,,,,,0.0,0.0,0.0,0
259180,2.712998,2.712998,2.712998,2.712998,2.712998,2.712998,udp,0.0,,cs0,,63.0,,1.0,,Start,2,2,0,84,84,0,42.0,0.0,123.848236,123.848236,0.0,0,0,0,0.0,,,0.368596,0.368596,0.0,INT,,,,,0.0,0.0,0.0,0
259207,0.0,0.0,0.0,0.0,0.0,0.0,udp,0.0,,cs0,,63.0,,1.0,,Start,1,1,0,42,42,0,42.0,0.0,0.0,0.0,0.0,0,0,0,0.0,,,0.0,0.0,0.0,INT,,,,,0.0,0.0,0.0,0
259285,2.713769,2.713769,2.713769,2.713769,2.713769,2.713769,udp,0.0,,cs0,,63.0,,1.0,,Start,2,2,0,84,84,0,42.0,0.0,123.813049,123.813049,0.0,0,0,0,0.0,,,0.368491,0.368491,0.0,INT,,,,,0.0,0.0,0.0,0
259373,0.0,0.0,0.0,0.0,0.0,0.0,udp,0.0,,cs0,,63.0,,1.0,,Start,1,1,0,42,42,0,42.0,0.0,0.0,0.0,0.0,0,0,0,0.0,,,0.0,0.0,0.0,INT,,,,,0.0,0.0,0.0,0
259424,0.0,0.0,0.0,0.0,0.0,0.0,udp,0.0,,cs0,,63.0,,1.0,,Start,1,1,0,42,42,0,42.0,0.0,0.0,0.0,0.0,0,0,0,0.0,,,0.0,0.0,0.0,INT,,,,,0.0,0.0,0.0,0
259439,2.707138,2.707138,2.707138,2.707138,2.707138,2.707138,udp,0.0,,cs0,,63.0,,1.0,,Start,2,2,0,84,84,0,42.0,0.0,124.116318,124.116318,0.0,0,0,0,0.0,,,0.369394,0.369394,0.0,INT,,,,,0.0,0.0,0.0,0
259565,2.708028,2.708028,2.708028,2.708028,2.708028,2.708028,udp,0.0,,cs0,,63.0,,1.0,,Start,2,2,0,84,84,0,42.0,0.0,124.075523,124.075523,0.0,0,0,0,0.0,,,0.369272,0.369272,0.0,INT,,,,,0.0,0.0,0.0,0
259585,0.0,0.0,0.0,0.0,0.0,0.0,udp,0.0,,cs0,,63.0,,1.0,,Start,1,1,0,42,42,0,42.0,0.0,0.0,0.0,0.0,0,0,0,0.0,,,0.0,0.0,0.0,INT,,,,,0.0,0.0,0.0,0
259589,0.0,0.0,0.0,0.0,0.0,0.0,udp,0.0,,cs0,,63.0,,1.0,,Start,1,1,0,42,42,0,42.0,0.0,0.0,0.0,0.0,0,0,0,0.0,,,0.0,0.0,0.0,INT,,,,,0.0,0.0,0.0,0
259634,0.0,0.0,0.0,0.0,0.0,0.0,udp,0.0,,cs0,,63.0,,1.0,,Start,1,1,0,42,42,0,42.0,0.0,0.0,0.0,0.0,0,0,0,0.0,,,0.0,0.0,0.0,INT,,,,,0.0,0.0,0.0,0
259744,2.706953,2.706953,2.706953,2.706953,2.706953,2.706953,udp,0.0,,cs0,,63.0,,1.0,,Start,2,2,0,84,84,0,42.0,0.0,124.124802,124.124802,0.0,0,0,0,0.0,,,0.369419,0.369419,0.0,INT,,,,,0.0,0.0,0.0,0
259753,2.706953,2.706953,2.706953,2.706953,2.706953,2.706953,udp,0.0,,cs0,,63.0,,1.0,,Start,2,2,0,84,84,0,42.0,0.0,124.124802,124.124802,0.0,0,0,0,0.0,,,0.369419,0.369419,0.0,INT,,,,,0.0,0.0,0.0,0
259790,0.0,0.0,0.0,0.0,0.0,0.0,udp,0.0,,cs0,,63.0,,1.0,,Start,1,1,0,42,42,0,42.0,0.0,0.0,0.0,0.0,0,0,0,0.0,,,0.0,0.0,0.0,INT,,,,,0.0,0.0,0.0,0
259812,0.0,0.0,0.0,0.0,0.0,0.0,udp,0.0,,cs0,,63.0,,1.0,,Start,1,1,0,42,42,0,42.0,0.0,0.0,0.0,0.0,0,0,0,0.0,,,0.0,0.0,0.0,INT,,,,,0.0,0.0,0.0,0
259841,2.702167,2.702167,2.702167,2.702167,2.702167,2.702167,udp,0.0,,cs0,,63.0,,1.0,,Start,2,2,0,84,84,0,42.0,0.0,124.344643,124.344643,0.0,0,0,0,0.0,,,0.370073,0.370073,0.0,INT,,,,,0.0,0.0,0.0,0
259874,2.702012,2.702012,2.702012,2.702012,2.702012,2.702012,udp,0.0,,cs0,,63.0,,1.0,,Start,2,2,0,84,84,0,42.0,0.0,124.351776,124.351776,0.0,0,0,0,0.0,,,0.370095,0.370095,0.0,INT,,,,,0.0,0.0,0.0,0
259906,0.0,0.0,0.0,0.0,0.0,0.0,udp,0.0,,cs0,,63.0,,1.0,,Start,1,1,0,42,42,0,42.0,0.0,0.0,0.0,0.0,0,0,0,0.0,,,0.0,0.0,0.0,INT,,,,,0.0,0.0,0.0,0
259915,0.0,0.0,0.0,0.0,0.0,0.0,udp,0.0,,cs0,,63.0,,1.0,,Start,1,1,0,42,42,0,42.0,0.0,0.0,0.0,0.0,0,0,0,0.0,,,0.0,0.0,0.0,INT,,,,,0.0,0.0,0.0,0
259956,2.702086,2.702086,2.702086,2.702086,2.702086,2.702086,udp,0.0,,cs0,,63.0,,1.0,,Start,2,2,0,84,84,0,42.0,0.0,124.348373,124.348373,0.0,0,0,0,0.0,,,0.370084,0.370084,0.0,INT,,,,,0.0,0.0,0.0,0
259962,2.702094,2.702094,2.702094,2.702094,2.702094,2.702094,udp,0.0,,cs0,,63.0,,1.0,,Start,2,2,0,84,84,0,42.0,0.0,124.348,124.348,0.0,0,0,0,0.0,,,0.370083,0.370083,0.0,INT,,,,,0.0,0.0,0.0,0
259970,2.702094,2.702094,2.702094,2.702094,2.702094,2.702094,udp,0.0,,cs0,,63.0,,1.0,,Start,2,2,0,84,84,0,42.0,0.0,124.348,124.348,0.0,0,0,0,0.0,,,0.370083,0.370083,0.0,INT,,,,,0.0,0.0,0.0,0
260047,0.0,0.0,0.0,0.0,0.0,0.0,udp,0.0,,cs0,,63.0,,1.0,,Start,1,1,0,42,42,0,42.0,0.0,0.0,0.0,0.0,0,0,0,0.0,,,0.0,0.0,0.0,INT,,,,,0.0,0.0,0.0,0
260073,2.697258,2.697258,2.697258,2.697258,2.697258,2.697258,udp,0.0,,cs0,,63.0,,1.0,,Start,2,2,0,84,84,0,42.0,0.0,124.570953,124.570953,0.0,0,0,0,0.0,,,0.370747,0.370747,0.0,INT,,,,,0.0,0.0,0.0,0
260082,2.697208,2.697208,2.697208,2.697208,2.697208,2.697208,udp,0.0,,cs0,,63.0,,1.0,,Start,2,2,0,84,84,0,42.0,0.0,124.573265,124.573265,0.0,0,0,0,0.0,,,0.370754,0.370754,0.0,INT,,,,,0.0,0.0,0.0,0
260085,2.697218,2.697218,2.697218,2.697218,2.697218,2.697218,udp,0.0,,cs0,,63.0,,1.0,,Start,2,2,0,84,84,0,42.0,0.0,124.5728,124.5728,0.0,0,0,0,0.0,,,0.370752,0.370752,0.0,INT,,,,,0.0,0.0,0.0,0
260089,2.697218,2.697218,2.697218,2.697218,2.697218,2.697218,udp,0.0,,cs0,,63.0,,1.0,,Start,2,2,0,84,84,0,42.0,0.0,124.5728,124.5728,0.0,0,0,0,0.0,,,0.370752,0.370752,0.0,INT,,,,,0.0,0.0,0.0,0
260150,2.702502,2.702502,2.702502,2.702502,2.702502,2.702502,udp,0.0,,cs0,,63.0,,1.0,,Start,2,2,0,84,84,0,42.0,0.0,124.329231,124.329231,0.0,0,0,0,0.0,,,0.370027,0.370027,0.0,INT,,,,,0.0,0.0,0.0,0
260219,2.699275,2.699275,2.699275,2.699275,2.699275,2.699275,udp,0.0,,cs0,,63.0,,1.0,,Start,2,2,0,84,84,0,42.0,0.0,124.477867,124.477867,0.0,0,0,0,0.0,,,0.37047,0.37047,0.0,INT,,,,,0.0,0.0,0.0,0
260230,0.0,0.0,0.0,0.0,0.0,0.0,udp,0.0,,cs0,,63.0,,1.0,,Start,1,1,0,42,42,0,42.0,0.0,0.0,0.0,0.0,0,0,0,0.0,,,0.0,0.0,0.0,INT,,,,,0.0,0.0,0.0,0
260247,2.697984,2.697984,2.697984,2.697984,2.697984,2.697984,udp,0.0,,cs0,,63.0,,1.0,,Start,2,2,0,84,84,0,42.0,0.0,124.53743,124.53743,0.0,0,0,0,0.0,,,0.370647,0.370647,0.0,INT,,,,,0.0,0.0,0.0,0
260305,0.0,0.0,0.0,0.0,0.0,0.0,udp,0.0,,cs0,,63.0,,1.0,,Start,1,1,0,42,42,0,42.0,0.0,0.0,0.0,0.0,0,0,0,0.0,,,0.0,0.0,0.0,INT,,,,,0.0,0.0,0.0,0
260396,2.698895,2.698895,2.698895,2.698895,2.698895,2.698895,udp,0.0,,cs0,,63.0,,1.0,,Start,2,2,0,84,84,0,42.0,0.0,124.495399,124.495399,0.0,0,0,0,0.0,,,0.370522,0.370522,0.0,INT,,,,,0.0,0.0,0.0,0
260420,0.0,0.0,0.0,0.0,0.0,0.0,udp,0.0,,cs0,,63.0,,1.0,,Start,1,1,0,42,42,0,42.0,0.0,0.0,0.0,0.0,0,0,0,0.0,,,0.0,0.0,0.0,INT,,,,,0.0,0.0,0.0,0
260473,0.0,0.0,0.0,0.0,0.0,0.0,udp,0.0,,cs0,,63.0,,1.0,,Start,1,1,0,42,42,0,42.0,0.0,0.0,0.0,0.0,0,0,0,0.0,,,0.0,0.0,0.0,INT,,,,,0.0,0.0,0.0,0
260474,0.0,0.0,0.0,0.0,0.0,0.0,udp,0.0,,cs0,,63.0,,1.0,,Start,1,1,0,42,42,0,42.0,0.0,0.0,0.0,0.0,0,0,0,0.0,,,0.0,0.0,0.0,INT,,,,,0.0,0.0,0.0,0
260503,2.69814,2.69814,2.69814,2.69814,2.69814,2.69814,udp,0.0,,cs0,,63.0,,1.0,,Start,2,2,0,84,84,0,42.0,0.0,124.530235,124.530235,0.0,0,0,0,0.0,,,0.370626,0.370626,0.0,INT,,,,,0.0,0.0,0.0,0
260532,0.0,0.0,0.0,0.0,0.0,0.0,udp,0.0,,cs0,,63.0,,1.0,,Start,1,1,0,42,42,0,42.0,0.0,0.0,0.0,0.0,0,0,0,0.0,,,0.0,0.0,0.0,INT,,,,,0.0,0.0,0.0,0
260593,0.0,0.0,0.0,0.0,0.0,0.0,udp,0.0,,cs0,,63.0,,1.0,,Start,1,1,0,42,42,0,42.0,0.0,0.0,0.0,0.0,0,0,0,0.0,,,0.0,0.0,0.0,INT,,,,,0.0,0.0,0.0,0
260680,2.695062,2.695062,2.695062,2.695062,2.695062,2.695062,udp,0.0,,cs0,,63.0,,1.0,,Start,2,2,0,84,84,0,42.0,0.0,124.672462,124.672462,0.0,0,0,0,0.0,,,0.371049,0.371049,0.0,INT,,,,,0.0,0.0,0.0,0
260728,2.694943,2.694943,2.694943,2.694943,2.694943,2.694943,udp,0.0,,cs0,,63.0,,1.0,,Start,2,2,0,84,84,0,42.0,0.0,124.677963,124.677963,0.0,0,0,0,0.0,,,0.371065,0.371065,0.0,INT,,,,,0.0,0.0,0.0,0
260797,0.0,0.0,0.0,0.0,0.0,0.0,udp,0.0,,cs0,,63.0,,1.0,,Start,1,1,0,42,42,0,42.0,0.0,0.0,0.0,0.0,0,0,0,0.0,,,0.0,0.0,0.0,INT,,,,,0.0,0.0,0.0,0
260830,2.697711,2.697711,2.697711,2.697711,2.697711,2.697711,udp,0.0,,cs0,,63.0,,1.0,,Start,2,2,0,84,84,0,42.0,0.0,124.550034,124.550034,0.0,0,0,0,0.0,,,0.370685,0.370685,0.0,INT,,,,,0.0,0.0,0.0,0
260847,0.0,0.0,0.0,0.0,0.0,0.0,udp,0.0,,cs0,,63.0,,1.0,,Start,1,1,0,42,42,0,42.0,0.0,0.0,0.0,0.0,0,0,0,0.0,,,0.0,0.0,0.0,INT,,,,,0.0,0.0,0.0,0
260956,0.0,0.0,0.0,0.0,0.0,0.0,udp,0.0,,cs0,,63.0,,1.0,,Start,1,1,0,42,42,0,42.0,0.0,0.0,0.0,0.0,0,0,0,0.0,,,0.0,0.0,0.0,INT,,,,,0.0,0.0,0.0,0
261089,0.0,0.0,0.0,0.0,0.0,0.0,udp,0.0,,cs0,,63.0,,1.0,,Start,1,1,0,42,42,0,42.0,0.0,0.0,0.0,0.0,0,0,0,0.0,,,0.0,0.0,0.0,INT,,,,,0.0,0.0,0.0,0
261137,0.0,0.0,0.0,0.0,0.0,0.0,udp,0.0,,cs0,,63.0,,1.0,,Start,1,1,0,42,42,0,42.0,0.0,0.0,0.0,0.0,0,0,0,0.0,,,0.0,0.0,0.0,INT,,,,,0.0,0.0,0.0,0
261239,0.0,0.0,0.0,0.0,0.0,0.0,udp,0.0,,cs0,,63.0,,1.0,,Start,1,1,0,42,42,0,42.0,0.0,0.0,0.0,0.0,0,0,0,0.0,,,0.0,0.0,0.0,INT,,,,,0.0,0.0,0.0,0
261311,2.690216,2.690216,2.690216,2.690216,2.690216,2.690216,udp,0.0,,cs0,,63.0,,1.0,,Start,2,2,0,84,84,0,42.0,0.0,124.897034,124.897034,0.0,0,0,0,0.0,,,0.371717,0.371717,0.0,INT,,,,,0.0,0.0,0.0,0
261446,2.685235,2.685235,2.685235,2.685235,2.685235,2.685235,udp,0.0,,cs0,,63.0,,1.0,,Start,2,2,0,84,84,0,42.0,0.0,125.128716,125.128716,0.0,0,0,0,0.0,,,0.372407,0.372407,0.0,INT,,,,,0.0,0.0,0.0,0
261466,0.0,0.0,0.0,0.0,0.0,0.0,udp,0.0,,cs0,,63.0,,1.0,,Start,1,1,0,42,42,0,42.0,0.0,0.0,0.0,0.0,0,0,0,0.0,,,0.0,0.0,0.0,INT,,,,,0.0,0.0,0.0,0
261480,2.687632,2.687632,2.687632,2.687632,2.687632,2.687632,udp,0.0,,cs0,,63.0,,1.0,,Start,2,2,0,84,84,0,42.0,0.0,125.017113,125.017113,0.0,0,0,0,0.0,,,0.372075,0.372075,0.0,INT,,,,,0.0,0.0,0.0,0
261489,2.688777,2.688777,2.688777,2.688777,2.688777,2.688777,udp,0.0,,cs0,,63.0,,1.0,,Start,2,2,0,84,84,0,42.0,0.0,124.963882,124.963882,0.0,0,0,0,0.0,,,0.371916,0.371916,0.0,INT,,,,,0.0,0.0,0.0,0
261617,2.68533,2.68533,2.68533,2.68533,2.68533,2.68533,udp,0.0,,cs0,,63.0,,1.0,,Start,2,2,0,84,84,0,42.0,0.0,125.12429,125.12429,0.0,0,0,0,0.0,,,0.372394,0.372394,0.0,INT,,,,,0.0,0.0,0.0,0
261622,2.685315,2.685315,2.685315,2.685315,2.685315,2.685315,udp,0.0,,cs0,,63.0,,1.0,,Start,2,2,0,84,84,0,42.0,0.0,125.124992,125.124992,0.0,0,0,0,0.0,,,0.372396,0.372396,0.0,INT,,,,,0.0,0.0,0.0,0
261625,0.0,0.0,0.0,0.0,0.0,0.0,udp,0.0,,cs0,,63.0,,1.0,,Start,1,1,0,42,42,0,42.0,0.0,0.0,0.0,0.0,0,0,0,0.0,,,0.0,0.0,0.0,INT,,,,,0.0,0.0,0.0,0
261680,0.0,0.0,0.0,0.0,0.0,0.0,udp,0.0,,cs0,,63.0,,1.0,,Start,1,1,0,42,42,0,42.0,0.0,0.0,0.0,0.0,0,0,0,0.0,,,0.0,0.0,0.0,INT,,,,,0.0,0.0,0.0,0
261821,2.69428,2.69428,2.69428,2.69428,2.69428,2.69428,udp,0.0,,cs0,,63.0,,1.0,,Start,2,2,0,84,84,0,42.0,0.0,124.708649,124.708649,0.0,0,0,0,0.0,,,0.371157,0.371157,0.0,INT,,,,,0.0,0.0,0.0,0
262026,0.0,0.0,0.0,0.0,0.0,0.0,udp,0.0,,cs0,,63.0,,1.0,,Start,1,1,0,42,42,0,42.0,0.0,0.0,0.0,0.0,0,0,0,0.0,,,0.0,0.0,0.0,INT,,,,,0.0,0.0,0.0,0
262059,0.0,0.0,0.0,0.0,0.0,0.0,udp,0.0,,cs0,,63.0,,1.0,,Start,1,1,0,42,42,0,42.0,0.0,0.0,0.0,0.0,0,0,0,0.0,,,0.0,0.0,0.0,INT,,,,,0.0,0.0,0.0,0
262085,0.0,0.0,0.0,0.0,0.0,0.0,udp,0.0,,cs0,,63.0,,1.0,,Start,1,1,0,42,42,0,42.0,0.0,0.0,0.0,0.0,0,0,0,0.0,,,0.0,0.0,0.0,INT,,,,,0.0,0.0,0.0,0
262086,0.0,0.0,0.0,0.0,0.0,0.0,udp,0.0,,cs0,,63.0,,1.0,,Start,1,1,0,42,42,0,42.0,0.0,0.0,0.0,0.0,0,0,0,0.0,,,0.0,0.0,0.0,INT,,,,,0.0,0.0,0.0,0
262150,0.0,0.0,0.0,0.0,0.0,0.0,udp,0.0,,cs0,,63.0,,1.0,,Start,1,1,0,42,42,0,42.0,0.0,0.0,0.0,0.0,0,0,0,0.0,,,0.0,0.0,0.0,INT,,,,,0.0,0.0,0.0,0
262152,0.0,0.0,0.0,0.0,0.0,0.0,udp,0.0,,cs0,,63.0,,1.0,,Start,1,1,0,42,42,0,42.0,0.0,0.0,0.0,0.0,0,0,0,0.0,,,0.0,0.0,0.0,INT,,,,,0.0,0.0,0.0,0
262196,2.679166,2.679166,2.679166,2.679166,2.679166,2.679166,udp,0.0,,cs0,,63.0,,1.0,,Start,2,2,0,84,84,0,42.0,0.0,125.412155,125.412155,0.0,0,0,0,0.0,,,0.37325,0.37325,0.0,INT,,,,,0.0,0.0,0.0,0
262248,2.683199,2.683199,2.683199,2.683199,2.683199,2.683199,udp,0.0,,cs0,,63.0,,1.0,,Start,2,2,0,84,84,0,42.0,0.0,125.223663,125.223663,0.0,0,0,0,0.0,,,0.372689,0.372689,0.0,INT,,,,,0.0,0.0,0.0,0
262264,2.683327,2.683327,2.683327,2.683327,2.683327,2.683327,udp,0.0,,cs0,,63.0,,1.0,,Start,2,2,0,84,84,0,42.0,0.0,125.21769,125.21769,0.0,0,0,0,0.0,,,0.372672,0.372672,0.0,INT,,,,,0.0,0.0,0.0,0
262267,0.0,0.0,0.0,0.0,0.0,0.0,udp,0.0,,cs0,,63.0,,1.0,,Start,1,1,0,42,42,0,42.0,0.0,0.0,0.0,0.0,0,0,0,0.0,,,0.0,0.0,0.0,INT,,,,,0.0,0.0,0.0,0
262349,2.674745,2.674745,2.674745,2.674745,2.674745,2.674745,udp,0.0,,cs0,,63.0,,1.0,,Start,2,2,0,84,84,0,42.0,0.0,125.619446,125.619446,0.0,0,0,0,0.0,,,0.373867,0.373867,0.0,INT,,,,,0.0,0.0,0.0,0
262455,0.0,0.0,0.0,0.0,0.0,0.0,udp,0.0,,cs0,,63.0,,1.0,,Start,1,1,0,42,42,0,42.0,0.0,0.0,0.0,0.0,0,0,0,0.0,,,0.0,0.0,0.0,INT,,,,,0.0,0.0,0.0,0
262461,0.0,0.0,0.0,0.0,0.0,0.0,udp,0.0,,cs0,,63.0,,1.0,,Start,1,1,0,42,42,0,42.0,0.0,0.0,0.0,0.0,0,0,0,0.0,,,0.0,0.0,0.0,INT,,,,,0.0,0.0,0.0,0
262472,0.0,0.0,0.0,0.0,0.0,0.0,udp,0.0,,cs0,,63.0,,1.0,,Start,1,1,0,42,42,0,42.0,0.0,0.0,0.0,0.0,0,0,0,0.0,,,0.0,0.0,0.0,INT,,,,,0.0,0.0,0.0,0
262527,2.684027,2.684027,2.684027,2.684027,2.684027,2.684027,udp,0.0,,cs0,,63.0,,1.0,,Start,2,2,0,84,84,0,42.0,0.0,125.185028,125.185028,0.0,0,0,0,0.0,,,0.372575,0.372575,0.0,INT,,,,,0.0,0.0,0.0,0
262588,0.0,0.0,0.0,0.0,0.0,0.0,udp,0.0,,cs0,,63.0,,1.0,,Start,1,1,0,42,42,0,42.0,0.0,0.0,0.0,0.0,0,0,0,0.0,,,0.0,0.0,0.0,INT,,,,,0.0,0.0,0.0,0
262614,2.676962,2.676962,2.676962,2.676962,2.676962,2.676962,udp,0.0,,cs0,,63.0,,1.0,,Start,2,2,0,84,84,0,42.0,0.0,125.515419,125.515419,0.0,0,0,0,0.0,,,0.373558,0.373558,0.0,INT,,,,,0.0,0.0,0.0,0
262628,0.0,0.0,0.0,0.0,0.0,0.0,udp,0.0,,cs0,,63.0,,1.0,,Start,1,1,0,42,42,0,42.0,0.0,0.0,0.0,0.0,0,0,0,0.0,,,0.0,0.0,0.0,INT,,,,,0.0,0.0,0.0,0
262768,2.674914,2.674914,2.674914,2.674914,2.674914,2.674914,udp,0.0,,cs0,,63.0,,1.0,,Start,2,2,0,84,84,0,42.0,0.0,125.611519,125.611519,0.0,0,0,0,0.0,,,0.373844,0.373844,0.0,INT,,,,,0.0,0.0,0.0,0
262775,2.674911,2.674911,2.674911,2.674911,2.674911,2.674911,udp,0.0,,cs0,,63.0,,1.0,,Start,2,2,0,84,84,0,42.0,0.0,125.611656,125.611656,0.0,0,0,0,0.0,,,0.373844,0.373844,0.0,INT,,,,,0.0,0.0,0.0,0
262795,0.0,0.0,0.0,0.0,0.0,0.0,udp,0.0,,cs0,,63.0,,1.0,,Start,1,1,0,42,42,0,42.0,0.0,0.0,0.0,0.0,0,0,0,0.0,,,0.0,0.0,0.0,INT,,,,,0.0,0.0,0.0,0
262903,2.668902,2.668902,2.668902,2.668902,2.668902,2.668902,udp,0.0,,cs0,,63.0,,1.0,,Start,2,2,0,84,84,0,42.0,0.0,125.89447,125.89447,0.0,0,0,0,0.0,,,0.374686,0.374686,0.0,INT,,,,,0.0,0.0,0.0,0
262922,0.0,0.0,0.0,0.0,0.0,0.0,udp,0.0,,cs0,,63.0,,1.0,,Start,1,1,0,42,42,0,42.0,0.0,0.0,0.0,0.0,0,0,0,0.0,,,0.0,0.0,0.0,INT,,,,,0.0,0.0,0.0,0
262945,2.673939,2.673939,2.673939,2.673939,2.673939,2.673939,udp,0.0,,cs0,,63.0,,1.0,,Start,2,2,0,84,84,0,42.0,0.0,125.657318,125.657318,0.0,0,0,0,0.0,,,0.37398,0.37398,0.0,INT,,,,,0.0,0.0,0.0,0
262954,2.671519,2.671519,2.671519,2.671519,2.671519,2.671519,udp,0.0,,cs0,,63.0,,1.0,,Start,2,2,0,84,84,0,42.0,0.0,125.771141,125.771141,0.0,0,0,0,0.0,,,0.374319,0.374319,0.0,INT,,,,,0.0,0.0,0.0,0
262965,2.669267,2.669267,2.669267,2.669267,2.669267,2.669267,udp,0.0,,cs0,,63.0,,1.0,,Start,2,2,0,84,84,0,42.0,0.0,125.877258,125.877258,0.0,0,0,0,0.0,,,0.374635,0.374635,0.0,INT,,,,,0.0,0.0,0.0,0
262993,0.0,0.0,0.0,0.0,0.0,0.0,udp,0.0,,cs0,,63.0,,1.0,,Start,1,1,0,42,42,0,42.0,0.0,0.0,0.0,0.0,0,0,0,0.0,,,0.0,0.0,0.0,INT,,,,,0.0,0.0,0.0,0
263013,0.0,0.0,0.0,0.0,0.0,0.0,udp,0.0,,cs0,,63.0,,1.0,,Start,1,1,0,42,42,0,42.0,0.0,0.0,0.0,0.0,0,0,0,0.0,,,0.0,0.0,0.0,INT,,,,,0.0,0.0,0.0,0
263089,0.0,0.0,0.0,0.0,0.0,0.0,udp,0.0,,cs0,,63.0,,1.0,,Start,1,1,0,42,42,0,42.0,0.0,0.0,0.0,0.0,0,0,0,0.0,,,0.0,0.0,0.0,INT,,,,,0.0,0.0,0.0,0
263154,0.0,0.0,0.0,0.0,0.0,0.0,udp,0.0,,cs0,,63.0,,1.0,,Start,1,1,0,42,42,0,42.0,0.0,0.0,0.0,0.0,0,0,0,0.0,,,0.0,0.0,0.0,INT,,,,,0.0,0.0,0.0,0
263210,0.0,0.0,0.0,0.0,0.0,0.0,udp,0.0,,cs0,,63.0,,1.0,,Start,1,1,0,42,42,0,42.0,0.0,0.0,0.0,0.0,0,0,0,0.0,,,0.0,0.0,0.0,INT,,,,,0.0,0.0,0.0,0
263221,2.666778,2.666778,2.666778,2.666778,2.666778,2.666778,udp,0.0,,cs0,,63.0,,1.0,,Start,2,2,0,84,84,0,42.0,0.0,125.994736,125.994736,0.0,0,0,0,0.0,,,0.374984,0.374984,0.0,INT,,,,,0.0,0.0,0.0,0
263288,2.666629,2.666629,2.666629,2.666629,2.666629,2.666629,udp,0.0,,cs0,,63.0,,1.0,,Start,2,2,0,84,84,0,42.0,0.0,126.001778,126.001778,0.0,0,0,0,0.0,,,0.375005,0.375005,0.0,INT,,,,,0.0,0.0,0.0,0
263292,2.66677,2.66677,2.66677,2.66677,2.66677,2.66677,udp,0.0,,cs0,,63.0,,1.0,,Start,2,2,0,84,84,0,42.0,0.0,125.995117,125.995117,0.0,0,0,0,0.0,,,0.374985,0.374985,0.0,INT,,,,,0.0,0.0,0.0,0
263309,0.0,0.0,0.0,0.0,0.0,0.0,udp,0.0,,cs0,,63.0,,1.0,,Start,1,1,0,42,42,0,42.0,0.0,0.0,0.0,0.0,0,0,0,0.0,,,0.0,0.0,0.0,INT,,,,,0.0,0.0,0.0,0
263579,2.667936,2.667936,2.667936,2.667936,2.667936,2.667936,udp,0.0,,cs0,,63.0,,1.0,,Start,2,2,0,84,84,0,42.0,0.0,125.940048,125.940048,0.0,0,0,0,0.0,,,0.374822,0.374822,0.0,INT,,,,,0.0,0.0,0.0,0
263581,2.667929,2.667929,2.667929,2.667929,2.667929,2.667929,udp,0.0,,cs0,,63.0,,1.0,,Start,2,2,0,84,84,0,42.0,0.0,125.940384,125.940384,0.0,0,0,0,0.0,,,0.374823,0.374823,0.0,INT,,,,,0.0,0.0,0.0,0
263743,0.0,0.0,0.0,0.0,0.0,0.0,udp,0.0,,cs0,,63.0,,1.0,,Start,1,1,0,42,42,0,42.0,0.0,0.0,0.0,0.0,0,0,0,0.0,,,0.0,0.0,0.0,INT,,,,,0.0,0.0,0.0,0
263753,2.667905,2.667905,2.667905,2.667905,2.667905,2.667905,udp,0.0,,cs0,,63.0,,1.0,,Start,2,2,0,84,84,0,42.0,0.0,125.941513,125.941513,0.0,0,0,0,0.0,,,0.374826,0.374826,0.0,INT,,,,,0.0,0.0,0.0,0
263762,0.0,0.0,0.0,0.0,0.0,0.0,udp,0.0,,cs0,,63.0,,1.0,,Start,1,1,0,42,42,0,42.0,0.0,0.0,0.0,0.0,0,0,0,0.0,,,0.0,0.0,0.0,INT,,,,,0.0,0.0,0.0,0
263772,0.0,0.0,0.0,0.0,0.0,0.0,udp,0.0,,cs0,,63.0,,1.0,,Start,1,1,0,42,42,0,42.0,0.0,0.0,0.0,0.0,0,0,0,0.0,,,0.0,0.0,0.0,INT,,,,,0.0,0.0,0.0,0
263774,0.0,0.0,0.0,0.0,0.0,0.0,udp,0.0,,cs0,,63.0,,1.0,,Start,1,1,0,42,42,0,42.0,0.0,0.0,0.0,0.0,0,0,0,0.0,,,0.0,0.0,0.0,INT,,,,,0.0,0.0,0.0,0
263804,0.0,0.0,0.0,0.0,0.0,0.0,udp,0.0,,cs0,,63.0,,1.0,,Start,1,1,0,42,42,0,42.0,0.0,0.0,0.0,0.0,0,0,0,0.0,,,0.0,0.0,0.0,INT,,,,,0.0,0.0,0.0,0
263807,0.0,0.0,0.0,0.0,0.0,0.0,udp,0.0,,cs0,,63.0,,1.0,,Start,1,1,0,42,42,0,42.0,0.0,0.0,0.0,0.0,0,0,0,0.0,,,0.0,0.0,0.0,INT,,,,,0.0,0.0,0.0,0
263814,0.0,0.0,0.0,0.0,0.0,0.0,udp,0.0,,cs0,,63.0,,1.0,,Start,1,1,0,42,42,0,42.0,0.0,0.0,0.0,0.0,0,0,0,0.0,,,0.0,0.0,0.0,INT,,,,,0.0,0.0,0.0,0
263815,0.0,0.0,0.0,0.0,0.0,0.0,udp,0.0,,cs0,,63.0,,1.0,,Start,1,1,0,42,42,0,42.0,0.0,0.0,0.0,0.0,0,0,0,0.0,,,0.0,0.0,0.0,INT,,,,,0.0,0.0,0.0,0
263846,0.0,0.0,0.0,0.0,0.0,0.0,udp,0.0,,cs0,,63.0,,1.0,,Start,1,1,0,42,42,0,42.0,0.0,0.0,0.0,0.0,0,0,0,0.0,,,0.0,0.0,0.0,INT,,,,,0.0,0.0,0.0,0
263848,0.0,0.0,0.0,0.0,0.0,0.0,udp,0.0,,cs0,,63.0,,1.0,,Start,1,1,0,42,42,0,42.0,0.0,0.0,0.0,0.0,0,0,0,0.0,,,0.0,0.0,0.0,INT,,,,,0.0,0.0,0.0,0
263850,0.0,0.0,0.0,0.0,0.0,0.0,udp,0.0,,cs0,,63.0,,1.0,,Start,1,1,0,42,42,0,42.0,0.0,0.0,0.0,0.0,0,0,0,0.0,,,0.0,0.0,0.0,INT,,,,,0.0,0.0,0.0,0
263874,0.0,0.0,0.0,0.0,0.0,0.0,udp,0.0,,cs0,,63.0,,1.0,,Start,1,1,0,42,42,0,42.0,0.0,0.0,0.0,0.0,0,0,0,0.0,,,0.0,0.0,0.0,INT,,,,,0.0,0.0,0.0,0
263894,2.657083,2.657083,2.657083,2.657083,2.657083,2.657083,udp,0.0,,cs0,,63.0,,1.0,,Start,2,2,0,84,84,0,42.0,0.0,126.45446,126.45446,0.0,0,0,0,0.0,,,0.376353,0.376353,0.0,INT,,,,,0.0,0.0,0.0,0
263938,0.0,0.0,0.0,0.0,0.0,0.0,udp,0.0,,cs0,,63.0,,1.0,,Start,1,1,0,42,42,0,42.0,0.0,0.0,0.0,0.0,0,0,0,0.0,,,0.0,0.0,0.0,INT,,,,,0.0,0.0,0.0,0
263940,2.659875,2.659875,2.659875,2.659875,2.659875,2.659875,udp,0.0,,cs0,,63.0,,1.0,,Start,2,2,0,84,84,0,42.0,0.0,126.321732,126.321732,0.0,0,0,0,0.0,,,0.375958,0.375958,0.0,INT,,,,,0.0,0.0,0.0,0
264148,0.0,0.0,0.0,0.0,0.0,0.0,udp,0.0,,cs0,,63.0,,1.0,,Start,1,1,0,42,42,0,42.0,0.0,0.0,0.0,0.0,0,0,0,0.0,,,0.0,0.0,0.0,INT,,,,,0.0,0.0,0.0,0
264163,0.0,0.0,0.0,0.0,0.0,0.0,udp,0.0,,cs0,,63.0,,1.0,,Start,1,1,0,42,42,0,42.0,0.0,0.0,0.0,0.0,0,0,0,0.0,,,0.0,0.0,0.0,INT,,,,,0.0,0.0,0.0,0
264259,0.0,0.0,0.0,0.0,0.0,0.0,udp,0.0,,cs0,,63.0,,1.0,,Start,1,1,0,42,42,0,42.0,0.0,0.0,0.0,0.0,0,0,0,0.0,,,0.0,0.0,0.0,INT,,,,,0.0,0.0,0.0,0
264268,2.657879,2.657879,2.657879,2.657879,2.657879,2.657879,udp,0.0,,cs0,,63.0,,1.0,,Start,2,2,0,84,84,0,42.0,0.0,126.416588,126.416588,0.0,0,0,0,0.0,,,0.37624,0.37624,0.0,INT,,,,,0.0,0.0,0.0,0
264269,2.657879,2.657879,2.657879,2.657879,2.657879,2.657879,udp,0.0,,cs0,,63.0,,1.0,,Start,2,2,0,84,84,0,42.0,0.0,126.416588,126.416588,0.0,0,0,0,0.0,,,0.37624,0.37624,0.0,INT,,,,,0.0,0.0,0.0,0
264283,2.660852,2.660852,2.660852,2.660852,2.660852,2.660852,udp,0.0,,cs0,,63.0,,1.0,,Start,2,2,0,84,84,0,42.0,0.0,126.275345,126.275345,0.0,0,0,0,0.0,,,0.375819,0.375819,0.0,INT,,,,,0.0,0.0,0.0,0
264403,2.651982,2.651982,2.651982,2.651982,2.651982,2.651982,udp,0.0,,cs0,,63.0,,1.0,,Start,2,2,0,84,84,0,42.0,0.0,126.697693,126.697693,0.0,0,0,0,0.0,,,0.377076,0.377076,0.0,INT,,,,,0.0,0.0,0.0,0
264468,0.0,0.0,0.0,0.0,0.0,0.0,udp,0.0,,cs0,,63.0,,1.0,,Start,1,1,0,42,42,0,42.0,0.0,0.0,0.0,0.0,0,0,0,0.0,,,0.0,0.0,0.0,INT,,,,,0.0,0.0,0.0,0
264471,0.0,0.0,0.0,0.0,0.0,0.0,udp,0.0,,cs0,,63.0,,1.0,,Start,1,1,0,42,42,0,42.0,0.0,0.0,0.0,0.0,0,0,0,0.0,,,0.0,0.0,0.0,INT,,,,,0.0,0.0,0.0,0
264498,0.0,0.0,0.0,0.0,0.0,0.0,udp,0.0,,cs0,,63.0,,1.0,,Start,1,1,0,42,42,0,42.0,0.0,0.0,0.0,0.0,0,0,0,0.0,,,0.0,0.0,0.0,INT,,,,,0.0,0.0,0.0,0
264511,2.652632,2.652632,2.652632,2.652632,2.652632,2.652632,udp,0.0,,cs0,,63.0,,1.0,,Start,2,2,0,84,84,0,42.0,0.0,126.666649,126.666649,0.0,0,0,0,0.0,,,0.376984,0.376984,0.0,INT,,,,,0.0,0.0,0.0,0
264538,0.0,0.0,0.0,0.0,0.0,0.0,udp,0.0,,cs0,,63.0,,1.0,,Start,1,1,0,42,42,0,42.0,0.0,0.0,0.0,0.0,0,0,0,0.0,,,0.0,0.0,0.0,INT,,,,,0.0,0.0,0.0,0
264540,0.0,0.0,0.0,0.0,0.0,0.0,udp,0.0,,cs0,,63.0,,1.0,,Start,1,1,0,42,42,0,42.0,0.0,0.0,0.0,0.0,0,0,0,0.0,,,0.0,0.0,0.0,INT,,,,,0.0,0.0,0.0,0
264570,2.660061,2.660061,2.660061,2.660061,2.660061,2.660061,udp,0.0,,cs0,,63.0,,1.0,,Start,2,2,0,84,84,0,42.0,0.0,126.312897,126.312897,0.0,0,0,0,0.0,,,0.375931,0.375931,0.0,INT,,,,,0.0,0.0,0.0,0
264632,0.0,0.0,0.0,0.0,0.0,0.0,udp,0.0,,cs0,,63.0,,1.0,,Start,1,1,0,42,42,0,42.0,0.0,0.0,0.0,0.0,0,0,0,0.0,,,0.0,0.0,0.0,INT,,,,,0.0,0.0,0.0,0
264679,0.0,0.0,0.0,0.0,0.0,0.0,udp,0.0,,cs0,,63.0,,1.0,,Start,1,1,0,42,42,0,42.0,0.0,0.0,0.0,0.0,0,0,0,0.0,,,0.0,0.0,0.0,INT,,,,,0.0,0.0,0.0,0
264691,2.652913,2.652913,2.652913,2.652913,2.652913,2.652913,udp,0.0,,cs0,,63.0,,1.0,,Start,2,2,0,84,84,0,42.0,0.0,126.653229,126.653229,0.0,0,0,0,0.0,,,0.376944,0.376944,0.0,INT,,,,,0.0,0.0,0.0,0
264710,0.0,0.0,0.0,0.0,0.0,0.0,udp,0.0,,cs0,,63.0,,1.0,,Start,1,1,0,42,42,0,42.0,0.0,0.0,0.0,0.0,0,0,0,0.0,,,0.0,0.0,0.0,INT,,,,,0.0,0.0,0.0,0
264719,0.0,0.0,0.0,0.0,0.0,0.0,udp,0.0,,cs0,,63.0,,1.0,,Start,1,1,0,42,42,0,42.0,0.0,0.0,0.0,0.0,0,0,0,0.0,,,0.0,0.0,0.0,INT,,,,,0.0,0.0,0.0,0
264727,0.0,0.0,0.0,0.0,0.0,0.0,udp,0.0,,cs0,,63.0,,1.0,,Start,1,1,0,42,42,0,42.0,0.0,0.0,0.0,0.0,0,0,0,0.0,,,0.0,0.0,0.0,INT,,,,,0.0,0.0,0.0,0
264778,2.653007,2.653007,2.653007,2.653007,2.653007,2.653007,udp,0.0,,cs0,,63.0,,1.0,,Start,2,2,0,84,84,0,42.0,0.0,126.648743,126.648743,0.0,0,0,0,0.0,,,0.376931,0.376931,0.0,INT,,,,,0.0,0.0,0.0,0
264782,2.653009,2.653009,2.653009,2.653009,2.653009,2.653009,udp,0.0,,cs0,,63.0,,1.0,,Start,2,2,0,84,84,0,42.0,0.0,126.648651,126.648651,0.0,0,0,0,0.0,,,0.376931,0.376931,0.0,INT,,,,,0.0,0.0,0.0,0
264899,2.646054,2.646054,2.646054,2.646054,2.646054,2.646054,udp,0.0,,cs0,,63.0,,1.0,,Start,2,2,0,84,84,0,42.0,0.0,126.981537,126.981537,0.0,0,0,0,0.0,,,0.377921,0.377921,0.0,INT,,,,,0.0,0.0,0.0,0
264907,2.646027,2.646027,2.646027,2.646027,2.646027,2.646027,udp,0.0,,cs0,,63.0,,1.0,,Start,2,2,0,84,84,0,42.0,0.0,126.982826,126.982826,0.0,0,0,0,0.0,,,0.377925,0.377925,0.0,INT,,,,,0.0,0.0,0.0,0
264965,0.0,0.0,0.0,0.0,0.0,0.0,udp,0.0,,cs0,,63.0,,1.0,,Start,1,1,0,42,42,0,42.0,0.0,0.0,0.0,0.0,0,0,0,0.0,,,0.0,0.0,0.0,INT,,,,,0.0,0.0,0.0,0
264974,2.651796,2.651796,2.651796,2.651796,2.651796,2.651796,udp,0.0,,cs0,,63.0,,1.0,,Start,2,2,0,84,84,0,42.0,0.0,126.706573,126.706573,0.0,0,0,0,0.0,,,0.377103,0.377103,0.0,INT,,,,,0.0,0.0,0.0,0
264998,0.0,0.0,0.0,0.0,0.0,0.0,udp,0.0,,cs0,,63.0,,1.0,,Start,1,1,0,42,42,0,42.0,0.0,0.0,0.0,0.0,0,0,0,0.0,,,0.0,0.0,0.0,INT,,,,,0.0,0.0,0.0,0
265006,0.0,0.0,0.0,0.0,0.0,0.0,udp,0.0,,cs0,,63.0,,1.0,,Start,1,1,0,42,42,0,42.0,0.0,0.0,0.0,0.0,0,0,0,0.0,,,0.0,0.0,0.0,INT,,,,,0.0,0.0,0.0,0
265018,2.645671,2.645671,2.645671,2.645671,2.645671,2.645671,udp,0.0,,cs0,,63.0,,1.0,,Start,2,2,0,84,84,0,42.0,0.0,126.999924,126.999924,0.0,0,0,0,0.0,,,0.377976,0.377976,0.0,INT,,,,,0.0,0.0,0.0,0
265021,2.646658,2.646658,2.646658,2.646658,2.646658,2.646658,udp,0.0,,cs0,,63.0,,1.0,,Start,2,2,0,84,84,0,42.0,0.0,126.95256,126.95256,0.0,0,0,0,0.0,,,0.377835,0.377835,0.0,INT,,,,,0.0,0.0,0.0,0
265050,0.0,0.0,0.0,0.0,0.0,0.0,udp,0.0,,cs0,,63.0,,1.0,,Start,1,1,0,42,42,0,42.0,0.0,0.0,0.0,0.0,0,0,0,0.0,,,0.0,0.0,0.0,INT,,,,,0.0,0.0,0.0,0
265056,0.0,0.0,0.0,0.0,0.0,0.0,udp,0.0,,cs0,,63.0,,1.0,,Start,1,1,0,42,42,0,42.0,0.0,0.0,0.0,0.0,0,0,0,0.0,,,0.0,0.0,0.0,INT,,,,,0.0,0.0,0.0,0
265074,2.646299,2.646299,2.646299,2.646299,2.646299,2.646299,udp,0.0,,cs0,,63.0,,1.0,,Start,2,2,0,84,84,0,42.0,0.0,126.969788,126.969788,0.0,0,0,0,0.0,,,0.377886,0.377886,0.0,INT,,,,,0.0,0.0,0.0,0
265080,0.0,0.0,0.0,0.0,0.0,0.0,udp,0.0,,cs0,,63.0,,1.0,,Start,1,1,0,42,42,0,42.0,0.0,0.0,0.0,0.0,0,0,0,0.0,,,0.0,0.0,0.0,INT,,,,,0.0,0.0,0.0,0
265089,0.0,0.0,0.0,0.0,0.0,0.0,udp,0.0,,cs0,,63.0,,1.0,,Start,1,1,0,42,42,0,42.0,0.0,0.0,0.0,0.0,0,0,0,0.0,,,0.0,0.0,0.0,INT,,,,,0.0,0.0,0.0,0
265125,2.647777,2.647777,2.647777,2.647777,2.647777,2.647777,udp,0.0,,cs0,,63.0,,1.0,,Start,2,2,0,84,84,0,42.0,0.0,126.898903,126.898903,0.0,0,0,0,0.0,,,0.377675,0.377675,0.0,INT,,,,,0.0,0.0,0.0,0
265145,2.646952,2.646952,2.646952,2.646952,2.646952,2.646952,udp,0.0,,cs0,,63.0,,1.0,,Start,2,2,0,84,84,0,42.0,0.0,126.938461,126.938461,0.0,0,0,0,0.0,,,0.377793,0.377793,0.0,INT,,,,,0.0,0.0,0.0,0
265188,2.651836,2.651836,2.651836,2.651836,2.651836,2.651836,udp,0.0,,cs0,,63.0,,1.0,,Start,2,2,0,84,84,0,42.0,0.0,126.704674,126.704674,0.0,0,0,0,0.0,,,0.377097,0.377097,0.0,INT,,,,,0.0,0.0,0.0,0
265207,0.0,0.0,0.0,0.0,0.0,0.0,udp,0.0,,cs0,,63.0,,1.0,,Start,1,1,0,42,42,0,42.0,0.0,0.0,0.0,0.0,0,0,0,0.0,,,0.0,0.0,0.0,INT,,,,,0.0,0.0,0.0,0
265321,0.0,0.0,0.0,0.0,0.0,0.0,udp,0.0,,cs0,,63.0,,1.0,,Start,1,1,0,42,42,0,42.0,0.0,0.0,0.0,0.0,0,0,0,0.0,,,0.0,0.0,0.0,INT,,,,,0.0,0.0,0.0,0
265361,2.643712,2.643712,2.643712,2.643712,2.643712,2.643712,udp,0.0,,cs0,,63.0,,1.0,,Start,2,2,0,84,84,0,42.0,0.0,127.094025,127.094025,0.0,0,0,0,0.0,,,0.378256,0.378256,0.0,INT,,,,,0.0,0.0,0.0,0
265398,2.643727,2.643727,2.643727,2.643727,2.643727,2.643727,udp,0.0,,cs0,,63.0,,1.0,,Start,2,2,0,84,84,0,42.0,0.0,127.0933,127.0933,0.0,0,0,0,0.0,,,0.378254,0.378254,0.0,INT,,,,,0.0,0.0,0.0,0
265422,0.0,0.0,0.0,0.0,0.0,0.0,udp,0.0,,cs0,,63.0,,1.0,,Start,1,1,0,42,42,0,42.0,0.0,0.0,0.0,0.0,0,0,0,0.0,,,0.0,0.0,0.0,INT,,,,,0.0,0.0,0.0,0
265555,0.0,0.0,0.0,0.0,0.0,0.0,udp,0.0,,cs0,,63.0,,1.0,,Start,1,1,0,42,42,0,42.0,0.0,0.0,0.0,0.0,0,0,0,0.0,,,0.0,0.0,0.0,INT,,,,,0.0,0.0,0.0,0
265566,2.643928,2.643928,2.643928,2.643928,2.643928,2.643928,udp,0.0,,cs0,,63.0,,1.0,,Start,2,2,0,84,84,0,42.0,0.0,127.083641,127.083641,0.0,0,0,0,0.0,,,0.378225,0.378225,0.0,INT,,,,,0.0,0.0,0.0,0
265569,2.643927,2.643927,2.643927,2.643927,2.643927,2.643927,udp,0.0,,cs0,,63.0,,1.0,,Start,2,2,0,84,84,0,42.0,0.0,127.083687,127.083687,0.0,0,0,0,0.0,,,0.378225,0.378225,0.0,INT,,,,,0.0,0.0,0.0,0
265614,2.6439,2.6439,2.6439,2.6439,2.6439,2.6439,udp,0.0,,cs0,,63.0,,1.0,,Start,2,2,0,84,84,0,42.0,0.0,127.084991,127.084991,0.0,0,0,0,0.0,,,0.378229,0.378229,0.0,INT,,,,,0.0,0.0,0.0,0
265674,0.0,0.0,0.0,0.0,0.0,0.0,udp,0.0,,cs0,,63.0,,1.0,,Start,1,1,0,42,42,0,42.0,0.0,0.0,0.0,0.0,0,0,0,0.0,,,0.0,0.0,0.0,INT,,,,,0.0,0.0,0.0,0
265683,2.645915,2.645915,2.645915,2.645915,2.645915,2.645915,udp,0.0,,cs0,,63.0,,1.0,,Start,2,2,0,84,84,0,42.0,0.0,126.988205,126.988205,0.0,0,0,0,0.0,,,0.377941,0.377941,0.0,INT,,,,,0.0,0.0,0.0,0
265722,2.63927,2.63927,2.63927,2.63927,2.63927,2.63927,udp,0.0,,cs0,,63.0,,1.0,,Start,2,2,0,84,84,0,42.0,0.0,127.30793,127.30793,0.0,0,0,0,0.0,,,0.378893,0.378893,0.0,INT,,,,,0.0,0.0,0.0,0
265734,2.6372,2.6372,2.6372,2.6372,2.6372,2.6372,udp,0.0,,cs0,,63.0,,1.0,,Start,2,2,0,84,84,0,42.0,0.0,127.407852,127.407852,0.0,0,0,0,0.0,,,0.37919,0.37919,0.0,INT,,,,,0.0,0.0,0.0,0
265737,2.6372,2.6372,2.6372,2.6372,2.6372,2.6372,udp,0.0,,cs0,,63.0,,1.0,,Start,2,2,0,84,84,0,42.0,0.0,127.407852,127.407852,0.0,0,0,0,0.0,,,0.37919,0.37919,0.0,INT,,,,,0.0,0.0,0.0,0
265801,2.640117,2.640117,2.640117,2.640117,2.640117,2.640117,udp,0.0,,cs0,,63.0,,1.0,,Start,2,2,0,84,84,0,42.0,0.0,127.26709,127.26709,0.0,0,0,0,0.0,,,0.378771,0.378771,0.0,INT,,,,,0.0,0.0,0.0,0
265861,2.642582,2.642582,2.642582,2.642582,2.642582,2.642582,udp,0.0,,cs0,,63.0,,1.0,,Start,2,2,0,84,84,0,42.0,0.0,127.148376,127.148376,0.0,0,0,0,0.0,,,0.378418,0.378418,0.0,INT,,,,,0.0,0.0,0.0,0
265871,2.643214,2.643214,2.643214,2.643214,2.643214,2.643214,udp,0.0,,cs0,,63.0,,1.0,,Start,2,2,0,84,84,0,42.0,0.0,127.117973,127.117973,0.0,0,0,0,0.0,,,0.378327,0.378327,0.0,INT,,,,,0.0,0.0,0.0,0
265873,2.642218,2.642218,2.642218,2.642218,2.642218,2.642218,udp,0.0,,cs0,,63.0,,1.0,,Start,2,2,0,84,84,0,42.0,0.0,127.165886,127.165886,0.0,0,0,0,0.0,,,0.37847,0.37847,0.0,INT,,,,,0.0,0.0,0.0,0
265888,2.638968,2.638968,2.638968,2.638968,2.638968,2.638968,udp,0.0,,cs0,,63.0,,1.0,,Start,2,2,0,84,84,0,42.0,0.0,127.322502,127.322502,0.0,0,0,0,0.0,,,0.378936,0.378936,0.0,INT,,,,,0.0,0.0,0.0,0
265926,0.0,0.0,0.0,0.0,0.0,0.0,udp,0.0,,cs0,,63.0,,1.0,,Start,1,1,0,42,42,0,42.0,0.0,0.0,0.0,0.0,0,0,0,0.0,,,0.0,0.0,0.0,INT,,,,,0.0,0.0,0.0,0
265972,2.636052,2.636052,2.636052,2.636052,2.636052,2.636052,udp,0.0,,cs0,,63.0,,1.0,,Start,2,2,0,84,84,0,42.0,0.0,127.463348,127.463348,0.0,0,0,0,0.0,,,0.379355,0.379355,0.0,INT,,,,,0.0,0.0,0.0,0
265988,0.0,0.0,0.0,0.0,0.0,0.0,udp,0.0,,cs0,,63.0,,1.0,,Start,1,1,0,42,42,0,42.0,0.0,0.0,0.0,0.0,0,0,0,0.0,,,0.0,0.0,0.0,INT,,,,,0.0,0.0,0.0,0
266005,2.636003,2.636003,2.636003,2.636003,2.636003,2.636003,udp,0.0,,cs0,,63.0,,1.0,,Start,2,2,0,84,84,0,42.0,0.0,127.465714,127.465714,0.0,0,0,0,0.0,,,0.379362,0.379362,0.0,INT,,,,,0.0,0.0,0.0,0
266019,2.635949,2.635949,2.635949,2.635949,2.635949,2.635949,udp,0.0,,cs0,,63.0,,1.0,,Start,2,2,0,84,84,0,42.0,0.0,127.46833,127.46833,0.0,0,0,0,0.0,,,0.37937,0.37937,0.0,INT,,,,,0.0,0.0,0.0,0
266034,0.0,0.0,0.0,0.0,0.0,0.0,udp,0.0,,cs0,,63.0,,1.0,,Start,1,1,0,42,42,0,42.0,0.0,0.0,0.0,0.0,0,0,0,0.0,,,0.0,0.0,0.0,INT,,,,,0.0,0.0,0.0,0
266069,2.637962,2.637962,2.637962,2.637962,2.637962,2.637962,udp,0.0,,cs0,,63.0,,1.0,,Start,2,2,0,84,84,0,42.0,0.0,127.371048,127.371048,0.0,0,0,0,0.0,,,0.379081,0.379081,0.0,INT,,,,,0.0,0.0,0.0,0
266110,0.0,0.0,0.0,0.0,0.0,0.0,udp,0.0,,cs0,,63.0,,1.0,,Start,1,1,0,42,42,0,42.0,0.0,0.0,0.0,0.0,0,0,0,0.0,,,0.0,0.0,0.0,INT,,,,,0.0,0.0,0.0,0
266162,0.0,0.0,0.0,0.0,0.0,0.0,udp,0.0,,cs0,,63.0,,1.0,,Start,1,1,0,42,42,0,42.0,0.0,0.0,0.0,0.0,0,0,0,0.0,,,0.0,0.0,0.0,INT,,,,,0.0,0.0,0.0,0
266248,2.637063,2.637063,2.637063,2.637063,2.637063,2.637063,udp,0.0,,cs0,,63.0,,1.0,,Start,2,2,0,84,84,0,42.0,0.0,127.414474,127.414474,0.0,0,0,0,0.0,,,0.37921,0.37921,0.0,INT,,,,,0.0,0.0,0.0,0
266310,0.0,0.0,0.0,0.0,0.0,0.0,udp,0.0,,cs0,,63.0,,1.0,,Start,1,1,0,42,42,0,42.0,0.0,0.0,0.0,0.0,0,0,0,0.0,,,0.0,0.0,0.0,INT,,,,,0.0,0.0,0.0,0
266348,0.0,0.0,0.0,0.0,0.0,0.0,udp,0.0,,cs0,,63.0,,1.0,,Start,1,1,0,42,42,0,42.0,0.0,0.0,0.0,0.0,0,0,0,0.0,,,0.0,0.0,0.0,INT,,,,,0.0,0.0,0.0,0
266355,0.0,0.0,0.0,0.0,0.0,0.0,udp,0.0,,cs0,,63.0,,1.0,,Start,1,1,0,42,42,0,42.0,0.0,0.0,0.0,0.0,0,0,0,0.0,,,0.0,0.0,0.0,INT,,,,,0.0,0.0,0.0,0
266367,2.634796,2.634796,2.634796,2.634796,2.634796,2.634796,udp,0.0,,cs0,,63.0,,1.0,,Start,2,2,0,84,84,0,42.0,0.0,127.524109,127.524109,0.0,0,0,0,0.0,,,0.379536,0.379536,0.0,INT,,,,,0.0,0.0,0.0,0
266509,0.0,0.0,0.0,0.0,0.0,0.0,udp,0.0,,cs0,,63.0,,1.0,,Start,1,1,0,42,42,0,42.0,0.0,0.0,0.0,0.0,0,0,0,0.0,,,0.0,0.0,0.0,INT,,,,,0.0,0.0,0.0,0
266565,0.0,0.0,0.0,0.0,0.0,0.0,udp,0.0,,cs0,,63.0,,1.0,,Start,1,1,0,42,42,0,42.0,0.0,0.0,0.0,0.0,0,0,0,0.0,,,0.0,0.0,0.0,INT,,,,,0.0,0.0,0.0,0
266607,0.0,0.0,0.0,0.0,0.0,0.0,udp,0.0,,cs0,,63.0,,1.0,,Start,1,1,0,42,42,0,42.0,0.0,0.0,0.0,0.0,0,0,0,0.0,,,0.0,0.0,0.0,INT,,,,,0.0,0.0,0.0,0
266626,0.0,0.0,0.0,0.0,0.0,0.0,udp,0.0,,cs0,,63.0,,1.0,,Start,1,1,0,42,42,0,42.0,0.0,0.0,0.0,0.0,0,0,0,0.0,,,0.0,0.0,0.0,INT,,,,,0.0,0.0,0.0,0
266920,0.0,0.0,0.0,0.0,0.0,0.0,udp,0.0,,cs0,,63.0,,1.0,,Start,1,1,0,42,42,0,42.0,0.0,0.0,0.0,0.0,0,0,0,0.0,,,0.0,0.0,0.0,INT,,,,,0.0,0.0,0.0,0
267014,0.0,0.0,0.0,0.0,0.0,0.0,udp,0.0,,cs0,,63.0,,1.0,,Start,1,1,0,42,42,0,42.0,0.0,0.0,0.0,0.0,0,0,0,0.0,,,0.0,0.0,0.0,INT,,,,,0.0,0.0,0.0,0
267060,0.0,0.0,0.0,0.0,0.0,0.0,udp,0.0,,cs0,,63.0,,1.0,,Start,1,1,0,42,42,0,42.0,0.0,0.0,0.0,0.0,0,0,0,0.0,,,0.0,0.0,0.0,INT,,,,,0.0,0.0,0.0,0
267069,2.623896,2.623896,2.623896,2.623896,2.623896,2.623896,udp,0.0,,cs0,,63.0,,1.0,,Start,2,2,0,84,84,0,42.0,0.0,128.053864,128.053864,0.0,0,0,0,0.0,,,0.381113,0.381113,0.0,INT,,,,,0.0,0.0,0.0,0
267077,0.0,0.0,0.0,0.0,0.0,0.0,udp,0.0,,cs0,,63.0,,1.0,,Start,1,1,0,42,42,0,42.0,0.0,0.0,0.0,0.0,0,0,0,0.0,,,0.0,0.0,0.0,INT,,,,,0.0,0.0,0.0,0
267131,0.0,0.0,0.0,0.0,0.0,0.0,udp,0.0,,cs0,,63.0,,1.0,,Start,1,1,0,42,42,0,42.0,0.0,0.0,0.0,0.0,0,0,0,0.0,,,0.0,0.0,0.0,INT,,,,,0.0,0.0,0.0,0
267247,2.620952,2.620952,2.620952,2.620952,2.620952,2.620952,udp,0.0,,cs0,,63.0,,1.0,,Start,2,2,0,84,84,0,42.0,0.0,128.197693,128.197693,0.0,0,0,0,0.0,,,0.381541,0.381541,0.0,INT,,,,,0.0,0.0,0.0,0
267342,0.0,0.0,0.0,0.0,0.0,0.0,udp,0.0,,cs0,,63.0,,1.0,,Start,1,1,0,42,42,0,42.0,0.0,0.0,0.0,0.0,0,0,0,0.0,,,0.0,0.0,0.0,INT,,,,,0.0,0.0,0.0,0
267386,2.620737,2.620737,2.620737,2.620737,2.620737,2.620737,udp,0.0,,cs0,,63.0,,1.0,,Start,2,2,0,84,84,0,42.0,0.0,128.208206,128.208206,0.0,0,0,0,0.0,,,0.381572,0.381572,0.0,INT,,,,,0.0,0.0,0.0,0
267429,0.0,0.0,0.0,0.0,0.0,0.0,udp,0.0,,cs0,,63.0,,1.0,,Start,1,1,0,42,42,0,42.0,0.0,0.0,0.0,0.0,0,0,0,0.0,,,0.0,0.0,0.0,INT,,,,,0.0,0.0,0.0,0
267434,0.0,0.0,0.0,0.0,0.0,0.0,udp,0.0,,cs0,,63.0,,1.0,,Start,1,1,0,42,42,0,42.0,0.0,0.0,0.0,0.0,0,0,0,0.0,,,0.0,0.0,0.0,INT,,,,,0.0,0.0,0.0,0
267458,2.619976,2.619976,2.619976,2.619976,2.619976,2.619976,udp,0.0,,cs0,,63.0,,1.0,,Start,2,2,0,84,84,0,42.0,0.0,128.245453,128.245453,0.0,0,0,0,0.0,,,0.381683,0.381683,0.0,INT,,,,,0.0,0.0,0.0,0
267462,0.0,0.0,0.0,0.0,0.0,0.0,udp,0.0,,cs0,,63.0,,1.0,,Start,1,1,0,42,42,0,42.0,0.0,0.0,0.0,0.0,0,0,0,0.0,,,0.0,0.0,0.0,INT,,,,,0.0,0.0,0.0,0
267526,2.61779,2.61779,2.61779,2.61779,2.61779,2.61779,udp,0.0,,cs0,,63.0,,1.0,,Start,2,2,0,84,84,0,42.0,0.0,128.352539,128.352539,0.0,0,0,0,0.0,,,0.382002,0.382002,0.0,INT,,,,,0.0,0.0,0.0,0
267555,0.0,0.0,0.0,0.0,0.0,0.0,udp,0.0,,cs0,,63.0,,1.0,,Start,1,1,0,42,42,0,42.0,0.0,0.0,0.0,0.0,0,0,0,0.0,,,0.0,0.0,0.0,INT,,,,,0.0,0.0,0.0,0
267558,0.0,0.0,0.0,0.0,0.0,0.0,udp,0.0,,cs0,,63.0,,1.0,,Start,1,1,0,42,42,0,42.0,0.0,0.0,0.0,0.0,0,0,0,0.0,,,0.0,0.0,0.0,INT,,,,,0.0,0.0,0.0,0
267594,0.0,0.0,0.0,0.0,0.0,0.0,udp,0.0,,cs0,,63.0,,1.0,,Start,1,1,0,42,42,0,42.0,0.0,0.0,0.0,0.0,0,0,0,0.0,,,0.0,0.0,0.0,INT,,,,,0.0,0.0,0.0,0
267596,0.0,0.0,0.0,0.0,0.0,0.0,udp,0.0,,cs0,,63.0,,1.0,,Start,1,1,0,42,42,0,42.0,0.0,0.0,0.0,0.0,0,0,0,0.0,,,0.0,0.0,0.0,INT,,,,,0.0,0.0,0.0,0
267599,0.0,0.0,0.0,0.0,0.0,0.0,udp,0.0,,cs0,,63.0,,1.0,,Start,1,1,0,42,42,0,42.0,0.0,0.0,0.0,0.0,0,0,0,0.0,,,0.0,0.0,0.0,INT,,,,,0.0,0.0,0.0,0
267602,0.0,0.0,0.0,0.0,0.0,0.0,udp,0.0,,cs0,,63.0,,1.0,,Start,1,1,0,42,42,0,42.0,0.0,0.0,0.0,0.0,0,0,0,0.0,,,0.0,0.0,0.0,INT,,,,,0.0,0.0,0.0,0
267605,2.613381,2.613381,2.613381,2.613381,2.613381,2.613381,udp,0.0,,cs0,,63.0,,1.0,,Start,2,2,0,84,84,0,42.0,0.0,128.569092,128.569092,0.0,0,0,0,0.0,,,0.382646,0.382646,0.0,INT,,,,,0.0,0.0,0.0,0
267641,0.0,0.0,0.0,0.0,0.0,0.0,udp,0.0,,cs0,,63.0,,1.0,,Start,1,1,0,42,42,0,42.0,0.0,0.0,0.0,0.0,0,0,0,0.0,,,0.0,0.0,0.0,INT,,,,,0.0,0.0,0.0,0
267654,2.613309,2.613309,2.613309,2.613309,2.613309,2.613309,udp,0.0,,cs0,,63.0,,1.0,,Start,2,2,0,84,84,0,42.0,0.0,128.572632,128.572632,0.0,0,0,0,0.0,,,0.382657,0.382657,0.0,INT,,,,,0.0,0.0,0.0,0
267713,2.607881,2.607881,2.607881,2.607881,2.607881,2.607881,udp,0.0,,cs0,,63.0,,1.0,,Start,2,2,0,84,84,0,42.0,0.0,128.840225,128.840225,0.0,0,0,0,0.0,,,0.383453,0.383453,0.0,INT,,,,,0.0,0.0,0.0,0
267723,2.607906,2.607906,2.607906,2.607906,2.607906,2.607906,udp,0.0,,cs0,,63.0,,1.0,,Start,2,2,0,84,84,0,42.0,0.0,128.838989,128.838989,0.0,0,0,0,0.0,,,0.383449,0.383449,0.0,INT,,,,,0.0,0.0,0.0,0
267727,2.607906,2.607906,2.607906,2.607906,2.607906,2.607906,udp,0.0,,cs0,,63.0,,1.0,,Start,2,2,0,84,84,0,42.0,0.0,128.838989,128.838989,0.0,0,0,0,0.0,,,0.383449,0.383449,0.0,INT,,,,,0.0,0.0,0.0,0
267760,0.0,0.0,0.0,0.0,0.0,0.0,udp,0.0,,cs0,,63.0,,1.0,,Start,1,1,0,42,42,0,42.0,0.0,0.0,0.0,0.0,0,0,0,0.0,,,0.0,0.0,0.0,INT,,,,,0.0,0.0,0.0,0
267778,2.612169,2.612169,2.612169,2.612169,2.612169,2.612169,udp,0.0,,cs0,,63.0,,1.0,,Start,2,2,0,84,84,0,42.0,0.0,128.628738,128.628738,0.0,0,0,0,0.0,,,0.382824,0.382824,0.0,INT,,,,,0.0,0.0,0.0,0
267814,0.0,0.0,0.0,0.0,0.0,0.0,udp,0.0,,cs0,,63.0,,1.0,,Start,1,1,0,42,42,0,42.0,0.0,0.0,0.0,0.0,0,0,0,0.0,,,0.0,0.0,0.0,INT,,,,,0.0,0.0,0.0,0
267818,2.616815,2.616815,2.616815,2.616815,2.616815,2.616815,udp,0.0,,cs0,,63.0,,1.0,,Start,2,2,0,84,84,0,42.0,0.0,128.40036,128.40036,0.0,0,0,0,0.0,,,0.382144,0.382144,0.0,INT,,,,,0.0,0.0,0.0,0
267819,2.616815,2.616815,2.616815,2.616815,2.616815,2.616815,udp,0.0,,cs0,,63.0,,1.0,,Start,2,2,0,84,84,0,42.0,0.0,128.40036,128.40036,0.0,0,0,0,0.0,,,0.382144,0.382144,0.0,INT,,,,,0.0,0.0,0.0,0
267841,0.0,0.0,0.0,0.0,0.0,0.0,udp,0.0,,cs0,,63.0,,1.0,,Start,1,1,0,42,42,0,42.0,0.0,0.0,0.0,0.0,0,0,0,0.0,,,0.0,0.0,0.0,INT,,,,,0.0,0.0,0.0,0
267874,2.616917,2.616917,2.616917,2.616917,2.616917,2.616917,udp,0.0,,cs0,,63.0,,1.0,,Start,2,2,0,84,84,0,42.0,0.0,128.39537,128.39537,0.0,0,0,0,0.0,,,0.382129,0.382129,0.0,INT,,,,,0.0,0.0,0.0,0
267897,2.621803,2.621803,2.621803,2.621803,2.621803,2.621803,udp,0.0,,cs0,,63.0,,1.0,,Start,2,2,0,84,84,0,42.0,0.0,128.156082,128.156082,0.0,0,0,0,0.0,,,0.381417,0.381417,0.0,INT,,,,,0.0,0.0,0.0,0
267967,0.0,0.0,0.0,0.0,0.0,0.0,udp,0.0,,cs0,,63.0,,1.0,,Start,1,1,0,42,42,0,42.0,0.0,0.0,0.0,0.0,0,0,0,0.0,,,0.0,0.0,0.0,INT,,,,,0.0,0.0,0.0,0
267981,0.0,0.0,0.0,0.0,0.0,0.0,udp,0.0,,cs0,,63.0,,1.0,,Start,1,1,0,42,42,0,42.0,0.0,0.0,0.0,0.0,0,0,0,0.0,,,0.0,0.0,0.0,INT,,,,,0.0,0.0,0.0,0
267994,2.609973,2.609973,2.609973,2.609973,2.609973,2.609973,udp,0.0,,cs0,,63.0,,1.0,,Start,2,2,0,84,84,0,42.0,0.0,128.736969,128.736969,0.0,0,0,0,0.0,,,0.383146,0.383146,0.0,INT,,,,,0.0,0.0,0.0,0
268192,2.609043,2.609043,2.609043,2.609043,2.609043,2.609043,udp,0.0,,cs0,,63.0,,1.0,,Start,2,2,0,84,84,0,42.0,0.0,128.782852,128.782852,0.0,0,0,0,0.0,,,0.383282,0.383282,0.0,INT,,,,,0.0,0.0,0.0,0
268219,0.0,0.0,0.0,0.0,0.0,0.0,udp,0.0,,cs0,,63.0,,1.0,,Start,1,1,0,42,42,0,42.0,0.0,0.0,0.0,0.0,0,0,0,0.0,,,0.0,0.0,0.0,INT,,,,,0.0,0.0,0.0,0
268223,0.0,0.0,0.0,0.0,0.0,0.0,udp,0.0,,cs0,,63.0,,1.0,,Start,1,1,0,42,42,0,42.0,0.0,0.0,0.0,0.0,0,0,0,0.0,,,0.0,0.0,0.0,INT,,,,,0.0,0.0,0.0,0
268242,0.0,0.0,0.0,0.0,0.0,0.0,udp,0.0,,cs0,,63.0,,1.0,,Start,1,1,0,42,42,0,42.0,0.0,0.0,0.0,0.0,0,0,0,0.0,,,0.0,0.0,0.0,INT,,,,,0.0,0.0,0.0,0
268245,0.0,0.0,0.0,0.0,0.0,0.0,udp,0.0,,cs0,,63.0,,1.0,,Start,1,1,0,42,42,0,42.0,0.0,0.0,0.0,0.0,0,0,0,0.0,,,0.0,0.0,0.0,INT,,,,,0.0,0.0,0.0,0
268288,2.608971,2.608971,2.608971,2.608971,2.608971,2.608971,udp,0.0,,cs0,,63.0,,1.0,,Start,2,2,0,84,84,0,42.0,0.0,128.786407,128.786407,0.0,0,0,0,0.0,,,0.383293,0.383293,0.0,INT,,,,,0.0,0.0,0.0,0
268292,2.609041,2.609041,2.609041,2.609041,2.609041,2.609041,udp,0.0,,cs0,,63.0,,1.0,,Start,2,2,0,84,84,0,42.0,0.0,128.782959,128.782959,0.0,0,0,0,0.0,,,0.383283,0.383283,0.0,INT,,,,,0.0,0.0,0.0,0
268298,2.612111,2.612111,2.612111,2.612111,2.612111,2.612111,udp,0.0,,cs0,,63.0,,1.0,,Start,2,2,0,84,84,0,42.0,0.0,128.631592,128.631592,0.0,0,0,0,0.0,,,0.382832,0.382832,0.0,INT,,,,,0.0,0.0,0.0,0
268318,0.0,0.0,0.0,0.0,0.0,0.0,udp,0.0,,cs0,,63.0,,1.0,,Start,1,1,0,42,42,0,42.0,0.0,0.0,0.0,0.0,0,0,0,0.0,,,0.0,0.0,0.0,INT,,,,,0.0,0.0,0.0,0
268614,0.0,0.0,0.0,0.0,0.0,0.0,udp,0.0,,cs0,,63.0,,1.0,,Start,1,1,0,42,42,0,42.0,0.0,0.0,0.0,0.0,0,0,0,0.0,,,0.0,0.0,0.0,INT,,,,,0.0,0.0,0.0,0
268633,0.0,0.0,0.0,0.0,0.0,0.0,udp,0.0,,cs0,,63.0,,1.0,,Start,1,1,0,42,42,0,42.0,0.0,0.0,0.0,0.0,0,0,0,0.0,,,0.0,0.0,0.0,INT,,,,,0.0,0.0,0.0,0
268709,0.0,0.0,0.0,0.0,0.0,0.0,udp,0.0,,cs0,,63.0,,1.0,,Start,1,1,0,42,42,0,42.0,0.0,0.0,0.0,0.0,0,0,0,0.0,,,0.0,0.0,0.0,INT,,,,,0.0,0.0,0.0,0
268775,2.604895,2.604895,2.604895,2.604895,2.604895,2.604895,udp,0.0,,cs0,,63.0,,1.0,,Start,2,2,0,84,84,0,42.0,0.0,128.987915,128.987915,0.0,0,0,0,0.0,,,0.383893,0.383893,0.0,INT,,,,,0.0,0.0,0.0,0
268788,2.601131,2.601131,2.601131,2.601131,2.601131,2.601131,udp,0.0,,cs0,,63.0,,1.0,,Start,2,2,0,84,84,0,42.0,0.0,129.174576,129.174576,0.0,0,0,0,0.0,,,0.384448,0.384448,0.0,INT,,,,,0.0,0.0,0.0,0
268805,0.0,0.0,0.0,0.0,0.0,0.0,udp,0.0,,cs0,,63.0,,1.0,,Start,1,1,0,42,42,0,42.0,0.0,0.0,0.0,0.0,0,0,0,0.0,,,0.0,0.0,0.0,INT,,,,,0.0,0.0,0.0,0
268837,0.0,0.0,0.0,0.0,0.0,0.0,udp,0.0,,cs0,,63.0,,1.0,,Start,1,1,0,42,42,0,42.0,0.0,0.0,0.0,0.0,0,0,0,0.0,,,0.0,0.0,0.0,INT,,,,,0.0,0.0,0.0,0
268852,2.604193,2.604193,2.604193,2.604193,2.604193,2.604193,udp,0.0,,cs0,,63.0,,1.0,,Start,2,2,0,84,84,0,42.0,0.0,129.02269,129.02269,0.0,0,0,0,0.0,,,0.383996,0.383996,0.0,INT,,,,,0.0,0.0,0.0,0
268954,0.0,0.0,0.0,0.0,0.0,0.0,udp,0.0,,cs0,,63.0,,1.0,,Start,1,1,0,42,42,0,42.0,0.0,0.0,0.0,0.0,0,0,0,0.0,,,0.0,0.0,0.0,INT,,,,,0.0,0.0,0.0,0
268988,2.599941,2.599941,2.599941,2.599941,2.599941,2.599941,udp,0.0,,cs0,,63.0,,1.0,,Start,2,2,0,84,84,0,42.0,0.0,129.233704,129.233704,0.0,0,0,0,0.0,,,0.384624,0.384624,0.0,INT,,,,,0.0,0.0,0.0,0
268999,2.600055,2.600055,2.600055,2.600055,2.600055,2.600055,udp,0.0,,cs0,,63.0,,1.0,,Start,2,2,0,84,84,0,42.0,0.0,129.228043,129.228043,0.0,0,0,0,0.0,,,0.384607,0.384607,0.0,INT,,,,,0.0,0.0,0.0,0
269015,0.0,0.0,0.0,0.0,0.0,0.0,udp,0.0,,cs0,,63.0,,1.0,,Start,1,1,0,42,42,0,42.0,0.0,0.0,0.0,0.0,0,0,0,0.0,,,0.0,0.0,0.0,INT,,,,,0.0,0.0,0.0,0
269074,2.599112,2.599112,2.599112,2.599112,2.599112,2.599112,udp,0.0,,cs0,,63.0,,1.0,,Start,2,2,0,84,84,0,42.0,0.0,129.274918,129.274918,0.0,0,0,0,0.0,,,0.384747,0.384747,0.0,INT,,,,,0.0,0.0,0.0,0
269107,2.597952,2.597952,2.597952,2.597952,2.597952,2.597952,udp,0.0,,cs0,,63.0,,1.0,,Start,2,2,0,84,84,0,42.0,0.0,129.332642,129.332642,0.0,0,0,0,0.0,,,0.384919,0.384919,0.0,INT,,,,,0.0,0.0,0.0,0
269112,2.599277,2.599277,2.599277,2.599277,2.599277,2.599277,udp,0.0,,cs0,,63.0,,1.0,,Start,2,2,0,84,84,0,42.0,0.0,129.266708,129.266708,0.0,0,0,0,0.0,,,0.384722,0.384722,0.0,INT,,,,,0.0,0.0,0.0,0
269167,2.597435,2.597435,2.597435,2.597435,2.597435,2.597435,udp,0.0,,cs0,,63.0,,1.0,,Start,2,2,0,84,84,0,42.0,0.0,129.358383,129.358383,0.0,0,0,0,0.0,,,0.384995,0.384995,0.0,INT,,,,,0.0,0.0,0.0,0
269454,0.0,0.0,0.0,0.0,0.0,0.0,udp,0.0,,cs0,,63.0,,1.0,,Start,1,1,0,42,42,0,42.0,0.0,0.0,0.0,0.0,0,0,0,0.0,,,0.0,0.0,0.0,INT,,,,,0.0,0.0,0.0,0
269456,0.0,0.0,0.0,0.0,0.0,0.0,udp,0.0,,cs0,,63.0,,1.0,,Start,1,1,0,42,42,0,42.0,0.0,0.0,0.0,0.0,0,0,0,0.0,,,0.0,0.0,0.0,INT,,,,,0.0,0.0,0.0,0
269461,0.0,0.0,0.0,0.0,0.0,0.0,udp,0.0,,cs0,,63.0,,1.0,,Start,1,1,0,42,42,0,42.0,0.0,0.0,0.0,0.0,0,0,0,0.0,,,0.0,0.0,0.0,INT,,,,,0.0,0.0,0.0,0
269482,2.594256,2.594256,2.594256,2.594256,2.594256,2.594256,udp,0.0,,cs0,,63.0,,1.0,,Start,2,2,0,84,84,0,42.0,0.0,129.516907,129.516907,0.0,0,0,0,0.0,,,0.385467,0.385467,0.0,INT,,,,,0.0,0.0,0.0,0
269486,2.594256,2.594256,2.594256,2.594256,2.594256,2.594256,udp,0.0,,cs0,,63.0,,1.0,,Start,2,2,0,84,84,0,42.0,0.0,129.516907,129.516907,0.0,0,0,0,0.0,,,0.385467,0.385467,0.0,INT,,,,,0.0,0.0,0.0,0
269496,0.0,0.0,0.0,0.0,0.0,0.0,udp,0.0,,cs0,,63.0,,1.0,,Start,1,1,0,42,42,0,42.0,0.0,0.0,0.0,0.0,0,0,0,0.0,,,0.0,0.0,0.0,INT,,,,,0.0,0.0,0.0,0
269514,2.594152,2.594152,2.594152,2.594152,2.594152,2.594152,udp,0.0,,cs0,,63.0,,1.0,,Start,2,2,0,84,84,0,42.0,0.0,129.522095,129.522095,0.0,0,0,0,0.0,,,0.385482,0.385482,0.0,INT,,,,,0.0,0.0,0.0,0
269563,0.0,0.0,0.0,0.0,0.0,0.0,udp,0.0,,cs0,,63.0,,1.0,,Start,1,1,0,42,42,0,42.0,0.0,0.0,0.0,0.0,0,0,0,0.0,,,0.0,0.0,0.0,INT,,,,,0.0,0.0,0.0,0
269624,0.0,0.0,0.0,0.0,0.0,0.0,udp,0.0,,cs0,,63.0,,1.0,,Start,1,1,0,42,42,0,42.0,0.0,0.0,0.0,0.0,0,0,0,0.0,,,0.0,0.0,0.0,INT,,,,,0.0,0.0,0.0,0
269696,2.594019,2.594019,2.594019,2.594019,2.594019,2.594019,udp,0.0,,cs0,,63.0,,1.0,,Start,2,2,0,84,84,0,42.0,0.0,129.528732,129.528732,0.0,0,0,0,0.0,,,0.385502,0.385502,0.0,INT,,,,,0.0,0.0,0.0,0
269733,0.0,0.0,0.0,0.0,0.0,0.0,udp,0.0,,cs0,,63.0,,1.0,,Start,1,1,0,42,42,0,42.0,0.0,0.0,0.0,0.0,0,0,0,0.0,,,0.0,0.0,0.0,INT,,,,,0.0,0.0,0.0,0
269734,0.0,0.0,0.0,0.0,0.0,0.0,udp,0.0,,cs0,,63.0,,1.0,,Start,1,1,0,42,42,0,42.0,0.0,0.0,0.0,0.0,0,0,0,0.0,,,0.0,0.0,0.0,INT,,,,,0.0,0.0,0.0,0
269763,0.0,0.0,0.0,0.0,0.0,0.0,udp,0.0,,cs0,,63.0,,1.0,,Start,1,1,0,42,42,0,42.0,0.0,0.0,0.0,0.0,0,0,0,0.0,,,0.0,0.0,0.0,INT,,,,,0.0,0.0,0.0,0
269889,0.0,0.0,0.0,0.0,0.0,0.0,udp,0.0,,cs0,,63.0,,1.0,,Start,1,1,0,42,42,0,42.0,0.0,0.0,0.0,0.0,0,0,0,0.0,,,0.0,0.0,0.0,INT,,,,,0.0,0.0,0.0,0
269934,2.595258,2.595258,2.595258,2.595258,2.595258,2.595258,udp,0.0,,cs0,,63.0,,1.0,,Start,2,2,0,84,84,0,42.0,0.0,129.466904,129.466904,0.0,0,0,0,0.0,,,0.385318,0.385318,0.0,INT,,,,,0.0,0.0,0.0,0
269978,0.0,0.0,0.0,0.0,0.0,0.0,udp,0.0,,cs0,,63.0,,1.0,,Start,1,1,0,42,42,0,42.0,0.0,0.0,0.0,0.0,0,0,0,0.0,,,0.0,0.0,0.0,INT,,,,,0.0,0.0,0.0,0
270026,2.593196,2.593196,2.593196,2.593196,2.593196,2.593196,udp,0.0,,cs0,,63.0,,1.0,,Start,2,2,0,84,84,0,42.0,0.0,129.569855,129.569855,0.0,0,0,0,0.0,,,0.385625,0.385625,0.0,INT,,,,,0.0,0.0,0.0,0
270103,0.0,0.0,0.0,0.0,0.0,0.0,udp,0.0,,cs0,,63.0,,1.0,,Start,1,1,0,42,42,0,42.0,0.0,0.0,0.0,0.0,0,0,0,0.0,,,0.0,0.0,0.0,INT,,,,,0.0,0.0,0.0,0
270155,2.590733,2.590733,2.590733,2.590733,2.590733,2.590733,udp,0.0,,cs0,,63.0,,1.0,,Start,2,2,0,84,84,0,42.0,0.0,129.693024,129.693024,0.0,0,0,0,0.0,,,0.385991,0.385991,0.0,INT,,,,,0.0,0.0,0.0,0
270230,2.585124,2.585124,2.585124,2.585124,2.585124,2.585124,udp,0.0,,cs0,,63.0,,1.0,,Start,2,2,0,84,84,0,42.0,0.0,129.974426,129.974426,0.0,0,0,0,0.0,,,0.386829,0.386829,0.0,INT,,,,,0.0,0.0,0.0,0
270299,2.58522,2.58522,2.58522,2.58522,2.58522,2.58522,udp,0.0,,cs0,,63.0,,1.0,,Start,2,2,0,84,84,0,42.0,0.0,129.969589,129.969589,0.0,0,0,0,0.0,,,0.386814,0.386814,0.0,INT,,,,,0.0,0.0,0.0,0
270359,0.0,0.0,0.0,0.0,0.0,0.0,udp,0.0,,cs0,,63.0,,1.0,,Start,1,1,0,42,42,0,42.0,0.0,0.0,0.0,0.0,0,0,0,0.0,,,0.0,0.0,0.0,INT,,,,,0.0,0.0,0.0,0
270400,2.57966,2.57966,2.57966,2.57966,2.57966,2.57966,udp,0.0,,cs0,,63.0,,1.0,,Start,2,2,0,84,84,0,42.0,0.0,130.249725,130.249725,0.0,0,0,0,0.0,,,0.387648,0.387648,0.0,INT,,,,,0.0,0.0,0.0,0
270439,2.588902,2.588902,2.588902,2.588902,2.588902,2.588902,udp,0.0,,cs0,,63.0,,1.0,,Start,2,2,0,84,84,0,42.0,0.0,129.784744,129.784744,0.0,0,0,0,0.0,,,0.386264,0.386264,0.0,INT,,,,,0.0,0.0,0.0,0
270447,2.590146,2.590146,2.590146,2.590146,2.590146,2.590146,udp,0.0,,cs0,,63.0,,1.0,,Start,2,2,0,84,84,0,42.0,0.0,129.722412,129.722412,0.0,0,0,0,0.0,,,0.386079,0.386079,0.0,INT,,,,,0.0,0.0,0.0,0
270478,2.585922,2.585922,2.585922,2.585922,2.585922,2.585922,udp,0.0,,cs0,,63.0,,1.0,,Start,2,2,0,84,84,0,42.0,0.0,129.934311,129.934311,0.0,0,0,0,0.0,,,0.386709,0.386709,0.0,INT,,,,,0.0,0.0,0.0,0
270508,2.585964,2.585964,2.585964,2.585964,2.585964,2.585964,udp,0.0,,cs0,,63.0,,1.0,,Start,2,2,0,84,84,0,42.0,0.0,129.932205,129.932205,0.0,0,0,0,0.0,,,0.386703,0.386703,0.0,INT,,,,,0.0,0.0,0.0,0
270591,0.0,0.0,0.0,0.0,0.0,0.0,udp,0.0,,cs0,,63.0,,1.0,,Start,1,1,0,42,42,0,42.0,0.0,0.0,0.0,0.0,0,0,0,0.0,,,0.0,0.0,0.0,INT,,,,,0.0,0.0,0.0,0
270663,2.585653,2.585653,2.585653,2.585653,2.585653,2.585653,udp,0.0,,cs0,,63.0,,1.0,,Start,2,2,0,84,84,0,42.0,0.0,129.94783,129.94783,0.0,0,0,0,0.0,,,0.386749,0.386749,0.0,INT,,,,,0.0,0.0,0.0,0
270734,0.0,0.0,0.0,0.0,0.0,0.0,udp,0.0,,cs0,,63.0,,1.0,,Start,1,1,0,42,42,0,42.0,0.0,0.0,0.0,0.0,0,0,0,0.0,,,0.0,0.0,0.0,INT,,,,,0.0,0.0,0.0,0
270763,0.0,0.0,0.0,0.0,0.0,0.0,udp,0.0,,cs0,,63.0,,1.0,,Start,1,1,0,42,42,0,42.0,0.0,0.0,0.0,0.0,0,0,0,0.0,,,0.0,0.0,0.0,INT,,,,,0.0,0.0,0.0,0
270767,0.0,0.0,0.0,0.0,0.0,0.0,udp,0.0,,cs0,,63.0,,1.0,,Start,1,1,0,42,42,0,42.0,0.0,0.0,0.0,0.0,0,0,0,0.0,,,0.0,0.0,0.0,INT,,,,,0.0,0.0,0.0,0
270810,2.578893,2.578893,2.578893,2.578893,2.578893,2.578893,udp,0.0,,cs0,,63.0,,1.0,,Start,2,2,0,84,84,0,42.0,0.0,130.288467,130.288467,0.0,0,0,0,0.0,,,0.387763,0.387763,0.0,INT,,,,,0.0,0.0,0.0,0
270848,2.582966,2.582966,2.582966,2.582966,2.582966,2.582966,udp,0.0,,cs0,,63.0,,1.0,,Start,2,2,0,84,84,0,42.0,0.0,130.083008,130.083008,0.0,0,0,0,0.0,,,0.387152,0.387152,0.0,INT,,,,,0.0,0.0,0.0,0
270862,2.588194,2.588194,2.588194,2.588194,2.588194,2.588194,udp,0.0,,cs0,,63.0,,1.0,,Start,2,2,0,84,84,0,42.0,0.0,129.820251,129.820251,0.0,0,0,0,0.0,,,0.38637,0.38637,0.0,INT,,,,,0.0,0.0,0.0,0
270983,0.0,0.0,0.0,0.0,0.0,0.0,udp,0.0,,cs0,,63.0,,1.0,,Start,1,1,0,42,42,0,42.0,0.0,0.0,0.0,0.0,0,0,0,0.0,,,0.0,0.0,0.0,INT,,,,,0.0,0.0,0.0,0
270991,2.585113,2.585113,2.585113,2.585113,2.585113,2.585113,udp,0.0,,cs0,,63.0,,1.0,,Start,2,2,0,84,84,0,42.0,0.0,129.974976,129.974976,0.0,0,0,0,0.0,,,0.38683,0.38683,0.0,INT,,,,,0.0,0.0,0.0,0
271035,0.0,0.0,0.0,0.0,0.0,0.0,udp,0.0,,cs0,,63.0,,1.0,,Start,1,1,0,42,42,0,42.0,0.0,0.0,0.0,0.0,0,0,0,0.0,,,0.0,0.0,0.0,INT,,,,,0.0,0.0,0.0,0
271042,0.0,0.0,0.0,0.0,0.0,0.0,udp,0.0,,cs0,,63.0,,1.0,,Start,1,1,0,42,42,0,42.0,0.0,0.0,0.0,0.0,0,0,0,0.0,,,0.0,0.0,0.0,INT,,,,,0.0,0.0,0.0,0
271043,0.0,0.0,0.0,0.0,0.0,0.0,udp,0.0,,cs0,,63.0,,1.0,,Start,1,1,0,42,42,0,42.0,0.0,0.0,0.0,0.0,0,0,0,0.0,,,0.0,0.0,0.0,INT,,,,,0.0,0.0,0.0,0
271054,2.579382,2.579382,2.579382,2.579382,2.579382,2.579382,udp,0.0,,cs0,,63.0,,1.0,,Start,2,2,0,84,84,0,42.0,0.0,130.263763,130.263763,0.0,0,0,0,0.0,,,0.38769,0.38769,0.0,INT,,,,,0.0,0.0,0.0,0
271063,0.0,0.0,0.0,0.0,0.0,0.0,udp,0.0,,cs0,,63.0,,1.0,,Start,1,1,0,42,42,0,42.0,0.0,0.0,0.0,0.0,0,0,0,0.0,,,0.0,0.0,0.0,INT,,,,,0.0,0.0,0.0,0
271082,2.583924,2.583924,2.583924,2.583924,2.583924,2.583924,udp,0.0,,cs0,,63.0,,1.0,,Start,2,2,0,84,84,0,42.0,0.0,130.034775,130.034775,0.0,0,0,0,0.0,,,0.387008,0.387008,0.0,INT,,,,,0.0,0.0,0.0,0
271111,2.589749,2.589749,2.589749,2.589749,2.589749,2.589749,udp,0.0,,cs0,,63.0,,1.0,,Start,2,2,0,84,84,0,42.0,0.0,129.742294,129.742294,0.0,0,0,0,0.0,,,0.386138,0.386138,0.0,INT,,,,,0.0,0.0,0.0,0
271138,2.588172,2.588172,2.588172,2.588172,2.588172,2.588172,udp,0.0,,cs0,,63.0,,1.0,,Start,2,2,0,84,84,0,42.0,0.0,129.821365,129.821365,0.0,0,0,0,0.0,,,0.386373,0.386373,0.0,INT,,,,,0.0,0.0,0.0,0
271174,2.58873,2.58873,2.58873,2.58873,2.58873,2.58873,udp,0.0,,cs0,,63.0,,1.0,,Start,2,2,0,84,84,0,42.0,0.0,129.793365,129.793365,0.0,0,0,0,0.0,,,0.38629,0.38629,0.0,INT,,,,,0.0,0.0,0.0,0
271463,2.585122,2.585122,2.585122,2.585122,2.585122,2.585122,udp,0.0,,cs0,,63.0,,1.0,,Start,2,2,0,84,84,0,42.0,0.0,129.974518,129.974518,0.0,0,0,0,0.0,,,0.386829,0.386829,0.0,INT,,,,,0.0,0.0,0.0,0
271521,2.584918,2.584918,2.584918,2.584918,2.584918,2.584918,udp,0.0,,cs0,,63.0,,1.0,,Start,2,2,0,84,84,0,42.0,0.0,129.984787,129.984787,0.0,0,0,0,0.0,,,0.386859,0.386859,0.0,INT,,,,,0.0,0.0,0.0,0
271545,2.587624,2.587624,2.587624,2.587624,2.587624,2.587624,udp,0.0,,cs0,,63.0,,1.0,,Start,2,2,0,84,84,0,42.0,0.0,129.848846,129.848846,0.0,0,0,0,0.0,,,0.386455,0.386455,0.0,INT,,,,,0.0,0.0,0.0,0
271549,2.587759,2.587759,2.587759,2.587759,2.587759,2.587759,udp,0.0,,cs0,,63.0,,1.0,,Start,2,2,0,84,84,0,42.0,0.0,129.842072,129.842072,0.0,0,0,0,0.0,,,0.386435,0.386435,0.0,INT,,,,,0.0,0.0,0.0,0
271615,0.0,0.0,0.0,0.0,0.0,0.0,udp,0.0,,cs0,,63.0,,1.0,,Start,1,1,0,42,42,0,42.0,0.0,0.0,0.0,0.0,0,0,0,0.0,,,0.0,0.0,0.0,INT,,,,,0.0,0.0,0.0,0
271687,0.0,0.0,0.0,0.0,0.0,0.0,udp,0.0,,cs0,,63.0,,1.0,,Start,1,1,0,42,42,0,42.0,0.0,0.0,0.0,0.0,0,0,0,0.0,,,0.0,0.0,0.0,INT,,,,,0.0,0.0,0.0,0
271697,0.0,0.0,0.0,0.0,0.0,0.0,udp,0.0,,cs0,,63.0,,1.0,,Start,1,1,0,42,42,0,42.0,0.0,0.0,0.0,0.0,0,0,0,0.0,,,0.0,0.0,0.0,INT,,,,,0.0,0.0,0.0,0
271753,2.589874,2.589874,2.589874,2.589874,2.589874,2.589874,udp,0.0,,cs0,,63.0,,1.0,,Start,2,2,0,84,84,0,42.0,0.0,129.736038,129.736038,0.0,0,0,0,0.0,,,0.386119,0.386119,0.0,INT,,,,,0.0,0.0,0.0,0
271763,0.0,0.0,0.0,0.0,0.0,0.0,udp,0.0,,cs0,,63.0,,1.0,,Start,1,1,0,42,42,0,42.0,0.0,0.0,0.0,0.0,0,0,0,0.0,,,0.0,0.0,0.0,INT,,,,,0.0,0.0,0.0,0
271772,0.0,0.0,0.0,0.0,0.0,0.0,udp,0.0,,cs0,,63.0,,1.0,,Start,1,1,0,42,42,0,42.0,0.0,0.0,0.0,0.0,0,0,0,0.0,,,0.0,0.0,0.0,INT,,,,,0.0,0.0,0.0,0
271806,0.0,0.0,0.0,0.0,0.0,0.0,udp,0.0,,cs0,,63.0,,1.0,,Start,1,1,0,42,42,0,42.0,0.0,0.0,0.0,0.0,0,0,0,0.0,,,0.0,0.0,0.0,INT,,,,,0.0,0.0,0.0,0
271808,2.589716,2.589716,2.589716,2.589716,2.589716,2.589716,udp,0.0,,cs0,,63.0,,1.0,,Start,2,2,0,84,84,0,42.0,0.0,129.743958,129.743958,0.0,0,0,0,0.0,,,0.386143,0.386143,0.0,INT,,,,,0.0,0.0,0.0,0
271866,2.59305,2.59305,2.59305,2.59305,2.59305,2.59305,udp,0.0,,cs0,,63.0,,1.0,,Start,2,2,0,84,84,0,42.0,0.0,129.577133,129.577133,0.0,0,0,0,0.0,,,0.385646,0.385646,0.0,INT,,,,,0.0,0.0,0.0,0
271877,0.0,0.0,0.0,0.0,0.0,0.0,udp,0.0,,cs0,,63.0,,1.0,,Start,1,1,0,42,42,0,42.0,0.0,0.0,0.0,0.0,0,0,0,0.0,,,0.0,0.0,0.0,INT,,,,,0.0,0.0,0.0,0
271884,0.0,0.0,0.0,0.0,0.0,0.0,udp,0.0,,cs0,,63.0,,1.0,,Start,1,1,0,42,42,0,42.0,0.0,0.0,0.0,0.0,0,0,0,0.0,,,0.0,0.0,0.0,INT,,,,,0.0,0.0,0.0,0
272041,0.0,0.0,0.0,0.0,0.0,0.0,udp,0.0,,cs0,,63.0,,1.0,,Start,1,1,0,42,42,0,42.0,0.0,0.0,0.0,0.0,0,0,0,0.0,,,0.0,0.0,0.0,INT,,,,,0.0,0.0,0.0,0
272141,2.593567,2.593567,2.593567,2.593567,2.593567,2.593567,udp,0.0,,cs0,,63.0,,1.0,,Start,2,2,0,84,84,0,42.0,0.0,129.551315,129.551315,0.0,0,0,0,0.0,,,0.385569,0.385569,0.0,INT,,,,,0.0,0.0,0.0,0
272203,2.587724,2.587724,2.587724,2.587724,2.587724,2.587724,udp,0.0,,cs0,,63.0,,1.0,,Start,2,2,0,84,84,0,42.0,0.0,129.843826,129.843826,0.0,0,0,0,0.0,,,0.38644,0.38644,0.0,INT,,,,,0.0,0.0,0.0,0
272251,0.0,0.0,0.0,0.0,0.0,0.0,udp,0.0,,cs0,,63.0,,1.0,,Start,1,1,0,42,42,0,42.0,0.0,0.0,0.0,0.0,0,0,0,0.0,,,0.0,0.0,0.0,INT,,,,,0.0,0.0,0.0,0
272272,0.0,0.0,0.0,0.0,0.0,0.0,udp,0.0,,cs0,,63.0,,1.0,,Start,1,1,0,42,42,0,42.0,0.0,0.0,0.0,0.0,0,0,0,0.0,,,0.0,0.0,0.0,INT,,,,,0.0,0.0,0.0,0
272305,2.587027,2.587027,2.587027,2.587027,2.587027,2.587027,udp,0.0,,cs0,,63.0,,1.0,,Start,2,2,0,84,84,0,42.0,0.0,129.878815,129.878815,0.0,0,0,0,0.0,,,0.386544,0.386544,0.0,INT,,,,,0.0,0.0,0.0,0
272533,2.586808,2.586808,2.586808,2.586808,2.586808,2.586808,udp,0.0,,cs0,,63.0,,1.0,,Start,2,2,0,84,84,0,42.0,0.0,129.889816,129.889816,0.0,0,0,0,0.0,,,0.386577,0.386577,0.0,INT,,,,,0.0,0.0,0.0,0
272569,2.590161,2.590161,2.590161,2.590161,2.590161,2.590161,udp,0.0,,cs0,,63.0,,1.0,,Start,2,2,0,84,84,0,42.0,0.0,129.721664,129.721664,0.0,0,0,0,0.0,,,0.386076,0.386076,0.0,INT,,,,,0.0,0.0,0.0,0
272596,0.0,0.0,0.0,0.0,0.0,0.0,udp,0.0,,cs0,,63.0,,1.0,,Start,1,1,0,42,42,0,42.0,0.0,0.0,0.0,0.0,0,0,0,0.0,,,0.0,0.0,0.0,INT,,,,,0.0,0.0,0.0,0
272612,0.0,0.0,0.0,0.0,0.0,0.0,udp,0.0,,cs0,,63.0,,1.0,,Start,1,1,0,42,42,0,42.0,0.0,0.0,0.0,0.0,0,0,0,0.0,,,0.0,0.0,0.0,INT,,,,,0.0,0.0,0.0,0
272617,0.0,0.0,0.0,0.0,0.0,0.0,udp,0.0,,cs0,,63.0,,1.0,,Start,1,1,0,42,42,0,42.0,0.0,0.0,0.0,0.0,0,0,0,0.0,,,0.0,0.0,0.0,INT,,,,,0.0,0.0,0.0,0
272636,2.584576,2.584576,2.584576,2.584576,2.584576,2.584576,udp,0.0,,cs0,,63.0,,1.0,,Start,2,2,0,84,84,0,42.0,0.0,130.001984,130.001984,0.0,0,0,0,0.0,,,0.386911,0.386911,0.0,INT,,,,,0.0,0.0,0.0,0
272642,2.584582,2.584582,2.584582,2.584582,2.584582,2.584582,udp,0.0,,cs0,,63.0,,1.0,,Start,2,2,0,84,84,0,42.0,0.0,130.001678,130.001678,0.0,0,0,0,0.0,,,0.38691,0.38691,0.0,INT,,,,,0.0,0.0,0.0,0
272775,0.0,0.0,0.0,0.0,0.0,0.0,udp,0.0,,cs0,,63.0,,1.0,,Start,1,1,0,42,42,0,42.0,0.0,0.0,0.0,0.0,0,0,0,0.0,,,0.0,0.0,0.0,INT,,,,,0.0,0.0,0.0,0
272781,0.0,0.0,0.0,0.0,0.0,0.0,udp,0.0,,cs0,,63.0,,1.0,,Start,1,1,0,42,42,0,42.0,0.0,0.0,0.0,0.0,0,0,0,0.0,,,0.0,0.0,0.0,INT,,,,,0.0,0.0,0.0,0
272817,0.0,0.0,0.0,0.0,0.0,0.0,udp,0.0,,cs0,,63.0,,1.0,,Start,1,1,0,42,42,0,42.0,0.0,0.0,0.0,0.0,0,0,0,0.0,,,0.0,0.0,0.0,INT,,,,,0.0,0.0,0.0,0
272856,0.0,0.0,0.0,0.0,0.0,0.0,udp,0.0,,cs0,,63.0,,1.0,,Start,1,1,0,42,42,0,42.0,0.0,0.0,0.0,0.0,0,0,0,0.0,,,0.0,0.0,0.0,INT,,,,,0.0,0.0,0.0,0
272872,0.0,0.0,0.0,0.0,0.0,0.0,udp,0.0,,cs0,,63.0,,1.0,,Start,1,1,0,42,42,0,42.0,0.0,0.0,0.0,0.0,0,0,0,0.0,,,0.0,0.0,0.0,INT,,,,,0.0,0.0,0.0,0
272882,0.0,0.0,0.0,0.0,0.0,0.0,udp,0.0,,cs0,,63.0,,1.0,,Start,1,1,0,42,42,0,42.0,0.0,0.0,0.0,0.0,0,0,0,0.0,,,0.0,0.0,0.0,INT,,,,,0.0,0.0,0.0,0
272908,2.586997,2.586997,2.586997,2.586997,2.586997,2.586997,udp,0.0,,cs0,,63.0,,1.0,,Start,2,2,0,84,84,0,42.0,0.0,129.880325,129.880325,0.0,0,0,0,0.0,,,0.386549,0.386549,0.0,INT,,,,,0.0,0.0,0.0,0
272909,2.587016,2.587016,2.587016,2.587016,2.587016,2.587016,udp,0.0,,cs0,,63.0,,1.0,,Start,2,2,0,84,84,0,42.0,0.0,129.879364,129.879364,0.0,0,0,0,0.0,,,0.386546,0.386546,0.0,INT,,,,,0.0,0.0,0.0,0
272924,2.585405,2.585405,2.585405,2.585405,2.585405,2.585405,udp,0.0,,cs0,,63.0,,1.0,,Start,2,2,0,84,84,0,42.0,0.0,129.960297,129.960297,0.0,0,0,0,0.0,,,0.386787,0.386787,0.0,INT,,,,,0.0,0.0,0.0,0
272964,0.0,0.0,0.0,0.0,0.0,0.0,udp,0.0,,cs0,,63.0,,1.0,,Start,1,1,0,42,42,0,42.0,0.0,0.0,0.0,0.0,0,0,0,0.0,,,0.0,0.0,0.0,INT,,,,,0.0,0.0,0.0,0
272971,2.587631,2.587631,2.587631,2.587631,2.587631,2.587631,udp,0.0,,cs0,,63.0,,1.0,,Start,2,2,0,84,84,0,42.0,0.0,129.848495,129.848495,0.0,0,0,0,0.0,,,0.386454,0.386454,0.0,INT,,,,,0.0,0.0,0.0,0
272985,2.5877,2.5877,2.5877,2.5877,2.5877,2.5877,udp,0.0,,cs0,,63.0,,1.0,,Start,2,2,0,84,84,0,42.0,0.0,129.845047,129.845047,0.0,0,0,0,0.0,,,0.386444,0.386444,0.0,INT,,,,,0.0,0.0,0.0,0
273067,2.586346,2.586346,2.586346,2.586346,2.586346,2.586346,udp,0.0,,cs0,,63.0,,1.0,,Start,2,2,0,84,84,0,42.0,0.0,129.91301,129.91301,0.0,0,0,0,0.0,,,0.386646,0.386646,0.0,INT,,,,,0.0,0.0,0.0,0
273104,0.0,0.0,0.0,0.0,0.0,0.0,udp,0.0,,cs0,,63.0,,1.0,,Start,1,1,0,42,42,0,42.0,0.0,0.0,0.0,0.0,0,0,0,0.0,,,0.0,0.0,0.0,INT,,,,,0.0,0.0,0.0,0
273150,0.0,0.0,0.0,0.0,0.0,0.0,udp,0.0,,cs0,,63.0,,1.0,,Start,1,1,0,42,42,0,42.0,0.0,0.0,0.0,0.0,0,0,0,0.0,,,0.0,0.0,0.0,INT,,,,,0.0,0.0,0.0,0
273151,0.0,0.0,0.0,0.0,0.0,0.0,udp,0.0,,cs0,,63.0,,1.0,,Start,1,1,0,42,42,0,42.0,0.0,0.0,0.0,0.0,0,0,0,0.0,,,0.0,0.0,0.0,INT,,,,,0.0,0.0,0.0,0
273224,0.0,0.0,0.0,0.0,0.0,0.0,udp,0.0,,cs0,,63.0,,1.0,,Start,1,1,0,42,42,0,42.0,0.0,0.0,0.0,0.0,0,0,0,0.0,,,0.0,0.0,0.0,INT,,,,,0.0,0.0,0.0,0
273330,2.586893,2.586893,2.586893,2.586893,2.586893,2.586893,udp,0.0,,cs0,,63.0,,1.0,,Start,2,2,0,84,84,0,42.0,0.0,129.885544,129.885544,0.0,0,0,0,0.0,,,0.386564,0.386564,0.0,INT,,,,,0.0,0.0,0.0,0
273462,0.0,0.0,0.0,0.0,0.0,0.0,udp,0.0,,cs0,,63.0,,1.0,,Start,1,1,0,42,42,0,42.0,0.0,0.0,0.0,0.0,0,0,0,0.0,,,0.0,0.0,0.0,INT,,,,,0.0,0.0,0.0,0
273527,0.0,0.0,0.0,0.0,0.0,0.0,udp,0.0,,cs0,,63.0,,1.0,,Start,1,1,0,42,42,0,42.0,0.0,0.0,0.0,0.0,0,0,0,0.0,,,0.0,0.0,0.0,INT,,,,,0.0,0.0,0.0,0
273537,2.588122,2.588122,2.588122,2.588122,2.588122,2.588122,udp,0.0,,cs0,,63.0,,1.0,,Start,2,2,0,84,84,0,42.0,0.0,129.823868,129.823868,0.0,0,0,0,0.0,,,0.386381,0.386381,0.0,INT,,,,,0.0,0.0,0.0,0
273544,2.586004,2.586004,2.586004,2.586004,2.586004,2.586004,udp,0.0,,cs0,,63.0,,1.0,,Start,2,2,0,84,84,0,42.0,0.0,129.930191,129.930191,0.0,0,0,0,0.0,,,0.386697,0.386697,0.0,INT,,,,,0.0,0.0,0.0,0
273558,2.586052,2.586052,2.586052,2.586052,2.586052,2.586052,udp,0.0,,cs0,,63.0,,1.0,,Start,2,2,0,84,84,0,42.0,0.0,129.92778,129.92778,0.0,0,0,0,0.0,,,0.38669,0.38669,0.0,INT,,,,,0.0,0.0,0.0,0
273584,0.0,0.0,0.0,0.0,0.0,0.0,udp,0.0,,cs0,,63.0,,1.0,,Start,1,1,0,42,42,0,42.0,0.0,0.0,0.0,0.0,0,0,0,0.0,,,0.0,0.0,0.0,INT,,,,,0.0,0.0,0.0,0
273665,2.590277,2.590277,2.590277,2.590277,2.590277,2.590277,udp,0.0,,cs0,,63.0,,1.0,,Start,2,2,0,84,84,0,42.0,0.0,129.715866,129.715866,0.0,0,0,0,0.0,,,0.386059,0.386059,0.0,INT,,,,,0.0,0.0,0.0,0
273720,0.0,0.0,0.0,0.0,0.0,0.0,udp,0.0,,cs0,,63.0,,1.0,,Start,1,1,0,42,42,0,42.0,0.0,0.0,0.0,0.0,0,0,0,0.0,,,0.0,0.0,0.0,INT,,,,,0.0,0.0,0.0,0
273726,0.0,0.0,0.0,0.0,0.0,0.0,udp,0.0,,cs0,,63.0,,1.0,,Start,1,1,0,42,42,0,42.0,0.0,0.0,0.0,0.0,0,0,0,0.0,,,0.0,0.0,0.0,INT,,,,,0.0,0.0,0.0,0
273745,2.580908,2.580908,2.580908,2.580908,2.580908,2.580908,udp,0.0,,cs0,,63.0,,1.0,,Start,2,2,0,84,84,0,42.0,0.0,130.186737,130.186737,0.0,0,0,0,0.0,,,0.387461,0.387461,0.0,INT,,,,,0.0,0.0,0.0,0
273776,0.0,0.0,0.0,0.0,0.0,0.0,udp,0.0,,cs0,,63.0,,1.0,,Start,1,1,0,42,42,0,42.0,0.0,0.0,0.0,0.0,0,0,0,0.0,,,0.0,0.0,0.0,INT,,,,,0.0,0.0,0.0,0
273827,2.581952,2.581952,2.581952,2.581952,2.581952,2.581952,udp,0.0,,cs0,,63.0,,1.0,,Start,2,2,0,84,84,0,42.0,0.0,130.134094,130.134094,0.0,0,0,0,0.0,,,0.387304,0.387304,0.0,INT,,,,,0.0,0.0,0.0,0
273830,2.581944,2.581944,2.581944,2.581944,2.581944,2.581944,udp,0.0,,cs0,,63.0,,1.0,,Start,2,2,0,84,84,0,42.0,0.0,130.134506,130.134506,0.0,0,0,0,0.0,,,0.387305,0.387305,0.0,INT,,,,,0.0,0.0,0.0,0
273861,2.58321,2.58321,2.58321,2.58321,2.58321,2.58321,udp,0.0,,cs0,,63.0,,1.0,,Start,2,2,0,84,84,0,42.0,0.0,130.070724,130.070724,0.0,0,0,0,0.0,,,0.387115,0.387115,0.0,INT,,,,,0.0,0.0,0.0,0
273871,2.583196,2.583196,2.583196,2.583196,2.583196,2.583196,udp,0.0,,cs0,,63.0,,1.0,,Start,2,2,0,84,84,0,42.0,0.0,130.071442,130.071442,0.0,0,0,0,0.0,,,0.387117,0.387117,0.0,INT,,,,,0.0,0.0,0.0,0
273985,0.0,0.0,0.0,0.0,0.0,0.0,udp,0.0,,cs0,,63.0,,1.0,,Start,1,1,0,42,42,0,42.0,0.0,0.0,0.0,0.0,0,0,0,0.0,,,0.0,0.0,0.0,INT,,,,,0.0,0.0,0.0,0
273994,0.0,0.0,0.0,0.0,0.0,0.0,udp,0.0,,cs0,,63.0,,1.0,,Start,1,1,0,42,42,0,42.0,0.0,0.0,0.0,0.0,0,0,0,0.0,,,0.0,0.0,0.0,INT,,,,,0.0,0.0,0.0,0
274116,2.588495,2.588495,2.588495,2.588495,2.588495,2.588495,udp,0.0,,cs0,,63.0,,1.0,,Start,2,2,0,84,84,0,42.0,0.0,129.805161,129.805161,0.0,0,0,0,0.0,,,0.386325,0.386325,0.0,INT,,,,,0.0,0.0,0.0,0
274138,0.0,0.0,0.0,0.0,0.0,0.0,udp,0.0,,cs0,,63.0,,1.0,,Start,1,1,0,42,42,0,42.0,0.0,0.0,0.0,0.0,0,0,0,0.0,,,0.0,0.0,0.0,INT,,,,,0.0,0.0,0.0,0
274163,2.584674,2.584674,2.584674,2.584674,2.584674,2.584674,udp,0.0,,cs0,,63.0,,1.0,,Start,2,2,0,84,84,0,42.0,0.0,129.997055,129.997055,0.0,0,0,0,0.0,,,0.386896,0.386896,0.0,INT,,,,,0.0,0.0,0.0,0
274171,2.584451,2.584451,2.584451,2.584451,2.584451,2.584451,udp,0.0,,cs0,,63.0,,1.0,,Start,2,2,0,84,84,0,42.0,0.0,130.00827,130.00827,0.0,0,0,0,0.0,,,0.386929,0.386929,0.0,INT,,,,,0.0,0.0,0.0,0
274200,0.0,0.0,0.0,0.0,0.0,0.0,udp,0.0,,cs0,,63.0,,1.0,,Start,1,1,0,42,42,0,42.0,0.0,0.0,0.0,0.0,0,0,0,0.0,,,0.0,0.0,0.0,INT,,,,,0.0,0.0,0.0,0
274223,2.585985,2.585985,2.585985,2.585985,2.585985,2.585985,udp,0.0,,cs0,,63.0,,1.0,,Start,2,2,0,84,84,0,42.0,0.0,129.931152,129.931152,0.0,0,0,0,0.0,,,0.3867,0.3867,0.0,INT,,,,,0.0,0.0,0.0,0
274253,2.585181,2.585181,2.585181,2.585181,2.585181,2.585181,udp,0.0,,cs0,,63.0,,1.0,,Start,2,2,0,84,84,0,42.0,0.0,129.971558,129.971558,0.0,0,0,0,0.0,,,0.38682,0.38682,0.0,INT,,,,,0.0,0.0,0.0,0
274301,2.585182,2.585182,2.585182,2.585182,2.585182,2.585182,udp,0.0,,cs0,,63.0,,1.0,,Start,2,2,0,84,84,0,42.0,0.0,129.971512,129.971512,0.0,0,0,0,0.0,,,0.38682,0.38682,0.0,INT,,,,,0.0,0.0,0.0,0
274306,2.585202,2.585202,2.585202,2.585202,2.585202,2.585202,udp,0.0,,cs0,,63.0,,1.0,,Start,2,2,0,84,84,0,42.0,0.0,129.970505,129.970505,0.0,0,0,0,0.0,,,0.386817,0.386817,0.0,INT,,,,,0.0,0.0,0.0,0
274351,2.593341,2.593341,2.593341,2.593341,2.593341,2.593341,udp,0.0,,cs0,,63.0,,1.0,,Start,2,2,0,84,84,0,42.0,0.0,129.562592,129.562592,0.0,0,0,0,0.0,,,0.385603,0.385603,0.0,INT,,,,,0.0,0.0,0.0,0
274394,2.587568,2.587568,2.587568,2.587568,2.587568,2.587568,udp,0.0,,cs0,,63.0,,1.0,,Start,2,2,0,84,84,0,42.0,0.0,129.851654,129.851654,0.0,0,0,0,0.0,,,0.386463,0.386463,0.0,INT,,,,,0.0,0.0,0.0,0
274471,2.59542,2.59542,2.59542,2.59542,2.59542,2.59542,udp,0.0,,cs0,,63.0,,1.0,,Start,2,2,0,84,84,0,42.0,0.0,129.458817,129.458817,0.0,0,0,0,0.0,,,0.385294,0.385294,0.0,INT,,,,,0.0,0.0,0.0,0
274530,2.584518,2.584518,2.584518,2.584518,2.584518,2.584518,udp,0.0,,cs0,,63.0,,1.0,,Start,2,2,0,84,84,0,42.0,0.0,130.004898,130.004898,0.0,0,0,0,0.0,,,0.386919,0.386919,0.0,INT,,,,,0.0,0.0,0.0,0
274533,2.582293,2.582293,2.582293,2.582293,2.582293,2.582293,udp,0.0,,cs0,,63.0,,1.0,,Start,2,2,0,84,84,0,42.0,0.0,130.116913,130.116913,0.0,0,0,0,0.0,,,0.387253,0.387253,0.0,INT,,,,,0.0,0.0,0.0,0
274686,2.582357,2.582357,2.582357,2.582357,2.582357,2.582357,udp,0.0,,cs0,,63.0,,1.0,,Start,2,2,0,84,84,0,42.0,0.0,130.113693,130.113693,0.0,0,0,0,0.0,,,0.387243,0.387243,0.0,INT,,,,,0.0,0.0,0.0,0
274734,0.0,0.0,0.0,0.0,0.0,0.0,udp,0.0,,cs0,,63.0,,1.0,,Start,1,1,0,42,42,0,42.0,0.0,0.0,0.0,0.0,0,0,0,0.0,,,0.0,0.0,0.0,INT,,,,,0.0,0.0,0.0,0
274755,2.580585,2.580585,2.580585,2.580585,2.580585,2.580585,udp,0.0,,cs0,,63.0,,1.0,,Start,2,2,0,84,84,0,42.0,0.0,130.203033,130.203033,0.0,0,0,0,0.0,,,0.387509,0.387509,0.0,INT,,,,,0.0,0.0,0.0,0
274777,0.0,0.0,0.0,0.0,0.0,0.0,udp,0.0,,cs0,,63.0,,1.0,,Start,1,1,0,42,42,0,42.0,0.0,0.0,0.0,0.0,0,0,0,0.0,,,0.0,0.0,0.0,INT,,,,,0.0,0.0,0.0,0
274841,0.0,0.0,0.0,0.0,0.0,0.0,udp,0.0,,cs0,,63.0,,1.0,,Start,1,1,0,42,42,0,42.0,0.0,0.0,0.0,0.0,0,0,0,0.0,,,0.0,0.0,0.0,INT,,,,,0.0,0.0,0.0,0
274900,2.578808,2.578808,2.578808,2.578808,2.578808,2.578808,udp,0.0,,cs0,,63.0,,1.0,,Start,2,2,0,84,84,0,42.0,0.0,130.292755,130.292755,0.0,0,0,0,0.0,,,0.387776,0.387776,0.0,INT,,,,,0.0,0.0,0.0,0
274941,2.587153,2.587153,2.587153,2.587153,2.587153,2.587153,udp,0.0,,cs0,,63.0,,1.0,,Start,2,2,0,84,84,0,42.0,0.0,129.872498,129.872498,0.0,0,0,0,0.0,,,0.386525,0.386525,0.0,INT,,,,,0.0,0.0,0.0,0
274951,0.0,0.0,0.0,0.0,0.0,0.0,udp,0.0,,cs0,,63.0,,1.0,,Start,1,1,0,42,42,0,42.0,0.0,0.0,0.0,0.0,0,0,0,0.0,,,0.0,0.0,0.0,INT,,,,,0.0,0.0,0.0,0
275060,0.0,0.0,0.0,0.0,0.0,0.0,udp,0.0,,cs0,,63.0,,1.0,,Start,1,1,0,42,42,0,42.0,0.0,0.0,0.0,0.0,0,0,0,0.0,,,0.0,0.0,0.0,INT,,,,,0.0,0.0,0.0,0
275077,2.582958,2.582958,2.582958,2.582958,2.582958,2.582958,udp,0.0,,cs0,,63.0,,1.0,,Start,2,2,0,84,84,0,42.0,0.0,130.08342,130.08342,0.0,0,0,0,0.0,,,0.387153,0.387153,0.0,INT,,,,,0.0,0.0,0.0,0
275096,2.583087,2.583087,2.583087,2.583087,2.583087,2.583087,udp,0.0,,cs0,,63.0,,1.0,,Start,2,2,0,84,84,0,42.0,0.0,130.07692,130.07692,0.0,0,0,0,0.0,,,0.387134,0.387134,0.0,INT,,,,,0.0,0.0,0.0,0
275167,2.59156,2.59156,2.59156,2.59156,2.59156,2.59156,udp,0.0,,cs0,,63.0,,1.0,,Start,2,2,0,84,84,0,42.0,0.0,129.651642,129.651642,0.0,0,0,0,0.0,,,0.385868,0.385868,0.0,INT,,,,,0.0,0.0,0.0,0
275175,2.587026,2.587026,2.587026,2.587026,2.587026,2.587026,udp,0.0,,cs0,,63.0,,1.0,,Start,2,2,0,84,84,0,42.0,0.0,129.878876,129.878876,0.0,0,0,0,0.0,,,0.386544,0.386544,0.0,INT,,,,,0.0,0.0,0.0,0
275201,0.0,0.0,0.0,0.0,0.0,0.0,udp,0.0,,cs0,,63.0,,1.0,,Start,1,1,0,42,42,0,42.0,0.0,0.0,0.0,0.0,0,0,0,0.0,,,0.0,0.0,0.0,INT,,,,,0.0,0.0,0.0,0
275319,2.588598,2.588598,2.588598,2.588598,2.588598,2.588598,udp,0.0,,cs0,,63.0,,1.0,,Start,2,2,0,84,84,0,42.0,0.0,129.799988,129.799988,0.0,0,0,0,0.0,,,0.38631,0.38631,0.0,INT,,,,,0.0,0.0,0.0,0
275331,2.585302,2.585302,2.585302,2.585302,2.585302,2.585302,udp,0.0,,cs0,,63.0,,1.0,,Start,2,2,0,84,84,0,42.0,0.0,129.965469,129.965469,0.0,0,0,0,0.0,,,0.386802,0.386802,0.0,INT,,,,,0.0,0.0,0.0,0
275350,0.0,0.0,0.0,0.0,0.0,0.0,udp,0.0,,cs0,,63.0,,1.0,,Start,1,1,0,42,42,0,42.0,0.0,0.0,0.0,0.0,0,0,0,0.0,,,0.0,0.0,0.0,INT,,,,,0.0,0.0,0.0,0
275356,0.0,0.0,0.0,0.0,0.0,0.0,udp,0.0,,cs0,,63.0,,1.0,,Start,1,1,0,42,42,0,42.0,0.0,0.0,0.0,0.0,0,0,0,0.0,,,0.0,0.0,0.0,INT,,,,,0.0,0.0,0.0,0
275357,0.0,0.0,0.0,0.0,0.0,0.0,udp,0.0,,cs0,,63.0,,1.0,,Start,1,1,0,42,42,0,42.0,0.0,0.0,0.0,0.0,0,0,0,0.0,,,0.0,0.0,0.0,INT,,,,,0.0,0.0,0.0,0
275395,0.0,0.0,0.0,0.0,0.0,0.0,udp,0.0,,cs0,,63.0,,1.0,,Start,1,1,0,42,42,0,42.0,0.0,0.0,0.0,0.0,0,0,0,0.0,,,0.0,0.0,0.0,INT,,,,,0.0,0.0,0.0,0
275398,0.0,0.0,0.0,0.0,0.0,0.0,udp,0.0,,cs0,,63.0,,1.0,,Start,1,1,0,42,42,0,42.0,0.0,0.0,0.0,0.0,0,0,0,0.0,,,0.0,0.0,0.0,INT,,,,,0.0,0.0,0.0,0
275423,2.584771,2.584771,2.584771,2.584771,2.584771,2.584771,udp,0.0,,cs0,,63.0,,1.0,,Start,2,2,0,84,84,0,42.0,0.0,129.992172,129.992172,0.0,0,0,0,0.0,,,0.386881,0.386881,0.0,INT,,,,,0.0,0.0,0.0,0
275437,0.0,0.0,0.0,0.0,0.0,0.0,udp,0.0,,cs0,,63.0,,1.0,,Start,1,1,0,42,42,0,42.0,0.0,0.0,0.0,0.0,0,0,0,0.0,,,0.0,0.0,0.0,INT,,,,,0.0,0.0,0.0,0
275463,0.0,0.0,0.0,0.0,0.0,0.0,udp,0.0,,cs0,,63.0,,1.0,,Start,1,1,0,42,42,0,42.0,0.0,0.0,0.0,0.0,0,0,0,0.0,,,0.0,0.0,0.0,INT,,,,,0.0,0.0,0.0,0
275505,0.0,0.0,0.0,0.0,0.0,0.0,udp,0.0,,cs0,,63.0,,1.0,,Start,1,1,0,42,42,0,42.0,0.0,0.0,0.0,0.0,0,0,0,0.0,,,0.0,0.0,0.0,INT,,,,,0.0,0.0,0.0,0
275511,0.0,0.0,0.0,0.0,0.0,0.0,udp,0.0,,cs0,,63.0,,1.0,,Start,1,1,0,42,42,0,42.0,0.0,0.0,0.0,0.0,0,0,0,0.0,,,0.0,0.0,0.0,INT,,,,,0.0,0.0,0.0,0
275562,2.584541,2.584541,2.584541,2.584541,2.584541,2.584541,udp,0.0,,cs0,,63.0,,1.0,,Start,2,2,0,84,84,0,42.0,0.0,130.003738,130.003738,0.0,0,0,0,0.0,,,0.386916,0.386916,0.0,INT,,,,,0.0,0.0,0.0,0
275578,2.583153,2.583153,2.583153,2.583153,2.583153,2.583153,udp,0.0,,cs0,,63.0,,1.0,,Start,2,2,0,84,84,0,42.0,0.0,130.073593,130.073593,0.0,0,0,0,0.0,,,0.387124,0.387124,0.0,INT,,,,,0.0,0.0,0.0,0
275608,2.581969,2.581969,2.581969,2.581969,2.581969,2.581969,udp,0.0,,cs0,,63.0,,1.0,,Start,2,2,0,84,84,0,42.0,0.0,130.13324,130.13324,0.0,0,0,0,0.0,,,0.387301,0.387301,0.0,INT,,,,,0.0,0.0,0.0,0
275685,2.588426,2.588426,2.588426,2.588426,2.588426,2.588426,udp,0.0,,cs0,,63.0,,1.0,,Start,2,2,0,84,84,0,42.0,0.0,129.808609,129.808609,0.0,0,0,0,0.0,,,0.386335,0.386335,0.0,INT,,,,,0.0,0.0,0.0,0
275743,0.0,0.0,0.0,0.0,0.0,0.0,udp,0.0,,cs0,,63.0,,1.0,,Start,1,1,0,42,42,0,42.0,0.0,0.0,0.0,0.0,0,0,0,0.0,,,0.0,0.0,0.0,INT,,,,,0.0,0.0,0.0,0
275848,0.0,0.0,0.0,0.0,0.0,0.0,udp,0.0,,cs0,,63.0,,1.0,,Start,1,1,0,42,42,0,42.0,0.0,0.0,0.0,0.0,0,0,0,0.0,,,0.0,0.0,0.0,INT,,,,,0.0,0.0,0.0,0
275898,0.0,0.0,0.0,0.0,0.0,0.0,udp,0.0,,cs0,,63.0,,1.0,,Start,1,1,0,42,42,0,42.0,0.0,0.0,0.0,0.0,0,0,0,0.0,,,0.0,0.0,0.0,INT,,,,,0.0,0.0,0.0,0
275947,2.580964,2.580964,2.580964,2.580964,2.580964,2.580964,udp,0.0,,cs0,,63.0,,1.0,,Start,2,2,0,84,84,0,42.0,0.0,130.183914,130.183914,0.0,0,0,0,0.0,,,0.387452,0.387452,0.0,INT,,,,,0.0,0.0,0.0,0
275969,0.0,0.0,0.0,0.0,0.0,0.0,udp,0.0,,cs0,,63.0,,1.0,,Start,1,1,0,42,42,0,42.0,0.0,0.0,0.0,0.0,0,0,0,0.0,,,0.0,0.0,0.0,INT,,,,,0.0,0.0,0.0,0
275980,0.0,0.0,0.0,0.0,0.0,0.0,udp,0.0,,cs0,,63.0,,1.0,,Start,1,1,0,42,42,0,42.0,0.0,0.0,0.0,0.0,0,0,0,0.0,,,0.0,0.0,0.0,INT,,,,,0.0,0.0,0.0,0
275992,0.0,0.0,0.0,0.0,0.0,0.0,udp,0.0,,cs0,,63.0,,1.0,,Start,1,1,0,42,42,0,42.0,0.0,0.0,0.0,0.0,0,0,0,0.0,,,0.0,0.0,0.0,INT,,,,,0.0,0.0,0.0,0
276088,0.0,0.0,0.0,0.0,0.0,0.0,udp,0.0,,cs0,,63.0,,1.0,,Start,1,1,0,42,42,0,42.0,0.0,0.0,0.0,0.0,0,0,0,0.0,,,0.0,0.0,0.0,INT,,,,,0.0,0.0,0.0,0
276143,0.0,0.0,0.0,0.0,0.0,0.0,udp,0.0,,cs0,,63.0,,1.0,,Start,1,1,0,42,42,0,42.0,0.0,0.0,0.0,0.0,0,0,0,0.0,,,0.0,0.0,0.0,INT,,,,,0.0,0.0,0.0,0
276151,2.583024,2.583024,2.583024,2.583024,2.583024,2.583024,udp,0.0,,cs0,,63.0,,1.0,,Start,2,2,0,84,84,0,42.0,0.0,130.080093,130.080093,0.0,0,0,0,0.0,,,0.387143,0.387143,0.0,INT,,,,,0.0,0.0,0.0,0
276154,2.583042,2.583042,2.583042,2.583042,2.583042,2.583042,udp,0.0,,cs0,,63.0,,1.0,,Start,2,2,0,84,84,0,42.0,0.0,130.079193,130.079193,0.0,0,0,0,0.0,,,0.38714,0.38714,0.0,INT,,,,,0.0,0.0,0.0,0
276252,0.0,0.0,0.0,0.0,0.0,0.0,udp,0.0,,cs0,,63.0,,1.0,,Start,1,1,0,42,42,0,42.0,0.0,0.0,0.0,0.0,0,0,0,0.0,,,0.0,0.0,0.0,INT,,,,,0.0,0.0,0.0,0
276261,0.0,0.0,0.0,0.0,0.0,0.0,udp,0.0,,cs0,,63.0,,1.0,,Start,1,1,0,42,42,0,42.0,0.0,0.0,0.0,0.0,0,0,0,0.0,,,0.0,0.0,0.0,INT,,,,,0.0,0.0,0.0,0
276280,2.578726,2.578726,2.578726,2.578726,2.578726,2.578726,udp,0.0,,cs0,,63.0,,1.0,,Start,2,2,0,84,84,0,42.0,0.0,130.29689,130.29689,0.0,0,0,0,0.0,,,0.387788,0.387788,0.0,INT,,,,,0.0,0.0,0.0,0
276315,2.584983,2.584983,2.584983,2.584983,2.584983,2.584983,udp,0.0,,cs0,,63.0,,1.0,,Start,2,2,0,84,84,0,42.0,0.0,129.981506,129.981506,0.0,0,0,0,0.0,,,0.38685,0.38685,0.0,INT,,,,,0.0,0.0,0.0,0
276330,2.580222,2.580222,2.580222,2.580222,2.580222,2.580222,udp,0.0,,cs0,,63.0,,1.0,,Start,2,2,0,84,84,0,42.0,0.0,130.221359,130.221359,0.0,0,0,0,0.0,,,0.387564,0.387564,0.0,INT,,,,,0.0,0.0,0.0,0
276367,0.0,0.0,0.0,0.0,0.0,0.0,udp,0.0,,cs0,,63.0,,1.0,,Start,1,1,0,42,42,0,42.0,0.0,0.0,0.0,0.0,0,0,0,0.0,,,0.0,0.0,0.0,INT,,,,,0.0,0.0,0.0,0
276368,0.0,0.0,0.0,0.0,0.0,0.0,udp,0.0,,cs0,,63.0,,1.0,,Start,1,1,0,42,42,0,42.0,0.0,0.0,0.0,0.0,0,0,0,0.0,,,0.0,0.0,0.0,INT,,,,,0.0,0.0,0.0,0
276392,0.0,0.0,0.0,0.0,0.0,0.0,udp,0.0,,cs0,,63.0,,1.0,,Start,1,1,0,42,42,0,42.0,0.0,0.0,0.0,0.0,0,0,0,0.0,,,0.0,0.0,0.0,INT,,,,,0.0,0.0,0.0,0
276495,0.0,0.0,0.0,0.0,0.0,0.0,udp,0.0,,cs0,,63.0,,1.0,,Start,1,1,0,42,42,0,42.0,0.0,0.0,0.0,0.0,0,0,0,0.0,,,0.0,0.0,0.0,INT,,,,,0.0,0.0,0.0,0
276510,2.585186,2.585186,2.585186,2.585186,2.585186,2.585186,udp,0.0,,cs0,,63.0,,1.0,,Start,2,2,0,84,84,0,42.0,0.0,129.971298,129.971298,0.0,0,0,0,0.0,,,0.386819,0.386819,0.0,INT,,,,,0.0,0.0,0.0,0
276519,2.583058,2.583058,2.583058,2.583058,2.583058,2.583058,udp,0.0,,cs0,,63.0,,1.0,,Start,2,2,0,84,84,0,42.0,0.0,130.078369,130.078369,0.0,0,0,0,0.0,,,0.387138,0.387138,0.0,INT,,,,,0.0,0.0,0.0,0
276614,2.581825,2.581825,2.581825,2.581825,2.581825,2.581825,udp,0.0,,cs0,,63.0,,1.0,,Start,2,2,0,84,84,0,42.0,0.0,130.140503,130.140503,0.0,0,0,0,0.0,,,0.387323,0.387323,0.0,INT,,,,,0.0,0.0,0.0,0
276689,0.0,0.0,0.0,0.0,0.0,0.0,udp,0.0,,cs0,,63.0,,1.0,,Start,1,1,0,42,42,0,42.0,0.0,0.0,0.0,0.0,0,0,0,0.0,,,0.0,0.0,0.0,INT,,,,,0.0,0.0,0.0,0
276718,2.583317,2.583317,2.583317,2.583317,2.583317,2.583317,udp,0.0,,cs0,,63.0,,1.0,,Start,2,2,0,84,84,0,42.0,0.0,130.065338,130.065338,0.0,0,0,0,0.0,,,0.387099,0.387099,0.0,INT,,,,,0.0,0.0,0.0,0
276844,2.581094,2.581094,2.581094,2.581094,2.581094,2.581094,udp,0.0,,cs0,,63.0,,1.0,,Start,2,2,0,84,84,0,42.0,0.0,130.177353,130.177353,0.0,0,0,0,0.0,,,0.387433,0.387433,0.0,INT,,,,,0.0,0.0,0.0,0
276855,2.584982,2.584982,2.584982,2.584982,2.584982,2.584982,udp,0.0,,cs0,,63.0,,1.0,,Start,2,2,0,84,84,0,42.0,0.0,129.981567,129.981567,0.0,0,0,0,0.0,,,0.38685,0.38685,0.0,INT,,,,,0.0,0.0,0.0,0
276956,2.582682,2.582682,2.582682,2.582682,2.582682,2.582682,udp,0.0,,cs0,,63.0,,1.0,,Start,2,2,0,84,84,0,42.0,0.0,130.097321,130.097321,0.0,0,0,0,0.0,,,0.387194,0.387194,0.0,INT,,,,,0.0,0.0,0.0,0
276991,0.0,0.0,0.0,0.0,0.0,0.0,udp,0.0,,cs0,,63.0,,1.0,,Start,1,1,0,42,42,0,42.0,0.0,0.0,0.0,0.0,0,0,0,0.0,,,0.0,0.0,0.0,INT,,,,,0.0,0.0,0.0,0
277022,2.579476,2.579476,2.579476,2.579476,2.579476,2.579476,udp,0.0,,cs0,,63.0,,1.0,,Start,2,2,0,84,84,0,42.0,0.0,130.259003,130.259003,0.0,0,0,0,0.0,,,0.387676,0.387676,0.0,INT,,,,,0.0,0.0,0.0,0
277165,0.0,0.0,0.0,0.0,0.0,0.0,udp,0.0,,cs0,,63.0,,1.0,,Start,1,1,0,42,42,0,42.0,0.0,0.0,0.0,0.0,0,0,0,0.0,,,0.0,0.0,0.0,INT,,,,,0.0,0.0,0.0,0
277180,0.0,0.0,0.0,0.0,0.0,0.0,udp,0.0,,cs0,,63.0,,1.0,,Start,1,1,0,42,42,0,42.0,0.0,0.0,0.0,0.0,0,0,0,0.0,,,0.0,0.0,0.0,INT,,,,,0.0,0.0,0.0,0
277237,2.576271,2.576271,2.576271,2.576271,2.576271,2.576271,udp,0.0,,cs0,,63.0,,1.0,,Start,2,2,0,84,84,0,42.0,0.0,130.421066,130.421066,0.0,0,0,0,0.0,,,0.388158,0.388158,0.0,INT,,,,,0.0,0.0,0.0,0
277246,0.0,0.0,0.0,0.0,0.0,0.0,udp,0.0,,cs0,,63.0,,1.0,,Start,1,1,0,42,42,0,42.0,0.0,0.0,0.0,0.0,0,0,0,0.0,,,0.0,0.0,0.0,INT,,,,,0.0,0.0,0.0,0
277259,0.0,0.0,0.0,0.0,0.0,0.0,udp,0.0,,cs0,,63.0,,1.0,,Start,1,1,0,42,42,0,42.0,0.0,0.0,0.0,0.0,0,0,0,0.0,,,0.0,0.0,0.0,INT,,,,,0.0,0.0,0.0,0
277308,2.578269,2.578269,2.578269,2.578269,2.578269,2.578269,udp,0.0,,cs0,,63.0,,1.0,,Start,2,2,0,84,84,0,42.0,0.0,130.319992,130.319992,0.0,0,0,0,0.0,,,0.387857,0.387857,0.0,INT,,,,,0.0,0.0,0.0,0
277322,0.0,0.0,0.0,0.0,0.0,0.0,udp,0.0,,cs0,,63.0,,1.0,,Start,1,1,0,42,42,0,42.0,0.0,0.0,0.0,0.0,0,0,0,0.0,,,0.0,0.0,0.0,INT,,,,,0.0,0.0,0.0,0
277328,0.0,0.0,0.0,0.0,0.0,0.0,udp,0.0,,cs0,,63.0,,1.0,,Start,1,1,0,42,42,0,42.0,0.0,0.0,0.0,0.0,0,0,0,0.0,,,0.0,0.0,0.0,INT,,,,,0.0,0.0,0.0,0
277336,2.583133,2.583133,2.583133,2.583133,2.583133,2.583133,udp,0.0,,cs0,,63.0,,1.0,,Start,2,2,0,84,84,0,42.0,0.0,130.0746,130.0746,0.0,0,0,0,0.0,,,0.387127,0.387127,0.0,INT,,,,,0.0,0.0,0.0,0
277337,2.582941,2.582941,2.582941,2.582941,2.582941,2.582941,udp,0.0,,cs0,,63.0,,1.0,,Start,2,2,0,84,84,0,42.0,0.0,130.084274,130.084274,0.0,0,0,0,0.0,,,0.387156,0.387156,0.0,INT,,,,,0.0,0.0,0.0,0
277356,2.583034,2.583034,2.583034,2.583034,2.583034,2.583034,udp,0.0,,cs0,,63.0,,1.0,,Start,2,2,0,84,84,0,42.0,0.0,130.07959,130.07959,0.0,0,0,0,0.0,,,0.387142,0.387142,0.0,INT,,,,,0.0,0.0,0.0,0
277371,2.577795,2.577795,2.577795,2.577795,2.577795,2.577795,udp,0.0,,cs0,,63.0,,1.0,,Start,2,2,0,84,84,0,42.0,0.0,130.343948,130.343948,0.0,0,0,0,0.0,,,0.387928,0.387928,0.0,INT,,,,,0.0,0.0,0.0,0
277382,2.581844,2.581844,2.581844,2.581844,2.581844,2.581844,udp,0.0,,cs0,,63.0,,1.0,,Start,2,2,0,84,84,0,42.0,0.0,130.139542,130.139542,0.0,0,0,0,0.0,,,0.38732,0.38732,0.0,INT,,,,,0.0,0.0,0.0,0
277395,2.582706,2.582706,2.582706,2.582706,2.582706,2.582706,udp,0.0,,cs0,,63.0,,1.0,,Start,2,2,0,84,84,0,42.0,0.0,130.096115,130.096115,0.0,0,0,0,0.0,,,0.387191,0.387191,0.0,INT,,,,,0.0,0.0,0.0,0
277397,2.582706,2.582706,2.582706,2.582706,2.582706,2.582706,udp,0.0,,cs0,,63.0,,1.0,,Start,2,2,0,84,84,0,42.0,0.0,130.096115,130.096115,0.0,0,0,0,0.0,,,0.387191,0.387191,0.0,INT,,,,,0.0,0.0,0.0,0
277422,0.0,0.0,0.0,0.0,0.0,0.0,udp,0.0,,cs0,,63.0,,1.0,,Start,1,1,0,42,42,0,42.0,0.0,0.0,0.0,0.0,0,0,0,0.0,,,0.0,0.0,0.0,INT,,,,,0.0,0.0,0.0,0
277439,2.583745,2.583745,2.583745,2.583745,2.583745,2.583745,udp,0.0,,cs0,,63.0,,1.0,,Start,2,2,0,84,84,0,42.0,0.0,130.043793,130.043793,0.0,0,0,0,0.0,,,0.387035,0.387035,0.0,INT,,,,,0.0,0.0,0.0,0
277458,2.581682,2.581682,2.581682,2.581682,2.581682,2.581682,udp,0.0,,cs0,,63.0,,1.0,,Start,2,2,0,84,84,0,42.0,0.0,130.147705,130.147705,0.0,0,0,0,0.0,,,0.387344,0.387344,0.0,INT,,,,,0.0,0.0,0.0,0
277468,2.579507,2.579507,2.579507,2.579507,2.579507,2.579507,udp,0.0,,cs0,,63.0,,1.0,,Start,2,2,0,84,84,0,42.0,0.0,130.257446,130.257446,0.0,0,0,0,0.0,,,0.387671,0.387671,0.0,INT,,,,,0.0,0.0,0.0,0
277483,0.0,0.0,0.0,0.0,0.0,0.0,udp,0.0,,cs0,,63.0,,1.0,,Start,1,1,0,42,42,0,42.0,0.0,0.0,0.0,0.0,0,0,0,0.0,,,0.0,0.0,0.0,INT,,,,,0.0,0.0,0.0,0
277511,2.583074,2.583074,2.583074,2.583074,2.583074,2.583074,udp,0.0,,cs0,,63.0,,1.0,,Start,2,2,0,84,84,0,42.0,0.0,130.077576,130.077576,0.0,0,0,0,0.0,,,0.387136,0.387136,0.0,INT,,,,,0.0,0.0,0.0,0
277534,0.0,0.0,0.0,0.0,0.0,0.0,udp,0.0,,cs0,,63.0,,1.0,,Start,1,1,0,42,42,0,42.0,0.0,0.0,0.0,0.0,0,0,0,0.0,,,0.0,0.0,0.0,INT,,,,,0.0,0.0,0.0,0
277545,2.58027,2.58027,2.58027,2.58027,2.58027,2.58027,udp,0.0,,cs0,,63.0,,1.0,,Start,2,2,0,84,84,0,42.0,0.0,130.218933,130.218933,0.0,0,0,0,0.0,,,0.387556,0.387556,0.0,INT,,,,,0.0,0.0,0.0,0
277549,2.581904,2.581904,2.581904,2.581904,2.581904,2.581904,udp,0.0,,cs0,,63.0,,1.0,,Start,2,2,0,84,84,0,42.0,0.0,130.13652,130.13652,0.0,0,0,0,0.0,,,0.387311,0.387311,0.0,INT,,,,,0.0,0.0,0.0,0
277580,2.585155,2.585155,2.585155,2.585155,2.585155,2.585155,udp,0.0,,cs0,,63.0,,1.0,,Start,2,2,0,84,84,0,42.0,0.0,129.97287,129.97287,0.0,0,0,0,0.0,,,0.386824,0.386824,0.0,INT,,,,,0.0,0.0,0.0,0
277630,2.580201,2.580201,2.580201,2.580201,2.580201,2.580201,udp,0.0,,cs0,,63.0,,1.0,,Start,2,2,0,84,84,0,42.0,0.0,130.222412,130.222412,0.0,0,0,0,0.0,,,0.387567,0.387567,0.0,INT,,,,,0.0,0.0,0.0,0
277681,0.0,0.0,0.0,0.0,0.0,0.0,udp,0.0,,cs0,,63.0,,1.0,,Start,1,1,0,42,42,0,42.0,0.0,0.0,0.0,0.0,0,0,0,0.0,,,0.0,0.0,0.0,INT,,,,,0.0,0.0,0.0,0
277700,0.0,0.0,0.0,0.0,0.0,0.0,udp,0.0,,cs0,,63.0,,1.0,,Start,1,1,0,42,42,0,42.0,0.0,0.0,0.0,0.0,0,0,0,0.0,,,0.0,0.0,0.0,INT,,,,,0.0,0.0,0.0,0
277893,0.0,0.0,0.0,0.0,0.0,0.0,udp,0.0,,cs0,,63.0,,1.0,,Start,1,1,0,42,42,0,42.0,0.0,0.0,0.0,0.0,0,0,0,0.0,,,0.0,0.0,0.0,INT,,,,,0.0,0.0,0.0,0
277899,0.0,0.0,0.0,0.0,0.0,0.0,udp,0.0,,cs0,,63.0,,1.0,,Start,1,1,0,42,42,0,42.0,0.0,0.0,0.0,0.0,0,0,0,0.0,,,0.0,0.0,0.0,INT,,,,,0.0,0.0,0.0,0
278018,0.0,0.0,0.0,0.0,0.0,0.0,udp,0.0,,cs0,,63.0,,1.0,,Start,1,1,0,42,42,0,42.0,0.0,0.0,0.0,0.0,0,0,0,0.0,,,0.0,0.0,0.0,INT,,,,,0.0,0.0,0.0,0
278159,2.589927,2.589927,2.589927,2.589927,2.589927,2.589927,udp,0.0,,cs0,,63.0,,1.0,,Start,2,2,0,84,84,0,42.0,0.0,129.733383,129.733383,0.0,0,0,0,0.0,,,0.386111,0.386111,0.0,INT,,,,,0.0,0.0,0.0,0
278188,0.0,0.0,0.0,0.0,0.0,0.0,udp,0.0,,cs0,,63.0,,1.0,,Start,1,1,0,42,42,0,42.0,0.0,0.0,0.0,0.0,0,0,0,0.0,,,0.0,0.0,0.0,INT,,,,,0.0,0.0,0.0,0
278219,0.0,0.0,0.0,0.0,0.0,0.0,udp,0.0,,cs0,,63.0,,1.0,,Start,1,1,0,42,42,0,42.0,0.0,0.0,0.0,0.0,0,0,0,0.0,,,0.0,0.0,0.0,INT,,,,,0.0,0.0,0.0,0
278251,2.582067,2.582067,2.582067,2.582067,2.582067,2.582067,udp,0.0,,cs0,,63.0,,1.0,,Start,2,2,0,84,84,0,42.0,0.0,130.128311,130.128311,0.0,0,0,0,0.0,,,0.387287,0.387287,0.0,INT,,,,,0.0,0.0,0.0,0
278290,2.580327,2.580327,2.580327,2.580327,2.580327,2.580327,udp,0.0,,cs0,,63.0,,1.0,,Start,2,2,0,84,84,0,42.0,0.0,130.216049,130.216049,0.0,0,0,0,0.0,,,0.387548,0.387548,0.0,INT,,,,,0.0,0.0,0.0,0
278329,2.580214,2.580214,2.580214,2.580214,2.580214,2.580214,udp,0.0,,cs0,,63.0,,1.0,,Start,2,2,0,84,84,0,42.0,0.0,130.221756,130.221756,0.0,0,0,0,0.0,,,0.387565,0.387565,0.0,INT,,,,,0.0,0.0,0.0,0
278367,2.57777,2.57777,2.57777,2.57777,2.57777,2.57777,udp,0.0,,cs0,,63.0,,1.0,,Start,2,2,0,84,84,0,42.0,0.0,130.345215,130.345215,0.0,0,0,0,0.0,,,0.387932,0.387932,0.0,INT,,,,,0.0,0.0,0.0,0
278426,0.0,0.0,0.0,0.0,0.0,0.0,udp,0.0,,cs0,,63.0,,1.0,,Start,1,1,0,42,42,0,42.0,0.0,0.0,0.0,0.0,0,0,0,0.0,,,0.0,0.0,0.0,INT,,,,,0.0,0.0,0.0,0
278428,2.579057,2.579057,2.579057,2.579057,2.579057,2.579057,udp,0.0,,cs0,,63.0,,1.0,,Start,2,2,0,84,84,0,42.0,0.0,130.280182,130.280182,0.0,0,0,0,0.0,,,0.387739,0.387739,0.0,INT,,,,,0.0,0.0,0.0,0
278485,0.0,0.0,0.0,0.0,0.0,0.0,udp,0.0,,cs0,,63.0,,1.0,,Start,1,1,0,42,42,0,42.0,0.0,0.0,0.0,0.0,0,0,0,0.0,,,0.0,0.0,0.0,INT,,,,,0.0,0.0,0.0,0
278525,0.0,0.0,0.0,0.0,0.0,0.0,udp,0.0,,cs0,,63.0,,1.0,,Start,1,1,0,42,42,0,42.0,0.0,0.0,0.0,0.0,0,0,0,0.0,,,0.0,0.0,0.0,INT,,,,,0.0,0.0,0.0,0
278538,0.0,0.0,0.0,0.0,0.0,0.0,udp,0.0,,cs0,,63.0,,1.0,,Start,1,1,0,42,42,0,42.0,0.0,0.0,0.0,0.0,0,0,0,0.0,,,0.0,0.0,0.0,INT,,,,,0.0,0.0,0.0,0
278582,2.576709,2.576709,2.576709,2.576709,2.576709,2.576709,udp,0.0,,cs0,,63.0,,1.0,,Start,2,2,0,84,84,0,42.0,0.0,130.398895,130.398895,0.0,0,0,0,0.0,,,0.388092,0.388092,0.0,INT,,,,,0.0,0.0,0.0,0
278609,2.578288,2.578288,2.578288,2.578288,2.578288,2.578288,udp,0.0,,cs0,,63.0,,1.0,,Start,2,2,0,84,84,0,42.0,0.0,130.319031,130.319031,0.0,0,0,0,0.0,,,0.387854,0.387854,0.0,INT,,,,,0.0,0.0,0.0,0
278629,0.0,0.0,0.0,0.0,0.0,0.0,udp,0.0,,cs0,,63.0,,1.0,,Start,1,1,0,42,42,0,42.0,0.0,0.0,0.0,0.0,0,0,0,0.0,,,0.0,0.0,0.0,INT,,,,,0.0,0.0,0.0,0
278636,0.0,0.0,0.0,0.0,0.0,0.0,udp,0.0,,cs0,,63.0,,1.0,,Start,1,1,0,42,42,0,42.0,0.0,0.0,0.0,0.0,0,0,0,0.0,,,0.0,0.0,0.0,INT,,,,,0.0,0.0,0.0,0
278673,2.580403,2.580403,2.580403,2.580403,2.580403,2.580403,udp,0.0,,cs0,,63.0,,1.0,,Start,2,2,0,84,84,0,42.0,0.0,130.212219,130.212219,0.0,0,0,0,0.0,,,0.387536,0.387536,0.0,INT,,,,,0.0,0.0,0.0,0
278697,2.580609,2.580609,2.580609,2.580609,2.580609,2.580609,udp,0.0,,cs0,,63.0,,1.0,,Start,2,2,0,84,84,0,42.0,0.0,130.201813,130.201813,0.0,0,0,0,0.0,,,0.387505,0.387505,0.0,INT,,,,,0.0,0.0,0.0,0
278703,0.0,0.0,0.0,0.0,0.0,0.0,udp,0.0,,cs0,,63.0,,1.0,,Start,1,1,0,42,42,0,42.0,0.0,0.0,0.0,0.0,0,0,0,0.0,,,0.0,0.0,0.0,INT,,,,,0.0,0.0,0.0,0
278705,0.0,0.0,0.0,0.0,0.0,0.0,udp,0.0,,cs0,,63.0,,1.0,,Start,1,1,0,42,42,0,42.0,0.0,0.0,0.0,0.0,0,0,0,0.0,,,0.0,0.0,0.0,INT,,,,,0.0,0.0,0.0,0
278756,0.0,0.0,0.0,0.0,0.0,0.0,udp,0.0,,cs0,,63.0,,1.0,,Start,1,1,0,42,42,0,42.0,0.0,0.0,0.0,0.0,0,0,0,0.0,,,0.0,0.0,0.0,INT,,,,,0.0,0.0,0.0,0
278833,2.57282,2.57282,2.57282,2.57282,2.57282,2.57282,udp,0.0,,cs0,,63.0,,1.0,,Start,2,2,0,84,84,0,42.0,0.0,130.596008,130.596008,0.0,0,0,0,0.0,,,0.388679,0.388679,0.0,INT,,,,,0.0,0.0,0.0,0
278850,2.577958,2.577958,2.577958,2.577958,2.577958,2.577958,udp,0.0,,cs0,,63.0,,1.0,,Start,2,2,0,84,84,0,42.0,0.0,130.335709,130.335709,0.0,0,0,0,0.0,,,0.387904,0.387904,0.0,INT,,,,,0.0,0.0,0.0,0
278866,2.578009,2.578009,2.578009,2.578009,2.578009,2.578009,udp,0.0,,cs0,,63.0,,1.0,,Start,2,2,0,84,84,0,42.0,0.0,130.333145,130.333145,0.0,0,0,0,0.0,,,0.387896,0.387896,0.0,INT,,,,,0.0,0.0,0.0,0
278889,2.579884,2.579884,2.579884,2.579884,2.579884,2.579884,udp,0.0,,cs0,,63.0,,1.0,,Start,2,2,0,84,84,0,42.0,0.0,130.238419,130.238419,0.0,0,0,0,0.0,,,0.387614,0.387614,0.0,INT,,,,,0.0,0.0,0.0,0
278986,0.0,0.0,0.0,0.0,0.0,0.0,udp,0.0,,cs0,,63.0,,1.0,,Start,1,1,0,42,42,0,42.0,0.0,0.0,0.0,0.0,0,0,0,0.0,,,0.0,0.0,0.0,INT,,,,,0.0,0.0,0.0,0
279019,2.576206,2.576206,2.576206,2.576206,2.576206,2.576206,udp,0.0,,cs0,,63.0,,1.0,,Start,2,2,0,84,84,0,42.0,0.0,130.424347,130.424347,0.0,0,0,0,0.0,,,0.388168,0.388168,0.0,INT,,,,,0.0,0.0,0.0,0
279029,2.575126,2.575126,2.575126,2.575126,2.575126,2.575126,udp,0.0,,cs0,,63.0,,1.0,,Start,2,2,0,84,84,0,42.0,0.0,130.47905,130.47905,0.0,0,0,0,0.0,,,0.388331,0.388331,0.0,INT,,,,,0.0,0.0,0.0,0
279038,0.0,0.0,0.0,0.0,0.0,0.0,udp,0.0,,cs0,,63.0,,1.0,,Start,1,1,0,42,42,0,42.0,0.0,0.0,0.0,0.0,0,0,0,0.0,,,0.0,0.0,0.0,INT,,,,,0.0,0.0,0.0,0
279068,0.0,0.0,0.0,0.0,0.0,0.0,udp,0.0,,cs0,,63.0,,1.0,,Start,1,1,0,42,42,0,42.0,0.0,0.0,0.0,0.0,0,0,0,0.0,,,0.0,0.0,0.0,INT,,,,,0.0,0.0,0.0,0
279152,2.588835,2.588835,2.588835,2.588835,2.588835,2.588835,udp,0.0,,cs0,,63.0,,1.0,,Start,2,2,0,84,84,0,42.0,0.0,129.788116,129.788116,0.0,0,0,0,0.0,,,0.386274,0.386274,0.0,INT,,,,,0.0,0.0,0.0,0
279281,0.0,0.0,0.0,0.0,0.0,0.0,udp,0.0,,cs0,,63.0,,1.0,,Start,1,1,0,42,42,0,42.0,0.0,0.0,0.0,0.0,0,0,0,0.0,,,0.0,0.0,0.0,INT,,,,,0.0,0.0,0.0,0
279288,0.0,0.0,0.0,0.0,0.0,0.0,udp,0.0,,cs0,,63.0,,1.0,,Start,1,1,0,42,42,0,42.0,0.0,0.0,0.0,0.0,0,0,0,0.0,,,0.0,0.0,0.0,INT,,,,,0.0,0.0,0.0,0
279315,0.0,0.0,0.0,0.0,0.0,0.0,udp,0.0,,cs0,,63.0,,1.0,,Start,1,1,0,42,42,0,42.0,0.0,0.0,0.0,0.0,0,0,0,0.0,,,0.0,0.0,0.0,INT,,,,,0.0,0.0,0.0,0
279324,2.580246,2.580246,2.580246,2.580246,2.580246,2.580246,udp,0.0,,cs0,,63.0,,1.0,,Start,2,2,0,84,84,0,42.0,0.0,130.220139,130.220139,0.0,0,0,0,0.0,,,0.38756,0.38756,0.0,INT,,,,,0.0,0.0,0.0,0
279381,2.577089,2.577089,2.577089,2.577089,2.577089,2.577089,udp,0.0,,cs0,,63.0,,1.0,,Start,2,2,0,84,84,0,42.0,0.0,130.379654,130.379654,0.0,0,0,0,0.0,,,0.388035,0.388035,0.0,INT,,,,,0.0,0.0,0.0,0
279436,0.0,0.0,0.0,0.0,0.0,0.0,udp,0.0,,cs0,,63.0,,1.0,,Start,1,1,0,42,42,0,42.0,0.0,0.0,0.0,0.0,0,0,0,0.0,,,0.0,0.0,0.0,INT,,,,,0.0,0.0,0.0,0
279476,0.0,0.0,0.0,0.0,0.0,0.0,udp,0.0,,cs0,,63.0,,1.0,,Start,1,1,0,42,42,0,42.0,0.0,0.0,0.0,0.0,0,0,0,0.0,,,0.0,0.0,0.0,INT,,,,,0.0,0.0,0.0,0
279543,0.0,0.0,0.0,0.0,0.0,0.0,udp,0.0,,cs0,,63.0,,1.0,,Start,1,1,0,42,42,0,42.0,0.0,0.0,0.0,0.0,0,0,0,0.0,,,0.0,0.0,0.0,INT,,,,,0.0,0.0,0.0,0
279572,0.0,0.0,0.0,0.0,0.0,0.0,udp,0.0,,cs0,,63.0,,1.0,,Start,1,1,0,42,42,0,42.0,0.0,0.0,0.0,0.0,0,0,0,0.0,,,0.0,0.0,0.0,INT,,,,,0.0,0.0,0.0,0
279605,0.0,0.0,0.0,0.0,0.0,0.0,udp,0.0,,cs0,,63.0,,1.0,,Start,1,1,0,42,42,0,42.0,0.0,0.0,0.0,0.0,0,0,0,0.0,,,0.0,0.0,0.0,INT,,,,,0.0,0.0,0.0,0
279657,2.575134,2.575134,2.575134,2.575134,2.575134,2.575134,udp,0.0,,cs0,,63.0,,1.0,,Start,2,2,0,84,84,0,42.0,0.0,130.478638,130.478638,0.0,0,0,0,0.0,,,0.388329,0.388329,0.0,INT,,,,,0.0,0.0,0.0,0
279703,2.579198,2.579198,2.579198,2.579198,2.579198,2.579198,udp,0.0,,cs0,,63.0,,1.0,,Start,2,2,0,84,84,0,42.0,0.0,130.273056,130.273056,0.0,0,0,0,0.0,,,0.387717,0.387717,0.0,INT,,,,,0.0,0.0,0.0,0
279735,2.577665,2.577665,2.577665,2.577665,2.577665,2.577665,udp,0.0,,cs0,,63.0,,1.0,,Start,2,2,0,84,84,0,42.0,0.0,130.350525,130.350525,0.0,0,0,0,0.0,,,0.387948,0.387948,0.0,INT,,,,,0.0,0.0,0.0,0
279836,2.581066,2.581066,2.581066,2.581066,2.581066,2.581066,udp,0.0,,cs0,,63.0,,1.0,,Start,2,2,0,84,84,0,42.0,0.0,130.178772,130.178772,0.0,0,0,0,0.0,,,0.387437,0.387437,0.0,INT,,,,,0.0,0.0,0.0,0
279892,2.577223,2.577223,2.577223,2.577223,2.577223,2.577223,udp,0.0,,cs0,,63.0,,1.0,,Start,2,2,0,84,84,0,42.0,0.0,130.372879,130.372879,0.0,0,0,0,0.0,,,0.388015,0.388015,0.0,INT,,,,,0.0,0.0,0.0,0
279915,2.579058,2.579058,2.579058,2.579058,2.579058,2.579058,udp,0.0,,cs0,,63.0,,1.0,,Start,2,2,0,84,84,0,42.0,0.0,130.280136,130.280136,0.0,0,0,0,0.0,,,0.387738,0.387738,0.0,INT,,,,,0.0,0.0,0.0,0
279944,2.579901,2.579901,2.579901,2.579901,2.579901,2.579901,udp,0.0,,cs0,,63.0,,1.0,,Start,2,2,0,84,84,0,42.0,0.0,130.237564,130.237564,0.0,0,0,0,0.0,,,0.387612,0.387612,0.0,INT,,,,,0.0,0.0,0.0,0
279948,2.579892,2.579892,2.579892,2.579892,2.579892,2.579892,udp,0.0,,cs0,,63.0,,1.0,,Start,2,2,0,84,84,0,42.0,0.0,130.238007,130.238007,0.0,0,0,0,0.0,,,0.387613,0.387613,0.0,INT,,,,,0.0,0.0,0.0,0
280052,2.575931,2.575931,2.575931,2.575931,2.575931,2.575931,udp,0.0,,cs0,,63.0,,1.0,,Start,2,2,0,84,84,0,42.0,0.0,130.438278,130.438278,0.0,0,0,0,0.0,,,0.388209,0.388209,0.0,INT,,,,,0.0,0.0,0.0,0
280106,2.576137,2.576137,2.576137,2.576137,2.576137,2.576137,udp,0.0,,cs0,,63.0,,1.0,,Start,2,2,0,84,84,0,42.0,0.0,130.427841,130.427841,0.0,0,0,0,0.0,,,0.388178,0.388178,0.0,INT,,,,,0.0,0.0,0.0,0
280114,2.57889,2.57889,2.57889,2.57889,2.57889,2.57889,udp,0.0,,cs0,,63.0,,1.0,,Start,2,2,0,84,84,0,42.0,0.0,130.288605,130.288605,0.0,0,0,0,0.0,,,0.387764,0.387764,0.0,INT,,,,,0.0,0.0,0.0,0
280148,0.0,0.0,0.0,0.0,0.0,0.0,udp,0.0,,cs0,,63.0,,1.0,,Start,1,1,0,42,42,0,42.0,0.0,0.0,0.0,0.0,0,0,0,0.0,,,0.0,0.0,0.0,INT,,,,,0.0,0.0,0.0,0
280154,0.0,0.0,0.0,0.0,0.0,0.0,udp,0.0,,cs0,,63.0,,1.0,,Start,1,1,0,42,42,0,42.0,0.0,0.0,0.0,0.0,0,0,0,0.0,,,0.0,0.0,0.0,INT,,,,,0.0,0.0,0.0,0
280288,0.0,0.0,0.0,0.0,0.0,0.0,udp,0.0,,cs0,,63.0,,1.0,,Start,1,1,0,42,42,0,42.0,0.0,0.0,0.0,0.0,0,0,0,0.0,,,0.0,0.0,0.0,INT,,,,,0.0,0.0,0.0,0
280338,0.0,0.0,0.0,0.0,0.0,0.0,udp,0.0,,cs0,,63.0,,1.0,,Start,1,1,0,42,42,0,42.0,0.0,0.0,0.0,0.0,0,0,0,0.0,,,0.0,0.0,0.0,INT,,,,,0.0,0.0,0.0,0
280384,2.576375,2.576375,2.576375,2.576375,2.576375,2.576375,udp,0.0,,cs0,,63.0,,1.0,,Start,2,2,0,84,84,0,42.0,0.0,130.415802,130.415802,0.0,0,0,0,0.0,,,0.388142,0.388142,0.0,INT,,,,,0.0,0.0,0.0,0
280387,2.576378,2.576378,2.576378,2.576378,2.576378,2.576378,udp,0.0,,cs0,,63.0,,1.0,,Start,2,2,0,84,84,0,42.0,0.0,130.415634,130.415634,0.0,0,0,0,0.0,,,0.388142,0.388142,0.0,INT,,,,,0.0,0.0,0.0,0
280407,2.575159,2.575159,2.575159,2.575159,2.575159,2.575159,udp,0.0,,cs0,,63.0,,1.0,,Start,2,2,0,84,84,0,42.0,0.0,130.477371,130.477371,0.0,0,0,0,0.0,,,0.388326,0.388326,0.0,INT,,,,,0.0,0.0,0.0,0
280449,0.0,0.0,0.0,0.0,0.0,0.0,udp,0.0,,cs0,,63.0,,1.0,,Start,1,1,0,42,42,0,42.0,0.0,0.0,0.0,0.0,0,0,0,0.0,,,0.0,0.0,0.0,INT,,,,,0.0,0.0,0.0,0
280456,2.579138,2.579138,2.579138,2.579138,2.579138,2.579138,udp,0.0,,cs0,,63.0,,1.0,,Start,2,2,0,84,84,0,42.0,0.0,130.276077,130.276077,0.0,0,0,0,0.0,,,0.387726,0.387726,0.0,INT,,,,,0.0,0.0,0.0,0
280495,0.0,0.0,0.0,0.0,0.0,0.0,udp,0.0,,cs0,,63.0,,1.0,,Start,1,1,0,42,42,0,42.0,0.0,0.0,0.0,0.0,0,0,0,0.0,,,0.0,0.0,0.0,INT,,,,,0.0,0.0,0.0,0
280548,2.579129,2.579129,2.579129,2.579129,2.579129,2.579129,udp,0.0,,cs0,,63.0,,1.0,,Start,2,2,0,84,84,0,42.0,0.0,130.276535,130.276535,0.0,0,0,0,0.0,,,0.387728,0.387728,0.0,INT,,,,,0.0,0.0,0.0,0
280616,0.0,0.0,0.0,0.0,0.0,0.0,udp,0.0,,cs0,,63.0,,1.0,,Start,1,1,0,42,42,0,42.0,0.0,0.0,0.0,0.0,0,0,0,0.0,,,0.0,0.0,0.0,INT,,,,,0.0,0.0,0.0,0
280647,2.579823,2.579823,2.579823,2.579823,2.579823,2.579823,udp,0.0,,cs0,,63.0,,1.0,,Start,2,2,0,84,84,0,42.0,0.0,130.241486,130.241486,0.0,0,0,0,0.0,,,0.387623,0.387623,0.0,INT,,,,,0.0,0.0,0.0,0
280651,0.0,0.0,0.0,0.0,0.0,0.0,udp,0.0,,cs0,,63.0,,1.0,,Start,1,1,0,42,42,0,42.0,0.0,0.0,0.0,0.0,0,0,0,0.0,,,0.0,0.0,0.0,INT,,,,,0.0,0.0,0.0,0
280697,0.0,0.0,0.0,0.0,0.0,0.0,udp,0.0,,cs0,,63.0,,1.0,,Start,1,1,0,42,42,0,42.0,0.0,0.0,0.0,0.0,0,0,0,0.0,,,0.0,0.0,0.0,INT,,,,,0.0,0.0,0.0,0
280716,2.575739,2.575739,2.575739,2.575739,2.575739,2.575739,udp,0.0,,cs0,,63.0,,1.0,,Start,2,2,0,84,84,0,42.0,0.0,130.447998,130.447998,0.0,0,0,0,0.0,,,0.388238,0.388238,0.0,INT,,,,,0.0,0.0,0.0,0
280717,2.576758,2.576758,2.576758,2.576758,2.576758,2.576758,udp,0.0,,cs0,,63.0,,1.0,,Start,2,2,0,84,84,0,42.0,0.0,130.396423,130.396423,0.0,0,0,0,0.0,,,0.388085,0.388085,0.0,INT,,,,,0.0,0.0,0.0,0
280743,2.578992,2.578992,2.578992,2.578992,2.578992,2.578992,udp,0.0,,cs0,,63.0,,1.0,,Start,2,2,0,84,84,0,42.0,0.0,130.283463,130.283463,0.0,0,0,0,0.0,,,0.387748,0.387748,0.0,INT,,,,,0.0,0.0,0.0,0
280812,0.0,0.0,0.0,0.0,0.0,0.0,udp,0.0,,cs0,,63.0,,1.0,,Start,1,1,0,42,42,0,42.0,0.0,0.0,0.0,0.0,0,0,0,0.0,,,0.0,0.0,0.0,INT,,,,,0.0,0.0,0.0,0
280827,2.573102,2.573102,2.573102,2.573102,2.573102,2.573102,udp,0.0,,cs0,,63.0,,1.0,,Start,2,2,0,84,84,0,42.0,0.0,130.58168,130.58168,0.0,0,0,0,0.0,,,0.388636,0.388636,0.0,INT,,,,,0.0,0.0,0.0,0
280900,0.0,0.0,0.0,0.0,0.0,0.0,udp,0.0,,cs0,,63.0,,1.0,,Start,1,1,0,42,42,0,42.0,0.0,0.0,0.0,0.0,0,0,0,0.0,,,0.0,0.0,0.0,INT,,,,,0.0,0.0,0.0,0
281111,2.575249,2.575249,2.575249,2.575249,2.575249,2.575249,udp,0.0,,cs0,,63.0,,1.0,,Start,2,2,0,84,84,0,42.0,0.0,130.472824,130.472824,0.0,0,0,0,0.0,,,0.388312,0.388312,0.0,INT,,,,,0.0,0.0,0.0,0
281130,0.0,0.0,0.0,0.0,0.0,0.0,udp,0.0,,cs0,,63.0,,1.0,,Start,1,1,0,42,42,0,42.0,0.0,0.0,0.0,0.0,0,0,0,0.0,,,0.0,0.0,0.0,INT,,,,,0.0,0.0,0.0,0
281203,2.577388,2.577388,2.577388,2.577388,2.577388,2.577388,udp,0.0,,cs0,,63.0,,1.0,,Start,2,2,0,84,84,0,42.0,0.0,130.364532,130.364532,0.0,0,0,0,0.0,,,0.38799,0.38799,0.0,INT,,,,,0.0,0.0,0.0,0
281205,2.57838,2.57838,2.57838,2.57838,2.57838,2.57838,udp,0.0,,cs0,,63.0,,1.0,,Start,2,2,0,84,84,0,42.0,0.0,130.314377,130.314377,0.0,0,0,0,0.0,,,0.38784,0.38784,0.0,INT,,,,,0.0,0.0,0.0,0
281206,2.57838,2.57838,2.57838,2.57838,2.57838,2.57838,udp,0.0,,cs0,,63.0,,1.0,,Start,2,2,0,84,84,0,42.0,0.0,130.314377,130.314377,0.0,0,0,0,0.0,,,0.38784,0.38784,0.0,INT,,,,,0.0,0.0,0.0,0
281212,2.579638,2.579638,2.579638,2.579638,2.579638,2.579638,udp,0.0,,cs0,,63.0,,1.0,,Start,2,2,0,84,84,0,42.0,0.0,130.250839,130.250839,0.0,0,0,0,0.0,,,0.387651,0.387651,0.0,INT,,,,,0.0,0.0,0.0,0
281249,0.0,0.0,0.0,0.0,0.0,0.0,udp,0.0,,cs0,,63.0,,1.0,,Start,1,1,0,42,42,0,42.0,0.0,0.0,0.0,0.0,0,0,0,0.0,,,0.0,0.0,0.0,INT,,,,,0.0,0.0,0.0,0
281260,2.581242,2.581242,2.581242,2.581242,2.581242,2.581242,udp,0.0,,cs0,,63.0,,1.0,,Start,2,2,0,84,84,0,42.0,0.0,130.169891,130.169891,0.0,0,0,0,0.0,,,0.38741,0.38741,0.0,INT,,,,,0.0,0.0,0.0,0
281291,0.0,0.0,0.0,0.0,0.0,0.0,udp,0.0,,cs0,,63.0,,1.0,,Start,1,1,0,42,42,0,42.0,0.0,0.0,0.0,0.0,0,0,0,0.0,,,0.0,0.0,0.0,INT,,,,,0.0,0.0,0.0,0
281331,0.0,0.0,0.0,0.0,0.0,0.0,udp,0.0,,cs0,,63.0,,1.0,,Start,1,1,0,42,42,0,42.0,0.0,0.0,0.0,0.0,0,0,0,0.0,,,0.0,0.0,0.0,INT,,,,,0.0,0.0,0.0,0
281353,2.576115,2.576115,2.576115,2.576115,2.576115,2.576115,udp,0.0,,cs0,,63.0,,1.0,,Start,2,2,0,84,84,0,42.0,0.0,130.42897,130.42897,0.0,0,0,0,0.0,,,0.388181,0.388181,0.0,INT,,,,,0.0,0.0,0.0,0
281433,0.0,0.0,0.0,0.0,0.0,0.0,udp,0.0,,cs0,,63.0,,1.0,,Start,1,1,0,42,42,0,42.0,0.0,0.0,0.0,0.0,0,0,0,0.0,,,0.0,0.0,0.0,INT,,,,,0.0,0.0,0.0,0
281479,2.57634,2.57634,2.57634,2.57634,2.57634,2.57634,udp,0.0,,cs0,,63.0,,1.0,,Start,2,2,0,84,84,0,42.0,0.0,130.417572,130.417572,0.0,0,0,0,0.0,,,0.388148,0.388148,0.0,INT,,,,,0.0,0.0,0.0,0
281705,0.0,0.0,0.0,0.0,0.0,0.0,udp,0.0,,cs0,,63.0,,1.0,,Start,1,1,0,42,42,0,42.0,0.0,0.0,0.0,0.0,0,0,0,0.0,,,0.0,0.0,0.0,INT,,,,,0.0,0.0,0.0,0
281762,2.59313,2.59313,2.59313,2.59313,2.59313,2.59313,udp,0.0,,cs0,,63.0,,1.0,,Start,2,2,0,84,84,0,42.0,0.0,129.573135,129.573135,0.0,0,0,0,0.0,,,0.385634,0.385634,0.0,INT,,,,,0.0,0.0,0.0,0
282014,2.586919,2.586919,2.586919,2.586919,2.586919,2.586919,udp,0.0,,cs0,,63.0,,1.0,,Start,2,2,0,84,84,0,42.0,0.0,129.884232,129.884232,0.0,0,0,0,0.0,,,0.38656,0.38656,0.0,INT,,,,,0.0,0.0,0.0,0
282017,2.587784,2.587784,2.587784,2.587784,2.587784,2.587784,udp,0.0,,cs0,,63.0,,1.0,,Start,2,2,0,84,84,0,42.0,0.0,129.84082,129.84082,0.0,0,0,0,0.0,,,0.386431,0.386431,0.0,INT,,,,,0.0,0.0,0.0,0
282120,2.587941,2.587941,2.587941,2.587941,2.587941,2.587941,udp,0.0,,cs0,,63.0,,1.0,,Start,2,2,0,84,84,0,42.0,0.0,129.832947,129.832947,0.0,0,0,0,0.0,,,0.386408,0.386408,0.0,INT,,,,,0.0,0.0,0.0,0
282169,0.0,0.0,0.0,0.0,0.0,0.0,udp,0.0,,cs0,,63.0,,1.0,,Start,1,1,0,42,42,0,42.0,0.0,0.0,0.0,0.0,0,0,0,0.0,,,0.0,0.0,0.0,INT,,,,,0.0,0.0,0.0,0
282301,0.0,0.0,0.0,0.0,0.0,0.0,udp,0.0,,cs0,,63.0,,1.0,,Start,1,1,0,42,42,0,42.0,0.0,0.0,0.0,0.0,0,0,0,0.0,,,0.0,0.0,0.0,INT,,,,,0.0,0.0,0.0,0
282307,0.0,0.0,0.0,0.0,0.0,0.0,udp,0.0,,cs0,,63.0,,1.0,,Start,1,1,0,42,42,0,42.0,0.0,0.0,0.0,0.0,0,0,0,0.0,,,0.0,0.0,0.0,INT,,,,,0.0,0.0,0.0,0
282310,0.0,0.0,0.0,0.0,0.0,0.0,udp,0.0,,cs0,,63.0,,1.0,,Start,1,1,0,42,42,0,42.0,0.0,0.0,0.0,0.0,0,0,0,0.0,,,0.0,0.0,0.0,INT,,,,,0.0,0.0,0.0,0
282345,2.588189,2.588189,2.588189,2.588189,2.588189,2.588189,udp,0.0,,cs0,,63.0,,1.0,,Start,2,2,0,84,84,0,42.0,0.0,129.820511,129.820511,0.0,0,0,0,0.0,,,0.386371,0.386371,0.0,INT,,,,,0.0,0.0,0.0,0
282403,0.0,0.0,0.0,0.0,0.0,0.0,udp,0.0,,cs0,,63.0,,1.0,,Start,1,1,0,42,42,0,42.0,0.0,0.0,0.0,0.0,0,0,0,0.0,,,0.0,0.0,0.0,INT,,,,,0.0,0.0,0.0,0
282451,0.0,0.0,0.0,0.0,0.0,0.0,udp,0.0,,cs0,,63.0,,1.0,,Start,1,1,0,42,42,0,42.0,0.0,0.0,0.0,0.0,0,0,0,0.0,,,0.0,0.0,0.0,INT,,,,,0.0,0.0,0.0,0
282569,0.0,0.0,0.0,0.0,0.0,0.0,udp,0.0,,cs0,,63.0,,1.0,,Start,1,1,0,42,42,0,42.0,0.0,0.0,0.0,0.0,0,0,0,0.0,,,0.0,0.0,0.0,INT,,,,,0.0,0.0,0.0,0
282645,0.0,0.0,0.0,0.0,0.0,0.0,udp,0.0,,cs0,,63.0,,1.0,,Start,1,1,0,42,42,0,42.0,0.0,0.0,0.0,0.0,0,0,0,0.0,,,0.0,0.0,0.0,INT,,,,,0.0,0.0,0.0,0
282647,0.0,0.0,0.0,0.0,0.0,0.0,udp,0.0,,cs0,,63.0,,1.0,,Start,1,1,0,42,42,0,42.0,0.0,0.0,0.0,0.0,0,0,0,0.0,,,0.0,0.0,0.0,INT,,,,,0.0,0.0,0.0,0
282704,0.0,0.0,0.0,0.0,0.0,0.0,udp,0.0,,cs0,,63.0,,1.0,,Start,1,1,0,42,42,0,42.0,0.0,0.0,0.0,0.0,0,0,0,0.0,,,0.0,0.0,0.0,INT,,,,,0.0,0.0,0.0,0
282849,2.593879,2.593879,2.593879,2.593879,2.593879,2.593879,udp,0.0,,cs0,,63.0,,1.0,,Start,2,2,0,84,84,0,42.0,0.0,129.535721,129.535721,0.0,0,0,0,0.0,,,0.385523,0.385523,0.0,INT,,,,,0.0,0.0,0.0,0
282906,0.0,0.0,0.0,0.0,0.0,0.0,udp,0.0,,cs0,,63.0,,1.0,,Start,1,1,0,42,42,0,42.0,0.0,0.0,0.0,0.0,0,0,0,0.0,,,0.0,0.0,0.0,INT,,,,,0.0,0.0,0.0,0
282959,2.590358,2.590358,2.590358,2.590358,2.590358,2.590358,udp,0.0,,cs0,,63.0,,1.0,,Start,2,2,0,84,84,0,42.0,0.0,129.711792,129.711792,0.0,0,0,0,0.0,,,0.386047,0.386047,0.0,INT,,,,,0.0,0.0,0.0,0
282982,0.0,0.0,0.0,0.0,0.0,0.0,udp,0.0,,cs0,,63.0,,1.0,,Start,1,1,0,42,42,0,42.0,0.0,0.0,0.0,0.0,0,0,0,0.0,,,0.0,0.0,0.0,INT,,,,,0.0,0.0,0.0,0
283006,0.0,0.0,0.0,0.0,0.0,0.0,udp,0.0,,cs0,,63.0,,1.0,,Start,1,1,0,42,42,0,42.0,0.0,0.0,0.0,0.0,0,0,0,0.0,,,0.0,0.0,0.0,INT,,,,,0.0,0.0,0.0,0
283008,0.0,0.0,0.0,0.0,0.0,0.0,udp,0.0,,cs0,,63.0,,1.0,,Start,1,1,0,42,42,0,42.0,0.0,0.0,0.0,0.0,0,0,0,0.0,,,0.0,0.0,0.0,INT,,,,,0.0,0.0,0.0,0
283024,2.590969,2.590969,2.590969,2.590969,2.590969,2.590969,udp,0.0,,cs0,,63.0,,1.0,,Start,2,2,0,84,84,0,42.0,0.0,129.681213,129.681213,0.0,0,0,0,0.0,,,0.385956,0.385956,0.0,INT,,,,,0.0,0.0,0.0,0
283036,0.0,0.0,0.0,0.0,0.0,0.0,udp,0.0,,cs0,,63.0,,1.0,,Start,1,1,0,42,42,0,42.0,0.0,0.0,0.0,0.0,0,0,0,0.0,,,0.0,0.0,0.0,INT,,,,,0.0,0.0,0.0,0
283094,0.0,0.0,0.0,0.0,0.0,0.0,udp,0.0,,cs0,,63.0,,1.0,,Start,1,1,0,42,42,0,42.0,0.0,0.0,0.0,0.0,0,0,0,0.0,,,0.0,0.0,0.0,INT,,,,,0.0,0.0,0.0,0
283128,2.590862,2.590862,2.590862,2.590862,2.590862,2.590862,udp,0.0,,cs0,,63.0,,1.0,,Start,2,2,0,84,84,0,42.0,0.0,129.686569,129.686569,0.0,0,0,0,0.0,,,0.385972,0.385972,0.0,INT,,,,,0.0,0.0,0.0,0
283150,2.590838,2.590838,2.590838,2.590838,2.590838,2.590838,udp,0.0,,cs0,,63.0,,1.0,,Start,2,2,0,84,84,0,42.0,0.0,129.687775,129.687775,0.0,0,0,0,0.0,,,0.385976,0.385976,0.0,INT,,,,,0.0,0.0,0.0,0
283215,0.0,0.0,0.0,0.0,0.0,0.0,udp,0.0,,cs0,,63.0,,1.0,,Start,1,1,0,42,42,0,42.0,0.0,0.0,0.0,0.0,0,0,0,0.0,,,0.0,0.0,0.0,INT,,,,,0.0,0.0,0.0,0
283290,2.58775,2.58775,2.58775,2.58775,2.58775,2.58775,udp,0.0,,cs0,,63.0,,1.0,,Start,2,2,0,84,84,0,42.0,0.0,129.842529,129.842529,0.0,0,0,0,0.0,,,0.386436,0.386436,0.0,INT,,,,,0.0,0.0,0.0,0
283338,2.59129,2.59129,2.59129,2.59129,2.59129,2.59129,udp,0.0,,cs0,,63.0,,1.0,,Start,2,2,0,84,84,0,42.0,0.0,129.665146,129.665146,0.0,0,0,0,0.0,,,0.385908,0.385908,0.0,INT,,,,,0.0,0.0,0.0,0
283466,2.590199,2.590199,2.590199,2.590199,2.590199,2.590199,udp,0.0,,cs0,,63.0,,1.0,,Start,2,2,0,84,84,0,42.0,0.0,129.719757,129.719757,0.0,0,0,0,0.0,,,0.386071,0.386071,0.0,INT,,,,,0.0,0.0,0.0,0
283552,2.596788,2.596788,2.596788,2.596788,2.596788,2.596788,udp,0.0,,cs0,,63.0,,1.0,,Start,2,2,0,84,84,0,42.0,0.0,129.390625,129.390625,0.0,0,0,0,0.0,,,0.385091,0.385091,0.0,INT,,,,,0.0,0.0,0.0,0
283682,0.0,0.0,0.0,0.0,0.0,0.0,udp,0.0,,cs0,,63.0,,1.0,,Start,1,1,0,42,42,0,42.0,0.0,0.0,0.0,0.0,0,0,0,0.0,,,0.0,0.0,0.0,INT,,,,,0.0,0.0,0.0,0
283719,0.0,0.0,0.0,0.0,0.0,0.0,udp,0.0,,cs0,,63.0,,1.0,,Start,1,1,0,42,42,0,42.0,0.0,0.0,0.0,0.0,0,0,0,0.0,,,0.0,0.0,0.0,INT,,,,,0.0,0.0,0.0,0
283726,2.589287,2.589287,2.589287,2.589287,2.589287,2.589287,udp,0.0,,cs0,,63.0,,1.0,,Start,2,2,0,84,84,0,42.0,0.0,129.765457,129.765457,0.0,0,0,0,0.0,,,0.386207,0.386207,0.0,INT,,,,,0.0,0.0,0.0,0
283849,0.0,0.0,0.0,0.0,0.0,0.0,udp,0.0,,cs0,,63.0,,1.0,,Start,1,1,0,42,42,0,42.0,0.0,0.0,0.0,0.0,0,0,0,0.0,,,0.0,0.0,0.0,INT,,,,,0.0,0.0,0.0,0
283867,2.592909,2.592909,2.592909,2.592909,2.592909,2.592909,udp,0.0,,cs0,,63.0,,1.0,,Start,2,2,0,84,84,0,42.0,0.0,129.584183,129.584183,0.0,0,0,0,0.0,,,0.385667,0.385667,0.0,INT,,,,,0.0,0.0,0.0,0
283973,0.0,0.0,0.0,0.0,0.0,0.0,udp,0.0,,cs0,,63.0,,1.0,,Start,1,1,0,42,42,0,42.0,0.0,0.0,0.0,0.0,0,0,0,0.0,,,0.0,0.0,0.0,INT,,,,,0.0,0.0,0.0,0
284016,2.590062,2.590062,2.590062,2.590062,2.590062,2.590062,udp,0.0,,cs0,,63.0,,1.0,,Start,2,2,0,84,84,0,42.0,0.0,129.726624,129.726624,0.0,0,0,0,0.0,,,0.386091,0.386091,0.0,INT,,,,,0.0,0.0,0.0,0
284045,4.994746,4.994746,4.994746,4.994746,4.994746,4.994746,udp,0.0,0.0,cs0,cs0,117.0,64.0,11.0,0.0,Status,257,219,38,279694,271435,8259,1239.429199,217.342102,445649.0625,432768.3438,12880.73438,0,0,0,0.0,,,51.253857,43.645863,7.407784,CON,,,,,0.0,0.0,0.0,0
284049,2.587146,2.587146,2.587146,2.587146,2.587146,2.587146,udp,0.0,,cs0,,63.0,,1.0,,Start,2,2,0,84,84,0,42.0,0.0,129.872833,129.872833,0.0,0,0,0,0.0,,,0.386526,0.386526,0.0,INT,,,,,0.0,0.0,0.0,0
284089,0.0,0.0,0.0,0.0,0.0,0.0,udp,0.0,,cs0,,63.0,,1.0,,Start,1,1,0,42,42,0,42.0,0.0,0.0,0.0,0.0,0,0,0,0.0,,,0.0,0.0,0.0,INT,,,,,0.0,0.0,0.0,0
284096,2.590087,2.590087,2.590087,2.590087,2.590087,2.590087,udp,0.0,,cs0,,63.0,,1.0,,Start,2,2,0,84,84,0,42.0,0.0,129.725372,129.725372,0.0,0,0,0,0.0,,,0.386087,0.386087,0.0,INT,,,,,0.0,0.0,0.0,0
284107,0.0,0.0,0.0,0.0,0.0,0.0,udp,0.0,,cs0,,63.0,,1.0,,Start,1,1,0,42,42,0,42.0,0.0,0.0,0.0,0.0,0,0,0,0.0,,,0.0,0.0,0.0,INT,,,,,0.0,0.0,0.0,0
284288,2.590995,2.590995,2.590995,2.590995,2.590995,2.590995,udp,0.0,,cs0,,63.0,,1.0,,Start,2,2,0,84,84,0,42.0,0.0,129.679901,129.679901,0.0,0,0,0,0.0,,,0.385952,0.385952,0.0,INT,,,,,0.0,0.0,0.0,0
284376,0.0,0.0,0.0,0.0,0.0,0.0,udp,0.0,,cs0,,63.0,,1.0,,Start,1,1,0,42,42,0,42.0,0.0,0.0,0.0,0.0,0,0,0,0.0,,,0.0,0.0,0.0,INT,,,,,0.0,0.0,0.0,0
284421,2.58376,2.58376,2.58376,2.58376,2.58376,2.58376,udp,0.0,,cs0,,63.0,,1.0,,Start,2,2,0,84,84,0,42.0,0.0,130.04303,130.04303,0.0,0,0,0,0.0,,,0.387033,0.387033,0.0,INT,,,,,0.0,0.0,0.0,0
284449,0.0,0.0,0.0,0.0,0.0,0.0,udp,0.0,,cs0,,63.0,,1.0,,Start,1,1,0,42,42,0,42.0,0.0,0.0,0.0,0.0,0,0,0,0.0,,,0.0,0.0,0.0,INT,,,,,0.0,0.0,0.0,0
284472,0.0,0.0,0.0,0.0,0.0,0.0,udp,0.0,,cs0,,63.0,,1.0,,Start,1,1,0,42,42,0,42.0,0.0,0.0,0.0,0.0,0,0,0,0.0,,,0.0,0.0,0.0,INT,,,,,0.0,0.0,0.0,0
284476,0.0,0.0,0.0,0.0,0.0,0.0,udp,0.0,,cs0,,63.0,,1.0,,Start,1,1,0,42,42,0,42.0,0.0,0.0,0.0,0.0,0,0,0,0.0,,,0.0,0.0,0.0,INT,,,,,0.0,0.0,0.0,0
284673,0.0,0.0,0.0,0.0,0.0,0.0,udp,0.0,,cs0,,63.0,,1.0,,Start,1,1,0,42,42,0,42.0,0.0,0.0,0.0,0.0,0,0,0,0.0,,,0.0,0.0,0.0,INT,,,,,0.0,0.0,0.0,0
284727,0.0,0.0,0.0,0.0,0.0,0.0,udp,0.0,,cs0,,63.0,,1.0,,Start,1,1,0,42,42,0,42.0,0.0,0.0,0.0,0.0,0,0,0,0.0,,,0.0,0.0,0.0,INT,,,,,0.0,0.0,0.0,0
284802,0.0,0.0,0.0,0.0,0.0,0.0,udp,0.0,,cs0,,63.0,,1.0,,Start,1,1,0,42,42,0,42.0,0.0,0.0,0.0,0.0,0,0,0,0.0,,,0.0,0.0,0.0,INT,,,,,0.0,0.0,0.0,0
284812,0.0,0.0,0.0,0.0,0.0,0.0,udp,0.0,,cs0,,63.0,,1.0,,Start,1,1,0,42,42,0,42.0,0.0,0.0,0.0,0.0,0,0,0,0.0,,,0.0,0.0,0.0,INT,,,,,0.0,0.0,0.0,0
284844,2.592821,2.592821,2.592821,2.592821,2.592821,2.592821,udp,0.0,,cs0,,63.0,,1.0,,Start,2,2,0,84,84,0,42.0,0.0,129.588593,129.588593,0.0,0,0,0,0.0,,,0.38568,0.38568,0.0,INT,,,,,0.0,0.0,0.0,0
284943,0.0,0.0,0.0,0.0,0.0,0.0,udp,0.0,,cs0,,63.0,,1.0,,Start,1,1,0,42,42,0,42.0,0.0,0.0,0.0,0.0,0,0,0,0.0,,,0.0,0.0,0.0,INT,,,,,0.0,0.0,0.0,0
285003,2.590287,2.590287,2.590287,2.590287,2.590287,2.590287,udp,0.0,,cs0,,63.0,,1.0,,Start,2,2,0,84,84,0,42.0,0.0,129.715363,129.715363,0.0,0,0,0,0.0,,,0.386058,0.386058,0.0,INT,,,,,0.0,0.0,0.0,0
285113,0.0,0.0,0.0,0.0,0.0,0.0,udp,0.0,,cs0,,63.0,,1.0,,Start,1,1,0,42,42,0,42.0,0.0,0.0,0.0,0.0,0,0,0,0.0,,,0.0,0.0,0.0,INT,,,,,0.0,0.0,0.0,0
285158,2.589983,2.589983,2.589983,2.589983,2.589983,2.589983,udp,0.0,,cs0,,63.0,,1.0,,Start,2,2,0,84,84,0,42.0,0.0,129.730576,129.730576,0.0,0,0,0,0.0,,,0.386103,0.386103,0.0,INT,,,,,0.0,0.0,0.0,0
285226,2.59111,2.59111,2.59111,2.59111,2.59111,2.59111,udp,0.0,,cs0,,63.0,,1.0,,Start,2,2,0,84,84,0,42.0,0.0,129.674149,129.674149,0.0,0,0,0,0.0,,,0.385935,0.385935,0.0,INT,,,,,0.0,0.0,0.0,0
285229,2.59111,2.59111,2.59111,2.59111,2.59111,2.59111,udp,0.0,,cs0,,63.0,,1.0,,Start,2,2,0,84,84,0,42.0,0.0,129.674149,129.674149,0.0,0,0,0,0.0,,,0.385935,0.385935,0.0,INT,,,,,0.0,0.0,0.0,0
285233,0.0,0.0,0.0,0.0,0.0,0.0,udp,0.0,,cs0,,63.0,,1.0,,Start,1,1,0,42,42,0,42.0,0.0,0.0,0.0,0.0,0,0,0,0.0,,,0.0,0.0,0.0,INT,,,,,0.0,0.0,0.0,0
285273,2.593188,2.593188,2.593188,2.593188,2.593188,2.593188,udp,0.0,,cs0,,63.0,,1.0,,Start,2,2,0,84,84,0,42.0,0.0,129.570236,129.570236,0.0,0,0,0,0.0,,,0.385626,0.385626,0.0,INT,,,,,0.0,0.0,0.0,0
285333,2.589171,2.589171,2.589171,2.589171,2.589171,2.589171,udp,0.0,,cs0,,63.0,,1.0,,Start,2,2,0,84,84,0,42.0,0.0,129.771271,129.771271,0.0,0,0,0,0.0,,,0.386224,0.386224,0.0,INT,,,,,0.0,0.0,0.0,0
285336,2.588155,2.588155,2.588155,2.588155,2.588155,2.588155,udp,0.0,,cs0,,63.0,,1.0,,Start,2,2,0,84,84,0,42.0,0.0,129.822205,129.822205,0.0,0,0,0,0.0,,,0.386376,0.386376,0.0,INT,,,,,0.0,0.0,0.0,0
285343,0.0,0.0,0.0,0.0,0.0,0.0,udp,0.0,,cs0,,63.0,,1.0,,Start,1,1,0,42,42,0,42.0,0.0,0.0,0.0,0.0,0,0,0,0.0,,,0.0,0.0,0.0,INT,,,,,0.0,0.0,0.0,0
285376,2.591283,2.591283,2.591283,2.591283,2.591283,2.591283,udp,0.0,,cs0,,63.0,,1.0,,Start,2,2,0,84,84,0,42.0,0.0,129.665497,129.665497,0.0,0,0,0,0.0,,,0.385909,0.385909,0.0,INT,,,,,0.0,0.0,0.0,0
285384,2.589352,2.589352,2.589352,2.589352,2.589352,2.589352,udp,0.0,,cs0,,63.0,,1.0,,Start,2,2,0,84,84,0,42.0,0.0,129.762207,129.762207,0.0,0,0,0,0.0,,,0.386197,0.386197,0.0,INT,,,,,0.0,0.0,0.0,0
285422,2.587887,2.587887,2.587887,2.587887,2.587887,2.587887,udp,0.0,,cs0,,63.0,,1.0,,Status,2,2,0,84,84,0,42.0,0.0,129.835648,129.835648,0.0,0,0,0,0.0,,,0.386416,0.386416,0.0,REQ,,,,,0.0,0.0,0.0,0
285431,2.58789,2.58789,2.58789,2.58789,2.58789,2.58789,udp,0.0,,cs0,,63.0,,1.0,,Status,2,2,0,84,84,0,42.0,0.0,129.83551,129.83551,0.0,0,0,0,0.0,,,0.386415,0.386415,0.0,REQ,,,,,0.0,0.0,0.0,0
285473,2.582107,2.582107,2.582107,2.582107,2.582107,2.582107,udp,0.0,,cs0,,63.0,,1.0,,Status,2,2,0,84,84,0,42.0,0.0,130.126282,130.126282,0.0,0,0,0,0.0,,,0.387281,0.387281,0.0,REQ,,,,,0.0,0.0,0.0,0
285485,2.582657,2.582657,2.582657,2.582657,2.582657,2.582657,udp,0.0,,cs0,,63.0,,1.0,,Status,2,2,0,84,84,0,42.0,0.0,130.098572,130.098572,0.0,0,0,0,0.0,,,0.387198,0.387198,0.0,REQ,,,,,0.0,0.0,0.0,0
285576,2.587253,2.587253,2.587253,2.587253,2.587253,2.587253,udp,0.0,,cs0,,63.0,,1.0,,Start,2,2,0,84,84,0,42.0,0.0,129.867462,129.867462,0.0,0,0,0,0.0,,,0.38651,0.38651,0.0,INT,,,,,0.0,0.0,0.0,0
285636,2.593034,2.593034,2.593034,2.593034,2.593034,2.593034,udp,0.0,,cs0,,63.0,,1.0,,Start,2,2,0,84,84,0,42.0,0.0,129.577942,129.577942,0.0,0,0,0,0.0,,,0.385649,0.385649,0.0,INT,,,,,0.0,0.0,0.0,0
285666,2.587271,2.587271,2.587271,2.587271,2.587271,2.587271,udp,0.0,,cs0,,63.0,,1.0,,Start,2,2,0,84,84,0,42.0,0.0,129.866562,129.866562,0.0,0,0,0,0.0,,,0.386508,0.386508,0.0,INT,,,,,0.0,0.0,0.0,0
285676,0.0,0.0,0.0,0.0,0.0,0.0,udp,0.0,,cs0,,63.0,,1.0,,Start,1,1,0,42,42,0,42.0,0.0,0.0,0.0,0.0,0,0,0,0.0,,,0.0,0.0,0.0,INT,,,,,0.0,0.0,0.0,0
285683,0.0,0.0,0.0,0.0,0.0,0.0,udp,0.0,,cs0,,63.0,,1.0,,Start,1,1,0,42,42,0,42.0,0.0,0.0,0.0,0.0,0,0,0,0.0,,,0.0,0.0,0.0,INT,,,,,0.0,0.0,0.0,0
285710,2.594622,2.594622,2.594622,2.594622,2.594622,2.594622,udp,0.0,,cs0,,63.0,,1.0,,Status,2,2,0,84,84,0,42.0,0.0,129.498642,129.498642,0.0,0,0,0,0.0,,,0.385413,0.385413,0.0,REQ,,,,,0.0,0.0,0.0,0
285748,2.594308,2.594308,2.594308,2.594308,2.594308,2.594308,udp,0.0,,cs0,,63.0,,1.0,,Start,2,2,0,84,84,0,42.0,0.0,129.514313,129.514313,0.0,0,0,0,0.0,,,0.385459,0.385459,0.0,INT,,,,,0.0,0.0,0.0,0
285752,2.593219,2.593219,2.593219,2.593219,2.593219,2.593219,udp,0.0,,cs0,,63.0,,1.0,,Start,2,2,0,84,84,0,42.0,0.0,129.568695,129.568695,0.0,0,0,0,0.0,,,0.385621,0.385621,0.0,INT,,,,,0.0,0.0,0.0,0
285873,0.0,0.0,0.0,0.0,0.0,0.0,udp,0.0,,cs0,,63.0,,1.0,,Start,1,1,0,42,42,0,42.0,0.0,0.0,0.0,0.0,0,0,0,0.0,,,0.0,0.0,0.0,INT,,,,,0.0,0.0,0.0,0
285992,2.589931,2.589931,2.589931,2.589931,2.589931,2.589931,udp,0.0,,cs0,,63.0,,1.0,,Start,2,2,0,84,84,0,42.0,0.0,129.733185,129.733185,0.0,0,0,0,0.0,,,0.386111,0.386111,0.0,INT,,,,,0.0,0.0,0.0,0
286016,0.0,0.0,0.0,0.0,0.0,0.0,udp,0.0,,cs0,,63.0,,1.0,,Start,1,1,0,42,42,0,42.0,0.0,0.0,0.0,0.0,0,0,0,0.0,,,0.0,0.0,0.0,INT,,,,,0.0,0.0,0.0,0
286028,0.0,0.0,0.0,0.0,0.0,0.0,udp,0.0,,cs0,,63.0,,1.0,,Start,1,1,0,42,42,0,42.0,0.0,0.0,0.0,0.0,0,0,0,0.0,,,0.0,0.0,0.0,INT,,,,,0.0,0.0,0.0,0
286040,0.0,0.0,0.0,0.0,0.0,0.0,udp,0.0,,cs0,,63.0,,1.0,,Start,1,1,0,42,42,0,42.0,0.0,0.0,0.0,0.0,0,0,0,0.0,,,0.0,0.0,0.0,INT,,,,,0.0,0.0,0.0,0
286123,2.591002,2.591002,2.591002,2.591002,2.591002,2.591002,udp,0.0,,cs0,,63.0,,1.0,,Start,2,2,0,84,84,0,42.0,0.0,129.679565,129.679565,0.0,0,0,0,0.0,,,0.385951,0.385951,0.0,INT,,,,,0.0,0.0,0.0,0
286178,2.588269,2.588269,2.588269,2.588269,2.588269,2.588269,udp,0.0,,cs0,,63.0,,1.0,,Status,2,2,0,84,84,0,42.0,0.0,129.816498,129.816498,0.0,0,0,0,0.0,,,0.386359,0.386359,0.0,REQ,,,,,0.0,0.0,0.0,0
286281,0.0,0.0,0.0,0.0,0.0,0.0,udp,0.0,,cs0,,63.0,,1.0,,Start,1,1,0,42,42,0,42.0,0.0,0.0,0.0,0.0,0,0,0,0.0,,,0.0,0.0,0.0,INT,,,,,0.0,0.0,0.0,0
286348,2.591104,2.591104,2.591104,2.591104,2.591104,2.591104,udp,0.0,,cs0,,63.0,,1.0,,Status,2,2,0,84,84,0,42.0,0.0,129.674454,129.674454,0.0,0,0,0,0.0,,,0.385936,0.385936,0.0,REQ,,,,,0.0,0.0,0.0,0
286373,2.587194,2.587194,2.587194,2.587194,2.587194,2.587194,udp,0.0,,cs0,,63.0,,1.0,,Status,2,2,0,84,84,0,42.0,0.0,129.870438,129.870438,0.0,0,0,0,0.0,,,0.386519,0.386519,0.0,REQ,,,,,0.0,0.0,0.0,0
286417,0.0,0.0,0.0,0.0,0.0,0.0,udp,0.0,,cs0,,63.0,,1.0,,Start,1,1,0,42,42,0,42.0,0.0,0.0,0.0,0.0,0,0,0,0.0,,,0.0,0.0,0.0,INT,,,,,0.0,0.0,0.0,0
286448,2.575956,2.575956,2.575956,2.575956,2.575956,2.575956,udp,0.0,,cs0,,63.0,,1.0,,Status,2,2,0,84,84,0,42.0,0.0,130.437012,130.437012,0.0,0,0,0,0.0,,,0.388205,0.388205,0.0,REQ,,,,,0.0,0.0,0.0,0
286516,2.584141,2.584141,2.584141,2.584141,2.584141,2.584141,udp,0.0,,cs0,,63.0,,1.0,,Status,2,2,0,84,84,0,42.0,0.0,130.023865,130.023865,0.0,0,0,0,0.0,,,0.386976,0.386976,0.0,REQ,,,,,0.0,0.0,0.0,0
286558,0.0,0.0,0.0,0.0,0.0,0.0,udp,0.0,,cs0,,63.0,,1.0,,Start,1,1,0,42,42,0,42.0,0.0,0.0,0.0,0.0,0,0,0,0.0,,,0.0,0.0,0.0,INT,,,,,0.0,0.0,0.0,0
286599,2.587156,2.587156,2.587156,2.587156,2.587156,2.587156,udp,0.0,,cs0,,63.0,,1.0,,Status,2,2,0,84,84,0,42.0,0.0,129.87233,129.87233,0.0,0,0,0,0.0,,,0.386525,0.386525,0.0,REQ,,,,,0.0,0.0,0.0,0
286621,2.58688,2.58688,2.58688,2.58688,2.58688,2.58688,udp,0.0,,cs0,,63.0,,1.0,,Start,2,2,0,84,84,0,42.0,0.0,129.8862,129.8862,0.0,0,0,0,0.0,,,0.386566,0.386566,0.0,INT,,,,,0.0,0.0,0.0,0
286668,2.589266,2.589266,2.589266,2.589266,2.589266,2.589266,udp,0.0,,cs0,,63.0,,1.0,,Start,2,2,0,84,84,0,42.0,0.0,129.766495,129.766495,0.0,0,0,0,0.0,,,0.38621,0.38621,0.0,INT,,,,,0.0,0.0,0.0,0
286723,2.584908,2.584908,2.584908,2.584908,2.584908,2.584908,udp,0.0,,cs0,,63.0,,1.0,,Start,2,2,0,84,84,0,42.0,0.0,129.985291,129.985291,0.0,0,0,0,0.0,,,0.386861,0.386861,0.0,INT,,,,,0.0,0.0,0.0,0
286734,2.586212,2.586212,2.586212,2.586212,2.586212,2.586212,udp,0.0,,cs0,,63.0,,1.0,,Status,2,2,0,84,84,0,42.0,0.0,129.919754,129.919754,0.0,0,0,0,0.0,,,0.386666,0.386666,0.0,REQ,,,,,0.0,0.0,0.0,0
286743,2.58232,2.58232,2.58232,2.58232,2.58232,2.58232,udp,0.0,,cs0,,63.0,,1.0,,Status,2,2,0,84,84,0,42.0,0.0,130.115555,130.115555,0.0,0,0,0,0.0,,,0.387249,0.387249,0.0,REQ,,,,,0.0,0.0,0.0,0
286776,2.592765,2.592765,2.592765,2.592765,2.592765,2.592765,udp,0.0,,cs0,,63.0,,1.0,,Status,2,2,0,84,84,0,42.0,0.0,129.591385,129.591385,0.0,0,0,0,0.0,,,0.385689,0.385689,0.0,REQ,,,,,0.0,0.0,0.0,0
286857,2.587747,2.587747,2.587747,2.587747,2.587747,2.587747,udp,0.0,,cs0,,63.0,,1.0,,Status,2,2,0,84,84,0,42.0,0.0,129.842667,129.842667,0.0,0,0,0,0.0,,,0.386437,0.386437,0.0,REQ,,,,,0.0,0.0,0.0,0
286877,0.0,0.0,0.0,0.0,0.0,0.0,udp,0.0,,cs0,,63.0,,1.0,,Start,1,1,0,42,42,0,42.0,0.0,0.0,0.0,0.0,0,0,0,0.0,,,0.0,0.0,0.0,INT,,,,,0.0,0.0,0.0,0
286887,2.582109,2.582109,2.582109,2.582109,2.582109,2.582109,udp,0.0,,cs0,,63.0,,1.0,,Status,2,2,0,84,84,0,42.0,0.0,130.12619,130.12619,0.0,0,0,0,0.0,,,0.38728,0.38728,0.0,REQ,,,,,0.0,0.0,0.0,0
286948,2.592506,2.592506,2.592506,2.592506,2.592506,2.592506,udp,0.0,,cs0,,63.0,,1.0,,Start,2,2,0,84,84,0,42.0,0.0,129.60434,129.60434,0.0,0,0,0,0.0,,,0.385727,0.385727,0.0,INT,,,,,0.0,0.0,0.0,0
286984,2.586583,2.586583,2.586583,2.586583,2.586583,2.586583,udp,0.0,,cs0,,63.0,,1.0,,Start,2,2,0,84,84,0,42.0,0.0,129.901108,129.901108,0.0,0,0,0,0.0,,,0.38661,0.38661,0.0,INT,,,,,0.0,0.0,0.0,0
287012,2.590116,2.590116,2.590116,2.590116,2.590116,2.590116,udp,0.0,,cs0,,63.0,,1.0,,Status,2,2,0,84,84,0,42.0,0.0,129.723923,129.723923,0.0,0,0,0,0.0,,,0.386083,0.386083,0.0,REQ,,,,,0.0,0.0,0.0,0
287013,2.590116,2.590116,2.590116,2.590116,2.590116,2.590116,udp,0.0,,cs0,,63.0,,1.0,,Status,2,2,0,84,84,0,42.0,0.0,129.723923,129.723923,0.0,0,0,0,0.0,,,0.386083,0.386083,0.0,REQ,,,,,0.0,0.0,0.0,0
287024,2.587569,2.587569,2.587569,2.587569,2.587569,2.587569,udp,0.0,,cs0,,63.0,,1.0,,Status,2,2,0,84,84,0,42.0,0.0,129.851608,129.851608,0.0,0,0,0,0.0,,,0.386463,0.386463,0.0,REQ,,,,,0.0,0.0,0.0,0
287066,2.586099,2.586099,2.586099,2.586099,2.586099,2.586099,udp,0.0,,cs0,,63.0,,1.0,,Status,2,2,0,84,84,0,42.0,0.0,129.92543,129.92543,0.0,0,0,0,0.0,,,0.386683,0.386683,0.0,REQ,,,,,0.0,0.0,0.0,0
287093,2.591456,2.591456,2.591456,2.591456,2.591456,2.591456,udp,0.0,,cs0,,63.0,,1.0,,Status,2,2,0,84,84,0,42.0,0.0,129.656845,129.656845,0.0,0,0,0,0.0,,,0.385883,0.385883,0.0,REQ,,,,,0.0,0.0,0.0,0
287159,2.59203,2.59203,2.59203,2.59203,2.59203,2.59203,udp,0.0,,cs0,,63.0,,1.0,,Status,2,2,0,84,84,0,42.0,0.0,129.628128,129.628128,0.0,0,0,0,0.0,,,0.385798,0.385798,0.0,REQ,,,,,0.0,0.0,0.0,0
287192,2.586371,2.586371,2.586371,2.586371,2.586371,2.586371,udp,0.0,,cs0,,63.0,,1.0,,Start,2,2,0,84,84,0,42.0,0.0,129.911758,129.911758,0.0,0,0,0,0.0,,,0.386642,0.386642,0.0,INT,,,,,0.0,0.0,0.0,0
287223,2.591571,2.591571,2.591571,2.591571,2.591571,2.591571,udp,0.0,,cs0,,63.0,,1.0,,Status,2,2,0,84,84,0,42.0,0.0,129.651077,129.651077,0.0,0,0,0,0.0,,,0.385866,0.385866,0.0,REQ,,,,,0.0,0.0,0.0,0
287227,2.589707,2.589707,2.589707,2.589707,2.589707,2.589707,udp,0.0,,cs0,,63.0,,1.0,,Status,2,2,0,84,84,0,42.0,0.0,129.744415,129.744415,0.0,0,0,0,0.0,,,0.386144,0.386144,0.0,REQ,,,,,0.0,0.0,0.0,0
287234,2.586165,2.586165,2.586165,2.586165,2.586165,2.586165,udp,0.0,,cs0,,63.0,,1.0,,Start,2,2,0,84,84,0,42.0,0.0,129.922104,129.922104,0.0,0,0,0,0.0,,,0.386673,0.386673,0.0,INT,,,,,0.0,0.0,0.0,0
287243,0.0,0.0,0.0,0.0,0.0,0.0,udp,0.0,,cs0,,63.0,,1.0,,Start,1,1,0,42,42,0,42.0,0.0,0.0,0.0,0.0,0,0,0,0.0,,,0.0,0.0,0.0,INT,,,,,0.0,0.0,0.0,0
287273,2.580606,2.580606,2.580606,2.580606,2.580606,2.580606,udp,0.0,,cs0,,63.0,,1.0,,Status,2,2,0,84,84,0,42.0,0.0,130.201981,130.201981,0.0,0,0,0,0.0,,,0.387506,0.387506,0.0,REQ,,,,,0.0,0.0,0.0,0
287360,2.588109,2.588109,2.588109,2.588109,2.588109,2.588109,udp,0.0,,cs0,,63.0,,1.0,,Start,2,2,0,84,84,0,42.0,0.0,129.824509,129.824509,0.0,0,0,0,0.0,,,0.386382,0.386382,0.0,INT,,,,,0.0,0.0,0.0,0
287373,0.0,0.0,0.0,0.0,0.0,0.0,udp,0.0,,cs0,,63.0,,1.0,,Start,1,1,0,42,42,0,42.0,0.0,0.0,0.0,0.0,0,0,0,0.0,,,0.0,0.0,0.0,INT,,,,,0.0,0.0,0.0,0
287401,0.0,0.0,0.0,0.0,0.0,0.0,udp,0.0,,cs0,,63.0,,1.0,,Start,1,1,0,42,42,0,42.0,0.0,0.0,0.0,0.0,0,0,0,0.0,,,0.0,0.0,0.0,INT,,,,,0.0,0.0,0.0,0
287447,2.589048,2.589048,2.589048,2.589048,2.589048,2.589048,udp,0.0,,cs0,,63.0,,1.0,,Start,2,2,0,84,84,0,42.0,0.0,129.777435,129.777435,0.0,0,0,0,0.0,,,0.386242,0.386242,0.0,INT,,,,,0.0,0.0,0.0,0
287458,2.589136,2.589136,2.589136,2.589136,2.589136,2.589136,udp,0.0,,cs0,,63.0,,1.0,,Status,2,2,0,84,84,0,42.0,0.0,129.773026,129.773026,0.0,0,0,0,0.0,,,0.386229,0.386229,0.0,REQ,,,,,0.0,0.0,0.0,0
287608,2.586871,2.586871,2.586871,2.586871,2.586871,2.586871,udp,0.0,,cs0,,63.0,,1.0,,Status,2,2,0,84,84,0,42.0,0.0,129.886658,129.886658,0.0,0,0,0,0.0,,,0.386567,0.386567,0.0,REQ,,,,,0.0,0.0,0.0,0
287648,2.58616,2.58616,2.58616,2.58616,2.58616,2.58616,udp,0.0,,cs0,,63.0,,1.0,,Status,2,2,0,84,84,0,42.0,0.0,129.922363,129.922363,0.0,0,0,0,0.0,,,0.386674,0.386674,0.0,REQ,,,,,0.0,0.0,0.0,0
287651,2.58616,2.58616,2.58616,2.58616,2.58616,2.58616,udp,0.0,,cs0,,63.0,,1.0,,Status,2,2,0,84,84,0,42.0,0.0,129.922363,129.922363,0.0,0,0,0,0.0,,,0.386674,0.386674,0.0,REQ,,,,,0.0,0.0,0.0,0
287724,2.584953,2.584953,2.584953,2.584953,2.584953,2.584953,udp,0.0,,cs0,,63.0,,1.0,,Status,2,2,0,84,84,0,42.0,0.0,129.983017,129.983017,0.0,0,0,0,0.0,,,0.386854,0.386854,0.0,REQ,,,,,0.0,0.0,0.0,0
287840,2.586919,2.586919,2.586919,2.586919,2.586919,2.586919,udp,0.0,,cs0,,63.0,,1.0,,Start,2,2,0,84,84,0,42.0,0.0,129.884232,129.884232,0.0,0,0,0,0.0,,,0.38656,0.38656,0.0,INT,,,,,0.0,0.0,0.0,0
287875,2.582303,2.582303,2.582303,2.582303,2.582303,2.582303,udp,0.0,,cs0,,63.0,,1.0,,Status,2,2,0,84,84,0,42.0,0.0,130.116409,130.116409,0.0,0,0,0,0.0,,,0.387251,0.387251,0.0,REQ,,,,,0.0,0.0,0.0,0
287889,2.582299,2.582299,2.582299,2.582299,2.582299,2.582299,udp,0.0,,cs0,,63.0,,1.0,,Status,2,2,0,84,84,0,42.0,0.0,130.116608,130.116608,0.0,0,0,0,0.0,,,0.387252,0.387252,0.0,REQ,,,,,0.0,0.0,0.0,0
287951,2.58482,2.58482,2.58482,2.58482,2.58482,2.58482,udp,0.0,,cs0,,63.0,,1.0,,Start,2,2,0,84,84,0,42.0,0.0,129.9897,129.9897,0.0,0,0,0,0.0,,,0.386874,0.386874,0.0,INT,,,,,0.0,0.0,0.0,0
288084,2.589078,2.589078,2.589078,2.589078,2.589078,2.589078,udp,0.0,,cs0,,63.0,,1.0,,Start,2,2,0,84,84,0,42.0,0.0,129.775925,129.775925,0.0,0,0,0,0.0,,,0.386238,0.386238,0.0,INT,,,,,0.0,0.0,0.0,0
288132,2.590003,2.590003,2.590003,2.590003,2.590003,2.590003,udp,0.0,,cs0,,63.0,,1.0,,Status,2,2,0,84,84,0,42.0,0.0,129.729584,129.729584,0.0,0,0,0,0.0,,,0.3861,0.3861,0.0,REQ,,,,,0.0,0.0,0.0,0
288150,0.0,0.0,0.0,0.0,0.0,0.0,udp,0.0,,cs0,,63.0,,1.0,,Status,1,1,0,42,42,0,42.0,0.0,0.0,0.0,0.0,0,0,0,0.0,,,0.0,0.0,0.0,REQ,,,,,0.0,0.0,0.0,0
288193,2.582666,2.582666,2.582666,2.582666,2.582666,2.582666,udp,0.0,,cs0,,63.0,,1.0,,Start,2,2,0,84,84,0,42.0,0.0,130.098129,130.098129,0.0,0,0,0,0.0,,,0.387197,0.387197,0.0,INT,,,,,0.0,0.0,0.0,0
288203,0.0,0.0,0.0,0.0,0.0,0.0,udp,0.0,,cs0,,63.0,,1.0,,Status,1,1,0,42,42,0,42.0,0.0,0.0,0.0,0.0,0,0,0,0.0,,,0.0,0.0,0.0,REQ,,,,,0.0,0.0,0.0,0
288218,0.0,0.0,0.0,0.0,0.0,0.0,udp,0.0,,cs0,,63.0,,1.0,,Status,1,1,0,42,42,0,42.0,0.0,0.0,0.0,0.0,0,0,0,0.0,,,0.0,0.0,0.0,REQ,,,,,0.0,0.0,0.0,0
288226,2.58769,2.58769,2.58769,2.58769,2.58769,2.58769,udp,0.0,,cs0,,63.0,,1.0,,Status,2,2,0,84,84,0,42.0,0.0,129.845535,129.845535,0.0,0,0,0,0.0,,,0.386445,0.386445,0.0,REQ,,,,,0.0,0.0,0.0,0
288270,2.588886,2.588886,2.588886,2.588886,2.588886,2.588886,udp,0.0,,cs0,,63.0,,1.0,,Status,2,2,0,84,84,0,42.0,0.0,129.785553,129.785553,0.0,0,0,0,0.0,,,0.386267,0.386267,0.0,REQ,,,,,0.0,0.0,0.0,0
288272,2.588886,2.588886,2.588886,2.588886,2.588886,2.588886,udp,0.0,,cs0,,63.0,,1.0,,Status,2,2,0,84,84,0,42.0,0.0,129.785553,129.785553,0.0,0,0,0,0.0,,,0.386267,0.386267,0.0,REQ,,,,,0.0,0.0,0.0,0
288276,2.588879,2.588879,2.588879,2.588879,2.588879,2.588879,udp,0.0,,cs0,,63.0,,1.0,,Status,2,2,0,84,84,0,42.0,0.0,129.785904,129.785904,0.0,0,0,0,0.0,,,0.386268,0.386268,0.0,REQ,,,,,0.0,0.0,0.0,0
288283,2.588866,2.588866,2.588866,2.588866,2.588866,2.588866,udp,0.0,,cs0,,63.0,,1.0,,Status,2,2,0,84,84,0,42.0,0.0,129.78656,129.78656,0.0,0,0,0,0.0,,,0.38627,0.38627,0.0,REQ,,,,,0.0,0.0,0.0,0
288284,2.588949,2.588949,2.588949,2.588949,2.588949,2.588949,udp,0.0,,cs0,,63.0,,1.0,,Status,2,2,0,84,84,0,42.0,0.0,129.782394,129.782394,0.0,0,0,0,0.0,,,0.386257,0.386257,0.0,REQ,,,,,0.0,0.0,0.0,0
288328,2.589,2.589,2.589,2.589,2.589,2.589,udp,0.0,,cs0,,63.0,,1.0,,Status,2,2,0,84,84,0,42.0,0.0,129.779831,129.779831,0.0,0,0,0,0.0,,,0.38625,0.38625,0.0,REQ,,,,,0.0,0.0,0.0,0
288368,2.586527,2.586527,2.586527,2.586527,2.586527,2.586527,udp,0.0,,cs0,,63.0,,1.0,,Status,2,2,0,84,84,0,42.0,0.0,129.903915,129.903915,0.0,0,0,0,0.0,,,0.386619,0.386619,0.0,REQ,,,,,0.0,0.0,0.0,0
288420,2.590213,2.590213,2.590213,2.590213,2.590213,2.590213,udp,0.0,,cs0,,63.0,,1.0,,Status,2,2,0,84,84,0,42.0,0.0,129.719055,129.719055,0.0,0,0,0,0.0,,,0.386069,0.386069,0.0,REQ,,,,,0.0,0.0,0.0,0
288440,0.0,0.0,0.0,0.0,0.0,0.0,udp,0.0,,cs0,,63.0,,1.0,,Status,1,1,0,42,42,0,42.0,0.0,0.0,0.0,0.0,0,0,0,0.0,,,0.0,0.0,0.0,REQ,,,,,0.0,0.0,0.0,0
288513,2.579203,2.579203,2.579203,2.579203,2.579203,2.579203,udp,0.0,,cs0,,63.0,,1.0,,Status,2,2,0,84,84,0,42.0,0.0,130.272812,130.272812,0.0,0,0,0,0.0,,,0.387717,0.387717,0.0,REQ,,,,,0.0,0.0,0.0,0
288574,2.585182,2.585182,2.585182,2.585182,2.585182,2.585182,udp,0.0,,cs0,,63.0,,1.0,,Status,2,2,0,84,84,0,42.0,0.0,129.971512,129.971512,0.0,0,0,0,0.0,,,0.38682,0.38682,0.0,REQ,,,,,0.0,0.0,0.0,0
288575,2.585182,2.585182,2.585182,2.585182,2.585182,2.585182,udp,0.0,,cs0,,63.0,,1.0,,Status,2,2,0,84,84,0,42.0,0.0,129.971512,129.971512,0.0,0,0,0,0.0,,,0.38682,0.38682,0.0,REQ,,,,,0.0,0.0,0.0,0
288590,0.0,0.0,0.0,0.0,0.0,0.0,udp,0.0,,cs0,,63.0,,1.0,,Start,1,1,0,42,42,0,42.0,0.0,0.0,0.0,0.0,0,0,0,0.0,,,0.0,0.0,0.0,INT,,,,,0.0,0.0,0.0,0
288617,0.0,0.0,0.0,0.0,0.0,0.0,udp,0.0,,cs0,,63.0,,1.0,,Start,1,1,0,42,42,0,42.0,0.0,0.0,0.0,0.0,0,0,0,0.0,,,0.0,0.0,0.0,INT,,,,,0.0,0.0,0.0,0
288822,2.588569,2.588569,2.588569,2.588569,2.588569,2.588569,udp,0.0,,cs0,,63.0,,1.0,,Status,2,2,0,84,84,0,42.0,0.0,129.801453,129.801453,0.0,0,0,0,0.0,,,0.386314,0.386314,0.0,REQ,,,,,0.0,0.0,0.0,0
288857,0.0,0.0,0.0,0.0,0.0,0.0,udp,0.0,,cs0,,63.0,,1.0,,Status,1,1,0,42,42,0,42.0,0.0,0.0,0.0,0.0,0,0,0,0.0,,,0.0,0.0,0.0,REQ,,,,,0.0,0.0,0.0,0
289054,0.0,0.0,0.0,0.0,0.0,0.0,udp,0.0,,cs0,,63.0,,1.0,,Status,1,1,0,42,42,0,42.0,0.0,0.0,0.0,0.0,0,0,0,0.0,,,0.0,0.0,0.0,REQ,,,,,0.0,0.0,0.0,0
289084,2.579078,2.579078,2.579078,2.579078,2.579078,2.579078,udp,0.0,,cs0,,63.0,,1.0,,Status,2,2,0,84,84,0,42.0,0.0,130.279114,130.279114,0.0,0,0,0,0.0,,,0.387735,0.387735,0.0,REQ,,,,,0.0,0.0,0.0,0
289119,0.0,0.0,0.0,0.0,0.0,0.0,udp,0.0,,cs0,,63.0,,1.0,,Status,1,1,0,42,42,0,42.0,0.0,0.0,0.0,0.0,0,0,0,0.0,,,0.0,0.0,0.0,REQ,,,,,0.0,0.0,0.0,0
289125,2.582353,2.582353,2.582353,2.582353,2.582353,2.582353,udp,0.0,,cs0,,63.0,,1.0,,Status,2,2,0,84,84,0,42.0,0.0,130.113892,130.113892,0.0,0,0,0,0.0,,,0.387244,0.387244,0.0,REQ,,,,,0.0,0.0,0.0,0
289153,2.591635,2.591635,2.591635,2.591635,2.591635,2.591635,udp,0.0,,cs0,,63.0,,1.0,,Status,2,2,0,84,84,0,42.0,0.0,129.647888,129.647888,0.0,0,0,0,0.0,,,0.385857,0.385857,0.0,REQ,,,,,0.0,0.0,0.0,0
289176,0.0,0.0,0.0,0.0,0.0,0.0,udp,0.0,,cs0,,63.0,,1.0,,Status,1,1,0,42,42,0,42.0,0.0,0.0,0.0,0.0,0,0,0,0.0,,,0.0,0.0,0.0,REQ,,,,,0.0,0.0,0.0,0
289280,0.0,0.0,0.0,0.0,0.0,0.0,udp,0.0,,cs0,,63.0,,1.0,,Start,1,1,0,42,42,0,42.0,0.0,0.0,0.0,0.0,0,0,0,0.0,,,0.0,0.0,0.0,INT,,,,,0.0,0.0,0.0,0
289314,2.586328,2.586328,2.586328,2.586328,2.586328,2.586328,udp,0.0,,cs0,,63.0,,1.0,,Status,2,2,0,84,84,0,42.0,0.0,129.91391,129.91391,0.0,0,0,0,0.0,,,0.386649,0.386649,0.0,REQ,,,,,0.0,0.0,0.0,0
289329,2.586246,2.586246,2.586246,2.586246,2.586246,2.586246,udp,0.0,,cs0,,63.0,,1.0,,Start,2,2,0,84,84,0,42.0,0.0,129.91803,129.91803,0.0,0,0,0,0.0,,,0.386661,0.386661,0.0,INT,,,,,0.0,0.0,0.0,0
289381,2.586158,2.586158,2.586158,2.586158,2.586158,2.586158,udp,0.0,,cs0,,63.0,,1.0,,Start,2,2,0,84,84,0,42.0,0.0,129.922455,129.922455,0.0,0,0,0,0.0,,,0.386674,0.386674,0.0,INT,,,,,0.0,0.0,0.0,0
289476,0.0,0.0,0.0,0.0,0.0,0.0,udp,0.0,,cs0,,63.0,,1.0,,Status,1,1,0,42,42,0,42.0,0.0,0.0,0.0,0.0,0,0,0,0.0,,,0.0,0.0,0.0,REQ,,,,,0.0,0.0,0.0,0
289593,0.0,0.0,0.0,0.0,0.0,0.0,udp,0.0,,cs0,,63.0,,1.0,,Status,1,1,0,42,42,0,42.0,0.0,0.0,0.0,0.0,0,0,0,0.0,,,0.0,0.0,0.0,REQ,,,,,0.0,0.0,0.0,0
289627,2.584239,2.584239,2.584239,2.584239,2.584239,2.584239,udp,0.0,,cs0,,63.0,,1.0,,Status,2,2,0,84,84,0,42.0,0.0,130.018936,130.018936,0.0,0,0,0,0.0,,,0.386961,0.386961,0.0,REQ,,,,,0.0,0.0,0.0,0
289672,0.0,0.0,0.0,0.0,0.0,0.0,udp,0.0,,cs0,,63.0,,1.0,,Status,1,1,0,42,42,0,42.0,0.0,0.0,0.0,0.0,0,0,0,0.0,,,0.0,0.0,0.0,REQ,,,,,0.0,0.0,0.0,0
289709,2.581974,2.581974,2.581974,2.581974,2.581974,2.581974,udp,0.0,,cs0,,63.0,,1.0,,Status,2,2,0,84,84,0,42.0,0.0,130.132996,130.132996,0.0,0,0,0,0.0,,,0.387301,0.387301,0.0,REQ,,,,,0.0,0.0,0.0,0
289711,2.581974,2.581974,2.581974,2.581974,2.581974,2.581974,udp,0.0,,cs0,,63.0,,1.0,,Status,2,2,0,84,84,0,42.0,0.0,130.132996,130.132996,0.0,0,0,0,0.0,,,0.387301,0.387301,0.0,REQ,,,,,0.0,0.0,0.0,0
289732,2.582954,2.582954,2.582954,2.582954,2.582954,2.582954,udp,0.0,,cs0,,63.0,,1.0,,Status,2,2,0,84,84,0,42.0,0.0,130.083618,130.083618,0.0,0,0,0,0.0,,,0.387154,0.387154,0.0,REQ,,,,,0.0,0.0,0.0,0
289773,2.586933,2.586933,2.586933,2.586933,2.586933,2.586933,udp,0.0,,cs0,,63.0,,1.0,,Status,2,2,0,84,84,0,42.0,0.0,129.883545,129.883545,0.0,0,0,0,0.0,,,0.386558,0.386558,0.0,REQ,,,,,0.0,0.0,0.0,0
289820,0.0,0.0,0.0,0.0,0.0,0.0,udp,0.0,,cs0,,63.0,,1.0,,Status,1,1,0,42,42,0,42.0,0.0,0.0,0.0,0.0,0,0,0,0.0,,,0.0,0.0,0.0,REQ,,,,,0.0,0.0,0.0,0
289878,2.586967,2.586967,2.586967,2.586967,2.586967,2.586967,udp,0.0,,cs0,,63.0,,1.0,,Status,2,2,0,84,84,0,42.0,0.0,129.881821,129.881821,0.0,0,0,0,0.0,,,0.386553,0.386553,0.0,REQ,,,,,0.0,0.0,0.0,0
289943,2.588676,2.588676,2.588676,2.588676,2.588676,2.588676,udp,0.0,,cs0,,63.0,,1.0,,Status,2,2,0,84,84,0,42.0,0.0,129.796082,129.796082,0.0,0,0,0,0.0,,,0.386298,0.386298,0.0,REQ,,,,,0.0,0.0,0.0,0
289944,2.588676,2.588676,2.588676,2.588676,2.588676,2.588676,udp,0.0,,cs0,,63.0,,1.0,,Status,2,2,0,84,84,0,42.0,0.0,129.796082,129.796082,0.0,0,0,0,0.0,,,0.386298,0.386298,0.0,REQ,,,,,0.0,0.0,0.0,0
290039,2.588478,2.588478,2.588478,2.588478,2.588478,2.588478,udp,0.0,,cs0,,63.0,,1.0,,Status,2,2,0,84,84,0,42.0,0.0,129.806,129.806,0.0,0,0,0,0.0,,,0.386327,0.386327,0.0,REQ,,,,,0.0,0.0,0.0,0
290060,2.586272,2.586272,2.586272,2.586272,2.586272,2.586272,udp,0.0,,cs0,,63.0,,1.0,,Status,2,2,0,84,84,0,42.0,0.0,129.916733,129.916733,0.0,0,0,0,0.0,,,0.386657,0.386657,0.0,REQ,,,,,0.0,0.0,0.0,0
290081,0.0,0.0,0.0,0.0,0.0,0.0,udp,0.0,,cs0,,63.0,,1.0,,Status,1,1,0,42,42,0,42.0,0.0,0.0,0.0,0.0,0,0,0,0.0,,,0.0,0.0,0.0,REQ,,,,,0.0,0.0,0.0,0
290151,2.592734,2.592734,2.592734,2.592734,2.592734,2.592734,udp,0.0,,cs0,,63.0,,1.0,,Start,2,2,0,84,84,0,42.0,0.0,129.592926,129.592926,0.0,0,0,0,0.0,,,0.385693,0.385693,0.0,INT,,,,,0.0,0.0,0.0,0
290160,2.592729,2.592729,2.592729,2.592729,2.592729,2.592729,udp,0.0,,cs0,,63.0,,1.0,,Start,2,2,0,84,84,0,42.0,0.0,129.59317,129.59317,0.0,0,0,0,0.0,,,0.385694,0.385694,0.0,INT,,,,,0.0,0.0,0.0,0
290190,0.0,0.0,0.0,0.0,0.0,0.0,udp,0.0,,cs0,,63.0,,1.0,,Start,1,1,0,42,42,0,42.0,0.0,0.0,0.0,0.0,0,0,0,0.0,,,0.0,0.0,0.0,INT,,,,,0.0,0.0,0.0,0
290303,2.585118,2.585118,2.585118,2.585118,2.585118,2.585118,udp,0.0,,cs0,,63.0,,1.0,,Status,2,2,0,84,84,0,42.0,0.0,129.974716,129.974716,0.0,0,0,0,0.0,,,0.38683,0.38683,0.0,REQ,,,,,0.0,0.0,0.0,0
290344,2.590784,2.590784,2.590784,2.590784,2.590784,2.590784,udp,0.0,,cs0,,63.0,,1.0,,Status,2,2,0,84,84,0,42.0,0.0,129.690475,129.690475,0.0,0,0,0,0.0,,,0.385984,0.385984,0.0,REQ,,,,,0.0,0.0,0.0,0
290420,2.58543,2.58543,2.58543,2.58543,2.58543,2.58543,udp,0.0,,cs0,,63.0,,1.0,,Status,2,2,0,84,84,0,42.0,0.0,129.959045,129.959045,0.0,0,0,0,0.0,,,0.386783,0.386783,0.0,REQ,,,,,0.0,0.0,0.0,0
290451,2.591187,2.591187,2.591187,2.591187,2.591187,2.591187,udp,0.0,,cs0,,63.0,,1.0,,Start,2,2,0,84,84,0,42.0,0.0,129.670303,129.670303,0.0,0,0,0,0.0,,,0.385924,0.385924,0.0,INT,,,,,0.0,0.0,0.0,0
290488,2.586271,2.586271,2.586271,2.586271,2.586271,2.586271,udp,0.0,,cs0,,63.0,,1.0,,Status,2,2,0,84,84,0,42.0,0.0,129.916779,129.916779,0.0,0,0,0,0.0,,,0.386657,0.386657,0.0,REQ,,,,,0.0,0.0,0.0,0
290572,2.588122,2.588122,2.588122,2.588122,2.588122,2.588122,udp,0.0,,cs0,,63.0,,1.0,,Status,2,2,0,84,84,0,42.0,0.0,129.823868,129.823868,0.0,0,0,0,0.0,,,0.386381,0.386381,0.0,REQ,,,,,0.0,0.0,0.0,0
290589,0.0,0.0,0.0,0.0,0.0,0.0,udp,0.0,,cs0,,63.0,,1.0,,Status,1,1,0,42,42,0,42.0,0.0,0.0,0.0,0.0,0,0,0,0.0,,,0.0,0.0,0.0,REQ,,,,,0.0,0.0,0.0,0
290593,0.0,0.0,0.0,0.0,0.0,0.0,udp,0.0,,cs0,,63.0,,1.0,,Status,1,1,0,42,42,0,42.0,0.0,0.0,0.0,0.0,0,0,0,0.0,,,0.0,0.0,0.0,REQ,,,,,0.0,0.0,0.0,0
290680,2.585914,2.585914,2.585914,2.585914,2.585914,2.585914,udp,0.0,,cs0,,63.0,,1.0,,Status,2,2,0,84,84,0,42.0,0.0,129.934723,129.934723,0.0,0,0,0,0.0,,,0.38671,0.38671,0.0,REQ,,,,,0.0,0.0,0.0,0
290734,0.0,0.0,0.0,0.0,0.0,0.0,udp,0.0,,cs0,,63.0,,1.0,,Status,1,1,0,42,42,0,42.0,0.0,0.0,0.0,0.0,0,0,0,0.0,,,0.0,0.0,0.0,REQ,,,,,0.0,0.0,0.0,0
290735,0.0,0.0,0.0,0.0,0.0,0.0,udp,0.0,,cs0,,63.0,,1.0,,Status,1,1,0,42,42,0,42.0,0.0,0.0,0.0,0.0,0,0,0,0.0,,,0.0,0.0,0.0,REQ,,,,,0.0,0.0,0.0,0
290755,0.0,0.0,0.0,0.0,0.0,0.0,udp,0.0,,cs0,,63.0,,1.0,,Status,1,1,0,42,42,0,42.0,0.0,0.0,0.0,0.0,0,0,0,0.0,,,0.0,0.0,0.0,REQ,,,,,0.0,0.0,0.0,0
290780,2.58694,2.58694,2.58694,2.58694,2.58694,2.58694,udp,0.0,,cs0,,63.0,,1.0,,Start,2,2,0,84,84,0,42.0,0.0,129.883179,129.883179,0.0,0,0,0,0.0,,,0.386557,0.386557,0.0,INT,,,,,0.0,0.0,0.0,0
290814,2.592641,2.592641,2.592641,2.592641,2.592641,2.592641,udp,0.0,,cs0,,63.0,,1.0,,Status,2,2,0,84,84,0,42.0,0.0,129.59758,129.59758,0.0,0,0,0,0.0,,,0.385707,0.385707,0.0,REQ,,,,,0.0,0.0,0.0,0
290822,2.592203,2.592203,2.592203,2.592203,2.592203,2.592203,udp,0.0,,cs0,,63.0,,1.0,,Status,2,2,0,84,84,0,42.0,0.0,129.619476,129.619476,0.0,0,0,0,0.0,,,0.385772,0.385772,0.0,REQ,,,,,0.0,0.0,0.0,0
290912,2.587697,2.587697,2.587697,2.587697,2.587697,2.587697,udp,0.0,,cs0,,63.0,,1.0,,Start,2,2,0,84,84,0,42.0,0.0,129.845184,129.845184,0.0,0,0,0,0.0,,,0.386444,0.386444,0.0,INT,,,,,0.0,0.0,0.0,0
290927,0.0,0.0,0.0,0.0,0.0,0.0,udp,0.0,,cs0,,63.0,,1.0,,Status,1,1,0,42,42,0,42.0,0.0,0.0,0.0,0.0,0,0,0,0.0,,,0.0,0.0,0.0,REQ,,,,,0.0,0.0,0.0,0
290966,2.588844,2.588844,2.588844,2.588844,2.588844,2.588844,udp,0.0,,cs0,,63.0,,1.0,,Status,2,2,0,84,84,0,42.0,0.0,129.787659,129.787659,0.0,0,0,0,0.0,,,0.386273,0.386273,0.0,REQ,,,,,0.0,0.0,0.0,0
291069,0.0,0.0,0.0,0.0,0.0,0.0,udp,0.0,,cs0,,63.0,,1.0,,Status,1,1,0,42,42,0,42.0,0.0,0.0,0.0,0.0,0,0,0,0.0,,,0.0,0.0,0.0,REQ,,,,,0.0,0.0,0.0,0
291086,0.0,0.0,0.0,0.0,0.0,0.0,udp,0.0,,cs0,,63.0,,1.0,,Status,1,1,0,42,42,0,42.0,0.0,0.0,0.0,0.0,0,0,0,0.0,,,0.0,0.0,0.0,REQ,,,,,0.0,0.0,0.0,0
291087,0.0,0.0,0.0,0.0,0.0,0.0,udp,0.0,,cs0,,63.0,,1.0,,Status,1,1,0,42,42,0,42.0,0.0,0.0,0.0,0.0,0,0,0,0.0,,,0.0,0.0,0.0,REQ,,,,,0.0,0.0,0.0,0
291119,0.0,0.0,0.0,0.0,0.0,0.0,udp,0.0,,cs0,,63.0,,1.0,,Start,1,1,0,42,42,0,42.0,0.0,0.0,0.0,0.0,0,0,0,0.0,,,0.0,0.0,0.0,INT,,,,,0.0,0.0,0.0,0
291120,0.0,0.0,0.0,0.0,0.0,0.0,udp,0.0,,cs0,,63.0,,1.0,,Start,1,1,0,42,42,0,42.0,0.0,0.0,0.0,0.0,0,0,0,0.0,,,0.0,0.0,0.0,INT,,,,,0.0,0.0,0.0,0
291151,0.0,0.0,0.0,0.0,0.0,0.0,udp,0.0,,cs0,,63.0,,1.0,,Status,1,1,0,42,42,0,42.0,0.0,0.0,0.0,0.0,0,0,0,0.0,,,0.0,0.0,0.0,REQ,,,,,0.0,0.0,0.0,0
291231,2.58697,2.58697,2.58697,2.58697,2.58697,2.58697,udp,0.0,,cs0,,63.0,,1.0,,Status,2,2,0,84,84,0,42.0,0.0,129.881668,129.881668,0.0,0,0,0,0.0,,,0.386553,0.386553,0.0,REQ,,,,,0.0,0.0,0.0,0
291258,0.0,0.0,0.0,0.0,0.0,0.0,udp,0.0,,cs0,,63.0,,1.0,,Start,1,1,0,42,42,0,42.0,0.0,0.0,0.0,0.0,0,0,0,0.0,,,0.0,0.0,0.0,INT,,,,,0.0,0.0,0.0,0
291279,0.0,0.0,0.0,0.0,0.0,0.0,udp,0.0,,cs0,,63.0,,1.0,,Status,1,1,0,42,42,0,42.0,0.0,0.0,0.0,0.0,0,0,0,0.0,,,0.0,0.0,0.0,REQ,,,,,0.0,0.0,0.0,0
291289,0.0,0.0,0.0,0.0,0.0,0.0,udp,0.0,,cs0,,63.0,,1.0,,Status,1,1,0,42,42,0,42.0,0.0,0.0,0.0,0.0,0,0,0,0.0,,,0.0,0.0,0.0,REQ,,,,,0.0,0.0,0.0,0
291305,2.591429,2.591429,2.591429,2.591429,2.591429,2.591429,udp,0.0,,cs0,,63.0,,1.0,,Status,2,2,0,84,84,0,42.0,0.0,129.658188,129.658188,0.0,0,0,0,0.0,,,0.385887,0.385887,0.0,REQ,,,,,0.0,0.0,0.0,0
291309,2.59043,2.59043,2.59043,2.59043,2.59043,2.59043,udp,0.0,,cs0,,63.0,,1.0,,Status,2,2,0,84,84,0,42.0,0.0,129.708191,129.708191,0.0,0,0,0,0.0,,,0.386036,0.386036,0.0,REQ,,,,,0.0,0.0,0.0,0
291402,2.597953,2.597953,2.597953,2.597953,2.597953,2.597953,udp,0.0,,cs0,,63.0,,1.0,,Status,2,2,0,84,84,0,42.0,0.0,129.332596,129.332596,0.0,0,0,0,0.0,,,0.384918,0.384918,0.0,REQ,,,,,0.0,0.0,0.0,0
291449,0.0,0.0,0.0,0.0,0.0,0.0,udp,0.0,,cs0,,63.0,,1.0,,Status,1,1,0,42,42,0,42.0,0.0,0.0,0.0,0.0,0,0,0,0.0,,,0.0,0.0,0.0,REQ,,,,,0.0,0.0,0.0,0
291477,2.600987,2.600987,2.600987,2.600987,2.600987,2.600987,udp,0.0,,cs0,,63.0,,1.0,,Status,2,2,0,84,84,0,42.0,0.0,129.181732,129.181732,0.0,0,0,0,0.0,,,0.384469,0.384469,0.0,REQ,,,,,0.0,0.0,0.0,0
291562,0.0,0.0,0.0,0.0,0.0,0.0,udp,0.0,,cs0,,63.0,,1.0,,Status,1,1,0,42,42,0,42.0,0.0,0.0,0.0,0.0,0,0,0,0.0,,,0.0,0.0,0.0,REQ,,,,,0.0,0.0,0.0,0
291565,0.0,0.0,0.0,0.0,0.0,0.0,udp,0.0,,cs0,,63.0,,1.0,,Status,1,1,0,42,42,0,42.0,0.0,0.0,0.0,0.0,0,0,0,0.0,,,0.0,0.0,0.0,REQ,,,,,0.0,0.0,0.0,0
291568,0.0,0.0,0.0,0.0,0.0,0.0,udp,0.0,,cs0,,63.0,,1.0,,Status,1,1,0,42,42,0,42.0,0.0,0.0,0.0,0.0,0,0,0,0.0,,,0.0,0.0,0.0,REQ,,,,,0.0,0.0,0.0,0
291589,0.0,0.0,0.0,0.0,0.0,0.0,udp,0.0,,cs0,,63.0,,1.0,,Status,1,1,0,42,42,0,42.0,0.0,0.0,0.0,0.0,0,0,0,0.0,,,0.0,0.0,0.0,REQ,,,,,0.0,0.0,0.0,0
291594,0.0,0.0,0.0,0.0,0.0,0.0,udp,0.0,,cs0,,63.0,,1.0,,Status,1,1,0,42,42,0,42.0,0.0,0.0,0.0,0.0,0,0,0,0.0,,,0.0,0.0,0.0,REQ,,,,,0.0,0.0,0.0,0
291595,0.0,0.0,0.0,0.0,0.0,0.0,udp,0.0,,cs0,,63.0,,1.0,,Status,1,1,0,42,42,0,42.0,0.0,0.0,0.0,0.0,0,0,0,0.0,,,0.0,0.0,0.0,REQ,,,,,0.0,0.0,0.0,0
291602,0.0,0.0,0.0,0.0,0.0,0.0,udp,0.0,,cs0,,63.0,,1.0,,Status,1,1,0,42,42,0,42.0,0.0,0.0,0.0,0.0,0,0,0,0.0,,,0.0,0.0,0.0,REQ,,,,,0.0,0.0,0.0,0
291642,2.589302,2.589302,2.589302,2.589302,2.589302,2.589302,udp,0.0,,cs0,,63.0,,1.0,,Status,2,2,0,84,84,0,42.0,0.0,129.764694,129.764694,0.0,0,0,0,0.0,,,0.386204,0.386204,0.0,REQ,,,,,0.0,0.0,0.0,0
291679,2.58945,2.58945,2.58945,2.58945,2.58945,2.58945,udp,0.0,,cs0,,63.0,,1.0,,Status,2,2,0,84,84,0,42.0,0.0,129.757294,129.757294,0.0,0,0,0,0.0,,,0.386182,0.386182,0.0,REQ,,,,,0.0,0.0,0.0,0
291710,0.0,0.0,0.0,0.0,0.0,0.0,udp,0.0,,cs0,,63.0,,1.0,,Status,1,1,0,42,42,0,42.0,0.0,0.0,0.0,0.0,0,0,0,0.0,,,0.0,0.0,0.0,REQ,,,,,0.0,0.0,0.0,0
291736,0.0,0.0,0.0,0.0,0.0,0.0,udp,0.0,,cs0,,63.0,,1.0,,Status,1,1,0,42,42,0,42.0,0.0,0.0,0.0,0.0,0,0,0,0.0,,,0.0,0.0,0.0,REQ,,,,,0.0,0.0,0.0,0
291821,2.590688,2.590688,2.590688,2.590688,2.590688,2.590688,udp,0.0,,cs0,,63.0,,1.0,,Status,2,2,0,84,84,0,42.0,0.0,129.695282,129.695282,0.0,0,0,0,0.0,,,0.385998,0.385998,0.0,REQ,,,,,0.0,0.0,0.0,0
291838,2.593076,2.593076,2.593076,2.593076,2.593076,2.593076,udp,0.0,,cs0,,63.0,,1.0,,Status,2,2,0,84,84,0,42.0,0.0,129.575836,129.575836,0.0,0,0,0,0.0,,,0.385642,0.385642,0.0,REQ,,,,,0.0,0.0,0.0,0
291987,2.594976,2.594976,2.594976,2.594976,2.594976,2.594976,udp,0.0,,cs0,,63.0,,1.0,,Status,2,2,0,84,84,0,42.0,0.0,129.480972,129.480972,0.0,0,0,0,0.0,,,0.38536,0.38536,0.0,REQ,,,,,0.0,0.0,0.0,0
292025,2.589334,2.589334,2.589334,2.589334,2.589334,2.589334,udp,0.0,,cs0,,63.0,,1.0,,Start,2,2,0,84,84,0,42.0,0.0,129.763092,129.763092,0.0,0,0,0,0.0,,,0.3862,0.3862,0.0,INT,,,,,0.0,0.0,0.0,0
292055,2.594958,2.594958,2.594958,2.594958,2.594958,2.594958,udp,0.0,,cs0,,63.0,,1.0,,Status,2,2,0,84,84,0,42.0,0.0,129.481857,129.481857,0.0,0,0,0,0.0,,,0.385363,0.385363,0.0,REQ,,,,,0.0,0.0,0.0,0
292082,2.588935,2.588935,2.588935,2.588935,2.588935,2.588935,udp,0.0,,cs0,,63.0,,1.0,,Status,2,2,0,84,84,0,42.0,0.0,129.783096,129.783096,0.0,0,0,0,0.0,,,0.386259,0.386259,0.0,REQ,,,,,0.0,0.0,0.0,0
292088,2.588941,2.588941,2.588941,2.588941,2.588941,2.588941,udp,0.0,,cs0,,63.0,,1.0,,Status,2,2,0,84,84,0,42.0,0.0,129.782791,129.782791,0.0,0,0,0,0.0,,,0.386258,0.386258,0.0,REQ,,,,,0.0,0.0,0.0,0
292128,2.592573,2.592573,2.592573,2.592573,2.592573,2.592573,udp,0.0,,cs0,,63.0,,1.0,,Status,2,2,0,84,84,0,42.0,0.0,129.600983,129.600983,0.0,0,0,0,0.0,,,0.385717,0.385717,0.0,REQ,,,,,0.0,0.0,0.0,0
292141,2.594773,2.594773,2.594773,2.594773,2.594773,2.594773,udp,0.0,,cs0,,63.0,,1.0,,Status,2,2,0,84,84,0,42.0,0.0,129.491089,129.491089,0.0,0,0,0,0.0,,,0.38539,0.38539,0.0,REQ,,,,,0.0,0.0,0.0,0
292151,0.0,0.0,0.0,0.0,0.0,0.0,udp,0.0,,cs0,,63.0,,1.0,,Status,1,1,0,42,42,0,42.0,0.0,0.0,0.0,0.0,0,0,0,0.0,,,0.0,0.0,0.0,REQ,,,,,0.0,0.0,0.0,0
292176,0.0,0.0,0.0,0.0,0.0,0.0,udp,0.0,,cs0,,63.0,,1.0,,Status,1,1,0,42,42,0,42.0,0.0,0.0,0.0,0.0,0,0,0,0.0,,,0.0,0.0,0.0,REQ,,,,,0.0,0.0,0.0,0
292213,2.592504,2.592504,2.592504,2.592504,2.592504,2.592504,udp,0.0,,cs0,,63.0,,1.0,,Status,2,2,0,84,84,0,42.0,0.0,129.604431,129.604431,0.0,0,0,0,0.0,,,0.385727,0.385727,0.0,REQ,,,,,0.0,0.0,0.0,0
292215,2.592504,2.592504,2.592504,2.592504,2.592504,2.592504,udp,0.0,,cs0,,63.0,,1.0,,Status,2,2,0,84,84,0,42.0,0.0,129.604431,129.604431,0.0,0,0,0,0.0,,,0.385727,0.385727,0.0,REQ,,,,,0.0,0.0,0.0,0
292280,0.0,0.0,0.0,0.0,0.0,0.0,udp,0.0,,cs0,,63.0,,1.0,,Status,1,1,0,42,42,0,42.0,0.0,0.0,0.0,0.0,0,0,0,0.0,,,0.0,0.0,0.0,REQ,,,,,0.0,0.0,0.0,0
292284,2.592385,2.592385,2.592385,2.592385,2.592385,2.592385,udp,0.0,,cs0,,63.0,,1.0,,Status,2,2,0,84,84,0,42.0,0.0,129.610382,129.610382,0.0,0,0,0,0.0,,,0.385745,0.385745,0.0,REQ,,,,,0.0,0.0,0.0,0
292438,2.58977,2.58977,2.58977,2.58977,2.58977,2.58977,udp,0.0,,cs0,,63.0,,1.0,,Status,2,2,0,84,84,0,42.0,0.0,129.741241,129.741241,0.0,0,0,0,0.0,,,0.386135,0.386135,0.0,REQ,,,,,0.0,0.0,0.0,0
292466,2.592238,2.592238,2.592238,2.592238,2.592238,2.592238,udp,0.0,,cs0,,63.0,,1.0,,Status,2,2,0,84,84,0,42.0,0.0,129.617737,129.617737,0.0,0,0,0,0.0,,,0.385767,0.385767,0.0,REQ,,,,,0.0,0.0,0.0,0
292485,2.589134,2.589134,2.589134,2.589134,2.589134,2.589134,udp,0.0,,cs0,,63.0,,1.0,,Status,2,2,0,84,84,0,42.0,0.0,129.773117,129.773117,0.0,0,0,0,0.0,,,0.38623,0.38623,0.0,REQ,,,,,0.0,0.0,0.0,0
292532,0.0,0.0,0.0,0.0,0.0,0.0,udp,0.0,,cs0,,63.0,,1.0,,Status,1,1,0,42,42,0,42.0,0.0,0.0,0.0,0.0,0,0,0,0.0,,,0.0,0.0,0.0,REQ,,,,,0.0,0.0,0.0,0
292584,0.0,0.0,0.0,0.0,0.0,0.0,udp,0.0,,cs0,,63.0,,1.0,,Status,1,1,0,42,42,0,42.0,0.0,0.0,0.0,0.0,0,0,0,0.0,,,0.0,0.0,0.0,REQ,,,,,0.0,0.0,0.0,0
292628,0.0,0.0,0.0,0.0,0.0,0.0,udp,0.0,,cs0,,63.0,,1.0,,Status,1,1,0,42,42,0,42.0,0.0,0.0,0.0,0.0,0,0,0,0.0,,,0.0,0.0,0.0,REQ,,,,,0.0,0.0,0.0,0
292634,0.0,0.0,0.0,0.0,0.0,0.0,udp,0.0,,cs0,,63.0,,1.0,,Status,1,1,0,42,42,0,42.0,0.0,0.0,0.0,0.0,0,0,0,0.0,,,0.0,0.0,0.0,REQ,,,,,0.0,0.0,0.0,0
292637,0.0,0.0,0.0,0.0,0.0,0.0,udp,0.0,,cs0,,63.0,,1.0,,Status,1,1,0,42,42,0,42.0,0.0,0.0,0.0,0.0,0,0,0,0.0,,,0.0,0.0,0.0,REQ,,,,,0.0,0.0,0.0,0
292650,0.0,0.0,0.0,0.0,0.0,0.0,udp,0.0,,cs0,,63.0,,1.0,,Status,1,1,0,42,42,0,42.0,0.0,0.0,0.0,0.0,0,0,0,0.0,,,0.0,0.0,0.0,REQ,,,,,0.0,0.0,0.0,0
292703,2.59107,2.59107,2.59107,2.59107,2.59107,2.59107,udp,0.0,,cs0,,63.0,,1.0,,Status,2,2,0,84,84,0,42.0,0.0,129.676163,129.676163,0.0,0,0,0,0.0,,,0.385941,0.385941,0.0,REQ,,,,,0.0,0.0,0.0,0
292732,0.0,0.0,0.0,0.0,0.0,0.0,udp,0.0,,cs0,,63.0,,1.0,,Status,1,1,0,42,42,0,42.0,0.0,0.0,0.0,0.0,0,0,0,0.0,,,0.0,0.0,0.0,REQ,,,,,0.0,0.0,0.0,0
292737,0.0,0.0,0.0,0.0,0.0,0.0,udp,0.0,,cs0,,63.0,,1.0,,Status,1,1,0,42,42,0,42.0,0.0,0.0,0.0,0.0,0,0,0,0.0,,,0.0,0.0,0.0,REQ,,,,,0.0,0.0,0.0,0
292921,2.590158,2.590158,2.590158,2.590158,2.590158,2.590158,udp,0.0,,cs0,,63.0,,1.0,,Status,2,2,0,84,84,0,42.0,0.0,129.721817,129.721817,0.0,0,0,0,0.0,,,0.386077,0.386077,0.0,REQ,,,,,0.0,0.0,0.0,0
292938,2.590022,2.590022,2.590022,2.590022,2.590022,2.590022,udp,0.0,,cs0,,63.0,,1.0,,Status,2,2,0,84,84,0,42.0,0.0,129.728622,129.728622,0.0,0,0,0,0.0,,,0.386097,0.386097,0.0,REQ,,,,,0.0,0.0,0.0,0
292948,2.590158,2.590158,2.590158,2.590158,2.590158,2.590158,udp,0.0,,cs0,,63.0,,1.0,,Start,2,2,0,84,84,0,42.0,0.0,129.721817,129.721817,0.0,0,0,0,0.0,,,0.386077,0.386077,0.0,INT,,,,,0.0,0.0,0.0,0
292965,0.0,0.0,0.0,0.0,0.0,0.0,udp,0.0,,cs0,,63.0,,1.0,,Status,1,1,0,42,42,0,42.0,0.0,0.0,0.0,0.0,0,0,0,0.0,,,0.0,0.0,0.0,REQ,,,,,0.0,0.0,0.0,0
292992,0.0,0.0,0.0,0.0,0.0,0.0,udp,0.0,,cs0,,63.0,,1.0,,Start,1,1,0,42,42,0,42.0,0.0,0.0,0.0,0.0,0,0,0,0.0,,,0.0,0.0,0.0,INT,,,,,0.0,0.0,0.0,0
293020,0.0,0.0,0.0,0.0,0.0,0.0,udp,0.0,,cs0,,63.0,,1.0,,Start,1,1,0,42,42,0,42.0,0.0,0.0,0.0,0.0,0,0,0,0.0,,,0.0,0.0,0.0,INT,,,,,0.0,0.0,0.0,0
293093,0.0,0.0,0.0,0.0,0.0,0.0,udp,0.0,,cs0,,63.0,,1.0,,Status,1,1,0,42,42,0,42.0,0.0,0.0,0.0,0.0,0,0,0,0.0,,,0.0,0.0,0.0,REQ,,,,,0.0,0.0,0.0,0
293133,0.0,0.0,0.0,0.0,0.0,0.0,udp,0.0,,cs0,,63.0,,1.0,,Status,1,1,0,42,42,0,42.0,0.0,0.0,0.0,0.0,0,0,0,0.0,,,0.0,0.0,0.0,REQ,,,,,0.0,0.0,0.0,0
293159,2.589643,2.589643,2.589643,2.589643,2.589643,2.589643,udp,0.0,,cs0,,63.0,,1.0,,Status,2,2,0,84,84,0,42.0,0.0,129.74762,129.74762,0.0,0,0,0,0.0,,,0.386154,0.386154,0.0,REQ,,,,,0.0,0.0,0.0,0
293190,0.0,0.0,0.0,0.0,0.0,0.0,udp,0.0,,cs0,,63.0,,1.0,,Status,1,1,0,42,42,0,42.0,0.0,0.0,0.0,0.0,0,0,0,0.0,,,0.0,0.0,0.0,REQ,,,,,0.0,0.0,0.0,0
293239,2.589474,2.589474,2.589474,2.589474,2.589474,2.589474,udp,0.0,,cs0,,63.0,,1.0,,Start,2,2,0,84,84,0,42.0,0.0,129.756088,129.756088,0.0,0,0,0,0.0,,,0.386179,0.386179,0.0,INT,,,,,0.0,0.0,0.0,0
293274,0.0,0.0,0.0,0.0,0.0,0.0,udp,0.0,,cs0,,63.0,,1.0,,Status,1,1,0,42,42,0,42.0,0.0,0.0,0.0,0.0,0,0,0,0.0,,,0.0,0.0,0.0,REQ,,,,,0.0,0.0,0.0,0
293280,2.589732,2.589732,2.589732,2.589732,2.589732,2.589732,udp,0.0,,cs0,,63.0,,1.0,,Status,2,2,0,84,84,0,42.0,0.0,129.743164,129.743164,0.0,0,0,0,0.0,,,0.38614,0.38614,0.0,REQ,,,,,0.0,0.0,0.0,0
293329,2.590823,2.590823,2.590823,2.590823,2.590823,2.590823,udp,0.0,,cs0,,63.0,,1.0,,Status,2,2,0,84,84,0,42.0,0.0,129.688522,129.688522,0.0,0,0,0,0.0,,,0.385978,0.385978,0.0,REQ,,,,,0.0,0.0,0.0,0
293333,2.590824,2.590824,2.590824,2.590824,2.590824,2.590824,udp,0.0,,cs0,,63.0,,1.0,,Status,2,2,0,84,84,0,42.0,0.0,129.688477,129.688477,0.0,0,0,0,0.0,,,0.385978,0.385978,0.0,REQ,,,,,0.0,0.0,0.0,0
293335,2.590825,2.590825,2.590825,2.590825,2.590825,2.590825,udp,0.0,,cs0,,63.0,,1.0,,Status,2,2,0,84,84,0,42.0,0.0,129.688416,129.688416,0.0,0,0,0,0.0,,,0.385977,0.385977,0.0,REQ,,,,,0.0,0.0,0.0,0
293358,0.0,0.0,0.0,0.0,0.0,0.0,udp,0.0,,cs0,,63.0,,1.0,,Status,1,1,0,42,42,0,42.0,0.0,0.0,0.0,0.0,0,0,0,0.0,,,0.0,0.0,0.0,REQ,,,,,0.0,0.0,0.0,0
293366,2.585355,2.585355,2.585355,2.585355,2.585355,2.585355,udp,0.0,,cs0,,63.0,,1.0,,Status,2,2,0,84,84,0,42.0,0.0,129.962814,129.962814,0.0,0,0,0,0.0,,,0.386794,0.386794,0.0,REQ,,,,,0.0,0.0,0.0,0
293396,0.0,0.0,0.0,0.0,0.0,0.0,udp,0.0,,cs0,,63.0,,1.0,,Status,1,1,0,42,42,0,42.0,0.0,0.0,0.0,0.0,0,0,0,0.0,,,0.0,0.0,0.0,REQ,,,,,0.0,0.0,0.0,0
293466,0.0,0.0,0.0,0.0,0.0,0.0,udp,0.0,,cs0,,63.0,,1.0,,Status,1,1,0,42,42,0,42.0,0.0,0.0,0.0,0.0,0,0,0,0.0,,,0.0,0.0,0.0,REQ,,,,,0.0,0.0,0.0,0
293476,2.588082,2.588082,2.588082,2.588082,2.588082,2.588082,udp,0.0,,cs0,,63.0,,1.0,,Status,2,2,0,84,84,0,42.0,0.0,129.825867,129.825867,0.0,0,0,0,0.0,,,0.386387,0.386387,0.0,REQ,,,,,0.0,0.0,0.0,0
293535,2.591505,2.591505,2.591505,2.591505,2.591505,2.591505,udp,0.0,,cs0,,63.0,,1.0,,Status,2,2,0,84,84,0,42.0,0.0,129.654388,129.654388,0.0,0,0,0,0.0,,,0.385876,0.385876,0.0,REQ,,,,,0.0,0.0,0.0,0
293542,2.589264,2.589264,2.589264,2.589264,2.589264,2.589264,udp,0.0,,cs0,,63.0,,1.0,,Status,2,2,0,84,84,0,42.0,0.0,129.766617,129.766617,0.0,0,0,0,0.0,,,0.38621,0.38621,0.0,REQ,,,,,0.0,0.0,0.0,0
293588,2.589134,2.589134,2.589134,2.589134,2.589134,2.589134,udp,0.0,,cs0,,63.0,,1.0,,Status,2,2,0,84,84,0,42.0,0.0,129.773117,129.773117,0.0,0,0,0,0.0,,,0.38623,0.38623,0.0,REQ,,,,,0.0,0.0,0.0,0
293674,0.0,0.0,0.0,0.0,0.0,0.0,udp,0.0,,cs0,,63.0,,1.0,,Status,1,1,0,42,42,0,42.0,0.0,0.0,0.0,0.0,0,0,0,0.0,,,0.0,0.0,0.0,REQ,,,,,0.0,0.0,0.0,0
293700,0.0,0.0,0.0,0.0,0.0,0.0,udp,0.0,,cs0,,63.0,,1.0,,Status,1,1,0,42,42,0,42.0,0.0,0.0,0.0,0.0,0,0,0,0.0,,,0.0,0.0,0.0,REQ,,,,,0.0,0.0,0.0,0
293782,0.0,0.0,0.0,0.0,0.0,0.0,udp,0.0,,cs0,,63.0,,1.0,,Status,1,1,0,42,42,0,42.0,0.0,0.0,0.0,0.0,0,0,0,0.0,,,0.0,0.0,0.0,REQ,,,,,0.0,0.0,0.0,0
293829,0.0,0.0,0.0,0.0,0.0,0.0,udp,0.0,,cs0,,63.0,,1.0,,Status,1,1,0,42,42,0,42.0,0.0,0.0,0.0,0.0,0,0,0,0.0,,,0.0,0.0,0.0,REQ,,,,,0.0,0.0,0.0,0
293871,2.59016,2.59016,2.59016,2.59016,2.59016,2.59016,udp,0.0,,cs0,,63.0,,1.0,,Status,2,2,0,84,84,0,42.0,0.0,129.721725,129.721725,0.0,0,0,0,0.0,,,0.386077,0.386077,0.0,REQ,,,,,0.0,0.0,0.0,0
293886,2.586508,2.586508,2.586508,2.586508,2.586508,2.586508,udp,0.0,,cs0,,63.0,,1.0,,Start,2,2,0,84,84,0,42.0,0.0,129.904877,129.904877,0.0,0,0,0,0.0,,,0.386622,0.386622,0.0,INT,,,,,0.0,0.0,0.0,0
293894,0.0,0.0,0.0,0.0,0.0,0.0,udp,0.0,,cs0,,63.0,,1.0,,Status,1,1,0,42,42,0,42.0,0.0,0.0,0.0,0.0,0,0,0,0.0,,,0.0,0.0,0.0,REQ,,,,,0.0,0.0,0.0,0
293981,0.0,0.0,0.0,0.0,0.0,0.0,udp,0.0,,cs0,,63.0,,1.0,,Status,1,1,0,42,42,0,42.0,0.0,0.0,0.0,0.0,0,0,0,0.0,,,0.0,0.0,0.0,REQ,,,,,0.0,0.0,0.0,0
293982,0.0,0.0,0.0,0.0,0.0,0.0,udp,0.0,,cs0,,63.0,,1.0,,Status,1,1,0,42,42,0,42.0,0.0,0.0,0.0,0.0,0,0,0,0.0,,,0.0,0.0,0.0,REQ,,,,,0.0,0.0,0.0,0
294042,2.584144,2.584144,2.584144,2.584144,2.584144,2.584144,udp,0.0,,cs0,,63.0,,1.0,,Status,2,2,0,84,84,0,42.0,0.0,130.023712,130.023712,0.0,0,0,0,0.0,,,0.386975,0.386975,0.0,REQ,,,,,0.0,0.0,0.0,0
294163,2.591678,2.591678,2.591678,2.591678,2.591678,2.591678,udp,0.0,,cs0,,63.0,,1.0,,Status,2,2,0,84,84,0,42.0,0.0,129.645737,129.645737,0.0,0,0,0,0.0,,,0.38585,0.38585,0.0,REQ,,,,,0.0,0.0,0.0,0
294164,2.592713,2.592713,2.592713,2.592713,2.592713,2.592713,udp,0.0,,cs0,,63.0,,1.0,,Status,2,2,0,84,84,0,42.0,0.0,129.593979,129.593979,0.0,0,0,0,0.0,,,0.385696,0.385696,0.0,REQ,,,,,0.0,0.0,0.0,0
294274,2.58917,2.58917,2.58917,2.58917,2.58917,2.58917,udp,0.0,,cs0,,63.0,,1.0,,Status,2,2,0,84,84,0,42.0,0.0,129.771317,129.771317,0.0,0,0,0,0.0,,,0.386224,0.386224,0.0,REQ,,,,,0.0,0.0,0.0,0
294310,0.0,0.0,0.0,0.0,0.0,0.0,udp,0.0,,cs0,,63.0,,1.0,,Status,1,1,0,42,42,0,42.0,0.0,0.0,0.0,0.0,0,0,0,0.0,,,0.0,0.0,0.0,REQ,,,,,0.0,0.0,0.0,0
294327,0.0,0.0,0.0,0.0,0.0,0.0,udp,0.0,,cs0,,63.0,,1.0,,Status,1,1,0,42,42,0,42.0,0.0,0.0,0.0,0.0,0,0,0,0.0,,,0.0,0.0,0.0,REQ,,,,,0.0,0.0,0.0,0
294350,0.0,0.0,0.0,0.0,0.0,0.0,udp,0.0,,cs0,,63.0,,1.0,,Status,1,1,0,42,42,0,42.0,0.0,0.0,0.0,0.0,0,0,0,0.0,,,0.0,0.0,0.0,REQ,,,,,0.0,0.0,0.0,0
294372,0.0,0.0,0.0,0.0,0.0,0.0,udp,0.0,,cs0,,63.0,,1.0,,Status,1,1,0,42,42,0,42.0,0.0,0.0,0.0,0.0,0,0,0,0.0,,,0.0,0.0,0.0,REQ,,,,,0.0,0.0,0.0,0
294673,0.0,0.0,0.0,0.0,0.0,0.0,udp,0.0,,cs0,,63.0,,1.0,,Status,1,1,0,42,42,0,42.0,0.0,0.0,0.0,0.0,0,0,0,0.0,,,0.0,0.0,0.0,REQ,,,,,0.0,0.0,0.0,0
294695,0.0,0.0,0.0,0.0,0.0,0.0,udp,0.0,,cs0,,63.0,,1.0,,Status,1,1,0,42,42,0,42.0,0.0,0.0,0.0,0.0,0,0,0,0.0,,,0.0,0.0,0.0,REQ,,,,,0.0,0.0,0.0,0
294711,0.0,0.0,0.0,0.0,0.0,0.0,udp,0.0,,cs0,,63.0,,1.0,,Status,1,1,0,42,42,0,42.0,0.0,0.0,0.0,0.0,0,0,0,0.0,,,0.0,0.0,0.0,REQ,,,,,0.0,0.0,0.0,0
294723,2.584461,2.584461,2.584461,2.584461,2.584461,2.584461,udp,0.0,,cs0,,63.0,,1.0,,Status,2,2,0,84,84,0,42.0,0.0,130.007767,130.007767,0.0,0,0,0,0.0,,,0.386928,0.386928,0.0,REQ,,,,,0.0,0.0,0.0,0
294816,2.587516,2.587516,2.587516,2.587516,2.587516,2.587516,udp,0.0,,cs0,,63.0,,1.0,,Start,2,2,0,84,84,0,42.0,0.0,129.854263,129.854263,0.0,0,0,0,0.0,,,0.386471,0.386471,0.0,INT,,,,,0.0,0.0,0.0,0
294823,0.0,0.0,0.0,0.0,0.0,0.0,udp,0.0,,cs0,,63.0,,1.0,,Start,1,1,0,42,42,0,42.0,0.0,0.0,0.0,0.0,0,0,0,0.0,,,0.0,0.0,0.0,INT,,,,,0.0,0.0,0.0,0
294885,0.0,0.0,0.0,0.0,0.0,0.0,udp,0.0,,cs0,,63.0,,1.0,,Status,1,1,0,42,42,0,42.0,0.0,0.0,0.0,0.0,0,0,0,0.0,,,0.0,0.0,0.0,REQ,,,,,0.0,0.0,0.0,0
294904,2.588228,2.588228,2.588228,2.588228,2.588228,2.588228,udp,0.0,,cs0,,63.0,,1.0,,Status,2,2,0,84,84,0,42.0,0.0,129.818542,129.818542,0.0,0,0,0,0.0,,,0.386365,0.386365,0.0,REQ,,,,,0.0,0.0,0.0,0
294932,0.0,0.0,0.0,0.0,0.0,0.0,udp,0.0,,cs0,,63.0,,1.0,,Status,1,1,0,42,42,0,42.0,0.0,0.0,0.0,0.0,0,0,0,0.0,,,0.0,0.0,0.0,REQ,,,,,0.0,0.0,0.0,0
294979,0.0,0.0,0.0,0.0,0.0,0.0,udp,0.0,,cs0,,63.0,,1.0,,Status,1,1,0,42,42,0,42.0,0.0,0.0,0.0,0.0,0,0,0,0.0,,,0.0,0.0,0.0,REQ,,,,,0.0,0.0,0.0,0
294998,2.592835,2.592835,2.592835,2.592835,2.592835,2.592835,udp,0.0,,cs0,,63.0,,1.0,,Status,2,2,0,84,84,0,42.0,0.0,129.587891,129.587891,0.0,0,0,0,0.0,,,0.385678,0.385678,0.0,REQ,,,,,0.0,0.0,0.0,0
295007,2.592993,2.592993,2.592993,2.592993,2.592993,2.592993,udp,0.0,,cs0,,63.0,,1.0,,Status,2,2,0,84,84,0,42.0,0.0,129.579987,129.579987,0.0,0,0,0,0.0,,,0.385655,0.385655,0.0,REQ,,,,,0.0,0.0,0.0,0
295011,2.592993,2.592993,2.592993,2.592993,2.592993,2.592993,udp,0.0,,cs0,,63.0,,1.0,,Status,2,2,0,84,84,0,42.0,0.0,129.579987,129.579987,0.0,0,0,0,0.0,,,0.385655,0.385655,0.0,REQ,,,,,0.0,0.0,0.0,0
295067,2.587639,2.587639,2.587639,2.587639,2.587639,2.587639,udp,0.0,,cs0,,63.0,,1.0,,Status,2,2,0,84,84,0,42.0,0.0,129.848099,129.848099,0.0,0,0,0,0.0,,,0.386453,0.386453,0.0,REQ,,,,,0.0,0.0,0.0,0
295141,2.588768,2.588768,2.588768,2.588768,2.588768,2.588768,udp,0.0,,cs0,,63.0,,1.0,,Status,2,2,0,84,84,0,42.0,0.0,129.791473,129.791473,0.0,0,0,0,0.0,,,0.386284,0.386284,0.0,REQ,,,,,0.0,0.0,0.0,0
295204,0.0,0.0,0.0,0.0,0.0,0.0,udp,0.0,,cs0,,63.0,,1.0,,Status,1,1,0,42,42,0,42.0,0.0,0.0,0.0,0.0,0,0,0,0.0,,,0.0,0.0,0.0,REQ,,,,,0.0,0.0,0.0,0
295206,0.0,0.0,0.0,0.0,0.0,0.0,udp,0.0,,cs0,,63.0,,1.0,,Status,1,1,0,42,42,0,42.0,0.0,0.0,0.0,0.0,0,0,0,0.0,,,0.0,0.0,0.0,REQ,,,,,0.0,0.0,0.0,0
295276,2.587609,2.587609,2.587609,2.587609,2.587609,2.587609,udp,0.0,,cs0,,63.0,,1.0,,Status,2,2,0,84,84,0,42.0,0.0,129.849594,129.849594,0.0,0,0,0,0.0,,,0.386457,0.386457,0.0,REQ,,,,,0.0,0.0,0.0,0
295285,0.0,0.0,0.0,0.0,0.0,0.0,udp,0.0,,cs0,,63.0,,1.0,,Status,1,1,0,42,42,0,42.0,0.0,0.0,0.0,0.0,0,0,0,0.0,,,0.0,0.0,0.0,REQ,,,,,0.0,0.0,0.0,0
295429,2.587917,2.587917,2.587917,2.587917,2.587917,2.587917,udp,0.0,,cs0,,63.0,,1.0,,Status,2,2,0,84,84,0,42.0,0.0,129.834137,129.834137,0.0,0,0,0,0.0,,,0.386411,0.386411,0.0,REQ,,,,,0.0,0.0,0.0,0
295657,2.587114,2.587114,2.587114,2.587114,2.587114,2.587114,udp,0.0,,cs0,,63.0,,1.0,,Start,2,2,0,84,84,0,42.0,0.0,129.874435,129.874435,0.0,0,0,0,0.0,,,0.386531,0.386531,0.0,INT,,,,,0.0,0.0,0.0,0
295701,2.589932,2.589932,2.589932,2.589932,2.589932,2.589932,udp,0.0,,cs0,,63.0,,1.0,,Status,2,2,0,84,84,0,42.0,0.0,129.733139,129.733139,0.0,0,0,0,0.0,,,0.386111,0.386111,0.0,REQ,,,,,0.0,0.0,0.0,0
295719,2.589923,2.589923,2.589923,2.589923,2.589923,2.589923,udp,0.0,,cs0,,63.0,,1.0,,Status,2,2,0,84,84,0,42.0,0.0,129.733597,129.733597,0.0,0,0,0,0.0,,,0.386112,0.386112,0.0,REQ,,,,,0.0,0.0,0.0,0
295778,2.586904,2.586904,2.586904,2.586904,2.586904,2.586904,udp,0.0,,cs0,,63.0,,1.0,,Status,2,2,0,84,84,0,42.0,0.0,129.884995,129.884995,0.0,0,0,0,0.0,,,0.386562,0.386562,0.0,REQ,,,,,0.0,0.0,0.0,0
295786,0.0,0.0,0.0,0.0,0.0,0.0,udp,0.0,,cs0,,63.0,,1.0,,Start,1,1,0,42,42,0,42.0,0.0,0.0,0.0,0.0,0,0,0,0.0,,,0.0,0.0,0.0,INT,,,,,0.0,0.0,0.0,0
295820,2.591468,2.591468,2.591468,2.591468,2.591468,2.591468,udp,0.0,,cs0,,63.0,,1.0,,Start,2,2,0,84,84,0,42.0,0.0,129.656235,129.656235,0.0,0,0,0,0.0,,,0.385882,0.385882,0.0,INT,,,,,0.0,0.0,0.0,0
295843,0.0,0.0,0.0,0.0,0.0,0.0,udp,0.0,,cs0,,63.0,,1.0,,Start,1,1,0,42,42,0,42.0,0.0,0.0,0.0,0.0,0,0,0,0.0,,,0.0,0.0,0.0,INT,,,,,0.0,0.0,0.0,0
295885,0.0,0.0,0.0,0.0,0.0,0.0,udp,0.0,,cs0,,63.0,,1.0,,Status,1,1,0,42,42,0,42.0,0.0,0.0,0.0,0.0,0,0,0,0.0,,,0.0,0.0,0.0,REQ,,,,,0.0,0.0,0.0,0
295912,2.588356,2.588356,2.588356,2.588356,2.588356,2.588356,udp,0.0,,cs0,,63.0,,1.0,,Status,2,2,0,84,84,0,42.0,0.0,129.812134,129.812134,0.0,0,0,0,0.0,,,0.386346,0.386346,0.0,REQ,,,,,0.0,0.0,0.0,0
295931,2.591737,2.591737,2.591737,2.591737,2.591737,2.591737,udp,0.0,,cs0,,63.0,,1.0,,Status,2,2,0,84,84,0,42.0,0.0,129.642776,129.642776,0.0,0,0,0,0.0,,,0.385842,0.385842,0.0,REQ,,,,,0.0,0.0,0.0,0
295954,0.0,0.0,0.0,0.0,0.0,0.0,udp,0.0,,cs0,,63.0,,1.0,,Status,1,1,0,42,42,0,42.0,0.0,0.0,0.0,0.0,0,0,0,0.0,,,0.0,0.0,0.0,REQ,,,,,0.0,0.0,0.0,0
295996,2.592302,2.592302,2.592302,2.592302,2.592302,2.592302,udp,0.0,,cs0,,63.0,,1.0,,Status,2,2,0,84,84,0,42.0,0.0,129.614517,129.614517,0.0,0,0,0,0.0,,,0.385758,0.385758,0.0,REQ,,,,,0.0,0.0,0.0,0
296019,0.0,0.0,0.0,0.0,0.0,0.0,udp,0.0,,cs0,,63.0,,1.0,,Status,1,1,0,42,42,0,42.0,0.0,0.0,0.0,0.0,0,0,0,0.0,,,0.0,0.0,0.0,REQ,,,,,0.0,0.0,0.0,0
296069,2.591256,2.591256,2.591256,2.591256,2.591256,2.591256,udp,0.0,,cs0,,63.0,,1.0,,Start,2,2,0,84,84,0,42.0,0.0,129.666855,129.666855,0.0,0,0,0,0.0,,,0.385913,0.385913,0.0,INT,,,,,0.0,0.0,0.0,0
296097,2.593846,2.593846,2.593846,2.593846,2.593846,2.593846,udp,0.0,,cs0,,63.0,,1.0,,Status,2,2,0,84,84,0,42.0,0.0,129.537369,129.537369,0.0,0,0,0,0.0,,,0.385528,0.385528,0.0,REQ,,,,,0.0,0.0,0.0,0
296118,2.590281,2.590281,2.590281,2.590281,2.590281,2.590281,udp,0.0,,cs0,,63.0,,1.0,,Status,2,2,0,84,84,0,42.0,0.0,129.715652,129.715652,0.0,0,0,0,0.0,,,0.386059,0.386059,0.0,REQ,,,,,0.0,0.0,0.0,0
296132,2.591946,2.591946,2.591946,2.591946,2.591946,2.591946,udp,0.0,,cs0,,63.0,,1.0,,Start,2,2,0,84,84,0,42.0,0.0,129.632339,129.632339,0.0,0,0,0,0.0,,,0.385811,0.385811,0.0,INT,,,,,0.0,0.0,0.0,0
296265,2.589934,2.589934,2.589934,2.589934,2.589934,2.589934,udp,0.0,,cs0,,63.0,,1.0,,Status,2,2,0,84,84,0,42.0,0.0,129.733032,129.733032,0.0,0,0,0,0.0,,,0.38611,0.38611,0.0,REQ,,,,,0.0,0.0,0.0,0
296382,0.0,0.0,0.0,0.0,0.0,0.0,udp,0.0,,cs0,,63.0,,1.0,,Status,1,1,0,42,42,0,42.0,0.0,0.0,0.0,0.0,0,0,0,0.0,,,0.0,0.0,0.0,REQ,,,,,0.0,0.0,0.0,0
296394,2.589974,2.589974,2.589974,2.589974,2.589974,2.589974,udp,0.0,,cs0,,63.0,,1.0,,Status,2,2,0,84,84,0,42.0,0.0,129.731033,129.731033,0.0,0,0,0,0.0,,,0.386104,0.386104,0.0,REQ,,,,,0.0,0.0,0.0,0
296429,2.589083,2.589083,2.589083,2.589083,2.589083,2.589083,udp,0.0,,cs0,,63.0,,1.0,,Status,2,2,0,84,84,0,42.0,0.0,129.775681,129.775681,0.0,0,0,0,0.0,,,0.386237,0.386237,0.0,REQ,,,,,0.0,0.0,0.0,0
296484,0.0,0.0,0.0,0.0,0.0,0.0,udp,0.0,,cs0,,63.0,,1.0,,Start,1,1,0,42,42,0,42.0,0.0,0.0,0.0,0.0,0,0,0,0.0,,,0.0,0.0,0.0,INT,,,,,0.0,0.0,0.0,0
296528,2.589618,2.589618,2.589618,2.589618,2.589618,2.589618,udp,0.0,,cs0,,63.0,,1.0,,Start,2,2,0,84,84,0,42.0,0.0,129.748871,129.748871,0.0,0,0,0,0.0,,,0.386157,0.386157,0.0,INT,,,,,0.0,0.0,0.0,0
296561,2.589068,2.589068,2.589068,2.589068,2.589068,2.589068,udp,0.0,,cs0,,63.0,,1.0,,Status,2,2,0,84,84,0,42.0,0.0,129.776428,129.776428,0.0,0,0,0,0.0,,,0.386239,0.386239,0.0,REQ,,,,,0.0,0.0,0.0,0
296623,2.58989,2.58989,2.58989,2.58989,2.58989,2.58989,udp,0.0,,cs0,,63.0,,1.0,,Status,2,2,0,84,84,0,42.0,0.0,129.735245,129.735245,0.0,0,0,0,0.0,,,0.386117,0.386117,0.0,REQ,,,,,0.0,0.0,0.0,0
296651,0.0,0.0,0.0,0.0,0.0,0.0,udp,0.0,,cs0,,63.0,,1.0,,Status,1,1,0,42,42,0,42.0,0.0,0.0,0.0,0.0,0,0,0,0.0,,,0.0,0.0,0.0,REQ,,,,,0.0,0.0,0.0,0
296669,0.0,0.0,0.0,0.0,0.0,0.0,udp,0.0,,cs0,,63.0,,1.0,,Status,1,1,0,42,42,0,42.0,0.0,0.0,0.0,0.0,0,0,0,0.0,,,0.0,0.0,0.0,REQ,,,,,0.0,0.0,0.0,0
296713,0.0,0.0,0.0,0.0,0.0,0.0,udp,0.0,,cs0,,63.0,,1.0,,Status,1,1,0,42,42,0,42.0,0.0,0.0,0.0,0.0,0,0,0,0.0,,,0.0,0.0,0.0,REQ,,,,,0.0,0.0,0.0,0
296747,2.58827,2.58827,2.58827,2.58827,2.58827,2.58827,udp,0.0,,cs0,,63.0,,1.0,,Status,2,2,0,84,84,0,42.0,0.0,129.816437,129.816437,0.0,0,0,0,0.0,,,0.386358,0.386358,0.0,REQ,,,,,0.0,0.0,0.0,0
296773,0.0,0.0,0.0,0.0,0.0,0.0,udp,0.0,,cs0,,63.0,,1.0,,Status,1,1,0,42,42,0,42.0,0.0,0.0,0.0,0.0,0,0,0,0.0,,,0.0,0.0,0.0,REQ,,,,,0.0,0.0,0.0,0
296801,2.591251,2.591251,2.591251,2.591251,2.591251,2.591251,udp,0.0,,cs0,,63.0,,1.0,,Status,2,2,0,84,84,0,42.0,0.0,129.667099,129.667099,0.0,0,0,0,0.0,,,0.385914,0.385914,0.0,REQ,,,,,0.0,0.0,0.0,0
296814,2.589894,2.589894,2.589894,2.589894,2.589894,2.589894,udp,0.0,,cs0,,63.0,,1.0,,Status,2,2,0,84,84,0,42.0,0.0,129.735031,129.735031,0.0,0,0,0,0.0,,,0.386116,0.386116,0.0,REQ,,,,,0.0,0.0,0.0,0
296933,2.588723,2.588723,2.588723,2.588723,2.588723,2.588723,udp,0.0,,cs0,,63.0,,1.0,,Status,2,2,0,84,84,0,42.0,0.0,129.793732,129.793732,0.0,0,0,0,0.0,,,0.386291,0.386291,0.0,REQ,,,,,0.0,0.0,0.0,0
296962,0.0,0.0,0.0,0.0,0.0,0.0,udp,0.0,,cs0,,63.0,,1.0,,Status,1,1,0,42,42,0,42.0,0.0,0.0,0.0,0.0,0,0,0,0.0,,,0.0,0.0,0.0,REQ,,,,,0.0,0.0,0.0,0
297002,2.59002,2.59002,2.59002,2.59002,2.59002,2.59002,udp,0.0,,cs0,,63.0,,1.0,,Status,2,2,0,84,84,0,42.0,0.0,129.728729,129.728729,0.0,0,0,0,0.0,,,0.386097,0.386097,0.0,REQ,,,,,0.0,0.0,0.0,0
297022,0.0,0.0,0.0,0.0,0.0,0.0,udp,0.0,,cs0,,63.0,,1.0,,Start,1,1,0,42,42,0,42.0,0.0,0.0,0.0,0.0,0,0,0,0.0,,,0.0,0.0,0.0,INT,,,,,0.0,0.0,0.0,0
297050,0.0,0.0,0.0,0.0,0.0,0.0,udp,0.0,,cs0,,63.0,,1.0,,Status,1,1,0,42,42,0,42.0,0.0,0.0,0.0,0.0,0,0,0,0.0,,,0.0,0.0,0.0,REQ,,,,,0.0,0.0,0.0,0
297085,2.594181,2.594181,2.594181,2.594181,2.594181,2.594181,udp,0.0,,cs0,,63.0,,1.0,,Status,2,2,0,84,84,0,42.0,0.0,129.520645,129.520645,0.0,0,0,0,0.0,,,0.385478,0.385478,0.0,REQ,,,,,0.0,0.0,0.0,0
297104,2.582038,2.582038,2.582038,2.582038,2.582038,2.582038,udp,0.0,,cs0,,63.0,,1.0,,Status,2,2,0,84,84,0,42.0,0.0,130.129776,130.129776,0.0,0,0,0,0.0,,,0.387291,0.387291,0.0,REQ,,,,,0.0,0.0,0.0,0
297108,0.0,0.0,0.0,0.0,0.0,0.0,udp,0.0,,cs0,,63.0,,1.0,,Start,1,1,0,42,42,0,42.0,0.0,0.0,0.0,0.0,0,0,0,0.0,,,0.0,0.0,0.0,INT,,,,,0.0,0.0,0.0,0
297172,0.0,0.0,0.0,0.0,0.0,0.0,udp,0.0,,cs0,,63.0,,1.0,,Start,1,1,0,42,42,0,42.0,0.0,0.0,0.0,0.0,0,0,0,0.0,,,0.0,0.0,0.0,INT,,,,,0.0,0.0,0.0,0
297233,2.594941,2.594941,2.594941,2.594941,2.594941,2.594941,udp,0.0,,cs0,,63.0,,1.0,,Status,2,2,0,84,84,0,42.0,0.0,129.482712,129.482712,0.0,0,0,0,0.0,,,0.385365,0.385365,0.0,REQ,,,,,0.0,0.0,0.0,0
297241,2.59508,2.59508,2.59508,2.59508,2.59508,2.59508,udp,0.0,,cs0,,63.0,,1.0,,Status,2,2,0,84,84,0,42.0,0.0,129.475784,129.475784,0.0,0,0,0,0.0,,,0.385345,0.385345,0.0,REQ,,,,,0.0,0.0,0.0,0
297310,0.0,0.0,0.0,0.0,0.0,0.0,udp,0.0,,cs0,,63.0,,1.0,,Start,1,1,0,42,42,0,42.0,0.0,0.0,0.0,0.0,0,0,0,0.0,,,0.0,0.0,0.0,INT,,,,,0.0,0.0,0.0,0
297313,0.0,0.0,0.0,0.0,0.0,0.0,udp,0.0,,cs0,,63.0,,1.0,,Start,1,1,0,42,42,0,42.0,0.0,0.0,0.0,0.0,0,0,0,0.0,,,0.0,0.0,0.0,INT,,,,,0.0,0.0,0.0,0
297318,0.0,0.0,0.0,0.0,0.0,0.0,udp,0.0,,cs0,,63.0,,1.0,,Start,1,1,0,42,42,0,42.0,0.0,0.0,0.0,0.0,0,0,0,0.0,,,0.0,0.0,0.0,INT,,,,,0.0,0.0,0.0,0
297325,0.0,0.0,0.0,0.0,0.0,0.0,udp,0.0,,cs0,,63.0,,1.0,,Status,1,1,0,42,42,0,42.0,0.0,0.0,0.0,0.0,0,0,0,0.0,,,0.0,0.0,0.0,REQ,,,,,0.0,0.0,0.0,0
297421,2.590012,2.590012,2.590012,2.590012,2.590012,2.590012,udp,0.0,,cs0,,63.0,,1.0,,Status,2,2,0,84,84,0,42.0,0.0,129.729126,129.729126,0.0,0,0,0,0.0,,,0.386099,0.386099,0.0,REQ,,,,,0.0,0.0,0.0,0
297434,0.0,0.0,0.0,0.0,0.0,0.0,udp,0.0,,cs0,,63.0,,1.0,,Start,1,1,0,42,42,0,42.0,0.0,0.0,0.0,0.0,0,0,0,0.0,,,0.0,0.0,0.0,INT,,,,,0.0,0.0,0.0,0
297437,2.59414,2.59414,2.59414,2.59414,2.59414,2.59414,udp,0.0,,cs0,,63.0,,1.0,,Status,2,2,0,84,84,0,42.0,0.0,129.52269,129.52269,0.0,0,0,0,0.0,,,0.385484,0.385484,0.0,REQ,,,,,0.0,0.0,0.0,0
297453,2.588072,2.588072,2.588072,2.588072,2.588072,2.588072,udp,0.0,,cs0,,63.0,,1.0,,Start,2,2,0,84,84,0,42.0,0.0,129.82637,129.82637,0.0,0,0,0,0.0,,,0.386388,0.386388,0.0,INT,,,,,0.0,0.0,0.0,0
297551,0.0,0.0,0.0,0.0,0.0,0.0,udp,0.0,,cs0,,63.0,,1.0,,Status,1,1,0,42,42,0,42.0,0.0,0.0,0.0,0.0,0,0,0,0.0,,,0.0,0.0,0.0,REQ,,,,,0.0,0.0,0.0,0
297568,2.587762,2.587762,2.587762,2.587762,2.587762,2.587762,udp,0.0,,cs0,,63.0,,1.0,,Start,2,2,0,84,84,0,42.0,0.0,129.841919,129.841919,0.0,0,0,0,0.0,,,0.386434,0.386434,0.0,INT,,,,,0.0,0.0,0.0,0
297593,0.0,0.0,0.0,0.0,0.0,0.0,udp,0.0,,cs0,,63.0,,1.0,,Status,1,1,0,42,42,0,42.0,0.0,0.0,0.0,0.0,0,0,0,0.0,,,0.0,0.0,0.0,REQ,,,,,0.0,0.0,0.0,0
297643,2.582629,2.582629,2.582629,2.582629,2.582629,2.582629,udp,0.0,,cs0,,63.0,,1.0,,Status,2,2,0,84,84,0,42.0,0.0,130.099991,130.099991,0.0,0,0,0,0.0,,,0.387202,0.387202,0.0,REQ,,,,,0.0,0.0,0.0,0
297696,0.0,0.0,0.0,0.0,0.0,0.0,udp,0.0,,cs0,,63.0,,1.0,,Status,1,1,0,42,42,0,42.0,0.0,0.0,0.0,0.0,0,0,0,0.0,,,0.0,0.0,0.0,REQ,,,,,0.0,0.0,0.0,0
297896,0.0,0.0,0.0,0.0,0.0,0.0,udp,0.0,,cs0,,63.0,,1.0,,Status,1,1,0,42,42,0,42.0,0.0,0.0,0.0,0.0,0,0,0,0.0,,,0.0,0.0,0.0,REQ,,,,,0.0,0.0,0.0,0
298090,2.593905,2.593905,2.593905,2.593905,2.593905,2.593905,udp,0.0,,cs0,,63.0,,1.0,,Start,2,2,0,84,84,0,42.0,0.0,129.534424,129.534424,0.0,0,0,0,0.0,,,0.385519,0.385519,0.0,INT,,,,,0.0,0.0,0.0,0
298263,0.0,0.0,0.0,0.0,0.0,0.0,udp,0.0,,cs0,,63.0,,1.0,,Status,1,1,0,42,42,0,42.0,0.0,0.0,0.0,0.0,0,0,0,0.0,,,0.0,0.0,0.0,REQ,,,,,0.0,0.0,0.0,0
298296,0.0,0.0,0.0,0.0,0.0,0.0,udp,0.0,,cs0,,63.0,,1.0,,Status,1,1,0,42,42,0,42.0,0.0,0.0,0.0,0.0,0,0,0,0.0,,,0.0,0.0,0.0,REQ,,,,,0.0,0.0,0.0,0
298324,0.0,0.0,0.0,0.0,0.0,0.0,udp,0.0,,cs0,,63.0,,1.0,,Status,1,1,0,42,42,0,42.0,0.0,0.0,0.0,0.0,0,0,0,0.0,,,0.0,0.0,0.0,REQ,,,,,0.0,0.0,0.0,0
298379,0.0,0.0,0.0,0.0,0.0,0.0,udp,0.0,,cs0,,63.0,,1.0,,Status,1,1,0,42,42,0,42.0,0.0,0.0,0.0,0.0,0,0,0,0.0,,,0.0,0.0,0.0,REQ,,,,,0.0,0.0,0.0,0
298456,2.588999,2.588999,2.588999,2.588999,2.588999,2.588999,udp,0.0,,cs0,,63.0,,1.0,,Status,2,2,0,84,84,0,42.0,0.0,129.779892,129.779892,0.0,0,0,0,0.0,,,0.38625,0.38625,0.0,REQ,,,,,0.0,0.0,0.0,0
298471,2.59451,2.59451,2.59451,2.59451,2.59451,2.59451,udp,0.0,,cs0,,63.0,,1.0,,Status,2,2,0,84,84,0,42.0,0.0,129.504211,129.504211,0.0,0,0,0,0.0,,,0.385429,0.385429,0.0,REQ,,,,,0.0,0.0,0.0,0
298547,2.590172,2.590172,2.590172,2.590172,2.590172,2.590172,udp,0.0,,cs0,,63.0,,1.0,,Start,2,2,0,84,84,0,42.0,0.0,129.721115,129.721115,0.0,0,0,0,0.0,,,0.386075,0.386075,0.0,INT,,,,,0.0,0.0,0.0,0
298553,2.587006,2.587006,2.587006,2.587006,2.587006,2.587006,udp,0.0,,cs0,,63.0,,1.0,,Status,2,2,0,84,84,0,42.0,0.0,129.879868,129.879868,0.0,0,0,0,0.0,,,0.386547,0.386547,0.0,REQ,,,,,0.0,0.0,0.0,0
298569,2.590925,2.590925,2.590925,2.590925,2.590925,2.590925,udp,0.0,,cs0,,63.0,,1.0,,Status,2,2,0,84,84,0,42.0,0.0,129.683411,129.683411,0.0,0,0,0,0.0,,,0.385963,0.385963,0.0,REQ,,,,,0.0,0.0,0.0,0
298633,2.588956,2.588956,2.588956,2.588956,2.588956,2.588956,udp,0.0,,cs0,,63.0,,1.0,,Start,2,2,0,84,84,0,42.0,0.0,129.782043,129.782043,0.0,0,0,0,0.0,,,0.386256,0.386256,0.0,INT,,,,,0.0,0.0,0.0,0
298652,0.0,0.0,0.0,0.0,0.0,0.0,udp,0.0,,cs0,,63.0,,1.0,,Status,1,1,0,42,42,0,42.0,0.0,0.0,0.0,0.0,0,0,0,0.0,,,0.0,0.0,0.0,REQ,,,,,0.0,0.0,0.0,0
298688,2.58916,2.58916,2.58916,2.58916,2.58916,2.58916,udp,0.0,,cs0,,63.0,,1.0,,Status,2,2,0,84,84,0,42.0,0.0,129.77182,129.77182,0.0,0,0,0,0.0,,,0.386226,0.386226,0.0,REQ,,,,,0.0,0.0,0.0,0
298703,2.589257,2.589257,2.589257,2.589257,2.589257,2.589257,udp,0.0,,cs0,,63.0,,1.0,,Status,2,2,0,84,84,0,42.0,0.0,129.766953,129.766953,0.0,0,0,0,0.0,,,0.386211,0.386211,0.0,REQ,,,,,0.0,0.0,0.0,0
298747,2.589109,2.589109,2.589109,2.589109,2.589109,2.589109,udp,0.0,,cs0,,63.0,,1.0,,Start,2,2,0,84,84,0,42.0,0.0,129.774384,129.774384,0.0,0,0,0,0.0,,,0.386233,0.386233,0.0,INT,,,,,0.0,0.0,0.0,0
298833,2.59601,2.59601,2.59601,2.59601,2.59601,2.59601,udp,0.0,,cs0,,63.0,,1.0,,Status,2,2,0,84,84,0,42.0,0.0,129.429398,129.429398,0.0,0,0,0,0.0,,,0.385207,0.385207,0.0,REQ,,,,,0.0,0.0,0.0,0
298894,2.597214,2.597214,2.597214,2.597214,2.597214,2.597214,udp,0.0,,cs0,,63.0,,1.0,,Status,2,2,0,84,84,0,42.0,0.0,129.3694,129.3694,0.0,0,0,0,0.0,,,0.385028,0.385028,0.0,REQ,,,,,0.0,0.0,0.0,0
298932,0.0,0.0,0.0,0.0,0.0,0.0,udp,0.0,,cs0,,63.0,,1.0,,Status,1,1,0,42,42,0,42.0,0.0,0.0,0.0,0.0,0,0,0,0.0,,,0.0,0.0,0.0,REQ,,,,,0.0,0.0,0.0,0
298991,2.59201,2.59201,2.59201,2.59201,2.59201,2.59201,udp,0.0,,cs0,,63.0,,1.0,,Status,2,2,0,84,84,0,42.0,0.0,129.629135,129.629135,0.0,0,0,0,0.0,,,0.385801,0.385801,0.0,REQ,,,,,0.0,0.0,0.0,0
299004,0.0,0.0,0.0,0.0,0.0,0.0,udp,0.0,,cs0,,63.0,,1.0,,Status,1,1,0,42,42,0,42.0,0.0,0.0,0.0,0.0,0,0,0,0.0,,,0.0,0.0,0.0,REQ,,,,,0.0,0.0,0.0,0
299041,2.594995,2.594995,2.594995,2.594995,2.594995,2.594995,udp,0.0,,cs0,,63.0,,1.0,,Start,2,2,0,84,84,0,42.0,0.0,129.480011,129.480011,0.0,0,0,0,0.0,,,0.385357,0.385357,0.0,INT,,,,,0.0,0.0,0.0,0
299067,2.594918,2.594918,2.594918,2.594918,2.594918,2.594918,udp,0.0,,cs0,,63.0,,1.0,,Status,2,2,0,84,84,0,42.0,0.0,129.483856,129.483856,0.0,0,0,0,0.0,,,0.385369,0.385369,0.0,REQ,,,,,0.0,0.0,0.0,0
299158,2.589198,2.589198,2.589198,2.589198,2.589198,2.589198,udp,0.0,,cs0,,63.0,,1.0,,Status,2,2,0,84,84,0,42.0,0.0,129.769913,129.769913,0.0,0,0,0,0.0,,,0.38622,0.38622,0.0,REQ,,,,,0.0,0.0,0.0,0
299168,0.0,0.0,0.0,0.0,0.0,0.0,udp,0.0,,cs0,,63.0,,1.0,,Start,1,1,0,42,42,0,42.0,0.0,0.0,0.0,0.0,0,0,0,0.0,,,0.0,0.0,0.0,INT,,,,,0.0,0.0,0.0,0
299246,2.590992,2.590992,2.590992,2.590992,2.590992,2.590992,udp,0.0,,cs0,,63.0,,1.0,,Status,2,2,0,84,84,0,42.0,0.0,129.680069,129.680069,0.0,0,0,0,0.0,,,0.385953,0.385953,0.0,REQ,,,,,0.0,0.0,0.0,0
299250,2.590984,2.590984,2.590984,2.590984,2.590984,2.590984,udp,0.0,,cs0,,63.0,,1.0,,Status,2,2,0,84,84,0,42.0,0.0,129.68045,129.68045,0.0,0,0,0,0.0,,,0.385954,0.385954,0.0,REQ,,,,,0.0,0.0,0.0,0
299323,2.595429,2.595429,2.595429,2.595429,2.595429,2.595429,udp,0.0,,cs0,,63.0,,1.0,,Status,2,2,0,84,84,0,42.0,0.0,129.458374,129.458374,0.0,0,0,0,0.0,,,0.385293,0.385293,0.0,REQ,,,,,0.0,0.0,0.0,0
299398,0.0,0.0,0.0,0.0,0.0,0.0,udp,0.0,,cs0,,63.0,,1.0,,Status,1,1,0,42,42,0,42.0,0.0,0.0,0.0,0.0,0,0,0,0.0,,,0.0,0.0,0.0,REQ,,,,,0.0,0.0,0.0,0
299412,2.586407,2.586407,2.586407,2.586407,2.586407,2.586407,udp,0.0,,cs0,,63.0,,1.0,,Status,2,2,0,84,84,0,42.0,0.0,129.909958,129.909958,0.0,0,0,0,0.0,,,0.386637,0.386637,0.0,REQ,,,,,0.0,0.0,0.0,0
299413,2.586399,2.586399,2.586399,2.586399,2.586399,2.586399,udp,0.0,,cs0,,63.0,,1.0,,Status,2,2,0,84,84,0,42.0,0.0,129.910339,129.910339,0.0,0,0,0,0.0,,,0.386638,0.386638,0.0,REQ,,,,,0.0,0.0,0.0,0
299460,0.0,0.0,0.0,0.0,0.0,0.0,udp,0.0,,cs0,,63.0,,1.0,,Start,1,1,0,42,42,0,42.0,0.0,0.0,0.0,0.0,0,0,0,0.0,,,0.0,0.0,0.0,INT,,,,,0.0,0.0,0.0,0
299511,0.0,0.0,0.0,0.0,0.0,0.0,udp,0.0,,cs0,,63.0,,1.0,,Start,1,1,0,42,42,0,42.0,0.0,0.0,0.0,0.0,0,0,0,0.0,,,0.0,0.0,0.0,INT,,,,,0.0,0.0,0.0,0
299522,0.0,0.0,0.0,0.0,0.0,0.0,udp,0.0,,cs0,,63.0,,1.0,,Start,1,1,0,42,42,0,42.0,0.0,0.0,0.0,0.0,0,0,0,0.0,,,0.0,0.0,0.0,INT,,,,,0.0,0.0,0.0,0
299557,0.0,0.0,0.0,0.0,0.0,0.0,udp,0.0,,cs0,,63.0,,1.0,,Start,1,1,0,42,42,0,42.0,0.0,0.0,0.0,0.0,0,0,0,0.0,,,0.0,0.0,0.0,INT,,,,,0.0,0.0,0.0,0
299576,2.595226,2.595226,2.595226,2.595226,2.595226,2.595226,udp,0.0,,cs0,,63.0,,1.0,,Status,2,2,0,84,84,0,42.0,0.0,129.468491,129.468491,0.0,0,0,0,0.0,,,0.385323,0.385323,0.0,REQ,,,,,0.0,0.0,0.0,0
299626,2.593928,2.593928,2.593928,2.593928,2.593928,2.593928,udp,0.0,,cs0,,63.0,,1.0,,Start,2,2,0,84,84,0,42.0,0.0,129.533279,129.533279,0.0,0,0,0,0.0,,,0.385516,0.385516,0.0,INT,,,,,0.0,0.0,0.0,0
299775,2.594764,2.594764,2.594764,2.594764,2.594764,2.594764,udp,0.0,,cs0,,63.0,,1.0,,Status,2,2,0,84,84,0,42.0,0.0,129.491547,129.491547,0.0,0,0,0,0.0,,,0.385392,0.385392,0.0,REQ,,,,,0.0,0.0,0.0,0
299795,0.0,0.0,0.0,0.0,0.0,0.0,udp,0.0,,cs0,,63.0,,1.0,,Status,1,1,0,42,42,0,42.0,0.0,0.0,0.0,0.0,0,0,0,0.0,,,0.0,0.0,0.0,REQ,,,,,0.0,0.0,0.0,0
299800,0.0,0.0,0.0,0.0,0.0,0.0,udp,0.0,,cs0,,63.0,,1.0,,Status,1,1,0,42,42,0,42.0,0.0,0.0,0.0,0.0,0,0,0,0.0,,,0.0,0.0,0.0,REQ,,,,,0.0,0.0,0.0,0
299832,0.0,0.0,0.0,0.0,0.0,0.0,udp,0.0,,cs0,,63.0,,1.0,,Status,1,1,0,42,42,0,42.0,0.0,0.0,0.0,0.0,0,0,0,0.0,,,0.0,0.0,0.0,REQ,,,,,0.0,0.0,0.0,0
299888,0.0,0.0,0.0,0.0,0.0,0.0,udp,0.0,,cs0,,63.0,,1.0,,Status,1,1,0,42,42,0,42.0,0.0,0.0,0.0,0.0,0,0,0,0.0,,,0.0,0.0,0.0,REQ,,,,,0.0,0.0,0.0,0
299916,2.590813,2.590813,2.590813,2.590813,2.590813,2.590813,udp,0.0,,cs0,,63.0,,1.0,,Start,2,2,0,84,84,0,42.0,0.0,129.689026,129.689026,0.0,0,0,0,0.0,,,0.385979,0.385979,0.0,INT,,,,,0.0,0.0,0.0,0
299987,2.585927,2.585927,2.585927,2.585927,2.585927,2.585927,udp,0.0,,cs0,,63.0,,1.0,,Start,2,2,0,84,84,0,42.0,0.0,129.934067,129.934067,0.0,0,0,0,0.0,,,0.386709,0.386709,0.0,INT,,,,,0.0,0.0,0.0,0
300038,2.589211,2.589211,2.589211,2.589211,2.589211,2.589211,udp,0.0,,cs0,,63.0,,1.0,,Status,2,2,0,84,84,0,42.0,0.0,129.769257,129.769257,0.0,0,0,0,0.0,,,0.386218,0.386218,0.0,REQ,,,,,0.0,0.0,0.0,0
300108,2.588727,2.588727,2.588727,2.588727,2.588727,2.588727,udp,0.0,,cs0,,63.0,,1.0,,Status,2,2,0,84,84,0,42.0,0.0,129.793518,129.793518,0.0,0,0,0,0.0,,,0.38629,0.38629,0.0,REQ,,,,,0.0,0.0,0.0,0
300128,0.0,0.0,0.0,0.0,0.0,0.0,udp,0.0,,cs0,,63.0,,1.0,,Start,1,1,0,42,42,0,42.0,0.0,0.0,0.0,0.0,0,0,0,0.0,,,0.0,0.0,0.0,INT,,,,,0.0,0.0,0.0,0
300146,2.592933,2.592933,2.592933,2.592933,2.592933,2.592933,udp,0.0,,cs0,,63.0,,1.0,,Status,2,2,0,84,84,0,42.0,0.0,129.582993,129.582993,0.0,0,0,0,0.0,,,0.385664,0.385664,0.0,REQ,,,,,0.0,0.0,0.0,0
300162,0.0,0.0,0.0,0.0,0.0,0.0,udp,0.0,,cs0,,63.0,,1.0,,Status,1,1,0,42,42,0,42.0,0.0,0.0,0.0,0.0,0,0,0,0.0,,,0.0,0.0,0.0,REQ,,,,,0.0,0.0,0.0,0
300206,2.587328,2.587328,2.587328,2.587328,2.587328,2.587328,udp,0.0,,cs0,,63.0,,1.0,,Status,2,2,0,84,84,0,42.0,0.0,129.863708,129.863708,0.0,0,0,0,0.0,,,0.386499,0.386499,0.0,REQ,,,,,0.0,0.0,0.0,0
300310,0.0,0.0,0.0,0.0,0.0,0.0,udp,0.0,,cs0,,63.0,,1.0,,Status,1,1,0,42,42,0,42.0,0.0,0.0,0.0,0.0,0,0,0,0.0,,,0.0,0.0,0.0,REQ,,,,,0.0,0.0,0.0,0
300311,0.0,0.0,0.0,0.0,0.0,0.0,udp,0.0,,cs0,,63.0,,1.0,,Status,1,1,0,42,42,0,42.0,0.0,0.0,0.0,0.0,0,0,0,0.0,,,0.0,0.0,0.0,REQ,,,,,0.0,0.0,0.0,0
300336,0.0,0.0,0.0,0.0,0.0,0.0,udp,0.0,,cs0,,63.0,,1.0,,Status,1,1,0,42,42,0,42.0,0.0,0.0,0.0,0.0,0,0,0,0.0,,,0.0,0.0,0.0,REQ,,,,,0.0,0.0,0.0,0
300397,2.590242,2.590242,2.590242,2.590242,2.590242,2.590242,udp,0.0,,cs0,,63.0,,1.0,,Status,2,2,0,84,84,0,42.0,0.0,129.717621,129.717621,0.0,0,0,0,0.0,,,0.386064,0.386064,0.0,REQ,,,,,0.0,0.0,0.0,0
300421,2.587418,2.587418,2.587418,2.587418,2.587418,2.587418,udp,0.0,,cs0,,63.0,,1.0,,Start,2,2,0,84,84,0,42.0,0.0,129.859177,129.859177,0.0,0,0,0,0.0,,,0.386486,0.386486,0.0,INT,,,,,0.0,0.0,0.0,0
300448,2.593781,2.593781,2.593781,2.593781,2.593781,2.593781,udp,0.0,,cs0,,63.0,,1.0,,Status,2,2,0,84,84,0,42.0,0.0,129.540619,129.540619,0.0,0,0,0,0.0,,,0.385538,0.385538,0.0,REQ,,,,,0.0,0.0,0.0,0
300503,0.0,0.0,0.0,0.0,0.0,0.0,udp,0.0,,cs0,,63.0,,1.0,,Status,1,1,0,42,42,0,42.0,0.0,0.0,0.0,0.0,0,0,0,0.0,,,0.0,0.0,0.0,REQ,,,,,0.0,0.0,0.0,0
300507,0.0,0.0,0.0,0.0,0.0,0.0,udp,0.0,,cs0,,63.0,,1.0,,Status,1,1,0,42,42,0,42.0,0.0,0.0,0.0,0.0,0,0,0,0.0,,,0.0,0.0,0.0,REQ,,,,,0.0,0.0,0.0,0
300526,2.593821,2.593821,2.593821,2.593821,2.593821,2.593821,udp,0.0,,cs0,,63.0,,1.0,,Start,2,2,0,84,84,0,42.0,0.0,129.53862,129.53862,0.0,0,0,0,0.0,,,0.385532,0.385532,0.0,INT,,,,,0.0,0.0,0.0,0
300560,2.588112,2.588112,2.588112,2.588112,2.588112,2.588112,udp,0.0,,cs0,,63.0,,1.0,,Status,2,2,0,84,84,0,42.0,0.0,129.824356,129.824356,0.0,0,0,0,0.0,,,0.386382,0.386382,0.0,REQ,,,,,0.0,0.0,0.0,0
300571,2.588111,2.588111,2.588111,2.588111,2.588111,2.588111,udp,0.0,,cs0,,63.0,,1.0,,Status,2,2,0,84,84,0,42.0,0.0,129.824417,129.824417,0.0,0,0,0,0.0,,,0.386382,0.386382,0.0,REQ,,,,,0.0,0.0,0.0,0
300678,2.587212,2.587212,2.587212,2.587212,2.587212,2.587212,udp,0.0,,cs0,,63.0,,1.0,,Start,2,2,0,84,84,0,42.0,0.0,129.869522,129.869522,0.0,0,0,0,0.0,,,0.386516,0.386516,0.0,INT,,,,,0.0,0.0,0.0,0
300680,2.587625,2.587625,2.587625,2.587625,2.587625,2.587625,udp,0.0,,cs0,,63.0,,1.0,,Start,2,2,0,84,84,0,42.0,0.0,129.848801,129.848801,0.0,0,0,0,0.0,,,0.386455,0.386455,0.0,INT,,,,,0.0,0.0,0.0,0
300775,0.0,0.0,0.0,0.0,0.0,0.0,udp,0.0,,cs0,,63.0,,1.0,,Status,1,1,0,42,42,0,42.0,0.0,0.0,0.0,0.0,0,0,0,0.0,,,0.0,0.0,0.0,REQ,,,,,0.0,0.0,0.0,0
300805,2.589216,2.589216,2.589216,2.589216,2.589216,2.589216,udp,0.0,,cs0,,63.0,,1.0,,Start,2,2,0,84,84,0,42.0,0.0,129.769012,129.769012,0.0,0,0,0,0.0,,,0.386217,0.386217,0.0,INT,,,,,0.0,0.0,0.0,0
300889,2.590883,2.590883,2.590883,2.590883,2.590883,2.590883,udp,0.0,,cs0,,63.0,,1.0,,Status,2,2,0,84,84,0,42.0,0.0,129.685516,129.685516,0.0,0,0,0,0.0,,,0.385969,0.385969,0.0,REQ,,,,,0.0,0.0,0.0,0
300940,2.590337,2.590337,2.590337,2.590337,2.590337,2.590337,udp,0.0,,cs0,,63.0,,1.0,,Start,2,2,0,84,84,0,42.0,0.0,129.712845,129.712845,0.0,0,0,0,0.0,,,0.38605,0.38605,0.0,INT,,,,,0.0,0.0,0.0,0
300963,2.590915,2.590915,2.590915,2.590915,2.590915,2.590915,udp,0.0,,cs0,,63.0,,1.0,,Start,2,2,0,84,84,0,42.0,0.0,129.683914,129.683914,0.0,0,0,0,0.0,,,0.385964,0.385964,0.0,INT,,,,,0.0,0.0,0.0,0
300966,2.590909,2.590909,2.590909,2.590909,2.590909,2.590909,udp,0.0,,cs0,,63.0,,1.0,,Start,2,2,0,84,84,0,42.0,0.0,129.684219,129.684219,0.0,0,0,0,0.0,,,0.385965,0.385965,0.0,INT,,,,,0.0,0.0,0.0,0
301007,2.591094,2.591094,2.591094,2.591094,2.591094,2.591094,udp,0.0,,cs0,,63.0,,1.0,,Status,2,2,0,84,84,0,42.0,0.0,129.674957,129.674957,0.0,0,0,0,0.0,,,0.385937,0.385937,0.0,REQ,,,,,0.0,0.0,0.0,0
301047,2.587658,2.587658,2.587658,2.587658,2.587658,2.587658,udp,0.0,,cs0,,63.0,,1.0,,Status,2,2,0,84,84,0,42.0,0.0,129.847153,129.847153,0.0,0,0,0,0.0,,,0.38645,0.38645,0.0,REQ,,,,,0.0,0.0,0.0,0
301050,2.588647,2.588647,2.588647,2.588647,2.588647,2.588647,udp,0.0,,cs0,,63.0,,1.0,,Status,2,2,0,84,84,0,42.0,0.0,129.797546,129.797546,0.0,0,0,0,0.0,,,0.386302,0.386302,0.0,REQ,,,,,0.0,0.0,0.0,0
301199,2.589886,2.589886,2.589886,2.589886,2.589886,2.589886,udp,0.0,,cs0,,63.0,,1.0,,Status,2,2,0,84,84,0,42.0,0.0,129.735443,129.735443,0.0,0,0,0,0.0,,,0.386117,0.386117,0.0,REQ,,,,,0.0,0.0,0.0,0
301203,2.589858,2.589858,2.589858,2.589858,2.589858,2.589858,udp,0.0,,cs0,,63.0,,1.0,,Start,2,2,0,84,84,0,42.0,0.0,129.736847,129.736847,0.0,0,0,0,0.0,,,0.386122,0.386122,0.0,INT,,,,,0.0,0.0,0.0,0
301204,2.589858,2.589858,2.589858,2.589858,2.589858,2.589858,udp,0.0,,cs0,,63.0,,1.0,,Start,2,2,0,84,84,0,42.0,0.0,129.736847,129.736847,0.0,0,0,0,0.0,,,0.386122,0.386122,0.0,INT,,,,,0.0,0.0,0.0,0
301210,2.589991,2.589991,2.589991,2.589991,2.589991,2.589991,udp,0.0,,cs0,,63.0,,1.0,,Start,2,2,0,84,84,0,42.0,0.0,129.730179,129.730179,0.0,0,0,0,0.0,,,0.386102,0.386102,0.0,INT,,,,,0.0,0.0,0.0,0
301220,2.589985,2.589985,2.589985,2.589985,2.589985,2.589985,udp,0.0,,cs0,,63.0,,1.0,,Start,2,2,0,84,84,0,42.0,0.0,129.730484,129.730484,0.0,0,0,0,0.0,,,0.386103,0.386103,0.0,INT,,,,,0.0,0.0,0.0,0
301293,2.59004,2.59004,2.59004,2.59004,2.59004,2.59004,udp,0.0,,cs0,,63.0,,1.0,,Status,2,2,0,84,84,0,42.0,0.0,129.727722,129.727722,0.0,0,0,0,0.0,,,0.386094,0.386094,0.0,REQ,,,,,0.0,0.0,0.0,0
301332,2.584521,2.584521,2.584521,2.584521,2.584521,2.584521,udp,0.0,,cs0,,63.0,,1.0,,Status,2,2,0,84,84,0,42.0,0.0,130.004745,130.004745,0.0,0,0,0,0.0,,,0.386919,0.386919,0.0,REQ,,,,,0.0,0.0,0.0,0
301357,2.588718,2.588718,2.588718,2.588718,2.588718,2.588718,udp,0.0,,cs0,,63.0,,1.0,,Status,2,2,0,84,84,0,42.0,0.0,129.793976,129.793976,0.0,0,0,0,0.0,,,0.386292,0.386292,0.0,REQ,,,,,0.0,0.0,0.0,0
301372,0.0,0.0,0.0,0.0,0.0,0.0,udp,0.0,,cs0,,63.0,,1.0,,Start,1,1,0,42,42,0,42.0,0.0,0.0,0.0,0.0,0,0,0,0.0,,,0.0,0.0,0.0,INT,,,,,0.0,0.0,0.0,0
301374,0.0,0.0,0.0,0.0,0.0,0.0,udp,0.0,,cs0,,63.0,,1.0,,Start,1,1,0,42,42,0,42.0,0.0,0.0,0.0,0.0,0,0,0,0.0,,,0.0,0.0,0.0,INT,,,,,0.0,0.0,0.0,0
301425,2.592762,2.592762,2.592762,2.592762,2.592762,2.592762,udp,0.0,,cs0,,63.0,,1.0,,Start,2,2,0,84,84,0,42.0,0.0,129.591537,129.591537,0.0,0,0,0,0.0,,,0.385689,0.385689,0.0,INT,,,,,0.0,0.0,0.0,0
301444,0.0,0.0,0.0,0.0,0.0,0.0,udp,0.0,,cs0,,63.0,,1.0,,Status,1,1,0,42,42,0,42.0,0.0,0.0,0.0,0.0,0,0,0,0.0,,,0.0,0.0,0.0,REQ,,,,,0.0,0.0,0.0,0
301540,0.0,0.0,0.0,0.0,0.0,0.0,udp,0.0,,cs0,,63.0,,1.0,,Start,1,1,0,42,42,0,42.0,0.0,0.0,0.0,0.0,0,0,0,0.0,,,0.0,0.0,0.0,INT,,,,,0.0,0.0,0.0,0
301565,2.589653,2.589653,2.589653,2.589653,2.589653,2.589653,udp,0.0,,cs0,,63.0,,1.0,,Status,2,2,0,84,84,0,42.0,0.0,129.747116,129.747116,0.0,0,0,0,0.0,,,0.386152,0.386152,0.0,REQ,,,,,0.0,0.0,0.0,0
301573,2.592759,2.592759,2.592759,2.592759,2.592759,2.592759,udp,0.0,,cs0,,63.0,,1.0,,Status,2,2,0,84,84,0,42.0,0.0,129.59169,129.59169,0.0,0,0,0,0.0,,,0.38569,0.38569,0.0,REQ,,,,,0.0,0.0,0.0,0
301590,0.0,0.0,0.0,0.0,0.0,0.0,udp,0.0,,cs0,,63.0,,1.0,,Status,1,1,0,42,42,0,42.0,0.0,0.0,0.0,0.0,0,0,0,0.0,,,0.0,0.0,0.0,REQ,,,,,0.0,0.0,0.0,0
301597,0.0,0.0,0.0,0.0,0.0,0.0,udp,0.0,,cs0,,63.0,,1.0,,Status,1,1,0,42,42,0,42.0,0.0,0.0,0.0,0.0,0,0,0,0.0,,,0.0,0.0,0.0,REQ,,,,,0.0,0.0,0.0,0
301606,2.590041,2.590041,2.590041,2.590041,2.590041,2.590041,udp,0.0,,cs0,,63.0,,1.0,,Start,2,2,0,84,84,0,42.0,0.0,129.727676,129.727676,0.0,0,0,0,0.0,,,0.386094,0.386094,0.0,INT,,,,,0.0,0.0,0.0,0
301640,0.0,0.0,0.0,0.0,0.0,0.0,udp,0.0,,cs0,,63.0,,1.0,,Status,1,1,0,42,42,0,42.0,0.0,0.0,0.0,0.0,0,0,0,0.0,,,0.0,0.0,0.0,REQ,,,,,0.0,0.0,0.0,0
301647,2.590797,2.590797,2.590797,2.590797,2.590797,2.590797,udp,0.0,,cs0,,63.0,,1.0,,Status,2,2,0,84,84,0,42.0,0.0,129.689819,129.689819,0.0,0,0,0,0.0,,,0.385982,0.385982,0.0,REQ,,,,,0.0,0.0,0.0,0
301697,2.592834,2.592834,2.592834,2.592834,2.592834,2.592834,udp,0.0,,cs0,,63.0,,1.0,,Start,2,2,0,84,84,0,42.0,0.0,129.587936,129.587936,0.0,0,0,0,0.0,,,0.385678,0.385678,0.0,INT,,,,,0.0,0.0,0.0,0
301822,2.588038,2.588038,2.588038,2.588038,2.588038,2.588038,udp,0.0,,cs0,,63.0,,1.0,,Status,2,2,0,84,84,0,42.0,0.0,129.828079,129.828079,0.0,0,0,0,0.0,,,0.386393,0.386393,0.0,REQ,,,,,0.0,0.0,0.0,0
301825,2.588037,2.588037,2.588037,2.588037,2.588037,2.588037,udp,0.0,,cs0,,63.0,,1.0,,Status,2,2,0,84,84,0,42.0,0.0,129.828125,129.828125,0.0,0,0,0,0.0,,,0.386393,0.386393,0.0,REQ,,,,,0.0,0.0,0.0,0
301858,0.0,0.0,0.0,0.0,0.0,0.0,udp,0.0,,cs0,,63.0,,1.0,,Status,1,1,0,42,42,0,42.0,0.0,0.0,0.0,0.0,0,0,0,0.0,,,0.0,0.0,0.0,REQ,,,,,0.0,0.0,0.0,0
301896,2.587081,2.587081,2.587081,2.587081,2.587081,2.587081,udp,0.0,,cs0,,63.0,,1.0,,Status,2,2,0,84,84,0,42.0,0.0,129.876099,129.876099,0.0,0,0,0,0.0,,,0.386536,0.386536,0.0,REQ,,,,,0.0,0.0,0.0,0
301910,2.587061,2.587061,2.587061,2.587061,2.587061,2.587061,udp,0.0,,cs0,,63.0,,1.0,,Status,2,2,0,84,84,0,42.0,0.0,129.877106,129.877106,0.0,0,0,0,0.0,,,0.386539,0.386539,0.0,REQ,,,,,0.0,0.0,0.0,0
301925,0.0,0.0,0.0,0.0,0.0,0.0,udp,0.0,,cs0,,63.0,,1.0,,Start,1,1,0,42,42,0,42.0,0.0,0.0,0.0,0.0,0,0,0,0.0,,,0.0,0.0,0.0,INT,,,,,0.0,0.0,0.0,0
301950,2.588521,2.588521,2.588521,2.588521,2.588521,2.588521,udp,0.0,,cs0,,63.0,,1.0,,Status,2,2,0,84,84,0,42.0,0.0,129.803848,129.803848,0.0,0,0,0,0.0,,,0.386321,0.386321,0.0,REQ,,,,,0.0,0.0,0.0,0
301960,2.592622,2.592622,2.592622,2.592622,2.592622,2.592622,udp,0.0,,cs0,,63.0,,1.0,,Status,2,2,0,84,84,0,42.0,0.0,129.598526,129.598526,0.0,0,0,0,0.0,,,0.38571,0.38571,0.0,REQ,,,,,0.0,0.0,0.0,0
301980,0.0,0.0,0.0,0.0,0.0,0.0,udp,0.0,,cs0,,63.0,,1.0,,Start,1,1,0,42,42,0,42.0,0.0,0.0,0.0,0.0,0,0,0,0.0,,,0.0,0.0,0.0,INT,,,,,0.0,0.0,0.0,0
302038,2.591107,2.591107,2.591107,2.591107,2.591107,2.591107,udp,0.0,,cs0,,63.0,,1.0,,Status,2,2,0,84,84,0,42.0,0.0,129.674316,129.674316,0.0,0,0,0,0.0,,,0.385935,0.385935,0.0,REQ,,,,,0.0,0.0,0.0,0
302061,2.590939,2.590939,2.590939,2.590939,2.590939,2.590939,udp,0.0,,cs0,,63.0,,1.0,,Status,2,2,0,84,84,0,42.0,0.0,129.682709,129.682709,0.0,0,0,0,0.0,,,0.38596,0.38596,0.0,REQ,,,,,0.0,0.0,0.0,0
302078,2.591044,2.591044,2.591044,2.591044,2.591044,2.591044,udp,0.0,,cs0,,63.0,,1.0,,Status,2,2,0,84,84,0,42.0,0.0,129.67746,129.67746,0.0,0,0,0,0.0,,,0.385945,0.385945,0.0,REQ,,,,,0.0,0.0,0.0,0
302149,2.587567,2.587567,2.587567,2.587567,2.587567,2.587567,udp,0.0,,cs0,,63.0,,1.0,,Status,2,2,0,84,84,0,42.0,0.0,129.8517,129.8517,0.0,0,0,0,0.0,,,0.386463,0.386463,0.0,REQ,,,,,0.0,0.0,0.0,0
302155,2.586822,2.586822,2.586822,2.586822,2.586822,2.586822,udp,0.0,,cs0,,63.0,,1.0,,Status,2,2,0,84,84,0,42.0,0.0,129.889099,129.889099,0.0,0,0,0,0.0,,,0.386575,0.386575,0.0,REQ,,,,,0.0,0.0,0.0,0
302190,0.0,0.0,0.0,0.0,0.0,0.0,udp,0.0,,cs0,,63.0,,1.0,,Status,1,1,0,42,42,0,42.0,0.0,0.0,0.0,0.0,0,0,0,0.0,,,0.0,0.0,0.0,REQ,,,,,0.0,0.0,0.0,0
302197,0.0,0.0,0.0,0.0,0.0,0.0,udp,0.0,,cs0,,63.0,,1.0,,Status,1,1,0,42,42,0,42.0,0.0,0.0,0.0,0.0,0,0,0,0.0,,,0.0,0.0,0.0,REQ,,,,,0.0,0.0,0.0,0
302251,2.591779,2.591779,2.591779,2.591779,2.591779,2.591779,udp,0.0,,cs0,,63.0,,1.0,,Status,2,2,0,84,84,0,42.0,0.0,129.640686,129.640686,0.0,0,0,0,0.0,,,0.385835,0.385835,0.0,REQ,,,,,0.0,0.0,0.0,0
302269,0.0,0.0,0.0,0.0,0.0,0.0,udp,0.0,,cs0,,63.0,,1.0,,Status,1,1,0,42,42,0,42.0,0.0,0.0,0.0,0.0,0,0,0,0.0,,,0.0,0.0,0.0,REQ,,,,,0.0,0.0,0.0,0
302287,0.0,0.0,0.0,0.0,0.0,0.0,udp,0.0,,cs0,,63.0,,1.0,,Status,1,1,0,42,42,0,42.0,0.0,0.0,0.0,0.0,0,0,0,0.0,,,0.0,0.0,0.0,REQ,,,,,0.0,0.0,0.0,0
302298,0.0,0.0,0.0,0.0,0.0,0.0,udp,0.0,,cs0,,63.0,,1.0,,Status,1,1,0,42,42,0,42.0,0.0,0.0,0.0,0.0,0,0,0,0.0,,,0.0,0.0,0.0,REQ,,,,,0.0,0.0,0.0,0
302333,0.0,0.0,0.0,0.0,0.0,0.0,udp,0.0,,cs0,,63.0,,1.0,,Status,1,1,0,42,42,0,42.0,0.0,0.0,0.0,0.0,0,0,0,0.0,,,0.0,0.0,0.0,REQ,,,,,0.0,0.0,0.0,0
302358,0.0,0.0,0.0,0.0,0.0,0.0,udp,0.0,,cs0,,63.0,,1.0,,Start,1,1,0,42,42,0,42.0,0.0,0.0,0.0,0.0,0,0,0,0.0,,,0.0,0.0,0.0,INT,,,,,0.0,0.0,0.0,0
302408,0.0,0.0,0.0,0.0,0.0,0.0,udp,0.0,,cs0,,63.0,,1.0,,Status,1,1,0,42,42,0,42.0,0.0,0.0,0.0,0.0,0,0,0,0.0,,,0.0,0.0,0.0,REQ,,,,,0.0,0.0,0.0,0
302461,2.590712,2.590712,2.590712,2.590712,2.590712,2.590712,udp,0.0,,cs0,,63.0,,1.0,,Status,2,2,0,84,84,0,42.0,0.0,129.694077,129.694077,0.0,0,0,0,0.0,,,0.385994,0.385994,0.0,REQ,,,,,0.0,0.0,0.0,0
302473,0.0,0.0,0.0,0.0,0.0,0.0,udp,0.0,,cs0,,63.0,,1.0,,Status,1,1,0,42,42,0,42.0,0.0,0.0,0.0,0.0,0,0,0,0.0,,,0.0,0.0,0.0,REQ,,,,,0.0,0.0,0.0,0
302501,0.0,0.0,0.0,0.0,0.0,0.0,udp,0.0,,cs0,,63.0,,1.0,,Status,1,1,0,42,42,0,42.0,0.0,0.0,0.0,0.0,0,0,0,0.0,,,0.0,0.0,0.0,REQ,,,,,0.0,0.0,0.0,0
302560,2.594132,2.594132,2.594132,2.594132,2.594132,2.594132,udp,0.0,,cs0,,63.0,,1.0,,Status,2,2,0,84,84,0,42.0,0.0,129.523102,129.523102,0.0,0,0,0,0.0,,,0.385485,0.385485,0.0,REQ,,,,,0.0,0.0,0.0,0
302611,2.592635,2.592635,2.592635,2.592635,2.592635,2.592635,udp,0.0,,cs0,,63.0,,1.0,,Status,2,2,0,84,84,0,42.0,0.0,129.597885,129.597885,0.0,0,0,0,0.0,,,0.385708,0.385708,0.0,REQ,,,,,0.0,0.0,0.0,0
302684,0.0,0.0,0.0,0.0,0.0,0.0,udp,0.0,,cs0,,63.0,,1.0,,Status,1,1,0,42,42,0,42.0,0.0,0.0,0.0,0.0,0,0,0,0.0,,,0.0,0.0,0.0,REQ,,,,,0.0,0.0,0.0,0
302692,0.0,0.0,0.0,0.0,0.0,0.0,udp,0.0,,cs0,,63.0,,1.0,,Start,1,1,0,42,42,0,42.0,0.0,0.0,0.0,0.0,0,0,0,0.0,,,0.0,0.0,0.0,INT,,,,,0.0,0.0,0.0,0
302703,0.0,0.0,0.0,0.0,0.0,0.0,udp,0.0,,cs0,,63.0,,1.0,,Start,1,1,0,42,42,0,42.0,0.0,0.0,0.0,0.0,0,0,0,0.0,,,0.0,0.0,0.0,INT,,,,,0.0,0.0,0.0,0
302725,2.594739,2.594739,2.594739,2.594739,2.594739,2.594739,udp,0.0,,cs0,,63.0,,1.0,,Status,2,2,0,84,84,0,42.0,0.0,129.492798,129.492798,0.0,0,0,0,0.0,,,0.385395,0.385395,0.0,REQ,,,,,0.0,0.0,0.0,0
302768,0.0,0.0,0.0,0.0,0.0,0.0,udp,0.0,,cs0,,63.0,,1.0,,Start,1,1,0,42,42,0,42.0,0.0,0.0,0.0,0.0,0,0,0,0.0,,,0.0,0.0,0.0,INT,,,,,0.0,0.0,0.0,0
302815,2.59011,2.59011,2.59011,2.59011,2.59011,2.59011,udp,0.0,,cs0,,63.0,,1.0,,Start,2,2,0,84,84,0,42.0,0.0,129.724213,129.724213,0.0,0,0,0,0.0,,,0.386084,0.386084,0.0,INT,,,,,0.0,0.0,0.0,0
302967,0.0,0.0,0.0,0.0,0.0,0.0,udp,0.0,,cs0,,63.0,,1.0,,Start,1,1,0,42,42,0,42.0,0.0,0.0,0.0,0.0,0,0,0,0.0,,,0.0,0.0,0.0,INT,,,,,0.0,0.0,0.0,0
302984,0.0,0.0,0.0,0.0,0.0,0.0,udp,0.0,,cs0,,63.0,,1.0,,Status,1,1,0,42,42,0,42.0,0.0,0.0,0.0,0.0,0,0,0,0.0,,,0.0,0.0,0.0,REQ,,,,,0.0,0.0,0.0,0
303002,0.0,0.0,0.0,0.0,0.0,0.0,udp,0.0,,cs0,,63.0,,1.0,,Status,1,1,0,42,42,0,42.0,0.0,0.0,0.0,0.0,0,0,0,0.0,,,0.0,0.0,0.0,REQ,,,,,0.0,0.0,0.0,0
303070,2.59217,2.59217,2.59217,2.59217,2.59217,2.59217,udp,0.0,,cs0,,63.0,,1.0,,Status,2,2,0,84,84,0,42.0,0.0,129.621124,129.621124,0.0,0,0,0,0.0,,,0.385777,0.385777,0.0,REQ,,,,,0.0,0.0,0.0,0
303080,2.59219,2.59219,2.59219,2.59219,2.59219,2.59219,udp,0.0,,cs0,,63.0,,1.0,,Start,2,2,0,84,84,0,42.0,0.0,129.620132,129.620132,0.0,0,0,0,0.0,,,0.385774,0.385774,0.0,INT,,,,,0.0,0.0,0.0,0
303096,2.592141,2.592141,2.592141,2.592141,2.592141,2.592141,udp,0.0,,cs0,,63.0,,1.0,,Status,2,2,0,84,84,0,42.0,0.0,129.622589,129.622589,0.0,0,0,0,0.0,,,0.385781,0.385781,0.0,REQ,,,,,0.0,0.0,0.0,0
303174,0.0,0.0,0.0,0.0,0.0,0.0,udp,0.0,,cs0,,63.0,,1.0,,Status,1,1,0,42,42,0,42.0,0.0,0.0,0.0,0.0,0,0,0,0.0,,,0.0,0.0,0.0,REQ,,,,,0.0,0.0,0.0,0
303210,0.0,0.0,0.0,0.0,0.0,0.0,udp,0.0,,cs0,,63.0,,1.0,,Status,1,1,0,42,42,0,42.0,0.0,0.0,0.0,0.0,0,0,0,0.0,,,0.0,0.0,0.0,REQ,,,,,0.0,0.0,0.0,0
303393,2.592119,2.592119,2.592119,2.592119,2.592119,2.592119,udp,0.0,,cs0,,63.0,,1.0,,Status,2,2,0,84,84,0,42.0,0.0,129.623672,129.623672,0.0,0,0,0,0.0,,,0.385785,0.385785,0.0,REQ,,,,,0.0,0.0,0.0,0
303432,2.592162,2.592162,2.592162,2.592162,2.592162,2.592162,udp,0.0,,cs0,,63.0,,1.0,,Start,2,2,0,84,84,0,42.0,0.0,129.621536,129.621536,0.0,0,0,0,0.0,,,0.385778,0.385778,0.0,INT,,,,,0.0,0.0,0.0,0
303511,0.0,0.0,0.0,0.0,0.0,0.0,udp,0.0,,cs0,,63.0,,1.0,,Status,1,1,0,42,42,0,42.0,0.0,0.0,0.0,0.0,0,0,0,0.0,,,0.0,0.0,0.0,REQ,,,,,0.0,0.0,0.0,0
303565,0.0,0.0,0.0,0.0,0.0,0.0,udp,0.0,,cs0,,63.0,,1.0,,Status,1,1,0,42,42,0,42.0,0.0,0.0,0.0,0.0,0,0,0,0.0,,,0.0,0.0,0.0,REQ,,,,,0.0,0.0,0.0,0
303589,2.583152,2.583152,2.583152,2.583152,2.583152,2.583152,udp,0.0,,cs0,,63.0,,1.0,,Status,2,2,0,84,84,0,42.0,0.0,130.073639,130.073639,0.0,0,0,0,0.0,,,0.387124,0.387124,0.0,REQ,,,,,0.0,0.0,0.0,0
303652,0.0,0.0,0.0,0.0,0.0,0.0,udp,0.0,,cs0,,63.0,,1.0,,Status,1,1,0,42,42,0,42.0,0.0,0.0,0.0,0.0,0,0,0,0.0,,,0.0,0.0,0.0,REQ,,,,,0.0,0.0,0.0,0
303692,0.0,0.0,0.0,0.0,0.0,0.0,udp,0.0,,cs0,,63.0,,1.0,,Status,1,1,0,42,42,0,42.0,0.0,0.0,0.0,0.0,0,0,0,0.0,,,0.0,0.0,0.0,REQ,,,,,0.0,0.0,0.0,0
303768,0.0,0.0,0.0,0.0,0.0,0.0,udp,0.0,,cs0,,63.0,,1.0,,Status,1,1,0,42,42,0,42.0,0.0,0.0,0.0,0.0,0,0,0,0.0,,,0.0,0.0,0.0,REQ,,,,,0.0,0.0,0.0,0
303855,0.0,0.0,0.0,0.0,0.0,0.0,udp,0.0,,cs0,,63.0,,1.0,,Status,1,1,0,42,42,0,42.0,0.0,0.0,0.0,0.0,0,0,0,0.0,,,0.0,0.0,0.0,REQ,,,,,0.0,0.0,0.0,0
303944,0.0,0.0,0.0,0.0,0.0,0.0,udp,0.0,,cs0,,63.0,,1.0,,Start,1,1,0,42,42,0,42.0,0.0,0.0,0.0,0.0,0,0,0,0.0,,,0.0,0.0,0.0,INT,,,,,0.0,0.0,0.0,0
303965,2.590764,2.590764,2.590764,2.590764,2.590764,2.590764,udp,0.0,,cs0,,63.0,,1.0,,Status,2,2,0,84,84,0,42.0,0.0,129.691467,129.691467,0.0,0,0,0,0.0,,,0.385987,0.385987,0.0,REQ,,,,,0.0,0.0,0.0,0
304029,2.587102,2.587102,2.587102,2.587102,2.587102,2.587102,udp,0.0,,cs0,,63.0,,1.0,,Start,2,2,0,84,84,0,42.0,0.0,129.875046,129.875046,0.0,0,0,0,0.0,,,0.386533,0.386533,0.0,INT,,,,,0.0,0.0,0.0,0
304038,0.0,0.0,0.0,0.0,0.0,0.0,udp,0.0,,cs0,,63.0,,1.0,,Start,1,1,0,42,42,0,42.0,0.0,0.0,0.0,0.0,0,0,0,0.0,,,0.0,0.0,0.0,INT,,,,,0.0,0.0,0.0,0
304054,0.0,0.0,0.0,0.0,0.0,0.0,udp,0.0,,cs0,,63.0,,1.0,,Status,1,1,0,42,42,0,42.0,0.0,0.0,0.0,0.0,0,0,0,0.0,,,0.0,0.0,0.0,REQ,,,,,0.0,0.0,0.0,0
304064,0.0,0.0,0.0,0.0,0.0,0.0,udp,0.0,,cs0,,63.0,,1.0,,Status,1,1,0,42,42,0,42.0,0.0,0.0,0.0,0.0,0,0,0,0.0,,,0.0,0.0,0.0,REQ,,,,,0.0,0.0,0.0,0
304067,0.0,0.0,0.0,0.0,0.0,0.0,udp,0.0,,cs0,,63.0,,1.0,,Status,1,1,0,42,42,0,42.0,0.0,0.0,0.0,0.0,0,0,0,0.0,,,0.0,0.0,0.0,REQ,,,,,0.0,0.0,0.0,0
304127,2.582933,2.582933,2.582933,2.582933,2.582933,2.582933,udp,0.0,,cs0,,63.0,,1.0,,Status,2,2,0,84,84,0,42.0,0.0,130.084671,130.084671,0.0,0,0,0,0.0,,,0.387157,0.387157,0.0,REQ,,,,,0.0,0.0,0.0,0
304145,2.588908,2.588908,2.588908,2.588908,2.588908,2.588908,udp,0.0,,cs0,,63.0,,1.0,,Status,2,2,0,84,84,0,42.0,0.0,129.784454,129.784454,0.0,0,0,0,0.0,,,0.386263,0.386263,0.0,REQ,,,,,0.0,0.0,0.0,0
304155,2.589916,2.589916,2.589916,2.589916,2.589916,2.589916,udp,0.0,,cs0,,63.0,,1.0,,Status,2,2,0,84,84,0,42.0,0.0,129.733932,129.733932,0.0,0,0,0,0.0,,,0.386113,0.386113,0.0,REQ,,,,,0.0,0.0,0.0,0
304236,2.590111,2.590111,2.590111,2.590111,2.590111,2.590111,udp,0.0,,cs0,,63.0,,1.0,,Status,2,2,0,84,84,0,42.0,0.0,129.724167,129.724167,0.0,0,0,0,0.0,,,0.386084,0.386084,0.0,REQ,,,,,0.0,0.0,0.0,0
304321,0.0,0.0,0.0,0.0,0.0,0.0,udp,0.0,,cs0,,63.0,,1.0,,Status,1,1,0,42,42,0,42.0,0.0,0.0,0.0,0.0,0,0,0,0.0,,,0.0,0.0,0.0,REQ,,,,,0.0,0.0,0.0,0
304410,2.592825,2.592825,2.592825,2.592825,2.592825,2.592825,udp,0.0,,cs0,,63.0,,1.0,,Status,2,2,0,84,84,0,42.0,0.0,129.588379,129.588379,0.0,0,0,0,0.0,,,0.38568,0.38568,0.0,REQ,,,,,0.0,0.0,0.0,0
304424,2.595381,2.595381,2.595381,2.595381,2.595381,2.595381,udp,0.0,,cs0,,63.0,,1.0,,Status,2,2,0,84,84,0,42.0,0.0,129.460754,129.460754,0.0,0,0,0,0.0,,,0.3853,0.3853,0.0,REQ,,,,,0.0,0.0,0.0,0
304485,0.0,0.0,0.0,0.0,0.0,0.0,udp,0.0,,cs0,,63.0,,1.0,,Start,1,1,0,42,42,0,42.0,0.0,0.0,0.0,0.0,0,0,0,0.0,,,0.0,0.0,0.0,INT,,,,,0.0,0.0,0.0,0
304534,2.59564,2.59564,2.59564,2.59564,2.59564,2.59564,udp,0.0,,cs0,,63.0,,1.0,,Status,2,2,0,84,84,0,42.0,0.0,129.447845,129.447845,0.0,0,0,0,0.0,,,0.385261,0.385261,0.0,REQ,,,,,0.0,0.0,0.0,0
304594,0.0,0.0,0.0,0.0,0.0,0.0,udp,0.0,,cs0,,63.0,,1.0,,Status,1,1,0,42,42,0,42.0,0.0,0.0,0.0,0.0,0,0,0,0.0,,,0.0,0.0,0.0,REQ,,,,,0.0,0.0,0.0,0
304717,2.593053,2.593053,2.593053,2.593053,2.593053,2.593053,udp,0.0,,cs0,,63.0,,1.0,,Start,2,2,0,84,84,0,42.0,0.0,129.576981,129.576981,0.0,0,0,0,0.0,,,0.385646,0.385646,0.0,INT,,,,,0.0,0.0,0.0,0
304808,2.592154,2.592154,2.592154,2.592154,2.592154,2.592154,udp,0.0,,cs0,,63.0,,1.0,,Status,2,2,0,84,84,0,42.0,0.0,129.621933,129.621933,0.0,0,0,0,0.0,,,0.38578,0.38578,0.0,REQ,,,,,0.0,0.0,0.0,0
304848,2.582517,2.582517,2.582517,2.582517,2.582517,2.582517,udp,0.0,,cs0,,63.0,,1.0,,Status,2,2,0,84,84,0,42.0,0.0,130.105637,130.105637,0.0,0,0,0,0.0,,,0.387219,0.387219,0.0,REQ,,,,,0.0,0.0,0.0,0
304890,2.570279,2.570279,2.570279,2.570279,2.570279,2.570279,udp,0.0,,cs0,,63.0,,1.0,,Status,2,2,0,84,84,0,42.0,0.0,130.725113,130.725113,0.0,0,0,0,0.0,,,0.389063,0.389063,0.0,REQ,,,,,0.0,0.0,0.0,0
304918,2.573852,2.573852,2.573852,2.573852,2.573852,2.573852,udp,0.0,,cs0,,63.0,,1.0,,Status,2,2,0,84,84,0,42.0,0.0,130.54364,130.54364,0.0,0,0,0,0.0,,,0.388523,0.388523,0.0,REQ,,,,,0.0,0.0,0.0,0
304923,2.573844,2.573844,2.573844,2.573844,2.573844,2.573844,udp,0.0,,cs0,,63.0,,1.0,,Status,2,2,0,84,84,0,42.0,0.0,130.544052,130.544052,0.0,0,0,0,0.0,,,0.388524,0.388524,0.0,REQ,,,,,0.0,0.0,0.0,0
304950,2.575665,2.575665,2.575665,2.575665,2.575665,2.575665,udp,0.0,,cs0,,63.0,,1.0,,Status,2,2,0,84,84,0,42.0,0.0,130.451752,130.451752,0.0,0,0,0,0.0,,,0.388249,0.388249,0.0,REQ,,,,,0.0,0.0,0.0,0
304960,2.576226,2.576226,2.576226,2.576226,2.576226,2.576226,udp,0.0,,cs0,,63.0,,1.0,,Status,2,2,0,84,84,0,42.0,0.0,130.42334,130.42334,0.0,0,0,0,0.0,,,0.388165,0.388165,0.0,REQ,,,,,0.0,0.0,0.0,0
304972,0.0,0.0,0.0,0.0,0.0,0.0,udp,0.0,,cs0,,63.0,,1.0,,Status,1,1,0,42,42,0,42.0,0.0,0.0,0.0,0.0,0,0,0,0.0,,,0.0,0.0,0.0,REQ,,,,,0.0,0.0,0.0,0
304982,2.576969,2.576969,2.576969,2.576969,2.576969,2.576969,udp,0.0,,cs0,,63.0,,1.0,,Start,2,2,0,84,84,0,42.0,0.0,130.385742,130.385742,0.0,0,0,0,0.0,,,0.388053,0.388053,0.0,INT,,,,,0.0,0.0,0.0,0
304999,2.577065,2.577065,2.577065,2.577065,2.577065,2.577065,udp,0.0,,cs0,,63.0,,1.0,,Status,2,2,0,84,84,0,42.0,0.0,130.380875,130.380875,0.0,0,0,0,0.0,,,0.388038,0.388038,0.0,REQ,,,,,0.0,0.0,0.0,0
305090,0.0,0.0,0.0,0.0,0.0,0.0,udp,0.0,,cs0,,63.0,,1.0,,Status,1,1,0,42,42,0,42.0,0.0,0.0,0.0,0.0,0,0,0,0.0,,,0.0,0.0,0.0,REQ,,,,,0.0,0.0,0.0,0
305092,0.0,0.0,0.0,0.0,0.0,0.0,udp,0.0,,cs0,,63.0,,1.0,,Status,1,1,0,42,42,0,42.0,0.0,0.0,0.0,0.0,0,0,0,0.0,,,0.0,0.0,0.0,REQ,,,,,0.0,0.0,0.0,0
305212,2.577226,2.577226,2.577226,2.577226,2.577226,2.577226,udp,0.0,,cs0,,63.0,,1.0,,Start,2,2,0,84,84,0,42.0,0.0,130.372742,130.372742,0.0,0,0,0,0.0,,,0.388014,0.388014,0.0,INT,,,,,0.0,0.0,0.0,0
305226,2.577345,2.577345,2.577345,2.577345,2.577345,2.577345,udp,0.0,,cs0,,63.0,,1.0,,Start,2,2,0,84,84,0,42.0,0.0,130.366714,130.366714,0.0,0,0,0,0.0,,,0.387996,0.387996,0.0,INT,,,,,0.0,0.0,0.0,0
305245,0.0,0.0,0.0,0.0,0.0,0.0,udp,0.0,,cs0,,63.0,,1.0,,Status,1,1,0,42,42,0,42.0,0.0,0.0,0.0,0.0,0,0,0,0.0,,,0.0,0.0,0.0,REQ,,,,,0.0,0.0,0.0,0
305275,2.574337,2.574337,2.574337,2.574337,2.574337,2.574337,udp,0.0,,cs0,,63.0,,1.0,,Status,2,2,0,84,84,0,42.0,0.0,130.519043,130.519043,0.0,0,0,0,0.0,,,0.38845,0.38845,0.0,REQ,,,,,0.0,0.0,0.0,0
305316,2.57833,2.57833,2.57833,2.57833,2.57833,2.57833,udp,0.0,,cs0,,63.0,,1.0,,Status,2,2,0,84,84,0,42.0,0.0,130.31691,130.31691,0.0,0,0,0,0.0,,,0.387848,0.387848,0.0,REQ,,,,,0.0,0.0,0.0,0
305319,2.57732,2.57732,2.57732,2.57732,2.57732,2.57732,udp,0.0,,cs0,,63.0,,1.0,,Status,2,2,0,84,84,0,42.0,0.0,130.367981,130.367981,0.0,0,0,0,0.0,,,0.388,0.388,0.0,REQ,,,,,0.0,0.0,0.0,0
305484,0.0,0.0,0.0,0.0,0.0,0.0,udp,0.0,,cs0,,63.0,,1.0,,Status,1,1,0,42,42,0,42.0,0.0,0.0,0.0,0.0,0,0,0,0.0,,,0.0,0.0,0.0,REQ,,,,,0.0,0.0,0.0,0
305486,0.0,0.0,0.0,0.0,0.0,0.0,udp,0.0,,cs0,,63.0,,1.0,,Status,1,1,0,42,42,0,42.0,0.0,0.0,0.0,0.0,0,0,0,0.0,,,0.0,0.0,0.0,REQ,,,,,0.0,0.0,0.0,0
305545,0.0,0.0,0.0,0.0,0.0,0.0,udp,0.0,,cs0,,63.0,,1.0,,Status,1,1,0,42,42,0,42.0,0.0,0.0,0.0,0.0,0,0,0,0.0,,,0.0,0.0,0.0,REQ,,,,,0.0,0.0,0.0,0
305589,0.0,0.0,0.0,0.0,0.0,0.0,udp,0.0,,cs0,,63.0,,1.0,,Status,1,1,0,42,42,0,42.0,0.0,0.0,0.0,0.0,0,0,0,0.0,,,0.0,0.0,0.0,REQ,,,,,0.0,0.0,0.0,0
305628,2.581203,2.581203,2.581203,2.581203,2.581203,2.581203,udp,0.0,,cs0,,63.0,,1.0,,Status,2,2,0,84,84,0,42.0,0.0,130.17186,130.17186,0.0,0,0,0,0.0,,,0.387416,0.387416,0.0,REQ,,,,,0.0,0.0,0.0,0
305667,2.575276,2.575276,2.575276,2.575276,2.575276,2.575276,udp,0.0,,cs0,,63.0,,1.0,,Status,2,2,0,84,84,0,42.0,0.0,130.471451,130.471451,0.0,0,0,0,0.0,,,0.388308,0.388308,0.0,REQ,,,,,0.0,0.0,0.0,0
305674,0.0,0.0,0.0,0.0,0.0,0.0,udp,0.0,,cs0,,63.0,,1.0,,Start,1,1,0,42,42,0,42.0,0.0,0.0,0.0,0.0,0,0,0,0.0,,,0.0,0.0,0.0,INT,,,,,0.0,0.0,0.0,0
305794,2.580411,2.580411,2.580411,2.580411,2.580411,2.580411,udp,0.0,,cs0,,63.0,,1.0,,Status,2,2,0,84,84,0,42.0,0.0,130.211823,130.211823,0.0,0,0,0,0.0,,,0.387535,0.387535,0.0,REQ,,,,,0.0,0.0,0.0,0
305833,2.576848,2.576848,2.576848,2.576848,2.576848,2.576848,udp,0.0,,cs0,,63.0,,1.0,,Status,2,2,0,84,84,0,42.0,0.0,130.391861,130.391861,0.0,0,0,0,0.0,,,0.388071,0.388071,0.0,REQ,,,,,0.0,0.0,0.0,0
305889,0.0,0.0,0.0,0.0,0.0,0.0,udp,0.0,,cs0,,63.0,,1.0,,Start,1,1,0,42,42,0,42.0,0.0,0.0,0.0,0.0,0,0,0,0.0,,,0.0,0.0,0.0,INT,,,,,0.0,0.0,0.0,0
305890,0.0,0.0,0.0,0.0,0.0,0.0,udp,0.0,,cs0,,63.0,,1.0,,Start,1,1,0,42,42,0,42.0,0.0,0.0,0.0,0.0,0,0,0,0.0,,,0.0,0.0,0.0,INT,,,,,0.0,0.0,0.0,0
305897,0.0,0.0,0.0,0.0,0.0,0.0,udp,0.0,,cs0,,63.0,,1.0,,Status,1,1,0,42,42,0,42.0,0.0,0.0,0.0,0.0,0,0,0,0.0,,,0.0,0.0,0.0,REQ,,,,,0.0,0.0,0.0,0
305918,2.579135,2.579135,2.579135,2.579135,2.579135,2.579135,udp,0.0,,cs0,,63.0,,1.0,,Status,2,2,0,84,84,0,42.0,0.0,130.276245,130.276245,0.0,0,0,0,0.0,,,0.387727,0.387727,0.0,REQ,,,,,0.0,0.0,0.0,0
305958,2.57775,2.57775,2.57775,2.57775,2.57775,2.57775,udp,0.0,,cs0,,63.0,,1.0,,Status,2,2,0,84,84,0,42.0,0.0,130.346237,130.346237,0.0,0,0,0,0.0,,,0.387935,0.387935,0.0,REQ,,,,,0.0,0.0,0.0,0
306134,0.0,0.0,0.0,0.0,0.0,0.0,udp,0.0,,cs0,,63.0,,1.0,,Status,1,1,0,42,42,0,42.0,0.0,0.0,0.0,0.0,0,0,0,0.0,,,0.0,0.0,0.0,REQ,,,,,0.0,0.0,0.0,0
306209,0.0,0.0,0.0,0.0,0.0,0.0,udp,0.0,,cs0,,63.0,,1.0,,Status,1,1,0,42,42,0,42.0,0.0,0.0,0.0,0.0,0,0,0,0.0,,,0.0,0.0,0.0,REQ,,,,,0.0,0.0,0.0,0
306222,2.578628,2.578628,2.578628,2.578628,2.578628,2.578628,udp,0.0,,cs0,,63.0,,1.0,,Status,2,2,0,84,84,0,42.0,0.0,130.301849,130.301849,0.0,0,0,0,0.0,,,0.387803,0.387803,0.0,REQ,,,,,0.0,0.0,0.0,0
306312,0.0,0.0,0.0,0.0,0.0,0.0,udp,0.0,,cs0,,63.0,,1.0,,Status,1,1,0,42,42,0,42.0,0.0,0.0,0.0,0.0,0,0,0,0.0,,,0.0,0.0,0.0,REQ,,,,,0.0,0.0,0.0,0
306345,2.578694,2.578694,2.578694,2.578694,2.578694,2.578694,udp,0.0,,cs0,,63.0,,1.0,,Start,2,2,0,84,84,0,42.0,0.0,130.298508,130.298508,0.0,0,0,0,0.0,,,0.387793,0.387793,0.0,INT,,,,,0.0,0.0,0.0,0
306429,2.578278,2.578278,2.578278,2.578278,2.578278,2.578278,udp,0.0,,cs0,,63.0,,1.0,,Status,2,2,0,84,84,0,42.0,0.0,130.319534,130.319534,0.0,0,0,0,0.0,,,0.387856,0.387856,0.0,REQ,,,,,0.0,0.0,0.0,0
306452,0.0,0.0,0.0,0.0,0.0,0.0,udp,0.0,,cs0,,63.0,,1.0,,Status,1,1,0,42,42,0,42.0,0.0,0.0,0.0,0.0,0,0,0,0.0,,,0.0,0.0,0.0,REQ,,,,,0.0,0.0,0.0,0
306471,2.576959,2.576959,2.576959,2.576959,2.576959,2.576959,udp,0.0,,cs0,,63.0,,1.0,,Start,2,2,0,84,84,0,42.0,0.0,130.386246,130.386246,0.0,0,0,0,0.0,,,0.388054,0.388054,0.0,INT,,,,,0.0,0.0,0.0,0
306535,2.576138,2.576138,2.576138,2.576138,2.576138,2.576138,udp,0.0,,cs0,,63.0,,1.0,,Status,2,2,0,84,84,0,42.0,0.0,130.427795,130.427795,0.0,0,0,0,0.0,,,0.388178,0.388178,0.0,REQ,,,,,0.0,0.0,0.0,0
306538,2.574181,2.574181,2.574181,2.574181,2.574181,2.574181,udp,0.0,,cs0,,63.0,,1.0,,Status,2,2,0,84,84,0,42.0,0.0,130.526947,130.526947,0.0,0,0,0,0.0,,,0.388473,0.388473,0.0,REQ,,,,,0.0,0.0,0.0,0
306559,2.577977,2.577977,2.577977,2.577977,2.577977,2.577977,udp,0.0,,cs0,,63.0,,1.0,,Status,2,2,0,84,84,0,42.0,0.0,130.334763,130.334763,0.0,0,0,0,0.0,,,0.387901,0.387901,0.0,REQ,,,,,0.0,0.0,0.0,0
306618,0.0,0.0,0.0,0.0,0.0,0.0,udp,0.0,,cs0,,63.0,,1.0,,Status,1,1,0,42,42,0,42.0,0.0,0.0,0.0,0.0,0,0,0,0.0,,,0.0,0.0,0.0,REQ,,,,,0.0,0.0,0.0,0
306649,2.578106,2.578106,2.578106,2.578106,2.578106,2.578106,udp,0.0,,cs0,,63.0,,1.0,,Status,2,2,0,84,84,0,42.0,0.0,130.328232,130.328232,0.0,0,0,0,0.0,,,0.387882,0.387882,0.0,REQ,,,,,0.0,0.0,0.0,0
306706,0.0,0.0,0.0,0.0,0.0,0.0,udp,0.0,,cs0,,63.0,,1.0,,Start,1,1,0,42,42,0,42.0,0.0,0.0,0.0,0.0,0,0,0,0.0,,,0.0,0.0,0.0,INT,,,,,0.0,0.0,0.0,0
306816,2.579968,2.579968,2.579968,2.579968,2.579968,2.579968,udp,0.0,,cs0,,63.0,,1.0,,Status,2,2,0,84,84,0,42.0,0.0,130.234177,130.234177,0.0,0,0,0,0.0,,,0.387602,0.387602,0.0,REQ,,,,,0.0,0.0,0.0,0
306992,0.0,0.0,0.0,0.0,0.0,0.0,udp,0.0,,cs0,,63.0,,1.0,,Status,1,1,0,42,42,0,42.0,0.0,0.0,0.0,0.0,0,0,0,0.0,,,0.0,0.0,0.0,REQ,,,,,0.0,0.0,0.0,0
306996,0.0,0.0,0.0,0.0,0.0,0.0,udp,0.0,,cs0,,63.0,,1.0,,Status,1,1,0,42,42,0,42.0,0.0,0.0,0.0,0.0,0,0,0,0.0,,,0.0,0.0,0.0,REQ,,,,,0.0,0.0,0.0,0
307112,2.577255,2.577255,2.577255,2.577255,2.577255,2.577255,udp,0.0,,cs0,,63.0,,1.0,,Status,2,2,0,84,84,0,42.0,0.0,130.371262,130.371262,0.0,0,0,0,0.0,,,0.38801,0.38801,0.0,REQ,,,,,0.0,0.0,0.0,0
307235,0.0,0.0,0.0,0.0,0.0,0.0,udp,0.0,,cs0,,63.0,,1.0,,Start,1,1,0,42,42,0,42.0,0.0,0.0,0.0,0.0,0,0,0,0.0,,,0.0,0.0,0.0,INT,,,,,0.0,0.0,0.0,0
307276,2.573766,2.573766,2.573766,2.573766,2.573766,2.573766,udp,0.0,,cs0,,63.0,,1.0,,Status,2,2,0,84,84,0,42.0,0.0,130.548004,130.548004,0.0,0,0,0,0.0,,,0.388536,0.388536,0.0,REQ,,,,,0.0,0.0,0.0,0
307309,2.569918,2.569918,2.569918,2.569918,2.569918,2.569918,udp,0.0,,cs0,,63.0,,1.0,,Status,2,2,0,84,84,0,42.0,0.0,130.743469,130.743469,0.0,0,0,0,0.0,,,0.389117,0.389117,0.0,REQ,,,,,0.0,0.0,0.0,0
307317,2.572894,2.572894,2.572894,2.572894,2.572894,2.572894,udp,0.0,,cs0,,63.0,,1.0,,Status,2,2,0,84,84,0,42.0,0.0,130.592239,130.592239,0.0,0,0,0,0.0,,,0.388667,0.388667,0.0,REQ,,,,,0.0,0.0,0.0,0
307319,2.57378,2.57378,2.57378,2.57378,2.57378,2.57378,udp,0.0,,cs0,,63.0,,1.0,,Status,2,2,0,84,84,0,42.0,0.0,130.547287,130.547287,0.0,0,0,0,0.0,,,0.388534,0.388534,0.0,REQ,,,,,0.0,0.0,0.0,0
307362,2.58303,2.58303,2.58303,2.58303,2.58303,2.58303,udp,0.0,,cs0,,63.0,,1.0,,Status,2,2,0,84,84,0,42.0,0.0,130.079788,130.079788,0.0,0,0,0,0.0,,,0.387142,0.387142,0.0,REQ,,,,,0.0,0.0,0.0,0
307422,0.0,0.0,0.0,0.0,0.0,0.0,udp,0.0,,cs0,,63.0,,1.0,,Status,1,1,0,42,42,0,42.0,0.0,0.0,0.0,0.0,0,0,0,0.0,,,0.0,0.0,0.0,REQ,,,,,0.0,0.0,0.0,0
307440,0.0,0.0,0.0,0.0,0.0,0.0,udp,0.0,,cs0,,63.0,,1.0,,Status,1,1,0,42,42,0,42.0,0.0,0.0,0.0,0.0,0,0,0,0.0,,,0.0,0.0,0.0,REQ,,,,,0.0,0.0,0.0,0
307502,2.582481,2.582481,2.582481,2.582481,2.582481,2.582481,udp,0.0,,cs0,,63.0,,1.0,,Status,2,2,0,84,84,0,42.0,0.0,130.107452,130.107452,0.0,0,0,0,0.0,,,0.387225,0.387225,0.0,REQ,,,,,0.0,0.0,0.0,0
307514,2.584709,2.584709,2.584709,2.584709,2.584709,2.584709,udp,0.0,,cs0,,63.0,,1.0,,Start,2,2,0,84,84,0,42.0,0.0,129.9953,129.9953,0.0,0,0,0,0.0,,,0.386891,0.386891,0.0,INT,,,,,0.0,0.0,0.0,0
307563,0.0,0.0,0.0,0.0,0.0,0.0,udp,0.0,,cs0,,63.0,,1.0,,Status,1,1,0,42,42,0,42.0,0.0,0.0,0.0,0.0,0,0,0,0.0,,,0.0,0.0,0.0,REQ,,,,,0.0,0.0,0.0,0
307729,0.0,0.0,0.0,0.0,0.0,0.0,udp,0.0,,cs0,,63.0,,1.0,,Start,1,1,0,42,42,0,42.0,0.0,0.0,0.0,0.0,0,0,0,0.0,,,0.0,0.0,0.0,INT,,,,,0.0,0.0,0.0,0
307774,0.0,0.0,0.0,0.0,0.0,0.0,udp,0.0,,cs0,,63.0,,1.0,,Status,1,1,0,42,42,0,42.0,0.0,0.0,0.0,0.0,0,0,0,0.0,,,0.0,0.0,0.0,REQ,,,,,0.0,0.0,0.0,0
307949,0.0,0.0,0.0,0.0,0.0,0.0,udp,0.0,,cs0,,63.0,,1.0,,Start,1,1,0,42,42,0,42.0,0.0,0.0,0.0,0.0,0,0,0,0.0,,,0.0,0.0,0.0,INT,,,,,0.0,0.0,0.0,0
308002,2.578144,2.578144,2.578144,2.578144,2.578144,2.578144,udp,0.0,,cs0,,63.0,,1.0,,Status,2,2,0,84,84,0,42.0,0.0,130.326309,130.326309,0.0,0,0,0,0.0,,,0.387876,0.387876,0.0,REQ,,,,,0.0,0.0,0.0,0
308042,2.576968,2.576968,2.576968,2.576968,2.576968,2.576968,udp,0.0,,cs0,,63.0,,1.0,,Status,2,2,0,84,84,0,42.0,0.0,130.385788,130.385788,0.0,0,0,0,0.0,,,0.388053,0.388053,0.0,REQ,,,,,0.0,0.0,0.0,0
308056,2.57696,2.57696,2.57696,2.57696,2.57696,2.57696,udp,0.0,,cs0,,63.0,,1.0,,Status,2,2,0,84,84,0,42.0,0.0,130.386185,130.386185,0.0,0,0,0,0.0,,,0.388054,0.388054,0.0,REQ,,,,,0.0,0.0,0.0,0
308064,2.576954,2.576954,2.576954,2.576954,2.576954,2.576954,udp,0.0,,cs0,,63.0,,1.0,,Status,2,2,0,84,84,0,42.0,0.0,130.386505,130.386505,0.0,0,0,0,0.0,,,0.388055,0.388055,0.0,REQ,,,,,0.0,0.0,0.0,0
308114,2.582518,2.582518,2.582518,2.582518,2.582518,2.582518,udp,0.0,,cs0,,63.0,,1.0,,Status,2,2,0,84,84,0,42.0,0.0,130.105576,130.105576,0.0,0,0,0,0.0,,,0.387219,0.387219,0.0,REQ,,,,,0.0,0.0,0.0,0
308152,2.576155,2.576155,2.576155,2.576155,2.576155,2.576155,udp,0.0,,cs0,,63.0,,1.0,,Status,2,2,0,84,84,0,42.0,0.0,130.426941,130.426941,0.0,0,0,0,0.0,,,0.388175,0.388175,0.0,REQ,,,,,0.0,0.0,0.0,0
308202,0.0,0.0,0.0,0.0,0.0,0.0,udp,0.0,,cs0,,63.0,,1.0,,Status,1,1,0,42,42,0,42.0,0.0,0.0,0.0,0.0,0,0,0,0.0,,,0.0,0.0,0.0,REQ,,,,,0.0,0.0,0.0,0
308302,2.579165,2.579165,2.579165,2.579165,2.579165,2.579165,udp,0.0,,cs0,,63.0,,1.0,,Start,2,2,0,84,84,0,42.0,0.0,130.274719,130.274719,0.0,0,0,0,0.0,,,0.387722,0.387722,0.0,INT,,,,,0.0,0.0,0.0,0
308312,2.579119,2.579119,2.579119,2.579119,2.579119,2.579119,udp,0.0,,cs0,,63.0,,1.0,,Status,2,2,0,84,84,0,42.0,0.0,130.277039,130.277039,0.0,0,0,0,0.0,,,0.387729,0.387729,0.0,REQ,,,,,0.0,0.0,0.0,0
308323,2.5792,2.5792,2.5792,2.5792,2.5792,2.5792,udp,0.0,,cs0,,63.0,,1.0,,Status,2,2,0,84,84,0,42.0,0.0,130.272949,130.272949,0.0,0,0,0,0.0,,,0.387717,0.387717,0.0,REQ,,,,,0.0,0.0,0.0,0
308350,0.0,0.0,0.0,0.0,0.0,0.0,udp,0.0,,cs0,,63.0,,1.0,,Status,1,1,0,42,42,0,42.0,0.0,0.0,0.0,0.0,0,0,0,0.0,,,0.0,0.0,0.0,REQ,,,,,0.0,0.0,0.0,0
308360,0.0,0.0,0.0,0.0,0.0,0.0,udp,0.0,,cs0,,63.0,,1.0,,Status,1,1,0,42,42,0,42.0,0.0,0.0,0.0,0.0,0,0,0,0.0,,,0.0,0.0,0.0,REQ,,,,,0.0,0.0,0.0,0
308397,0.0,0.0,0.0,0.0,0.0,0.0,udp,0.0,,cs0,,63.0,,1.0,,Status,1,1,0,42,42,0,42.0,0.0,0.0,0.0,0.0,0,0,0,0.0,,,0.0,0.0,0.0,REQ,,,,,0.0,0.0,0.0,0
308409,0.0,0.0,0.0,0.0,0.0,0.0,udp,0.0,,cs0,,63.0,,1.0,,Start,1,1,0,42,42,0,42.0,0.0,0.0,0.0,0.0,0,0,0,0.0,,,0.0,0.0,0.0,INT,,,,,0.0,0.0,0.0,0
308468,0.0,0.0,0.0,0.0,0.0,0.0,udp,0.0,,cs0,,63.0,,1.0,,Status,1,1,0,42,42,0,42.0,0.0,0.0,0.0,0.0,0,0,0,0.0,,,0.0,0.0,0.0,REQ,,,,,0.0,0.0,0.0,0
308470,0.0,0.0,0.0,0.0,0.0,0.0,udp,0.0,,cs0,,63.0,,1.0,,Status,1,1,0,42,42,0,42.0,0.0,0.0,0.0,0.0,0,0,0,0.0,,,0.0,0.0,0.0,REQ,,,,,0.0,0.0,0.0,0
308479,0.0,0.0,0.0,0.0,0.0,0.0,udp,0.0,,cs0,,63.0,,1.0,,Status,1,1,0,42,42,0,42.0,0.0,0.0,0.0,0.0,0,0,0,0.0,,,0.0,0.0,0.0,REQ,,,,,0.0,0.0,0.0,0
308655,0.0,0.0,0.0,0.0,0.0,0.0,udp,0.0,,cs0,,63.0,,1.0,,Status,1,1,0,42,42,0,42.0,0.0,0.0,0.0,0.0,0,0,0,0.0,,,0.0,0.0,0.0,REQ,,,,,0.0,0.0,0.0,0
308705,2.581026,2.581026,2.581026,2.581026,2.581026,2.581026,udp,0.0,,cs0,,63.0,,1.0,,Status,2,2,0,84,84,0,42.0,0.0,130.180786,130.180786,0.0,0,0,0,0.0,,,0.387443,0.387443,0.0,REQ,,,,,0.0,0.0,0.0,0
308737,0.0,0.0,0.0,0.0,0.0,0.0,udp,0.0,,cs0,,63.0,,1.0,,Status,1,1,0,42,42,0,42.0,0.0,0.0,0.0,0.0,0,0,0,0.0,,,0.0,0.0,0.0,REQ,,,,,0.0,0.0,0.0,0
308747,2.576228,2.576228,2.576228,2.576228,2.576228,2.576228,udp,0.0,,cs0,,63.0,,1.0,,Status,2,2,0,84,84,0,42.0,0.0,130.423248,130.423248,0.0,0,0,0,0.0,,,0.388164,0.388164,0.0,REQ,,,,,0.0,0.0,0.0,0
308805,2.577966,2.577966,2.577966,2.577966,2.577966,2.577966,udp,0.0,,cs0,,63.0,,1.0,,Status,2,2,0,84,84,0,42.0,0.0,130.335312,130.335312,0.0,0,0,0,0.0,,,0.387903,0.387903,0.0,REQ,,,,,0.0,0.0,0.0,0
308836,2.580137,2.580137,2.580137,2.580137,2.580137,2.580137,udp,0.0,,cs0,,63.0,,1.0,,Start,2,2,0,84,84,0,42.0,0.0,130.225647,130.225647,0.0,0,0,0,0.0,,,0.387576,0.387576,0.0,INT,,,,,0.0,0.0,0.0,0
308849,2.574981,2.574981,2.574981,2.574981,2.574981,2.574981,udp,0.0,,cs0,,63.0,,1.0,,Start,2,2,0,84,84,0,42.0,0.0,130.486404,130.486404,0.0,0,0,0,0.0,,,0.388352,0.388352,0.0,INT,,,,,0.0,0.0,0.0,0
308891,2.580745,2.580745,2.580745,2.580745,2.580745,2.580745,udp,0.0,,cs0,,63.0,,1.0,,Status,2,2,0,84,84,0,42.0,0.0,130.194962,130.194962,0.0,0,0,0,0.0,,,0.387485,0.387485,0.0,REQ,,,,,0.0,0.0,0.0,0
308917,2.578404,2.578404,2.578404,2.578404,2.578404,2.578404,udp,0.0,,cs0,,63.0,,1.0,,Status,2,2,0,84,84,0,42.0,0.0,130.313171,130.313171,0.0,0,0,0,0.0,,,0.387837,0.387837,0.0,REQ,,,,,0.0,0.0,0.0,0
308981,0.0,0.0,0.0,0.0,0.0,0.0,udp,0.0,,cs0,,63.0,,1.0,,Status,1,1,0,42,42,0,42.0,0.0,0.0,0.0,0.0,0,0,0,0.0,,,0.0,0.0,0.0,REQ,,,,,0.0,0.0,0.0,0
308992,2.577722,2.577722,2.577722,2.577722,2.577722,2.577722,udp,0.0,,cs0,,63.0,,1.0,,Status,2,2,0,84,84,0,42.0,0.0,130.347641,130.347641,0.0,0,0,0,0.0,,,0.387939,0.387939,0.0,REQ,,,,,0.0,0.0,0.0,0
308995,2.578805,2.578805,2.578805,2.578805,2.578805,2.578805,udp,0.0,,cs0,,63.0,,1.0,,Status,2,2,0,84,84,0,42.0,0.0,130.292908,130.292908,0.0,0,0,0,0.0,,,0.387777,0.387777,0.0,REQ,,,,,0.0,0.0,0.0,0
309010,2.58041,2.58041,2.58041,2.58041,2.58041,2.58041,udp,0.0,,cs0,,63.0,,1.0,,Status,2,2,0,84,84,0,42.0,0.0,130.211868,130.211868,0.0,0,0,0,0.0,,,0.387535,0.387535,0.0,REQ,,,,,0.0,0.0,0.0,0
309049,0.0,0.0,0.0,0.0,0.0,0.0,udp,0.0,,cs0,,63.0,,1.0,,Status,1,1,0,42,42,0,42.0,0.0,0.0,0.0,0.0,0,0,0,0.0,,,0.0,0.0,0.0,REQ,,,,,0.0,0.0,0.0,0
309050,0.0,0.0,0.0,0.0,0.0,0.0,udp,0.0,,cs0,,63.0,,1.0,,Status,1,1,0,42,42,0,42.0,0.0,0.0,0.0,0.0,0,0,0,0.0,,,0.0,0.0,0.0,REQ,,,,,0.0,0.0,0.0,0
309055,0.0,0.0,0.0,0.0,0.0,0.0,udp,0.0,,cs0,,63.0,,1.0,,Start,1,1,0,42,42,0,42.0,0.0,0.0,0.0,0.0,0,0,0,0.0,,,0.0,0.0,0.0,INT,,,,,0.0,0.0,0.0,0
309137,0.0,0.0,0.0,0.0,0.0,0.0,udp,0.0,,cs0,,63.0,,1.0,,Start,1,1,0,42,42,0,42.0,0.0,0.0,0.0,0.0,0,0,0,0.0,,,0.0,0.0,0.0,INT,,,,,0.0,0.0,0.0,0
309165,0.0,0.0,0.0,0.0,0.0,0.0,udp,0.0,,cs0,,63.0,,1.0,,Status,1,1,0,42,42,0,42.0,0.0,0.0,0.0,0.0,0,0,0,0.0,,,0.0,0.0,0.0,REQ,,,,,0.0,0.0,0.0,0
309240,2.577099,2.577099,2.577099,2.577099,2.577099,2.577099,udp,0.0,,cs0,,63.0,,1.0,,Status,2,2,0,84,84,0,42.0,0.0,130.37915,130.37915,0.0,0,0,0,0.0,,,0.388033,0.388033,0.0,REQ,,,,,0.0,0.0,0.0,0
309263,2.581132,2.581132,2.581132,2.581132,2.581132,2.581132,udp,0.0,,cs0,,63.0,,1.0,,Status,2,2,0,84,84,0,42.0,0.0,130.175446,130.175446,0.0,0,0,0,0.0,,,0.387427,0.387427,0.0,REQ,,,,,0.0,0.0,0.0,0
309305,0.0,0.0,0.0,0.0,0.0,0.0,udp,0.0,,cs0,,63.0,,1.0,,Status,1,1,0,42,42,0,42.0,0.0,0.0,0.0,0.0,0,0,0,0.0,,,0.0,0.0,0.0,REQ,,,,,0.0,0.0,0.0,0
309326,2.576841,2.576841,2.576841,2.576841,2.576841,2.576841,udp,0.0,,cs0,,63.0,,1.0,,Status,2,2,0,84,84,0,42.0,0.0,130.392212,130.392212,0.0,0,0,0,0.0,,,0.388072,0.388072,0.0,REQ,,,,,0.0,0.0,0.0,0
309355,2.57652,2.57652,2.57652,2.57652,2.57652,2.57652,udp,0.0,,cs0,,63.0,,1.0,,Status,2,2,0,84,84,0,42.0,0.0,130.408463,130.408463,0.0,0,0,0,0.0,,,0.38812,0.38812,0.0,REQ,,,,,0.0,0.0,0.0,0
309458,0.0,0.0,0.0,0.0,0.0,0.0,udp,0.0,,cs0,,63.0,,1.0,,Status,1,1,0,42,42,0,42.0,0.0,0.0,0.0,0.0,0,0,0,0.0,,,0.0,0.0,0.0,REQ,,,,,0.0,0.0,0.0,0
309475,0.0,0.0,0.0,0.0,0.0,0.0,udp,0.0,,cs0,,63.0,,1.0,,Status,1,1,0,42,42,0,42.0,0.0,0.0,0.0,0.0,0,0,0,0.0,,,0.0,0.0,0.0,REQ,,,,,0.0,0.0,0.0,0
309505,2.575264,2.575264,2.575264,2.575264,2.575264,2.575264,udp,0.0,,cs0,,63.0,,1.0,,Status,2,2,0,84,84,0,42.0,0.0,130.472061,130.472061,0.0,0,0,0,0.0,,,0.38831,0.38831,0.0,REQ,,,,,0.0,0.0,0.0,0
309533,0.0,0.0,0.0,0.0,0.0,0.0,udp,0.0,,cs0,,63.0,,1.0,,Status,1,1,0,42,42,0,42.0,0.0,0.0,0.0,0.0,0,0,0,0.0,,,0.0,0.0,0.0,REQ,,,,,0.0,0.0,0.0,0
309556,0.0,0.0,0.0,0.0,0.0,0.0,udp,0.0,,cs0,,63.0,,1.0,,Status,1,1,0,42,42,0,42.0,0.0,0.0,0.0,0.0,0,0,0,0.0,,,0.0,0.0,0.0,REQ,,,,,0.0,0.0,0.0,0
309565,0.0,0.0,0.0,0.0,0.0,0.0,udp,0.0,,cs0,,63.0,,1.0,,Status,1,1,0,42,42,0,42.0,0.0,0.0,0.0,0.0,0,0,0,0.0,,,0.0,0.0,0.0,REQ,,,,,0.0,0.0,0.0,0
309623,2.578044,2.578044,2.578044,2.578044,2.578044,2.578044,udp,0.0,,cs0,,63.0,,1.0,,Status,2,2,0,84,84,0,42.0,0.0,130.331375,130.331375,0.0,0,0,0,0.0,,,0.387891,0.387891,0.0,REQ,,,,,0.0,0.0,0.0,0
309665,0.0,0.0,0.0,0.0,0.0,0.0,udp,0.0,,cs0,,63.0,,1.0,,Status,1,1,0,42,42,0,42.0,0.0,0.0,0.0,0.0,0,0,0,0.0,,,0.0,0.0,0.0,REQ,,,,,0.0,0.0,0.0,0
309696,0.0,0.0,0.0,0.0,0.0,0.0,udp,0.0,,cs0,,63.0,,1.0,,Start,1,1,0,42,42,0,42.0,0.0,0.0,0.0,0.0,0,0,0,0.0,,,0.0,0.0,0.0,INT,,,,,0.0,0.0,0.0,0
309715,0.0,0.0,0.0,0.0,0.0,0.0,udp,0.0,,cs0,,63.0,,1.0,,Start,1,1,0,42,42,0,42.0,0.0,0.0,0.0,0.0,0,0,0,0.0,,,0.0,0.0,0.0,INT,,,,,0.0,0.0,0.0,0
309770,2.578201,2.578201,2.578201,2.578201,2.578201,2.578201,udp,0.0,,cs0,,63.0,,1.0,,Start,2,2,0,84,84,0,42.0,0.0,130.323425,130.323425,0.0,0,0,0,0.0,,,0.387867,0.387867,0.0,INT,,,,,0.0,0.0,0.0,0
309790,0.0,0.0,0.0,0.0,0.0,0.0,udp,0.0,,cs0,,63.0,,1.0,,Start,1,1,0,42,42,0,42.0,0.0,0.0,0.0,0.0,0,0,0,0.0,,,0.0,0.0,0.0,INT,,,,,0.0,0.0,0.0,0
309868,2.580042,2.580042,2.580042,2.580042,2.580042,2.580042,udp,0.0,,cs0,,63.0,,1.0,,Status,2,2,0,84,84,0,42.0,0.0,130.230438,130.230438,0.0,0,0,0,0.0,,,0.387591,0.387591,0.0,REQ,,,,,0.0,0.0,0.0,0
309924,0.0,0.0,0.0,0.0,0.0,0.0,udp,0.0,,cs0,,63.0,,1.0,,Start,1,1,0,42,42,0,42.0,0.0,0.0,0.0,0.0,0,0,0,0.0,,,0.0,0.0,0.0,INT,,,,,0.0,0.0,0.0,0
309989,0.0,0.0,0.0,0.0,0.0,0.0,udp,0.0,,cs0,,63.0,,1.0,,Status,1,1,0,42,42,0,42.0,0.0,0.0,0.0,0.0,0,0,0,0.0,,,0.0,0.0,0.0,REQ,,,,,0.0,0.0,0.0,0
310014,0.0,0.0,0.0,0.0,0.0,0.0,udp,0.0,,cs0,,63.0,,1.0,,Status,1,1,0,42,42,0,42.0,0.0,0.0,0.0,0.0,0,0,0,0.0,,,0.0,0.0,0.0,REQ,,,,,0.0,0.0,0.0,0
310018,0.0,0.0,0.0,0.0,0.0,0.0,udp,0.0,,cs0,,63.0,,1.0,,Status,1,1,0,42,42,0,42.0,0.0,0.0,0.0,0.0,0,0,0,0.0,,,0.0,0.0,0.0,REQ,,,,,0.0,0.0,0.0,0
310034,0.0,0.0,0.0,0.0,0.0,0.0,udp,0.0,,cs0,,63.0,,1.0,,Status,1,1,0,42,42,0,42.0,0.0,0.0,0.0,0.0,0,0,0,0.0,,,0.0,0.0,0.0,REQ,,,,,0.0,0.0,0.0,0
310099,2.575043,2.575043,2.575043,2.575043,2.575043,2.575043,udp,0.0,,cs0,,63.0,,1.0,,Status,2,2,0,84,84,0,42.0,0.0,130.483261,130.483261,0.0,0,0,0,0.0,,,0.388343,0.388343,0.0,REQ,,,,,0.0,0.0,0.0,0
310108,0.0,0.0,0.0,0.0,0.0,0.0,udp,0.0,,cs0,,63.0,,1.0,,Status,1,1,0,42,42,0,42.0,0.0,0.0,0.0,0.0,0,0,0,0.0,,,0.0,0.0,0.0,REQ,,,,,0.0,0.0,0.0,0
310116,0.0,0.0,0.0,0.0,0.0,0.0,udp,0.0,,cs0,,63.0,,1.0,,Status,1,1,0,42,42,0,42.0,0.0,0.0,0.0,0.0,0,0,0,0.0,,,0.0,0.0,0.0,REQ,,,,,0.0,0.0,0.0,0
310201,0.0,0.0,0.0,0.0,0.0,0.0,udp,0.0,,cs0,,63.0,,1.0,,Status,1,1,0,42,42,0,42.0,0.0,0.0,0.0,0.0,0,0,0,0.0,,,0.0,0.0,0.0,REQ,,,,,0.0,0.0,0.0,0
310260,0.0,0.0,0.0,0.0,0.0,0.0,udp,0.0,,cs0,,63.0,,1.0,,Start,1,1,0,42,42,0,42.0,0.0,0.0,0.0,0.0,0,0,0,0.0,,,0.0,0.0,0.0,INT,,,,,0.0,0.0,0.0,0
310273,0.0,0.0,0.0,0.0,0.0,0.0,udp,0.0,,cs0,,63.0,,1.0,,Start,1,1,0,42,42,0,42.0,0.0,0.0,0.0,0.0,0,0,0,0.0,,,0.0,0.0,0.0,INT,,,,,0.0,0.0,0.0,0
310274,0.0,0.0,0.0,0.0,0.0,0.0,udp,0.0,,cs0,,63.0,,1.0,,Start,1,1,0,42,42,0,42.0,0.0,0.0,0.0,0.0,0,0,0,0.0,,,0.0,0.0,0.0,INT,,,,,0.0,0.0,0.0,0
310287,2.581021,2.581021,2.581021,2.581021,2.581021,2.581021,udp,0.0,,cs0,,63.0,,1.0,,Status,2,2,0,84,84,0,42.0,0.0,130.18103,130.18103,0.0,0,0,0,0.0,,,0.387444,0.387444,0.0,REQ,,,,,0.0,0.0,0.0,0
310372,0.0,0.0,0.0,0.0,0.0,0.0,udp,0.0,,cs0,,63.0,,1.0,,Status,1,1,0,42,42,0,42.0,0.0,0.0,0.0,0.0,0,0,0,0.0,,,0.0,0.0,0.0,REQ,,,,,0.0,0.0,0.0,0
310385,2.574159,2.574159,2.574159,2.574159,2.574159,2.574159,udp,0.0,,cs0,,63.0,,1.0,,Status,2,2,0,84,84,0,42.0,0.0,130.528076,130.528076,0.0,0,0,0,0.0,,,0.388476,0.388476,0.0,REQ,,,,,0.0,0.0,0.0,0
310422,0.0,0.0,0.0,0.0,0.0,0.0,udp,0.0,,cs0,,63.0,,1.0,,Status,1,1,0,42,42,0,42.0,0.0,0.0,0.0,0.0,0,0,0,0.0,,,0.0,0.0,0.0,REQ,,,,,0.0,0.0,0.0,0
310467,0.0,0.0,0.0,0.0,0.0,0.0,udp,0.0,,cs0,,63.0,,1.0,,Status,1,1,0,42,42,0,42.0,0.0,0.0,0.0,0.0,0,0,0,0.0,,,0.0,0.0,0.0,REQ,,,,,0.0,0.0,0.0,0
310479,2.579163,2.579163,2.579163,2.579163,2.579163,2.579163,udp,0.0,,cs0,,63.0,,1.0,,Status,2,2,0,84,84,0,42.0,0.0,130.274811,130.274811,0.0,0,0,0,0.0,,,0.387723,0.387723,0.0,REQ,,,,,0.0,0.0,0.0,0
310517,0.0,0.0,0.0,0.0,0.0,0.0,udp,0.0,,cs0,,63.0,,1.0,,Start,1,1,0,42,42,0,42.0,0.0,0.0,0.0,0.0,0,0,0,0.0,,,0.0,0.0,0.0,INT,,,,,0.0,0.0,0.0,0
310525,0.0,0.0,0.0,0.0,0.0,0.0,udp,0.0,,cs0,,63.0,,1.0,,Start,1,1,0,42,42,0,42.0,0.0,0.0,0.0,0.0,0,0,0,0.0,,,0.0,0.0,0.0,INT,,,,,0.0,0.0,0.0,0
310598,2.586159,2.586159,2.586159,2.586159,2.586159,2.586159,udp,0.0,,cs0,,63.0,,1.0,,Status,2,2,0,84,84,0,42.0,0.0,129.922409,129.922409,0.0,0,0,0,0.0,,,0.386674,0.386674,0.0,REQ,,,,,0.0,0.0,0.0,0
310739,0.0,0.0,0.0,0.0,0.0,0.0,udp,0.0,,cs0,,63.0,,1.0,,Start,1,1,0,42,42,0,42.0,0.0,0.0,0.0,0.0,0,0,0,0.0,,,0.0,0.0,0.0,INT,,,,,0.0,0.0,0.0,0
310761,0.0,0.0,0.0,0.0,0.0,0.0,udp,0.0,,cs0,,63.0,,1.0,,Status,1,1,0,42,42,0,42.0,0.0,0.0,0.0,0.0,0,0,0,0.0,,,0.0,0.0,0.0,REQ,,,,,0.0,0.0,0.0,0
310766,0.0,0.0,0.0,0.0,0.0,0.0,udp,0.0,,cs0,,63.0,,1.0,,Status,1,1,0,42,42,0,42.0,0.0,0.0,0.0,0.0,0,0,0,0.0,,,0.0,0.0,0.0,REQ,,,,,0.0,0.0,0.0,0
310814,0.0,0.0,0.0,0.0,0.0,0.0,udp,0.0,,cs0,,63.0,,1.0,,Status,1,1,0,42,42,0,42.0,0.0,0.0,0.0,0.0,0,0,0,0.0,,,0.0,0.0,0.0,REQ,,,,,0.0,0.0,0.0,0
310828,2.582169,2.582169,2.582169,2.582169,2.582169,2.582169,udp,0.0,,cs0,,63.0,,1.0,,Start,2,2,0,84,84,0,42.0,0.0,130.123154,130.123154,0.0,0,0,0,0.0,,,0.387271,0.387271,0.0,INT,,,,,0.0,0.0,0.0,0
310831,2.582283,2.582283,2.582283,2.582283,2.582283,2.582283,udp,0.0,,cs0,,63.0,,1.0,,Start,2,2,0,84,84,0,42.0,0.0,130.117416,130.117416,0.0,0,0,0,0.0,,,0.387254,0.387254,0.0,INT,,,,,0.0,0.0,0.0,0
310845,0.0,0.0,0.0,0.0,0.0,0.0,udp,0.0,,cs0,,63.0,,1.0,,Status,1,1,0,42,42,0,42.0,0.0,0.0,0.0,0.0,0,0,0,0.0,,,0.0,0.0,0.0,REQ,,,,,0.0,0.0,0.0,0
310860,2.579445,2.579445,2.579445,2.579445,2.579445,2.579445,udp,0.0,,cs0,,63.0,,1.0,,Start,2,2,0,84,84,0,42.0,0.0,130.26059,130.26059,0.0,0,0,0,0.0,,,0.38768,0.38768,0.0,INT,,,,,0.0,0.0,0.0,0
310910,2.579463,2.579463,2.579463,2.579463,2.579463,2.579463,udp,0.0,,cs0,,63.0,,1.0,,Status,2,2,0,84,84,0,42.0,0.0,130.259674,130.259674,0.0,0,0,0,0.0,,,0.387678,0.387678,0.0,REQ,,,,,0.0,0.0,0.0,0
310991,2.580891,2.580891,2.580891,2.580891,2.580891,2.580891,udp,0.0,,cs0,,63.0,,1.0,,Status,2,2,0,84,84,0,42.0,0.0,130.187607,130.187607,0.0,0,0,0,0.0,,,0.387463,0.387463,0.0,REQ,,,,,0.0,0.0,0.0,0
311106,0.0,0.0,0.0,0.0,0.0,0.0,udp,0.0,,cs0,,63.0,,1.0,,Status,1,1,0,42,42,0,42.0,0.0,0.0,0.0,0.0,0,0,0,0.0,,,0.0,0.0,0.0,REQ,,,,,0.0,0.0,0.0,0
311157,0.0,0.0,0.0,0.0,0.0,0.0,udp,0.0,,cs0,,63.0,,1.0,,Status,1,1,0,42,42,0,42.0,0.0,0.0,0.0,0.0,0,0,0,0.0,,,0.0,0.0,0.0,REQ,,,,,0.0,0.0,0.0,0
311232,0.0,0.0,0.0,0.0,0.0,0.0,udp,0.0,,cs0,,63.0,,1.0,,Status,1,1,0,42,42,0,42.0,0.0,0.0,0.0,0.0,0,0,0,0.0,,,0.0,0.0,0.0,REQ,,,,,0.0,0.0,0.0,0
311256,2.576936,2.576936,2.576936,2.576936,2.576936,2.576936,udp,0.0,,cs0,,63.0,,1.0,,Status,2,2,0,84,84,0,42.0,0.0,130.387405,130.387405,0.0,0,0,0,0.0,,,0.388058,0.388058,0.0,REQ,,,,,0.0,0.0,0.0,0
311388,2.578383,2.578383,2.578383,2.578383,2.578383,2.578383,udp,0.0,,cs0,,63.0,,1.0,,Status,2,2,0,84,84,0,42.0,0.0,130.31424,130.31424,0.0,0,0,0,0.0,,,0.38784,0.38784,0.0,REQ,,,,,0.0,0.0,0.0,0
311488,2.580765,2.580765,2.580765,2.580765,2.580765,2.580765,udp,0.0,,cs0,,63.0,,1.0,,Status,2,2,0,84,84,0,42.0,0.0,130.193954,130.193954,0.0,0,0,0,0.0,,,0.387482,0.387482,0.0,REQ,,,,,0.0,0.0,0.0,0
311524,0.0,0.0,0.0,0.0,0.0,0.0,udp,0.0,,cs0,,63.0,,1.0,,Start,1,1,0,42,42,0,42.0,0.0,0.0,0.0,0.0,0,0,0,0.0,,,0.0,0.0,0.0,INT,,,,,0.0,0.0,0.0,0
311587,2.578025,2.578025,2.578025,2.578025,2.578025,2.578025,udp,0.0,,cs0,,63.0,,1.0,,Start,2,2,0,84,84,0,42.0,0.0,130.332321,130.332321,0.0,0,0,0,0.0,,,0.387894,0.387894,0.0,INT,,,,,0.0,0.0,0.0,0
311637,0.0,0.0,0.0,0.0,0.0,0.0,udp,0.0,,cs0,,63.0,,1.0,,Status,1,1,0,42,42,0,42.0,0.0,0.0,0.0,0.0,0,0,0,0.0,,,0.0,0.0,0.0,REQ,,,,,0.0,0.0,0.0,0
311642,2.581084,2.581084,2.581084,2.581084,2.581084,2.581084,udp,0.0,,cs0,,63.0,,1.0,,Status,2,2,0,84,84,0,42.0,0.0,130.177856,130.177856,0.0,0,0,0,0.0,,,0.387434,0.387434,0.0,REQ,,,,,0.0,0.0,0.0,0
311655,0.0,0.0,0.0,0.0,0.0,0.0,udp,0.0,,cs0,,63.0,,1.0,,Status,1,1,0,42,42,0,42.0,0.0,0.0,0.0,0.0,0,0,0,0.0,,,0.0,0.0,0.0,REQ,,,,,0.0,0.0,0.0,0
311706,0.0,0.0,0.0,0.0,0.0,0.0,udp,0.0,,cs0,,63.0,,1.0,,Start,1,1,0,42,42,0,42.0,0.0,0.0,0.0,0.0,0,0,0,0.0,,,0.0,0.0,0.0,INT,,,,,0.0,0.0,0.0,0
311723,2.579904,2.579904,2.579904,2.579904,2.579904,2.579904,udp,0.0,,cs0,,63.0,,1.0,,Status,2,2,0,84,84,0,42.0,0.0,130.237396,130.237396,0.0,0,0,0,0.0,,,0.387611,0.387611,0.0,REQ,,,,,0.0,0.0,0.0,0
311762,2.582309,2.582309,2.582309,2.582309,2.582309,2.582309,udp,0.0,,cs0,,63.0,,1.0,,Status,2,2,0,84,84,0,42.0,0.0,130.116104,130.116104,0.0,0,0,0,0.0,,,0.38725,0.38725,0.0,REQ,,,,,0.0,0.0,0.0,0
311799,0.0,0.0,0.0,0.0,0.0,0.0,udp,0.0,,cs0,,63.0,,1.0,,Status,1,1,0,42,42,0,42.0,0.0,0.0,0.0,0.0,0,0,0,0.0,,,0.0,0.0,0.0,REQ,,,,,0.0,0.0,0.0,0
311846,0.0,0.0,0.0,0.0,0.0,0.0,udp,0.0,,cs0,,63.0,,1.0,,Status,1,1,0,42,42,0,42.0,0.0,0.0,0.0,0.0,0,0,0,0.0,,,0.0,0.0,0.0,REQ,,,,,0.0,0.0,0.0,0
311877,2.582767,2.582767,2.582767,2.582767,2.582767,2.582767,udp,0.0,,cs0,,63.0,,1.0,,Status,2,2,0,84,84,0,42.0,0.0,130.093033,130.093033,0.0,0,0,0,0.0,,,0.387182,0.387182,0.0,REQ,,,,,0.0,0.0,0.0,0
311913,2.580794,2.580794,2.580794,2.580794,2.580794,2.580794,udp,0.0,,cs0,,63.0,,1.0,,Status,2,2,0,84,84,0,42.0,0.0,130.19249,130.19249,0.0,0,0,0,0.0,,,0.387478,0.387478,0.0,REQ,,,,,0.0,0.0,0.0,0
311937,2.582919,2.582919,2.582919,2.582919,2.582919,2.582919,udp,0.0,,cs0,,63.0,,1.0,,Status,2,2,0,84,84,0,42.0,0.0,130.085388,130.085388,0.0,0,0,0,0.0,,,0.387159,0.387159,0.0,REQ,,,,,0.0,0.0,0.0,0
312022,0.0,0.0,0.0,0.0,0.0,0.0,udp,0.0,,cs0,,63.0,,1.0,,Start,1,1,0,42,42,0,42.0,0.0,0.0,0.0,0.0,0,0,0,0.0,,,0.0,0.0,0.0,INT,,,,,0.0,0.0,0.0,0
312045,0.0,0.0,0.0,0.0,0.0,0.0,udp,0.0,,cs0,,63.0,,1.0,,Start,1,1,0,42,42,0,42.0,0.0,0.0,0.0,0.0,0,0,0,0.0,,,0.0,0.0,0.0,INT,,,,,0.0,0.0,0.0,0
312060,2.576664,2.576664,2.576664,2.576664,2.576664,2.576664,udp,0.0,,cs0,,63.0,,1.0,,Status,2,2,0,84,84,0,42.0,0.0,130.401169,130.401169,0.0,0,0,0,0.0,,,0.388099,0.388099,0.0,REQ,,,,,0.0,0.0,0.0,0
312080,0.0,0.0,0.0,0.0,0.0,0.0,udp,0.0,,cs0,,63.0,,1.0,,Status,1,1,0,42,42,0,42.0,0.0,0.0,0.0,0.0,0,0,0,0.0,,,0.0,0.0,0.0,REQ,,,,,0.0,0.0,0.0,0
312190,0.0,0.0,0.0,0.0,0.0,0.0,udp,0.0,,cs0,,63.0,,1.0,,Status,1,1,0,42,42,0,42.0,0.0,0.0,0.0,0.0,0,0,0,0.0,,,0.0,0.0,0.0,REQ,,,,,0.0,0.0,0.0,0
312201,0.0,0.0,0.0,0.0,0.0,0.0,udp,0.0,,cs0,,63.0,,1.0,,Status,1,1,0,42,42,0,42.0,0.0,0.0,0.0,0.0,0,0,0,0.0,,,0.0,0.0,0.0,REQ,,,,,0.0,0.0,0.0,0
312227,0.0,0.0,0.0,0.0,0.0,0.0,udp,0.0,,cs0,,63.0,,1.0,,Status,1,1,0,42,42,0,42.0,0.0,0.0,0.0,0.0,0,0,0,0.0,,,0.0,0.0,0.0,REQ,,,,,0.0,0.0,0.0,0
312285,2.577854,2.577854,2.577854,2.577854,2.577854,2.577854,udp,0.0,,cs0,,63.0,,1.0,,Status,2,2,0,84,84,0,42.0,0.0,130.340973,130.340973,0.0,0,0,0,0.0,,,0.38792,0.38792,0.0,REQ,,,,,0.0,0.0,0.0,0
312299,2.579569,2.579569,2.579569,2.579569,2.579569,2.579569,udp,0.0,,cs0,,63.0,,1.0,,Status,2,2,0,84,84,0,42.0,0.0,130.254318,130.254318,0.0,0,0,0,0.0,,,0.387662,0.387662,0.0,REQ,,,,,0.0,0.0,0.0,0
312356,0.0,0.0,0.0,0.0,0.0,0.0,udp,0.0,,cs0,,63.0,,1.0,,Status,1,1,0,42,42,0,42.0,0.0,0.0,0.0,0.0,0,0,0,0.0,,,0.0,0.0,0.0,REQ,,,,,0.0,0.0,0.0,0
312445,2.577451,2.577451,2.577451,2.577451,2.577451,2.577451,udp,0.0,,cs0,,63.0,,1.0,,Start,2,2,0,84,84,0,42.0,0.0,130.361359,130.361359,0.0,0,0,0,0.0,,,0.38798,0.38798,0.0,INT,,,,,0.0,0.0,0.0,0
312514,0.0,0.0,0.0,0.0,0.0,0.0,udp,0.0,,cs0,,63.0,,1.0,,Status,1,1,0,42,42,0,42.0,0.0,0.0,0.0,0.0,0,0,0,0.0,,,0.0,0.0,0.0,REQ,,,,,0.0,0.0,0.0,0
312577,0.0,0.0,0.0,0.0,0.0,0.0,udp,0.0,,cs0,,63.0,,1.0,,Status,1,1,0,42,42,0,42.0,0.0,0.0,0.0,0.0,0,0,0,0.0,,,0.0,0.0,0.0,REQ,,,,,0.0,0.0,0.0,0
312632,2.587103,2.587103,2.587103,2.587103,2.587103,2.587103,udp,0.0,,cs0,,63.0,,1.0,,Status,2,2,0,84,84,0,42.0,0.0,129.875,129.875,0.0,0,0,0,0.0,,,0.386533,0.386533,0.0,REQ,,,,,0.0,0.0,0.0,0
312682,2.582671,2.582671,2.582671,2.582671,2.582671,2.582671,udp,0.0,,cs0,,63.0,,1.0,,Status,2,2,0,84,84,0,42.0,0.0,130.09787,130.09787,0.0,0,0,0,0.0,,,0.387196,0.387196,0.0,REQ,,,,,0.0,0.0,0.0,0
312707,2.576983,2.576983,2.576983,2.576983,2.576983,2.576983,udp,0.0,,cs0,,63.0,,1.0,,Status,2,2,0,84,84,0,42.0,0.0,130.385025,130.385025,0.0,0,0,0,0.0,,,0.388051,0.388051,0.0,REQ,,,,,0.0,0.0,0.0,0
312716,2.57697,2.57697,2.57697,2.57697,2.57697,2.57697,udp,0.0,,cs0,,63.0,,1.0,,Status,2,2,0,84,84,0,42.0,0.0,130.385681,130.385681,0.0,0,0,0,0.0,,,0.388053,0.388053,0.0,REQ,,,,,0.0,0.0,0.0,0
312733,2.580624,2.580624,2.580624,2.580624,2.580624,2.580624,udp,0.0,,cs0,,63.0,,1.0,,Status,2,2,0,84,84,0,42.0,0.0,130.201065,130.201065,0.0,0,0,0,0.0,,,0.387503,0.387503,0.0,REQ,,,,,0.0,0.0,0.0,0
312739,0.0,0.0,0.0,0.0,0.0,0.0,udp,0.0,,cs0,,63.0,,1.0,,Status,1,1,0,42,42,0,42.0,0.0,0.0,0.0,0.0,0,0,0,0.0,,,0.0,0.0,0.0,REQ,,,,,0.0,0.0,0.0,0
312852,0.0,0.0,0.0,0.0,0.0,0.0,udp,0.0,,cs0,,63.0,,1.0,,Status,1,1,0,42,42,0,42.0,0.0,0.0,0.0,0.0,0,0,0,0.0,,,0.0,0.0,0.0,REQ,,,,,0.0,0.0,0.0,0
312858,2.582818,2.582818,2.582818,2.582818,2.582818,2.582818,udp,0.0,,cs0,,63.0,,1.0,,Start,2,2,0,84,84,0,42.0,0.0,130.090469,130.090469,0.0,0,0,0,0.0,,,0.387174,0.387174,0.0,INT,,,,,0.0,0.0,0.0,0
312877,2.581364,2.581364,2.581364,2.581364,2.581364,2.581364,udp,0.0,,cs0,,63.0,,1.0,,Start,2,2,0,84,84,0,42.0,0.0,130.163742,130.163742,0.0,0,0,0,0.0,,,0.387392,0.387392,0.0,INT,,,,,0.0,0.0,0.0,0
312945,2.581363,2.581363,2.581363,2.581363,2.581363,2.581363,udp,0.0,,cs0,,63.0,,1.0,,Status,2,2,0,84,84,0,42.0,0.0,130.163788,130.163788,0.0,0,0,0,0.0,,,0.387392,0.387392,0.0,REQ,,,,,0.0,0.0,0.0,0
312977,0.0,0.0,0.0,0.0,0.0,0.0,udp,0.0,,cs0,,63.0,,1.0,,Status,1,1,0,42,42,0,42.0,0.0,0.0,0.0,0.0,0,0,0,0.0,,,0.0,0.0,0.0,REQ,,,,,0.0,0.0,0.0,0
312980,0.0,0.0,0.0,0.0,0.0,0.0,udp,0.0,,cs0,,63.0,,1.0,,Status,1,1,0,42,42,0,42.0,0.0,0.0,0.0,0.0,0,0,0,0.0,,,0.0,0.0,0.0,REQ,,,,,0.0,0.0,0.0,0
313022,2.578824,2.578824,2.578824,2.578824,2.578824,2.578824,udp,0.0,,cs0,,63.0,,1.0,,Start,2,2,0,84,84,0,42.0,0.0,130.291946,130.291946,0.0,0,0,0,0.0,,,0.387774,0.387774,0.0,INT,,,,,0.0,0.0,0.0,0
313051,2.583022,2.583022,2.583022,2.583022,2.583022,2.583022,udp,0.0,,cs0,,63.0,,1.0,,Start,2,2,0,84,84,0,42.0,0.0,130.080185,130.080185,0.0,0,0,0,0.0,,,0.387143,0.387143,0.0,INT,,,,,0.0,0.0,0.0,0
313089,2.580206,2.580206,2.580206,2.580206,2.580206,2.580206,udp,0.0,,cs0,,63.0,,1.0,,Status,2,2,0,84,84,0,42.0,0.0,130.222168,130.222168,0.0,0,0,0,0.0,,,0.387566,0.387566,0.0,REQ,,,,,0.0,0.0,0.0,0
313115,2.580875,2.580875,2.580875,2.580875,2.580875,2.580875,udp,0.0,,cs0,,63.0,,1.0,,Status,2,2,0,84,84,0,42.0,0.0,130.188416,130.188416,0.0,0,0,0,0.0,,,0.387466,0.387466,0.0,REQ,,,,,0.0,0.0,0.0,0
313250,2.580617,2.580617,2.580617,2.580617,2.580617,2.580617,udp,0.0,,cs0,,63.0,,1.0,,Status,2,2,0,84,84,0,42.0,0.0,130.201416,130.201416,0.0,0,0,0,0.0,,,0.387504,0.387504,0.0,REQ,,,,,0.0,0.0,0.0,0
313320,2.583124,2.583124,2.583124,2.583124,2.583124,2.583124,udp,0.0,,cs0,,63.0,,1.0,,Start,2,2,0,84,84,0,42.0,0.0,130.075058,130.075058,0.0,0,0,0,0.0,,,0.387128,0.387128,0.0,INT,,,,,0.0,0.0,0.0,0
313393,0.0,0.0,0.0,0.0,0.0,0.0,udp,0.0,,cs0,,63.0,,1.0,,Status,1,1,0,42,42,0,42.0,0.0,0.0,0.0,0.0,0,0,0,0.0,,,0.0,0.0,0.0,REQ,,,,,0.0,0.0,0.0,0
313394,0.0,0.0,0.0,0.0,0.0,0.0,udp,0.0,,cs0,,63.0,,1.0,,Status,1,1,0,42,42,0,42.0,0.0,0.0,0.0,0.0,0,0,0,0.0,,,0.0,0.0,0.0,REQ,,,,,0.0,0.0,0.0,0
313474,2.578044,2.578044,2.578044,2.578044,2.578044,2.578044,udp,0.0,,cs0,,63.0,,1.0,,Start,2,2,0,84,84,0,42.0,0.0,130.331375,130.331375,0.0,0,0,0,0.0,,,0.387891,0.387891,0.0,INT,,,,,0.0,0.0,0.0,0
313610,0.0,0.0,0.0,0.0,0.0,0.0,udp,0.0,,cs0,,63.0,,1.0,,Start,1,1,0,42,42,0,42.0,0.0,0.0,0.0,0.0,0,0,0,0.0,,,0.0,0.0,0.0,INT,,,,,0.0,0.0,0.0,0
313683,0.0,0.0,0.0,0.0,0.0,0.0,udp,0.0,,cs0,,63.0,,1.0,,Status,1,1,0,42,42,0,42.0,0.0,0.0,0.0,0.0,0,0,0,0.0,,,0.0,0.0,0.0,REQ,,,,,0.0,0.0,0.0,0
313688,2.580947,2.580947,2.580947,2.580947,2.580947,2.580947,udp,0.0,,cs0,,63.0,,1.0,,Status,2,2,0,84,84,0,42.0,0.0,130.184784,130.184784,0.0,0,0,0,0.0,,,0.387455,0.387455,0.0,REQ,,,,,0.0,0.0,0.0,0
313701,2.580934,2.580934,2.580934,2.580934,2.580934,2.580934,udp,0.0,,cs0,,63.0,,1.0,,Start,2,2,0,84,84,0,42.0,0.0,130.185425,130.185425,0.0,0,0,0,0.0,,,0.387457,0.387457,0.0,INT,,,,,0.0,0.0,0.0,0
313713,0.0,0.0,0.0,0.0,0.0,0.0,udp,0.0,,cs0,,63.0,,1.0,,Start,1,1,0,42,42,0,42.0,0.0,0.0,0.0,0.0,0,0,0,0.0,,,0.0,0.0,0.0,INT,,,,,0.0,0.0,0.0,0
313723,2.579377,2.579377,2.579377,2.579377,2.579377,2.579377,udp,0.0,,cs0,,63.0,,1.0,,Start,2,2,0,84,84,0,42.0,0.0,130.264023,130.264023,0.0,0,0,0,0.0,,,0.387691,0.387691,0.0,INT,,,,,0.0,0.0,0.0,0
313758,0.0,0.0,0.0,0.0,0.0,0.0,udp,0.0,,cs0,,63.0,,1.0,,Status,1,1,0,42,42,0,42.0,0.0,0.0,0.0,0.0,0,0,0,0.0,,,0.0,0.0,0.0,REQ,,,,,0.0,0.0,0.0,0
313773,2.57989,2.57989,2.57989,2.57989,2.57989,2.57989,udp,0.0,,cs0,,63.0,,1.0,,Status,2,2,0,84,84,0,42.0,0.0,130.238113,130.238113,0.0,0,0,0,0.0,,,0.387613,0.387613,0.0,REQ,,,,,0.0,0.0,0.0,0
313781,2.580103,2.580103,2.580103,2.580103,2.580103,2.580103,udp,0.0,,cs0,,63.0,,1.0,,Start,2,2,0,84,84,0,42.0,0.0,130.227356,130.227356,0.0,0,0,0,0.0,,,0.387581,0.387581,0.0,INT,,,,,0.0,0.0,0.0,0
313797,0.0,0.0,0.0,0.0,0.0,0.0,udp,0.0,,cs0,,63.0,,1.0,,Start,1,1,0,42,42,0,42.0,0.0,0.0,0.0,0.0,0,0,0,0.0,,,0.0,0.0,0.0,INT,,,,,0.0,0.0,0.0,0
313835,0.0,0.0,0.0,0.0,0.0,0.0,udp,0.0,,cs0,,63.0,,1.0,,Start,1,1,0,42,42,0,42.0,0.0,0.0,0.0,0.0,0,0,0,0.0,,,0.0,0.0,0.0,INT,,,,,0.0,0.0,0.0,0
313871,0.0,0.0,0.0,0.0,0.0,0.0,udp,0.0,,cs0,,63.0,,1.0,,Start,1,1,0,42,42,0,42.0,0.0,0.0,0.0,0.0,0,0,0,0.0,,,0.0,0.0,0.0,INT,,,,,0.0,0.0,0.0,0
313876,0.0,0.0,0.0,0.0,0.0,0.0,udp,0.0,,cs0,,63.0,,1.0,,Start,1,1,0,42,42,0,42.0,0.0,0.0,0.0,0.0,0,0,0,0.0,,,0.0,0.0,0.0,INT,,,,,0.0,0.0,0.0,0
313894,2.577164,2.577164,2.577164,2.577164,2.577164,2.577164,udp,0.0,,cs0,,63.0,,1.0,,Status,2,2,0,84,84,0,42.0,0.0,130.37587,130.37587,0.0,0,0,0,0.0,,,0.388023,0.388023,0.0,REQ,,,,,0.0,0.0,0.0,0
313975,0.0,0.0,0.0,0.0,0.0,0.0,udp,0.0,,cs0,,63.0,,1.0,,Start,1,1,0,42,42,0,42.0,0.0,0.0,0.0,0.0,0,0,0,0.0,,,0.0,0.0,0.0,INT,,,,,0.0,0.0,0.0,0
314010,2.582847,2.582847,2.582847,2.582847,2.582847,2.582847,udp,0.0,,cs0,,63.0,,1.0,,Status,2,2,0,84,84,0,42.0,0.0,130.089005,130.089005,0.0,0,0,0,0.0,,,0.38717,0.38717,0.0,REQ,,,,,0.0,0.0,0.0,0
314094,0.0,0.0,0.0,0.0,0.0,0.0,udp,0.0,,cs0,,63.0,,1.0,,Status,1,1,0,42,42,0,42.0,0.0,0.0,0.0,0.0,0,0,0,0.0,,,0.0,0.0,0.0,REQ,,,,,0.0,0.0,0.0,0
314135,2.587214,2.587214,2.587214,2.587214,2.587214,2.587214,udp,0.0,,cs0,,63.0,,1.0,,Start,2,2,0,84,84,0,42.0,0.0,129.869431,129.869431,0.0,0,0,0,0.0,,,0.386516,0.386516,0.0,INT,,,,,0.0,0.0,0.0,0
314224,0.0,0.0,0.0,0.0,0.0,0.0,udp,0.0,,cs0,,63.0,,1.0,,Status,1,1,0,42,42,0,42.0,0.0,0.0,0.0,0.0,0,0,0,0.0,,,0.0,0.0,0.0,REQ,,,,,0.0,0.0,0.0,0
314240,2.575894,2.575894,2.575894,2.575894,2.575894,2.575894,udp,0.0,,cs0,,63.0,,1.0,,Status,2,2,0,84,84,0,42.0,0.0,130.44014,130.44014,0.0,0,0,0,0.0,,,0.388215,0.388215,0.0,REQ,,,,,0.0,0.0,0.0,0
314266,0.0,0.0,0.0,0.0,0.0,0.0,udp,0.0,,cs0,,63.0,,1.0,,Status,1,1,0,42,42,0,42.0,0.0,0.0,0.0,0.0,0,0,0,0.0,,,0.0,0.0,0.0,REQ,,,,,0.0,0.0,0.0,0
314283,0.0,0.0,0.0,0.0,0.0,0.0,udp,0.0,,cs0,,63.0,,1.0,,Status,1,1,0,42,42,0,42.0,0.0,0.0,0.0,0.0,0,0,0,0.0,,,0.0,0.0,0.0,REQ,,,,,0.0,0.0,0.0,0
314340,2.581132,2.581132,2.581132,2.581132,2.581132,2.581132,udp,0.0,,cs0,,63.0,,1.0,,Start,2,2,0,84,84,0,42.0,0.0,130.175446,130.175446,0.0,0,0,0,0.0,,,0.387427,0.387427,0.0,INT,,,,,0.0,0.0,0.0,0
314368,0.0,0.0,0.0,0.0,0.0,0.0,udp,0.0,,cs0,,63.0,,1.0,,Start,1,1,0,42,42,0,42.0,0.0,0.0,0.0,0.0,0,0,0,0.0,,,0.0,0.0,0.0,INT,,,,,0.0,0.0,0.0,0
314442,0.0,0.0,0.0,0.0,0.0,0.0,udp,0.0,,cs0,,63.0,,1.0,,Status,1,1,0,42,42,0,42.0,0.0,0.0,0.0,0.0,0,0,0,0.0,,,0.0,0.0,0.0,REQ,,,,,0.0,0.0,0.0,0
314493,0.0,0.0,0.0,0.0,0.0,0.0,udp,0.0,,cs0,,63.0,,1.0,,Status,1,1,0,42,42,0,42.0,0.0,0.0,0.0,0.0,0,0,0,0.0,,,0.0,0.0,0.0,REQ,,,,,0.0,0.0,0.0,0
314514,2.580746,2.580746,2.580746,2.580746,2.580746,2.580746,udp,0.0,,cs0,,63.0,,1.0,,Start,2,2,0,84,84,0,42.0,0.0,130.194916,130.194916,0.0,0,0,0,0.0,,,0.387485,0.387485,0.0,INT,,,,,0.0,0.0,0.0,0
314535,2.583203,2.583203,2.583203,2.583203,2.583203,2.583203,udp,0.0,,cs0,,63.0,,1.0,,Status,2,2,0,84,84,0,42.0,0.0,130.071075,130.071075,0.0,0,0,0,0.0,,,0.387116,0.387116,0.0,REQ,,,,,0.0,0.0,0.0,0
314582,0.0,0.0,0.0,0.0,0.0,0.0,udp,0.0,,cs0,,63.0,,1.0,,Status,1,1,0,42,42,0,42.0,0.0,0.0,0.0,0.0,0,0,0,0.0,,,0.0,0.0,0.0,REQ,,,,,0.0,0.0,0.0,0
314616,2.581764,2.581764,2.581764,2.581764,2.581764,2.581764,udp,0.0,,cs0,,63.0,,1.0,,Status,2,2,0,84,84,0,42.0,0.0,130.14357,130.14357,0.0,0,0,0,0.0,,,0.387332,0.387332,0.0,REQ,,,,,0.0,0.0,0.0,0
314708,2.578559,2.578559,2.578559,2.578559,2.578559,2.578559,udp,0.0,,cs0,,63.0,,1.0,,Status,2,2,0,84,84,0,42.0,0.0,130.305344,130.305344,0.0,0,0,0,0.0,,,0.387814,0.387814,0.0,REQ,,,,,0.0,0.0,0.0,0
314766,0.0,0.0,0.0,0.0,0.0,0.0,udp,0.0,,cs0,,63.0,,1.0,,Status,1,1,0,42,42,0,42.0,0.0,0.0,0.0,0.0,0,0,0,0.0,,,0.0,0.0,0.0,REQ,,,,,0.0,0.0,0.0,0
314790,2.576392,2.576392,2.576392,2.576392,2.576392,2.576392,udp,0.0,,cs0,,63.0,,1.0,,Status,2,2,0,84,84,0,42.0,0.0,130.414948,130.414948,0.0,0,0,0,0.0,,,0.38814,0.38814,0.0,REQ,,,,,0.0,0.0,0.0,0
314791,2.576392,2.576392,2.576392,2.576392,2.576392,2.576392,udp,0.0,,cs0,,63.0,,1.0,,Status,2,2,0,84,84,0,42.0,0.0,130.414948,130.414948,0.0,0,0,0,0.0,,,0.38814,0.38814,0.0,REQ,,,,,0.0,0.0,0.0,0
314866,0.0,0.0,0.0,0.0,0.0,0.0,udp,0.0,,cs0,,63.0,,1.0,,Start,1,1,0,42,42,0,42.0,0.0,0.0,0.0,0.0,0,0,0,0.0,,,0.0,0.0,0.0,INT,,,,,0.0,0.0,0.0,0
314920,2.582392,2.582392,2.582392,2.582392,2.582392,2.582392,udp,0.0,,cs0,,63.0,,1.0,,Status,2,2,0,84,84,0,42.0,0.0,130.111923,130.111923,0.0,0,0,0,0.0,,,0.387238,0.387238,0.0,REQ,,,,,0.0,0.0,0.0,0
314995,2.578497,2.578497,2.578497,2.578497,2.578497,2.578497,udp,0.0,,cs0,,63.0,,1.0,,Status,2,2,0,84,84,0,42.0,0.0,130.308472,130.308472,0.0,0,0,0,0.0,,,0.387823,0.387823,0.0,REQ,,,,,0.0,0.0,0.0,0
315027,2.583987,2.583987,2.583987,2.583987,2.583987,2.583987,udp,0.0,,cs0,,63.0,,1.0,,Status,2,2,0,84,84,0,42.0,0.0,130.031616,130.031616,0.0,0,0,0,0.0,,,0.386999,0.386999,0.0,REQ,,,,,0.0,0.0,0.0,0
315035,2.584099,2.584099,2.584099,2.584099,2.584099,2.584099,udp,0.0,,cs0,,63.0,,1.0,,Status,2,2,0,84,84,0,42.0,0.0,130.02597,130.02597,0.0,0,0,0,0.0,,,0.386982,0.386982,0.0,REQ,,,,,0.0,0.0,0.0,0
315048,0.0,0.0,0.0,0.0,0.0,0.0,udp,0.0,,cs0,,63.0,,1.0,,Status,1,1,0,42,42,0,42.0,0.0,0.0,0.0,0.0,0,0,0,0.0,,,0.0,0.0,0.0,REQ,,,,,0.0,0.0,0.0,0
315077,0.0,0.0,0.0,0.0,0.0,0.0,udp,0.0,,cs0,,63.0,,1.0,,Status,1,1,0,42,42,0,42.0,0.0,0.0,0.0,0.0,0,0,0,0.0,,,0.0,0.0,0.0,REQ,,,,,0.0,0.0,0.0,0
315085,0.0,0.0,0.0,0.0,0.0,0.0,udp,0.0,,cs0,,63.0,,1.0,,Status,1,1,0,42,42,0,42.0,0.0,0.0,0.0,0.0,0,0,0,0.0,,,0.0,0.0,0.0,REQ,,,,,0.0,0.0,0.0,0
315098,0.0,0.0,0.0,0.0,0.0,0.0,udp,0.0,,cs0,,63.0,,1.0,,Status,1,1,0,42,42,0,42.0,0.0,0.0,0.0,0.0,0,0,0,0.0,,,0.0,0.0,0.0,REQ,,,,,0.0,0.0,0.0,0
315216,2.579479,2.579479,2.579479,2.579479,2.579479,2.579479,udp,0.0,,cs0,,63.0,,1.0,,Status,2,2,0,84,84,0,42.0,0.0,130.258865,130.258865,0.0,0,0,0,0.0,,,0.387675,0.387675,0.0,REQ,,,,,0.0,0.0,0.0,0
315217,2.579479,2.579479,2.579479,2.579479,2.579479,2.579479,udp,0.0,,cs0,,63.0,,1.0,,Status,2,2,0,84,84,0,42.0,0.0,130.258865,130.258865,0.0,0,0,0,0.0,,,0.387675,0.387675,0.0,REQ,,,,,0.0,0.0,0.0,0
315379,0.0,0.0,0.0,0.0,0.0,0.0,udp,0.0,,cs0,,63.0,,1.0,,Status,1,1,0,42,42,0,42.0,0.0,0.0,0.0,0.0,0,0,0,0.0,,,0.0,0.0,0.0,REQ,,,,,0.0,0.0,0.0,0
315400,2.581034,2.581034,2.581034,2.581034,2.581034,2.581034,udp,0.0,,cs0,,63.0,,1.0,,Status,2,2,0,84,84,0,42.0,0.0,130.180389,130.180389,0.0,0,0,0,0.0,,,0.387442,0.387442,0.0,REQ,,,,,0.0,0.0,0.0,0
315490,2.584205,2.584205,2.584205,2.584205,2.584205,2.584205,udp,0.0,,cs0,,63.0,,1.0,,Status,2,2,0,84,84,0,42.0,0.0,130.020645,130.020645,0.0,0,0,0,0.0,,,0.386966,0.386966,0.0,REQ,,,,,0.0,0.0,0.0,0
315531,2.583501,2.583501,2.583501,2.583501,2.583501,2.583501,udp,0.0,,cs0,,63.0,,1.0,,Status,2,2,0,84,84,0,42.0,0.0,130.056076,130.056076,0.0,0,0,0,0.0,,,0.387072,0.387072,0.0,REQ,,,,,0.0,0.0,0.0,0
315552,2.576753,2.576753,2.576753,2.576753,2.576753,2.576753,udp,0.0,,cs0,,63.0,,1.0,,Status,2,2,0,84,84,0,42.0,0.0,130.396667,130.396667,0.0,0,0,0,0.0,,,0.388085,0.388085,0.0,REQ,,,,,0.0,0.0,0.0,0
315573,0.0,0.0,0.0,0.0,0.0,0.0,udp,0.0,,cs0,,63.0,,1.0,,Status,1,1,0,42,42,0,42.0,0.0,0.0,0.0,0.0,0,0,0,0.0,,,0.0,0.0,0.0,REQ,,,,,0.0,0.0,0.0,0
315582,0.0,0.0,0.0,0.0,0.0,0.0,udp,0.0,,cs0,,63.0,,1.0,,Start,1,1,0,42,42,0,42.0,0.0,0.0,0.0,0.0,0,0,0,0.0,,,0.0,0.0,0.0,INT,,,,,0.0,0.0,0.0,0
315662,0.0,0.0,0.0,0.0,0.0,0.0,udp,0.0,,cs0,,63.0,,1.0,,Start,1,1,0,42,42,0,42.0,0.0,0.0,0.0,0.0,0,0,0,0.0,,,0.0,0.0,0.0,INT,,,,,0.0,0.0,0.0,0
315741,0.0,0.0,0.0,0.0,0.0,0.0,udp,0.0,,cs0,,63.0,,1.0,,Status,1,1,0,42,42,0,42.0,0.0,0.0,0.0,0.0,0,0,0,0.0,,,0.0,0.0,0.0,REQ,,,,,0.0,0.0,0.0,0
315794,2.578473,2.578473,2.578473,2.578473,2.578473,2.578473,udp,0.0,,cs0,,63.0,,1.0,,Status,2,2,0,84,84,0,42.0,0.0,130.309677,130.309677,0.0,0,0,0,0.0,,,0.387826,0.387826,0.0,REQ,,,,,0.0,0.0,0.0,0
315832,2.582008,2.582008,2.582008,2.582008,2.582008,2.582008,udp,0.0,,cs0,,63.0,,1.0,,Status,2,2,0,84,84,0,42.0,0.0,130.131287,130.131287,0.0,0,0,0,0.0,,,0.387295,0.387295,0.0,REQ,,,,,0.0,0.0,0.0,0
315858,2.581182,2.581182,2.581182,2.581182,2.581182,2.581182,udp,0.0,,cs0,,63.0,,1.0,,Status,2,2,0,84,84,0,42.0,0.0,130.172928,130.172928,0.0,0,0,0,0.0,,,0.387419,0.387419,0.0,REQ,,,,,0.0,0.0,0.0,0
315900,2.580954,2.580954,2.580954,2.580954,2.580954,2.580954,udp,0.0,,cs0,,63.0,,1.0,,Status,2,2,0,84,84,0,42.0,0.0,130.184418,130.184418,0.0,0,0,0,0.0,,,0.387454,0.387454,0.0,REQ,,,,,0.0,0.0,0.0,0
315903,0.0,0.0,0.0,0.0,0.0,0.0,udp,0.0,,cs0,,63.0,,1.0,,Status,1,1,0,42,42,0,42.0,0.0,0.0,0.0,0.0,0,0,0,0.0,,,0.0,0.0,0.0,REQ,,,,,0.0,0.0,0.0,0
315904,0.0,0.0,0.0,0.0,0.0,0.0,udp,0.0,,cs0,,63.0,,1.0,,Status,1,1,0,42,42,0,42.0,0.0,0.0,0.0,0.0,0,0,0,0.0,,,0.0,0.0,0.0,REQ,,,,,0.0,0.0,0.0,0
315921,2.58413,2.58413,2.58413,2.58413,2.58413,2.58413,udp,0.0,,cs0,,63.0,,1.0,,Status,2,2,0,84,84,0,42.0,0.0,130.024414,130.024414,0.0,0,0,0,0.0,,,0.386977,0.386977,0.0,REQ,,,,,0.0,0.0,0.0,0
316036,2.586455,2.586455,2.586455,2.586455,2.586455,2.586455,udp,0.0,,cs0,,63.0,,1.0,,Status,2,2,0,84,84,0,42.0,0.0,129.907532,129.907532,0.0,0,0,0,0.0,,,0.38663,0.38663,0.0,REQ,,,,,0.0,0.0,0.0,0
316067,0.0,0.0,0.0,0.0,0.0,0.0,udp,0.0,,cs0,,63.0,,1.0,,Status,1,1,0,42,42,0,42.0,0.0,0.0,0.0,0.0,0,0,0,0.0,,,0.0,0.0,0.0,REQ,,,,,0.0,0.0,0.0,0
316076,2.579824,2.579824,2.579824,2.579824,2.579824,2.579824,udp,0.0,,cs0,,63.0,,1.0,,Status,2,2,0,84,84,0,42.0,0.0,130.24144,130.24144,0.0,0,0,0,0.0,,,0.387623,0.387623,0.0,REQ,,,,,0.0,0.0,0.0,0
316141,2.573916,2.573916,2.573916,2.573916,2.573916,2.573916,udp,0.0,,cs0,,63.0,,1.0,,Status,2,2,0,84,84,0,42.0,0.0,130.54039,130.54039,0.0,0,0,0,0.0,,,0.388513,0.388513,0.0,REQ,,,,,0.0,0.0,0.0,0
316163,0.0,0.0,0.0,0.0,0.0,0.0,udp,0.0,,cs0,,63.0,,1.0,,Status,1,1,0,42,42,0,42.0,0.0,0.0,0.0,0.0,0,0,0,0.0,,,0.0,0.0,0.0,REQ,,,,,0.0,0.0,0.0,0
316193,2.583275,2.583275,2.583275,2.583275,2.583275,2.583275,udp,0.0,,cs0,,63.0,,1.0,,Status,2,2,0,84,84,0,42.0,0.0,130.067444,130.067444,0.0,0,0,0,0.0,,,0.387105,0.387105,0.0,REQ,,,,,0.0,0.0,0.0,0
316266,0.0,0.0,0.0,0.0,0.0,0.0,udp,0.0,,cs0,,63.0,,1.0,,Status,1,1,0,42,42,0,42.0,0.0,0.0,0.0,0.0,0,0,0,0.0,,,0.0,0.0,0.0,REQ,,,,,0.0,0.0,0.0,0
316280,2.578598,2.578598,2.578598,2.578598,2.578598,2.578598,udp,0.0,,cs0,,63.0,,1.0,,Status,2,2,0,84,84,0,42.0,0.0,130.30336,130.30336,0.0,0,0,0,0.0,,,0.387808,0.387808,0.0,REQ,,,,,0.0,0.0,0.0,0
316339,2.582978,2.582978,2.582978,2.582978,2.582978,2.582978,udp,0.0,,cs0,,63.0,,1.0,,Status,2,2,0,84,84,0,42.0,0.0,130.082413,130.082413,0.0,0,0,0,0.0,,,0.38715,0.38715,0.0,REQ,,,,,0.0,0.0,0.0,0
316353,2.583032,2.583032,2.583032,2.583032,2.583032,2.583032,udp,0.0,,cs0,,63.0,,1.0,,Status,2,2,0,84,84,0,42.0,0.0,130.079697,130.079697,0.0,0,0,0,0.0,,,0.387142,0.387142,0.0,REQ,,,,,0.0,0.0,0.0,0
316472,2.575316,2.575316,2.575316,2.575316,2.575316,2.575316,udp,0.0,,cs0,,63.0,,1.0,,Status,2,2,0,84,84,0,42.0,0.0,130.469421,130.469421,0.0,0,0,0,0.0,,,0.388302,0.388302,0.0,REQ,,,,,0.0,0.0,0.0,0
316483,2.578749,2.578749,2.578749,2.578749,2.578749,2.578749,udp,0.0,,cs0,,63.0,,1.0,,Status,2,2,0,84,84,0,42.0,0.0,130.295746,130.295746,0.0,0,0,0,0.0,,,0.387785,0.387785,0.0,REQ,,,,,0.0,0.0,0.0,0
316528,0.0,0.0,0.0,0.0,0.0,0.0,udp,0.0,,cs0,,63.0,,1.0,,Status,1,1,0,42,42,0,42.0,0.0,0.0,0.0,0.0,0,0,0,0.0,,,0.0,0.0,0.0,REQ,,,,,0.0,0.0,0.0,0
316562,0.0,0.0,0.0,0.0,0.0,0.0,udp,0.0,,cs0,,63.0,,1.0,,Status,1,1,0,42,42,0,42.0,0.0,0.0,0.0,0.0,0,0,0,0.0,,,0.0,0.0,0.0,REQ,,,,,0.0,0.0,0.0,0
316593,2.581697,2.581697,2.581697,2.581697,2.581697,2.581697,udp,0.0,,cs0,,63.0,,1.0,,Status,2,2,0,84,84,0,42.0,0.0,130.146957,130.146957,0.0,0,0,0,0.0,,,0.387342,0.387342,0.0,REQ,,,,,0.0,0.0,0.0,0
316611,0.0,0.0,0.0,0.0,0.0,0.0,udp,0.0,,cs0,,63.0,,1.0,,Status,1,1,0,42,42,0,42.0,0.0,0.0,0.0,0.0,0,0,0,0.0,,,0.0,0.0,0.0,REQ,,,,,0.0,0.0,0.0,0
316647,2.579916,2.579916,2.579916,2.579916,2.579916,2.579916,udp,0.0,,cs0,,63.0,,1.0,,Status,2,2,0,84,84,0,42.0,0.0,130.236801,130.236801,0.0,0,0,0,0.0,,,0.38761,0.38761,0.0,REQ,,,,,0.0,0.0,0.0,0
316689,2.582346,2.582346,2.582346,2.582346,2.582346,2.582346,udp,0.0,,cs0,,63.0,,1.0,,Status,2,2,0,84,84,0,42.0,0.0,130.114243,130.114243,0.0,0,0,0,0.0,,,0.387245,0.387245,0.0,REQ,,,,,0.0,0.0,0.0,0
316693,2.581383,2.581383,2.581383,2.581383,2.581383,2.581383,udp,0.0,,cs0,,63.0,,1.0,,Status,2,2,0,84,84,0,42.0,0.0,130.162781,130.162781,0.0,0,0,0,0.0,,,0.387389,0.387389,0.0,REQ,,,,,0.0,0.0,0.0,0
316779,2.579828,2.579828,2.579828,2.579828,2.579828,2.579828,udp,0.0,,cs0,,63.0,,1.0,,Status,2,2,0,84,84,0,42.0,0.0,130.241241,130.241241,0.0,0,0,0,0.0,,,0.387623,0.387623,0.0,REQ,,,,,0.0,0.0,0.0,0
316814,0.0,0.0,0.0,0.0,0.0,0.0,udp,0.0,,cs0,,63.0,,1.0,,Status,1,1,0,42,42,0,42.0,0.0,0.0,0.0,0.0,0,0,0,0.0,,,0.0,0.0,0.0,REQ,,,,,0.0,0.0,0.0,0
316827,0.0,0.0,0.0,0.0,0.0,0.0,udp,0.0,,cs0,,63.0,,1.0,,Status,1,1,0,42,42,0,42.0,0.0,0.0,0.0,0.0,0,0,0,0.0,,,0.0,0.0,0.0,REQ,,,,,0.0,0.0,0.0,0
316887,2.577842,2.577842,2.577842,2.577842,2.577842,2.577842,udp,0.0,,cs0,,63.0,,1.0,,Status,2,2,0,84,84,0,42.0,0.0,130.341583,130.341583,0.0,0,0,0,0.0,,,0.387921,0.387921,0.0,REQ,,,,,0.0,0.0,0.0,0
316951,2.570743,2.570743,2.570743,2.570743,2.570743,2.570743,udp,0.0,,cs0,,63.0,,1.0,,Status,2,2,0,84,84,0,42.0,0.0,130.701508,130.701508,0.0,0,0,0,0.0,,,0.388993,0.388993,0.0,REQ,,,,,0.0,0.0,0.0,0
316962,2.570728,2.570728,2.570728,2.570728,2.570728,2.570728,udp,0.0,,cs0,,63.0,,1.0,,Status,2,2,0,84,84,0,42.0,0.0,130.702271,130.702271,0.0,0,0,0,0.0,,,0.388995,0.388995,0.0,REQ,,,,,0.0,0.0,0.0,0
316974,0.0,0.0,0.0,0.0,0.0,0.0,udp,0.0,,cs0,,63.0,,1.0,,Status,1,1,0,42,42,0,42.0,0.0,0.0,0.0,0.0,0,0,0,0.0,,,0.0,0.0,0.0,REQ,,,,,0.0,0.0,0.0,0
317027,2.582224,2.582224,2.582224,2.582224,2.582224,2.582224,udp,0.0,,cs0,,63.0,,1.0,,Status,2,2,0,84,84,0,42.0,0.0,130.120392,130.120392,0.0,0,0,0,0.0,,,0.387263,0.387263,0.0,REQ,,,,,0.0,0.0,0.0,0
317116,2.581103,2.581103,2.581103,2.581103,2.581103,2.581103,udp,0.0,,cs0,,63.0,,1.0,,Status,2,2,0,84,84,0,42.0,0.0,130.176895,130.176895,0.0,0,0,0,0.0,,,0.387431,0.387431,0.0,REQ,,,,,0.0,0.0,0.0,0
317141,2.582962,2.582962,2.582962,2.582962,2.582962,2.582962,udp,0.0,,cs0,,63.0,,1.0,,Status,2,2,0,84,84,0,42.0,0.0,130.083206,130.083206,0.0,0,0,0,0.0,,,0.387152,0.387152,0.0,REQ,,,,,0.0,0.0,0.0,0
317231,2.574299,2.574299,2.574299,2.574299,2.574299,2.574299,udp,0.0,,cs0,,63.0,,1.0,,Status,2,2,0,84,84,0,42.0,0.0,130.520966,130.520966,0.0,0,0,0,0.0,,,0.388455,0.388455,0.0,REQ,,,,,0.0,0.0,0.0,0
317253,2.579836,2.579836,2.579836,2.579836,2.579836,2.579836,udp,0.0,,cs0,,63.0,,1.0,,Status,2,2,0,84,84,0,42.0,0.0,130.240845,130.240845,0.0,0,0,0,0.0,,,0.387622,0.387622,0.0,REQ,,,,,0.0,0.0,0.0,0
317287,0.0,0.0,0.0,0.0,0.0,0.0,udp,0.0,,cs0,,63.0,,1.0,,Status,1,1,0,42,42,0,42.0,0.0,0.0,0.0,0.0,0,0,0,0.0,,,0.0,0.0,0.0,REQ,,,,,0.0,0.0,0.0,0
317332,0.0,0.0,0.0,0.0,0.0,0.0,udp,0.0,,cs0,,63.0,,1.0,,Status,1,1,0,42,42,0,42.0,0.0,0.0,0.0,0.0,0,0,0,0.0,,,0.0,0.0,0.0,REQ,,,,,0.0,0.0,0.0,0
317357,2.577304,2.577304,2.577304,2.577304,2.577304,2.577304,udp,0.0,,cs0,,63.0,,1.0,,Status,2,2,0,84,84,0,42.0,0.0,130.36879,130.36879,0.0,0,0,0,0.0,,,0.388002,0.388002,0.0,REQ,,,,,0.0,0.0,0.0,0
317373,2.572963,2.572963,2.572963,2.572963,2.572963,2.572963,udp,0.0,,cs0,,63.0,,1.0,,Status,2,2,0,84,84,0,42.0,0.0,130.588745,130.588745,0.0,0,0,0,0.0,,,0.388657,0.388657,0.0,REQ,,,,,0.0,0.0,0.0,0
317406,2.572862,2.572862,2.572862,2.572862,2.572862,2.572862,udp,0.0,,cs0,,63.0,,1.0,,Status,2,2,0,84,84,0,42.0,0.0,130.593872,130.593872,0.0,0,0,0,0.0,,,0.388672,0.388672,0.0,REQ,,,,,0.0,0.0,0.0,0
317457,0.0,0.0,0.0,0.0,0.0,0.0,udp,0.0,,cs0,,63.0,,1.0,,Status,1,1,0,42,42,0,42.0,0.0,0.0,0.0,0.0,0,0,0,0.0,,,0.0,0.0,0.0,REQ,,,,,0.0,0.0,0.0,0
317482,2.582619,2.582619,2.582619,2.582619,2.582619,2.582619,udp,0.0,,cs0,,63.0,,1.0,,Status,2,2,0,84,84,0,42.0,0.0,130.100494,130.100494,0.0,0,0,0,0.0,,,0.387204,0.387204,0.0,REQ,,,,,0.0,0.0,0.0,0
317502,2.581021,2.581021,2.581021,2.581021,2.581021,2.581021,udp,0.0,,cs0,,63.0,,1.0,,Start,2,2,0,84,84,0,42.0,0.0,130.18103,130.18103,0.0,0,0,0,0.0,,,0.387444,0.387444,0.0,INT,,,,,0.0,0.0,0.0,0
317560,0.0,0.0,0.0,0.0,0.0,0.0,udp,0.0,,cs0,,63.0,,1.0,,Status,1,1,0,42,42,0,42.0,0.0,0.0,0.0,0.0,0,0,0,0.0,,,0.0,0.0,0.0,REQ,,,,,0.0,0.0,0.0,0
317604,0.0,0.0,0.0,0.0,0.0,0.0,udp,0.0,,cs0,,63.0,,1.0,,Start,1,1,0,42,42,0,42.0,0.0,0.0,0.0,0.0,0,0,0,0.0,,,0.0,0.0,0.0,INT,,,,,0.0,0.0,0.0,0
317625,2.577709,2.577709,2.577709,2.577709,2.577709,2.577709,udp,0.0,,cs0,,63.0,,1.0,,Status,2,2,0,84,84,0,42.0,0.0,130.348312,130.348312,0.0,0,0,0,0.0,,,0.387941,0.387941,0.0,REQ,,,,,0.0,0.0,0.0,0
317651,2.577633,2.577633,2.577633,2.577633,2.577633,2.577633,udp,0.0,,cs0,,63.0,,1.0,,Status,2,2,0,84,84,0,42.0,0.0,130.352158,130.352158,0.0,0,0,0,0.0,,,0.387953,0.387953,0.0,REQ,,,,,0.0,0.0,0.0,0
317678,2.582008,2.582008,2.582008,2.582008,2.582008,2.582008,udp,0.0,,cs0,,63.0,,1.0,,Status,2,2,0,84,84,0,42.0,0.0,130.131287,130.131287,0.0,0,0,0,0.0,,,0.387295,0.387295,0.0,REQ,,,,,0.0,0.0,0.0,0
317748,2.577045,2.577045,2.577045,2.577045,2.577045,2.577045,udp,0.0,,cs0,,63.0,,1.0,,Status,2,2,0,84,84,0,42.0,0.0,130.381897,130.381897,0.0,0,0,0,0.0,,,0.388041,0.388041,0.0,REQ,,,,,0.0,0.0,0.0,0
317877,0.0,0.0,0.0,0.0,0.0,0.0,udp,0.0,,cs0,,63.0,,1.0,,Status,1,1,0,42,42,0,42.0,0.0,0.0,0.0,0.0,0,0,0,0.0,,,0.0,0.0,0.0,REQ,,,,,0.0,0.0,0.0,0
317913,0.0,0.0,0.0,0.0,0.0,0.0,udp,0.0,,cs0,,63.0,,1.0,,Status,1,1,0,42,42,0,42.0,0.0,0.0,0.0,0.0,0,0,0,0.0,,,0.0,0.0,0.0,REQ,,,,,0.0,0.0,0.0,0
317926,0.0,0.0,0.0,0.0,0.0,0.0,udp,0.0,,cs0,,63.0,,1.0,,Status,1,1,0,42,42,0,42.0,0.0,0.0,0.0,0.0,0,0,0,0.0,,,0.0,0.0,0.0,REQ,,,,,0.0,0.0,0.0,0
317944,2.579671,2.579671,2.579671,2.579671,2.579671,2.579671,udp,0.0,,cs0,,63.0,,1.0,,Status,2,2,0,84,84,0,42.0,0.0,130.249176,130.249176,0.0,0,0,0,0.0,,,0.387646,0.387646,0.0,REQ,,,,,0.0,0.0,0.0,0
317978,2.578117,2.578117,2.578117,2.578117,2.578117,2.578117,udp,0.0,,cs0,,63.0,,1.0,,Status,2,2,0,84,84,0,42.0,0.0,130.327682,130.327682,0.0,0,0,0,0.0,,,0.38788,0.38788,0.0,REQ,,,,,0.0,0.0,0.0,0
318018,2.578,2.578,2.578,2.578,2.578,2.578,udp,0.0,,cs0,,63.0,,1.0,,Status,2,2,0,84,84,0,42.0,0.0,130.333588,130.333588,0.0,0,0,0,0.0,,,0.387898,0.387898,0.0,REQ,,,,,0.0,0.0,0.0,0
318073,2.578138,2.578138,2.578138,2.578138,2.578138,2.578138,udp,0.0,,cs0,,63.0,,1.0,,Status,2,2,0,84,84,0,42.0,0.0,130.326614,130.326614,0.0,0,0,0,0.0,,,0.387877,0.387877,0.0,REQ,,,,,0.0,0.0,0.0,0
318092,2.578134,2.578134,2.578134,2.578134,2.578134,2.578134,udp,0.0,,cs0,,63.0,,1.0,,Status,2,2,0,84,84,0,42.0,0.0,130.326813,130.326813,0.0,0,0,0,0.0,,,0.387877,0.387877,0.0,REQ,,,,,0.0,0.0,0.0,0
318229,0.0,0.0,0.0,0.0,0.0,0.0,udp,0.0,,cs0,,63.0,,1.0,,Status,1,1,0,42,42,0,42.0,0.0,0.0,0.0,0.0,0,0,0,0.0,,,0.0,0.0,0.0,REQ,,,,,0.0,0.0,0.0,0
318288,2.577988,2.577988,2.577988,2.577988,2.577988,2.577988,udp,0.0,,cs0,,63.0,,1.0,,Status,2,2,0,84,84,0,42.0,0.0,130.334198,130.334198,0.0,0,0,0,0.0,,,0.387899,0.387899,0.0,REQ,,,,,0.0,0.0,0.0,0
318298,0.0,0.0,0.0,0.0,0.0,0.0,udp,0.0,,cs0,,63.0,,1.0,,Status,1,1,0,42,42,0,42.0,0.0,0.0,0.0,0.0,0,0,0,0.0,,,0.0,0.0,0.0,REQ,,,,,0.0,0.0,0.0,0
318321,0.0,0.0,0.0,0.0,0.0,0.0,udp,0.0,,cs0,,63.0,,1.0,,Status,1,1,0,42,42,0,42.0,0.0,0.0,0.0,0.0,0,0,0,0.0,,,0.0,0.0,0.0,REQ,,,,,0.0,0.0,0.0,0
318470,0.0,0.0,0.0,0.0,0.0,0.0,udp,0.0,,cs0,,63.0,,1.0,,Status,1,1,0,42,42,0,42.0,0.0,0.0,0.0,0.0,0,0,0,0.0,,,0.0,0.0,0.0,REQ,,,,,0.0,0.0,0.0,0
318522,0.0,0.0,0.0,0.0,0.0,0.0,udp,0.0,,cs0,,63.0,,1.0,,Status,1,1,0,42,42,0,42.0,0.0,0.0,0.0,0.0,0,0,0,0.0,,,0.0,0.0,0.0,REQ,,,,,0.0,0.0,0.0,0
318548,0.0,0.0,0.0,0.0,0.0,0.0,udp,0.0,,cs0,,63.0,,1.0,,Status,1,1,0,42,42,0,42.0,0.0,0.0,0.0,0.0,0,0,0,0.0,,,0.0,0.0,0.0,REQ,,,,,0.0,0.0,0.0,0
318618,0.0,0.0,0.0,0.0,0.0,0.0,udp,0.0,,cs0,,63.0,,1.0,,Status,1,1,0,42,42,0,42.0,0.0,0.0,0.0,0.0,0,0,0,0.0,,,0.0,0.0,0.0,REQ,,,,,0.0,0.0,0.0,0
318656,0.0,0.0,0.0,0.0,0.0,0.0,udp,0.0,,cs0,,63.0,,1.0,,Status,1,1,0,42,42,0,42.0,0.0,0.0,0.0,0.0,0,0,0,0.0,,,0.0,0.0,0.0,REQ,,,,,0.0,0.0,0.0,0
318669,0.0,0.0,0.0,0.0,0.0,0.0,udp,0.0,,cs0,,63.0,,1.0,,Status,1,1,0,42,42,0,42.0,0.0,0.0,0.0,0.0,0,0,0,0.0,,,0.0,0.0,0.0,REQ,,,,,0.0,0.0,0.0,0
318741,2.581191,2.581191,2.581191,2.581191,2.581191,2.581191,udp,0.0,,cs0,,63.0,,1.0,,Status,2,2,0,84,84,0,42.0,0.0,130.17247,130.17247,0.0,0,0,0,0.0,,,0.387418,0.387418,0.0,REQ,,,,,0.0,0.0,0.0,0
318767,2.57698,2.57698,2.57698,2.57698,2.57698,2.57698,udp,0.0,,cs0,,63.0,,1.0,,Status,2,2,0,84,84,0,42.0,0.0,130.385178,130.385178,0.0,0,0,0,0.0,,,0.388051,0.388051,0.0,REQ,,,,,0.0,0.0,0.0,0
318782,0.0,0.0,0.0,0.0,0.0,0.0,udp,0.0,,cs0,,63.0,,1.0,,Status,1,1,0,42,42,0,42.0,0.0,0.0,0.0,0.0,0,0,0,0.0,,,0.0,0.0,0.0,REQ,,,,,0.0,0.0,0.0,0
318825,2.581327,2.581327,2.581327,2.581327,2.581327,2.581327,udp,0.0,,cs0,,63.0,,1.0,,Status,2,2,0,84,84,0,42.0,0.0,130.165604,130.165604,0.0,0,0,0,0.0,,,0.387398,0.387398,0.0,REQ,,,,,0.0,0.0,0.0,0
318872,2.577314,2.577314,2.577314,2.577314,2.577314,2.577314,udp,0.0,,cs0,,63.0,,1.0,,Status,2,2,0,84,84,0,42.0,0.0,130.368286,130.368286,0.0,0,0,0,0.0,,,0.388001,0.388001,0.0,REQ,,,,,0.0,0.0,0.0,0
318909,2.576491,2.576491,2.576491,2.576491,2.576491,2.576491,udp,0.0,,cs0,,63.0,,1.0,,Start,2,2,0,84,84,0,42.0,0.0,130.409927,130.409927,0.0,0,0,0,0.0,,,0.388125,0.388125,0.0,INT,,,,,0.0,0.0,0.0,0
318980,2.578158,2.578158,2.578158,2.578158,2.578158,2.578158,udp,0.0,,cs0,,63.0,,1.0,,Status,2,2,0,84,84,0,42.0,0.0,130.325607,130.325607,0.0,0,0,0,0.0,,,0.387874,0.387874,0.0,REQ,,,,,0.0,0.0,0.0,0
318996,2.578148,2.578148,2.578148,2.578148,2.578148,2.578148,udp,0.0,,cs0,,63.0,,1.0,,Status,2,2,0,84,84,0,42.0,0.0,130.326111,130.326111,0.0,0,0,0,0.0,,,0.387875,0.387875,0.0,REQ,,,,,0.0,0.0,0.0,0
319000,2.578149,2.578149,2.578149,2.578149,2.578149,2.578149,udp,0.0,,cs0,,63.0,,1.0,,Status,2,2,0,84,84,0,42.0,0.0,130.32605,130.32605,0.0,0,0,0,0.0,,,0.387875,0.387875,0.0,REQ,,,,,0.0,0.0,0.0,0
319038,2.575991,2.575991,2.575991,2.575991,2.575991,2.575991,udp,0.0,,cs0,,63.0,,1.0,,Status,2,2,0,84,84,0,42.0,0.0,130.435242,130.435242,0.0,0,0,0,0.0,,,0.3882,0.3882,0.0,REQ,,,,,0.0,0.0,0.0,0
319075,2.575941,2.575941,2.575941,2.575941,2.575941,2.575941,udp,0.0,,cs0,,63.0,,1.0,,Status,2,2,0,84,84,0,42.0,0.0,130.437759,130.437759,0.0,0,0,0,0.0,,,0.388208,0.388208,0.0,REQ,,,,,0.0,0.0,0.0,0
319115,2.575966,2.575966,2.575966,2.575966,2.575966,2.575966,udp,0.0,,cs0,,63.0,,1.0,,Status,2,2,0,84,84,0,42.0,0.0,130.436508,130.436508,0.0,0,0,0,0.0,,,0.388204,0.388204,0.0,REQ,,,,,0.0,0.0,0.0,0
319245,2.575804,2.575804,2.575804,2.575804,2.575804,2.575804,udp,0.0,,cs0,,63.0,,1.0,,Status,2,2,0,84,84,0,42.0,0.0,130.444702,130.444702,0.0,0,0,0,0.0,,,0.388228,0.388228,0.0,REQ,,,,,0.0,0.0,0.0,0
319249,2.576874,2.576874,2.576874,2.576874,2.576874,2.576874,udp,0.0,,cs0,,63.0,,1.0,,Status,2,2,0,84,84,0,42.0,0.0,130.390549,130.390549,0.0,0,0,0,0.0,,,0.388067,0.388067,0.0,REQ,,,,,0.0,0.0,0.0,0
319269,2.571966,2.571966,2.571966,2.571966,2.571966,2.571966,udp,0.0,,cs0,,63.0,,1.0,,Status,2,2,0,84,84,0,42.0,0.0,130.639374,130.639374,0.0,0,0,0,0.0,,,0.388808,0.388808,0.0,REQ,,,,,0.0,0.0,0.0,0
319288,2.567906,2.567906,2.567906,2.567906,2.567906,2.567906,udp,0.0,,cs0,,63.0,,1.0,,Status,2,2,0,84,84,0,42.0,0.0,130.845917,130.845917,0.0,0,0,0,0.0,,,0.389422,0.389422,0.0,REQ,,,,,0.0,0.0,0.0,0
319330,0.0,0.0,0.0,0.0,0.0,0.0,udp,0.0,,cs0,,63.0,,1.0,,Status,1,1,0,42,42,0,42.0,0.0,0.0,0.0,0.0,0,0,0,0.0,,,0.0,0.0,0.0,REQ,,,,,0.0,0.0,0.0,0
319377,2.573526,2.573526,2.573526,2.573526,2.573526,2.573526,udp,0.0,,cs0,,63.0,,1.0,,Start,2,2,0,84,84,0,42.0,0.0,130.560181,130.560181,0.0,0,0,0,0.0,,,0.388572,0.388572,0.0,INT,,,,,0.0,0.0,0.0,0
319408,2.578324,2.578324,2.578324,2.578324,2.578324,2.578324,udp,0.0,,cs0,,63.0,,1.0,,Status,2,2,0,84,84,0,42.0,0.0,130.317215,130.317215,0.0,0,0,0,0.0,,,0.387849,0.387849,0.0,REQ,,,,,0.0,0.0,0.0,0
319464,2.582086,2.582086,2.582086,2.582086,2.582086,2.582086,udp,0.0,,cs0,,63.0,,1.0,,Status,2,2,0,84,84,0,42.0,0.0,130.12735,130.12735,0.0,0,0,0,0.0,,,0.387284,0.387284,0.0,REQ,,,,,0.0,0.0,0.0,0
319504,0.0,0.0,0.0,0.0,0.0,0.0,udp,0.0,,cs0,,63.0,,1.0,,Status,1,1,0,42,42,0,42.0,0.0,0.0,0.0,0.0,0,0,0,0.0,,,0.0,0.0,0.0,REQ,,,,,0.0,0.0,0.0,0
319523,0.0,0.0,0.0,0.0,0.0,0.0,udp,0.0,,cs0,,63.0,,1.0,,Status,1,1,0,42,42,0,42.0,0.0,0.0,0.0,0.0,0,0,0,0.0,,,0.0,0.0,0.0,REQ,,,,,0.0,0.0,0.0,0
319656,0.0,0.0,0.0,0.0,0.0,0.0,udp,0.0,,cs0,,63.0,,1.0,,Status,1,1,0,42,42,0,42.0,0.0,0.0,0.0,0.0,0,0,0,0.0,,,0.0,0.0,0.0,REQ,,,,,0.0,0.0,0.0,0
319679,0.0,0.0,0.0,0.0,0.0,0.0,udp,0.0,,cs0,,63.0,,1.0,,Status,1,1,0,42,42,0,42.0,0.0,0.0,0.0,0.0,0,0,0,0.0,,,0.0,0.0,0.0,REQ,,,,,0.0,0.0,0.0,0
319684,0.0,0.0,0.0,0.0,0.0,0.0,udp,0.0,,cs0,,63.0,,1.0,,Status,1,1,0,42,42,0,42.0,0.0,0.0,0.0,0.0,0,0,0,0.0,,,0.0,0.0,0.0,REQ,,,,,0.0,0.0,0.0,0
319864,2.576686,2.576686,2.576686,2.576686,2.576686,2.576686,udp,0.0,,cs0,,63.0,,1.0,,Status,2,2,0,84,84,0,42.0,0.0,130.400055,130.400055,0.0,0,0,0,0.0,,,0.388095,0.388095,0.0,REQ,,,,,0.0,0.0,0.0,0
319914,2.580437,2.580437,2.580437,2.580437,2.580437,2.580437,udp,0.0,,cs0,,63.0,,1.0,,Status,2,2,0,84,84,0,42.0,0.0,130.21051,130.21051,0.0,0,0,0,0.0,,,0.387531,0.387531,0.0,REQ,,,,,0.0,0.0,0.0,0
319916,2.579445,2.579445,2.579445,2.579445,2.579445,2.579445,udp,0.0,,cs0,,63.0,,1.0,,Status,2,2,0,84,84,0,42.0,0.0,130.26059,130.26059,0.0,0,0,0,0.0,,,0.38768,0.38768,0.0,REQ,,,,,0.0,0.0,0.0,0
319978,0.0,0.0,0.0,0.0,0.0,0.0,udp,0.0,,cs0,,63.0,,1.0,,Status,1,1,0,42,42,0,42.0,0.0,0.0,0.0,0.0,0,0,0,0.0,,,0.0,0.0,0.0,REQ,,,,,0.0,0.0,0.0,0
320063,2.573929,2.573929,2.573929,2.573929,2.573929,2.573929,udp,0.0,,cs0,,63.0,,1.0,,Status,2,2,0,84,84,0,42.0,0.0,130.539734,130.539734,0.0,0,0,0,0.0,,,0.388511,0.388511,0.0,REQ,,,,,0.0,0.0,0.0,0
320089,2.579947,2.579947,2.579947,2.579947,2.579947,2.579947,udp,0.0,,cs0,,63.0,,1.0,,Status,2,2,0,84,84,0,42.0,0.0,130.235229,130.235229,0.0,0,0,0,0.0,,,0.387605,0.387605,0.0,REQ,,,,,0.0,0.0,0.0,0
320110,0.0,0.0,0.0,0.0,0.0,0.0,udp,0.0,,cs0,,63.0,,1.0,,Status,1,1,0,42,42,0,42.0,0.0,0.0,0.0,0.0,0,0,0,0.0,,,0.0,0.0,0.0,REQ,,,,,0.0,0.0,0.0,0
320169,2.573382,2.573382,2.573382,2.573382,2.573382,2.573382,udp,0.0,,cs0,,63.0,,1.0,,Status,2,2,0,84,84,0,42.0,0.0,130.56749,130.56749,0.0,0,0,0,0.0,,,0.388594,0.388594,0.0,REQ,,,,,0.0,0.0,0.0,0
320191,0.0,0.0,0.0,0.0,0.0,0.0,udp,0.0,,cs0,,63.0,,1.0,,Status,1,1,0,42,42,0,42.0,0.0,0.0,0.0,0.0,0,0,0,0.0,,,0.0,0.0,0.0,REQ,,,,,0.0,0.0,0.0,0
320203,0.0,0.0,0.0,0.0,0.0,0.0,udp,0.0,,cs0,,63.0,,1.0,,Status,1,1,0,42,42,0,42.0,0.0,0.0,0.0,0.0,0,0,0,0.0,,,0.0,0.0,0.0,REQ,,,,,0.0,0.0,0.0,0
320213,0.0,0.0,0.0,0.0,0.0,0.0,udp,0.0,,cs0,,63.0,,1.0,,Start,1,1,0,42,42,0,42.0,0.0,0.0,0.0,0.0,0,0,0,0.0,,,0.0,0.0,0.0,INT,,,,,0.0,0.0,0.0,0
320214,0.0,0.0,0.0,0.0,0.0,0.0,udp,0.0,,cs0,,63.0,,1.0,,Start,1,1,0,42,42,0,42.0,0.0,0.0,0.0,0.0,0,0,0,0.0,,,0.0,0.0,0.0,INT,,,,,0.0,0.0,0.0,0
320217,0.0,0.0,0.0,0.0,0.0,0.0,udp,0.0,,cs0,,63.0,,1.0,,Start,1,1,0,42,42,0,42.0,0.0,0.0,0.0,0.0,0,0,0,0.0,,,0.0,0.0,0.0,INT,,,,,0.0,0.0,0.0,0
320324,0.0,0.0,0.0,0.0,0.0,0.0,udp,0.0,,cs0,,63.0,,1.0,,Status,1,1,0,42,42,0,42.0,0.0,0.0,0.0,0.0,0,0,0,0.0,,,0.0,0.0,0.0,REQ,,,,,0.0,0.0,0.0,0
320334,0.0,0.0,0.0,0.0,0.0,0.0,udp,0.0,,cs0,,63.0,,1.0,,Status,1,1,0,42,42,0,42.0,0.0,0.0,0.0,0.0,0,0,0,0.0,,,0.0,0.0,0.0,REQ,,,,,0.0,0.0,0.0,0
320358,2.572262,2.572262,2.572262,2.572262,2.572262,2.572262,udp,0.0,,cs0,,63.0,,1.0,,Status,2,2,0,84,84,0,42.0,0.0,130.624329,130.624329,0.0,0,0,0,0.0,,,0.388763,0.388763,0.0,REQ,,,,,0.0,0.0,0.0,0
320418,2.576468,2.576468,2.576468,2.576468,2.576468,2.576468,udp,0.0,,cs0,,63.0,,1.0,,Status,2,2,0,84,84,0,42.0,0.0,130.411087,130.411087,0.0,0,0,0,0.0,,,0.388128,0.388128,0.0,REQ,,,,,0.0,0.0,0.0,0
320441,2.578981,2.578981,2.578981,2.578981,2.578981,2.578981,udp,0.0,,cs0,,63.0,,1.0,,Status,2,2,0,84,84,0,42.0,0.0,130.284012,130.284012,0.0,0,0,0,0.0,,,0.38775,0.38775,0.0,REQ,,,,,0.0,0.0,0.0,0
320485,0.0,0.0,0.0,0.0,0.0,0.0,udp,0.0,,cs0,,63.0,,1.0,,Status,1,1,0,42,42,0,42.0,0.0,0.0,0.0,0.0,0,0,0,0.0,,,0.0,0.0,0.0,REQ,,,,,0.0,0.0,0.0,0
320493,2.57612,2.57612,2.57612,2.57612,2.57612,2.57612,udp,0.0,,cs0,,63.0,,1.0,,Status,2,2,0,84,84,0,42.0,0.0,130.428711,130.428711,0.0,0,0,0,0.0,,,0.388181,0.388181,0.0,REQ,,,,,0.0,0.0,0.0,0
320507,2.578305,2.578305,2.578305,2.578305,2.578305,2.578305,udp,0.0,,cs0,,63.0,,1.0,,Status,2,2,0,84,84,0,42.0,0.0,130.318176,130.318176,0.0,0,0,0,0.0,,,0.387852,0.387852,0.0,REQ,,,,,0.0,0.0,0.0,0
320524,2.577066,2.577066,2.577066,2.577066,2.577066,2.577066,udp,0.0,,cs0,,63.0,,1.0,,Status,2,2,0,84,84,0,42.0,0.0,130.380829,130.380829,0.0,0,0,0,0.0,,,0.388038,0.388038,0.0,REQ,,,,,0.0,0.0,0.0,0
320578,0.0,0.0,0.0,0.0,0.0,0.0,udp,0.0,,cs0,,63.0,,1.0,,Status,1,1,0,42,42,0,42.0,0.0,0.0,0.0,0.0,0,0,0,0.0,,,0.0,0.0,0.0,REQ,,,,,0.0,0.0,0.0,0
320731,0.0,0.0,0.0,0.0,0.0,0.0,udp,0.0,,cs0,,63.0,,1.0,,Status,1,1,0,42,42,0,42.0,0.0,0.0,0.0,0.0,0,0,0,0.0,,,0.0,0.0,0.0,REQ,,,,,0.0,0.0,0.0,0
320750,0.0,0.0,0.0,0.0,0.0,0.0,udp,0.0,,cs0,,63.0,,1.0,,Status,1,1,0,42,42,0,42.0,0.0,0.0,0.0,0.0,0,0,0,0.0,,,0.0,0.0,0.0,REQ,,,,,0.0,0.0,0.0,0
320868,2.579155,2.579155,2.579155,2.579155,2.579155,2.579155,udp,0.0,,cs0,,63.0,,1.0,,Start,2,2,0,84,84,0,42.0,0.0,130.275223,130.275223,0.0,0,0,0,0.0,,,0.387724,0.387724,0.0,INT,,,,,0.0,0.0,0.0,0
320901,0.0,0.0,0.0,0.0,0.0,0.0,udp,0.0,,cs0,,63.0,,1.0,,Start,1,1,0,42,42,0,42.0,0.0,0.0,0.0,0.0,0,0,0,0.0,,,0.0,0.0,0.0,INT,,,,,0.0,0.0,0.0,0
320922,0.0,0.0,0.0,0.0,0.0,0.0,udp,0.0,,cs0,,63.0,,1.0,,Status,1,1,0,42,42,0,42.0,0.0,0.0,0.0,0.0,0,0,0,0.0,,,0.0,0.0,0.0,REQ,,,,,0.0,0.0,0.0,0
321056,2.573261,2.573261,2.573261,2.573261,2.573261,2.573261,udp,0.0,,cs0,,63.0,,1.0,,Status,2,2,0,84,84,0,42.0,0.0,130.573624,130.573624,0.0,0,0,0,0.0,,,0.388612,0.388612,0.0,REQ,,,,,0.0,0.0,0.0,0
321097,2.578055,2.578055,2.578055,2.578055,2.578055,2.578055,udp,0.0,,cs0,,63.0,,1.0,,Status,2,2,0,84,84,0,42.0,0.0,130.330811,130.330811,0.0,0,0,0,0.0,,,0.387889,0.387889,0.0,REQ,,,,,0.0,0.0,0.0,0
321115,0.0,0.0,0.0,0.0,0.0,0.0,udp,0.0,,cs0,,63.0,,1.0,,Status,1,1,0,42,42,0,42.0,0.0,0.0,0.0,0.0,0,0,0,0.0,,,0.0,0.0,0.0,REQ,,,,,0.0,0.0,0.0,0
321136,2.574193,2.574193,2.574193,2.574193,2.574193,2.574193,udp,0.0,,cs0,,63.0,,1.0,,Status,2,2,0,84,84,0,42.0,0.0,130.526337,130.526337,0.0,0,0,0,0.0,,,0.388471,0.388471,0.0,REQ,,,,,0.0,0.0,0.0,0
321274,2.575054,2.575054,2.575054,2.575054,2.575054,2.575054,udp,0.0,,cs0,,63.0,,1.0,,Start,2,2,0,84,84,0,42.0,0.0,130.482697,130.482697,0.0,0,0,0,0.0,,,0.388341,0.388341,0.0,INT,,,,,0.0,0.0,0.0,0
321340,2.580794,2.580794,2.580794,2.580794,2.580794,2.580794,udp,0.0,,cs0,,63.0,,1.0,,Start,2,2,0,84,84,0,42.0,0.0,130.19249,130.19249,0.0,0,0,0,0.0,,,0.387478,0.387478,0.0,INT,,,,,0.0,0.0,0.0,0
321409,2.577123,2.577123,2.577123,2.577123,2.577123,2.577123,udp,0.0,,cs0,,63.0,,1.0,,Status,2,2,0,84,84,0,42.0,0.0,130.377945,130.377945,0.0,0,0,0,0.0,,,0.38803,0.38803,0.0,REQ,,,,,0.0,0.0,0.0,0
321419,2.576956,2.576956,2.576956,2.576956,2.576956,2.576956,udp,0.0,,cs0,,63.0,,1.0,,Status,2,2,0,84,84,0,42.0,0.0,130.386398,130.386398,0.0,0,0,0,0.0,,,0.388055,0.388055,0.0,REQ,,,,,0.0,0.0,0.0,0
321437,0.0,0.0,0.0,0.0,0.0,0.0,udp,0.0,,cs0,,63.0,,1.0,,Status,1,1,0,42,42,0,42.0,0.0,0.0,0.0,0.0,0,0,0,0.0,,,0.0,0.0,0.0,REQ,,,,,0.0,0.0,0.0,0
321463,2.575263,2.575263,2.575263,2.575263,2.575263,2.575263,udp,0.0,,cs0,,63.0,,1.0,,Status,2,2,0,84,84,0,42.0,0.0,130.472107,130.472107,0.0,0,0,0,0.0,,,0.38831,0.38831,0.0,REQ,,,,,0.0,0.0,0.0,0
321483,2.575274,2.575274,2.575274,2.575274,2.575274,2.575274,udp,0.0,,cs0,,63.0,,1.0,,Start,2,2,0,84,84,0,42.0,0.0,130.471558,130.471558,0.0,0,0,0,0.0,,,0.388308,0.388308,0.0,INT,,,,,0.0,0.0,0.0,0
321499,0.0,0.0,0.0,0.0,0.0,0.0,udp,0.0,,cs0,,63.0,,1.0,,Start,1,1,0,42,42,0,42.0,0.0,0.0,0.0,0.0,0,0,0,0.0,,,0.0,0.0,0.0,INT,,,,,0.0,0.0,0.0,0
321635,0.0,0.0,0.0,0.0,0.0,0.0,udp,0.0,,cs0,,63.0,,1.0,,Status,1,1,0,42,42,0,42.0,0.0,0.0,0.0,0.0,0,0,0,0.0,,,0.0,0.0,0.0,REQ,,,,,0.0,0.0,0.0,0
321641,0.0,0.0,0.0,0.0,0.0,0.0,udp,0.0,,cs0,,63.0,,1.0,,Status,1,1,0,42,42,0,42.0,0.0,0.0,0.0,0.0,0,0,0,0.0,,,0.0,0.0,0.0,REQ,,,,,0.0,0.0,0.0,0
321696,0.0,0.0,0.0,0.0,0.0,0.0,udp,0.0,,cs0,,63.0,,1.0,,Status,1,1,0,42,42,0,42.0,0.0,0.0,0.0,0.0,0,0,0,0.0,,,0.0,0.0,0.0,REQ,,,,,0.0,0.0,0.0,0
321794,0.0,0.0,0.0,0.0,0.0,0.0,udp,0.0,,cs0,,63.0,,1.0,,Status,1,1,0,42,42,0,42.0,0.0,0.0,0.0,0.0,0,0,0,0.0,,,0.0,0.0,0.0,REQ,,,,,0.0,0.0,0.0,0
321962,0.0,0.0,0.0,0.0,0.0,0.0,udp,0.0,,cs0,,63.0,,1.0,,Status,1,1,0,42,42,0,42.0,0.0,0.0,0.0,0.0,0,0,0,0.0,,,0.0,0.0,0.0,REQ,,,,,0.0,0.0,0.0,0
322023,0.0,0.0,0.0,0.0,0.0,0.0,udp,0.0,,cs0,,63.0,,1.0,,Status,1,1,0,42,42,0,42.0,0.0,0.0,0.0,0.0,0,0,0,0.0,,,0.0,0.0,0.0,REQ,,,,,0.0,0.0,0.0,0
322038,2.576942,2.576942,2.576942,2.576942,2.576942,2.576942,udp,0.0,,cs0,,63.0,,1.0,,Status,2,2,0,84,84,0,42.0,0.0,130.3871,130.3871,0.0,0,0,0,0.0,,,0.388057,0.388057,0.0,REQ,,,,,0.0,0.0,0.0,0
322050,0.0,0.0,0.0,0.0,0.0,0.0,udp,0.0,,cs0,,63.0,,1.0,,Status,1,1,0,42,42,0,42.0,0.0,0.0,0.0,0.0,0,0,0,0.0,,,0.0,0.0,0.0,REQ,,,,,0.0,0.0,0.0,0
322178,2.577917,2.577917,2.577917,2.577917,2.577917,2.577917,udp,0.0,,cs0,,63.0,,1.0,,Status,2,2,0,84,84,0,42.0,0.0,130.337784,130.337784,0.0,0,0,0,0.0,,,0.38791,0.38791,0.0,REQ,,,,,0.0,0.0,0.0,0
322284,0.0,0.0,0.0,0.0,0.0,0.0,udp,0.0,,cs0,,63.0,,1.0,,Status,1,1,0,42,42,0,42.0,0.0,0.0,0.0,0.0,0,0,0,0.0,,,0.0,0.0,0.0,REQ,,,,,0.0,0.0,0.0,0
322285,0.0,0.0,0.0,0.0,0.0,0.0,udp,0.0,,cs0,,63.0,,1.0,,Status,1,1,0,42,42,0,42.0,0.0,0.0,0.0,0.0,0,0,0,0.0,,,0.0,0.0,0.0,REQ,,,,,0.0,0.0,0.0,0
322347,2.578831,2.578831,2.578831,2.578831,2.578831,2.578831,udp,0.0,,cs0,,63.0,,1.0,,Status,2,2,0,84,84,0,42.0,0.0,130.291595,130.291595,0.0,0,0,0,0.0,,,0.387773,0.387773,0.0,REQ,,,,,0.0,0.0,0.0,0
322413,2.572245,2.572245,2.572245,2.572245,2.572245,2.572245,udp,0.0,,cs0,,63.0,,1.0,,Status,2,2,0,84,84,0,42.0,0.0,130.625198,130.625198,0.0,0,0,0,0.0,,,0.388765,0.388765,0.0,REQ,,,,,0.0,0.0,0.0,0
322447,0.0,0.0,0.0,0.0,0.0,0.0,udp,0.0,,cs0,,63.0,,1.0,,Start,1,1,0,42,42,0,42.0,0.0,0.0,0.0,0.0,0,0,0,0.0,,,0.0,0.0,0.0,INT,,,,,0.0,0.0,0.0,0
322550,0.0,0.0,0.0,0.0,0.0,0.0,udp,0.0,,cs0,,63.0,,1.0,,Start,1,1,0,42,42,0,42.0,0.0,0.0,0.0,0.0,0,0,0,0.0,,,0.0,0.0,0.0,INT,,,,,0.0,0.0,0.0,0
322578,2.577187,2.577187,2.577187,2.577187,2.577187,2.577187,udp,0.0,,cs0,,63.0,,1.0,,Status,2,2,0,84,84,0,42.0,0.0,130.37471,130.37471,0.0,0,0,0,0.0,,,0.38802,0.38802,0.0,REQ,,,,,0.0,0.0,0.0,0
322621,0.0,0.0,0.0,0.0,0.0,0.0,udp,0.0,,cs0,,63.0,,1.0,,Status,1,1,0,42,42,0,42.0,0.0,0.0,0.0,0.0,0,0,0,0.0,,,0.0,0.0,0.0,REQ,,,,,0.0,0.0,0.0,0
322700,2.577812,2.577812,2.577812,2.577812,2.577812,2.577812,udp,0.0,,cs0,,63.0,,1.0,,Status,2,2,0,84,84,0,42.0,0.0,130.343094,130.343094,0.0,0,0,0,0.0,,,0.387926,0.387926,0.0,REQ,,,,,0.0,0.0,0.0,0
322710,0.0,0.0,0.0,0.0,0.0,0.0,udp,0.0,,cs0,,63.0,,1.0,,Status,1,1,0,42,42,0,42.0,0.0,0.0,0.0,0.0,0,0,0,0.0,,,0.0,0.0,0.0,REQ,,,,,0.0,0.0,0.0,0
322807,2.578747,2.578747,2.578747,2.578747,2.578747,2.578747,udp,0.0,,cs0,,63.0,,1.0,,Status,2,2,0,84,84,0,42.0,0.0,130.295837,130.295837,0.0,0,0,0,0.0,,,0.387785,0.387785,0.0,REQ,,,,,0.0,0.0,0.0,0
322838,2.575469,2.575469,2.575469,2.575469,2.575469,2.575469,udp,0.0,,cs0,,63.0,,1.0,,Status,2,2,0,84,84,0,42.0,0.0,130.46167,130.46167,0.0,0,0,0,0.0,,,0.388279,0.388279,0.0,REQ,,,,,0.0,0.0,0.0,0
322850,0.0,0.0,0.0,0.0,0.0,0.0,udp,0.0,,cs0,,63.0,,1.0,,Status,1,1,0,42,42,0,42.0,0.0,0.0,0.0,0.0,0,0,0,0.0,,,0.0,0.0,0.0,REQ,,,,,0.0,0.0,0.0,0
322863,2.575385,2.575385,2.575385,2.575385,2.575385,2.575385,udp,0.0,,cs0,,63.0,,1.0,,Status,2,2,0,84,84,0,42.0,0.0,130.465927,130.465927,0.0,0,0,0,0.0,,,0.388291,0.388291,0.0,REQ,,,,,0.0,0.0,0.0,0
322918,2.574179,2.574179,2.574179,2.574179,2.574179,2.574179,udp,0.0,,cs0,,63.0,,1.0,,Status,2,2,0,84,84,0,42.0,0.0,130.527054,130.527054,0.0,0,0,0,0.0,,,0.388473,0.388473,0.0,REQ,,,,,0.0,0.0,0.0,0
322921,2.573198,2.573198,2.573198,2.573198,2.573198,2.573198,udp,0.0,,cs0,,63.0,,1.0,,Status,2,2,0,84,84,0,42.0,0.0,130.576813,130.576813,0.0,0,0,0,0.0,,,0.388621,0.388621,0.0,REQ,,,,,0.0,0.0,0.0,0
322922,2.570963,2.570963,2.570963,2.570963,2.570963,2.570963,udp,0.0,,cs0,,63.0,,1.0,,Status,2,2,0,84,84,0,42.0,0.0,130.690338,130.690338,0.0,0,0,0,0.0,,,0.388959,0.388959,0.0,REQ,,,,,0.0,0.0,0.0,0
322924,0.0,0.0,0.0,0.0,0.0,0.0,udp,0.0,,cs0,,63.0,,1.0,,Status,1,1,0,42,42,0,42.0,0.0,0.0,0.0,0.0,0,0,0,0.0,,,0.0,0.0,0.0,REQ,,,,,0.0,0.0,0.0,0
322958,2.5752,2.5752,2.5752,2.5752,2.5752,2.5752,udp,0.0,,cs0,,63.0,,1.0,,Status,2,2,0,84,84,0,42.0,0.0,130.475296,130.475296,0.0,0,0,0,0.0,,,0.388319,0.388319,0.0,REQ,,,,,0.0,0.0,0.0,0
323040,0.0,0.0,0.0,0.0,0.0,0.0,udp,0.0,,cs0,,63.0,,1.0,,Status,1,1,0,42,42,0,42.0,0.0,0.0,0.0,0.0,0,0,0,0.0,,,0.0,0.0,0.0,REQ,,,,,0.0,0.0,0.0,0
323090,0.0,0.0,0.0,0.0,0.0,0.0,udp,0.0,,cs0,,63.0,,1.0,,Status,1,1,0,42,42,0,42.0,0.0,0.0,0.0,0.0,0,0,0,0.0,,,0.0,0.0,0.0,REQ,,,,,0.0,0.0,0.0,0
323110,0.0,0.0,0.0,0.0,0.0,0.0,udp,0.0,,cs0,,63.0,,1.0,,Start,1,1,0,42,42,0,42.0,0.0,0.0,0.0,0.0,0,0,0,0.0,,,0.0,0.0,0.0,INT,,,,,0.0,0.0,0.0,0
323140,2.579151,2.579151,2.579151,2.579151,2.579151,2.579151,udp,0.0,,cs0,,63.0,,1.0,,Status,2,2,0,84,84,0,42.0,0.0,130.275436,130.275436,0.0,0,0,0,0.0,,,0.387724,0.387724,0.0,REQ,,,,,0.0,0.0,0.0,0
323167,0.0,0.0,0.0,0.0,0.0,0.0,udp,0.0,,cs0,,63.0,,1.0,,Status,1,1,0,42,42,0,42.0,0.0,0.0,0.0,0.0,0,0,0,0.0,,,0.0,0.0,0.0,REQ,,,,,0.0,0.0,0.0,0
323174,0.0,0.0,0.0,0.0,0.0,0.0,udp,0.0,,cs0,,63.0,,1.0,,Status,1,1,0,42,42,0,42.0,0.0,0.0,0.0,0.0,0,0,0,0.0,,,0.0,0.0,0.0,REQ,,,,,0.0,0.0,0.0,0
323228,2.576312,2.576312,2.576312,2.576312,2.576312,2.576312,udp,0.0,,cs0,,63.0,,1.0,,Status,2,2,0,84,84,0,42.0,0.0,130.418976,130.418976,0.0,0,0,0,0.0,,,0.388152,0.388152,0.0,REQ,,,,,0.0,0.0,0.0,0
323240,2.573004,2.573004,2.573004,2.573004,2.573004,2.573004,udp,0.0,,cs0,,63.0,,1.0,,Status,2,2,0,84,84,0,42.0,0.0,130.586655,130.586655,0.0,0,0,0,0.0,,,0.388651,0.388651,0.0,REQ,,,,,0.0,0.0,0.0,0
323290,2.574828,2.574828,2.574828,2.574828,2.574828,2.574828,udp,0.0,,cs0,,63.0,,1.0,,Status,2,2,0,84,84,0,42.0,0.0,130.494156,130.494156,0.0,0,0,0,0.0,,,0.388375,0.388375,0.0,REQ,,,,,0.0,0.0,0.0,0
323386,0.0,0.0,0.0,0.0,0.0,0.0,udp,0.0,,cs0,,63.0,,1.0,,Status,1,1,0,42,42,0,42.0,0.0,0.0,0.0,0.0,0,0,0,0.0,,,0.0,0.0,0.0,REQ,,,,,0.0,0.0,0.0,0
323398,0.0,0.0,0.0,0.0,0.0,0.0,udp,0.0,,cs0,,63.0,,1.0,,Status,1,1,0,42,42,0,42.0,0.0,0.0,0.0,0.0,0,0,0,0.0,,,0.0,0.0,0.0,REQ,,,,,0.0,0.0,0.0,0
323445,0.0,0.0,0.0,0.0,0.0,0.0,udp,0.0,,cs0,,63.0,,1.0,,Status,1,1,0,42,42,0,42.0,0.0,0.0,0.0,0.0,0,0,0,0.0,,,0.0,0.0,0.0,REQ,,,,,0.0,0.0,0.0,0
323460,0.0,0.0,0.0,0.0,0.0,0.0,udp,0.0,,cs0,,63.0,,1.0,,Status,1,1,0,42,42,0,42.0,0.0,0.0,0.0,0.0,0,0,0,0.0,,,0.0,0.0,0.0,REQ,,,,,0.0,0.0,0.0,0
323506,0.0,0.0,0.0,0.0,0.0,0.0,udp,0.0,,cs0,,63.0,,1.0,,Status,1,1,0,42,42,0,42.0,0.0,0.0,0.0,0.0,0,0,0,0.0,,,0.0,0.0,0.0,REQ,,,,,0.0,0.0,0.0,0
323510,0.0,0.0,0.0,0.0,0.0,0.0,udp,0.0,,cs0,,63.0,,1.0,,Status,1,1,0,42,42,0,42.0,0.0,0.0,0.0,0.0,0,0,0,0.0,,,0.0,0.0,0.0,REQ,,,,,0.0,0.0,0.0,0
323516,2.574826,2.574826,2.574826,2.574826,2.574826,2.574826,udp,0.0,,cs0,,63.0,,1.0,,Status,2,2,0,84,84,0,42.0,0.0,130.494247,130.494247,0.0,0,0,0,0.0,,,0.388376,0.388376,0.0,REQ,,,,,0.0,0.0,0.0,0
323537,0.0,0.0,0.0,0.0,0.0,0.0,udp,0.0,,cs0,,63.0,,1.0,,Status,1,1,0,42,42,0,42.0,0.0,0.0,0.0,0.0,0,0,0,0.0,,,0.0,0.0,0.0,REQ,,,,,0.0,0.0,0.0,0
323558,0.0,0.0,0.0,0.0,0.0,0.0,udp,0.0,,cs0,,63.0,,1.0,,Status,1,1,0,42,42,0,42.0,0.0,0.0,0.0,0.0,0,0,0,0.0,,,0.0,0.0,0.0,REQ,,,,,0.0,0.0,0.0,0
323565,2.579183,2.579183,2.579183,2.579183,2.579183,2.579183,udp,0.0,,cs0,,63.0,,1.0,,Status,2,2,0,84,84,0,42.0,0.0,130.273804,130.273804,0.0,0,0,0,0.0,,,0.38772,0.38772,0.0,REQ,,,,,0.0,0.0,0.0,0
323591,2.575702,2.575702,2.575702,2.575702,2.575702,2.575702,udp,0.0,,cs0,,63.0,,1.0,,Status,2,2,0,84,84,0,42.0,0.0,130.449875,130.449875,0.0,0,0,0,0.0,,,0.388244,0.388244,0.0,REQ,,,,,0.0,0.0,0.0,0
323600,0.0,0.0,0.0,0.0,0.0,0.0,udp,0.0,,cs0,,63.0,,1.0,,Start,1,1,0,42,42,0,42.0,0.0,0.0,0.0,0.0,0,0,0,0.0,,,0.0,0.0,0.0,INT,,,,,0.0,0.0,0.0,0
323641,0.0,0.0,0.0,0.0,0.0,0.0,udp,0.0,,cs0,,63.0,,1.0,,Status,1,1,0,42,42,0,42.0,0.0,0.0,0.0,0.0,0,0,0,0.0,,,0.0,0.0,0.0,REQ,,,,,0.0,0.0,0.0,0
323808,0.0,0.0,0.0,0.0,0.0,0.0,udp,0.0,,cs0,,63.0,,1.0,,Status,1,1,0,42,42,0,42.0,0.0,0.0,0.0,0.0,0,0,0,0.0,,,0.0,0.0,0.0,REQ,,,,,0.0,0.0,0.0,0
323820,2.576553,2.576553,2.576553,2.576553,2.576553,2.576553,udp,0.0,,cs0,,63.0,,1.0,,Status,2,2,0,84,84,0,42.0,0.0,130.406784,130.406784,0.0,0,0,0,0.0,,,0.388115,0.388115,0.0,REQ,,,,,0.0,0.0,0.0,0
323924,0.0,0.0,0.0,0.0,0.0,0.0,udp,0.0,,cs0,,63.0,,1.0,,Status,1,1,0,42,42,0,42.0,0.0,0.0,0.0,0.0,0,0,0,0.0,,,0.0,0.0,0.0,REQ,,,,,0.0,0.0,0.0,0
323948,0.0,0.0,0.0,0.0,0.0,0.0,udp,0.0,,cs0,,63.0,,1.0,,Status,1,1,0,42,42,0,42.0,0.0,0.0,0.0,0.0,0,0,0,0.0,,,0.0,0.0,0.0,REQ,,,,,0.0,0.0,0.0,0
323998,2.577252,2.577252,2.577252,2.577252,2.577252,2.577252,udp,0.0,,cs0,,63.0,,1.0,,Status,2,2,0,84,84,0,42.0,0.0,130.371429,130.371429,0.0,0,0,0,0.0,,,0.38801,0.38801,0.0,REQ,,,,,0.0,0.0,0.0,0
324028,0.0,0.0,0.0,0.0,0.0,0.0,udp,0.0,,cs0,,63.0,,1.0,,Status,1,1,0,42,42,0,42.0,0.0,0.0,0.0,0.0,0,0,0,0.0,,,0.0,0.0,0.0,REQ,,,,,0.0,0.0,0.0,0
324039,0.0,0.0,0.0,0.0,0.0,0.0,udp,0.0,,cs0,,63.0,,1.0,,Status,1,1,0,42,42,0,42.0,0.0,0.0,0.0,0.0,0,0,0,0.0,,,0.0,0.0,0.0,REQ,,,,,0.0,0.0,0.0,0
324062,2.577688,2.577688,2.577688,2.577688,2.577688,2.577688,udp,0.0,,cs0,,63.0,,1.0,,Start,2,2,0,84,84,0,42.0,0.0,130.349365,130.349365,0.0,0,0,0,0.0,,,0.387945,0.387945,0.0,INT,,,,,0.0,0.0,0.0,0
324072,0.0,0.0,0.0,0.0,0.0,0.0,udp,0.0,,cs0,,63.0,,1.0,,Status,1,1,0,42,42,0,42.0,0.0,0.0,0.0,0.0,0,0,0,0.0,,,0.0,0.0,0.0,REQ,,,,,0.0,0.0,0.0,0
324078,0.0,0.0,0.0,0.0,0.0,0.0,udp,0.0,,cs0,,63.0,,1.0,,Status,1,1,0,42,42,0,42.0,0.0,0.0,0.0,0.0,0,0,0,0.0,,,0.0,0.0,0.0,REQ,,,,,0.0,0.0,0.0,0
324140,0.0,0.0,0.0,0.0,0.0,0.0,udp,0.0,,cs0,,63.0,,1.0,,Start,1,1,0,42,42,0,42.0,0.0,0.0,0.0,0.0,0,0,0,0.0,,,0.0,0.0,0.0,INT,,,,,0.0,0.0,0.0,0
324159,2.575482,2.575482,2.575482,2.575482,2.575482,2.575482,udp,0.0,,cs0,,63.0,,1.0,,Status,2,2,0,84,84,0,42.0,0.0,130.461029,130.461029,0.0,0,0,0,0.0,,,0.388277,0.388277,0.0,REQ,,,,,0.0,0.0,0.0,0
324202,0.0,0.0,0.0,0.0,0.0,0.0,udp,0.0,,cs0,,63.0,,1.0,,Status,1,1,0,42,42,0,42.0,0.0,0.0,0.0,0.0,0,0,0,0.0,,,0.0,0.0,0.0,REQ,,,,,0.0,0.0,0.0,0
324265,0.0,0.0,0.0,0.0,0.0,0.0,udp,0.0,,cs0,,63.0,,1.0,,Status,1,1,0,42,42,0,42.0,0.0,0.0,0.0,0.0,0,0,0,0.0,,,0.0,0.0,0.0,REQ,,,,,0.0,0.0,0.0,0
324278,2.575144,2.575144,2.575144,2.575144,2.575144,2.575144,udp,0.0,,cs0,,63.0,,1.0,,Start,2,2,0,84,84,0,42.0,0.0,130.478134,130.478134,0.0,0,0,0,0.0,,,0.388328,0.388328,0.0,INT,,,,,0.0,0.0,0.0,0
324328,2.574866,2.574866,2.574866,2.574866,2.574866,2.574866,udp,0.0,,cs0,,63.0,,1.0,,Status,2,2,0,84,84,0,42.0,0.0,130.492218,130.492218,0.0,0,0,0,0.0,,,0.38837,0.38837,0.0,REQ,,,,,0.0,0.0,0.0,0
324372,2.582837,2.582837,2.582837,2.582837,2.582837,2.582837,udp,0.0,,cs0,,63.0,,1.0,,Status,2,2,0,84,84,0,42.0,0.0,130.089508,130.089508,0.0,0,0,0,0.0,,,0.387171,0.387171,0.0,REQ,,,,,0.0,0.0,0.0,0
324380,2.580458,2.580458,2.580458,2.580458,2.580458,2.580458,udp,0.0,,cs0,,63.0,,1.0,,Status,2,2,0,84,84,0,42.0,0.0,130.209442,130.209442,0.0,0,0,0,0.0,,,0.387528,0.387528,0.0,REQ,,,,,0.0,0.0,0.0,0
324386,2.578368,2.578368,2.578368,2.578368,2.578368,2.578368,udp,0.0,,cs0,,63.0,,1.0,,Status,2,2,0,84,84,0,42.0,0.0,130.314987,130.314987,0.0,0,0,0,0.0,,,0.387842,0.387842,0.0,REQ,,,,,0.0,0.0,0.0,0
324411,2.577358,2.577358,2.577358,2.577358,2.577358,2.577358,udp,0.0,,cs0,,63.0,,1.0,,Status,2,2,0,84,84,0,42.0,0.0,130.366058,130.366058,0.0,0,0,0,0.0,,,0.387994,0.387994,0.0,REQ,,,,,0.0,0.0,0.0,0
324471,0.0,0.0,0.0,0.0,0.0,0.0,udp,0.0,,cs0,,63.0,,1.0,,Status,1,1,0,42,42,0,42.0,0.0,0.0,0.0,0.0,0,0,0,0.0,,,0.0,0.0,0.0,REQ,,,,,0.0,0.0,0.0,0
324494,2.576534,2.576534,2.576534,2.576534,2.576534,2.576534,udp,0.0,,cs0,,63.0,,1.0,,Status,2,2,0,84,84,0,42.0,0.0,130.407745,130.407745,0.0,0,0,0,0.0,,,0.388118,0.388118,0.0,REQ,,,,,0.0,0.0,0.0,0
324569,0.0,0.0,0.0,0.0,0.0,0.0,udp,0.0,,cs0,,63.0,,1.0,,Start,1,1,0,42,42,0,42.0,0.0,0.0,0.0,0.0,0,0,0,0.0,,,0.0,0.0,0.0,INT,,,,,0.0,0.0,0.0,0
324620,0.0,0.0,0.0,0.0,0.0,0.0,udp,0.0,,cs0,,63.0,,1.0,,Status,1,1,0,42,42,0,42.0,0.0,0.0,0.0,0.0,0,0,0,0.0,,,0.0,0.0,0.0,REQ,,,,,0.0,0.0,0.0,0
324621,0.0,0.0,0.0,0.0,0.0,0.0,udp,0.0,,cs0,,63.0,,1.0,,Status,1,1,0,42,42,0,42.0,0.0,0.0,0.0,0.0,0,0,0,0.0,,,0.0,0.0,0.0,REQ,,,,,0.0,0.0,0.0,0
324650,0.0,0.0,0.0,0.0,0.0,0.0,udp,0.0,,cs0,,63.0,,1.0,,Status,1,1,0,42,42,0,42.0,0.0,0.0,0.0,0.0,0,0,0,0.0,,,0.0,0.0,0.0,REQ,,,,,0.0,0.0,0.0,0
324751,2.567042,2.567042,2.567042,2.567042,2.567042,2.567042,udp,0.0,,cs0,,63.0,,1.0,,Status,2,2,0,84,84,0,42.0,0.0,130.889938,130.889938,0.0,0,0,0,0.0,,,0.389553,0.389553,0.0,REQ,,,,,0.0,0.0,0.0,0
324776,0.0,0.0,0.0,0.0,0.0,0.0,udp,0.0,,cs0,,63.0,,1.0,,Status,1,1,0,42,42,0,42.0,0.0,0.0,0.0,0.0,0,0,0,0.0,,,0.0,0.0,0.0,REQ,,,,,0.0,0.0,0.0,0
324846,2.577929,2.577929,2.577929,2.577929,2.577929,2.577929,udp,0.0,,cs0,,63.0,,1.0,,Status,2,2,0,84,84,0,42.0,0.0,130.337173,130.337173,0.0,0,0,0,0.0,,,0.387908,0.387908,0.0,REQ,,,,,0.0,0.0,0.0,0
324949,0.0,0.0,0.0,0.0,0.0,0.0,udp,0.0,,cs0,,63.0,,1.0,,Status,1,1,0,42,42,0,42.0,0.0,0.0,0.0,0.0,0,0,0,0.0,,,0.0,0.0,0.0,REQ,,,,,0.0,0.0,0.0,0
324960,0.0,0.0,0.0,0.0,0.0,0.0,udp,0.0,,cs0,,63.0,,1.0,,Status,1,1,0,42,42,0,42.0,0.0,0.0,0.0,0.0,0,0,0,0.0,,,0.0,0.0,0.0,REQ,,,,,0.0,0.0,0.0,0
324995,2.577165,2.577165,2.577165,2.577165,2.577165,2.577165,udp,0.0,,cs0,,63.0,,1.0,,Status,2,2,0,84,84,0,42.0,0.0,130.375824,130.375824,0.0,0,0,0,0.0,,,0.388023,0.388023,0.0,REQ,,,,,0.0,0.0,0.0,0
325007,2.577251,2.577251,2.577251,2.577251,2.577251,2.577251,udp,0.0,,cs0,,63.0,,1.0,,Status,2,2,0,84,84,0,42.0,0.0,130.371475,130.371475,0.0,0,0,0,0.0,,,0.38801,0.38801,0.0,REQ,,,,,0.0,0.0,0.0,0
325024,2.577264,2.577264,2.577264,2.577264,2.577264,2.577264,udp,0.0,,cs0,,63.0,,1.0,,Status,2,2,0,84,84,0,42.0,0.0,130.370804,130.370804,0.0,0,0,0,0.0,,,0.388008,0.388008,0.0,REQ,,,,,0.0,0.0,0.0,0
325034,2.571302,2.571302,2.571302,2.571302,2.571302,2.571302,udp,0.0,,cs0,,63.0,,1.0,,Status,2,2,0,84,84,0,42.0,0.0,130.673096,130.673096,0.0,0,0,0,0.0,,,0.388908,0.388908,0.0,REQ,,,,,0.0,0.0,0.0,0
325042,0.0,0.0,0.0,0.0,0.0,0.0,udp,0.0,,cs0,,63.0,,1.0,,Status,1,1,0,42,42,0,42.0,0.0,0.0,0.0,0.0,0,0,0,0.0,,,0.0,0.0,0.0,REQ,,,,,0.0,0.0,0.0,0
325044,0.0,0.0,0.0,0.0,0.0,0.0,udp,0.0,,cs0,,63.0,,1.0,,Status,1,1,0,42,42,0,42.0,0.0,0.0,0.0,0.0,0,0,0,0.0,,,0.0,0.0,0.0,REQ,,,,,0.0,0.0,0.0,0
325096,0.0,0.0,0.0,0.0,0.0,0.0,udp,0.0,,cs0,,63.0,,1.0,,Status,1,1,0,42,42,0,42.0,0.0,0.0,0.0,0.0,0,0,0,0.0,,,0.0,0.0,0.0,REQ,,,,,0.0,0.0,0.0,0
325105,0.0,0.0,0.0,0.0,0.0,0.0,udp,0.0,,cs0,,63.0,,1.0,,Status,1,1,0,42,42,0,42.0,0.0,0.0,0.0,0.0,0,0,0,0.0,,,0.0,0.0,0.0,REQ,,,,,0.0,0.0,0.0,0
325188,2.578027,2.578027,2.578027,2.578027,2.578027,2.578027,udp,0.0,,cs0,,63.0,,1.0,,Status,2,2,0,84,84,0,42.0,0.0,130.33223,130.33223,0.0,0,0,0,0.0,,,0.387894,0.387894,0.0,REQ,,,,,0.0,0.0,0.0,0
325265,0.0,0.0,0.0,0.0,0.0,0.0,udp,0.0,,cs0,,63.0,,1.0,,Status,1,1,0,42,42,0,42.0,0.0,0.0,0.0,0.0,0,0,0,0.0,,,0.0,0.0,0.0,REQ,,,,,0.0,0.0,0.0,0
325322,0.0,0.0,0.0,0.0,0.0,0.0,udp,0.0,,cs0,,63.0,,1.0,,Status,1,1,0,42,42,0,42.0,0.0,0.0,0.0,0.0,0,0,0,0.0,,,0.0,0.0,0.0,REQ,,,,,0.0,0.0,0.0,0
325338,2.574386,2.574386,2.574386,2.574386,2.574386,2.574386,udp,0.0,,cs0,,63.0,,1.0,,Status,2,2,0,84,84,0,42.0,0.0,130.516571,130.516571,0.0,0,0,0,0.0,,,0.388442,0.388442,0.0,REQ,,,,,0.0,0.0,0.0,0
325340,2.573395,2.573395,2.573395,2.573395,2.573395,2.573395,udp,0.0,,cs0,,63.0,,1.0,,Status,2,2,0,84,84,0,42.0,0.0,130.566818,130.566818,0.0,0,0,0,0.0,,,0.388592,0.388592,0.0,REQ,,,,,0.0,0.0,0.0,0
325341,2.573395,2.573395,2.573395,2.573395,2.573395,2.573395,udp,0.0,,cs0,,63.0,,1.0,,Status,2,2,0,84,84,0,42.0,0.0,130.566818,130.566818,0.0,0,0,0,0.0,,,0.388592,0.388592,0.0,REQ,,,,,0.0,0.0,0.0,0
325366,0.0,0.0,0.0,0.0,0.0,0.0,udp,0.0,,cs0,,63.0,,1.0,,Status,1,1,0,42,42,0,42.0,0.0,0.0,0.0,0.0,0,0,0,0.0,,,0.0,0.0,0.0,REQ,,,,,0.0,0.0,0.0,0
325377,0.0,0.0,0.0,0.0,0.0,0.0,udp,0.0,,cs0,,63.0,,1.0,,Status,1,1,0,42,42,0,42.0,0.0,0.0,0.0,0.0,0,0,0,0.0,,,0.0,0.0,0.0,REQ,,,,,0.0,0.0,0.0,0
325441,2.57518,2.57518,2.57518,2.57518,2.57518,2.57518,udp,0.0,,cs0,,63.0,,1.0,,Status,2,2,0,84,84,0,42.0,0.0,130.476318,130.476318,0.0,0,0,0,0.0,,,0.388322,0.388322,0.0,REQ,,,,,0.0,0.0,0.0,0
325502,2.578902,2.578902,2.578902,2.578902,2.578902,2.578902,udp,0.0,,cs0,,63.0,,1.0,,Status,2,2,0,84,84,0,42.0,0.0,130.28801,130.28801,0.0,0,0,0,0.0,,,0.387762,0.387762,0.0,REQ,,,,,0.0,0.0,0.0,0
325505,0.0,0.0,0.0,0.0,0.0,0.0,udp,0.0,,cs0,,63.0,,1.0,,Start,1,1,0,42,42,0,42.0,0.0,0.0,0.0,0.0,0,0,0,0.0,,,0.0,0.0,0.0,INT,,,,,0.0,0.0,0.0,0
325548,2.574179,2.574179,2.574179,2.574179,2.574179,2.574179,udp,0.0,,cs0,,63.0,,1.0,,Status,2,2,0,84,84,0,42.0,0.0,130.527054,130.527054,0.0,0,0,0,0.0,,,0.388473,0.388473,0.0,REQ,,,,,0.0,0.0,0.0,0
325575,2.577975,2.577975,2.577975,2.577975,2.577975,2.577975,udp,0.0,,cs0,,63.0,,1.0,,Status,2,2,0,84,84,0,42.0,0.0,130.334854,130.334854,0.0,0,0,0,0.0,,,0.387901,0.387901,0.0,REQ,,,,,0.0,0.0,0.0,0
325582,2.577931,2.577931,2.577931,2.577931,2.577931,2.577931,udp,0.0,,cs0,,63.0,,1.0,,Start,2,2,0,84,84,0,42.0,0.0,130.337082,130.337082,0.0,0,0,0,0.0,,,0.387908,0.387908,0.0,INT,,,,,0.0,0.0,0.0,0
325598,0.0,0.0,0.0,0.0,0.0,0.0,udp,0.0,,cs0,,63.0,,1.0,,Status,1,1,0,42,42,0,42.0,0.0,0.0,0.0,0.0,0,0,0,0.0,,,0.0,0.0,0.0,REQ,,,,,0.0,0.0,0.0,0
325814,2.578645,2.578645,2.578645,2.578645,2.578645,2.578645,udp,0.0,,cs0,,63.0,,1.0,,Status,2,2,0,84,84,0,42.0,0.0,130.300995,130.300995,0.0,0,0,0,0.0,,,0.387801,0.387801,0.0,REQ,,,,,0.0,0.0,0.0,0
325849,2.576045,2.576045,2.576045,2.576045,2.576045,2.576045,udp,0.0,,cs0,,63.0,,1.0,,Start,2,2,0,84,84,0,42.0,0.0,130.432495,130.432495,0.0,0,0,0,0.0,,,0.388192,0.388192,0.0,INT,,,,,0.0,0.0,0.0,0
325854,2.574057,2.574057,2.574057,2.574057,2.574057,2.574057,udp,0.0,,cs0,,63.0,,1.0,,Start,2,2,0,84,84,0,42.0,0.0,130.533234,130.533234,0.0,0,0,0,0.0,,,0.388492,0.388492,0.0,INT,,,,,0.0,0.0,0.0,0
325856,2.573203,2.573203,2.573203,2.573203,2.573203,2.573203,udp,0.0,,cs0,,63.0,,1.0,,Start,2,2,0,84,84,0,42.0,0.0,130.576553,130.576553,0.0,0,0,0,0.0,,,0.388621,0.388621,0.0,INT,,,,,0.0,0.0,0.0,0
325872,0.0,0.0,0.0,0.0,0.0,0.0,udp,0.0,,cs0,,63.0,,1.0,,Status,1,1,0,42,42,0,42.0,0.0,0.0,0.0,0.0,0,0,0,0.0,,,0.0,0.0,0.0,REQ,,,,,0.0,0.0,0.0,0
325893,2.576964,2.576964,2.576964,2.576964,2.576964,2.576964,udp,0.0,,cs0,,63.0,,1.0,,Status,2,2,0,84,84,0,42.0,0.0,130.386002,130.386002,0.0,0,0,0,0.0,,,0.388054,0.388054,0.0,REQ,,,,,0.0,0.0,0.0,0
326018,2.575959,2.575959,2.575959,2.575959,2.575959,2.575959,udp,0.0,,cs0,,63.0,,1.0,,Status,2,2,0,84,84,0,42.0,0.0,130.436859,130.436859,0.0,0,0,0,0.0,,,0.388205,0.388205,0.0,REQ,,,,,0.0,0.0,0.0,0
326051,0.0,0.0,0.0,0.0,0.0,0.0,udp,0.0,,cs0,,63.0,,1.0,,Status,1,1,0,42,42,0,42.0,0.0,0.0,0.0,0.0,0,0,0,0.0,,,0.0,0.0,0.0,REQ,,,,,0.0,0.0,0.0,0
326057,2.576202,2.576202,2.576202,2.576202,2.576202,2.576202,udp,0.0,,cs0,,63.0,,1.0,,Status,2,2,0,84,84,0,42.0,0.0,130.424561,130.424561,0.0,0,0,0,0.0,,,0.388168,0.388168,0.0,REQ,,,,,0.0,0.0,0.0,0
326065,0.0,0.0,0.0,0.0,0.0,0.0,udp,0.0,,cs0,,63.0,,1.0,,Status,1,1,0,42,42,0,42.0,0.0,0.0,0.0,0.0,0,0,0,0.0,,,0.0,0.0,0.0,REQ,,,,,0.0,0.0,0.0,0
326086,0.0,0.0,0.0,0.0,0.0,0.0,udp,0.0,,cs0,,63.0,,1.0,,Status,1,1,0,42,42,0,42.0,0.0,0.0,0.0,0.0,0,0,0,0.0,,,0.0,0.0,0.0,REQ,,,,,0.0,0.0,0.0,0
326114,0.0,0.0,0.0,0.0,0.0,0.0,udp,0.0,,cs0,,63.0,,1.0,,Start,1,1,0,42,42,0,42.0,0.0,0.0,0.0,0.0,0,0,0,0.0,,,0.0,0.0,0.0,INT,,,,,0.0,0.0,0.0,0
326149,0.0,0.0,0.0,0.0,0.0,0.0,udp,0.0,,cs0,,63.0,,1.0,,Start,1,1,0,42,42,0,42.0,0.0,0.0,0.0,0.0,0,0,0,0.0,,,0.0,0.0,0.0,INT,,,,,0.0,0.0,0.0,0
326154,0.0,0.0,0.0,0.0,0.0,0.0,udp,0.0,,cs0,,63.0,,1.0,,Start,1,1,0,42,42,0,42.0,0.0,0.0,0.0,0.0,0,0,0,0.0,,,0.0,0.0,0.0,INT,,,,,0.0,0.0,0.0,0
326201,2.57308,2.57308,2.57308,2.57308,2.57308,2.57308,udp,0.0,,cs0,,63.0,,1.0,,Status,2,2,0,84,84,0,42.0,0.0,130.582794,130.582794,0.0,0,0,0,0.0,,,0.388639,0.388639,0.0,REQ,,,,,0.0,0.0,0.0,0
326257,2.57498,2.57498,2.57498,2.57498,2.57498,2.57498,udp,0.0,,cs0,,63.0,,1.0,,Status,2,2,0,84,84,0,42.0,0.0,130.48645,130.48645,0.0,0,0,0,0.0,,,0.388353,0.388353,0.0,REQ,,,,,0.0,0.0,0.0,0
326359,2.58074,2.58074,2.58074,2.58074,2.58074,2.58074,udp,0.0,,cs0,,63.0,,1.0,,Status,2,2,0,84,84,0,42.0,0.0,130.195221,130.195221,0.0,0,0,0,0.0,,,0.387486,0.387486,0.0,REQ,,,,,0.0,0.0,0.0,0
326365,2.580094,2.580094,2.580094,2.580094,2.580094,2.580094,udp,0.0,,cs0,,63.0,,1.0,,Status,2,2,0,84,84,0,42.0,0.0,130.227814,130.227814,0.0,0,0,0,0.0,,,0.387583,0.387583,0.0,REQ,,,,,0.0,0.0,0.0,0
326370,2.578179,2.578179,2.578179,2.578179,2.578179,2.578179,udp,0.0,,cs0,,63.0,,1.0,,Status,2,2,0,84,84,0,42.0,0.0,130.324554,130.324554,0.0,0,0,0,0.0,,,0.387871,0.387871,0.0,REQ,,,,,0.0,0.0,0.0,0
326371,2.578179,2.578179,2.578179,2.578179,2.578179,2.578179,udp,0.0,,cs0,,63.0,,1.0,,Status,2,2,0,84,84,0,42.0,0.0,130.324554,130.324554,0.0,0,0,0,0.0,,,0.387871,0.387871,0.0,REQ,,,,,0.0,0.0,0.0,0
326376,2.576108,2.576108,2.576108,2.576108,2.576108,2.576108,udp,0.0,,cs0,,63.0,,1.0,,Status,2,2,0,84,84,0,42.0,0.0,130.429321,130.429321,0.0,0,0,0,0.0,,,0.388182,0.388182,0.0,REQ,,,,,0.0,0.0,0.0,0
326417,0.0,0.0,0.0,0.0,0.0,0.0,udp,0.0,,cs0,,63.0,,1.0,,Status,1,1,0,42,42,0,42.0,0.0,0.0,0.0,0.0,0,0,0,0.0,,,0.0,0.0,0.0,REQ,,,,,0.0,0.0,0.0,0
326479,0.0,0.0,0.0,0.0,0.0,0.0,udp,0.0,,cs0,,63.0,,1.0,,Start,1,1,0,42,42,0,42.0,0.0,0.0,0.0,0.0,0,0,0,0.0,,,0.0,0.0,0.0,INT,,,,,0.0,0.0,0.0,0
326487,2.577966,2.577966,2.577966,2.577966,2.577966,2.577966,udp,0.0,,cs0,,63.0,,1.0,,Status,2,2,0,84,84,0,42.0,0.0,130.335312,130.335312,0.0,0,0,0,0.0,,,0.387903,0.387903,0.0,REQ,,,,,0.0,0.0,0.0,0
326490,2.577956,2.577956,2.577956,2.577956,2.577956,2.577956,udp,0.0,,cs0,,63.0,,1.0,,Status,2,2,0,84,84,0,42.0,0.0,130.335815,130.335815,0.0,0,0,0,0.0,,,0.387904,0.387904,0.0,REQ,,,,,0.0,0.0,0.0,0
326502,2.582516,2.582516,2.582516,2.582516,2.582516,2.582516,udp,0.0,,cs0,,63.0,,1.0,,Status,2,2,0,84,84,0,42.0,0.0,130.105682,130.105682,0.0,0,0,0,0.0,,,0.387219,0.387219,0.0,REQ,,,,,0.0,0.0,0.0,0
326547,0.0,0.0,0.0,0.0,0.0,0.0,udp,0.0,,cs0,,63.0,,1.0,,Status,1,1,0,42,42,0,42.0,0.0,0.0,0.0,0.0,0,0,0,0.0,,,0.0,0.0,0.0,REQ,,,,,0.0,0.0,0.0,0
326751,2.576681,2.576681,2.576681,2.576681,2.576681,2.576681,udp,0.0,,cs0,,63.0,,1.0,,Status,2,2,0,84,84,0,42.0,0.0,130.400314,130.400314,0.0,0,0,0,0.0,,,0.388096,0.388096,0.0,REQ,,,,,0.0,0.0,0.0,0
326762,0.0,0.0,0.0,0.0,0.0,0.0,udp,0.0,,cs0,,63.0,,1.0,,Status,1,1,0,42,42,0,42.0,0.0,0.0,0.0,0.0,0,0,0,0.0,,,0.0,0.0,0.0,REQ,,,,,0.0,0.0,0.0,0
326828,0.0,0.0,0.0,0.0,0.0,0.0,udp,0.0,,cs0,,63.0,,1.0,,Status,1,1,0,42,42,0,42.0,0.0,0.0,0.0,0.0,0,0,0,0.0,,,0.0,0.0,0.0,REQ,,,,,0.0,0.0,0.0,0
326957,2.572083,2.572083,2.572083,2.572083,2.572083,2.572083,udp,0.0,,cs0,,63.0,,1.0,,Start,2,2,0,84,84,0,42.0,0.0,130.633423,130.633423,0.0,0,0,0,0.0,,,0.38879,0.38879,0.0,INT,,,,,0.0,0.0,0.0,0
326996,2.574732,2.574732,2.574732,2.574732,2.574732,2.574732,udp,0.0,,cs0,,63.0,,1.0,,Status,2,2,0,84,84,0,42.0,0.0,130.499008,130.499008,0.0,0,0,0,0.0,,,0.38839,0.38839,0.0,REQ,,,,,0.0,0.0,0.0,0
326999,2.574739,2.574739,2.574739,2.574739,2.574739,2.574739,udp,0.0,,cs0,,63.0,,1.0,,Status,2,2,0,84,84,0,42.0,0.0,130.498672,130.498672,0.0,0,0,0,0.0,,,0.388389,0.388389,0.0,REQ,,,,,0.0,0.0,0.0,0
327009,0.0,0.0,0.0,0.0,0.0,0.0,udp,0.0,,cs0,,63.0,,1.0,,Status,1,1,0,42,42,0,42.0,0.0,0.0,0.0,0.0,0,0,0,0.0,,,0.0,0.0,0.0,REQ,,,,,0.0,0.0,0.0,0
327010,2.574564,2.574564,2.574564,2.574564,2.574564,2.574564,udp,0.0,,cs0,,63.0,,1.0,,Status,2,2,0,84,84,0,42.0,0.0,130.507538,130.507538,0.0,0,0,0,0.0,,,0.388415,0.388415,0.0,REQ,,,,,0.0,0.0,0.0,0
327062,2.580702,2.580702,2.580702,2.580702,2.580702,2.580702,udp,0.0,,cs0,,63.0,,1.0,,Status,2,2,0,84,84,0,42.0,0.0,130.197128,130.197128,0.0,0,0,0,0.0,,,0.387491,0.387491,0.0,REQ,,,,,0.0,0.0,0.0,0
327063,2.58017,2.58017,2.58017,2.58017,2.58017,2.58017,udp,0.0,,cs0,,63.0,,1.0,,Status,2,2,0,84,84,0,42.0,0.0,130.223984,130.223984,0.0,0,0,0,0.0,,,0.387571,0.387571,0.0,REQ,,,,,0.0,0.0,0.0,0
327075,2.576269,2.576269,2.576269,2.576269,2.576269,2.576269,udp,0.0,,cs0,,63.0,,1.0,,Status,2,2,0,84,84,0,42.0,0.0,130.421173,130.421173,0.0,0,0,0,0.0,,,0.388158,0.388158,0.0,REQ,,,,,0.0,0.0,0.0,0
327157,2.573863,2.573863,2.573863,2.573863,2.573863,2.573863,udp,0.0,,cs0,,63.0,,1.0,,Status,2,2,0,84,84,0,42.0,0.0,130.543076,130.543076,0.0,0,0,0,0.0,,,0.388521,0.388521,0.0,REQ,,,,,0.0,0.0,0.0,0
327200,0.0,0.0,0.0,0.0,0.0,0.0,udp,0.0,,cs0,,63.0,,1.0,,Start,1,1,0,42,42,0,42.0,0.0,0.0,0.0,0.0,0,0,0,0.0,,,0.0,0.0,0.0,INT,,,,,0.0,0.0,0.0,0
327204,0.0,0.0,0.0,0.0,0.0,0.0,udp,0.0,,cs0,,63.0,,1.0,,Start,1,1,0,42,42,0,42.0,0.0,0.0,0.0,0.0,0,0,0,0.0,,,0.0,0.0,0.0,INT,,,,,0.0,0.0,0.0,0
327238,2.5712,2.5712,2.5712,2.5712,2.5712,2.5712,udp,0.0,,cs0,,63.0,,1.0,,Status,2,2,0,84,84,0,42.0,0.0,130.678284,130.678284,0.0,0,0,0,0.0,,,0.388923,0.388923,0.0,REQ,,,,,0.0,0.0,0.0,0
327242,2.571681,2.571681,2.571681,2.571681,2.571681,2.571681,udp,0.0,,cs0,,63.0,,1.0,,Status,2,2,0,84,84,0,42.0,0.0,130.653839,130.653839,0.0,0,0,0,0.0,,,0.388851,0.388851,0.0,REQ,,,,,0.0,0.0,0.0,0
327251,2.574695,2.574695,2.574695,2.574695,2.574695,2.574695,udp,0.0,,cs0,,63.0,,1.0,,Status,2,2,0,84,84,0,42.0,0.0,130.500885,130.500885,0.0,0,0,0,0.0,,,0.388395,0.388395,0.0,REQ,,,,,0.0,0.0,0.0,0
327289,2.574273,2.574273,2.574273,2.574273,2.574273,2.574273,udp,0.0,,cs0,,63.0,,1.0,,Start,2,2,0,84,84,0,42.0,0.0,130.522278,130.522278,0.0,0,0,0,0.0,,,0.388459,0.388459,0.0,INT,,,,,0.0,0.0,0.0,0
327349,0.0,0.0,0.0,0.0,0.0,0.0,udp,0.0,,cs0,,63.0,,1.0,,Status,1,1,0,42,42,0,42.0,0.0,0.0,0.0,0.0,0,0,0,0.0,,,0.0,0.0,0.0,REQ,,,,,0.0,0.0,0.0,0
327403,0.0,0.0,0.0,0.0,0.0,0.0,udp,0.0,,cs0,,63.0,,1.0,,Start,1,1,0,42,42,0,42.0,0.0,0.0,0.0,0.0,0,0,0,0.0,,,0.0,0.0,0.0,INT,,,,,0.0,0.0,0.0,0
327430,0.0,0.0,0.0,0.0,0.0,0.0,udp,0.0,,cs0,,63.0,,1.0,,Status,1,1,0,42,42,0,42.0,0.0,0.0,0.0,0.0,0,0,0,0.0,,,0.0,0.0,0.0,REQ,,,,,0.0,0.0,0.0,0
327480,2.573298,2.573298,2.573298,2.573298,2.573298,2.573298,udp,0.0,,cs0,,63.0,,1.0,,Status,2,2,0,84,84,0,42.0,0.0,130.571747,130.571747,0.0,0,0,0,0.0,,,0.388606,0.388606,0.0,REQ,,,,,0.0,0.0,0.0,0
327530,0.0,0.0,0.0,0.0,0.0,0.0,udp,0.0,,cs0,,63.0,,1.0,,Status,1,1,0,42,42,0,42.0,0.0,0.0,0.0,0.0,0,0,0,0.0,,,0.0,0.0,0.0,REQ,,,,,0.0,0.0,0.0,0
327583,0.0,0.0,0.0,0.0,0.0,0.0,udp,0.0,,cs0,,63.0,,1.0,,Status,1,1,0,42,42,0,42.0,0.0,0.0,0.0,0.0,0,0,0,0.0,,,0.0,0.0,0.0,REQ,,,,,0.0,0.0,0.0,0
327619,0.0,0.0,0.0,0.0,0.0,0.0,udp,0.0,,cs0,,63.0,,1.0,,Status,1,1,0,42,42,0,42.0,0.0,0.0,0.0,0.0,0,0,0,0.0,,,0.0,0.0,0.0,REQ,,,,,0.0,0.0,0.0,0
327630,0.0,0.0,0.0,0.0,0.0,0.0,udp,0.0,,cs0,,63.0,,1.0,,Status,1,1,0,42,42,0,42.0,0.0,0.0,0.0,0.0,0,0,0,0.0,,,0.0,0.0,0.0,REQ,,,,,0.0,0.0,0.0,0
327638,2.577776,2.577776,2.577776,2.577776,2.577776,2.577776,udp,0.0,,cs0,,63.0,,1.0,,Status,2,2,0,84,84,0,42.0,0.0,130.344925,130.344925,0.0,0,0,0,0.0,,,0.387931,0.387931,0.0,REQ,,,,,0.0,0.0,0.0,0
327671,2.57691,2.57691,2.57691,2.57691,2.57691,2.57691,udp,0.0,,cs0,,63.0,,1.0,,Status,2,2,0,84,84,0,42.0,0.0,130.388718,130.388718,0.0,0,0,0,0.0,,,0.388062,0.388062,0.0,REQ,,,,,0.0,0.0,0.0,0
327689,0.0,0.0,0.0,0.0,0.0,0.0,udp,0.0,,cs0,,63.0,,1.0,,Status,1,1,0,42,42,0,42.0,0.0,0.0,0.0,0.0,0,0,0,0.0,,,0.0,0.0,0.0,REQ,,,,,0.0,0.0,0.0,0
327719,2.578054,2.578054,2.578054,2.578054,2.578054,2.578054,udp,0.0,,cs0,,63.0,,1.0,,Status,2,2,0,84,84,0,42.0,0.0,130.330872,130.330872,0.0,0,0,0,0.0,,,0.387889,0.387889,0.0,REQ,,,,,0.0,0.0,0.0,0
327795,0.0,0.0,0.0,0.0,0.0,0.0,udp,0.0,,cs0,,63.0,,1.0,,Status,1,1,0,42,42,0,42.0,0.0,0.0,0.0,0.0,0,0,0,0.0,,,0.0,0.0,0.0,REQ,,,,,0.0,0.0,0.0,0
327850,2.57329,2.57329,2.57329,2.57329,2.57329,2.57329,udp,0.0,,cs0,,63.0,,1.0,,Start,2,2,0,84,84,0,42.0,0.0,130.572144,130.572144,0.0,0,0,0,0.0,,,0.388608,0.388608,0.0,INT,,,,,0.0,0.0,0.0,0
327872,0.0,0.0,0.0,0.0,0.0,0.0,udp,0.0,,cs0,,63.0,,1.0,,Status,1,1,0,42,42,0,42.0,0.0,0.0,0.0,0.0,0,0,0,0.0,,,0.0,0.0,0.0,REQ,,,,,0.0,0.0,0.0,0
327903,0.0,0.0,0.0,0.0,0.0,0.0,udp,0.0,,cs0,,63.0,,1.0,,Status,1,1,0,42,42,0,42.0,0.0,0.0,0.0,0.0,0,0,0,0.0,,,0.0,0.0,0.0,REQ,,,,,0.0,0.0,0.0,0
327958,2.57011,2.57011,2.57011,2.57011,2.57011,2.57011,udp,0.0,,cs0,,63.0,,1.0,,Status,2,2,0,84,84,0,42.0,0.0,130.733704,130.733704,0.0,0,0,0,0.0,,,0.389088,0.389088,0.0,REQ,,,,,0.0,0.0,0.0,0
327981,2.567085,2.567085,2.567085,2.567085,2.567085,2.567085,udp,0.0,,cs0,,63.0,,1.0,,Status,2,2,0,84,84,0,42.0,0.0,130.887756,130.887756,0.0,0,0,0,0.0,,,0.389547,0.389547,0.0,REQ,,,,,0.0,0.0,0.0,0
327983,0.0,0.0,0.0,0.0,0.0,0.0,udp,0.0,,cs0,,63.0,,1.0,,Status,1,1,0,42,42,0,42.0,0.0,0.0,0.0,0.0,0,0,0,0.0,,,0.0,0.0,0.0,REQ,,,,,0.0,0.0,0.0,0
327994,2.575162,2.575162,2.575162,2.575162,2.575162,2.575162,udp,0.0,,cs0,,63.0,,1.0,,Status,2,2,0,84,84,0,42.0,0.0,130.477234,130.477234,0.0,0,0,0,0.0,,,0.388325,0.388325,0.0,REQ,,,,,0.0,0.0,0.0,0
328032,2.575148,2.575148,2.575148,2.575148,2.575148,2.575148,udp,0.0,,cs0,,63.0,,1.0,,Status,2,2,0,84,84,0,42.0,0.0,130.477936,130.477936,0.0,0,0,0,0.0,,,0.388327,0.388327,0.0,REQ,,,,,0.0,0.0,0.0,0
328044,0.0,0.0,0.0,0.0,0.0,0.0,udp,0.0,,cs0,,63.0,,1.0,,Start,1,1,0,42,42,0,42.0,0.0,0.0,0.0,0.0,0,0,0,0.0,,,0.0,0.0,0.0,INT,,,,,0.0,0.0,0.0,0
328055,0.0,0.0,0.0,0.0,0.0,0.0,udp,0.0,,cs0,,63.0,,1.0,,Status,1,1,0,42,42,0,42.0,0.0,0.0,0.0,0.0,0,0,0,0.0,,,0.0,0.0,0.0,REQ,,,,,0.0,0.0,0.0,0
328081,0.0,0.0,0.0,0.0,0.0,0.0,udp,0.0,,cs0,,63.0,,1.0,,Status,1,1,0,42,42,0,42.0,0.0,0.0,0.0,0.0,0,0,0,0.0,,,0.0,0.0,0.0,REQ,,,,,0.0,0.0,0.0,0
328134,0.0,0.0,0.0,0.0,0.0,0.0,udp,0.0,,cs0,,63.0,,1.0,,Status,1,1,0,42,42,0,42.0,0.0,0.0,0.0,0.0,0,0,0,0.0,,,0.0,0.0,0.0,REQ,,,,,0.0,0.0,0.0,0
328171,0.0,0.0,0.0,0.0,0.0,0.0,udp,0.0,,cs0,,63.0,,1.0,,Status,1,1,0,42,42,0,42.0,0.0,0.0,0.0,0.0,0,0,0,0.0,,,0.0,0.0,0.0,REQ,,,,,0.0,0.0,0.0,0
328196,0.0,0.0,0.0,0.0,0.0,0.0,udp,0.0,,cs0,,63.0,,1.0,,Status,1,1,0,42,42,0,42.0,0.0,0.0,0.0,0.0,0,0,0,0.0,,,0.0,0.0,0.0,REQ,,,,,0.0,0.0,0.0,0
328228,2.575841,2.575841,2.575841,2.575841,2.575841,2.575841,udp,0.0,,cs0,,63.0,,1.0,,Status,2,2,0,84,84,0,42.0,0.0,130.442841,130.442841,0.0,0,0,0,0.0,,,0.388223,0.388223,0.0,REQ,,,,,0.0,0.0,0.0,0
328270,2.572755,2.572755,2.572755,2.572755,2.572755,2.572755,udp,0.0,,cs0,,63.0,,1.0,,Status,2,2,0,84,84,0,42.0,0.0,130.599289,130.599289,0.0,0,0,0,0.0,,,0.388688,0.388688,0.0,REQ,,,,,0.0,0.0,0.0,0
328378,2.571421,2.571421,2.571421,2.571421,2.571421,2.571421,udp,0.0,,cs0,,63.0,,1.0,,Start,2,2,0,84,84,0,42.0,0.0,130.667053,130.667053,0.0,0,0,0,0.0,,,0.38889,0.38889,0.0,INT,,,,,0.0,0.0,0.0,0
328433,2.576068,2.576068,2.576068,2.576068,2.576068,2.576068,udp,0.0,,cs0,,63.0,,1.0,,Status,2,2,0,84,84,0,42.0,0.0,130.431351,130.431351,0.0,0,0,0,0.0,,,0.388189,0.388189,0.0,REQ,,,,,0.0,0.0,0.0,0
328576,0.0,0.0,0.0,0.0,0.0,0.0,udp,0.0,,cs0,,63.0,,1.0,,Status,1,1,0,42,42,0,42.0,0.0,0.0,0.0,0.0,0,0,0,0.0,,,0.0,0.0,0.0,REQ,,,,,0.0,0.0,0.0,0
328601,0.0,0.0,0.0,0.0,0.0,0.0,udp,0.0,,cs0,,63.0,,1.0,,Status,1,1,0,42,42,0,42.0,0.0,0.0,0.0,0.0,0,0,0,0.0,,,0.0,0.0,0.0,REQ,,,,,0.0,0.0,0.0,0
328612,2.574605,2.574605,2.574605,2.574605,2.574605,2.574605,udp,0.0,,cs0,,63.0,,1.0,,Status,2,2,0,84,84,0,42.0,0.0,130.505463,130.505463,0.0,0,0,0,0.0,,,0.388409,0.388409,0.0,REQ,,,,,0.0,0.0,0.0,0
328682,0.0,0.0,0.0,0.0,0.0,0.0,udp,0.0,,cs0,,63.0,,1.0,,Start,1,1,0,42,42,0,42.0,0.0,0.0,0.0,0.0,0,0,0,0.0,,,0.0,0.0,0.0,INT,,,,,0.0,0.0,0.0,0
328689,2.572379,2.572379,2.572379,2.572379,2.572379,2.572379,udp,0.0,,cs0,,63.0,,1.0,,Status,2,2,0,84,84,0,42.0,0.0,130.618378,130.618378,0.0,0,0,0,0.0,,,0.388745,0.388745,0.0,REQ,,,,,0.0,0.0,0.0,0
328819,2.581134,2.581134,2.581134,2.581134,2.581134,2.581134,udp,0.0,,cs0,,63.0,,1.0,,Status,2,2,0,84,84,0,42.0,0.0,130.175339,130.175339,0.0,0,0,0,0.0,,,0.387427,0.387427,0.0,REQ,,,,,0.0,0.0,0.0,0
328838,0.0,0.0,0.0,0.0,0.0,0.0,udp,0.0,,cs0,,63.0,,1.0,,Status,1,1,0,42,42,0,42.0,0.0,0.0,0.0,0.0,0,0,0,0.0,,,0.0,0.0,0.0,REQ,,,,,0.0,0.0,0.0,0
328929,2.5749,2.5749,2.5749,2.5749,2.5749,2.5749,udp,0.0,,cs0,,63.0,,1.0,,Status,2,2,0,84,84,0,42.0,0.0,130.490509,130.490509,0.0,0,0,0,0.0,,,0.388365,0.388365,0.0,REQ,,,,,0.0,0.0,0.0,0
328968,2.571057,2.571057,2.571057,2.571057,2.571057,2.571057,udp,0.0,,cs0,,63.0,,1.0,,Status,2,2,0,84,84,0,42.0,0.0,130.685547,130.685547,0.0,0,0,0,0.0,,,0.388945,0.388945,0.0,REQ,,,,,0.0,0.0,0.0,0
329062,2.576058,2.576058,2.576058,2.576058,2.576058,2.576058,udp,0.0,,cs0,,63.0,,1.0,,Status,2,2,0,84,84,0,42.0,0.0,130.431854,130.431854,0.0,0,0,0,0.0,,,0.38819,0.38819,0.0,REQ,,,,,0.0,0.0,0.0,0
329070,0.0,0.0,0.0,0.0,0.0,0.0,udp,0.0,,cs0,,63.0,,1.0,,Status,1,1,0,42,42,0,42.0,0.0,0.0,0.0,0.0,0,0,0,0.0,,,0.0,0.0,0.0,REQ,,,,,0.0,0.0,0.0,0
329111,2.573951,2.573951,2.573951,2.573951,2.573951,2.573951,udp,0.0,,cs0,,63.0,,1.0,,Status,2,2,0,84,84,0,42.0,0.0,130.53862,130.53862,0.0,0,0,0,0.0,,,0.388508,0.388508,0.0,REQ,,,,,0.0,0.0,0.0,0
329122,2.574355,2.574355,2.574355,2.574355,2.574355,2.574355,udp,0.0,,cs0,,63.0,,1.0,,Status,2,2,0,84,84,0,42.0,0.0,130.518143,130.518143,0.0,0,0,0,0.0,,,0.388447,0.388447,0.0,REQ,,,,,0.0,0.0,0.0,0
329128,2.572273,2.572273,2.572273,2.572273,2.572273,2.572273,udp,0.0,,cs0,,63.0,,1.0,,Status,2,2,0,84,84,0,42.0,0.0,130.623764,130.623764,0.0,0,0,0,0.0,,,0.388761,0.388761,0.0,REQ,,,,,0.0,0.0,0.0,0
329179,2.575955,2.575955,2.575955,2.575955,2.575955,2.575955,udp,0.0,,cs0,,63.0,,1.0,,Status,2,2,0,84,84,0,42.0,0.0,130.437073,130.437073,0.0,0,0,0,0.0,,,0.388206,0.388206,0.0,REQ,,,,,0.0,0.0,0.0,0
329215,2.576053,2.576053,2.576053,2.576053,2.576053,2.576053,udp,0.0,,cs0,,63.0,,1.0,,Start,2,2,0,84,84,0,42.0,0.0,130.432098,130.432098,0.0,0,0,0,0.0,,,0.388191,0.388191,0.0,INT,,,,,0.0,0.0,0.0,0
329239,0.0,0.0,0.0,0.0,0.0,0.0,udp,0.0,,cs0,,63.0,,1.0,,Status,1,1,0,42,42,0,42.0,0.0,0.0,0.0,0.0,0,0,0,0.0,,,0.0,0.0,0.0,REQ,,,,,0.0,0.0,0.0,0
329261,2.570887,2.570887,2.570887,2.570887,2.570887,2.570887,udp,0.0,,cs0,,63.0,,1.0,,Status,2,2,0,84,84,0,42.0,0.0,130.694183,130.694183,0.0,0,0,0,0.0,,,0.388971,0.388971,0.0,REQ,,,,,0.0,0.0,0.0,0
329354,2.576167,2.576167,2.576167,2.576167,2.576167,2.576167,udp,0.0,,cs0,,63.0,,1.0,,Status,2,2,0,84,84,0,42.0,0.0,130.426315,130.426315,0.0,0,0,0,0.0,,,0.388174,0.388174,0.0,REQ,,,,,0.0,0.0,0.0,0
329477,0.0,0.0,0.0,0.0,0.0,0.0,udp,0.0,,cs0,,63.0,,1.0,,Status,1,1,0,42,42,0,42.0,0.0,0.0,0.0,0.0,0,0,0,0.0,,,0.0,0.0,0.0,REQ,,,,,0.0,0.0,0.0,0
329489,2.571626,2.571626,2.571626,2.571626,2.571626,2.571626,udp,0.0,,cs0,,63.0,,1.0,,Status,2,2,0,84,84,0,42.0,0.0,130.656631,130.656631,0.0,0,0,0,0.0,,,0.388859,0.388859,0.0,REQ,,,,,0.0,0.0,0.0,0
329556,2.574934,2.574934,2.574934,2.574934,2.574934,2.574934,udp,0.0,,cs0,,63.0,,1.0,,Status,2,2,0,84,84,0,42.0,0.0,130.488785,130.488785,0.0,0,0,0,0.0,,,0.388359,0.388359,0.0,REQ,,,,,0.0,0.0,0.0,0
329615,0.0,0.0,0.0,0.0,0.0,0.0,udp,0.0,,cs0,,63.0,,1.0,,Status,1,1,0,42,42,0,42.0,0.0,0.0,0.0,0.0,0,0,0,0.0,,,0.0,0.0,0.0,REQ,,,,,0.0,0.0,0.0,0
329634,0.0,0.0,0.0,0.0,0.0,0.0,udp,0.0,,cs0,,63.0,,1.0,,Status,1,1,0,42,42,0,42.0,0.0,0.0,0.0,0.0,0,0,0,0.0,,,0.0,0.0,0.0,REQ,,,,,0.0,0.0,0.0,0
329646,0.0,0.0,0.0,0.0,0.0,0.0,udp,0.0,,cs0,,63.0,,1.0,,Status,1,1,0,42,42,0,42.0,0.0,0.0,0.0,0.0,0,0,0,0.0,,,0.0,0.0,0.0,REQ,,,,,0.0,0.0,0.0,0
329655,0.0,0.0,0.0,0.0,0.0,0.0,udp,0.0,,cs0,,63.0,,1.0,,Status,1,1,0,42,42,0,42.0,0.0,0.0,0.0,0.0,0,0,0,0.0,,,0.0,0.0,0.0,REQ,,,,,0.0,0.0,0.0,0
329711,0.0,0.0,0.0,0.0,0.0,0.0,udp,0.0,,cs0,,63.0,,1.0,,Status,1,1,0,42,42,0,42.0,0.0,0.0,0.0,0.0,0,0,0,0.0,,,0.0,0.0,0.0,REQ,,,,,0.0,0.0,0.0,0
329714,0.0,0.0,0.0,0.0,0.0,0.0,udp,0.0,,cs0,,63.0,,1.0,,Status,1,1,0,42,42,0,42.0,0.0,0.0,0.0,0.0,0,0,0,0.0,,,0.0,0.0,0.0,REQ,,,,,0.0,0.0,0.0,0
329730,0.0,0.0,0.0,0.0,0.0,0.0,udp,0.0,,cs0,,63.0,,1.0,,Status,1,1,0,42,42,0,42.0,0.0,0.0,0.0,0.0,0,0,0,0.0,,,0.0,0.0,0.0,REQ,,,,,0.0,0.0,0.0,0
329736,0.0,0.0,0.0,0.0,0.0,0.0,udp,0.0,,cs0,,63.0,,1.0,,Status,1,1,0,42,42,0,42.0,0.0,0.0,0.0,0.0,0,0,0,0.0,,,0.0,0.0,0.0,REQ,,,,,0.0,0.0,0.0,0
329771,0.0,0.0,0.0,0.0,0.0,0.0,udp,0.0,,cs0,,63.0,,1.0,,Start,1,1,0,42,42,0,42.0,0.0,0.0,0.0,0.0,0,0,0,0.0,,,0.0,0.0,0.0,INT,,,,,0.0,0.0,0.0,0
329777,0.0,0.0,0.0,0.0,0.0,0.0,udp,0.0,,cs0,,63.0,,1.0,,Start,1,1,0,42,42,0,42.0,0.0,0.0,0.0,0.0,0,0,0,0.0,,,0.0,0.0,0.0,INT,,,,,0.0,0.0,0.0,0
329788,2.574367,2.574367,2.574367,2.574367,2.574367,2.574367,udp,0.0,,cs0,,63.0,,1.0,,Status,2,2,0,84,84,0,42.0,0.0,130.517517,130.517517,0.0,0,0,0,0.0,,,0.388445,0.388445,0.0,REQ,,,,,0.0,0.0,0.0,0
329797,0.0,0.0,0.0,0.0,0.0,0.0,udp,0.0,,cs0,,63.0,,1.0,,Status,1,1,0,42,42,0,42.0,0.0,0.0,0.0,0.0,0,0,0,0.0,,,0.0,0.0,0.0,REQ,,,,,0.0,0.0,0.0,0
329823,0.0,0.0,0.0,0.0,0.0,0.0,udp,0.0,,cs0,,63.0,,1.0,,Status,1,1,0,42,42,0,42.0,0.0,0.0,0.0,0.0,0,0,0,0.0,,,0.0,0.0,0.0,REQ,,,,,0.0,0.0,0.0,0
329889,0.0,0.0,0.0,0.0,0.0,0.0,udp,0.0,,cs0,,63.0,,1.0,,Status,1,1,0,42,42,0,42.0,0.0,0.0,0.0,0.0,0,0,0,0.0,,,0.0,0.0,0.0,REQ,,,,,0.0,0.0,0.0,0
330003,0.0,0.0,0.0,0.0,0.0,0.0,udp,0.0,,cs0,,63.0,,1.0,,Status,1,1,0,42,42,0,42.0,0.0,0.0,0.0,0.0,0,0,0,0.0,,,0.0,0.0,0.0,REQ,,,,,0.0,0.0,0.0,0
330067,2.572407,2.572407,2.572407,2.572407,2.572407,2.572407,udp,0.0,,cs0,,63.0,,1.0,,Status,2,2,0,84,84,0,42.0,0.0,130.616974,130.616974,0.0,0,0,0,0.0,,,0.388741,0.388741,0.0,REQ,,,,,0.0,0.0,0.0,0
330136,2.57605,2.57605,2.57605,2.57605,2.57605,2.57605,udp,0.0,,cs0,,63.0,,1.0,,Start,2,2,0,84,84,0,42.0,0.0,130.432251,130.432251,0.0,0,0,0,0.0,,,0.388191,0.388191,0.0,INT,,,,,0.0,0.0,0.0,0
330158,0.0,0.0,0.0,0.0,0.0,0.0,udp,0.0,,cs0,,63.0,,1.0,,Status,1,1,0,42,42,0,42.0,0.0,0.0,0.0,0.0,0,0,0,0.0,,,0.0,0.0,0.0,REQ,,,,,0.0,0.0,0.0,0
330319,0.0,0.0,0.0,0.0,0.0,0.0,udp,0.0,,cs0,,63.0,,1.0,,Status,1,1,0,42,42,0,42.0,0.0,0.0,0.0,0.0,0,0,0,0.0,,,0.0,0.0,0.0,REQ,,,,,0.0,0.0,0.0,0
330376,2.573021,2.573021,2.573021,2.573021,2.573021,2.573021,udp,0.0,,cs0,,63.0,,1.0,,Start,2,2,0,84,84,0,42.0,0.0,130.5858,130.5858,0.0,0,0,0,0.0,,,0.388648,0.388648,0.0,INT,,,,,0.0,0.0,0.0,0
330387,2.572949,2.572949,2.572949,2.572949,2.572949,2.572949,udp,0.0,,cs0,,63.0,,1.0,,Status,2,2,0,84,84,0,42.0,0.0,130.589462,130.589462,0.0,0,0,0,0.0,,,0.388659,0.388659,0.0,REQ,,,,,0.0,0.0,0.0,0
330445,2.570994,2.570994,2.570994,2.570994,2.570994,2.570994,udp,0.0,,cs0,,63.0,,1.0,,Status,2,2,0,84,84,0,42.0,0.0,130.688751,130.688751,0.0,0,0,0,0.0,,,0.388955,0.388955,0.0,REQ,,,,,0.0,0.0,0.0,0
330468,2.571141,2.571141,2.571141,2.571141,2.571141,2.571141,udp,0.0,,cs0,,63.0,,1.0,,Start,2,2,0,84,84,0,42.0,0.0,130.681274,130.681274,0.0,0,0,0,0.0,,,0.388932,0.388932,0.0,INT,,,,,0.0,0.0,0.0,0
330497,2.574215,2.574215,2.574215,2.574215,2.574215,2.574215,udp,0.0,,cs0,,63.0,,1.0,,Status,2,2,0,84,84,0,42.0,0.0,130.525238,130.525238,0.0,0,0,0,0.0,,,0.388468,0.388468,0.0,REQ,,,,,0.0,0.0,0.0,0
330499,0.0,0.0,0.0,0.0,0.0,0.0,udp,0.0,,cs0,,63.0,,1.0,,Status,1,1,0,42,42,0,42.0,0.0,0.0,0.0,0.0,0,0,0,0.0,,,0.0,0.0,0.0,REQ,,,,,0.0,0.0,0.0,0
330518,2.574311,2.574311,2.574311,2.574311,2.574311,2.574311,udp,0.0,,cs0,,63.0,,1.0,,Status,2,2,0,84,84,0,42.0,0.0,130.520355,130.520355,0.0,0,0,0,0.0,,,0.388453,0.388453,0.0,REQ,,,,,0.0,0.0,0.0,0
330538,0.0,0.0,0.0,0.0,0.0,0.0,udp,0.0,,cs0,,63.0,,1.0,,Status,1,1,0,42,42,0,42.0,0.0,0.0,0.0,0.0,0,0,0,0.0,,,0.0,0.0,0.0,REQ,,,,,0.0,0.0,0.0,0
330544,2.575752,2.575752,2.575752,2.575752,2.575752,2.575752,udp,0.0,,cs0,,63.0,,1.0,,Status,2,2,0,84,84,0,42.0,0.0,130.447342,130.447342,0.0,0,0,0,0.0,,,0.388236,0.388236,0.0,REQ,,,,,0.0,0.0,0.0,0
330660,2.572996,2.572996,2.572996,2.572996,2.572996,2.572996,udp,0.0,,cs0,,63.0,,1.0,,Status,2,2,0,84,84,0,42.0,0.0,130.587067,130.587067,0.0,0,0,0,0.0,,,0.388652,0.388652,0.0,REQ,,,,,0.0,0.0,0.0,0
330694,0.0,0.0,0.0,0.0,0.0,0.0,udp,0.0,,cs0,,63.0,,1.0,,Status,1,1,0,42,42,0,42.0,0.0,0.0,0.0,0.0,0,0,0,0.0,,,0.0,0.0,0.0,REQ,,,,,0.0,0.0,0.0,0
330698,2.574478,2.574478,2.574478,2.574478,2.574478,2.574478,udp,0.0,,cs0,,63.0,,1.0,,Start,2,2,0,84,84,0,42.0,0.0,130.511902,130.511902,0.0,0,0,0,0.0,,,0.388428,0.388428,0.0,INT,,,,,0.0,0.0,0.0,0
330717,2.571149,2.571149,2.571149,2.571149,2.571149,2.571149,udp,0.0,,cs0,,63.0,,1.0,,Start,2,2,0,84,84,0,42.0,0.0,130.680862,130.680862,0.0,0,0,0,0.0,,,0.388931,0.388931,0.0,INT,,,,,0.0,0.0,0.0,0
330749,2.571286,2.571286,2.571286,2.571286,2.571286,2.571286,udp,0.0,,cs0,,63.0,,1.0,,Status,2,2,0,84,84,0,42.0,0.0,130.67392,130.67392,0.0,0,0,0,0.0,,,0.38891,0.38891,0.0,REQ,,,,,0.0,0.0,0.0,0
330785,0.0,0.0,0.0,0.0,0.0,0.0,udp,0.0,,cs0,,63.0,,1.0,,Status,1,1,0,42,42,0,42.0,0.0,0.0,0.0,0.0,0,0,0,0.0,,,0.0,0.0,0.0,REQ,,,,,0.0,0.0,0.0,0
330797,0.0,0.0,0.0,0.0,0.0,0.0,udp,0.0,,cs0,,63.0,,1.0,,Status,1,1,0,42,42,0,42.0,0.0,0.0,0.0,0.0,0,0,0,0.0,,,0.0,0.0,0.0,REQ,,,,,0.0,0.0,0.0,0
330810,0.0,0.0,0.0,0.0,0.0,0.0,udp,0.0,,cs0,,63.0,,1.0,,Start,1,1,0,42,42,0,42.0,0.0,0.0,0.0,0.0,0,0,0,0.0,,,0.0,0.0,0.0,INT,,,,,0.0,0.0,0.0,0
330847,2.574952,2.574952,2.574952,2.574952,2.574952,2.574952,udp,0.0,,cs0,,63.0,,1.0,,Status,2,2,0,84,84,0,42.0,0.0,130.487869,130.487869,0.0,0,0,0,0.0,,,0.388357,0.388357,0.0,REQ,,,,,0.0,0.0,0.0,0
330895,2.57233,2.57233,2.57233,2.57233,2.57233,2.57233,udp,0.0,,cs0,,63.0,,1.0,,Status,2,2,0,84,84,0,42.0,0.0,130.62088,130.62088,0.0,0,0,0,0.0,,,0.388753,0.388753,0.0,REQ,,,,,0.0,0.0,0.0,0
330936,0.0,0.0,0.0,0.0,0.0,0.0,udp,0.0,,cs0,,63.0,,1.0,,Start,1,1,0,42,42,0,42.0,0.0,0.0,0.0,0.0,0,0,0,0.0,,,0.0,0.0,0.0,INT,,,,,0.0,0.0,0.0,0
331000,2.578919,2.578919,2.578919,2.578919,2.578919,2.578919,udp,0.0,,cs0,,63.0,,1.0,,Status,2,2,0,84,84,0,42.0,0.0,130.287155,130.287155,0.0,0,0,0,0.0,,,0.387759,0.387759,0.0,REQ,,,,,0.0,0.0,0.0,0
331026,2.576185,2.576185,2.576185,2.576185,2.576185,2.576185,udp,0.0,,cs0,,63.0,,1.0,,Status,2,2,0,84,84,0,42.0,0.0,130.425415,130.425415,0.0,0,0,0,0.0,,,0.388171,0.388171,0.0,REQ,,,,,0.0,0.0,0.0,0
331055,2.57309,2.57309,2.57309,2.57309,2.57309,2.57309,udp,0.0,,cs0,,63.0,,1.0,,Status,2,2,0,84,84,0,42.0,0.0,130.582291,130.582291,0.0,0,0,0,0.0,,,0.388638,0.388638,0.0,REQ,,,,,0.0,0.0,0.0,0
331122,0.0,0.0,0.0,0.0,0.0,0.0,udp,0.0,,cs0,,63.0,,1.0,,Status,1,1,0,42,42,0,42.0,0.0,0.0,0.0,0.0,0,0,0,0.0,,,0.0,0.0,0.0,REQ,,,,,0.0,0.0,0.0,0
331187,2.575207,2.575207,2.575207,2.575207,2.575207,2.575207,udp,0.0,,cs0,,63.0,,1.0,,Status,2,2,0,84,84,0,42.0,0.0,130.474945,130.474945,0.0,0,0,0,0.0,,,0.388318,0.388318,0.0,REQ,,,,,0.0,0.0,0.0,0
331193,2.573933,2.573933,2.573933,2.573933,2.573933,2.573933,udp,0.0,,cs0,,63.0,,1.0,,Start,2,2,0,84,84,0,42.0,0.0,130.539536,130.539536,0.0,0,0,0,0.0,,,0.388511,0.388511,0.0,INT,,,,,0.0,0.0,0.0,0
331280,2.575233,2.575233,2.575233,2.575233,2.575233,2.575233,udp,0.0,,cs0,,63.0,,1.0,,Status,2,2,0,84,84,0,42.0,0.0,130.473633,130.473633,0.0,0,0,0,0.0,,,0.388314,0.388314,0.0,REQ,,,,,0.0,0.0,0.0,0
331351,2.575079,2.575079,2.575079,2.575079,2.575079,2.575079,udp,0.0,,cs0,,63.0,,1.0,,Status,2,2,0,84,84,0,42.0,0.0,130.48143,130.48143,0.0,0,0,0,0.0,,,0.388338,0.388338,0.0,REQ,,,,,0.0,0.0,0.0,0
331415,0.0,0.0,0.0,0.0,0.0,0.0,udp,0.0,,cs0,,63.0,,1.0,,Status,1,1,0,42,42,0,42.0,0.0,0.0,0.0,0.0,0,0,0,0.0,,,0.0,0.0,0.0,REQ,,,,,0.0,0.0,0.0,0
331423,0.0,0.0,0.0,0.0,0.0,0.0,udp,0.0,,cs0,,63.0,,1.0,,Status,1,1,0,42,42,0,42.0,0.0,0.0,0.0,0.0,0,0,0,0.0,,,0.0,0.0,0.0,REQ,,,,,0.0,0.0,0.0,0
331513,2.570053,2.570053,2.570053,2.570053,2.570053,2.570053,udp,0.0,,cs0,,63.0,,1.0,,Status,2,2,0,84,84,0,42.0,0.0,130.736603,130.736603,0.0,0,0,0,0.0,,,0.389097,0.389097,0.0,REQ,,,,,0.0,0.0,0.0,0
331560,0.0,0.0,0.0,0.0,0.0,0.0,udp,0.0,,cs0,,63.0,,1.0,,Status,1,1,0,42,42,0,42.0,0.0,0.0,0.0,0.0,0,0,0,0.0,,,0.0,0.0,0.0,REQ,,,,,0.0,0.0,0.0,0
331596,2.572727,2.572727,2.572727,2.572727,2.572727,2.572727,udp,0.0,,cs0,,63.0,,1.0,,Status,2,2,0,84,84,0,42.0,0.0,130.600723,130.600723,0.0,0,0,0,0.0,,,0.388693,0.388693,0.0,REQ,,,,,0.0,0.0,0.0,0
331634,0.0,0.0,0.0,0.0,0.0,0.0,udp,0.0,,cs0,,63.0,,1.0,,Status,1,1,0,42,42,0,42.0,0.0,0.0,0.0,0.0,0,0,0,0.0,,,0.0,0.0,0.0,REQ,,,,,0.0,0.0,0.0,0
331649,0.0,0.0,0.0,0.0,0.0,0.0,udp,0.0,,cs0,,63.0,,1.0,,Status,1,1,0,42,42,0,42.0,0.0,0.0,0.0,0.0,0,0,0,0.0,,,0.0,0.0,0.0,REQ,,,,,0.0,0.0,0.0,0
331678,2.573551,2.573551,2.573551,2.573551,2.573551,2.573551,udp,0.0,,cs0,,63.0,,1.0,,Status,2,2,0,84,84,0,42.0,0.0,130.558914,130.558914,0.0,0,0,0,0.0,,,0.388568,0.388568,0.0,REQ,,,,,0.0,0.0,0.0,0
331701,2.573423,2.573423,2.573423,2.573423,2.573423,2.573423,udp,0.0,,cs0,,63.0,,1.0,,Status,2,2,0,84,84,0,42.0,0.0,130.565399,130.565399,0.0,0,0,0,0.0,,,0.388588,0.388588,0.0,REQ,,,,,0.0,0.0,0.0,0
331724,2.57312,2.57312,2.57312,2.57312,2.57312,2.57312,udp,0.0,,cs0,,63.0,,1.0,,Status,2,2,0,84,84,0,42.0,0.0,130.580765,130.580765,0.0,0,0,0,0.0,,,0.388633,0.388633,0.0,REQ,,,,,0.0,0.0,0.0,0
331733,0.0,0.0,0.0,0.0,0.0,0.0,udp,0.0,,cs0,,63.0,,1.0,,Status,1,1,0,42,42,0,42.0,0.0,0.0,0.0,0.0,0,0,0,0.0,,,0.0,0.0,0.0,REQ,,,,,0.0,0.0,0.0,0
331852,2.573968,2.573968,2.573968,2.573968,2.573968,2.573968,udp,0.0,,cs0,,63.0,,1.0,,Status,2,2,0,84,84,0,42.0,0.0,130.53775,130.53775,0.0,0,0,0,0.0,,,0.388505,0.388505,0.0,REQ,,,,,0.0,0.0,0.0,0
331877,2.573861,2.573861,2.573861,2.573861,2.573861,2.573861,udp,0.0,,cs0,,63.0,,1.0,,Status,2,2,0,84,84,0,42.0,0.0,130.543182,130.543182,0.0,0,0,0,0.0,,,0.388521,0.388521,0.0,REQ,,,,,0.0,0.0,0.0,0
331964,0.0,0.0,0.0,0.0,0.0,0.0,udp,0.0,,cs0,,63.0,,1.0,,Status,1,1,0,42,42,0,42.0,0.0,0.0,0.0,0.0,0,0,0,0.0,,,0.0,0.0,0.0,REQ,,,,,0.0,0.0,0.0,0
331981,2.566058,2.566058,2.566058,2.566058,2.566058,2.566058,udp,0.0,,cs0,,63.0,,1.0,,Status,2,2,0,84,84,0,42.0,0.0,130.94014,130.94014,0.0,0,0,0,0.0,,,0.389703,0.389703,0.0,REQ,,,,,0.0,0.0,0.0,0
331999,2.565965,2.565965,2.565965,2.565965,2.565965,2.565965,udp,0.0,,cs0,,63.0,,1.0,,Status,2,2,0,84,84,0,42.0,0.0,130.944885,130.944885,0.0,0,0,0,0.0,,,0.389717,0.389717,0.0,REQ,,,,,0.0,0.0,0.0,0
332028,0.0,0.0,0.0,0.0,0.0,0.0,udp,0.0,,cs0,,63.0,,1.0,,Start,1,1,0,42,42,0,42.0,0.0,0.0,0.0,0.0,0,0,0,0.0,,,0.0,0.0,0.0,INT,,,,,0.0,0.0,0.0,0
332119,2.572139,2.572139,2.572139,2.572139,2.572139,2.572139,udp,0.0,,cs0,,63.0,,1.0,,Status,2,2,0,84,84,0,42.0,0.0,130.630569,130.630569,0.0,0,0,0,0.0,,,0.388781,0.388781,0.0,REQ,,,,,0.0,0.0,0.0,0
332123,2.571226,2.571226,2.571226,2.571226,2.571226,2.571226,udp,0.0,,cs0,,63.0,,1.0,,Status,2,2,0,84,84,0,42.0,0.0,130.676971,130.676971,0.0,0,0,0,0.0,,,0.38892,0.38892,0.0,REQ,,,,,0.0,0.0,0.0,0
332132,2.569969,2.569969,2.569969,2.569969,2.569969,2.569969,udp,0.0,,cs0,,63.0,,1.0,,Status,2,2,0,84,84,0,42.0,0.0,130.740875,130.740875,0.0,0,0,0,0.0,,,0.38911,0.38911,0.0,REQ,,,,,0.0,0.0,0.0,0
332228,0.0,0.0,0.0,0.0,0.0,0.0,udp,0.0,,cs0,,63.0,,1.0,,Status,1,1,0,42,42,0,42.0,0.0,0.0,0.0,0.0,0,0,0,0.0,,,0.0,0.0,0.0,REQ,,,,,0.0,0.0,0.0,0
332255,0.0,0.0,0.0,0.0,0.0,0.0,udp,0.0,,cs0,,63.0,,1.0,,Status,1,1,0,42,42,0,42.0,0.0,0.0,0.0,0.0,0,0,0,0.0,,,0.0,0.0,0.0,REQ,,,,,0.0,0.0,0.0,0
332272,0.0,0.0,0.0,0.0,0.0,0.0,udp,0.0,,cs0,,63.0,,1.0,,Status,1,1,0,42,42,0,42.0,0.0,0.0,0.0,0.0,0,0,0,0.0,,,0.0,0.0,0.0,REQ,,,,,0.0,0.0,0.0,0
332281,2.575743,2.575743,2.575743,2.575743,2.575743,2.575743,udp,0.0,,cs0,,63.0,,1.0,,Status,2,2,0,84,84,0,42.0,0.0,130.4478,130.4478,0.0,0,0,0,0.0,,,0.388238,0.388238,0.0,REQ,,,,,0.0,0.0,0.0,0
332405,2.573305,2.573305,2.573305,2.573305,2.573305,2.573305,udp,0.0,,cs0,,63.0,,1.0,,Status,2,2,0,84,84,0,42.0,0.0,130.571396,130.571396,0.0,0,0,0,0.0,,,0.388605,0.388605,0.0,REQ,,,,,0.0,0.0,0.0,0
332483,2.57196,2.57196,2.57196,2.57196,2.57196,2.57196,udp,0.0,,cs0,,63.0,,1.0,,Status,2,2,0,84,84,0,42.0,0.0,130.639664,130.639664,0.0,0,0,0,0.0,,,0.388809,0.388809,0.0,REQ,,,,,0.0,0.0,0.0,0
332579,0.0,0.0,0.0,0.0,0.0,0.0,udp,0.0,,cs0,,63.0,,1.0,,Status,1,1,0,42,42,0,42.0,0.0,0.0,0.0,0.0,0,0,0,0.0,,,0.0,0.0,0.0,REQ,,,,,0.0,0.0,0.0,0
332622,2.576794,2.576794,2.576794,2.576794,2.576794,2.576794,udp,0.0,,cs0,,63.0,,1.0,,Status,2,2,0,84,84,0,42.0,0.0,130.394592,130.394592,0.0,0,0,0,0.0,,,0.388079,0.388079,0.0,REQ,,,,,0.0,0.0,0.0,0
332646,2.57516,2.57516,2.57516,2.57516,2.57516,2.57516,udp,0.0,,cs0,,63.0,,1.0,,Status,2,2,0,84,84,0,42.0,0.0,130.477325,130.477325,0.0,0,0,0,0.0,,,0.388325,0.388325,0.0,REQ,,,,,0.0,0.0,0.0,0
332675,2.575266,2.575266,2.575266,2.575266,2.575266,2.575266,udp,0.0,,cs0,,63.0,,1.0,,Start,2,2,0,84,84,0,42.0,0.0,130.47197,130.47197,0.0,0,0,0,0.0,,,0.388309,0.388309,0.0,INT,,,,,0.0,0.0,0.0,0
332700,0.0,0.0,0.0,0.0,0.0,0.0,udp,0.0,,cs0,,63.0,,1.0,,Status,1,1,0,42,42,0,42.0,0.0,0.0,0.0,0.0,0,0,0,0.0,,,0.0,0.0,0.0,REQ,,,,,0.0,0.0,0.0,0
332727,2.575246,2.575246,2.575246,2.575246,2.575246,2.575246,udp,0.0,,cs0,,63.0,,1.0,,Status,2,2,0,84,84,0,42.0,0.0,130.472961,130.472961,0.0,0,0,0,0.0,,,0.388312,0.388312,0.0,REQ,,,,,0.0,0.0,0.0,0
332736,2.572234,2.572234,2.572234,2.572234,2.572234,2.572234,udp,0.0,,cs0,,63.0,,1.0,,Status,2,2,0,84,84,0,42.0,0.0,130.625763,130.625763,0.0,0,0,0,0.0,,,0.388767,0.388767,0.0,REQ,,,,,0.0,0.0,0.0,0
332827,2.576019,2.576019,2.576019,2.576019,2.576019,2.576019,udp,0.0,,cs0,,63.0,,1.0,,Status,2,2,0,84,84,0,42.0,0.0,130.433823,130.433823,0.0,0,0,0,0.0,,,0.388196,0.388196,0.0,REQ,,,,,0.0,0.0,0.0,0
332855,0.0,0.0,0.0,0.0,0.0,0.0,udp,0.0,,cs0,,63.0,,1.0,,Status,1,1,0,42,42,0,42.0,0.0,0.0,0.0,0.0,0,0,0,0.0,,,0.0,0.0,0.0,REQ,,,,,0.0,0.0,0.0,0
332893,2.571415,2.571415,2.571415,2.571415,2.571415,2.571415,udp,0.0,,cs0,,63.0,,1.0,,Status,2,2,0,84,84,0,42.0,0.0,130.667358,130.667358,0.0,0,0,0,0.0,,,0.388891,0.388891,0.0,REQ,,,,,0.0,0.0,0.0,0
332907,2.570202,2.570202,2.570202,2.570202,2.570202,2.570202,udp,0.0,,cs0,,63.0,,1.0,,Status,2,2,0,84,84,0,42.0,0.0,130.729019,130.729019,0.0,0,0,0,0.0,,,0.389074,0.389074,0.0,REQ,,,,,0.0,0.0,0.0,0
332925,0.0,0.0,0.0,0.0,0.0,0.0,udp,0.0,,cs0,,63.0,,1.0,,Status,1,1,0,42,42,0,42.0,0.0,0.0,0.0,0.0,0,0,0,0.0,,,0.0,0.0,0.0,REQ,,,,,0.0,0.0,0.0,0
332969,0.0,0.0,0.0,0.0,0.0,0.0,udp,0.0,,cs0,,63.0,,1.0,,Status,1,1,0,42,42,0,42.0,0.0,0.0,0.0,0.0,0,0,0,0.0,,,0.0,0.0,0.0,REQ,,,,,0.0,0.0,0.0,0
332991,2.576686,2.576686,2.576686,2.576686,2.576686,2.576686,udp,0.0,,cs0,,63.0,,1.0,,Status,2,2,0,84,84,0,42.0,0.0,130.400055,130.400055,0.0,0,0,0,0.0,,,0.388095,0.388095,0.0,REQ,,,,,0.0,0.0,0.0,0
333029,2.577432,2.577432,2.577432,2.577432,2.577432,2.577432,udp,0.0,,cs0,,63.0,,1.0,,Status,2,2,0,84,84,0,42.0,0.0,130.36232,130.36232,0.0,0,0,0,0.0,,,0.387983,0.387983,0.0,REQ,,,,,0.0,0.0,0.0,0
333063,2.575915,2.575915,2.575915,2.575915,2.575915,2.575915,udp,0.0,,cs0,,63.0,,1.0,,Status,2,2,0,84,84,0,42.0,0.0,130.439087,130.439087,0.0,0,0,0,0.0,,,0.388212,0.388212,0.0,REQ,,,,,0.0,0.0,0.0,0
333203,2.571166,2.571166,2.571166,2.571166,2.571166,2.571166,udp,0.0,,cs0,,63.0,,1.0,,Status,2,2,0,84,84,0,42.0,0.0,130.680008,130.680008,0.0,0,0,0,0.0,,,0.388929,0.388929,0.0,REQ,,,,,0.0,0.0,0.0,0
333237,2.571285,2.571285,2.571285,2.571285,2.571285,2.571285,udp,0.0,,cs0,,63.0,,1.0,,Status,2,2,0,84,84,0,42.0,0.0,130.673965,130.673965,0.0,0,0,0,0.0,,,0.388911,0.388911,0.0,REQ,,,,,0.0,0.0,0.0,0
333252,2.571237,2.571237,2.571237,2.571237,2.571237,2.571237,udp,0.0,,cs0,,63.0,,1.0,,Status,2,2,0,84,84,0,42.0,0.0,130.676392,130.676392,0.0,0,0,0,0.0,,,0.388918,0.388918,0.0,REQ,,,,,0.0,0.0,0.0,0
333276,0.0,0.0,0.0,0.0,0.0,0.0,udp,0.0,,cs0,,63.0,,1.0,,Status,1,1,0,42,42,0,42.0,0.0,0.0,0.0,0.0,0,0,0,0.0,,,0.0,0.0,0.0,REQ,,,,,0.0,0.0,0.0,0
333344,0.0,0.0,0.0,0.0,0.0,0.0,udp,0.0,,cs0,,63.0,,1.0,,Status,1,1,0,42,42,0,42.0,0.0,0.0,0.0,0.0,0,0,0,0.0,,,0.0,0.0,0.0,REQ,,,,,0.0,0.0,0.0,0
333362,2.572268,2.572268,2.572268,2.572268,2.572268,2.572268,udp,0.0,,cs0,,63.0,,1.0,,Status,2,2,0,84,84,0,42.0,0.0,130.624023,130.624023,0.0,0,0,0,0.0,,,0.388762,0.388762,0.0,REQ,,,,,0.0,0.0,0.0,0
333371,0.0,0.0,0.0,0.0,0.0,0.0,udp,0.0,,cs0,,63.0,,1.0,,Status,1,1,0,42,42,0,42.0,0.0,0.0,0.0,0.0,0,0,0,0.0,,,0.0,0.0,0.0,REQ,,,,,0.0,0.0,0.0,0
333406,2.57217,2.57217,2.57217,2.57217,2.57217,2.57217,udp,0.0,,cs0,,63.0,,1.0,,Status,2,2,0,84,84,0,42.0,0.0,130.628998,130.628998,0.0,0,0,0,0.0,,,0.388777,0.388777,0.0,REQ,,,,,0.0,0.0,0.0,0
333423,2.575822,2.575822,2.575822,2.575822,2.575822,2.575822,udp,0.0,,cs0,,63.0,,1.0,,Status,2,2,0,84,84,0,42.0,0.0,130.443787,130.443787,0.0,0,0,0,0.0,,,0.388226,0.388226,0.0,REQ,,,,,0.0,0.0,0.0,0
333434,0.0,0.0,0.0,0.0,0.0,0.0,udp,0.0,,cs0,,63.0,,1.0,,Status,1,1,0,42,42,0,42.0,0.0,0.0,0.0,0.0,0,0,0,0.0,,,0.0,0.0,0.0,REQ,,,,,0.0,0.0,0.0,0
333453,0.0,0.0,0.0,0.0,0.0,0.0,udp,0.0,,cs0,,63.0,,1.0,,Status,1,1,0,42,42,0,42.0,0.0,0.0,0.0,0.0,0,0,0,0.0,,,0.0,0.0,0.0,REQ,,,,,0.0,0.0,0.0,0
333488,2.573618,2.573618,2.573618,2.573618,2.573618,2.573618,udp,0.0,,cs0,,63.0,,1.0,,Status,2,2,0,84,84,0,42.0,0.0,130.555511,130.555511,0.0,0,0,0,0.0,,,0.388558,0.388558,0.0,REQ,,,,,0.0,0.0,0.0,0
333510,0.0,0.0,0.0,0.0,0.0,0.0,udp,0.0,,cs0,,63.0,,1.0,,Status,1,1,0,42,42,0,42.0,0.0,0.0,0.0,0.0,0,0,0,0.0,,,0.0,0.0,0.0,REQ,,,,,0.0,0.0,0.0,0
333573,0.0,0.0,0.0,0.0,0.0,0.0,udp,0.0,,cs0,,63.0,,1.0,,Status,1,1,0,42,42,0,42.0,0.0,0.0,0.0,0.0,0,0,0,0.0,,,0.0,0.0,0.0,REQ,,,,,0.0,0.0,0.0,0
333656,2.572106,2.572106,2.572106,2.572106,2.572106,2.572106,udp,0.0,,cs0,,63.0,,1.0,,Status,2,2,0,84,84,0,42.0,0.0,130.632263,130.632263,0.0,0,0,0,0.0,,,0.388786,0.388786,0.0,REQ,,,,,0.0,0.0,0.0,0
333666,2.572109,2.572109,2.572109,2.572109,2.572109,2.572109,udp,0.0,,cs0,,63.0,,1.0,,Status,2,2,0,84,84,0,42.0,0.0,130.632095,130.632095,0.0,0,0,0,0.0,,,0.388786,0.388786,0.0,REQ,,,,,0.0,0.0,0.0,0
333685,2.575763,2.575763,2.575763,2.575763,2.575763,2.575763,udp,0.0,,cs0,,63.0,,1.0,,Status,2,2,0,84,84,0,42.0,0.0,130.446777,130.446777,0.0,0,0,0,0.0,,,0.388234,0.388234,0.0,REQ,,,,,0.0,0.0,0.0,0
333731,2.576995,2.576995,2.576995,2.576995,2.576995,2.576995,udp,0.0,,cs0,,63.0,,1.0,,Status,2,2,0,84,84,0,42.0,0.0,130.38443,130.38443,0.0,0,0,0,0.0,,,0.388049,0.388049,0.0,REQ,,,,,0.0,0.0,0.0,0
333761,2.580128,2.580128,2.580128,2.580128,2.580128,2.580128,udp,0.0,,cs0,,63.0,,1.0,,Status,2,2,0,84,84,0,42.0,0.0,130.226105,130.226105,0.0,0,0,0,0.0,,,0.387578,0.387578,0.0,REQ,,,,,0.0,0.0,0.0,0
333814,0.0,0.0,0.0,0.0,0.0,0.0,udp,0.0,,cs0,,63.0,,1.0,,Status,1,1,0,42,42,0,42.0,0.0,0.0,0.0,0.0,0,0,0,0.0,,,0.0,0.0,0.0,REQ,,,,,0.0,0.0,0.0,0
333852,0.0,0.0,0.0,0.0,0.0,0.0,udp,0.0,,cs0,,63.0,,1.0,,Status,1,1,0,42,42,0,42.0,0.0,0.0,0.0,0.0,0,0,0,0.0,,,0.0,0.0,0.0,REQ,,,,,0.0,0.0,0.0,0
333879,0.0,0.0,0.0,0.0,0.0,0.0,udp,0.0,,cs0,,63.0,,1.0,,Status,1,1,0,42,42,0,42.0,0.0,0.0,0.0,0.0,0,0,0,0.0,,,0.0,0.0,0.0,REQ,,,,,0.0,0.0,0.0,0
333901,0.0,0.0,0.0,0.0,0.0,0.0,udp,0.0,,cs0,,63.0,,1.0,,Status,1,1,0,42,42,0,42.0,0.0,0.0,0.0,0.0,0,0,0,0.0,,,0.0,0.0,0.0,REQ,,,,,0.0,0.0,0.0,0
333927,2.571132,2.571132,2.571132,2.571132,2.571132,2.571132,udp,0.0,,cs0,,63.0,,1.0,,Status,2,2,0,84,84,0,42.0,0.0,130.681747,130.681747,0.0,0,0,0,0.0,,,0.388934,0.388934,0.0,REQ,,,,,0.0,0.0,0.0,0
333981,0.0,0.0,0.0,0.0,0.0,0.0,udp,0.0,,cs0,,63.0,,1.0,,Status,1,1,0,42,42,0,42.0,0.0,0.0,0.0,0.0,0,0,0,0.0,,,0.0,0.0,0.0,REQ,,,,,0.0,0.0,0.0,0
334088,2.575943,2.575943,2.575943,2.575943,2.575943,2.575943,udp,0.0,,cs0,,63.0,,1.0,,Status,2,2,0,84,84,0,42.0,0.0,130.437668,130.437668,0.0,0,0,0,0.0,,,0.388207,0.388207,0.0,REQ,,,,,0.0,0.0,0.0,0
334197,0.0,0.0,0.0,0.0,0.0,0.0,udp,0.0,,cs0,,63.0,,1.0,,Status,1,1,0,42,42,0,42.0,0.0,0.0,0.0,0.0,0,0,0,0.0,,,0.0,0.0,0.0,REQ,,,,,0.0,0.0,0.0,0
334299,2.579094,2.579094,2.579094,2.579094,2.579094,2.579094,udp,0.0,,cs0,,63.0,,1.0,,Status,2,2,0,84,84,0,42.0,0.0,130.278305,130.278305,0.0,0,0,0,0.0,,,0.387733,0.387733,0.0,REQ,,,,,0.0,0.0,0.0,0
334323,0.0,0.0,0.0,0.0,0.0,0.0,udp,0.0,,cs0,,63.0,,1.0,,Start,1,1,0,42,42,0,42.0,0.0,0.0,0.0,0.0,0,0,0,0.0,,,0.0,0.0,0.0,INT,,,,,0.0,0.0,0.0,0
334350,2.573168,2.573168,2.573168,2.573168,2.573168,2.573168,udp,0.0,,cs0,,63.0,,1.0,,Status,2,2,0,84,84,0,42.0,0.0,130.578339,130.578339,0.0,0,0,0,0.0,,,0.388626,0.388626,0.0,REQ,,,,,0.0,0.0,0.0,0
334396,2.572985,2.572985,2.572985,2.572985,2.572985,2.572985,udp,0.0,,cs0,,63.0,,1.0,,Status,2,2,0,84,84,0,42.0,0.0,130.587631,130.587631,0.0,0,0,0,0.0,,,0.388654,0.388654,0.0,REQ,,,,,0.0,0.0,0.0,0
334490,2.5769,2.5769,2.5769,2.5769,2.5769,2.5769,udp,0.0,,cs0,,63.0,,1.0,,Status,2,2,0,84,84,0,42.0,0.0,130.389221,130.389221,0.0,0,0,0,0.0,,,0.388063,0.388063,0.0,REQ,,,,,0.0,0.0,0.0,0
334495,2.57691,2.57691,2.57691,2.57691,2.57691,2.57691,udp,0.0,,cs0,,63.0,,1.0,,Status,2,2,0,84,84,0,42.0,0.0,130.388718,130.388718,0.0,0,0,0,0.0,,,0.388062,0.388062,0.0,REQ,,,,,0.0,0.0,0.0,0
334508,2.573399,2.573399,2.573399,2.573399,2.573399,2.573399,udp,0.0,,cs0,,63.0,,1.0,,Status,2,2,0,84,84,0,42.0,0.0,130.56662,130.56662,0.0,0,0,0,0.0,,,0.388591,0.388591,0.0,REQ,,,,,0.0,0.0,0.0,0
334564,0.0,0.0,0.0,0.0,0.0,0.0,udp,0.0,,cs0,,63.0,,1.0,,Status,1,1,0,42,42,0,42.0,0.0,0.0,0.0,0.0,0,0,0,0.0,,,0.0,0.0,0.0,REQ,,,,,0.0,0.0,0.0,0
334575,2.576803,2.576803,2.576803,2.576803,2.576803,2.576803,udp,0.0,,cs0,,63.0,,1.0,,Status,2,2,0,84,84,0,42.0,0.0,130.394135,130.394135,0.0,0,0,0,0.0,,,0.388078,0.388078,0.0,REQ,,,,,0.0,0.0,0.0,0
334735,2.579036,2.579036,2.579036,2.579036,2.579036,2.579036,udp,0.0,,cs0,,63.0,,1.0,,Status,2,2,0,84,84,0,42.0,0.0,130.281235,130.281235,0.0,0,0,0,0.0,,,0.387742,0.387742,0.0,REQ,,,,,0.0,0.0,0.0,0
334752,2.576002,2.576002,2.576002,2.576002,2.576002,2.576002,udp,0.0,,cs0,,63.0,,1.0,,Status,2,2,0,84,84,0,42.0,0.0,130.434692,130.434692,0.0,0,0,0,0.0,,,0.388198,0.388198,0.0,REQ,,,,,0.0,0.0,0.0,0
334820,2.5808,2.5808,2.5808,2.5808,2.5808,2.5808,udp,0.0,,cs0,,63.0,,1.0,,Status,2,2,0,84,84,0,42.0,0.0,130.192184,130.192184,0.0,0,0,0,0.0,,,0.387477,0.387477,0.0,REQ,,,,,0.0,0.0,0.0,0
334868,2.579215,2.579215,2.579215,2.579215,2.579215,2.579215,udp,0.0,,cs0,,63.0,,1.0,,Status,2,2,0,84,84,0,42.0,0.0,130.272186,130.272186,0.0,0,0,0,0.0,,,0.387715,0.387715,0.0,REQ,,,,,0.0,0.0,0.0,0
334875,2.579304,2.579304,2.579304,2.579304,2.579304,2.579304,udp,0.0,,cs0,,63.0,,1.0,,Status,2,2,0,84,84,0,42.0,0.0,130.2677,130.2677,0.0,0,0,0,0.0,,,0.387701,0.387701,0.0,REQ,,,,,0.0,0.0,0.0,0
334905,0.0,0.0,0.0,0.0,0.0,0.0,udp,0.0,,cs0,,63.0,,1.0,,Status,1,1,0,42,42,0,42.0,0.0,0.0,0.0,0.0,0,0,0,0.0,,,0.0,0.0,0.0,REQ,,,,,0.0,0.0,0.0,0
334911,0.0,0.0,0.0,0.0,0.0,0.0,udp,0.0,,cs0,,63.0,,1.0,,Status,1,1,0,42,42,0,42.0,0.0,0.0,0.0,0.0,0,0,0,0.0,,,0.0,0.0,0.0,REQ,,,,,0.0,0.0,0.0,0
334977,2.57614,2.57614,2.57614,2.57614,2.57614,2.57614,udp,0.0,,cs0,,63.0,,1.0,,Status,2,2,0,84,84,0,42.0,0.0,130.427704,130.427704,0.0,0,0,0,0.0,,,0.388178,0.388178,0.0,REQ,,,,,0.0,0.0,0.0,0
335002,0.0,0.0,0.0,0.0,0.0,0.0,udp,0.0,,cs0,,63.0,,1.0,,Start,1,1,0,42,42,0,42.0,0.0,0.0,0.0,0.0,0,0,0,0.0,,,0.0,0.0,0.0,INT,,,,,0.0,0.0,0.0,0
335031,2.573724,2.573724,2.573724,2.573724,2.573724,2.573724,udp,0.0,,cs0,,63.0,,1.0,,Status,2,2,0,84,84,0,42.0,0.0,130.550125,130.550125,0.0,0,0,0,0.0,,,0.388542,0.388542,0.0,REQ,,,,,0.0,0.0,0.0,0
335047,2.571457,2.571457,2.571457,2.571457,2.571457,2.571457,udp,0.0,,cs0,,63.0,,1.0,,Status,2,2,0,84,84,0,42.0,0.0,130.665222,130.665222,0.0,0,0,0,0.0,,,0.388885,0.388885,0.0,REQ,,,,,0.0,0.0,0.0,0
335131,2.584003,2.584003,2.584003,2.584003,2.584003,2.584003,udp,0.0,,cs0,,63.0,,1.0,,Status,2,2,0,84,84,0,42.0,0.0,130.030807,130.030807,0.0,0,0,0,0.0,,,0.386996,0.386996,0.0,REQ,,,,,0.0,0.0,0.0,0
335144,2.57939,2.57939,2.57939,2.57939,2.57939,2.57939,udp,0.0,,cs0,,63.0,,1.0,,Status,2,2,0,84,84,0,42.0,0.0,130.263351,130.263351,0.0,0,0,0,0.0,,,0.387689,0.387689,0.0,REQ,,,,,0.0,0.0,0.0,0
335260,2.573366,2.573366,2.573366,2.573366,2.573366,2.573366,udp,0.0,,cs0,,63.0,,1.0,,Status,2,2,0,84,84,0,42.0,0.0,130.568298,130.568298,0.0,0,0,0,0.0,,,0.388596,0.388596,0.0,REQ,,,,,0.0,0.0,0.0,0
335270,2.579335,2.579335,2.579335,2.579335,2.579335,2.579335,udp,0.0,,cs0,,63.0,,1.0,,Status,2,2,0,84,84,0,42.0,0.0,130.266129,130.266129,0.0,0,0,0,0.0,,,0.387697,0.387697,0.0,REQ,,,,,0.0,0.0,0.0,0
335278,0.0,0.0,0.0,0.0,0.0,0.0,udp,0.0,,cs0,,63.0,,1.0,,Status,1,1,0,42,42,0,42.0,0.0,0.0,0.0,0.0,0,0,0,0.0,,,0.0,0.0,0.0,REQ,,,,,0.0,0.0,0.0,0
335320,2.57587,2.57587,2.57587,2.57587,2.57587,2.57587,udp,0.0,,cs0,,63.0,,1.0,,Start,2,2,0,84,84,0,42.0,0.0,130.44136,130.44136,0.0,0,0,0,0.0,,,0.388218,0.388218,0.0,INT,,,,,0.0,0.0,0.0,0
335351,0.0,0.0,0.0,0.0,0.0,0.0,udp,0.0,,cs0,,63.0,,1.0,,Status,1,1,0,42,42,0,42.0,0.0,0.0,0.0,0.0,0,0,0,0.0,,,0.0,0.0,0.0,REQ,,,,,0.0,0.0,0.0,0
335427,2.571969,2.571969,2.571969,2.571969,2.571969,2.571969,udp,0.0,,cs0,,63.0,,1.0,,Status,2,2,0,84,84,0,42.0,0.0,130.639206,130.639206,0.0,0,0,0,0.0,,,0.388807,0.388807,0.0,REQ,,,,,0.0,0.0,0.0,0
335518,2.571983,2.571983,2.571983,2.571983,2.571983,2.571983,udp,0.0,,cs0,,63.0,,1.0,,Status,2,2,0,84,84,0,42.0,0.0,130.638489,130.638489,0.0,0,0,0,0.0,,,0.388805,0.388805,0.0,REQ,,,,,0.0,0.0,0.0,0
335528,2.571897,2.571897,2.571897,2.571897,2.571897,2.571897,udp,0.0,,cs0,,63.0,,1.0,,Status,2,2,0,84,84,0,42.0,0.0,130.642868,130.642868,0.0,0,0,0,0.0,,,0.388818,0.388818,0.0,REQ,,,,,0.0,0.0,0.0,0
335552,2.577171,2.577171,2.577171,2.577171,2.577171,2.577171,udp,0.0,,cs0,,63.0,,1.0,,Start,2,2,0,84,84,0,42.0,0.0,130.375519,130.375519,0.0,0,0,0,0.0,,,0.388022,0.388022,0.0,INT,,,,,0.0,0.0,0.0,0
335556,2.57621,2.57621,2.57621,2.57621,2.57621,2.57621,udp,0.0,,cs0,,63.0,,1.0,,Start,2,2,0,84,84,0,42.0,0.0,130.424149,130.424149,0.0,0,0,0,0.0,,,0.388167,0.388167,0.0,INT,,,,,0.0,0.0,0.0,0
335605,2.576094,2.576094,2.576094,2.576094,2.576094,2.576094,udp,0.0,,cs0,,63.0,,1.0,,Status,2,2,0,84,84,0,42.0,0.0,130.430023,130.430023,0.0,0,0,0,0.0,,,0.388185,0.388185,0.0,REQ,,,,,0.0,0.0,0.0,0
335711,2.575218,2.575218,2.575218,2.575218,2.575218,2.575218,udp,0.0,,cs0,,63.0,,1.0,,Status,2,2,0,84,84,0,42.0,0.0,130.474396,130.474396,0.0,0,0,0,0.0,,,0.388317,0.388317,0.0,REQ,,,,,0.0,0.0,0.0,0
335720,0.0,0.0,0.0,0.0,0.0,0.0,udp,0.0,,cs0,,63.0,,1.0,,Status,1,1,0,42,42,0,42.0,0.0,0.0,0.0,0.0,0,0,0,0.0,,,0.0,0.0,0.0,REQ,,,,,0.0,0.0,0.0,0
335787,2.573059,2.573059,2.573059,2.573059,2.573059,2.573059,udp,0.0,,cs0,,63.0,,1.0,,Status,2,2,0,84,84,0,42.0,0.0,130.583862,130.583862,0.0,0,0,0,0.0,,,0.388642,0.388642,0.0,REQ,,,,,0.0,0.0,0.0,0
335827,2.57581,2.57581,2.57581,2.57581,2.57581,2.57581,udp,0.0,,cs0,,63.0,,1.0,,Status,2,2,0,84,84,0,42.0,0.0,130.444412,130.444412,0.0,0,0,0,0.0,,,0.388227,0.388227,0.0,REQ,,,,,0.0,0.0,0.0,0
335901,2.580927,2.580927,2.580927,2.580927,2.580927,2.580927,udp,0.0,,cs0,,63.0,,1.0,,Status,2,2,0,84,84,0,42.0,0.0,130.185791,130.185791,0.0,0,0,0,0.0,,,0.387458,0.387458,0.0,REQ,,,,,0.0,0.0,0.0,0
335905,2.580938,2.580938,2.580938,2.580938,2.580938,2.580938,udp,0.0,,cs0,,63.0,,1.0,,Status,2,2,0,84,84,0,42.0,0.0,130.185226,130.185226,0.0,0,0,0,0.0,,,0.387456,0.387456,0.0,REQ,,,,,0.0,0.0,0.0,0
335940,0.0,0.0,0.0,0.0,0.0,0.0,udp,0.0,,cs0,,63.0,,1.0,,Status,1,1,0,42,42,0,42.0,0.0,0.0,0.0,0.0,0,0,0,0.0,,,0.0,0.0,0.0,REQ,,,,,0.0,0.0,0.0,0
335954,0.0,0.0,0.0,0.0,0.0,0.0,udp,0.0,,cs0,,63.0,,1.0,,Status,1,1,0,42,42,0,42.0,0.0,0.0,0.0,0.0,0,0,0,0.0,,,0.0,0.0,0.0,REQ,,,,,0.0,0.0,0.0,0
336023,2.57669,2.57669,2.57669,2.57669,2.57669,2.57669,udp,0.0,,cs0,,63.0,,1.0,,Status,2,2,0,84,84,0,42.0,0.0,130.399857,130.399857,0.0,0,0,0,0.0,,,0.388095,0.388095,0.0,REQ,,,,,0.0,0.0,0.0,0
336073,0.0,0.0,0.0,0.0,0.0,0.0,udp,0.0,,cs0,,63.0,,1.0,,Status,1,1,0,42,42,0,42.0,0.0,0.0,0.0,0.0,0,0,0,0.0,,,0.0,0.0,0.0,REQ,,,,,0.0,0.0,0.0,0
336223,2.572082,2.572082,2.572082,2.572082,2.572082,2.572082,udp,0.0,,cs0,,63.0,,1.0,,Status,2,2,0,84,84,0,42.0,0.0,130.633469,130.633469,0.0,0,0,0,0.0,,,0.38879,0.38879,0.0,REQ,,,,,0.0,0.0,0.0,0
336274,2.566017,2.566017,2.566017,2.566017,2.566017,2.566017,udp,0.0,,cs0,,63.0,,1.0,,Status,2,2,0,84,84,0,42.0,0.0,130.942245,130.942245,0.0,0,0,0,0.0,,,0.389709,0.389709,0.0,REQ,,,,,0.0,0.0,0.0,0
336280,2.566008,2.566008,2.566008,2.566008,2.566008,2.566008,udp,0.0,,cs0,,63.0,,1.0,,Status,2,2,0,84,84,0,42.0,0.0,130.942688,130.942688,0.0,0,0,0,0.0,,,0.38971,0.38971,0.0,REQ,,,,,0.0,0.0,0.0,0
336295,2.56762,2.56762,2.56762,2.56762,2.56762,2.56762,udp,0.0,,cs0,,63.0,,1.0,,Status,2,2,0,84,84,0,42.0,0.0,130.860489,130.860489,0.0,0,0,0,0.0,,,0.389466,0.389466,0.0,REQ,,,,,0.0,0.0,0.0,0
336311,2.567624,2.567624,2.567624,2.567624,2.567624,2.567624,udp,0.0,,cs0,,63.0,,1.0,,Status,2,2,0,84,84,0,42.0,0.0,130.860275,130.860275,0.0,0,0,0,0.0,,,0.389465,0.389465,0.0,REQ,,,,,0.0,0.0,0.0,0
336314,0.0,0.0,0.0,0.0,0.0,0.0,udp,0.0,,cs0,,63.0,,1.0,,Status,1,1,0,42,42,0,42.0,0.0,0.0,0.0,0.0,0,0,0,0.0,,,0.0,0.0,0.0,REQ,,,,,0.0,0.0,0.0,0
336366,2.572797,2.572797,2.572797,2.572797,2.572797,2.572797,udp,0.0,,cs0,,63.0,,1.0,,Status,2,2,0,84,84,0,42.0,0.0,130.597168,130.597168,0.0,0,0,0,0.0,,,0.388682,0.388682,0.0,REQ,,,,,0.0,0.0,0.0,0
336367,2.572797,2.572797,2.572797,2.572797,2.572797,2.572797,udp,0.0,,cs0,,63.0,,1.0,,Status,2,2,0,84,84,0,42.0,0.0,130.597168,130.597168,0.0,0,0,0,0.0,,,0.388682,0.388682,0.0,REQ,,,,,0.0,0.0,0.0,0
336371,2.572778,2.572778,2.572778,2.572778,2.572778,2.572778,udp,0.0,,cs0,,63.0,,1.0,,Status,2,2,0,84,84,0,42.0,0.0,130.598129,130.598129,0.0,0,0,0,0.0,,,0.388685,0.388685,0.0,REQ,,,,,0.0,0.0,0.0,0
336375,2.572787,2.572787,2.572787,2.572787,2.572787,2.572787,udp,0.0,,cs0,,63.0,,1.0,,Status,2,2,0,84,84,0,42.0,0.0,130.597672,130.597672,0.0,0,0,0,0.0,,,0.388684,0.388684,0.0,REQ,,,,,0.0,0.0,0.0,0
336426,2.57905,2.57905,2.57905,2.57905,2.57905,2.57905,udp,0.0,,cs0,,63.0,,1.0,,Status,2,2,0,84,84,0,42.0,0.0,130.280533,130.280533,0.0,0,0,0,0.0,,,0.38774,0.38774,0.0,REQ,,,,,0.0,0.0,0.0,0
336467,2.584924,2.584924,2.584924,2.584924,2.584924,2.584924,udp,0.0,,cs0,,63.0,,1.0,,Status,2,2,0,84,84,0,42.0,0.0,129.984482,129.984482,0.0,0,0,0,0.0,,,0.386859,0.386859,0.0,REQ,,,,,0.0,0.0,0.0,0
336476,0.0,0.0,0.0,0.0,0.0,0.0,udp,0.0,,cs0,,63.0,,1.0,,Status,1,1,0,42,42,0,42.0,0.0,0.0,0.0,0.0,0,0,0,0.0,,,0.0,0.0,0.0,REQ,,,,,0.0,0.0,0.0,0
336561,2.570603,2.570603,2.570603,2.570603,2.570603,2.570603,udp,0.0,,cs0,,63.0,,1.0,,Status,2,2,0,84,84,0,42.0,0.0,130.708633,130.708633,0.0,0,0,0,0.0,,,0.389014,0.389014,0.0,REQ,,,,,0.0,0.0,0.0,0
336576,0.0,0.0,0.0,0.0,0.0,0.0,udp,0.0,,cs0,,63.0,,1.0,,Status,1,1,0,42,42,0,42.0,0.0,0.0,0.0,0.0,0,0,0,0.0,,,0.0,0.0,0.0,REQ,,,,,0.0,0.0,0.0,0
336585,2.5748,2.5748,2.5748,2.5748,2.5748,2.5748,udp,0.0,,cs0,,63.0,,1.0,,Status,2,2,0,84,84,0,42.0,0.0,130.495575,130.495575,0.0,0,0,0,0.0,,,0.38838,0.38838,0.0,REQ,,,,,0.0,0.0,0.0,0
336640,2.571341,2.571341,2.571341,2.571341,2.571341,2.571341,udp,0.0,,cs0,,63.0,,1.0,,Status,2,2,0,84,84,0,42.0,0.0,130.671112,130.671112,0.0,0,0,0,0.0,,,0.388902,0.388902,0.0,REQ,,,,,0.0,0.0,0.0,0
336744,0.0,0.0,0.0,0.0,0.0,0.0,udp,0.0,,cs0,,63.0,,1.0,,Status,1,1,0,42,42,0,42.0,0.0,0.0,0.0,0.0,0,0,0,0.0,,,0.0,0.0,0.0,REQ,,,,,0.0,0.0,0.0,0
336754,2.572182,2.572182,2.572182,2.572182,2.572182,2.572182,udp,0.0,,cs0,,63.0,,1.0,,Status,2,2,0,84,84,0,42.0,0.0,130.628403,130.628403,0.0,0,0,0,0.0,,,0.388775,0.388775,0.0,REQ,,,,,0.0,0.0,0.0,0
336787,0.0,0.0,0.0,0.0,0.0,0.0,udp,0.0,,cs0,,63.0,,1.0,,Status,1,1,0,42,42,0,42.0,0.0,0.0,0.0,0.0,0,0,0,0.0,,,0.0,0.0,0.0,REQ,,,,,0.0,0.0,0.0,0
336791,2.571202,2.571202,2.571202,2.571202,2.571202,2.571202,udp,0.0,,cs0,,63.0,,1.0,,Status,2,2,0,84,84,0,42.0,0.0,130.678177,130.678177,0.0,0,0,0,0.0,,,0.388923,0.388923,0.0,REQ,,,,,0.0,0.0,0.0,0
336858,2.571006,2.571006,2.571006,2.571006,2.571006,2.571006,udp,0.0,,cs0,,63.0,,1.0,,Status,2,2,0,84,84,0,42.0,0.0,130.688141,130.688141,0.0,0,0,0,0.0,,,0.388953,0.388953,0.0,REQ,,,,,0.0,0.0,0.0,0
336871,2.571129,2.571129,2.571129,2.571129,2.571129,2.571129,udp,0.0,,cs0,,63.0,,1.0,,Status,2,2,0,84,84,0,42.0,0.0,130.681885,130.681885,0.0,0,0,0,0.0,,,0.388934,0.388934,0.0,REQ,,,,,0.0,0.0,0.0,0
337008,0.0,0.0,0.0,0.0,0.0,0.0,udp,0.0,,cs0,,63.0,,1.0,,Status,1,1,0,42,42,0,42.0,0.0,0.0,0.0,0.0,0,0,0,0.0,,,0.0,0.0,0.0,REQ,,,,,0.0,0.0,0.0,0
337044,2.576238,2.576238,2.576238,2.576238,2.576238,2.576238,udp,0.0,,cs0,,63.0,,1.0,,Status,2,2,0,84,84,0,42.0,0.0,130.422729,130.422729,0.0,0,0,0,0.0,,,0.388163,0.388163,0.0,REQ,,,,,0.0,0.0,0.0,0
337047,2.576121,2.576121,2.576121,2.576121,2.576121,2.576121,udp,0.0,,cs0,,63.0,,1.0,,Status,2,2,0,84,84,0,42.0,0.0,130.42865,130.42865,0.0,0,0,0,0.0,,,0.388181,0.388181,0.0,REQ,,,,,0.0,0.0,0.0,0
337066,2.575567,2.575567,2.575567,2.575567,2.575567,2.575567,udp,0.0,,cs0,,63.0,,1.0,,Status,2,2,0,84,84,0,42.0,0.0,130.456711,130.456711,0.0,0,0,0,0.0,,,0.388264,0.388264,0.0,REQ,,,,,0.0,0.0,0.0,0
337087,0.0,0.0,0.0,0.0,0.0,0.0,udp,0.0,,cs0,,63.0,,1.0,,Status,1,1,0,42,42,0,42.0,0.0,0.0,0.0,0.0,0,0,0,0.0,,,0.0,0.0,0.0,REQ,,,,,0.0,0.0,0.0,0
337117,2.565155,2.565155,2.565155,2.565155,2.565155,2.565155,udp,0.0,,cs0,,63.0,,1.0,,Status,2,2,0,84,84,0,42.0,0.0,130.986237,130.986237,0.0,0,0,0,0.0,,,0.38984,0.38984,0.0,REQ,,,,,0.0,0.0,0.0,0
337132,2.56595,2.56595,2.56595,2.56595,2.56595,2.56595,udp,0.0,,cs0,,63.0,,1.0,,Status,2,2,0,84,84,0,42.0,0.0,130.945663,130.945663,0.0,0,0,0,0.0,,,0.389719,0.389719,0.0,REQ,,,,,0.0,0.0,0.0,0
337166,2.569555,2.569555,2.569555,2.569555,2.569555,2.569555,udp,0.0,,cs0,,63.0,,1.0,,Status,2,2,0,84,84,0,42.0,0.0,130.761932,130.761932,0.0,0,0,0,0.0,,,0.389172,0.389172,0.0,REQ,,,,,0.0,0.0,0.0,0
337189,2.575119,2.575119,2.575119,2.575119,2.575119,2.575119,udp,0.0,,cs0,,63.0,,1.0,,Status,2,2,0,84,84,0,42.0,0.0,130.479401,130.479401,0.0,0,0,0,0.0,,,0.388332,0.388332,0.0,REQ,,,,,0.0,0.0,0.0,0
337288,2.572313,2.572313,2.572313,2.572313,2.572313,2.572313,udp,0.0,,cs0,,63.0,,1.0,,Status,2,2,0,84,84,0,42.0,0.0,130.621735,130.621735,0.0,0,0,0,0.0,,,0.388755,0.388755,0.0,REQ,,,,,0.0,0.0,0.0,0
337384,2.580659,2.580659,2.580659,2.580659,2.580659,2.580659,udp,0.0,,cs0,,63.0,,1.0,,Status,2,2,0,84,84,0,42.0,0.0,130.19931,130.19931,0.0,0,0,0,0.0,,,0.387498,0.387498,0.0,REQ,,,,,0.0,0.0,0.0,0
337392,0.0,0.0,0.0,0.0,0.0,0.0,udp,0.0,,cs0,,63.0,,1.0,,Status,1,1,0,42,42,0,42.0,0.0,0.0,0.0,0.0,0,0,0,0.0,,,0.0,0.0,0.0,REQ,,,,,0.0,0.0,0.0,0
337394,0.0,0.0,0.0,0.0,0.0,0.0,udp,0.0,,cs0,,63.0,,1.0,,Status,1,1,0,42,42,0,42.0,0.0,0.0,0.0,0.0,0,0,0,0.0,,,0.0,0.0,0.0,REQ,,,,,0.0,0.0,0.0,0
337397,0.0,0.0,0.0,0.0,0.0,0.0,udp,0.0,,cs0,,63.0,,1.0,,Status,1,1,0,42,42,0,42.0,0.0,0.0,0.0,0.0,0,0,0,0.0,,,0.0,0.0,0.0,REQ,,,,,0.0,0.0,0.0,0
337421,2.577278,2.577278,2.577278,2.577278,2.577278,2.577278,udp,0.0,,cs0,,63.0,,1.0,,Status,2,2,0,84,84,0,42.0,0.0,130.370102,130.370102,0.0,0,0,0,0.0,,,0.388006,0.388006,0.0,REQ,,,,,0.0,0.0,0.0,0
337491,0.0,0.0,0.0,0.0,0.0,0.0,udp,0.0,,cs0,,63.0,,1.0,,Status,1,1,0,42,42,0,42.0,0.0,0.0,0.0,0.0,0,0,0,0.0,,,0.0,0.0,0.0,REQ,,,,,0.0,0.0,0.0,0
337575,0.0,0.0,0.0,0.0,0.0,0.0,udp,0.0,,cs0,,63.0,,1.0,,Status,1,1,0,42,42,0,42.0,0.0,0.0,0.0,0.0,0,0,0,0.0,,,0.0,0.0,0.0,REQ,,,,,0.0,0.0,0.0,0
337596,2.576929,2.576929,2.576929,2.576929,2.576929,2.576929,udp,0.0,,cs0,,63.0,,1.0,,Status,2,2,0,84,84,0,42.0,0.0,130.387756,130.387756,0.0,0,0,0,0.0,,,0.388059,0.388059,0.0,REQ,,,,,0.0,0.0,0.0,0
337602,2.576933,2.576933,2.576933,2.576933,2.576933,2.576933,udp,0.0,,cs0,,63.0,,1.0,,Status,2,2,0,84,84,0,42.0,0.0,130.387558,130.387558,0.0,0,0,0,0.0,,,0.388058,0.388058,0.0,REQ,,,,,0.0,0.0,0.0,0
337703,2.575914,2.575914,2.575914,2.575914,2.575914,2.575914,udp,0.0,,cs0,,63.0,,1.0,,Status,2,2,0,84,84,0,42.0,0.0,130.439148,130.439148,0.0,0,0,0,0.0,,,0.388212,0.388212,0.0,REQ,,,,,0.0,0.0,0.0,0
337730,2.576928,2.576928,2.576928,2.576928,2.576928,2.576928,udp,0.0,,cs0,,63.0,,1.0,,Status,2,2,0,84,84,0,42.0,0.0,130.387817,130.387817,0.0,0,0,0,0.0,,,0.388059,0.388059,0.0,REQ,,,,,0.0,0.0,0.0,0
337743,0.0,0.0,0.0,0.0,0.0,0.0,udp,0.0,,cs0,,63.0,,1.0,,Status,1,1,0,42,42,0,42.0,0.0,0.0,0.0,0.0,0,0,0,0.0,,,0.0,0.0,0.0,REQ,,,,,0.0,0.0,0.0,0
337771,0.0,0.0,0.0,0.0,0.0,0.0,udp,0.0,,cs0,,63.0,,1.0,,Status,1,1,0,42,42,0,42.0,0.0,0.0,0.0,0.0,0,0,0,0.0,,,0.0,0.0,0.0,REQ,,,,,0.0,0.0,0.0,0
337816,0.0,0.0,0.0,0.0,0.0,0.0,udp,0.0,,cs0,,63.0,,1.0,,Status,1,1,0,42,42,0,42.0,0.0,0.0,0.0,0.0,0,0,0,0.0,,,0.0,0.0,0.0,REQ,,,,,0.0,0.0,0.0,0
337886,0.0,0.0,0.0,0.0,0.0,0.0,udp,0.0,,cs0,,63.0,,1.0,,Status,1,1,0,42,42,0,42.0,0.0,0.0,0.0,0.0,0,0,0,0.0,,,0.0,0.0,0.0,REQ,,,,,0.0,0.0,0.0,0
337929,0.0,0.0,0.0,0.0,0.0,0.0,udp,0.0,,cs0,,63.0,,1.0,,Status,1,1,0,42,42,0,42.0,0.0,0.0,0.0,0.0,0,0,0,0.0,,,0.0,0.0,0.0,REQ,,,,,0.0,0.0,0.0,0
337937,0.0,0.0,0.0,0.0,0.0,0.0,udp,0.0,,cs0,,63.0,,1.0,,Status,1,1,0,42,42,0,42.0,0.0,0.0,0.0,0.0,0,0,0,0.0,,,0.0,0.0,0.0,REQ,,,,,0.0,0.0,0.0,0
337961,2.576782,2.576782,2.576782,2.576782,2.576782,2.576782,udp,0.0,,cs0,,63.0,,1.0,,Status,2,2,0,84,84,0,42.0,0.0,130.395203,130.395203,0.0,0,0,0,0.0,,,0.388081,0.388081,0.0,REQ,,,,,0.0,0.0,0.0,0
337980,2.576776,2.576776,2.576776,2.576776,2.576776,2.576776,udp,0.0,,cs0,,63.0,,1.0,,Status,2,2,0,84,84,0,42.0,0.0,130.395508,130.395508,0.0,0,0,0,0.0,,,0.388082,0.388082,0.0,REQ,,,,,0.0,0.0,0.0,0
338000,2.571447,2.571447,2.571447,2.571447,2.571447,2.571447,udp,0.0,,cs0,,63.0,,1.0,,Start,2,2,0,84,84,0,42.0,0.0,130.665741,130.665741,0.0,0,0,0,0.0,,,0.388886,0.388886,0.0,INT,,,,,0.0,0.0,0.0,0
338077,2.574759,2.574759,2.574759,2.574759,2.574759,2.574759,udp,0.0,,cs0,,63.0,,1.0,,Status,2,2,0,84,84,0,42.0,0.0,130.49765,130.49765,0.0,0,0,0,0.0,,,0.388386,0.388386,0.0,REQ,,,,,0.0,0.0,0.0,0
338089,0.0,0.0,0.0,0.0,0.0,0.0,udp,0.0,,cs0,,63.0,,1.0,,Status,1,1,0,42,42,0,42.0,0.0,0.0,0.0,0.0,0,0,0,0.0,,,0.0,0.0,0.0,REQ,,,,,0.0,0.0,0.0,0
338091,0.0,0.0,0.0,0.0,0.0,0.0,udp,0.0,,cs0,,63.0,,1.0,,Status,1,1,0,42,42,0,42.0,0.0,0.0,0.0,0.0,0,0,0,0.0,,,0.0,0.0,0.0,REQ,,,,,0.0,0.0,0.0,0
338180,0.0,0.0,0.0,0.0,0.0,0.0,udp,0.0,,cs0,,63.0,,1.0,,Status,1,1,0,42,42,0,42.0,0.0,0.0,0.0,0.0,0,0,0,0.0,,,0.0,0.0,0.0,REQ,,,,,0.0,0.0,0.0,0
338252,0.0,0.0,0.0,0.0,0.0,0.0,udp,0.0,,cs0,,63.0,,1.0,,Status,1,1,0,42,42,0,42.0,0.0,0.0,0.0,0.0,0,0,0,0.0,,,0.0,0.0,0.0,REQ,,,,,0.0,0.0,0.0,0
338346,2.575275,2.575275,2.575275,2.575275,2.575275,2.575275,udp,0.0,,cs0,,63.0,,1.0,,Status,2,2,0,84,84,0,42.0,0.0,130.471512,130.471512,0.0,0,0,0,0.0,,,0.388308,0.388308,0.0,REQ,,,,,0.0,0.0,0.0,0
338348,2.575292,2.575292,2.575292,2.575292,2.575292,2.575292,udp,0.0,,cs0,,63.0,,1.0,,Status,2,2,0,84,84,0,42.0,0.0,130.470642,130.470642,0.0,0,0,0,0.0,,,0.388305,0.388305,0.0,REQ,,,,,0.0,0.0,0.0,0
338369,0.0,0.0,0.0,0.0,0.0,0.0,udp,0.0,,cs0,,63.0,,1.0,,Status,1,1,0,42,42,0,42.0,0.0,0.0,0.0,0.0,0,0,0,0.0,,,0.0,0.0,0.0,REQ,,,,,0.0,0.0,0.0,0
338498,2.576536,2.576536,2.576536,2.576536,2.576536,2.576536,udp,0.0,,cs0,,63.0,,1.0,,Status,2,2,0,84,84,0,42.0,0.0,130.407654,130.407654,0.0,0,0,0,0.0,,,0.388118,0.388118,0.0,REQ,,,,,0.0,0.0,0.0,0
338534,0.0,0.0,0.0,0.0,0.0,0.0,udp,0.0,,cs0,,63.0,,1.0,,Status,1,1,0,42,42,0,42.0,0.0,0.0,0.0,0.0,0,0,0,0.0,,,0.0,0.0,0.0,REQ,,,,,0.0,0.0,0.0,0
338541,2.573183,2.573183,2.573183,2.573183,2.573183,2.573183,udp,0.0,,cs0,,63.0,,1.0,,Status,2,2,0,84,84,0,42.0,0.0,130.577576,130.577576,0.0,0,0,0,0.0,,,0.388624,0.388624,0.0,REQ,,,,,0.0,0.0,0.0,0
338560,2.576687,2.576687,2.576687,2.576687,2.576687,2.576687,udp,0.0,,cs0,,63.0,,1.0,,Status,2,2,0,84,84,0,42.0,0.0,130.399994,130.399994,0.0,0,0,0,0.0,,,0.388095,0.388095,0.0,REQ,,,,,0.0,0.0,0.0,0
338608,0.0,0.0,0.0,0.0,0.0,0.0,udp,0.0,,cs0,,63.0,,1.0,,Status,1,1,0,42,42,0,42.0,0.0,0.0,0.0,0.0,0,0,0,0.0,,,0.0,0.0,0.0,REQ,,,,,0.0,0.0,0.0,0
338620,0.0,0.0,0.0,0.0,0.0,0.0,udp,0.0,,cs0,,63.0,,1.0,,Status,1,1,0,42,42,0,42.0,0.0,0.0,0.0,0.0,0,0,0,0.0,,,0.0,0.0,0.0,REQ,,,,,0.0,0.0,0.0,0
338623,2.57509,2.57509,2.57509,2.57509,2.57509,2.57509,udp,0.0,,cs0,,63.0,,1.0,,Status,2,2,0,84,84,0,42.0,0.0,130.480881,130.480881,0.0,0,0,0,0.0,,,0.388336,0.388336,0.0,REQ,,,,,0.0,0.0,0.0,0
338643,0.0,0.0,0.0,0.0,0.0,0.0,udp,0.0,,cs0,,63.0,,1.0,,Status,1,1,0,42,42,0,42.0,0.0,0.0,0.0,0.0,0,0,0,0.0,,,0.0,0.0,0.0,REQ,,,,,0.0,0.0,0.0,0
338755,2.576645,2.576645,2.576645,2.576645,2.576645,2.576645,udp,0.0,,cs0,,63.0,,1.0,,Status,2,2,0,84,84,0,42.0,0.0,130.40213,130.40213,0.0,0,0,0,0.0,,,0.388102,0.388102,0.0,REQ,,,,,0.0,0.0,0.0,0
338850,0.0,0.0,0.0,0.0,0.0,0.0,udp,0.0,,cs0,,63.0,,1.0,,Status,1,1,0,42,42,0,42.0,0.0,0.0,0.0,0.0,0,0,0,0.0,,,0.0,0.0,0.0,REQ,,,,,0.0,0.0,0.0,0
338853,0.0,0.0,0.0,0.0,0.0,0.0,udp,0.0,,cs0,,63.0,,1.0,,Status,1,1,0,42,42,0,42.0,0.0,0.0,0.0,0.0,0,0,0,0.0,,,0.0,0.0,0.0,REQ,,,,,0.0,0.0,0.0,0
338867,2.571197,2.571197,2.571197,2.571197,2.571197,2.571197,udp,0.0,,cs0,,63.0,,1.0,,Status,2,2,0,84,84,0,42.0,0.0,130.678436,130.678436,0.0,0,0,0,0.0,,,0.388924,0.388924,0.0,REQ,,,,,0.0,0.0,0.0,0
338915,2.576089,2.576089,2.576089,2.576089,2.576089,2.576089,udp,0.0,,cs0,,63.0,,1.0,,Status,2,2,0,84,84,0,42.0,0.0,130.430283,130.430283,0.0,0,0,0,0.0,,,0.388185,0.388185,0.0,REQ,,,,,0.0,0.0,0.0,0
338948,0.0,0.0,0.0,0.0,0.0,0.0,udp,0.0,,cs0,,63.0,,1.0,,Status,1,1,0,42,42,0,42.0,0.0,0.0,0.0,0.0,0,0,0,0.0,,,0.0,0.0,0.0,REQ,,,,,0.0,0.0,0.0,0
338966,2.574587,2.574587,2.574587,2.574587,2.574587,2.574587,udp,0.0,,cs0,,63.0,,1.0,,Status,2,2,0,84,84,0,42.0,0.0,130.506363,130.506363,0.0,0,0,0,0.0,,,0.388412,0.388412,0.0,REQ,,,,,0.0,0.0,0.0,0
338976,0.0,0.0,0.0,0.0,0.0,0.0,udp,0.0,,cs0,,63.0,,1.0,,Status,1,1,0,42,42,0,42.0,0.0,0.0,0.0,0.0,0,0,0,0.0,,,0.0,0.0,0.0,REQ,,,,,0.0,0.0,0.0,0
339005,2.577951,2.577951,2.577951,2.577951,2.577951,2.577951,udp,0.0,,cs0,,63.0,,1.0,,Status,2,2,0,84,84,0,42.0,0.0,130.336075,130.336075,0.0,0,0,0,0.0,,,0.387905,0.387905,0.0,REQ,,,,,0.0,0.0,0.0,0
339099,0.0,0.0,0.0,0.0,0.0,0.0,udp,0.0,,cs0,,63.0,,1.0,,Start,1,1,0,42,42,0,42.0,0.0,0.0,0.0,0.0,0,0,0,0.0,,,0.0,0.0,0.0,INT,,,,,0.0,0.0,0.0,0
339124,2.571632,2.571632,2.571632,2.571632,2.571632,2.571632,udp,0.0,,cs0,,63.0,,1.0,,Status,2,2,0,84,84,0,42.0,0.0,130.656342,130.656342,0.0,0,0,0,0.0,,,0.388858,0.388858,0.0,REQ,,,,,0.0,0.0,0.0,0
339126,2.571633,2.571633,2.571633,2.571633,2.571633,2.571633,udp,0.0,,cs0,,63.0,,1.0,,Status,2,2,0,84,84,0,42.0,0.0,130.656281,130.656281,0.0,0,0,0,0.0,,,0.388858,0.388858,0.0,REQ,,,,,0.0,0.0,0.0,0
339165,0.0,0.0,0.0,0.0,0.0,0.0,udp,0.0,,cs0,,63.0,,1.0,,Status,1,1,0,42,42,0,42.0,0.0,0.0,0.0,0.0,0,0,0,0.0,,,0.0,0.0,0.0,REQ,,,,,0.0,0.0,0.0,0
339227,2.576339,2.576339,2.576339,2.576339,2.576339,2.576339,udp,0.0,,cs0,,63.0,,1.0,,Status,2,2,0,84,84,0,42.0,0.0,130.417618,130.417618,0.0,0,0,0,0.0,,,0.388148,0.388148,0.0,REQ,,,,,0.0,0.0,0.0,0
339294,2.573575,2.573575,2.573575,2.573575,2.573575,2.573575,udp,0.0,,cs0,,63.0,,1.0,,Status,2,2,0,84,84,0,42.0,0.0,130.557693,130.557693,0.0,0,0,0,0.0,,,0.388565,0.388565,0.0,REQ,,,,,0.0,0.0,0.0,0
339381,2.575445,2.575445,2.575445,2.575445,2.575445,2.575445,udp,0.0,,cs0,,63.0,,1.0,,Status,2,2,0,84,84,0,42.0,0.0,130.462891,130.462891,0.0,0,0,0,0.0,,,0.388282,0.388282,0.0,REQ,,,,,0.0,0.0,0.0,0
339402,2.579657,2.579657,2.579657,2.579657,2.579657,2.579657,udp,0.0,,cs0,,63.0,,1.0,,Status,2,2,0,84,84,0,42.0,0.0,130.249878,130.249878,0.0,0,0,0,0.0,,,0.387648,0.387648,0.0,REQ,,,,,0.0,0.0,0.0,0
339483,2.573841,2.573841,2.573841,2.573841,2.573841,2.573841,udp,0.0,,cs0,,63.0,,1.0,,Status,2,2,0,84,84,0,42.0,0.0,130.544189,130.544189,0.0,0,0,0,0.0,,,0.388524,0.388524,0.0,REQ,,,,,0.0,0.0,0.0,0
339521,0.0,0.0,0.0,0.0,0.0,0.0,udp,0.0,,cs0,,63.0,,1.0,,Status,1,1,0,42,42,0,42.0,0.0,0.0,0.0,0.0,0,0,0,0.0,,,0.0,0.0,0.0,REQ,,,,,0.0,0.0,0.0,0
339574,0.0,0.0,0.0,0.0,0.0,0.0,udp,0.0,,cs0,,63.0,,1.0,,Status,1,1,0,42,42,0,42.0,0.0,0.0,0.0,0.0,0,0,0,0.0,,,0.0,0.0,0.0,REQ,,,,,0.0,0.0,0.0,0
339590,2.57998,2.57998,2.57998,2.57998,2.57998,2.57998,udp,0.0,,cs0,,63.0,,1.0,,Status,2,2,0,84,84,0,42.0,0.0,130.233566,130.233566,0.0,0,0,0,0.0,,,0.3876,0.3876,0.0,REQ,,,,,0.0,0.0,0.0,0
339595,2.578375,2.578375,2.578375,2.578375,2.578375,2.578375,udp,0.0,,cs0,,63.0,,1.0,,Status,2,2,0,84,84,0,42.0,0.0,130.314636,130.314636,0.0,0,0,0,0.0,,,0.387841,0.387841,0.0,REQ,,,,,0.0,0.0,0.0,0
339669,0.0,0.0,0.0,0.0,0.0,0.0,udp,0.0,,cs0,,63.0,,1.0,,Status,1,1,0,42,42,0,42.0,0.0,0.0,0.0,0.0,0,0,0,0.0,,,0.0,0.0,0.0,REQ,,,,,0.0,0.0,0.0,0
339734,0.0,0.0,0.0,0.0,0.0,0.0,udp,0.0,,cs0,,63.0,,1.0,,Status,1,1,0,42,42,0,42.0,0.0,0.0,0.0,0.0,0,0,0,0.0,,,0.0,0.0,0.0,REQ,,,,,0.0,0.0,0.0,0
339746,2.576098,2.576098,2.576098,2.576098,2.576098,2.576098,udp,0.0,,cs0,,63.0,,1.0,,Status,2,2,0,84,84,0,42.0,0.0,130.429825,130.429825,0.0,0,0,0,0.0,,,0.388184,0.388184,0.0,REQ,,,,,0.0,0.0,0.0,0
339750,2.575082,2.575082,2.575082,2.575082,2.575082,2.575082,udp,0.0,,cs0,,63.0,,1.0,,Status,2,2,0,84,84,0,42.0,0.0,130.481277,130.481277,0.0,0,0,0,0.0,,,0.388337,0.388337,0.0,REQ,,,,,0.0,0.0,0.0,0
339823,2.574729,2.574729,2.574729,2.574729,2.574729,2.574729,udp,0.0,,cs0,,63.0,,1.0,,Status,2,2,0,84,84,0,42.0,0.0,130.499176,130.499176,0.0,0,0,0,0.0,,,0.38839,0.38839,0.0,REQ,,,,,0.0,0.0,0.0,0
339857,0.0,0.0,0.0,0.0,0.0,0.0,udp,0.0,,cs0,,63.0,,1.0,,Status,1,1,0,42,42,0,42.0,0.0,0.0,0.0,0.0,0,0,0,0.0,,,0.0,0.0,0.0,REQ,,,,,0.0,0.0,0.0,0
339889,0.0,0.0,0.0,0.0,0.0,0.0,udp,0.0,,cs0,,63.0,,1.0,,Status,1,1,0,42,42,0,42.0,0.0,0.0,0.0,0.0,0,0,0,0.0,,,0.0,0.0,0.0,REQ,,,,,0.0,0.0,0.0,0
339978,0.0,0.0,0.0,0.0,0.0,0.0,udp,0.0,,cs0,,63.0,,1.0,,Status,1,1,0,42,42,0,42.0,0.0,0.0,0.0,0.0,0,0,0,0.0,,,0.0,0.0,0.0,REQ,,,,,0.0,0.0,0.0,0
340004,2.566547,2.566547,2.566547,2.566547,2.566547,2.566547,udp,0.0,,cs0,,63.0,,1.0,,Status,2,2,0,84,84,0,42.0,0.0,130.915192,130.915192,0.0,0,0,0,0.0,,,0.389629,0.389629,0.0,REQ,,,,,0.0,0.0,0.0,0
340015,2.566989,2.566989,2.566989,2.566989,2.566989,2.566989,udp,0.0,,cs0,,63.0,,1.0,,Status,2,2,0,84,84,0,42.0,0.0,130.892654,130.892654,0.0,0,0,0,0.0,,,0.389561,0.389561,0.0,REQ,,,,,0.0,0.0,0.0,0
340017,2.56699,2.56699,2.56699,2.56699,2.56699,2.56699,udp,0.0,,cs0,,63.0,,1.0,,Status,2,2,0,84,84,0,42.0,0.0,130.892609,130.892609,0.0,0,0,0,0.0,,,0.389561,0.389561,0.0,REQ,,,,,0.0,0.0,0.0,0
340033,2.568815,2.568815,2.568815,2.568815,2.568815,2.568815,udp,0.0,,cs0,,63.0,,1.0,,Status,2,2,0,84,84,0,42.0,0.0,130.799606,130.799606,0.0,0,0,0,0.0,,,0.389285,0.389285,0.0,REQ,,,,,0.0,0.0,0.0,0
340035,2.568807,2.568807,2.568807,2.568807,2.568807,2.568807,udp,0.0,,cs0,,63.0,,1.0,,Status,2,2,0,84,84,0,42.0,0.0,130.800018,130.800018,0.0,0,0,0,0.0,,,0.389286,0.389286,0.0,REQ,,,,,0.0,0.0,0.0,0
340048,2.573628,2.573628,2.573628,2.573628,2.573628,2.573628,udp,0.0,,cs0,,63.0,,1.0,,Status,2,2,0,84,84,0,42.0,0.0,130.555008,130.555008,0.0,0,0,0,0.0,,,0.388557,0.388557,0.0,REQ,,,,,0.0,0.0,0.0,0
340066,2.574795,2.574795,2.574795,2.574795,2.574795,2.574795,udp,0.0,,cs0,,63.0,,1.0,,Status,2,2,0,84,84,0,42.0,0.0,130.495819,130.495819,0.0,0,0,0,0.0,,,0.38838,0.38838,0.0,REQ,,,,,0.0,0.0,0.0,0
340164,2.573226,2.573226,2.573226,2.573226,2.573226,2.573226,udp,0.0,,cs0,,63.0,,1.0,,Status,2,2,0,84,84,0,42.0,0.0,130.575394,130.575394,0.0,0,0,0,0.0,,,0.388617,0.388617,0.0,REQ,,,,,0.0,0.0,0.0,0
340211,0.0,0.0,0.0,0.0,0.0,0.0,udp,0.0,,cs0,,63.0,,1.0,,Status,1,1,0,42,42,0,42.0,0.0,0.0,0.0,0.0,0,0,0,0.0,,,0.0,0.0,0.0,REQ,,,,,0.0,0.0,0.0,0
340260,2.576938,2.576938,2.576938,2.576938,2.576938,2.576938,udp,0.0,,cs0,,63.0,,1.0,,Status,2,2,0,84,84,0,42.0,0.0,130.387314,130.387314,0.0,0,0,0,0.0,,,0.388057,0.388057,0.0,REQ,,,,,0.0,0.0,0.0,0
340261,2.576938,2.576938,2.576938,2.576938,2.576938,2.576938,udp,0.0,,cs0,,63.0,,1.0,,Status,2,2,0,84,84,0,42.0,0.0,130.387314,130.387314,0.0,0,0,0,0.0,,,0.388057,0.388057,0.0,REQ,,,,,0.0,0.0,0.0,0
340264,2.576943,2.576943,2.576943,2.576943,2.576943,2.576943,udp,0.0,,cs0,,63.0,,1.0,,Status,2,2,0,84,84,0,42.0,0.0,130.387054,130.387054,0.0,0,0,0,0.0,,,0.388057,0.388057,0.0,REQ,,,,,0.0,0.0,0.0,0
340322,2.582225,2.582225,2.582225,2.582225,2.582225,2.582225,udp,0.0,,cs0,,63.0,,1.0,,Status,2,2,0,84,84,0,42.0,0.0,130.120331,130.120331,0.0,0,0,0,0.0,,,0.387263,0.387263,0.0,REQ,,,,,0.0,0.0,0.0,0
340331,2.582227,2.582227,2.582227,2.582227,2.582227,2.582227,udp,0.0,,cs0,,63.0,,1.0,,Status,2,2,0,84,84,0,42.0,0.0,130.120239,130.120239,0.0,0,0,0,0.0,,,0.387263,0.387263,0.0,REQ,,,,,0.0,0.0,0.0,0
340356,0.0,0.0,0.0,0.0,0.0,0.0,udp,0.0,,cs0,,63.0,,1.0,,Status,1,1,0,42,42,0,42.0,0.0,0.0,0.0,0.0,0,0,0,0.0,,,0.0,0.0,0.0,REQ,,,,,0.0,0.0,0.0,0
340389,0.0,0.0,0.0,0.0,0.0,0.0,udp,0.0,,cs0,,63.0,,1.0,,Status,1,1,0,42,42,0,42.0,0.0,0.0,0.0,0.0,0,0,0,0.0,,,0.0,0.0,0.0,REQ,,,,,0.0,0.0,0.0,0
340508,2.574516,2.574516,2.574516,2.574516,2.574516,2.574516,udp,0.0,,cs0,,63.0,,1.0,,Status,2,2,0,84,84,0,42.0,0.0,130.509964,130.509964,0.0,0,0,0,0.0,,,0.388423,0.388423,0.0,REQ,,,,,0.0,0.0,0.0,0
340535,0.0,0.0,0.0,0.0,0.0,0.0,udp,0.0,,cs0,,63.0,,1.0,,Status,1,1,0,42,42,0,42.0,0.0,0.0,0.0,0.0,0,0,0,0.0,,,0.0,0.0,0.0,REQ,,,,,0.0,0.0,0.0,0
340561,0.0,0.0,0.0,0.0,0.0,0.0,udp,0.0,,cs0,,63.0,,1.0,,Status,1,1,0,42,42,0,42.0,0.0,0.0,0.0,0.0,0,0,0,0.0,,,0.0,0.0,0.0,REQ,,,,,0.0,0.0,0.0,0
340641,2.572271,2.572271,2.572271,2.572271,2.572271,2.572271,udp,0.0,,cs0,,63.0,,1.0,,Status,2,2,0,84,84,0,42.0,0.0,130.623871,130.623871,0.0,0,0,0,0.0,,,0.388762,0.388762,0.0,REQ,,,,,0.0,0.0,0.0,0
340705,2.574711,2.574711,2.574711,2.574711,2.574711,2.574711,udp,0.0,,cs0,,63.0,,1.0,,Status,2,2,0,84,84,0,42.0,0.0,130.500076,130.500076,0.0,0,0,0,0.0,,,0.388393,0.388393,0.0,REQ,,,,,0.0,0.0,0.0,0
340716,2.579065,2.579065,2.579065,2.579065,2.579065,2.579065,udp,0.0,,cs0,,63.0,,1.0,,Status,2,2,0,84,84,0,42.0,0.0,130.27977,130.27977,0.0,0,0,0,0.0,,,0.387737,0.387737,0.0,REQ,,,,,0.0,0.0,0.0,0
340741,2.572895,2.572895,2.572895,2.572895,2.572895,2.572895,udp,0.0,,cs0,,63.0,,1.0,,Status,2,2,0,84,84,0,42.0,0.0,130.592194,130.592194,0.0,0,0,0,0.0,,,0.388667,0.388667,0.0,REQ,,,,,0.0,0.0,0.0,0
340847,0.0,0.0,0.0,0.0,0.0,0.0,udp,0.0,,cs0,,63.0,,1.0,,Status,1,1,0,42,42,0,42.0,0.0,0.0,0.0,0.0,0,0,0,0.0,,,0.0,0.0,0.0,REQ,,,,,0.0,0.0,0.0,0
340851,0.0,0.0,0.0,0.0,0.0,0.0,udp,0.0,,cs0,,63.0,,1.0,,Status,1,1,0,42,42,0,42.0,0.0,0.0,0.0,0.0,0,0,0,0.0,,,0.0,0.0,0.0,REQ,,,,,0.0,0.0,0.0,0
340870,0.0,0.0,0.0,0.0,0.0,0.0,udp,0.0,,cs0,,63.0,,1.0,,Status,1,1,0,42,42,0,42.0,0.0,0.0,0.0,0.0,0,0,0,0.0,,,0.0,0.0,0.0,REQ,,,,,0.0,0.0,0.0,0
340909,0.0,0.0,0.0,0.0,0.0,0.0,udp,0.0,,cs0,,63.0,,1.0,,Status,1,1,0,42,42,0,42.0,0.0,0.0,0.0,0.0,0,0,0,0.0,,,0.0,0.0,0.0,REQ,,,,,0.0,0.0,0.0,0
340915,0.0,0.0,0.0,0.0,0.0,0.0,udp,0.0,,cs0,,63.0,,1.0,,Status,1,1,0,42,42,0,42.0,0.0,0.0,0.0,0.0,0,0,0,0.0,,,0.0,0.0,0.0,REQ,,,,,0.0,0.0,0.0,0
340936,0.0,0.0,0.0,0.0,0.0,0.0,udp,0.0,,cs0,,63.0,,1.0,,Status,1,1,0,42,42,0,42.0,0.0,0.0,0.0,0.0,0,0,0,0.0,,,0.0,0.0,0.0,REQ,,,,,0.0,0.0,0.0,0
340983,2.57509,2.57509,2.57509,2.57509,2.57509,2.57509,udp,0.0,,cs0,,63.0,,1.0,,Status,2,2,0,84,84,0,42.0,0.0,130.480881,130.480881,0.0,0,0,0,0.0,,,0.388336,0.388336,0.0,REQ,,,,,0.0,0.0,0.0,0
341080,0.0,0.0,0.0,0.0,0.0,0.0,udp,0.0,,cs0,,63.0,,1.0,,Status,1,1,0,42,42,0,42.0,0.0,0.0,0.0,0.0,0,0,0,0.0,,,0.0,0.0,0.0,REQ,,,,,0.0,0.0,0.0,0
341102,0.0,0.0,0.0,0.0,0.0,0.0,udp,0.0,,cs0,,63.0,,1.0,,Status,1,1,0,42,42,0,42.0,0.0,0.0,0.0,0.0,0,0,0,0.0,,,0.0,0.0,0.0,REQ,,,,,0.0,0.0,0.0,0
341134,2.576126,2.576126,2.576126,2.576126,2.576126,2.576126,udp,0.0,,cs0,,63.0,,1.0,,Status,2,2,0,84,84,0,42.0,0.0,130.428391,130.428391,0.0,0,0,0,0.0,,,0.38818,0.38818,0.0,REQ,,,,,0.0,0.0,0.0,0
341159,2.576039,2.576039,2.576039,2.576039,2.576039,2.576039,udp,0.0,,cs0,,63.0,,1.0,,Status,2,2,0,84,84,0,42.0,0.0,130.4328,130.4328,0.0,0,0,0,0.0,,,0.388193,0.388193,0.0,REQ,,,,,0.0,0.0,0.0,0
341166,0.0,0.0,0.0,0.0,0.0,0.0,udp,0.0,,cs0,,63.0,,1.0,,Status,1,1,0,42,42,0,42.0,0.0,0.0,0.0,0.0,0,0,0,0.0,,,0.0,0.0,0.0,REQ,,,,,0.0,0.0,0.0,0
341181,2.570253,2.570253,2.570253,2.570253,2.570253,2.570253,udp,0.0,,cs0,,63.0,,1.0,,Status,2,2,0,84,84,0,42.0,0.0,130.72644,130.72644,0.0,0,0,0,0.0,,,0.389067,0.389067,0.0,REQ,,,,,0.0,0.0,0.0,0
341187,0.0,0.0,0.0,0.0,0.0,0.0,udp,0.0,,cs0,,63.0,,1.0,,Status,1,1,0,42,42,0,42.0,0.0,0.0,0.0,0.0,0,0,0,0.0,,,0.0,0.0,0.0,REQ,,,,,0.0,0.0,0.0,0
341202,2.574862,2.574862,2.574862,2.574862,2.574862,2.574862,udp,0.0,,cs0,,63.0,,1.0,,Status,2,2,0,84,84,0,42.0,0.0,130.492432,130.492432,0.0,0,0,0,0.0,,,0.38837,0.38837,0.0,REQ,,,,,0.0,0.0,0.0,0
341219,2.574793,2.574793,2.574793,2.574793,2.574793,2.574793,udp,0.0,,cs0,,63.0,,1.0,,Status,2,2,0,84,84,0,42.0,0.0,130.495926,130.495926,0.0,0,0,0,0.0,,,0.388381,0.388381,0.0,REQ,,,,,0.0,0.0,0.0,0
341275,0.0,0.0,0.0,0.0,0.0,0.0,udp,0.0,,cs0,,63.0,,1.0,,Status,1,1,0,42,42,0,42.0,0.0,0.0,0.0,0.0,0,0,0,0.0,,,0.0,0.0,0.0,REQ,,,,,0.0,0.0,0.0,0
341280,2.577912,2.577912,2.577912,2.577912,2.577912,2.577912,udp,0.0,,cs0,,63.0,,1.0,,Status,2,2,0,84,84,0,42.0,0.0,130.338043,130.338043,0.0,0,0,0,0.0,,,0.387911,0.387911,0.0,REQ,,,,,0.0,0.0,0.0,0
341298,0.0,0.0,0.0,0.0,0.0,0.0,udp,0.0,,cs0,,63.0,,1.0,,Status,1,1,0,42,42,0,42.0,0.0,0.0,0.0,0.0,0,0,0,0.0,,,0.0,0.0,0.0,REQ,,,,,0.0,0.0,0.0,0
341367,2.572012,2.572012,2.572012,2.572012,2.572012,2.572012,udp,0.0,,cs0,,63.0,,1.0,,Status,2,2,0,84,84,0,42.0,0.0,130.637024,130.637024,0.0,0,0,0,0.0,,,0.388801,0.388801,0.0,REQ,,,,,0.0,0.0,0.0,0
341370,2.57252,2.57252,2.57252,2.57252,2.57252,2.57252,udp,0.0,,cs0,,63.0,,1.0,,Status,2,2,0,84,84,0,42.0,0.0,130.611221,130.611221,0.0,0,0,0,0.0,,,0.388724,0.388724,0.0,REQ,,,,,0.0,0.0,0.0,0
341489,0.0,0.0,0.0,0.0,0.0,0.0,udp,0.0,,cs0,,63.0,,1.0,,Status,1,1,0,42,42,0,42.0,0.0,0.0,0.0,0.0,0,0,0,0.0,,,0.0,0.0,0.0,REQ,,,,,0.0,0.0,0.0,0
341496,0.0,0.0,0.0,0.0,0.0,0.0,udp,0.0,,cs0,,63.0,,1.0,,Status,1,1,0,42,42,0,42.0,0.0,0.0,0.0,0.0,0,0,0,0.0,,,0.0,0.0,0.0,REQ,,,,,0.0,0.0,0.0,0
341502,2.573012,2.573012,2.573012,2.573012,2.573012,2.573012,udp,0.0,,cs0,,63.0,,1.0,,Status,2,2,0,84,84,0,42.0,0.0,130.586243,130.586243,0.0,0,0,0,0.0,,,0.38865,0.38865,0.0,REQ,,,,,0.0,0.0,0.0,0
341547,0.0,0.0,0.0,0.0,0.0,0.0,udp,0.0,,cs0,,63.0,,1.0,,Start,1,1,0,42,42,0,42.0,0.0,0.0,0.0,0.0,0,0,0,0.0,,,0.0,0.0,0.0,INT,,,,,0.0,0.0,0.0,0
341678,2.57247,2.57247,2.57247,2.57247,2.57247,2.57247,udp,0.0,,cs0,,63.0,,1.0,,Status,2,2,0,84,84,0,42.0,0.0,130.61377,130.61377,0.0,0,0,0,0.0,,,0.388731,0.388731,0.0,REQ,,,,,0.0,0.0,0.0,0
341700,0.0,0.0,0.0,0.0,0.0,0.0,udp,0.0,,cs0,,63.0,,1.0,,Status,1,1,0,42,42,0,42.0,0.0,0.0,0.0,0.0,0,0,0,0.0,,,0.0,0.0,0.0,REQ,,,,,0.0,0.0,0.0,0
341705,0.0,0.0,0.0,0.0,0.0,0.0,udp,0.0,,cs0,,63.0,,1.0,,Status,1,1,0,42,42,0,42.0,0.0,0.0,0.0,0.0,0,0,0,0.0,,,0.0,0.0,0.0,REQ,,,,,0.0,0.0,0.0,0
341763,0.0,0.0,0.0,0.0,0.0,0.0,udp,0.0,,cs0,,63.0,,1.0,,Status,1,1,0,42,42,0,42.0,0.0,0.0,0.0,0.0,0,0,0,0.0,,,0.0,0.0,0.0,REQ,,,,,0.0,0.0,0.0,0
341784,0.0,0.0,0.0,0.0,0.0,0.0,udp,0.0,,cs0,,63.0,,1.0,,Status,1,1,0,42,42,0,42.0,0.0,0.0,0.0,0.0,0,0,0,0.0,,,0.0,0.0,0.0,REQ,,,,,0.0,0.0,0.0,0
341808,0.0,0.0,0.0,0.0,0.0,0.0,udp,0.0,,cs0,,63.0,,1.0,,Status,1,1,0,42,42,0,42.0,0.0,0.0,0.0,0.0,0,0,0,0.0,,,0.0,0.0,0.0,REQ,,,,,0.0,0.0,0.0,0
341812,2.580798,2.580798,2.580798,2.580798,2.580798,2.580798,udp,0.0,,cs0,,63.0,,1.0,,Status,2,2,0,84,84,0,42.0,0.0,130.192291,130.192291,0.0,0,0,0,0.0,,,0.387477,0.387477,0.0,REQ,,,,,0.0,0.0,0.0,0
341817,2.579986,2.579986,2.579986,2.579986,2.579986,2.579986,udp,0.0,,cs0,,63.0,,1.0,,Status,2,2,0,84,84,0,42.0,0.0,130.233261,130.233261,0.0,0,0,0,0.0,,,0.387599,0.387599,0.0,REQ,,,,,0.0,0.0,0.0,0
341861,0.0,0.0,0.0,0.0,0.0,0.0,udp,0.0,,cs0,,63.0,,1.0,,Status,1,1,0,42,42,0,42.0,0.0,0.0,0.0,0.0,0,0,0,0.0,,,0.0,0.0,0.0,REQ,,,,,0.0,0.0,0.0,0
341879,0.0,0.0,0.0,0.0,0.0,0.0,udp,0.0,,cs0,,63.0,,1.0,,Status,1,1,0,42,42,0,42.0,0.0,0.0,0.0,0.0,0,0,0,0.0,,,0.0,0.0,0.0,REQ,,,,,0.0,0.0,0.0,0
341881,0.0,0.0,0.0,0.0,0.0,0.0,udp,0.0,,cs0,,63.0,,1.0,,Status,1,1,0,42,42,0,42.0,0.0,0.0,0.0,0.0,0,0,0,0.0,,,0.0,0.0,0.0,REQ,,,,,0.0,0.0,0.0,0
341902,0.0,0.0,0.0,0.0,0.0,0.0,udp,0.0,,cs0,,63.0,,1.0,,Status,1,1,0,42,42,0,42.0,0.0,0.0,0.0,0.0,0,0,0,0.0,,,0.0,0.0,0.0,REQ,,,,,0.0,0.0,0.0,0
341923,0.0,0.0,0.0,0.0,0.0,0.0,udp,0.0,,cs0,,63.0,,1.0,,Status,1,1,0,42,42,0,42.0,0.0,0.0,0.0,0.0,0,0,0,0.0,,,0.0,0.0,0.0,REQ,,,,,0.0,0.0,0.0,0
341957,2.573941,2.573941,2.573941,2.573941,2.573941,2.573941,udp,0.0,,cs0,,63.0,,1.0,,Status,2,2,0,84,84,0,42.0,0.0,130.539124,130.539124,0.0,0,0,0,0.0,,,0.388509,0.388509,0.0,REQ,,,,,0.0,0.0,0.0,0
342027,0.0,0.0,0.0,0.0,0.0,0.0,udp,0.0,,cs0,,63.0,,1.0,,Status,1,1,0,42,42,0,42.0,0.0,0.0,0.0,0.0,0,0,0,0.0,,,0.0,0.0,0.0,REQ,,,,,0.0,0.0,0.0,0
342037,0.0,0.0,0.0,0.0,0.0,0.0,udp,0.0,,cs0,,63.0,,1.0,,Status,1,1,0,42,42,0,42.0,0.0,0.0,0.0,0.0,0,0,0,0.0,,,0.0,0.0,0.0,REQ,,,,,0.0,0.0,0.0,0
342109,0.0,0.0,0.0,0.0,0.0,0.0,udp,0.0,,cs0,,63.0,,1.0,,Status,1,1,0,42,42,0,42.0,0.0,0.0,0.0,0.0,0,0,0,0.0,,,0.0,0.0,0.0,REQ,,,,,0.0,0.0,0.0,0
342280,0.0,0.0,0.0,0.0,0.0,0.0,udp,0.0,,cs0,,63.0,,1.0,,Status,1,1,0,42,42,0,42.0,0.0,0.0,0.0,0.0,0,0,0,0.0,,,0.0,0.0,0.0,REQ,,,,,0.0,0.0,0.0,0
342285,2.572872,2.572872,2.572872,2.572872,2.572872,2.572872,udp,0.0,,cs0,,63.0,,1.0,,Status,2,2,0,84,84,0,42.0,0.0,130.593369,130.593369,0.0,0,0,0,0.0,,,0.388671,0.388671,0.0,REQ,,,,,0.0,0.0,0.0,0
342323,0.0,0.0,0.0,0.0,0.0,0.0,udp,0.0,,cs0,,63.0,,1.0,,Status,1,1,0,42,42,0,42.0,0.0,0.0,0.0,0.0,0,0,0,0.0,,,0.0,0.0,0.0,REQ,,,,,0.0,0.0,0.0,0
342403,0.0,0.0,0.0,0.0,0.0,0.0,udp,0.0,,cs0,,63.0,,1.0,,Status,1,1,0,42,42,0,42.0,0.0,0.0,0.0,0.0,0,0,0,0.0,,,0.0,0.0,0.0,REQ,,,,,0.0,0.0,0.0,0
342411,0.0,0.0,0.0,0.0,0.0,0.0,udp,0.0,,cs0,,63.0,,1.0,,Status,1,1,0,42,42,0,42.0,0.0,0.0,0.0,0.0,0,0,0,0.0,,,0.0,0.0,0.0,REQ,,,,,0.0,0.0,0.0,0
342426,0.0,0.0,0.0,0.0,0.0,0.0,udp,0.0,,cs0,,63.0,,1.0,,Status,1,1,0,42,42,0,42.0,0.0,0.0,0.0,0.0,0,0,0,0.0,,,0.0,0.0,0.0,REQ,,,,,0.0,0.0,0.0,0
342467,0.0,0.0,0.0,0.0,0.0,0.0,udp,0.0,,cs0,,63.0,,1.0,,Status,1,1,0,42,42,0,42.0,0.0,0.0,0.0,0.0,0,0,0,0.0,,,0.0,0.0,0.0,REQ,,,,,0.0,0.0,0.0,0
342483,0.0,0.0,0.0,0.0,0.0,0.0,udp,0.0,,cs0,,63.0,,1.0,,Status,1,1,0,42,42,0,42.0,0.0,0.0,0.0,0.0,0,0,0,0.0,,,0.0,0.0,0.0,REQ,,,,,0.0,0.0,0.0,0
342504,2.576205,2.576205,2.576205,2.576205,2.576205,2.576205,udp,0.0,,cs0,,63.0,,1.0,,Status,2,2,0,84,84,0,42.0,0.0,130.424408,130.424408,0.0,0,0,0,0.0,,,0.388168,0.388168,0.0,REQ,,,,,0.0,0.0,0.0,0
342611,2.572322,2.572322,2.572322,2.572322,2.572322,2.572322,udp,0.0,,cs0,,63.0,,1.0,,Status,2,2,0,84,84,0,42.0,0.0,130.621292,130.621292,0.0,0,0,0,0.0,,,0.388754,0.388754,0.0,REQ,,,,,0.0,0.0,0.0,0
342664,0.0,0.0,0.0,0.0,0.0,0.0,udp,0.0,,cs0,,63.0,,1.0,,Status,1,1,0,42,42,0,42.0,0.0,0.0,0.0,0.0,0,0,0,0.0,,,0.0,0.0,0.0,REQ,,,,,0.0,0.0,0.0,0
342675,2.572089,2.572089,2.572089,2.572089,2.572089,2.572089,udp,0.0,,cs0,,63.0,,1.0,,Status,2,2,0,84,84,0,42.0,0.0,130.633118,130.633118,0.0,0,0,0,0.0,,,0.388789,0.388789,0.0,REQ,,,,,0.0,0.0,0.0,0
342735,2.57773,2.57773,2.57773,2.57773,2.57773,2.57773,udp,0.0,,cs0,,63.0,,1.0,,Status,2,2,0,84,84,0,42.0,0.0,130.347244,130.347244,0.0,0,0,0,0.0,,,0.387938,0.387938,0.0,REQ,,,,,0.0,0.0,0.0,0
342761,0.0,0.0,0.0,0.0,0.0,0.0,udp,0.0,,cs0,,63.0,,1.0,,Status,1,1,0,42,42,0,42.0,0.0,0.0,0.0,0.0,0,0,0,0.0,,,0.0,0.0,0.0,REQ,,,,,0.0,0.0,0.0,0
342769,2.572212,2.572212,2.572212,2.572212,2.572212,2.572212,udp,0.0,,cs0,,63.0,,1.0,,Status,2,2,0,84,84,0,42.0,0.0,130.626877,130.626877,0.0,0,0,0,0.0,,,0.38877,0.38877,0.0,REQ,,,,,0.0,0.0,0.0,0
342838,2.571832,2.571832,2.571832,2.571832,2.571832,2.571832,udp,0.0,,cs0,,63.0,,1.0,,Status,2,2,0,84,84,0,42.0,0.0,130.646179,130.646179,0.0,0,0,0,0.0,,,0.388828,0.388828,0.0,REQ,,,,,0.0,0.0,0.0,0
342840,0.0,0.0,0.0,0.0,0.0,0.0,udp,0.0,,cs0,,63.0,,1.0,,Status,1,1,0,42,42,0,42.0,0.0,0.0,0.0,0.0,0,0,0,0.0,,,0.0,0.0,0.0,REQ,,,,,0.0,0.0,0.0,0
342937,0.0,0.0,0.0,0.0,0.0,0.0,udp,0.0,,cs0,,63.0,,1.0,,Status,1,1,0,42,42,0,42.0,0.0,0.0,0.0,0.0,0,0,0,0.0,,,0.0,0.0,0.0,REQ,,,,,0.0,0.0,0.0,0
343001,0.0,0.0,0.0,0.0,0.0,0.0,udp,0.0,,cs0,,63.0,,1.0,,Status,1,1,0,42,42,0,42.0,0.0,0.0,0.0,0.0,0,0,0,0.0,,,0.0,0.0,0.0,REQ,,,,,0.0,0.0,0.0,0
343011,2.574331,2.574331,2.574331,2.574331,2.574331,2.574331,udp,0.0,,cs0,,63.0,,1.0,,Status,2,2,0,84,84,0,42.0,0.0,130.519348,130.519348,0.0,0,0,0,0.0,,,0.38845,0.38845,0.0,REQ,,,,,0.0,0.0,0.0,0
343071,2.576916,2.576916,2.576916,2.576916,2.576916,2.576916,udp,0.0,,cs0,,63.0,,1.0,,Status,2,2,0,84,84,0,42.0,0.0,130.388412,130.388412,0.0,0,0,0,0.0,,,0.388061,0.388061,0.0,REQ,,,,,0.0,0.0,0.0,0
343183,2.573262,2.573262,2.573262,2.573262,2.573262,2.573262,udp,0.0,,cs0,,63.0,,1.0,,Status,2,2,0,84,84,0,42.0,0.0,130.573563,130.573563,0.0,0,0,0,0.0,,,0.388612,0.388612,0.0,REQ,,,,,0.0,0.0,0.0,0
343209,0.0,0.0,0.0,0.0,0.0,0.0,udp,0.0,,cs0,,63.0,,1.0,,Status,1,1,0,42,42,0,42.0,0.0,0.0,0.0,0.0,0,0,0,0.0,,,0.0,0.0,0.0,REQ,,,,,0.0,0.0,0.0,0
343224,0.0,0.0,0.0,0.0,0.0,0.0,udp,0.0,,cs0,,63.0,,1.0,,Status,1,1,0,42,42,0,42.0,0.0,0.0,0.0,0.0,0,0,0,0.0,,,0.0,0.0,0.0,REQ,,,,,0.0,0.0,0.0,0
343277,2.565833,2.565833,2.565833,2.565833,2.565833,2.565833,udp,0.0,,cs0,,63.0,,1.0,,Status,2,2,0,84,84,0,42.0,0.0,130.951614,130.951614,0.0,0,0,0,0.0,,,0.389737,0.389737,0.0,REQ,,,,,0.0,0.0,0.0,0
343312,2.570889,2.570889,2.570889,2.570889,2.570889,2.570889,udp,0.0,,cs0,,63.0,,1.0,,Status,2,2,0,84,84,0,42.0,0.0,130.694092,130.694092,0.0,0,0,0,0.0,,,0.38897,0.38897,0.0,REQ,,,,,0.0,0.0,0.0,0
343352,0.0,0.0,0.0,0.0,0.0,0.0,udp,0.0,,cs0,,63.0,,1.0,,Status,1,1,0,42,42,0,42.0,0.0,0.0,0.0,0.0,0,0,0,0.0,,,0.0,0.0,0.0,REQ,,,,,0.0,0.0,0.0,0
343403,2.577075,2.577075,2.577075,2.577075,2.577075,2.577075,udp,0.0,,cs0,,63.0,,1.0,,Status,2,2,0,84,84,0,42.0,0.0,130.380371,130.380371,0.0,0,0,0,0.0,,,0.388037,0.388037,0.0,REQ,,,,,0.0,0.0,0.0,0
343490,2.584091,2.584091,2.584091,2.584091,2.584091,2.584091,udp,0.0,,cs0,,63.0,,1.0,,Status,2,2,0,84,84,0,42.0,0.0,130.026382,130.026382,0.0,0,0,0,0.0,,,0.386983,0.386983,0.0,REQ,,,,,0.0,0.0,0.0,0
343533,2.576469,2.576469,2.576469,2.576469,2.576469,2.576469,udp,0.0,,cs0,,63.0,,1.0,,Status,2,2,0,84,84,0,42.0,0.0,130.411041,130.411041,0.0,0,0,0,0.0,,,0.388128,0.388128,0.0,REQ,,,,,0.0,0.0,0.0,0
343546,0.0,0.0,0.0,0.0,0.0,0.0,udp,0.0,,cs0,,63.0,,1.0,,Status,1,1,0,42,42,0,42.0,0.0,0.0,0.0,0.0,0,0,0,0.0,,,0.0,0.0,0.0,REQ,,,,,0.0,0.0,0.0,0
343573,2.569812,2.569812,2.569812,2.569812,2.569812,2.569812,udp,0.0,,cs0,,63.0,,1.0,,Status,2,2,0,84,84,0,42.0,0.0,130.748856,130.748856,0.0,0,0,0,0.0,,,0.389134,0.389134,0.0,REQ,,,,,0.0,0.0,0.0,0
343603,2.576111,2.576111,2.576111,2.576111,2.576111,2.576111,udp,0.0,,cs0,,63.0,,1.0,,Status,2,2,0,84,84,0,42.0,0.0,130.429153,130.429153,0.0,0,0,0,0.0,,,0.388182,0.388182,0.0,REQ,,,,,0.0,0.0,0.0,0
343621,2.574417,2.574417,2.574417,2.574417,2.574417,2.574417,udp,0.0,,cs0,,63.0,,1.0,,Status,2,2,0,84,84,0,42.0,0.0,130.514984,130.514984,0.0,0,0,0,0.0,,,0.388437,0.388437,0.0,REQ,,,,,0.0,0.0,0.0,0
343634,2.570272,2.570272,2.570272,2.570272,2.570272,2.570272,udp,0.0,,cs0,,63.0,,1.0,,Status,2,2,0,84,84,0,42.0,0.0,130.725464,130.725464,0.0,0,0,0,0.0,,,0.389064,0.389064,0.0,REQ,,,,,0.0,0.0,0.0,0
343649,2.571846,2.571846,2.571846,2.571846,2.571846,2.571846,udp,0.0,,cs0,,63.0,,1.0,,Status,2,2,0,84,84,0,42.0,0.0,130.645462,130.645462,0.0,0,0,0,0.0,,,0.388826,0.388826,0.0,REQ,,,,,0.0,0.0,0.0,0
343674,2.57547,2.57547,2.57547,2.57547,2.57547,2.57547,udp,0.0,,cs0,,63.0,,1.0,,Start,2,2,0,84,84,0,42.0,0.0,130.461624,130.461624,0.0,0,0,0,0.0,,,0.388279,0.388279,0.0,INT,,,,,0.0,0.0,0.0,0
343725,0.0,0.0,0.0,0.0,0.0,0.0,udp,0.0,,cs0,,63.0,,1.0,,Status,1,1,0,42,42,0,42.0,0.0,0.0,0.0,0.0,0,0,0,0.0,,,0.0,0.0,0.0,REQ,,,,,0.0,0.0,0.0,0
343788,0.0,0.0,0.0,0.0,0.0,0.0,udp,0.0,,cs0,,63.0,,1.0,,Status,1,1,0,42,42,0,42.0,0.0,0.0,0.0,0.0,0,0,0,0.0,,,0.0,0.0,0.0,REQ,,,,,0.0,0.0,0.0,0
343817,2.576076,2.576076,2.576076,2.576076,2.576076,2.576076,udp,0.0,,cs0,,63.0,,1.0,,Status,2,2,0,84,84,0,42.0,0.0,130.430939,130.430939,0.0,0,0,0,0.0,,,0.388187,0.388187,0.0,REQ,,,,,0.0,0.0,0.0,0
343903,0.0,0.0,0.0,0.0,0.0,0.0,udp,0.0,,cs0,,63.0,,1.0,,Status,1,1,0,42,42,0,42.0,0.0,0.0,0.0,0.0,0,0,0,0.0,,,0.0,0.0,0.0,REQ,,,,,0.0,0.0,0.0,0
343994,0.0,0.0,0.0,0.0,0.0,0.0,udp,0.0,,cs0,,63.0,,1.0,,Start,1,1,0,42,42,0,42.0,0.0,0.0,0.0,0.0,0,0,0,0.0,,,0.0,0.0,0.0,INT,,,,,0.0,0.0,0.0,0
344002,0.0,0.0,0.0,0.0,0.0,0.0,udp,0.0,,cs0,,63.0,,1.0,,Start,1,1,0,42,42,0,42.0,0.0,0.0,0.0,0.0,0,0,0,0.0,,,0.0,0.0,0.0,INT,,,,,0.0,0.0,0.0,0
344057,2.569159,2.569159,2.569159,2.569159,2.569159,2.569159,udp,0.0,,cs0,,63.0,,1.0,,Status,2,2,0,84,84,0,42.0,0.0,130.782089,130.782089,0.0,0,0,0,0.0,,,0.389232,0.389232,0.0,REQ,,,,,0.0,0.0,0.0,0
344095,0.0,0.0,0.0,0.0,0.0,0.0,udp,0.0,,cs0,,63.0,,1.0,,Status,1,1,0,42,42,0,42.0,0.0,0.0,0.0,0.0,0,0,0,0.0,,,0.0,0.0,0.0,REQ,,,,,0.0,0.0,0.0,0
344214,0.0,0.0,0.0,0.0,0.0,0.0,udp,0.0,,cs0,,63.0,,1.0,,Start,1,1,0,42,42,0,42.0,0.0,0.0,0.0,0.0,0,0,0,0.0,,,0.0,0.0,0.0,INT,,,,,0.0,0.0,0.0,0
344248,2.578828,2.578828,2.578828,2.578828,2.578828,2.578828,udp,0.0,,cs0,,63.0,,1.0,,Status,2,2,0,84,84,0,42.0,0.0,130.291733,130.291733,0.0,0,0,0,0.0,,,0.387773,0.387773,0.0,REQ,,,,,0.0,0.0,0.0,0
344280,2.574401,2.574401,2.574401,2.574401,2.574401,2.574401,udp,0.0,,cs0,,63.0,,1.0,,Status,2,2,0,84,84,0,42.0,0.0,130.515808,130.515808,0.0,0,0,0,0.0,,,0.38844,0.38844,0.0,REQ,,,,,0.0,0.0,0.0,0
344403,2.572262,2.572262,2.572262,2.572262,2.572262,2.572262,udp,0.0,,cs0,,63.0,,1.0,,Status,2,2,0,84,84,0,42.0,0.0,130.624329,130.624329,0.0,0,0,0,0.0,,,0.388763,0.388763,0.0,REQ,,,,,0.0,0.0,0.0,0
344435,2.57568,2.57568,2.57568,2.57568,2.57568,2.57568,udp,0.0,,cs0,,63.0,,1.0,,Start,2,2,0,84,84,0,42.0,0.0,130.450989,130.450989,0.0,0,0,0,0.0,,,0.388247,0.388247,0.0,INT,,,,,0.0,0.0,0.0,0
344526,0.0,0.0,0.0,0.0,0.0,0.0,udp,0.0,,cs0,,63.0,,1.0,,Status,1,1,0,42,42,0,42.0,0.0,0.0,0.0,0.0,0,0,0,0.0,,,0.0,0.0,0.0,REQ,,,,,0.0,0.0,0.0,0
344556,2.577999,2.577999,2.577999,2.577999,2.577999,2.577999,udp,0.0,,cs0,,63.0,,1.0,,Status,2,2,0,84,84,0,42.0,0.0,130.333633,130.333633,0.0,0,0,0,0.0,,,0.387898,0.387898,0.0,REQ,,,,,0.0,0.0,0.0,0
344593,0.0,0.0,0.0,0.0,0.0,0.0,udp,0.0,,cs0,,63.0,,1.0,,Status,1,1,0,42,42,0,42.0,0.0,0.0,0.0,0.0,0,0,0,0.0,,,0.0,0.0,0.0,REQ,,,,,0.0,0.0,0.0,0
344611,0.0,0.0,0.0,0.0,0.0,0.0,udp,0.0,,cs0,,63.0,,1.0,,Status,1,1,0,42,42,0,42.0,0.0,0.0,0.0,0.0,0,0,0,0.0,,,0.0,0.0,0.0,REQ,,,,,0.0,0.0,0.0,0
344622,0.0,0.0,0.0,0.0,0.0,0.0,udp,0.0,,cs0,,63.0,,1.0,,Start,1,1,0,42,42,0,42.0,0.0,0.0,0.0,0.0,0,0,0,0.0,,,0.0,0.0,0.0,INT,,,,,0.0,0.0,0.0,0
344646,0.0,0.0,0.0,0.0,0.0,0.0,udp,0.0,,cs0,,63.0,,1.0,,Status,1,1,0,42,42,0,42.0,0.0,0.0,0.0,0.0,0,0,0,0.0,,,0.0,0.0,0.0,REQ,,,,,0.0,0.0,0.0,0
344657,0.0,0.0,0.0,0.0,0.0,0.0,udp,0.0,,cs0,,63.0,,1.0,,Status,1,1,0,42,42,0,42.0,0.0,0.0,0.0,0.0,0,0,0,0.0,,,0.0,0.0,0.0,REQ,,,,,0.0,0.0,0.0,0
344661,0.0,0.0,0.0,0.0,0.0,0.0,udp,0.0,,cs0,,63.0,,1.0,,Status,1,1,0,42,42,0,42.0,0.0,0.0,0.0,0.0,0,0,0,0.0,,,0.0,0.0,0.0,REQ,,,,,0.0,0.0,0.0,0
344693,0.0,0.0,0.0,0.0,0.0,0.0,udp,0.0,,cs0,,63.0,,1.0,,Status,1,1,0,42,42,0,42.0,0.0,0.0,0.0,0.0,0,0,0,0.0,,,0.0,0.0,0.0,REQ,,,,,0.0,0.0,0.0,0
344803,0.0,0.0,0.0,0.0,0.0,0.0,udp,0.0,,cs0,,63.0,,1.0,,Status,1,1,0,42,42,0,42.0,0.0,0.0,0.0,0.0,0,0,0,0.0,,,0.0,0.0,0.0,REQ,,,,,0.0,0.0,0.0,0
344818,2.572769,2.572769,2.572769,2.572769,2.572769,2.572769,udp,0.0,,cs0,,63.0,,1.0,,Status,2,2,0,84,84,0,42.0,0.0,130.598587,130.598587,0.0,0,0,0,0.0,,,0.388686,0.388686,0.0,REQ,,,,,0.0,0.0,0.0,0
344855,0.0,0.0,0.0,0.0,0.0,0.0,udp,0.0,,cs0,,63.0,,1.0,,Status,1,1,0,42,42,0,42.0,0.0,0.0,0.0,0.0,0,0,0,0.0,,,0.0,0.0,0.0,REQ,,,,,0.0,0.0,0.0,0
344954,0.0,0.0,0.0,0.0,0.0,0.0,udp,0.0,,cs0,,63.0,,1.0,,Status,1,1,0,42,42,0,42.0,0.0,0.0,0.0,0.0,0,0,0,0.0,,,0.0,0.0,0.0,REQ,,,,,0.0,0.0,0.0,0
345031,2.575884,2.575884,2.575884,2.575884,2.575884,2.575884,udp,0.0,,cs0,,63.0,,1.0,,Status,2,2,0,84,84,0,42.0,0.0,130.440659,130.440659,0.0,0,0,0,0.0,,,0.388216,0.388216,0.0,REQ,,,,,0.0,0.0,0.0,0
345062,2.57569,2.57569,2.57569,2.57569,2.57569,2.57569,udp,0.0,,cs0,,63.0,,1.0,,Status,2,2,0,84,84,0,42.0,0.0,130.450485,130.450485,0.0,0,0,0,0.0,,,0.388245,0.388245,0.0,REQ,,,,,0.0,0.0,0.0,0
345074,2.573249,2.573249,2.573249,2.573249,2.573249,2.573249,udp,0.0,,cs0,,63.0,,1.0,,Start,2,2,0,84,84,0,42.0,0.0,130.574219,130.574219,0.0,0,0,0,0.0,,,0.388614,0.388614,0.0,INT,,,,,0.0,0.0,0.0,0
345077,2.57325,2.57325,2.57325,2.57325,2.57325,2.57325,udp,0.0,,cs0,,63.0,,1.0,,Start,2,2,0,84,84,0,42.0,0.0,130.574173,130.574173,0.0,0,0,0,0.0,,,0.388614,0.388614,0.0,INT,,,,,0.0,0.0,0.0,0
345107,2.573162,2.573162,2.573162,2.573162,2.573162,2.573162,udp,0.0,,cs0,,63.0,,1.0,,Status,2,2,0,84,84,0,42.0,0.0,130.578644,130.578644,0.0,0,0,0,0.0,,,0.388627,0.388627,0.0,REQ,,,,,0.0,0.0,0.0,0
345121,2.5732,2.5732,2.5732,2.5732,2.5732,2.5732,udp,0.0,,cs0,,63.0,,1.0,,Status,2,2,0,84,84,0,42.0,0.0,130.576721,130.576721,0.0,0,0,0,0.0,,,0.388621,0.388621,0.0,REQ,,,,,0.0,0.0,0.0,0
345175,2.57251,2.57251,2.57251,2.57251,2.57251,2.57251,udp,0.0,,cs0,,63.0,,1.0,,Status,2,2,0,84,84,0,42.0,0.0,130.61174,130.61174,0.0,0,0,0,0.0,,,0.388725,0.388725,0.0,REQ,,,,,0.0,0.0,0.0,0
345232,2.573514,2.573514,2.573514,2.573514,2.573514,2.573514,udp,0.0,,cs0,,63.0,,1.0,,Status,2,2,0,84,84,0,42.0,0.0,130.560776,130.560776,0.0,0,0,0,0.0,,,0.388574,0.388574,0.0,REQ,,,,,0.0,0.0,0.0,0
345245,2.575128,2.575128,2.575128,2.575128,2.575128,2.575128,udp,0.0,,cs0,,63.0,,1.0,,Status,2,2,0,84,84,0,42.0,0.0,130.478943,130.478943,0.0,0,0,0,0.0,,,0.38833,0.38833,0.0,REQ,,,,,0.0,0.0,0.0,0
345263,0.0,0.0,0.0,0.0,0.0,0.0,udp,0.0,,cs0,,63.0,,1.0,,Status,1,1,0,42,42,0,42.0,0.0,0.0,0.0,0.0,0,0,0,0.0,,,0.0,0.0,0.0,REQ,,,,,0.0,0.0,0.0,0
345285,2.576132,2.576132,2.576132,2.576132,2.576132,2.576132,udp,0.0,,cs0,,63.0,,1.0,,Start,2,2,0,84,84,0,42.0,0.0,130.428101,130.428101,0.0,0,0,0,0.0,,,0.388179,0.388179,0.0,INT,,,,,0.0,0.0,0.0,0
345376,2.575679,2.575679,2.575679,2.575679,2.575679,2.575679,udp,0.0,,cs0,,63.0,,1.0,,Status,2,2,0,84,84,0,42.0,0.0,130.451035,130.451035,0.0,0,0,0,0.0,,,0.388247,0.388247,0.0,REQ,,,,,0.0,0.0,0.0,0
345379,2.575678,2.575678,2.575678,2.575678,2.575678,2.575678,udp,0.0,,cs0,,63.0,,1.0,,Status,2,2,0,84,84,0,42.0,0.0,130.45108,130.45108,0.0,0,0,0,0.0,,,0.388247,0.388247,0.0,REQ,,,,,0.0,0.0,0.0,0
345453,0.0,0.0,0.0,0.0,0.0,0.0,udp,0.0,,cs0,,63.0,,1.0,,Status,1,1,0,42,42,0,42.0,0.0,0.0,0.0,0.0,0,0,0,0.0,,,0.0,0.0,0.0,REQ,,,,,0.0,0.0,0.0,0
345467,2.571864,2.571864,2.571864,2.571864,2.571864,2.571864,udp,0.0,,cs0,,63.0,,1.0,,Status,2,2,0,84,84,0,42.0,0.0,130.644547,130.644547,0.0,0,0,0,0.0,,,0.388823,0.388823,0.0,REQ,,,,,0.0,0.0,0.0,0
345480,0.0,0.0,0.0,0.0,0.0,0.0,udp,0.0,,cs0,,63.0,,1.0,,Status,1,1,0,42,42,0,42.0,0.0,0.0,0.0,0.0,0,0,0,0.0,,,0.0,0.0,0.0,REQ,,,,,0.0,0.0,0.0,0
345627,2.571037,2.571037,2.571037,2.571037,2.571037,2.571037,udp,0.0,,cs0,,63.0,,1.0,,Status,2,2,0,84,84,0,42.0,0.0,130.686569,130.686569,0.0,0,0,0,0.0,,,0.388948,0.388948,0.0,REQ,,,,,0.0,0.0,0.0,0
345661,0.0,0.0,0.0,0.0,0.0,0.0,udp,0.0,,cs0,,63.0,,1.0,,Status,1,1,0,42,42,0,42.0,0.0,0.0,0.0,0.0,0,0,0,0.0,,,0.0,0.0,0.0,REQ,,,,,0.0,0.0,0.0,0
345683,2.570767,2.570767,2.570767,2.570767,2.570767,2.570767,udp,0.0,,cs0,,63.0,,1.0,,Status,2,2,0,84,84,0,42.0,0.0,130.700302,130.700302,0.0,0,0,0,0.0,,,0.388989,0.388989,0.0,REQ,,,,,0.0,0.0,0.0,0
345727,2.574414,2.574414,2.574414,2.574414,2.574414,2.574414,udp,0.0,,cs0,,63.0,,1.0,,Status,2,2,0,84,84,0,42.0,0.0,130.515137,130.515137,0.0,0,0,0,0.0,,,0.388438,0.388438,0.0,REQ,,,,,0.0,0.0,0.0,0
345766,0.0,0.0,0.0,0.0,0.0,0.0,udp,0.0,,cs0,,63.0,,1.0,,Status,1,1,0,42,42,0,42.0,0.0,0.0,0.0,0.0,0,0,0,0.0,,,0.0,0.0,0.0,REQ,,,,,0.0,0.0,0.0,0
345809,2.572849,2.572849,2.572849,2.572849,2.572849,2.572849,udp,0.0,,cs0,,63.0,,1.0,,Start,2,2,0,84,84,0,42.0,0.0,130.594528,130.594528,0.0,0,0,0,0.0,,,0.388674,0.388674,0.0,INT,,,,,0.0,0.0,0.0,0
345837,2.573781,2.573781,2.573781,2.573781,2.573781,2.573781,udp,0.0,,cs0,,63.0,,1.0,,Status,2,2,0,84,84,0,42.0,0.0,130.547241,130.547241,0.0,0,0,0,0.0,,,0.388533,0.388533,0.0,REQ,,,,,0.0,0.0,0.0,0
345910,2.573989,2.573989,2.573989,2.573989,2.573989,2.573989,udp,0.0,,cs0,,63.0,,1.0,,Status,2,2,0,84,84,0,42.0,0.0,130.536697,130.536697,0.0,0,0,0,0.0,,,0.388502,0.388502,0.0,REQ,,,,,0.0,0.0,0.0,0
345951,2.57386,2.57386,2.57386,2.57386,2.57386,2.57386,udp,0.0,,cs0,,63.0,,1.0,,Start,2,2,0,84,84,0,42.0,0.0,130.543228,130.543228,0.0,0,0,0,0.0,,,0.388522,0.388522,0.0,INT,,,,,0.0,0.0,0.0,0
345980,2.573778,2.573778,2.573778,2.573778,2.573778,2.573778,udp,0.0,,cs0,,63.0,,1.0,,Status,2,2,0,84,84,0,42.0,0.0,130.547394,130.547394,0.0,0,0,0,0.0,,,0.388534,0.388534,0.0,REQ,,,,,0.0,0.0,0.0,0
346065,0.0,0.0,0.0,0.0,0.0,0.0,udp,0.0,,cs0,,63.0,,1.0,,Status,1,1,0,42,42,0,42.0,0.0,0.0,0.0,0.0,0,0,0,0.0,,,0.0,0.0,0.0,REQ,,,,,0.0,0.0,0.0,0
346161,0.0,0.0,0.0,0.0,0.0,0.0,udp,0.0,,cs0,,63.0,,1.0,,Status,1,1,0,42,42,0,42.0,0.0,0.0,0.0,0.0,0,0,0,0.0,,,0.0,0.0,0.0,REQ,,,,,0.0,0.0,0.0,0
346212,0.0,0.0,0.0,0.0,0.0,0.0,udp,0.0,,cs0,,63.0,,1.0,,Status,1,1,0,42,42,0,42.0,0.0,0.0,0.0,0.0,0,0,0,0.0,,,0.0,0.0,0.0,REQ,,,,,0.0,0.0,0.0,0
346254,0.0,0.0,0.0,0.0,0.0,0.0,udp,0.0,,cs0,,63.0,,1.0,,Status,1,1,0,42,42,0,42.0,0.0,0.0,0.0,0.0,0,0,0,0.0,,,0.0,0.0,0.0,REQ,,,,,0.0,0.0,0.0,0
346299,2.57384,2.57384,2.57384,2.57384,2.57384,2.57384,udp,0.0,,cs0,,63.0,,1.0,,Start,2,2,0,84,84,0,42.0,0.0,130.54425,130.54425,0.0,0,0,0,0.0,,,0.388525,0.388525,0.0,INT,,,,,0.0,0.0,0.0,0
346424,2.574763,2.574763,2.574763,2.574763,2.574763,2.574763,udp,0.0,,cs0,,63.0,,1.0,,Start,2,2,0,84,84,0,42.0,0.0,130.497452,130.497452,0.0,0,0,0,0.0,,,0.388385,0.388385,0.0,INT,,,,,0.0,0.0,0.0,0
346465,0.0,0.0,0.0,0.0,0.0,0.0,udp,0.0,,cs0,,63.0,,1.0,,Start,1,1,0,42,42,0,42.0,0.0,0.0,0.0,0.0,0,0,0,0.0,,,0.0,0.0,0.0,INT,,,,,0.0,0.0,0.0,0
346492,2.570638,2.570638,2.570638,2.570638,2.570638,2.570638,udp,0.0,,cs0,,63.0,,1.0,,Status,2,2,0,84,84,0,42.0,0.0,130.706848,130.706848,0.0,0,0,0,0.0,,,0.389008,0.389008,0.0,REQ,,,,,0.0,0.0,0.0,0
346517,0.0,0.0,0.0,0.0,0.0,0.0,udp,0.0,,cs0,,63.0,,1.0,,Status,1,1,0,42,42,0,42.0,0.0,0.0,0.0,0.0,0,0,0,0.0,,,0.0,0.0,0.0,REQ,,,,,0.0,0.0,0.0,0
346546,2.574061,2.574061,2.574061,2.574061,2.574061,2.574061,udp,0.0,,cs0,,63.0,,1.0,,Status,2,2,0,84,84,0,42.0,0.0,130.533035,130.533035,0.0,0,0,0,0.0,,,0.388491,0.388491,0.0,REQ,,,,,0.0,0.0,0.0,0
346583,2.572829,2.572829,2.572829,2.572829,2.572829,2.572829,udp,0.0,,cs0,,63.0,,1.0,,Status,2,2,0,84,84,0,42.0,0.0,130.595535,130.595535,0.0,0,0,0,0.0,,,0.388677,0.388677,0.0,REQ,,,,,0.0,0.0,0.0,0
346617,2.572991,2.572991,2.572991,2.572991,2.572991,2.572991,udp,0.0,,cs0,,63.0,,1.0,,Status,2,2,0,84,84,0,42.0,0.0,130.587326,130.587326,0.0,0,0,0,0.0,,,0.388653,0.388653,0.0,REQ,,,,,0.0,0.0,0.0,0
346658,0.0,0.0,0.0,0.0,0.0,0.0,udp,0.0,,cs0,,63.0,,1.0,,Status,1,1,0,42,42,0,42.0,0.0,0.0,0.0,0.0,0,0,0,0.0,,,0.0,0.0,0.0,REQ,,,,,0.0,0.0,0.0,0
346802,0.0,0.0,0.0,0.0,0.0,0.0,udp,0.0,,cs0,,63.0,,1.0,,Status,1,1,0,42,42,0,42.0,0.0,0.0,0.0,0.0,0,0,0,0.0,,,0.0,0.0,0.0,REQ,,,,,0.0,0.0,0.0,0
346850,0.0,0.0,0.0,0.0,0.0,0.0,udp,0.0,,cs0,,63.0,,1.0,,Status,1,1,0,42,42,0,42.0,0.0,0.0,0.0,0.0,0,0,0,0.0,,,0.0,0.0,0.0,REQ,,,,,0.0,0.0,0.0,0
346872,0.0,0.0,0.0,0.0,0.0,0.0,udp,0.0,,cs0,,63.0,,1.0,,Status,1,1,0,42,42,0,42.0,0.0,0.0,0.0,0.0,0,0,0,0.0,,,0.0,0.0,0.0,REQ,,,,,0.0,0.0,0.0,0
346893,2.574282,2.574282,2.574282,2.574282,2.574282,2.574282,udp,0.0,,cs0,,63.0,,1.0,,Status,2,2,0,84,84,0,42.0,0.0,130.521835,130.521835,0.0,0,0,0,0.0,,,0.388458,0.388458,0.0,REQ,,,,,0.0,0.0,0.0,0
346932,2.57382,2.57382,2.57382,2.57382,2.57382,2.57382,udp,0.0,,cs0,,63.0,,1.0,,Status,2,2,0,84,84,0,42.0,0.0,130.545258,130.545258,0.0,0,0,0,0.0,,,0.388528,0.388528,0.0,REQ,,,,,0.0,0.0,0.0,0
346976,2.574143,2.574143,2.574143,2.574143,2.574143,2.574143,udp,0.0,,cs0,,63.0,,1.0,,Status,2,2,0,84,84,0,42.0,0.0,130.528885,130.528885,0.0,0,0,0,0.0,,,0.388479,0.388479,0.0,REQ,,,,,0.0,0.0,0.0,0
346994,0.0,0.0,0.0,0.0,0.0,0.0,udp,0.0,,cs0,,63.0,,1.0,,Status,1,1,0,42,42,0,42.0,0.0,0.0,0.0,0.0,0,0,0,0.0,,,0.0,0.0,0.0,REQ,,,,,0.0,0.0,0.0,0
347053,2.570942,2.570942,2.570942,2.570942,2.570942,2.570942,udp,0.0,,cs0,,63.0,,1.0,,Status,2,2,0,84,84,0,42.0,0.0,130.691406,130.691406,0.0,0,0,0,0.0,,,0.388963,0.388963,0.0,REQ,,,,,0.0,0.0,0.0,0
347103,2.57474,2.57474,2.57474,2.57474,2.57474,2.57474,udp,0.0,,cs0,,63.0,,1.0,,Status,2,2,0,84,84,0,42.0,0.0,130.498611,130.498611,0.0,0,0,0,0.0,,,0.388389,0.388389,0.0,REQ,,,,,0.0,0.0,0.0,0
347154,0.0,0.0,0.0,0.0,0.0,0.0,udp,0.0,,cs0,,63.0,,1.0,,Status,1,1,0,42,42,0,42.0,0.0,0.0,0.0,0.0,0,0,0,0.0,,,0.0,0.0,0.0,REQ,,,,,0.0,0.0,0.0,0
347156,0.0,0.0,0.0,0.0,0.0,0.0,udp,0.0,,cs0,,63.0,,1.0,,Status,1,1,0,42,42,0,42.0,0.0,0.0,0.0,0.0,0,0,0,0.0,,,0.0,0.0,0.0,REQ,,,,,0.0,0.0,0.0,0
347177,2.571209,2.571209,2.571209,2.571209,2.571209,2.571209,udp,0.0,,cs0,,63.0,,1.0,,Status,2,2,0,84,84,0,42.0,0.0,130.677826,130.677826,0.0,0,0,0,0.0,,,0.388922,0.388922,0.0,REQ,,,,,0.0,0.0,0.0,0
347194,0.0,0.0,0.0,0.0,0.0,0.0,udp,0.0,,cs0,,63.0,,1.0,,Status,1,1,0,42,42,0,42.0,0.0,0.0,0.0,0.0,0,0,0,0.0,,,0.0,0.0,0.0,REQ,,,,,0.0,0.0,0.0,0
347219,0.0,0.0,0.0,0.0,0.0,0.0,udp,0.0,,cs0,,63.0,,1.0,,Status,1,1,0,42,42,0,42.0,0.0,0.0,0.0,0.0,0,0,0,0.0,,,0.0,0.0,0.0,REQ,,,,,0.0,0.0,0.0,0
347262,0.0,0.0,0.0,0.0,0.0,0.0,udp,0.0,,cs0,,63.0,,1.0,,Status,1,1,0,42,42,0,42.0,0.0,0.0,0.0,0.0,0,0,0,0.0,,,0.0,0.0,0.0,REQ,,,,,0.0,0.0,0.0,0
347430,0.0,0.0,0.0,0.0,0.0,0.0,udp,0.0,,cs0,,63.0,,1.0,,Status,1,1,0,42,42,0,42.0,0.0,0.0,0.0,0.0,0,0,0,0.0,,,0.0,0.0,0.0,REQ,,,,,0.0,0.0,0.0,0
347468,2.57287,2.57287,2.57287,2.57287,2.57287,2.57287,udp,0.0,,cs0,,63.0,,1.0,,Status,2,2,0,84,84,0,42.0,0.0,130.59346,130.59346,0.0,0,0,0,0.0,,,0.388671,0.388671,0.0,REQ,,,,,0.0,0.0,0.0,0
347509,0.0,0.0,0.0,0.0,0.0,0.0,udp,0.0,,cs0,,63.0,,1.0,,Status,1,1,0,42,42,0,42.0,0.0,0.0,0.0,0.0,0,0,0,0.0,,,0.0,0.0,0.0,REQ,,,,,0.0,0.0,0.0,0
347591,0.0,0.0,0.0,0.0,0.0,0.0,udp,0.0,,cs0,,63.0,,1.0,,Status,1,1,0,42,42,0,42.0,0.0,0.0,0.0,0.0,0,0,0,0.0,,,0.0,0.0,0.0,REQ,,,,,0.0,0.0,0.0,0
347624,2.571098,2.571098,2.571098,2.571098,2.571098,2.571098,udp,0.0,,cs0,,63.0,,1.0,,Status,2,2,0,84,84,0,42.0,0.0,130.683456,130.683456,0.0,0,0,0,0.0,,,0.388939,0.388939,0.0,REQ,,,,,0.0,0.0,0.0,0
347671,2.5678,2.5678,2.5678,2.5678,2.5678,2.5678,udp,0.0,,cs0,,63.0,,1.0,,Status,2,2,0,84,84,0,42.0,0.0,130.851303,130.851303,0.0,0,0,0,0.0,,,0.389438,0.389438,0.0,REQ,,,,,0.0,0.0,0.0,0
347690,2.570878,2.570878,2.570878,2.570878,2.570878,2.570878,udp,0.0,,cs0,,63.0,,1.0,,Status,2,2,0,84,84,0,42.0,0.0,130.694641,130.694641,0.0,0,0,0,0.0,,,0.388972,0.388972,0.0,REQ,,,,,0.0,0.0,0.0,0
347714,0.0,0.0,0.0,0.0,0.0,0.0,udp,0.0,,cs0,,63.0,,1.0,,Status,1,1,0,42,42,0,42.0,0.0,0.0,0.0,0.0,0,0,0,0.0,,,0.0,0.0,0.0,REQ,,,,,0.0,0.0,0.0,0
347732,0.0,0.0,0.0,0.0,0.0,0.0,udp,0.0,,cs0,,63.0,,1.0,,Status,1,1,0,42,42,0,42.0,0.0,0.0,0.0,0.0,0,0,0,0.0,,,0.0,0.0,0.0,REQ,,,,,0.0,0.0,0.0,0
347739,0.0,0.0,0.0,0.0,0.0,0.0,udp,0.0,,cs0,,63.0,,1.0,,Status,1,1,0,42,42,0,42.0,0.0,0.0,0.0,0.0,0,0,0,0.0,,,0.0,0.0,0.0,REQ,,,,,0.0,0.0,0.0,0
347753,2.574189,2.574189,2.574189,2.574189,2.574189,2.574189,udp,0.0,,cs0,,63.0,,1.0,,Status,2,2,0,84,84,0,42.0,0.0,130.52655,130.52655,0.0,0,0,0,0.0,,,0.388472,0.388472,0.0,REQ,,,,,0.0,0.0,0.0,0
347986,2.569879,2.569879,2.569879,2.569879,2.569879,2.569879,udp,0.0,,cs0,,63.0,,1.0,,Start,2,2,0,84,84,0,42.0,0.0,130.745453,130.745453,0.0,0,0,0,0.0,,,0.389123,0.389123,0.0,INT,,,,,0.0,0.0,0.0,0
348000,0.0,0.0,0.0,0.0,0.0,0.0,udp,0.0,,cs0,,63.0,,1.0,,Status,1,1,0,42,42,0,42.0,0.0,0.0,0.0,0.0,0,0,0,0.0,,,0.0,0.0,0.0,REQ,,,,,0.0,0.0,0.0,0
348005,2.572464,2.572464,2.572464,2.572464,2.572464,2.572464,udp,0.0,,cs0,,63.0,,1.0,,Status,2,2,0,84,84,0,42.0,0.0,130.614075,130.614075,0.0,0,0,0,0.0,,,0.388732,0.388732,0.0,REQ,,,,,0.0,0.0,0.0,0
348051,2.570902,2.570902,2.570902,2.570902,2.570902,2.570902,udp,0.0,,cs0,,63.0,,1.0,,Status,2,2,0,84,84,0,42.0,0.0,130.69342,130.69342,0.0,0,0,0,0.0,,,0.388969,0.388969,0.0,REQ,,,,,0.0,0.0,0.0,0
348094,2.572022,2.572022,2.572022,2.572022,2.572022,2.572022,udp,0.0,,cs0,,63.0,,1.0,,Status,2,2,0,84,84,0,42.0,0.0,130.63652,130.63652,0.0,0,0,0,0.0,,,0.388799,0.388799,0.0,REQ,,,,,0.0,0.0,0.0,0
348140,2.568299,2.568299,2.568299,2.568299,2.568299,2.568299,udp,0.0,,cs0,,63.0,,1.0,,Status,2,2,0,84,84,0,42.0,0.0,130.825882,130.825882,0.0,0,0,0,0.0,,,0.389363,0.389363,0.0,REQ,,,,,0.0,0.0,0.0,0
348313,2.570086,2.570086,2.570086,2.570086,2.570086,2.570086,udp,0.0,,cs0,,63.0,,1.0,,Status,2,2,0,84,84,0,42.0,0.0,130.734924,130.734924,0.0,0,0,0,0.0,,,0.389092,0.389092,0.0,REQ,,,,,0.0,0.0,0.0,0
348354,0.0,0.0,0.0,0.0,0.0,0.0,udp,0.0,,cs0,,63.0,,1.0,,Status,1,1,0,42,42,0,42.0,0.0,0.0,0.0,0.0,0,0,0,0.0,,,0.0,0.0,0.0,REQ,,,,,0.0,0.0,0.0,0
348377,0.0,0.0,0.0,0.0,0.0,0.0,udp,0.0,,cs0,,63.0,,1.0,,Status,1,1,0,42,42,0,42.0,0.0,0.0,0.0,0.0,0,0,0,0.0,,,0.0,0.0,0.0,REQ,,,,,0.0,0.0,0.0,0
348380,0.0,0.0,0.0,0.0,0.0,0.0,udp,0.0,,cs0,,63.0,,1.0,,Status,1,1,0,42,42,0,42.0,0.0,0.0,0.0,0.0,0,0,0,0.0,,,0.0,0.0,0.0,REQ,,,,,0.0,0.0,0.0,0
348399,2.571046,2.571046,2.571046,2.571046,2.571046,2.571046,udp,0.0,,cs0,,63.0,,1.0,,Status,2,2,0,84,84,0,42.0,0.0,130.686111,130.686111,0.0,0,0,0,0.0,,,0.388947,0.388947,0.0,REQ,,,,,0.0,0.0,0.0,0
348415,0.0,0.0,0.0,0.0,0.0,0.0,udp,0.0,,cs0,,63.0,,1.0,,Status,1,1,0,42,42,0,42.0,0.0,0.0,0.0,0.0,0,0,0,0.0,,,0.0,0.0,0.0,REQ,,,,,0.0,0.0,0.0,0
348449,0.0,0.0,0.0,0.0,0.0,0.0,udp,0.0,,cs0,,63.0,,1.0,,Status,1,1,0,42,42,0,42.0,0.0,0.0,0.0,0.0,0,0,0,0.0,,,0.0,0.0,0.0,REQ,,,,,0.0,0.0,0.0,0
348471,0.0,0.0,0.0,0.0,0.0,0.0,udp,0.0,,cs0,,63.0,,1.0,,Status,1,1,0,42,42,0,42.0,0.0,0.0,0.0,0.0,0,0,0,0.0,,,0.0,0.0,0.0,REQ,,,,,0.0,0.0,0.0,0
348474,0.0,0.0,0.0,0.0,0.0,0.0,udp,0.0,,cs0,,63.0,,1.0,,Status,1,1,0,42,42,0,42.0,0.0,0.0,0.0,0.0,0,0,0,0.0,,,0.0,0.0,0.0,REQ,,,,,0.0,0.0,0.0,0
348480,0.0,0.0,0.0,0.0,0.0,0.0,udp,0.0,,cs0,,63.0,,1.0,,Status,1,1,0,42,42,0,42.0,0.0,0.0,0.0,0.0,0,0,0,0.0,,,0.0,0.0,0.0,REQ,,,,,0.0,0.0,0.0,0
348562,0.0,0.0,0.0,0.0,0.0,0.0,udp,0.0,,cs0,,63.0,,1.0,,Status,1,1,0,42,42,0,42.0,0.0,0.0,0.0,0.0,0,0,0,0.0,,,0.0,0.0,0.0,REQ,,,,,0.0,0.0,0.0,0
348618,0.0,0.0,0.0,0.0,0.0,0.0,udp,0.0,,cs0,,63.0,,1.0,,Status,1,1,0,42,42,0,42.0,0.0,0.0,0.0,0.0,0,0,0,0.0,,,0.0,0.0,0.0,REQ,,,,,0.0,0.0,0.0,0
348622,2.575902,2.575902,2.575902,2.575902,2.575902,2.575902,udp,0.0,,cs0,,63.0,,1.0,,Status,2,2,0,84,84,0,42.0,0.0,130.439743,130.439743,0.0,0,0,0,0.0,,,0.388214,0.388214,0.0,REQ,,,,,0.0,0.0,0.0,0
348638,0.0,0.0,0.0,0.0,0.0,0.0,udp,0.0,,cs0,,63.0,,1.0,,Status,1,1,0,42,42,0,42.0,0.0,0.0,0.0,0.0,0,0,0,0.0,,,0.0,0.0,0.0,REQ,,,,,0.0,0.0,0.0,0
348677,2.570261,2.570261,2.570261,2.570261,2.570261,2.570261,udp,0.0,,cs0,,63.0,,1.0,,Status,2,2,0,84,84,0,42.0,0.0,130.726028,130.726028,0.0,0,0,0,0.0,,,0.389066,0.389066,0.0,REQ,,,,,0.0,0.0,0.0,0
348689,0.0,0.0,0.0,0.0,0.0,0.0,udp,0.0,,cs0,,63.0,,1.0,,Status,1,1,0,42,42,0,42.0,0.0,0.0,0.0,0.0,0,0,0,0.0,,,0.0,0.0,0.0,REQ,,,,,0.0,0.0,0.0,0
348695,0.0,0.0,0.0,0.0,0.0,0.0,udp,0.0,,cs0,,63.0,,1.0,,Status,1,1,0,42,42,0,42.0,0.0,0.0,0.0,0.0,0,0,0,0.0,,,0.0,0.0,0.0,REQ,,,,,0.0,0.0,0.0,0
348745,2.570196,2.570196,2.570196,2.570196,2.570196,2.570196,udp,0.0,,cs0,,63.0,,1.0,,Status,2,2,0,84,84,0,42.0,0.0,130.72934,130.72934,0.0,0,0,0,0.0,,,0.389075,0.389075,0.0,REQ,,,,,0.0,0.0,0.0,0
348854,0.0,0.0,0.0,0.0,0.0,0.0,udp,0.0,,cs0,,63.0,,1.0,,Status,1,1,0,42,42,0,42.0,0.0,0.0,0.0,0.0,0,0,0,0.0,,,0.0,0.0,0.0,REQ,,,,,0.0,0.0,0.0,0
348865,2.575892,2.575892,2.575892,2.575892,2.575892,2.575892,udp,0.0,,cs0,,63.0,,1.0,,Status,2,2,0,84,84,0,42.0,0.0,130.440247,130.440247,0.0,0,0,0,0.0,,,0.388215,0.388215,0.0,REQ,,,,,0.0,0.0,0.0,0
348885,0.0,0.0,0.0,0.0,0.0,0.0,udp,0.0,,cs0,,63.0,,1.0,,Status,1,1,0,42,42,0,42.0,0.0,0.0,0.0,0.0,0,0,0,0.0,,,0.0,0.0,0.0,REQ,,,,,0.0,0.0,0.0,0
348913,0.0,0.0,0.0,0.0,0.0,0.0,udp,0.0,,cs0,,63.0,,1.0,,Status,1,1,0,42,42,0,42.0,0.0,0.0,0.0,0.0,0,0,0,0.0,,,0.0,0.0,0.0,REQ,,,,,0.0,0.0,0.0,0
349027,2.576962,2.576962,2.576962,2.576962,2.576962,2.576962,udp,0.0,,cs0,,63.0,,1.0,,Status,2,2,0,84,84,0,42.0,0.0,130.386093,130.386093,0.0,0,0,0,0.0,,,0.388054,0.388054,0.0,REQ,,,,,0.0,0.0,0.0,0
349105,2.575746,2.575746,2.575746,2.575746,2.575746,2.575746,udp,0.0,,cs0,,63.0,,1.0,,Status,2,2,0,84,84,0,42.0,0.0,130.447647,130.447647,0.0,0,0,0,0.0,,,0.388237,0.388237,0.0,REQ,,,,,0.0,0.0,0.0,0
349133,0.0,0.0,0.0,0.0,0.0,0.0,udp,0.0,,cs0,,63.0,,1.0,,Status,1,1,0,42,42,0,42.0,0.0,0.0,0.0,0.0,0,0,0,0.0,,,0.0,0.0,0.0,REQ,,,,,0.0,0.0,0.0,0
349200,2.571114,2.571114,2.571114,2.571114,2.571114,2.571114,udp,0.0,,cs0,,63.0,,1.0,,Status,2,2,0,84,84,0,42.0,0.0,130.682648,130.682648,0.0,0,0,0,0.0,,,0.388936,0.388936,0.0,REQ,,,,,0.0,0.0,0.0,0
349240,0.0,0.0,0.0,0.0,0.0,0.0,udp,0.0,,cs0,,63.0,,1.0,,Status,1,1,0,42,42,0,42.0,0.0,0.0,0.0,0.0,0,0,0,0.0,,,0.0,0.0,0.0,REQ,,,,,0.0,0.0,0.0,0
349259,2.571181,2.571181,2.571181,2.571181,2.571181,2.571181,udp,0.0,,cs0,,63.0,,1.0,,Status,2,2,0,84,84,0,42.0,0.0,130.679245,130.679245,0.0,0,0,0,0.0,,,0.388926,0.388926,0.0,REQ,,,,,0.0,0.0,0.0,0
349377,0.0,0.0,0.0,0.0,0.0,0.0,udp,0.0,,cs0,,63.0,,1.0,,Status,1,1,0,42,42,0,42.0,0.0,0.0,0.0,0.0,0,0,0,0.0,,,0.0,0.0,0.0,REQ,,,,,0.0,0.0,0.0,0
349426,2.575155,2.575155,2.575155,2.575155,2.575155,2.575155,udp,0.0,,cs0,,63.0,,1.0,,Status,2,2,0,84,84,0,42.0,0.0,130.477585,130.477585,0.0,0,0,0,0.0,,,0.388326,0.388326,0.0,REQ,,,,,0.0,0.0,0.0,0
349534,2.572709,2.572709,2.572709,2.572709,2.572709,2.572709,udp,0.0,,cs0,,63.0,,1.0,,Status,2,2,0,84,84,0,42.0,0.0,130.601624,130.601624,0.0,0,0,0,0.0,,,0.388695,0.388695,0.0,REQ,,,,,0.0,0.0,0.0,0
349574,2.5704,2.5704,2.5704,2.5704,2.5704,2.5704,udp,0.0,,cs0,,63.0,,1.0,,Status,2,2,0,84,84,0,42.0,0.0,130.718948,130.718948,0.0,0,0,0,0.0,,,0.389044,0.389044,0.0,REQ,,,,,0.0,0.0,0.0,0
349593,0.0,0.0,0.0,0.0,0.0,0.0,udp,0.0,,cs0,,63.0,,1.0,,Status,1,1,0,42,42,0,42.0,0.0,0.0,0.0,0.0,0,0,0,0.0,,,0.0,0.0,0.0,REQ,,,,,0.0,0.0,0.0,0
349625,2.569184,2.569184,2.569184,2.569184,2.569184,2.569184,udp,0.0,,cs0,,63.0,,1.0,,Status,2,2,0,84,84,0,42.0,0.0,130.780823,130.780823,0.0,0,0,0,0.0,,,0.389229,0.389229,0.0,REQ,,,,,0.0,0.0,0.0,0
349648,0.0,0.0,0.0,0.0,0.0,0.0,udp,0.0,,cs0,,63.0,,1.0,,Status,1,1,0,42,42,0,42.0,0.0,0.0,0.0,0.0,0,0,0,0.0,,,0.0,0.0,0.0,REQ,,,,,0.0,0.0,0.0,0
349725,2.568011,2.568011,2.568011,2.568011,2.568011,2.568011,udp,0.0,,cs0,,63.0,,1.0,,Status,2,2,0,84,84,0,42.0,0.0,130.840561,130.840561,0.0,0,0,0,0.0,,,0.389406,0.389406,0.0,REQ,,,,,0.0,0.0,0.0,0
349732,2.570675,2.570675,2.570675,2.570675,2.570675,2.570675,udp,0.0,,cs0,,63.0,,1.0,,Status,2,2,0,84,84,0,42.0,0.0,130.704971,130.704971,0.0,0,0,0,0.0,,,0.389003,0.389003,0.0,REQ,,,,,0.0,0.0,0.0,0
349797,0.0,0.0,0.0,0.0,0.0,0.0,udp,0.0,,cs0,,63.0,,1.0,,Start,1,1,0,42,42,0,42.0,0.0,0.0,0.0,0.0,0,0,0,0.0,,,0.0,0.0,0.0,INT,,,,,0.0,0.0,0.0,0
349823,2.572926,2.572926,2.572926,2.572926,2.572926,2.572926,udp,0.0,,cs0,,63.0,,1.0,,Status,2,2,0,84,84,0,42.0,0.0,130.590622,130.590622,0.0,0,0,0,0.0,,,0.388663,0.388663,0.0,REQ,,,,,0.0,0.0,0.0,0
349839,2.575169,2.575169,2.575169,2.575169,2.575169,2.575169,udp,0.0,,cs0,,63.0,,1.0,,Status,2,2,0,84,84,0,42.0,0.0,130.476868,130.476868,0.0,0,0,0,0.0,,,0.388324,0.388324,0.0,REQ,,,,,0.0,0.0,0.0,0
349873,2.570315,2.570315,2.570315,2.570315,2.570315,2.570315,udp,0.0,,cs0,,63.0,,1.0,,Status,2,2,0,84,84,0,42.0,0.0,130.723282,130.723282,0.0,0,0,0,0.0,,,0.389057,0.389057,0.0,REQ,,,,,0.0,0.0,0.0,0
349889,0.0,0.0,0.0,0.0,0.0,0.0,udp,0.0,,cs0,,63.0,,1.0,,Status,1,1,0,42,42,0,42.0,0.0,0.0,0.0,0.0,0,0,0,0.0,,,0.0,0.0,0.0,REQ,,,,,0.0,0.0,0.0,0
349938,2.569203,2.569203,2.569203,2.569203,2.569203,2.569203,udp,0.0,,cs0,,63.0,,1.0,,Status,2,2,0,84,84,0,42.0,0.0,130.779861,130.779861,0.0,0,0,0,0.0,,,0.389226,0.389226,0.0,REQ,,,,,0.0,0.0,0.0,0
349960,0.0,0.0,0.0,0.0,0.0,0.0,udp,0.0,,cs0,,63.0,,1.0,,Status,1,1,0,42,42,0,42.0,0.0,0.0,0.0,0.0,0,0,0,0.0,,,0.0,0.0,0.0,REQ,,,,,0.0,0.0,0.0,0
350001,0.0,0.0,0.0,0.0,0.0,0.0,udp,0.0,,cs0,,63.0,,1.0,,Status,1,1,0,42,42,0,42.0,0.0,0.0,0.0,0.0,0,0,0,0.0,,,0.0,0.0,0.0,REQ,,,,,0.0,0.0,0.0,0
350058,2.571002,2.571002,2.571002,2.571002,2.571002,2.571002,udp,0.0,,cs0,,63.0,,1.0,,Status,2,2,0,84,84,0,42.0,0.0,130.688339,130.688339,0.0,0,0,0,0.0,,,0.388953,0.388953,0.0,REQ,,,,,0.0,0.0,0.0,0
350077,0.0,0.0,0.0,0.0,0.0,0.0,udp,0.0,,cs0,,63.0,,1.0,,Status,1,1,0,42,42,0,42.0,0.0,0.0,0.0,0.0,0,0,0,0.0,,,0.0,0.0,0.0,REQ,,,,,0.0,0.0,0.0,0
350103,2.566955,2.566955,2.566955,2.566955,2.566955,2.566955,udp,0.0,,cs0,,63.0,,1.0,,Status,2,2,0,84,84,0,42.0,0.0,130.894379,130.894379,0.0,0,0,0,0.0,,,0.389567,0.389567,0.0,REQ,,,,,0.0,0.0,0.0,0
350115,0.0,0.0,0.0,0.0,0.0,0.0,udp,0.0,,cs0,,63.0,,1.0,,Status,1,1,0,42,42,0,42.0,0.0,0.0,0.0,0.0,0,0,0,0.0,,,0.0,0.0,0.0,REQ,,,,,0.0,0.0,0.0,0
350133,0.0,0.0,0.0,0.0,0.0,0.0,udp,0.0,,cs0,,63.0,,1.0,,Status,1,1,0,42,42,0,42.0,0.0,0.0,0.0,0.0,0,0,0,0.0,,,0.0,0.0,0.0,REQ,,,,,0.0,0.0,0.0,0
350184,0.0,0.0,0.0,0.0,0.0,0.0,udp,0.0,,cs0,,63.0,,1.0,,Start,1,1,0,42,42,0,42.0,0.0,0.0,0.0,0.0,0,0,0,0.0,,,0.0,0.0,0.0,INT,,,,,0.0,0.0,0.0,0
350204,2.570063,2.570063,2.570063,2.570063,2.570063,2.570063,udp,0.0,,cs0,,63.0,,1.0,,Status,2,2,0,84,84,0,42.0,0.0,130.736084,130.736084,0.0,0,0,0,0.0,,,0.389096,0.389096,0.0,REQ,,,,,0.0,0.0,0.0,0
350293,2.562882,2.562882,2.562882,2.562882,2.562882,2.562882,udp,0.0,,cs0,,63.0,,1.0,,Status,2,2,0,84,84,0,42.0,0.0,131.102417,131.102417,0.0,0,0,0,0.0,,,0.390186,0.390186,0.0,REQ,,,,,0.0,0.0,0.0,0
350318,0.0,0.0,0.0,0.0,0.0,0.0,udp,0.0,,cs0,,63.0,,1.0,,Status,1,1,0,42,42,0,42.0,0.0,0.0,0.0,0.0,0,0,0,0.0,,,0.0,0.0,0.0,REQ,,,,,0.0,0.0,0.0,0
350326,2.570168,2.570168,2.570168,2.570168,2.570168,2.570168,udp,0.0,,cs0,,63.0,,1.0,,Status,2,2,0,84,84,0,42.0,0.0,130.730759,130.730759,0.0,0,0,0,0.0,,,0.38908,0.38908,0.0,REQ,,,,,0.0,0.0,0.0,0
350449,2.569408,2.569408,2.569408,2.569408,2.569408,2.569408,udp,0.0,,cs0,,63.0,,1.0,,Status,2,2,0,84,84,0,42.0,0.0,130.769424,130.769424,0.0,0,0,0,0.0,,,0.389195,0.389195,0.0,REQ,,,,,0.0,0.0,0.0,0
350464,0.0,0.0,0.0,0.0,0.0,0.0,udp,0.0,,cs0,,63.0,,1.0,,Status,1,1,0,42,42,0,42.0,0.0,0.0,0.0,0.0,0,0,0,0.0,,,0.0,0.0,0.0,REQ,,,,,0.0,0.0,0.0,0
350567,2.570921,2.570921,2.570921,2.570921,2.570921,2.570921,udp,0.0,,cs0,,63.0,,1.0,,Status,2,2,0,84,84,0,42.0,0.0,130.692474,130.692474,0.0,0,0,0,0.0,,,0.388966,0.388966,0.0,REQ,,,,,0.0,0.0,0.0,0
350588,0.0,0.0,0.0,0.0,0.0,0.0,udp,0.0,,cs0,,63.0,,1.0,,Status,1,1,0,42,42,0,42.0,0.0,0.0,0.0,0.0,0,0,0,0.0,,,0.0,0.0,0.0,REQ,,,,,0.0,0.0,0.0,0
350620,0.0,0.0,0.0,0.0,0.0,0.0,udp,0.0,,cs0,,63.0,,1.0,,Status,1,1,0,42,42,0,42.0,0.0,0.0,0.0,0.0,0,0,0,0.0,,,0.0,0.0,0.0,REQ,,,,,0.0,0.0,0.0,0
350656,2.569943,2.569943,2.569943,2.569943,2.569943,2.569943,udp,0.0,,cs0,,63.0,,1.0,,Status,2,2,0,84,84,0,42.0,0.0,130.742203,130.742203,0.0,0,0,0,0.0,,,0.389114,0.389114,0.0,REQ,,,,,0.0,0.0,0.0,0
350746,2.576135,2.576135,2.576135,2.576135,2.576135,2.576135,udp,0.0,,cs0,,63.0,,1.0,,Status,2,2,0,84,84,0,42.0,0.0,130.427948,130.427948,0.0,0,0,0,0.0,,,0.388178,0.388178,0.0,REQ,,,,,0.0,0.0,0.0,0
350760,2.571014,2.571014,2.571014,2.571014,2.571014,2.571014,udp,0.0,,cs0,,63.0,,1.0,,Status,2,2,0,84,84,0,42.0,0.0,130.687744,130.687744,0.0,0,0,0,0.0,,,0.388952,0.388952,0.0,REQ,,,,,0.0,0.0,0.0,0
350853,2.572497,2.572497,2.572497,2.572497,2.572497,2.572497,udp,0.0,,cs0,,63.0,,1.0,,Status,2,2,0,84,84,0,42.0,0.0,130.612396,130.612396,0.0,0,0,0,0.0,,,0.388727,0.388727,0.0,REQ,,,,,0.0,0.0,0.0,0
350924,0.0,0.0,0.0,0.0,0.0,0.0,udp,0.0,,cs0,,63.0,,1.0,,Status,1,1,0,42,42,0,42.0,0.0,0.0,0.0,0.0,0,0,0,0.0,,,0.0,0.0,0.0,REQ,,,,,0.0,0.0,0.0,0
350955,0.0,0.0,0.0,0.0,0.0,0.0,udp,0.0,,cs0,,63.0,,1.0,,Status,1,1,0,42,42,0,42.0,0.0,0.0,0.0,0.0,0,0,0,0.0,,,0.0,0.0,0.0,REQ,,,,,0.0,0.0,0.0,0
350973,2.576357,2.576357,2.576357,2.576357,2.576357,2.576357,udp,0.0,,cs0,,63.0,,1.0,,Status,2,2,0,84,84,0,42.0,0.0,130.416718,130.416718,0.0,0,0,0,0.0,,,0.388145,0.388145,0.0,REQ,,,,,0.0,0.0,0.0,0
350977,2.575929,2.575929,2.575929,2.575929,2.575929,2.575929,udp,0.0,,cs0,,63.0,,1.0,,Status,2,2,0,84,84,0,42.0,0.0,130.438385,130.438385,0.0,0,0,0,0.0,,,0.388209,0.388209,0.0,REQ,,,,,0.0,0.0,0.0,0
351004,0.0,0.0,0.0,0.0,0.0,0.0,udp,0.0,,cs0,,63.0,,1.0,,Status,1,1,0,42,42,0,42.0,0.0,0.0,0.0,0.0,0,0,0,0.0,,,0.0,0.0,0.0,REQ,,,,,0.0,0.0,0.0,0
351038,0.0,0.0,0.0,0.0,0.0,0.0,udp,0.0,,cs0,,63.0,,1.0,,Status,1,1,0,42,42,0,42.0,0.0,0.0,0.0,0.0,0,0,0,0.0,,,0.0,0.0,0.0,REQ,,,,,0.0,0.0,0.0,0
351105,0.0,0.0,0.0,0.0,0.0,0.0,udp,0.0,,cs0,,63.0,,1.0,,Status,1,1,0,42,42,0,42.0,0.0,0.0,0.0,0.0,0,0,0,0.0,,,0.0,0.0,0.0,REQ,,,,,0.0,0.0,0.0,0
351123,0.0,0.0,0.0,0.0,0.0,0.0,udp,0.0,,cs0,,63.0,,1.0,,Status,1,1,0,42,42,0,42.0,0.0,0.0,0.0,0.0,0,0,0,0.0,,,0.0,0.0,0.0,REQ,,,,,0.0,0.0,0.0,0
351202,2.568996,2.568996,2.568996,2.568996,2.568996,2.568996,udp,0.0,,cs0,,63.0,,1.0,,Status,2,2,0,84,84,0,42.0,0.0,130.79039,130.79039,0.0,0,0,0,0.0,,,0.389257,0.389257,0.0,REQ,,,,,0.0,0.0,0.0,0
351216,0.0,0.0,0.0,0.0,0.0,0.0,udp,0.0,,cs0,,63.0,,1.0,,Status,1,1,0,42,42,0,42.0,0.0,0.0,0.0,0.0,0,0,0,0.0,,,0.0,0.0,0.0,REQ,,,,,0.0,0.0,0.0,0
351225,0.0,0.0,0.0,0.0,0.0,0.0,udp,0.0,,cs0,,63.0,,1.0,,Status,1,1,0,42,42,0,42.0,0.0,0.0,0.0,0.0,0,0,0,0.0,,,0.0,0.0,0.0,REQ,,,,,0.0,0.0,0.0,0
351333,2.573788,2.573788,2.573788,2.573788,2.573788,2.573788,udp,0.0,,cs0,,63.0,,1.0,,Status,2,2,0,84,84,0,42.0,0.0,130.54689,130.54689,0.0,0,0,0,0.0,,,0.388532,0.388532,0.0,REQ,,,,,0.0,0.0,0.0,0
351369,0.0,0.0,0.0,0.0,0.0,0.0,udp,0.0,,cs0,,63.0,,1.0,,Status,1,1,0,42,42,0,42.0,0.0,0.0,0.0,0.0,0,0,0,0.0,,,0.0,0.0,0.0,REQ,,,,,0.0,0.0,0.0,0
351391,2.574919,2.574919,2.574919,2.574919,2.574919,2.574919,udp,0.0,,cs0,,63.0,,1.0,,Start,2,2,0,84,84,0,42.0,0.0,130.489548,130.489548,0.0,0,0,0,0.0,,,0.388362,0.388362,0.0,INT,,,,,0.0,0.0,0.0,0
351510,2.569025,2.569025,2.569025,2.569025,2.569025,2.569025,udp,0.0,,cs0,,63.0,,1.0,,Status,2,2,0,84,84,0,42.0,0.0,130.78891,130.78891,0.0,0,0,0,0.0,,,0.389253,0.389253,0.0,REQ,,,,,0.0,0.0,0.0,0
351513,2.569036,2.569036,2.569036,2.569036,2.569036,2.569036,udp,0.0,,cs0,,63.0,,1.0,,Status,2,2,0,84,84,0,42.0,0.0,130.788361,130.788361,0.0,0,0,0,0.0,,,0.389251,0.389251,0.0,REQ,,,,,0.0,0.0,0.0,0
351593,2.569763,2.569763,2.569763,2.569763,2.569763,2.569763,udp,0.0,,cs0,,63.0,,1.0,,Status,2,2,0,84,84,0,42.0,0.0,130.751358,130.751358,0.0,0,0,0,0.0,,,0.389141,0.389141,0.0,REQ,,,,,0.0,0.0,0.0,0
351690,2.574044,2.574044,2.574044,2.574044,2.574044,2.574044,udp,0.0,,cs0,,63.0,,1.0,,Status,2,2,0,84,84,0,42.0,0.0,130.533905,130.533905,0.0,0,0,0,0.0,,,0.388494,0.388494,0.0,REQ,,,,,0.0,0.0,0.0,0
351692,2.574044,2.574044,2.574044,2.574044,2.574044,2.574044,udp,0.0,,cs0,,63.0,,1.0,,Status,2,2,0,84,84,0,42.0,0.0,130.533905,130.533905,0.0,0,0,0,0.0,,,0.388494,0.388494,0.0,REQ,,,,,0.0,0.0,0.0,0
351745,2.571308,2.571308,2.571308,2.571308,2.571308,2.571308,udp,0.0,,cs0,,63.0,,1.0,,Status,2,2,0,84,84,0,42.0,0.0,130.672806,130.672806,0.0,0,0,0,0.0,,,0.388907,0.388907,0.0,REQ,,,,,0.0,0.0,0.0,0
351771,0.0,0.0,0.0,0.0,0.0,0.0,udp,0.0,,cs0,,63.0,,1.0,,Status,1,1,0,42,42,0,42.0,0.0,0.0,0.0,0.0,0,0,0,0.0,,,0.0,0.0,0.0,REQ,,,,,0.0,0.0,0.0,0
351801,2.570867,2.570867,2.570867,2.570867,2.570867,2.570867,udp,0.0,,cs0,,63.0,,1.0,,Status,2,2,0,84,84,0,42.0,0.0,130.695206,130.695206,0.0,0,0,0,0.0,,,0.388974,0.388974,0.0,REQ,,,,,0.0,0.0,0.0,0
351842,0.0,0.0,0.0,0.0,0.0,0.0,udp,0.0,,cs0,,63.0,,1.0,,Status,1,1,0,42,42,0,42.0,0.0,0.0,0.0,0.0,0,0,0,0.0,,,0.0,0.0,0.0,REQ,,,,,0.0,0.0,0.0,0
351947,0.0,0.0,0.0,0.0,0.0,0.0,udp,0.0,,cs0,,63.0,,1.0,,Status,1,1,0,42,42,0,42.0,0.0,0.0,0.0,0.0,0,0,0,0.0,,,0.0,0.0,0.0,REQ,,,,,0.0,0.0,0.0,0
351981,2.572018,2.572018,2.572018,2.572018,2.572018,2.572018,udp,0.0,,cs0,,63.0,,1.0,,Status,2,2,0,84,84,0,42.0,0.0,130.636734,130.636734,0.0,0,0,0,0.0,,,0.3888,0.3888,0.0,REQ,,,,,0.0,0.0,0.0,0
352018,0.0,0.0,0.0,0.0,0.0,0.0,udp,0.0,,cs0,,63.0,,1.0,,Status,1,1,0,42,42,0,42.0,0.0,0.0,0.0,0.0,0,0,0,0.0,,,0.0,0.0,0.0,REQ,,,,,0.0,0.0,0.0,0
352019,0.0,0.0,0.0,0.0,0.0,0.0,udp,0.0,,cs0,,63.0,,1.0,,Status,1,1,0,42,42,0,42.0,0.0,0.0,0.0,0.0,0,0,0,0.0,,,0.0,0.0,0.0,REQ,,,,,0.0,0.0,0.0,0
352033,2.574018,2.574018,2.574018,2.574018,2.574018,2.574018,udp,0.0,,cs0,,63.0,,1.0,,Status,2,2,0,84,84,0,42.0,0.0,130.535217,130.535217,0.0,0,0,0,0.0,,,0.388498,0.388498,0.0,REQ,,,,,0.0,0.0,0.0,0
352039,0.0,0.0,0.0,0.0,0.0,0.0,udp,0.0,,cs0,,63.0,,1.0,,Status,1,1,0,42,42,0,42.0,0.0,0.0,0.0,0.0,0,0,0,0.0,,,0.0,0.0,0.0,REQ,,,,,0.0,0.0,0.0,0
352059,0.0,0.0,0.0,0.0,0.0,0.0,udp,0.0,,cs0,,63.0,,1.0,,Status,1,1,0,42,42,0,42.0,0.0,0.0,0.0,0.0,0,0,0,0.0,,,0.0,0.0,0.0,REQ,,,,,0.0,0.0,0.0,0
352092,0.0,0.0,0.0,0.0,0.0,0.0,udp,0.0,,cs0,,63.0,,1.0,,Status,1,1,0,42,42,0,42.0,0.0,0.0,0.0,0.0,0,0,0,0.0,,,0.0,0.0,0.0,REQ,,,,,0.0,0.0,0.0,0
352122,0.0,0.0,0.0,0.0,0.0,0.0,udp,0.0,,cs0,,63.0,,1.0,,Status,1,1,0,42,42,0,42.0,0.0,0.0,0.0,0.0,0,0,0,0.0,,,0.0,0.0,0.0,REQ,,,,,0.0,0.0,0.0,0
352149,0.0,0.0,0.0,0.0,0.0,0.0,udp,0.0,,cs0,,63.0,,1.0,,Status,1,1,0,42,42,0,42.0,0.0,0.0,0.0,0.0,0,0,0,0.0,,,0.0,0.0,0.0,REQ,,,,,0.0,0.0,0.0,0
352189,0.0,0.0,0.0,0.0,0.0,0.0,udp,0.0,,cs0,,63.0,,1.0,,Status,1,1,0,42,42,0,42.0,0.0,0.0,0.0,0.0,0,0,0,0.0,,,0.0,0.0,0.0,REQ,,,,,0.0,0.0,0.0,0
352198,2.572299,2.572299,2.572299,2.572299,2.572299,2.572299,udp,0.0,,cs0,,63.0,,1.0,,Status,2,2,0,84,84,0,42.0,0.0,130.622452,130.622452,0.0,0,0,0,0.0,,,0.388757,0.388757,0.0,REQ,,,,,0.0,0.0,0.0,0
352202,2.572298,2.572298,2.572298,2.572298,2.572298,2.572298,udp,0.0,,cs0,,63.0,,1.0,,Status,2,2,0,84,84,0,42.0,0.0,130.622498,130.622498,0.0,0,0,0,0.0,,,0.388757,0.388757,0.0,REQ,,,,,0.0,0.0,0.0,0
352238,2.567664,2.567664,2.567664,2.567664,2.567664,2.567664,udp,0.0,,cs0,,63.0,,1.0,,Status,2,2,0,84,84,0,42.0,0.0,130.858246,130.858246,0.0,0,0,0,0.0,,,0.389459,0.389459,0.0,REQ,,,,,0.0,0.0,0.0,0
352344,2.57297,2.57297,2.57297,2.57297,2.57297,2.57297,udp,0.0,,cs0,,63.0,,1.0,,Status,2,2,0,84,84,0,42.0,0.0,130.588394,130.588394,0.0,0,0,0,0.0,,,0.388656,0.388656,0.0,REQ,,,,,0.0,0.0,0.0,0
352417,2.571791,2.571791,2.571791,2.571791,2.571791,2.571791,udp,0.0,,cs0,,63.0,,1.0,,Status,2,2,0,84,84,0,42.0,0.0,130.648254,130.648254,0.0,0,0,0,0.0,,,0.388834,0.388834,0.0,REQ,,,,,0.0,0.0,0.0,0
352444,2.572939,2.572939,2.572939,2.572939,2.572939,2.572939,udp,0.0,,cs0,,63.0,,1.0,,Status,2,2,0,84,84,0,42.0,0.0,130.589966,130.589966,0.0,0,0,0,0.0,,,0.388661,0.388661,0.0,REQ,,,,,0.0,0.0,0.0,0
352448,0.0,0.0,0.0,0.0,0.0,0.0,udp,0.0,,cs0,,63.0,,1.0,,Status,1,1,0,42,42,0,42.0,0.0,0.0,0.0,0.0,0,0,0,0.0,,,0.0,0.0,0.0,REQ,,,,,0.0,0.0,0.0,0
352548,0.0,0.0,0.0,0.0,0.0,0.0,udp,0.0,,cs0,,63.0,,1.0,,Status,1,1,0,42,42,0,42.0,0.0,0.0,0.0,0.0,0,0,0,0.0,,,0.0,0.0,0.0,REQ,,,,,0.0,0.0,0.0,0
352551,0.0,0.0,0.0,0.0,0.0,0.0,udp,0.0,,cs0,,63.0,,1.0,,Status,1,1,0,42,42,0,42.0,0.0,0.0,0.0,0.0,0,0,0,0.0,,,0.0,0.0,0.0,REQ,,,,,0.0,0.0,0.0,0
352555,0.0,0.0,0.0,0.0,0.0,0.0,udp,0.0,,cs0,,63.0,,1.0,,Status,1,1,0,42,42,0,42.0,0.0,0.0,0.0,0.0,0,0,0,0.0,,,0.0,0.0,0.0,REQ,,,,,0.0,0.0,0.0,0
352597,2.568081,2.568081,2.568081,2.568081,2.568081,2.568081,udp,0.0,,cs0,,63.0,,1.0,,Status,2,2,0,84,84,0,42.0,0.0,130.837006,130.837006,0.0,0,0,0,0.0,,,0.389396,0.389396,0.0,REQ,,,,,0.0,0.0,0.0,0
352627,0.0,0.0,0.0,0.0,0.0,0.0,udp,0.0,,cs0,,63.0,,1.0,,Status,1,1,0,42,42,0,42.0,0.0,0.0,0.0,0.0,0,0,0,0.0,,,0.0,0.0,0.0,REQ,,,,,0.0,0.0,0.0,0
352643,0.0,0.0,0.0,0.0,0.0,0.0,udp,0.0,,cs0,,63.0,,1.0,,Status,1,1,0,42,42,0,42.0,0.0,0.0,0.0,0.0,0,0,0,0.0,,,0.0,0.0,0.0,REQ,,,,,0.0,0.0,0.0,0
352671,2.568818,2.568818,2.568818,2.568818,2.568818,2.568818,udp,0.0,,cs0,,63.0,,1.0,,Status,2,2,0,84,84,0,42.0,0.0,130.799454,130.799454,0.0,0,0,0,0.0,,,0.389284,0.389284,0.0,REQ,,,,,0.0,0.0,0.0,0
352864,2.571974,2.571974,2.571974,2.571974,2.571974,2.571974,udp,0.0,,cs0,,63.0,,1.0,,Start,2,2,0,84,84,0,42.0,0.0,130.638962,130.638962,0.0,0,0,0,0.0,,,0.388806,0.388806,0.0,INT,,,,,0.0,0.0,0.0,0
352889,0.0,0.0,0.0,0.0,0.0,0.0,udp,0.0,,cs0,,63.0,,1.0,,Status,1,1,0,42,42,0,42.0,0.0,0.0,0.0,0.0,0,0,0,0.0,,,0.0,0.0,0.0,REQ,,,,,0.0,0.0,0.0,0
352917,0.0,0.0,0.0,0.0,0.0,0.0,udp,0.0,,cs0,,63.0,,1.0,,Start,1,1,0,42,42,0,42.0,0.0,0.0,0.0,0.0,0,0,0,0.0,,,0.0,0.0,0.0,INT,,,,,0.0,0.0,0.0,0
353033,2.572725,2.572725,2.572725,2.572725,2.572725,2.572725,udp,0.0,,cs0,,63.0,,1.0,,Status,2,2,0,84,84,0,42.0,0.0,130.600815,130.600815,0.0,0,0,0,0.0,,,0.388693,0.388693,0.0,REQ,,,,,0.0,0.0,0.0,0
353038,2.572717,2.572717,2.572717,2.572717,2.572717,2.572717,udp,0.0,,cs0,,63.0,,1.0,,Status,2,2,0,84,84,0,42.0,0.0,130.601227,130.601227,0.0,0,0,0,0.0,,,0.388694,0.388694,0.0,REQ,,,,,0.0,0.0,0.0,0
353063,2.567164,2.567164,2.567164,2.567164,2.567164,2.567164,udp,0.0,,cs0,,63.0,,1.0,,Status,2,2,0,84,84,0,42.0,0.0,130.883728,130.883728,0.0,0,0,0,0.0,,,0.389535,0.389535,0.0,REQ,,,,,0.0,0.0,0.0,0
353102,0.0,0.0,0.0,0.0,0.0,0.0,udp,0.0,,cs0,,63.0,,1.0,,Status,1,1,0,42,42,0,42.0,0.0,0.0,0.0,0.0,0,0,0,0.0,,,0.0,0.0,0.0,REQ,,,,,0.0,0.0,0.0,0
353157,0.0,0.0,0.0,0.0,0.0,0.0,udp,0.0,,cs0,,63.0,,1.0,,Status,1,1,0,42,42,0,42.0,0.0,0.0,0.0,0.0,0,0,0,0.0,,,0.0,0.0,0.0,REQ,,,,,0.0,0.0,0.0,0
353190,2.567909,2.567909,2.567909,2.567909,2.567909,2.567909,udp,0.0,,cs0,,63.0,,1.0,,Status,2,2,0,84,84,0,42.0,0.0,130.845764,130.845764,0.0,0,0,0,0.0,,,0.389422,0.389422,0.0,REQ,,,,,0.0,0.0,0.0,0
353217,2.571772,2.571772,2.571772,2.571772,2.571772,2.571772,udp,0.0,,cs0,,63.0,,1.0,,Status,2,2,0,84,84,0,42.0,0.0,130.649216,130.649216,0.0,0,0,0,0.0,,,0.388837,0.388837,0.0,REQ,,,,,0.0,0.0,0.0,0
353224,2.571753,2.571753,2.571753,2.571753,2.571753,2.571753,udp,0.0,,cs0,,63.0,,1.0,,Status,2,2,0,84,84,0,42.0,0.0,130.650177,130.650177,0.0,0,0,0,0.0,,,0.38884,0.38884,0.0,REQ,,,,,0.0,0.0,0.0,0
353236,2.573497,2.573497,2.573497,2.573497,2.573497,2.573497,udp,0.0,,cs0,,63.0,,1.0,,Status,2,2,0,84,84,0,42.0,0.0,130.561646,130.561646,0.0,0,0,0,0.0,,,0.388576,0.388576,0.0,REQ,,,,,0.0,0.0,0.0,0
353243,0.0,0.0,0.0,0.0,0.0,0.0,udp,0.0,,cs0,,63.0,,1.0,,Start,1,1,0,42,42,0,42.0,0.0,0.0,0.0,0.0,0,0,0,0.0,,,0.0,0.0,0.0,INT,,,,,0.0,0.0,0.0,0
353245,0.0,0.0,0.0,0.0,0.0,0.0,udp,0.0,,cs0,,63.0,,1.0,,Start,1,1,0,42,42,0,42.0,0.0,0.0,0.0,0.0,0,0,0,0.0,,,0.0,0.0,0.0,INT,,,,,0.0,0.0,0.0,0
353270,2.580077,2.580077,2.580077,2.580077,2.580077,2.580077,udp,0.0,,cs0,,63.0,,1.0,,Status,2,2,0,84,84,0,42.0,0.0,130.228668,130.228668,0.0,0,0,0,0.0,,,0.387585,0.387585,0.0,REQ,,,,,0.0,0.0,0.0,0
353329,0.0,0.0,0.0,0.0,0.0,0.0,udp,0.0,,cs0,,63.0,,1.0,,Status,1,1,0,42,42,0,42.0,0.0,0.0,0.0,0.0,0,0,0,0.0,,,0.0,0.0,0.0,REQ,,,,,0.0,0.0,0.0,0
353345,2.570882,2.570882,2.570882,2.570882,2.570882,2.570882,udp,0.0,,cs0,,63.0,,1.0,,Status,2,2,0,84,84,0,42.0,0.0,130.694443,130.694443,0.0,0,0,0,0.0,,,0.388972,0.388972,0.0,REQ,,,,,0.0,0.0,0.0,0
353366,0.0,0.0,0.0,0.0,0.0,0.0,udp,0.0,,cs0,,63.0,,1.0,,Status,1,1,0,42,42,0,42.0,0.0,0.0,0.0,0.0,0,0,0,0.0,,,0.0,0.0,0.0,REQ,,,,,0.0,0.0,0.0,0
353388,0.0,0.0,0.0,0.0,0.0,0.0,udp,0.0,,cs0,,63.0,,1.0,,Status,1,1,0,42,42,0,42.0,0.0,0.0,0.0,0.0,0,0,0,0.0,,,0.0,0.0,0.0,REQ,,,,,0.0,0.0,0.0,0
353402,0.0,0.0,0.0,0.0,0.0,0.0,udp,0.0,,cs0,,63.0,,1.0,,Status,1,1,0,42,42,0,42.0,0.0,0.0,0.0,0.0,0,0,0,0.0,,,0.0,0.0,0.0,REQ,,,,,0.0,0.0,0.0,0
353571,2.572226,2.572226,2.572226,2.572226,2.572226,2.572226,udp,0.0,,cs0,,63.0,,1.0,,Status,2,2,0,84,84,0,42.0,0.0,130.62616,130.62616,0.0,0,0,0,0.0,,,0.388768,0.388768,0.0,REQ,,,,,0.0,0.0,0.0,0
353580,0.0,0.0,0.0,0.0,0.0,0.0,udp,0.0,,cs0,,63.0,,1.0,,Status,1,1,0,42,42,0,42.0,0.0,0.0,0.0,0.0,0,0,0,0.0,,,0.0,0.0,0.0,REQ,,,,,0.0,0.0,0.0,0
353609,0.0,0.0,0.0,0.0,0.0,0.0,udp,0.0,,cs0,,63.0,,1.0,,Status,1,1,0,42,42,0,42.0,0.0,0.0,0.0,0.0,0,0,0,0.0,,,0.0,0.0,0.0,REQ,,,,,0.0,0.0,0.0,0
353698,2.567992,2.567992,2.567992,2.567992,2.567992,2.567992,udp,0.0,,cs0,,63.0,,1.0,,Status,2,2,0,84,84,0,42.0,0.0,130.841537,130.841537,0.0,0,0,0,0.0,,,0.389409,0.389409,0.0,REQ,,,,,0.0,0.0,0.0,0
353706,2.568876,2.568876,2.568876,2.568876,2.568876,2.568876,udp,0.0,,cs0,,63.0,,1.0,,Status,2,2,0,84,84,0,42.0,0.0,130.796509,130.796509,0.0,0,0,0,0.0,,,0.389275,0.389275,0.0,REQ,,,,,0.0,0.0,0.0,0
353775,2.574367,2.574367,2.574367,2.574367,2.574367,2.574367,udp,0.0,,cs0,,63.0,,1.0,,Status,2,2,0,84,84,0,42.0,0.0,130.517517,130.517517,0.0,0,0,0,0.0,,,0.388445,0.388445,0.0,REQ,,,,,0.0,0.0,0.0,0
353776,2.574367,2.574367,2.574367,2.574367,2.574367,2.574367,udp,0.0,,cs0,,63.0,,1.0,,Status,2,2,0,84,84,0,42.0,0.0,130.517517,130.517517,0.0,0,0,0,0.0,,,0.388445,0.388445,0.0,REQ,,,,,0.0,0.0,0.0,0
353828,2.567985,2.567985,2.567985,2.567985,2.567985,2.567985,udp,0.0,,cs0,,63.0,,1.0,,Status,2,2,0,84,84,0,42.0,0.0,130.841888,130.841888,0.0,0,0,0,0.0,,,0.38941,0.38941,0.0,REQ,,,,,0.0,0.0,0.0,0
353904,2.570687,2.570687,2.570687,2.570687,2.570687,2.570687,udp,0.0,,cs0,,63.0,,1.0,,Status,2,2,0,84,84,0,42.0,0.0,130.704361,130.704361,0.0,0,0,0,0.0,,,0.389001,0.389001,0.0,REQ,,,,,0.0,0.0,0.0,0
353906,2.570761,2.570761,2.570761,2.570761,2.570761,2.570761,udp,0.0,,cs0,,63.0,,1.0,,Status,2,2,0,84,84,0,42.0,0.0,130.700607,130.700607,0.0,0,0,0,0.0,,,0.38899,0.38899,0.0,REQ,,,,,0.0,0.0,0.0,0
353956,0.0,0.0,0.0,0.0,0.0,0.0,udp,0.0,,cs0,,63.0,,1.0,,Status,1,1,0,42,42,0,42.0,0.0,0.0,0.0,0.0,0,0,0,0.0,,,0.0,0.0,0.0,REQ,,,,,0.0,0.0,0.0,0
354048,2.573028,2.573028,2.573028,2.573028,2.573028,2.573028,udp,0.0,,cs0,,63.0,,1.0,,Status,2,2,0,84,84,0,42.0,0.0,130.585434,130.585434,0.0,0,0,0,0.0,,,0.388647,0.388647,0.0,REQ,,,,,0.0,0.0,0.0,0
354124,0.0,0.0,0.0,0.0,0.0,0.0,udp,0.0,,cs0,,63.0,,1.0,,Status,1,1,0,42,42,0,42.0,0.0,0.0,0.0,0.0,0,0,0,0.0,,,0.0,0.0,0.0,REQ,,,,,0.0,0.0,0.0,0
354229,2.574987,2.574987,2.574987,2.574987,2.574987,2.574987,udp,0.0,,cs0,,63.0,,1.0,,Status,2,2,0,84,84,0,42.0,0.0,130.486099,130.486099,0.0,0,0,0,0.0,,,0.388351,0.388351,0.0,REQ,,,,,0.0,0.0,0.0,0
354236,0.0,0.0,0.0,0.0,0.0,0.0,udp,0.0,,cs0,,63.0,,1.0,,Status,1,1,0,42,42,0,42.0,0.0,0.0,0.0,0.0,0,0,0,0.0,,,0.0,0.0,0.0,REQ,,,,,0.0,0.0,0.0,0
354288,0.0,0.0,0.0,0.0,0.0,0.0,udp,0.0,,cs0,,63.0,,1.0,,Status,1,1,0,42,42,0,42.0,0.0,0.0,0.0,0.0,0,0,0,0.0,,,0.0,0.0,0.0,REQ,,,,,0.0,0.0,0.0,0
354308,0.0,0.0,0.0,0.0,0.0,0.0,udp,0.0,,cs0,,63.0,,1.0,,Status,1,1,0,42,42,0,42.0,0.0,0.0,0.0,0.0,0,0,0,0.0,,,0.0,0.0,0.0,REQ,,,,,0.0,0.0,0.0,0
354402,0.0,0.0,0.0,0.0,0.0,0.0,udp,0.0,,cs0,,63.0,,1.0,,Status,1,1,0,42,42,0,42.0,0.0,0.0,0.0,0.0,0,0,0,0.0,,,0.0,0.0,0.0,REQ,,,,,0.0,0.0,0.0,0
354407,0.0,0.0,0.0,0.0,0.0,0.0,udp,0.0,,cs0,,63.0,,1.0,,Status,1,1,0,42,42,0,42.0,0.0,0.0,0.0,0.0,0,0,0,0.0,,,0.0,0.0,0.0,REQ,,,,,0.0,0.0,0.0,0
354414,2.572608,2.572608,2.572608,2.572608,2.572608,2.572608,udp,0.0,,cs0,,63.0,,1.0,,Status,2,2,0,84,84,0,42.0,0.0,130.606766,130.606766,0.0,0,0,0,0.0,,,0.388711,0.388711,0.0,REQ,,,,,0.0,0.0,0.0,0
354415,2.572608,2.572608,2.572608,2.572608,2.572608,2.572608,udp,0.0,,cs0,,63.0,,1.0,,Status,2,2,0,84,84,0,42.0,0.0,130.606766,130.606766,0.0,0,0,0,0.0,,,0.388711,0.388711,0.0,REQ,,,,,0.0,0.0,0.0,0
354455,2.568123,2.568123,2.568123,2.568123,2.568123,2.568123,udp,0.0,,cs0,,63.0,,1.0,,Status,2,2,0,84,84,0,42.0,0.0,130.834854,130.834854,0.0,0,0,0,0.0,,,0.389389,0.389389,0.0,REQ,,,,,0.0,0.0,0.0,0
354509,0.0,0.0,0.0,0.0,0.0,0.0,udp,0.0,,cs0,,63.0,,1.0,,Status,1,1,0,42,42,0,42.0,0.0,0.0,0.0,0.0,0,0,0,0.0,,,0.0,0.0,0.0,REQ,,,,,0.0,0.0,0.0,0
354535,0.0,0.0,0.0,0.0,0.0,0.0,udp,0.0,,cs0,,63.0,,1.0,,Status,1,1,0,42,42,0,42.0,0.0,0.0,0.0,0.0,0,0,0,0.0,,,0.0,0.0,0.0,REQ,,,,,0.0,0.0,0.0,0
354564,2.567514,2.567514,2.567514,2.567514,2.567514,2.567514,udp,0.0,,cs0,,63.0,,1.0,,Start,2,2,0,84,84,0,42.0,0.0,130.865891,130.865891,0.0,0,0,0,0.0,,,0.389482,0.389482,0.0,INT,,,,,0.0,0.0,0.0,0
354618,2.568083,2.568083,2.568083,2.568083,2.568083,2.568083,udp,0.0,,cs0,,63.0,,1.0,,Status,2,2,0,84,84,0,42.0,0.0,130.836884,130.836884,0.0,0,0,0,0.0,,,0.389396,0.389396,0.0,REQ,,,,,0.0,0.0,0.0,0
354626,2.568985,2.568985,2.568985,2.568985,2.568985,2.568985,udp,0.0,,cs0,,63.0,,1.0,,Status,2,2,0,84,84,0,42.0,0.0,130.790955,130.790955,0.0,0,0,0,0.0,,,0.389259,0.389259,0.0,REQ,,,,,0.0,0.0,0.0,0
354649,2.569068,2.569068,2.569068,2.569068,2.569068,2.569068,udp,0.0,,cs0,,63.0,,1.0,,Status,2,2,0,84,84,0,42.0,0.0,130.786728,130.786728,0.0,0,0,0,0.0,,,0.389246,0.389246,0.0,REQ,,,,,0.0,0.0,0.0,0
354654,2.568899,2.568899,2.568899,2.568899,2.568899,2.568899,udp,0.0,,cs0,,63.0,,1.0,,Status,2,2,0,84,84,0,42.0,0.0,130.795334,130.795334,0.0,0,0,0,0.0,,,0.389272,0.389272,0.0,REQ,,,,,0.0,0.0,0.0,0
354681,2.574778,2.574778,2.574778,2.574778,2.574778,2.574778,udp,0.0,,cs0,,63.0,,1.0,,Status,2,2,0,84,84,0,42.0,0.0,130.496689,130.496689,0.0,0,0,0,0.0,,,0.388383,0.388383,0.0,REQ,,,,,0.0,0.0,0.0,0
354688,2.574799,2.574799,2.574799,2.574799,2.574799,2.574799,udp,0.0,,cs0,,63.0,,1.0,,Status,2,2,0,84,84,0,42.0,0.0,130.495621,130.495621,0.0,0,0,0,0.0,,,0.38838,0.38838,0.0,REQ,,,,,0.0,0.0,0.0,0
354723,0.0,0.0,0.0,0.0,0.0,0.0,udp,0.0,,cs0,,63.0,,1.0,,Status,1,1,0,42,42,0,42.0,0.0,0.0,0.0,0.0,0,0,0,0.0,,,0.0,0.0,0.0,REQ,,,,,0.0,0.0,0.0,0
354735,2.569216,2.569216,2.569216,2.569216,2.569216,2.569216,udp,0.0,,cs0,,63.0,,1.0,,Start,2,2,0,84,84,0,42.0,0.0,130.77919,130.77919,0.0,0,0,0,0.0,,,0.389224,0.389224,0.0,INT,,,,,0.0,0.0,0.0,0
354835,0.0,0.0,0.0,0.0,0.0,0.0,udp,0.0,,cs0,,63.0,,1.0,,Status,1,1,0,42,42,0,42.0,0.0,0.0,0.0,0.0,0,0,0,0.0,,,0.0,0.0,0.0,REQ,,,,,0.0,0.0,0.0,0
354887,2.574915,2.574915,2.574915,2.574915,2.574915,2.574915,udp,0.0,,cs0,,63.0,,1.0,,Status,2,2,0,84,84,0,42.0,0.0,130.489746,130.489746,0.0,0,0,0,0.0,,,0.388362,0.388362,0.0,REQ,,,,,0.0,0.0,0.0,0
354955,0.0,0.0,0.0,0.0,0.0,0.0,udp,0.0,,cs0,,63.0,,1.0,,Status,1,1,0,42,42,0,42.0,0.0,0.0,0.0,0.0,0,0,0,0.0,,,0.0,0.0,0.0,REQ,,,,,0.0,0.0,0.0,0
354957,0.0,0.0,0.0,0.0,0.0,0.0,udp,0.0,,cs0,,63.0,,1.0,,Status,1,1,0,42,42,0,42.0,0.0,0.0,0.0,0.0,0,0,0,0.0,,,0.0,0.0,0.0,REQ,,,,,0.0,0.0,0.0,0
355057,0.0,0.0,0.0,0.0,0.0,0.0,udp,0.0,,cs0,,63.0,,1.0,,Status,1,1,0,42,42,0,42.0,0.0,0.0,0.0,0.0,0,0,0,0.0,,,0.0,0.0,0.0,REQ,,,,,0.0,0.0,0.0,0
355088,2.571272,2.571272,2.571272,2.571272,2.571272,2.571272,udp,0.0,,cs0,,63.0,,1.0,,Status,2,2,0,84,84,0,42.0,0.0,130.674622,130.674622,0.0,0,0,0,0.0,,,0.388913,0.388913,0.0,REQ,,,,,0.0,0.0,0.0,0
355192,2.575937,2.575937,2.575937,2.575937,2.575937,2.575937,udp,0.0,,cs0,,63.0,,1.0,,Status,2,2,0,84,84,0,42.0,0.0,130.437973,130.437973,0.0,0,0,0,0.0,,,0.388208,0.388208,0.0,REQ,,,,,0.0,0.0,0.0,0
355197,0.0,0.0,0.0,0.0,0.0,0.0,udp,0.0,,cs0,,63.0,,1.0,,Status,1,1,0,42,42,0,42.0,0.0,0.0,0.0,0.0,0,0,0,0.0,,,0.0,0.0,0.0,REQ,,,,,0.0,0.0,0.0,0
355229,0.0,0.0,0.0,0.0,0.0,0.0,udp,0.0,,cs0,,63.0,,1.0,,Status,1,1,0,42,42,0,42.0,0.0,0.0,0.0,0.0,0,0,0,0.0,,,0.0,0.0,0.0,REQ,,,,,0.0,0.0,0.0,0
355437,0.0,0.0,0.0,0.0,0.0,0.0,udp,0.0,,cs0,,63.0,,1.0,,Start,1,1,0,42,42,0,42.0,0.0,0.0,0.0,0.0,0,0,0,0.0,,,0.0,0.0,0.0,INT,,,,,0.0,0.0,0.0,0
355451,0.0,0.0,0.0,0.0,0.0,0.0,udp,0.0,,cs0,,63.0,,1.0,,Status,1,1,0,42,42,0,42.0,0.0,0.0,0.0,0.0,0,0,0,0.0,,,0.0,0.0,0.0,REQ,,,,,0.0,0.0,0.0,0
355452,0.0,0.0,0.0,0.0,0.0,0.0,udp,0.0,,cs0,,63.0,,1.0,,Status,1,1,0,42,42,0,42.0,0.0,0.0,0.0,0.0,0,0,0,0.0,,,0.0,0.0,0.0,REQ,,,,,0.0,0.0,0.0,0
355461,0.0,0.0,0.0,0.0,0.0,0.0,udp,0.0,,cs0,,63.0,,1.0,,Status,1,1,0,42,42,0,42.0,0.0,0.0,0.0,0.0,0,0,0,0.0,,,0.0,0.0,0.0,REQ,,,,,0.0,0.0,0.0,0
355518,0.0,0.0,0.0,0.0,0.0,0.0,udp,0.0,,cs0,,63.0,,1.0,,Status,1,1,0,42,42,0,42.0,0.0,0.0,0.0,0.0,0,0,0,0.0,,,0.0,0.0,0.0,REQ,,,,,0.0,0.0,0.0,0
355528,0.0,0.0,0.0,0.0,0.0,0.0,udp,0.0,,cs0,,63.0,,1.0,,Status,1,1,0,42,42,0,42.0,0.0,0.0,0.0,0.0,0,0,0,0.0,,,0.0,0.0,0.0,REQ,,,,,0.0,0.0,0.0,0
355548,0.0,0.0,0.0,0.0,0.0,0.0,udp,0.0,,cs0,,63.0,,1.0,,Status,1,1,0,42,42,0,42.0,0.0,0.0,0.0,0.0,0,0,0,0.0,,,0.0,0.0,0.0,REQ,,,,,0.0,0.0,0.0,0
355741,0.0,0.0,0.0,0.0,0.0,0.0,udp,0.0,,cs0,,63.0,,1.0,,Status,1,1,0,42,42,0,42.0,0.0,0.0,0.0,0.0,0,0,0,0.0,,,0.0,0.0,0.0,REQ,,,,,0.0,0.0,0.0,0
355790,2.572075,2.572075,2.572075,2.572075,2.572075,2.572075,udp,0.0,,cs0,,63.0,,1.0,,Status,2,2,0,84,84,0,42.0,0.0,130.633835,130.633835,0.0,0,0,0,0.0,,,0.388791,0.388791,0.0,REQ,,,,,0.0,0.0,0.0,0
355813,2.572053,2.572053,2.572053,2.572053,2.572053,2.572053,udp,0.0,,cs0,,63.0,,1.0,,Status,2,2,0,84,84,0,42.0,0.0,130.634949,130.634949,0.0,0,0,0,0.0,,,0.388794,0.388794,0.0,REQ,,,,,0.0,0.0,0.0,0
355947,2.572476,2.572476,2.572476,2.572476,2.572476,2.572476,udp,0.0,,cs0,,63.0,,1.0,,Status,2,2,0,84,84,0,42.0,0.0,130.613464,130.613464,0.0,0,0,0,0.0,,,0.388731,0.388731,0.0,REQ,,,,,0.0,0.0,0.0,0
356005,2.574154,2.574154,2.574154,2.574154,2.574154,2.574154,udp,0.0,,cs0,,63.0,,1.0,,Status,2,2,0,84,84,0,42.0,0.0,130.52832,130.52832,0.0,0,0,0,0.0,,,0.388477,0.388477,0.0,REQ,,,,,0.0,0.0,0.0,0
356218,2.578187,2.578187,2.578187,2.578187,2.578187,2.578187,udp,0.0,,cs0,,63.0,,1.0,,Status,2,2,0,84,84,0,42.0,0.0,130.324142,130.324142,0.0,0,0,0,0.0,,,0.387869,0.387869,0.0,REQ,,,,,0.0,0.0,0.0,0
356291,2.56821,2.56821,2.56821,2.56821,2.56821,2.56821,udp,0.0,,cs0,,63.0,,1.0,,Status,2,2,0,84,84,0,42.0,0.0,130.830429,130.830429,0.0,0,0,0,0.0,,,0.389376,0.389376,0.0,REQ,,,,,0.0,0.0,0.0,0
356312,0.0,0.0,0.0,0.0,0.0,0.0,udp,0.0,,cs0,,63.0,,1.0,,Status,1,1,0,42,42,0,42.0,0.0,0.0,0.0,0.0,0,0,0,0.0,,,0.0,0.0,0.0,REQ,,,,,0.0,0.0,0.0,0
356385,0.0,0.0,0.0,0.0,0.0,0.0,udp,0.0,,cs0,,63.0,,1.0,,Status,1,1,0,42,42,0,42.0,0.0,0.0,0.0,0.0,0,0,0,0.0,,,0.0,0.0,0.0,REQ,,,,,0.0,0.0,0.0,0
356413,0.0,0.0,0.0,0.0,0.0,0.0,udp,0.0,,cs0,,63.0,,1.0,,Start,1,1,0,42,42,0,42.0,0.0,0.0,0.0,0.0,0,0,0,0.0,,,0.0,0.0,0.0,INT,,,,,0.0,0.0,0.0,0
356420,0.0,0.0,0.0,0.0,0.0,0.0,udp,0.0,,cs0,,63.0,,1.0,,Status,1,1,0,42,42,0,42.0,0.0,0.0,0.0,0.0,0,0,0,0.0,,,0.0,0.0,0.0,REQ,,,,,0.0,0.0,0.0,0
356443,0.0,0.0,0.0,0.0,0.0,0.0,udp,0.0,,cs0,,63.0,,1.0,,Status,1,1,0,42,42,0,42.0,0.0,0.0,0.0,0.0,0,0,0,0.0,,,0.0,0.0,0.0,REQ,,,,,0.0,0.0,0.0,0
356606,2.569986,2.569986,2.569986,2.569986,2.569986,2.569986,udp,0.0,,cs0,,63.0,,1.0,,Status,2,2,0,84,84,0,42.0,0.0,130.740005,130.740005,0.0,0,0,0,0.0,,,0.389107,0.389107,0.0,REQ,,,,,0.0,0.0,0.0,0
356624,0.0,0.0,0.0,0.0,0.0,0.0,udp,0.0,,cs0,,63.0,,1.0,,Status,1,1,0,42,42,0,42.0,0.0,0.0,0.0,0.0,0,0,0,0.0,,,0.0,0.0,0.0,REQ,,,,,0.0,0.0,0.0,0
356650,2.570667,2.570667,2.570667,2.570667,2.570667,2.570667,udp,0.0,,cs0,,63.0,,1.0,,Status,2,2,0,84,84,0,42.0,0.0,130.705383,130.705383,0.0,0,0,0,0.0,,,0.389004,0.389004,0.0,REQ,,,,,0.0,0.0,0.0,0
356673,2.572038,2.572038,2.572038,2.572038,2.572038,2.572038,udp,0.0,,cs0,,63.0,,1.0,,Status,2,2,0,84,84,0,42.0,0.0,130.635712,130.635712,0.0,0,0,0,0.0,,,0.388797,0.388797,0.0,REQ,,,,,0.0,0.0,0.0,0
356676,2.571927,2.571927,2.571927,2.571927,2.571927,2.571927,udp,0.0,,cs0,,63.0,,1.0,,Start,2,2,0,84,84,0,42.0,0.0,130.641342,130.641342,0.0,0,0,0,0.0,,,0.388814,0.388814,0.0,INT,,,,,0.0,0.0,0.0,0
356711,2.566131,2.566131,2.566131,2.566131,2.566131,2.566131,udp,0.0,,cs0,,63.0,,1.0,,Status,2,2,0,84,84,0,42.0,0.0,130.936417,130.936417,0.0,0,0,0,0.0,,,0.389692,0.389692,0.0,REQ,,,,,0.0,0.0,0.0,0
356718,2.566126,2.566126,2.566126,2.566126,2.566126,2.566126,udp,0.0,,cs0,,63.0,,1.0,,Status,2,2,0,84,84,0,42.0,0.0,130.936661,130.936661,0.0,0,0,0,0.0,,,0.389692,0.389692,0.0,REQ,,,,,0.0,0.0,0.0,0
356726,0.0,0.0,0.0,0.0,0.0,0.0,udp,0.0,,cs0,,63.0,,1.0,,Start,1,1,0,42,42,0,42.0,0.0,0.0,0.0,0.0,0,0,0,0.0,,,0.0,0.0,0.0,INT,,,,,0.0,0.0,0.0,0
356741,0.0,0.0,0.0,0.0,0.0,0.0,udp,0.0,,cs0,,63.0,,1.0,,Status,1,1,0,42,42,0,42.0,0.0,0.0,0.0,0.0,0,0,0,0.0,,,0.0,0.0,0.0,REQ,,,,,0.0,0.0,0.0,0
356745,0.0,0.0,0.0,0.0,0.0,0.0,udp,0.0,,cs0,,63.0,,1.0,,Status,1,1,0,42,42,0,42.0,0.0,0.0,0.0,0.0,0,0,0,0.0,,,0.0,0.0,0.0,REQ,,,,,0.0,0.0,0.0,0
356804,2.570981,2.570981,2.570981,2.570981,2.570981,2.570981,udp,0.0,,cs0,,63.0,,1.0,,Status,2,2,0,84,84,0,42.0,0.0,130.689407,130.689407,0.0,0,0,0,0.0,,,0.388957,0.388957,0.0,REQ,,,,,0.0,0.0,0.0,0
356816,2.572818,2.572818,2.572818,2.572818,2.572818,2.572818,udp,0.0,,cs0,,63.0,,1.0,,Status,2,2,0,84,84,0,42.0,0.0,130.5961,130.5961,0.0,0,0,0,0.0,,,0.388679,0.388679,0.0,REQ,,,,,0.0,0.0,0.0,0
356868,0.0,0.0,0.0,0.0,0.0,0.0,udp,0.0,,cs0,,63.0,,1.0,,Status,1,1,0,42,42,0,42.0,0.0,0.0,0.0,0.0,0,0,0,0.0,,,0.0,0.0,0.0,REQ,,,,,0.0,0.0,0.0,0
356914,2.570051,2.570051,2.570051,2.570051,2.570051,2.570051,udp,0.0,,cs0,,63.0,,1.0,,Status,2,2,0,84,84,0,42.0,0.0,130.73671,130.73671,0.0,0,0,0,0.0,,,0.389097,0.389097,0.0,REQ,,,,,0.0,0.0,0.0,0
357061,0.0,0.0,0.0,0.0,0.0,0.0,udp,0.0,,cs0,,63.0,,1.0,,Status,1,1,0,42,42,0,42.0,0.0,0.0,0.0,0.0,0,0,0,0.0,,,0.0,0.0,0.0,REQ,,,,,0.0,0.0,0.0,0
357116,2.57007,2.57007,2.57007,2.57007,2.57007,2.57007,udp,0.0,,cs0,,63.0,,1.0,,Status,2,2,0,84,84,0,42.0,0.0,130.735733,130.735733,0.0,0,0,0,0.0,,,0.389094,0.389094,0.0,REQ,,,,,0.0,0.0,0.0,0
357119,2.570137,2.570137,2.570137,2.570137,2.570137,2.570137,udp,0.0,,cs0,,63.0,,1.0,,Status,2,2,0,84,84,0,42.0,0.0,130.73233,130.73233,0.0,0,0,0,0.0,,,0.389084,0.389084,0.0,REQ,,,,,0.0,0.0,0.0,0
357161,2.572889,2.572889,2.572889,2.572889,2.572889,2.572889,udp,0.0,,cs0,,63.0,,1.0,,Status,2,2,0,84,84,0,42.0,0.0,130.592499,130.592499,0.0,0,0,0,0.0,,,0.388668,0.388668,0.0,REQ,,,,,0.0,0.0,0.0,0
357230,0.0,0.0,0.0,0.0,0.0,0.0,udp,0.0,,cs0,,63.0,,1.0,,Status,1,1,0,42,42,0,42.0,0.0,0.0,0.0,0.0,0,0,0,0.0,,,0.0,0.0,0.0,REQ,,,,,0.0,0.0,0.0,0
357236,2.570866,2.570866,2.570866,2.570866,2.570866,2.570866,udp,0.0,,cs0,,63.0,,1.0,,Status,2,2,0,84,84,0,42.0,0.0,130.695251,130.695251,0.0,0,0,0,0.0,,,0.388974,0.388974,0.0,REQ,,,,,0.0,0.0,0.0,0
357265,2.573448,2.573448,2.573448,2.573448,2.573448,2.573448,udp,0.0,,cs0,,63.0,,1.0,,Status,2,2,0,84,84,0,42.0,0.0,130.564133,130.564133,0.0,0,0,0,0.0,,,0.388584,0.388584,0.0,REQ,,,,,0.0,0.0,0.0,0
357268,2.574439,2.574439,2.574439,2.574439,2.574439,2.574439,udp,0.0,,cs0,,63.0,,1.0,,Status,2,2,0,84,84,0,42.0,0.0,130.51387,130.51387,0.0,0,0,0,0.0,,,0.388434,0.388434,0.0,REQ,,,,,0.0,0.0,0.0,0
357272,2.576043,2.576043,2.576043,2.576043,2.576043,2.576043,udp,0.0,,cs0,,63.0,,1.0,,Status,2,2,0,84,84,0,42.0,0.0,130.432617,130.432617,0.0,0,0,0,0.0,,,0.388192,0.388192,0.0,REQ,,,,,0.0,0.0,0.0,0
357278,2.574182,2.574182,2.574182,2.574182,2.574182,2.574182,udp,0.0,,cs0,,63.0,,1.0,,Status,2,2,0,84,84,0,42.0,0.0,130.526901,130.526901,0.0,0,0,0,0.0,,,0.388473,0.388473,0.0,REQ,,,,,0.0,0.0,0.0,0
357279,2.573147,2.573147,2.573147,2.573147,2.573147,2.573147,udp,0.0,,cs0,,63.0,,1.0,,Status,2,2,0,84,84,0,42.0,0.0,130.579407,130.579407,0.0,0,0,0,0.0,,,0.388629,0.388629,0.0,REQ,,,,,0.0,0.0,0.0,0
357293,2.571022,2.571022,2.571022,2.571022,2.571022,2.571022,udp,0.0,,cs0,,63.0,,1.0,,Status,2,2,0,84,84,0,42.0,0.0,130.687332,130.687332,0.0,0,0,0,0.0,,,0.38895,0.38895,0.0,REQ,,,,,0.0,0.0,0.0,0
357295,2.571201,2.571201,2.571201,2.571201,2.571201,2.571201,udp,0.0,,cs0,,63.0,,1.0,,Status,2,2,0,84,84,0,42.0,0.0,130.678223,130.678223,0.0,0,0,0,0.0,,,0.388923,0.388923,0.0,REQ,,,,,0.0,0.0,0.0,0
357342,0.0,0.0,0.0,0.0,0.0,0.0,udp,0.0,,cs0,,63.0,,1.0,,Status,1,1,0,42,42,0,42.0,0.0,0.0,0.0,0.0,0,0,0,0.0,,,0.0,0.0,0.0,REQ,,,,,0.0,0.0,0.0,0
357344,0.0,0.0,0.0,0.0,0.0,0.0,udp,0.0,,cs0,,63.0,,1.0,,Status,1,1,0,42,42,0,42.0,0.0,0.0,0.0,0.0,0,0,0,0.0,,,0.0,0.0,0.0,REQ,,,,,0.0,0.0,0.0,0
357382,0.0,0.0,0.0,0.0,0.0,0.0,udp,0.0,,cs0,,63.0,,1.0,,Status,1,1,0,42,42,0,42.0,0.0,0.0,0.0,0.0,0,0,0,0.0,,,0.0,0.0,0.0,REQ,,,,,0.0,0.0,0.0,0
357384,0.0,0.0,0.0,0.0,0.0,0.0,udp,0.0,,cs0,,63.0,,1.0,,Status,1,1,0,42,42,0,42.0,0.0,0.0,0.0,0.0,0,0,0,0.0,,,0.0,0.0,0.0,REQ,,,,,0.0,0.0,0.0,0
357403,0.0,0.0,0.0,0.0,0.0,0.0,udp,0.0,,cs0,,63.0,,1.0,,Status,1,1,0,42,42,0,42.0,0.0,0.0,0.0,0.0,0,0,0,0.0,,,0.0,0.0,0.0,REQ,,,,,0.0,0.0,0.0,0
357467,2.567318,2.567318,2.567318,2.567318,2.567318,2.567318,udp,0.0,,cs0,,63.0,,1.0,,Status,2,2,0,84,84,0,42.0,0.0,130.875885,130.875885,0.0,0,0,0,0.0,,,0.389512,0.389512,0.0,REQ,,,,,0.0,0.0,0.0,0
357488,0.0,0.0,0.0,0.0,0.0,0.0,udp,0.0,,cs0,,63.0,,1.0,,Status,1,1,0,42,42,0,42.0,0.0,0.0,0.0,0.0,0,0,0,0.0,,,0.0,0.0,0.0,REQ,,,,,0.0,0.0,0.0,0
357503,0.0,0.0,0.0,0.0,0.0,0.0,udp,0.0,,cs0,,63.0,,1.0,,Status,1,1,0,42,42,0,42.0,0.0,0.0,0.0,0.0,0,0,0,0.0,,,0.0,0.0,0.0,REQ,,,,,0.0,0.0,0.0,0
357554,0.0,0.0,0.0,0.0,0.0,0.0,udp,0.0,,cs0,,63.0,,1.0,,Status,1,1,0,42,42,0,42.0,0.0,0.0,0.0,0.0,0,0,0,0.0,,,0.0,0.0,0.0,REQ,,,,,0.0,0.0,0.0,0
357563,2.570964,2.570964,2.570964,2.570964,2.570964,2.570964,udp,0.0,,cs0,,63.0,,1.0,,Status,2,2,0,84,84,0,42.0,0.0,130.690277,130.690277,0.0,0,0,0,0.0,,,0.388959,0.388959,0.0,REQ,,,,,0.0,0.0,0.0,0
357569,0.0,0.0,0.0,0.0,0.0,0.0,udp,0.0,,cs0,,63.0,,1.0,,Status,1,1,0,42,42,0,42.0,0.0,0.0,0.0,0.0,0,0,0,0.0,,,0.0,0.0,0.0,REQ,,,,,0.0,0.0,0.0,0
357575,0.0,0.0,0.0,0.0,0.0,0.0,udp,0.0,,cs0,,63.0,,1.0,,Status,1,1,0,42,42,0,42.0,0.0,0.0,0.0,0.0,0,0,0,0.0,,,0.0,0.0,0.0,REQ,,,,,0.0,0.0,0.0,0
357583,0.0,0.0,0.0,0.0,0.0,0.0,udp,0.0,,cs0,,63.0,,1.0,,Status,1,1,0,42,42,0,42.0,0.0,0.0,0.0,0.0,0,0,0,0.0,,,0.0,0.0,0.0,REQ,,,,,0.0,0.0,0.0,0
357595,2.568153,2.568153,2.568153,2.568153,2.568153,2.568153,udp,0.0,,cs0,,63.0,,1.0,,Status,2,2,0,84,84,0,42.0,0.0,130.833328,130.833328,0.0,0,0,0,0.0,,,0.389385,0.389385,0.0,REQ,,,,,0.0,0.0,0.0,0
357687,0.0,0.0,0.0,0.0,0.0,0.0,udp,0.0,,cs0,,63.0,,1.0,,Status,1,1,0,42,42,0,42.0,0.0,0.0,0.0,0.0,0,0,0,0.0,,,0.0,0.0,0.0,REQ,,,,,0.0,0.0,0.0,0
357708,0.0,0.0,0.0,0.0,0.0,0.0,udp,0.0,,cs0,,63.0,,1.0,,Status,1,1,0,42,42,0,42.0,0.0,0.0,0.0,0.0,0,0,0,0.0,,,0.0,0.0,0.0,REQ,,,,,0.0,0.0,0.0,0
357735,2.566289,2.566289,2.566289,2.566289,2.566289,2.566289,udp,0.0,,cs0,,63.0,,1.0,,Status,2,2,0,84,84,0,42.0,0.0,130.92836,130.92836,0.0,0,0,0,0.0,,,0.389668,0.389668,0.0,REQ,,,,,0.0,0.0,0.0,0
357786,2.571048,2.571048,2.571048,2.571048,2.571048,2.571048,udp,0.0,,cs0,,63.0,,1.0,,Status,2,2,0,84,84,0,42.0,0.0,130.686005,130.686005,0.0,0,0,0,0.0,,,0.388946,0.388946,0.0,REQ,,,,,0.0,0.0,0.0,0
357815,0.0,0.0,0.0,0.0,0.0,0.0,udp,0.0,,cs0,,63.0,,1.0,,Status,1,1,0,42,42,0,42.0,0.0,0.0,0.0,0.0,0,0,0,0.0,,,0.0,0.0,0.0,REQ,,,,,0.0,0.0,0.0,0
357902,2.565872,2.565872,2.565872,2.565872,2.565872,2.565872,udp,0.0,,cs0,,63.0,,1.0,,Status,2,2,0,84,84,0,42.0,0.0,130.949631,130.949631,0.0,0,0,0,0.0,,,0.389731,0.389731,0.0,REQ,,,,,0.0,0.0,0.0,0
357931,2.571639,2.571639,2.571639,2.571639,2.571639,2.571639,udp,0.0,,cs0,,63.0,,1.0,,Status,2,2,0,84,84,0,42.0,0.0,130.655975,130.655975,0.0,0,0,0,0.0,,,0.388857,0.388857,0.0,REQ,,,,,0.0,0.0,0.0,0
357947,2.571717,2.571717,2.571717,2.571717,2.571717,2.571717,udp,0.0,,cs0,,63.0,,1.0,,Status,2,2,0,84,84,0,42.0,0.0,130.652008,130.652008,0.0,0,0,0,0.0,,,0.388845,0.388845,0.0,REQ,,,,,0.0,0.0,0.0,0
357957,2.571879,2.571879,2.571879,2.571879,2.571879,2.571879,udp,0.0,,cs0,,63.0,,1.0,,Status,2,2,0,84,84,0,42.0,0.0,130.643784,130.643784,0.0,0,0,0,0.0,,,0.388821,0.388821,0.0,REQ,,,,,0.0,0.0,0.0,0
358048,0.0,0.0,0.0,0.0,0.0,0.0,udp,0.0,,cs0,,63.0,,1.0,,Start,1,1,0,42,42,0,42.0,0.0,0.0,0.0,0.0,0,0,0,0.0,,,0.0,0.0,0.0,INT,,,,,0.0,0.0,0.0,0
358106,2.572136,2.572136,2.572136,2.572136,2.572136,2.572136,udp,0.0,,cs0,,63.0,,1.0,,Status,2,2,0,84,84,0,42.0,0.0,130.630737,130.630737,0.0,0,0,0,0.0,,,0.388782,0.388782,0.0,REQ,,,,,0.0,0.0,0.0,0
358127,0.0,0.0,0.0,0.0,0.0,0.0,udp,0.0,,cs0,,63.0,,1.0,,Status,1,1,0,42,42,0,42.0,0.0,0.0,0.0,0.0,0,0,0,0.0,,,0.0,0.0,0.0,REQ,,,,,0.0,0.0,0.0,0
358196,0.0,0.0,0.0,0.0,0.0,0.0,udp,0.0,,cs0,,63.0,,1.0,,Status,1,1,0,42,42,0,42.0,0.0,0.0,0.0,0.0,0,0,0,0.0,,,0.0,0.0,0.0,REQ,,,,,0.0,0.0,0.0,0
358311,2.572972,2.572972,2.572972,2.572972,2.572972,2.572972,udp,0.0,,cs0,,63.0,,1.0,,Status,2,2,0,84,84,0,42.0,0.0,130.588287,130.588287,0.0,0,0,0,0.0,,,0.388656,0.388656,0.0,REQ,,,,,0.0,0.0,0.0,0
358323,2.570282,2.570282,2.570282,2.570282,2.570282,2.570282,udp,0.0,,cs0,,63.0,,1.0,,Status,2,2,0,84,84,0,42.0,0.0,130.72496,130.72496,0.0,0,0,0,0.0,,,0.389062,0.389062,0.0,REQ,,,,,0.0,0.0,0.0,0
358372,0.0,0.0,0.0,0.0,0.0,0.0,udp,0.0,,cs0,,63.0,,1.0,,Status,1,1,0,42,42,0,42.0,0.0,0.0,0.0,0.0,0,0,0,0.0,,,0.0,0.0,0.0,REQ,,,,,0.0,0.0,0.0,0
358374,0.0,0.0,0.0,0.0,0.0,0.0,udp,0.0,,cs0,,63.0,,1.0,,Status,1,1,0,42,42,0,42.0,0.0,0.0,0.0,0.0,0,0,0,0.0,,,0.0,0.0,0.0,REQ,,,,,0.0,0.0,0.0,0
358387,2.569044,2.569044,2.569044,2.569044,2.569044,2.569044,udp,0.0,,cs0,,63.0,,1.0,,Status,2,2,0,84,84,0,42.0,0.0,130.787949,130.787949,0.0,0,0,0,0.0,,,0.38925,0.38925,0.0,REQ,,,,,0.0,0.0,0.0,0
358415,2.569032,2.569032,2.569032,2.569032,2.569032,2.569032,udp,0.0,,cs0,,63.0,,1.0,,Status,2,2,0,84,84,0,42.0,0.0,130.788559,130.788559,0.0,0,0,0,0.0,,,0.389252,0.389252,0.0,REQ,,,,,0.0,0.0,0.0,0
358420,2.568917,2.568917,2.568917,2.568917,2.568917,2.568917,udp,0.0,,cs0,,63.0,,1.0,,Status,2,2,0,84,84,0,42.0,0.0,130.794418,130.794418,0.0,0,0,0,0.0,,,0.389269,0.389269,0.0,REQ,,,,,0.0,0.0,0.0,0
358501,0.0,0.0,0.0,0.0,0.0,0.0,udp,0.0,,cs0,,63.0,,1.0,,Start,1,1,0,42,42,0,42.0,0.0,0.0,0.0,0.0,0,0,0,0.0,,,0.0,0.0,0.0,INT,,,,,0.0,0.0,0.0,0
358631,2.570193,2.570193,2.570193,2.570193,2.570193,2.570193,udp,0.0,,cs0,,63.0,,1.0,,Status,2,2,0,84,84,0,42.0,0.0,130.729477,130.729477,0.0,0,0,0,0.0,,,0.389076,0.389076,0.0,REQ,,,,,0.0,0.0,0.0,0
358712,2.569035,2.569035,2.569035,2.569035,2.569035,2.569035,udp,0.0,,cs0,,63.0,,1.0,,Status,2,2,0,84,84,0,42.0,0.0,130.788406,130.788406,0.0,0,0,0,0.0,,,0.389251,0.389251,0.0,REQ,,,,,0.0,0.0,0.0,0
358752,0.0,0.0,0.0,0.0,0.0,0.0,udp,0.0,,cs0,,63.0,,1.0,,Status,1,1,0,42,42,0,42.0,0.0,0.0,0.0,0.0,0,0,0,0.0,,,0.0,0.0,0.0,REQ,,,,,0.0,0.0,0.0,0
358838,2.569471,2.569471,2.569471,2.569471,2.569471,2.569471,udp,0.0,,cs0,,63.0,,1.0,,Status,2,2,0,84,84,0,42.0,0.0,130.76622,130.76622,0.0,0,0,0,0.0,,,0.389185,0.389185,0.0,REQ,,,,,0.0,0.0,0.0,0
358912,0.0,0.0,0.0,0.0,0.0,0.0,udp,0.0,,cs0,,63.0,,1.0,,Status,1,1,0,42,42,0,42.0,0.0,0.0,0.0,0.0,0,0,0,0.0,,,0.0,0.0,0.0,REQ,,,,,0.0,0.0,0.0,0
358914,2.572052,2.572052,2.572052,2.572052,2.572052,2.572052,udp,0.0,,cs0,,63.0,,1.0,,Status,2,2,0,84,84,0,42.0,0.0,130.634995,130.634995,0.0,0,0,0,0.0,,,0.388795,0.388795,0.0,REQ,,,,,0.0,0.0,0.0,0
358944,0.0,0.0,0.0,0.0,0.0,0.0,udp,0.0,,cs0,,63.0,,1.0,,Status,1,1,0,42,42,0,42.0,0.0,0.0,0.0,0.0,0,0,0,0.0,,,0.0,0.0,0.0,REQ,,,,,0.0,0.0,0.0,0
358947,0.0,0.0,0.0,0.0,0.0,0.0,udp,0.0,,cs0,,63.0,,1.0,,Status,1,1,0,42,42,0,42.0,0.0,0.0,0.0,0.0,0,0,0,0.0,,,0.0,0.0,0.0,REQ,,,,,0.0,0.0,0.0,0
358975,2.572088,2.572088,2.572088,2.572088,2.572088,2.572088,udp,0.0,,cs0,,63.0,,1.0,,Status,2,2,0,84,84,0,42.0,0.0,130.633163,130.633163,0.0,0,0,0,0.0,,,0.388789,0.388789,0.0,REQ,,,,,0.0,0.0,0.0,0
359119,2.572961,2.572961,2.572961,2.572961,2.572961,2.572961,udp,0.0,,cs0,,63.0,,1.0,,Status,2,2,0,84,84,0,42.0,0.0,130.588837,130.588837,0.0,0,0,0,0.0,,,0.388657,0.388657,0.0,REQ,,,,,0.0,0.0,0.0,0
359149,2.566014,2.566014,2.566014,2.566014,2.566014,2.566014,udp,0.0,,cs0,,63.0,,1.0,,Status,2,2,0,84,84,0,42.0,0.0,130.942383,130.942383,0.0,0,0,0,0.0,,,0.389709,0.389709,0.0,REQ,,,,,0.0,0.0,0.0,0
359231,2.572995,2.572995,2.572995,2.572995,2.572995,2.572995,udp,0.0,,cs0,,63.0,,1.0,,Status,2,2,0,84,84,0,42.0,0.0,130.587112,130.587112,0.0,0,0,0,0.0,,,0.388652,0.388652,0.0,REQ,,,,,0.0,0.0,0.0,0
359238,2.572992,2.572992,2.572992,2.572992,2.572992,2.572992,udp,0.0,,cs0,,63.0,,1.0,,Status,2,2,0,84,84,0,42.0,0.0,130.587265,130.587265,0.0,0,0,0,0.0,,,0.388653,0.388653,0.0,REQ,,,,,0.0,0.0,0.0,0
359294,0.0,0.0,0.0,0.0,0.0,0.0,udp,0.0,,cs0,,63.0,,1.0,,Status,1,1,0,42,42,0,42.0,0.0,0.0,0.0,0.0,0,0,0,0.0,,,0.0,0.0,0.0,REQ,,,,,0.0,0.0,0.0,0
359306,0.0,0.0,0.0,0.0,0.0,0.0,udp,0.0,,cs0,,63.0,,1.0,,Status,1,1,0,42,42,0,42.0,0.0,0.0,0.0,0.0,0,0,0,0.0,,,0.0,0.0,0.0,REQ,,,,,0.0,0.0,0.0,0
359332,2.570761,2.570761,2.570761,2.570761,2.570761,2.570761,udp,0.0,,cs0,,63.0,,1.0,,Status,2,2,0,84,84,0,42.0,0.0,130.700607,130.700607,0.0,0,0,0,0.0,,,0.38899,0.38899,0.0,REQ,,,,,0.0,0.0,0.0,0
359336,2.572772,2.572772,2.572772,2.572772,2.572772,2.572772,udp,0.0,,cs0,,63.0,,1.0,,Status,2,2,0,84,84,0,42.0,0.0,130.598434,130.598434,0.0,0,0,0,0.0,,,0.388686,0.388686,0.0,REQ,,,,,0.0,0.0,0.0,0
359436,0.0,0.0,0.0,0.0,0.0,0.0,udp,0.0,,cs0,,63.0,,1.0,,Status,1,1,0,42,42,0,42.0,0.0,0.0,0.0,0.0,0,0,0,0.0,,,0.0,0.0,0.0,REQ,,,,,0.0,0.0,0.0,0
359443,2.568862,2.568862,2.568862,2.568862,2.568862,2.568862,udp,0.0,,cs0,,63.0,,1.0,,Status,2,2,0,84,84,0,42.0,0.0,130.797226,130.797226,0.0,0,0,0,0.0,,,0.389277,0.389277,0.0,REQ,,,,,0.0,0.0,0.0,0
359474,0.0,0.0,0.0,0.0,0.0,0.0,udp,0.0,,cs0,,63.0,,1.0,,Status,1,1,0,42,42,0,42.0,0.0,0.0,0.0,0.0,0,0,0,0.0,,,0.0,0.0,0.0,REQ,,,,,0.0,0.0,0.0,0
359494,0.0,0.0,0.0,0.0,0.0,0.0,udp,0.0,,cs0,,63.0,,1.0,,Status,1,1,0,42,42,0,42.0,0.0,0.0,0.0,0.0,0,0,0,0.0,,,0.0,0.0,0.0,REQ,,,,,0.0,0.0,0.0,0
359529,2.566993,2.566993,2.566993,2.566993,2.566993,2.566993,udp,0.0,,cs0,,63.0,,1.0,,Start,2,2,0,84,84,0,42.0,0.0,130.892456,130.892456,0.0,0,0,0,0.0,,,0.389561,0.389561,0.0,INT,,,,,0.0,0.0,0.0,0
359543,2.567015,2.567015,2.567015,2.567015,2.567015,2.567015,udp,0.0,,cs0,,63.0,,1.0,,Status,2,2,0,84,84,0,42.0,0.0,130.891327,130.891327,0.0,0,0,0,0.0,,,0.389558,0.389558,0.0,REQ,,,,,0.0,0.0,0.0,0
359579,2.568893,2.568893,2.568893,2.568893,2.568893,2.568893,udp,0.0,,cs0,,63.0,,1.0,,Status,2,2,0,84,84,0,42.0,0.0,130.795639,130.795639,0.0,0,0,0,0.0,,,0.389273,0.389273,0.0,REQ,,,,,0.0,0.0,0.0,0
359642,0.0,0.0,0.0,0.0,0.0,0.0,udp,0.0,,cs0,,63.0,,1.0,,Status,1,1,0,42,42,0,42.0,0.0,0.0,0.0,0.0,0,0,0,0.0,,,0.0,0.0,0.0,REQ,,,,,0.0,0.0,0.0,0
359684,0.0,0.0,0.0,0.0,0.0,0.0,udp,0.0,,cs0,,63.0,,1.0,,Status,1,1,0,42,42,0,42.0,0.0,0.0,0.0,0.0,0,0,0,0.0,,,0.0,0.0,0.0,REQ,,,,,0.0,0.0,0.0,0
359723,0.0,0.0,0.0,0.0,0.0,0.0,udp,0.0,,cs0,,63.0,,1.0,,Status,1,1,0,42,42,0,42.0,0.0,0.0,0.0,0.0,0,0,0,0.0,,,0.0,0.0,0.0,REQ,,,,,0.0,0.0,0.0,0
359731,0.0,0.0,0.0,0.0,0.0,0.0,udp,0.0,,cs0,,63.0,,1.0,,Status,1,1,0,42,42,0,42.0,0.0,0.0,0.0,0.0,0,0,0,0.0,,,0.0,0.0,0.0,REQ,,,,,0.0,0.0,0.0,0
359791,0.0,0.0,0.0,0.0,0.0,0.0,udp,0.0,,cs0,,63.0,,1.0,,Status,1,1,0,42,42,0,42.0,0.0,0.0,0.0,0.0,0,0,0,0.0,,,0.0,0.0,0.0,REQ,,,,,0.0,0.0,0.0,0
359870,0.0,0.0,0.0,0.0,0.0,0.0,udp,0.0,,cs0,,63.0,,1.0,,Status,1,1,0,42,42,0,42.0,0.0,0.0,0.0,0.0,0,0,0,0.0,,,0.0,0.0,0.0,REQ,,,,,0.0,0.0,0.0,0
359890,0.0,0.0,0.0,0.0,0.0,0.0,udp,0.0,,cs0,,63.0,,1.0,,Status,1,1,0,42,42,0,42.0,0.0,0.0,0.0,0.0,0,0,0,0.0,,,0.0,0.0,0.0,REQ,,,,,0.0,0.0,0.0,0
359912,2.56831,2.56831,2.56831,2.56831,2.56831,2.56831,udp,0.0,,cs0,,63.0,,1.0,,Status,2,2,0,84,84,0,42.0,0.0,130.825333,130.825333,0.0,0,0,0,0.0,,,0.389361,0.389361,0.0,REQ,,,,,0.0,0.0,0.0,0
359933,2.569918,2.569918,2.569918,2.569918,2.569918,2.569918,udp,0.0,,cs0,,63.0,,1.0,,Status,2,2,0,84,84,0,42.0,0.0,130.743469,130.743469,0.0,0,0,0,0.0,,,0.389117,0.389117,0.0,REQ,,,,,0.0,0.0,0.0,0
359975,2.570137,2.570137,2.570137,2.570137,2.570137,2.570137,udp,0.0,,cs0,,63.0,,1.0,,Status,2,2,0,84,84,0,42.0,0.0,130.73233,130.73233,0.0,0,0,0,0.0,,,0.389084,0.389084,0.0,REQ,,,,,0.0,0.0,0.0,0
360014,0.0,0.0,0.0,0.0,0.0,0.0,udp,0.0,,cs0,,63.0,,1.0,,Status,1,1,0,42,42,0,42.0,0.0,0.0,0.0,0.0,0,0,0,0.0,,,0.0,0.0,0.0,REQ,,,,,0.0,0.0,0.0,0
360044,2.568189,2.568189,2.568189,2.568189,2.568189,2.568189,udp,0.0,,cs0,,63.0,,1.0,,Status,2,2,0,84,84,0,42.0,0.0,130.831497,130.831497,0.0,0,0,0,0.0,,,0.389379,0.389379,0.0,REQ,,,,,0.0,0.0,0.0,0
360063,0.0,0.0,0.0,0.0,0.0,0.0,udp,0.0,,cs0,,63.0,,1.0,,Status,1,1,0,42,42,0,42.0,0.0,0.0,0.0,0.0,0,0,0,0.0,,,0.0,0.0,0.0,REQ,,,,,0.0,0.0,0.0,0
360180,2.571135,2.571135,2.571135,2.571135,2.571135,2.571135,udp,0.0,,cs0,,63.0,,1.0,,Status,2,2,0,84,84,0,42.0,0.0,130.68158,130.68158,0.0,0,0,0,0.0,,,0.388933,0.388933,0.0,REQ,,,,,0.0,0.0,0.0,0
360205,2.565381,2.565381,2.565381,2.565381,2.565381,2.565381,udp,0.0,,cs0,,63.0,,1.0,,Status,2,2,0,84,84,0,42.0,0.0,130.974701,130.974701,0.0,0,0,0,0.0,,,0.389806,0.389806,0.0,REQ,,,,,0.0,0.0,0.0,0
360263,2.568897,2.568897,2.568897,2.568897,2.568897,2.568897,udp,0.0,,cs0,,63.0,,1.0,,Start,2,2,0,84,84,0,42.0,0.0,130.795441,130.795441,0.0,0,0,0,0.0,,,0.389272,0.389272,0.0,INT,,,,,0.0,0.0,0.0,0
360347,2.570085,2.570085,2.570085,2.570085,2.570085,2.570085,udp,0.0,,cs0,,63.0,,1.0,,Status,2,2,0,84,84,0,42.0,0.0,130.73497,130.73497,0.0,0,0,0,0.0,,,0.389092,0.389092,0.0,REQ,,,,,0.0,0.0,0.0,0
360352,2.5684,2.5684,2.5684,2.5684,2.5684,2.5684,udp,0.0,,cs0,,63.0,,1.0,,Status,2,2,0,84,84,0,42.0,0.0,130.820755,130.820755,0.0,0,0,0,0.0,,,0.389347,0.389347,0.0,REQ,,,,,0.0,0.0,0.0,0
360362,0.0,0.0,0.0,0.0,0.0,0.0,udp,0.0,,cs0,,63.0,,1.0,,Status,1,1,0,42,42,0,42.0,0.0,0.0,0.0,0.0,0,0,0,0.0,,,0.0,0.0,0.0,REQ,,,,,0.0,0.0,0.0,0
360405,2.559,2.559,2.559,2.559,2.559,2.559,udp,0.0,,cs0,,63.0,,1.0,,Status,2,2,0,84,84,0,42.0,0.0,131.301285,131.301285,0.0,0,0,0,0.0,,,0.390778,0.390778,0.0,REQ,,,,,0.0,0.0,0.0,0
360426,2.567721,2.567721,2.567721,2.567721,2.567721,2.567721,udp,0.0,,cs0,,63.0,,1.0,,Status,2,2,0,84,84,0,42.0,0.0,130.855347,130.855347,0.0,0,0,0,0.0,,,0.38945,0.38945,0.0,REQ,,,,,0.0,0.0,0.0,0
360437,2.569515,2.569515,2.569515,2.569515,2.569515,2.569515,udp,0.0,,cs0,,63.0,,1.0,,Status,2,2,0,84,84,0,42.0,0.0,130.763977,130.763977,0.0,0,0,0,0.0,,,0.389179,0.389179,0.0,REQ,,,,,0.0,0.0,0.0,0
360522,2.574594,2.574594,2.574594,2.574594,2.574594,2.574594,udp,0.0,,cs0,,63.0,,1.0,,Status,2,2,0,84,84,0,42.0,0.0,130.506012,130.506012,0.0,0,0,0,0.0,,,0.388411,0.388411,0.0,REQ,,,,,0.0,0.0,0.0,0
360540,0.0,0.0,0.0,0.0,0.0,0.0,udp,0.0,,cs0,,63.0,,1.0,,Status,1,1,0,42,42,0,42.0,0.0,0.0,0.0,0.0,0,0,0,0.0,,,0.0,0.0,0.0,REQ,,,,,0.0,0.0,0.0,0
360600,0.0,0.0,0.0,0.0,0.0,0.0,udp,0.0,,cs0,,63.0,,1.0,,Status,1,1,0,42,42,0,42.0,0.0,0.0,0.0,0.0,0,0,0,0.0,,,0.0,0.0,0.0,REQ,,,,,0.0,0.0,0.0,0
360638,0.0,0.0,0.0,0.0,0.0,0.0,udp,0.0,,cs0,,63.0,,1.0,,Status,1,1,0,42,42,0,42.0,0.0,0.0,0.0,0.0,0,0,0,0.0,,,0.0,0.0,0.0,REQ,,,,,0.0,0.0,0.0,0
360651,0.0,0.0,0.0,0.0,0.0,0.0,udp,0.0,,cs0,,63.0,,1.0,,Status,1,1,0,42,42,0,42.0,0.0,0.0,0.0,0.0,0,0,0,0.0,,,0.0,0.0,0.0,REQ,,,,,0.0,0.0,0.0,0
360819,2.569939,2.569939,2.569939,2.569939,2.569939,2.569939,udp,0.0,,cs0,,63.0,,1.0,,Status,2,2,0,84,84,0,42.0,0.0,130.742401,130.742401,0.0,0,0,0,0.0,,,0.389114,0.389114,0.0,REQ,,,,,0.0,0.0,0.0,0
360854,2.573903,2.573903,2.573903,2.573903,2.573903,2.573903,udp,0.0,,cs0,,63.0,,1.0,,Status,2,2,0,84,84,0,42.0,0.0,130.541046,130.541046,0.0,0,0,0,0.0,,,0.388515,0.388515,0.0,REQ,,,,,0.0,0.0,0.0,0
360877,2.568126,2.568126,2.568126,2.568126,2.568126,2.568126,udp,0.0,,cs0,,63.0,,1.0,,Status,2,2,0,84,84,0,42.0,0.0,130.834702,130.834702,0.0,0,0,0,0.0,,,0.389389,0.389389,0.0,REQ,,,,,0.0,0.0,0.0,0
360969,0.0,0.0,0.0,0.0,0.0,0.0,udp,0.0,,cs0,,63.0,,1.0,,Status,1,1,0,42,42,0,42.0,0.0,0.0,0.0,0.0,0,0,0,0.0,,,0.0,0.0,0.0,REQ,,,,,0.0,0.0,0.0,0
361005,0.0,0.0,0.0,0.0,0.0,0.0,udp,0.0,,cs0,,63.0,,1.0,,Status,1,1,0,42,42,0,42.0,0.0,0.0,0.0,0.0,0,0,0,0.0,,,0.0,0.0,0.0,REQ,,,,,0.0,0.0,0.0,0
361036,2.566832,2.566832,2.566832,2.566832,2.566832,2.566832,udp,0.0,,cs0,,63.0,,1.0,,Status,2,2,0,84,84,0,42.0,0.0,130.90065,130.90065,0.0,0,0,0,0.0,,,0.389585,0.389585,0.0,REQ,,,,,0.0,0.0,0.0,0
361043,2.566833,2.566833,2.566833,2.566833,2.566833,2.566833,udp,0.0,,cs0,,63.0,,1.0,,Status,2,2,0,84,84,0,42.0,0.0,130.900604,130.900604,0.0,0,0,0,0.0,,,0.389585,0.389585,0.0,REQ,,,,,0.0,0.0,0.0,0
361067,2.567351,2.567351,2.567351,2.567351,2.567351,2.567351,udp,0.0,,cs0,,63.0,,1.0,,Status,2,2,0,84,84,0,42.0,0.0,130.874191,130.874191,0.0,0,0,0,0.0,,,0.389507,0.389507,0.0,REQ,,,,,0.0,0.0,0.0,0
361087,0.0,0.0,0.0,0.0,0.0,0.0,udp,0.0,,cs0,,63.0,,1.0,,Status,1,1,0,42,42,0,42.0,0.0,0.0,0.0,0.0,0,0,0,0.0,,,0.0,0.0,0.0,REQ,,,,,0.0,0.0,0.0,0
361126,2.570967,2.570967,2.570967,2.570967,2.570967,2.570967,udp,0.0,,cs0,,63.0,,1.0,,Status,2,2,0,84,84,0,42.0,0.0,130.690125,130.690125,0.0,0,0,0,0.0,,,0.388959,0.388959,0.0,REQ,,,,,0.0,0.0,0.0,0
361127,2.572224,2.572224,2.572224,2.572224,2.572224,2.572224,udp,0.0,,cs0,,63.0,,1.0,,Status,2,2,0,84,84,0,42.0,0.0,130.626266,130.626266,0.0,0,0,0,0.0,,,0.388769,0.388769,0.0,REQ,,,,,0.0,0.0,0.0,0
361139,2.570921,2.570921,2.570921,2.570921,2.570921,2.570921,udp,0.0,,cs0,,63.0,,1.0,,Status,2,2,0,84,84,0,42.0,0.0,130.692474,130.692474,0.0,0,0,0,0.0,,,0.388966,0.388966,0.0,REQ,,,,,0.0,0.0,0.0,0
361164,2.570848,2.570848,2.570848,2.570848,2.570848,2.570848,udp,0.0,,cs0,,63.0,,1.0,,Status,2,2,0,84,84,0,42.0,0.0,130.696182,130.696182,0.0,0,0,0,0.0,,,0.388977,0.388977,0.0,REQ,,,,,0.0,0.0,0.0,0
361219,0.0,0.0,0.0,0.0,0.0,0.0,udp,0.0,,cs0,,63.0,,1.0,,Status,1,1,0,42,42,0,42.0,0.0,0.0,0.0,0.0,0,0,0,0.0,,,0.0,0.0,0.0,REQ,,,,,0.0,0.0,0.0,0
361244,0.0,0.0,0.0,0.0,0.0,0.0,udp,0.0,,cs0,,63.0,,1.0,,Status,1,1,0,42,42,0,42.0,0.0,0.0,0.0,0.0,0,0,0,0.0,,,0.0,0.0,0.0,REQ,,,,,0.0,0.0,0.0,0
361261,0.0,0.0,0.0,0.0,0.0,0.0,udp,0.0,,cs0,,63.0,,1.0,,Status,1,1,0,42,42,0,42.0,0.0,0.0,0.0,0.0,0,0,0,0.0,,,0.0,0.0,0.0,REQ,,,,,0.0,0.0,0.0,0
361343,2.568772,2.568772,2.568772,2.568772,2.568772,2.568772,udp,0.0,,cs0,,63.0,,1.0,,Status,2,2,0,84,84,0,42.0,0.0,130.801788,130.801788,0.0,0,0,0,0.0,,,0.389291,0.389291,0.0,REQ,,,,,0.0,0.0,0.0,0
361433,2.571238,2.571238,2.571238,2.571238,2.571238,2.571238,udp,0.0,,cs0,,63.0,,1.0,,Status,2,2,0,84,84,0,42.0,0.0,130.676346,130.676346,0.0,0,0,0,0.0,,,0.388918,0.388918,0.0,REQ,,,,,0.0,0.0,0.0,0
361495,0.0,0.0,0.0,0.0,0.0,0.0,udp,0.0,,cs0,,63.0,,1.0,,Status,1,1,0,42,42,0,42.0,0.0,0.0,0.0,0.0,0,0,0,0.0,,,0.0,0.0,0.0,REQ,,,,,0.0,0.0,0.0,0
361571,2.570643,2.570643,2.570643,2.570643,2.570643,2.570643,udp,0.0,,cs0,,63.0,,1.0,,Status,2,2,0,84,84,0,42.0,0.0,130.706604,130.706604,0.0,0,0,0,0.0,,,0.389008,0.389008,0.0,REQ,,,,,0.0,0.0,0.0,0
361618,0.0,0.0,0.0,0.0,0.0,0.0,udp,0.0,,cs0,,63.0,,1.0,,Status,1,1,0,42,42,0,42.0,0.0,0.0,0.0,0.0,0,0,0,0.0,,,0.0,0.0,0.0,REQ,,,,,0.0,0.0,0.0,0
361688,2.570085,2.570085,2.570085,2.570085,2.570085,2.570085,udp,0.0,,cs0,,63.0,,1.0,,Status,2,2,0,84,84,0,42.0,0.0,130.73497,130.73497,0.0,0,0,0,0.0,,,0.389092,0.389092,0.0,REQ,,,,,0.0,0.0,0.0,0
361695,2.570153,2.570153,2.570153,2.570153,2.570153,2.570153,udp,0.0,,cs0,,63.0,,1.0,,Status,2,2,0,84,84,0,42.0,0.0,130.731522,130.731522,0.0,0,0,0,0.0,,,0.389082,0.389082,0.0,REQ,,,,,0.0,0.0,0.0,0
361769,2.562496,2.562496,2.562496,2.562496,2.562496,2.562496,udp,0.0,,cs0,,63.0,,1.0,,Status,2,2,0,84,84,0,42.0,0.0,131.122162,131.122162,0.0,0,0,0,0.0,,,0.390245,0.390245,0.0,REQ,,,,,0.0,0.0,0.0,0
361770,2.562912,2.562912,2.562912,2.562912,2.562912,2.562912,udp,0.0,,cs0,,63.0,,1.0,,Status,2,2,0,84,84,0,42.0,0.0,131.100876,131.100876,0.0,0,0,0,0.0,,,0.390181,0.390181,0.0,REQ,,,,,0.0,0.0,0.0,0
361785,2.570998,2.570998,2.570998,2.570998,2.570998,2.570998,udp,0.0,,cs0,,63.0,,1.0,,Status,2,2,0,84,84,0,42.0,0.0,130.688553,130.688553,0.0,0,0,0,0.0,,,0.388954,0.388954,0.0,REQ,,,,,0.0,0.0,0.0,0
361791,0.0,0.0,0.0,0.0,0.0,0.0,udp,0.0,,cs0,,63.0,,1.0,,Status,1,1,0,42,42,0,42.0,0.0,0.0,0.0,0.0,0,0,0,0.0,,,0.0,0.0,0.0,REQ,,,,,0.0,0.0,0.0,0
361827,2.572912,2.572912,2.572912,2.572912,2.572912,2.572912,udp,0.0,,cs0,,63.0,,1.0,,Status,2,2,0,84,84,0,42.0,0.0,130.591324,130.591324,0.0,0,0,0,0.0,,,0.388665,0.388665,0.0,REQ,,,,,0.0,0.0,0.0,0
361833,2.571059,2.571059,2.571059,2.571059,2.571059,2.571059,udp,0.0,,cs0,,63.0,,1.0,,Status,2,2,0,84,84,0,42.0,0.0,130.685455,130.685455,0.0,0,0,0,0.0,,,0.388945,0.388945,0.0,REQ,,,,,0.0,0.0,0.0,0
361836,2.570063,2.570063,2.570063,2.570063,2.570063,2.570063,udp,0.0,,cs0,,63.0,,1.0,,Status,2,2,0,84,84,0,42.0,0.0,130.736084,130.736084,0.0,0,0,0,0.0,,,0.389096,0.389096,0.0,REQ,,,,,0.0,0.0,0.0,0
361856,0.0,0.0,0.0,0.0,0.0,0.0,udp,0.0,,cs0,,63.0,,1.0,,Status,1,1,0,42,42,0,42.0,0.0,0.0,0.0,0.0,0,0,0,0.0,,,0.0,0.0,0.0,REQ,,,,,0.0,0.0,0.0,0
361900,2.565135,2.565135,2.565135,2.565135,2.565135,2.565135,udp,0.0,,cs0,,63.0,,1.0,,Status,2,2,0,84,84,0,42.0,0.0,130.987259,130.987259,0.0,0,0,0,0.0,,,0.389843,0.389843,0.0,REQ,,,,,0.0,0.0,0.0,0
361937,2.570968,2.570968,2.570968,2.570968,2.570968,2.570968,udp,0.0,,cs0,,63.0,,1.0,,Status,2,2,0,84,84,0,42.0,0.0,130.690079,130.690079,0.0,0,0,0,0.0,,,0.388959,0.388959,0.0,REQ,,,,,0.0,0.0,0.0,0
361941,0.0,0.0,0.0,0.0,0.0,0.0,udp,0.0,,cs0,,63.0,,1.0,,Status,1,1,0,42,42,0,42.0,0.0,0.0,0.0,0.0,0,0,0,0.0,,,0.0,0.0,0.0,REQ,,,,,0.0,0.0,0.0,0
361970,2.566591,2.566591,2.566591,2.566591,2.566591,2.566591,udp,0.0,,cs0,,63.0,,1.0,,Status,2,2,0,84,84,0,42.0,0.0,130.912949,130.912949,0.0,0,0,0,0.0,,,0.389622,0.389622,0.0,REQ,,,,,0.0,0.0,0.0,0
361987,2.570689,2.570689,2.570689,2.570689,2.570689,2.570689,udp,0.0,,cs0,,63.0,,1.0,,Status,2,2,0,84,84,0,42.0,0.0,130.704254,130.704254,0.0,0,0,0,0.0,,,0.389001,0.389001,0.0,REQ,,,,,0.0,0.0,0.0,0
362038,2.571363,2.571363,2.571363,2.571363,2.571363,2.571363,udp,0.0,,cs0,,63.0,,1.0,,Status,2,2,0,84,84,0,42.0,0.0,130.669998,130.669998,0.0,0,0,0,0.0,,,0.388899,0.388899,0.0,REQ,,,,,0.0,0.0,0.0,0
362097,0.0,0.0,0.0,0.0,0.0,0.0,udp,0.0,,cs0,,63.0,,1.0,,Status,1,1,0,42,42,0,42.0,0.0,0.0,0.0,0.0,0,0,0,0.0,,,0.0,0.0,0.0,REQ,,,,,0.0,0.0,0.0,0
362115,0.0,0.0,0.0,0.0,0.0,0.0,udp,0.0,,cs0,,63.0,,1.0,,Status,1,1,0,42,42,0,42.0,0.0,0.0,0.0,0.0,0,0,0,0.0,,,0.0,0.0,0.0,REQ,,,,,0.0,0.0,0.0,0
362166,0.0,0.0,0.0,0.0,0.0,0.0,udp,0.0,,cs0,,63.0,,1.0,,Status,1,1,0,42,42,0,42.0,0.0,0.0,0.0,0.0,0,0,0,0.0,,,0.0,0.0,0.0,REQ,,,,,0.0,0.0,0.0,0
362267,2.569659,2.569659,2.569659,2.569659,2.569659,2.569659,udp,0.0,,cs0,,63.0,,1.0,,Status,2,2,0,84,84,0,42.0,0.0,130.756653,130.756653,0.0,0,0,0,0.0,,,0.389157,0.389157,0.0,REQ,,,,,0.0,0.0,0.0,0
362275,2.570891,2.570891,2.570891,2.570891,2.570891,2.570891,udp,0.0,,cs0,,63.0,,1.0,,Status,2,2,0,84,84,0,42.0,0.0,130.694,130.694,0.0,0,0,0,0.0,,,0.38897,0.38897,0.0,REQ,,,,,0.0,0.0,0.0,0
362313,2.56729,2.56729,2.56729,2.56729,2.56729,2.56729,udp,0.0,,cs0,,63.0,,1.0,,Status,2,2,0,84,84,0,42.0,0.0,130.877304,130.877304,0.0,0,0,0,0.0,,,0.389516,0.389516,0.0,REQ,,,,,0.0,0.0,0.0,0
362436,0.0,0.0,0.0,0.0,0.0,0.0,udp,0.0,,cs0,,63.0,,1.0,,Status,1,1,0,42,42,0,42.0,0.0,0.0,0.0,0.0,0,0,0,0.0,,,0.0,0.0,0.0,REQ,,,,,0.0,0.0,0.0,0
362440,0.0,0.0,0.0,0.0,0.0,0.0,udp,0.0,,cs0,,63.0,,1.0,,Status,1,1,0,42,42,0,42.0,0.0,0.0,0.0,0.0,0,0,0,0.0,,,0.0,0.0,0.0,REQ,,,,,0.0,0.0,0.0,0
362446,0.0,0.0,0.0,0.0,0.0,0.0,udp,0.0,,cs0,,63.0,,1.0,,Status,1,1,0,42,42,0,42.0,0.0,0.0,0.0,0.0,0,0,0,0.0,,,0.0,0.0,0.0,REQ,,,,,0.0,0.0,0.0,0
362489,2.573075,2.573075,2.573075,2.573075,2.573075,2.573075,udp,0.0,,cs0,,63.0,,1.0,,Status,2,2,0,84,84,0,42.0,0.0,130.583054,130.583054,0.0,0,0,0,0.0,,,0.38864,0.38864,0.0,REQ,,,,,0.0,0.0,0.0,0
362508,0.0,0.0,0.0,0.0,0.0,0.0,udp,0.0,,cs0,,63.0,,1.0,,Status,1,1,0,42,42,0,42.0,0.0,0.0,0.0,0.0,0,0,0,0.0,,,0.0,0.0,0.0,REQ,,,,,0.0,0.0,0.0,0
362518,2.567066,2.567066,2.567066,2.567066,2.567066,2.567066,udp,0.0,,cs0,,63.0,,1.0,,Status,2,2,0,84,84,0,42.0,0.0,130.888733,130.888733,0.0,0,0,0,0.0,,,0.38955,0.38955,0.0,REQ,,,,,0.0,0.0,0.0,0
362545,2.566918,2.566918,2.566918,2.566918,2.566918,2.566918,udp,0.0,,cs0,,63.0,,1.0,,Status,2,2,0,84,84,0,42.0,0.0,130.896286,130.896286,0.0,0,0,0,0.0,,,0.389572,0.389572,0.0,REQ,,,,,0.0,0.0,0.0,0
362583,2.571261,2.571261,2.571261,2.571261,2.571261,2.571261,udp,0.0,,cs0,,63.0,,1.0,,Status,2,2,0,84,84,0,42.0,0.0,130.675186,130.675186,0.0,0,0,0,0.0,,,0.388914,0.388914,0.0,REQ,,,,,0.0,0.0,0.0,0
362639,2.571793,2.571793,2.571793,2.571793,2.571793,2.571793,udp,0.0,,cs0,,63.0,,1.0,,Status,2,2,0,84,84,0,42.0,0.0,130.648148,130.648148,0.0,0,0,0,0.0,,,0.388834,0.388834,0.0,REQ,,,,,0.0,0.0,0.0,0
362672,0.0,0.0,0.0,0.0,0.0,0.0,udp,0.0,,cs0,,63.0,,1.0,,Status,1,1,0,42,42,0,42.0,0.0,0.0,0.0,0.0,0,0,0,0.0,,,0.0,0.0,0.0,REQ,,,,,0.0,0.0,0.0,0
362673,0.0,0.0,0.0,0.0,0.0,0.0,udp,0.0,,cs0,,63.0,,1.0,,Status,1,1,0,42,42,0,42.0,0.0,0.0,0.0,0.0,0,0,0,0.0,,,0.0,0.0,0.0,REQ,,,,,0.0,0.0,0.0,0
362777,2.569686,2.569686,2.569686,2.569686,2.569686,2.569686,udp,0.0,,cs0,,63.0,,1.0,,Status,2,2,0,84,84,0,42.0,0.0,130.75528,130.75528,0.0,0,0,0,0.0,,,0.389153,0.389153,0.0,REQ,,,,,0.0,0.0,0.0,0
362781,2.571727,2.571727,2.571727,2.571727,2.571727,2.571727,udp,0.0,,cs0,,63.0,,1.0,,Status,2,2,0,84,84,0,42.0,0.0,130.651505,130.651505,0.0,0,0,0,0.0,,,0.388844,0.388844,0.0,REQ,,,,,0.0,0.0,0.0,0
362872,2.574172,2.574172,2.574172,2.574172,2.574172,2.574172,udp,0.0,,cs0,,63.0,,1.0,,Status,2,2,0,84,84,0,42.0,0.0,130.527405,130.527405,0.0,0,0,0,0.0,,,0.388474,0.388474,0.0,REQ,,,,,0.0,0.0,0.0,0
362878,0.0,0.0,0.0,0.0,0.0,0.0,udp,0.0,,cs0,,63.0,,1.0,,Status,1,1,0,42,42,0,42.0,0.0,0.0,0.0,0.0,0,0,0,0.0,,,0.0,0.0,0.0,REQ,,,,,0.0,0.0,0.0,0
362892,0.0,0.0,0.0,0.0,0.0,0.0,udp,0.0,,cs0,,63.0,,1.0,,Status,1,1,0,42,42,0,42.0,0.0,0.0,0.0,0.0,0,0,0,0.0,,,0.0,0.0,0.0,REQ,,,,,0.0,0.0,0.0,0
362934,0.0,0.0,0.0,0.0,0.0,0.0,udp,0.0,,cs0,,63.0,,1.0,,Status,1,1,0,42,42,0,42.0,0.0,0.0,0.0,0.0,0,0,0,0.0,,,0.0,0.0,0.0,REQ,,,,,0.0,0.0,0.0,0
363004,0.0,0.0,0.0,0.0,0.0,0.0,udp,0.0,,cs0,,63.0,,1.0,,Status,1,1,0,42,42,0,42.0,0.0,0.0,0.0,0.0,0,0,0,0.0,,,0.0,0.0,0.0,REQ,,,,,0.0,0.0,0.0,0
363163,2.563859,2.563859,2.563859,2.563859,2.563859,2.563859,udp,0.0,,cs0,,63.0,,1.0,,Status,2,2,0,84,84,0,42.0,0.0,131.052444,131.052444,0.0,0,0,0,0.0,,,0.390037,0.390037,0.0,REQ,,,,,0.0,0.0,0.0,0
363179,2.565959,2.565959,2.565959,2.565959,2.565959,2.565959,udp,0.0,,cs0,,63.0,,1.0,,Status,2,2,0,84,84,0,42.0,0.0,130.94519,130.94519,0.0,0,0,0,0.0,,,0.389718,0.389718,0.0,REQ,,,,,0.0,0.0,0.0,0
363184,2.565295,2.565295,2.565295,2.565295,2.565295,2.565295,udp,0.0,,cs0,,63.0,,1.0,,Status,2,2,0,84,84,0,42.0,0.0,130.979095,130.979095,0.0,0,0,0,0.0,,,0.389819,0.389819,0.0,REQ,,,,,0.0,0.0,0.0,0
363216,2.573073,2.573073,2.573073,2.573073,2.573073,2.573073,udp,0.0,,cs0,,63.0,,1.0,,Status,2,2,0,84,84,0,42.0,0.0,130.58316,130.58316,0.0,0,0,0,0.0,,,0.38864,0.38864,0.0,REQ,,,,,0.0,0.0,0.0,0
363234,2.571497,2.571497,2.571497,2.571497,2.571497,2.571497,udp,0.0,,cs0,,63.0,,1.0,,Status,2,2,0,84,84,0,42.0,0.0,130.663193,130.663193,0.0,0,0,0,0.0,,,0.388879,0.388879,0.0,REQ,,,,,0.0,0.0,0.0,0
363283,2.567122,2.567122,2.567122,2.567122,2.567122,2.567122,udp,0.0,,cs0,,63.0,,1.0,,Status,2,2,0,84,84,0,42.0,0.0,130.88588,130.88588,0.0,0,0,0,0.0,,,0.389541,0.389541,0.0,REQ,,,,,0.0,0.0,0.0,0
363294,2.573125,2.573125,2.573125,2.573125,2.573125,2.573125,udp,0.0,,cs0,,63.0,,1.0,,Status,2,2,0,84,84,0,42.0,0.0,130.580521,130.580521,0.0,0,0,0,0.0,,,0.388633,0.388633,0.0,REQ,,,,,0.0,0.0,0.0,0
363337,2.567135,2.567135,2.567135,2.567135,2.567135,2.567135,udp,0.0,,cs0,,63.0,,1.0,,Status,2,2,0,84,84,0,42.0,0.0,130.885208,130.885208,0.0,0,0,0,0.0,,,0.389539,0.389539,0.0,REQ,,,,,0.0,0.0,0.0,0
363363,0.0,0.0,0.0,0.0,0.0,0.0,udp,0.0,,cs0,,63.0,,1.0,,Status,1,1,0,42,42,0,42.0,0.0,0.0,0.0,0.0,0,0,0,0.0,,,0.0,0.0,0.0,REQ,,,,,0.0,0.0,0.0,0
363378,0.0,0.0,0.0,0.0,0.0,0.0,udp,0.0,,cs0,,63.0,,1.0,,Status,1,1,0,42,42,0,42.0,0.0,0.0,0.0,0.0,0,0,0,0.0,,,0.0,0.0,0.0,REQ,,,,,0.0,0.0,0.0,0
363380,0.0,0.0,0.0,0.0,0.0,0.0,udp,0.0,,cs0,,63.0,,1.0,,Status,1,1,0,42,42,0,42.0,0.0,0.0,0.0,0.0,0,0,0,0.0,,,0.0,0.0,0.0,REQ,,,,,0.0,0.0,0.0,0
363434,2.573059,2.573059,2.573059,2.573059,2.573059,2.573059,udp,0.0,,cs0,,63.0,,1.0,,Status,2,2,0,84,84,0,42.0,0.0,130.583862,130.583862,0.0,0,0,0,0.0,,,0.388642,0.388642,0.0,REQ,,,,,0.0,0.0,0.0,0
363438,2.572073,2.572073,2.572073,2.572073,2.572073,2.572073,udp,0.0,,cs0,,63.0,,1.0,,Status,2,2,0,84,84,0,42.0,0.0,130.633926,130.633926,0.0,0,0,0,0.0,,,0.388791,0.388791,0.0,REQ,,,,,0.0,0.0,0.0,0
363455,2.570166,2.570166,2.570166,2.570166,2.570166,2.570166,udp,0.0,,cs0,,63.0,,1.0,,Status,2,2,0,84,84,0,42.0,0.0,130.73085,130.73085,0.0,0,0,0,0.0,,,0.38908,0.38908,0.0,REQ,,,,,0.0,0.0,0.0,0
363460,2.570148,2.570148,2.570148,2.570148,2.570148,2.570148,udp,0.0,,cs0,,63.0,,1.0,,Status,2,2,0,84,84,0,42.0,0.0,130.731766,130.731766,0.0,0,0,0,0.0,,,0.389083,0.389083,0.0,REQ,,,,,0.0,0.0,0.0,0
363523,0.0,0.0,0.0,0.0,0.0,0.0,udp,0.0,,cs0,,63.0,,1.0,,Status,1,1,0,42,42,0,42.0,0.0,0.0,0.0,0.0,0,0,0,0.0,,,0.0,0.0,0.0,REQ,,,,,0.0,0.0,0.0,0
363573,0.0,0.0,0.0,0.0,0.0,0.0,udp,0.0,,cs0,,63.0,,1.0,,Status,1,1,0,42,42,0,42.0,0.0,0.0,0.0,0.0,0,0,0,0.0,,,0.0,0.0,0.0,REQ,,,,,0.0,0.0,0.0,0
363630,2.570881,2.570881,2.570881,2.570881,2.570881,2.570881,udp,0.0,,cs0,,63.0,,1.0,,Status,2,2,0,84,84,0,42.0,0.0,130.694504,130.694504,0.0,0,0,0,0.0,,,0.388972,0.388972,0.0,REQ,,,,,0.0,0.0,0.0,0
363638,2.57297,2.57297,2.57297,2.57297,2.57297,2.57297,udp,0.0,,cs0,,63.0,,1.0,,Status,2,2,0,84,84,0,42.0,0.0,130.588394,130.588394,0.0,0,0,0,0.0,,,0.388656,0.388656,0.0,REQ,,,,,0.0,0.0,0.0,0
363695,2.570937,2.570937,2.570937,2.570937,2.570937,2.570937,udp,0.0,,cs0,,63.0,,1.0,,Status,2,2,0,84,84,0,42.0,0.0,130.69165,130.69165,0.0,0,0,0,0.0,,,0.388963,0.388963,0.0,REQ,,,,,0.0,0.0,0.0,0
363726,0.0,0.0,0.0,0.0,0.0,0.0,udp,0.0,,cs0,,63.0,,1.0,,Status,1,1,0,42,42,0,42.0,0.0,0.0,0.0,0.0,0,0,0,0.0,,,0.0,0.0,0.0,REQ,,,,,0.0,0.0,0.0,0
363732,2.571103,2.571103,2.571103,2.571103,2.571103,2.571103,udp,0.0,,cs0,,63.0,,1.0,,Status,2,2,0,84,84,0,42.0,0.0,130.683212,130.683212,0.0,0,0,0,0.0,,,0.388938,0.388938,0.0,REQ,,,,,0.0,0.0,0.0,0
363813,0.0,0.0,0.0,0.0,0.0,0.0,udp,0.0,,cs0,,63.0,,1.0,,Status,1,1,0,42,42,0,42.0,0.0,0.0,0.0,0.0,0,0,0,0.0,,,0.0,0.0,0.0,REQ,,,,,0.0,0.0,0.0,0
363815,0.0,0.0,0.0,0.0,0.0,0.0,udp,0.0,,cs0,,63.0,,1.0,,Status,1,1,0,42,42,0,42.0,0.0,0.0,0.0,0.0,0,0,0,0.0,,,0.0,0.0,0.0,REQ,,,,,0.0,0.0,0.0,0
363850,0.0,0.0,0.0,0.0,0.0,0.0,udp,0.0,,cs0,,63.0,,1.0,,Status,1,1,0,42,42,0,42.0,0.0,0.0,0.0,0.0,0,0,0,0.0,,,0.0,0.0,0.0,REQ,,,,,0.0,0.0,0.0,0
363898,0.0,0.0,0.0,0.0,0.0,0.0,udp,0.0,,cs0,,63.0,,1.0,,Status,1,1,0,42,42,0,42.0,0.0,0.0,0.0,0.0,0,0,0,0.0,,,0.0,0.0,0.0,REQ,,,,,0.0,0.0,0.0,0
363913,0.0,0.0,0.0,0.0,0.0,0.0,udp,0.0,,cs0,,63.0,,1.0,,Status,1,1,0,42,42,0,42.0,0.0,0.0,0.0,0.0,0,0,0,0.0,,,0.0,0.0,0.0,REQ,,,,,0.0,0.0,0.0,0
363971,2.566414,2.566414,2.566414,2.566414,2.566414,2.566414,udp,0.0,,cs0,,63.0,,1.0,,Status,2,2,0,84,84,0,42.0,0.0,130.921967,130.921967,0.0,0,0,0,0.0,,,0.389649,0.389649,0.0,REQ,,,,,0.0,0.0,0.0,0
363972,2.566399,2.566399,2.566399,2.566399,2.566399,2.566399,udp,0.0,,cs0,,63.0,,1.0,,Status,2,2,0,84,84,0,42.0,0.0,130.922745,130.922745,0.0,0,0,0,0.0,,,0.389651,0.389651,0.0,REQ,,,,,0.0,0.0,0.0,0
364015,0.0,0.0,0.0,0.0,0.0,0.0,udp,0.0,,cs0,,63.0,,1.0,,Status,1,1,0,42,42,0,42.0,0.0,0.0,0.0,0.0,0,0,0,0.0,,,0.0,0.0,0.0,REQ,,,,,0.0,0.0,0.0,0
364040,2.568897,2.568897,2.568897,2.568897,2.568897,2.568897,udp,0.0,,cs0,,63.0,,1.0,,Status,2,2,0,84,84,0,42.0,0.0,130.795441,130.795441,0.0,0,0,0,0.0,,,0.389272,0.389272,0.0,REQ,,,,,0.0,0.0,0.0,0
364194,2.569801,2.569801,2.569801,2.569801,2.569801,2.569801,udp,0.0,,cs0,,63.0,,1.0,,Status,2,2,0,84,84,0,42.0,0.0,130.74942,130.74942,0.0,0,0,0,0.0,,,0.389135,0.389135,0.0,REQ,,,,,0.0,0.0,0.0,0
364260,2.570165,2.570165,2.570165,2.570165,2.570165,2.570165,udp,0.0,,cs0,,63.0,,1.0,,Status,2,2,0,84,84,0,42.0,0.0,130.730911,130.730911,0.0,0,0,0,0.0,,,0.38908,0.38908,0.0,REQ,,,,,0.0,0.0,0.0,0
364302,2.57069,2.57069,2.57069,2.57069,2.57069,2.57069,udp,0.0,,cs0,,63.0,,1.0,,Status,2,2,0,84,84,0,42.0,0.0,130.704208,130.704208,0.0,0,0,0,0.0,,,0.389001,0.389001,0.0,REQ,,,,,0.0,0.0,0.0,0
364320,0.0,0.0,0.0,0.0,0.0,0.0,udp,0.0,,cs0,,63.0,,1.0,,Status,1,1,0,42,42,0,42.0,0.0,0.0,0.0,0.0,0,0,0,0.0,,,0.0,0.0,0.0,REQ,,,,,0.0,0.0,0.0,0
364402,0.0,0.0,0.0,0.0,0.0,0.0,udp,0.0,,cs0,,63.0,,1.0,,Status,1,1,0,42,42,0,42.0,0.0,0.0,0.0,0.0,0,0,0,0.0,,,0.0,0.0,0.0,REQ,,,,,0.0,0.0,0.0,0
364583,0.0,0.0,0.0,0.0,0.0,0.0,udp,0.0,,cs0,,63.0,,1.0,,Status,1,1,0,42,42,0,42.0,0.0,0.0,0.0,0.0,0,0,0,0.0,,,0.0,0.0,0.0,REQ,,,,,0.0,0.0,0.0,0
364635,2.571062,2.571062,2.571062,2.571062,2.571062,2.571062,udp,0.0,,cs0,,63.0,,1.0,,Status,2,2,0,84,84,0,42.0,0.0,130.685287,130.685287,0.0,0,0,0,0.0,,,0.388944,0.388944,0.0,REQ,,,,,0.0,0.0,0.0,0
364708,2.571201,2.571201,2.571201,2.571201,2.571201,2.571201,udp,0.0,,cs0,,63.0,,1.0,,Status,2,2,0,84,84,0,42.0,0.0,130.678223,130.678223,0.0,0,0,0,0.0,,,0.388923,0.388923,0.0,REQ,,,,,0.0,0.0,0.0,0
364767,2.571117,2.571117,2.571117,2.571117,2.571117,2.571117,udp,0.0,,cs0,,63.0,,1.0,,Status,2,2,0,84,84,0,42.0,0.0,130.68251,130.68251,0.0,0,0,0,0.0,,,0.388936,0.388936,0.0,REQ,,,,,0.0,0.0,0.0,0
364813,2.571932,2.571932,2.571932,2.571932,2.571932,2.571932,udp,0.0,,cs0,,63.0,,1.0,,Status,2,2,0,84,84,0,42.0,0.0,130.641083,130.641083,0.0,0,0,0,0.0,,,0.388813,0.388813,0.0,REQ,,,,,0.0,0.0,0.0,0
364892,2.571126,2.571126,2.571126,2.571126,2.571126,2.571126,udp,0.0,,cs0,,63.0,,1.0,,Status,2,2,0,84,84,0,42.0,0.0,130.682037,130.682037,0.0,0,0,0,0.0,,,0.388935,0.388935,0.0,REQ,,,,,0.0,0.0,0.0,0
364909,2.573378,2.573378,2.573378,2.573378,2.573378,2.573378,udp,0.0,,cs0,,63.0,,1.0,,Status,2,2,0,84,84,0,42.0,0.0,130.567673,130.567673,0.0,0,0,0,0.0,,,0.388594,0.388594,0.0,REQ,,,,,0.0,0.0,0.0,0
364922,2.571271,2.571271,2.571271,2.571271,2.571271,2.571271,udp,0.0,,cs0,,63.0,,1.0,,Status,2,2,0,84,84,0,42.0,0.0,130.674683,130.674683,0.0,0,0,0,0.0,,,0.388913,0.388913,0.0,REQ,,,,,0.0,0.0,0.0,0
364960,0.0,0.0,0.0,0.0,0.0,0.0,udp,0.0,,cs0,,63.0,,1.0,,Status,1,1,0,42,42,0,42.0,0.0,0.0,0.0,0.0,0,0,0,0.0,,,0.0,0.0,0.0,REQ,,,,,0.0,0.0,0.0,0
365001,2.571197,2.571197,2.571197,2.571197,2.571197,2.571197,udp,0.0,,cs0,,63.0,,1.0,,Status,2,2,0,84,84,0,42.0,0.0,130.678436,130.678436,0.0,0,0,0,0.0,,,0.388924,0.388924,0.0,REQ,,,,,0.0,0.0,0.0,0
365054,2.574131,2.574131,2.574131,2.574131,2.574131,2.574131,udp,0.0,,cs0,,63.0,,1.0,,Status,2,2,0,84,84,0,42.0,0.0,130.52948,130.52948,0.0,0,0,0,0.0,,,0.388481,0.388481,0.0,REQ,,,,,0.0,0.0,0.0,0
365067,0.0,0.0,0.0,0.0,0.0,0.0,udp,0.0,,cs0,,63.0,,1.0,,Status,1,1,0,42,42,0,42.0,0.0,0.0,0.0,0.0,0,0,0,0.0,,,0.0,0.0,0.0,REQ,,,,,0.0,0.0,0.0,0
365148,2.571244,2.571244,2.571244,2.571244,2.571244,2.571244,udp,0.0,,cs0,,63.0,,1.0,,Status,2,2,0,84,84,0,42.0,0.0,130.676041,130.676041,0.0,0,0,0,0.0,,,0.388917,0.388917,0.0,REQ,,,,,0.0,0.0,0.0,0
365236,0.0,0.0,0.0,0.0,0.0,0.0,udp,0.0,,cs0,,63.0,,1.0,,Status,1,1,0,42,42,0,42.0,0.0,0.0,0.0,0.0,0,0,0,0.0,,,0.0,0.0,0.0,REQ,,,,,0.0,0.0,0.0,0
365256,0.0,0.0,0.0,0.0,0.0,0.0,udp,0.0,,cs0,,63.0,,1.0,,Status,1,1,0,42,42,0,42.0,0.0,0.0,0.0,0.0,0,0,0,0.0,,,0.0,0.0,0.0,REQ,,,,,0.0,0.0,0.0,0
365280,2.569171,2.569171,2.569171,2.569171,2.569171,2.569171,udp,0.0,,cs0,,63.0,,1.0,,Status,2,2,0,84,84,0,42.0,0.0,130.781494,130.781494,0.0,0,0,0,0.0,,,0.389231,0.389231,0.0,REQ,,,,,0.0,0.0,0.0,0
365321,0.0,0.0,0.0,0.0,0.0,0.0,udp,0.0,,cs0,,63.0,,1.0,,Status,1,1,0,42,42,0,42.0,0.0,0.0,0.0,0.0,0,0,0,0.0,,,0.0,0.0,0.0,REQ,,,,,0.0,0.0,0.0,0
365380,0.0,0.0,0.0,0.0,0.0,0.0,udp,0.0,,cs0,,63.0,,1.0,,Status,1,1,0,42,42,0,42.0,0.0,0.0,0.0,0.0,0,0,0,0.0,,,0.0,0.0,0.0,REQ,,,,,0.0,0.0,0.0,0
365402,2.568742,2.568742,2.568742,2.568742,2.568742,2.568742,udp,0.0,,cs0,,63.0,,1.0,,Status,2,2,0,84,84,0,42.0,0.0,130.803329,130.803329,0.0,0,0,0,0.0,,,0.389296,0.389296,0.0,REQ,,,,,0.0,0.0,0.0,0
365407,2.568773,2.568773,2.568773,2.568773,2.568773,2.568773,udp,0.0,,cs0,,63.0,,1.0,,Status,2,2,0,84,84,0,42.0,0.0,130.801743,130.801743,0.0,0,0,0,0.0,,,0.389291,0.389291,0.0,REQ,,,,,0.0,0.0,0.0,0
365496,2.57312,2.57312,2.57312,2.57312,2.57312,2.57312,udp,0.0,,cs0,,63.0,,1.0,,Status,2,2,0,84,84,0,42.0,0.0,130.580765,130.580765,0.0,0,0,0,0.0,,,0.388633,0.388633,0.0,REQ,,,,,0.0,0.0,0.0,0
365506,2.573136,2.573136,2.573136,2.573136,2.573136,2.573136,udp,0.0,,cs0,,63.0,,1.0,,Status,2,2,0,84,84,0,42.0,0.0,130.579956,130.579956,0.0,0,0,0,0.0,,,0.388631,0.388631,0.0,REQ,,,,,0.0,0.0,0.0,0
365565,2.577396,2.577396,2.577396,2.577396,2.577396,2.577396,udp,0.0,,cs0,,63.0,,1.0,,Status,2,2,0,84,84,0,42.0,0.0,130.364136,130.364136,0.0,0,0,0,0.0,,,0.387989,0.387989,0.0,REQ,,,,,0.0,0.0,0.0,0
365611,0.0,0.0,0.0,0.0,0.0,0.0,udp,0.0,,cs0,,63.0,,1.0,,Status,1,1,0,42,42,0,42.0,0.0,0.0,0.0,0.0,0,0,0,0.0,,,0.0,0.0,0.0,REQ,,,,,0.0,0.0,0.0,0
365615,2.568984,2.568984,2.568984,2.568984,2.568984,2.568984,udp,0.0,,cs0,,63.0,,1.0,,Status,2,2,0,84,84,0,42.0,0.0,130.791,130.791,0.0,0,0,0,0.0,,,0.389259,0.389259,0.0,REQ,,,,,0.0,0.0,0.0,0
365662,0.0,0.0,0.0,0.0,0.0,0.0,udp,0.0,,cs0,,63.0,,1.0,,Status,1,1,0,42,42,0,42.0,0.0,0.0,0.0,0.0,0,0,0,0.0,,,0.0,0.0,0.0,REQ,,,,,0.0,0.0,0.0,0
365730,2.572657,2.572657,2.572657,2.572657,2.572657,2.572657,udp,0.0,,cs0,,63.0,,1.0,,Status,2,2,0,84,84,0,42.0,0.0,130.604263,130.604263,0.0,0,0,0,0.0,,,0.388703,0.388703,0.0,REQ,,,,,0.0,0.0,0.0,0
365738,2.572675,2.572675,2.572675,2.572675,2.572675,2.572675,udp,0.0,,cs0,,63.0,,1.0,,Status,2,2,0,84,84,0,42.0,0.0,130.603363,130.603363,0.0,0,0,0,0.0,,,0.3887,0.3887,0.0,REQ,,,,,0.0,0.0,0.0,0
365842,0.0,0.0,0.0,0.0,0.0,0.0,udp,0.0,,cs0,,63.0,,1.0,,Status,1,1,0,42,42,0,42.0,0.0,0.0,0.0,0.0,0,0,0,0.0,,,0.0,0.0,0.0,REQ,,,,,0.0,0.0,0.0,0
365867,2.564815,2.564815,2.564815,2.564815,2.564815,2.564815,udp,0.0,,cs0,,63.0,,1.0,,Status,2,2,0,84,84,0,42.0,0.0,131.003601,131.003601,0.0,0,0,0,0.0,,,0.389892,0.389892,0.0,REQ,,,,,0.0,0.0,0.0,0
365894,0.0,0.0,0.0,0.0,0.0,0.0,udp,0.0,,cs0,,63.0,,1.0,,Status,1,1,0,42,42,0,42.0,0.0,0.0,0.0,0.0,0,0,0,0.0,,,0.0,0.0,0.0,REQ,,,,,0.0,0.0,0.0,0
365978,0.0,0.0,0.0,0.0,0.0,0.0,udp,0.0,,cs0,,63.0,,1.0,,Status,1,1,0,42,42,0,42.0,0.0,0.0,0.0,0.0,0,0,0,0.0,,,0.0,0.0,0.0,REQ,,,,,0.0,0.0,0.0,0
365984,0.0,0.0,0.0,0.0,0.0,0.0,udp,0.0,,cs0,,63.0,,1.0,,Status,1,1,0,42,42,0,42.0,0.0,0.0,0.0,0.0,0,0,0,0.0,,,0.0,0.0,0.0,REQ,,,,,0.0,0.0,0.0,0
365992,2.579147,2.579147,2.579147,2.579147,2.579147,2.579147,udp,0.0,,cs0,,63.0,,1.0,,Status,2,2,0,84,84,0,42.0,0.0,130.27562,130.27562,0.0,0,0,0,0.0,,,0.387725,0.387725,0.0,REQ,,,,,0.0,0.0,0.0,0
365996,2.57816,2.57816,2.57816,2.57816,2.57816,2.57816,udp,0.0,,cs0,,63.0,,1.0,,Status,2,2,0,84,84,0,42.0,0.0,130.3255,130.3255,0.0,0,0,0,0.0,,,0.387874,0.387874,0.0,REQ,,,,,0.0,0.0,0.0,0
366041,2.579963,2.579963,2.579963,2.579963,2.579963,2.579963,udp,0.0,,cs0,,63.0,,1.0,,Status,2,2,0,84,84,0,42.0,0.0,130.234421,130.234421,0.0,0,0,0,0.0,,,0.387602,0.387602,0.0,REQ,,,,,0.0,0.0,0.0,0
366043,2.578947,2.578947,2.578947,2.578947,2.578947,2.578947,udp,0.0,,cs0,,63.0,,1.0,,Status,2,2,0,84,84,0,42.0,0.0,130.285736,130.285736,0.0,0,0,0,0.0,,,0.387755,0.387755,0.0,REQ,,,,,0.0,0.0,0.0,0
366047,2.578034,2.578034,2.578034,2.578034,2.578034,2.578034,udp,0.0,,cs0,,63.0,,1.0,,Status,2,2,0,84,84,0,42.0,0.0,130.331879,130.331879,0.0,0,0,0,0.0,,,0.387892,0.387892,0.0,REQ,,,,,0.0,0.0,0.0,0
366061,0.0,0.0,0.0,0.0,0.0,0.0,udp,0.0,,cs0,,63.0,,1.0,,Status,1,1,0,42,42,0,42.0,0.0,0.0,0.0,0.0,0,0,0,0.0,,,0.0,0.0,0.0,REQ,,,,,0.0,0.0,0.0,0
366089,2.570115,2.570115,2.570115,2.570115,2.570115,2.570115,udp,0.0,,cs0,,63.0,,1.0,,Status,2,2,0,84,84,0,42.0,0.0,130.733444,130.733444,0.0,0,0,0,0.0,,,0.389088,0.389088,0.0,REQ,,,,,0.0,0.0,0.0,0
366102,2.565971,2.565971,2.565971,2.565971,2.565971,2.565971,udp,0.0,,cs0,,63.0,,1.0,,Status,2,2,0,84,84,0,42.0,0.0,130.94458,130.94458,0.0,0,0,0,0.0,,,0.389716,0.389716,0.0,REQ,,,,,0.0,0.0,0.0,0
366112,0.0,0.0,0.0,0.0,0.0,0.0,udp,0.0,,cs0,,63.0,,1.0,,Status,1,1,0,42,42,0,42.0,0.0,0.0,0.0,0.0,0,0,0,0.0,,,0.0,0.0,0.0,REQ,,,,,0.0,0.0,0.0,0
366131,2.569734,2.569734,2.569734,2.569734,2.569734,2.569734,udp,0.0,,cs0,,63.0,,1.0,,Status,2,2,0,84,84,0,42.0,0.0,130.752823,130.752823,0.0,0,0,0,0.0,,,0.389145,0.389145,0.0,REQ,,,,,0.0,0.0,0.0,0
366137,2.569632,2.569632,2.569632,2.569632,2.569632,2.569632,udp,0.0,,cs0,,63.0,,1.0,,Status,2,2,0,84,84,0,42.0,0.0,130.758026,130.758026,0.0,0,0,0,0.0,,,0.389161,0.389161,0.0,REQ,,,,,0.0,0.0,0.0,0
366146,0.0,0.0,0.0,0.0,0.0,0.0,udp,0.0,,cs0,,63.0,,1.0,,Status,1,1,0,42,42,0,42.0,0.0,0.0,0.0,0.0,0,0,0,0.0,,,0.0,0.0,0.0,REQ,,,,,0.0,0.0,0.0,0
366198,2.57369,2.57369,2.57369,2.57369,2.57369,2.57369,udp,0.0,,cs0,,63.0,,1.0,,Status,2,2,0,84,84,0,42.0,0.0,130.551849,130.551849,0.0,0,0,0,0.0,,,0.388547,0.388547,0.0,REQ,,,,,0.0,0.0,0.0,0
366212,0.0,0.0,0.0,0.0,0.0,0.0,udp,0.0,,cs0,,63.0,,1.0,,Status,1,1,0,42,42,0,42.0,0.0,0.0,0.0,0.0,0,0,0,0.0,,,0.0,0.0,0.0,REQ,,,,,0.0,0.0,0.0,0
366357,0.0,0.0,0.0,0.0,0.0,0.0,udp,0.0,,cs0,,63.0,,1.0,,Status,1,1,0,42,42,0,42.0,0.0,0.0,0.0,0.0,0,0,0,0.0,,,0.0,0.0,0.0,REQ,,,,,0.0,0.0,0.0,0
366368,2.571951,2.571951,2.571951,2.571951,2.571951,2.571951,udp,0.0,,cs0,,63.0,,1.0,,Status,2,2,0,84,84,0,42.0,0.0,130.640137,130.640137,0.0,0,0,0,0.0,,,0.38881,0.38881,0.0,REQ,,,,,0.0,0.0,0.0,0
366371,0.0,0.0,0.0,0.0,0.0,0.0,udp,0.0,,cs0,,63.0,,1.0,,Status,1,1,0,42,42,0,42.0,0.0,0.0,0.0,0.0,0,0,0,0.0,,,0.0,0.0,0.0,REQ,,,,,0.0,0.0,0.0,0
366379,0.0,0.0,0.0,0.0,0.0,0.0,udp,0.0,,cs0,,63.0,,1.0,,Status,1,1,0,42,42,0,42.0,0.0,0.0,0.0,0.0,0,0,0,0.0,,,0.0,0.0,0.0,REQ,,,,,0.0,0.0,0.0,0
366393,0.0,0.0,0.0,0.0,0.0,0.0,udp,0.0,,cs0,,63.0,,1.0,,Status,1,1,0,42,42,0,42.0,0.0,0.0,0.0,0.0,0,0,0,0.0,,,0.0,0.0,0.0,REQ,,,,,0.0,0.0,0.0,0
366424,0.0,0.0,0.0,0.0,0.0,0.0,udp,0.0,,cs0,,63.0,,1.0,,Status,1,1,0,42,42,0,42.0,0.0,0.0,0.0,0.0,0,0,0,0.0,,,0.0,0.0,0.0,REQ,,,,,0.0,0.0,0.0,0
366485,2.575059,2.575059,2.575059,2.575059,2.575059,2.575059,udp,0.0,,cs0,,63.0,,1.0,,Status,2,2,0,84,84,0,42.0,0.0,130.482452,130.482452,0.0,0,0,0,0.0,,,0.388341,0.388341,0.0,REQ,,,,,0.0,0.0,0.0,0
366546,2.574776,2.574776,2.574776,2.574776,2.574776,2.574776,udp,0.0,,cs0,,63.0,,1.0,,Status,2,2,0,84,84,0,42.0,0.0,130.496796,130.496796,0.0,0,0,0,0.0,,,0.388383,0.388383,0.0,REQ,,,,,0.0,0.0,0.0,0
366620,0.0,0.0,0.0,0.0,0.0,0.0,udp,0.0,,cs0,,63.0,,1.0,,Status,1,1,0,42,42,0,42.0,0.0,0.0,0.0,0.0,0,0,0,0.0,,,0.0,0.0,0.0,REQ,,,,,0.0,0.0,0.0,0
366651,0.0,0.0,0.0,0.0,0.0,0.0,udp,0.0,,cs0,,63.0,,1.0,,Status,1,1,0,42,42,0,42.0,0.0,0.0,0.0,0.0,0,0,0,0.0,,,0.0,0.0,0.0,REQ,,,,,0.0,0.0,0.0,0
366654,2.569084,2.569084,2.569084,2.569084,2.569084,2.569084,udp,0.0,,cs0,,63.0,,1.0,,Status,2,2,0,84,84,0,42.0,0.0,130.785919,130.785919,0.0,0,0,0,0.0,,,0.389244,0.389244,0.0,REQ,,,,,0.0,0.0,0.0,0
366691,0.0,0.0,0.0,0.0,0.0,0.0,udp,0.0,,cs0,,63.0,,1.0,,Status,1,1,0,42,42,0,42.0,0.0,0.0,0.0,0.0,0,0,0,0.0,,,0.0,0.0,0.0,REQ,,,,,0.0,0.0,0.0,0
366762,2.571783,2.571783,2.571783,2.571783,2.571783,2.571783,udp,0.0,,cs0,,63.0,,1.0,,Status,2,2,0,84,84,0,42.0,0.0,130.648651,130.648651,0.0,0,0,0,0.0,,,0.388835,0.388835,0.0,REQ,,,,,0.0,0.0,0.0,0
366782,2.56929,2.56929,2.56929,2.56929,2.56929,2.56929,udp,0.0,,cs0,,63.0,,1.0,,Status,2,2,0,84,84,0,42.0,0.0,130.775436,130.775436,0.0,0,0,0,0.0,,,0.389213,0.389213,0.0,REQ,,,,,0.0,0.0,0.0,0
366851,0.0,0.0,0.0,0.0,0.0,0.0,udp,0.0,,cs0,,63.0,,1.0,,Status,1,1,0,42,42,0,42.0,0.0,0.0,0.0,0.0,0,0,0,0.0,,,0.0,0.0,0.0,REQ,,,,,0.0,0.0,0.0,0
366856,0.0,0.0,0.0,0.0,0.0,0.0,udp,0.0,,cs0,,63.0,,1.0,,Status,1,1,0,42,42,0,42.0,0.0,0.0,0.0,0.0,0,0,0,0.0,,,0.0,0.0,0.0,REQ,,,,,0.0,0.0,0.0,0
366859,0.0,0.0,0.0,0.0,0.0,0.0,udp,0.0,,cs0,,63.0,,1.0,,Status,1,1,0,42,42,0,42.0,0.0,0.0,0.0,0.0,0,0,0,0.0,,,0.0,0.0,0.0,REQ,,,,,0.0,0.0,0.0,0
366894,0.0,0.0,0.0,0.0,0.0,0.0,udp,0.0,,cs0,,63.0,,1.0,,Status,1,1,0,42,42,0,42.0,0.0,0.0,0.0,0.0,0,0,0,0.0,,,0.0,0.0,0.0,REQ,,,,,0.0,0.0,0.0,0
366950,0.0,0.0,0.0,0.0,0.0,0.0,udp,0.0,,cs0,,63.0,,1.0,,Status,1,1,0,42,42,0,42.0,0.0,0.0,0.0,0.0,0,0,0,0.0,,,0.0,0.0,0.0,REQ,,,,,0.0,0.0,0.0,0
366952,0.0,0.0,0.0,0.0,0.0,0.0,udp,0.0,,cs0,,63.0,,1.0,,Status,1,1,0,42,42,0,42.0,0.0,0.0,0.0,0.0,0,0,0,0.0,,,0.0,0.0,0.0,REQ,,,,,0.0,0.0,0.0,0
366965,2.573765,2.573765,2.573765,2.573765,2.573765,2.573765,udp,0.0,,cs0,,63.0,,1.0,,Status,2,2,0,84,84,0,42.0,0.0,130.54805,130.54805,0.0,0,0,0,0.0,,,0.388536,0.388536,0.0,REQ,,,,,0.0,0.0,0.0,0
367051,0.0,0.0,0.0,0.0,0.0,0.0,udp,0.0,,cs0,,63.0,,1.0,,Status,1,1,0,42,42,0,42.0,0.0,0.0,0.0,0.0,0,0,0,0.0,,,0.0,0.0,0.0,REQ,,,,,0.0,0.0,0.0,0
367087,0.0,0.0,0.0,0.0,0.0,0.0,udp,0.0,,cs0,,63.0,,1.0,,Status,1,1,0,42,42,0,42.0,0.0,0.0,0.0,0.0,0,0,0,0.0,,,0.0,0.0,0.0,REQ,,,,,0.0,0.0,0.0,0
367109,0.0,0.0,0.0,0.0,0.0,0.0,udp,0.0,,cs0,,63.0,,1.0,,Status,1,1,0,42,42,0,42.0,0.0,0.0,0.0,0.0,0,0,0,0.0,,,0.0,0.0,0.0,REQ,,,,,0.0,0.0,0.0,0
367153,2.57776,2.57776,2.57776,2.57776,2.57776,2.57776,udp,0.0,,cs0,,63.0,,1.0,,Status,2,2,0,84,84,0,42.0,0.0,130.345734,130.345734,0.0,0,0,0,0.0,,,0.387934,0.387934,0.0,REQ,,,,,0.0,0.0,0.0,0
367216,2.575998,2.575998,2.575998,2.575998,2.575998,2.575998,udp,0.0,,cs0,,63.0,,1.0,,Status,2,2,0,84,84,0,42.0,0.0,130.434875,130.434875,0.0,0,0,0,0.0,,,0.388199,0.388199,0.0,REQ,,,,,0.0,0.0,0.0,0
367244,0.0,0.0,0.0,0.0,0.0,0.0,udp,0.0,,cs0,,63.0,,1.0,,Start,1,1,0,42,42,0,42.0,0.0,0.0,0.0,0.0,0,0,0,0.0,,,0.0,0.0,0.0,INT,,,,,0.0,0.0,0.0,0
367262,2.57573,2.57573,2.57573,2.57573,2.57573,2.57573,udp,0.0,,cs0,,63.0,,1.0,,Status,2,2,0,84,84,0,42.0,0.0,130.448456,130.448456,0.0,0,0,0,0.0,,,0.388239,0.388239,0.0,REQ,,,,,0.0,0.0,0.0,0
367285,2.570093,2.570093,2.570093,2.570093,2.570093,2.570093,udp,0.0,,cs0,,63.0,,1.0,,Status,2,2,0,84,84,0,42.0,0.0,130.734573,130.734573,0.0,0,0,0,0.0,,,0.389091,0.389091,0.0,REQ,,,,,0.0,0.0,0.0,0
367303,2.57066,2.57066,2.57066,2.57066,2.57066,2.57066,udp,0.0,,cs0,,63.0,,1.0,,Status,2,2,0,84,84,0,42.0,0.0,130.705734,130.705734,0.0,0,0,0,0.0,,,0.389005,0.389005,0.0,REQ,,,,,0.0,0.0,0.0,0
367323,0.0,0.0,0.0,0.0,0.0,0.0,udp,0.0,,cs0,,63.0,,1.0,,Status,1,1,0,42,42,0,42.0,0.0,0.0,0.0,0.0,0,0,0,0.0,,,0.0,0.0,0.0,REQ,,,,,0.0,0.0,0.0,0
367360,2.571923,2.571923,2.571923,2.571923,2.571923,2.571923,udp,0.0,,cs0,,63.0,,1.0,,Status,2,2,0,84,84,0,42.0,0.0,130.641541,130.641541,0.0,0,0,0,0.0,,,0.388814,0.388814,0.0,REQ,,,,,0.0,0.0,0.0,0
367366,2.573941,2.573941,2.573941,2.573941,2.573941,2.573941,udp,0.0,,cs0,,63.0,,1.0,,Status,2,2,0,84,84,0,42.0,0.0,130.539124,130.539124,0.0,0,0,0,0.0,,,0.388509,0.388509,0.0,REQ,,,,,0.0,0.0,0.0,0
367367,2.573941,2.573941,2.573941,2.573941,2.573941,2.573941,udp,0.0,,cs0,,63.0,,1.0,,Status,2,2,0,84,84,0,42.0,0.0,130.539124,130.539124,0.0,0,0,0,0.0,,,0.388509,0.388509,0.0,REQ,,,,,0.0,0.0,0.0,0
367378,0.0,0.0,0.0,0.0,0.0,0.0,udp,0.0,,cs0,,63.0,,1.0,,Status,1,1,0,42,42,0,42.0,0.0,0.0,0.0,0.0,0,0,0,0.0,,,0.0,0.0,0.0,REQ,,,,,0.0,0.0,0.0,0
367421,0.0,0.0,0.0,0.0,0.0,0.0,udp,0.0,,cs0,,63.0,,1.0,,Status,1,1,0,42,42,0,42.0,0.0,0.0,0.0,0.0,0,0,0,0.0,,,0.0,0.0,0.0,REQ,,,,,0.0,0.0,0.0,0
367426,2.572034,2.572034,2.572034,2.572034,2.572034,2.572034,udp,0.0,,cs0,,63.0,,1.0,,Status,2,2,0,84,84,0,42.0,0.0,130.63591,130.63591,0.0,0,0,0,0.0,,,0.388797,0.388797,0.0,REQ,,,,,0.0,0.0,0.0,0
367571,2.571324,2.571324,2.571324,2.571324,2.571324,2.571324,udp,0.0,,cs0,,63.0,,1.0,,Status,2,2,0,84,84,0,42.0,0.0,130.671982,130.671982,0.0,0,0,0,0.0,,,0.388905,0.388905,0.0,REQ,,,,,0.0,0.0,0.0,0
367631,2.575002,2.575002,2.575002,2.575002,2.575002,2.575002,udp,0.0,,cs0,,63.0,,1.0,,Status,2,2,0,84,84,0,42.0,0.0,130.485336,130.485336,0.0,0,0,0,0.0,,,0.388349,0.388349,0.0,REQ,,,,,0.0,0.0,0.0,0
367644,2.570866,2.570866,2.570866,2.570866,2.570866,2.570866,udp,0.0,,cs0,,63.0,,1.0,,Status,2,2,0,84,84,0,42.0,0.0,130.695251,130.695251,0.0,0,0,0,0.0,,,0.388974,0.388974,0.0,REQ,,,,,0.0,0.0,0.0,0
367687,2.571883,2.571883,2.571883,2.571883,2.571883,2.571883,udp,0.0,,cs0,,63.0,,1.0,,Status,2,2,0,84,84,0,42.0,0.0,130.643585,130.643585,0.0,0,0,0,0.0,,,0.38882,0.38882,0.0,REQ,,,,,0.0,0.0,0.0,0
367760,0.0,0.0,0.0,0.0,0.0,0.0,udp,0.0,,cs0,,63.0,,1.0,,Status,1,1,0,42,42,0,42.0,0.0,0.0,0.0,0.0,0,0,0,0.0,,,0.0,0.0,0.0,REQ,,,,,0.0,0.0,0.0,0
367811,2.574069,2.574069,2.574069,2.574069,2.574069,2.574069,udp,0.0,,cs0,,63.0,,1.0,,Status,2,2,0,84,84,0,42.0,0.0,130.532623,130.532623,0.0,0,0,0,0.0,,,0.38849,0.38849,0.0,REQ,,,,,0.0,0.0,0.0,0
367847,2.574116,2.574116,2.574116,2.574116,2.574116,2.574116,udp,0.0,,cs0,,63.0,,1.0,,Status,2,2,0,84,84,0,42.0,0.0,130.530243,130.530243,0.0,0,0,0,0.0,,,0.388483,0.388483,0.0,REQ,,,,,0.0,0.0,0.0,0
367862,2.574045,2.574045,2.574045,2.574045,2.574045,2.574045,udp,0.0,,cs0,,63.0,,1.0,,Status,2,2,0,84,84,0,42.0,0.0,130.533844,130.533844,0.0,0,0,0,0.0,,,0.388494,0.388494,0.0,REQ,,,,,0.0,0.0,0.0,0
367943,0.0,0.0,0.0,0.0,0.0,0.0,udp,0.0,,cs0,,63.0,,1.0,,Start,1,1,0,42,42,0,42.0,0.0,0.0,0.0,0.0,0,0,0,0.0,,,0.0,0.0,0.0,INT,,,,,0.0,0.0,0.0,0
367966,2.571873,2.571873,2.571873,2.571873,2.571873,2.571873,udp,0.0,,cs0,,63.0,,1.0,,Status,2,2,0,84,84,0,42.0,0.0,130.644089,130.644089,0.0,0,0,0,0.0,,,0.388822,0.388822,0.0,REQ,,,,,0.0,0.0,0.0,0
367970,2.572883,2.572883,2.572883,2.572883,2.572883,2.572883,udp,0.0,,cs0,,63.0,,1.0,,Start,2,2,0,84,84,0,42.0,0.0,130.592804,130.592804,0.0,0,0,0,0.0,,,0.388669,0.388669,0.0,INT,,,,,0.0,0.0,0.0,0
368029,0.0,0.0,0.0,0.0,0.0,0.0,udp,0.0,,cs0,,63.0,,1.0,,Status,1,1,0,42,42,0,42.0,0.0,0.0,0.0,0.0,0,0,0,0.0,,,0.0,0.0,0.0,REQ,,,,,0.0,0.0,0.0,0
368041,0.0,0.0,0.0,0.0,0.0,0.0,udp,0.0,,cs0,,63.0,,1.0,,Status,1,1,0,42,42,0,42.0,0.0,0.0,0.0,0.0,0,0,0,0.0,,,0.0,0.0,0.0,REQ,,,,,0.0,0.0,0.0,0
368111,0.0,0.0,0.0,0.0,0.0,0.0,udp,0.0,,cs0,,63.0,,1.0,,Status,1,1,0,42,42,0,42.0,0.0,0.0,0.0,0.0,0,0,0,0.0,,,0.0,0.0,0.0,REQ,,,,,0.0,0.0,0.0,0
368156,0.0,0.0,0.0,0.0,0.0,0.0,udp,0.0,,cs0,,63.0,,1.0,,Status,1,1,0,42,42,0,42.0,0.0,0.0,0.0,0.0,0,0,0,0.0,,,0.0,0.0,0.0,REQ,,,,,0.0,0.0,0.0,0
368206,2.572365,2.572365,2.572365,2.572365,2.572365,2.572365,udp,0.0,,cs0,,63.0,,1.0,,Status,2,2,0,84,84,0,42.0,0.0,130.619095,130.619095,0.0,0,0,0,0.0,,,0.388747,0.388747,0.0,REQ,,,,,0.0,0.0,0.0,0
368360,2.569989,2.569989,2.569989,2.569989,2.569989,2.569989,udp,0.0,,cs0,,63.0,,1.0,,Status,2,2,0,84,84,0,42.0,0.0,130.739868,130.739868,0.0,0,0,0,0.0,,,0.389107,0.389107,0.0,REQ,,,,,0.0,0.0,0.0,0
368362,2.56999,2.56999,2.56999,2.56999,2.56999,2.56999,udp,0.0,,cs0,,63.0,,1.0,,Status,2,2,0,84,84,0,42.0,0.0,130.739807,130.739807,0.0,0,0,0,0.0,,,0.389107,0.389107,0.0,REQ,,,,,0.0,0.0,0.0,0
368366,2.569978,2.569978,2.569978,2.569978,2.569978,2.569978,udp,0.0,,cs0,,63.0,,1.0,,Status,2,2,0,84,84,0,42.0,0.0,130.740417,130.740417,0.0,0,0,0,0.0,,,0.389108,0.389108,0.0,REQ,,,,,0.0,0.0,0.0,0
368387,2.573301,2.573301,2.573301,2.573301,2.573301,2.573301,udp,0.0,,cs0,,63.0,,1.0,,Status,2,2,0,84,84,0,42.0,0.0,130.571579,130.571579,0.0,0,0,0,0.0,,,0.388606,0.388606,0.0,REQ,,,,,0.0,0.0,0.0,0
368477,2.57409,2.57409,2.57409,2.57409,2.57409,2.57409,udp,0.0,,cs0,,63.0,,1.0,,Status,2,2,0,84,84,0,42.0,0.0,130.53157,130.53157,0.0,0,0,0,0.0,,,0.388487,0.388487,0.0,REQ,,,,,0.0,0.0,0.0,0
368523,0.0,0.0,0.0,0.0,0.0,0.0,udp,0.0,,cs0,,63.0,,1.0,,Status,1,1,0,42,42,0,42.0,0.0,0.0,0.0,0.0,0,0,0,0.0,,,0.0,0.0,0.0,REQ,,,,,0.0,0.0,0.0,0
368532,2.571226,2.571226,2.571226,2.571226,2.571226,2.571226,udp,0.0,,cs0,,63.0,,1.0,,Status,2,2,0,84,84,0,42.0,0.0,130.676971,130.676971,0.0,0,0,0,0.0,,,0.38892,0.38892,0.0,REQ,,,,,0.0,0.0,0.0,0
368564,2.573167,2.573167,2.573167,2.573167,2.573167,2.573167,udp,0.0,,cs0,,63.0,,1.0,,Status,2,2,0,84,84,0,42.0,0.0,130.578384,130.578384,0.0,0,0,0,0.0,,,0.388626,0.388626,0.0,REQ,,,,,0.0,0.0,0.0,0
368653,2.572736,2.572736,2.572736,2.572736,2.572736,2.572736,udp,0.0,,cs0,,63.0,,1.0,,Status,2,2,0,84,84,0,42.0,0.0,130.600266,130.600266,0.0,0,0,0,0.0,,,0.388691,0.388691,0.0,REQ,,,,,0.0,0.0,0.0,0
368681,0.0,0.0,0.0,0.0,0.0,0.0,udp,0.0,,cs0,,63.0,,1.0,,Status,1,1,0,42,42,0,42.0,0.0,0.0,0.0,0.0,0,0,0,0.0,,,0.0,0.0,0.0,REQ,,,,,0.0,0.0,0.0,0
368741,2.57218,2.57218,2.57218,2.57218,2.57218,2.57218,udp,0.0,,cs0,,63.0,,1.0,,Status,2,2,0,84,84,0,42.0,0.0,130.628494,130.628494,0.0,0,0,0,0.0,,,0.388775,0.388775,0.0,REQ,,,,,0.0,0.0,0.0,0
368757,2.573762,2.573762,2.573762,2.573762,2.573762,2.573762,udp,0.0,,cs0,,63.0,,1.0,,Status,2,2,0,84,84,0,42.0,0.0,130.548203,130.548203,0.0,0,0,0,0.0,,,0.388536,0.388536,0.0,REQ,,,,,0.0,0.0,0.0,0
368791,2.572104,2.572104,2.572104,2.572104,2.572104,2.572104,udp,0.0,,cs0,,63.0,,1.0,,Status,2,2,0,84,84,0,42.0,0.0,130.632355,130.632355,0.0,0,0,0,0.0,,,0.388787,0.388787,0.0,REQ,,,,,0.0,0.0,0.0,0
368813,0.0,0.0,0.0,0.0,0.0,0.0,udp,0.0,,cs0,,63.0,,1.0,,Status,1,1,0,42,42,0,42.0,0.0,0.0,0.0,0.0,0,0,0,0.0,,,0.0,0.0,0.0,REQ,,,,,0.0,0.0,0.0,0
368857,2.573712,2.573712,2.573712,2.573712,2.573712,2.573712,udp,0.0,,cs0,,63.0,,1.0,,Status,2,2,0,84,84,0,42.0,0.0,130.550735,130.550735,0.0,0,0,0,0.0,,,0.388544,0.388544,0.0,REQ,,,,,0.0,0.0,0.0,0
368869,2.57358,2.57358,2.57358,2.57358,2.57358,2.57358,udp,0.0,,cs0,,63.0,,1.0,,Status,2,2,0,84,84,0,42.0,0.0,130.557434,130.557434,0.0,0,0,0,0.0,,,0.388564,0.388564,0.0,REQ,,,,,0.0,0.0,0.0,0
368880,2.573634,2.573634,2.573634,2.573634,2.573634,2.573634,udp,0.0,,cs0,,63.0,,1.0,,Status,2,2,0,84,84,0,42.0,0.0,130.554703,130.554703,0.0,0,0,0,0.0,,,0.388556,0.388556,0.0,REQ,,,,,0.0,0.0,0.0,0
368965,0.0,0.0,0.0,0.0,0.0,0.0,udp,0.0,,cs0,,63.0,,1.0,,Status,1,1,0,42,42,0,42.0,0.0,0.0,0.0,0.0,0,0,0,0.0,,,0.0,0.0,0.0,REQ,,,,,0.0,0.0,0.0,0
369056,2.568269,2.568269,2.568269,2.568269,2.568269,2.568269,udp,0.0,,cs0,,63.0,,1.0,,Status,2,2,0,84,84,0,42.0,0.0,130.827423,130.827423,0.0,0,0,0,0.0,,,0.389367,0.389367,0.0,REQ,,,,,0.0,0.0,0.0,0
369096,0.0,0.0,0.0,0.0,0.0,0.0,udp,0.0,,cs0,,63.0,,1.0,,Status,1,1,0,42,42,0,42.0,0.0,0.0,0.0,0.0,0,0,0,0.0,,,0.0,0.0,0.0,REQ,,,,,0.0,0.0,0.0,0
369182,0.0,0.0,0.0,0.0,0.0,0.0,udp,0.0,,cs0,,63.0,,1.0,,Status,1,1,0,42,42,0,42.0,0.0,0.0,0.0,0.0,0,0,0,0.0,,,0.0,0.0,0.0,REQ,,,,,0.0,0.0,0.0,0
369329,2.577912,2.577912,2.577912,2.577912,2.577912,2.577912,udp,0.0,,cs0,,63.0,,1.0,,Status,2,2,0,84,84,0,42.0,0.0,130.338043,130.338043,0.0,0,0,0,0.0,,,0.387911,0.387911,0.0,REQ,,,,,0.0,0.0,0.0,0
369412,0.0,0.0,0.0,0.0,0.0,0.0,udp,0.0,,cs0,,63.0,,1.0,,Status,1,1,0,42,42,0,42.0,0.0,0.0,0.0,0.0,0,0,0,0.0,,,0.0,0.0,0.0,REQ,,,,,0.0,0.0,0.0,0
369418,0.0,0.0,0.0,0.0,0.0,0.0,udp,0.0,,cs0,,63.0,,1.0,,Status,1,1,0,42,42,0,42.0,0.0,0.0,0.0,0.0,0,0,0,0.0,,,0.0,0.0,0.0,REQ,,,,,0.0,0.0,0.0,0
369506,0.0,0.0,0.0,0.0,0.0,0.0,udp,0.0,,cs0,,63.0,,1.0,,Status,1,1,0,42,42,0,42.0,0.0,0.0,0.0,0.0,0,0,0,0.0,,,0.0,0.0,0.0,REQ,,,,,0.0,0.0,0.0,0
369633,2.573453,2.573453,2.573453,2.573453,2.573453,2.573453,udp,0.0,,cs0,,63.0,,1.0,,Status,2,2,0,84,84,0,42.0,0.0,130.563873,130.563873,0.0,0,0,0,0.0,,,0.388583,0.388583,0.0,REQ,,,,,0.0,0.0,0.0,0
369637,0.0,0.0,0.0,0.0,0.0,0.0,udp,0.0,,cs0,,63.0,,1.0,,Status,1,1,0,42,42,0,42.0,0.0,0.0,0.0,0.0,0,0,0,0.0,,,0.0,0.0,0.0,REQ,,,,,0.0,0.0,0.0,0
369688,2.576384,2.576384,2.576384,2.576384,2.576384,2.576384,udp,0.0,,cs0,,63.0,,1.0,,Status,2,2,0,84,84,0,42.0,0.0,130.415344,130.415344,0.0,0,0,0,0.0,,,0.388141,0.388141,0.0,REQ,,,,,0.0,0.0,0.0,0
369720,0.0,0.0,0.0,0.0,0.0,0.0,udp,0.0,,cs0,,63.0,,1.0,,Status,1,1,0,42,42,0,42.0,0.0,0.0,0.0,0.0,0,0,0,0.0,,,0.0,0.0,0.0,REQ,,,,,0.0,0.0,0.0,0
369771,0.0,0.0,0.0,0.0,0.0,0.0,udp,0.0,,cs0,,63.0,,1.0,,Status,1,1,0,42,42,0,42.0,0.0,0.0,0.0,0.0,0,0,0,0.0,,,0.0,0.0,0.0,REQ,,,,,0.0,0.0,0.0,0
369774,0.0,0.0,0.0,0.0,0.0,0.0,udp,0.0,,cs0,,63.0,,1.0,,Status,1,1,0,42,42,0,42.0,0.0,0.0,0.0,0.0,0,0,0,0.0,,,0.0,0.0,0.0,REQ,,,,,0.0,0.0,0.0,0
369804,2.571269,2.571269,2.571269,2.571269,2.571269,2.571269,udp,0.0,,cs0,,63.0,,1.0,,Status,2,2,0,84,84,0,42.0,0.0,130.674774,130.674774,0.0,0,0,0,0.0,,,0.388913,0.388913,0.0,REQ,,,,,0.0,0.0,0.0,0
369828,0.0,0.0,0.0,0.0,0.0,0.0,udp,0.0,,cs0,,63.0,,1.0,,Status,1,1,0,42,42,0,42.0,0.0,0.0,0.0,0.0,0,0,0,0.0,,,0.0,0.0,0.0,REQ,,,,,0.0,0.0,0.0,0
369854,0.0,0.0,0.0,0.0,0.0,0.0,udp,0.0,,cs0,,63.0,,1.0,,Status,1,1,0,42,42,0,42.0,0.0,0.0,0.0,0.0,0,0,0,0.0,,,0.0,0.0,0.0,REQ,,,,,0.0,0.0,0.0,0
369866,0.0,0.0,0.0,0.0,0.0,0.0,udp,0.0,,cs0,,63.0,,1.0,,Start,1,1,0,42,42,0,42.0,0.0,0.0,0.0,0.0,0,0,0,0.0,,,0.0,0.0,0.0,INT,,,,,0.0,0.0,0.0,0
369894,2.578117,2.578117,2.578117,2.578117,2.578117,2.578117,udp,0.0,,cs0,,63.0,,1.0,,Status,2,2,0,84,84,0,42.0,0.0,130.327682,130.327682,0.0,0,0,0,0.0,,,0.38788,0.38788,0.0,REQ,,,,,0.0,0.0,0.0,0
369913,2.572099,2.572099,2.572099,2.572099,2.572099,2.572099,udp,0.0,,cs0,,63.0,,1.0,,Start,2,2,0,84,84,0,42.0,0.0,130.632614,130.632614,0.0,0,0,0,0.0,,,0.388788,0.388788,0.0,INT,,,,,0.0,0.0,0.0,0
369933,0.0,0.0,0.0,0.0,0.0,0.0,udp,0.0,,cs0,,63.0,,1.0,,Status,1,1,0,42,42,0,42.0,0.0,0.0,0.0,0.0,0,0,0,0.0,,,0.0,0.0,0.0,REQ,,,,,0.0,0.0,0.0,0
370002,0.0,0.0,0.0,0.0,0.0,0.0,udp,0.0,,cs0,,63.0,,1.0,,Status,1,1,0,42,42,0,42.0,0.0,0.0,0.0,0.0,0,0,0,0.0,,,0.0,0.0,0.0,REQ,,,,,0.0,0.0,0.0,0
370022,0.0,0.0,0.0,0.0,0.0,0.0,udp,0.0,,cs0,,63.0,,1.0,,Status,1,1,0,42,42,0,42.0,0.0,0.0,0.0,0.0,0,0,0,0.0,,,0.0,0.0,0.0,REQ,,,,,0.0,0.0,0.0,0
370035,2.572223,2.572223,2.572223,2.572223,2.572223,2.572223,udp,0.0,,cs0,,63.0,,1.0,,Status,2,2,0,84,84,0,42.0,0.0,130.626312,130.626312,0.0,0,0,0,0.0,,,0.388769,0.388769,0.0,REQ,,,,,0.0,0.0,0.0,0
370076,0.0,0.0,0.0,0.0,0.0,0.0,udp,0.0,,cs0,,63.0,,1.0,,Status,1,1,0,42,42,0,42.0,0.0,0.0,0.0,0.0,0,0,0,0.0,,,0.0,0.0,0.0,REQ,,,,,0.0,0.0,0.0,0
370138,0.0,0.0,0.0,0.0,0.0,0.0,udp,0.0,,cs0,,63.0,,1.0,,Status,1,1,0,42,42,0,42.0,0.0,0.0,0.0,0.0,0,0,0,0.0,,,0.0,0.0,0.0,REQ,,,,,0.0,0.0,0.0,0
370300,2.571892,2.571892,2.571892,2.571892,2.571892,2.571892,udp,0.0,,cs0,,63.0,,1.0,,Status,2,2,0,84,84,0,42.0,0.0,130.643127,130.643127,0.0,0,0,0,0.0,,,0.388819,0.388819,0.0,REQ,,,,,0.0,0.0,0.0,0
370345,2.570079,2.570079,2.570079,2.570079,2.570079,2.570079,udp,0.0,,cs0,,63.0,,1.0,,Status,2,2,0,84,84,0,42.0,0.0,130.735275,130.735275,0.0,0,0,0,0.0,,,0.389093,0.389093,0.0,REQ,,,,,0.0,0.0,0.0,0
370358,2.5716,2.5716,2.5716,2.5716,2.5716,2.5716,udp,0.0,,cs0,,63.0,,1.0,,Start,2,2,0,84,84,0,42.0,0.0,130.657959,130.657959,0.0,0,0,0,0.0,,,0.388863,0.388863,0.0,INT,,,,,0.0,0.0,0.0,0
370415,0.0,0.0,0.0,0.0,0.0,0.0,udp,0.0,,cs0,,63.0,,1.0,,Status,1,1,0,42,42,0,42.0,0.0,0.0,0.0,0.0,0,0,0,0.0,,,0.0,0.0,0.0,REQ,,,,,0.0,0.0,0.0,0
370480,2.570881,2.570881,2.570881,2.570881,2.570881,2.570881,udp,0.0,,cs0,,63.0,,1.0,,Status,2,2,0,84,84,0,42.0,0.0,130.694504,130.694504,0.0,0,0,0,0.0,,,0.388972,0.388972,0.0,REQ,,,,,0.0,0.0,0.0,0
370492,2.570924,2.570924,2.570924,2.570924,2.570924,2.570924,udp,0.0,,cs0,,63.0,,1.0,,Status,2,2,0,84,84,0,42.0,0.0,130.692307,130.692307,0.0,0,0,0,0.0,,,0.388965,0.388965,0.0,REQ,,,,,0.0,0.0,0.0,0
370499,2.570937,2.570937,2.570937,2.570937,2.570937,2.570937,udp,0.0,,cs0,,63.0,,1.0,,Status,2,2,0,84,84,0,42.0,0.0,130.69165,130.69165,0.0,0,0,0,0.0,,,0.388963,0.388963,0.0,REQ,,,,,0.0,0.0,0.0,0
370521,2.575849,2.575849,2.575849,2.575849,2.575849,2.575849,udp,0.0,,cs0,,63.0,,1.0,,Status,2,2,0,84,84,0,42.0,0.0,130.442429,130.442429,0.0,0,0,0,0.0,,,0.388222,0.388222,0.0,REQ,,,,,0.0,0.0,0.0,0
370556,0.0,0.0,0.0,0.0,0.0,0.0,udp,0.0,,cs0,,63.0,,1.0,,Status,1,1,0,42,42,0,42.0,0.0,0.0,0.0,0.0,0,0,0,0.0,,,0.0,0.0,0.0,REQ,,,,,0.0,0.0,0.0,0
370635,2.578883,2.578883,2.578883,2.578883,2.578883,2.578883,udp,0.0,,cs0,,63.0,,1.0,,Status,2,2,0,84,84,0,42.0,0.0,130.288971,130.288971,0.0,0,0,0,0.0,,,0.387765,0.387765,0.0,REQ,,,,,0.0,0.0,0.0,0
370661,0.0,0.0,0.0,0.0,0.0,0.0,udp,0.0,,cs0,,63.0,,1.0,,Status,1,1,0,42,42,0,42.0,0.0,0.0,0.0,0.0,0,0,0,0.0,,,0.0,0.0,0.0,REQ,,,,,0.0,0.0,0.0,0
370690,2.578287,2.578287,2.578287,2.578287,2.578287,2.578287,udp,0.0,,cs0,,63.0,,1.0,,Status,2,2,0,84,84,0,42.0,0.0,130.319092,130.319092,0.0,0,0,0,0.0,,,0.387854,0.387854,0.0,REQ,,,,,0.0,0.0,0.0,0
370697,0.0,0.0,0.0,0.0,0.0,0.0,udp,0.0,,cs0,,63.0,,1.0,,Status,1,1,0,42,42,0,42.0,0.0,0.0,0.0,0.0,0,0,0,0.0,,,0.0,0.0,0.0,REQ,,,,,0.0,0.0,0.0,0
370791,2.583112,2.583112,2.583112,2.583112,2.583112,2.583112,udp,0.0,,cs0,,63.0,,1.0,,Status,2,2,0,84,84,0,42.0,0.0,130.075653,130.075653,0.0,0,0,0,0.0,,,0.38713,0.38713,0.0,REQ,,,,,0.0,0.0,0.0,0
370824,2.579293,2.579293,2.579293,2.579293,2.579293,2.579293,udp,0.0,,cs0,,63.0,,1.0,,Status,2,2,0,84,84,0,42.0,0.0,130.26825,130.26825,0.0,0,0,0,0.0,,,0.387703,0.387703,0.0,REQ,,,,,0.0,0.0,0.0,0
370930,0.0,0.0,0.0,0.0,0.0,0.0,udp,0.0,,cs0,,63.0,,1.0,,Status,1,1,0,42,42,0,42.0,0.0,0.0,0.0,0.0,0,0,0,0.0,,,0.0,0.0,0.0,REQ,,,,,0.0,0.0,0.0,0
370952,2.578632,2.578632,2.578632,2.578632,2.578632,2.578632,udp,0.0,,cs0,,63.0,,1.0,,Status,2,2,0,84,84,0,42.0,0.0,130.301636,130.301636,0.0,0,0,0,0.0,,,0.387803,0.387803,0.0,REQ,,,,,0.0,0.0,0.0,0
370975,2.580644,2.580644,2.580644,2.580644,2.580644,2.580644,udp,0.0,,cs0,,63.0,,1.0,,Status,2,2,0,84,84,0,42.0,0.0,130.200058,130.200058,0.0,0,0,0,0.0,,,0.3875,0.3875,0.0,REQ,,,,,0.0,0.0,0.0,0
371023,2.577093,2.577093,2.577093,2.577093,2.577093,2.577093,udp,0.0,,cs0,,63.0,,1.0,,Status,2,2,0,84,84,0,42.0,0.0,130.379471,130.379471,0.0,0,0,0,0.0,,,0.388034,0.388034,0.0,REQ,,,,,0.0,0.0,0.0,0
371045,2.575223,2.575223,2.575223,2.575223,2.575223,2.575223,udp,0.0,,cs0,,63.0,,1.0,,Status,2,2,0,84,84,0,42.0,0.0,130.474136,130.474136,0.0,0,0,0,0.0,,,0.388316,0.388316,0.0,REQ,,,,,0.0,0.0,0.0,0
371047,2.575214,2.575214,2.575214,2.575214,2.575214,2.575214,udp,0.0,,cs0,,63.0,,1.0,,Status,2,2,0,84,84,0,42.0,0.0,130.474594,130.474594,0.0,0,0,0,0.0,,,0.388317,0.388317,0.0,REQ,,,,,0.0,0.0,0.0,0
371063,0.0,0.0,0.0,0.0,0.0,0.0,udp,0.0,,cs0,,63.0,,1.0,,Status,1,1,0,42,42,0,42.0,0.0,0.0,0.0,0.0,0,0,0,0.0,,,0.0,0.0,0.0,REQ,,,,,0.0,0.0,0.0,0
371095,0.0,0.0,0.0,0.0,0.0,0.0,udp,0.0,,cs0,,63.0,,1.0,,Start,1,1,0,42,42,0,42.0,0.0,0.0,0.0,0.0,0,0,0,0.0,,,0.0,0.0,0.0,INT,,,,,0.0,0.0,0.0,0
371135,0.0,0.0,0.0,0.0,0.0,0.0,udp,0.0,,cs0,,63.0,,1.0,,Status,1,1,0,42,42,0,42.0,0.0,0.0,0.0,0.0,0,0,0,0.0,,,0.0,0.0,0.0,REQ,,,,,0.0,0.0,0.0,0
371142,2.57491,2.57491,2.57491,2.57491,2.57491,2.57491,udp,0.0,,cs0,,63.0,,1.0,,Status,2,2,0,84,84,0,42.0,0.0,130.490005,130.490005,0.0,0,0,0,0.0,,,0.388363,0.388363,0.0,REQ,,,,,0.0,0.0,0.0,0
371238,0.0,0.0,0.0,0.0,0.0,0.0,udp,0.0,,cs0,,63.0,,1.0,,Status,1,1,0,42,42,0,42.0,0.0,0.0,0.0,0.0,0,0,0,0.0,,,0.0,0.0,0.0,REQ,,,,,0.0,0.0,0.0,0
371244,2.578104,2.578104,2.578104,2.578104,2.578104,2.578104,udp,0.0,,cs0,,63.0,,1.0,,Status,2,2,0,84,84,0,42.0,0.0,130.328339,130.328339,0.0,0,0,0,0.0,,,0.387882,0.387882,0.0,REQ,,,,,0.0,0.0,0.0,0
371263,2.578011,2.578011,2.578011,2.578011,2.578011,2.578011,udp,0.0,,cs0,,63.0,,1.0,,Status,2,2,0,84,84,0,42.0,0.0,130.333038,130.333038,0.0,0,0,0,0.0,,,0.387896,0.387896,0.0,REQ,,,,,0.0,0.0,0.0,0
371266,2.5785,2.5785,2.5785,2.5785,2.5785,2.5785,udp,0.0,,cs0,,63.0,,1.0,,Status,2,2,0,84,84,0,42.0,0.0,130.308319,130.308319,0.0,0,0,0,0.0,,,0.387822,0.387822,0.0,REQ,,,,,0.0,0.0,0.0,0
371272,0.0,0.0,0.0,0.0,0.0,0.0,udp,0.0,,cs0,,63.0,,1.0,,Status,1,1,0,42,42,0,42.0,0.0,0.0,0.0,0.0,0,0,0,0.0,,,0.0,0.0,0.0,REQ,,,,,0.0,0.0,0.0,0
371286,2.58113,2.58113,2.58113,2.58113,2.58113,2.58113,udp,0.0,,cs0,,63.0,,1.0,,Status,2,2,0,84,84,0,42.0,0.0,130.175537,130.175537,0.0,0,0,0,0.0,,,0.387427,0.387427,0.0,REQ,,,,,0.0,0.0,0.0,0
371408,2.57582,2.57582,2.57582,2.57582,2.57582,2.57582,udp,0.0,,cs0,,63.0,,1.0,,Status,2,2,0,84,84,0,42.0,0.0,130.443893,130.443893,0.0,0,0,0,0.0,,,0.388226,0.388226,0.0,REQ,,,,,0.0,0.0,0.0,0
371426,0.0,0.0,0.0,0.0,0.0,0.0,udp,0.0,,cs0,,63.0,,1.0,,Status,1,1,0,42,42,0,42.0,0.0,0.0,0.0,0.0,0,0,0,0.0,,,0.0,0.0,0.0,REQ,,,,,0.0,0.0,0.0,0
371459,0.0,0.0,0.0,0.0,0.0,0.0,udp,0.0,,cs0,,63.0,,1.0,,Status,1,1,0,42,42,0,42.0,0.0,0.0,0.0,0.0,0,0,0,0.0,,,0.0,0.0,0.0,REQ,,,,,0.0,0.0,0.0,0
371562,0.0,0.0,0.0,0.0,0.0,0.0,udp,0.0,,cs0,,63.0,,1.0,,Status,1,1,0,42,42,0,42.0,0.0,0.0,0.0,0.0,0,0,0,0.0,,,0.0,0.0,0.0,REQ,,,,,0.0,0.0,0.0,0
371569,0.0,0.0,0.0,0.0,0.0,0.0,udp,0.0,,cs0,,63.0,,1.0,,Status,1,1,0,42,42,0,42.0,0.0,0.0,0.0,0.0,0,0,0,0.0,,,0.0,0.0,0.0,REQ,,,,,0.0,0.0,0.0,0
371639,0.0,0.0,0.0,0.0,0.0,0.0,udp,0.0,,cs0,,63.0,,1.0,,Status,1,1,0,42,42,0,42.0,0.0,0.0,0.0,0.0,0,0,0,0.0,,,0.0,0.0,0.0,REQ,,,,,0.0,0.0,0.0,0
371680,2.578938,2.578938,2.578938,2.578938,2.578938,2.578938,udp,0.0,,cs0,,63.0,,1.0,,Status,2,2,0,84,84,0,42.0,0.0,130.286194,130.286194,0.0,0,0,0,0.0,,,0.387756,0.387756,0.0,REQ,,,,,0.0,0.0,0.0,0
371777,2.576863,2.576863,2.576863,2.576863,2.576863,2.576863,udp,0.0,,cs0,,63.0,,1.0,,Status,2,2,0,84,84,0,42.0,0.0,130.391098,130.391098,0.0,0,0,0,0.0,,,0.388069,0.388069,0.0,REQ,,,,,0.0,0.0,0.0,0
371781,0.0,0.0,0.0,0.0,0.0,0.0,udp,0.0,,cs0,,63.0,,1.0,,Status,1,1,0,42,42,0,42.0,0.0,0.0,0.0,0.0,0,0,0,0.0,,,0.0,0.0,0.0,REQ,,,,,0.0,0.0,0.0,0
371803,2.576015,2.576015,2.576015,2.576015,2.576015,2.576015,udp,0.0,,cs0,,63.0,,1.0,,Status,2,2,0,84,84,0,42.0,0.0,130.434021,130.434021,0.0,0,0,0,0.0,,,0.388196,0.388196,0.0,REQ,,,,,0.0,0.0,0.0,0
371831,0.0,0.0,0.0,0.0,0.0,0.0,udp,0.0,,cs0,,63.0,,1.0,,Status,1,1,0,42,42,0,42.0,0.0,0.0,0.0,0.0,0,0,0,0.0,,,0.0,0.0,0.0,REQ,,,,,0.0,0.0,0.0,0
371833,0.0,0.0,0.0,0.0,0.0,0.0,udp,0.0,,cs0,,63.0,,1.0,,Status,1,1,0,42,42,0,42.0,0.0,0.0,0.0,0.0,0,0,0,0.0,,,0.0,0.0,0.0,REQ,,,,,0.0,0.0,0.0,0
371856,0.0,0.0,0.0,0.0,0.0,0.0,udp,0.0,,cs0,,63.0,,1.0,,Status,1,1,0,42,42,0,42.0,0.0,0.0,0.0,0.0,0,0,0,0.0,,,0.0,0.0,0.0,REQ,,,,,0.0,0.0,0.0,0
371897,0.0,0.0,0.0,0.0,0.0,0.0,udp,0.0,,cs0,,63.0,,1.0,,Start,1,1,0,42,42,0,42.0,0.0,0.0,0.0,0.0,0,0,0,0.0,,,0.0,0.0,0.0,INT,,,,,0.0,0.0,0.0,0
371948,2.577985,2.577985,2.577985,2.577985,2.577985,2.577985,udp,0.0,,cs0,,63.0,,1.0,,Status,2,2,0,84,84,0,42.0,0.0,130.334351,130.334351,0.0,0,0,0,0.0,,,0.3879,0.3879,0.0,REQ,,,,,0.0,0.0,0.0,0
372005,0.0,0.0,0.0,0.0,0.0,0.0,udp,0.0,,cs0,,63.0,,1.0,,Status,1,1,0,42,42,0,42.0,0.0,0.0,0.0,0.0,0,0,0,0.0,,,0.0,0.0,0.0,REQ,,,,,0.0,0.0,0.0,0
372008,0.0,0.0,0.0,0.0,0.0,0.0,udp,0.0,,cs0,,63.0,,1.0,,Status,1,1,0,42,42,0,42.0,0.0,0.0,0.0,0.0,0,0,0,0.0,,,0.0,0.0,0.0,REQ,,,,,0.0,0.0,0.0,0
372099,2.576914,2.576914,2.576914,2.576914,2.576914,2.576914,udp,0.0,,cs0,,63.0,,1.0,,Status,2,2,0,84,84,0,42.0,0.0,130.388519,130.388519,0.0,0,0,0,0.0,,,0.388061,0.388061,0.0,REQ,,,,,0.0,0.0,0.0,0
372173,0.0,0.0,0.0,0.0,0.0,0.0,udp,0.0,,cs0,,63.0,,1.0,,Status,1,1,0,42,42,0,42.0,0.0,0.0,0.0,0.0,0,0,0,0.0,,,0.0,0.0,0.0,REQ,,,,,0.0,0.0,0.0,0
372193,2.574808,2.574808,2.574808,2.574808,2.574808,2.574808,udp,0.0,,cs0,,63.0,,1.0,,Status,2,2,0,84,84,0,42.0,0.0,130.495178,130.495178,0.0,0,0,0,0.0,,,0.388379,0.388379,0.0,REQ,,,,,0.0,0.0,0.0,0
372332,0.0,0.0,0.0,0.0,0.0,0.0,udp,0.0,,cs0,,63.0,,1.0,,Status,1,1,0,42,42,0,42.0,0.0,0.0,0.0,0.0,0,0,0,0.0,,,0.0,0.0,0.0,REQ,,,,,0.0,0.0,0.0,0
372359,0.0,0.0,0.0,0.0,0.0,0.0,udp,0.0,,cs0,,63.0,,1.0,,Status,1,1,0,42,42,0,42.0,0.0,0.0,0.0,0.0,0,0,0,0.0,,,0.0,0.0,0.0,REQ,,,,,0.0,0.0,0.0,0
372592,2.579558,2.579558,2.579558,2.579558,2.579558,2.579558,udp,0.0,,cs0,,63.0,,1.0,,Status,2,2,0,84,84,0,42.0,0.0,130.254883,130.254883,0.0,0,0,0,0.0,,,0.387663,0.387663,0.0,REQ,,,,,0.0,0.0,0.0,0
372597,2.579126,2.579126,2.579126,2.579126,2.579126,2.579126,udp,0.0,,cs0,,63.0,,1.0,,Status,2,2,0,84,84,0,42.0,0.0,130.276703,130.276703,0.0,0,0,0,0.0,,,0.387728,0.387728,0.0,REQ,,,,,0.0,0.0,0.0,0
372637,0.0,0.0,0.0,0.0,0.0,0.0,udp,0.0,,cs0,,63.0,,1.0,,Status,1,1,0,42,42,0,42.0,0.0,0.0,0.0,0.0,0,0,0,0.0,,,0.0,0.0,0.0,REQ,,,,,0.0,0.0,0.0,0
372638,0.0,0.0,0.0,0.0,0.0,0.0,udp,0.0,,cs0,,63.0,,1.0,,Status,1,1,0,42,42,0,42.0,0.0,0.0,0.0,0.0,0,0,0,0.0,,,0.0,0.0,0.0,REQ,,,,,0.0,0.0,0.0,0
372698,2.57439,2.57439,2.57439,2.57439,2.57439,2.57439,udp,0.0,,cs0,,63.0,,1.0,,Status,2,2,0,84,84,0,42.0,0.0,130.516357,130.516357,0.0,0,0,0,0.0,,,0.388442,0.388442,0.0,REQ,,,,,0.0,0.0,0.0,0
372753,0.0,0.0,0.0,0.0,0.0,0.0,udp,0.0,,cs0,,63.0,,1.0,,Status,1,1,0,42,42,0,42.0,0.0,0.0,0.0,0.0,0,0,0,0.0,,,0.0,0.0,0.0,REQ,,,,,0.0,0.0,0.0,0
372784,0.0,0.0,0.0,0.0,0.0,0.0,udp,0.0,,cs0,,63.0,,1.0,,Status,1,1,0,42,42,0,42.0,0.0,0.0,0.0,0.0,0,0,0,0.0,,,0.0,0.0,0.0,REQ,,,,,0.0,0.0,0.0,0
372785,0.0,0.0,0.0,0.0,0.0,0.0,udp,0.0,,cs0,,63.0,,1.0,,Status,1,1,0,42,42,0,42.0,0.0,0.0,0.0,0.0,0,0,0,0.0,,,0.0,0.0,0.0,REQ,,,,,0.0,0.0,0.0,0
372809,0.0,0.0,0.0,0.0,0.0,0.0,udp,0.0,,cs0,,63.0,,1.0,,Status,1,1,0,42,42,0,42.0,0.0,0.0,0.0,0.0,0,0,0,0.0,,,0.0,0.0,0.0,REQ,,,,,0.0,0.0,0.0,0
372864,2.578504,2.578504,2.578504,2.578504,2.578504,2.578504,udp,0.0,,cs0,,63.0,,1.0,,Status,2,2,0,84,84,0,42.0,0.0,130.308105,130.308105,0.0,0,0,0,0.0,,,0.387822,0.387822,0.0,REQ,,,,,0.0,0.0,0.0,0
372886,2.578756,2.578756,2.578756,2.578756,2.578756,2.578756,udp,0.0,,cs0,,63.0,,1.0,,Status,2,2,0,84,84,0,42.0,0.0,130.29538,130.29538,0.0,0,0,0,0.0,,,0.387784,0.387784,0.0,REQ,,,,,0.0,0.0,0.0,0
373008,2.580844,2.580844,2.580844,2.580844,2.580844,2.580844,udp,0.0,,cs0,,63.0,,1.0,,Status,2,2,0,84,84,0,42.0,0.0,130.189972,130.189972,0.0,0,0,0,0.0,,,0.38747,0.38747,0.0,REQ,,,,,0.0,0.0,0.0,0
373020,2.579277,2.579277,2.579277,2.579277,2.579277,2.579277,udp,0.0,,cs0,,63.0,,1.0,,Status,2,2,0,84,84,0,42.0,0.0,130.269058,130.269058,0.0,0,0,0,0.0,,,0.387706,0.387706,0.0,REQ,,,,,0.0,0.0,0.0,0
373057,0.0,0.0,0.0,0.0,0.0,0.0,udp,0.0,,cs0,,63.0,,1.0,,Status,1,1,0,42,42,0,42.0,0.0,0.0,0.0,0.0,0,0,0,0.0,,,0.0,0.0,0.0,REQ,,,,,0.0,0.0,0.0,0
373244,2.57846,2.57846,2.57846,2.57846,2.57846,2.57846,udp,0.0,,cs0,,63.0,,1.0,,Status,2,2,0,84,84,0,42.0,0.0,130.310349,130.310349,0.0,0,0,0,0.0,,,0.387828,0.387828,0.0,REQ,,,,,0.0,0.0,0.0,0
373326,2.575601,2.575601,2.575601,2.575601,2.575601,2.575601,udp,0.0,,cs0,,63.0,,1.0,,Status,2,2,0,84,84,0,42.0,0.0,130.454987,130.454987,0.0,0,0,0,0.0,,,0.388259,0.388259,0.0,REQ,,,,,0.0,0.0,0.0,0
373363,2.577991,2.577991,2.577991,2.577991,2.577991,2.577991,udp,0.0,,cs0,,63.0,,1.0,,Status,2,2,0,84,84,0,42.0,0.0,130.334045,130.334045,0.0,0,0,0,0.0,,,0.387899,0.387899,0.0,REQ,,,,,0.0,0.0,0.0,0
373365,0.0,0.0,0.0,0.0,0.0,0.0,udp,0.0,,cs0,,63.0,,1.0,,Status,1,1,0,42,42,0,42.0,0.0,0.0,0.0,0.0,0,0,0,0.0,,,0.0,0.0,0.0,REQ,,,,,0.0,0.0,0.0,0
373379,0.0,0.0,0.0,0.0,0.0,0.0,udp,0.0,,cs0,,63.0,,1.0,,Start,1,1,0,42,42,0,42.0,0.0,0.0,0.0,0.0,0,0,0,0.0,,,0.0,0.0,0.0,INT,,,,,0.0,0.0,0.0,0
373521,0.0,0.0,0.0,0.0,0.0,0.0,udp,0.0,,cs0,,63.0,,1.0,,Status,1,1,0,42,42,0,42.0,0.0,0.0,0.0,0.0,0,0,0,0.0,,,0.0,0.0,0.0,REQ,,,,,0.0,0.0,0.0,0
373554,0.0,0.0,0.0,0.0,0.0,0.0,udp,0.0,,cs0,,63.0,,1.0,,Status,1,1,0,42,42,0,42.0,0.0,0.0,0.0,0.0,0,0,0,0.0,,,0.0,0.0,0.0,REQ,,,,,0.0,0.0,0.0,0
373565,2.578145,2.578145,2.578145,2.578145,2.578145,2.578145,udp,0.0,,cs0,,63.0,,1.0,,Status,2,2,0,84,84,0,42.0,0.0,130.326263,130.326263,0.0,0,0,0,0.0,,,0.387876,0.387876,0.0,REQ,,,,,0.0,0.0,0.0,0
373613,0.0,0.0,0.0,0.0,0.0,0.0,udp,0.0,,cs0,,63.0,,1.0,,Status,1,1,0,42,42,0,42.0,0.0,0.0,0.0,0.0,0,0,0,0.0,,,0.0,0.0,0.0,REQ,,,,,0.0,0.0,0.0,0
373645,0.0,0.0,0.0,0.0,0.0,0.0,udp,0.0,,cs0,,63.0,,1.0,,Status,1,1,0,42,42,0,42.0,0.0,0.0,0.0,0.0,0,0,0,0.0,,,0.0,0.0,0.0,REQ,,,,,0.0,0.0,0.0,0
373666,2.576045,2.576045,2.576045,2.576045,2.576045,2.576045,udp,0.0,,cs0,,63.0,,1.0,,Status,2,2,0,84,84,0,42.0,0.0,130.432495,130.432495,0.0,0,0,0,0.0,,,0.388192,0.388192,0.0,REQ,,,,,0.0,0.0,0.0,0
373757,2.575817,2.575817,2.575817,2.575817,2.575817,2.575817,udp,0.0,,cs0,,63.0,,1.0,,Status,2,2,0,84,84,0,42.0,0.0,130.444046,130.444046,0.0,0,0,0,0.0,,,0.388226,0.388226,0.0,REQ,,,,,0.0,0.0,0.0,0
373790,2.579361,2.579361,2.579361,2.579361,2.579361,2.579361,udp,0.0,,cs0,,63.0,,1.0,,Status,2,2,0,84,84,0,42.0,0.0,130.264816,130.264816,0.0,0,0,0,0.0,,,0.387693,0.387693,0.0,REQ,,,,,0.0,0.0,0.0,0
373824,0.0,0.0,0.0,0.0,0.0,0.0,udp,0.0,,cs0,,63.0,,1.0,,Status,1,1,0,42,42,0,42.0,0.0,0.0,0.0,0.0,0,0,0,0.0,,,0.0,0.0,0.0,REQ,,,,,0.0,0.0,0.0,0
373875,2.579889,2.579889,2.579889,2.579889,2.579889,2.579889,udp,0.0,,cs0,,63.0,,1.0,,Status,2,2,0,84,84,0,42.0,0.0,130.238159,130.238159,0.0,0,0,0,0.0,,,0.387614,0.387614,0.0,REQ,,,,,0.0,0.0,0.0,0
373881,2.579882,2.579882,2.579882,2.579882,2.579882,2.579882,udp,0.0,,cs0,,63.0,,1.0,,Status,2,2,0,84,84,0,42.0,0.0,130.238525,130.238525,0.0,0,0,0,0.0,,,0.387615,0.387615,0.0,REQ,,,,,0.0,0.0,0.0,0
373916,2.57882,2.57882,2.57882,2.57882,2.57882,2.57882,udp,0.0,,cs0,,63.0,,1.0,,Status,2,2,0,84,84,0,42.0,0.0,130.292145,130.292145,0.0,0,0,0,0.0,,,0.387774,0.387774,0.0,REQ,,,,,0.0,0.0,0.0,0
373962,0.0,0.0,0.0,0.0,0.0,0.0,udp,0.0,,cs0,,63.0,,1.0,,Status,1,1,0,42,42,0,42.0,0.0,0.0,0.0,0.0,0,0,0,0.0,,,0.0,0.0,0.0,REQ,,,,,0.0,0.0,0.0,0
373986,2.579789,2.579789,2.579789,2.579789,2.579789,2.579789,udp,0.0,,cs0,,63.0,,1.0,,Status,2,2,0,84,84,0,42.0,0.0,130.24321,130.24321,0.0,0,0,0,0.0,,,0.387629,0.387629,0.0,REQ,,,,,0.0,0.0,0.0,0
373997,2.580869,2.580869,2.580869,2.580869,2.580869,2.580869,udp,0.0,,cs0,,63.0,,1.0,,Status,2,2,0,84,84,0,42.0,0.0,130.188705,130.188705,0.0,0,0,0,0.0,,,0.387466,0.387466,0.0,REQ,,,,,0.0,0.0,0.0,0
374023,2.577626,2.577626,2.577626,2.577626,2.577626,2.577626,udp,0.0,,cs0,,63.0,,1.0,,Status,2,2,0,84,84,0,42.0,0.0,130.352509,130.352509,0.0,0,0,0,0.0,,,0.387954,0.387954,0.0,REQ,,,,,0.0,0.0,0.0,0
374042,0.0,0.0,0.0,0.0,0.0,0.0,udp,0.0,,cs0,,63.0,,1.0,,Status,1,1,0,42,42,0,42.0,0.0,0.0,0.0,0.0,0,0,0,0.0,,,0.0,0.0,0.0,REQ,,,,,0.0,0.0,0.0,0
374129,2.579264,2.579264,2.579264,2.579264,2.579264,2.579264,udp,0.0,,cs0,,63.0,,1.0,,Status,2,2,0,84,84,0,42.0,0.0,130.26973,130.26973,0.0,0,0,0,0.0,,,0.387708,0.387708,0.0,REQ,,,,,0.0,0.0,0.0,0
374206,2.582457,2.582457,2.582457,2.582457,2.582457,2.582457,udp,0.0,,cs0,,63.0,,1.0,,Status,2,2,0,84,84,0,42.0,0.0,130.108643,130.108643,0.0,0,0,0,0.0,,,0.387228,0.387228,0.0,REQ,,,,,0.0,0.0,0.0,0
374210,2.581468,2.581468,2.581468,2.581468,2.581468,2.581468,udp,0.0,,cs0,,63.0,,1.0,,Status,2,2,0,84,84,0,42.0,0.0,130.158493,130.158493,0.0,0,0,0,0.0,,,0.387376,0.387376,0.0,REQ,,,,,0.0,0.0,0.0,0
374260,2.576976,2.576976,2.576976,2.576976,2.576976,2.576976,udp,0.0,,cs0,,63.0,,1.0,,Status,2,2,0,84,84,0,42.0,0.0,130.385376,130.385376,0.0,0,0,0,0.0,,,0.388052,0.388052,0.0,REQ,,,,,0.0,0.0,0.0,0
374282,0.0,0.0,0.0,0.0,0.0,0.0,udp,0.0,,cs0,,63.0,,1.0,,Status,1,1,0,42,42,0,42.0,0.0,0.0,0.0,0.0,0,0,0,0.0,,,0.0,0.0,0.0,REQ,,,,,0.0,0.0,0.0,0
374316,0.0,0.0,0.0,0.0,0.0,0.0,udp,0.0,,cs0,,63.0,,1.0,,Status,1,1,0,42,42,0,42.0,0.0,0.0,0.0,0.0,0,0,0,0.0,,,0.0,0.0,0.0,REQ,,,,,0.0,0.0,0.0,0
374322,2.581029,2.581029,2.581029,2.581029,2.581029,2.581029,udp,0.0,,cs0,,63.0,,1.0,,Status,2,2,0,84,84,0,42.0,0.0,130.180634,130.180634,0.0,0,0,0,0.0,,,0.387442,0.387442,0.0,REQ,,,,,0.0,0.0,0.0,0
374356,0.0,0.0,0.0,0.0,0.0,0.0,udp,0.0,,cs0,,63.0,,1.0,,Status,1,1,0,42,42,0,42.0,0.0,0.0,0.0,0.0,0,0,0,0.0,,,0.0,0.0,0.0,REQ,,,,,0.0,0.0,0.0,0
374466,2.580266,2.580266,2.580266,2.580266,2.580266,2.580266,udp,0.0,,cs0,,63.0,,1.0,,Status,2,2,0,84,84,0,42.0,0.0,130.219131,130.219131,0.0,0,0,0,0.0,,,0.387557,0.387557,0.0,REQ,,,,,0.0,0.0,0.0,0
374526,0.0,0.0,0.0,0.0,0.0,0.0,udp,0.0,,cs0,,63.0,,1.0,,Status,1,1,0,42,42,0,42.0,0.0,0.0,0.0,0.0,0,0,0,0.0,,,0.0,0.0,0.0,REQ,,,,,0.0,0.0,0.0,0
374528,0.0,0.0,0.0,0.0,0.0,0.0,udp,0.0,,cs0,,63.0,,1.0,,Status,1,1,0,42,42,0,42.0,0.0,0.0,0.0,0.0,0,0,0,0.0,,,0.0,0.0,0.0,REQ,,,,,0.0,0.0,0.0,0
374542,0.0,0.0,0.0,0.0,0.0,0.0,udp,0.0,,cs0,,63.0,,1.0,,Status,1,1,0,42,42,0,42.0,0.0,0.0,0.0,0.0,0,0,0,0.0,,,0.0,0.0,0.0,REQ,,,,,0.0,0.0,0.0,0
374554,0.0,0.0,0.0,0.0,0.0,0.0,udp,0.0,,cs0,,63.0,,1.0,,Status,1,1,0,42,42,0,42.0,0.0,0.0,0.0,0.0,0,0,0,0.0,,,0.0,0.0,0.0,REQ,,,,,0.0,0.0,0.0,0
374652,2.576696,2.576696,2.576696,2.576696,2.576696,2.576696,udp,0.0,,cs0,,63.0,,1.0,,Status,2,2,0,84,84,0,42.0,0.0,130.399551,130.399551,0.0,0,0,0,0.0,,,0.388094,0.388094,0.0,REQ,,,,,0.0,0.0,0.0,0
374820,0.0,0.0,0.0,0.0,0.0,0.0,udp,0.0,,cs0,,63.0,,1.0,,Status,1,1,0,42,42,0,42.0,0.0,0.0,0.0,0.0,0,0,0,0.0,,,0.0,0.0,0.0,REQ,,,,,0.0,0.0,0.0,0
374905,0.0,0.0,0.0,0.0,0.0,0.0,udp,0.0,,cs0,,63.0,,1.0,,Status,1,1,0,42,42,0,42.0,0.0,0.0,0.0,0.0,0,0,0,0.0,,,0.0,0.0,0.0,REQ,,,,,0.0,0.0,0.0,0
374927,0.0,0.0,0.0,0.0,0.0,0.0,udp,0.0,,cs0,,63.0,,1.0,,Status,1,1,0,42,42,0,42.0,0.0,0.0,0.0,0.0,0,0,0,0.0,,,0.0,0.0,0.0,REQ,,,,,0.0,0.0,0.0,0
374974,0.0,0.0,0.0,0.0,0.0,0.0,icmp,0.0,,cs0,,58.0,,6.0,,Start,1,1,0,98,98,0,98.0,0.0,0.0,0.0,0.0,0,0,0,0.0,,,0.0,0.0,0.0,ECO,,,,,0.0,0.0,0.0,0
374980,0.0,0.0,0.0,0.0,0.0,0.0,udp,0.0,,cs0,,63.0,,1.0,,Status,1,1,0,42,42,0,42.0,0.0,0.0,0.0,0.0,0,0,0,0.0,,,0.0,0.0,0.0,REQ,,,,,0.0,0.0,0.0,0
374991,2.577246,2.577246,2.577246,2.577246,2.577246,2.577246,udp,0.0,,cs0,,63.0,,1.0,,Status,2,2,0,84,84,0,42.0,0.0,130.371719,130.371719,0.0,0,0,0,0.0,,,0.388011,0.388011,0.0,REQ,,,,,0.0,0.0,0.0,0
375043,0.0,0.0,0.0,0.0,0.0,0.0,udp,0.0,,cs0,,63.0,,1.0,,Status,1,1,0,42,42,0,42.0,0.0,0.0,0.0,0.0,0,0,0,0.0,,,0.0,0.0,0.0,REQ,,,,,0.0,0.0,0.0,0
375083,2.577362,2.577362,2.577362,2.577362,2.577362,2.577362,udp,0.0,,cs0,,63.0,,1.0,,Status,2,2,0,84,84,0,42.0,0.0,130.365845,130.365845,0.0,0,0,0,0.0,,,0.387994,0.387994,0.0,REQ,,,,,0.0,0.0,0.0,0
375092,2.576126,2.576126,2.576126,2.576126,2.576126,2.576126,udp,0.0,,cs0,,63.0,,1.0,,Status,2,2,0,84,84,0,42.0,0.0,130.428391,130.428391,0.0,0,0,0,0.0,,,0.38818,0.38818,0.0,REQ,,,,,0.0,0.0,0.0,0
375100,2.579976,2.579976,2.579976,2.579976,2.579976,2.579976,udp,0.0,,cs0,,63.0,,1.0,,Status,2,2,0,84,84,0,42.0,0.0,130.233765,130.233765,0.0,0,0,0,0.0,,,0.3876,0.3876,0.0,REQ,,,,,0.0,0.0,0.0,0
375109,0.0,0.0,0.0,0.0,0.0,0.0,udp,0.0,,cs0,,63.0,,1.0,,Status,1,1,0,42,42,0,42.0,0.0,0.0,0.0,0.0,0,0,0,0.0,,,0.0,0.0,0.0,REQ,,,,,0.0,0.0,0.0,0
375129,0.0,0.0,0.0,0.0,0.0,0.0,udp,0.0,,cs0,,63.0,,1.0,,Status,1,1,0,42,42,0,42.0,0.0,0.0,0.0,0.0,0,0,0,0.0,,,0.0,0.0,0.0,REQ,,,,,0.0,0.0,0.0,0
375154,0.0,0.0,0.0,0.0,0.0,0.0,udp,0.0,,cs0,,63.0,,1.0,,Status,1,1,0,42,42,0,42.0,0.0,0.0,0.0,0.0,0,0,0,0.0,,,0.0,0.0,0.0,REQ,,,,,0.0,0.0,0.0,0
375167,0.0,0.0,0.0,0.0,0.0,0.0,udp,0.0,,cs0,,63.0,,1.0,,Status,1,1,0,42,42,0,42.0,0.0,0.0,0.0,0.0,0,0,0,0.0,,,0.0,0.0,0.0,REQ,,,,,0.0,0.0,0.0,0
375298,2.577923,2.577923,2.577923,2.577923,2.577923,2.577923,udp,0.0,,cs0,,63.0,,1.0,,Status,2,2,0,84,84,0,42.0,0.0,130.337479,130.337479,0.0,0,0,0,0.0,,,0.387909,0.387909,0.0,REQ,,,,,0.0,0.0,0.0,0
375337,0.0,0.0,0.0,0.0,0.0,0.0,udp,0.0,,cs0,,63.0,,1.0,,Status,1,1,0,42,42,0,42.0,0.0,0.0,0.0,0.0,0,0,0,0.0,,,0.0,0.0,0.0,REQ,,,,,0.0,0.0,0.0,0
375342,0.0,0.0,0.0,0.0,0.0,0.0,udp,0.0,,cs0,,63.0,,1.0,,Status,1,1,0,42,42,0,42.0,0.0,0.0,0.0,0.0,0,0,0,0.0,,,0.0,0.0,0.0,REQ,,,,,0.0,0.0,0.0,0
375352,0.0,0.0,0.0,0.0,0.0,0.0,udp,0.0,,cs0,,63.0,,1.0,,Status,1,1,0,42,42,0,42.0,0.0,0.0,0.0,0.0,0,0,0,0.0,,,0.0,0.0,0.0,REQ,,,,,0.0,0.0,0.0,0
375354,0.0,0.0,0.0,0.0,0.0,0.0,udp,0.0,,cs0,,63.0,,1.0,,Status,1,1,0,42,42,0,42.0,0.0,0.0,0.0,0.0,0,0,0,0.0,,,0.0,0.0,0.0,REQ,,,,,0.0,0.0,0.0,0
375368,0.0,0.0,0.0,0.0,0.0,0.0,udp,0.0,,cs0,,63.0,,1.0,,Status,1,1,0,42,42,0,42.0,0.0,0.0,0.0,0.0,0,0,0,0.0,,,0.0,0.0,0.0,REQ,,,,,0.0,0.0,0.0,0
375569,0.0,0.0,0.0,0.0,0.0,0.0,udp,0.0,,cs0,,63.0,,1.0,,Status,1,1,0,42,42,0,42.0,0.0,0.0,0.0,0.0,0,0,0,0.0,,,0.0,0.0,0.0,REQ,,,,,0.0,0.0,0.0,0
375571,0.0,0.0,0.0,0.0,0.0,0.0,udp,0.0,,cs0,,63.0,,1.0,,Status,1,1,0,42,42,0,42.0,0.0,0.0,0.0,0.0,0,0,0,0.0,,,0.0,0.0,0.0,REQ,,,,,0.0,0.0,0.0,0
375581,2.573703,2.573703,2.573703,2.573703,2.573703,2.573703,udp,0.0,,cs0,,63.0,,1.0,,Status,2,2,0,84,84,0,42.0,0.0,130.551193,130.551193,0.0,0,0,0,0.0,,,0.388545,0.388545,0.0,REQ,,,,,0.0,0.0,0.0,0
375616,0.0,0.0,0.0,0.0,0.0,0.0,udp,0.0,,cs0,,63.0,,1.0,,Status,1,1,0,42,42,0,42.0,0.0,0.0,0.0,0.0,0,0,0,0.0,,,0.0,0.0,0.0,REQ,,,,,0.0,0.0,0.0,0
375648,0.0,0.0,0.0,0.0,0.0,0.0,udp,0.0,,cs0,,63.0,,1.0,,Status,1,1,0,42,42,0,42.0,0.0,0.0,0.0,0.0,0,0,0,0.0,,,0.0,0.0,0.0,REQ,,,,,0.0,0.0,0.0,0
375660,0.0,0.0,0.0,0.0,0.0,0.0,udp,0.0,,cs0,,63.0,,1.0,,Status,1,1,0,42,42,0,42.0,0.0,0.0,0.0,0.0,0,0,0,0.0,,,0.0,0.0,0.0,REQ,,,,,0.0,0.0,0.0,0
375684,0.0,0.0,0.0,0.0,0.0,0.0,udp,0.0,,cs0,,63.0,,1.0,,Status,1,1,0,42,42,0,42.0,0.0,0.0,0.0,0.0,0,0,0,0.0,,,0.0,0.0,0.0,REQ,,,,,0.0,0.0,0.0,0
375771,0.0,0.0,0.0,0.0,0.0,0.0,udp,0.0,,cs0,,63.0,,1.0,,Status,1,1,0,42,42,0,42.0,0.0,0.0,0.0,0.0,0,0,0,0.0,,,0.0,0.0,0.0,REQ,,,,,0.0,0.0,0.0,0
375884,0.0,0.0,0.0,0.0,0.0,0.0,udp,0.0,,cs0,,63.0,,1.0,,Status,1,1,0,42,42,0,42.0,0.0,0.0,0.0,0.0,0,0,0,0.0,,,0.0,0.0,0.0,REQ,,,,,0.0,0.0,0.0,0
375986,0.0,0.0,0.0,0.0,0.0,0.0,udp,0.0,,cs0,,63.0,,1.0,,Status,1,1,0,42,42,0,42.0,0.0,0.0,0.0,0.0,0,0,0,0.0,,,0.0,0.0,0.0,REQ,,,,,0.0,0.0,0.0,0
376000,2.579191,2.579191,2.579191,2.579191,2.579191,2.579191,udp,0.0,,cs0,,63.0,,1.0,,Status,2,2,0,84,84,0,42.0,0.0,130.273407,130.273407,0.0,0,0,0,0.0,,,0.387718,0.387718,0.0,REQ,,,,,0.0,0.0,0.0,0
376005,2.579191,2.579191,2.579191,2.579191,2.579191,2.579191,udp,0.0,,cs0,,63.0,,1.0,,Status,2,2,0,84,84,0,42.0,0.0,130.273407,130.273407,0.0,0,0,0,0.0,,,0.387718,0.387718,0.0,REQ,,,,,0.0,0.0,0.0,0
376075,2.578685,2.578685,2.578685,2.578685,2.578685,2.578685,udp,0.0,,cs0,,63.0,,1.0,,Status,2,2,0,84,84,0,42.0,0.0,130.298965,130.298965,0.0,0,0,0,0.0,,,0.387795,0.387795,0.0,REQ,,,,,0.0,0.0,0.0,0
376113,0.0,0.0,0.0,0.0,0.0,0.0,udp,0.0,,cs0,,63.0,,1.0,,Status,1,1,0,42,42,0,42.0,0.0,0.0,0.0,0.0,0,0,0,0.0,,,0.0,0.0,0.0,REQ,,,,,0.0,0.0,0.0,0
376122,0.0,0.0,0.0,0.0,0.0,0.0,udp,0.0,,cs0,,63.0,,1.0,,Status,1,1,0,42,42,0,42.0,0.0,0.0,0.0,0.0,0,0,0,0.0,,,0.0,0.0,0.0,REQ,,,,,0.0,0.0,0.0,0
376139,0.0,0.0,0.0,0.0,0.0,0.0,udp,0.0,,cs0,,63.0,,1.0,,Status,1,1,0,42,42,0,42.0,0.0,0.0,0.0,0.0,0,0,0,0.0,,,0.0,0.0,0.0,REQ,,,,,0.0,0.0,0.0,0
376186,0.0,0.0,0.0,0.0,0.0,0.0,udp,0.0,,cs0,,63.0,,1.0,,Status,1,1,0,42,42,0,42.0,0.0,0.0,0.0,0.0,0,0,0,0.0,,,0.0,0.0,0.0,REQ,,,,,0.0,0.0,0.0,0
376358,0.0,0.0,0.0,0.0,0.0,0.0,udp,0.0,,cs0,,63.0,,1.0,,Status,1,1,0,42,42,0,42.0,0.0,0.0,0.0,0.0,0,0,0,0.0,,,0.0,0.0,0.0,REQ,,,,,0.0,0.0,0.0,0
376367,0.0,0.0,0.0,0.0,0.0,0.0,udp,0.0,,cs0,,63.0,,1.0,,Status,1,1,0,42,42,0,42.0,0.0,0.0,0.0,0.0,0,0,0,0.0,,,0.0,0.0,0.0,REQ,,,,,0.0,0.0,0.0,0
376378,0.0,0.0,0.0,0.0,0.0,0.0,udp,0.0,,cs0,,63.0,,1.0,,Status,1,1,0,42,42,0,42.0,0.0,0.0,0.0,0.0,0,0,0,0.0,,,0.0,0.0,0.0,REQ,,,,,0.0,0.0,0.0,0
376381,0.0,0.0,0.0,0.0,0.0,0.0,udp,0.0,,cs0,,63.0,,1.0,,Status,1,1,0,42,42,0,42.0,0.0,0.0,0.0,0.0,0,0,0,0.0,,,0.0,0.0,0.0,REQ,,,,,0.0,0.0,0.0,0
376411,2.580194,2.580194,2.580194,2.580194,2.580194,2.580194,udp,0.0,,cs0,,63.0,,1.0,,Status,2,2,0,84,84,0,42.0,0.0,130.222763,130.222763,0.0,0,0,0,0.0,,,0.387568,0.387568,0.0,REQ,,,,,0.0,0.0,0.0,0
376633,0.0,0.0,0.0,0.0,0.0,0.0,udp,0.0,,cs0,,63.0,,1.0,,Status,1,1,0,42,42,0,42.0,0.0,0.0,0.0,0.0,0,0,0,0.0,,,0.0,0.0,0.0,REQ,,,,,0.0,0.0,0.0,0
376655,2.579004,2.579004,2.579004,2.579004,2.579004,2.579004,udp,0.0,,cs0,,63.0,,1.0,,Status,2,2,0,84,84,0,42.0,0.0,130.282852,130.282852,0.0,0,0,0,0.0,,,0.387747,0.387747,0.0,REQ,,,,,0.0,0.0,0.0,0
376667,0.0,0.0,0.0,0.0,0.0,0.0,udp,0.0,,cs0,,63.0,,1.0,,Status,1,1,0,42,42,0,42.0,0.0,0.0,0.0,0.0,0,0,0,0.0,,,0.0,0.0,0.0,REQ,,,,,0.0,0.0,0.0,0
376688,0.0,0.0,0.0,0.0,0.0,0.0,udp,0.0,,cs0,,63.0,,1.0,,Status,1,1,0,42,42,0,42.0,0.0,0.0,0.0,0.0,0,0,0,0.0,,,0.0,0.0,0.0,REQ,,,,,0.0,0.0,0.0,0
376718,2.583413,2.583413,2.583413,2.583413,2.583413,2.583413,udp,0.0,,cs0,,63.0,,1.0,,Status,2,2,0,84,84,0,42.0,0.0,130.060516,130.060516,0.0,0,0,0,0.0,,,0.387085,0.387085,0.0,REQ,,,,,0.0,0.0,0.0,0
376724,2.578248,2.578248,2.578248,2.578248,2.578248,2.578248,udp,0.0,,cs0,,63.0,,1.0,,Status,2,2,0,84,84,0,42.0,0.0,130.32106,130.32106,0.0,0,0,0,0.0,,,0.38786,0.38786,0.0,REQ,,,,,0.0,0.0,0.0,0
376751,2.572386,2.572386,2.572386,2.572386,2.572386,2.572386,udp,0.0,,cs0,,63.0,,1.0,,Status,2,2,0,84,84,0,42.0,0.0,130.618027,130.618027,0.0,0,0,0,0.0,,,0.388744,0.388744,0.0,REQ,,,,,0.0,0.0,0.0,0
376756,2.572364,2.572364,2.572364,2.572364,2.572364,2.572364,udp,0.0,,cs0,,63.0,,1.0,,Status,2,2,0,84,84,0,42.0,0.0,130.619141,130.619141,0.0,0,0,0,0.0,,,0.388747,0.388747,0.0,REQ,,,,,0.0,0.0,0.0,0
376761,2.572373,2.572373,2.572373,2.572373,2.572373,2.572373,udp,0.0,,cs0,,63.0,,1.0,,Status,2,2,0,84,84,0,42.0,0.0,130.618698,130.618698,0.0,0,0,0,0.0,,,0.388746,0.388746,0.0,REQ,,,,,0.0,0.0,0.0,0
376769,0.0,0.0,0.0,0.0,0.0,0.0,udp,0.0,,cs0,,63.0,,1.0,,Status,1,1,0,42,42,0,42.0,0.0,0.0,0.0,0.0,0,0,0,0.0,,,0.0,0.0,0.0,REQ,,,,,0.0,0.0,0.0,0
376802,2.577515,2.577515,2.577515,2.577515,2.577515,2.577515,udp,0.0,,cs0,,63.0,,1.0,,Status,2,2,0,84,84,0,42.0,0.0,130.358124,130.358124,0.0,0,0,0,0.0,,,0.387971,0.387971,0.0,REQ,,,,,0.0,0.0,0.0,0
376811,0.0,0.0,0.0,0.0,0.0,0.0,udp,0.0,,cs0,,63.0,,1.0,,Status,1,1,0,42,42,0,42.0,0.0,0.0,0.0,0.0,0,0,0,0.0,,,0.0,0.0,0.0,REQ,,,,,0.0,0.0,0.0,0
376866,0.0,0.0,0.0,0.0,0.0,0.0,udp,0.0,,cs0,,63.0,,1.0,,Status,1,1,0,42,42,0,42.0,0.0,0.0,0.0,0.0,0,0,0,0.0,,,0.0,0.0,0.0,REQ,,,,,0.0,0.0,0.0,0
376902,2.58073,2.58073,2.58073,2.58073,2.58073,2.58073,udp,0.0,,cs0,,63.0,,1.0,,Status,2,2,0,84,84,0,42.0,0.0,130.195724,130.195724,0.0,0,0,0,0.0,,,0.387487,0.387487,0.0,REQ,,,,,0.0,0.0,0.0,0
376981,2.581715,2.581715,2.581715,2.581715,2.581715,2.581715,udp,0.0,,cs0,,63.0,,1.0,,Status,2,2,0,84,84,0,42.0,0.0,130.146042,130.146042,0.0,0,0,0,0.0,,,0.387339,0.387339,0.0,REQ,,,,,0.0,0.0,0.0,0
377007,2.581098,2.581098,2.581098,2.581098,2.581098,2.581098,udp,0.0,,cs0,,63.0,,1.0,,Status,2,2,0,84,84,0,42.0,0.0,130.177155,130.177155,0.0,0,0,0,0.0,,,0.387432,0.387432,0.0,REQ,,,,,0.0,0.0,0.0,0
377081,2.579787,2.579787,2.579787,2.579787,2.579787,2.579787,udp,0.0,,cs0,,63.0,,1.0,,Status,2,2,0,84,84,0,42.0,0.0,130.243317,130.243317,0.0,0,0,0,0.0,,,0.387629,0.387629,0.0,REQ,,,,,0.0,0.0,0.0,0
377116,0.0,0.0,0.0,0.0,0.0,0.0,udp,0.0,,cs0,,63.0,,1.0,,Status,1,1,0,42,42,0,42.0,0.0,0.0,0.0,0.0,0,0,0,0.0,,,0.0,0.0,0.0,REQ,,,,,0.0,0.0,0.0,0
377159,0.0,0.0,0.0,0.0,0.0,0.0,udp,0.0,,cs0,,63.0,,1.0,,Status,1,1,0,42,42,0,42.0,0.0,0.0,0.0,0.0,0,0,0,0.0,,,0.0,0.0,0.0,REQ,,,,,0.0,0.0,0.0,0
377180,0.0,0.0,0.0,0.0,0.0,0.0,udp,0.0,,cs0,,63.0,,1.0,,Status,1,1,0,42,42,0,42.0,0.0,0.0,0.0,0.0,0,0,0,0.0,,,0.0,0.0,0.0,REQ,,,,,0.0,0.0,0.0,0
377272,0.0,0.0,0.0,0.0,0.0,0.0,udp,0.0,,cs0,,63.0,,1.0,,Status,1,1,0,42,42,0,42.0,0.0,0.0,0.0,0.0,0,0,0,0.0,,,0.0,0.0,0.0,REQ,,,,,0.0,0.0,0.0,0
377282,0.0,0.0,0.0,0.0,0.0,0.0,udp,0.0,,cs0,,63.0,,1.0,,Status,1,1,0,42,42,0,42.0,0.0,0.0,0.0,0.0,0,0,0,0.0,,,0.0,0.0,0.0,REQ,,,,,0.0,0.0,0.0,0
377319,0.0,0.0,0.0,0.0,0.0,0.0,udp,0.0,,cs0,,63.0,,1.0,,Status,1,1,0,42,42,0,42.0,0.0,0.0,0.0,0.0,0,0,0,0.0,,,0.0,0.0,0.0,REQ,,,,,0.0,0.0,0.0,0
377360,0.0,0.0,0.0,0.0,0.0,0.0,udp,0.0,,cs0,,63.0,,1.0,,Status,1,1,0,42,42,0,42.0,0.0,0.0,0.0,0.0,0,0,0,0.0,,,0.0,0.0,0.0,REQ,,,,,0.0,0.0,0.0,0
377445,2.578828,2.578828,2.578828,2.578828,2.578828,2.578828,udp,0.0,,cs0,,63.0,,1.0,,Status,2,2,0,84,84,0,42.0,0.0,130.291733,130.291733,0.0,0,0,0,0.0,,,0.387773,0.387773,0.0,REQ,,,,,0.0,0.0,0.0,0
377465,0.0,0.0,0.0,0.0,0.0,0.0,udp,0.0,,cs0,,63.0,,1.0,,Status,1,1,0,42,42,0,42.0,0.0,0.0,0.0,0.0,0,0,0,0.0,,,0.0,0.0,0.0,REQ,,,,,0.0,0.0,0.0,0
377524,0.0,0.0,0.0,0.0,0.0,0.0,udp,0.0,,cs0,,63.0,,1.0,,Status,1,1,0,42,42,0,42.0,0.0,0.0,0.0,0.0,0,0,0,0.0,,,0.0,0.0,0.0,REQ,,,,,0.0,0.0,0.0,0
377526,0.0,0.0,0.0,0.0,0.0,0.0,udp,0.0,,cs0,,63.0,,1.0,,Status,1,1,0,42,42,0,42.0,0.0,0.0,0.0,0.0,0,0,0,0.0,,,0.0,0.0,0.0,REQ,,,,,0.0,0.0,0.0,0
377540,0.0,0.0,0.0,0.0,0.0,0.0,udp,0.0,,cs0,,63.0,,1.0,,Status,1,1,0,42,42,0,42.0,0.0,0.0,0.0,0.0,0,0,0,0.0,,,0.0,0.0,0.0,REQ,,,,,0.0,0.0,0.0,0
377575,0.0,0.0,0.0,0.0,0.0,0.0,udp,0.0,,cs0,,63.0,,1.0,,Status,1,1,0,42,42,0,42.0,0.0,0.0,0.0,0.0,0,0,0,0.0,,,0.0,0.0,0.0,REQ,,,,,0.0,0.0,0.0,0
377614,0.0,0.0,0.0,0.0,0.0,0.0,udp,0.0,,cs0,,63.0,,1.0,,Status,1,1,0,42,42,0,42.0,0.0,0.0,0.0,0.0,0,0,0,0.0,,,0.0,0.0,0.0,REQ,,,,,0.0,0.0,0.0,0
377643,2.576129,2.576129,2.576129,2.576129,2.576129,2.576129,udp,0.0,,cs0,,63.0,,1.0,,Status,2,2,0,84,84,0,42.0,0.0,130.428253,130.428253,0.0,0,0,0,0.0,,,0.388179,0.388179,0.0,REQ,,,,,0.0,0.0,0.0,0
377673,2.576338,2.576338,2.576338,2.576338,2.576338,2.576338,udp,0.0,,cs0,,63.0,,1.0,,Status,2,2,0,84,84,0,42.0,0.0,130.417664,130.417664,0.0,0,0,0,0.0,,,0.388148,0.388148,0.0,REQ,,,,,0.0,0.0,0.0,0
377674,2.576326,2.576326,2.576326,2.576326,2.576326,2.576326,udp,0.0,,cs0,,63.0,,1.0,,Status,2,2,0,84,84,0,42.0,0.0,130.418289,130.418289,0.0,0,0,0,0.0,,,0.38815,0.38815,0.0,REQ,,,,,0.0,0.0,0.0,0
377676,2.576326,2.576326,2.576326,2.576326,2.576326,2.576326,udp,0.0,,cs0,,63.0,,1.0,,Status,2,2,0,84,84,0,42.0,0.0,130.418289,130.418289,0.0,0,0,0,0.0,,,0.38815,0.38815,0.0,REQ,,,,,0.0,0.0,0.0,0
377732,2.578559,2.578559,2.578559,2.578559,2.578559,2.578559,udp,0.0,,cs0,,63.0,,1.0,,Status,2,2,0,84,84,0,42.0,0.0,130.305344,130.305344,0.0,0,0,0,0.0,,,0.387814,0.387814,0.0,REQ,,,,,0.0,0.0,0.0,0
377751,2.581615,2.581615,2.581615,2.581615,2.581615,2.581615,udp,0.0,,cs0,,63.0,,1.0,,Status,2,2,0,84,84,0,42.0,0.0,130.151093,130.151093,0.0,0,0,0,0.0,,,0.387354,0.387354,0.0,REQ,,,,,0.0,0.0,0.0,0
377808,2.575697,2.575697,2.575697,2.575697,2.575697,2.575697,udp,0.0,,cs0,,63.0,,1.0,,Status,2,2,0,84,84,0,42.0,0.0,130.450134,130.450134,0.0,0,0,0,0.0,,,0.388244,0.388244,0.0,REQ,,,,,0.0,0.0,0.0,0
377863,0.0,0.0,0.0,0.0,0.0,0.0,udp,0.0,,cs0,,63.0,,1.0,,Status,1,1,0,42,42,0,42.0,0.0,0.0,0.0,0.0,0,0,0,0.0,,,0.0,0.0,0.0,REQ,,,,,0.0,0.0,0.0,0
377876,2.579025,2.579025,2.579025,2.579025,2.579025,2.579025,udp,0.0,,cs0,,63.0,,1.0,,Status,2,2,0,84,84,0,42.0,0.0,130.281784,130.281784,0.0,0,0,0,0.0,,,0.387743,0.387743,0.0,REQ,,,,,0.0,0.0,0.0,0
377979,0.0,0.0,0.0,0.0,0.0,0.0,udp,0.0,,cs0,,63.0,,1.0,,Status,1,1,0,42,42,0,42.0,0.0,0.0,0.0,0.0,0,0,0,0.0,,,0.0,0.0,0.0,REQ,,,,,0.0,0.0,0.0,0
378039,2.577966,2.577966,2.577966,2.577966,2.577966,2.577966,udp,0.0,,cs0,,63.0,,1.0,,Status,2,2,0,84,84,0,42.0,0.0,130.335312,130.335312,0.0,0,0,0,0.0,,,0.387903,0.387903,0.0,REQ,,,,,0.0,0.0,0.0,0
378055,2.580319,2.580319,2.580319,2.580319,2.580319,2.580319,udp,0.0,,cs0,,63.0,,1.0,,Status,2,2,0,84,84,0,42.0,0.0,130.216461,130.216461,0.0,0,0,0,0.0,,,0.387549,0.387549,0.0,REQ,,,,,0.0,0.0,0.0,0
378070,0.0,0.0,0.0,0.0,0.0,0.0,udp,0.0,,cs0,,63.0,,1.0,,Status,1,1,0,42,42,0,42.0,0.0,0.0,0.0,0.0,0,0,0,0.0,,,0.0,0.0,0.0,REQ,,,,,0.0,0.0,0.0,0
378072,0.0,0.0,0.0,0.0,0.0,0.0,udp,0.0,,cs0,,63.0,,1.0,,Status,1,1,0,42,42,0,42.0,0.0,0.0,0.0,0.0,0,0,0,0.0,,,0.0,0.0,0.0,REQ,,,,,0.0,0.0,0.0,0
378098,2.57729,2.57729,2.57729,2.57729,2.57729,2.57729,udp,0.0,,cs0,,63.0,,1.0,,Status,2,2,0,84,84,0,42.0,0.0,130.369492,130.369492,0.0,0,0,0,0.0,,,0.388004,0.388004,0.0,REQ,,,,,0.0,0.0,0.0,0
378113,2.574198,2.574198,2.574198,2.574198,2.574198,2.574198,udp,0.0,,cs0,,63.0,,1.0,,Status,2,2,0,84,84,0,42.0,0.0,130.526093,130.526093,0.0,0,0,0,0.0,,,0.388471,0.388471,0.0,REQ,,,,,0.0,0.0,0.0,0
378142,2.578509,2.578509,2.578509,2.578509,2.578509,2.578509,udp,0.0,,cs0,,63.0,,1.0,,Status,2,2,0,84,84,0,42.0,0.0,130.307861,130.307861,0.0,0,0,0,0.0,,,0.387821,0.387821,0.0,REQ,,,,,0.0,0.0,0.0,0
378304,0.0,0.0,0.0,0.0,0.0,0.0,udp,0.0,,cs0,,63.0,,1.0,,Status,1,1,0,42,42,0,42.0,0.0,0.0,0.0,0.0,0,0,0,0.0,,,0.0,0.0,0.0,REQ,,,,,0.0,0.0,0.0,0
378357,0.0,0.0,0.0,0.0,0.0,0.0,udp,0.0,,cs0,,63.0,,1.0,,Status,1,1,0,42,42,0,42.0,0.0,0.0,0.0,0.0,0,0,0,0.0,,,0.0,0.0,0.0,REQ,,,,,0.0,0.0,0.0,0
378399,0.0,0.0,0.0,0.0,0.0,0.0,udp,0.0,,cs0,,63.0,,1.0,,Status,1,1,0,42,42,0,42.0,0.0,0.0,0.0,0.0,0,0,0,0.0,,,0.0,0.0,0.0,REQ,,,,,0.0,0.0,0.0,0
378452,0.0,0.0,0.0,0.0,0.0,0.0,udp,0.0,,cs0,,63.0,,1.0,,Status,1,1,0,42,42,0,42.0,0.0,0.0,0.0,0.0,0,0,0,0.0,,,0.0,0.0,0.0,REQ,,,,,0.0,0.0,0.0,0
378465,2.57904,2.57904,2.57904,2.57904,2.57904,2.57904,udp,0.0,,cs0,,63.0,,1.0,,Status,2,2,0,84,84,0,42.0,0.0,130.281036,130.281036,0.0,0,0,0,0.0,,,0.387741,0.387741,0.0,REQ,,,,,0.0,0.0,0.0,0
378673,2.578104,2.578104,2.578104,2.578104,2.578104,2.578104,udp,0.0,,cs0,,63.0,,1.0,,Status,2,2,0,84,84,0,42.0,0.0,130.328339,130.328339,0.0,0,0,0,0.0,,,0.387882,0.387882,0.0,REQ,,,,,0.0,0.0,0.0,0
378710,0.0,0.0,0.0,0.0,0.0,0.0,udp,0.0,,cs0,,63.0,,1.0,,Status,1,1,0,42,42,0,42.0,0.0,0.0,0.0,0.0,0,0,0,0.0,,,0.0,0.0,0.0,REQ,,,,,0.0,0.0,0.0,0
378717,2.582314,2.582314,2.582314,2.582314,2.582314,2.582314,udp,0.0,,cs0,,63.0,,1.0,,Status,2,2,0,84,84,0,42.0,0.0,130.11586,130.11586,0.0,0,0,0,0.0,,,0.38725,0.38725,0.0,REQ,,,,,0.0,0.0,0.0,0
378731,2.578334,2.578334,2.578334,2.578334,2.578334,2.578334,udp,0.0,,cs0,,63.0,,1.0,,Status,2,2,0,84,84,0,42.0,0.0,130.316696,130.316696,0.0,0,0,0,0.0,,,0.387847,0.387847,0.0,REQ,,,,,0.0,0.0,0.0,0
378750,0.0,0.0,0.0,0.0,0.0,0.0,udp,0.0,,cs0,,63.0,,1.0,,Status,1,1,0,42,42,0,42.0,0.0,0.0,0.0,0.0,0,0,0,0.0,,,0.0,0.0,0.0,REQ,,,,,0.0,0.0,0.0,0
378826,2.580237,2.580237,2.580237,2.580237,2.580237,2.580237,udp,0.0,,cs0,,63.0,,1.0,,Status,2,2,0,84,84,0,42.0,0.0,130.220596,130.220596,0.0,0,0,0,0.0,,,0.387561,0.387561,0.0,REQ,,,,,0.0,0.0,0.0,0
378850,2.57824,2.57824,2.57824,2.57824,2.57824,2.57824,udp,0.0,,cs0,,63.0,,1.0,,Status,2,2,0,84,84,0,42.0,0.0,130.321457,130.321457,0.0,0,0,0,0.0,,,0.387861,0.387861,0.0,REQ,,,,,0.0,0.0,0.0,0
378857,0.0,0.0,0.0,0.0,0.0,0.0,udp,0.0,,cs0,,63.0,,1.0,,Status,1,1,0,42,42,0,42.0,0.0,0.0,0.0,0.0,0,0,0,0.0,,,0.0,0.0,0.0,REQ,,,,,0.0,0.0,0.0,0
378881,0.0,0.0,0.0,0.0,0.0,0.0,udp,0.0,,cs0,,63.0,,1.0,,Status,1,1,0,42,42,0,42.0,0.0,0.0,0.0,0.0,0,0,0,0.0,,,0.0,0.0,0.0,REQ,,,,,0.0,0.0,0.0,0
378903,0.0,0.0,0.0,0.0,0.0,0.0,udp,0.0,,cs0,,63.0,,1.0,,Status,1,1,0,42,42,0,42.0,0.0,0.0,0.0,0.0,0,0,0,0.0,,,0.0,0.0,0.0,REQ,,,,,0.0,0.0,0.0,0
378912,0.0,0.0,0.0,0.0,0.0,0.0,udp,0.0,,cs0,,63.0,,1.0,,Status,1,1,0,42,42,0,42.0,0.0,0.0,0.0,0.0,0,0,0,0.0,,,0.0,0.0,0.0,REQ,,,,,0.0,0.0,0.0,0
378932,2.581473,2.581473,2.581473,2.581473,2.581473,2.581473,udp,0.0,,cs0,,63.0,,1.0,,Status,2,2,0,84,84,0,42.0,0.0,130.158234,130.158234,0.0,0,0,0,0.0,,,0.387376,0.387376,0.0,REQ,,,,,0.0,0.0,0.0,0
378941,0.0,0.0,0.0,0.0,0.0,0.0,udp,0.0,,cs0,,63.0,,1.0,,Status,1,1,0,42,42,0,42.0,0.0,0.0,0.0,0.0,0,0,0,0.0,,,0.0,0.0,0.0,REQ,,,,,0.0,0.0,0.0,0
379091,2.577271,2.577271,2.577271,2.577271,2.577271,2.577271,udp,0.0,,cs0,,63.0,,1.0,,Status,2,2,0,84,84,0,42.0,0.0,130.370453,130.370453,0.0,0,0,0,0.0,,,0.388007,0.388007,0.0,REQ,,,,,0.0,0.0,0.0,0
379096,2.575157,2.575157,2.575157,2.575157,2.575157,2.575157,udp,0.0,,cs0,,63.0,,1.0,,Status,2,2,0,84,84,0,42.0,0.0,130.477478,130.477478,0.0,0,0,0,0.0,,,0.388326,0.388326,0.0,REQ,,,,,0.0,0.0,0.0,0
379107,0.0,0.0,0.0,0.0,0.0,0.0,udp,0.0,,cs0,,63.0,,1.0,,Status,1,1,0,42,42,0,42.0,0.0,0.0,0.0,0.0,0,0,0,0.0,,,0.0,0.0,0.0,REQ,,,,,0.0,0.0,0.0,0
379193,2.577167,2.577167,2.577167,2.577167,2.577167,2.577167,udp,0.0,,cs0,,63.0,,1.0,,Status,2,2,0,84,84,0,42.0,0.0,130.375717,130.375717,0.0,0,0,0,0.0,,,0.388023,0.388023,0.0,REQ,,,,,0.0,0.0,0.0,0
379222,2.577149,2.577149,2.577149,2.577149,2.577149,2.577149,udp,0.0,,cs0,,63.0,,1.0,,Start,2,2,0,84,84,0,42.0,0.0,130.376633,130.376633,0.0,0,0,0,0.0,,,0.388026,0.388026,0.0,INT,,,,,0.0,0.0,0.0,0
379240,2.578739,2.578739,2.578739,2.578739,2.578739,2.578739,udp,0.0,,cs0,,63.0,,1.0,,Status,2,2,0,84,84,0,42.0,0.0,130.296249,130.296249,0.0,0,0,0,0.0,,,0.387786,0.387786,0.0,REQ,,,,,0.0,0.0,0.0,0
379262,0.0,0.0,0.0,0.0,0.0,0.0,udp,0.0,,cs0,,63.0,,1.0,,Status,1,1,0,42,42,0,42.0,0.0,0.0,0.0,0.0,0,0,0,0.0,,,0.0,0.0,0.0,REQ,,,,,0.0,0.0,0.0,0
379301,2.573376,2.573376,2.573376,2.573376,2.573376,2.573376,udp,0.0,,cs0,,63.0,,1.0,,Status,2,2,0,84,84,0,42.0,0.0,130.56778,130.56778,0.0,0,0,0,0.0,,,0.388595,0.388595,0.0,REQ,,,,,0.0,0.0,0.0,0
379415,2.586488,2.586488,2.586488,2.586488,2.586488,2.586488,udp,0.0,,cs0,,63.0,,1.0,,Status,2,2,0,84,84,0,42.0,0.0,129.905884,129.905884,0.0,0,0,0,0.0,,,0.386625,0.386625,0.0,REQ,,,,,0.0,0.0,0.0,0
379419,2.586488,2.586488,2.586488,2.586488,2.586488,2.586488,udp,0.0,,cs0,,63.0,,1.0,,Status,2,2,0,84,84,0,42.0,0.0,129.905884,129.905884,0.0,0,0,0,0.0,,,0.386625,0.386625,0.0,REQ,,,,,0.0,0.0,0.0,0
379424,2.584582,2.584582,2.584582,2.584582,2.584582,2.584582,udp,0.0,,cs0,,63.0,,1.0,,Status,2,2,0,84,84,0,42.0,0.0,130.001678,130.001678,0.0,0,0,0,0.0,,,0.38691,0.38691,0.0,REQ,,,,,0.0,0.0,0.0,0
379445,0.0,0.0,0.0,0.0,0.0,0.0,udp,0.0,,cs0,,63.0,,1.0,,Status,1,1,0,42,42,0,42.0,0.0,0.0,0.0,0.0,0,0,0,0.0,,,0.0,0.0,0.0,REQ,,,,,0.0,0.0,0.0,0
379460,2.578064,2.578064,2.578064,2.578064,2.578064,2.578064,udp,0.0,,cs0,,63.0,,1.0,,Status,2,2,0,84,84,0,42.0,0.0,130.330353,130.330353,0.0,0,0,0,0.0,,,0.387888,0.387888,0.0,REQ,,,,,0.0,0.0,0.0,0
379487,2.577163,2.577163,2.577163,2.577163,2.577163,2.577163,udp,0.0,,cs0,,63.0,,1.0,,Status,2,2,0,84,84,0,42.0,0.0,130.375916,130.375916,0.0,0,0,0,0.0,,,0.388024,0.388024,0.0,REQ,,,,,0.0,0.0,0.0,0
379491,0.0,0.0,0.0,0.0,0.0,0.0,udp,0.0,,cs0,,63.0,,1.0,,Status,1,1,0,42,42,0,42.0,0.0,0.0,0.0,0.0,0,0,0,0.0,,,0.0,0.0,0.0,REQ,,,,,0.0,0.0,0.0,0
379516,2.577092,2.577092,2.577092,2.577092,2.577092,2.577092,udp,0.0,,cs0,,63.0,,1.0,,Status,2,2,0,84,84,0,42.0,0.0,130.379517,130.379517,0.0,0,0,0,0.0,,,0.388034,0.388034,0.0,REQ,,,,,0.0,0.0,0.0,0
379552,2.571987,2.571987,2.571987,2.571987,2.571987,2.571987,udp,0.0,,cs0,,63.0,,1.0,,Status,2,2,0,84,84,0,42.0,0.0,130.638306,130.638306,0.0,0,0,0,0.0,,,0.388804,0.388804,0.0,REQ,,,,,0.0,0.0,0.0,0
379571,0.0,0.0,0.0,0.0,0.0,0.0,udp,0.0,,cs0,,63.0,,1.0,,Status,1,1,0,42,42,0,42.0,0.0,0.0,0.0,0.0,0,0,0,0.0,,,0.0,0.0,0.0,REQ,,,,,0.0,0.0,0.0,0
379652,2.578461,2.578461,2.578461,2.578461,2.578461,2.578461,udp,0.0,,cs0,,63.0,,1.0,,Status,2,2,0,84,84,0,42.0,0.0,130.310287,130.310287,0.0,0,0,0,0.0,,,0.387828,0.387828,0.0,REQ,,,,,0.0,0.0,0.0,0
379666,2.577179,2.577179,2.577179,2.577179,2.577179,2.577179,udp,0.0,,cs0,,63.0,,1.0,,Status,2,2,0,84,84,0,42.0,0.0,130.375107,130.375107,0.0,0,0,0,0.0,,,0.388021,0.388021,0.0,REQ,,,,,0.0,0.0,0.0,0
379820,2.578051,2.578051,2.578051,2.578051,2.578051,2.578051,udp,0.0,,cs0,,63.0,,1.0,,Status,2,2,0,84,84,0,42.0,0.0,130.331009,130.331009,0.0,0,0,0,0.0,,,0.38789,0.38789,0.0,REQ,,,,,0.0,0.0,0.0,0
379855,0.0,0.0,0.0,0.0,0.0,0.0,udp,0.0,,cs0,,63.0,,1.0,,Status,1,1,0,42,42,0,42.0,0.0,0.0,0.0,0.0,0,0,0,0.0,,,0.0,0.0,0.0,REQ,,,,,0.0,0.0,0.0,0
379878,0.0,0.0,0.0,0.0,0.0,0.0,udp,0.0,,cs0,,63.0,,1.0,,Status,1,1,0,42,42,0,42.0,0.0,0.0,0.0,0.0,0,0,0,0.0,,,0.0,0.0,0.0,REQ,,,,,0.0,0.0,0.0,0
379930,0.0,0.0,0.0,0.0,0.0,0.0,udp,0.0,,cs0,,63.0,,1.0,,Status,1,1,0,42,42,0,42.0,0.0,0.0,0.0,0.0,0,0,0,0.0,,,0.0,0.0,0.0,REQ,,,,,0.0,0.0,0.0,0
379964,2.578944,2.578944,2.578944,2.578944,2.578944,2.578944,udp,0.0,,cs0,,63.0,,1.0,,Status,2,2,0,84,84,0,42.0,0.0,130.285889,130.285889,0.0,0,0,0,0.0,,,0.387756,0.387756,0.0,REQ,,,,,0.0,0.0,0.0,0
379973,0.0,0.0,0.0,0.0,0.0,0.0,udp,0.0,,cs0,,63.0,,1.0,,Status,1,1,0,42,42,0,42.0,0.0,0.0,0.0,0.0,0,0,0,0.0,,,0.0,0.0,0.0,REQ,,,,,0.0,0.0,0.0,0
379988,0.0,0.0,0.0,0.0,0.0,0.0,udp,0.0,,cs0,,63.0,,1.0,,Status,1,1,0,42,42,0,42.0,0.0,0.0,0.0,0.0,0,0,0,0.0,,,0.0,0.0,0.0,REQ,,,,,0.0,0.0,0.0,0
380032,0.0,0.0,0.0,0.0,0.0,0.0,udp,0.0,,cs0,,63.0,,1.0,,Status,1,1,0,42,42,0,42.0,0.0,0.0,0.0,0.0,0,0,0,0.0,,,0.0,0.0,0.0,REQ,,,,,0.0,0.0,0.0,0
380062,2.575389,2.575389,2.575389,2.575389,2.575389,2.575389,udp,0.0,,cs0,,63.0,,1.0,,Status,2,2,0,84,84,0,42.0,0.0,130.465729,130.465729,0.0,0,0,0,0.0,,,0.388291,0.388291,0.0,REQ,,,,,0.0,0.0,0.0,0
380076,2.579234,2.579234,2.579234,2.579234,2.579234,2.579234,udp,0.0,,cs0,,63.0,,1.0,,Status,2,2,0,84,84,0,42.0,0.0,130.27124,130.27124,0.0,0,0,0,0.0,,,0.387712,0.387712,0.0,REQ,,,,,0.0,0.0,0.0,0
380113,2.573467,2.573467,2.573467,2.573467,2.573467,2.573467,udp,0.0,,cs0,,63.0,,1.0,,Status,2,2,0,84,84,0,42.0,0.0,130.563171,130.563171,0.0,0,0,0,0.0,,,0.388581,0.388581,0.0,REQ,,,,,0.0,0.0,0.0,0
380189,2.575215,2.575215,2.575215,2.575215,2.575215,2.575215,udp,0.0,,cs0,,63.0,,1.0,,Status,2,2,0,84,84,0,42.0,0.0,130.474533,130.474533,0.0,0,0,0,0.0,,,0.388317,0.388317,0.0,REQ,,,,,0.0,0.0,0.0,0
380264,0.0,0.0,0.0,0.0,0.0,0.0,udp,0.0,,cs0,,63.0,,1.0,,Status,1,1,0,42,42,0,42.0,0.0,0.0,0.0,0.0,0,0,0,0.0,,,0.0,0.0,0.0,REQ,,,,,0.0,0.0,0.0,0
380298,0.0,0.0,0.0,0.0,0.0,0.0,udp,0.0,,cs0,,63.0,,1.0,,Status,1,1,0,42,42,0,42.0,0.0,0.0,0.0,0.0,0,0,0,0.0,,,0.0,0.0,0.0,REQ,,,,,0.0,0.0,0.0,0
380320,0.0,0.0,0.0,0.0,0.0,0.0,udp,0.0,,cs0,,63.0,,1.0,,Status,1,1,0,42,42,0,42.0,0.0,0.0,0.0,0.0,0,0,0,0.0,,,0.0,0.0,0.0,REQ,,,,,0.0,0.0,0.0,0
380343,2.575154,2.575154,2.575154,2.575154,2.575154,2.575154,udp,0.0,,cs0,,63.0,,1.0,,Status,2,2,0,84,84,0,42.0,0.0,130.477631,130.477631,0.0,0,0,0,0.0,,,0.388326,0.388326,0.0,REQ,,,,,0.0,0.0,0.0,0
380451,0.0,0.0,0.0,0.0,0.0,0.0,udp,0.0,,cs0,,63.0,,1.0,,Status,1,1,0,42,42,0,42.0,0.0,0.0,0.0,0.0,0,0,0,0.0,,,0.0,0.0,0.0,REQ,,,,,0.0,0.0,0.0,0
380460,0.0,0.0,0.0,0.0,0.0,0.0,udp,0.0,,cs0,,63.0,,1.0,,Status,1,1,0,42,42,0,42.0,0.0,0.0,0.0,0.0,0,0,0,0.0,,,0.0,0.0,0.0,REQ,,,,,0.0,0.0,0.0,0
380494,2.57868,2.57868,2.57868,2.57868,2.57868,2.57868,udp,0.0,,cs0,,63.0,,1.0,,Status,2,2,0,84,84,0,42.0,0.0,130.299225,130.299225,0.0,0,0,0,0.0,,,0.387795,0.387795,0.0,REQ,,,,,0.0,0.0,0.0,0
380500,2.578901,2.578901,2.578901,2.578901,2.578901,2.578901,udp,0.0,,cs0,,63.0,,1.0,,Status,2,2,0,84,84,0,42.0,0.0,130.288055,130.288055,0.0,0,0,0,0.0,,,0.387762,0.387762,0.0,REQ,,,,,0.0,0.0,0.0,0
380503,2.578902,2.578902,2.578902,2.578902,2.578902,2.578902,udp,0.0,,cs0,,63.0,,1.0,,Status,2,2,0,84,84,0,42.0,0.0,130.28801,130.28801,0.0,0,0,0,0.0,,,0.387762,0.387762,0.0,REQ,,,,,0.0,0.0,0.0,0
380554,2.579261,2.579261,2.579261,2.579261,2.579261,2.579261,udp,0.0,,cs0,,63.0,,1.0,,Status,2,2,0,84,84,0,42.0,0.0,130.269867,130.269867,0.0,0,0,0,0.0,,,0.387708,0.387708,0.0,REQ,,,,,0.0,0.0,0.0,0
380573,0.0,0.0,0.0,0.0,0.0,0.0,udp,0.0,,cs0,,63.0,,1.0,,Status,1,1,0,42,42,0,42.0,0.0,0.0,0.0,0.0,0,0,0,0.0,,,0.0,0.0,0.0,REQ,,,,,0.0,0.0,0.0,0
380633,0.0,0.0,0.0,0.0,0.0,0.0,udp,0.0,,cs0,,63.0,,1.0,,Status,1,1,0,42,42,0,42.0,0.0,0.0,0.0,0.0,0,0,0,0.0,,,0.0,0.0,0.0,REQ,,,,,0.0,0.0,0.0,0
380636,0.0,0.0,0.0,0.0,0.0,0.0,udp,0.0,,cs0,,63.0,,1.0,,Status,1,1,0,42,42,0,42.0,0.0,0.0,0.0,0.0,0,0,0,0.0,,,0.0,0.0,0.0,REQ,,,,,0.0,0.0,0.0,0
380670,2.579855,2.579855,2.579855,2.579855,2.579855,2.579855,udp,0.0,,cs0,,63.0,,1.0,,Status,2,2,0,84,84,0,42.0,0.0,130.239883,130.239883,0.0,0,0,0,0.0,,,0.387619,0.387619,0.0,REQ,,,,,0.0,0.0,0.0,0
380700,2.582136,2.582136,2.582136,2.582136,2.582136,2.582136,udp,0.0,,cs0,,63.0,,1.0,,Status,2,2,0,84,84,0,42.0,0.0,130.124832,130.124832,0.0,0,0,0,0.0,,,0.387276,0.387276,0.0,REQ,,,,,0.0,0.0,0.0,0
380702,2.582136,2.582136,2.582136,2.582136,2.582136,2.582136,udp,0.0,,cs0,,63.0,,1.0,,Status,2,2,0,84,84,0,42.0,0.0,130.124832,130.124832,0.0,0,0,0,0.0,,,0.387276,0.387276,0.0,REQ,,,,,0.0,0.0,0.0,0
380892,2.574504,2.574504,2.574504,2.574504,2.574504,2.574504,udp,0.0,,cs0,,63.0,,1.0,,Status,2,2,0,84,84,0,42.0,0.0,130.510574,130.510574,0.0,0,0,0,0.0,,,0.388424,0.388424,0.0,REQ,,,,,0.0,0.0,0.0,0
380923,0.0,0.0,0.0,0.0,0.0,0.0,udp,0.0,,cs0,,63.0,,1.0,,Status,1,1,0,42,42,0,42.0,0.0,0.0,0.0,0.0,0,0,0,0.0,,,0.0,0.0,0.0,REQ,,,,,0.0,0.0,0.0,0
380927,0.0,0.0,0.0,0.0,0.0,0.0,udp,0.0,,cs0,,63.0,,1.0,,Status,1,1,0,42,42,0,42.0,0.0,0.0,0.0,0.0,0,0,0,0.0,,,0.0,0.0,0.0,REQ,,,,,0.0,0.0,0.0,0
380943,2.579592,2.579592,2.579592,2.579592,2.579592,2.579592,udp,0.0,,cs0,,63.0,,1.0,,Status,2,2,0,84,84,0,42.0,0.0,130.253159,130.253159,0.0,0,0,0,0.0,,,0.387658,0.387658,0.0,REQ,,,,,0.0,0.0,0.0,0
381020,2.57894,2.57894,2.57894,2.57894,2.57894,2.57894,udp,0.0,,cs0,,63.0,,1.0,,Status,2,2,0,84,84,0,42.0,0.0,130.286087,130.286087,0.0,0,0,0,0.0,,,0.387756,0.387756,0.0,REQ,,,,,0.0,0.0,0.0,0
381041,0.0,0.0,0.0,0.0,0.0,0.0,udp,0.0,,cs0,,63.0,,1.0,,Status,1,1,0,42,42,0,42.0,0.0,0.0,0.0,0.0,0,0,0,0.0,,,0.0,0.0,0.0,REQ,,,,,0.0,0.0,0.0,0
381098,0.0,0.0,0.0,0.0,0.0,0.0,udp,0.0,,cs0,,63.0,,1.0,,Status,1,1,0,42,42,0,42.0,0.0,0.0,0.0,0.0,0,0,0,0.0,,,0.0,0.0,0.0,REQ,,,,,0.0,0.0,0.0,0
381133,2.578714,2.578714,2.578714,2.578714,2.578714,2.578714,udp,0.0,,cs0,,63.0,,1.0,,Status,2,2,0,84,84,0,42.0,0.0,130.297516,130.297516,0.0,0,0,0,0.0,,,0.38779,0.38779,0.0,REQ,,,,,0.0,0.0,0.0,0
381164,2.578037,2.578037,2.578037,2.578037,2.578037,2.578037,udp,0.0,,cs0,,63.0,,1.0,,Status,2,2,0,84,84,0,42.0,0.0,130.331726,130.331726,0.0,0,0,0,0.0,,,0.387892,0.387892,0.0,REQ,,,,,0.0,0.0,0.0,0
381197,2.579004,2.579004,2.579004,2.579004,2.579004,2.579004,udp,0.0,,cs0,,63.0,,1.0,,Status,2,2,0,84,84,0,42.0,0.0,130.282852,130.282852,0.0,0,0,0,0.0,,,0.387747,0.387747,0.0,REQ,,,,,0.0,0.0,0.0,0
381201,2.579003,2.579003,2.579003,2.579003,2.579003,2.579003,udp,0.0,,cs0,,63.0,,1.0,,Status,2,2,0,84,84,0,42.0,0.0,130.282898,130.282898,0.0,0,0,0,0.0,,,0.387747,0.387747,0.0,REQ,,,,,0.0,0.0,0.0,0
381204,2.579003,2.579003,2.579003,2.579003,2.579003,2.579003,udp,0.0,,cs0,,63.0,,1.0,,Status,2,2,0,84,84,0,42.0,0.0,130.282898,130.282898,0.0,0,0,0,0.0,,,0.387747,0.387747,0.0,REQ,,,,,0.0,0.0,0.0,0
381249,0.0,0.0,0.0,0.0,0.0,0.0,udp,0.0,,cs0,,63.0,,1.0,,Status,1,1,0,42,42,0,42.0,0.0,0.0,0.0,0.0,0,0,0,0.0,,,0.0,0.0,0.0,REQ,,,,,0.0,0.0,0.0,0
381272,2.577661,2.577661,2.577661,2.577661,2.577661,2.577661,udp,0.0,,cs0,,63.0,,1.0,,Status,2,2,0,84,84,0,42.0,0.0,130.350723,130.350723,0.0,0,0,0,0.0,,,0.387949,0.387949,0.0,REQ,,,,,0.0,0.0,0.0,0
381325,2.581511,2.581511,2.581511,2.581511,2.581511,2.581511,udp,0.0,,cs0,,63.0,,1.0,,Status,2,2,0,84,84,0,42.0,0.0,130.156326,130.156326,0.0,0,0,0,0.0,,,0.38737,0.38737,0.0,REQ,,,,,0.0,0.0,0.0,0
381343,2.577707,2.577707,2.577707,2.577707,2.577707,2.577707,udp,0.0,,cs0,,63.0,,1.0,,Status,2,2,0,84,84,0,42.0,0.0,130.348404,130.348404,0.0,0,0,0,0.0,,,0.387942,0.387942,0.0,REQ,,,,,0.0,0.0,0.0,0
381351,0.0,0.0,0.0,0.0,0.0,0.0,udp,0.0,,cs0,,63.0,,1.0,,Status,1,1,0,42,42,0,42.0,0.0,0.0,0.0,0.0,0,0,0,0.0,,,0.0,0.0,0.0,REQ,,,,,0.0,0.0,0.0,0
381364,0.0,0.0,0.0,0.0,0.0,0.0,udp,0.0,,cs0,,63.0,,1.0,,Status,1,1,0,42,42,0,42.0,0.0,0.0,0.0,0.0,0,0,0,0.0,,,0.0,0.0,0.0,REQ,,,,,0.0,0.0,0.0,0
381412,2.57792,2.57792,2.57792,2.57792,2.57792,2.57792,udp,0.0,,cs0,,63.0,,1.0,,Status,2,2,0,84,84,0,42.0,0.0,130.337631,130.337631,0.0,0,0,0,0.0,,,0.38791,0.38791,0.0,REQ,,,,,0.0,0.0,0.0,0
381457,0.0,0.0,0.0,0.0,0.0,0.0,udp,0.0,,cs0,,63.0,,1.0,,Status,1,1,0,42,42,0,42.0,0.0,0.0,0.0,0.0,0,0,0,0.0,,,0.0,0.0,0.0,REQ,,,,,0.0,0.0,0.0,0
381543,0.0,0.0,0.0,0.0,0.0,0.0,udp,0.0,,cs0,,63.0,,1.0,,Status,1,1,0,42,42,0,42.0,0.0,0.0,0.0,0.0,0,0,0,0.0,,,0.0,0.0,0.0,REQ,,,,,0.0,0.0,0.0,0
381566,2.577867,2.577867,2.577867,2.577867,2.577867,2.577867,udp,0.0,,cs0,,63.0,,1.0,,Status,2,2,0,84,84,0,42.0,0.0,130.340317,130.340317,0.0,0,0,0,0.0,,,0.387918,0.387918,0.0,REQ,,,,,0.0,0.0,0.0,0
381612,2.583898,2.583898,2.583898,2.583898,2.583898,2.583898,udp,0.0,,cs0,,63.0,,1.0,,Status,2,2,0,84,84,0,42.0,0.0,130.036087,130.036087,0.0,0,0,0,0.0,,,0.387012,0.387012,0.0,REQ,,,,,0.0,0.0,0.0,0
381618,2.58391,2.58391,2.58391,2.58391,2.58391,2.58391,udp,0.0,,cs0,,63.0,,1.0,,Status,2,2,0,84,84,0,42.0,0.0,130.035492,130.035492,0.0,0,0,0,0.0,,,0.38701,0.38701,0.0,REQ,,,,,0.0,0.0,0.0,0
381637,2.576757,2.576757,2.576757,2.576757,2.576757,2.576757,udp,0.0,,cs0,,63.0,,1.0,,Status,2,2,0,84,84,0,42.0,0.0,130.396469,130.396469,0.0,0,0,0,0.0,,,0.388085,0.388085,0.0,REQ,,,,,0.0,0.0,0.0,0
381640,2.577754,2.577754,2.577754,2.577754,2.577754,2.577754,udp,0.0,,cs0,,63.0,,1.0,,Status,2,2,0,84,84,0,42.0,0.0,130.346024,130.346024,0.0,0,0,0,0.0,,,0.387935,0.387935,0.0,REQ,,,,,0.0,0.0,0.0,0
381696,0.0,0.0,0.0,0.0,0.0,0.0,udp,0.0,,cs0,,63.0,,1.0,,Status,1,1,0,42,42,0,42.0,0.0,0.0,0.0,0.0,0,0,0,0.0,,,0.0,0.0,0.0,REQ,,,,,0.0,0.0,0.0,0
381717,0.0,0.0,0.0,0.0,0.0,0.0,udp,0.0,,cs0,,63.0,,1.0,,Status,1,1,0,42,42,0,42.0,0.0,0.0,0.0,0.0,0,0,0,0.0,,,0.0,0.0,0.0,REQ,,,,,0.0,0.0,0.0,0
381738,2.581072,2.581072,2.581072,2.581072,2.581072,2.581072,udp,0.0,,cs0,,63.0,,1.0,,Status,2,2,0,84,84,0,42.0,0.0,130.178467,130.178467,0.0,0,0,0,0.0,,,0.387436,0.387436,0.0,REQ,,,,,0.0,0.0,0.0,0
381755,0.0,0.0,0.0,0.0,0.0,0.0,udp,0.0,,cs0,,63.0,,1.0,,Status,1,1,0,42,42,0,42.0,0.0,0.0,0.0,0.0,0,0,0,0.0,,,0.0,0.0,0.0,REQ,,,,,0.0,0.0,0.0,0
381775,0.0,0.0,0.0,0.0,0.0,0.0,udp,0.0,,cs0,,63.0,,1.0,,Status,1,1,0,42,42,0,42.0,0.0,0.0,0.0,0.0,0,0,0,0.0,,,0.0,0.0,0.0,REQ,,,,,0.0,0.0,0.0,0
381816,0.0,0.0,0.0,0.0,0.0,0.0,udp,0.0,,cs0,,63.0,,1.0,,Status,1,1,0,42,42,0,42.0,0.0,0.0,0.0,0.0,0,0,0,0.0,,,0.0,0.0,0.0,REQ,,,,,0.0,0.0,0.0,0
381855,0.0,0.0,0.0,0.0,0.0,0.0,udp,0.0,,cs0,,63.0,,1.0,,Status,1,1,0,42,42,0,42.0,0.0,0.0,0.0,0.0,0,0,0,0.0,,,0.0,0.0,0.0,REQ,,,,,0.0,0.0,0.0,0
381939,2.578968,2.578968,2.578968,2.578968,2.578968,2.578968,udp,0.0,,cs0,,63.0,,1.0,,Status,2,2,0,84,84,0,42.0,0.0,130.284668,130.284668,0.0,0,0,0,0.0,,,0.387752,0.387752,0.0,REQ,,,,,0.0,0.0,0.0,0
382001,2.582058,2.582058,2.582058,2.582058,2.582058,2.582058,udp,0.0,,cs0,,63.0,,1.0,,Status,2,2,0,84,84,0,42.0,0.0,130.128754,130.128754,0.0,0,0,0,0.0,,,0.387288,0.387288,0.0,REQ,,,,,0.0,0.0,0.0,0
382004,2.581429,2.581429,2.581429,2.581429,2.581429,2.581429,udp,0.0,,cs0,,63.0,,1.0,,Status,2,2,0,84,84,0,42.0,0.0,130.160461,130.160461,0.0,0,0,0,0.0,,,0.387382,0.387382,0.0,REQ,,,,,0.0,0.0,0.0,0
382092,2.5829,2.5829,2.5829,2.5829,2.5829,2.5829,udp,0.0,,cs0,,63.0,,1.0,,Status,2,2,0,84,84,0,42.0,0.0,130.086334,130.086334,0.0,0,0,0,0.0,,,0.387162,0.387162,0.0,REQ,,,,,0.0,0.0,0.0,0
382125,0.0,0.0,0.0,0.0,0.0,0.0,udp,0.0,,cs0,,63.0,,1.0,,Status,1,1,0,42,42,0,42.0,0.0,0.0,0.0,0.0,0,0,0,0.0,,,0.0,0.0,0.0,REQ,,,,,0.0,0.0,0.0,0
382143,0.0,0.0,0.0,0.0,0.0,0.0,udp,0.0,,cs0,,63.0,,1.0,,Status,1,1,0,42,42,0,42.0,0.0,0.0,0.0,0.0,0,0,0,0.0,,,0.0,0.0,0.0,REQ,,,,,0.0,0.0,0.0,0
382235,0.0,0.0,0.0,0.0,0.0,0.0,udp,0.0,,cs0,,63.0,,1.0,,Status,1,1,0,42,42,0,42.0,0.0,0.0,0.0,0.0,0,0,0,0.0,,,0.0,0.0,0.0,REQ,,,,,0.0,0.0,0.0,0
382237,0.0,0.0,0.0,0.0,0.0,0.0,udp,0.0,,cs0,,63.0,,1.0,,Status,1,1,0,42,42,0,42.0,0.0,0.0,0.0,0.0,0,0,0,0.0,,,0.0,0.0,0.0,REQ,,,,,0.0,0.0,0.0,0
382418,2.570842,2.570842,2.570842,2.570842,2.570842,2.570842,udp,0.0,,cs0,,63.0,,1.0,,Status,2,2,0,84,84,0,42.0,0.0,130.696472,130.696472,0.0,0,0,0,0.0,,,0.388978,0.388978,0.0,REQ,,,,,0.0,0.0,0.0,0
382439,2.571649,2.571649,2.571649,2.571649,2.571649,2.571649,udp,0.0,,cs0,,63.0,,1.0,,Status,2,2,0,84,84,0,42.0,0.0,130.655457,130.655457,0.0,0,0,0,0.0,,,0.388856,0.388856,0.0,REQ,,,,,0.0,0.0,0.0,0
382444,2.57247,2.57247,2.57247,2.57247,2.57247,2.57247,udp,0.0,,cs0,,63.0,,1.0,,Status,2,2,0,84,84,0,42.0,0.0,130.61377,130.61377,0.0,0,0,0,0.0,,,0.388731,0.388731,0.0,REQ,,,,,0.0,0.0,0.0,0
382490,2.579874,2.579874,2.579874,2.579874,2.579874,2.579874,udp,0.0,,cs0,,63.0,,1.0,,Status,2,2,0,84,84,0,42.0,0.0,130.238922,130.238922,0.0,0,0,0,0.0,,,0.387616,0.387616,0.0,REQ,,,,,0.0,0.0,0.0,0
382506,2.582104,2.582104,2.582104,2.582104,2.582104,2.582104,udp,0.0,,cs0,,63.0,,1.0,,Status,2,2,0,84,84,0,42.0,0.0,130.126434,130.126434,0.0,0,0,0,0.0,,,0.387281,0.387281,0.0,REQ,,,,,0.0,0.0,0.0,0
382739,2.577963,2.577963,2.577963,2.577963,2.577963,2.577963,udp,0.0,,cs0,,63.0,,1.0,,Status,2,2,0,84,84,0,42.0,0.0,130.335449,130.335449,0.0,0,0,0,0.0,,,0.387903,0.387903,0.0,REQ,,,,,0.0,0.0,0.0,0
382771,0.0,0.0,0.0,0.0,0.0,0.0,udp,0.0,,cs0,,63.0,,1.0,,Status,1,1,0,42,42,0,42.0,0.0,0.0,0.0,0.0,0,0,0,0.0,,,0.0,0.0,0.0,REQ,,,,,0.0,0.0,0.0,0
382885,0.0,0.0,0.0,0.0,0.0,0.0,udp,0.0,,cs0,,63.0,,1.0,,Status,1,1,0,42,42,0,42.0,0.0,0.0,0.0,0.0,0,0,0,0.0,,,0.0,0.0,0.0,REQ,,,,,0.0,0.0,0.0,0
382989,2.580242,2.580242,2.580242,2.580242,2.580242,2.580242,udp,0.0,,cs0,,63.0,,1.0,,Status,2,2,0,84,84,0,42.0,0.0,130.220352,130.220352,0.0,0,0,0,0.0,,,0.387561,0.387561,0.0,REQ,,,,,0.0,0.0,0.0,0
383040,2.580002,2.580002,2.580002,2.580002,2.580002,2.580002,udp,0.0,,cs0,,63.0,,1.0,,Status,2,2,0,84,84,0,42.0,0.0,130.232452,130.232452,0.0,0,0,0,0.0,,,0.387597,0.387597,0.0,REQ,,,,,0.0,0.0,0.0,0
383044,2.580059,2.580059,2.580059,2.580059,2.580059,2.580059,udp,0.0,,cs0,,63.0,,1.0,,Status,2,2,0,84,84,0,42.0,0.0,130.229584,130.229584,0.0,0,0,0,0.0,,,0.387588,0.387588,0.0,REQ,,,,,0.0,0.0,0.0,0
383061,0.0,0.0,0.0,0.0,0.0,0.0,udp,0.0,,cs0,,63.0,,1.0,,Status,1,1,0,42,42,0,42.0,0.0,0.0,0.0,0.0,0,0,0,0.0,,,0.0,0.0,0.0,REQ,,,,,0.0,0.0,0.0,0
383283,2.576318,2.576318,2.576318,2.576318,2.576318,2.576318,udp,0.0,,cs0,,63.0,,1.0,,Status,2,2,0,84,84,0,42.0,0.0,130.418686,130.418686,0.0,0,0,0,0.0,,,0.388151,0.388151,0.0,REQ,,,,,0.0,0.0,0.0,0
383296,2.576066,2.576066,2.576066,2.576066,2.576066,2.576066,udp,0.0,,cs0,,63.0,,1.0,,Status,2,2,0,84,84,0,42.0,0.0,130.431442,130.431442,0.0,0,0,0,0.0,,,0.388189,0.388189,0.0,REQ,,,,,0.0,0.0,0.0,0
383297,2.576066,2.576066,2.576066,2.576066,2.576066,2.576066,udp,0.0,,cs0,,63.0,,1.0,,Status,2,2,0,84,84,0,42.0,0.0,130.431442,130.431442,0.0,0,0,0,0.0,,,0.388189,0.388189,0.0,REQ,,,,,0.0,0.0,0.0,0
383354,0.0,0.0,0.0,0.0,0.0,0.0,udp,0.0,,cs0,,63.0,,1.0,,Status,1,1,0,42,42,0,42.0,0.0,0.0,0.0,0.0,0,0,0,0.0,,,0.0,0.0,0.0,REQ,,,,,0.0,0.0,0.0,0
383364,2.570954,2.570954,2.570954,2.570954,2.570954,2.570954,udp,0.0,,cs0,,63.0,,1.0,,Status,2,2,0,84,84,0,42.0,0.0,130.690781,130.690781,0.0,0,0,0,0.0,,,0.388961,0.388961,0.0,REQ,,,,,0.0,0.0,0.0,0
383468,0.0,0.0,0.0,0.0,0.0,0.0,udp,0.0,,cs0,,63.0,,1.0,,Status,1,1,0,42,42,0,42.0,0.0,0.0,0.0,0.0,0,0,0,0.0,,,0.0,0.0,0.0,REQ,,,,,0.0,0.0,0.0,0
383504,0.0,0.0,0.0,0.0,0.0,0.0,udp,0.0,,cs0,,63.0,,1.0,,Status,1,1,0,42,42,0,42.0,0.0,0.0,0.0,0.0,0,0,0,0.0,,,0.0,0.0,0.0,REQ,,,,,0.0,0.0,0.0,0
383555,2.578619,2.578619,2.578619,2.578619,2.578619,2.578619,udp,0.0,,cs0,,63.0,,1.0,,Status,2,2,0,84,84,0,42.0,0.0,130.302307,130.302307,0.0,0,0,0,0.0,,,0.387804,0.387804,0.0,REQ,,,,,0.0,0.0,0.0,0
383617,2.58493,2.58493,2.58493,2.58493,2.58493,2.58493,udp,0.0,,cs0,,63.0,,1.0,,Status,2,2,0,84,84,0,42.0,0.0,129.984177,129.984177,0.0,0,0,0,0.0,,,0.386858,0.386858,0.0,REQ,,,,,0.0,0.0,0.0,0
383626,0.0,0.0,0.0,0.0,0.0,0.0,udp,0.0,,cs0,,63.0,,1.0,,Status,1,1,0,42,42,0,42.0,0.0,0.0,0.0,0.0,0,0,0,0.0,,,0.0,0.0,0.0,REQ,,,,,0.0,0.0,0.0,0
383661,0.0,0.0,0.0,0.0,0.0,0.0,udp,0.0,,cs0,,63.0,,1.0,,Status,1,1,0,42,42,0,42.0,0.0,0.0,0.0,0.0,0,0,0,0.0,,,0.0,0.0,0.0,REQ,,,,,0.0,0.0,0.0,0
383680,0.0,0.0,0.0,0.0,0.0,0.0,udp,0.0,,cs0,,63.0,,1.0,,Status,1,1,0,42,42,0,42.0,0.0,0.0,0.0,0.0,0,0,0,0.0,,,0.0,0.0,0.0,REQ,,,,,0.0,0.0,0.0,0
383699,0.0,0.0,0.0,0.0,0.0,0.0,udp,0.0,,cs0,,63.0,,1.0,,Status,1,1,0,42,42,0,42.0,0.0,0.0,0.0,0.0,0,0,0,0.0,,,0.0,0.0,0.0,REQ,,,,,0.0,0.0,0.0,0
383710,0.0,0.0,0.0,0.0,0.0,0.0,udp,0.0,,cs0,,63.0,,1.0,,Status,1,1,0,42,42,0,42.0,0.0,0.0,0.0,0.0,0,0,0,0.0,,,0.0,0.0,0.0,REQ,,,,,0.0,0.0,0.0,0
383720,2.580762,2.580762,2.580762,2.580762,2.580762,2.580762,udp,0.0,,cs0,,63.0,,1.0,,Status,2,2,0,84,84,0,42.0,0.0,130.194107,130.194107,0.0,0,0,0,0.0,,,0.387482,0.387482,0.0,REQ,,,,,0.0,0.0,0.0,0
383806,0.0,0.0,0.0,0.0,0.0,0.0,udp,0.0,,cs0,,63.0,,1.0,,Status,1,1,0,42,42,0,42.0,0.0,0.0,0.0,0.0,0,0,0,0.0,,,0.0,0.0,0.0,REQ,,,,,0.0,0.0,0.0,0
383808,0.0,0.0,0.0,0.0,0.0,0.0,udp,0.0,,cs0,,63.0,,1.0,,Status,1,1,0,42,42,0,42.0,0.0,0.0,0.0,0.0,0,0,0,0.0,,,0.0,0.0,0.0,REQ,,,,,0.0,0.0,0.0,0
383818,0.0,0.0,0.0,0.0,0.0,0.0,udp,0.0,,cs0,,63.0,,1.0,,Status,1,1,0,42,42,0,42.0,0.0,0.0,0.0,0.0,0,0,0,0.0,,,0.0,0.0,0.0,REQ,,,,,0.0,0.0,0.0,0
383899,2.575443,2.575443,2.575443,2.575443,2.575443,2.575443,udp,0.0,,cs0,,63.0,,1.0,,Status,2,2,0,84,84,0,42.0,0.0,130.462997,130.462997,0.0,0,0,0,0.0,,,0.388283,0.388283,0.0,REQ,,,,,0.0,0.0,0.0,0
383972,0.0,0.0,0.0,0.0,0.0,0.0,udp,0.0,,cs0,,63.0,,1.0,,Status,1,1,0,42,42,0,42.0,0.0,0.0,0.0,0.0,0,0,0,0.0,,,0.0,0.0,0.0,REQ,,,,,0.0,0.0,0.0,0
384004,0.0,0.0,0.0,0.0,0.0,0.0,udp,0.0,,cs0,,63.0,,1.0,,Status,1,1,0,42,42,0,42.0,0.0,0.0,0.0,0.0,0,0,0,0.0,,,0.0,0.0,0.0,REQ,,,,,0.0,0.0,0.0,0
384021,0.0,0.0,0.0,0.0,0.0,0.0,udp,0.0,,cs0,,63.0,,1.0,,Status,1,1,0,42,42,0,42.0,0.0,0.0,0.0,0.0,0,0,0,0.0,,,0.0,0.0,0.0,REQ,,,,,0.0,0.0,0.0,0
384035,0.0,0.0,0.0,0.0,0.0,0.0,udp,0.0,,cs0,,63.0,,1.0,,Status,1,1,0,42,42,0,42.0,0.0,0.0,0.0,0.0,0,0,0,0.0,,,0.0,0.0,0.0,REQ,,,,,0.0,0.0,0.0,0
384106,0.0,0.0,0.0,0.0,0.0,0.0,udp,0.0,,cs0,,63.0,,1.0,,Status,1,1,0,42,42,0,42.0,0.0,0.0,0.0,0.0,0,0,0,0.0,,,0.0,0.0,0.0,REQ,,,,,0.0,0.0,0.0,0
384157,0.0,0.0,0.0,0.0,0.0,0.0,udp,0.0,,cs0,,63.0,,1.0,,Status,1,1,0,42,42,0,42.0,0.0,0.0,0.0,0.0,0,0,0,0.0,,,0.0,0.0,0.0,REQ,,,,,0.0,0.0,0.0,0
384169,0.0,0.0,0.0,0.0,0.0,0.0,udp,0.0,,cs0,,63.0,,1.0,,Status,1,1,0,42,42,0,42.0,0.0,0.0,0.0,0.0,0,0,0,0.0,,,0.0,0.0,0.0,REQ,,,,,0.0,0.0,0.0,0
384175,0.0,0.0,0.0,0.0,0.0,0.0,udp,0.0,,cs0,,63.0,,1.0,,Status,1,1,0,42,42,0,42.0,0.0,0.0,0.0,0.0,0,0,0,0.0,,,0.0,0.0,0.0,REQ,,,,,0.0,0.0,0.0,0
384223,0.0,0.0,0.0,0.0,0.0,0.0,udp,0.0,,cs0,,63.0,,1.0,,Status,1,1,0,42,42,0,42.0,0.0,0.0,0.0,0.0,0,0,0,0.0,,,0.0,0.0,0.0,REQ,,,,,0.0,0.0,0.0,0
384245,2.577244,2.577244,2.577244,2.577244,2.577244,2.577244,udp,0.0,,cs0,,63.0,,1.0,,Status,2,2,0,84,84,0,42.0,0.0,130.371826,130.371826,0.0,0,0,0,0.0,,,0.388011,0.388011,0.0,REQ,,,,,0.0,0.0,0.0,0
384406,2.575392,2.575392,2.575392,2.575392,2.575392,2.575392,udp,0.0,,cs0,,63.0,,1.0,,Status,2,2,0,84,84,0,42.0,0.0,130.465576,130.465576,0.0,0,0,0,0.0,,,0.38829,0.38829,0.0,REQ,,,,,0.0,0.0,0.0,0
384541,2.578636,2.578636,2.578636,2.578636,2.578636,2.578636,udp,0.0,,cs0,,63.0,,1.0,,Status,2,2,0,84,84,0,42.0,0.0,130.301453,130.301453,0.0,0,0,0,0.0,,,0.387802,0.387802,0.0,REQ,,,,,0.0,0.0,0.0,0
384564,0.0,0.0,0.0,0.0,0.0,0.0,udp,0.0,,cs0,,63.0,,1.0,,Status,1,1,0,42,42,0,42.0,0.0,0.0,0.0,0.0,0,0,0,0.0,,,0.0,0.0,0.0,REQ,,,,,0.0,0.0,0.0,0
384593,2.578952,2.578952,2.578952,2.578952,2.578952,2.578952,udp,0.0,,cs0,,63.0,,1.0,,Status,2,2,0,84,84,0,42.0,0.0,130.285477,130.285477,0.0,0,0,0,0.0,,,0.387754,0.387754,0.0,REQ,,,,,0.0,0.0,0.0,0
384652,0.0,0.0,0.0,0.0,0.0,0.0,udp,0.0,,cs0,,63.0,,1.0,,Status,1,1,0,42,42,0,42.0,0.0,0.0,0.0,0.0,0,0,0,0.0,,,0.0,0.0,0.0,REQ,,,,,0.0,0.0,0.0,0
384668,0.0,0.0,0.0,0.0,0.0,0.0,udp,0.0,,cs0,,63.0,,1.0,,Status,1,1,0,42,42,0,42.0,0.0,0.0,0.0,0.0,0,0,0,0.0,,,0.0,0.0,0.0,REQ,,,,,0.0,0.0,0.0,0
384703,2.579223,2.579223,2.579223,2.579223,2.579223,2.579223,udp,0.0,,cs0,,63.0,,1.0,,Status,2,2,0,84,84,0,42.0,0.0,130.27179,130.27179,0.0,0,0,0,0.0,,,0.387714,0.387714,0.0,REQ,,,,,0.0,0.0,0.0,0
384709,0.0,0.0,0.0,0.0,0.0,0.0,udp,0.0,,cs0,,63.0,,1.0,,Status,1,1,0,42,42,0,42.0,0.0,0.0,0.0,0.0,0,0,0,0.0,,,0.0,0.0,0.0,REQ,,,,,0.0,0.0,0.0,0
384772,0.0,0.0,0.0,0.0,0.0,0.0,udp,0.0,,cs0,,63.0,,1.0,,Status,1,1,0,42,42,0,42.0,0.0,0.0,0.0,0.0,0,0,0,0.0,,,0.0,0.0,0.0,REQ,,,,,0.0,0.0,0.0,0
384810,0.0,0.0,0.0,0.0,0.0,0.0,udp,0.0,,cs0,,63.0,,1.0,,Status,1,1,0,42,42,0,42.0,0.0,0.0,0.0,0.0,0,0,0,0.0,,,0.0,0.0,0.0,REQ,,,,,0.0,0.0,0.0,0
384814,2.580846,2.580846,2.580846,2.580846,2.580846,2.580846,udp,0.0,,cs0,,63.0,,1.0,,Status,2,2,0,84,84,0,42.0,0.0,130.189865,130.189865,0.0,0,0,0,0.0,,,0.38747,0.38747,0.0,REQ,,,,,0.0,0.0,0.0,0
384822,2.580859,2.580859,2.580859,2.580859,2.580859,2.580859,udp,0.0,,cs0,,63.0,,1.0,,Status,2,2,0,84,84,0,42.0,0.0,130.189209,130.189209,0.0,0,0,0,0.0,,,0.387468,0.387468,0.0,REQ,,,,,0.0,0.0,0.0,0
384856,0.0,0.0,0.0,0.0,0.0,0.0,udp,0.0,,cs0,,63.0,,1.0,,Status,1,1,0,42,42,0,42.0,0.0,0.0,0.0,0.0,0,0,0,0.0,,,0.0,0.0,0.0,REQ,,,,,0.0,0.0,0.0,0
384933,2.584082,2.584082,2.584082,2.584082,2.584082,2.584082,udp,0.0,,cs0,,63.0,,1.0,,Status,2,2,0,84,84,0,42.0,0.0,130.02684,130.02684,0.0,0,0,0,0.0,,,0.386985,0.386985,0.0,REQ,,,,,0.0,0.0,0.0,0
384986,2.579398,2.579398,2.579398,2.579398,2.579398,2.579398,udp,0.0,,cs0,,63.0,,1.0,,Status,2,2,0,84,84,0,42.0,0.0,130.262955,130.262955,0.0,0,0,0,0.0,,,0.387687,0.387687,0.0,REQ,,,,,0.0,0.0,0.0,0
385016,0.0,0.0,0.0,0.0,0.0,0.0,udp,0.0,,cs0,,63.0,,1.0,,Status,1,1,0,42,42,0,42.0,0.0,0.0,0.0,0.0,0,0,0,0.0,,,0.0,0.0,0.0,REQ,,,,,0.0,0.0,0.0,0
385050,2.576262,2.576262,2.576262,2.576262,2.576262,2.576262,udp,0.0,,cs0,,63.0,,1.0,,Status,2,2,0,84,84,0,42.0,0.0,130.421524,130.421524,0.0,0,0,0,0.0,,,0.388159,0.388159,0.0,REQ,,,,,0.0,0.0,0.0,0
385092,2.575142,2.575142,2.575142,2.575142,2.575142,2.575142,udp,0.0,,cs0,,63.0,,1.0,,Status,2,2,0,84,84,0,42.0,0.0,130.478241,130.478241,0.0,0,0,0,0.0,,,0.388328,0.388328,0.0,REQ,,,,,0.0,0.0,0.0,0
385128,2.569821,2.569821,2.569821,2.569821,2.569821,2.569821,udp,0.0,,cs0,,63.0,,1.0,,Status,2,2,0,84,84,0,42.0,0.0,130.748413,130.748413,0.0,0,0,0,0.0,,,0.389132,0.389132,0.0,REQ,,,,,0.0,0.0,0.0,0
385223,0.0,0.0,0.0,0.0,0.0,0.0,udp,0.0,,cs0,,63.0,,1.0,,Status,1,1,0,42,42,0,42.0,0.0,0.0,0.0,0.0,0,0,0,0.0,,,0.0,0.0,0.0,REQ,,,,,0.0,0.0,0.0,0
385237,2.582018,2.582018,2.582018,2.582018,2.582018,2.582018,udp,0.0,,cs0,,63.0,,1.0,,Status,2,2,0,84,84,0,42.0,0.0,130.130783,130.130783,0.0,0,0,0,0.0,,,0.387294,0.387294,0.0,REQ,,,,,0.0,0.0,0.0,0
385357,0.0,0.0,0.0,0.0,0.0,0.0,udp,0.0,,cs0,,63.0,,1.0,,Status,1,1,0,42,42,0,42.0,0.0,0.0,0.0,0.0,0,0,0,0.0,,,0.0,0.0,0.0,REQ,,,,,0.0,0.0,0.0,0
385384,2.583845,2.583845,2.583845,2.583845,2.583845,2.583845,udp,0.0,,cs0,,63.0,,1.0,,Status,2,2,0,84,84,0,42.0,0.0,130.038773,130.038773,0.0,0,0,0,0.0,,,0.38702,0.38702,0.0,REQ,,,,,0.0,0.0,0.0,0
385411,0.0,0.0,0.0,0.0,0.0,0.0,udp,0.0,,cs0,,63.0,,1.0,,Status,1,1,0,42,42,0,42.0,0.0,0.0,0.0,0.0,0,0,0,0.0,,,0.0,0.0,0.0,REQ,,,,,0.0,0.0,0.0,0
385496,2.579698,2.579698,2.579698,2.579698,2.579698,2.579698,udp,0.0,,cs0,,63.0,,1.0,,Status,2,2,0,84,84,0,42.0,0.0,130.247803,130.247803,0.0,0,0,0,0.0,,,0.387642,0.387642,0.0,REQ,,,,,0.0,0.0,0.0,0
385530,2.575631,2.575631,2.575631,2.575631,2.575631,2.575631,udp,0.0,,cs0,,63.0,,1.0,,Status,2,2,0,84,84,0,42.0,0.0,130.453476,130.453476,0.0,0,0,0,0.0,,,0.388254,0.388254,0.0,REQ,,,,,0.0,0.0,0.0,0
385647,2.577146,2.577146,2.577146,2.577146,2.577146,2.577146,udp,0.0,,cs0,,63.0,,1.0,,Status,2,2,0,84,84,0,42.0,0.0,130.376785,130.376785,0.0,0,0,0,0.0,,,0.388026,0.388026,0.0,REQ,,,,,0.0,0.0,0.0,0
385665,2.57723,2.57723,2.57723,2.57723,2.57723,2.57723,udp,0.0,,cs0,,63.0,,1.0,,Status,2,2,0,84,84,0,42.0,0.0,130.372528,130.372528,0.0,0,0,0,0.0,,,0.388013,0.388013,0.0,REQ,,,,,0.0,0.0,0.0,0
385712,0.0,0.0,0.0,0.0,0.0,0.0,udp,0.0,,cs0,,63.0,,1.0,,Status,1,1,0,42,42,0,42.0,0.0,0.0,0.0,0.0,0,0,0,0.0,,,0.0,0.0,0.0,REQ,,,,,0.0,0.0,0.0,0
385748,2.580765,2.580765,2.580765,2.580765,2.580765,2.580765,udp,0.0,,cs0,,63.0,,1.0,,Status,2,2,0,84,84,0,42.0,0.0,130.193954,130.193954,0.0,0,0,0,0.0,,,0.387482,0.387482,0.0,REQ,,,,,0.0,0.0,0.0,0
385752,0.0,0.0,0.0,0.0,0.0,0.0,udp,0.0,,cs0,,63.0,,1.0,,Status,1,1,0,42,42,0,42.0,0.0,0.0,0.0,0.0,0,0,0,0.0,,,0.0,0.0,0.0,REQ,,,,,0.0,0.0,0.0,0
385771,2.578171,2.578171,2.578171,2.578171,2.578171,2.578171,udp,0.0,,cs0,,63.0,,1.0,,Status,2,2,0,84,84,0,42.0,0.0,130.324951,130.324951,0.0,0,0,0,0.0,,,0.387872,0.387872,0.0,REQ,,,,,0.0,0.0,0.0,0
385811,0.0,0.0,0.0,0.0,0.0,0.0,udp,0.0,,cs0,,63.0,,1.0,,Status,1,1,0,42,42,0,42.0,0.0,0.0,0.0,0.0,0,0,0,0.0,,,0.0,0.0,0.0,REQ,,,,,0.0,0.0,0.0,0
385819,2.586993,2.586993,2.586993,2.586993,2.586993,2.586993,udp,0.0,,cs0,,63.0,,1.0,,Status,2,2,0,84,84,0,42.0,0.0,129.880524,129.880524,0.0,0,0,0,0.0,,,0.386549,0.386549,0.0,REQ,,,,,0.0,0.0,0.0,0
385831,0.0,0.0,0.0,0.0,0.0,0.0,udp,0.0,,cs0,,63.0,,1.0,,Status,1,1,0,42,42,0,42.0,0.0,0.0,0.0,0.0,0,0,0,0.0,,,0.0,0.0,0.0,REQ,,,,,0.0,0.0,0.0,0
385856,2.579168,2.579168,2.579168,2.579168,2.579168,2.579168,udp,0.0,,cs0,,63.0,,1.0,,Status,2,2,0,84,84,0,42.0,0.0,130.274567,130.274567,0.0,0,0,0,0.0,,,0.387722,0.387722,0.0,REQ,,,,,0.0,0.0,0.0,0
385940,0.0,0.0,0.0,0.0,0.0,0.0,udp,0.0,,cs0,,63.0,,1.0,,Status,1,1,0,42,42,0,42.0,0.0,0.0,0.0,0.0,0,0,0,0.0,,,0.0,0.0,0.0,REQ,,,,,0.0,0.0,0.0,0
385988,0.0,0.0,0.0,0.0,0.0,0.0,udp,0.0,,cs0,,63.0,,1.0,,Status,1,1,0,42,42,0,42.0,0.0,0.0,0.0,0.0,0,0,0,0.0,,,0.0,0.0,0.0,REQ,,,,,0.0,0.0,0.0,0
386023,0.0,0.0,0.0,0.0,0.0,0.0,udp,0.0,,cs0,,63.0,,1.0,,Status,1,1,0,42,42,0,42.0,0.0,0.0,0.0,0.0,0,0,0,0.0,,,0.0,0.0,0.0,REQ,,,,,0.0,0.0,0.0,0
386038,2.583502,2.583502,2.583502,2.583502,2.583502,2.583502,udp,0.0,,cs0,,63.0,,1.0,,Status,2,2,0,84,84,0,42.0,0.0,130.056015,130.056015,0.0,0,0,0,0.0,,,0.387071,0.387071,0.0,REQ,,,,,0.0,0.0,0.0,0
386068,0.0,0.0,0.0,0.0,0.0,0.0,udp,0.0,,cs0,,63.0,,1.0,,Status,1,1,0,42,42,0,42.0,0.0,0.0,0.0,0.0,0,0,0,0.0,,,0.0,0.0,0.0,REQ,,,,,0.0,0.0,0.0,0
386080,2.578301,2.578301,2.578301,2.578301,2.578301,2.578301,udp,0.0,,cs0,,63.0,,1.0,,Status,2,2,0,84,84,0,42.0,0.0,130.318375,130.318375,0.0,0,0,0,0.0,,,0.387852,0.387852,0.0,REQ,,,,,0.0,0.0,0.0,0
386091,2.576022,2.576022,2.576022,2.576022,2.576022,2.576022,udp,0.0,,cs0,,63.0,,1.0,,Status,2,2,0,84,84,0,42.0,0.0,130.43367,130.43367,0.0,0,0,0,0.0,,,0.388195,0.388195,0.0,REQ,,,,,0.0,0.0,0.0,0
386137,2.57414,2.57414,2.57414,2.57414,2.57414,2.57414,udp,0.0,,cs0,,63.0,,1.0,,Status,2,2,0,84,84,0,42.0,0.0,130.529022,130.529022,0.0,0,0,0,0.0,,,0.388479,0.388479,0.0,REQ,,,,,0.0,0.0,0.0,0
386232,2.5741,2.5741,2.5741,2.5741,2.5741,2.5741,udp,0.0,,cs0,,63.0,,1.0,,Status,2,2,0,84,84,0,42.0,0.0,130.531052,130.531052,0.0,0,0,0,0.0,,,0.388485,0.388485,0.0,REQ,,,,,0.0,0.0,0.0,0
386336,2.577951,2.577951,2.577951,2.577951,2.577951,2.577951,udp,0.0,,cs0,,63.0,,1.0,,Status,2,2,0,84,84,0,42.0,0.0,130.336075,130.336075,0.0,0,0,0,0.0,,,0.387905,0.387905,0.0,REQ,,,,,0.0,0.0,0.0,0
386439,0.0,0.0,0.0,0.0,0.0,0.0,udp,0.0,,cs0,,63.0,,1.0,,Status,1,1,0,42,42,0,42.0,0.0,0.0,0.0,0.0,0,0,0,0.0,,,0.0,0.0,0.0,REQ,,,,,0.0,0.0,0.0,0
386561,2.582668,2.582668,2.582668,2.582668,2.582668,2.582668,udp,0.0,,cs0,,63.0,,1.0,,Status,2,2,0,84,84,0,42.0,0.0,130.098022,130.098022,0.0,0,0,0,0.0,,,0.387196,0.387196,0.0,REQ,,,,,0.0,0.0,0.0,0
386606,0.0,0.0,0.0,0.0,0.0,0.0,udp,0.0,,cs0,,63.0,,1.0,,Status,1,1,0,42,42,0,42.0,0.0,0.0,0.0,0.0,0,0,0,0.0,,,0.0,0.0,0.0,REQ,,,,,0.0,0.0,0.0,0
386653,0.0,0.0,0.0,0.0,0.0,0.0,udp,0.0,,cs0,,63.0,,1.0,,Status,1,1,0,42,42,0,42.0,0.0,0.0,0.0,0.0,0,0,0,0.0,,,0.0,0.0,0.0,REQ,,,,,0.0,0.0,0.0,0
386705,0.0,0.0,0.0,0.0,0.0,0.0,udp,0.0,,cs0,,63.0,,1.0,,Status,1,1,0,42,42,0,42.0,0.0,0.0,0.0,0.0,0,0,0,0.0,,,0.0,0.0,0.0,REQ,,,,,0.0,0.0,0.0,0
386832,0.0,0.0,0.0,0.0,0.0,0.0,udp,0.0,,cs0,,63.0,,1.0,,Status,1,1,0,42,42,0,42.0,0.0,0.0,0.0,0.0,0,0,0,0.0,,,0.0,0.0,0.0,REQ,,,,,0.0,0.0,0.0,0
386858,2.583993,2.583993,2.583993,2.583993,2.583993,2.583993,udp,0.0,,cs0,,63.0,,1.0,,Status,2,2,0,84,84,0,42.0,0.0,130.031311,130.031311,0.0,0,0,0,0.0,,,0.386998,0.386998,0.0,REQ,,,,,0.0,0.0,0.0,0
386912,0.0,0.0,0.0,0.0,0.0,0.0,udp,0.0,,cs0,,63.0,,1.0,,Status,1,1,0,42,42,0,42.0,0.0,0.0,0.0,0.0,0,0,0,0.0,,,0.0,0.0,0.0,REQ,,,,,0.0,0.0,0.0,0
386992,0.0,0.0,0.0,0.0,0.0,0.0,udp,0.0,,cs0,,63.0,,1.0,,Status,1,1,0,42,42,0,42.0,0.0,0.0,0.0,0.0,0,0,0,0.0,,,0.0,0.0,0.0,REQ,,,,,0.0,0.0,0.0,0
387034,2.581176,2.581176,2.581176,2.581176,2.581176,2.581176,udp,0.0,,cs0,,63.0,,1.0,,Status,2,2,0,84,84,0,42.0,0.0,130.173218,130.173218,0.0,0,0,0,0.0,,,0.38742,0.38742,0.0,REQ,,,,,0.0,0.0,0.0,0
387045,0.0,0.0,0.0,0.0,0.0,0.0,udp,0.0,,cs0,,63.0,,1.0,,Status,1,1,0,42,42,0,42.0,0.0,0.0,0.0,0.0,0,0,0,0.0,,,0.0,0.0,0.0,REQ,,,,,0.0,0.0,0.0,0
387055,0.0,0.0,0.0,0.0,0.0,0.0,udp,0.0,,cs0,,63.0,,1.0,,Status,1,1,0,42,42,0,42.0,0.0,0.0,0.0,0.0,0,0,0,0.0,,,0.0,0.0,0.0,REQ,,,,,0.0,0.0,0.0,0
387106,2.589805,2.589805,2.589805,2.589805,2.589805,2.589805,udp,0.0,,cs0,,63.0,,1.0,,Status,2,2,0,84,84,0,42.0,0.0,129.739502,129.739502,0.0,0,0,0,0.0,,,0.386129,0.386129,0.0,REQ,,,,,0.0,0.0,0.0,0
387222,0.0,0.0,0.0,0.0,0.0,0.0,udp,0.0,,cs0,,63.0,,1.0,,Status,1,1,0,42,42,0,42.0,0.0,0.0,0.0,0.0,0,0,0,0.0,,,0.0,0.0,0.0,REQ,,,,,0.0,0.0,0.0,0
387304,2.585855,2.585855,2.585855,2.585855,2.585855,2.585855,udp,0.0,,cs0,,63.0,,1.0,,Status,2,2,0,84,84,0,42.0,0.0,129.937683,129.937683,0.0,0,0,0,0.0,,,0.386719,0.386719,0.0,REQ,,,,,0.0,0.0,0.0,0
387327,0.0,0.0,0.0,0.0,0.0,0.0,udp,0.0,,cs0,,63.0,,1.0,,Status,1,1,0,42,42,0,42.0,0.0,0.0,0.0,0.0,0,0,0,0.0,,,0.0,0.0,0.0,REQ,,,,,0.0,0.0,0.0,0
387334,2.580414,2.580414,2.580414,2.580414,2.580414,2.580414,udp,0.0,,cs0,,63.0,,1.0,,Status,2,2,0,84,84,0,42.0,0.0,130.211655,130.211655,0.0,0,0,0,0.0,,,0.387535,0.387535,0.0,REQ,,,,,0.0,0.0,0.0,0
387343,0.0,0.0,0.0,0.0,0.0,0.0,udp,0.0,,cs0,,63.0,,1.0,,Status,1,1,0,42,42,0,42.0,0.0,0.0,0.0,0.0,0,0,0,0.0,,,0.0,0.0,0.0,REQ,,,,,0.0,0.0,0.0,0
387356,0.0,0.0,0.0,0.0,0.0,0.0,udp,0.0,,cs0,,63.0,,1.0,,Status,1,1,0,42,42,0,42.0,0.0,0.0,0.0,0.0,0,0,0,0.0,,,0.0,0.0,0.0,REQ,,,,,0.0,0.0,0.0,0
387367,0.0,0.0,0.0,0.0,0.0,0.0,udp,0.0,,cs0,,63.0,,1.0,,Status,1,1,0,42,42,0,42.0,0.0,0.0,0.0,0.0,0,0,0,0.0,,,0.0,0.0,0.0,REQ,,,,,0.0,0.0,0.0,0
387384,2.585619,2.585619,2.585619,2.585619,2.585619,2.585619,udp,0.0,,cs0,,63.0,,1.0,,Status,2,2,0,84,84,0,42.0,0.0,129.949539,129.949539,0.0,0,0,0,0.0,,,0.386755,0.386755,0.0,REQ,,,,,0.0,0.0,0.0,0
387483,0.0,0.0,0.0,0.0,0.0,0.0,udp,0.0,,cs0,,63.0,,1.0,,Status,1,1,0,42,42,0,42.0,0.0,0.0,0.0,0.0,0,0,0,0.0,,,0.0,0.0,0.0,REQ,,,,,0.0,0.0,0.0,0
387591,0.0,0.0,0.0,0.0,0.0,0.0,udp,0.0,,cs0,,63.0,,1.0,,Status,1,1,0,42,42,0,42.0,0.0,0.0,0.0,0.0,0,0,0,0.0,,,0.0,0.0,0.0,REQ,,,,,0.0,0.0,0.0,0
387622,0.0,0.0,0.0,0.0,0.0,0.0,udp,0.0,,cs0,,63.0,,1.0,,Status,1,1,0,42,42,0,42.0,0.0,0.0,0.0,0.0,0,0,0,0.0,,,0.0,0.0,0.0,REQ,,,,,0.0,0.0,0.0,0
387666,0.0,0.0,0.0,0.0,0.0,0.0,udp,0.0,,cs0,,63.0,,1.0,,Status,1,1,0,42,42,0,42.0,0.0,0.0,0.0,0.0,0,0,0,0.0,,,0.0,0.0,0.0,REQ,,,,,0.0,0.0,0.0,0
387719,0.0,0.0,0.0,0.0,0.0,0.0,udp,0.0,,cs0,,63.0,,1.0,,Status,1,1,0,42,42,0,42.0,0.0,0.0,0.0,0.0,0,0,0,0.0,,,0.0,0.0,0.0,REQ,,,,,0.0,0.0,0.0,0
387748,2.583214,2.583214,2.583214,2.583214,2.583214,2.583214,udp,0.0,,cs0,,63.0,,1.0,,Status,2,2,0,84,84,0,42.0,0.0,130.070526,130.070526,0.0,0,0,0,0.0,,,0.387115,0.387115,0.0,REQ,,,,,0.0,0.0,0.0,0
387793,0.0,0.0,0.0,0.0,0.0,0.0,udp,0.0,,cs0,,63.0,,1.0,,Status,1,1,0,42,42,0,42.0,0.0,0.0,0.0,0.0,0,0,0,0.0,,,0.0,0.0,0.0,REQ,,,,,0.0,0.0,0.0,0
387842,0.0,0.0,0.0,0.0,0.0,0.0,udp,0.0,,cs0,,63.0,,1.0,,Status,1,1,0,42,42,0,42.0,0.0,0.0,0.0,0.0,0,0,0,0.0,,,0.0,0.0,0.0,REQ,,,,,0.0,0.0,0.0,0
387888,2.584262,2.584262,2.584262,2.584262,2.584262,2.584262,udp,0.0,,cs0,,63.0,,1.0,,Status,2,2,0,84,84,0,42.0,0.0,130.017776,130.017776,0.0,0,0,0,0.0,,,0.386958,0.386958,0.0,REQ,,,,,0.0,0.0,0.0,0
387889,2.584262,2.584262,2.584262,2.584262,2.584262,2.584262,udp,0.0,,cs0,,63.0,,1.0,,Status,2,2,0,84,84,0,42.0,0.0,130.017776,130.017776,0.0,0,0,0,0.0,,,0.386958,0.386958,0.0,REQ,,,,,0.0,0.0,0.0,0
387917,0.0,0.0,0.0,0.0,0.0,0.0,udp,0.0,,cs0,,63.0,,1.0,,Status,1,1,0,42,42,0,42.0,0.0,0.0,0.0,0.0,0,0,0,0.0,,,0.0,0.0,0.0,REQ,,,,,0.0,0.0,0.0,0
387942,2.587022,2.587022,2.587022,2.587022,2.587022,2.587022,udp,0.0,,cs0,,63.0,,1.0,,Status,2,2,0,84,84,0,42.0,0.0,129.879059,129.879059,0.0,0,0,0,0.0,,,0.386545,0.386545,0.0,REQ,,,,,0.0,0.0,0.0,0
388075,2.582023,2.582023,2.582023,2.582023,2.582023,2.582023,udp,0.0,,cs0,,63.0,,1.0,,Status,2,2,0,84,84,0,42.0,0.0,130.130524,130.130524,0.0,0,0,0,0.0,,,0.387293,0.387293,0.0,REQ,,,,,0.0,0.0,0.0,0
388118,2.583212,2.583212,2.583212,2.583212,2.583212,2.583212,udp,0.0,,cs0,,63.0,,1.0,,Status,2,2,0,84,84,0,42.0,0.0,130.070633,130.070633,0.0,0,0,0,0.0,,,0.387115,0.387115,0.0,REQ,,,,,0.0,0.0,0.0,0
388170,0.0,0.0,0.0,0.0,0.0,0.0,udp,0.0,,cs0,,63.0,,1.0,,Status,1,1,0,42,42,0,42.0,0.0,0.0,0.0,0.0,0,0,0,0.0,,,0.0,0.0,0.0,REQ,,,,,0.0,0.0,0.0,0
388201,2.583172,2.583172,2.583172,2.583172,2.583172,2.583172,udp,0.0,,cs0,,63.0,,1.0,,Status,2,2,0,84,84,0,42.0,0.0,130.072632,130.072632,0.0,0,0,0,0.0,,,0.387121,0.387121,0.0,REQ,,,,,0.0,0.0,0.0,0
388207,2.583172,2.583172,2.583172,2.583172,2.583172,2.583172,udp,0.0,,cs0,,63.0,,1.0,,Status,2,2,0,84,84,0,42.0,0.0,130.072632,130.072632,0.0,0,0,0,0.0,,,0.387121,0.387121,0.0,REQ,,,,,0.0,0.0,0.0,0
388209,2.583172,2.583172,2.583172,2.583172,2.583172,2.583172,udp,0.0,,cs0,,63.0,,1.0,,Status,2,2,0,84,84,0,42.0,0.0,130.072632,130.072632,0.0,0,0,0,0.0,,,0.387121,0.387121,0.0,REQ,,,,,0.0,0.0,0.0,0
388229,2.582169,2.582169,2.582169,2.582169,2.582169,2.582169,udp,0.0,,cs0,,63.0,,1.0,,Status,2,2,0,84,84,0,42.0,0.0,130.123154,130.123154,0.0,0,0,0,0.0,,,0.387271,0.387271,0.0,REQ,,,,,0.0,0.0,0.0,0
388334,2.585038,2.585038,2.585038,2.585038,2.585038,2.585038,udp,0.0,,cs0,,63.0,,1.0,,Status,2,2,0,84,84,0,42.0,0.0,129.978745,129.978745,0.0,0,0,0,0.0,,,0.386842,0.386842,0.0,REQ,,,,,0.0,0.0,0.0,0
388358,0.0,0.0,0.0,0.0,0.0,0.0,udp,0.0,,cs0,,63.0,,1.0,,Status,1,1,0,42,42,0,42.0,0.0,0.0,0.0,0.0,0,0,0,0.0,,,0.0,0.0,0.0,REQ,,,,,0.0,0.0,0.0,0
388383,0.0,0.0,0.0,0.0,0.0,0.0,udp,0.0,,cs0,,63.0,,1.0,,Status,1,1,0,42,42,0,42.0,0.0,0.0,0.0,0.0,0,0,0,0.0,,,0.0,0.0,0.0,REQ,,,,,0.0,0.0,0.0,0
388460,2.581123,2.581123,2.581123,2.581123,2.581123,2.581123,udp,0.0,,cs0,,63.0,,1.0,,Status,2,2,0,84,84,0,42.0,0.0,130.175888,130.175888,0.0,0,0,0,0.0,,,0.387428,0.387428,0.0,REQ,,,,,0.0,0.0,0.0,0
388501,0.0,0.0,0.0,0.0,0.0,0.0,udp,0.0,,cs0,,63.0,,1.0,,Status,1,1,0,42,42,0,42.0,0.0,0.0,0.0,0.0,0,0,0,0.0,,,0.0,0.0,0.0,REQ,,,,,0.0,0.0,0.0,0
388533,2.581149,2.581149,2.581149,2.581149,2.581149,2.581149,udp,0.0,,cs0,,63.0,,1.0,,Status,2,2,0,84,84,0,42.0,0.0,130.174576,130.174576,0.0,0,0,0,0.0,,,0.387424,0.387424,0.0,REQ,,,,,0.0,0.0,0.0,0
388542,2.581145,2.581145,2.581145,2.581145,2.581145,2.581145,udp,0.0,,cs0,,63.0,,1.0,,Status,2,2,0,84,84,0,42.0,0.0,130.174789,130.174789,0.0,0,0,0,0.0,,,0.387425,0.387425,0.0,REQ,,,,,0.0,0.0,0.0,0
388606,2.583127,2.583127,2.583127,2.583127,2.583127,2.583127,udp,0.0,,cs0,,63.0,,1.0,,Status,2,2,0,84,84,0,42.0,0.0,130.074905,130.074905,0.0,0,0,0,0.0,,,0.387128,0.387128,0.0,REQ,,,,,0.0,0.0,0.0,0
388618,2.58313,2.58313,2.58313,2.58313,2.58313,2.58313,udp,0.0,,cs0,,63.0,,1.0,,Status,2,2,0,84,84,0,42.0,0.0,130.074753,130.074753,0.0,0,0,0,0.0,,,0.387127,0.387127,0.0,REQ,,,,,0.0,0.0,0.0,0
388650,0.0,0.0,0.0,0.0,0.0,0.0,udp,0.0,,cs0,,63.0,,1.0,,Status,1,1,0,42,42,0,42.0,0.0,0.0,0.0,0.0,0,0,0,0.0,,,0.0,0.0,0.0,REQ,,,,,0.0,0.0,0.0,0
388665,2.58207,2.58207,2.58207,2.58207,2.58207,2.58207,udp,0.0,,cs0,,63.0,,1.0,,Status,2,2,0,84,84,0,42.0,0.0,130.128143,130.128143,0.0,0,0,0,0.0,,,0.387286,0.387286,0.0,REQ,,,,,0.0,0.0,0.0,0
388705,0.0,0.0,0.0,0.0,0.0,0.0,udp,0.0,,cs0,,63.0,,1.0,,Status,1,1,0,42,42,0,42.0,0.0,0.0,0.0,0.0,0,0,0,0.0,,,0.0,0.0,0.0,REQ,,,,,0.0,0.0,0.0,0
388732,0.0,0.0,0.0,0.0,0.0,0.0,udp,0.0,,cs0,,63.0,,1.0,,Status,1,1,0,42,42,0,42.0,0.0,0.0,0.0,0.0,0,0,0,0.0,,,0.0,0.0,0.0,REQ,,,,,0.0,0.0,0.0,0
388782,2.58428,2.58428,2.58428,2.58428,2.58428,2.58428,udp,0.0,,cs0,,63.0,,1.0,,Status,2,2,0,84,84,0,42.0,0.0,130.016876,130.016876,0.0,0,0,0,0.0,,,0.386955,0.386955,0.0,REQ,,,,,0.0,0.0,0.0,0
388803,0.0,0.0,0.0,0.0,0.0,0.0,udp,0.0,,cs0,,63.0,,1.0,,Status,1,1,0,42,42,0,42.0,0.0,0.0,0.0,0.0,0,0,0,0.0,,,0.0,0.0,0.0,REQ,,,,,0.0,0.0,0.0,0
388859,2.58563,2.58563,2.58563,2.58563,2.58563,2.58563,udp,0.0,,cs0,,63.0,,1.0,,Status,2,2,0,84,84,0,42.0,0.0,129.94899,129.94899,0.0,0,0,0,0.0,,,0.386753,0.386753,0.0,REQ,,,,,0.0,0.0,0.0,0
388939,0.0,0.0,0.0,0.0,0.0,0.0,udp,0.0,,cs0,,63.0,,1.0,,Status,1,1,0,42,42,0,42.0,0.0,0.0,0.0,0.0,0,0,0,0.0,,,0.0,0.0,0.0,REQ,,,,,0.0,0.0,0.0,0
388973,0.0,0.0,0.0,0.0,0.0,0.0,udp,0.0,,cs0,,63.0,,1.0,,Status,1,1,0,42,42,0,42.0,0.0,0.0,0.0,0.0,0,0,0,0.0,,,0.0,0.0,0.0,REQ,,,,,0.0,0.0,0.0,0
389005,0.0,0.0,0.0,0.0,0.0,0.0,udp,0.0,,cs0,,63.0,,1.0,,Status,1,1,0,42,42,0,42.0,0.0,0.0,0.0,0.0,0,0,0,0.0,,,0.0,0.0,0.0,REQ,,,,,0.0,0.0,0.0,0
389015,0.0,0.0,0.0,0.0,0.0,0.0,udp,0.0,,cs0,,63.0,,1.0,,Status,1,1,0,42,42,0,42.0,0.0,0.0,0.0,0.0,0,0,0,0.0,,,0.0,0.0,0.0,REQ,,,,,0.0,0.0,0.0,0
389046,2.583127,2.583127,2.583127,2.583127,2.583127,2.583127,udp,0.0,,cs0,,63.0,,1.0,,Status,2,2,0,84,84,0,42.0,0.0,130.074905,130.074905,0.0,0,0,0,0.0,,,0.387128,0.387128,0.0,REQ,,,,,0.0,0.0,0.0,0
389098,2.579063,2.579063,2.579063,2.579063,2.579063,2.579063,udp,0.0,,cs0,,63.0,,1.0,,Status,2,2,0,84,84,0,42.0,0.0,130.279877,130.279877,0.0,0,0,0,0.0,,,0.387738,0.387738,0.0,REQ,,,,,0.0,0.0,0.0,0
389135,2.57939,2.57939,2.57939,2.57939,2.57939,2.57939,udp,0.0,,cs0,,63.0,,1.0,,Status,2,2,0,84,84,0,42.0,0.0,130.263351,130.263351,0.0,0,0,0,0.0,,,0.387689,0.387689,0.0,REQ,,,,,0.0,0.0,0.0,0
389148,0.0,0.0,0.0,0.0,0.0,0.0,udp,0.0,,cs0,,63.0,,1.0,,Status,1,1,0,42,42,0,42.0,0.0,0.0,0.0,0.0,0,0,0,0.0,,,0.0,0.0,0.0,REQ,,,,,0.0,0.0,0.0,0
389304,0.0,0.0,0.0,0.0,0.0,0.0,udp,0.0,,cs0,,63.0,,1.0,,Status,1,1,0,42,42,0,42.0,0.0,0.0,0.0,0.0,0,0,0,0.0,,,0.0,0.0,0.0,REQ,,,,,0.0,0.0,0.0,0
389333,2.584218,2.584218,2.584218,2.584218,2.584218,2.584218,udp,0.0,,cs0,,63.0,,1.0,,Status,2,2,0,84,84,0,42.0,0.0,130.019989,130.019989,0.0,0,0,0,0.0,,,0.386964,0.386964,0.0,REQ,,,,,0.0,0.0,0.0,0
389376,0.0,0.0,0.0,0.0,0.0,0.0,udp,0.0,,cs0,,63.0,,1.0,,Status,1,1,0,42,42,0,42.0,0.0,0.0,0.0,0.0,0,0,0,0.0,,,0.0,0.0,0.0,REQ,,,,,0.0,0.0,0.0,0
389432,0.0,0.0,0.0,0.0,0.0,0.0,udp,0.0,,cs0,,63.0,,1.0,,Status,1,1,0,42,42,0,42.0,0.0,0.0,0.0,0.0,0,0,0,0.0,,,0.0,0.0,0.0,REQ,,,,,0.0,0.0,0.0,0
389438,0.0,0.0,0.0,0.0,0.0,0.0,udp,0.0,,cs0,,63.0,,1.0,,Status,1,1,0,42,42,0,42.0,0.0,0.0,0.0,0.0,0,0,0,0.0,,,0.0,0.0,0.0,REQ,,,,,0.0,0.0,0.0,0
389473,2.586283,2.586283,2.586283,2.586283,2.586283,2.586283,udp,0.0,,cs0,,63.0,,1.0,,Status,2,2,0,84,84,0,42.0,0.0,129.916183,129.916183,0.0,0,0,0,0.0,,,0.386655,0.386655,0.0,REQ,,,,,0.0,0.0,0.0,0
389496,2.583194,2.583194,2.583194,2.583194,2.583194,2.583194,udp,0.0,,cs0,,63.0,,1.0,,Status,2,2,0,84,84,0,42.0,0.0,130.071533,130.071533,0.0,0,0,0,0.0,,,0.387118,0.387118,0.0,REQ,,,,,0.0,0.0,0.0,0
389600,0.0,0.0,0.0,0.0,0.0,0.0,udp,0.0,,cs0,,63.0,,1.0,,Status,1,1,0,42,42,0,42.0,0.0,0.0,0.0,0.0,0,0,0,0.0,,,0.0,0.0,0.0,REQ,,,,,0.0,0.0,0.0,0
389620,0.0,0.0,0.0,0.0,0.0,0.0,udp,0.0,,cs0,,63.0,,1.0,,Status,1,1,0,42,42,0,42.0,0.0,0.0,0.0,0.0,0,0,0,0.0,,,0.0,0.0,0.0,REQ,,,,,0.0,0.0,0.0,0
389623,0.0,0.0,0.0,0.0,0.0,0.0,udp,0.0,,cs0,,63.0,,1.0,,Status,1,1,0,42,42,0,42.0,0.0,0.0,0.0,0.0,0,0,0,0.0,,,0.0,0.0,0.0,REQ,,,,,0.0,0.0,0.0,0
389625,0.0,0.0,0.0,0.0,0.0,0.0,udp,0.0,,cs0,,63.0,,1.0,,Status,1,1,0,42,42,0,42.0,0.0,0.0,0.0,0.0,0,0,0,0.0,,,0.0,0.0,0.0,REQ,,,,,0.0,0.0,0.0,0
389629,0.0,0.0,0.0,0.0,0.0,0.0,udp,0.0,,cs0,,63.0,,1.0,,Status,1,1,0,42,42,0,42.0,0.0,0.0,0.0,0.0,0,0,0,0.0,,,0.0,0.0,0.0,REQ,,,,,0.0,0.0,0.0,0
389665,0.0,0.0,0.0,0.0,0.0,0.0,udp,0.0,,cs0,,63.0,,1.0,,Status,1,1,0,42,42,0,42.0,0.0,0.0,0.0,0.0,0,0,0,0.0,,,0.0,0.0,0.0,REQ,,,,,0.0,0.0,0.0,0
389744,2.583372,2.583372,2.583372,2.583372,2.583372,2.583372,udp,0.0,,cs0,,63.0,,1.0,,Status,2,2,0,84,84,0,42.0,0.0,130.062561,130.062561,0.0,0,0,0,0.0,,,0.387091,0.387091,0.0,REQ,,,,,0.0,0.0,0.0,0
389829,2.579848,2.579848,2.579848,2.579848,2.579848,2.579848,udp,0.0,,cs0,,63.0,,1.0,,Status,2,2,0,84,84,0,42.0,0.0,130.240234,130.240234,0.0,0,0,0,0.0,,,0.38762,0.38762,0.0,REQ,,,,,0.0,0.0,0.0,0
389890,2.580141,2.580141,2.580141,2.580141,2.580141,2.580141,udp,0.0,,cs0,,63.0,,1.0,,Status,2,2,0,84,84,0,42.0,0.0,130.225433,130.225433,0.0,0,0,0,0.0,,,0.387576,0.387576,0.0,REQ,,,,,0.0,0.0,0.0,0
389918,2.582693,2.582693,2.582693,2.582693,2.582693,2.582693,udp,0.0,,cs0,,63.0,,1.0,,Status,2,2,0,84,84,0,42.0,0.0,130.096756,130.096756,0.0,0,0,0,0.0,,,0.387193,0.387193,0.0,REQ,,,,,0.0,0.0,0.0,0
389923,2.583026,2.583026,2.583026,2.583026,2.583026,2.583026,udp,0.0,,cs0,,63.0,,1.0,,Status,2,2,0,84,84,0,42.0,0.0,130.080002,130.080002,0.0,0,0,0,0.0,,,0.387143,0.387143,0.0,REQ,,,,,0.0,0.0,0.0,0
389951,2.583043,2.583043,2.583043,2.583043,2.583043,2.583043,udp,0.0,,cs0,,63.0,,1.0,,Status,2,2,0,84,84,0,42.0,0.0,130.079132,130.079132,0.0,0,0,0,0.0,,,0.38714,0.38714,0.0,REQ,,,,,0.0,0.0,0.0,0
389952,2.583066,2.583066,2.583066,2.583066,2.583066,2.583066,udp,0.0,,cs0,,63.0,,1.0,,Status,2,2,0,84,84,0,42.0,0.0,130.077972,130.077972,0.0,0,0,0,0.0,,,0.387137,0.387137,0.0,REQ,,,,,0.0,0.0,0.0,0
389962,2.582489,2.582489,2.582489,2.582489,2.582489,2.582489,udp,0.0,,cs0,,63.0,,1.0,,Status,2,2,0,84,84,0,42.0,0.0,130.10704,130.10704,0.0,0,0,0,0.0,,,0.387223,0.387223,0.0,REQ,,,,,0.0,0.0,0.0,0
389978,2.580175,2.580175,2.580175,2.580175,2.580175,2.580175,udp,0.0,,cs0,,63.0,,1.0,,Status,2,2,0,84,84,0,42.0,0.0,130.223724,130.223724,0.0,0,0,0,0.0,,,0.387571,0.387571,0.0,REQ,,,,,0.0,0.0,0.0,0
390042,0.0,0.0,0.0,0.0,0.0,0.0,udp,0.0,,cs0,,63.0,,1.0,,Status,1,1,0,42,42,0,42.0,0.0,0.0,0.0,0.0,0,0,0,0.0,,,0.0,0.0,0.0,REQ,,,,,0.0,0.0,0.0,0
390048,0.0,0.0,0.0,0.0,0.0,0.0,udp,0.0,,cs0,,63.0,,1.0,,Status,1,1,0,42,42,0,42.0,0.0,0.0,0.0,0.0,0,0,0,0.0,,,0.0,0.0,0.0,REQ,,,,,0.0,0.0,0.0,0
390077,2.582156,2.582156,2.582156,2.582156,2.582156,2.582156,udp,0.0,,cs0,,63.0,,1.0,,Status,2,2,0,84,84,0,42.0,0.0,130.123825,130.123825,0.0,0,0,0,0.0,,,0.387273,0.387273,0.0,REQ,,,,,0.0,0.0,0.0,0
390082,2.581325,2.581325,2.581325,2.581325,2.581325,2.581325,udp,0.0,,cs0,,63.0,,1.0,,Status,2,2,0,84,84,0,42.0,0.0,130.16571,130.16571,0.0,0,0,0,0.0,,,0.387398,0.387398,0.0,REQ,,,,,0.0,0.0,0.0,0
390130,2.58164,2.58164,2.58164,2.58164,2.58164,2.58164,udp,0.0,,cs0,,63.0,,1.0,,Status,2,2,0,84,84,0,42.0,0.0,130.149826,130.149826,0.0,0,0,0,0.0,,,0.387351,0.387351,0.0,REQ,,,,,0.0,0.0,0.0,0
390154,0.0,0.0,0.0,0.0,0.0,0.0,udp,0.0,,cs0,,63.0,,1.0,,Status,1,1,0,42,42,0,42.0,0.0,0.0,0.0,0.0,0,0,0,0.0,,,0.0,0.0,0.0,REQ,,,,,0.0,0.0,0.0,0
390180,0.0,0.0,0.0,0.0,0.0,0.0,udp,0.0,,cs0,,63.0,,1.0,,Status,1,1,0,42,42,0,42.0,0.0,0.0,0.0,0.0,0,0,0,0.0,,,0.0,0.0,0.0,REQ,,,,,0.0,0.0,0.0,0
390227,2.586037,2.586037,2.586037,2.586037,2.586037,2.586037,udp,0.0,,cs0,,63.0,,1.0,,Status,2,2,0,84,84,0,42.0,0.0,129.928543,129.928543,0.0,0,0,0,0.0,,,0.386692,0.386692,0.0,REQ,,,,,0.0,0.0,0.0,0
390229,2.586036,2.586036,2.586036,2.586036,2.586036,2.586036,udp,0.0,,cs0,,63.0,,1.0,,Status,2,2,0,84,84,0,42.0,0.0,129.928589,129.928589,0.0,0,0,0,0.0,,,0.386692,0.386692,0.0,REQ,,,,,0.0,0.0,0.0,0
390278,2.580812,2.580812,2.580812,2.580812,2.580812,2.580812,udp,0.0,,cs0,,63.0,,1.0,,Status,2,2,0,84,84,0,42.0,0.0,130.191589,130.191589,0.0,0,0,0,0.0,,,0.387475,0.387475,0.0,REQ,,,,,0.0,0.0,0.0,0
390289,0.0,0.0,0.0,0.0,0.0,0.0,udp,0.0,,cs0,,63.0,,1.0,,Status,1,1,0,42,42,0,42.0,0.0,0.0,0.0,0.0,0,0,0,0.0,,,0.0,0.0,0.0,REQ,,,,,0.0,0.0,0.0,0
390315,2.583196,2.583196,2.583196,2.583196,2.583196,2.583196,udp,0.0,,cs0,,63.0,,1.0,,Status,2,2,0,84,84,0,42.0,0.0,130.071442,130.071442,0.0,0,0,0,0.0,,,0.387117,0.387117,0.0,REQ,,,,,0.0,0.0,0.0,0
390390,0.0,0.0,0.0,0.0,0.0,0.0,udp,0.0,,cs0,,63.0,,1.0,,Status,1,1,0,42,42,0,42.0,0.0,0.0,0.0,0.0,0,0,0,0.0,,,0.0,0.0,0.0,REQ,,,,,0.0,0.0,0.0,0
390391,0.0,0.0,0.0,0.0,0.0,0.0,udp,0.0,,cs0,,63.0,,1.0,,Status,1,1,0,42,42,0,42.0,0.0,0.0,0.0,0.0,0,0,0,0.0,,,0.0,0.0,0.0,REQ,,,,,0.0,0.0,0.0,0
390415,0.0,0.0,0.0,0.0,0.0,0.0,udp,0.0,,cs0,,63.0,,1.0,,Status,1,1,0,42,42,0,42.0,0.0,0.0,0.0,0.0,0,0,0,0.0,,,0.0,0.0,0.0,REQ,,,,,0.0,0.0,0.0,0
390441,2.579953,2.579953,2.579953,2.579953,2.579953,2.579953,udp,0.0,,cs0,,63.0,,1.0,,Status,2,2,0,84,84,0,42.0,0.0,130.23494,130.23494,0.0,0,0,0,0.0,,,0.387604,0.387604,0.0,REQ,,,,,0.0,0.0,0.0,0
390443,0.0,0.0,0.0,0.0,0.0,0.0,udp,0.0,,cs0,,63.0,,1.0,,Status,1,1,0,42,42,0,42.0,0.0,0.0,0.0,0.0,0,0,0,0.0,,,0.0,0.0,0.0,REQ,,,,,0.0,0.0,0.0,0
390510,0.0,0.0,0.0,0.0,0.0,0.0,udp,0.0,,cs0,,63.0,,1.0,,Start,1,1,0,42,42,0,42.0,0.0,0.0,0.0,0.0,0,0,0,0.0,,,0.0,0.0,0.0,INT,,,,,0.0,0.0,0.0,0
390554,0.0,0.0,0.0,0.0,0.0,0.0,udp,0.0,,cs0,,63.0,,1.0,,Status,1,1,0,42,42,0,42.0,0.0,0.0,0.0,0.0,0,0,0,0.0,,,0.0,0.0,0.0,REQ,,,,,0.0,0.0,0.0,0
390571,0.0,0.0,0.0,0.0,0.0,0.0,udp,0.0,,cs0,,63.0,,1.0,,Status,1,1,0,42,42,0,42.0,0.0,0.0,0.0,0.0,0,0,0,0.0,,,0.0,0.0,0.0,REQ,,,,,0.0,0.0,0.0,0
390671,0.0,0.0,0.0,0.0,0.0,0.0,udp,0.0,,cs0,,63.0,,1.0,,Status,1,1,0,42,42,0,42.0,0.0,0.0,0.0,0.0,0,0,0,0.0,,,0.0,0.0,0.0,REQ,,,,,0.0,0.0,0.0,0
390704,0.0,0.0,0.0,0.0,0.0,0.0,udp,0.0,,cs0,,63.0,,1.0,,Status,1,1,0,42,42,0,42.0,0.0,0.0,0.0,0.0,0,0,0,0.0,,,0.0,0.0,0.0,REQ,,,,,0.0,0.0,0.0,0
390706,0.0,0.0,0.0,0.0,0.0,0.0,udp,0.0,,cs0,,63.0,,1.0,,Status,1,1,0,42,42,0,42.0,0.0,0.0,0.0,0.0,0,0,0,0.0,,,0.0,0.0,0.0,REQ,,,,,0.0,0.0,0.0,0
390724,0.0,0.0,0.0,0.0,0.0,0.0,udp,0.0,,cs0,,63.0,,1.0,,Status,1,1,0,42,42,0,42.0,0.0,0.0,0.0,0.0,0,0,0,0.0,,,0.0,0.0,0.0,REQ,,,,,0.0,0.0,0.0,0
390821,0.0,0.0,0.0,0.0,0.0,0.0,udp,0.0,,cs0,,63.0,,1.0,,Status,1,1,0,42,42,0,42.0,0.0,0.0,0.0,0.0,0,0,0,0.0,,,0.0,0.0,0.0,REQ,,,,,0.0,0.0,0.0,0
390953,0.0,0.0,0.0,0.0,0.0,0.0,udp,0.0,,cs0,,63.0,,1.0,,Status,1,1,0,42,42,0,42.0,0.0,0.0,0.0,0.0,0,0,0,0.0,,,0.0,0.0,0.0,REQ,,,,,0.0,0.0,0.0,0
390954,0.0,0.0,0.0,0.0,0.0,0.0,udp,0.0,,cs0,,63.0,,1.0,,Status,1,1,0,42,42,0,42.0,0.0,0.0,0.0,0.0,0,0,0,0.0,,,0.0,0.0,0.0,REQ,,,,,0.0,0.0,0.0,0
391032,0.0,0.0,0.0,0.0,0.0,0.0,udp,0.0,,cs0,,63.0,,1.0,,Status,1,1,0,42,42,0,42.0,0.0,0.0,0.0,0.0,0,0,0,0.0,,,0.0,0.0,0.0,REQ,,,,,0.0,0.0,0.0,0
391101,2.582171,2.582171,2.582171,2.582171,2.582171,2.582171,udp,0.0,,cs0,,63.0,,1.0,,Status,2,2,0,84,84,0,42.0,0.0,130.123062,130.123062,0.0,0,0,0,0.0,,,0.387271,0.387271,0.0,REQ,,,,,0.0,0.0,0.0,0
391172,2.582712,2.582712,2.582712,2.582712,2.582712,2.582712,udp,0.0,,cs0,,63.0,,1.0,,Status,2,2,0,84,84,0,42.0,0.0,130.09581,130.09581,0.0,0,0,0,0.0,,,0.38719,0.38719,0.0,REQ,,,,,0.0,0.0,0.0,0
391197,2.576937,2.576937,2.576937,2.576937,2.576937,2.576937,udp,0.0,,cs0,,63.0,,1.0,,Status,2,2,0,84,84,0,42.0,0.0,130.38736,130.38736,0.0,0,0,0,0.0,,,0.388058,0.388058,0.0,REQ,,,,,0.0,0.0,0.0,0
391238,2.5773,2.5773,2.5773,2.5773,2.5773,2.5773,udp,0.0,,cs0,,63.0,,1.0,,Status,2,2,0,84,84,0,42.0,0.0,130.368988,130.368988,0.0,0,0,0,0.0,,,0.388003,0.388003,0.0,REQ,,,,,0.0,0.0,0.0,0
391255,2.58191,2.58191,2.58191,2.58191,2.58191,2.58191,udp,0.0,,cs0,,63.0,,1.0,,Status,2,2,0,84,84,0,42.0,0.0,130.136215,130.136215,0.0,0,0,0,0.0,,,0.38731,0.38731,0.0,REQ,,,,,0.0,0.0,0.0,0
391267,0.0,0.0,0.0,0.0,0.0,0.0,udp,0.0,,cs0,,63.0,,1.0,,Status,1,1,0,42,42,0,42.0,0.0,0.0,0.0,0.0,0,0,0,0.0,,,0.0,0.0,0.0,REQ,,,,,0.0,0.0,0.0,0
391343,0.0,0.0,0.0,0.0,0.0,0.0,udp,0.0,,cs0,,63.0,,1.0,,Status,1,1,0,42,42,0,42.0,0.0,0.0,0.0,0.0,0,0,0,0.0,,,0.0,0.0,0.0,REQ,,,,,0.0,0.0,0.0,0
391351,2.580775,2.580775,2.580775,2.580775,2.580775,2.580775,udp,0.0,,cs0,,63.0,,1.0,,Status,2,2,0,84,84,0,42.0,0.0,130.193451,130.193451,0.0,0,0,0,0.0,,,0.38748,0.38748,0.0,REQ,,,,,0.0,0.0,0.0,0
391358,2.5829,2.5829,2.5829,2.5829,2.5829,2.5829,udp,0.0,,cs0,,63.0,,1.0,,Status,2,2,0,84,84,0,42.0,0.0,130.086334,130.086334,0.0,0,0,0,0.0,,,0.387162,0.387162,0.0,REQ,,,,,0.0,0.0,0.0,0
391365,2.582901,2.582901,2.582901,2.582901,2.582901,2.582901,udp,0.0,,cs0,,63.0,,1.0,,Status,2,2,0,84,84,0,42.0,0.0,130.086288,130.086288,0.0,0,0,0,0.0,,,0.387162,0.387162,0.0,REQ,,,,,0.0,0.0,0.0,0
391380,2.582164,2.582164,2.582164,2.582164,2.582164,2.582164,udp,0.0,,cs0,,63.0,,1.0,,Status,2,2,0,84,84,0,42.0,0.0,130.123413,130.123413,0.0,0,0,0,0.0,,,0.387272,0.387272,0.0,REQ,,,,,0.0,0.0,0.0,0
391403,2.589062,2.589062,2.589062,2.589062,2.589062,2.589062,udp,0.0,,cs0,,63.0,,1.0,,Status,2,2,0,84,84,0,42.0,0.0,129.776733,129.776733,0.0,0,0,0,0.0,,,0.38624,0.38624,0.0,REQ,,,,,0.0,0.0,0.0,0
391406,2.589092,2.589092,2.589092,2.589092,2.589092,2.589092,udp,0.0,,cs0,,63.0,,1.0,,Status,2,2,0,84,84,0,42.0,0.0,129.775223,129.775223,0.0,0,0,0,0.0,,,0.386236,0.386236,0.0,REQ,,,,,0.0,0.0,0.0,0
391474,0.0,0.0,0.0,0.0,0.0,0.0,udp,0.0,,cs0,,63.0,,1.0,,Status,1,1,0,42,42,0,42.0,0.0,0.0,0.0,0.0,0,0,0,0.0,,,0.0,0.0,0.0,REQ,,,,,0.0,0.0,0.0,0
391500,2.581102,2.581102,2.581102,2.581102,2.581102,2.581102,udp,0.0,,cs0,,63.0,,1.0,,Status,2,2,0,84,84,0,42.0,0.0,130.176956,130.176956,0.0,0,0,0,0.0,,,0.387431,0.387431,0.0,REQ,,,,,0.0,0.0,0.0,0
391579,0.0,0.0,0.0,0.0,0.0,0.0,udp,0.0,,cs0,,63.0,,1.0,,Status,1,1,0,42,42,0,42.0,0.0,0.0,0.0,0.0,0,0,0,0.0,,,0.0,0.0,0.0,REQ,,,,,0.0,0.0,0.0,0
391614,0.0,0.0,0.0,0.0,0.0,0.0,udp,0.0,,cs0,,63.0,,1.0,,Status,1,1,0,42,42,0,42.0,0.0,0.0,0.0,0.0,0,0,0,0.0,,,0.0,0.0,0.0,REQ,,,,,0.0,0.0,0.0,0
391629,2.577458,2.577458,2.577458,2.577458,2.577458,2.577458,udp,0.0,,cs0,,63.0,,1.0,,Status,2,2,0,84,84,0,42.0,0.0,130.361008,130.361008,0.0,0,0,0,0.0,,,0.387979,0.387979,0.0,REQ,,,,,0.0,0.0,0.0,0
391630,0.0,0.0,0.0,0.0,0.0,0.0,udp,0.0,,cs0,,63.0,,1.0,,Status,1,1,0,42,42,0,42.0,0.0,0.0,0.0,0.0,0,0,0,0.0,,,0.0,0.0,0.0,REQ,,,,,0.0,0.0,0.0,0
391647,0.0,0.0,0.0,0.0,0.0,0.0,udp,0.0,,cs0,,63.0,,1.0,,Status,1,1,0,42,42,0,42.0,0.0,0.0,0.0,0.0,0,0,0,0.0,,,0.0,0.0,0.0,REQ,,,,,0.0,0.0,0.0,0
391840,0.0,0.0,0.0,0.0,0.0,0.0,udp,0.0,,cs0,,63.0,,1.0,,Status,1,1,0,42,42,0,42.0,0.0,0.0,0.0,0.0,0,0,0,0.0,,,0.0,0.0,0.0,REQ,,,,,0.0,0.0,0.0,0
391872,0.0,0.0,0.0,0.0,0.0,0.0,udp,0.0,,cs0,,63.0,,1.0,,Status,1,1,0,42,42,0,42.0,0.0,0.0,0.0,0.0,0,0,0,0.0,,,0.0,0.0,0.0,REQ,,,,,0.0,0.0,0.0,0
391912,2.58617,2.58617,2.58617,2.58617,2.58617,2.58617,udp,0.0,,cs0,,63.0,,1.0,,Status,2,2,0,84,84,0,42.0,0.0,129.92186,129.92186,0.0,0,0,0,0.0,,,0.386672,0.386672,0.0,REQ,,,,,0.0,0.0,0.0,0
391919,0.0,0.0,0.0,0.0,0.0,0.0,udp,0.0,,cs0,,63.0,,1.0,,Status,1,1,0,42,42,0,42.0,0.0,0.0,0.0,0.0,0,0,0,0.0,,,0.0,0.0,0.0,REQ,,,,,0.0,0.0,0.0,0
391999,2.58359,2.58359,2.58359,2.58359,2.58359,2.58359,udp,0.0,,cs0,,63.0,,1.0,,Status,2,2,0,84,84,0,42.0,0.0,130.05159,130.05159,0.0,0,0,0,0.0,,,0.387058,0.387058,0.0,REQ,,,,,0.0,0.0,0.0,0
392053,2.572234,2.572234,2.572234,2.572234,2.572234,2.572234,udp,0.0,,cs0,,63.0,,1.0,,Status,2,2,0,84,84,0,42.0,0.0,130.625763,130.625763,0.0,0,0,0,0.0,,,0.388767,0.388767,0.0,REQ,,,,,0.0,0.0,0.0,0
392180,2.580966,2.580966,2.580966,2.580966,2.580966,2.580966,udp,0.0,,cs0,,63.0,,1.0,,Status,2,2,0,84,84,0,42.0,0.0,130.183823,130.183823,0.0,0,0,0,0.0,,,0.387452,0.387452,0.0,REQ,,,,,0.0,0.0,0.0,0
392197,2.582963,2.582963,2.582963,2.582963,2.582963,2.582963,udp,0.0,,cs0,,63.0,,1.0,,Status,2,2,0,84,84,0,42.0,0.0,130.08316,130.08316,0.0,0,0,0,0.0,,,0.387152,0.387152,0.0,REQ,,,,,0.0,0.0,0.0,0
392218,0.0,0.0,0.0,0.0,0.0,0.0,udp,0.0,,cs0,,63.0,,1.0,,Status,1,1,0,42,42,0,42.0,0.0,0.0,0.0,0.0,0,0,0,0.0,,,0.0,0.0,0.0,REQ,,,,,0.0,0.0,0.0,0
392224,0.0,0.0,0.0,0.0,0.0,0.0,udp,0.0,,cs0,,63.0,,1.0,,Status,1,1,0,42,42,0,42.0,0.0,0.0,0.0,0.0,0,0,0,0.0,,,0.0,0.0,0.0,REQ,,,,,0.0,0.0,0.0,0
392251,0.0,0.0,0.0,0.0,0.0,0.0,udp,0.0,,cs0,,63.0,,1.0,,Status,1,1,0,42,42,0,42.0,0.0,0.0,0.0,0.0,0,0,0,0.0,,,0.0,0.0,0.0,REQ,,,,,0.0,0.0,0.0,0
392288,0.0,0.0,0.0,0.0,0.0,0.0,udp,0.0,,cs0,,63.0,,1.0,,Status,1,1,0,42,42,0,42.0,0.0,0.0,0.0,0.0,0,0,0,0.0,,,0.0,0.0,0.0,REQ,,,,,0.0,0.0,0.0,0
392369,2.583938,2.583938,2.583938,2.583938,2.583938,2.583938,udp,0.0,,cs0,,63.0,,1.0,,Status,2,2,0,84,84,0,42.0,0.0,130.034088,130.034088,0.0,0,0,0,0.0,,,0.387006,0.387006,0.0,REQ,,,,,0.0,0.0,0.0,0
392373,0.0,0.0,0.0,0.0,0.0,0.0,udp,0.0,,cs0,,63.0,,1.0,,Status,1,1,0,42,42,0,42.0,0.0,0.0,0.0,0.0,0,0,0,0.0,,,0.0,0.0,0.0,REQ,,,,,0.0,0.0,0.0,0
392394,2.578453,2.578453,2.578453,2.578453,2.578453,2.578453,udp,0.0,,cs0,,63.0,,1.0,,Status,2,2,0,84,84,0,42.0,0.0,130.310684,130.310684,0.0,0,0,0,0.0,,,0.387829,0.387829,0.0,REQ,,,,,0.0,0.0,0.0,0
392410,0.0,0.0,0.0,0.0,0.0,0.0,udp,0.0,,cs0,,63.0,,1.0,,Status,1,1,0,42,42,0,42.0,0.0,0.0,0.0,0.0,0,0,0,0.0,,,0.0,0.0,0.0,REQ,,,,,0.0,0.0,0.0,0
392432,0.0,0.0,0.0,0.0,0.0,0.0,udp,0.0,,cs0,,63.0,,1.0,,Status,1,1,0,42,42,0,42.0,0.0,0.0,0.0,0.0,0,0,0,0.0,,,0.0,0.0,0.0,REQ,,,,,0.0,0.0,0.0,0
392482,0.0,0.0,0.0,0.0,0.0,0.0,udp,0.0,,cs0,,63.0,,1.0,,Status,1,1,0,42,42,0,42.0,0.0,0.0,0.0,0.0,0,0,0,0.0,,,0.0,0.0,0.0,REQ,,,,,0.0,0.0,0.0,0
392483,0.0,0.0,0.0,0.0,0.0,0.0,udp,0.0,,cs0,,63.0,,1.0,,Status,1,1,0,42,42,0,42.0,0.0,0.0,0.0,0.0,0,0,0,0.0,,,0.0,0.0,0.0,REQ,,,,,0.0,0.0,0.0,0
392543,0.0,0.0,0.0,0.0,0.0,0.0,udp,0.0,,cs0,,63.0,,1.0,,Status,1,1,0,42,42,0,42.0,0.0,0.0,0.0,0.0,0,0,0,0.0,,,0.0,0.0,0.0,REQ,,,,,0.0,0.0,0.0,0
392668,2.571221,2.571221,2.571221,2.571221,2.571221,2.571221,udp,0.0,,cs0,,63.0,,1.0,,Status,2,2,0,84,84,0,42.0,0.0,130.677216,130.677216,0.0,0,0,0,0.0,,,0.38892,0.38892,0.0,REQ,,,,,0.0,0.0,0.0,0
392698,2.577023,2.577023,2.577023,2.577023,2.577023,2.577023,udp,0.0,,cs0,,63.0,,1.0,,Status,2,2,0,84,84,0,42.0,0.0,130.382996,130.382996,0.0,0,0,0,0.0,,,0.388045,0.388045,0.0,REQ,,,,,0.0,0.0,0.0,0
392718,0.0,0.0,0.0,0.0,0.0,0.0,udp,0.0,,cs0,,63.0,,1.0,,Status,1,1,0,42,42,0,42.0,0.0,0.0,0.0,0.0,0,0,0,0.0,,,0.0,0.0,0.0,REQ,,,,,0.0,0.0,0.0,0
392773,0.0,0.0,0.0,0.0,0.0,0.0,udp,0.0,,cs0,,63.0,,1.0,,Status,1,1,0,42,42,0,42.0,0.0,0.0,0.0,0.0,0,0,0,0.0,,,0.0,0.0,0.0,REQ,,,,,0.0,0.0,0.0,0
392811,2.567955,2.567955,2.567955,2.567955,2.567955,2.567955,udp,0.0,,cs0,,63.0,,1.0,,Status,2,2,0,84,84,0,42.0,0.0,130.843414,130.843414,0.0,0,0,0,0.0,,,0.389415,0.389415,0.0,REQ,,,,,0.0,0.0,0.0,0
392827,2.572748,2.572748,2.572748,2.572748,2.572748,2.572748,udp,0.0,,cs0,,63.0,,1.0,,Status,2,2,0,84,84,0,42.0,0.0,130.599655,130.599655,0.0,0,0,0,0.0,,,0.388689,0.388689,0.0,REQ,,,,,0.0,0.0,0.0,0
392830,2.573773,2.573773,2.573773,2.573773,2.573773,2.573773,udp,0.0,,cs0,,63.0,,1.0,,Status,2,2,0,84,84,0,42.0,0.0,130.547653,130.547653,0.0,0,0,0,0.0,,,0.388535,0.388535,0.0,REQ,,,,,0.0,0.0,0.0,0
392871,2.581653,2.581653,2.581653,2.581653,2.581653,2.581653,udp,0.0,,cs0,,63.0,,1.0,,Status,2,2,0,84,84,0,42.0,0.0,130.14917,130.14917,0.0,0,0,0,0.0,,,0.387349,0.387349,0.0,REQ,,,,,0.0,0.0,0.0,0
392981,2.57306,2.57306,2.57306,2.57306,2.57306,2.57306,udp,0.0,,cs0,,63.0,,1.0,,Status,2,2,0,84,84,0,42.0,0.0,130.583817,130.583817,0.0,0,0,0,0.0,,,0.388642,0.388642,0.0,REQ,,,,,0.0,0.0,0.0,0
393047,0.0,0.0,0.0,0.0,0.0,0.0,udp,0.0,,cs0,,63.0,,1.0,,Status,1,1,0,42,42,0,42.0,0.0,0.0,0.0,0.0,0,0,0,0.0,,,0.0,0.0,0.0,REQ,,,,,0.0,0.0,0.0,0
393054,0.0,0.0,0.0,0.0,0.0,0.0,udp,0.0,,cs0,,63.0,,1.0,,Status,1,1,0,42,42,0,42.0,0.0,0.0,0.0,0.0,0,0,0,0.0,,,0.0,0.0,0.0,REQ,,,,,0.0,0.0,0.0,0
393105,2.58027,2.58027,2.58027,2.58027,2.58027,2.58027,udp,0.0,,cs0,,63.0,,1.0,,Status,2,2,0,84,84,0,42.0,0.0,130.218933,130.218933,0.0,0,0,0,0.0,,,0.387556,0.387556,0.0,REQ,,,,,0.0,0.0,0.0,0
393172,0.0,0.0,0.0,0.0,0.0,0.0,udp,0.0,,cs0,,63.0,,1.0,,Status,1,1,0,42,42,0,42.0,0.0,0.0,0.0,0.0,0,0,0,0.0,,,0.0,0.0,0.0,REQ,,,,,0.0,0.0,0.0,0
393182,2.580195,2.580195,2.580195,2.580195,2.580195,2.580195,udp,0.0,,cs0,,63.0,,1.0,,Status,2,2,0,84,84,0,42.0,0.0,130.222717,130.222717,0.0,0,0,0,0.0,,,0.387568,0.387568,0.0,REQ,,,,,0.0,0.0,0.0,0
393187,0.0,0.0,0.0,0.0,0.0,0.0,udp,0.0,,cs0,,63.0,,1.0,,Status,1,1,0,42,42,0,42.0,0.0,0.0,0.0,0.0,0,0,0,0.0,,,0.0,0.0,0.0,REQ,,,,,0.0,0.0,0.0,0
393218,2.578198,2.578198,2.578198,2.578198,2.578198,2.578198,udp,0.0,,cs0,,63.0,,1.0,,Status,2,2,0,84,84,0,42.0,0.0,130.323578,130.323578,0.0,0,0,0,0.0,,,0.387868,0.387868,0.0,REQ,,,,,0.0,0.0,0.0,0
393233,0.0,0.0,0.0,0.0,0.0,0.0,udp,0.0,,cs0,,63.0,,1.0,,Status,1,1,0,42,42,0,42.0,0.0,0.0,0.0,0.0,0,0,0,0.0,,,0.0,0.0,0.0,REQ,,,,,0.0,0.0,0.0,0
393269,2.579333,2.579333,2.579333,2.579333,2.579333,2.579333,udp,0.0,,cs0,,63.0,,1.0,,Status,2,2,0,84,84,0,42.0,0.0,130.266235,130.266235,0.0,0,0,0,0.0,,,0.387697,0.387697,0.0,REQ,,,,,0.0,0.0,0.0,0
393387,2.57826,2.57826,2.57826,2.57826,2.57826,2.57826,udp,0.0,,cs0,,63.0,,1.0,,Status,2,2,0,84,84,0,42.0,0.0,130.32045,130.32045,0.0,0,0,0,0.0,,,0.387858,0.387858,0.0,REQ,,,,,0.0,0.0,0.0,0
393417,2.581431,2.581431,2.581431,2.581431,2.581431,2.581431,udp,0.0,,cs0,,63.0,,1.0,,Status,2,2,0,84,84,0,42.0,0.0,130.16037,130.16037,0.0,0,0,0,0.0,,,0.387382,0.387382,0.0,REQ,,,,,0.0,0.0,0.0,0
393490,0.0,0.0,0.0,0.0,0.0,0.0,udp,0.0,,cs0,,63.0,,1.0,,Status,1,1,0,42,42,0,42.0,0.0,0.0,0.0,0.0,0,0,0,0.0,,,0.0,0.0,0.0,REQ,,,,,0.0,0.0,0.0,0
393517,2.579927,2.579927,2.579927,2.579927,2.579927,2.579927,udp,0.0,,cs0,,63.0,,1.0,,Status,2,2,0,84,84,0,42.0,0.0,130.236252,130.236252,0.0,0,0,0,0.0,,,0.387608,0.387608,0.0,REQ,,,,,0.0,0.0,0.0,0
393576,0.0,0.0,0.0,0.0,0.0,0.0,udp,0.0,,cs0,,63.0,,1.0,,Status,1,1,0,42,42,0,42.0,0.0,0.0,0.0,0.0,0,0,0,0.0,,,0.0,0.0,0.0,REQ,,,,,0.0,0.0,0.0,0
393732,0.0,0.0,0.0,0.0,0.0,0.0,udp,0.0,,cs0,,63.0,,1.0,,Status,1,1,0,42,42,0,42.0,0.0,0.0,0.0,0.0,0,0,0,0.0,,,0.0,0.0,0.0,REQ,,,,,0.0,0.0,0.0,0
393956,0.0,0.0,0.0,0.0,0.0,0.0,udp,0.0,,cs0,,63.0,,1.0,,Status,1,1,0,42,42,0,42.0,0.0,0.0,0.0,0.0,0,0,0,0.0,,,0.0,0.0,0.0,REQ,,,,,0.0,0.0,0.0,0
394082,2.577924,2.577924,2.577924,2.577924,2.577924,2.577924,udp,0.0,,cs0,,63.0,,1.0,,Status,2,2,0,84,84,0,42.0,0.0,130.337433,130.337433,0.0,0,0,0,0.0,,,0.387909,0.387909,0.0,REQ,,,,,0.0,0.0,0.0,0
394096,0.0,0.0,0.0,0.0,0.0,0.0,udp,0.0,,cs0,,63.0,,1.0,,Status,1,1,0,42,42,0,42.0,0.0,0.0,0.0,0.0,0,0,0,0.0,,,0.0,0.0,0.0,REQ,,,,,0.0,0.0,0.0,0
394099,0.0,0.0,0.0,0.0,0.0,0.0,udp,0.0,,cs0,,63.0,,1.0,,Status,1,1,0,42,42,0,42.0,0.0,0.0,0.0,0.0,0,0,0,0.0,,,0.0,0.0,0.0,REQ,,,,,0.0,0.0,0.0,0
394130,0.0,0.0,0.0,0.0,0.0,0.0,udp,0.0,,cs0,,63.0,,1.0,,Status,1,1,0,42,42,0,42.0,0.0,0.0,0.0,0.0,0,0,0,0.0,,,0.0,0.0,0.0,REQ,,,,,0.0,0.0,0.0,0
394198,2.580693,2.580693,2.580693,2.580693,2.580693,2.580693,udp,0.0,,cs0,,63.0,,1.0,,Status,2,2,0,84,84,0,42.0,0.0,130.197586,130.197586,0.0,0,0,0,0.0,,,0.387493,0.387493,0.0,REQ,,,,,0.0,0.0,0.0,0
394325,2.58091,2.58091,2.58091,2.58091,2.58091,2.58091,udp,0.0,,cs0,,63.0,,1.0,,Status,2,2,0,84,84,0,42.0,0.0,130.186646,130.186646,0.0,0,0,0,0.0,,,0.38746,0.38746,0.0,REQ,,,,,0.0,0.0,0.0,0
394337,0.0,0.0,0.0,0.0,0.0,0.0,udp,0.0,,cs0,,63.0,,1.0,,Status,1,1,0,42,42,0,42.0,0.0,0.0,0.0,0.0,0,0,0,0.0,,,0.0,0.0,0.0,REQ,,,,,0.0,0.0,0.0,0
394351,2.57704,2.57704,2.57704,2.57704,2.57704,2.57704,udp,0.0,,cs0,,63.0,,1.0,,Status,2,2,0,84,84,0,42.0,0.0,130.382141,130.382141,0.0,0,0,0,0.0,,,0.388042,0.388042,0.0,REQ,,,,,0.0,0.0,0.0,0
394390,0.0,0.0,0.0,0.0,0.0,0.0,udp,0.0,,cs0,,63.0,,1.0,,Status,1,1,0,42,42,0,42.0,0.0,0.0,0.0,0.0,0,0,0,0.0,,,0.0,0.0,0.0,REQ,,,,,0.0,0.0,0.0,0
394396,0.0,0.0,0.0,0.0,0.0,0.0,udp,0.0,,cs0,,63.0,,1.0,,Status,1,1,0,42,42,0,42.0,0.0,0.0,0.0,0.0,0,0,0,0.0,,,0.0,0.0,0.0,REQ,,,,,0.0,0.0,0.0,0
394424,2.577151,2.577151,2.577151,2.577151,2.577151,2.577151,udp,0.0,,cs0,,63.0,,1.0,,Status,2,2,0,84,84,0,42.0,0.0,130.376526,130.376526,0.0,0,0,0,0.0,,,0.388025,0.388025,0.0,REQ,,,,,0.0,0.0,0.0,0
394474,2.579642,2.579642,2.579642,2.579642,2.579642,2.579642,udp,0.0,,cs0,,63.0,,1.0,,Status,2,2,0,84,84,0,42.0,0.0,130.250626,130.250626,0.0,0,0,0,0.0,,,0.387651,0.387651,0.0,REQ,,,,,0.0,0.0,0.0,0
394512,2.580116,2.580116,2.580116,2.580116,2.580116,2.580116,udp,0.0,,cs0,,63.0,,1.0,,Status,2,2,0,84,84,0,42.0,0.0,130.2267,130.2267,0.0,0,0,0,0.0,,,0.387579,0.387579,0.0,REQ,,,,,0.0,0.0,0.0,0
394543,0.0,0.0,0.0,0.0,0.0,0.0,udp,0.0,,cs0,,63.0,,1.0,,Status,1,1,0,42,42,0,42.0,0.0,0.0,0.0,0.0,0,0,0,0.0,,,0.0,0.0,0.0,REQ,,,,,0.0,0.0,0.0,0
394554,0.0,0.0,0.0,0.0,0.0,0.0,udp,0.0,,cs0,,63.0,,1.0,,Status,1,1,0,42,42,0,42.0,0.0,0.0,0.0,0.0,0,0,0,0.0,,,0.0,0.0,0.0,REQ,,,,,0.0,0.0,0.0,0
394603,2.582283,2.582283,2.582283,2.582283,2.582283,2.582283,udp,0.0,,cs0,,63.0,,1.0,,Status,2,2,0,84,84,0,42.0,0.0,130.117416,130.117416,0.0,0,0,0,0.0,,,0.387254,0.387254,0.0,REQ,,,,,0.0,0.0,0.0,0
394621,2.578442,2.578442,2.578442,2.578442,2.578442,2.578442,udp,0.0,,cs0,,63.0,,1.0,,Status,2,2,0,84,84,0,42.0,0.0,130.311249,130.311249,0.0,0,0,0,0.0,,,0.387831,0.387831,0.0,REQ,,,,,0.0,0.0,0.0,0
394626,2.580158,2.580158,2.580158,2.580158,2.580158,2.580158,udp,0.0,,cs0,,63.0,,1.0,,Status,2,2,0,84,84,0,42.0,0.0,130.224579,130.224579,0.0,0,0,0,0.0,,,0.387573,0.387573,0.0,REQ,,,,,0.0,0.0,0.0,0
394679,2.578056,2.578056,2.578056,2.578056,2.578056,2.578056,udp,0.0,,cs0,,63.0,,1.0,,Status,2,2,0,84,84,0,42.0,0.0,130.33075,130.33075,0.0,0,0,0,0.0,,,0.387889,0.387889,0.0,REQ,,,,,0.0,0.0,0.0,0
394741,0.0,0.0,0.0,0.0,0.0,0.0,udp,0.0,,cs0,,63.0,,1.0,,Status,1,1,0,42,42,0,42.0,0.0,0.0,0.0,0.0,0,0,0,0.0,,,0.0,0.0,0.0,REQ,,,,,0.0,0.0,0.0,0
394765,0.0,0.0,0.0,0.0,0.0,0.0,udp,0.0,,cs0,,63.0,,1.0,,Status,1,1,0,42,42,0,42.0,0.0,0.0,0.0,0.0,0,0,0,0.0,,,0.0,0.0,0.0,REQ,,,,,0.0,0.0,0.0,0
394768,0.0,0.0,0.0,0.0,0.0,0.0,udp,0.0,,cs0,,63.0,,1.0,,Status,1,1,0,42,42,0,42.0,0.0,0.0,0.0,0.0,0,0,0,0.0,,,0.0,0.0,0.0,REQ,,,,,0.0,0.0,0.0,0
394841,2.580777,2.580777,2.580777,2.580777,2.580777,2.580777,udp,0.0,,cs0,,63.0,,1.0,,Status,2,2,0,84,84,0,42.0,0.0,130.193359,130.193359,0.0,0,0,0,0.0,,,0.38748,0.38748,0.0,REQ,,,,,0.0,0.0,0.0,0
394873,2.575116,2.575116,2.575116,2.575116,2.575116,2.575116,udp,0.0,,cs0,,63.0,,1.0,,Status,2,2,0,84,84,0,42.0,0.0,130.479568,130.479568,0.0,0,0,0,0.0,,,0.388332,0.388332,0.0,REQ,,,,,0.0,0.0,0.0,0
394935,0.0,0.0,0.0,0.0,0.0,0.0,udp,0.0,,cs0,,63.0,,1.0,,Status,1,1,0,42,42,0,42.0,0.0,0.0,0.0,0.0,0,0,0,0.0,,,0.0,0.0,0.0,REQ,,,,,0.0,0.0,0.0,0
394939,0.0,0.0,0.0,0.0,0.0,0.0,udp,0.0,,cs0,,63.0,,1.0,,Status,1,1,0,42,42,0,42.0,0.0,0.0,0.0,0.0,0,0,0,0.0,,,0.0,0.0,0.0,REQ,,,,,0.0,0.0,0.0,0
394941,0.0,0.0,0.0,0.0,0.0,0.0,udp,0.0,,cs0,,63.0,,1.0,,Status,1,1,0,42,42,0,42.0,0.0,0.0,0.0,0.0,0,0,0,0.0,,,0.0,0.0,0.0,REQ,,,,,0.0,0.0,0.0,0
395014,0.0,0.0,0.0,0.0,0.0,0.0,udp,0.0,,cs0,,63.0,,1.0,,Status,1,1,0,42,42,0,42.0,0.0,0.0,0.0,0.0,0,0,0,0.0,,,0.0,0.0,0.0,REQ,,,,,0.0,0.0,0.0,0
395018,0.0,0.0,0.0,0.0,0.0,0.0,udp,0.0,,cs0,,63.0,,1.0,,Status,1,1,0,42,42,0,42.0,0.0,0.0,0.0,0.0,0,0,0,0.0,,,0.0,0.0,0.0,REQ,,,,,0.0,0.0,0.0,0
395032,2.591807,2.591807,2.591807,2.591807,2.591807,2.591807,udp,0.0,,cs0,,63.0,,1.0,,Status,2,2,0,84,84,0,42.0,0.0,129.639282,129.639282,0.0,0,0,0,0.0,,,0.385831,0.385831,0.0,REQ,,,,,0.0,0.0,0.0,0
395050,2.586301,2.586301,2.586301,2.586301,2.586301,2.586301,udp,0.0,,cs0,,63.0,,1.0,,Status,2,2,0,84,84,0,42.0,0.0,129.915268,129.915268,0.0,0,0,0,0.0,,,0.386653,0.386653,0.0,REQ,,,,,0.0,0.0,0.0,0
395125,2.582593,2.582593,2.582593,2.582593,2.582593,2.582593,udp,0.0,,cs0,,63.0,,1.0,,Status,2,2,0,84,84,0,42.0,0.0,130.101807,130.101807,0.0,0,0,0,0.0,,,0.387208,0.387208,0.0,REQ,,,,,0.0,0.0,0.0,0
395126,0.0,0.0,0.0,0.0,0.0,0.0,udp,0.0,,cs0,,63.0,,1.0,,Status,1,1,0,42,42,0,42.0,0.0,0.0,0.0,0.0,0,0,0,0.0,,,0.0,0.0,0.0,REQ,,,,,0.0,0.0,0.0,0
395159,2.582234,2.582234,2.582234,2.582234,2.582234,2.582234,udp,0.0,,cs0,,63.0,,1.0,,Status,2,2,0,84,84,0,42.0,0.0,130.119888,130.119888,0.0,0,0,0,0.0,,,0.387262,0.387262,0.0,REQ,,,,,0.0,0.0,0.0,0
395174,2.583039,2.583039,2.583039,2.583039,2.583039,2.583039,udp,0.0,,cs0,,63.0,,1.0,,Status,2,2,0,84,84,0,42.0,0.0,130.07933,130.07933,0.0,0,0,0,0.0,,,0.387141,0.387141,0.0,REQ,,,,,0.0,0.0,0.0,0
395279,0.0,0.0,0.0,0.0,0.0,0.0,udp,0.0,,cs0,,63.0,,1.0,,Status,1,1,0,42,42,0,42.0,0.0,0.0,0.0,0.0,0,0,0,0.0,,,0.0,0.0,0.0,REQ,,,,,0.0,0.0,0.0,0
395313,2.581903,2.581903,2.581903,2.581903,2.581903,2.581903,udp,0.0,,cs0,,63.0,,1.0,,Status,2,2,0,84,84,0,42.0,0.0,130.136566,130.136566,0.0,0,0,0,0.0,,,0.387311,0.387311,0.0,REQ,,,,,0.0,0.0,0.0,0
395320,0.0,0.0,0.0,0.0,0.0,0.0,udp,0.0,,cs0,,63.0,,1.0,,Status,1,1,0,42,42,0,42.0,0.0,0.0,0.0,0.0,0,0,0,0.0,,,0.0,0.0,0.0,REQ,,,,,0.0,0.0,0.0,0
395338,2.587233,2.587233,2.587233,2.587233,2.587233,2.587233,udp,0.0,,cs0,,63.0,,1.0,,Status,2,2,0,84,84,0,42.0,0.0,129.868469,129.868469,0.0,0,0,0,0.0,,,0.386513,0.386513,0.0,REQ,,,,,0.0,0.0,0.0,0
395380,0.0,0.0,0.0,0.0,0.0,0.0,udp,0.0,,cs0,,63.0,,1.0,,Status,1,1,0,42,42,0,42.0,0.0,0.0,0.0,0.0,0,0,0,0.0,,,0.0,0.0,0.0,REQ,,,,,0.0,0.0,0.0,0
395388,0.0,0.0,0.0,0.0,0.0,0.0,udp,0.0,,cs0,,63.0,,1.0,,Status,1,1,0,42,42,0,42.0,0.0,0.0,0.0,0.0,0,0,0,0.0,,,0.0,0.0,0.0,REQ,,,,,0.0,0.0,0.0,0
395421,0.0,0.0,0.0,0.0,0.0,0.0,udp,0.0,,cs0,,63.0,,1.0,,Start,1,1,0,42,42,0,42.0,0.0,0.0,0.0,0.0,0,0,0,0.0,,,0.0,0.0,0.0,INT,,,,,0.0,0.0,0.0,0
395474,2.582114,2.582114,2.582114,2.582114,2.582114,2.582114,udp,0.0,,cs0,,63.0,,1.0,,Status,2,2,0,84,84,0,42.0,0.0,130.125931,130.125931,0.0,0,0,0,0.0,,,0.38728,0.38728,0.0,REQ,,,,,0.0,0.0,0.0,0
395501,0.0,0.0,0.0,0.0,0.0,0.0,udp,0.0,,cs0,,63.0,,1.0,,Status,1,1,0,42,42,0,42.0,0.0,0.0,0.0,0.0,0,0,0,0.0,,,0.0,0.0,0.0,REQ,,,,,0.0,0.0,0.0,0
395513,2.576274,2.576274,2.576274,2.576274,2.576274,2.576274,udp,0.0,,cs0,,63.0,,1.0,,Status,2,2,0,84,84,0,42.0,0.0,130.420914,130.420914,0.0,0,0,0,0.0,,,0.388157,0.388157,0.0,REQ,,,,,0.0,0.0,0.0,0
395641,2.582868,2.582868,2.582868,2.582868,2.582868,2.582868,udp,0.0,,cs0,,63.0,,1.0,,Status,2,2,0,84,84,0,42.0,0.0,130.087936,130.087936,0.0,0,0,0,0.0,,,0.387167,0.387167,0.0,REQ,,,,,0.0,0.0,0.0,0
395790,2.577901,2.577901,2.577901,2.577901,2.577901,2.577901,udp,0.0,,cs0,,63.0,,1.0,,Status,2,2,0,84,84,0,42.0,0.0,130.338608,130.338608,0.0,0,0,0,0.0,,,0.387913,0.387913,0.0,REQ,,,,,0.0,0.0,0.0,0
395852,2.577218,2.577218,2.577218,2.577218,2.577218,2.577218,udp,0.0,,cs0,,63.0,,1.0,,Status,2,2,0,84,84,0,42.0,0.0,130.373138,130.373138,0.0,0,0,0,0.0,,,0.388015,0.388015,0.0,REQ,,,,,0.0,0.0,0.0,0
395865,2.577166,2.577166,2.577166,2.577166,2.577166,2.577166,udp,0.0,,cs0,,63.0,,1.0,,Status,2,2,0,84,84,0,42.0,0.0,130.375763,130.375763,0.0,0,0,0,0.0,,,0.388023,0.388023,0.0,REQ,,,,,0.0,0.0,0.0,0
395888,0.0,0.0,0.0,0.0,0.0,0.0,udp,0.0,,cs0,,63.0,,1.0,,Status,1,1,0,42,42,0,42.0,0.0,0.0,0.0,0.0,0,0,0,0.0,,,0.0,0.0,0.0,REQ,,,,,0.0,0.0,0.0,0
395899,0.0,0.0,0.0,0.0,0.0,0.0,udp,0.0,,cs0,,63.0,,1.0,,Status,1,1,0,42,42,0,42.0,0.0,0.0,0.0,0.0,0,0,0,0.0,,,0.0,0.0,0.0,REQ,,,,,0.0,0.0,0.0,0
395918,2.579248,2.579248,2.579248,2.579248,2.579248,2.579248,udp,0.0,,cs0,,63.0,,1.0,,Status,2,2,0,84,84,0,42.0,0.0,130.270538,130.270538,0.0,0,0,0,0.0,,,0.38771,0.38771,0.0,REQ,,,,,0.0,0.0,0.0,0
396044,2.578065,2.578065,2.578065,2.578065,2.578065,2.578065,udp,0.0,,cs0,,63.0,,1.0,,Status,2,2,0,84,84,0,42.0,0.0,130.330307,130.330307,0.0,0,0,0,0.0,,,0.387888,0.387888,0.0,REQ,,,,,0.0,0.0,0.0,0
396121,2.579984,2.579984,2.579984,2.579984,2.579984,2.579984,udp,0.0,,cs0,,63.0,,1.0,,Status,2,2,0,84,84,0,42.0,0.0,130.233368,130.233368,0.0,0,0,0,0.0,,,0.387599,0.387599,0.0,REQ,,,,,0.0,0.0,0.0,0
396161,2.577191,2.577191,2.577191,2.577191,2.577191,2.577191,udp,0.0,,cs0,,63.0,,1.0,,Status,2,2,0,84,84,0,42.0,0.0,130.374496,130.374496,0.0,0,0,0,0.0,,,0.388019,0.388019,0.0,REQ,,,,,0.0,0.0,0.0,0
396168,2.575803,2.575803,2.575803,2.575803,2.575803,2.575803,udp,0.0,,cs0,,63.0,,1.0,,Status,2,2,0,84,84,0,42.0,0.0,130.444763,130.444763,0.0,0,0,0,0.0,,,0.388228,0.388228,0.0,REQ,,,,,0.0,0.0,0.0,0
396222,2.57632,2.57632,2.57632,2.57632,2.57632,2.57632,udp,0.0,,cs0,,63.0,,1.0,,Status,2,2,0,84,84,0,42.0,0.0,130.418579,130.418579,0.0,0,0,0,0.0,,,0.388151,0.388151,0.0,REQ,,,,,0.0,0.0,0.0,0
396240,2.578954,2.578954,2.578954,2.578954,2.578954,2.578954,udp,0.0,,cs0,,63.0,,1.0,,Status,2,2,0,84,84,0,42.0,0.0,130.285385,130.285385,0.0,0,0,0,0.0,,,0.387754,0.387754,0.0,REQ,,,,,0.0,0.0,0.0,0
396311,2.58504,2.58504,2.58504,2.58504,2.58504,2.58504,udp,0.0,,cs0,,63.0,,1.0,,Status,2,2,0,84,84,0,42.0,0.0,129.978638,129.978638,0.0,0,0,0,0.0,,,0.386841,0.386841,0.0,REQ,,,,,0.0,0.0,0.0,0
396315,2.584205,2.584205,2.584205,2.584205,2.584205,2.584205,udp,0.0,,cs0,,63.0,,1.0,,Status,2,2,0,84,84,0,42.0,0.0,130.020645,130.020645,0.0,0,0,0,0.0,,,0.386966,0.386966,0.0,REQ,,,,,0.0,0.0,0.0,0
396401,0.0,0.0,0.0,0.0,0.0,0.0,udp,0.0,,cs0,,63.0,,1.0,,Status,1,1,0,42,42,0,42.0,0.0,0.0,0.0,0.0,0,0,0,0.0,,,0.0,0.0,0.0,REQ,,,,,0.0,0.0,0.0,0
396473,2.583737,2.583737,2.583737,2.583737,2.583737,2.583737,udp,0.0,,cs0,,63.0,,1.0,,Status,2,2,0,84,84,0,42.0,0.0,130.044205,130.044205,0.0,0,0,0,0.0,,,0.387036,0.387036,0.0,REQ,,,,,0.0,0.0,0.0,0
396533,0.0,0.0,0.0,0.0,0.0,0.0,udp,0.0,,cs0,,63.0,,1.0,,Status,1,1,0,42,42,0,42.0,0.0,0.0,0.0,0.0,0,0,0,0.0,,,0.0,0.0,0.0,REQ,,,,,0.0,0.0,0.0,0
396567,2.575982,2.575982,2.575982,2.575982,2.575982,2.575982,udp,0.0,,cs0,,63.0,,1.0,,Status,2,2,0,84,84,0,42.0,0.0,130.435684,130.435684,0.0,0,0,0,0.0,,,0.388201,0.388201,0.0,REQ,,,,,0.0,0.0,0.0,0
396604,0.0,0.0,0.0,0.0,0.0,0.0,udp,0.0,,cs0,,63.0,,1.0,,Status,1,1,0,42,42,0,42.0,0.0,0.0,0.0,0.0,0,0,0,0.0,,,0.0,0.0,0.0,REQ,,,,,0.0,0.0,0.0,0
396632,0.0,0.0,0.0,0.0,0.0,0.0,udp,0.0,,cs0,,63.0,,1.0,,Status,1,1,0,42,42,0,42.0,0.0,0.0,0.0,0.0,0,0,0,0.0,,,0.0,0.0,0.0,REQ,,,,,0.0,0.0,0.0,0
396713,0.0,0.0,0.0,0.0,0.0,0.0,udp,0.0,,cs0,,63.0,,1.0,,Status,1,1,0,42,42,0,42.0,0.0,0.0,0.0,0.0,0,0,0,0.0,,,0.0,0.0,0.0,REQ,,,,,0.0,0.0,0.0,0
396742,0.0,0.0,0.0,0.0,0.0,0.0,udp,0.0,,cs0,,63.0,,1.0,,Status,1,1,0,42,42,0,42.0,0.0,0.0,0.0,0.0,0,0,0,0.0,,,0.0,0.0,0.0,REQ,,,,,0.0,0.0,0.0,0
396774,0.0,0.0,0.0,0.0,0.0,0.0,udp,0.0,,cs0,,63.0,,1.0,,Status,1,1,0,42,42,0,42.0,0.0,0.0,0.0,0.0,0,0,0,0.0,,,0.0,0.0,0.0,REQ,,,,,0.0,0.0,0.0,0
396781,0.0,0.0,0.0,0.0,0.0,0.0,udp,0.0,,cs0,,63.0,,1.0,,Status,1,1,0,42,42,0,42.0,0.0,0.0,0.0,0.0,0,0,0,0.0,,,0.0,0.0,0.0,REQ,,,,,0.0,0.0,0.0,0
396857,2.581779,2.581779,2.581779,2.581779,2.581779,2.581779,udp,0.0,,cs0,,63.0,,1.0,,Status,2,2,0,84,84,0,42.0,0.0,130.142822,130.142822,0.0,0,0,0,0.0,,,0.38733,0.38733,0.0,REQ,,,,,0.0,0.0,0.0,0
396881,0.0,0.0,0.0,0.0,0.0,0.0,udp,0.0,,cs0,,63.0,,1.0,,Status,1,1,0,42,42,0,42.0,0.0,0.0,0.0,0.0,0,0,0,0.0,,,0.0,0.0,0.0,REQ,,,,,0.0,0.0,0.0,0
396946,2.574868,2.574868,2.574868,2.574868,2.574868,2.574868,udp,0.0,,cs0,,63.0,,1.0,,Status,2,2,0,84,84,0,42.0,0.0,130.492126,130.492126,0.0,0,0,0,0.0,,,0.388369,0.388369,0.0,REQ,,,,,0.0,0.0,0.0,0
396965,2.578914,2.578914,2.578914,2.578914,2.578914,2.578914,udp,0.0,,cs0,,63.0,,1.0,,Status,2,2,0,84,84,0,42.0,0.0,130.287399,130.287399,0.0,0,0,0,0.0,,,0.38776,0.38776,0.0,REQ,,,,,0.0,0.0,0.0,0
396970,0.0,0.0,0.0,0.0,0.0,0.0,udp,0.0,,cs0,,63.0,,1.0,,Status,1,1,0,42,42,0,42.0,0.0,0.0,0.0,0.0,0,0,0,0.0,,,0.0,0.0,0.0,REQ,,,,,0.0,0.0,0.0,0
396979,2.578912,2.578912,2.578912,2.578912,2.578912,2.578912,udp,0.0,,cs0,,63.0,,1.0,,Status,2,2,0,84,84,0,42.0,0.0,130.287506,130.287506,0.0,0,0,0,0.0,,,0.38776,0.38776,0.0,REQ,,,,,0.0,0.0,0.0,0
397008,2.578693,2.578693,2.578693,2.578693,2.578693,2.578693,udp,0.0,,cs0,,63.0,,1.0,,Status,2,2,0,84,84,0,42.0,0.0,130.298569,130.298569,0.0,0,0,0,0.0,,,0.387793,0.387793,0.0,REQ,,,,,0.0,0.0,0.0,0
397021,0.0,0.0,0.0,0.0,0.0,0.0,udp,0.0,,cs0,,63.0,,1.0,,Status,1,1,0,42,42,0,42.0,0.0,0.0,0.0,0.0,0,0,0,0.0,,,0.0,0.0,0.0,REQ,,,,,0.0,0.0,0.0,0
397035,2.585858,2.585858,2.585858,2.585858,2.585858,2.585858,udp,0.0,,cs0,,63.0,,1.0,,Status,2,2,0,84,84,0,42.0,0.0,129.937531,129.937531,0.0,0,0,0,0.0,,,0.386719,0.386719,0.0,REQ,,,,,0.0,0.0,0.0,0
397044,0.0,0.0,0.0,0.0,0.0,0.0,udp,0.0,,cs0,,63.0,,1.0,,Status,1,1,0,42,42,0,42.0,0.0,0.0,0.0,0.0,0,0,0,0.0,,,0.0,0.0,0.0,REQ,,,,,0.0,0.0,0.0,0
397059,2.590027,2.590027,2.590027,2.590027,2.590027,2.590027,udp,0.0,,cs0,,63.0,,1.0,,Status,2,2,0,84,84,0,42.0,0.0,129.728378,129.728378,0.0,0,0,0,0.0,,,0.386096,0.386096,0.0,REQ,,,,,0.0,0.0,0.0,0
397111,0.0,0.0,0.0,0.0,0.0,0.0,udp,0.0,,cs0,,63.0,,1.0,,Status,1,1,0,42,42,0,42.0,0.0,0.0,0.0,0.0,0,0,0,0.0,,,0.0,0.0,0.0,REQ,,,,,0.0,0.0,0.0,0
397148,2.576975,2.576975,2.576975,2.576975,2.576975,2.576975,udp,0.0,,cs0,,63.0,,1.0,,Status,2,2,0,84,84,0,42.0,0.0,130.385422,130.385422,0.0,0,0,0,0.0,,,0.388052,0.388052,0.0,REQ,,,,,0.0,0.0,0.0,0
397150,2.577964,2.577964,2.577964,2.577964,2.577964,2.577964,udp,0.0,,cs0,,63.0,,1.0,,Status,2,2,0,84,84,0,42.0,0.0,130.335403,130.335403,0.0,0,0,0,0.0,,,0.387903,0.387903,0.0,REQ,,,,,0.0,0.0,0.0,0
397151,2.57656,2.57656,2.57656,2.57656,2.57656,2.57656,udp,0.0,,cs0,,63.0,,1.0,,Status,2,2,0,84,84,0,42.0,0.0,130.406433,130.406433,0.0,0,0,0,0.0,,,0.388114,0.388114,0.0,REQ,,,,,0.0,0.0,0.0,0
397203,2.579067,2.579067,2.579067,2.579067,2.579067,2.579067,udp,0.0,,cs0,,63.0,,1.0,,Status,2,2,0,84,84,0,42.0,0.0,130.279678,130.279678,0.0,0,0,0,0.0,,,0.387737,0.387737,0.0,REQ,,,,,0.0,0.0,0.0,0
397263,0.0,0.0,0.0,0.0,0.0,0.0,udp,0.0,,cs0,,63.0,,1.0,,Status,1,1,0,42,42,0,42.0,0.0,0.0,0.0,0.0,0,0,0,0.0,,,0.0,0.0,0.0,REQ,,,,,0.0,0.0,0.0,0
397264,0.0,0.0,0.0,0.0,0.0,0.0,udp,0.0,,cs0,,63.0,,1.0,,Status,1,1,0,42,42,0,42.0,0.0,0.0,0.0,0.0,0,0,0,0.0,,,0.0,0.0,0.0,REQ,,,,,0.0,0.0,0.0,0
397329,2.580843,2.580843,2.580843,2.580843,2.580843,2.580843,udp,0.0,,cs0,,63.0,,1.0,,Status,2,2,0,84,84,0,42.0,0.0,130.190018,130.190018,0.0,0,0,0,0.0,,,0.38747,0.38747,0.0,REQ,,,,,0.0,0.0,0.0,0
397351,2.579051,2.579051,2.579051,2.579051,2.579051,2.579051,udp,0.0,,cs0,,63.0,,1.0,,Status,2,2,0,84,84,0,42.0,0.0,130.280472,130.280472,0.0,0,0,0,0.0,,,0.38774,0.38774,0.0,REQ,,,,,0.0,0.0,0.0,0
397364,2.583737,2.583737,2.583737,2.583737,2.583737,2.583737,udp,0.0,,cs0,,63.0,,1.0,,Status,2,2,0,84,84,0,42.0,0.0,130.044205,130.044205,0.0,0,0,0,0.0,,,0.387036,0.387036,0.0,REQ,,,,,0.0,0.0,0.0,0
397545,0.0,0.0,0.0,0.0,0.0,0.0,udp,0.0,,cs0,,63.0,,1.0,,Status,1,1,0,42,42,0,42.0,0.0,0.0,0.0,0.0,0,0,0,0.0,,,0.0,0.0,0.0,REQ,,,,,0.0,0.0,0.0,0
397567,0.0,0.0,0.0,0.0,0.0,0.0,udp,0.0,,cs0,,63.0,,1.0,,Status,1,1,0,42,42,0,42.0,0.0,0.0,0.0,0.0,0,0,0,0.0,,,0.0,0.0,0.0,REQ,,,,,0.0,0.0,0.0,0
397577,0.0,0.0,0.0,0.0,0.0,0.0,udp,0.0,,cs0,,63.0,,1.0,,Status,1,1,0,42,42,0,42.0,0.0,0.0,0.0,0.0,0,0,0,0.0,,,0.0,0.0,0.0,REQ,,,,,0.0,0.0,0.0,0
397619,2.581124,2.581124,2.581124,2.581124,2.581124,2.581124,udp,0.0,,cs0,,63.0,,1.0,,Start,2,2,0,84,84,0,42.0,0.0,130.175842,130.175842,0.0,0,0,0,0.0,,,0.387428,0.387428,0.0,INT,,,,,0.0,0.0,0.0,0
397620,2.581125,2.581125,2.581125,2.581125,2.581125,2.581125,udp,0.0,,cs0,,63.0,,1.0,,Start,2,2,0,84,84,0,42.0,0.0,130.175797,130.175797,0.0,0,0,0,0.0,,,0.387428,0.387428,0.0,INT,,,,,0.0,0.0,0.0,0
397635,0.0,0.0,0.0,0.0,0.0,0.0,udp,0.0,,cs0,,63.0,,1.0,,Status,1,1,0,42,42,0,42.0,0.0,0.0,0.0,0.0,0,0,0,0.0,,,0.0,0.0,0.0,REQ,,,,,0.0,0.0,0.0,0
397679,0.0,0.0,0.0,0.0,0.0,0.0,udp,0.0,,cs0,,63.0,,1.0,,Status,1,1,0,42,42,0,42.0,0.0,0.0,0.0,0.0,0,0,0,0.0,,,0.0,0.0,0.0,REQ,,,,,0.0,0.0,0.0,0
397725,2.58148,2.58148,2.58148,2.58148,2.58148,2.58148,udp,0.0,,cs0,,63.0,,1.0,,Status,2,2,0,84,84,0,42.0,0.0,130.157898,130.157898,0.0,0,0,0,0.0,,,0.387375,0.387375,0.0,REQ,,,,,0.0,0.0,0.0,0
397818,0.0,0.0,0.0,0.0,0.0,0.0,udp,0.0,,cs0,,63.0,,1.0,,Status,1,1,0,42,42,0,42.0,0.0,0.0,0.0,0.0,0,0,0,0.0,,,0.0,0.0,0.0,REQ,,,,,0.0,0.0,0.0,0
397855,2.577144,2.577144,2.577144,2.577144,2.577144,2.577144,udp,0.0,,cs0,,63.0,,1.0,,Status,2,2,0,84,84,0,42.0,0.0,130.376892,130.376892,0.0,0,0,0,0.0,,,0.388026,0.388026,0.0,REQ,,,,,0.0,0.0,0.0,0
397905,2.581164,2.581164,2.581164,2.581164,2.581164,2.581164,udp,0.0,,cs0,,63.0,,1.0,,Status,2,2,0,84,84,0,42.0,0.0,130.173828,130.173828,0.0,0,0,0,0.0,,,0.387422,0.387422,0.0,REQ,,,,,0.0,0.0,0.0,0
397984,0.0,0.0,0.0,0.0,0.0,0.0,udp,0.0,,cs0,,63.0,,1.0,,Status,1,1,0,42,42,0,42.0,0.0,0.0,0.0,0.0,0,0,0,0.0,,,0.0,0.0,0.0,REQ,,,,,0.0,0.0,0.0,0
397986,0.0,0.0,0.0,0.0,0.0,0.0,udp,0.0,,cs0,,63.0,,1.0,,Status,1,1,0,42,42,0,42.0,0.0,0.0,0.0,0.0,0,0,0,0.0,,,0.0,0.0,0.0,REQ,,,,,0.0,0.0,0.0,0
398024,0.0,0.0,0.0,0.0,0.0,0.0,udp,0.0,,cs0,,63.0,,1.0,,Status,1,1,0,42,42,0,42.0,0.0,0.0,0.0,0.0,0,0,0,0.0,,,0.0,0.0,0.0,REQ,,,,,0.0,0.0,0.0,0
398059,2.580243,2.580243,2.580243,2.580243,2.580243,2.580243,udp,0.0,,cs0,,63.0,,1.0,,Status,2,2,0,84,84,0,42.0,0.0,130.220291,130.220291,0.0,0,0,0,0.0,,,0.38756,0.38756,0.0,REQ,,,,,0.0,0.0,0.0,0
398073,0.0,0.0,0.0,0.0,0.0,0.0,udp,0.0,,cs0,,63.0,,1.0,,Status,1,1,0,42,42,0,42.0,0.0,0.0,0.0,0.0,0,0,0,0.0,,,0.0,0.0,0.0,REQ,,,,,0.0,0.0,0.0,0
398135,0.0,0.0,0.0,0.0,0.0,0.0,udp,0.0,,cs0,,63.0,,1.0,,Status,1,1,0,42,42,0,42.0,0.0,0.0,0.0,0.0,0,0,0,0.0,,,0.0,0.0,0.0,REQ,,,,,0.0,0.0,0.0,0
398168,2.575153,2.575153,2.575153,2.575153,2.575153,2.575153,udp,0.0,,cs0,,63.0,,1.0,,Status,2,2,0,84,84,0,42.0,0.0,130.477676,130.477676,0.0,0,0,0,0.0,,,0.388326,0.388326,0.0,REQ,,,,,0.0,0.0,0.0,0
398179,2.575013,2.575013,2.575013,2.575013,2.575013,2.575013,udp,0.0,,cs0,,63.0,,1.0,,Status,2,2,0,84,84,0,42.0,0.0,130.484787,130.484787,0.0,0,0,0,0.0,,,0.388348,0.388348,0.0,REQ,,,,,0.0,0.0,0.0,0
398192,0.0,0.0,0.0,0.0,0.0,0.0,udp,0.0,,cs0,,63.0,,1.0,,Status,1,1,0,42,42,0,42.0,0.0,0.0,0.0,0.0,0,0,0,0.0,,,0.0,0.0,0.0,REQ,,,,,0.0,0.0,0.0,0
398202,2.574259,2.574259,2.574259,2.574259,2.574259,2.574259,udp,0.0,,cs0,,63.0,,1.0,,Status,2,2,0,84,84,0,42.0,0.0,130.522995,130.522995,0.0,0,0,0,0.0,,,0.388461,0.388461,0.0,REQ,,,,,0.0,0.0,0.0,0
398252,2.572989,2.572989,2.572989,2.572989,2.572989,2.572989,udp,0.0,,cs0,,63.0,,1.0,,Status,2,2,0,84,84,0,42.0,0.0,130.587418,130.587418,0.0,0,0,0,0.0,,,0.388653,0.388653,0.0,REQ,,,,,0.0,0.0,0.0,0
398295,2.578845,2.578845,2.578845,2.578845,2.578845,2.578845,udp,0.0,,cs0,,63.0,,1.0,,Status,2,2,0,84,84,0,42.0,0.0,130.290878,130.290878,0.0,0,0,0,0.0,,,0.387771,0.387771,0.0,REQ,,,,,0.0,0.0,0.0,0
398297,2.578845,2.578845,2.578845,2.578845,2.578845,2.578845,udp,0.0,,cs0,,63.0,,1.0,,Status,2,2,0,84,84,0,42.0,0.0,130.290878,130.290878,0.0,0,0,0,0.0,,,0.387771,0.387771,0.0,REQ,,,,,0.0,0.0,0.0,0
398410,0.0,0.0,0.0,0.0,0.0,0.0,udp,0.0,,cs0,,63.0,,1.0,,Start,1,1,0,42,42,0,42.0,0.0,0.0,0.0,0.0,0,0,0,0.0,,,0.0,0.0,0.0,INT,,,,,0.0,0.0,0.0,0
398429,2.580128,2.580128,2.580128,2.580128,2.580128,2.580128,udp,0.0,,cs0,,63.0,,1.0,,Status,2,2,0,84,84,0,42.0,0.0,130.226105,130.226105,0.0,0,0,0,0.0,,,0.387578,0.387578,0.0,REQ,,,,,0.0,0.0,0.0,0
398466,2.580198,2.580198,2.580198,2.580198,2.580198,2.580198,udp,0.0,,cs0,,63.0,,1.0,,Status,2,2,0,84,84,0,42.0,0.0,130.222565,130.222565,0.0,0,0,0,0.0,,,0.387567,0.387567,0.0,REQ,,,,,0.0,0.0,0.0,0
398522,0.0,0.0,0.0,0.0,0.0,0.0,udp,0.0,,cs0,,63.0,,1.0,,Status,1,1,0,42,42,0,42.0,0.0,0.0,0.0,0.0,0,0,0,0.0,,,0.0,0.0,0.0,REQ,,,,,0.0,0.0,0.0,0
398529,0.0,0.0,0.0,0.0,0.0,0.0,udp,0.0,,cs0,,63.0,,1.0,,Status,1,1,0,42,42,0,42.0,0.0,0.0,0.0,0.0,0,0,0,0.0,,,0.0,0.0,0.0,REQ,,,,,0.0,0.0,0.0,0
398535,2.578851,2.578851,2.578851,2.578851,2.578851,2.578851,udp,0.0,,cs0,,63.0,,1.0,,Status,2,2,0,84,84,0,42.0,0.0,130.290588,130.290588,0.0,0,0,0,0.0,,,0.38777,0.38777,0.0,REQ,,,,,0.0,0.0,0.0,0
398541,2.579698,2.579698,2.579698,2.579698,2.579698,2.579698,udp,0.0,,cs0,,63.0,,1.0,,Status,2,2,0,84,84,0,42.0,0.0,130.247803,130.247803,0.0,0,0,0,0.0,,,0.387642,0.387642,0.0,REQ,,,,,0.0,0.0,0.0,0
398549,0.0,0.0,0.0,0.0,0.0,0.0,udp,0.0,,cs0,,63.0,,1.0,,Status,1,1,0,42,42,0,42.0,0.0,0.0,0.0,0.0,0,0,0,0.0,,,0.0,0.0,0.0,REQ,,,,,0.0,0.0,0.0,0
398590,0.0,0.0,0.0,0.0,0.0,0.0,udp,0.0,,cs0,,63.0,,1.0,,Status,1,1,0,42,42,0,42.0,0.0,0.0,0.0,0.0,0,0,0,0.0,,,0.0,0.0,0.0,REQ,,,,,0.0,0.0,0.0,0
398620,2.58146,2.58146,2.58146,2.58146,2.58146,2.58146,udp,0.0,,cs0,,63.0,,1.0,,Status,2,2,0,84,84,0,42.0,0.0,130.158905,130.158905,0.0,0,0,0,0.0,,,0.387378,0.387378,0.0,REQ,,,,,0.0,0.0,0.0,0
398711,0.0,0.0,0.0,0.0,0.0,0.0,udp,0.0,,cs0,,63.0,,1.0,,Status,1,1,0,42,42,0,42.0,0.0,0.0,0.0,0.0,0,0,0,0.0,,,0.0,0.0,0.0,REQ,,,,,0.0,0.0,0.0,0
398731,0.0,0.0,0.0,0.0,0.0,0.0,udp,0.0,,cs0,,63.0,,1.0,,Status,1,1,0,42,42,0,42.0,0.0,0.0,0.0,0.0,0,0,0,0.0,,,0.0,0.0,0.0,REQ,,,,,0.0,0.0,0.0,0
398755,2.575789,2.575789,2.575789,2.575789,2.575789,2.575789,udp,0.0,,cs0,,63.0,,1.0,,Status,2,2,0,84,84,0,42.0,0.0,130.445465,130.445465,0.0,0,0,0,0.0,,,0.388231,0.388231,0.0,REQ,,,,,0.0,0.0,0.0,0
398790,2.578971,2.578971,2.578971,2.578971,2.578971,2.578971,udp,0.0,,cs0,,63.0,,1.0,,Status,2,2,0,84,84,0,42.0,0.0,130.284531,130.284531,0.0,0,0,0,0.0,,,0.387752,0.387752,0.0,REQ,,,,,0.0,0.0,0.0,0
398822,0.0,0.0,0.0,0.0,0.0,0.0,udp,0.0,,cs0,,63.0,,1.0,,Status,1,1,0,42,42,0,42.0,0.0,0.0,0.0,0.0,0,0,0,0.0,,,0.0,0.0,0.0,REQ,,,,,0.0,0.0,0.0,0
398842,0.0,0.0,0.0,0.0,0.0,0.0,udp,0.0,,cs0,,63.0,,1.0,,Status,1,1,0,42,42,0,42.0,0.0,0.0,0.0,0.0,0,0,0,0.0,,,0.0,0.0,0.0,REQ,,,,,0.0,0.0,0.0,0
398846,0.0,0.0,0.0,0.0,0.0,0.0,udp,0.0,,cs0,,63.0,,1.0,,Status,1,1,0,42,42,0,42.0,0.0,0.0,0.0,0.0,0,0,0,0.0,,,0.0,0.0,0.0,REQ,,,,,0.0,0.0,0.0,0
398848,0.0,0.0,0.0,0.0,0.0,0.0,udp,0.0,,cs0,,63.0,,1.0,,Status,1,1,0,42,42,0,42.0,0.0,0.0,0.0,0.0,0,0,0,0.0,,,0.0,0.0,0.0,REQ,,,,,0.0,0.0,0.0,0
398855,0.0,0.0,0.0,0.0,0.0,0.0,udp,0.0,,cs0,,63.0,,1.0,,Status,1,1,0,42,42,0,42.0,0.0,0.0,0.0,0.0,0,0,0,0.0,,,0.0,0.0,0.0,REQ,,,,,0.0,0.0,0.0,0
398866,0.0,0.0,0.0,0.0,0.0,0.0,udp,0.0,,cs0,,63.0,,1.0,,Status,1,1,0,42,42,0,42.0,0.0,0.0,0.0,0.0,0,0,0,0.0,,,0.0,0.0,0.0,REQ,,,,,0.0,0.0,0.0,0
398890,0.0,0.0,0.0,0.0,0.0,0.0,udp,0.0,,cs0,,63.0,,1.0,,Status,1,1,0,42,42,0,42.0,0.0,0.0,0.0,0.0,0,0,0,0.0,,,0.0,0.0,0.0,REQ,,,,,0.0,0.0,0.0,0
398896,2.578037,2.578037,2.578037,2.578037,2.578037,2.578037,udp,0.0,,cs0,,63.0,,1.0,,Status,2,2,0,84,84,0,42.0,0.0,130.331726,130.331726,0.0,0,0,0,0.0,,,0.387892,0.387892,0.0,REQ,,,,,0.0,0.0,0.0,0
398930,2.577992,2.577992,2.577992,2.577992,2.577992,2.577992,udp,0.0,,cs0,,63.0,,1.0,,Status,2,2,0,84,84,0,42.0,0.0,130.334,130.334,0.0,0,0,0,0.0,,,0.387899,0.387899,0.0,REQ,,,,,0.0,0.0,0.0,0
398961,0.0,0.0,0.0,0.0,0.0,0.0,udp,0.0,,cs0,,63.0,,1.0,,Status,1,1,0,42,42,0,42.0,0.0,0.0,0.0,0.0,0,0,0,0.0,,,0.0,0.0,0.0,REQ,,,,,0.0,0.0,0.0,0
398984,0.0,0.0,0.0,0.0,0.0,0.0,udp,0.0,,cs0,,63.0,,1.0,,Status,1,1,0,42,42,0,42.0,0.0,0.0,0.0,0.0,0,0,0,0.0,,,0.0,0.0,0.0,REQ,,,,,0.0,0.0,0.0,0
399024,2.577916,2.577916,2.577916,2.577916,2.577916,2.577916,udp,0.0,,cs0,,63.0,,1.0,,Status,2,2,0,84,84,0,42.0,0.0,130.337845,130.337845,0.0,0,0,0,0.0,,,0.38791,0.38791,0.0,REQ,,,,,0.0,0.0,0.0,0
399055,0.0,0.0,0.0,0.0,0.0,0.0,udp,0.0,,cs0,,63.0,,1.0,,Status,1,1,0,42,42,0,42.0,0.0,0.0,0.0,0.0,0,0,0,0.0,,,0.0,0.0,0.0,REQ,,,,,0.0,0.0,0.0,0
399059,0.0,0.0,0.0,0.0,0.0,0.0,udp,0.0,,cs0,,63.0,,1.0,,Status,1,1,0,42,42,0,42.0,0.0,0.0,0.0,0.0,0,0,0,0.0,,,0.0,0.0,0.0,REQ,,,,,0.0,0.0,0.0,0
399161,2.569936,2.569936,2.569936,2.569936,2.569936,2.569936,udp,0.0,,cs0,,63.0,,1.0,,Status,2,2,0,84,84,0,42.0,0.0,130.742554,130.742554,0.0,0,0,0,0.0,,,0.389115,0.389115,0.0,REQ,,,,,0.0,0.0,0.0,0
399298,2.581027,2.581027,2.581027,2.581027,2.581027,2.581027,udp,0.0,,cs0,,63.0,,1.0,,Status,2,2,0,84,84,0,42.0,0.0,130.18074,130.18074,0.0,0,0,0,0.0,,,0.387443,0.387443,0.0,REQ,,,,,0.0,0.0,0.0,0
399328,2.577165,2.577165,2.577165,2.577165,2.577165,2.577165,udp,0.0,,cs0,,63.0,,1.0,,Status,2,2,0,84,84,0,42.0,0.0,130.375824,130.375824,0.0,0,0,0,0.0,,,0.388023,0.388023,0.0,REQ,,,,,0.0,0.0,0.0,0
399355,2.579026,2.579026,2.579026,2.579026,2.579026,2.579026,udp,0.0,,cs0,,63.0,,1.0,,Status,2,2,0,84,84,0,42.0,0.0,130.281738,130.281738,0.0,0,0,0,0.0,,,0.387743,0.387743,0.0,REQ,,,,,0.0,0.0,0.0,0
399368,0.0,0.0,0.0,0.0,0.0,0.0,udp,0.0,,cs0,,63.0,,1.0,,Status,1,1,0,42,42,0,42.0,0.0,0.0,0.0,0.0,0,0,0,0.0,,,0.0,0.0,0.0,REQ,,,,,0.0,0.0,0.0,0
399455,0.0,0.0,0.0,0.0,0.0,0.0,udp,0.0,,cs0,,63.0,,1.0,,Status,1,1,0,42,42,0,42.0,0.0,0.0,0.0,0.0,0,0,0,0.0,,,0.0,0.0,0.0,REQ,,,,,0.0,0.0,0.0,0
399477,0.0,0.0,0.0,0.0,0.0,0.0,udp,0.0,,cs0,,63.0,,1.0,,Status,1,1,0,42,42,0,42.0,0.0,0.0,0.0,0.0,0,0,0,0.0,,,0.0,0.0,0.0,REQ,,,,,0.0,0.0,0.0,0
399581,0.0,0.0,0.0,0.0,0.0,0.0,udp,0.0,,cs0,,63.0,,1.0,,Status,1,1,0,42,42,0,42.0,0.0,0.0,0.0,0.0,0,0,0,0.0,,,0.0,0.0,0.0,REQ,,,,,0.0,0.0,0.0,0
399592,2.567242,2.567242,2.567242,2.567242,2.567242,2.567242,udp,0.0,,cs0,,63.0,,1.0,,Status,2,2,0,84,84,0,42.0,0.0,130.879761,130.879761,0.0,0,0,0,0.0,,,0.389523,0.389523,0.0,REQ,,,,,0.0,0.0,0.0,0
399594,0.0,0.0,0.0,0.0,0.0,0.0,udp,0.0,,cs0,,63.0,,1.0,,Status,1,1,0,42,42,0,42.0,0.0,0.0,0.0,0.0,0,0,0,0.0,,,0.0,0.0,0.0,REQ,,,,,0.0,0.0,0.0,0
399605,0.0,0.0,0.0,0.0,0.0,0.0,udp,0.0,,cs0,,63.0,,1.0,,Status,1,1,0,42,42,0,42.0,0.0,0.0,0.0,0.0,0,0,0,0.0,,,0.0,0.0,0.0,REQ,,,,,0.0,0.0,0.0,0
399624,2.573693,2.573693,2.573693,2.573693,2.573693,2.573693,udp,0.0,,cs0,,63.0,,1.0,,Status,2,2,0,84,84,0,42.0,0.0,130.551697,130.551697,0.0,0,0,0,0.0,,,0.388547,0.388547,0.0,REQ,,,,,0.0,0.0,0.0,0
399651,2.578111,2.578111,2.578111,2.578111,2.578111,2.578111,udp,0.0,,cs0,,63.0,,1.0,,Status,2,2,0,84,84,0,42.0,0.0,130.327988,130.327988,0.0,0,0,0,0.0,,,0.387881,0.387881,0.0,REQ,,,,,0.0,0.0,0.0,0
399653,2.578099,2.578099,2.578099,2.578099,2.578099,2.578099,udp,0.0,,cs0,,63.0,,1.0,,Status,2,2,0,84,84,0,42.0,0.0,130.328583,130.328583,0.0,0,0,0,0.0,,,0.387883,0.387883,0.0,REQ,,,,,0.0,0.0,0.0,0
399728,0.0,0.0,0.0,0.0,0.0,0.0,udp,0.0,,cs0,,63.0,,1.0,,Status,1,1,0,42,42,0,42.0,0.0,0.0,0.0,0.0,0,0,0,0.0,,,0.0,0.0,0.0,REQ,,,,,0.0,0.0,0.0,0
399912,2.581073,2.581073,2.581073,2.581073,2.581073,2.581073,udp,0.0,,cs0,,63.0,,1.0,,Status,2,2,0,84,84,0,42.0,0.0,130.178421,130.178421,0.0,0,0,0,0.0,,,0.387436,0.387436,0.0,REQ,,,,,0.0,0.0,0.0,0
399924,0.0,0.0,0.0,0.0,0.0,0.0,udp,0.0,,cs0,,63.0,,1.0,,Status,1,1,0,42,42,0,42.0,0.0,0.0,0.0,0.0,0,0,0,0.0,,,0.0,0.0,0.0,REQ,,,,,0.0,0.0,0.0,0
399953,0.0,0.0,0.0,0.0,0.0,0.0,udp,0.0,,cs0,,63.0,,1.0,,Status,1,1,0,42,42,0,42.0,0.0,0.0,0.0,0.0,0,0,0,0.0,,,0.0,0.0,0.0,REQ,,,,,0.0,0.0,0.0,0
400053,0.0,0.0,0.0,0.0,0.0,0.0,udp,0.0,,cs0,,63.0,,1.0,,Status,1,1,0,42,42,0,42.0,0.0,0.0,0.0,0.0,0,0,0,0.0,,,0.0,0.0,0.0,REQ,,,,,0.0,0.0,0.0,0
400085,2.579184,2.579184,2.579184,2.579184,2.579184,2.579184,udp,0.0,,cs0,,63.0,,1.0,,Status,2,2,0,84,84,0,42.0,0.0,130.273758,130.273758,0.0,0,0,0,0.0,,,0.38772,0.38772,0.0,REQ,,,,,0.0,0.0,0.0,0
400111,2.578818,2.578818,2.578818,2.578818,2.578818,2.578818,udp,0.0,,cs0,,63.0,,1.0,,Status,2,2,0,84,84,0,42.0,0.0,130.292252,130.292252,0.0,0,0,0,0.0,,,0.387775,0.387775,0.0,REQ,,,,,0.0,0.0,0.0,0
400117,2.57881,2.57881,2.57881,2.57881,2.57881,2.57881,udp,0.0,,cs0,,63.0,,1.0,,Status,2,2,0,84,84,0,42.0,0.0,130.292648,130.292648,0.0,0,0,0,0.0,,,0.387776,0.387776,0.0,REQ,,,,,0.0,0.0,0.0,0
400145,2.574804,2.574804,2.574804,2.574804,2.574804,2.574804,udp,0.0,,cs0,,63.0,,1.0,,Status,2,2,0,84,84,0,42.0,0.0,130.495361,130.495361,0.0,0,0,0,0.0,,,0.388379,0.388379,0.0,REQ,,,,,0.0,0.0,0.0,0
400146,2.574804,2.574804,2.574804,2.574804,2.574804,2.574804,udp,0.0,,cs0,,63.0,,1.0,,Status,2,2,0,84,84,0,42.0,0.0,130.495361,130.495361,0.0,0,0,0,0.0,,,0.388379,0.388379,0.0,REQ,,,,,0.0,0.0,0.0,0
400319,2.580157,2.580157,2.580157,2.580157,2.580157,2.580157,udp,0.0,,cs0,,63.0,,1.0,,Status,2,2,0,84,84,0,42.0,0.0,130.224625,130.224625,0.0,0,0,0,0.0,,,0.387573,0.387573,0.0,REQ,,,,,0.0,0.0,0.0,0
400350,2.57407,2.57407,2.57407,2.57407,2.57407,2.57407,udp,0.0,,cs0,,63.0,,1.0,,Status,2,2,0,84,84,0,42.0,0.0,130.532578,130.532578,0.0,0,0,0,0.0,,,0.38849,0.38849,0.0,REQ,,,,,0.0,0.0,0.0,0
400351,2.57407,2.57407,2.57407,2.57407,2.57407,2.57407,udp,0.0,,cs0,,63.0,,1.0,,Status,2,2,0,84,84,0,42.0,0.0,130.532578,130.532578,0.0,0,0,0,0.0,,,0.38849,0.38849,0.0,REQ,,,,,0.0,0.0,0.0,0
400367,0.0,0.0,0.0,0.0,0.0,0.0,udp,0.0,,cs0,,63.0,,1.0,,Status,1,1,0,42,42,0,42.0,0.0,0.0,0.0,0.0,0,0,0,0.0,,,0.0,0.0,0.0,REQ,,,,,0.0,0.0,0.0,0
400399,2.580574,2.580574,2.580574,2.580574,2.580574,2.580574,udp,0.0,,cs0,,63.0,,1.0,,Status,2,2,0,84,84,0,42.0,0.0,130.203583,130.203583,0.0,0,0,0,0.0,,,0.387511,0.387511,0.0,REQ,,,,,0.0,0.0,0.0,0
400405,0.0,0.0,0.0,0.0,0.0,0.0,udp,0.0,,cs0,,63.0,,1.0,,Status,1,1,0,42,42,0,42.0,0.0,0.0,0.0,0.0,0,0,0,0.0,,,0.0,0.0,0.0,REQ,,,,,0.0,0.0,0.0,0
400413,2.580444,2.580444,2.580444,2.580444,2.580444,2.580444,udp,0.0,,cs0,,63.0,,1.0,,Status,2,2,0,84,84,0,42.0,0.0,130.210144,130.210144,0.0,0,0,0,0.0,,,0.38753,0.38753,0.0,REQ,,,,,0.0,0.0,0.0,0
400445,0.0,0.0,0.0,0.0,0.0,0.0,udp,0.0,,cs0,,63.0,,1.0,,Status,1,1,0,42,42,0,42.0,0.0,0.0,0.0,0.0,0,0,0,0.0,,,0.0,0.0,0.0,REQ,,,,,0.0,0.0,0.0,0
400451,0.0,0.0,0.0,0.0,0.0,0.0,udp,0.0,,cs0,,63.0,,1.0,,Status,1,1,0,42,42,0,42.0,0.0,0.0,0.0,0.0,0,0,0,0.0,,,0.0,0.0,0.0,REQ,,,,,0.0,0.0,0.0,0
400471,0.0,0.0,0.0,0.0,0.0,0.0,udp,0.0,,cs0,,63.0,,1.0,,Status,1,1,0,42,42,0,42.0,0.0,0.0,0.0,0.0,0,0,0,0.0,,,0.0,0.0,0.0,REQ,,,,,0.0,0.0,0.0,0
400550,0.0,0.0,0.0,0.0,0.0,0.0,udp,0.0,,cs0,,63.0,,1.0,,Status,1,1,0,42,42,0,42.0,0.0,0.0,0.0,0.0,0,0,0,0.0,,,0.0,0.0,0.0,REQ,,,,,0.0,0.0,0.0,0
400576,2.578743,2.578743,2.578743,2.578743,2.578743,2.578743,udp,0.0,,cs0,,63.0,,1.0,,Status,2,2,0,84,84,0,42.0,0.0,130.296036,130.296036,0.0,0,0,0,0.0,,,0.387786,0.387786,0.0,REQ,,,,,0.0,0.0,0.0,0
400668,2.577642,2.577642,2.577642,2.577642,2.577642,2.577642,udp,0.0,,cs0,,63.0,,1.0,,Status,2,2,0,84,84,0,42.0,0.0,130.3517,130.3517,0.0,0,0,0,0.0,,,0.387951,0.387951,0.0,REQ,,,,,0.0,0.0,0.0,0
400695,0.0,0.0,0.0,0.0,0.0,0.0,udp,0.0,,cs0,,63.0,,1.0,,Status,1,1,0,42,42,0,42.0,0.0,0.0,0.0,0.0,0,0,0,0.0,,,0.0,0.0,0.0,REQ,,,,,0.0,0.0,0.0,0
400724,2.578951,2.578951,2.578951,2.578951,2.578951,2.578951,udp,0.0,,cs0,,63.0,,1.0,,Status,2,2,0,84,84,0,42.0,0.0,130.285538,130.285538,0.0,0,0,0,0.0,,,0.387755,0.387755,0.0,REQ,,,,,0.0,0.0,0.0,0
400759,0.0,0.0,0.0,0.0,0.0,0.0,udp,0.0,,cs0,,63.0,,1.0,,Status,1,1,0,42,42,0,42.0,0.0,0.0,0.0,0.0,0,0,0,0.0,,,0.0,0.0,0.0,REQ,,,,,0.0,0.0,0.0,0
400763,0.0,0.0,0.0,0.0,0.0,0.0,udp,0.0,,cs0,,63.0,,1.0,,Status,1,1,0,42,42,0,42.0,0.0,0.0,0.0,0.0,0,0,0,0.0,,,0.0,0.0,0.0,REQ,,,,,0.0,0.0,0.0,0
400837,0.0,0.0,0.0,0.0,0.0,0.0,udp,0.0,,cs0,,63.0,,1.0,,Status,1,1,0,42,42,0,42.0,0.0,0.0,0.0,0.0,0,0,0,0.0,,,0.0,0.0,0.0,REQ,,,,,0.0,0.0,0.0,0
400957,0.0,0.0,0.0,0.0,0.0,0.0,udp,0.0,,cs0,,63.0,,1.0,,Status,1,1,0,42,42,0,42.0,0.0,0.0,0.0,0.0,0,0,0,0.0,,,0.0,0.0,0.0,REQ,,,,,0.0,0.0,0.0,0
401020,2.575829,2.575829,2.575829,2.575829,2.575829,2.575829,udp,0.0,,cs0,,63.0,,1.0,,Status,2,2,0,84,84,0,42.0,0.0,130.443436,130.443436,0.0,0,0,0,0.0,,,0.388225,0.388225,0.0,REQ,,,,,0.0,0.0,0.0,0
401037,2.576686,2.576686,2.576686,2.576686,2.576686,2.576686,udp,0.0,,cs0,,63.0,,1.0,,Status,2,2,0,84,84,0,42.0,0.0,130.400055,130.400055,0.0,0,0,0,0.0,,,0.388095,0.388095,0.0,REQ,,,,,0.0,0.0,0.0,0
401039,0.0,0.0,0.0,0.0,0.0,0.0,udp,0.0,,cs0,,63.0,,1.0,,Status,1,1,0,42,42,0,42.0,0.0,0.0,0.0,0.0,0,0,0,0.0,,,0.0,0.0,0.0,REQ,,,,,0.0,0.0,0.0,0
401064,2.581217,2.581217,2.581217,2.581217,2.581217,2.581217,udp,0.0,,cs0,,63.0,,1.0,,Status,2,2,0,84,84,0,42.0,0.0,130.171158,130.171158,0.0,0,0,0,0.0,,,0.387414,0.387414,0.0,REQ,,,,,0.0,0.0,0.0,0
401081,2.575312,2.575312,2.575312,2.575312,2.575312,2.575312,udp,0.0,,cs0,,63.0,,1.0,,Status,2,2,0,84,84,0,42.0,0.0,130.469635,130.469635,0.0,0,0,0,0.0,,,0.388302,0.388302,0.0,REQ,,,,,0.0,0.0,0.0,0
401110,0.0,0.0,0.0,0.0,0.0,0.0,udp,0.0,,cs0,,63.0,,1.0,,Status,1,1,0,42,42,0,42.0,0.0,0.0,0.0,0.0,0,0,0,0.0,,,0.0,0.0,0.0,REQ,,,,,0.0,0.0,0.0,0
401147,0.0,0.0,0.0,0.0,0.0,0.0,udp,0.0,,cs0,,63.0,,1.0,,Status,1,1,0,42,42,0,42.0,0.0,0.0,0.0,0.0,0,0,0,0.0,,,0.0,0.0,0.0,REQ,,,,,0.0,0.0,0.0,0
401160,0.0,0.0,0.0,0.0,0.0,0.0,udp,0.0,,cs0,,63.0,,1.0,,Status,1,1,0,42,42,0,42.0,0.0,0.0,0.0,0.0,0,0,0,0.0,,,0.0,0.0,0.0,REQ,,,,,0.0,0.0,0.0,0
401171,0.0,0.0,0.0,0.0,0.0,0.0,udp,0.0,,cs0,,63.0,,1.0,,Status,1,1,0,42,42,0,42.0,0.0,0.0,0.0,0.0,0,0,0,0.0,,,0.0,0.0,0.0,REQ,,,,,0.0,0.0,0.0,0
401217,0.0,0.0,0.0,0.0,0.0,0.0,udp,0.0,,cs0,,63.0,,1.0,,Status,1,1,0,42,42,0,42.0,0.0,0.0,0.0,0.0,0,0,0,0.0,,,0.0,0.0,0.0,REQ,,,,,0.0,0.0,0.0,0
401240,2.576045,2.576045,2.576045,2.576045,2.576045,2.576045,udp,0.0,,cs0,,63.0,,1.0,,Status,2,2,0,84,84,0,42.0,0.0,130.432495,130.432495,0.0,0,0,0,0.0,,,0.388192,0.388192,0.0,REQ,,,,,0.0,0.0,0.0,0
401322,2.57603,2.57603,2.57603,2.57603,2.57603,2.57603,udp,0.0,,cs0,,63.0,,1.0,,Status,2,2,0,84,84,0,42.0,0.0,130.433258,130.433258,0.0,0,0,0,0.0,,,0.388194,0.388194,0.0,REQ,,,,,0.0,0.0,0.0,0
401334,2.576152,2.576152,2.576152,2.576152,2.576152,2.576152,udp,0.0,,cs0,,63.0,,1.0,,Status,2,2,0,84,84,0,42.0,0.0,130.427078,130.427078,0.0,0,0,0,0.0,,,0.388176,0.388176,0.0,REQ,,,,,0.0,0.0,0.0,0
401518,2.578926,2.578926,2.578926,2.578926,2.578926,2.578926,udp,0.0,,cs0,,63.0,,1.0,,Status,2,2,0,84,84,0,42.0,0.0,130.286789,130.286789,0.0,0,0,0,0.0,,,0.387758,0.387758,0.0,REQ,,,,,0.0,0.0,0.0,0
401531,2.578164,2.578164,2.578164,2.578164,2.578164,2.578164,udp,0.0,,cs0,,63.0,,1.0,,Status,2,2,0,84,84,0,42.0,0.0,130.325302,130.325302,0.0,0,0,0,0.0,,,0.387873,0.387873,0.0,REQ,,,,,0.0,0.0,0.0,0
401604,2.577979,2.577979,2.577979,2.577979,2.577979,2.577979,udp,0.0,,cs0,,63.0,,1.0,,Status,2,2,0,84,84,0,42.0,0.0,130.334656,130.334656,0.0,0,0,0,0.0,,,0.387901,0.387901,0.0,REQ,,,,,0.0,0.0,0.0,0
401697,0.0,0.0,0.0,0.0,0.0,0.0,udp,0.0,,cs0,,63.0,,1.0,,Status,1,1,0,42,42,0,42.0,0.0,0.0,0.0,0.0,0,0,0,0.0,,,0.0,0.0,0.0,REQ,,,,,0.0,0.0,0.0,0
401731,0.0,0.0,0.0,0.0,0.0,0.0,udp,0.0,,cs0,,63.0,,1.0,,Status,1,1,0,42,42,0,42.0,0.0,0.0,0.0,0.0,0,0,0,0.0,,,0.0,0.0,0.0,REQ,,,,,0.0,0.0,0.0,0
401808,0.0,0.0,0.0,0.0,0.0,0.0,udp,0.0,,cs0,,63.0,,1.0,,Status,1,1,0,42,42,0,42.0,0.0,0.0,0.0,0.0,0,0,0,0.0,,,0.0,0.0,0.0,REQ,,,,,0.0,0.0,0.0,0
401819,2.575109,2.575109,2.575109,2.575109,2.575109,2.575109,udp,0.0,,cs0,,63.0,,1.0,,Status,2,2,0,84,84,0,42.0,0.0,130.479919,130.479919,0.0,0,0,0,0.0,,,0.388333,0.388333,0.0,REQ,,,,,0.0,0.0,0.0,0
401832,0.0,0.0,0.0,0.0,0.0,0.0,udp,0.0,,cs0,,63.0,,1.0,,Status,1,1,0,42,42,0,42.0,0.0,0.0,0.0,0.0,0,0,0,0.0,,,0.0,0.0,0.0,REQ,,,,,0.0,0.0,0.0,0
401884,2.577659,2.577659,2.577659,2.577659,2.577659,2.577659,udp,0.0,,cs0,,63.0,,1.0,,Status,2,2,0,84,84,0,42.0,0.0,130.350845,130.350845,0.0,0,0,0,0.0,,,0.387949,0.387949,0.0,REQ,,,,,0.0,0.0,0.0,0
401904,2.580044,2.580044,2.580044,2.580044,2.580044,2.580044,udp,0.0,,cs0,,63.0,,1.0,,Status,2,2,0,84,84,0,42.0,0.0,130.230331,130.230331,0.0,0,0,0,0.0,,,0.38759,0.38759,0.0,REQ,,,,,0.0,0.0,0.0,0
401926,2.579936,2.579936,2.579936,2.579936,2.579936,2.579936,udp,0.0,,cs0,,63.0,,1.0,,Status,2,2,0,84,84,0,42.0,0.0,130.235794,130.235794,0.0,0,0,0,0.0,,,0.387607,0.387607,0.0,REQ,,,,,0.0,0.0,0.0,0
401936,2.579939,2.579939,2.579939,2.579939,2.579939,2.579939,udp,0.0,,cs0,,63.0,,1.0,,Status,2,2,0,84,84,0,42.0,0.0,130.235641,130.235641,0.0,0,0,0,0.0,,,0.387606,0.387606,0.0,REQ,,,,,0.0,0.0,0.0,0
401946,0.0,0.0,0.0,0.0,0.0,0.0,udp,0.0,,cs0,,63.0,,1.0,,Status,1,1,0,42,42,0,42.0,0.0,0.0,0.0,0.0,0,0,0,0.0,,,0.0,0.0,0.0,REQ,,,,,0.0,0.0,0.0,0
401957,2.574215,2.574215,2.574215,2.574215,2.574215,2.574215,udp,0.0,,cs0,,63.0,,1.0,,Status,2,2,0,84,84,0,42.0,0.0,130.525238,130.525238,0.0,0,0,0,0.0,,,0.388468,0.388468,0.0,REQ,,,,,0.0,0.0,0.0,0
402007,2.579812,2.579812,2.579812,2.579812,2.579812,2.579812,udp,0.0,,cs0,,63.0,,1.0,,Status,2,2,0,84,84,0,42.0,0.0,130.24205,130.24205,0.0,0,0,0,0.0,,,0.387625,0.387625,0.0,REQ,,,,,0.0,0.0,0.0,0
402161,2.576535,2.576535,2.576535,2.576535,2.576535,2.576535,udp,0.0,,cs0,,63.0,,1.0,,Status,2,2,0,84,84,0,42.0,0.0,130.4077,130.4077,0.0,0,0,0,0.0,,,0.388118,0.388118,0.0,REQ,,,,,0.0,0.0,0.0,0
402192,2.580082,2.580082,2.580082,2.580082,2.580082,2.580082,udp,0.0,,cs0,,63.0,,1.0,,Status,2,2,0,84,84,0,42.0,0.0,130.228424,130.228424,0.0,0,0,0,0.0,,,0.387585,0.387585,0.0,REQ,,,,,0.0,0.0,0.0,0
402231,2.574327,2.574327,2.574327,2.574327,2.574327,2.574327,udp,0.0,,cs0,,63.0,,1.0,,Status,2,2,0,84,84,0,42.0,0.0,130.519547,130.519547,0.0,0,0,0,0.0,,,0.388451,0.388451,0.0,REQ,,,,,0.0,0.0,0.0,0
402328,0.0,0.0,0.0,0.0,0.0,0.0,udp,0.0,,cs0,,63.0,,1.0,,Status,1,1,0,42,42,0,42.0,0.0,0.0,0.0,0.0,0,0,0,0.0,,,0.0,0.0,0.0,REQ,,,,,0.0,0.0,0.0,0
402431,2.577989,2.577989,2.577989,2.577989,2.577989,2.577989,udp,0.0,,cs0,,63.0,,1.0,,Status,2,2,0,84,84,0,42.0,0.0,130.334137,130.334137,0.0,0,0,0,0.0,,,0.387899,0.387899,0.0,REQ,,,,,0.0,0.0,0.0,0
402442,2.577987,2.577987,2.577987,2.577987,2.577987,2.577987,udp,0.0,,cs0,,63.0,,1.0,,Status,2,2,0,84,84,0,42.0,0.0,130.334259,130.334259,0.0,0,0,0,0.0,,,0.3879,0.3879,0.0,REQ,,,,,0.0,0.0,0.0,0
402463,2.577992,2.577992,2.577992,2.577992,2.577992,2.577992,udp,0.0,,cs0,,63.0,,1.0,,Status,2,2,0,84,84,0,42.0,0.0,130.334,130.334,0.0,0,0,0,0.0,,,0.387899,0.387899,0.0,REQ,,,,,0.0,0.0,0.0,0
402467,0.0,0.0,0.0,0.0,0.0,0.0,udp,0.0,,cs0,,63.0,,1.0,,Status,1,1,0,42,42,0,42.0,0.0,0.0,0.0,0.0,0,0,0,0.0,,,0.0,0.0,0.0,REQ,,,,,0.0,0.0,0.0,0
402470,0.0,0.0,0.0,0.0,0.0,0.0,udp,0.0,,cs0,,63.0,,1.0,,Status,1,1,0,42,42,0,42.0,0.0,0.0,0.0,0.0,0,0,0,0.0,,,0.0,0.0,0.0,REQ,,,,,0.0,0.0,0.0,0
402513,0.0,0.0,0.0,0.0,0.0,0.0,udp,0.0,,cs0,,63.0,,1.0,,Status,1,1,0,42,42,0,42.0,0.0,0.0,0.0,0.0,0,0,0,0.0,,,0.0,0.0,0.0,REQ,,,,,0.0,0.0,0.0,0
402520,0.0,0.0,0.0,0.0,0.0,0.0,udp,0.0,,cs0,,63.0,,1.0,,Status,1,1,0,42,42,0,42.0,0.0,0.0,0.0,0.0,0,0,0,0.0,,,0.0,0.0,0.0,REQ,,,,,0.0,0.0,0.0,0
402531,2.582933,2.582933,2.582933,2.582933,2.582933,2.582933,udp,0.0,,cs0,,63.0,,1.0,,Status,2,2,0,84,84,0,42.0,0.0,130.084671,130.084671,0.0,0,0,0,0.0,,,0.387157,0.387157,0.0,REQ,,,,,0.0,0.0,0.0,0
402551,0.0,0.0,0.0,0.0,0.0,0.0,udp,0.0,,cs0,,63.0,,1.0,,Status,1,1,0,42,42,0,42.0,0.0,0.0,0.0,0.0,0,0,0,0.0,,,0.0,0.0,0.0,REQ,,,,,0.0,0.0,0.0,0
402555,0.0,0.0,0.0,0.0,0.0,0.0,udp,0.0,,cs0,,63.0,,1.0,,Status,1,1,0,42,42,0,42.0,0.0,0.0,0.0,0.0,0,0,0,0.0,,,0.0,0.0,0.0,REQ,,,,,0.0,0.0,0.0,0
402567,2.580044,2.580044,2.580044,2.580044,2.580044,2.580044,udp,0.0,,cs0,,63.0,,1.0,,Status,2,2,0,84,84,0,42.0,0.0,130.230331,130.230331,0.0,0,0,0,0.0,,,0.38759,0.38759,0.0,REQ,,,,,0.0,0.0,0.0,0
402583,0.0,0.0,0.0,0.0,0.0,0.0,udp,0.0,,cs0,,63.0,,1.0,,Status,1,1,0,42,42,0,42.0,0.0,0.0,0.0,0.0,0,0,0,0.0,,,0.0,0.0,0.0,REQ,,,,,0.0,0.0,0.0,0
402639,0.0,0.0,0.0,0.0,0.0,0.0,udp,0.0,,cs0,,63.0,,1.0,,Status,1,1,0,42,42,0,42.0,0.0,0.0,0.0,0.0,0,0,0,0.0,,,0.0,0.0,0.0,REQ,,,,,0.0,0.0,0.0,0
402648,0.0,0.0,0.0,0.0,0.0,0.0,udp,0.0,,cs0,,63.0,,1.0,,Status,1,1,0,42,42,0,42.0,0.0,0.0,0.0,0.0,0,0,0,0.0,,,0.0,0.0,0.0,REQ,,,,,0.0,0.0,0.0,0
402682,2.579043,2.579043,2.579043,2.579043,2.579043,2.579043,udp,0.0,,cs0,,63.0,,1.0,,Status,2,2,0,84,84,0,42.0,0.0,130.280884,130.280884,0.0,0,0,0,0.0,,,0.387741,0.387741,0.0,REQ,,,,,0.0,0.0,0.0,0
402729,2.57616,2.57616,2.57616,2.57616,2.57616,2.57616,udp,0.0,,cs0,,63.0,,1.0,,Status,2,2,0,84,84,0,42.0,0.0,130.426682,130.426682,0.0,0,0,0,0.0,,,0.388175,0.388175,0.0,REQ,,,,,0.0,0.0,0.0,0
402766,2.580889,2.580889,2.580889,2.580889,2.580889,2.580889,udp,0.0,,cs0,,63.0,,1.0,,Status,2,2,0,84,84,0,42.0,0.0,130.187698,130.187698,0.0,0,0,0,0.0,,,0.387463,0.387463,0.0,REQ,,,,,0.0,0.0,0.0,0
402911,2.579041,2.579041,2.579041,2.579041,2.579041,2.579041,udp,0.0,,cs0,,63.0,,1.0,,Status,2,2,0,84,84,0,42.0,0.0,130.280991,130.280991,0.0,0,0,0,0.0,,,0.387741,0.387741,0.0,REQ,,,,,0.0,0.0,0.0,0
402939,2.574062,2.574062,2.574062,2.574062,2.574062,2.574062,udp,0.0,,cs0,,63.0,,1.0,,Status,2,2,0,84,84,0,42.0,0.0,130.532974,130.532974,0.0,0,0,0,0.0,,,0.388491,0.388491,0.0,REQ,,,,,0.0,0.0,0.0,0
402974,2.580542,2.580542,2.580542,2.580542,2.580542,2.580542,udp,0.0,,cs0,,63.0,,1.0,,Status,2,2,0,84,84,0,42.0,0.0,130.2052,130.2052,0.0,0,0,0,0.0,,,0.387515,0.387515,0.0,REQ,,,,,0.0,0.0,0.0,0
403058,2.580649,2.580649,2.580649,2.580649,2.580649,2.580649,udp,0.0,,cs0,,63.0,,1.0,,Status,2,2,0,84,84,0,42.0,0.0,130.199814,130.199814,0.0,0,0,0,0.0,,,0.387499,0.387499,0.0,REQ,,,,,0.0,0.0,0.0,0
403097,0.0,0.0,0.0,0.0,0.0,0.0,udp,0.0,,cs0,,63.0,,1.0,,Status,1,1,0,42,42,0,42.0,0.0,0.0,0.0,0.0,0,0,0,0.0,,,0.0,0.0,0.0,REQ,,,,,0.0,0.0,0.0,0
403147,0.0,0.0,0.0,0.0,0.0,0.0,udp,0.0,,cs0,,63.0,,1.0,,Status,1,1,0,42,42,0,42.0,0.0,0.0,0.0,0.0,0,0,0,0.0,,,0.0,0.0,0.0,REQ,,,,,0.0,0.0,0.0,0
403187,2.576926,2.576926,2.576926,2.576926,2.576926,2.576926,udp,0.0,,cs0,,63.0,,1.0,,Status,2,2,0,84,84,0,42.0,0.0,130.387909,130.387909,0.0,0,0,0,0.0,,,0.388059,0.388059,0.0,REQ,,,,,0.0,0.0,0.0,0
403196,0.0,0.0,0.0,0.0,0.0,0.0,udp,0.0,,cs0,,63.0,,1.0,,Status,1,1,0,42,42,0,42.0,0.0,0.0,0.0,0.0,0,0,0,0.0,,,0.0,0.0,0.0,REQ,,,,,0.0,0.0,0.0,0
403303,0.0,0.0,0.0,0.0,0.0,0.0,udp,0.0,,cs0,,63.0,,1.0,,Status,1,1,0,42,42,0,42.0,0.0,0.0,0.0,0.0,0,0,0,0.0,,,0.0,0.0,0.0,REQ,,,,,0.0,0.0,0.0,0
403419,0.0,0.0,0.0,0.0,0.0,0.0,udp,0.0,,cs0,,63.0,,1.0,,Status,1,1,0,42,42,0,42.0,0.0,0.0,0.0,0.0,0,0,0,0.0,,,0.0,0.0,0.0,REQ,,,,,0.0,0.0,0.0,0
403427,0.0,0.0,0.0,0.0,0.0,0.0,udp,0.0,,cs0,,63.0,,1.0,,Status,1,1,0,42,42,0,42.0,0.0,0.0,0.0,0.0,0,0,0,0.0,,,0.0,0.0,0.0,REQ,,,,,0.0,0.0,0.0,0
403433,0.0,0.0,0.0,0.0,0.0,0.0,udp,0.0,,cs0,,63.0,,1.0,,Status,1,1,0,42,42,0,42.0,0.0,0.0,0.0,0.0,0,0,0,0.0,,,0.0,0.0,0.0,REQ,,,,,0.0,0.0,0.0,0
403497,2.579009,2.579009,2.579009,2.579009,2.579009,2.579009,udp,0.0,,cs0,,63.0,,1.0,,Status,2,2,0,84,84,0,42.0,0.0,130.282593,130.282593,0.0,0,0,0,0.0,,,0.387746,0.387746,0.0,REQ,,,,,0.0,0.0,0.0,0
403590,0.0,0.0,0.0,0.0,0.0,0.0,udp,0.0,,cs0,,63.0,,1.0,,Status,1,1,0,42,42,0,42.0,0.0,0.0,0.0,0.0,0,0,0,0.0,,,0.0,0.0,0.0,REQ,,,,,0.0,0.0,0.0,0
403614,0.0,0.0,0.0,0.0,0.0,0.0,udp,0.0,,cs0,,63.0,,1.0,,Status,1,1,0,42,42,0,42.0,0.0,0.0,0.0,0.0,0,0,0,0.0,,,0.0,0.0,0.0,REQ,,,,,0.0,0.0,0.0,0
403634,2.576824,2.576824,2.576824,2.576824,2.576824,2.576824,udp,0.0,,cs0,,63.0,,1.0,,Start,2,2,0,84,84,0,42.0,0.0,130.393082,130.393082,0.0,0,0,0,0.0,,,0.388075,0.388075,0.0,INT,,,,,0.0,0.0,0.0,0
403642,2.575107,2.575107,2.575107,2.575107,2.575107,2.575107,udp,0.0,,cs0,,63.0,,1.0,,Status,2,2,0,84,84,0,42.0,0.0,130.480011,130.480011,0.0,0,0,0,0.0,,,0.388333,0.388333,0.0,REQ,,,,,0.0,0.0,0.0,0
403681,2.579281,2.579281,2.579281,2.579281,2.579281,2.579281,udp,0.0,,cs0,,63.0,,1.0,,Status,2,2,0,84,84,0,42.0,0.0,130.26886,130.26886,0.0,0,0,0,0.0,,,0.387705,0.387705,0.0,REQ,,,,,0.0,0.0,0.0,0
403703,0.0,0.0,0.0,0.0,0.0,0.0,udp,0.0,,cs0,,63.0,,1.0,,Status,1,1,0,42,42,0,42.0,0.0,0.0,0.0,0.0,0,0,0,0.0,,,0.0,0.0,0.0,REQ,,,,,0.0,0.0,0.0,0
403809,2.578861,2.578861,2.578861,2.578861,2.578861,2.578861,udp,0.0,,cs0,,63.0,,1.0,,Status,2,2,0,84,84,0,42.0,0.0,130.290085,130.290085,0.0,0,0,0,0.0,,,0.387768,0.387768,0.0,REQ,,,,,0.0,0.0,0.0,0
403819,0.0,0.0,0.0,0.0,0.0,0.0,udp,0.0,,cs0,,63.0,,1.0,,Status,1,1,0,42,42,0,42.0,0.0,0.0,0.0,0.0,0,0,0,0.0,,,0.0,0.0,0.0,REQ,,,,,0.0,0.0,0.0,0
403828,0.0,0.0,0.0,0.0,0.0,0.0,udp,0.0,,cs0,,63.0,,1.0,,Status,1,1,0,42,42,0,42.0,0.0,0.0,0.0,0.0,0,0,0,0.0,,,0.0,0.0,0.0,REQ,,,,,0.0,0.0,0.0,0
403880,2.580851,2.580851,2.580851,2.580851,2.580851,2.580851,udp,0.0,,cs0,,63.0,,1.0,,Status,2,2,0,84,84,0,42.0,0.0,130.189606,130.189606,0.0,0,0,0,0.0,,,0.387469,0.387469,0.0,REQ,,,,,0.0,0.0,0.0,0
403885,2.579397,2.579397,2.579397,2.579397,2.579397,2.579397,udp,0.0,,cs0,,63.0,,1.0,,Status,2,2,0,84,84,0,42.0,0.0,130.263,130.263,0.0,0,0,0,0.0,,,0.387688,0.387688,0.0,REQ,,,,,0.0,0.0,0.0,0
403888,2.578397,2.578397,2.578397,2.578397,2.578397,2.578397,udp,0.0,,cs0,,63.0,,1.0,,Status,2,2,0,84,84,0,42.0,0.0,130.313522,130.313522,0.0,0,0,0,0.0,,,0.387838,0.387838,0.0,REQ,,,,,0.0,0.0,0.0,0
403924,2.577644,2.577644,2.577644,2.577644,2.577644,2.577644,udp,0.0,,cs0,,63.0,,1.0,,Status,2,2,0,84,84,0,42.0,0.0,130.351593,130.351593,0.0,0,0,0,0.0,,,0.387951,0.387951,0.0,REQ,,,,,0.0,0.0,0.0,0
403945,0.0,0.0,0.0,0.0,0.0,0.0,udp,0.0,,cs0,,63.0,,1.0,,Status,1,1,0,42,42,0,42.0,0.0,0.0,0.0,0.0,0,0,0,0.0,,,0.0,0.0,0.0,REQ,,,,,0.0,0.0,0.0,0
403947,0.0,0.0,0.0,0.0,0.0,0.0,udp,0.0,,cs0,,63.0,,1.0,,Status,1,1,0,42,42,0,42.0,0.0,0.0,0.0,0.0,0,0,0,0.0,,,0.0,0.0,0.0,REQ,,,,,0.0,0.0,0.0,0
404001,2.576843,2.576843,2.576843,2.576843,2.576843,2.576843,udp,0.0,,cs0,,63.0,,1.0,,Status,2,2,0,84,84,0,42.0,0.0,130.392105,130.392105,0.0,0,0,0,0.0,,,0.388072,0.388072,0.0,REQ,,,,,0.0,0.0,0.0,0
404010,2.576838,2.576838,2.576838,2.576838,2.576838,2.576838,udp,0.0,,cs0,,63.0,,1.0,,Status,2,2,0,84,84,0,42.0,0.0,130.392365,130.392365,0.0,0,0,0,0.0,,,0.388073,0.388073,0.0,REQ,,,,,0.0,0.0,0.0,0
404081,2.572207,2.572207,2.572207,2.572207,2.572207,2.572207,udp,0.0,,cs0,,63.0,,1.0,,Status,2,2,0,84,84,0,42.0,0.0,130.627121,130.627121,0.0,0,0,0,0.0,,,0.388771,0.388771,0.0,REQ,,,,,0.0,0.0,0.0,0
404130,0.0,0.0,0.0,0.0,0.0,0.0,udp,0.0,,cs0,,63.0,,1.0,,Status,1,1,0,42,42,0,42.0,0.0,0.0,0.0,0.0,0,0,0,0.0,,,0.0,0.0,0.0,REQ,,,,,0.0,0.0,0.0,0
404155,0.0,0.0,0.0,0.0,0.0,0.0,udp,0.0,,cs0,,63.0,,1.0,,Status,1,1,0,42,42,0,42.0,0.0,0.0,0.0,0.0,0,0,0,0.0,,,0.0,0.0,0.0,REQ,,,,,0.0,0.0,0.0,0
404156,0.0,0.0,0.0,0.0,0.0,0.0,udp,0.0,,cs0,,63.0,,1.0,,Status,1,1,0,42,42,0,42.0,0.0,0.0,0.0,0.0,0,0,0,0.0,,,0.0,0.0,0.0,REQ,,,,,0.0,0.0,0.0,0
404182,0.0,0.0,0.0,0.0,0.0,0.0,udp,0.0,,cs0,,63.0,,1.0,,Status,1,1,0,42,42,0,42.0,0.0,0.0,0.0,0.0,0,0,0,0.0,,,0.0,0.0,0.0,REQ,,,,,0.0,0.0,0.0,0
404233,0.0,0.0,0.0,0.0,0.0,0.0,udp,0.0,,cs0,,63.0,,1.0,,Status,1,1,0,42,42,0,42.0,0.0,0.0,0.0,0.0,0,0,0,0.0,,,0.0,0.0,0.0,REQ,,,,,0.0,0.0,0.0,0
404334,0.0,0.0,0.0,0.0,0.0,0.0,udp,0.0,,cs0,,63.0,,1.0,,Status,1,1,0,42,42,0,42.0,0.0,0.0,0.0,0.0,0,0,0,0.0,,,0.0,0.0,0.0,REQ,,,,,0.0,0.0,0.0,0
404370,2.575954,2.575954,2.575954,2.575954,2.575954,2.575954,udp,0.0,,cs0,,63.0,,1.0,,Status,2,2,0,84,84,0,42.0,0.0,130.437119,130.437119,0.0,0,0,0,0.0,,,0.388206,0.388206,0.0,REQ,,,,,0.0,0.0,0.0,0
404394,2.57764,2.57764,2.57764,2.57764,2.57764,2.57764,udp,0.0,,cs0,,63.0,,1.0,,Status,2,2,0,84,84,0,42.0,0.0,130.351791,130.351791,0.0,0,0,0,0.0,,,0.387952,0.387952,0.0,REQ,,,,,0.0,0.0,0.0,0
404467,2.571289,2.571289,2.571289,2.571289,2.571289,2.571289,udp,0.0,,cs0,,63.0,,1.0,,Status,2,2,0,84,84,0,42.0,0.0,130.673752,130.673752,0.0,0,0,0,0.0,,,0.38891,0.38891,0.0,REQ,,,,,0.0,0.0,0.0,0
404469,2.57128,2.57128,2.57128,2.57128,2.57128,2.57128,udp,0.0,,cs0,,63.0,,1.0,,Status,2,2,0,84,84,0,42.0,0.0,130.67421,130.67421,0.0,0,0,0,0.0,,,0.388911,0.388911,0.0,REQ,,,,,0.0,0.0,0.0,0
404493,0.0,0.0,0.0,0.0,0.0,0.0,udp,0.0,,cs0,,63.0,,1.0,,Status,1,1,0,42,42,0,42.0,0.0,0.0,0.0,0.0,0,0,0,0.0,,,0.0,0.0,0.0,REQ,,,,,0.0,0.0,0.0,0
404632,2.575432,2.575432,2.575432,2.575432,2.575432,2.575432,udp,0.0,,cs0,,63.0,,1.0,,Status,2,2,0,84,84,0,42.0,0.0,130.463547,130.463547,0.0,0,0,0,0.0,,,0.388284,0.388284,0.0,REQ,,,,,0.0,0.0,0.0,0
404682,0.0,0.0,0.0,0.0,0.0,0.0,udp,0.0,,cs0,,63.0,,1.0,,Status,1,1,0,42,42,0,42.0,0.0,0.0,0.0,0.0,0,0,0,0.0,,,0.0,0.0,0.0,REQ,,,,,0.0,0.0,0.0,0
404693,2.576797,2.576797,2.576797,2.576797,2.576797,2.576797,udp,0.0,,cs0,,63.0,,1.0,,Status,2,2,0,84,84,0,42.0,0.0,130.39444,130.39444,0.0,0,0,0,0.0,,,0.388079,0.388079,0.0,REQ,,,,,0.0,0.0,0.0,0
404753,2.57667,2.57667,2.57667,2.57667,2.57667,2.57667,udp,0.0,,cs0,,63.0,,1.0,,Status,2,2,0,84,84,0,42.0,0.0,130.400864,130.400864,0.0,0,0,0,0.0,,,0.388098,0.388098,0.0,REQ,,,,,0.0,0.0,0.0,0
404783,2.574231,2.574231,2.574231,2.574231,2.574231,2.574231,udp,0.0,,cs0,,63.0,,1.0,,Status,2,2,0,84,84,0,42.0,0.0,130.524414,130.524414,0.0,0,0,0,0.0,,,0.388466,0.388466,0.0,REQ,,,,,0.0,0.0,0.0,0
404795,0.0,0.0,0.0,0.0,0.0,0.0,udp,0.0,,cs0,,63.0,,1.0,,Status,1,1,0,42,42,0,42.0,0.0,0.0,0.0,0.0,0,0,0,0.0,,,0.0,0.0,0.0,REQ,,,,,0.0,0.0,0.0,0
404868,2.578762,2.578762,2.578762,2.578762,2.578762,2.578762,udp,0.0,,cs0,,63.0,,1.0,,Status,2,2,0,84,84,0,42.0,0.0,130.295074,130.295074,0.0,0,0,0,0.0,,,0.387783,0.387783,0.0,REQ,,,,,0.0,0.0,0.0,0
404916,0.0,0.0,0.0,0.0,0.0,0.0,udp,0.0,,cs0,,63.0,,1.0,,Status,1,1,0,42,42,0,42.0,0.0,0.0,0.0,0.0,0,0,0,0.0,,,0.0,0.0,0.0,REQ,,,,,0.0,0.0,0.0,0
404942,0.0,0.0,0.0,0.0,0.0,0.0,udp,0.0,,cs0,,63.0,,1.0,,Status,1,1,0,42,42,0,42.0,0.0,0.0,0.0,0.0,0,0,0,0.0,,,0.0,0.0,0.0,REQ,,,,,0.0,0.0,0.0,0
404953,2.568927,2.568927,2.568927,2.568927,2.568927,2.568927,udp,0.0,,cs0,,63.0,,1.0,,Status,2,2,0,84,84,0,42.0,0.0,130.7939,130.7939,0.0,0,0,0,0.0,,,0.389268,0.389268,0.0,REQ,,,,,0.0,0.0,0.0,0
405164,2.578144,2.578144,2.578144,2.578144,2.578144,2.578144,udp,0.0,,cs0,,63.0,,1.0,,Status,2,2,0,84,84,0,42.0,0.0,130.326309,130.326309,0.0,0,0,0,0.0,,,0.387876,0.387876,0.0,REQ,,,,,0.0,0.0,0.0,0
405172,2.57816,2.57816,2.57816,2.57816,2.57816,2.57816,udp,0.0,,cs0,,63.0,,1.0,,Status,2,2,0,84,84,0,42.0,0.0,130.3255,130.3255,0.0,0,0,0,0.0,,,0.387874,0.387874,0.0,REQ,,,,,0.0,0.0,0.0,0
405282,2.577259,2.577259,2.577259,2.577259,2.577259,2.577259,udp,0.0,,cs0,,63.0,,1.0,,Status,2,2,0,84,84,0,42.0,0.0,130.371063,130.371063,0.0,0,0,0,0.0,,,0.388009,0.388009,0.0,REQ,,,,,0.0,0.0,0.0,0
405391,0.0,0.0,0.0,0.0,0.0,0.0,udp,0.0,,cs0,,63.0,,1.0,,Status,1,1,0,42,42,0,42.0,0.0,0.0,0.0,0.0,0,0,0,0.0,,,0.0,0.0,0.0,REQ,,,,,0.0,0.0,0.0,0
405427,2.568965,2.568965,2.568965,2.568965,2.568965,2.568965,udp,0.0,,cs0,,63.0,,1.0,,Status,2,2,0,84,84,0,42.0,0.0,130.791977,130.791977,0.0,0,0,0,0.0,,,0.389262,0.389262,0.0,REQ,,,,,0.0,0.0,0.0,0
405430,2.568987,2.568987,2.568987,2.568987,2.568987,2.568987,udp,0.0,,cs0,,63.0,,1.0,,Status,2,2,0,84,84,0,42.0,0.0,130.790863,130.790863,0.0,0,0,0,0.0,,,0.389259,0.389259,0.0,REQ,,,,,0.0,0.0,0.0,0
405432,2.568987,2.568987,2.568987,2.568987,2.568987,2.568987,udp,0.0,,cs0,,63.0,,1.0,,Status,2,2,0,84,84,0,42.0,0.0,130.790863,130.790863,0.0,0,0,0,0.0,,,0.389259,0.389259,0.0,REQ,,,,,0.0,0.0,0.0,0
405447,0.0,0.0,0.0,0.0,0.0,0.0,udp,0.0,,cs0,,63.0,,1.0,,Status,1,1,0,42,42,0,42.0,0.0,0.0,0.0,0.0,0,0,0,0.0,,,0.0,0.0,0.0,REQ,,,,,0.0,0.0,0.0,0
405513,0.0,0.0,0.0,0.0,0.0,0.0,udp,0.0,,cs0,,63.0,,1.0,,Status,1,1,0,42,42,0,42.0,0.0,0.0,0.0,0.0,0,0,0,0.0,,,0.0,0.0,0.0,REQ,,,,,0.0,0.0,0.0,0
405530,2.579175,2.579175,2.579175,2.579175,2.579175,2.579175,udp,0.0,,cs0,,63.0,,1.0,,Status,2,2,0,84,84,0,42.0,0.0,130.274216,130.274216,0.0,0,0,0,0.0,,,0.387721,0.387721,0.0,REQ,,,,,0.0,0.0,0.0,0
405562,0.0,0.0,0.0,0.0,0.0,0.0,udp,0.0,,cs0,,63.0,,1.0,,Status,1,1,0,42,42,0,42.0,0.0,0.0,0.0,0.0,0,0,0,0.0,,,0.0,0.0,0.0,REQ,,,,,0.0,0.0,0.0,0
405576,2.576657,2.576657,2.576657,2.576657,2.576657,2.576657,udp,0.0,,cs0,,63.0,,1.0,,Status,2,2,0,84,84,0,42.0,0.0,130.40152,130.40152,0.0,0,0,0,0.0,,,0.3881,0.3881,0.0,REQ,,,,,0.0,0.0,0.0,0
405583,2.576809,2.576809,2.576809,2.576809,2.576809,2.576809,udp,0.0,,cs0,,63.0,,1.0,,Status,2,2,0,84,84,0,42.0,0.0,130.393829,130.393829,0.0,0,0,0,0.0,,,0.388077,0.388077,0.0,REQ,,,,,0.0,0.0,0.0,0
405688,2.57669,2.57669,2.57669,2.57669,2.57669,2.57669,udp,0.0,,cs0,,63.0,,1.0,,Status,2,2,0,84,84,0,42.0,0.0,130.399857,130.399857,0.0,0,0,0,0.0,,,0.388095,0.388095,0.0,REQ,,,,,0.0,0.0,0.0,0
405771,2.576077,2.576077,2.576077,2.576077,2.576077,2.576077,udp,0.0,,cs0,,63.0,,1.0,,Status,2,2,0,84,84,0,42.0,0.0,130.430878,130.430878,0.0,0,0,0,0.0,,,0.388187,0.388187,0.0,REQ,,,,,0.0,0.0,0.0,0
405848,0.0,0.0,0.0,0.0,0.0,0.0,udp,0.0,,cs0,,63.0,,1.0,,Status,1,1,0,42,42,0,42.0,0.0,0.0,0.0,0.0,0,0,0,0.0,,,0.0,0.0,0.0,REQ,,,,,0.0,0.0,0.0,0
405908,0.0,0.0,0.0,0.0,0.0,0.0,udp,0.0,,cs0,,63.0,,1.0,,Status,1,1,0,42,42,0,42.0,0.0,0.0,0.0,0.0,0,0,0,0.0,,,0.0,0.0,0.0,REQ,,,,,0.0,0.0,0.0,0
405975,0.0,0.0,0.0,0.0,0.0,0.0,udp,0.0,,cs0,,63.0,,1.0,,Status,1,1,0,42,42,0,42.0,0.0,0.0,0.0,0.0,0,0,0,0.0,,,0.0,0.0,0.0,REQ,,,,,0.0,0.0,0.0,0
405980,0.0,0.0,0.0,0.0,0.0,0.0,udp,0.0,,cs0,,63.0,,1.0,,Status,1,1,0,42,42,0,42.0,0.0,0.0,0.0,0.0,0,0,0,0.0,,,0.0,0.0,0.0,REQ,,,,,0.0,0.0,0.0,0
405990,2.577795,2.577795,2.577795,2.577795,2.577795,2.577795,udp,0.0,,cs0,,63.0,,1.0,,Status,2,2,0,84,84,0,42.0,0.0,130.343948,130.343948,0.0,0,0,0,0.0,,,0.387928,0.387928,0.0,REQ,,,,,0.0,0.0,0.0,0
406008,0.0,0.0,0.0,0.0,0.0,0.0,udp,0.0,,cs0,,63.0,,1.0,,Status,1,1,0,42,42,0,42.0,0.0,0.0,0.0,0.0,0,0,0,0.0,,,0.0,0.0,0.0,REQ,,,,,0.0,0.0,0.0,0
406126,0.0,0.0,0.0,0.0,0.0,0.0,udp,0.0,,cs0,,63.0,,1.0,,Status,1,1,0,42,42,0,42.0,0.0,0.0,0.0,0.0,0,0,0,0.0,,,0.0,0.0,0.0,REQ,,,,,0.0,0.0,0.0,0
406145,2.57979,2.57979,2.57979,2.57979,2.57979,2.57979,udp,0.0,,cs0,,63.0,,1.0,,Status,2,2,0,84,84,0,42.0,0.0,130.243149,130.243149,0.0,0,0,0,0.0,,,0.387628,0.387628,0.0,REQ,,,,,0.0,0.0,0.0,0
406167,2.58024,2.58024,2.58024,2.58024,2.58024,2.58024,udp,0.0,,cs0,,63.0,,1.0,,Status,2,2,0,84,84,0,42.0,0.0,130.220444,130.220444,0.0,0,0,0,0.0,,,0.387561,0.387561,0.0,REQ,,,,,0.0,0.0,0.0,0
406172,2.580249,2.580249,2.580249,2.580249,2.580249,2.580249,udp,0.0,,cs0,,63.0,,1.0,,Status,2,2,0,84,84,0,42.0,0.0,130.219986,130.219986,0.0,0,0,0,0.0,,,0.387559,0.387559,0.0,REQ,,,,,0.0,0.0,0.0,0
406194,0.0,0.0,0.0,0.0,0.0,0.0,udp,0.0,,cs0,,63.0,,1.0,,Status,1,1,0,42,42,0,42.0,0.0,0.0,0.0,0.0,0,0,0,0.0,,,0.0,0.0,0.0,REQ,,,,,0.0,0.0,0.0,0
406196,0.0,0.0,0.0,0.0,0.0,0.0,udp,0.0,,cs0,,63.0,,1.0,,Status,1,1,0,42,42,0,42.0,0.0,0.0,0.0,0.0,0,0,0,0.0,,,0.0,0.0,0.0,REQ,,,,,0.0,0.0,0.0,0
406216,2.573872,2.573872,2.573872,2.573872,2.573872,2.573872,udp,0.0,,cs0,,63.0,,1.0,,Status,2,2,0,84,84,0,42.0,0.0,130.542618,130.542618,0.0,0,0,0,0.0,,,0.38852,0.38852,0.0,REQ,,,,,0.0,0.0,0.0,0
406249,2.579326,2.579326,2.579326,2.579326,2.579326,2.579326,udp,0.0,,cs0,,63.0,,1.0,,Status,2,2,0,84,84,0,42.0,0.0,130.266586,130.266586,0.0,0,0,0,0.0,,,0.387698,0.387698,0.0,REQ,,,,,0.0,0.0,0.0,0
406275,2.577272,2.577272,2.577272,2.577272,2.577272,2.577272,udp,0.0,,cs0,,63.0,,1.0,,Status,2,2,0,84,84,0,42.0,0.0,130.370407,130.370407,0.0,0,0,0,0.0,,,0.388007,0.388007,0.0,REQ,,,,,0.0,0.0,0.0,0
406335,2.576934,2.576934,2.576934,2.576934,2.576934,2.576934,udp,0.0,,cs0,,63.0,,1.0,,Status,2,2,0,84,84,0,42.0,0.0,130.387497,130.387497,0.0,0,0,0,0.0,,,0.388058,0.388058,0.0,REQ,,,,,0.0,0.0,0.0,0
406351,2.576415,2.576415,2.576415,2.576415,2.576415,2.576415,udp,0.0,,cs0,,63.0,,1.0,,Status,2,2,0,84,84,0,42.0,0.0,130.413773,130.413773,0.0,0,0,0,0.0,,,0.388136,0.388136,0.0,REQ,,,,,0.0,0.0,0.0,0
406373,2.571391,2.571391,2.571391,2.571391,2.571391,2.571391,udp,0.0,,cs0,,63.0,,1.0,,Status,2,2,0,84,84,0,42.0,0.0,130.668564,130.668564,0.0,0,0,0,0.0,,,0.388895,0.388895,0.0,REQ,,,,,0.0,0.0,0.0,0
406388,2.571985,2.571985,2.571985,2.571985,2.571985,2.571985,udp,0.0,,cs0,,63.0,,1.0,,Status,2,2,0,84,84,0,42.0,0.0,130.638397,130.638397,0.0,0,0,0,0.0,,,0.388805,0.388805,0.0,REQ,,,,,0.0,0.0,0.0,0
406396,2.571987,2.571987,2.571987,2.571987,2.571987,2.571987,udp,0.0,,cs0,,63.0,,1.0,,Status,2,2,0,84,84,0,42.0,0.0,130.638306,130.638306,0.0,0,0,0,0.0,,,0.388804,0.388804,0.0,REQ,,,,,0.0,0.0,0.0,0
406466,0.0,0.0,0.0,0.0,0.0,0.0,udp,0.0,,cs0,,63.0,,1.0,,Status,1,1,0,42,42,0,42.0,0.0,0.0,0.0,0.0,0,0,0,0.0,,,0.0,0.0,0.0,REQ,,,,,0.0,0.0,0.0,0
406482,2.573115,2.573115,2.573115,2.573115,2.573115,2.573115,udp,0.0,,cs0,,63.0,,1.0,,Status,2,2,0,84,84,0,42.0,0.0,130.581024,130.581024,0.0,0,0,0,0.0,,,0.388634,0.388634,0.0,REQ,,,,,0.0,0.0,0.0,0
406487,2.573107,2.573107,2.573107,2.573107,2.573107,2.573107,udp,0.0,,cs0,,63.0,,1.0,,Status,2,2,0,84,84,0,42.0,0.0,130.581436,130.581436,0.0,0,0,0,0.0,,,0.388635,0.388635,0.0,REQ,,,,,0.0,0.0,0.0,0
406511,0.0,0.0,0.0,0.0,0.0,0.0,udp,0.0,,cs0,,63.0,,1.0,,Status,1,1,0,42,42,0,42.0,0.0,0.0,0.0,0.0,0,0,0,0.0,,,0.0,0.0,0.0,REQ,,,,,0.0,0.0,0.0,0
406519,2.578884,2.578884,2.578884,2.578884,2.578884,2.578884,udp,0.0,,cs0,,63.0,,1.0,,Status,2,2,0,84,84,0,42.0,0.0,130.288925,130.288925,0.0,0,0,0,0.0,,,0.387765,0.387765,0.0,REQ,,,,,0.0,0.0,0.0,0
406530,2.578886,2.578886,2.578886,2.578886,2.578886,2.578886,udp,0.0,,cs0,,63.0,,1.0,,Status,2,2,0,84,84,0,42.0,0.0,130.288818,130.288818,0.0,0,0,0,0.0,,,0.387764,0.387764,0.0,REQ,,,,,0.0,0.0,0.0,0
406561,0.0,0.0,0.0,0.0,0.0,0.0,udp,0.0,,cs0,,63.0,,1.0,,Status,1,1,0,42,42,0,42.0,0.0,0.0,0.0,0.0,0,0,0,0.0,,,0.0,0.0,0.0,REQ,,,,,0.0,0.0,0.0,0
406570,0.0,0.0,0.0,0.0,0.0,0.0,udp,0.0,,cs0,,63.0,,1.0,,Status,1,1,0,42,42,0,42.0,0.0,0.0,0.0,0.0,0,0,0,0.0,,,0.0,0.0,0.0,REQ,,,,,0.0,0.0,0.0,0
406661,0.0,0.0,0.0,0.0,0.0,0.0,udp,0.0,,cs0,,63.0,,1.0,,Status,1,1,0,42,42,0,42.0,0.0,0.0,0.0,0.0,0,0,0,0.0,,,0.0,0.0,0.0,REQ,,,,,0.0,0.0,0.0,0
406697,2.586176,2.586176,2.586176,2.586176,2.586176,2.586176,udp,0.0,,cs0,,63.0,,1.0,,Status,2,2,0,84,84,0,42.0,0.0,129.921555,129.921555,0.0,0,0,0,0.0,,,0.386671,0.386671,0.0,REQ,,,,,0.0,0.0,0.0,0
406800,0.0,0.0,0.0,0.0,0.0,0.0,udp,0.0,,cs0,,63.0,,1.0,,Status,1,1,0,42,42,0,42.0,0.0,0.0,0.0,0.0,0,0,0,0.0,,,0.0,0.0,0.0,REQ,,,,,0.0,0.0,0.0,0
406808,2.575275,2.575275,2.575275,2.575275,2.575275,2.575275,udp,0.0,,cs0,,63.0,,1.0,,Status,2,2,0,84,84,0,42.0,0.0,130.471512,130.471512,0.0,0,0,0,0.0,,,0.388308,0.388308,0.0,REQ,,,,,0.0,0.0,0.0,0
406842,0.0,0.0,0.0,0.0,0.0,0.0,udp,0.0,,cs0,,63.0,,1.0,,Status,1,1,0,42,42,0,42.0,0.0,0.0,0.0,0.0,0,0,0,0.0,,,0.0,0.0,0.0,REQ,,,,,0.0,0.0,0.0,0
406868,0.0,0.0,0.0,0.0,0.0,0.0,udp,0.0,,cs0,,63.0,,1.0,,Status,1,1,0,42,42,0,42.0,0.0,0.0,0.0,0.0,0,0,0,0.0,,,0.0,0.0,0.0,REQ,,,,,0.0,0.0,0.0,0
406894,2.576018,2.576018,2.576018,2.576018,2.576018,2.576018,udp,0.0,,cs0,,63.0,,1.0,,Status,2,2,0,84,84,0,42.0,0.0,130.433868,130.433868,0.0,0,0,0,0.0,,,0.388196,0.388196,0.0,REQ,,,,,0.0,0.0,0.0,0
406953,2.576047,2.576047,2.576047,2.576047,2.576047,2.576047,udp,0.0,,cs0,,63.0,,1.0,,Status,2,2,0,84,84,0,42.0,0.0,130.432404,130.432404,0.0,0,0,0,0.0,,,0.388192,0.388192,0.0,REQ,,,,,0.0,0.0,0.0,0
406970,2.576063,2.576063,2.576063,2.576063,2.576063,2.576063,udp,0.0,,cs0,,63.0,,1.0,,Status,2,2,0,84,84,0,42.0,0.0,130.431595,130.431595,0.0,0,0,0,0.0,,,0.388189,0.388189,0.0,REQ,,,,,0.0,0.0,0.0,0
406999,2.57596,2.57596,2.57596,2.57596,2.57596,2.57596,udp,0.0,,cs0,,63.0,,1.0,,Status,2,2,0,84,84,0,42.0,0.0,130.436813,130.436813,0.0,0,0,0,0.0,,,0.388205,0.388205,0.0,REQ,,,,,0.0,0.0,0.0,0
407004,0.0,0.0,0.0,0.0,0.0,0.0,udp,0.0,,cs0,,63.0,,1.0,,Status,1,1,0,42,42,0,42.0,0.0,0.0,0.0,0.0,0,0,0,0.0,,,0.0,0.0,0.0,REQ,,,,,0.0,0.0,0.0,0
407042,2.575985,2.575985,2.575985,2.575985,2.575985,2.575985,udp,0.0,,cs0,,63.0,,1.0,,Status,2,2,0,84,84,0,42.0,0.0,130.435547,130.435547,0.0,0,0,0,0.0,,,0.388201,0.388201,0.0,REQ,,,,,0.0,0.0,0.0,0
407077,0.0,0.0,0.0,0.0,0.0,0.0,udp,0.0,,cs0,,63.0,,1.0,,Status,1,1,0,42,42,0,42.0,0.0,0.0,0.0,0.0,0,0,0,0.0,,,0.0,0.0,0.0,REQ,,,,,0.0,0.0,0.0,0
407078,0.0,0.0,0.0,0.0,0.0,0.0,udp,0.0,,cs0,,63.0,,1.0,,Status,1,1,0,42,42,0,42.0,0.0,0.0,0.0,0.0,0,0,0,0.0,,,0.0,0.0,0.0,REQ,,,,,0.0,0.0,0.0,0
407107,2.577156,2.577156,2.577156,2.577156,2.577156,2.577156,udp,0.0,,cs0,,63.0,,1.0,,Status,2,2,0,84,84,0,42.0,0.0,130.376266,130.376266,0.0,0,0,0,0.0,,,0.388025,0.388025,0.0,REQ,,,,,0.0,0.0,0.0,0
407138,0.0,0.0,0.0,0.0,0.0,0.0,udp,0.0,,cs0,,63.0,,1.0,,Status,1,1,0,42,42,0,42.0,0.0,0.0,0.0,0.0,0,0,0,0.0,,,0.0,0.0,0.0,REQ,,,,,0.0,0.0,0.0,0
407299,0.0,0.0,0.0,0.0,0.0,0.0,udp,0.0,,cs0,,63.0,,1.0,,Status,1,1,0,42,42,0,42.0,0.0,0.0,0.0,0.0,0,0,0,0.0,,,0.0,0.0,0.0,REQ,,,,,0.0,0.0,0.0,0
407354,0.0,0.0,0.0,0.0,0.0,0.0,udp,0.0,,cs0,,63.0,,1.0,,Status,1,1,0,42,42,0,42.0,0.0,0.0,0.0,0.0,0,0,0,0.0,,,0.0,0.0,0.0,REQ,,,,,0.0,0.0,0.0,0
407377,2.577896,2.577896,2.577896,2.577896,2.577896,2.577896,udp,0.0,,cs0,,63.0,,1.0,,Status,2,2,0,84,84,0,42.0,0.0,130.338837,130.338837,0.0,0,0,0,0.0,,,0.387913,0.387913,0.0,REQ,,,,,0.0,0.0,0.0,0
407383,2.577883,2.577883,2.577883,2.577883,2.577883,2.577883,udp,0.0,,cs0,,63.0,,1.0,,Status,2,2,0,84,84,0,42.0,0.0,130.339508,130.339508,0.0,0,0,0,0.0,,,0.387915,0.387915,0.0,REQ,,,,,0.0,0.0,0.0,0
407427,0.0,0.0,0.0,0.0,0.0,0.0,udp,0.0,,cs0,,63.0,,1.0,,Status,1,1,0,42,42,0,42.0,0.0,0.0,0.0,0.0,0,0,0,0.0,,,0.0,0.0,0.0,REQ,,,,,0.0,0.0,0.0,0
407436,2.576035,2.576035,2.576035,2.576035,2.576035,2.576035,udp,0.0,,cs0,,63.0,,1.0,,Status,2,2,0,84,84,0,42.0,0.0,130.433014,130.433014,0.0,0,0,0,0.0,,,0.388193,0.388193,0.0,REQ,,,,,0.0,0.0,0.0,0
407443,2.576132,2.576132,2.576132,2.576132,2.576132,2.576132,udp,0.0,,cs0,,63.0,,1.0,,Status,2,2,0,84,84,0,42.0,0.0,130.428101,130.428101,0.0,0,0,0,0.0,,,0.388179,0.388179,0.0,REQ,,,,,0.0,0.0,0.0,0
407465,2.576004,2.576004,2.576004,2.576004,2.576004,2.576004,udp,0.0,,cs0,,63.0,,1.0,,Status,2,2,0,84,84,0,42.0,0.0,130.434586,130.434586,0.0,0,0,0,0.0,,,0.388198,0.388198,0.0,REQ,,,,,0.0,0.0,0.0,0
407503,2.57826,2.57826,2.57826,2.57826,2.57826,2.57826,udp,0.0,,cs0,,63.0,,1.0,,Status,2,2,0,84,84,0,42.0,0.0,130.32045,130.32045,0.0,0,0,0,0.0,,,0.387858,0.387858,0.0,REQ,,,,,0.0,0.0,0.0,0
407543,2.575747,2.575747,2.575747,2.575747,2.575747,2.575747,udp,0.0,,cs0,,63.0,,1.0,,Status,2,2,0,84,84,0,42.0,0.0,130.447601,130.447601,0.0,0,0,0,0.0,,,0.388237,0.388237,0.0,REQ,,,,,0.0,0.0,0.0,0
407549,2.577567,2.577567,2.577567,2.577567,2.577567,2.577567,udp,0.0,,cs0,,63.0,,1.0,,Status,2,2,0,84,84,0,42.0,0.0,130.355484,130.355484,0.0,0,0,0,0.0,,,0.387963,0.387963,0.0,REQ,,,,,0.0,0.0,0.0,0
407556,2.574998,2.574998,2.574998,2.574998,2.574998,2.574998,udp,0.0,,cs0,,63.0,,1.0,,Status,2,2,0,84,84,0,42.0,0.0,130.48555,130.48555,0.0,0,0,0,0.0,,,0.38835,0.38835,0.0,REQ,,,,,0.0,0.0,0.0,0
407579,0.0,0.0,0.0,0.0,0.0,0.0,udp,0.0,,cs0,,63.0,,1.0,,Status,1,1,0,42,42,0,42.0,0.0,0.0,0.0,0.0,0,0,0,0.0,,,0.0,0.0,0.0,REQ,,,,,0.0,0.0,0.0,0
407586,0.0,0.0,0.0,0.0,0.0,0.0,udp,0.0,,cs0,,63.0,,1.0,,Status,1,1,0,42,42,0,42.0,0.0,0.0,0.0,0.0,0,0,0,0.0,,,0.0,0.0,0.0,REQ,,,,,0.0,0.0,0.0,0
407664,0.0,0.0,0.0,0.0,0.0,0.0,udp,0.0,,cs0,,63.0,,1.0,,Status,1,1,0,42,42,0,42.0,0.0,0.0,0.0,0.0,0,0,0,0.0,,,0.0,0.0,0.0,REQ,,,,,0.0,0.0,0.0,0
407681,2.578946,2.578946,2.578946,2.578946,2.578946,2.578946,udp,0.0,,cs0,,63.0,,1.0,,Status,2,2,0,84,84,0,42.0,0.0,130.285782,130.285782,0.0,0,0,0,0.0,,,0.387755,0.387755,0.0,REQ,,,,,0.0,0.0,0.0,0
407866,2.575983,2.575983,2.575983,2.575983,2.575983,2.575983,udp,0.0,,cs0,,63.0,,1.0,,Status,2,2,0,84,84,0,42.0,0.0,130.435638,130.435638,0.0,0,0,0,0.0,,,0.388201,0.388201,0.0,REQ,,,,,0.0,0.0,0.0,0
407928,0.0,0.0,0.0,0.0,0.0,0.0,udp,0.0,,cs0,,63.0,,1.0,,Status,1,1,0,42,42,0,42.0,0.0,0.0,0.0,0.0,0,0,0,0.0,,,0.0,0.0,0.0,REQ,,,,,0.0,0.0,0.0,0
407932,0.0,0.0,0.0,0.0,0.0,0.0,udp,0.0,,cs0,,63.0,,1.0,,Status,1,1,0,42,42,0,42.0,0.0,0.0,0.0,0.0,0,0,0,0.0,,,0.0,0.0,0.0,REQ,,,,,0.0,0.0,0.0,0
407946,0.0,0.0,0.0,0.0,0.0,0.0,udp,0.0,,cs0,,63.0,,1.0,,Status,1,1,0,42,42,0,42.0,0.0,0.0,0.0,0.0,0,0,0,0.0,,,0.0,0.0,0.0,REQ,,,,,0.0,0.0,0.0,0
407958,2.579769,2.579769,2.579769,2.579769,2.579769,2.579769,udp,0.0,,cs0,,63.0,,1.0,,Status,2,2,0,84,84,0,42.0,0.0,130.244232,130.244232,0.0,0,0,0,0.0,,,0.387632,0.387632,0.0,REQ,,,,,0.0,0.0,0.0,0
408094,2.578259,2.578259,2.578259,2.578259,2.578259,2.578259,udp,0.0,,cs0,,63.0,,1.0,,Status,2,2,0,84,84,0,42.0,0.0,130.320496,130.320496,0.0,0,0,0,0.0,,,0.387859,0.387859,0.0,REQ,,,,,0.0,0.0,0.0,0
408095,2.578259,2.578259,2.578259,2.578259,2.578259,2.578259,udp,0.0,,cs0,,63.0,,1.0,,Status,2,2,0,84,84,0,42.0,0.0,130.320496,130.320496,0.0,0,0,0,0.0,,,0.387859,0.387859,0.0,REQ,,,,,0.0,0.0,0.0,0
408108,2.574946,2.574946,2.574946,2.574946,2.574946,2.574946,udp,0.0,,cs0,,63.0,,1.0,,Status,2,2,0,84,84,0,42.0,0.0,130.488174,130.488174,0.0,0,0,0,0.0,,,0.388358,0.388358,0.0,REQ,,,,,0.0,0.0,0.0,0
408144,0.0,0.0,0.0,0.0,0.0,0.0,udp,0.0,,cs0,,63.0,,1.0,,Status,1,1,0,42,42,0,42.0,0.0,0.0,0.0,0.0,0,0,0,0.0,,,0.0,0.0,0.0,REQ,,,,,0.0,0.0,0.0,0
408159,2.575049,2.575049,2.575049,2.575049,2.575049,2.575049,udp,0.0,,cs0,,63.0,,1.0,,Status,2,2,0,84,84,0,42.0,0.0,130.482956,130.482956,0.0,0,0,0,0.0,,,0.388342,0.388342,0.0,REQ,,,,,0.0,0.0,0.0,0
408225,0.0,0.0,0.0,0.0,0.0,0.0,udp,0.0,,cs0,,63.0,,1.0,,Status,1,1,0,42,42,0,42.0,0.0,0.0,0.0,0.0,0,0,0,0.0,,,0.0,0.0,0.0,REQ,,,,,0.0,0.0,0.0,0
408239,2.579381,2.579381,2.579381,2.579381,2.579381,2.579381,udp,0.0,,cs0,,63.0,,1.0,,Status,2,2,0,84,84,0,42.0,0.0,130.263809,130.263809,0.0,0,0,0,0.0,,,0.38769,0.38769,0.0,REQ,,,,,0.0,0.0,0.0,0
408256,2.575356,2.575356,2.575356,2.575356,2.575356,2.575356,udp,0.0,,cs0,,63.0,,1.0,,Status,2,2,0,84,84,0,42.0,0.0,130.467392,130.467392,0.0,0,0,0,0.0,,,0.388296,0.388296,0.0,REQ,,,,,0.0,0.0,0.0,0
408380,2.577262,2.577262,2.577262,2.577262,2.577262,2.577262,udp,0.0,,cs0,,63.0,,1.0,,Status,2,2,0,84,84,0,42.0,0.0,130.370911,130.370911,0.0,0,0,0,0.0,,,0.388009,0.388009,0.0,REQ,,,,,0.0,0.0,0.0,0
408385,0.0,0.0,0.0,0.0,0.0,0.0,udp,0.0,,cs0,,63.0,,1.0,,Status,1,1,0,42,42,0,42.0,0.0,0.0,0.0,0.0,0,0,0,0.0,,,0.0,0.0,0.0,REQ,,,,,0.0,0.0,0.0,0
408409,2.575256,2.575256,2.575256,2.575256,2.575256,2.575256,udp,0.0,,cs0,,63.0,,1.0,,Status,2,2,0,84,84,0,42.0,0.0,130.472458,130.472458,0.0,0,0,0,0.0,,,0.388311,0.388311,0.0,REQ,,,,,0.0,0.0,0.0,0
408481,0.0,0.0,0.0,0.0,0.0,0.0,udp,0.0,,cs0,,63.0,,1.0,,Status,1,1,0,42,42,0,42.0,0.0,0.0,0.0,0.0,0,0,0,0.0,,,0.0,0.0,0.0,REQ,,,,,0.0,0.0,0.0,0
408562,2.582,2.582,2.582,2.582,2.582,2.582,udp,0.0,,cs0,,63.0,,1.0,,Status,2,2,0,84,84,0,42.0,0.0,130.131683,130.131683,0.0,0,0,0,0.0,,,0.387297,0.387297,0.0,REQ,,,,,0.0,0.0,0.0,0
408643,0.0,0.0,0.0,0.0,0.0,0.0,udp,0.0,,cs0,,63.0,,1.0,,Status,1,1,0,42,42,0,42.0,0.0,0.0,0.0,0.0,0,0,0,0.0,,,0.0,0.0,0.0,REQ,,,,,0.0,0.0,0.0,0
408653,0.0,0.0,0.0,0.0,0.0,0.0,udp,0.0,,cs0,,63.0,,1.0,,Status,1,1,0,42,42,0,42.0,0.0,0.0,0.0,0.0,0,0,0,0.0,,,0.0,0.0,0.0,REQ,,,,,0.0,0.0,0.0,0
408697,0.0,0.0,0.0,0.0,0.0,0.0,udp,0.0,,cs0,,63.0,,1.0,,Status,1,1,0,42,42,0,42.0,0.0,0.0,0.0,0.0,0,0,0,0.0,,,0.0,0.0,0.0,REQ,,,,,0.0,0.0,0.0,0
408781,2.576884,2.576884,2.576884,2.576884,2.576884,2.576884,udp,0.0,,cs0,,63.0,,1.0,,Status,2,2,0,84,84,0,42.0,0.0,130.39003,130.39003,0.0,0,0,0,0.0,,,0.388066,0.388066,0.0,REQ,,,,,0.0,0.0,0.0,0
408789,0.0,0.0,0.0,0.0,0.0,0.0,udp,0.0,,cs0,,63.0,,1.0,,Status,1,1,0,42,42,0,42.0,0.0,0.0,0.0,0.0,0,0,0,0.0,,,0.0,0.0,0.0,REQ,,,,,0.0,0.0,0.0,0
408824,0.0,0.0,0.0,0.0,0.0,0.0,udp,0.0,,cs0,,63.0,,1.0,,Status,1,1,0,42,42,0,42.0,0.0,0.0,0.0,0.0,0,0,0,0.0,,,0.0,0.0,0.0,REQ,,,,,0.0,0.0,0.0,0
408838,0.0,0.0,0.0,0.0,0.0,0.0,udp,0.0,,cs0,,63.0,,1.0,,Status,1,1,0,42,42,0,42.0,0.0,0.0,0.0,0.0,0,0,0,0.0,,,0.0,0.0,0.0,REQ,,,,,0.0,0.0,0.0,0
408871,0.0,0.0,0.0,0.0,0.0,0.0,udp,0.0,,cs0,,63.0,,1.0,,Status,1,1,0,42,42,0,42.0,0.0,0.0,0.0,0.0,0,0,0,0.0,,,0.0,0.0,0.0,REQ,,,,,0.0,0.0,0.0,0
408908,0.0,0.0,0.0,0.0,0.0,0.0,udp,0.0,,cs0,,63.0,,1.0,,Status,1,1,0,42,42,0,42.0,0.0,0.0,0.0,0.0,0,0,0,0.0,,,0.0,0.0,0.0,REQ,,,,,0.0,0.0,0.0,0
408909,0.0,0.0,0.0,0.0,0.0,0.0,udp,0.0,,cs0,,63.0,,1.0,,Status,1,1,0,42,42,0,42.0,0.0,0.0,0.0,0.0,0,0,0,0.0,,,0.0,0.0,0.0,REQ,,,,,0.0,0.0,0.0,0
408923,0.0,0.0,0.0,0.0,0.0,0.0,udp,0.0,,cs0,,63.0,,1.0,,Status,1,1,0,42,42,0,42.0,0.0,0.0,0.0,0.0,0,0,0,0.0,,,0.0,0.0,0.0,REQ,,,,,0.0,0.0,0.0,0
408940,2.577411,2.577411,2.577411,2.577411,2.577411,2.577411,udp,0.0,,cs0,,63.0,,1.0,,Status,2,2,0,84,84,0,42.0,0.0,130.363373,130.363373,0.0,0,0,0,0.0,,,0.387986,0.387986,0.0,REQ,,,,,0.0,0.0,0.0,0
408957,2.577037,2.577037,2.577037,2.577037,2.577037,2.577037,udp,0.0,,cs0,,63.0,,1.0,,Status,2,2,0,84,84,0,42.0,0.0,130.382294,130.382294,0.0,0,0,0,0.0,,,0.388043,0.388043,0.0,REQ,,,,,0.0,0.0,0.0,0
408970,2.576958,2.576958,2.576958,2.576958,2.576958,2.576958,udp,0.0,,cs0,,63.0,,1.0,,Status,2,2,0,84,84,0,42.0,0.0,130.386292,130.386292,0.0,0,0,0,0.0,,,0.388054,0.388054,0.0,REQ,,,,,0.0,0.0,0.0,0
409062,2.571142,2.571142,2.571142,2.571142,2.571142,2.571142,udp,0.0,,cs0,,63.0,,1.0,,Status,2,2,0,84,84,0,42.0,0.0,130.681229,130.681229,0.0,0,0,0,0.0,,,0.388932,0.388932,0.0,REQ,,,,,0.0,0.0,0.0,0
409081,0.0,0.0,0.0,0.0,0.0,0.0,udp,0.0,,cs0,,63.0,,1.0,,Status,1,1,0,42,42,0,42.0,0.0,0.0,0.0,0.0,0,0,0,0.0,,,0.0,0.0,0.0,REQ,,,,,0.0,0.0,0.0,0
409110,2.578867,2.578867,2.578867,2.578867,2.578867,2.578867,udp,0.0,,cs0,,63.0,,1.0,,Status,2,2,0,84,84,0,42.0,0.0,130.28978,130.28978,0.0,0,0,0,0.0,,,0.387767,0.387767,0.0,REQ,,,,,0.0,0.0,0.0,0
409117,2.577085,2.577085,2.577085,2.577085,2.577085,2.577085,udp,0.0,,cs0,,63.0,,1.0,,Status,2,2,0,84,84,0,42.0,0.0,130.379868,130.379868,0.0,0,0,0,0.0,,,0.388035,0.388035,0.0,REQ,,,,,0.0,0.0,0.0,0
409141,0.0,0.0,0.0,0.0,0.0,0.0,udp,0.0,,cs0,,63.0,,1.0,,Status,1,1,0,42,42,0,42.0,0.0,0.0,0.0,0.0,0,0,0,0.0,,,0.0,0.0,0.0,REQ,,,,,0.0,0.0,0.0,0
409147,0.0,0.0,0.0,0.0,0.0,0.0,udp,0.0,,cs0,,63.0,,1.0,,Status,1,1,0,42,42,0,42.0,0.0,0.0,0.0,0.0,0,0,0,0.0,,,0.0,0.0,0.0,REQ,,,,,0.0,0.0,0.0,0
409274,0.0,0.0,0.0,0.0,0.0,0.0,udp,0.0,,cs0,,63.0,,1.0,,Status,1,1,0,42,42,0,42.0,0.0,0.0,0.0,0.0,0,0,0,0.0,,,0.0,0.0,0.0,REQ,,,,,0.0,0.0,0.0,0
409276,0.0,0.0,0.0,0.0,0.0,0.0,udp,0.0,,cs0,,63.0,,1.0,,Status,1,1,0,42,42,0,42.0,0.0,0.0,0.0,0.0,0,0,0,0.0,,,0.0,0.0,0.0,REQ,,,,,0.0,0.0,0.0,0
409277,0.0,0.0,0.0,0.0,0.0,0.0,udp,0.0,,cs0,,63.0,,1.0,,Status,1,1,0,42,42,0,42.0,0.0,0.0,0.0,0.0,0,0,0,0.0,,,0.0,0.0,0.0,REQ,,,,,0.0,0.0,0.0,0
409303,0.0,0.0,0.0,0.0,0.0,0.0,udp,0.0,,cs0,,63.0,,1.0,,Status,1,1,0,42,42,0,42.0,0.0,0.0,0.0,0.0,0,0,0,0.0,,,0.0,0.0,0.0,REQ,,,,,0.0,0.0,0.0,0
409384,2.572596,2.572596,2.572596,2.572596,2.572596,2.572596,udp,0.0,,cs0,,63.0,,1.0,,Status,2,2,0,84,84,0,42.0,0.0,130.607361,130.607361,0.0,0,0,0,0.0,,,0.388712,0.388712,0.0,REQ,,,,,0.0,0.0,0.0,0
409477,2.569194,2.569194,2.569194,2.569194,2.569194,2.569194,udp,0.0,,cs0,,63.0,,1.0,,Status,2,2,0,84,84,0,42.0,0.0,130.780304,130.780304,0.0,0,0,0,0.0,,,0.389227,0.389227,0.0,REQ,,,,,0.0,0.0,0.0,0
409520,0.0,0.0,0.0,0.0,0.0,0.0,udp,0.0,,cs0,,63.0,,1.0,,Status,1,1,0,42,42,0,42.0,0.0,0.0,0.0,0.0,0,0,0,0.0,,,0.0,0.0,0.0,REQ,,,,,0.0,0.0,0.0,0
409536,0.0,0.0,0.0,0.0,0.0,0.0,udp,0.0,,cs0,,63.0,,1.0,,Status,1,1,0,42,42,0,42.0,0.0,0.0,0.0,0.0,0,0,0,0.0,,,0.0,0.0,0.0,REQ,,,,,0.0,0.0,0.0,0
409618,0.0,0.0,0.0,0.0,0.0,0.0,udp,0.0,,cs0,,63.0,,1.0,,Status,1,1,0,42,42,0,42.0,0.0,0.0,0.0,0.0,0,0,0,0.0,,,0.0,0.0,0.0,REQ,,,,,0.0,0.0,0.0,0
409668,0.0,0.0,0.0,0.0,0.0,0.0,udp,0.0,,cs0,,63.0,,1.0,,Status,1,1,0,42,42,0,42.0,0.0,0.0,0.0,0.0,0,0,0,0.0,,,0.0,0.0,0.0,REQ,,,,,0.0,0.0,0.0,0
409759,0.0,0.0,0.0,0.0,0.0,0.0,udp,0.0,,cs0,,63.0,,1.0,,Status,1,1,0,42,42,0,42.0,0.0,0.0,0.0,0.0,0,0,0,0.0,,,0.0,0.0,0.0,REQ,,,,,0.0,0.0,0.0,0
409811,2.576382,2.576382,2.576382,2.576382,2.576382,2.576382,udp,0.0,,cs0,,63.0,,1.0,,Status,2,2,0,84,84,0,42.0,0.0,130.415451,130.415451,0.0,0,0,0,0.0,,,0.388141,0.388141,0.0,REQ,,,,,0.0,0.0,0.0,0
409822,2.570291,2.570291,2.570291,2.570291,2.570291,2.570291,udp,0.0,,cs0,,63.0,,1.0,,Status,2,2,0,84,84,0,42.0,0.0,130.724503,130.724503,0.0,0,0,0,0.0,,,0.389061,0.389061,0.0,REQ,,,,,0.0,0.0,0.0,0
409848,2.575955,2.575955,2.575955,2.575955,2.575955,2.575955,udp,0.0,,cs0,,63.0,,1.0,,Status,2,2,0,84,84,0,42.0,0.0,130.437073,130.437073,0.0,0,0,0,0.0,,,0.388206,0.388206,0.0,REQ,,,,,0.0,0.0,0.0,0
409851,2.577079,2.577079,2.577079,2.577079,2.577079,2.577079,udp,0.0,,cs0,,63.0,,1.0,,Status,2,2,0,84,84,0,42.0,0.0,130.380173,130.380173,0.0,0,0,0,0.0,,,0.388036,0.388036,0.0,REQ,,,,,0.0,0.0,0.0,0
409912,0.0,0.0,0.0,0.0,0.0,0.0,udp,0.0,,cs0,,63.0,,1.0,,Status,1,1,0,42,42,0,42.0,0.0,0.0,0.0,0.0,0,0,0,0.0,,,0.0,0.0,0.0,REQ,,,,,0.0,0.0,0.0,0
409915,0.0,0.0,0.0,0.0,0.0,0.0,udp,0.0,,cs0,,63.0,,1.0,,Status,1,1,0,42,42,0,42.0,0.0,0.0,0.0,0.0,0,0,0,0.0,,,0.0,0.0,0.0,REQ,,,,,0.0,0.0,0.0,0
409978,0.0,0.0,0.0,0.0,0.0,0.0,udp,0.0,,cs0,,63.0,,1.0,,Status,1,1,0,42,42,0,42.0,0.0,0.0,0.0,0.0,0,0,0,0.0,,,0.0,0.0,0.0,REQ,,,,,0.0,0.0,0.0,0
410029,2.567275,2.567275,2.567275,2.567275,2.567275,2.567275,udp,0.0,,cs0,,63.0,,1.0,,Status,2,2,0,84,84,0,42.0,0.0,130.878067,130.878067,0.0,0,0,0,0.0,,,0.389518,0.389518,0.0,REQ,,,,,0.0,0.0,0.0,0
410157,2.577617,2.577617,2.577617,2.577617,2.577617,2.577617,udp,0.0,,cs0,,63.0,,1.0,,Status,2,2,0,84,84,0,42.0,0.0,130.352966,130.352966,0.0,0,0,0,0.0,,,0.387955,0.387955,0.0,REQ,,,,,0.0,0.0,0.0,0
410172,0.0,0.0,0.0,0.0,0.0,0.0,udp,0.0,,cs0,,63.0,,1.0,,Status,1,1,0,42,42,0,42.0,0.0,0.0,0.0,0.0,0,0,0,0.0,,,0.0,0.0,0.0,REQ,,,,,0.0,0.0,0.0,0
410264,2.572063,2.572063,2.572063,2.572063,2.572063,2.572063,udp,0.0,,cs0,,63.0,,1.0,,Status,2,2,0,84,84,0,42.0,0.0,130.634445,130.634445,0.0,0,0,0,0.0,,,0.388793,0.388793,0.0,REQ,,,,,0.0,0.0,0.0,0
410391,0.0,0.0,0.0,0.0,0.0,0.0,udp,0.0,,cs0,,63.0,,1.0,,Status,1,1,0,42,42,0,42.0,0.0,0.0,0.0,0.0,0,0,0,0.0,,,0.0,0.0,0.0,REQ,,,,,0.0,0.0,0.0,0
410489,0.0,0.0,0.0,0.0,0.0,0.0,udp,0.0,,cs0,,63.0,,1.0,,Status,1,1,0,42,42,0,42.0,0.0,0.0,0.0,0.0,0,0,0,0.0,,,0.0,0.0,0.0,REQ,,,,,0.0,0.0,0.0,0
410537,2.572952,2.572952,2.572952,2.572952,2.572952,2.572952,udp,0.0,,cs0,,63.0,,1.0,,Status,2,2,0,84,84,0,42.0,0.0,130.589294,130.589294,0.0,0,0,0,0.0,,,0.388659,0.388659,0.0,REQ,,,,,0.0,0.0,0.0,0
410676,2.574744,2.574744,2.574744,2.574744,2.574744,2.574744,udp,0.0,,cs0,,63.0,,1.0,,Status,2,2,0,84,84,0,42.0,0.0,130.498413,130.498413,0.0,0,0,0,0.0,,,0.388388,0.388388,0.0,REQ,,,,,0.0,0.0,0.0,0
410700,2.570876,2.570876,2.570876,2.570876,2.570876,2.570876,udp,0.0,,cs0,,63.0,,1.0,,Status,2,2,0,84,84,0,42.0,0.0,130.694763,130.694763,0.0,0,0,0,0.0,,,0.388972,0.388972,0.0,REQ,,,,,0.0,0.0,0.0,0
410721,0.0,0.0,0.0,0.0,0.0,0.0,udp,0.0,,cs0,,63.0,,1.0,,Status,1,1,0,42,42,0,42.0,0.0,0.0,0.0,0.0,0,0,0,0.0,,,0.0,0.0,0.0,REQ,,,,,0.0,0.0,0.0,0
410765,0.0,0.0,0.0,0.0,0.0,0.0,udp,0.0,,cs0,,63.0,,1.0,,Status,1,1,0,42,42,0,42.0,0.0,0.0,0.0,0.0,0,0,0,0.0,,,0.0,0.0,0.0,REQ,,,,,0.0,0.0,0.0,0
410821,2.57007,2.57007,2.57007,2.57007,2.57007,2.57007,udp,0.0,,cs0,,63.0,,1.0,,Status,2,2,0,84,84,0,42.0,0.0,130.735733,130.735733,0.0,0,0,0,0.0,,,0.389094,0.389094,0.0,REQ,,,,,0.0,0.0,0.0,0
410833,2.570046,2.570046,2.570046,2.570046,2.570046,2.570046,udp,0.0,,cs0,,63.0,,1.0,,Status,2,2,0,84,84,0,42.0,0.0,130.736969,130.736969,0.0,0,0,0,0.0,,,0.389098,0.389098,0.0,REQ,,,,,0.0,0.0,0.0,0
410848,0.0,0.0,0.0,0.0,0.0,0.0,udp,0.0,,cs0,,63.0,,1.0,,Status,1,1,0,42,42,0,42.0,0.0,0.0,0.0,0.0,0,0,0,0.0,,,0.0,0.0,0.0,REQ,,,,,0.0,0.0,0.0,0
410885,2.571733,2.571733,2.571733,2.571733,2.571733,2.571733,udp,0.0,,cs0,,63.0,,1.0,,Status,2,2,0,84,84,0,42.0,0.0,130.651199,130.651199,0.0,0,0,0,0.0,,,0.388843,0.388843,0.0,REQ,,,,,0.0,0.0,0.0,0
410926,0.0,0.0,0.0,0.0,0.0,0.0,udp,0.0,,cs0,,63.0,,1.0,,Status,1,1,0,42,42,0,42.0,0.0,0.0,0.0,0.0,0,0,0,0.0,,,0.0,0.0,0.0,REQ,,,,,0.0,0.0,0.0,0
411002,2.577887,2.577887,2.577887,2.577887,2.577887,2.577887,udp,0.0,,cs0,,63.0,,1.0,,Status,2,2,0,84,84,0,42.0,0.0,130.33931,130.33931,0.0,0,0,0,0.0,,,0.387915,0.387915,0.0,REQ,,,,,0.0,0.0,0.0,0
411032,2.572106,2.572106,2.572106,2.572106,2.572106,2.572106,udp,0.0,,cs0,,63.0,,1.0,,Status,2,2,0,84,84,0,42.0,0.0,130.632263,130.632263,0.0,0,0,0,0.0,,,0.388786,0.388786,0.0,REQ,,,,,0.0,0.0,0.0,0
411075,2.573932,2.573932,2.573932,2.573932,2.573932,2.573932,udp,0.0,,cs0,,63.0,,1.0,,Status,2,2,0,84,84,0,42.0,0.0,130.539581,130.539581,0.0,0,0,0,0.0,,,0.388511,0.388511,0.0,REQ,,,,,0.0,0.0,0.0,0
411317,2.577168,2.577168,2.577168,2.577168,2.577168,2.577168,udp,0.0,,cs0,,63.0,,1.0,,Status,2,2,0,84,84,0,42.0,0.0,130.375671,130.375671,0.0,0,0,0,0.0,,,0.388023,0.388023,0.0,REQ,,,,,0.0,0.0,0.0,0
411374,2.568611,2.568611,2.568611,2.568611,2.568611,2.568611,udp,0.0,,cs0,,63.0,,1.0,,Status,2,2,0,84,84,0,42.0,0.0,130.809998,130.809998,0.0,0,0,0,0.0,,,0.389315,0.389315,0.0,REQ,,,,,0.0,0.0,0.0,0
411377,0.0,0.0,0.0,0.0,0.0,0.0,udp,0.0,,cs0,,63.0,,1.0,,Status,1,1,0,42,42,0,42.0,0.0,0.0,0.0,0.0,0,0,0,0.0,,,0.0,0.0,0.0,REQ,,,,,0.0,0.0,0.0,0
411384,0.0,0.0,0.0,0.0,0.0,0.0,udp,0.0,,cs0,,63.0,,1.0,,Status,1,1,0,42,42,0,42.0,0.0,0.0,0.0,0.0,0,0,0,0.0,,,0.0,0.0,0.0,REQ,,,,,0.0,0.0,0.0,0
411397,2.566363,2.566363,2.566363,2.566363,2.566363,2.566363,udp,0.0,,cs0,,63.0,,1.0,,Status,2,2,0,84,84,0,42.0,0.0,130.924576,130.924576,0.0,0,0,0,0.0,,,0.389656,0.389656,0.0,REQ,,,,,0.0,0.0,0.0,0
411398,2.566364,2.566364,2.566364,2.566364,2.566364,2.566364,udp,0.0,,cs0,,63.0,,1.0,,Status,2,2,0,84,84,0,42.0,0.0,130.92453,130.92453,0.0,0,0,0,0.0,,,0.389656,0.389656,0.0,REQ,,,,,0.0,0.0,0.0,0
411436,0.0,0.0,0.0,0.0,0.0,0.0,udp,0.0,,cs0,,63.0,,1.0,,Status,1,1,0,42,42,0,42.0,0.0,0.0,0.0,0.0,0,0,0,0.0,,,0.0,0.0,0.0,REQ,,,,,0.0,0.0,0.0,0
411463,0.0,0.0,0.0,0.0,0.0,0.0,udp,0.0,,cs0,,63.0,,1.0,,Status,1,1,0,42,42,0,42.0,0.0,0.0,0.0,0.0,0,0,0,0.0,,,0.0,0.0,0.0,REQ,,,,,0.0,0.0,0.0,0
411498,0.0,0.0,0.0,0.0,0.0,0.0,udp,0.0,,cs0,,63.0,,1.0,,Status,1,1,0,42,42,0,42.0,0.0,0.0,0.0,0.0,0,0,0,0.0,,,0.0,0.0,0.0,REQ,,,,,0.0,0.0,0.0,0
411510,0.0,0.0,0.0,0.0,0.0,0.0,udp,0.0,,cs0,,63.0,,1.0,,Status,1,1,0,42,42,0,42.0,0.0,0.0,0.0,0.0,0,0,0,0.0,,,0.0,0.0,0.0,REQ,,,,,0.0,0.0,0.0,0
411517,2.572891,2.572891,2.572891,2.572891,2.572891,2.572891,udp,0.0,,cs0,,63.0,,1.0,,Status,2,2,0,84,84,0,42.0,0.0,130.592392,130.592392,0.0,0,0,0,0.0,,,0.388668,0.388668,0.0,REQ,,,,,0.0,0.0,0.0,0
411664,0.0,0.0,0.0,0.0,0.0,0.0,udp,0.0,,cs0,,63.0,,1.0,,Status,1,1,0,42,42,0,42.0,0.0,0.0,0.0,0.0,0,0,0,0.0,,,0.0,0.0,0.0,REQ,,,,,0.0,0.0,0.0,0
411749,0.0,0.0,0.0,0.0,0.0,0.0,udp,0.0,,cs0,,63.0,,1.0,,Status,1,1,0,42,42,0,42.0,0.0,0.0,0.0,0.0,0,0,0,0.0,,,0.0,0.0,0.0,REQ,,,,,0.0,0.0,0.0,0
411825,2.579,2.579,2.579,2.579,2.579,2.579,udp,0.0,,cs0,,63.0,,1.0,,Status,2,2,0,84,84,0,42.0,0.0,130.283051,130.283051,0.0,0,0,0,0.0,,,0.387747,0.387747,0.0,REQ,,,,,0.0,0.0,0.0,0
411844,0.0,0.0,0.0,0.0,0.0,0.0,udp,0.0,,cs0,,63.0,,1.0,,Status,1,1,0,42,42,0,42.0,0.0,0.0,0.0,0.0,0,0,0,0.0,,,0.0,0.0,0.0,REQ,,,,,0.0,0.0,0.0,0
411855,0.0,0.0,0.0,0.0,0.0,0.0,udp,0.0,,cs0,,63.0,,1.0,,Status,1,1,0,42,42,0,42.0,0.0,0.0,0.0,0.0,0,0,0,0.0,,,0.0,0.0,0.0,REQ,,,,,0.0,0.0,0.0,0
411963,0.0,0.0,0.0,0.0,0.0,0.0,udp,0.0,,cs0,,63.0,,1.0,,Status,1,1,0,42,42,0,42.0,0.0,0.0,0.0,0.0,0,0,0,0.0,,,0.0,0.0,0.0,REQ,,,,,0.0,0.0,0.0,0
411979,2.572574,2.572574,2.572574,2.572574,2.572574,2.572574,udp,0.0,,cs0,,63.0,,1.0,,Status,2,2,0,84,84,0,42.0,0.0,130.60849,130.60849,0.0,0,0,0,0.0,,,0.388716,0.388716,0.0,REQ,,,,,0.0,0.0,0.0,0
412085,2.573047,2.573047,2.573047,2.573047,2.573047,2.573047,udp,0.0,,cs0,,63.0,,1.0,,Status,2,2,0,84,84,0,42.0,0.0,130.584488,130.584488,0.0,0,0,0,0.0,,,0.388644,0.388644,0.0,REQ,,,,,0.0,0.0,0.0,0
412087,0.0,0.0,0.0,0.0,0.0,0.0,udp,0.0,,cs0,,63.0,,1.0,,Status,1,1,0,42,42,0,42.0,0.0,0.0,0.0,0.0,0,0,0,0.0,,,0.0,0.0,0.0,REQ,,,,,0.0,0.0,0.0,0
412096,2.573032,2.573032,2.573032,2.573032,2.573032,2.573032,udp,0.0,,cs0,,63.0,,1.0,,Status,2,2,0,84,84,0,42.0,0.0,130.585251,130.585251,0.0,0,0,0,0.0,,,0.388647,0.388647,0.0,REQ,,,,,0.0,0.0,0.0,0
412106,2.573479,2.573479,2.573479,2.573479,2.573479,2.573479,udp,0.0,,cs0,,63.0,,1.0,,Status,2,2,0,84,84,0,42.0,0.0,130.562561,130.562561,0.0,0,0,0,0.0,,,0.388579,0.388579,0.0,REQ,,,,,0.0,0.0,0.0,0
412125,0.0,0.0,0.0,0.0,0.0,0.0,udp,0.0,,cs0,,63.0,,1.0,,Status,1,1,0,42,42,0,42.0,0.0,0.0,0.0,0.0,0,0,0,0.0,,,0.0,0.0,0.0,REQ,,,,,0.0,0.0,0.0,0
412149,2.572151,2.572151,2.572151,2.572151,2.572151,2.572151,udp,0.0,,cs0,,63.0,,1.0,,Status,2,2,0,84,84,0,42.0,0.0,130.629974,130.629974,0.0,0,0,0,0.0,,,0.38878,0.38878,0.0,REQ,,,,,0.0,0.0,0.0,0
412154,2.572163,2.572163,2.572163,2.572163,2.572163,2.572163,udp,0.0,,cs0,,63.0,,1.0,,Status,2,2,0,84,84,0,42.0,0.0,130.629349,130.629349,0.0,0,0,0,0.0,,,0.388778,0.388778,0.0,REQ,,,,,0.0,0.0,0.0,0
412177,0.0,0.0,0.0,0.0,0.0,0.0,udp,0.0,,cs0,,63.0,,1.0,,Status,1,1,0,42,42,0,42.0,0.0,0.0,0.0,0.0,0,0,0,0.0,,,0.0,0.0,0.0,REQ,,,,,0.0,0.0,0.0,0
412179,0.0,0.0,0.0,0.0,0.0,0.0,udp,0.0,,cs0,,63.0,,1.0,,Status,1,1,0,42,42,0,42.0,0.0,0.0,0.0,0.0,0,0,0,0.0,,,0.0,0.0,0.0,REQ,,,,,0.0,0.0,0.0,0
412181,0.0,0.0,0.0,0.0,0.0,0.0,udp,0.0,,cs0,,63.0,,1.0,,Status,1,1,0,42,42,0,42.0,0.0,0.0,0.0,0.0,0,0,0,0.0,,,0.0,0.0,0.0,REQ,,,,,0.0,0.0,0.0,0
412198,2.564043,2.564043,2.564043,2.564043,2.564043,2.564043,udp,0.0,,cs0,,63.0,,1.0,,Status,2,2,0,84,84,0,42.0,0.0,131.043045,131.043045,0.0,0,0,0,0.0,,,0.390009,0.390009,0.0,REQ,,,,,0.0,0.0,0.0,0
412205,0.0,0.0,0.0,0.0,0.0,0.0,udp,0.0,,cs0,,63.0,,1.0,,Status,1,1,0,42,42,0,42.0,0.0,0.0,0.0,0.0,0,0,0,0.0,,,0.0,0.0,0.0,REQ,,,,,0.0,0.0,0.0,0
412269,0.0,0.0,0.0,0.0,0.0,0.0,udp,0.0,,cs0,,63.0,,1.0,,Status,1,1,0,42,42,0,42.0,0.0,0.0,0.0,0.0,0,0,0,0.0,,,0.0,0.0,0.0,REQ,,,,,0.0,0.0,0.0,0
412289,0.0,0.0,0.0,0.0,0.0,0.0,udp,0.0,,cs0,,63.0,,1.0,,Status,1,1,0,42,42,0,42.0,0.0,0.0,0.0,0.0,0,0,0,0.0,,,0.0,0.0,0.0,REQ,,,,,0.0,0.0,0.0,0
412459,2.573429,2.573429,2.573429,2.573429,2.573429,2.573429,udp,0.0,,cs0,,63.0,,1.0,,Status,2,2,0,84,84,0,42.0,0.0,130.565094,130.565094,0.0,0,0,0,0.0,,,0.388587,0.388587,0.0,REQ,,,,,0.0,0.0,0.0,0
412460,0.0,0.0,0.0,0.0,0.0,0.0,udp,0.0,,cs0,,63.0,,1.0,,Status,1,1,0,42,42,0,42.0,0.0,0.0,0.0,0.0,0,0,0,0.0,,,0.0,0.0,0.0,REQ,,,,,0.0,0.0,0.0,0
412519,0.0,0.0,0.0,0.0,0.0,0.0,udp,0.0,,cs0,,63.0,,1.0,,Status,1,1,0,42,42,0,42.0,0.0,0.0,0.0,0.0,0,0,0,0.0,,,0.0,0.0,0.0,REQ,,,,,0.0,0.0,0.0,0
412527,2.572174,2.572174,2.572174,2.572174,2.572174,2.572174,udp,0.0,,cs0,,63.0,,1.0,,Status,2,2,0,84,84,0,42.0,0.0,130.628799,130.628799,0.0,0,0,0,0.0,,,0.388776,0.388776,0.0,REQ,,,,,0.0,0.0,0.0,0
412558,2.572692,2.572692,2.572692,2.572692,2.572692,2.572692,udp,0.0,,cs0,,63.0,,1.0,,Status,2,2,0,84,84,0,42.0,0.0,130.602509,130.602509,0.0,0,0,0,0.0,,,0.388698,0.388698,0.0,REQ,,,,,0.0,0.0,0.0,0
412636,2.575142,2.575142,2.575142,2.575142,2.575142,2.575142,udp,0.0,,cs0,,63.0,,1.0,,Status,2,2,0,84,84,0,42.0,0.0,130.478241,130.478241,0.0,0,0,0,0.0,,,0.388328,0.388328,0.0,REQ,,,,,0.0,0.0,0.0,0
412642,2.574418,2.574418,2.574418,2.574418,2.574418,2.574418,udp,0.0,,cs0,,63.0,,1.0,,Status,2,2,0,84,84,0,42.0,0.0,130.514938,130.514938,0.0,0,0,0,0.0,,,0.388437,0.388437,0.0,REQ,,,,,0.0,0.0,0.0,0
412661,0.0,0.0,0.0,0.0,0.0,0.0,udp,0.0,,cs0,,63.0,,1.0,,Status,1,1,0,42,42,0,42.0,0.0,0.0,0.0,0.0,0,0,0,0.0,,,0.0,0.0,0.0,REQ,,,,,0.0,0.0,0.0,0
412683,2.574443,2.574443,2.574443,2.574443,2.574443,2.574443,udp,0.0,,cs0,,63.0,,1.0,,Status,2,2,0,84,84,0,42.0,0.0,130.513657,130.513657,0.0,0,0,0,0.0,,,0.388434,0.388434,0.0,REQ,,,,,0.0,0.0,0.0,0
412698,0.0,0.0,0.0,0.0,0.0,0.0,udp,0.0,,cs0,,63.0,,1.0,,Status,1,1,0,42,42,0,42.0,0.0,0.0,0.0,0.0,0,0,0,0.0,,,0.0,0.0,0.0,REQ,,,,,0.0,0.0,0.0,0
412719,2.575827,2.575827,2.575827,2.575827,2.575827,2.575827,udp,0.0,,cs0,,63.0,,1.0,,Status,2,2,0,84,84,0,42.0,0.0,130.443542,130.443542,0.0,0,0,0,0.0,,,0.388225,0.388225,0.0,REQ,,,,,0.0,0.0,0.0,0
412740,2.575802,2.575802,2.575802,2.575802,2.575802,2.575802,udp,0.0,,cs0,,63.0,,1.0,,Status,2,2,0,84,84,0,42.0,0.0,130.444809,130.444809,0.0,0,0,0,0.0,,,0.388229,0.388229,0.0,REQ,,,,,0.0,0.0,0.0,0
412756,0.0,0.0,0.0,0.0,0.0,0.0,udp,0.0,,cs0,,63.0,,1.0,,Status,1,1,0,42,42,0,42.0,0.0,0.0,0.0,0.0,0,0,0,0.0,,,0.0,0.0,0.0,REQ,,,,,0.0,0.0,0.0,0
412778,2.57234,2.57234,2.57234,2.57234,2.57234,2.57234,udp,0.0,,cs0,,63.0,,1.0,,Status,2,2,0,84,84,0,42.0,0.0,130.620361,130.620361,0.0,0,0,0,0.0,,,0.388751,0.388751,0.0,REQ,,,,,0.0,0.0,0.0,0
412790,0.0,0.0,0.0,0.0,0.0,0.0,udp,0.0,,cs0,,63.0,,1.0,,Status,1,1,0,42,42,0,42.0,0.0,0.0,0.0,0.0,0,0,0,0.0,,,0.0,0.0,0.0,REQ,,,,,0.0,0.0,0.0,0
412853,0.0,0.0,0.0,0.0,0.0,0.0,udp,0.0,,cs0,,63.0,,1.0,,Status,1,1,0,42,42,0,42.0,0.0,0.0,0.0,0.0,0,0,0,0.0,,,0.0,0.0,0.0,REQ,,,,,0.0,0.0,0.0,0
412943,0.0,0.0,0.0,0.0,0.0,0.0,udp,0.0,,cs0,,63.0,,1.0,,Status,1,1,0,42,42,0,42.0,0.0,0.0,0.0,0.0,0,0,0,0.0,,,0.0,0.0,0.0,REQ,,,,,0.0,0.0,0.0,0
412949,2.570133,2.570133,2.570133,2.570133,2.570133,2.570133,udp,0.0,,cs0,,63.0,,1.0,,Status,2,2,0,84,84,0,42.0,0.0,130.732529,130.732529,0.0,0,0,0,0.0,,,0.389085,0.389085,0.0,REQ,,,,,0.0,0.0,0.0,0
412958,2.570239,2.570239,2.570239,2.570239,2.570239,2.570239,udp,0.0,,cs0,,63.0,,1.0,,Status,2,2,0,84,84,0,42.0,0.0,130.727142,130.727142,0.0,0,0,0,0.0,,,0.389069,0.389069,0.0,REQ,,,,,0.0,0.0,0.0,0
412977,0.0,0.0,0.0,0.0,0.0,0.0,udp,0.0,,cs0,,63.0,,1.0,,Status,1,1,0,42,42,0,42.0,0.0,0.0,0.0,0.0,0,0,0,0.0,,,0.0,0.0,0.0,REQ,,,,,0.0,0.0,0.0,0
413013,0.0,0.0,0.0,0.0,0.0,0.0,udp,0.0,,cs0,,63.0,,1.0,,Status,1,1,0,42,42,0,42.0,0.0,0.0,0.0,0.0,0,0,0,0.0,,,0.0,0.0,0.0,REQ,,,,,0.0,0.0,0.0,0
413023,0.0,0.0,0.0,0.0,0.0,0.0,udp,0.0,,cs0,,63.0,,1.0,,Status,1,1,0,42,42,0,42.0,0.0,0.0,0.0,0.0,0,0,0,0.0,,,0.0,0.0,0.0,REQ,,,,,0.0,0.0,0.0,0
413053,0.0,0.0,0.0,0.0,0.0,0.0,udp,0.0,,cs0,,63.0,,1.0,,Status,1,1,0,42,42,0,42.0,0.0,0.0,0.0,0.0,0,0,0,0.0,,,0.0,0.0,0.0,REQ,,,,,0.0,0.0,0.0,0
413066,0.0,0.0,0.0,0.0,0.0,0.0,udp,0.0,,cs0,,63.0,,1.0,,Status,1,1,0,42,42,0,42.0,0.0,0.0,0.0,0.0,0,0,0,0.0,,,0.0,0.0,0.0,REQ,,,,,0.0,0.0,0.0,0
413074,0.0,0.0,0.0,0.0,0.0,0.0,udp,0.0,,cs0,,63.0,,1.0,,Status,1,1,0,42,42,0,42.0,0.0,0.0,0.0,0.0,0,0,0,0.0,,,0.0,0.0,0.0,REQ,,,,,0.0,0.0,0.0,0
413096,2.57537,2.57537,2.57537,2.57537,2.57537,2.57537,udp,0.0,,cs0,,63.0,,1.0,,Status,2,2,0,84,84,0,42.0,0.0,130.46669,130.46669,0.0,0,0,0,0.0,,,0.388294,0.388294,0.0,REQ,,,,,0.0,0.0,0.0,0
413156,2.575035,2.575035,2.575035,2.575035,2.575035,2.575035,udp,0.0,,cs0,,63.0,,1.0,,Status,2,2,0,84,84,0,42.0,0.0,130.483658,130.483658,0.0,0,0,0,0.0,,,0.388344,0.388344,0.0,REQ,,,,,0.0,0.0,0.0,0
413220,0.0,0.0,0.0,0.0,0.0,0.0,udp,0.0,,cs0,,63.0,,1.0,,Status,1,1,0,42,42,0,42.0,0.0,0.0,0.0,0.0,0,0,0,0.0,,,0.0,0.0,0.0,REQ,,,,,0.0,0.0,0.0,0
413236,0.0,0.0,0.0,0.0,0.0,0.0,udp,0.0,,cs0,,63.0,,1.0,,Status,1,1,0,42,42,0,42.0,0.0,0.0,0.0,0.0,0,0,0,0.0,,,0.0,0.0,0.0,REQ,,,,,0.0,0.0,0.0,0
413252,0.0,0.0,0.0,0.0,0.0,0.0,udp,0.0,,cs0,,63.0,,1.0,,Status,1,1,0,42,42,0,42.0,0.0,0.0,0.0,0.0,0,0,0,0.0,,,0.0,0.0,0.0,REQ,,,,,0.0,0.0,0.0,0
413273,2.574853,2.574853,2.574853,2.574853,2.574853,2.574853,udp,0.0,,cs0,,63.0,,1.0,,Status,2,2,0,84,84,0,42.0,0.0,130.492889,130.492889,0.0,0,0,0,0.0,,,0.388372,0.388372,0.0,REQ,,,,,0.0,0.0,0.0,0
413281,2.574732,2.574732,2.574732,2.574732,2.574732,2.574732,udp,0.0,,cs0,,63.0,,1.0,,Status,2,2,0,84,84,0,42.0,0.0,130.499008,130.499008,0.0,0,0,0,0.0,,,0.38839,0.38839,0.0,REQ,,,,,0.0,0.0,0.0,0
413283,2.574732,2.574732,2.574732,2.574732,2.574732,2.574732,udp,0.0,,cs0,,63.0,,1.0,,Status,2,2,0,84,84,0,42.0,0.0,130.499008,130.499008,0.0,0,0,0,0.0,,,0.38839,0.38839,0.0,REQ,,,,,0.0,0.0,0.0,0
413299,0.0,0.0,0.0,0.0,0.0,0.0,udp,0.0,,cs0,,63.0,,1.0,,Status,1,1,0,42,42,0,42.0,0.0,0.0,0.0,0.0,0,0,0,0.0,,,0.0,0.0,0.0,REQ,,,,,0.0,0.0,0.0,0
413310,2.574611,2.574611,2.574611,2.574611,2.574611,2.574611,udp,0.0,,cs0,,63.0,,1.0,,Status,2,2,0,84,84,0,42.0,0.0,130.505157,130.505157,0.0,0,0,0,0.0,,,0.388408,0.388408,0.0,REQ,,,,,0.0,0.0,0.0,0
413324,0.0,0.0,0.0,0.0,0.0,0.0,udp,0.0,,cs0,,63.0,,1.0,,Status,1,1,0,42,42,0,42.0,0.0,0.0,0.0,0.0,0,0,0,0.0,,,0.0,0.0,0.0,REQ,,,,,0.0,0.0,0.0,0
413334,2.574964,2.574964,2.574964,2.574964,2.574964,2.574964,udp,0.0,,cs0,,63.0,,1.0,,Status,2,2,0,84,84,0,42.0,0.0,130.487259,130.487259,0.0,0,0,0,0.0,,,0.388355,0.388355,0.0,REQ,,,,,0.0,0.0,0.0,0
413343,2.574954,2.574954,2.574954,2.574954,2.574954,2.574954,udp,0.0,,cs0,,63.0,,1.0,,Status,2,2,0,84,84,0,42.0,0.0,130.487762,130.487762,0.0,0,0,0,0.0,,,0.388356,0.388356,0.0,REQ,,,,,0.0,0.0,0.0,0
413376,0.0,0.0,0.0,0.0,0.0,0.0,udp,0.0,,cs0,,63.0,,1.0,,Status,1,1,0,42,42,0,42.0,0.0,0.0,0.0,0.0,0,0,0,0.0,,,0.0,0.0,0.0,REQ,,,,,0.0,0.0,0.0,0
413379,0.0,0.0,0.0,0.0,0.0,0.0,udp,0.0,,cs0,,63.0,,1.0,,Status,1,1,0,42,42,0,42.0,0.0,0.0,0.0,0.0,0,0,0,0.0,,,0.0,0.0,0.0,REQ,,,,,0.0,0.0,0.0,0
413426,2.574974,2.574974,2.574974,2.574974,2.574974,2.574974,udp,0.0,,cs0,,63.0,,1.0,,Status,2,2,0,84,84,0,42.0,0.0,130.486755,130.486755,0.0,0,0,0,0.0,,,0.388353,0.388353,0.0,REQ,,,,,0.0,0.0,0.0,0
413536,2.569345,2.569345,2.569345,2.569345,2.569345,2.569345,udp,0.0,,cs0,,63.0,,1.0,,Start,2,2,0,84,84,0,42.0,0.0,130.772629,130.772629,0.0,0,0,0,0.0,,,0.389204,0.389204,0.0,INT,,,,,0.0,0.0,0.0,0
413598,2.573192,2.573192,2.573192,2.573192,2.573192,2.573192,udp,0.0,,cs0,,63.0,,1.0,,Status,2,2,0,84,84,0,42.0,0.0,130.577133,130.577133,0.0,0,0,0,0.0,,,0.388622,0.388622,0.0,REQ,,,,,0.0,0.0,0.0,0
413627,0.0,0.0,0.0,0.0,0.0,0.0,udp,0.0,,cs0,,63.0,,1.0,,Status,1,1,0,42,42,0,42.0,0.0,0.0,0.0,0.0,0,0,0,0.0,,,0.0,0.0,0.0,REQ,,,,,0.0,0.0,0.0,0
413637,2.572325,2.572325,2.572325,2.572325,2.572325,2.572325,udp,0.0,,cs0,,63.0,,1.0,,Status,2,2,0,84,84,0,42.0,0.0,130.621124,130.621124,0.0,0,0,0,0.0,,,0.388753,0.388753,0.0,REQ,,,,,0.0,0.0,0.0,0
413684,2.583242,2.583242,2.583242,2.583242,2.583242,2.583242,udp,0.0,,cs0,,63.0,,1.0,,Status,2,2,0,84,84,0,42.0,0.0,130.069122,130.069122,0.0,0,0,0,0.0,,,0.38711,0.38711,0.0,REQ,,,,,0.0,0.0,0.0,0
413727,0.0,0.0,0.0,0.0,0.0,0.0,udp,0.0,,cs0,,63.0,,1.0,,Status,1,1,0,42,42,0,42.0,0.0,0.0,0.0,0.0,0,0,0,0.0,,,0.0,0.0,0.0,REQ,,,,,0.0,0.0,0.0,0
413747,0.0,0.0,0.0,0.0,0.0,0.0,udp,0.0,,cs0,,63.0,,1.0,,Status,1,1,0,42,42,0,42.0,0.0,0.0,0.0,0.0,0,0,0,0.0,,,0.0,0.0,0.0,REQ,,,,,0.0,0.0,0.0,0
413805,2.573612,2.573612,2.573612,2.573612,2.573612,2.573612,udp,0.0,,cs0,,63.0,,1.0,,Status,2,2,0,84,84,0,42.0,0.0,130.555817,130.555817,0.0,0,0,0,0.0,,,0.388559,0.388559,0.0,REQ,,,,,0.0,0.0,0.0,0
413887,0.0,0.0,0.0,0.0,0.0,0.0,udp,0.0,,cs0,,63.0,,1.0,,Status,1,1,0,42,42,0,42.0,0.0,0.0,0.0,0.0,0,0,0,0.0,,,0.0,0.0,0.0,REQ,,,,,0.0,0.0,0.0,0
413899,2.572685,2.572685,2.572685,2.572685,2.572685,2.572685,udp,0.0,,cs0,,63.0,,1.0,,Status,2,2,0,84,84,0,42.0,0.0,130.602859,130.602859,0.0,0,0,0,0.0,,,0.388699,0.388699,0.0,REQ,,,,,0.0,0.0,0.0,0
413912,2.575275,2.575275,2.575275,2.575275,2.575275,2.575275,udp,0.0,,cs0,,63.0,,1.0,,Status,2,2,0,84,84,0,42.0,0.0,130.471512,130.471512,0.0,0,0,0,0.0,,,0.388308,0.388308,0.0,REQ,,,,,0.0,0.0,0.0,0
413983,2.572159,2.572159,2.572159,2.572159,2.572159,2.572159,udp,0.0,,cs0,,63.0,,1.0,,Status,2,2,0,84,84,0,42.0,0.0,130.629562,130.629562,0.0,0,0,0,0.0,,,0.388778,0.388778,0.0,REQ,,,,,0.0,0.0,0.0,0
414023,0.0,0.0,0.0,0.0,0.0,0.0,udp,0.0,,cs0,,63.0,,1.0,,Status,1,1,0,42,42,0,42.0,0.0,0.0,0.0,0.0,0,0,0,0.0,,,0.0,0.0,0.0,REQ,,,,,0.0,0.0,0.0,0
414027,0.0,0.0,0.0,0.0,0.0,0.0,udp,0.0,,cs0,,63.0,,1.0,,Status,1,1,0,42,42,0,42.0,0.0,0.0,0.0,0.0,0,0,0,0.0,,,0.0,0.0,0.0,REQ,,,,,0.0,0.0,0.0,0
414088,0.0,0.0,0.0,0.0,0.0,0.0,udp,0.0,,cs0,,63.0,,1.0,,Status,1,1,0,42,42,0,42.0,0.0,0.0,0.0,0.0,0,0,0,0.0,,,0.0,0.0,0.0,REQ,,,,,0.0,0.0,0.0,0
414143,2.578989,2.578989,2.578989,2.578989,2.578989,2.578989,udp,0.0,,cs0,,63.0,,1.0,,Status,2,2,0,84,84,0,42.0,0.0,130.283615,130.283615,0.0,0,0,0,0.0,,,0.387749,0.387749,0.0,REQ,,,,,0.0,0.0,0.0,0
414166,2.577019,2.577019,2.577019,2.577019,2.577019,2.577019,udp,0.0,,cs0,,63.0,,1.0,,Status,2,2,0,84,84,0,42.0,0.0,130.383209,130.383209,0.0,0,0,0,0.0,,,0.388045,0.388045,0.0,REQ,,,,,0.0,0.0,0.0,0
414224,2.578667,2.578667,2.578667,2.578667,2.578667,2.578667,udp,0.0,,cs0,,63.0,,1.0,,Status,2,2,0,84,84,0,42.0,0.0,130.299881,130.299881,0.0,0,0,0,0.0,,,0.387797,0.387797,0.0,REQ,,,,,0.0,0.0,0.0,0
414229,2.575388,2.575388,2.575388,2.575388,2.575388,2.575388,udp,0.0,,cs0,,63.0,,1.0,,Status,2,2,0,84,84,0,42.0,0.0,130.465775,130.465775,0.0,0,0,0,0.0,,,0.388291,0.388291,0.0,REQ,,,,,0.0,0.0,0.0,0
414239,2.575384,2.575384,2.575384,2.575384,2.575384,2.575384,udp,0.0,,cs0,,63.0,,1.0,,Status,2,2,0,84,84,0,42.0,0.0,130.465988,130.465988,0.0,0,0,0,0.0,,,0.388292,0.388292,0.0,REQ,,,,,0.0,0.0,0.0,0
414243,0.0,0.0,0.0,0.0,0.0,0.0,udp,0.0,,cs0,,63.0,,1.0,,Status,1,1,0,42,42,0,42.0,0.0,0.0,0.0,0.0,0,0,0,0.0,,,0.0,0.0,0.0,REQ,,,,,0.0,0.0,0.0,0
414268,0.0,0.0,0.0,0.0,0.0,0.0,udp,0.0,,cs0,,63.0,,1.0,,Status,1,1,0,42,42,0,42.0,0.0,0.0,0.0,0.0,0,0,0,0.0,,,0.0,0.0,0.0,REQ,,,,,0.0,0.0,0.0,0
414405,2.567895,2.567895,2.567895,2.567895,2.567895,2.567895,udp,0.0,,cs0,,63.0,,1.0,,Status,2,2,0,84,84,0,42.0,0.0,130.846481,130.846481,0.0,0,0,0,0.0,,,0.389424,0.389424,0.0,REQ,,,,,0.0,0.0,0.0,0
414417,2.577835,2.577835,2.577835,2.577835,2.577835,2.577835,udp,0.0,,cs0,,63.0,,1.0,,Status,2,2,0,84,84,0,42.0,0.0,130.341934,130.341934,0.0,0,0,0,0.0,,,0.387922,0.387922,0.0,REQ,,,,,0.0,0.0,0.0,0
414432,2.575264,2.575264,2.575264,2.575264,2.575264,2.575264,udp,0.0,,cs0,,63.0,,1.0,,Status,2,2,0,84,84,0,42.0,0.0,130.472061,130.472061,0.0,0,0,0,0.0,,,0.38831,0.38831,0.0,REQ,,,,,0.0,0.0,0.0,0
414439,0.0,0.0,0.0,0.0,0.0,0.0,udp,0.0,,cs0,,63.0,,1.0,,Status,1,1,0,42,42,0,42.0,0.0,0.0,0.0,0.0,0,0,0,0.0,,,0.0,0.0,0.0,REQ,,,,,0.0,0.0,0.0,0
414480,0.0,0.0,0.0,0.0,0.0,0.0,udp,0.0,,cs0,,63.0,,1.0,,Status,1,1,0,42,42,0,42.0,0.0,0.0,0.0,0.0,0,0,0,0.0,,,0.0,0.0,0.0,REQ,,,,,0.0,0.0,0.0,0
414647,0.0,0.0,0.0,0.0,0.0,0.0,udp,0.0,,cs0,,63.0,,1.0,,Status,1,1,0,42,42,0,42.0,0.0,0.0,0.0,0.0,0,0,0,0.0,,,0.0,0.0,0.0,REQ,,,,,0.0,0.0,0.0,0
414673,0.0,0.0,0.0,0.0,0.0,0.0,udp,0.0,,cs0,,63.0,,1.0,,Status,1,1,0,42,42,0,42.0,0.0,0.0,0.0,0.0,0,0,0,0.0,,,0.0,0.0,0.0,REQ,,,,,0.0,0.0,0.0,0
414677,2.57223,2.57223,2.57223,2.57223,2.57223,2.57223,udp,0.0,,cs0,,63.0,,1.0,,Status,2,2,0,84,84,0,42.0,0.0,130.625946,130.625946,0.0,0,0,0,0.0,,,0.388768,0.388768,0.0,REQ,,,,,0.0,0.0,0.0,0
414688,0.0,0.0,0.0,0.0,0.0,0.0,udp,0.0,,cs0,,63.0,,1.0,,Status,1,1,0,42,42,0,42.0,0.0,0.0,0.0,0.0,0,0,0,0.0,,,0.0,0.0,0.0,REQ,,,,,0.0,0.0,0.0,0
414806,2.578879,2.578879,2.578879,2.578879,2.578879,2.578879,udp,0.0,,cs0,,63.0,,1.0,,Status,2,2,0,84,84,0,42.0,0.0,130.289169,130.289169,0.0,0,0,0,0.0,,,0.387765,0.387765,0.0,REQ,,,,,0.0,0.0,0.0,0
414813,0.0,0.0,0.0,0.0,0.0,0.0,udp,0.0,,cs0,,63.0,,1.0,,Status,1,1,0,42,42,0,42.0,0.0,0.0,0.0,0.0,0,0,0,0.0,,,0.0,0.0,0.0,REQ,,,,,0.0,0.0,0.0,0
414869,0.0,0.0,0.0,0.0,0.0,0.0,udp,0.0,,cs0,,63.0,,1.0,,Status,1,1,0,42,42,0,42.0,0.0,0.0,0.0,0.0,0,0,0,0.0,,,0.0,0.0,0.0,REQ,,,,,0.0,0.0,0.0,0
414937,2.572235,2.572235,2.572235,2.572235,2.572235,2.572235,udp,0.0,,cs0,,63.0,,1.0,,Status,2,2,0,84,84,0,42.0,0.0,130.625702,130.625702,0.0,0,0,0,0.0,,,0.388767,0.388767,0.0,REQ,,,,,0.0,0.0,0.0,0
414995,0.0,0.0,0.0,0.0,0.0,0.0,udp,0.0,,cs0,,63.0,,1.0,,Status,1,1,0,42,42,0,42.0,0.0,0.0,0.0,0.0,0,0,0,0.0,,,0.0,0.0,0.0,REQ,,,,,0.0,0.0,0.0,0
415086,2.572978,2.572978,2.572978,2.572978,2.572978,2.572978,udp,0.0,,cs0,,63.0,,1.0,,Status,2,2,0,84,84,0,42.0,0.0,130.587982,130.587982,0.0,0,0,0,0.0,,,0.388655,0.388655,0.0,REQ,,,,,0.0,0.0,0.0,0
415127,0.0,0.0,0.0,0.0,0.0,0.0,udp,0.0,,cs0,,63.0,,1.0,,Status,1,1,0,42,42,0,42.0,0.0,0.0,0.0,0.0,0,0,0,0.0,,,0.0,0.0,0.0,REQ,,,,,0.0,0.0,0.0,0
415134,2.573403,2.573403,2.573403,2.573403,2.573403,2.573403,udp,0.0,,cs0,,63.0,,1.0,,Status,2,2,0,84,84,0,42.0,0.0,130.566422,130.566422,0.0,0,0,0,0.0,,,0.388591,0.388591,0.0,REQ,,,,,0.0,0.0,0.0,0
415246,0.0,0.0,0.0,0.0,0.0,0.0,udp,0.0,,cs0,,63.0,,1.0,,Status,1,1,0,42,42,0,42.0,0.0,0.0,0.0,0.0,0,0,0,0.0,,,0.0,0.0,0.0,REQ,,,,,0.0,0.0,0.0,0
415263,2.576209,2.576209,2.576209,2.576209,2.576209,2.576209,udp,0.0,,cs0,,63.0,,1.0,,Status,2,2,0,84,84,0,42.0,0.0,130.424194,130.424194,0.0,0,0,0,0.0,,,0.388167,0.388167,0.0,REQ,,,,,0.0,0.0,0.0,0
415264,2.576209,2.576209,2.576209,2.576209,2.576209,2.576209,udp,0.0,,cs0,,63.0,,1.0,,Status,2,2,0,84,84,0,42.0,0.0,130.424194,130.424194,0.0,0,0,0,0.0,,,0.388167,0.388167,0.0,REQ,,,,,0.0,0.0,0.0,0
415343,2.575908,2.575908,2.575908,2.575908,2.575908,2.575908,udp,0.0,,cs0,,63.0,,1.0,,Status,2,2,0,84,84,0,42.0,0.0,130.439438,130.439438,0.0,0,0,0,0.0,,,0.388213,0.388213,0.0,REQ,,,,,0.0,0.0,0.0,0
415350,0.0,0.0,0.0,0.0,0.0,0.0,udp,0.0,,cs0,,63.0,,1.0,,Status,1,1,0,42,42,0,42.0,0.0,0.0,0.0,0.0,0,0,0,0.0,,,0.0,0.0,0.0,REQ,,,,,0.0,0.0,0.0,0
415379,2.574124,2.574124,2.574124,2.574124,2.574124,2.574124,udp,0.0,,cs0,,63.0,,1.0,,Status,2,2,0,84,84,0,42.0,0.0,130.529831,130.529831,0.0,0,0,0,0.0,,,0.388482,0.388482,0.0,REQ,,,,,0.0,0.0,0.0,0
415408,0.0,0.0,0.0,0.0,0.0,0.0,udp,0.0,,cs0,,63.0,,1.0,,Status,1,1,0,42,42,0,42.0,0.0,0.0,0.0,0.0,0,0,0,0.0,,,0.0,0.0,0.0,REQ,,,,,0.0,0.0,0.0,0
415517,2.574913,2.574913,2.574913,2.574913,2.574913,2.574913,udp,0.0,,cs0,,63.0,,1.0,,Status,2,2,0,84,84,0,42.0,0.0,130.489838,130.489838,0.0,0,0,0,0.0,,,0.388363,0.388363,0.0,REQ,,,,,0.0,0.0,0.0,0
415519,2.574913,2.574913,2.574913,2.574913,2.574913,2.574913,udp,0.0,,cs0,,63.0,,1.0,,Status,2,2,0,84,84,0,42.0,0.0,130.489838,130.489838,0.0,0,0,0,0.0,,,0.388363,0.388363,0.0,REQ,,,,,0.0,0.0,0.0,0
415546,0.0,0.0,0.0,0.0,0.0,0.0,udp,0.0,,cs0,,63.0,,1.0,,Status,1,1,0,42,42,0,42.0,0.0,0.0,0.0,0.0,0,0,0,0.0,,,0.0,0.0,0.0,REQ,,,,,0.0,0.0,0.0,0
415704,2.575875,2.575875,2.575875,2.575875,2.575875,2.575875,udp,0.0,,cs0,,63.0,,1.0,,Status,2,2,0,84,84,0,42.0,0.0,130.441116,130.441116,0.0,0,0,0,0.0,,,0.388218,0.388218,0.0,REQ,,,,,0.0,0.0,0.0,0
415765,0.0,0.0,0.0,0.0,0.0,0.0,udp,0.0,,cs0,,63.0,,1.0,,Status,1,1,0,42,42,0,42.0,0.0,0.0,0.0,0.0,0,0,0,0.0,,,0.0,0.0,0.0,REQ,,,,,0.0,0.0,0.0,0
415815,2.577795,2.577795,2.577795,2.577795,2.577795,2.577795,udp,0.0,,cs0,,63.0,,1.0,,Status,2,2,0,84,84,0,42.0,0.0,130.343948,130.343948,0.0,0,0,0,0.0,,,0.387928,0.387928,0.0,REQ,,,,,0.0,0.0,0.0,0
415817,2.578706,2.578706,2.578706,2.578706,2.578706,2.578706,udp,0.0,,cs0,,63.0,,1.0,,Status,2,2,0,84,84,0,42.0,0.0,130.297913,130.297913,0.0,0,0,0,0.0,,,0.387791,0.387791,0.0,REQ,,,,,0.0,0.0,0.0,0
415838,0.0,0.0,0.0,0.0,0.0,0.0,udp,0.0,,cs0,,63.0,,1.0,,Status,1,1,0,42,42,0,42.0,0.0,0.0,0.0,0.0,0,0,0,0.0,,,0.0,0.0,0.0,REQ,,,,,0.0,0.0,0.0,0
415864,0.0,0.0,0.0,0.0,0.0,0.0,udp,0.0,,cs0,,63.0,,1.0,,Status,1,1,0,42,42,0,42.0,0.0,0.0,0.0,0.0,0,0,0,0.0,,,0.0,0.0,0.0,REQ,,,,,0.0,0.0,0.0,0
416004,2.575931,2.575931,2.575931,2.575931,2.575931,2.575931,udp,0.0,,cs0,,63.0,,1.0,,Status,2,2,0,84,84,0,42.0,0.0,130.438278,130.438278,0.0,0,0,0,0.0,,,0.388209,0.388209,0.0,REQ,,,,,0.0,0.0,0.0,0
416135,2.568869,2.568869,2.568869,2.568869,2.568869,2.568869,udp,0.0,,cs0,,63.0,,1.0,,Status,2,2,0,84,84,0,42.0,0.0,130.79686,130.79686,0.0,0,0,0,0.0,,,0.389276,0.389276,0.0,REQ,,,,,0.0,0.0,0.0,0
416138,0.0,0.0,0.0,0.0,0.0,0.0,udp,0.0,,cs0,,63.0,,1.0,,Status,1,1,0,42,42,0,42.0,0.0,0.0,0.0,0.0,0,0,0,0.0,,,0.0,0.0,0.0,REQ,,,,,0.0,0.0,0.0,0
416188,0.0,0.0,0.0,0.0,0.0,0.0,udp,0.0,,cs0,,63.0,,1.0,,Status,1,1,0,42,42,0,42.0,0.0,0.0,0.0,0.0,0,0,0,0.0,,,0.0,0.0,0.0,REQ,,,,,0.0,0.0,0.0,0
416263,2.571967,2.571967,2.571967,2.571967,2.571967,2.571967,udp,0.0,,cs0,,63.0,,1.0,,Status,2,2,0,84,84,0,42.0,0.0,130.639313,130.639313,0.0,0,0,0,0.0,,,0.388808,0.388808,0.0,REQ,,,,,0.0,0.0,0.0,0
416270,2.572004,2.572004,2.572004,2.572004,2.572004,2.572004,udp,0.0,,cs0,,63.0,,1.0,,Status,2,2,0,84,84,0,42.0,0.0,130.637436,130.637436,0.0,0,0,0,0.0,,,0.388802,0.388802,0.0,REQ,,,,,0.0,0.0,0.0,0
416359,2.578679,2.578679,2.578679,2.578679,2.578679,2.578679,udp,0.0,,cs0,,63.0,,1.0,,Status,2,2,0,84,84,0,42.0,0.0,130.299271,130.299271,0.0,0,0,0,0.0,,,0.387795,0.387795,0.0,REQ,,,,,0.0,0.0,0.0,0
416372,0.0,0.0,0.0,0.0,0.0,0.0,udp,0.0,,cs0,,63.0,,1.0,,Status,1,1,0,42,42,0,42.0,0.0,0.0,0.0,0.0,0,0,0,0.0,,,0.0,0.0,0.0,REQ,,,,,0.0,0.0,0.0,0
416404,0.0,0.0,0.0,0.0,0.0,0.0,udp,0.0,,cs0,,63.0,,1.0,,Status,1,1,0,42,42,0,42.0,0.0,0.0,0.0,0.0,0,0,0,0.0,,,0.0,0.0,0.0,REQ,,,,,0.0,0.0,0.0,0
416420,2.577144,2.577144,2.577144,2.577144,2.577144,2.577144,udp,0.0,,cs0,,63.0,,1.0,,Start,2,2,0,84,84,0,42.0,0.0,130.376892,130.376892,0.0,0,0,0,0.0,,,0.388026,0.388026,0.0,INT,,,,,0.0,0.0,0.0,0
416429,2.576167,2.576167,2.576167,2.576167,2.576167,2.576167,udp,0.0,,cs0,,63.0,,1.0,,Status,2,2,0,84,84,0,42.0,0.0,130.426315,130.426315,0.0,0,0,0,0.0,,,0.388174,0.388174,0.0,REQ,,,,,0.0,0.0,0.0,0
416513,2.573907,2.573907,2.573907,2.573907,2.573907,2.573907,udp,0.0,,cs0,,63.0,,1.0,,Status,2,2,0,84,84,0,42.0,0.0,130.540848,130.540848,0.0,0,0,0,0.0,,,0.388514,0.388514,0.0,REQ,,,,,0.0,0.0,0.0,0
416545,2.578482,2.578482,2.578482,2.578482,2.578482,2.578482,udp,0.0,,cs0,,63.0,,1.0,,Status,2,2,0,84,84,0,42.0,0.0,130.309235,130.309235,0.0,0,0,0,0.0,,,0.387825,0.387825,0.0,REQ,,,,,0.0,0.0,0.0,0
416695,0.0,0.0,0.0,0.0,0.0,0.0,udp,0.0,,cs0,,63.0,,1.0,,Status,1,1,0,42,42,0,42.0,0.0,0.0,0.0,0.0,0,0,0,0.0,,,0.0,0.0,0.0,REQ,,,,,0.0,0.0,0.0,0
416697,0.0,0.0,0.0,0.0,0.0,0.0,udp,0.0,,cs0,,63.0,,1.0,,Status,1,1,0,42,42,0,42.0,0.0,0.0,0.0,0.0,0,0,0,0.0,,,0.0,0.0,0.0,REQ,,,,,0.0,0.0,0.0,0
416727,0.0,0.0,0.0,0.0,0.0,0.0,udp,0.0,,cs0,,63.0,,1.0,,Status,1,1,0,42,42,0,42.0,0.0,0.0,0.0,0.0,0,0,0,0.0,,,0.0,0.0,0.0,REQ,,,,,0.0,0.0,0.0,0
416747,2.572146,2.572146,2.572146,2.572146,2.572146,2.572146,udp,0.0,,cs0,,63.0,,1.0,,Status,2,2,0,84,84,0,42.0,0.0,130.630219,130.630219,0.0,0,0,0,0.0,,,0.38878,0.38878,0.0,REQ,,,,,0.0,0.0,0.0,0
416751,0.0,0.0,0.0,0.0,0.0,0.0,udp,0.0,,cs0,,63.0,,1.0,,Status,1,1,0,42,42,0,42.0,0.0,0.0,0.0,0.0,0,0,0,0.0,,,0.0,0.0,0.0,REQ,,,,,0.0,0.0,0.0,0
416856,0.0,0.0,0.0,0.0,0.0,0.0,udp,0.0,,cs0,,63.0,,1.0,,Status,1,1,0,42,42,0,42.0,0.0,0.0,0.0,0.0,0,0,0,0.0,,,0.0,0.0,0.0,REQ,,,,,0.0,0.0,0.0,0
416872,2.572722,2.572722,2.572722,2.572722,2.572722,2.572722,udp,0.0,,cs0,,63.0,,1.0,,Status,2,2,0,84,84,0,42.0,0.0,130.600983,130.600983,0.0,0,0,0,0.0,,,0.388693,0.388693,0.0,REQ,,,,,0.0,0.0,0.0,0
416893,0.0,0.0,0.0,0.0,0.0,0.0,udp,0.0,,cs0,,63.0,,1.0,,Status,1,1,0,42,42,0,42.0,0.0,0.0,0.0,0.0,0,0,0,0.0,,,0.0,0.0,0.0,REQ,,,,,0.0,0.0,0.0,0
416941,0.0,0.0,0.0,0.0,0.0,0.0,udp,0.0,,cs0,,63.0,,1.0,,Status,1,1,0,42,42,0,42.0,0.0,0.0,0.0,0.0,0,0,0,0.0,,,0.0,0.0,0.0,REQ,,,,,0.0,0.0,0.0,0
416979,2.576066,2.576066,2.576066,2.576066,2.576066,2.576066,udp,0.0,,cs0,,63.0,,1.0,,Status,2,2,0,84,84,0,42.0,0.0,130.431442,130.431442,0.0,0,0,0,0.0,,,0.388189,0.388189,0.0,REQ,,,,,0.0,0.0,0.0,0
416990,2.572566,2.572566,2.572566,2.572566,2.572566,2.572566,udp,0.0,,cs0,,63.0,,1.0,,Status,2,2,0,84,84,0,42.0,0.0,130.608887,130.608887,0.0,0,0,0,0.0,,,0.388717,0.388717,0.0,REQ,,,,,0.0,0.0,0.0,0
417002,0.0,0.0,0.0,0.0,0.0,0.0,udp,0.0,,cs0,,63.0,,1.0,,Status,1,1,0,42,42,0,42.0,0.0,0.0,0.0,0.0,0,0,0,0.0,,,0.0,0.0,0.0,REQ,,,,,0.0,0.0,0.0,0
417119,2.575836,2.575836,2.575836,2.575836,2.575836,2.575836,udp,0.0,,cs0,,63.0,,1.0,,Status,2,2,0,84,84,0,42.0,0.0,130.443085,130.443085,0.0,0,0,0,0.0,,,0.388223,0.388223,0.0,REQ,,,,,0.0,0.0,0.0,0
417180,0.0,0.0,0.0,0.0,0.0,0.0,udp,0.0,,cs0,,63.0,,1.0,,Status,1,1,0,42,42,0,42.0,0.0,0.0,0.0,0.0,0,0,0,0.0,,,0.0,0.0,0.0,REQ,,,,,0.0,0.0,0.0,0
417184,0.0,0.0,0.0,0.0,0.0,0.0,udp,0.0,,cs0,,63.0,,1.0,,Status,1,1,0,42,42,0,42.0,0.0,0.0,0.0,0.0,0,0,0,0.0,,,0.0,0.0,0.0,REQ,,,,,0.0,0.0,0.0,0
417218,2.575899,2.575899,2.575899,2.575899,2.575899,2.575899,udp,0.0,,cs0,,63.0,,1.0,,Status,2,2,0,84,84,0,42.0,0.0,130.439896,130.439896,0.0,0,0,0,0.0,,,0.388214,0.388214,0.0,REQ,,,,,0.0,0.0,0.0,0
417261,2.572017,2.572017,2.572017,2.572017,2.572017,2.572017,udp,0.0,,cs0,,63.0,,1.0,,Status,2,2,0,84,84,0,42.0,0.0,130.63678,130.63678,0.0,0,0,0,0.0,,,0.3888,0.3888,0.0,REQ,,,,,0.0,0.0,0.0,0
417333,2.566114,2.566114,2.566114,2.566114,2.566114,2.566114,udp,0.0,,cs0,,63.0,,1.0,,Status,2,2,0,84,84,0,42.0,0.0,130.937286,130.937286,0.0,0,0,0,0.0,,,0.389694,0.389694,0.0,REQ,,,,,0.0,0.0,0.0,0
417371,2.569741,2.569741,2.569741,2.569741,2.569741,2.569741,udp,0.0,,cs0,,63.0,,1.0,,Start,2,2,0,84,84,0,42.0,0.0,130.752472,130.752472,0.0,0,0,0,0.0,,,0.389144,0.389144,0.0,INT,,,,,0.0,0.0,0.0,0
417401,2.574265,2.574265,2.574265,2.574265,2.574265,2.574265,udp,0.0,,cs0,,63.0,,1.0,,Status,2,2,0,84,84,0,42.0,0.0,130.52269,130.52269,0.0,0,0,0,0.0,,,0.38846,0.38846,0.0,REQ,,,,,0.0,0.0,0.0,0
417500,0.0,0.0,0.0,0.0,0.0,0.0,udp,0.0,,cs0,,63.0,,1.0,,Status,1,1,0,42,42,0,42.0,0.0,0.0,0.0,0.0,0,0,0,0.0,,,0.0,0.0,0.0,REQ,,,,,0.0,0.0,0.0,0
417562,0.0,0.0,0.0,0.0,0.0,0.0,udp,0.0,,cs0,,63.0,,1.0,,Status,1,1,0,42,42,0,42.0,0.0,0.0,0.0,0.0,0,0,0,0.0,,,0.0,0.0,0.0,REQ,,,,,0.0,0.0,0.0,0
417611,2.572215,2.572215,2.572215,2.572215,2.572215,2.572215,udp,0.0,,cs0,,63.0,,1.0,,Status,2,2,0,84,84,0,42.0,0.0,130.626709,130.626709,0.0,0,0,0,0.0,,,0.38877,0.38877,0.0,REQ,,,,,0.0,0.0,0.0,0
417653,2.575188,2.575188,2.575188,2.575188,2.575188,2.575188,udp,0.0,,cs0,,63.0,,1.0,,Status,2,2,0,84,84,0,42.0,0.0,130.475922,130.475922,0.0,0,0,0,0.0,,,0.388321,0.388321,0.0,REQ,,,,,0.0,0.0,0.0,0
417676,0.0,0.0,0.0,0.0,0.0,0.0,udp,0.0,,cs0,,63.0,,1.0,,Status,1,1,0,42,42,0,42.0,0.0,0.0,0.0,0.0,0,0,0,0.0,,,0.0,0.0,0.0,REQ,,,,,0.0,0.0,0.0,0
417750,2.578299,2.578299,2.578299,2.578299,2.578299,2.578299,udp,0.0,,cs0,,63.0,,1.0,,Status,2,2,0,84,84,0,42.0,0.0,130.318481,130.318481,0.0,0,0,0,0.0,,,0.387853,0.387853,0.0,REQ,,,,,0.0,0.0,0.0,0
417775,2.578848,2.578848,2.578848,2.578848,2.578848,2.578848,udp,0.0,,cs0,,63.0,,1.0,,Status,2,2,0,84,84,0,42.0,0.0,130.290741,130.290741,0.0,0,0,0,0.0,,,0.38777,0.38777,0.0,REQ,,,,,0.0,0.0,0.0,0
417788,2.574321,2.574321,2.574321,2.574321,2.574321,2.574321,udp,0.0,,cs0,,63.0,,1.0,,Status,2,2,0,84,84,0,42.0,0.0,130.519852,130.519852,0.0,0,0,0,0.0,,,0.388452,0.388452,0.0,REQ,,,,,0.0,0.0,0.0,0
417903,2.580917,2.580917,2.580917,2.580917,2.580917,2.580917,udp,0.0,,cs0,,63.0,,1.0,,Status,2,2,0,84,84,0,42.0,0.0,130.186295,130.186295,0.0,0,0,0,0.0,,,0.387459,0.387459,0.0,REQ,,,,,0.0,0.0,0.0,0
417905,2.580924,2.580924,2.580924,2.580924,2.580924,2.580924,udp,0.0,,cs0,,63.0,,1.0,,Status,2,2,0,84,84,0,42.0,0.0,130.185928,130.185928,0.0,0,0,0,0.0,,,0.387458,0.387458,0.0,REQ,,,,,0.0,0.0,0.0,0
417939,2.566796,2.566796,2.566796,2.566796,2.566796,2.566796,udp,0.0,,cs0,,63.0,,1.0,,Status,2,2,0,84,84,0,42.0,0.0,130.902496,130.902496,0.0,0,0,0,0.0,,,0.389591,0.389591,0.0,REQ,,,,,0.0,0.0,0.0,0
417996,4.881995,4.881995,4.881995,4.881995,4.881995,4.881995,udp,0.0,0.0,cs0,cs0,117.0,64.0,11.0,0.0,Status,107,94,13,126430,122877,3553,1307.202148,273.307678,204588.5,199213.6406,5374.851562,0,0,0,0.0,,,21.712435,19.049589,2.458011,CON,,,,,0.0,0.0,0.0,0
418132,0.0,0.0,0.0,0.0,0.0,0.0,udp,0.0,,cs0,,63.0,,1.0,,Status,1,1,0,42,42,0,42.0,0.0,0.0,0.0,0.0,0,0,0,0.0,,,0.0,0.0,0.0,REQ,,,,,0.0,0.0,0.0,0
418168,2.571148,2.571148,2.571148,2.571148,2.571148,2.571148,udp,0.0,,cs0,,63.0,,1.0,,Status,2,2,0,84,84,0,42.0,0.0,130.680923,130.680923,0.0,0,0,0,0.0,,,0.388931,0.388931,0.0,REQ,,,,,0.0,0.0,0.0,0
418268,0.0,0.0,0.0,0.0,0.0,0.0,udp,0.0,,cs0,,63.0,,1.0,,Status,1,1,0,42,42,0,42.0,0.0,0.0,0.0,0.0,0,0,0,0.0,,,0.0,0.0,0.0,REQ,,,,,0.0,0.0,0.0,0
418281,2.567012,2.567012,2.567012,2.567012,2.567012,2.567012,udp,0.0,,cs0,,63.0,,1.0,,Status,2,2,0,84,84,0,42.0,0.0,130.891479,130.891479,0.0,0,0,0,0.0,,,0.389558,0.389558,0.0,REQ,,,,,0.0,0.0,0.0,0
418286,2.567031,2.567031,2.567031,2.567031,2.567031,2.567031,udp,0.0,,cs0,,63.0,,1.0,,Status,2,2,0,84,84,0,42.0,0.0,130.890518,130.890518,0.0,0,0,0,0.0,,,0.389555,0.389555,0.0,REQ,,,,,0.0,0.0,0.0,0
418336,0.0,0.0,0.0,0.0,0.0,0.0,udp,0.0,,cs0,,63.0,,1.0,,Status,1,1,0,42,42,0,42.0,0.0,0.0,0.0,0.0,0,0,0,0.0,,,0.0,0.0,0.0,REQ,,,,,0.0,0.0,0.0,0
418337,0.0,0.0,0.0,0.0,0.0,0.0,udp,0.0,,cs0,,63.0,,1.0,,Status,1,1,0,42,42,0,42.0,0.0,0.0,0.0,0.0,0,0,0,0.0,,,0.0,0.0,0.0,REQ,,,,,0.0,0.0,0.0,0
418354,0.0,0.0,0.0,0.0,0.0,0.0,udp,0.0,,cs0,,63.0,,1.0,,Status,1,1,0,42,42,0,42.0,0.0,0.0,0.0,0.0,0,0,0,0.0,,,0.0,0.0,0.0,REQ,,,,,0.0,0.0,0.0,0
418375,0.0,0.0,0.0,0.0,0.0,0.0,udp,0.0,,cs0,,63.0,,1.0,,Status,1,1,0,42,42,0,42.0,0.0,0.0,0.0,0.0,0,0,0,0.0,,,0.0,0.0,0.0,REQ,,,,,0.0,0.0,0.0,0
418477,2.570314,2.570314,2.570314,2.570314,2.570314,2.570314,udp,0.0,,cs0,,63.0,,1.0,,Status,2,2,0,84,84,0,42.0,0.0,130.723328,130.723328,0.0,0,0,0,0.0,,,0.389058,0.389058,0.0,REQ,,,,,0.0,0.0,0.0,0
418505,2.575928,2.575928,2.575928,2.575928,2.575928,2.575928,udp,0.0,,cs0,,63.0,,1.0,,Status,2,2,0,84,84,0,42.0,0.0,130.438431,130.438431,0.0,0,0,0,0.0,,,0.38821,0.38821,0.0,REQ,,,,,0.0,0.0,0.0,0
418532,0.0,0.0,0.0,0.0,0.0,0.0,udp,0.0,,cs0,,63.0,,1.0,,Status,1,1,0,42,42,0,42.0,0.0,0.0,0.0,0.0,0,0,0,0.0,,,0.0,0.0,0.0,REQ,,,,,0.0,0.0,0.0,0
418573,2.578832,2.578832,2.578832,2.578832,2.578832,2.578832,udp,0.0,,cs0,,63.0,,1.0,,Status,2,2,0,84,84,0,42.0,0.0,130.29155,130.29155,0.0,0,0,0,0.0,,,0.387772,0.387772,0.0,REQ,,,,,0.0,0.0,0.0,0
418595,0.0,0.0,0.0,0.0,0.0,0.0,udp,0.0,,cs0,,63.0,,1.0,,Status,1,1,0,42,42,0,42.0,0.0,0.0,0.0,0.0,0,0,0,0.0,,,0.0,0.0,0.0,REQ,,,,,0.0,0.0,0.0,0
418618,0.0,0.0,0.0,0.0,0.0,0.0,udp,0.0,,cs0,,63.0,,1.0,,Status,1,1,0,42,42,0,42.0,0.0,0.0,0.0,0.0,0,0,0,0.0,,,0.0,0.0,0.0,REQ,,,,,0.0,0.0,0.0,0
418749,2.575459,2.575459,2.575459,2.575459,2.575459,2.575459,udp,0.0,,cs0,,63.0,,1.0,,Status,2,2,0,84,84,0,42.0,0.0,130.462189,130.462189,0.0,0,0,0,0.0,,,0.38828,0.38828,0.0,REQ,,,,,0.0,0.0,0.0,0
418756,0.0,0.0,0.0,0.0,0.0,0.0,udp,0.0,,cs0,,63.0,,1.0,,Status,1,1,0,42,42,0,42.0,0.0,0.0,0.0,0.0,0,0,0,0.0,,,0.0,0.0,0.0,REQ,,,,,0.0,0.0,0.0,0
418766,0.0,0.0,0.0,0.0,0.0,0.0,udp,0.0,,cs0,,63.0,,1.0,,Status,1,1,0,42,42,0,42.0,0.0,0.0,0.0,0.0,0,0,0,0.0,,,0.0,0.0,0.0,REQ,,,,,0.0,0.0,0.0,0
418785,0.0,0.0,0.0,0.0,0.0,0.0,udp,0.0,,cs0,,63.0,,1.0,,Status,1,1,0,42,42,0,42.0,0.0,0.0,0.0,0.0,0,0,0,0.0,,,0.0,0.0,0.0,REQ,,,,,0.0,0.0,0.0,0
418815,2.577107,2.577107,2.577107,2.577107,2.577107,2.577107,udp,0.0,,cs0,,63.0,,1.0,,Status,2,2,0,84,84,0,42.0,0.0,130.378754,130.378754,0.0,0,0,0,0.0,,,0.388032,0.388032,0.0,REQ,,,,,0.0,0.0,0.0,0
418836,2.577179,2.577179,2.577179,2.577179,2.577179,2.577179,udp,0.0,,cs0,,63.0,,1.0,,Status,2,2,0,84,84,0,42.0,0.0,130.375107,130.375107,0.0,0,0,0,0.0,,,0.388021,0.388021,0.0,REQ,,,,,0.0,0.0,0.0,0
418937,2.574336,2.574336,2.574336,2.574336,2.574336,2.574336,udp,0.0,,cs0,,63.0,,1.0,,Status,2,2,0,84,84,0,42.0,0.0,130.519089,130.519089,0.0,0,0,0,0.0,,,0.38845,0.38845,0.0,REQ,,,,,0.0,0.0,0.0,0
418982,0.0,0.0,0.0,0.0,0.0,0.0,udp,0.0,,cs0,,63.0,,1.0,,Status,1,1,0,42,42,0,42.0,0.0,0.0,0.0,0.0,0,0,0,0.0,,,0.0,0.0,0.0,REQ,,,,,0.0,0.0,0.0,0
419028,0.0,0.0,0.0,0.0,0.0,0.0,udp,0.0,,cs0,,63.0,,1.0,,Status,1,1,0,42,42,0,42.0,0.0,0.0,0.0,0.0,0,0,0,0.0,,,0.0,0.0,0.0,REQ,,,,,0.0,0.0,0.0,0
419086,0.0,0.0,0.0,0.0,0.0,0.0,udp,0.0,,cs0,,63.0,,1.0,,Status,1,1,0,42,42,0,42.0,0.0,0.0,0.0,0.0,0,0,0,0.0,,,0.0,0.0,0.0,REQ,,,,,0.0,0.0,0.0,0
419149,2.575115,2.575115,2.575115,2.575115,2.575115,2.575115,udp,0.0,,cs0,,63.0,,1.0,,Status,2,2,0,84,84,0,42.0,0.0,130.479614,130.479614,0.0,0,0,0,0.0,,,0.388332,0.388332,0.0,REQ,,,,,0.0,0.0,0.0,0
419231,2.573255,2.573255,2.573255,2.573255,2.573255,2.573255,udp,0.0,,cs0,,63.0,,1.0,,Status,2,2,0,84,84,0,42.0,0.0,130.573914,130.573914,0.0,0,0,0,0.0,,,0.388613,0.388613,0.0,REQ,,,,,0.0,0.0,0.0,0
419247,2.578948,2.578948,2.578948,2.578948,2.578948,2.578948,udp,0.0,,cs0,,63.0,,1.0,,Status,2,2,0,84,84,0,42.0,0.0,130.285675,130.285675,0.0,0,0,0,0.0,,,0.387755,0.387755,0.0,REQ,,,,,0.0,0.0,0.0,0
419372,0.0,0.0,0.0,0.0,0.0,0.0,udp,0.0,,cs0,,63.0,,1.0,,Status,1,1,0,42,42,0,42.0,0.0,0.0,0.0,0.0,0,0,0,0.0,,,0.0,0.0,0.0,REQ,,,,,0.0,0.0,0.0,0
419412,0.0,0.0,0.0,0.0,0.0,0.0,udp,0.0,,cs0,,63.0,,1.0,,Status,1,1,0,42,42,0,42.0,0.0,0.0,0.0,0.0,0,0,0,0.0,,,0.0,0.0,0.0,REQ,,,,,0.0,0.0,0.0,0
419515,2.575215,2.575215,2.575215,2.575215,2.575215,2.575215,udp,0.0,,cs0,,63.0,,1.0,,Status,2,2,0,84,84,0,42.0,0.0,130.474533,130.474533,0.0,0,0,0,0.0,,,0.388317,0.388317,0.0,REQ,,,,,0.0,0.0,0.0,0
419579,0.0,0.0,0.0,0.0,0.0,0.0,udp,0.0,,cs0,,63.0,,1.0,,Status,1,1,0,42,42,0,42.0,0.0,0.0,0.0,0.0,0,0,0,0.0,,,0.0,0.0,0.0,REQ,,,,,0.0,0.0,0.0,0
419591,0.0,0.0,0.0,0.0,0.0,0.0,udp,0.0,,cs0,,63.0,,1.0,,Status,1,1,0,42,42,0,42.0,0.0,0.0,0.0,0.0,0,0,0,0.0,,,0.0,0.0,0.0,REQ,,,,,0.0,0.0,0.0,0
419592,0.0,0.0,0.0,0.0,0.0,0.0,udp,0.0,,cs0,,63.0,,1.0,,Status,1,1,0,42,42,0,42.0,0.0,0.0,0.0,0.0,0,0,0,0.0,,,0.0,0.0,0.0,REQ,,,,,0.0,0.0,0.0,0
419601,2.571953,2.571953,2.571953,2.571953,2.571953,2.571953,udp,0.0,,cs0,,63.0,,1.0,,Status,2,2,0,84,84,0,42.0,0.0,130.640015,130.640015,0.0,0,0,0,0.0,,,0.38881,0.38881,0.0,REQ,,,,,0.0,0.0,0.0,0
419640,2.57175,2.57175,2.57175,2.57175,2.57175,2.57175,udp,0.0,,cs0,,63.0,,1.0,,Status,2,2,0,84,84,0,42.0,0.0,130.650345,130.650345,0.0,0,0,0,0.0,,,0.38884,0.38884,0.0,REQ,,,,,0.0,0.0,0.0,0
419648,2.575976,2.575976,2.575976,2.575976,2.575976,2.575976,udp,0.0,,cs0,,63.0,,1.0,,Status,2,2,0,84,84,0,42.0,0.0,130.436005,130.436005,0.0,0,0,0,0.0,,,0.388202,0.388202,0.0,REQ,,,,,0.0,0.0,0.0,0
419652,2.575983,2.575983,2.575983,2.575983,2.575983,2.575983,udp,0.0,,cs0,,63.0,,1.0,,Status,2,2,0,84,84,0,42.0,0.0,130.435638,130.435638,0.0,0,0,0,0.0,,,0.388201,0.388201,0.0,REQ,,,,,0.0,0.0,0.0,0
419704,2.574096,2.574096,2.574096,2.574096,2.574096,2.574096,udp,0.0,,cs0,,63.0,,1.0,,Status,2,2,0,84,84,0,42.0,0.0,130.531265,130.531265,0.0,0,0,0,0.0,,,0.388486,0.388486,0.0,REQ,,,,,0.0,0.0,0.0,0
419711,0.0,0.0,0.0,0.0,0.0,0.0,udp,0.0,,cs0,,63.0,,1.0,,Status,1,1,0,42,42,0,42.0,0.0,0.0,0.0,0.0,0,0,0,0.0,,,0.0,0.0,0.0,REQ,,,,,0.0,0.0,0.0,0
419729,2.577806,2.577806,2.577806,2.577806,2.577806,2.577806,udp,0.0,,cs0,,63.0,,1.0,,Status,2,2,0,84,84,0,42.0,0.0,130.343399,130.343399,0.0,0,0,0,0.0,,,0.387927,0.387927,0.0,REQ,,,,,0.0,0.0,0.0,0
419804,2.577034,2.577034,2.577034,2.577034,2.577034,2.577034,udp,0.0,,cs0,,63.0,,1.0,,Status,2,2,0,84,84,0,42.0,0.0,130.382446,130.382446,0.0,0,0,0,0.0,,,0.388043,0.388043,0.0,REQ,,,,,0.0,0.0,0.0,0
419813,0.0,0.0,0.0,0.0,0.0,0.0,udp,0.0,,cs0,,63.0,,1.0,,Status,1,1,0,42,42,0,42.0,0.0,0.0,0.0,0.0,0,0,0,0.0,,,0.0,0.0,0.0,REQ,,,,,0.0,0.0,0.0,0
419834,2.577154,2.577154,2.577154,2.577154,2.577154,2.577154,udp,0.0,,cs0,,63.0,,1.0,,Status,2,2,0,84,84,0,42.0,0.0,130.376373,130.376373,0.0,0,0,0,0.0,,,0.388025,0.388025,0.0,REQ,,,,,0.0,0.0,0.0,0
419879,0.0,0.0,0.0,0.0,0.0,0.0,udp,0.0,,cs0,,63.0,,1.0,,Status,1,1,0,42,42,0,42.0,0.0,0.0,0.0,0.0,0,0,0,0.0,,,0.0,0.0,0.0,REQ,,,,,0.0,0.0,0.0,0
419906,0.0,0.0,0.0,0.0,0.0,0.0,udp,0.0,,cs0,,63.0,,1.0,,Status,1,1,0,42,42,0,42.0,0.0,0.0,0.0,0.0,0,0,0,0.0,,,0.0,0.0,0.0,REQ,,,,,0.0,0.0,0.0,0
419933,2.577995,2.577995,2.577995,2.577995,2.577995,2.577995,udp,0.0,,cs0,,63.0,,1.0,,Status,2,2,0,84,84,0,42.0,0.0,130.333847,130.333847,0.0,0,0,0,0.0,,,0.387898,0.387898,0.0,REQ,,,,,0.0,0.0,0.0,0
419966,0.0,0.0,0.0,0.0,0.0,0.0,udp,0.0,,cs0,,63.0,,1.0,,Status,1,1,0,42,42,0,42.0,0.0,0.0,0.0,0.0,0,0,0,0.0,,,0.0,0.0,0.0,REQ,,,,,0.0,0.0,0.0,0
420022,0.0,0.0,0.0,0.0,0.0,0.0,udp,0.0,,cs0,,63.0,,1.0,,Status,1,1,0,42,42,0,42.0,0.0,0.0,0.0,0.0,0,0,0,0.0,,,0.0,0.0,0.0,REQ,,,,,0.0,0.0,0.0,0
420074,2.579541,2.579541,2.579541,2.579541,2.579541,2.579541,udp,0.0,,cs0,,63.0,,1.0,,Status,2,2,0,84,84,0,42.0,0.0,130.255737,130.255737,0.0,0,0,0,0.0,,,0.387666,0.387666,0.0,REQ,,,,,0.0,0.0,0.0,0
420085,0.0,0.0,0.0,0.0,0.0,0.0,udp,0.0,,cs0,,63.0,,1.0,,Status,1,1,0,42,42,0,42.0,0.0,0.0,0.0,0.0,0,0,0,0.0,,,0.0,0.0,0.0,REQ,,,,,0.0,0.0,0.0,0
420087,0.0,0.0,0.0,0.0,0.0,0.0,udp,0.0,,cs0,,63.0,,1.0,,Status,1,1,0,42,42,0,42.0,0.0,0.0,0.0,0.0,0,0,0,0.0,,,0.0,0.0,0.0,REQ,,,,,0.0,0.0,0.0,0
420122,2.575072,2.575072,2.575072,2.575072,2.575072,2.575072,udp,0.0,,cs0,,63.0,,1.0,,Status,2,2,0,84,84,0,42.0,0.0,130.481781,130.481781,0.0,0,0,0,0.0,,,0.388339,0.388339,0.0,REQ,,,,,0.0,0.0,0.0,0
420126,2.575107,2.575107,2.575107,2.575107,2.575107,2.575107,udp,0.0,,cs0,,63.0,,1.0,,Status,2,2,0,84,84,0,42.0,0.0,130.480011,130.480011,0.0,0,0,0,0.0,,,0.388333,0.388333,0.0,REQ,,,,,0.0,0.0,0.0,0
420189,0.0,0.0,0.0,0.0,0.0,0.0,udp,0.0,,cs0,,63.0,,1.0,,Status,1,1,0,42,42,0,42.0,0.0,0.0,0.0,0.0,0,0,0,0.0,,,0.0,0.0,0.0,REQ,,,,,0.0,0.0,0.0,0
420190,0.0,0.0,0.0,0.0,0.0,0.0,udp,0.0,,cs0,,63.0,,1.0,,Status,1,1,0,42,42,0,42.0,0.0,0.0,0.0,0.0,0,0,0,0.0,,,0.0,0.0,0.0,REQ,,,,,0.0,0.0,0.0,0
420332,2.575006,2.575006,2.575006,2.575006,2.575006,2.575006,udp,0.0,,cs0,,63.0,,1.0,,Status,2,2,0,84,84,0,42.0,0.0,130.485138,130.485138,0.0,0,0,0,0.0,,,0.388349,0.388349,0.0,REQ,,,,,0.0,0.0,0.0,0
420370,2.574026,2.574026,2.574026,2.574026,2.574026,2.574026,udp,0.0,,cs0,,63.0,,1.0,,Status,2,2,0,84,84,0,42.0,0.0,130.534805,130.534805,0.0,0,0,0,0.0,,,0.388496,0.388496,0.0,REQ,,,,,0.0,0.0,0.0,0
420387,2.575023,2.575023,2.575023,2.575023,2.575023,2.575023,udp,0.0,,cs0,,63.0,,1.0,,Status,2,2,0,84,84,0,42.0,0.0,130.484268,130.484268,0.0,0,0,0,0.0,,,0.388346,0.388346,0.0,REQ,,,,,0.0,0.0,0.0,0
420462,0.0,0.0,0.0,0.0,0.0,0.0,udp,0.0,,cs0,,63.0,,1.0,,Status,1,1,0,42,42,0,42.0,0.0,0.0,0.0,0.0,0,0,0,0.0,,,0.0,0.0,0.0,REQ,,,,,0.0,0.0,0.0,0
420490,2.573938,2.573938,2.573938,2.573938,2.573938,2.573938,udp,0.0,,cs0,,63.0,,1.0,,Status,2,2,0,84,84,0,42.0,0.0,130.539276,130.539276,0.0,0,0,0,0.0,,,0.38851,0.38851,0.0,REQ,,,,,0.0,0.0,0.0,0
420526,0.0,0.0,0.0,0.0,0.0,0.0,udp,0.0,,cs0,,63.0,,1.0,,Status,1,1,0,42,42,0,42.0,0.0,0.0,0.0,0.0,0,0,0,0.0,,,0.0,0.0,0.0,REQ,,,,,0.0,0.0,0.0,0
420537,2.578816,2.578816,2.578816,2.578816,2.578816,2.578816,udp,0.0,,cs0,,63.0,,1.0,,Status,2,2,0,84,84,0,42.0,0.0,130.292358,130.292358,0.0,0,0,0,0.0,,,0.387775,0.387775,0.0,REQ,,,,,0.0,0.0,0.0,0
420658,2.577657,2.577657,2.577657,2.577657,2.577657,2.577657,udp,0.0,,cs0,,63.0,,1.0,,Status,2,2,0,84,84,0,42.0,0.0,130.350937,130.350937,0.0,0,0,0,0.0,,,0.387949,0.387949,0.0,REQ,,,,,0.0,0.0,0.0,0
420669,0.0,0.0,0.0,0.0,0.0,0.0,udp,0.0,,cs0,,63.0,,1.0,,Status,1,1,0,42,42,0,42.0,0.0,0.0,0.0,0.0,0,0,0,0.0,,,0.0,0.0,0.0,REQ,,,,,0.0,0.0,0.0,0
420680,2.571808,2.571808,2.571808,2.571808,2.571808,2.571808,udp,0.0,,cs0,,63.0,,1.0,,Status,2,2,0,84,84,0,42.0,0.0,130.647385,130.647385,0.0,0,0,0,0.0,,,0.388831,0.388831,0.0,REQ,,,,,0.0,0.0,0.0,0
420730,2.577841,2.577841,2.577841,2.577841,2.577841,2.577841,udp,0.0,,cs0,,63.0,,1.0,,Status,2,2,0,84,84,0,42.0,0.0,130.341629,130.341629,0.0,0,0,0,0.0,,,0.387922,0.387922,0.0,REQ,,,,,0.0,0.0,0.0,0
420731,2.577841,2.577841,2.577841,2.577841,2.577841,2.577841,udp,0.0,,cs0,,63.0,,1.0,,Status,2,2,0,84,84,0,42.0,0.0,130.341629,130.341629,0.0,0,0,0,0.0,,,0.387922,0.387922,0.0,REQ,,,,,0.0,0.0,0.0,0
420752,0.0,0.0,0.0,0.0,0.0,0.0,udp,0.0,,cs0,,63.0,,1.0,,Status,1,1,0,42,42,0,42.0,0.0,0.0,0.0,0.0,0,0,0,0.0,,,0.0,0.0,0.0,REQ,,,,,0.0,0.0,0.0,0
420768,0.0,0.0,0.0,0.0,0.0,0.0,udp,0.0,,cs0,,63.0,,1.0,,Status,1,1,0,42,42,0,42.0,0.0,0.0,0.0,0.0,0,0,0,0.0,,,0.0,0.0,0.0,REQ,,,,,0.0,0.0,0.0,0
420803,0.0,0.0,0.0,0.0,0.0,0.0,udp,0.0,,cs0,,63.0,,1.0,,Status,1,1,0,42,42,0,42.0,0.0,0.0,0.0,0.0,0,0,0,0.0,,,0.0,0.0,0.0,REQ,,,,,0.0,0.0,0.0,0
420811,0.0,0.0,0.0,0.0,0.0,0.0,udp,0.0,,cs0,,63.0,,1.0,,Status,1,1,0,42,42,0,42.0,0.0,0.0,0.0,0.0,0,0,0,0.0,,,0.0,0.0,0.0,REQ,,,,,0.0,0.0,0.0,0
420812,0.0,0.0,0.0,0.0,0.0,0.0,udp,0.0,,cs0,,63.0,,1.0,,Status,1,1,0,42,42,0,42.0,0.0,0.0,0.0,0.0,0,0,0,0.0,,,0.0,0.0,0.0,REQ,,,,,0.0,0.0,0.0,0
420893,0.0,0.0,0.0,0.0,0.0,0.0,udp,0.0,,cs0,,63.0,,1.0,,Status,1,1,0,42,42,0,42.0,0.0,0.0,0.0,0.0,0,0,0,0.0,,,0.0,0.0,0.0,REQ,,,,,0.0,0.0,0.0,0
420928,0.0,0.0,0.0,0.0,0.0,0.0,udp,0.0,,cs0,,63.0,,1.0,,Status,1,1,0,42,42,0,42.0,0.0,0.0,0.0,0.0,0,0,0,0.0,,,0.0,0.0,0.0,REQ,,,,,0.0,0.0,0.0,0
420986,2.580987,2.580987,2.580987,2.580987,2.580987,2.580987,udp,0.0,,cs0,,63.0,,1.0,,Status,2,2,0,84,84,0,42.0,0.0,130.182755,130.182755,0.0,0,0,0,0.0,,,0.387449,0.387449,0.0,REQ,,,,,0.0,0.0,0.0,0
421013,2.57545,2.57545,2.57545,2.57545,2.57545,2.57545,udp,0.0,,cs0,,63.0,,1.0,,Status,2,2,0,84,84,0,42.0,0.0,130.462646,130.462646,0.0,0,0,0,0.0,,,0.388282,0.388282,0.0,REQ,,,,,0.0,0.0,0.0,0
421031,0.0,0.0,0.0,0.0,0.0,0.0,udp,0.0,,cs0,,63.0,,1.0,,Status,1,1,0,42,42,0,42.0,0.0,0.0,0.0,0.0,0,0,0,0.0,,,0.0,0.0,0.0,REQ,,,,,0.0,0.0,0.0,0
421042,2.57515,2.57515,2.57515,2.57515,2.57515,2.57515,udp,0.0,,cs0,,63.0,,1.0,,Status,2,2,0,84,84,0,42.0,0.0,130.477829,130.477829,0.0,0,0,0,0.0,,,0.388327,0.388327,0.0,REQ,,,,,0.0,0.0,0.0,0
421099,2.578465,2.578465,2.578465,2.578465,2.578465,2.578465,udp,0.0,,cs0,,63.0,,1.0,,Status,2,2,0,84,84,0,42.0,0.0,130.310089,130.310089,0.0,0,0,0,0.0,,,0.387828,0.387828,0.0,REQ,,,,,0.0,0.0,0.0,0
421124,0.0,0.0,0.0,0.0,0.0,0.0,udp,0.0,,cs0,,63.0,,1.0,,Status,1,1,0,42,42,0,42.0,0.0,0.0,0.0,0.0,0,0,0,0.0,,,0.0,0.0,0.0,REQ,,,,,0.0,0.0,0.0,0
421129,0.0,0.0,0.0,0.0,0.0,0.0,udp,0.0,,cs0,,63.0,,1.0,,Status,1,1,0,42,42,0,42.0,0.0,0.0,0.0,0.0,0,0,0,0.0,,,0.0,0.0,0.0,REQ,,,,,0.0,0.0,0.0,0
421165,0.0,0.0,0.0,0.0,0.0,0.0,udp,0.0,,cs0,,63.0,,1.0,,Status,1,1,0,42,42,0,42.0,0.0,0.0,0.0,0.0,0,0,0,0.0,,,0.0,0.0,0.0,REQ,,,,,0.0,0.0,0.0,0
421202,2.576912,2.576912,2.576912,2.576912,2.576912,2.576912,udp,0.0,,cs0,,63.0,,1.0,,Status,2,2,0,84,84,0,42.0,0.0,130.388626,130.388626,0.0,0,0,0,0.0,,,0.388061,0.388061,0.0,REQ,,,,,0.0,0.0,0.0,0
421212,2.57686,2.57686,2.57686,2.57686,2.57686,2.57686,udp,0.0,,cs0,,63.0,,1.0,,Status,2,2,0,84,84,0,42.0,0.0,130.391251,130.391251,0.0,0,0,0,0.0,,,0.388069,0.388069,0.0,REQ,,,,,0.0,0.0,0.0,0
421236,2.57487,2.57487,2.57487,2.57487,2.57487,2.57487,udp,0.0,,cs0,,63.0,,1.0,,Status,2,2,0,84,84,0,42.0,0.0,130.49202,130.49202,0.0,0,0,0,0.0,,,0.388369,0.388369,0.0,REQ,,,,,0.0,0.0,0.0,0
421237,2.574915,2.574915,2.574915,2.574915,2.574915,2.574915,udp,0.0,,cs0,,63.0,,1.0,,Status,2,2,0,84,84,0,42.0,0.0,130.489746,130.489746,0.0,0,0,0,0.0,,,0.388362,0.388362,0.0,REQ,,,,,0.0,0.0,0.0,0
421242,0.0,0.0,0.0,0.0,0.0,0.0,udp,0.0,,cs0,,63.0,,1.0,,Status,1,1,0,42,42,0,42.0,0.0,0.0,0.0,0.0,0,0,0,0.0,,,0.0,0.0,0.0,REQ,,,,,0.0,0.0,0.0,0
421244,0.0,0.0,0.0,0.0,0.0,0.0,udp,0.0,,cs0,,63.0,,1.0,,Status,1,1,0,42,42,0,42.0,0.0,0.0,0.0,0.0,0,0,0,0.0,,,0.0,0.0,0.0,REQ,,,,,0.0,0.0,0.0,0
421267,0.0,0.0,0.0,0.0,0.0,0.0,udp,0.0,,cs0,,63.0,,1.0,,Status,1,1,0,42,42,0,42.0,0.0,0.0,0.0,0.0,0,0,0,0.0,,,0.0,0.0,0.0,REQ,,,,,0.0,0.0,0.0,0
421318,2.574949,2.574949,2.574949,2.574949,2.574949,2.574949,udp,0.0,,cs0,,63.0,,1.0,,Status,2,2,0,84,84,0,42.0,0.0,130.488022,130.488022,0.0,0,0,0,0.0,,,0.388357,0.388357,0.0,REQ,,,,,0.0,0.0,0.0,0
421403,0.0,0.0,0.0,0.0,0.0,0.0,udp,0.0,,cs0,,63.0,,1.0,,Status,1,1,0,42,42,0,42.0,0.0,0.0,0.0,0.0,0,0,0,0.0,,,0.0,0.0,0.0,REQ,,,,,0.0,0.0,0.0,0
421428,2.580111,2.580111,2.580111,2.580111,2.580111,2.580111,udp,0.0,,cs0,,63.0,,1.0,,Status,2,2,0,84,84,0,42.0,0.0,130.226959,130.226959,0.0,0,0,0,0.0,,,0.38758,0.38758,0.0,REQ,,,,,0.0,0.0,0.0,0
421628,2.580349,2.580349,2.580349,2.580349,2.580349,2.580349,udp,0.0,,cs0,,63.0,,1.0,,Status,2,2,0,84,84,0,42.0,0.0,130.214951,130.214951,0.0,0,0,0,0.0,,,0.387544,0.387544,0.0,REQ,,,,,0.0,0.0,0.0,0
421649,2.584083,2.584083,2.584083,2.584083,2.584083,2.584083,udp,0.0,,cs0,,63.0,,1.0,,Status,2,2,0,84,84,0,42.0,0.0,130.026779,130.026779,0.0,0,0,0,0.0,,,0.386984,0.386984,0.0,REQ,,,,,0.0,0.0,0.0,0
421654,2.584919,2.584919,2.584919,2.584919,2.584919,2.584919,udp,0.0,,cs0,,63.0,,1.0,,Status,2,2,0,84,84,0,42.0,0.0,129.984726,129.984726,0.0,0,0,0,0.0,,,0.386859,0.386859,0.0,REQ,,,,,0.0,0.0,0.0,0
421701,2.576806,2.576806,2.576806,2.576806,2.576806,2.576806,udp,0.0,,cs0,,63.0,,1.0,,Status,2,2,0,84,84,0,42.0,0.0,130.393982,130.393982,0.0,0,0,0,0.0,,,0.388077,0.388077,0.0,REQ,,,,,0.0,0.0,0.0,0
421809,0.0,0.0,0.0,0.0,0.0,0.0,udp,0.0,,cs0,,63.0,,1.0,,Status,1,1,0,42,42,0,42.0,0.0,0.0,0.0,0.0,0,0,0,0.0,,,0.0,0.0,0.0,REQ,,,,,0.0,0.0,0.0,0
421811,0.0,0.0,0.0,0.0,0.0,0.0,udp,0.0,,cs0,,63.0,,1.0,,Status,1,1,0,42,42,0,42.0,0.0,0.0,0.0,0.0,0,0,0,0.0,,,0.0,0.0,0.0,REQ,,,,,0.0,0.0,0.0,0
421845,2.575935,2.575935,2.575935,2.575935,2.575935,2.575935,udp,0.0,,cs0,,63.0,,1.0,,Status,2,2,0,84,84,0,42.0,0.0,130.43808,130.43808,0.0,0,0,0,0.0,,,0.388209,0.388209,0.0,REQ,,,,,0.0,0.0,0.0,0
421875,2.576071,2.576071,2.576071,2.576071,2.576071,2.576071,udp,0.0,,cs0,,63.0,,1.0,,Status,2,2,0,84,84,0,42.0,0.0,130.431183,130.431183,0.0,0,0,0,0.0,,,0.388188,0.388188,0.0,REQ,,,,,0.0,0.0,0.0,0
421933,2.57621,2.57621,2.57621,2.57621,2.57621,2.57621,udp,0.0,,cs0,,63.0,,1.0,,Status,2,2,0,84,84,0,42.0,0.0,130.424149,130.424149,0.0,0,0,0,0.0,,,0.388167,0.388167,0.0,REQ,,,,,0.0,0.0,0.0,0
421935,2.576113,2.576113,2.576113,2.576113,2.576113,2.576113,udp,0.0,,cs0,,63.0,,1.0,,Status,2,2,0,84,84,0,42.0,0.0,130.429062,130.429062,0.0,0,0,0,0.0,,,0.388182,0.388182,0.0,REQ,,,,,0.0,0.0,0.0,0
421943,2.576109,2.576109,2.576109,2.576109,2.576109,2.576109,udp,0.0,,cs0,,63.0,,1.0,,Status,2,2,0,84,84,0,42.0,0.0,130.42926,130.42926,0.0,0,0,0,0.0,,,0.388182,0.388182,0.0,REQ,,,,,0.0,0.0,0.0,0
421957,2.579744,2.579744,2.579744,2.579744,2.579744,2.579744,udp,0.0,,cs0,,63.0,,1.0,,Status,2,2,0,84,84,0,42.0,0.0,130.245483,130.245483,0.0,0,0,0,0.0,,,0.387635,0.387635,0.0,REQ,,,,,0.0,0.0,0.0,0
421976,0.0,0.0,0.0,0.0,0.0,0.0,udp,0.0,,cs0,,63.0,,1.0,,Status,1,1,0,42,42,0,42.0,0.0,0.0,0.0,0.0,0,0,0,0.0,,,0.0,0.0,0.0,REQ,,,,,0.0,0.0,0.0,0
421982,2.577058,2.577058,2.577058,2.577058,2.577058,2.577058,udp,0.0,,cs0,,63.0,,1.0,,Status,2,2,0,84,84,0,42.0,0.0,130.381226,130.381226,0.0,0,0,0,0.0,,,0.388039,0.388039,0.0,REQ,,,,,0.0,0.0,0.0,0
421992,2.578639,2.578639,2.578639,2.578639,2.578639,2.578639,udp,0.0,,cs0,,63.0,,1.0,,Status,2,2,0,84,84,0,42.0,0.0,130.3013,130.3013,0.0,0,0,0,0.0,,,0.387801,0.387801,0.0,REQ,,,,,0.0,0.0,0.0,0
422013,2.581136,2.581136,2.581136,2.581136,2.581136,2.581136,udp,0.0,,cs0,,63.0,,1.0,,Status,2,2,0,84,84,0,42.0,0.0,130.175247,130.175247,0.0,0,0,0,0.0,,,0.387426,0.387426,0.0,REQ,,,,,0.0,0.0,0.0,0
422050,2.584786,2.584786,2.584786,2.584786,2.584786,2.584786,udp,0.0,,cs0,,63.0,,1.0,,Status,2,2,0,84,84,0,42.0,0.0,129.991425,129.991425,0.0,0,0,0,0.0,,,0.386879,0.386879,0.0,REQ,,,,,0.0,0.0,0.0,0
422051,2.584908,2.584908,2.584908,2.584908,2.584908,2.584908,udp,0.0,,cs0,,63.0,,1.0,,Status,2,2,0,84,84,0,42.0,0.0,129.985291,129.985291,0.0,0,0,0,0.0,,,0.386861,0.386861,0.0,REQ,,,,,0.0,0.0,0.0,0
422112,0.0,0.0,0.0,0.0,0.0,0.0,udp,0.0,,cs0,,63.0,,1.0,,Status,1,1,0,42,42,0,42.0,0.0,0.0,0.0,0.0,0,0,0,0.0,,,0.0,0.0,0.0,REQ,,,,,0.0,0.0,0.0,0
422159,2.576962,2.576962,2.576962,2.576962,2.576962,2.576962,udp,0.0,,cs0,,63.0,,1.0,,Status,2,2,0,84,84,0,42.0,0.0,130.386093,130.386093,0.0,0,0,0,0.0,,,0.388054,0.388054,0.0,REQ,,,,,0.0,0.0,0.0,0
422211,2.576811,2.576811,2.576811,2.576811,2.576811,2.576811,udp,0.0,,cs0,,63.0,,1.0,,Status,2,2,0,84,84,0,42.0,0.0,130.393723,130.393723,0.0,0,0,0,0.0,,,0.388077,0.388077,0.0,REQ,,,,,0.0,0.0,0.0,0
422246,0.0,0.0,0.0,0.0,0.0,0.0,udp,0.0,,cs0,,63.0,,1.0,,Status,1,1,0,42,42,0,42.0,0.0,0.0,0.0,0.0,0,0,0,0.0,,,0.0,0.0,0.0,REQ,,,,,0.0,0.0,0.0,0
422253,0.0,0.0,0.0,0.0,0.0,0.0,udp,0.0,,cs0,,63.0,,1.0,,Status,1,1,0,42,42,0,42.0,0.0,0.0,0.0,0.0,0,0,0,0.0,,,0.0,0.0,0.0,REQ,,,,,0.0,0.0,0.0,0
422282,2.580258,2.580258,2.580258,2.580258,2.580258,2.580258,udp,0.0,,cs0,,63.0,,1.0,,Status,2,2,0,84,84,0,42.0,0.0,130.219543,130.219543,0.0,0,0,0,0.0,,,0.387558,0.387558,0.0,REQ,,,,,0.0,0.0,0.0,0
422334,2.574497,2.574497,2.574497,2.574497,2.574497,2.574497,udp,0.0,,cs0,,63.0,,1.0,,Status,2,2,0,84,84,0,42.0,0.0,130.510925,130.510925,0.0,0,0,0,0.0,,,0.388425,0.388425,0.0,REQ,,,,,0.0,0.0,0.0,0
422361,2.575745,2.575745,2.575745,2.575745,2.575745,2.575745,udp,0.0,,cs0,,63.0,,1.0,,Status,2,2,0,84,84,0,42.0,0.0,130.447693,130.447693,0.0,0,0,0,0.0,,,0.388237,0.388237,0.0,REQ,,,,,0.0,0.0,0.0,0
422376,0.0,0.0,0.0,0.0,0.0,0.0,udp,0.0,,cs0,,63.0,,1.0,,Status,1,1,0,42,42,0,42.0,0.0,0.0,0.0,0.0,0,0,0,0.0,,,0.0,0.0,0.0,REQ,,,,,0.0,0.0,0.0,0
422399,0.0,0.0,0.0,0.0,0.0,0.0,udp,0.0,,cs0,,63.0,,1.0,,Status,1,1,0,42,42,0,42.0,0.0,0.0,0.0,0.0,0,0,0,0.0,,,0.0,0.0,0.0,REQ,,,,,0.0,0.0,0.0,0
422431,2.576902,2.576902,2.576902,2.576902,2.576902,2.576902,udp,0.0,,cs0,,63.0,,1.0,,Status,2,2,0,84,84,0,42.0,0.0,130.38913,130.38913,0.0,0,0,0,0.0,,,0.388063,0.388063,0.0,REQ,,,,,0.0,0.0,0.0,0
422460,0.0,0.0,0.0,0.0,0.0,0.0,udp,0.0,,cs0,,63.0,,1.0,,Status,1,1,0,42,42,0,42.0,0.0,0.0,0.0,0.0,0,0,0,0.0,,,0.0,0.0,0.0,REQ,,,,,0.0,0.0,0.0,0
422526,0.0,0.0,0.0,0.0,0.0,0.0,udp,0.0,,cs0,,63.0,,1.0,,Status,1,1,0,42,42,0,42.0,0.0,0.0,0.0,0.0,0,0,0,0.0,,,0.0,0.0,0.0,REQ,,,,,0.0,0.0,0.0,0
422550,2.57925,2.57925,2.57925,2.57925,2.57925,2.57925,udp,0.0,,cs0,,63.0,,1.0,,Status,2,2,0,84,84,0,42.0,0.0,130.270416,130.270416,0.0,0,0,0,0.0,,,0.38771,0.38771,0.0,REQ,,,,,0.0,0.0,0.0,0
422568,0.0,0.0,0.0,0.0,0.0,0.0,udp,0.0,,cs0,,63.0,,1.0,,Status,1,1,0,42,42,0,42.0,0.0,0.0,0.0,0.0,0,0,0,0.0,,,0.0,0.0,0.0,REQ,,,,,0.0,0.0,0.0,0
422603,0.0,0.0,0.0,0.0,0.0,0.0,udp,0.0,,cs0,,63.0,,1.0,,Status,1,1,0,42,42,0,42.0,0.0,0.0,0.0,0.0,0,0,0,0.0,,,0.0,0.0,0.0,REQ,,,,,0.0,0.0,0.0,0
422614,0.0,0.0,0.0,0.0,0.0,0.0,udp,0.0,,cs0,,63.0,,1.0,,Status,1,1,0,42,42,0,42.0,0.0,0.0,0.0,0.0,0,0,0,0.0,,,0.0,0.0,0.0,REQ,,,,,0.0,0.0,0.0,0
422629,2.573086,2.573086,2.573086,2.573086,2.573086,2.573086,udp,0.0,,cs0,,63.0,,1.0,,Status,2,2,0,84,84,0,42.0,0.0,130.582504,130.582504,0.0,0,0,0,0.0,,,0.388638,0.388638,0.0,REQ,,,,,0.0,0.0,0.0,0
422686,0.0,0.0,0.0,0.0,0.0,0.0,udp,0.0,,cs0,,63.0,,1.0,,Status,1,1,0,42,42,0,42.0,0.0,0.0,0.0,0.0,0,0,0,0.0,,,0.0,0.0,0.0,REQ,,,,,0.0,0.0,0.0,0
422689,0.0,0.0,0.0,0.0,0.0,0.0,udp,0.0,,cs0,,63.0,,1.0,,Status,1,1,0,42,42,0,42.0,0.0,0.0,0.0,0.0,0,0,0,0.0,,,0.0,0.0,0.0,REQ,,,,,0.0,0.0,0.0,0
422807,0.0,0.0,0.0,0.0,0.0,0.0,udp,0.0,,cs0,,63.0,,1.0,,Status,1,1,0,42,42,0,42.0,0.0,0.0,0.0,0.0,0,0,0,0.0,,,0.0,0.0,0.0,REQ,,,,,0.0,0.0,0.0,0
422808,0.0,0.0,0.0,0.0,0.0,0.0,udp,0.0,,cs0,,63.0,,1.0,,Status,1,1,0,42,42,0,42.0,0.0,0.0,0.0,0.0,0,0,0,0.0,,,0.0,0.0,0.0,REQ,,,,,0.0,0.0,0.0,0
422830,0.0,0.0,0.0,0.0,0.0,0.0,udp,0.0,,cs0,,63.0,,1.0,,Status,1,1,0,42,42,0,42.0,0.0,0.0,0.0,0.0,0,0,0,0.0,,,0.0,0.0,0.0,REQ,,,,,0.0,0.0,0.0,0
422843,0.0,0.0,0.0,0.0,0.0,0.0,udp,0.0,,cs0,,63.0,,1.0,,Status,1,1,0,42,42,0,42.0,0.0,0.0,0.0,0.0,0,0,0,0.0,,,0.0,0.0,0.0,REQ,,,,,0.0,0.0,0.0,0
422868,2.580131,2.580131,2.580131,2.580131,2.580131,2.580131,udp,0.0,,cs0,,63.0,,1.0,,Status,2,2,0,84,84,0,42.0,0.0,130.225937,130.225937,0.0,0,0,0,0.0,,,0.387577,0.387577,0.0,REQ,,,,,0.0,0.0,0.0,0
422960,2.579683,2.579683,2.579683,2.579683,2.579683,2.579683,udp,0.0,,cs0,,63.0,,1.0,,Status,2,2,0,84,84,0,42.0,0.0,130.248566,130.248566,0.0,0,0,0,0.0,,,0.387645,0.387645,0.0,REQ,,,,,0.0,0.0,0.0,0
422996,0.0,0.0,0.0,0.0,0.0,0.0,udp,0.0,,cs0,,63.0,,1.0,,Status,1,1,0,42,42,0,42.0,0.0,0.0,0.0,0.0,0,0,0,0.0,,,0.0,0.0,0.0,REQ,,,,,0.0,0.0,0.0,0
423097,2.577297,2.577297,2.577297,2.577297,2.577297,2.577297,udp,0.0,,cs0,,63.0,,1.0,,Status,2,2,0,84,84,0,42.0,0.0,130.369141,130.369141,0.0,0,0,0,0.0,,,0.388003,0.388003,0.0,REQ,,,,,0.0,0.0,0.0,0
423140,0.0,0.0,0.0,0.0,0.0,0.0,udp,0.0,,cs0,,63.0,,1.0,,Status,1,1,0,42,42,0,42.0,0.0,0.0,0.0,0.0,0,0,0,0.0,,,0.0,0.0,0.0,REQ,,,,,0.0,0.0,0.0,0
423157,0.0,0.0,0.0,0.0,0.0,0.0,udp,0.0,,cs0,,63.0,,1.0,,Status,1,1,0,42,42,0,42.0,0.0,0.0,0.0,0.0,0,0,0,0.0,,,0.0,0.0,0.0,REQ,,,,,0.0,0.0,0.0,0
423182,0.0,0.0,0.0,0.0,0.0,0.0,udp,0.0,,cs0,,63.0,,1.0,,Status,1,1,0,42,42,0,42.0,0.0,0.0,0.0,0.0,0,0,0,0.0,,,0.0,0.0,0.0,REQ,,,,,0.0,0.0,0.0,0
423191,0.0,0.0,0.0,0.0,0.0,0.0,udp,0.0,,cs0,,63.0,,1.0,,Status,1,1,0,42,42,0,42.0,0.0,0.0,0.0,0.0,0,0,0,0.0,,,0.0,0.0,0.0,REQ,,,,,0.0,0.0,0.0,0
423201,0.0,0.0,0.0,0.0,0.0,0.0,udp,0.0,,cs0,,63.0,,1.0,,Status,1,1,0,42,42,0,42.0,0.0,0.0,0.0,0.0,0,0,0,0.0,,,0.0,0.0,0.0,REQ,,,,,0.0,0.0,0.0,0
423208,2.577824,2.577824,2.577824,2.577824,2.577824,2.577824,udp,0.0,,cs0,,63.0,,1.0,,Status,2,2,0,84,84,0,42.0,0.0,130.342484,130.342484,0.0,0,0,0,0.0,,,0.387924,0.387924,0.0,REQ,,,,,0.0,0.0,0.0,0
423225,0.0,0.0,0.0,0.0,0.0,0.0,udp,0.0,,cs0,,63.0,,1.0,,Status,1,1,0,42,42,0,42.0,0.0,0.0,0.0,0.0,0,0,0,0.0,,,0.0,0.0,0.0,REQ,,,,,0.0,0.0,0.0,0
423327,2.585137,2.585137,2.585137,2.585137,2.585137,2.585137,udp,0.0,,cs0,,63.0,,1.0,,Status,2,2,0,84,84,0,42.0,0.0,129.97377,129.97377,0.0,0,0,0,0.0,,,0.386827,0.386827,0.0,REQ,,,,,0.0,0.0,0.0,0
423367,2.58217,2.58217,2.58217,2.58217,2.58217,2.58217,udp,0.0,,cs0,,63.0,,1.0,,Status,2,2,0,84,84,0,42.0,0.0,130.123108,130.123108,0.0,0,0,0,0.0,,,0.387271,0.387271,0.0,REQ,,,,,0.0,0.0,0.0,0
423482,0.0,0.0,0.0,0.0,0.0,0.0,udp,0.0,,cs0,,63.0,,1.0,,Status,1,1,0,42,42,0,42.0,0.0,0.0,0.0,0.0,0,0,0,0.0,,,0.0,0.0,0.0,REQ,,,,,0.0,0.0,0.0,0
423569,0.0,0.0,0.0,0.0,0.0,0.0,udp,0.0,,cs0,,63.0,,1.0,,Status,1,1,0,42,42,0,42.0,0.0,0.0,0.0,0.0,0,0,0,0.0,,,0.0,0.0,0.0,REQ,,,,,0.0,0.0,0.0,0
423588,2.567043,2.567043,2.567043,2.567043,2.567043,2.567043,udp,0.0,,cs0,,63.0,,1.0,,Status,2,2,0,84,84,0,42.0,0.0,130.889893,130.889893,0.0,0,0,0,0.0,,,0.389553,0.389553,0.0,REQ,,,,,0.0,0.0,0.0,0
423624,2.577874,2.577874,2.577874,2.577874,2.577874,2.577874,udp,0.0,,cs0,,63.0,,1.0,,Status,2,2,0,84,84,0,42.0,0.0,130.339966,130.339966,0.0,0,0,0,0.0,,,0.387917,0.387917,0.0,REQ,,,,,0.0,0.0,0.0,0
423671,2.579145,2.579145,2.579145,2.579145,2.579145,2.579145,udp,0.0,,cs0,,63.0,,1.0,,Status,2,2,0,84,84,0,42.0,0.0,130.275726,130.275726,0.0,0,0,0,0.0,,,0.387725,0.387725,0.0,REQ,,,,,0.0,0.0,0.0,0
423674,2.579156,2.579156,2.579156,2.579156,2.579156,2.579156,udp,0.0,,cs0,,63.0,,1.0,,Status,2,2,0,84,84,0,42.0,0.0,130.275177,130.275177,0.0,0,0,0,0.0,,,0.387724,0.387724,0.0,REQ,,,,,0.0,0.0,0.0,0
423685,0.0,0.0,0.0,0.0,0.0,0.0,udp,0.0,,cs0,,63.0,,1.0,,Status,1,1,0,42,42,0,42.0,0.0,0.0,0.0,0.0,0,0,0,0.0,,,0.0,0.0,0.0,REQ,,,,,0.0,0.0,0.0,0
423783,2.582635,2.582635,2.582635,2.582635,2.582635,2.582635,udp,0.0,,cs0,,63.0,,1.0,,Status,2,2,0,84,84,0,42.0,0.0,130.099686,130.099686,0.0,0,0,0,0.0,,,0.387201,0.387201,0.0,REQ,,,,,0.0,0.0,0.0,0
423872,0.0,0.0,0.0,0.0,0.0,0.0,udp,0.0,,cs0,,63.0,,1.0,,Status,1,1,0,42,42,0,42.0,0.0,0.0,0.0,0.0,0,0,0,0.0,,,0.0,0.0,0.0,REQ,,,,,0.0,0.0,0.0,0
423896,0.0,0.0,0.0,0.0,0.0,0.0,udp,0.0,,cs0,,63.0,,1.0,,Status,1,1,0,42,42,0,42.0,0.0,0.0,0.0,0.0,0,0,0,0.0,,,0.0,0.0,0.0,REQ,,,,,0.0,0.0,0.0,0
423900,0.0,0.0,0.0,0.0,0.0,0.0,udp,0.0,,cs0,,63.0,,1.0,,Status,1,1,0,42,42,0,42.0,0.0,0.0,0.0,0.0,0,0,0,0.0,,,0.0,0.0,0.0,REQ,,,,,0.0,0.0,0.0,0
423923,0.0,0.0,0.0,0.0,0.0,0.0,udp,0.0,,cs0,,63.0,,1.0,,Status,1,1,0,42,42,0,42.0,0.0,0.0,0.0,0.0,0,0,0,0.0,,,0.0,0.0,0.0,REQ,,,,,0.0,0.0,0.0,0
423932,0.0,0.0,0.0,0.0,0.0,0.0,udp,0.0,,cs0,,63.0,,1.0,,Status,1,1,0,42,42,0,42.0,0.0,0.0,0.0,0.0,0,0,0,0.0,,,0.0,0.0,0.0,REQ,,,,,0.0,0.0,0.0,0
423939,2.575685,2.575685,2.575685,2.575685,2.575685,2.575685,udp,0.0,,cs0,,63.0,,1.0,,Status,2,2,0,84,84,0,42.0,0.0,130.450729,130.450729,0.0,0,0,0,0.0,,,0.388246,0.388246,0.0,REQ,,,,,0.0,0.0,0.0,0
424012,2.580691,2.580691,2.580691,2.580691,2.580691,2.580691,udp,0.0,,cs0,,63.0,,1.0,,Status,2,2,0,84,84,0,42.0,0.0,130.197678,130.197678,0.0,0,0,0,0.0,,,0.387493,0.387493,0.0,REQ,,,,,0.0,0.0,0.0,0
424029,2.575201,2.575201,2.575201,2.575201,2.575201,2.575201,udp,0.0,,cs0,,63.0,,1.0,,Status,2,2,0,84,84,0,42.0,0.0,130.47525,130.47525,0.0,0,0,0,0.0,,,0.388319,0.388319,0.0,REQ,,,,,0.0,0.0,0.0,0
424061,2.581058,2.581058,2.581058,2.581058,2.581058,2.581058,udp,0.0,,cs0,,63.0,,1.0,,Status,2,2,0,84,84,0,42.0,0.0,130.179169,130.179169,0.0,0,0,0,0.0,,,0.387438,0.387438,0.0,REQ,,,,,0.0,0.0,0.0,0
424098,0.0,0.0,0.0,0.0,0.0,0.0,udp,0.0,,cs0,,63.0,,1.0,,Status,1,1,0,42,42,0,42.0,0.0,0.0,0.0,0.0,0,0,0,0.0,,,0.0,0.0,0.0,REQ,,,,,0.0,0.0,0.0,0
424106,2.574133,2.574133,2.574133,2.574133,2.574133,2.574133,udp,0.0,,cs0,,63.0,,1.0,,Status,2,2,0,84,84,0,42.0,0.0,130.529388,130.529388,0.0,0,0,0,0.0,,,0.38848,0.38848,0.0,REQ,,,,,0.0,0.0,0.0,0
424166,2.576551,2.576551,2.576551,2.576551,2.576551,2.576551,udp,0.0,,cs0,,63.0,,1.0,,Status,2,2,0,84,84,0,42.0,0.0,130.406891,130.406891,0.0,0,0,0,0.0,,,0.388116,0.388116,0.0,REQ,,,,,0.0,0.0,0.0,0
424242,0.0,0.0,0.0,0.0,0.0,0.0,udp,0.0,,cs0,,63.0,,1.0,,Status,1,1,0,42,42,0,42.0,0.0,0.0,0.0,0.0,0,0,0,0.0,,,0.0,0.0,0.0,REQ,,,,,0.0,0.0,0.0,0
424281,2.577989,2.577989,2.577989,2.577989,2.577989,2.577989,udp,0.0,,cs0,,63.0,,1.0,,Status,2,2,0,84,84,0,42.0,0.0,130.334137,130.334137,0.0,0,0,0,0.0,,,0.387899,0.387899,0.0,REQ,,,,,0.0,0.0,0.0,0
424285,2.577998,2.577998,2.577998,2.577998,2.577998,2.577998,udp,0.0,,cs0,,63.0,,1.0,,Status,2,2,0,84,84,0,42.0,0.0,130.333694,130.333694,0.0,0,0,0,0.0,,,0.387898,0.387898,0.0,REQ,,,,,0.0,0.0,0.0,0
424342,2.576237,2.576237,2.576237,2.576237,2.576237,2.576237,udp,0.0,,cs0,,63.0,,1.0,,Status,2,2,0,84,84,0,42.0,0.0,130.422791,130.422791,0.0,0,0,0,0.0,,,0.388163,0.388163,0.0,REQ,,,,,0.0,0.0,0.0,0
424363,2.576176,2.576176,2.576176,2.576176,2.576176,2.576176,udp,0.0,,cs0,,63.0,,1.0,,Status,2,2,0,84,84,0,42.0,0.0,130.425873,130.425873,0.0,0,0,0,0.0,,,0.388172,0.388172,0.0,REQ,,,,,0.0,0.0,0.0,0
424378,2.576132,2.576132,2.576132,2.576132,2.576132,2.576132,udp,0.0,,cs0,,63.0,,1.0,,Status,2,2,0,84,84,0,42.0,0.0,130.428101,130.428101,0.0,0,0,0,0.0,,,0.388179,0.388179,0.0,REQ,,,,,0.0,0.0,0.0,0
424397,0.0,0.0,0.0,0.0,0.0,0.0,udp,0.0,,cs0,,63.0,,1.0,,Status,1,1,0,42,42,0,42.0,0.0,0.0,0.0,0.0,0,0,0,0.0,,,0.0,0.0,0.0,REQ,,,,,0.0,0.0,0.0,0
424472,0.0,0.0,0.0,0.0,0.0,0.0,udp,0.0,,cs0,,63.0,,1.0,,Status,1,1,0,42,42,0,42.0,0.0,0.0,0.0,0.0,0,0,0,0.0,,,0.0,0.0,0.0,REQ,,,,,0.0,0.0,0.0,0
424559,2.5782,2.5782,2.5782,2.5782,2.5782,2.5782,udp,0.0,,cs0,,63.0,,1.0,,Status,2,2,0,84,84,0,42.0,0.0,130.323471,130.323471,0.0,0,0,0,0.0,,,0.387867,0.387867,0.0,REQ,,,,,0.0,0.0,0.0,0
424770,0.0,0.0,0.0,0.0,0.0,0.0,udp,0.0,,cs0,,63.0,,1.0,,Status,1,1,0,42,42,0,42.0,0.0,0.0,0.0,0.0,0,0,0,0.0,,,0.0,0.0,0.0,REQ,,,,,0.0,0.0,0.0,0
424805,2.579589,2.579589,2.579589,2.579589,2.579589,2.579589,udp,0.0,,cs0,,63.0,,1.0,,Status,2,2,0,84,84,0,42.0,0.0,130.253311,130.253311,0.0,0,0,0,0.0,,,0.387659,0.387659,0.0,REQ,,,,,0.0,0.0,0.0,0
424814,2.580647,2.580647,2.580647,2.580647,2.580647,2.580647,udp,0.0,,cs0,,63.0,,1.0,,Status,2,2,0,84,84,0,42.0,0.0,130.199905,130.199905,0.0,0,0,0,0.0,,,0.3875,0.3875,0.0,REQ,,,,,0.0,0.0,0.0,0
424833,0.0,0.0,0.0,0.0,0.0,0.0,udp,0.0,,cs0,,63.0,,1.0,,Status,1,1,0,42,42,0,42.0,0.0,0.0,0.0,0.0,0,0,0,0.0,,,0.0,0.0,0.0,REQ,,,,,0.0,0.0,0.0,0
424878,0.0,0.0,0.0,0.0,0.0,0.0,udp,0.0,,cs0,,63.0,,1.0,,Status,1,1,0,42,42,0,42.0,0.0,0.0,0.0,0.0,0,0,0,0.0,,,0.0,0.0,0.0,REQ,,,,,0.0,0.0,0.0,0
424882,0.0,0.0,0.0,0.0,0.0,0.0,udp,0.0,,cs0,,63.0,,1.0,,Status,1,1,0,42,42,0,42.0,0.0,0.0,0.0,0.0,0,0,0,0.0,,,0.0,0.0,0.0,REQ,,,,,0.0,0.0,0.0,0
424935,0.0,0.0,0.0,0.0,0.0,0.0,udp,0.0,,cs0,,63.0,,1.0,,Status,1,1,0,42,42,0,42.0,0.0,0.0,0.0,0.0,0,0,0,0.0,,,0.0,0.0,0.0,REQ,,,,,0.0,0.0,0.0,0
424962,0.0,0.0,0.0,0.0,0.0,0.0,udp,0.0,,cs0,,63.0,,1.0,,Status,1,1,0,42,42,0,42.0,0.0,0.0,0.0,0.0,0,0,0,0.0,,,0.0,0.0,0.0,REQ,,,,,0.0,0.0,0.0,0
424998,2.579314,2.579314,2.579314,2.579314,2.579314,2.579314,udp,0.0,,cs0,,63.0,,1.0,,Status,2,2,0,84,84,0,42.0,0.0,130.267197,130.267197,0.0,0,0,0,0.0,,,0.3877,0.3877,0.0,REQ,,,,,0.0,0.0,0.0,0
425038,0.0,0.0,0.0,0.0,0.0,0.0,udp,0.0,,cs0,,63.0,,1.0,,Status,1,1,0,42,42,0,42.0,0.0,0.0,0.0,0.0,0,0,0,0.0,,,0.0,0.0,0.0,REQ,,,,,0.0,0.0,0.0,0
425128,2.575133,2.575133,2.575133,2.575133,2.575133,2.575133,udp,0.0,,cs0,,63.0,,1.0,,Status,2,2,0,84,84,0,42.0,0.0,130.478699,130.478699,0.0,0,0,0,0.0,,,0.388329,0.388329,0.0,REQ,,,,,0.0,0.0,0.0,0
425131,0.0,0.0,0.0,0.0,0.0,0.0,udp,0.0,,cs0,,63.0,,1.0,,Status,1,1,0,42,42,0,42.0,0.0,0.0,0.0,0.0,0,0,0,0.0,,,0.0,0.0,0.0,REQ,,,,,0.0,0.0,0.0,0
425157,2.577663,2.577663,2.577663,2.577663,2.577663,2.577663,udp,0.0,,cs0,,63.0,,1.0,,Status,2,2,0,84,84,0,42.0,0.0,130.350632,130.350632,0.0,0,0,0,0.0,,,0.387948,0.387948,0.0,REQ,,,,,0.0,0.0,0.0,0
425179,2.580201,2.580201,2.580201,2.580201,2.580201,2.580201,udp,0.0,,cs0,,63.0,,1.0,,Status,2,2,0,84,84,0,42.0,0.0,130.222412,130.222412,0.0,0,0,0,0.0,,,0.387567,0.387567,0.0,REQ,,,,,0.0,0.0,0.0,0
425185,2.577845,2.577845,2.577845,2.577845,2.577845,2.577845,udp,0.0,,cs0,,63.0,,1.0,,Status,2,2,0,84,84,0,42.0,0.0,130.341431,130.341431,0.0,0,0,0,0.0,,,0.387921,0.387921,0.0,REQ,,,,,0.0,0.0,0.0,0
425228,0.0,0.0,0.0,0.0,0.0,0.0,udp,0.0,,cs0,,63.0,,1.0,,Status,1,1,0,42,42,0,42.0,0.0,0.0,0.0,0.0,0,0,0,0.0,,,0.0,0.0,0.0,REQ,,,,,0.0,0.0,0.0,0
425247,0.0,0.0,0.0,0.0,0.0,0.0,udp,0.0,,cs0,,63.0,,1.0,,Status,1,1,0,42,42,0,42.0,0.0,0.0,0.0,0.0,0,0,0,0.0,,,0.0,0.0,0.0,REQ,,,,,0.0,0.0,0.0,0
425259,0.0,0.0,0.0,0.0,0.0,0.0,udp,0.0,,cs0,,63.0,,1.0,,Status,1,1,0,42,42,0,42.0,0.0,0.0,0.0,0.0,0,0,0,0.0,,,0.0,0.0,0.0,REQ,,,,,0.0,0.0,0.0,0
425293,0.0,0.0,0.0,0.0,0.0,0.0,udp,0.0,,cs0,,63.0,,1.0,,Status,1,1,0,42,42,0,42.0,0.0,0.0,0.0,0.0,0,0,0,0.0,,,0.0,0.0,0.0,REQ,,,,,0.0,0.0,0.0,0
425310,0.0,0.0,0.0,0.0,0.0,0.0,udp,0.0,,cs0,,63.0,,1.0,,Status,1,1,0,42,42,0,42.0,0.0,0.0,0.0,0.0,0,0,0,0.0,,,0.0,0.0,0.0,REQ,,,,,0.0,0.0,0.0,0
425334,0.0,0.0,0.0,0.0,0.0,0.0,udp,0.0,,cs0,,63.0,,1.0,,Status,1,1,0,42,42,0,42.0,0.0,0.0,0.0,0.0,0,0,0,0.0,,,0.0,0.0,0.0,REQ,,,,,0.0,0.0,0.0,0
425364,2.576475,2.576475,2.576475,2.576475,2.576475,2.576475,udp,0.0,,cs0,,63.0,,1.0,,Status,2,2,0,84,84,0,42.0,0.0,130.410736,130.410736,0.0,0,0,0,0.0,,,0.388127,0.388127,0.0,REQ,,,,,0.0,0.0,0.0,0
425371,2.576491,2.576491,2.576491,2.576491,2.576491,2.576491,udp,0.0,,cs0,,63.0,,1.0,,Status,2,2,0,84,84,0,42.0,0.0,130.409927,130.409927,0.0,0,0,0,0.0,,,0.388125,0.388125,0.0,REQ,,,,,0.0,0.0,0.0,0
425431,2.579122,2.579122,2.579122,2.579122,2.579122,2.579122,udp,0.0,,cs0,,63.0,,1.0,,Status,2,2,0,84,84,0,42.0,0.0,130.276886,130.276886,0.0,0,0,0,0.0,,,0.387729,0.387729,0.0,REQ,,,,,0.0,0.0,0.0,0
425566,0.0,0.0,0.0,0.0,0.0,0.0,udp,0.0,,cs0,,63.0,,1.0,,Status,1,1,0,42,42,0,42.0,0.0,0.0,0.0,0.0,0,0,0,0.0,,,0.0,0.0,0.0,REQ,,,,,0.0,0.0,0.0,0
425614,0.0,0.0,0.0,0.0,0.0,0.0,udp,0.0,,cs0,,63.0,,1.0,,Status,1,1,0,42,42,0,42.0,0.0,0.0,0.0,0.0,0,0,0,0.0,,,0.0,0.0,0.0,REQ,,,,,0.0,0.0,0.0,0
425650,2.577318,2.577318,2.577318,2.577318,2.577318,2.577318,udp,0.0,,cs0,,63.0,,1.0,,Status,2,2,0,84,84,0,42.0,0.0,130.368088,130.368088,0.0,0,0,0,0.0,,,0.388,0.388,0.0,REQ,,,,,0.0,0.0,0.0,0
425665,2.575263,2.575263,2.575263,2.575263,2.575263,2.575263,udp,0.0,,cs0,,63.0,,1.0,,Status,2,2,0,84,84,0,42.0,0.0,130.472107,130.472107,0.0,0,0,0,0.0,,,0.38831,0.38831,0.0,REQ,,,,,0.0,0.0,0.0,0
425703,2.577288,2.577288,2.577288,2.577288,2.577288,2.577288,udp,0.0,,cs0,,63.0,,1.0,,Status,2,2,0,84,84,0,42.0,0.0,130.369598,130.369598,0.0,0,0,0,0.0,,,0.388005,0.388005,0.0,REQ,,,,,0.0,0.0,0.0,0
425730,0.0,0.0,0.0,0.0,0.0,0.0,udp,0.0,,cs0,,63.0,,1.0,,Status,1,1,0,42,42,0,42.0,0.0,0.0,0.0,0.0,0,0,0,0.0,,,0.0,0.0,0.0,REQ,,,,,0.0,0.0,0.0,0
425758,2.583565,2.583565,2.583565,2.583565,2.583565,2.583565,udp,0.0,,cs0,,63.0,,1.0,,Status,2,2,0,84,84,0,42.0,0.0,130.052856,130.052856,0.0,0,0,0,0.0,,,0.387062,0.387062,0.0,REQ,,,,,0.0,0.0,0.0,0
425853,2.578966,2.578966,2.578966,2.578966,2.578966,2.578966,udp,0.0,,cs0,,63.0,,1.0,,Status,2,2,0,84,84,0,42.0,0.0,130.284775,130.284775,0.0,0,0,0,0.0,,,0.387752,0.387752,0.0,REQ,,,,,0.0,0.0,0.0,0
425867,2.578985,2.578985,2.578985,2.578985,2.578985,2.578985,udp,0.0,,cs0,,63.0,,1.0,,Status,2,2,0,84,84,0,42.0,0.0,130.283813,130.283813,0.0,0,0,0,0.0,,,0.387749,0.387749,0.0,REQ,,,,,0.0,0.0,0.0,0
425871,2.578986,2.578986,2.578986,2.578986,2.578986,2.578986,udp,0.0,,cs0,,63.0,,1.0,,Status,2,2,0,84,84,0,42.0,0.0,130.283768,130.283768,0.0,0,0,0,0.0,,,0.387749,0.387749,0.0,REQ,,,,,0.0,0.0,0.0,0
425914,2.578879,2.578879,2.578879,2.578879,2.578879,2.578879,udp,0.0,,cs0,,63.0,,1.0,,Status,2,2,0,84,84,0,42.0,0.0,130.289169,130.289169,0.0,0,0,0,0.0,,,0.387765,0.387765,0.0,REQ,,,,,0.0,0.0,0.0,0
425932,2.578906,2.578906,2.578906,2.578906,2.578906,2.578906,udp,0.0,,cs0,,63.0,,1.0,,Status,2,2,0,84,84,0,42.0,0.0,130.287796,130.287796,0.0,0,0,0,0.0,,,0.387761,0.387761,0.0,REQ,,,,,0.0,0.0,0.0,0
425996,2.58122,2.58122,2.58122,2.58122,2.58122,2.58122,udp,0.0,,cs0,,63.0,,1.0,,Status,2,2,0,84,84,0,42.0,0.0,130.171005,130.171005,0.0,0,0,0,0.0,,,0.387414,0.387414,0.0,REQ,,,,,0.0,0.0,0.0,0
426018,2.577961,2.577961,2.577961,2.577961,2.577961,2.577961,udp,0.0,,cs0,,63.0,,1.0,,Status,2,2,0,84,84,0,42.0,0.0,130.335571,130.335571,0.0,0,0,0,0.0,,,0.387903,0.387903,0.0,REQ,,,,,0.0,0.0,0.0,0
426136,2.57815,2.57815,2.57815,2.57815,2.57815,2.57815,udp,0.0,,cs0,,63.0,,1.0,,Status,2,2,0,84,84,0,42.0,0.0,130.326004,130.326004,0.0,0,0,0,0.0,,,0.387875,0.387875,0.0,REQ,,,,,0.0,0.0,0.0,0
426176,0.0,0.0,0.0,0.0,0.0,0.0,udp,0.0,,cs0,,63.0,,1.0,,Status,1,1,0,42,42,0,42.0,0.0,0.0,0.0,0.0,0,0,0,0.0,,,0.0,0.0,0.0,REQ,,,,,0.0,0.0,0.0,0
426252,0.0,0.0,0.0,0.0,0.0,0.0,udp,0.0,,cs0,,63.0,,1.0,,Status,1,1,0,42,42,0,42.0,0.0,0.0,0.0,0.0,0,0,0,0.0,,,0.0,0.0,0.0,REQ,,,,,0.0,0.0,0.0,0
426274,0.0,0.0,0.0,0.0,0.0,0.0,udp,0.0,,cs0,,63.0,,1.0,,Status,1,1,0,42,42,0,42.0,0.0,0.0,0.0,0.0,0,0,0,0.0,,,0.0,0.0,0.0,REQ,,,,,0.0,0.0,0.0,0
426275,0.0,0.0,0.0,0.0,0.0,0.0,udp,0.0,,cs0,,63.0,,1.0,,Status,1,1,0,42,42,0,42.0,0.0,0.0,0.0,0.0,0,0,0,0.0,,,0.0,0.0,0.0,REQ,,,,,0.0,0.0,0.0,0
426454,0.0,0.0,0.0,0.0,0.0,0.0,udp,0.0,,cs0,,63.0,,1.0,,Status,1,1,0,42,42,0,42.0,0.0,0.0,0.0,0.0,0,0,0,0.0,,,0.0,0.0,0.0,REQ,,,,,0.0,0.0,0.0,0
426513,0.0,0.0,0.0,0.0,0.0,0.0,udp,0.0,,cs0,,63.0,,1.0,,Status,1,1,0,42,42,0,42.0,0.0,0.0,0.0,0.0,0,0,0,0.0,,,0.0,0.0,0.0,REQ,,,,,0.0,0.0,0.0,0
426550,0.0,0.0,0.0,0.0,0.0,0.0,udp,0.0,,cs0,,63.0,,1.0,,Status,1,1,0,42,42,0,42.0,0.0,0.0,0.0,0.0,0,0,0,0.0,,,0.0,0.0,0.0,REQ,,,,,0.0,0.0,0.0,0
426567,0.0,0.0,0.0,0.0,0.0,0.0,udp,0.0,,cs0,,63.0,,1.0,,Status,1,1,0,42,42,0,42.0,0.0,0.0,0.0,0.0,0,0,0,0.0,,,0.0,0.0,0.0,REQ,,,,,0.0,0.0,0.0,0
426613,2.574674,2.574674,2.574674,2.574674,2.574674,2.574674,udp,0.0,,cs0,,63.0,,1.0,,Status,2,2,0,84,84,0,42.0,0.0,130.501968,130.501968,0.0,0,0,0,0.0,,,0.388399,0.388399,0.0,REQ,,,,,0.0,0.0,0.0,0
426701,2.57997,2.57997,2.57997,2.57997,2.57997,2.57997,udp,0.0,,cs0,,63.0,,1.0,,Status,2,2,0,84,84,0,42.0,0.0,130.234085,130.234085,0.0,0,0,0,0.0,,,0.387601,0.387601,0.0,REQ,,,,,0.0,0.0,0.0,0
426722,2.579855,2.579855,2.579855,2.579855,2.579855,2.579855,udp,0.0,,cs0,,63.0,,1.0,,Status,2,2,0,84,84,0,42.0,0.0,130.239883,130.239883,0.0,0,0,0,0.0,,,0.387619,0.387619,0.0,REQ,,,,,0.0,0.0,0.0,0
426763,0.0,0.0,0.0,0.0,0.0,0.0,udp,0.0,,cs0,,63.0,,1.0,,Status,1,1,0,42,42,0,42.0,0.0,0.0,0.0,0.0,0,0,0,0.0,,,0.0,0.0,0.0,REQ,,,,,0.0,0.0,0.0,0
426767,0.0,0.0,0.0,0.0,0.0,0.0,udp,0.0,,cs0,,63.0,,1.0,,Status,1,1,0,42,42,0,42.0,0.0,0.0,0.0,0.0,0,0,0,0.0,,,0.0,0.0,0.0,REQ,,,,,0.0,0.0,0.0,0
426803,0.0,0.0,0.0,0.0,0.0,0.0,udp,0.0,,cs0,,63.0,,1.0,,Status,1,1,0,42,42,0,42.0,0.0,0.0,0.0,0.0,0,0,0,0.0,,,0.0,0.0,0.0,REQ,,,,,0.0,0.0,0.0,0
426836,0.0,0.0,0.0,0.0,0.0,0.0,udp,0.0,,cs0,,63.0,,1.0,,Status,1,1,0,42,42,0,42.0,0.0,0.0,0.0,0.0,0,0,0,0.0,,,0.0,0.0,0.0,REQ,,,,,0.0,0.0,0.0,0
426857,0.0,0.0,0.0,0.0,0.0,0.0,udp,0.0,,cs0,,63.0,,1.0,,Status,1,1,0,42,42,0,42.0,0.0,0.0,0.0,0.0,0,0,0,0.0,,,0.0,0.0,0.0,REQ,,,,,0.0,0.0,0.0,0
426899,0.0,0.0,0.0,0.0,0.0,0.0,udp,0.0,,cs0,,63.0,,1.0,,Status,1,1,0,42,42,0,42.0,0.0,0.0,0.0,0.0,0,0,0,0.0,,,0.0,0.0,0.0,REQ,,,,,0.0,0.0,0.0,0
426907,2.579794,2.579794,2.579794,2.579794,2.579794,2.579794,udp,0.0,,cs0,,63.0,,1.0,,Status,2,2,0,84,84,0,42.0,0.0,130.242966,130.242966,0.0,0,0,0,0.0,,,0.387628,0.387628,0.0,REQ,,,,,0.0,0.0,0.0,0
426955,0.0,0.0,0.0,0.0,0.0,0.0,udp,0.0,,cs0,,63.0,,1.0,,Status,1,1,0,42,42,0,42.0,0.0,0.0,0.0,0.0,0,0,0,0.0,,,0.0,0.0,0.0,REQ,,,,,0.0,0.0,0.0,0
427031,0.0,0.0,0.0,0.0,0.0,0.0,udp,0.0,,cs0,,63.0,,1.0,,Status,1,1,0,42,42,0,42.0,0.0,0.0,0.0,0.0,0,0,0,0.0,,,0.0,0.0,0.0,REQ,,,,,0.0,0.0,0.0,0
427055,2.57942,2.57942,2.57942,2.57942,2.57942,2.57942,udp,0.0,,cs0,,63.0,,1.0,,Status,2,2,0,84,84,0,42.0,0.0,130.261841,130.261841,0.0,0,0,0,0.0,,,0.387684,0.387684,0.0,REQ,,,,,0.0,0.0,0.0,0
427093,2.580966,2.580966,2.580966,2.580966,2.580966,2.580966,udp,0.0,,cs0,,63.0,,1.0,,Status,2,2,0,84,84,0,42.0,0.0,130.183823,130.183823,0.0,0,0,0,0.0,,,0.387452,0.387452,0.0,REQ,,,,,0.0,0.0,0.0,0
427155,0.0,0.0,0.0,0.0,0.0,0.0,udp,0.0,,cs0,,63.0,,1.0,,Status,1,1,0,42,42,0,42.0,0.0,0.0,0.0,0.0,0,0,0,0.0,,,0.0,0.0,0.0,REQ,,,,,0.0,0.0,0.0,0
427173,2.577679,2.577679,2.577679,2.577679,2.577679,2.577679,udp,0.0,,cs0,,63.0,,1.0,,Status,2,2,0,84,84,0,42.0,0.0,130.349823,130.349823,0.0,0,0,0,0.0,,,0.387946,0.387946,0.0,REQ,,,,,0.0,0.0,0.0,0
427212,2.580842,2.580842,2.580842,2.580842,2.580842,2.580842,udp,0.0,,cs0,,63.0,,1.0,,Status,2,2,0,84,84,0,42.0,0.0,130.190063,130.190063,0.0,0,0,0,0.0,,,0.38747,0.38747,0.0,REQ,,,,,0.0,0.0,0.0,0
427220,2.579079,2.579079,2.579079,2.579079,2.579079,2.579079,udp,0.0,,cs0,,63.0,,1.0,,Status,2,2,0,84,84,0,42.0,0.0,130.279068,130.279068,0.0,0,0,0,0.0,,,0.387735,0.387735,0.0,REQ,,,,,0.0,0.0,0.0,0
427268,2.583837,2.583837,2.583837,2.583837,2.583837,2.583837,udp,0.0,,cs0,,63.0,,1.0,,Status,2,2,0,84,84,0,42.0,0.0,130.039154,130.039154,0.0,0,0,0,0.0,,,0.387021,0.387021,0.0,REQ,,,,,0.0,0.0,0.0,0
427312,0.0,0.0,0.0,0.0,0.0,0.0,udp,0.0,,cs0,,63.0,,1.0,,Status,1,1,0,42,42,0,42.0,0.0,0.0,0.0,0.0,0,0,0,0.0,,,0.0,0.0,0.0,REQ,,,,,0.0,0.0,0.0,0
427328,2.579185,2.579185,2.579185,2.579185,2.579185,2.579185,udp,0.0,,cs0,,63.0,,1.0,,Status,2,2,0,84,84,0,42.0,0.0,130.273712,130.273712,0.0,0,0,0,0.0,,,0.387719,0.387719,0.0,REQ,,,,,0.0,0.0,0.0,0
427347,0.0,0.0,0.0,0.0,0.0,0.0,udp,0.0,,cs0,,63.0,,1.0,,Status,1,1,0,42,42,0,42.0,0.0,0.0,0.0,0.0,0,0,0,0.0,,,0.0,0.0,0.0,REQ,,,,,0.0,0.0,0.0,0
427366,2.578541,2.578541,2.578541,2.578541,2.578541,2.578541,udp,0.0,,cs0,,63.0,,1.0,,Status,2,2,0,84,84,0,42.0,0.0,130.306244,130.306244,0.0,0,0,0,0.0,,,0.387816,0.387816,0.0,REQ,,,,,0.0,0.0,0.0,0
427390,2.581963,2.581963,2.581963,2.581963,2.581963,2.581963,udp,0.0,,cs0,,63.0,,1.0,,Status,2,2,0,84,84,0,42.0,0.0,130.133545,130.133545,0.0,0,0,0,0.0,,,0.387302,0.387302,0.0,REQ,,,,,0.0,0.0,0.0,0
427396,2.582086,2.582086,2.582086,2.582086,2.582086,2.582086,udp,0.0,,cs0,,63.0,,1.0,,Status,2,2,0,84,84,0,42.0,0.0,130.12735,130.12735,0.0,0,0,0,0.0,,,0.387284,0.387284,0.0,REQ,,,,,0.0,0.0,0.0,0
427406,2.584411,2.584411,2.584411,2.584411,2.584411,2.584411,udp,0.0,,cs0,,63.0,,1.0,,Status,2,2,0,84,84,0,42.0,0.0,130.010284,130.010284,0.0,0,0,0,0.0,,,0.386935,0.386935,0.0,REQ,,,,,0.0,0.0,0.0,0
427434,2.580298,2.580298,2.580298,2.580298,2.580298,2.580298,udp,0.0,,cs0,,63.0,,1.0,,Status,2,2,0,84,84,0,42.0,0.0,130.217514,130.217514,0.0,0,0,0,0.0,,,0.387552,0.387552,0.0,REQ,,,,,0.0,0.0,0.0,0
427481,2.577652,2.577652,2.577652,2.577652,2.577652,2.577652,udp,0.0,,cs0,,63.0,,1.0,,Status,2,2,0,84,84,0,42.0,0.0,130.351196,130.351196,0.0,0,0,0,0.0,,,0.38795,0.38795,0.0,REQ,,,,,0.0,0.0,0.0,0
427507,2.57938,2.57938,2.57938,2.57938,2.57938,2.57938,udp,0.0,,cs0,,63.0,,1.0,,Status,2,2,0,84,84,0,42.0,0.0,130.263855,130.263855,0.0,0,0,0,0.0,,,0.38769,0.38769,0.0,REQ,,,,,0.0,0.0,0.0,0
427594,2.578248,2.578248,2.578248,2.578248,2.578248,2.578248,udp,0.0,,cs0,,63.0,,1.0,,Status,2,2,0,84,84,0,42.0,0.0,130.32106,130.32106,0.0,0,0,0,0.0,,,0.38786,0.38786,0.0,REQ,,,,,0.0,0.0,0.0,0
427599,2.576187,2.576187,2.576187,2.576187,2.576187,2.576187,udp,0.0,,cs0,,63.0,,1.0,,Status,2,2,0,84,84,0,42.0,0.0,130.425323,130.425323,0.0,0,0,0,0.0,,,0.388171,0.388171,0.0,REQ,,,,,0.0,0.0,0.0,0
427621,0.0,0.0,0.0,0.0,0.0,0.0,udp,0.0,,cs0,,63.0,,1.0,,Status,1,1,0,42,42,0,42.0,0.0,0.0,0.0,0.0,0,0,0,0.0,,,0.0,0.0,0.0,REQ,,,,,0.0,0.0,0.0,0
427640,0.0,0.0,0.0,0.0,0.0,0.0,udp,0.0,,cs0,,63.0,,1.0,,Status,1,1,0,42,42,0,42.0,0.0,0.0,0.0,0.0,0,0,0,0.0,,,0.0,0.0,0.0,REQ,,,,,0.0,0.0,0.0,0
427726,2.581916,2.581916,2.581916,2.581916,2.581916,2.581916,udp,0.0,,cs0,,63.0,,1.0,,Status,2,2,0,84,84,0,42.0,0.0,130.13591,130.13591,0.0,0,0,0,0.0,,,0.387309,0.387309,0.0,REQ,,,,,0.0,0.0,0.0,0
427735,2.574114,2.574114,2.574114,2.574114,2.574114,2.574114,udp,0.0,,cs0,,63.0,,1.0,,Status,2,2,0,84,84,0,42.0,0.0,130.53035,130.53035,0.0,0,0,0,0.0,,,0.388483,0.388483,0.0,REQ,,,,,0.0,0.0,0.0,0
427773,2.581947,2.581947,2.581947,2.581947,2.581947,2.581947,udp,0.0,,cs0,,63.0,,1.0,,Status,2,2,0,84,84,0,42.0,0.0,130.134354,130.134354,0.0,0,0,0,0.0,,,0.387305,0.387305,0.0,REQ,,,,,0.0,0.0,0.0,0
427785,2.585822,2.585822,2.585822,2.585822,2.585822,2.585822,udp,0.0,,cs0,,63.0,,1.0,,Status,2,2,0,84,84,0,42.0,0.0,129.939331,129.939331,0.0,0,0,0,0.0,,,0.386724,0.386724,0.0,REQ,,,,,0.0,0.0,0.0,0
427793,0.0,0.0,0.0,0.0,0.0,0.0,udp,0.0,,cs0,,63.0,,1.0,,Status,1,1,0,42,42,0,42.0,0.0,0.0,0.0,0.0,0,0,0,0.0,,,0.0,0.0,0.0,REQ,,,,,0.0,0.0,0.0,0
427823,0.0,0.0,0.0,0.0,0.0,0.0,udp,0.0,,cs0,,63.0,,1.0,,Status,1,1,0,42,42,0,42.0,0.0,0.0,0.0,0.0,0,0,0,0.0,,,0.0,0.0,0.0,REQ,,,,,0.0,0.0,0.0,0
427827,2.584503,2.584503,2.584503,2.584503,2.584503,2.584503,udp,0.0,,cs0,,63.0,,1.0,,Status,2,2,0,84,84,0,42.0,0.0,130.005661,130.005661,0.0,0,0,0,0.0,,,0.386922,0.386922,0.0,REQ,,,,,0.0,0.0,0.0,0
427844,0.0,0.0,0.0,0.0,0.0,0.0,udp,0.0,,cs0,,63.0,,1.0,,Status,1,1,0,42,42,0,42.0,0.0,0.0,0.0,0.0,0,0,0,0.0,,,0.0,0.0,0.0,REQ,,,,,0.0,0.0,0.0,0
427872,0.0,0.0,0.0,0.0,0.0,0.0,udp,0.0,,cs0,,63.0,,1.0,,Status,1,1,0,42,42,0,42.0,0.0,0.0,0.0,0.0,0,0,0,0.0,,,0.0,0.0,0.0,REQ,,,,,0.0,0.0,0.0,0
427953,0.0,0.0,0.0,0.0,0.0,0.0,udp,0.0,,cs0,,63.0,,1.0,,Status,1,1,0,42,42,0,42.0,0.0,0.0,0.0,0.0,0,0,0,0.0,,,0.0,0.0,0.0,REQ,,,,,0.0,0.0,0.0,0
427972,2.578701,2.578701,2.578701,2.578701,2.578701,2.578701,udp,0.0,,cs0,,63.0,,1.0,,Status,2,2,0,84,84,0,42.0,0.0,130.298157,130.298157,0.0,0,0,0,0.0,,,0.387792,0.387792,0.0,REQ,,,,,0.0,0.0,0.0,0
428013,0.0,0.0,0.0,0.0,0.0,0.0,udp,0.0,,cs0,,63.0,,1.0,,Status,1,1,0,42,42,0,42.0,0.0,0.0,0.0,0.0,0,0,0,0.0,,,0.0,0.0,0.0,REQ,,,,,0.0,0.0,0.0,0
428015,0.0,0.0,0.0,0.0,0.0,0.0,udp,0.0,,cs0,,63.0,,1.0,,Status,1,1,0,42,42,0,42.0,0.0,0.0,0.0,0.0,0,0,0,0.0,,,0.0,0.0,0.0,REQ,,,,,0.0,0.0,0.0,0
428034,2.576902,2.576902,2.576902,2.576902,2.576902,2.576902,udp,0.0,,cs0,,63.0,,1.0,,Status,2,2,0,84,84,0,42.0,0.0,130.38913,130.38913,0.0,0,0,0,0.0,,,0.388063,0.388063,0.0,REQ,,,,,0.0,0.0,0.0,0
428039,2.576288,2.576288,2.576288,2.576288,2.576288,2.576288,udp,0.0,,cs0,,63.0,,1.0,,Status,2,2,0,84,84,0,42.0,0.0,130.420197,130.420197,0.0,0,0,0,0.0,,,0.388155,0.388155,0.0,REQ,,,,,0.0,0.0,0.0,0
428101,0.0,0.0,0.0,0.0,0.0,0.0,udp,0.0,,cs0,,63.0,,1.0,,Status,1,1,0,42,42,0,42.0,0.0,0.0,0.0,0.0,0,0,0,0.0,,,0.0,0.0,0.0,REQ,,,,,0.0,0.0,0.0,0
428120,0.0,0.0,0.0,0.0,0.0,0.0,udp,0.0,,cs0,,63.0,,1.0,,Status,1,1,0,42,42,0,42.0,0.0,0.0,0.0,0.0,0,0,0,0.0,,,0.0,0.0,0.0,REQ,,,,,0.0,0.0,0.0,0
428132,2.577429,2.577429,2.577429,2.577429,2.577429,2.577429,udp,0.0,,cs0,,63.0,,1.0,,Status,2,2,0,84,84,0,42.0,0.0,130.362457,130.362457,0.0,0,0,0,0.0,,,0.387984,0.387984,0.0,REQ,,,,,0.0,0.0,0.0,0
428204,2.579822,2.579822,2.579822,2.579822,2.579822,2.579822,udp,0.0,,cs0,,63.0,,1.0,,Status,2,2,0,84,84,0,42.0,0.0,130.241547,130.241547,0.0,0,0,0,0.0,,,0.387624,0.387624,0.0,REQ,,,,,0.0,0.0,0.0,0
428217,0.0,0.0,0.0,0.0,0.0,0.0,udp,0.0,,cs0,,63.0,,1.0,,Status,1,1,0,42,42,0,42.0,0.0,0.0,0.0,0.0,0,0,0,0.0,,,0.0,0.0,0.0,REQ,,,,,0.0,0.0,0.0,0
428253,0.0,0.0,0.0,0.0,0.0,0.0,udp,0.0,,cs0,,63.0,,1.0,,Status,1,1,0,42,42,0,42.0,0.0,0.0,0.0,0.0,0,0,0,0.0,,,0.0,0.0,0.0,REQ,,,,,0.0,0.0,0.0,0
428276,0.0,0.0,0.0,0.0,0.0,0.0,udp,0.0,,cs0,,63.0,,1.0,,Status,1,1,0,42,42,0,42.0,0.0,0.0,0.0,0.0,0,0,0,0.0,,,0.0,0.0,0.0,REQ,,,,,0.0,0.0,0.0,0
428371,0.0,0.0,0.0,0.0,0.0,0.0,udp,0.0,,cs0,,63.0,,1.0,,Status,1,1,0,42,42,0,42.0,0.0,0.0,0.0,0.0,0,0,0,0.0,,,0.0,0.0,0.0,REQ,,,,,0.0,0.0,0.0,0
428488,0.0,0.0,0.0,0.0,0.0,0.0,udp,0.0,,cs0,,63.0,,1.0,,Status,1,1,0,42,42,0,42.0,0.0,0.0,0.0,0.0,0,0,0,0.0,,,0.0,0.0,0.0,REQ,,,,,0.0,0.0,0.0,0
428613,0.0,0.0,0.0,0.0,0.0,0.0,udp,0.0,,cs0,,63.0,,1.0,,Status,1,1,0,42,42,0,42.0,0.0,0.0,0.0,0.0,0,0,0,0.0,,,0.0,0.0,0.0,REQ,,,,,0.0,0.0,0.0,0
428695,2.585826,2.585826,2.585826,2.585826,2.585826,2.585826,udp,0.0,,cs0,,63.0,,1.0,,Status,2,2,0,84,84,0,42.0,0.0,129.939148,129.939148,0.0,0,0,0,0.0,,,0.386724,0.386724,0.0,REQ,,,,,0.0,0.0,0.0,0
428706,0.0,0.0,0.0,0.0,0.0,0.0,udp,0.0,,cs0,,63.0,,1.0,,Status,1,1,0,42,42,0,42.0,0.0,0.0,0.0,0.0,0,0,0,0.0,,,0.0,0.0,0.0,REQ,,,,,0.0,0.0,0.0,0
428772,0.0,0.0,0.0,0.0,0.0,0.0,udp,0.0,,cs0,,63.0,,1.0,,Status,1,1,0,42,42,0,42.0,0.0,0.0,0.0,0.0,0,0,0,0.0,,,0.0,0.0,0.0,REQ,,,,,0.0,0.0,0.0,0
428942,2.571169,2.571169,2.571169,2.571169,2.571169,2.571169,udp,0.0,,cs0,,63.0,,1.0,,Status,2,2,0,84,84,0,42.0,0.0,130.679871,130.679871,0.0,0,0,0,0.0,,,0.388928,0.388928,0.0,REQ,,,,,0.0,0.0,0.0,0
429017,0.0,0.0,0.0,0.0,0.0,0.0,udp,0.0,,cs0,,63.0,,1.0,,Status,1,1,0,42,42,0,42.0,0.0,0.0,0.0,0.0,0,0,0,0.0,,,0.0,0.0,0.0,REQ,,,,,0.0,0.0,0.0,0
429018,0.0,0.0,0.0,0.0,0.0,0.0,udp,0.0,,cs0,,63.0,,1.0,,Status,1,1,0,42,42,0,42.0,0.0,0.0,0.0,0.0,0,0,0,0.0,,,0.0,0.0,0.0,REQ,,,,,0.0,0.0,0.0,0
429021,2.582694,2.582694,2.582694,2.582694,2.582694,2.582694,udp,0.0,,cs0,,63.0,,1.0,,Status,2,2,0,84,84,0,42.0,0.0,130.09671,130.09671,0.0,0,0,0,0.0,,,0.387193,0.387193,0.0,REQ,,,,,0.0,0.0,0.0,0
429038,2.578238,2.578238,2.578238,2.578238,2.578238,2.578238,udp,0.0,,cs0,,63.0,,1.0,,Status,2,2,0,84,84,0,42.0,0.0,130.321564,130.321564,0.0,0,0,0,0.0,,,0.387862,0.387862,0.0,REQ,,,,,0.0,0.0,0.0,0
429100,2.578124,2.578124,2.578124,2.578124,2.578124,2.578124,udp,0.0,,cs0,,63.0,,1.0,,Status,2,2,0,84,84,0,42.0,0.0,130.327316,130.327316,0.0,0,0,0,0.0,,,0.387879,0.387879,0.0,REQ,,,,,0.0,0.0,0.0,0
429147,2.580346,2.580346,2.580346,2.580346,2.580346,2.580346,udp,0.0,,cs0,,63.0,,1.0,,Status,2,2,0,84,84,0,42.0,0.0,130.215088,130.215088,0.0,0,0,0,0.0,,,0.387545,0.387545,0.0,REQ,,,,,0.0,0.0,0.0,0
429153,2.578355,2.578355,2.578355,2.578355,2.578355,2.578355,udp,0.0,,cs0,,63.0,,1.0,,Status,2,2,0,84,84,0,42.0,0.0,130.315643,130.315643,0.0,0,0,0,0.0,,,0.387844,0.387844,0.0,REQ,,,,,0.0,0.0,0.0,0
429266,2.579982,2.579982,2.579982,2.579982,2.579982,2.579982,udp,0.0,,cs0,,63.0,,1.0,,Status,2,2,0,84,84,0,42.0,0.0,130.233459,130.233459,0.0,0,0,0,0.0,,,0.3876,0.3876,0.0,REQ,,,,,0.0,0.0,0.0,0
429306,0.0,0.0,0.0,0.0,0.0,0.0,udp,0.0,,cs0,,63.0,,1.0,,Status,1,1,0,42,42,0,42.0,0.0,0.0,0.0,0.0,0,0,0,0.0,,,0.0,0.0,0.0,REQ,,,,,0.0,0.0,0.0,0
429311,0.0,0.0,0.0,0.0,0.0,0.0,udp,0.0,,cs0,,63.0,,1.0,,Status,1,1,0,42,42,0,42.0,0.0,0.0,0.0,0.0,0,0,0,0.0,,,0.0,0.0,0.0,REQ,,,,,0.0,0.0,0.0,0
429355,0.0,0.0,0.0,0.0,0.0,0.0,udp,0.0,,cs0,,63.0,,1.0,,Status,1,1,0,42,42,0,42.0,0.0,0.0,0.0,0.0,0,0,0,0.0,,,0.0,0.0,0.0,REQ,,,,,0.0,0.0,0.0,0
429392,2.579811,2.579811,2.579811,2.579811,2.579811,2.579811,udp,0.0,,cs0,,63.0,,1.0,,Status,2,2,0,84,84,0,42.0,0.0,130.242096,130.242096,0.0,0,0,0,0.0,,,0.387625,0.387625,0.0,REQ,,,,,0.0,0.0,0.0,0
429436,2.579989,2.579989,2.579989,2.579989,2.579989,2.579989,udp,0.0,,cs0,,63.0,,1.0,,Status,2,2,0,84,84,0,42.0,0.0,130.233109,130.233109,0.0,0,0,0,0.0,,,0.387599,0.387599,0.0,REQ,,,,,0.0,0.0,0.0,0
429469,0.0,0.0,0.0,0.0,0.0,0.0,udp,0.0,,cs0,,63.0,,1.0,,Status,1,1,0,42,42,0,42.0,0.0,0.0,0.0,0.0,0,0,0,0.0,,,0.0,0.0,0.0,REQ,,,,,0.0,0.0,0.0,0
429555,0.0,0.0,0.0,0.0,0.0,0.0,udp,0.0,,cs0,,63.0,,1.0,,Status,1,1,0,42,42,0,42.0,0.0,0.0,0.0,0.0,0,0,0,0.0,,,0.0,0.0,0.0,REQ,,,,,0.0,0.0,0.0,0
429611,0.0,0.0,0.0,0.0,0.0,0.0,udp,0.0,,cs0,,63.0,,1.0,,Status,1,1,0,42,42,0,42.0,0.0,0.0,0.0,0.0,0,0,0,0.0,,,0.0,0.0,0.0,REQ,,,,,0.0,0.0,0.0,0
429655,2.577829,2.577829,2.577829,2.577829,2.577829,2.577829,udp,0.0,,cs0,,63.0,,1.0,,Status,2,2,0,84,84,0,42.0,0.0,130.342239,130.342239,0.0,0,0,0,0.0,,,0.387923,0.387923,0.0,REQ,,,,,0.0,0.0,0.0,0
429672,0.0,0.0,0.0,0.0,0.0,0.0,udp,0.0,,cs0,,63.0,,1.0,,Status,1,1,0,42,42,0,42.0,0.0,0.0,0.0,0.0,0,0,0,0.0,,,0.0,0.0,0.0,REQ,,,,,0.0,0.0,0.0,0
429705,2.584995,2.584995,2.584995,2.584995,2.584995,2.584995,udp,0.0,,cs0,,63.0,,1.0,,Status,2,2,0,84,84,0,42.0,0.0,129.980911,129.980911,0.0,0,0,0,0.0,,,0.386848,0.386848,0.0,REQ,,,,,0.0,0.0,0.0,0
429744,2.585063,2.585063,2.585063,2.585063,2.585063,2.585063,udp,0.0,,cs0,,63.0,,1.0,,Status,2,2,0,84,84,0,42.0,0.0,129.977493,129.977493,0.0,0,0,0,0.0,,,0.386838,0.386838,0.0,REQ,,,,,0.0,0.0,0.0,0
429834,0.0,0.0,0.0,0.0,0.0,0.0,udp,0.0,,cs0,,63.0,,1.0,,Status,1,1,0,42,42,0,42.0,0.0,0.0,0.0,0.0,0,0,0,0.0,,,0.0,0.0,0.0,REQ,,,,,0.0,0.0,0.0,0
429864,0.0,0.0,0.0,0.0,0.0,0.0,udp,0.0,,cs0,,63.0,,1.0,,Status,1,1,0,42,42,0,42.0,0.0,0.0,0.0,0.0,0,0,0,0.0,,,0.0,0.0,0.0,REQ,,,,,0.0,0.0,0.0,0
429918,2.579214,2.579214,2.579214,2.579214,2.579214,2.579214,udp,0.0,,cs0,,63.0,,1.0,,Status,2,2,0,84,84,0,42.0,0.0,130.272247,130.272247,0.0,0,0,0,0.0,,,0.387715,0.387715,0.0,REQ,,,,,0.0,0.0,0.0,0
429948,0.0,0.0,0.0,0.0,0.0,0.0,udp,0.0,,cs0,,63.0,,1.0,,Status,1,1,0,42,42,0,42.0,0.0,0.0,0.0,0.0,0,0,0,0.0,,,0.0,0.0,0.0,REQ,,,,,0.0,0.0,0.0,0
429950,0.0,0.0,0.0,0.0,0.0,0.0,udp,0.0,,cs0,,63.0,,1.0,,Status,1,1,0,42,42,0,42.0,0.0,0.0,0.0,0.0,0,0,0,0.0,,,0.0,0.0,0.0,REQ,,,,,0.0,0.0,0.0,0
429962,0.0,0.0,0.0,0.0,0.0,0.0,udp,0.0,,cs0,,63.0,,1.0,,Status,1,1,0,42,42,0,42.0,0.0,0.0,0.0,0.0,0,0,0,0.0,,,0.0,0.0,0.0,REQ,,,,,0.0,0.0,0.0,0
430021,2.580127,2.580127,2.580127,2.580127,2.580127,2.580127,udp,0.0,,cs0,,63.0,,1.0,,Status,2,2,0,84,84,0,42.0,0.0,130.226151,130.226151,0.0,0,0,0,0.0,,,0.387578,0.387578,0.0,REQ,,,,,0.0,0.0,0.0,0
430140,0.0,0.0,0.0,0.0,0.0,0.0,udp,0.0,,cs0,,63.0,,1.0,,Status,1,1,0,42,42,0,42.0,0.0,0.0,0.0,0.0,0,0,0,0.0,,,0.0,0.0,0.0,REQ,,,,,0.0,0.0,0.0,0
430153,2.576251,2.576251,2.576251,2.576251,2.576251,2.576251,udp,0.0,,cs0,,63.0,,1.0,,Status,2,2,0,84,84,0,42.0,0.0,130.422073,130.422073,0.0,0,0,0,0.0,,,0.388161,0.388161,0.0,REQ,,,,,0.0,0.0,0.0,0
430167,0.0,0.0,0.0,0.0,0.0,0.0,udp,0.0,,cs0,,63.0,,1.0,,Status,1,1,0,42,42,0,42.0,0.0,0.0,0.0,0.0,0,0,0,0.0,,,0.0,0.0,0.0,REQ,,,,,0.0,0.0,0.0,0
430272,0.0,0.0,0.0,0.0,0.0,0.0,udp,0.0,,cs0,,63.0,,1.0,,Status,1,1,0,42,42,0,42.0,0.0,0.0,0.0,0.0,0,0,0,0.0,,,0.0,0.0,0.0,REQ,,,,,0.0,0.0,0.0,0
430311,2.580976,2.580976,2.580976,2.580976,2.580976,2.580976,udp,0.0,,cs0,,63.0,,1.0,,Status,2,2,0,84,84,0,42.0,0.0,130.183304,130.183304,0.0,0,0,0,0.0,,,0.38745,0.38745,0.0,REQ,,,,,0.0,0.0,0.0,0
430326,0.0,0.0,0.0,0.0,0.0,0.0,udp,0.0,,cs0,,63.0,,1.0,,Status,1,1,0,42,42,0,42.0,0.0,0.0,0.0,0.0,0,0,0,0.0,,,0.0,0.0,0.0,REQ,,,,,0.0,0.0,0.0,0
430337,2.577391,2.577391,2.577391,2.577391,2.577391,2.577391,udp,0.0,,cs0,,63.0,,1.0,,Status,2,2,0,84,84,0,42.0,0.0,130.364395,130.364395,0.0,0,0,0,0.0,,,0.387989,0.387989,0.0,REQ,,,,,0.0,0.0,0.0,0
430348,2.580831,2.580831,2.580831,2.580831,2.580831,2.580831,udp,0.0,,cs0,,63.0,,1.0,,Status,2,2,0,84,84,0,42.0,0.0,130.190628,130.190628,0.0,0,0,0,0.0,,,0.387472,0.387472,0.0,REQ,,,,,0.0,0.0,0.0,0
430355,0.0,0.0,0.0,0.0,0.0,0.0,udp,0.0,,cs0,,63.0,,1.0,,Status,1,1,0,42,42,0,42.0,0.0,0.0,0.0,0.0,0,0,0,0.0,,,0.0,0.0,0.0,REQ,,,,,0.0,0.0,0.0,0
430357,0.0,0.0,0.0,0.0,0.0,0.0,udp,0.0,,cs0,,63.0,,1.0,,Status,1,1,0,42,42,0,42.0,0.0,0.0,0.0,0.0,0,0,0,0.0,,,0.0,0.0,0.0,REQ,,,,,0.0,0.0,0.0,0
430390,2.577924,2.577924,2.577924,2.577924,2.577924,2.577924,udp,0.0,,cs0,,63.0,,1.0,,Status,2,2,0,84,84,0,42.0,0.0,130.337433,130.337433,0.0,0,0,0,0.0,,,0.387909,0.387909,0.0,REQ,,,,,0.0,0.0,0.0,0
430487,0.0,0.0,0.0,0.0,0.0,0.0,udp,0.0,,cs0,,63.0,,1.0,,Status,1,1,0,42,42,0,42.0,0.0,0.0,0.0,0.0,0,0,0,0.0,,,0.0,0.0,0.0,REQ,,,,,0.0,0.0,0.0,0
430515,0.0,0.0,0.0,0.0,0.0,0.0,udp,0.0,,cs0,,63.0,,1.0,,Status,1,1,0,42,42,0,42.0,0.0,0.0,0.0,0.0,0,0,0,0.0,,,0.0,0.0,0.0,REQ,,,,,0.0,0.0,0.0,0
430518,0.0,0.0,0.0,0.0,0.0,0.0,udp,0.0,,cs0,,63.0,,1.0,,Status,1,1,0,42,42,0,42.0,0.0,0.0,0.0,0.0,0,0,0,0.0,,,0.0,0.0,0.0,REQ,,,,,0.0,0.0,0.0,0
430595,2.577073,2.577073,2.577073,2.577073,2.577073,2.577073,udp,0.0,,cs0,,63.0,,1.0,,Status,2,2,0,84,84,0,42.0,0.0,130.380463,130.380463,0.0,0,0,0,0.0,,,0.388037,0.388037,0.0,REQ,,,,,0.0,0.0,0.0,0
430723,2.576026,2.576026,2.576026,2.576026,2.576026,2.576026,udp,0.0,,cs0,,63.0,,1.0,,Status,2,2,0,84,84,0,42.0,0.0,130.433472,130.433472,0.0,0,0,0,0.0,,,0.388195,0.388195,0.0,REQ,,,,,0.0,0.0,0.0,0
430822,0.0,0.0,0.0,0.0,0.0,0.0,udp,0.0,,cs0,,63.0,,1.0,,Status,1,1,0,42,42,0,42.0,0.0,0.0,0.0,0.0,0,0,0,0.0,,,0.0,0.0,0.0,REQ,,,,,0.0,0.0,0.0,0
430846,0.0,0.0,0.0,0.0,0.0,0.0,udp,0.0,,cs0,,63.0,,1.0,,Status,1,1,0,42,42,0,42.0,0.0,0.0,0.0,0.0,0,0,0,0.0,,,0.0,0.0,0.0,REQ,,,,,0.0,0.0,0.0,0
430948,0.0,0.0,0.0,0.0,0.0,0.0,udp,0.0,,cs0,,63.0,,1.0,,Status,1,1,0,42,42,0,42.0,0.0,0.0,0.0,0.0,0,0,0,0.0,,,0.0,0.0,0.0,REQ,,,,,0.0,0.0,0.0,0
430963,2.579949,2.579949,2.579949,2.579949,2.579949,2.579949,udp,0.0,,cs0,,63.0,,1.0,,Status,2,2,0,84,84,0,42.0,0.0,130.235138,130.235138,0.0,0,0,0,0.0,,,0.387605,0.387605,0.0,REQ,,,,,0.0,0.0,0.0,0
431003,2.578963,2.578963,2.578963,2.578963,2.578963,2.578963,udp,0.0,,cs0,,63.0,,1.0,,Status,2,2,0,84,84,0,42.0,0.0,130.284927,130.284927,0.0,0,0,0,0.0,,,0.387753,0.387753,0.0,REQ,,,,,0.0,0.0,0.0,0
431014,2.579062,2.579062,2.579062,2.579062,2.579062,2.579062,udp,0.0,,cs0,,63.0,,1.0,,Status,2,2,0,84,84,0,42.0,0.0,130.279922,130.279922,0.0,0,0,0,0.0,,,0.387738,0.387738,0.0,REQ,,,,,0.0,0.0,0.0,0
431023,0.0,0.0,0.0,0.0,0.0,0.0,udp,0.0,,cs0,,63.0,,1.0,,Status,1,1,0,42,42,0,42.0,0.0,0.0,0.0,0.0,0,0,0,0.0,,,0.0,0.0,0.0,REQ,,,,,0.0,0.0,0.0,0
431241,2.579354,2.579354,2.579354,2.579354,2.579354,2.579354,udp,0.0,,cs0,,63.0,,1.0,,Status,2,2,0,84,84,0,42.0,0.0,130.265167,130.265167,0.0,0,0,0,0.0,,,0.387694,0.387694,0.0,REQ,,,,,0.0,0.0,0.0,0
431267,2.578988,2.578988,2.578988,2.578988,2.578988,2.578988,udp,0.0,,cs0,,63.0,,1.0,,Status,2,2,0,84,84,0,42.0,0.0,130.283661,130.283661,0.0,0,0,0,0.0,,,0.387749,0.387749,0.0,REQ,,,,,0.0,0.0,0.0,0
431278,0.0,0.0,0.0,0.0,0.0,0.0,udp,0.0,,cs0,,63.0,,1.0,,Status,1,1,0,42,42,0,42.0,0.0,0.0,0.0,0.0,0,0,0,0.0,,,0.0,0.0,0.0,REQ,,,,,0.0,0.0,0.0,0
431284,0.0,0.0,0.0,0.0,0.0,0.0,udp,0.0,,cs0,,63.0,,1.0,,Status,1,1,0,42,42,0,42.0,0.0,0.0,0.0,0.0,0,0,0,0.0,,,0.0,0.0,0.0,REQ,,,,,0.0,0.0,0.0,0
431423,0.0,0.0,0.0,0.0,0.0,0.0,udp,0.0,,cs0,,63.0,,1.0,,Status,1,1,0,42,42,0,42.0,0.0,0.0,0.0,0.0,0,0,0,0.0,,,0.0,0.0,0.0,REQ,,,,,0.0,0.0,0.0,0
431424,0.0,0.0,0.0,0.0,0.0,0.0,udp,0.0,,cs0,,63.0,,1.0,,Status,1,1,0,42,42,0,42.0,0.0,0.0,0.0,0.0,0,0,0,0.0,,,0.0,0.0,0.0,REQ,,,,,0.0,0.0,0.0,0
431448,2.579202,2.579202,2.579202,2.579202,2.579202,2.579202,udp,0.0,,cs0,,63.0,,1.0,,Status,2,2,0,84,84,0,42.0,0.0,130.272858,130.272858,0.0,0,0,0,0.0,,,0.387717,0.387717,0.0,REQ,,,,,0.0,0.0,0.0,0
431458,0.0,0.0,0.0,0.0,0.0,0.0,udp,0.0,,cs0,,63.0,,1.0,,Status,1,1,0,42,42,0,42.0,0.0,0.0,0.0,0.0,0,0,0,0.0,,,0.0,0.0,0.0,REQ,,,,,0.0,0.0,0.0,0
431508,2.581762,2.581762,2.581762,2.581762,2.581762,2.581762,udp,0.0,,cs0,,63.0,,1.0,,Status,2,2,0,84,84,0,42.0,0.0,130.143677,130.143677,0.0,0,0,0,0.0,,,0.387332,0.387332,0.0,REQ,,,,,0.0,0.0,0.0,0
431554,2.582464,2.582464,2.582464,2.582464,2.582464,2.582464,udp,0.0,,cs0,,63.0,,1.0,,Status,2,2,0,84,84,0,42.0,0.0,130.108307,130.108307,0.0,0,0,0,0.0,,,0.387227,0.387227,0.0,REQ,,,,,0.0,0.0,0.0,0
431561,2.580471,2.580471,2.580471,2.580471,2.580471,2.580471,udp,0.0,,cs0,,63.0,,1.0,,Status,2,2,0,84,84,0,42.0,0.0,130.208786,130.208786,0.0,0,0,0,0.0,,,0.387526,0.387526,0.0,REQ,,,,,0.0,0.0,0.0,0
431596,0.0,0.0,0.0,0.0,0.0,0.0,udp,0.0,,cs0,,63.0,,1.0,,Status,1,1,0,42,42,0,42.0,0.0,0.0,0.0,0.0,0,0,0,0.0,,,0.0,0.0,0.0,REQ,,,,,0.0,0.0,0.0,0
431667,0.0,0.0,0.0,0.0,0.0,0.0,udp,0.0,,cs0,,63.0,,1.0,,Status,1,1,0,42,42,0,42.0,0.0,0.0,0.0,0.0,0,0,0,0.0,,,0.0,0.0,0.0,REQ,,,,,0.0,0.0,0.0,0
431767,2.583238,2.583238,2.583238,2.583238,2.583238,2.583238,udp,0.0,,cs0,,63.0,,1.0,,Status,2,2,0,84,84,0,42.0,0.0,130.069321,130.069321,0.0,0,0,0,0.0,,,0.387111,0.387111,0.0,REQ,,,,,0.0,0.0,0.0,0
431811,2.5828,2.5828,2.5828,2.5828,2.5828,2.5828,udp,0.0,,cs0,,63.0,,1.0,,Status,2,2,0,84,84,0,42.0,0.0,130.091385,130.091385,0.0,0,0,0,0.0,,,0.387177,0.387177,0.0,REQ,,,,,0.0,0.0,0.0,0
431822,2.582635,2.582635,2.582635,2.582635,2.582635,2.582635,udp,0.0,,cs0,,63.0,,1.0,,Status,2,2,0,84,84,0,42.0,0.0,130.099686,130.099686,0.0,0,0,0,0.0,,,0.387201,0.387201,0.0,REQ,,,,,0.0,0.0,0.0,0
431862,0.0,0.0,0.0,0.0,0.0,0.0,udp,0.0,,cs0,,63.0,,1.0,,Status,1,1,0,42,42,0,42.0,0.0,0.0,0.0,0.0,0,0,0,0.0,,,0.0,0.0,0.0,REQ,,,,,0.0,0.0,0.0,0
431888,0.0,0.0,0.0,0.0,0.0,0.0,udp,0.0,,cs0,,63.0,,1.0,,Status,1,1,0,42,42,0,42.0,0.0,0.0,0.0,0.0,0,0,0,0.0,,,0.0,0.0,0.0,REQ,,,,,0.0,0.0,0.0,0
431944,0.0,0.0,0.0,0.0,0.0,0.0,udp,0.0,,cs0,,63.0,,1.0,,Status,1,1,0,42,42,0,42.0,0.0,0.0,0.0,0.0,0,0,0,0.0,,,0.0,0.0,0.0,REQ,,,,,0.0,0.0,0.0,0
431959,0.0,0.0,0.0,0.0,0.0,0.0,udp,0.0,,cs0,,63.0,,1.0,,Status,1,1,0,42,42,0,42.0,0.0,0.0,0.0,0.0,0,0,0,0.0,,,0.0,0.0,0.0,REQ,,,,,0.0,0.0,0.0,0
431972,2.581616,2.581616,2.581616,2.581616,2.581616,2.581616,udp,0.0,,cs0,,63.0,,1.0,,Status,2,2,0,84,84,0,42.0,0.0,130.151047,130.151047,0.0,0,0,0,0.0,,,0.387354,0.387354,0.0,REQ,,,,,0.0,0.0,0.0,0
432001,2.582049,2.582049,2.582049,2.582049,2.582049,2.582049,udp,0.0,,cs0,,63.0,,1.0,,Status,2,2,0,84,84,0,42.0,0.0,130.129211,130.129211,0.0,0,0,0,0.0,,,0.387289,0.387289,0.0,REQ,,,,,0.0,0.0,0.0,0
432051,2.582152,2.582152,2.582152,2.582152,2.582152,2.582152,udp,0.0,,cs0,,63.0,,1.0,,Status,2,2,0,84,84,0,42.0,0.0,130.124023,130.124023,0.0,0,0,0,0.0,,,0.387274,0.387274,0.0,REQ,,,,,0.0,0.0,0.0,0
432095,0.0,0.0,0.0,0.0,0.0,0.0,udp,0.0,,cs0,,63.0,,1.0,,Status,1,1,0,42,42,0,42.0,0.0,0.0,0.0,0.0,0,0,0,0.0,,,0.0,0.0,0.0,REQ,,,,,0.0,0.0,0.0,0
432132,2.578235,2.578235,2.578235,2.578235,2.578235,2.578235,udp,0.0,,cs0,,63.0,,1.0,,Status,2,2,0,84,84,0,42.0,0.0,130.321716,130.321716,0.0,0,0,0,0.0,,,0.387862,0.387862,0.0,REQ,,,,,0.0,0.0,0.0,0
432145,2.578936,2.578936,2.578936,2.578936,2.578936,2.578936,udp,0.0,,cs0,,63.0,,1.0,,Status,2,2,0,84,84,0,42.0,0.0,130.286285,130.286285,0.0,0,0,0,0.0,,,0.387757,0.387757,0.0,REQ,,,,,0.0,0.0,0.0,0
432183,0.0,0.0,0.0,0.0,0.0,0.0,udp,0.0,,cs0,,63.0,,1.0,,Status,1,1,0,42,42,0,42.0,0.0,0.0,0.0,0.0,0,0,0,0.0,,,0.0,0.0,0.0,REQ,,,,,0.0,0.0,0.0,0
432287,2.583,2.583,2.583,2.583,2.583,2.583,udp,0.0,,cs0,,63.0,,1.0,,Status,2,2,0,84,84,0,42.0,0.0,130.081299,130.081299,0.0,0,0,0,0.0,,,0.387147,0.387147,0.0,REQ,,,,,0.0,0.0,0.0,0
432291,2.583,2.583,2.583,2.583,2.583,2.583,udp,0.0,,cs0,,63.0,,1.0,,Status,2,2,0,84,84,0,42.0,0.0,130.081299,130.081299,0.0,0,0,0,0.0,,,0.387147,0.387147,0.0,REQ,,,,,0.0,0.0,0.0,0
432355,0.0,0.0,0.0,0.0,0.0,0.0,udp,0.0,,cs0,,63.0,,1.0,,Status,1,1,0,42,42,0,42.0,0.0,0.0,0.0,0.0,0,0,0,0.0,,,0.0,0.0,0.0,REQ,,,,,0.0,0.0,0.0,0
432356,0.0,0.0,0.0,0.0,0.0,0.0,udp,0.0,,cs0,,63.0,,1.0,,Status,1,1,0,42,42,0,42.0,0.0,0.0,0.0,0.0,0,0,0,0.0,,,0.0,0.0,0.0,REQ,,,,,0.0,0.0,0.0,0
432515,0.0,0.0,0.0,0.0,0.0,0.0,udp,0.0,,cs0,,63.0,,1.0,,Status,1,1,0,42,42,0,42.0,0.0,0.0,0.0,0.0,0,0,0,0.0,,,0.0,0.0,0.0,REQ,,,,,0.0,0.0,0.0,0
432595,0.0,0.0,0.0,0.0,0.0,0.0,udp,0.0,,cs0,,63.0,,1.0,,Status,1,1,0,42,42,0,42.0,0.0,0.0,0.0,0.0,0,0,0,0.0,,,0.0,0.0,0.0,REQ,,,,,0.0,0.0,0.0,0
432611,0.0,0.0,0.0,0.0,0.0,0.0,udp,0.0,,cs0,,63.0,,1.0,,Status,1,1,0,42,42,0,42.0,0.0,0.0,0.0,0.0,0,0,0,0.0,,,0.0,0.0,0.0,REQ,,,,,0.0,0.0,0.0,0
432707,0.0,0.0,0.0,0.0,0.0,0.0,udp,0.0,,cs0,,63.0,,1.0,,Status,1,1,0,42,42,0,42.0,0.0,0.0,0.0,0.0,0,0,0,0.0,,,0.0,0.0,0.0,REQ,,,,,0.0,0.0,0.0,0
432739,0.0,0.0,0.0,0.0,0.0,0.0,udp,0.0,,cs0,,63.0,,1.0,,Status,1,1,0,42,42,0,42.0,0.0,0.0,0.0,0.0,0,0,0,0.0,,,0.0,0.0,0.0,REQ,,,,,0.0,0.0,0.0,0
432886,2.581228,2.581228,2.581228,2.581228,2.581228,2.581228,udp,0.0,,cs0,,63.0,,1.0,,Status,2,2,0,84,84,0,42.0,0.0,130.170593,130.170593,0.0,0,0,0,0.0,,,0.387412,0.387412,0.0,REQ,,,,,0.0,0.0,0.0,0
432900,2.581192,2.581192,2.581192,2.581192,2.581192,2.581192,udp,0.0,,cs0,,63.0,,1.0,,Status,2,2,0,84,84,0,42.0,0.0,130.172409,130.172409,0.0,0,0,0,0.0,,,0.387418,0.387418,0.0,REQ,,,,,0.0,0.0,0.0,0
432956,0.0,0.0,0.0,0.0,0.0,0.0,udp,0.0,,cs0,,63.0,,1.0,,Status,1,1,0,42,42,0,42.0,0.0,0.0,0.0,0.0,0,0,0,0.0,,,0.0,0.0,0.0,REQ,,,,,0.0,0.0,0.0,0
432986,0.0,0.0,0.0,0.0,0.0,0.0,udp,0.0,,cs0,,63.0,,1.0,,Status,1,1,0,42,42,0,42.0,0.0,0.0,0.0,0.0,0,0,0,0.0,,,0.0,0.0,0.0,REQ,,,,,0.0,0.0,0.0,0
433016,0.0,0.0,0.0,0.0,0.0,0.0,udp,0.0,,cs0,,63.0,,1.0,,Status,1,1,0,42,42,0,42.0,0.0,0.0,0.0,0.0,0,0,0,0.0,,,0.0,0.0,0.0,REQ,,,,,0.0,0.0,0.0,0
433049,2.585284,2.585284,2.585284,2.585284,2.585284,2.585284,udp,0.0,,cs0,,63.0,,1.0,,Status,2,2,0,84,84,0,42.0,0.0,129.966385,129.966385,0.0,0,0,0,0.0,,,0.386805,0.386805,0.0,REQ,,,,,0.0,0.0,0.0,0
433059,0.0,0.0,0.0,0.0,0.0,0.0,udp,0.0,,cs0,,63.0,,1.0,,Status,1,1,0,42,42,0,42.0,0.0,0.0,0.0,0.0,0,0,0,0.0,,,0.0,0.0,0.0,REQ,,,,,0.0,0.0,0.0,0
433083,0.0,0.0,0.0,0.0,0.0,0.0,udp,0.0,,cs0,,63.0,,1.0,,Status,1,1,0,42,42,0,42.0,0.0,0.0,0.0,0.0,0,0,0,0.0,,,0.0,0.0,0.0,REQ,,,,,0.0,0.0,0.0,0
433157,0.0,0.0,0.0,0.0,0.0,0.0,udp,0.0,,cs0,,63.0,,1.0,,Status,1,1,0,42,42,0,42.0,0.0,0.0,0.0,0.0,0,0,0,0.0,,,0.0,0.0,0.0,REQ,,,,,0.0,0.0,0.0,0
433165,2.579292,2.579292,2.579292,2.579292,2.579292,2.579292,udp,0.0,,cs0,,63.0,,1.0,,Status,2,2,0,84,84,0,42.0,0.0,130.268311,130.268311,0.0,0,0,0,0.0,,,0.387703,0.387703,0.0,REQ,,,,,0.0,0.0,0.0,0
433297,0.0,0.0,0.0,0.0,0.0,0.0,udp,0.0,,cs0,,63.0,,1.0,,Status,1,1,0,42,42,0,42.0,0.0,0.0,0.0,0.0,0,0,0,0.0,,,0.0,0.0,0.0,REQ,,,,,0.0,0.0,0.0,0
433302,0.0,0.0,0.0,0.0,0.0,0.0,udp,0.0,,cs0,,63.0,,1.0,,Status,1,1,0,42,42,0,42.0,0.0,0.0,0.0,0.0,0,0,0,0.0,,,0.0,0.0,0.0,REQ,,,,,0.0,0.0,0.0,0
433339,0.0,0.0,0.0,0.0,0.0,0.0,udp,0.0,,cs0,,63.0,,1.0,,Status,1,1,0,42,42,0,42.0,0.0,0.0,0.0,0.0,0,0,0,0.0,,,0.0,0.0,0.0,REQ,,,,,0.0,0.0,0.0,0
433359,2.580065,2.580065,2.580065,2.580065,2.580065,2.580065,udp,0.0,,cs0,,63.0,,1.0,,Status,2,2,0,84,84,0,42.0,0.0,130.229279,130.229279,0.0,0,0,0,0.0,,,0.387587,0.387587,0.0,REQ,,,,,0.0,0.0,0.0,0
433425,0.0,0.0,0.0,0.0,0.0,0.0,udp,0.0,,cs0,,63.0,,1.0,,Status,1,1,0,42,42,0,42.0,0.0,0.0,0.0,0.0,0,0,0,0.0,,,0.0,0.0,0.0,REQ,,,,,0.0,0.0,0.0,0
433496,0.0,0.0,0.0,0.0,0.0,0.0,udp,0.0,,cs0,,63.0,,1.0,,Status,1,1,0,42,42,0,42.0,0.0,0.0,0.0,0.0,0,0,0,0.0,,,0.0,0.0,0.0,REQ,,,,,0.0,0.0,0.0,0
433498,0.0,0.0,0.0,0.0,0.0,0.0,udp,0.0,,cs0,,63.0,,1.0,,Status,1,1,0,42,42,0,42.0,0.0,0.0,0.0,0.0,0,0,0,0.0,,,0.0,0.0,0.0,REQ,,,,,0.0,0.0,0.0,0
433620,0.0,0.0,0.0,0.0,0.0,0.0,udp,0.0,,cs0,,63.0,,1.0,,Status,1,1,0,42,42,0,42.0,0.0,0.0,0.0,0.0,0,0,0,0.0,,,0.0,0.0,0.0,REQ,,,,,0.0,0.0,0.0,0
433621,0.0,0.0,0.0,0.0,0.0,0.0,udp,0.0,,cs0,,63.0,,1.0,,Status,1,1,0,42,42,0,42.0,0.0,0.0,0.0,0.0,0,0,0,0.0,,,0.0,0.0,0.0,REQ,,,,,0.0,0.0,0.0,0
433654,2.579084,2.579084,2.579084,2.579084,2.579084,2.579084,udp,0.0,,cs0,,63.0,,1.0,,Status,2,2,0,84,84,0,42.0,0.0,130.278824,130.278824,0.0,0,0,0,0.0,,,0.387735,0.387735,0.0,REQ,,,,,0.0,0.0,0.0,0
433734,0.0,0.0,0.0,0.0,0.0,0.0,udp,0.0,,cs0,,63.0,,1.0,,Status,1,1,0,42,42,0,42.0,0.0,0.0,0.0,0.0,0,0,0,0.0,,,0.0,0.0,0.0,REQ,,,,,0.0,0.0,0.0,0
433758,2.581999,2.581999,2.581999,2.581999,2.581999,2.581999,udp,0.0,,cs0,,63.0,,1.0,,Status,2,2,0,84,84,0,42.0,0.0,130.131729,130.131729,0.0,0,0,0,0.0,,,0.387297,0.387297,0.0,REQ,,,,,0.0,0.0,0.0,0
433810,2.583242,2.583242,2.583242,2.583242,2.583242,2.583242,udp,0.0,,cs0,,63.0,,1.0,,Status,2,2,0,84,84,0,42.0,0.0,130.069122,130.069122,0.0,0,0,0,0.0,,,0.38711,0.38711,0.0,REQ,,,,,0.0,0.0,0.0,0
433832,0.0,0.0,0.0,0.0,0.0,0.0,udp,0.0,,cs0,,63.0,,1.0,,Status,1,1,0,42,42,0,42.0,0.0,0.0,0.0,0.0,0,0,0,0.0,,,0.0,0.0,0.0,REQ,,,,,0.0,0.0,0.0,0
433914,0.0,0.0,0.0,0.0,0.0,0.0,udp,0.0,,cs0,,63.0,,1.0,,Status,1,1,0,42,42,0,42.0,0.0,0.0,0.0,0.0,0,0,0,0.0,,,0.0,0.0,0.0,REQ,,,,,0.0,0.0,0.0,0
433932,0.0,0.0,0.0,0.0,0.0,0.0,udp,0.0,,cs0,,63.0,,1.0,,Status,1,1,0,42,42,0,42.0,0.0,0.0,0.0,0.0,0,0,0,0.0,,,0.0,0.0,0.0,REQ,,,,,0.0,0.0,0.0,0
433994,2.584084,2.584084,2.584084,2.584084,2.584084,2.584084,udp,0.0,,cs0,,63.0,,1.0,,Status,2,2,0,84,84,0,42.0,0.0,130.026733,130.026733,0.0,0,0,0,0.0,,,0.386984,0.386984,0.0,REQ,,,,,0.0,0.0,0.0,0
434011,2.58413,2.58413,2.58413,2.58413,2.58413,2.58413,udp,0.0,,cs0,,63.0,,1.0,,Status,2,2,0,84,84,0,42.0,0.0,130.024414,130.024414,0.0,0,0,0,0.0,,,0.386977,0.386977,0.0,REQ,,,,,0.0,0.0,0.0,0
434012,2.58413,2.58413,2.58413,2.58413,2.58413,2.58413,udp,0.0,,cs0,,63.0,,1.0,,Status,2,2,0,84,84,0,42.0,0.0,130.024414,130.024414,0.0,0,0,0,0.0,,,0.386977,0.386977,0.0,REQ,,,,,0.0,0.0,0.0,0
434046,2.587907,2.587907,2.587907,2.587907,2.587907,2.587907,udp,0.0,,cs0,,63.0,,1.0,,Status,2,2,0,84,84,0,42.0,0.0,129.834641,129.834641,0.0,0,0,0,0.0,,,0.386413,0.386413,0.0,REQ,,,,,0.0,0.0,0.0,0
434098,2.580126,2.580126,2.580126,2.580126,2.580126,2.580126,udp,0.0,,cs0,,63.0,,1.0,,Status,2,2,0,84,84,0,42.0,0.0,130.226196,130.226196,0.0,0,0,0,0.0,,,0.387578,0.387578,0.0,REQ,,,,,0.0,0.0,0.0,0
434120,0.0,0.0,0.0,0.0,0.0,0.0,udp,0.0,,cs0,,63.0,,1.0,,Status,1,1,0,42,42,0,42.0,0.0,0.0,0.0,0.0,0,0,0,0.0,,,0.0,0.0,0.0,REQ,,,,,0.0,0.0,0.0,0
434208,0.0,0.0,0.0,0.0,0.0,0.0,udp,0.0,,cs0,,63.0,,1.0,,Status,1,1,0,42,42,0,42.0,0.0,0.0,0.0,0.0,0,0,0,0.0,,,0.0,0.0,0.0,REQ,,,,,0.0,0.0,0.0,0
434257,0.0,0.0,0.0,0.0,0.0,0.0,udp,0.0,,cs0,,63.0,,1.0,,Status,1,1,0,42,42,0,42.0,0.0,0.0,0.0,0.0,0,0,0,0.0,,,0.0,0.0,0.0,REQ,,,,,0.0,0.0,0.0,0
434263,0.0,0.0,0.0,0.0,0.0,0.0,udp,0.0,,cs0,,63.0,,1.0,,Status,1,1,0,42,42,0,42.0,0.0,0.0,0.0,0.0,0,0,0,0.0,,,0.0,0.0,0.0,REQ,,,,,0.0,0.0,0.0,0
434318,2.579793,2.579793,2.579793,2.579793,2.579793,2.579793,udp,0.0,,cs0,,63.0,,1.0,,Status,2,2,0,84,84,0,42.0,0.0,130.243011,130.243011,0.0,0,0,0,0.0,,,0.387628,0.387628,0.0,REQ,,,,,0.0,0.0,0.0,0
434378,2.578144,2.578144,2.578144,2.578144,2.578144,2.578144,udp,0.0,,cs0,,63.0,,1.0,,Status,2,2,0,84,84,0,42.0,0.0,130.326309,130.326309,0.0,0,0,0,0.0,,,0.387876,0.387876,0.0,REQ,,,,,0.0,0.0,0.0,0
434387,0.0,0.0,0.0,0.0,0.0,0.0,udp,0.0,,cs0,,63.0,,1.0,,Status,1,1,0,42,42,0,42.0,0.0,0.0,0.0,0.0,0,0,0,0.0,,,0.0,0.0,0.0,REQ,,,,,0.0,0.0,0.0,0
434413,0.0,0.0,0.0,0.0,0.0,0.0,udp,0.0,,cs0,,63.0,,1.0,,Status,1,1,0,42,42,0,42.0,0.0,0.0,0.0,0.0,0,0,0,0.0,,,0.0,0.0,0.0,REQ,,,,,0.0,0.0,0.0,0
434419,0.0,0.0,0.0,0.0,0.0,0.0,udp,0.0,,cs0,,63.0,,1.0,,Status,1,1,0,42,42,0,42.0,0.0,0.0,0.0,0.0,0,0,0,0.0,,,0.0,0.0,0.0,REQ,,,,,0.0,0.0,0.0,0
434476,0.0,0.0,0.0,0.0,0.0,0.0,udp,0.0,,cs0,,63.0,,1.0,,Status,1,1,0,42,42,0,42.0,0.0,0.0,0.0,0.0,0,0,0,0.0,,,0.0,0.0,0.0,REQ,,,,,0.0,0.0,0.0,0
434541,0.0,0.0,0.0,0.0,0.0,0.0,udp,0.0,,cs0,,63.0,,1.0,,Status,1,1,0,42,42,0,42.0,0.0,0.0,0.0,0.0,0,0,0,0.0,,,0.0,0.0,0.0,REQ,,,,,0.0,0.0,0.0,0
434640,0.0,0.0,0.0,0.0,0.0,0.0,udp,0.0,,cs0,,63.0,,1.0,,Status,1,1,0,42,42,0,42.0,0.0,0.0,0.0,0.0,0,0,0,0.0,,,0.0,0.0,0.0,REQ,,,,,0.0,0.0,0.0,0
434651,0.0,0.0,0.0,0.0,0.0,0.0,udp,0.0,,cs0,,63.0,,1.0,,Status,1,1,0,42,42,0,42.0,0.0,0.0,0.0,0.0,0,0,0,0.0,,,0.0,0.0,0.0,REQ,,,,,0.0,0.0,0.0,0
434655,0.0,0.0,0.0,0.0,0.0,0.0,udp,0.0,,cs0,,63.0,,1.0,,Status,1,1,0,42,42,0,42.0,0.0,0.0,0.0,0.0,0,0,0,0.0,,,0.0,0.0,0.0,REQ,,,,,0.0,0.0,0.0,0
434863,2.578844,2.578844,2.578844,2.578844,2.578844,2.578844,udp,0.0,,cs0,,63.0,,1.0,,Status,2,2,0,84,84,0,42.0,0.0,130.290939,130.290939,0.0,0,0,0,0.0,,,0.387771,0.387771,0.0,REQ,,,,,0.0,0.0,0.0,0
434881,2.579347,2.579347,2.579347,2.579347,2.579347,2.579347,udp,0.0,,cs0,,63.0,,1.0,,Status,2,2,0,84,84,0,42.0,0.0,130.265533,130.265533,0.0,0,0,0,0.0,,,0.387695,0.387695,0.0,REQ,,,,,0.0,0.0,0.0,0
434920,0.0,0.0,0.0,0.0,0.0,0.0,udp,0.0,,cs0,,63.0,,1.0,,Status,1,1,0,42,42,0,42.0,0.0,0.0,0.0,0.0,0,0,0,0.0,,,0.0,0.0,0.0,REQ,,,,,0.0,0.0,0.0,0
434967,0.0,0.0,0.0,0.0,0.0,0.0,udp,0.0,,cs0,,63.0,,1.0,,Status,1,1,0,42,42,0,42.0,0.0,0.0,0.0,0.0,0,0,0,0.0,,,0.0,0.0,0.0,REQ,,,,,0.0,0.0,0.0,0
435071,0.0,0.0,0.0,0.0,0.0,0.0,udp,0.0,,cs0,,63.0,,1.0,,Status,1,1,0,42,42,0,42.0,0.0,0.0,0.0,0.0,0,0,0,0.0,,,0.0,0.0,0.0,REQ,,,,,0.0,0.0,0.0,0
435192,2.581524,2.581524,2.581524,2.581524,2.581524,2.581524,udp,0.0,,cs0,,63.0,,1.0,,Status,2,2,0,84,84,0,42.0,0.0,130.155685,130.155685,0.0,0,0,0,0.0,,,0.387368,0.387368,0.0,REQ,,,,,0.0,0.0,0.0,0
435215,2.578342,2.578342,2.578342,2.578342,2.578342,2.578342,udp,0.0,,cs0,,63.0,,1.0,,Status,2,2,0,84,84,0,42.0,0.0,130.316299,130.316299,0.0,0,0,0,0.0,,,0.387846,0.387846,0.0,REQ,,,,,0.0,0.0,0.0,0
435448,2.580969,2.580969,2.580969,2.580969,2.580969,2.580969,udp,0.0,,cs0,,63.0,,1.0,,Status,2,2,0,84,84,0,42.0,0.0,130.183655,130.183655,0.0,0,0,0,0.0,,,0.387451,0.387451,0.0,REQ,,,,,0.0,0.0,0.0,0
435465,2.581149,2.581149,2.581149,2.581149,2.581149,2.581149,udp,0.0,,cs0,,63.0,,1.0,,Status,2,2,0,84,84,0,42.0,0.0,130.174576,130.174576,0.0,0,0,0,0.0,,,0.387424,0.387424,0.0,REQ,,,,,0.0,0.0,0.0,0
435484,2.581215,2.581215,2.581215,2.581215,2.581215,2.581215,udp,0.0,,cs0,,63.0,,1.0,,Status,2,2,0,84,84,0,42.0,0.0,130.171265,130.171265,0.0,0,0,0,0.0,,,0.387414,0.387414,0.0,REQ,,,,,0.0,0.0,0.0,0
435489,2.581237,2.581237,2.581237,2.581237,2.581237,2.581237,udp,0.0,,cs0,,63.0,,1.0,,Status,2,2,0,84,84,0,42.0,0.0,130.170151,130.170151,0.0,0,0,0,0.0,,,0.387411,0.387411,0.0,REQ,,,,,0.0,0.0,0.0,0
435494,2.581153,2.581153,2.581153,2.581153,2.581153,2.581153,udp,0.0,,cs0,,63.0,,1.0,,Status,2,2,0,84,84,0,42.0,0.0,130.174393,130.174393,0.0,0,0,0,0.0,,,0.387424,0.387424,0.0,REQ,,,,,0.0,0.0,0.0,0
435529,2.580044,2.580044,2.580044,2.580044,2.580044,2.580044,udp,0.0,,cs0,,63.0,,1.0,,Status,2,2,0,84,84,0,42.0,0.0,130.230331,130.230331,0.0,0,0,0,0.0,,,0.38759,0.38759,0.0,REQ,,,,,0.0,0.0,0.0,0
435534,2.580091,2.580091,2.580091,2.580091,2.580091,2.580091,udp,0.0,,cs0,,63.0,,1.0,,Status,2,2,0,84,84,0,42.0,0.0,130.227966,130.227966,0.0,0,0,0,0.0,,,0.387583,0.387583,0.0,REQ,,,,,0.0,0.0,0.0,0
435568,0.0,0.0,0.0,0.0,0.0,0.0,udp,0.0,,cs0,,63.0,,1.0,,Status,1,1,0,42,42,0,42.0,0.0,0.0,0.0,0.0,0,0,0,0.0,,,0.0,0.0,0.0,REQ,,,,,0.0,0.0,0.0,0
435604,2.581894,2.581894,2.581894,2.581894,2.581894,2.581894,udp,0.0,,cs0,,63.0,,1.0,,Status,2,2,0,84,84,0,42.0,0.0,130.137024,130.137024,0.0,0,0,0,0.0,,,0.387313,0.387313,0.0,REQ,,,,,0.0,0.0,0.0,0
435701,2.57792,2.57792,2.57792,2.57792,2.57792,2.57792,udp,0.0,,cs0,,63.0,,1.0,,Status,2,2,0,84,84,0,42.0,0.0,130.337631,130.337631,0.0,0,0,0,0.0,,,0.38791,0.38791,0.0,REQ,,,,,0.0,0.0,0.0,0
435710,2.581129,2.581129,2.581129,2.581129,2.581129,2.581129,udp,0.0,,cs0,,63.0,,1.0,,Status,2,2,0,84,84,0,42.0,0.0,130.175583,130.175583,0.0,0,0,0,0.0,,,0.387427,0.387427,0.0,REQ,,,,,0.0,0.0,0.0,0
435746,2.580957,2.580957,2.580957,2.580957,2.580957,2.580957,udp,0.0,,cs0,,63.0,,1.0,,Status,2,2,0,84,84,0,42.0,0.0,130.184265,130.184265,0.0,0,0,0,0.0,,,0.387453,0.387453,0.0,REQ,,,,,0.0,0.0,0.0,0
435756,0.0,0.0,0.0,0.0,0.0,0.0,udp,0.0,,cs0,,63.0,,1.0,,Status,1,1,0,42,42,0,42.0,0.0,0.0,0.0,0.0,0,0,0,0.0,,,0.0,0.0,0.0,REQ,,,,,0.0,0.0,0.0,0
435835,0.0,0.0,0.0,0.0,0.0,0.0,udp,0.0,,cs0,,63.0,,1.0,,Status,1,1,0,42,42,0,42.0,0.0,0.0,0.0,0.0,0,0,0,0.0,,,0.0,0.0,0.0,REQ,,,,,0.0,0.0,0.0,0
435916,0.0,0.0,0.0,0.0,0.0,0.0,udp,0.0,,cs0,,63.0,,1.0,,Status,1,1,0,42,42,0,42.0,0.0,0.0,0.0,0.0,0,0,0,0.0,,,0.0,0.0,0.0,REQ,,,,,0.0,0.0,0.0,0
435925,0.0,0.0,0.0,0.0,0.0,0.0,udp,0.0,,cs0,,63.0,,1.0,,Status,1,1,0,42,42,0,42.0,0.0,0.0,0.0,0.0,0,0,0,0.0,,,0.0,0.0,0.0,REQ,,,,,0.0,0.0,0.0,0
435976,2.583052,2.583052,2.583052,2.583052,2.583052,2.583052,udp,0.0,,cs0,,63.0,,1.0,,Status,2,2,0,84,84,0,42.0,0.0,130.07869,130.07869,0.0,0,0,0,0.0,,,0.387139,0.387139,0.0,REQ,,,,,0.0,0.0,0.0,0
435985,2.582405,2.582405,2.582405,2.582405,2.582405,2.582405,udp,0.0,,cs0,,63.0,,1.0,,Status,2,2,0,84,84,0,42.0,0.0,130.111267,130.111267,0.0,0,0,0,0.0,,,0.387236,0.387236,0.0,REQ,,,,,0.0,0.0,0.0,0
435990,2.580289,2.580289,2.580289,2.580289,2.580289,2.580289,udp,0.0,,cs0,,63.0,,1.0,,Status,2,2,0,84,84,0,42.0,0.0,130.217972,130.217972,0.0,0,0,0,0.0,,,0.387554,0.387554,0.0,REQ,,,,,0.0,0.0,0.0,0
435994,2.578347,2.578347,2.578347,2.578347,2.578347,2.578347,udp,0.0,,cs0,,63.0,,1.0,,Status,2,2,0,84,84,0,42.0,0.0,130.316055,130.316055,0.0,0,0,0,0.0,,,0.387845,0.387845,0.0,REQ,,,,,0.0,0.0,0.0,0
436011,2.577303,2.577303,2.577303,2.577303,2.577303,2.577303,udp,0.0,,cs0,,63.0,,1.0,,Status,2,2,0,84,84,0,42.0,0.0,130.368835,130.368835,0.0,0,0,0,0.0,,,0.388003,0.388003,0.0,REQ,,,,,0.0,0.0,0.0,0
436032,2.581743,2.581743,2.581743,2.581743,2.581743,2.581743,udp,0.0,,cs0,,63.0,,1.0,,Status,2,2,0,84,84,0,42.0,0.0,130.144638,130.144638,0.0,0,0,0,0.0,,,0.387335,0.387335,0.0,REQ,,,,,0.0,0.0,0.0,0
436083,2.58307,2.58307,2.58307,2.58307,2.58307,2.58307,udp,0.0,,cs0,,63.0,,1.0,,Status,2,2,0,84,84,0,42.0,0.0,130.077774,130.077774,0.0,0,0,0,0.0,,,0.387136,0.387136,0.0,REQ,,,,,0.0,0.0,0.0,0
436232,0.0,0.0,0.0,0.0,0.0,0.0,udp,0.0,,cs0,,63.0,,1.0,,Status,1,1,0,42,42,0,42.0,0.0,0.0,0.0,0.0,0,0,0,0.0,,,0.0,0.0,0.0,REQ,,,,,0.0,0.0,0.0,0
436550,0.0,0.0,0.0,0.0,0.0,0.0,udp,0.0,,cs0,,63.0,,1.0,,Status,1,1,0,42,42,0,42.0,0.0,0.0,0.0,0.0,0,0,0,0.0,,,0.0,0.0,0.0,REQ,,,,,0.0,0.0,0.0,0
436553,0.0,0.0,0.0,0.0,0.0,0.0,udp,0.0,,cs0,,63.0,,1.0,,Status,1,1,0,42,42,0,42.0,0.0,0.0,0.0,0.0,0,0,0,0.0,,,0.0,0.0,0.0,REQ,,,,,0.0,0.0,0.0,0
436642,2.575974,2.575974,2.575974,2.575974,2.575974,2.575974,udp,0.0,,cs0,,63.0,,1.0,,Status,2,2,0,84,84,0,42.0,0.0,130.436096,130.436096,0.0,0,0,0,0.0,,,0.388203,0.388203,0.0,REQ,,,,,0.0,0.0,0.0,0
436661,2.58083,2.58083,2.58083,2.58083,2.58083,2.58083,udp,0.0,,cs0,,63.0,,1.0,,Status,2,2,0,84,84,0,42.0,0.0,130.190674,130.190674,0.0,0,0,0,0.0,,,0.387472,0.387472,0.0,REQ,,,,,0.0,0.0,0.0,0
436663,2.580831,2.580831,2.580831,2.580831,2.580831,2.580831,udp,0.0,,cs0,,63.0,,1.0,,Status,2,2,0,84,84,0,42.0,0.0,130.190628,130.190628,0.0,0,0,0,0.0,,,0.387472,0.387472,0.0,REQ,,,,,0.0,0.0,0.0,0
436665,2.580831,2.580831,2.580831,2.580831,2.580831,2.580831,udp,0.0,,cs0,,63.0,,1.0,,Status,2,2,0,84,84,0,42.0,0.0,130.190628,130.190628,0.0,0,0,0,0.0,,,0.387472,0.387472,0.0,REQ,,,,,0.0,0.0,0.0,0
436675,0.0,0.0,0.0,0.0,0.0,0.0,udp,0.0,,cs0,,63.0,,1.0,,Status,1,1,0,42,42,0,42.0,0.0,0.0,0.0,0.0,0,0,0,0.0,,,0.0,0.0,0.0,REQ,,,,,0.0,0.0,0.0,0
436717,0.0,0.0,0.0,0.0,0.0,0.0,udp,0.0,,cs0,,63.0,,1.0,,Status,1,1,0,42,42,0,42.0,0.0,0.0,0.0,0.0,0,0,0,0.0,,,0.0,0.0,0.0,REQ,,,,,0.0,0.0,0.0,0
436743,0.0,0.0,0.0,0.0,0.0,0.0,udp,0.0,,cs0,,63.0,,1.0,,Status,1,1,0,42,42,0,42.0,0.0,0.0,0.0,0.0,0,0,0,0.0,,,0.0,0.0,0.0,REQ,,,,,0.0,0.0,0.0,0
436748,0.0,0.0,0.0,0.0,0.0,0.0,udp,0.0,,cs0,,63.0,,1.0,,Status,1,1,0,42,42,0,42.0,0.0,0.0,0.0,0.0,0,0,0,0.0,,,0.0,0.0,0.0,REQ,,,,,0.0,0.0,0.0,0
436789,2.580978,2.580978,2.580978,2.580978,2.580978,2.580978,udp,0.0,,cs0,,63.0,,1.0,,Status,2,2,0,84,84,0,42.0,0.0,130.183212,130.183212,0.0,0,0,0,0.0,,,0.38745,0.38745,0.0,REQ,,,,,0.0,0.0,0.0,0
436806,2.581062,2.581062,2.581062,2.581062,2.581062,2.581062,udp,0.0,,cs0,,63.0,,1.0,,Status,2,2,0,84,84,0,42.0,0.0,130.17897,130.17897,0.0,0,0,0,0.0,,,0.387437,0.387437,0.0,REQ,,,,,0.0,0.0,0.0,0
436909,0.0,0.0,0.0,0.0,0.0,0.0,udp,0.0,,cs0,,63.0,,1.0,,Status,1,1,0,42,42,0,42.0,0.0,0.0,0.0,0.0,0,0,0,0.0,,,0.0,0.0,0.0,REQ,,,,,0.0,0.0,0.0,0
436912,0.0,0.0,0.0,0.0,0.0,0.0,udp,0.0,,cs0,,63.0,,1.0,,Status,1,1,0,42,42,0,42.0,0.0,0.0,0.0,0.0,0,0,0,0.0,,,0.0,0.0,0.0,REQ,,,,,0.0,0.0,0.0,0
436917,0.0,0.0,0.0,0.0,0.0,0.0,udp,0.0,,cs0,,63.0,,1.0,,Status,1,1,0,42,42,0,42.0,0.0,0.0,0.0,0.0,0,0,0,0.0,,,0.0,0.0,0.0,REQ,,,,,0.0,0.0,0.0,0
436925,2.582877,2.582877,2.582877,2.582877,2.582877,2.582877,udp,0.0,,cs0,,63.0,,1.0,,Status,2,2,0,84,84,0,42.0,0.0,130.087494,130.087494,0.0,0,0,0,0.0,,,0.387165,0.387165,0.0,REQ,,,,,0.0,0.0,0.0,0
437009,0.0,0.0,0.0,0.0,0.0,0.0,udp,0.0,,cs0,,63.0,,1.0,,Status,1,1,0,42,42,0,42.0,0.0,0.0,0.0,0.0,0,0,0,0.0,,,0.0,0.0,0.0,REQ,,,,,0.0,0.0,0.0,0
437020,0.0,0.0,0.0,0.0,0.0,0.0,udp,0.0,,cs0,,63.0,,1.0,,Status,1,1,0,42,42,0,42.0,0.0,0.0,0.0,0.0,0,0,0,0.0,,,0.0,0.0,0.0,REQ,,,,,0.0,0.0,0.0,0
437209,0.0,0.0,0.0,0.0,0.0,0.0,udp,0.0,,cs0,,63.0,,1.0,,Status,1,1,0,42,42,0,42.0,0.0,0.0,0.0,0.0,0,0,0,0.0,,,0.0,0.0,0.0,REQ,,,,,0.0,0.0,0.0,0
437243,2.575817,2.575817,2.575817,2.575817,2.575817,2.575817,udp,0.0,,cs0,,63.0,,1.0,,Status,2,2,0,84,84,0,42.0,0.0,130.444046,130.444046,0.0,0,0,0,0.0,,,0.388226,0.388226,0.0,REQ,,,,,0.0,0.0,0.0,0
437287,2.585136,2.585136,2.585136,2.585136,2.585136,2.585136,udp,0.0,,cs0,,63.0,,1.0,,Status,2,2,0,84,84,0,42.0,0.0,129.973816,129.973816,0.0,0,0,0,0.0,,,0.386827,0.386827,0.0,REQ,,,,,0.0,0.0,0.0,0
437294,2.585159,2.585159,2.585159,2.585159,2.585159,2.585159,udp,0.0,,cs0,,63.0,,1.0,,Status,2,2,0,84,84,0,42.0,0.0,129.972656,129.972656,0.0,0,0,0,0.0,,,0.386823,0.386823,0.0,REQ,,,,,0.0,0.0,0.0,0
437321,2.580517,2.580517,2.580517,2.580517,2.580517,2.580517,udp,0.0,,cs0,,63.0,,1.0,,Status,2,2,0,84,84,0,42.0,0.0,130.206467,130.206467,0.0,0,0,0,0.0,,,0.387519,0.387519,0.0,REQ,,,,,0.0,0.0,0.0,0
437367,0.0,0.0,0.0,0.0,0.0,0.0,udp,0.0,,cs0,,63.0,,1.0,,Status,1,1,0,42,42,0,42.0,0.0,0.0,0.0,0.0,0,0,0,0.0,,,0.0,0.0,0.0,REQ,,,,,0.0,0.0,0.0,0
437369,0.0,0.0,0.0,0.0,0.0,0.0,udp,0.0,,cs0,,63.0,,1.0,,Status,1,1,0,42,42,0,42.0,0.0,0.0,0.0,0.0,0,0,0,0.0,,,0.0,0.0,0.0,REQ,,,,,0.0,0.0,0.0,0
437387,2.580782,2.580782,2.580782,2.580782,2.580782,2.580782,udp,0.0,,cs0,,63.0,,1.0,,Status,2,2,0,84,84,0,42.0,0.0,130.1931,130.1931,0.0,0,0,0,0.0,,,0.387479,0.387479,0.0,REQ,,,,,0.0,0.0,0.0,0
437463,2.58792,2.58792,2.58792,2.58792,2.58792,2.58792,udp,0.0,,cs0,,63.0,,1.0,,Status,2,2,0,84,84,0,42.0,0.0,129.834,129.834,0.0,0,0,0,0.0,,,0.386411,0.386411,0.0,REQ,,,,,0.0,0.0,0.0,0
437469,2.58699,2.58699,2.58699,2.58699,2.58699,2.58699,udp,0.0,,cs0,,63.0,,1.0,,Start,2,2,0,84,84,0,42.0,0.0,129.880661,129.880661,0.0,0,0,0,0.0,,,0.38655,0.38655,0.0,INT,,,,,0.0,0.0,0.0,0
437514,0.0,0.0,0.0,0.0,0.0,0.0,udp,0.0,,cs0,,63.0,,1.0,,Status,1,1,0,42,42,0,42.0,0.0,0.0,0.0,0.0,0,0,0,0.0,,,0.0,0.0,0.0,REQ,,,,,0.0,0.0,0.0,0
437569,2.579266,2.579266,2.579266,2.579266,2.579266,2.579266,udp,0.0,,cs0,,63.0,,1.0,,Status,2,2,0,84,84,0,42.0,0.0,130.269623,130.269623,0.0,0,0,0,0.0,,,0.387707,0.387707,0.0,REQ,,,,,0.0,0.0,0.0,0
437591,0.0,0.0,0.0,0.0,0.0,0.0,udp,0.0,,cs0,,63.0,,1.0,,Status,1,1,0,42,42,0,42.0,0.0,0.0,0.0,0.0,0,0,0,0.0,,,0.0,0.0,0.0,REQ,,,,,0.0,0.0,0.0,0
437620,0.0,0.0,0.0,0.0,0.0,0.0,udp,0.0,,cs0,,63.0,,1.0,,Status,1,1,0,42,42,0,42.0,0.0,0.0,0.0,0.0,0,0,0,0.0,,,0.0,0.0,0.0,REQ,,,,,0.0,0.0,0.0,0
437678,2.585462,2.585462,2.585462,2.585462,2.585462,2.585462,udp,0.0,,cs0,,63.0,,1.0,,Status,2,2,0,84,84,0,42.0,0.0,129.957428,129.957428,0.0,0,0,0,0.0,,,0.386778,0.386778,0.0,REQ,,,,,0.0,0.0,0.0,0
437699,2.58046,2.58046,2.58046,2.58046,2.58046,2.58046,udp,0.0,,cs0,,63.0,,1.0,,Status,2,2,0,84,84,0,42.0,0.0,130.209335,130.209335,0.0,0,0,0,0.0,,,0.387528,0.387528,0.0,REQ,,,,,0.0,0.0,0.0,0
437711,2.582839,2.582839,2.582839,2.582839,2.582839,2.582839,udp,0.0,,cs0,,63.0,,1.0,,Status,2,2,0,84,84,0,42.0,0.0,130.089401,130.089401,0.0,0,0,0,0.0,,,0.387171,0.387171,0.0,REQ,,,,,0.0,0.0,0.0,0
437725,0.0,0.0,0.0,0.0,0.0,0.0,udp,0.0,,cs0,,63.0,,1.0,,Status,1,1,0,42,42,0,42.0,0.0,0.0,0.0,0.0,0,0,0,0.0,,,0.0,0.0,0.0,REQ,,,,,0.0,0.0,0.0,0
437824,2.580862,2.580862,2.580862,2.580862,2.580862,2.580862,udp,0.0,,cs0,,63.0,,1.0,,Status,2,2,0,84,84,0,42.0,0.0,130.189056,130.189056,0.0,0,0,0,0.0,,,0.387467,0.387467,0.0,REQ,,,,,0.0,0.0,0.0,0
437896,0.0,0.0,0.0,0.0,0.0,0.0,udp,0.0,,cs0,,63.0,,1.0,,Status,1,1,0,42,42,0,42.0,0.0,0.0,0.0,0.0,0,0,0,0.0,,,0.0,0.0,0.0,REQ,,,,,0.0,0.0,0.0,0
437944,2.578607,2.578607,2.578607,2.578607,2.578607,2.578607,udp,0.0,,cs0,,63.0,,1.0,,Status,2,2,0,84,84,0,42.0,0.0,130.302902,130.302902,0.0,0,0,0,0.0,,,0.387806,0.387806,0.0,REQ,,,,,0.0,0.0,0.0,0
437984,2.57712,2.57712,2.57712,2.57712,2.57712,2.57712,udp,0.0,,cs0,,63.0,,1.0,,Status,2,2,0,84,84,0,42.0,0.0,130.378098,130.378098,0.0,0,0,0,0.0,,,0.38803,0.38803,0.0,REQ,,,,,0.0,0.0,0.0,0
438018,2.582013,2.582013,2.582013,2.582013,2.582013,2.582013,udp,0.0,,cs0,,63.0,,1.0,,Status,2,2,0,84,84,0,42.0,0.0,130.131027,130.131027,0.0,0,0,0,0.0,,,0.387295,0.387295,0.0,REQ,,,,,0.0,0.0,0.0,0
438028,2.582002,2.582002,2.582002,2.582002,2.582002,2.582002,udp,0.0,,cs0,,63.0,,1.0,,Status,2,2,0,84,84,0,42.0,0.0,130.131577,130.131577,0.0,0,0,0,0.0,,,0.387296,0.387296,0.0,REQ,,,,,0.0,0.0,0.0,0
438049,2.581539,2.581539,2.581539,2.581539,2.581539,2.581539,udp,0.0,,cs0,,63.0,,1.0,,Status,2,2,0,84,84,0,42.0,0.0,130.154922,130.154922,0.0,0,0,0,0.0,,,0.387366,0.387366,0.0,REQ,,,,,0.0,0.0,0.0,0
438294,2.582944,2.582944,2.582944,2.582944,2.582944,2.582944,udp,0.0,,cs0,,63.0,,1.0,,Status,2,2,0,84,84,0,42.0,0.0,130.084122,130.084122,0.0,0,0,0,0.0,,,0.387155,0.387155,0.0,REQ,,,,,0.0,0.0,0.0,0
438359,0.0,0.0,0.0,0.0,0.0,0.0,udp,0.0,,cs0,,63.0,,1.0,,Status,1,1,0,42,42,0,42.0,0.0,0.0,0.0,0.0,0,0,0,0.0,,,0.0,0.0,0.0,REQ,,,,,0.0,0.0,0.0,0
438365,0.0,0.0,0.0,0.0,0.0,0.0,udp,0.0,,cs0,,63.0,,1.0,,Status,1,1,0,42,42,0,42.0,0.0,0.0,0.0,0.0,0,0,0,0.0,,,0.0,0.0,0.0,REQ,,,,,0.0,0.0,0.0,0
438379,2.589332,2.589332,2.589332,2.589332,2.589332,2.589332,udp,0.0,,cs0,,63.0,,1.0,,Status,2,2,0,84,84,0,42.0,0.0,129.763199,129.763199,0.0,0,0,0,0.0,,,0.3862,0.3862,0.0,REQ,,,,,0.0,0.0,0.0,0
438422,0.0,0.0,0.0,0.0,0.0,0.0,udp,0.0,,cs0,,63.0,,1.0,,Status,1,1,0,42,42,0,42.0,0.0,0.0,0.0,0.0,0,0,0,0.0,,,0.0,0.0,0.0,REQ,,,,,0.0,0.0,0.0,0
438480,2.578534,2.578534,2.578534,2.578534,2.578534,2.578534,udp,0.0,,cs0,,63.0,,1.0,,Status,2,2,0,84,84,0,42.0,0.0,130.30661,130.30661,0.0,0,0,0,0.0,,,0.387817,0.387817,0.0,REQ,,,,,0.0,0.0,0.0,0
438528,0.0,0.0,0.0,0.0,0.0,0.0,udp,0.0,,cs0,,63.0,,1.0,,Status,1,1,0,42,42,0,42.0,0.0,0.0,0.0,0.0,0,0,0,0.0,,,0.0,0.0,0.0,REQ,,,,,0.0,0.0,0.0,0
438563,2.581991,2.581991,2.581991,2.581991,2.581991,2.581991,udp,0.0,,cs0,,63.0,,1.0,,Status,2,2,0,84,84,0,42.0,0.0,130.132141,130.132141,0.0,0,0,0,0.0,,,0.387298,0.387298,0.0,REQ,,,,,0.0,0.0,0.0,0
438591,0.0,0.0,0.0,0.0,0.0,0.0,udp,0.0,,cs0,,63.0,,1.0,,Status,1,1,0,42,42,0,42.0,0.0,0.0,0.0,0.0,0,0,0,0.0,,,0.0,0.0,0.0,REQ,,,,,0.0,0.0,0.0,0
438758,2.586698,2.586698,2.586698,2.586698,2.586698,2.586698,udp,0.0,,cs0,,63.0,,1.0,,Status,2,2,0,84,84,0,42.0,0.0,129.895325,129.895325,0.0,0,0,0,0.0,,,0.386593,0.386593,0.0,REQ,,,,,0.0,0.0,0.0,0
438760,2.586698,2.586698,2.586698,2.586698,2.586698,2.586698,udp,0.0,,cs0,,63.0,,1.0,,Status,2,2,0,84,84,0,42.0,0.0,129.895325,129.895325,0.0,0,0,0,0.0,,,0.386593,0.386593,0.0,REQ,,,,,0.0,0.0,0.0,0
438773,2.586863,2.586863,2.586863,2.586863,2.586863,2.586863,udp,0.0,,cs0,,63.0,,1.0,,Status,2,2,0,84,84,0,42.0,0.0,129.887039,129.887039,0.0,0,0,0,0.0,,,0.386569,0.386569,0.0,REQ,,,,,0.0,0.0,0.0,0
438815,0.0,0.0,0.0,0.0,0.0,0.0,udp,0.0,,cs0,,63.0,,1.0,,Status,1,1,0,42,42,0,42.0,0.0,0.0,0.0,0.0,0,0,0,0.0,,,0.0,0.0,0.0,REQ,,,,,0.0,0.0,0.0,0
438823,2.590995,2.590995,2.590995,2.590995,2.590995,2.590995,udp,0.0,,cs0,,63.0,,1.0,,Status,2,2,0,84,84,0,42.0,0.0,129.679901,129.679901,0.0,0,0,0,0.0,,,0.385952,0.385952,0.0,REQ,,,,,0.0,0.0,0.0,0
438833,2.590993,2.590993,2.590993,2.590993,2.590993,2.590993,udp,0.0,,cs0,,63.0,,1.0,,Status,2,2,0,84,84,0,42.0,0.0,129.680008,129.680008,0.0,0,0,0,0.0,,,0.385952,0.385952,0.0,REQ,,,,,0.0,0.0,0.0,0
438894,2.58538,2.58538,2.58538,2.58538,2.58538,2.58538,udp,0.0,,cs0,,63.0,,1.0,,Status,2,2,0,84,84,0,42.0,0.0,129.961548,129.961548,0.0,0,0,0,0.0,,,0.38679,0.38679,0.0,REQ,,,,,0.0,0.0,0.0,0
438916,0.0,0.0,0.0,0.0,0.0,0.0,udp,0.0,,cs0,,63.0,,1.0,,Status,1,1,0,42,42,0,42.0,0.0,0.0,0.0,0.0,0,0,0,0.0,,,0.0,0.0,0.0,REQ,,,,,0.0,0.0,0.0,0
438918,0.0,0.0,0.0,0.0,0.0,0.0,udp,0.0,,cs0,,63.0,,1.0,,Status,1,1,0,42,42,0,42.0,0.0,0.0,0.0,0.0,0,0,0,0.0,,,0.0,0.0,0.0,REQ,,,,,0.0,0.0,0.0,0
438937,0.0,0.0,0.0,0.0,0.0,0.0,udp,0.0,,cs0,,63.0,,1.0,,Status,1,1,0,42,42,0,42.0,0.0,0.0,0.0,0.0,0,0,0,0.0,,,0.0,0.0,0.0,REQ,,,,,0.0,0.0,0.0,0
439026,0.0,0.0,0.0,0.0,0.0,0.0,udp,0.0,,cs0,,63.0,,1.0,,Status,1,1,0,42,42,0,42.0,0.0,0.0,0.0,0.0,0,0,0,0.0,,,0.0,0.0,0.0,REQ,,,,,0.0,0.0,0.0,0
439120,2.577382,2.577382,2.577382,2.577382,2.577382,2.577382,udp,0.0,,cs0,,63.0,,1.0,,Status,2,2,0,84,84,0,42.0,0.0,130.364838,130.364838,0.0,0,0,0,0.0,,,0.387991,0.387991,0.0,REQ,,,,,0.0,0.0,0.0,0
439134,2.577379,2.577379,2.577379,2.577379,2.577379,2.577379,udp,0.0,,cs0,,63.0,,1.0,,Status,2,2,0,84,84,0,42.0,0.0,130.36499,130.36499,0.0,0,0,0,0.0,,,0.387991,0.387991,0.0,REQ,,,,,0.0,0.0,0.0,0
439161,0.0,0.0,0.0,0.0,0.0,0.0,udp,0.0,,cs0,,63.0,,1.0,,Status,1,1,0,42,42,0,42.0,0.0,0.0,0.0,0.0,0,0,0,0.0,,,0.0,0.0,0.0,REQ,,,,,0.0,0.0,0.0,0
439171,0.0,0.0,0.0,0.0,0.0,0.0,udp,0.0,,cs0,,63.0,,1.0,,Status,1,1,0,42,42,0,42.0,0.0,0.0,0.0,0.0,0,0,0,0.0,,,0.0,0.0,0.0,REQ,,,,,0.0,0.0,0.0,0
439339,2.581981,2.581981,2.581981,2.581981,2.581981,2.581981,udp,0.0,,cs0,,63.0,,1.0,,Status,2,2,0,84,84,0,42.0,0.0,130.132645,130.132645,0.0,0,0,0,0.0,,,0.3873,0.3873,0.0,REQ,,,,,0.0,0.0,0.0,0
439412,0.0,0.0,0.0,0.0,0.0,0.0,udp,0.0,,cs0,,63.0,,1.0,,Status,1,1,0,42,42,0,42.0,0.0,0.0,0.0,0.0,0,0,0,0.0,,,0.0,0.0,0.0,REQ,,,,,0.0,0.0,0.0,0
439450,2.583034,2.583034,2.583034,2.583034,2.583034,2.583034,udp,0.0,,cs0,,63.0,,1.0,,Status,2,2,0,84,84,0,42.0,0.0,130.07959,130.07959,0.0,0,0,0,0.0,,,0.387142,0.387142,0.0,REQ,,,,,0.0,0.0,0.0,0
439487,2.58402,2.58402,2.58402,2.58402,2.58402,2.58402,udp,0.0,,cs0,,63.0,,1.0,,Status,2,2,0,84,84,0,42.0,0.0,130.029953,130.029953,0.0,0,0,0,0.0,,,0.386994,0.386994,0.0,REQ,,,,,0.0,0.0,0.0,0
439495,2.584023,2.584023,2.584023,2.584023,2.584023,2.584023,udp,0.0,,cs0,,63.0,,1.0,,Status,2,2,0,84,84,0,42.0,0.0,130.0298,130.0298,0.0,0,0,0,0.0,,,0.386993,0.386993,0.0,REQ,,,,,0.0,0.0,0.0,0
439512,2.58134,2.58134,2.58134,2.58134,2.58134,2.58134,udp,0.0,,cs0,,63.0,,1.0,,Status,2,2,0,84,84,0,42.0,0.0,130.164948,130.164948,0.0,0,0,0,0.0,,,0.387396,0.387396,0.0,REQ,,,,,0.0,0.0,0.0,0
439568,2.59241,2.59241,2.59241,2.59241,2.59241,2.59241,udp,0.0,,cs0,,63.0,,1.0,,Status,2,2,0,84,84,0,42.0,0.0,129.609131,129.609131,0.0,0,0,0,0.0,,,0.385741,0.385741,0.0,REQ,,,,,0.0,0.0,0.0,0
439574,0.0,0.0,0.0,0.0,0.0,0.0,udp,0.0,,cs0,,63.0,,1.0,,Status,1,1,0,42,42,0,42.0,0.0,0.0,0.0,0.0,0,0,0,0.0,,,0.0,0.0,0.0,REQ,,,,,0.0,0.0,0.0,0
439602,0.0,0.0,0.0,0.0,0.0,0.0,udp,0.0,,cs0,,63.0,,1.0,,Status,1,1,0,42,42,0,42.0,0.0,0.0,0.0,0.0,0,0,0,0.0,,,0.0,0.0,0.0,REQ,,,,,0.0,0.0,0.0,0
439613,0.0,0.0,0.0,0.0,0.0,0.0,udp,0.0,,cs0,,63.0,,1.0,,Status,1,1,0,42,42,0,42.0,0.0,0.0,0.0,0.0,0,0,0,0.0,,,0.0,0.0,0.0,REQ,,,,,0.0,0.0,0.0,0
439708,0.0,0.0,0.0,0.0,0.0,0.0,udp,0.0,,cs0,,63.0,,1.0,,Status,1,1,0,42,42,0,42.0,0.0,0.0,0.0,0.0,0,0,0,0.0,,,0.0,0.0,0.0,REQ,,,,,0.0,0.0,0.0,0
439713,0.0,0.0,0.0,0.0,0.0,0.0,udp,0.0,,cs0,,63.0,,1.0,,Status,1,1,0,42,42,0,42.0,0.0,0.0,0.0,0.0,0,0,0,0.0,,,0.0,0.0,0.0,REQ,,,,,0.0,0.0,0.0,0
439824,2.581829,2.581829,2.581829,2.581829,2.581829,2.581829,udp,0.0,,cs0,,63.0,,1.0,,Status,2,2,0,84,84,0,42.0,0.0,130.140289,130.140289,0.0,0,0,0,0.0,,,0.387322,0.387322,0.0,REQ,,,,,0.0,0.0,0.0,0
439845,2.576248,2.576248,2.576248,2.576248,2.576248,2.576248,udp,0.0,,cs0,,63.0,,1.0,,Status,2,2,0,84,84,0,42.0,0.0,130.422226,130.422226,0.0,0,0,0,0.0,,,0.388161,0.388161,0.0,REQ,,,,,0.0,0.0,0.0,0
439880,0.0,0.0,0.0,0.0,0.0,0.0,udp,0.0,,cs0,,63.0,,1.0,,Status,1,1,0,42,42,0,42.0,0.0,0.0,0.0,0.0,0,0,0,0.0,,,0.0,0.0,0.0,REQ,,,,,0.0,0.0,0.0,0
439926,2.570665,2.570665,2.570665,2.570665,2.570665,2.570665,udp,0.0,,cs0,,63.0,,1.0,,Status,2,2,0,84,84,0,42.0,0.0,130.70549,130.70549,0.0,0,0,0,0.0,,,0.389004,0.389004,0.0,REQ,,,,,0.0,0.0,0.0,0
439945,2.583764,2.583764,2.583764,2.583764,2.583764,2.583764,udp,0.0,,cs0,,63.0,,1.0,,Status,2,2,0,84,84,0,42.0,0.0,130.042831,130.042831,0.0,0,0,0,0.0,,,0.387032,0.387032,0.0,REQ,,,,,0.0,0.0,0.0,0
439958,2.583874,2.583874,2.583874,2.583874,2.583874,2.583874,udp,0.0,,cs0,,63.0,,1.0,,Status,2,2,0,84,84,0,42.0,0.0,130.037308,130.037308,0.0,0,0,0,0.0,,,0.387016,0.387016,0.0,REQ,,,,,0.0,0.0,0.0,0
440000,0.0,0.0,0.0,0.0,0.0,0.0,udp,0.0,,cs0,,63.0,,1.0,,Status,1,1,0,42,42,0,42.0,0.0,0.0,0.0,0.0,0,0,0,0.0,,,0.0,0.0,0.0,REQ,,,,,0.0,0.0,0.0,0
440055,0.0,0.0,0.0,0.0,0.0,0.0,udp,0.0,,cs0,,63.0,,1.0,,Status,1,1,0,42,42,0,42.0,0.0,0.0,0.0,0.0,0,0,0,0.0,,,0.0,0.0,0.0,REQ,,,,,0.0,0.0,0.0,0
440073,0.0,0.0,0.0,0.0,0.0,0.0,udp,0.0,,cs0,,63.0,,1.0,,Status,1,1,0,42,42,0,42.0,0.0,0.0,0.0,0.0,0,0,0,0.0,,,0.0,0.0,0.0,REQ,,,,,0.0,0.0,0.0,0
440173,2.583336,2.583336,2.583336,2.583336,2.583336,2.583336,udp,0.0,,cs0,,63.0,,1.0,,Status,2,2,0,84,84,0,42.0,0.0,130.064377,130.064377,0.0,0,0,0,0.0,,,0.387096,0.387096,0.0,REQ,,,,,0.0,0.0,0.0,0
440217,2.580985,2.580985,2.580985,2.580985,2.580985,2.580985,udp,0.0,,cs0,,63.0,,1.0,,Status,2,2,0,84,84,0,42.0,0.0,130.182846,130.182846,0.0,0,0,0,0.0,,,0.387449,0.387449,0.0,REQ,,,,,0.0,0.0,0.0,0
440234,2.580888,2.580888,2.580888,2.580888,2.580888,2.580888,udp,0.0,,cs0,,63.0,,1.0,,Status,2,2,0,84,84,0,42.0,0.0,130.187744,130.187744,0.0,0,0,0,0.0,,,0.387464,0.387464,0.0,REQ,,,,,0.0,0.0,0.0,0
440238,2.580881,2.580881,2.580881,2.580881,2.580881,2.580881,udp,0.0,,cs0,,63.0,,1.0,,Status,2,2,0,84,84,0,42.0,0.0,130.188095,130.188095,0.0,0,0,0,0.0,,,0.387465,0.387465,0.0,REQ,,,,,0.0,0.0,0.0,0
440284,2.575737,2.575737,2.575737,2.575737,2.575737,2.575737,udp,0.0,,cs0,,63.0,,1.0,,Status,2,2,0,84,84,0,42.0,0.0,130.448105,130.448105,0.0,0,0,0,0.0,,,0.388238,0.388238,0.0,REQ,,,,,0.0,0.0,0.0,0
440289,2.575748,2.575748,2.575748,2.575748,2.575748,2.575748,udp,0.0,,cs0,,63.0,,1.0,,Status,2,2,0,84,84,0,42.0,0.0,130.44754,130.44754,0.0,0,0,0,0.0,,,0.388237,0.388237,0.0,REQ,,,,,0.0,0.0,0.0,0
440318,0.0,0.0,0.0,0.0,0.0,0.0,udp,0.0,,cs0,,63.0,,1.0,,Status,1,1,0,42,42,0,42.0,0.0,0.0,0.0,0.0,0,0,0,0.0,,,0.0,0.0,0.0,REQ,,,,,0.0,0.0,0.0,0
440404,2.583946,2.583946,2.583946,2.583946,2.583946,2.583946,udp,0.0,,cs0,,63.0,,1.0,,Status,2,2,0,84,84,0,42.0,0.0,130.033676,130.033676,0.0,0,0,0,0.0,,,0.387005,0.387005,0.0,REQ,,,,,0.0,0.0,0.0,0
440480,0.0,0.0,0.0,0.0,0.0,0.0,udp,0.0,,cs0,,63.0,,1.0,,Status,1,1,0,42,42,0,42.0,0.0,0.0,0.0,0.0,0,0,0,0.0,,,0.0,0.0,0.0,REQ,,,,,0.0,0.0,0.0,0
440588,2.587665,2.587665,2.587665,2.587665,2.587665,2.587665,udp,0.0,,cs0,,63.0,,1.0,,Status,2,2,0,84,84,0,42.0,0.0,129.846786,129.846786,0.0,0,0,0,0.0,,,0.386449,0.386449,0.0,REQ,,,,,0.0,0.0,0.0,0
440624,0.0,0.0,0.0,0.0,0.0,0.0,udp,0.0,,cs0,,63.0,,1.0,,Status,1,1,0,42,42,0,42.0,0.0,0.0,0.0,0.0,0,0,0,0.0,,,0.0,0.0,0.0,REQ,,,,,0.0,0.0,0.0,0
440648,0.0,0.0,0.0,0.0,0.0,0.0,udp,0.0,,cs0,,63.0,,1.0,,Status,1,1,0,42,42,0,42.0,0.0,0.0,0.0,0.0,0,0,0,0.0,,,0.0,0.0,0.0,REQ,,,,,0.0,0.0,0.0,0
440744,2.58378,2.58378,2.58378,2.58378,2.58378,2.58378,udp,0.0,,cs0,,63.0,,1.0,,Status,2,2,0,84,84,0,42.0,0.0,130.042023,130.042023,0.0,0,0,0,0.0,,,0.38703,0.38703,0.0,REQ,,,,,0.0,0.0,0.0,0
440773,2.577993,2.577993,2.577993,2.577993,2.577993,2.577993,udp,0.0,,cs0,,63.0,,1.0,,Status,2,2,0,84,84,0,42.0,0.0,130.333954,130.333954,0.0,0,0,0,0.0,,,0.387899,0.387899,0.0,REQ,,,,,0.0,0.0,0.0,0
440851,0.0,0.0,0.0,0.0,0.0,0.0,udp,0.0,,cs0,,63.0,,1.0,,Status,1,1,0,42,42,0,42.0,0.0,0.0,0.0,0.0,0,0,0,0.0,,,0.0,0.0,0.0,REQ,,,,,0.0,0.0,0.0,0
440855,0.0,0.0,0.0,0.0,0.0,0.0,udp,0.0,,cs0,,63.0,,1.0,,Status,1,1,0,42,42,0,42.0,0.0,0.0,0.0,0.0,0,0,0,0.0,,,0.0,0.0,0.0,REQ,,,,,0.0,0.0,0.0,0
440925,0.0,0.0,0.0,0.0,0.0,0.0,udp,0.0,,cs0,,63.0,,1.0,,Status,1,1,0,42,42,0,42.0,0.0,0.0,0.0,0.0,0,0,0,0.0,,,0.0,0.0,0.0,REQ,,,,,0.0,0.0,0.0,0
440930,0.0,0.0,0.0,0.0,0.0,0.0,udp,0.0,,cs0,,63.0,,1.0,,Status,1,1,0,42,42,0,42.0,0.0,0.0,0.0,0.0,0,0,0,0.0,,,0.0,0.0,0.0,REQ,,,,,0.0,0.0,0.0,0
440953,2.580191,2.580191,2.580191,2.580191,2.580191,2.580191,udp,0.0,,cs0,,63.0,,1.0,,Status,2,2,0,84,84,0,42.0,0.0,130.222916,130.222916,0.0,0,0,0,0.0,,,0.387568,0.387568,0.0,REQ,,,,,0.0,0.0,0.0,0
440954,2.579195,2.579195,2.579195,2.579195,2.579195,2.579195,udp,0.0,,cs0,,63.0,,1.0,,Status,2,2,0,84,84,0,42.0,0.0,130.273209,130.273209,0.0,0,0,0,0.0,,,0.387718,0.387718,0.0,REQ,,,,,0.0,0.0,0.0,0
440955,2.579208,2.579208,2.579208,2.579208,2.579208,2.579208,udp,0.0,,cs0,,63.0,,1.0,,Status,2,2,0,84,84,0,42.0,0.0,130.272552,130.272552,0.0,0,0,0,0.0,,,0.387716,0.387716,0.0,REQ,,,,,0.0,0.0,0.0,0
440973,2.577994,2.577994,2.577994,2.577994,2.577994,2.577994,udp,0.0,,cs0,,63.0,,1.0,,Status,2,2,0,84,84,0,42.0,0.0,130.333893,130.333893,0.0,0,0,0,0.0,,,0.387898,0.387898,0.0,REQ,,,,,0.0,0.0,0.0,0
440976,0.0,0.0,0.0,0.0,0.0,0.0,udp,0.0,,cs0,,63.0,,1.0,,Status,1,1,0,42,42,0,42.0,0.0,0.0,0.0,0.0,0,0,0,0.0,,,0.0,0.0,0.0,REQ,,,,,0.0,0.0,0.0,0
441052,0.0,0.0,0.0,0.0,0.0,0.0,udp,0.0,,cs0,,63.0,,1.0,,Status,1,1,0,42,42,0,42.0,0.0,0.0,0.0,0.0,0,0,0,0.0,,,0.0,0.0,0.0,REQ,,,,,0.0,0.0,0.0,0
441060,0.0,0.0,0.0,0.0,0.0,0.0,udp,0.0,,cs0,,63.0,,1.0,,Status,1,1,0,42,42,0,42.0,0.0,0.0,0.0,0.0,0,0,0,0.0,,,0.0,0.0,0.0,REQ,,,,,0.0,0.0,0.0,0
441171,0.0,0.0,0.0,0.0,0.0,0.0,udp,0.0,,cs0,,63.0,,1.0,,Status,1,1,0,42,42,0,42.0,0.0,0.0,0.0,0.0,0,0,0,0.0,,,0.0,0.0,0.0,REQ,,,,,0.0,0.0,0.0,0
441182,2.579177,2.579177,2.579177,2.579177,2.579177,2.579177,udp,0.0,,cs0,,63.0,,1.0,,Status,2,2,0,84,84,0,42.0,0.0,130.274124,130.274124,0.0,0,0,0,0.0,,,0.387721,0.387721,0.0,REQ,,,,,0.0,0.0,0.0,0
441203,0.0,0.0,0.0,0.0,0.0,0.0,udp,0.0,,cs0,,63.0,,1.0,,Status,1,1,0,42,42,0,42.0,0.0,0.0,0.0,0.0,0,0,0,0.0,,,0.0,0.0,0.0,REQ,,,,,0.0,0.0,0.0,0
441274,2.579025,2.579025,2.579025,2.579025,2.579025,2.579025,udp,0.0,,cs0,,63.0,,1.0,,Status,2,2,0,84,84,0,42.0,0.0,130.281784,130.281784,0.0,0,0,0,0.0,,,0.387743,0.387743,0.0,REQ,,,,,0.0,0.0,0.0,0
441330,0.0,0.0,0.0,0.0,0.0,0.0,udp,0.0,,cs0,,63.0,,1.0,,Status,1,1,0,42,42,0,42.0,0.0,0.0,0.0,0.0,0,0,0,0.0,,,0.0,0.0,0.0,REQ,,,,,0.0,0.0,0.0,0
441429,2.580208,2.580208,2.580208,2.580208,2.580208,2.580208,udp,0.0,,cs0,,63.0,,1.0,,Status,2,2,0,84,84,0,42.0,0.0,130.222061,130.222061,0.0,0,0,0,0.0,,,0.387566,0.387566,0.0,REQ,,,,,0.0,0.0,0.0,0
441479,2.578093,2.578093,2.578093,2.578093,2.578093,2.578093,udp,0.0,,cs0,,63.0,,1.0,,Status,2,2,0,84,84,0,42.0,0.0,130.328888,130.328888,0.0,0,0,0,0.0,,,0.387884,0.387884,0.0,REQ,,,,,0.0,0.0,0.0,0
441489,2.577969,2.577969,2.577969,2.577969,2.577969,2.577969,udp,0.0,,cs0,,63.0,,1.0,,Status,2,2,0,84,84,0,42.0,0.0,130.335159,130.335159,0.0,0,0,0,0.0,,,0.387902,0.387902,0.0,REQ,,,,,0.0,0.0,0.0,0
441492,0.0,0.0,0.0,0.0,0.0,0.0,udp,0.0,,cs0,,63.0,,1.0,,Status,1,1,0,42,42,0,42.0,0.0,0.0,0.0,0.0,0,0,0,0.0,,,0.0,0.0,0.0,REQ,,,,,0.0,0.0,0.0,0
441552,0.0,0.0,0.0,0.0,0.0,0.0,udp,0.0,,cs0,,63.0,,1.0,,Status,1,1,0,42,42,0,42.0,0.0,0.0,0.0,0.0,0,0,0,0.0,,,0.0,0.0,0.0,REQ,,,,,0.0,0.0,0.0,0
441560,2.583992,2.583992,2.583992,2.583992,2.583992,2.583992,udp,0.0,,cs0,,63.0,,1.0,,Status,2,2,0,84,84,0,42.0,0.0,130.031357,130.031357,0.0,0,0,0,0.0,,,0.386998,0.386998,0.0,REQ,,,,,0.0,0.0,0.0,0
441585,2.581254,2.581254,2.581254,2.581254,2.581254,2.581254,udp,0.0,,cs0,,63.0,,1.0,,Status,2,2,0,84,84,0,42.0,0.0,130.169296,130.169296,0.0,0,0,0,0.0,,,0.387409,0.387409,0.0,REQ,,,,,0.0,0.0,0.0,0
441646,2.577616,2.577616,2.577616,2.577616,2.577616,2.577616,udp,0.0,,cs0,,63.0,,1.0,,Status,2,2,0,84,84,0,42.0,0.0,130.353012,130.353012,0.0,0,0,0,0.0,,,0.387955,0.387955,0.0,REQ,,,,,0.0,0.0,0.0,0
441657,2.57761,2.57761,2.57761,2.57761,2.57761,2.57761,udp,0.0,,cs0,,63.0,,1.0,,Status,2,2,0,84,84,0,42.0,0.0,130.353317,130.353317,0.0,0,0,0,0.0,,,0.387956,0.387956,0.0,REQ,,,,,0.0,0.0,0.0,0
441702,2.583417,2.583417,2.583417,2.583417,2.583417,2.583417,udp,0.0,,cs0,,63.0,,1.0,,Status,2,2,0,84,84,0,42.0,0.0,130.060303,130.060303,0.0,0,0,0,0.0,,,0.387084,0.387084,0.0,REQ,,,,,0.0,0.0,0.0,0
441724,2.581187,2.581187,2.581187,2.581187,2.581187,2.581187,udp,0.0,,cs0,,63.0,,1.0,,Status,2,2,0,84,84,0,42.0,0.0,130.172668,130.172668,0.0,0,0,0,0.0,,,0.387419,0.387419,0.0,REQ,,,,,0.0,0.0,0.0,0
441896,2.582488,2.582488,2.582488,2.582488,2.582488,2.582488,udp,0.0,,cs0,,63.0,,1.0,,Status,2,2,0,84,84,0,42.0,0.0,130.107086,130.107086,0.0,0,0,0,0.0,,,0.387223,0.387223,0.0,REQ,,,,,0.0,0.0,0.0,0
442084,0.0,0.0,0.0,0.0,0.0,0.0,udp,0.0,,cs0,,63.0,,1.0,,Status,1,1,0,42,42,0,42.0,0.0,0.0,0.0,0.0,0,0,0,0.0,,,0.0,0.0,0.0,REQ,,,,,0.0,0.0,0.0,0
442086,0.0,0.0,0.0,0.0,0.0,0.0,udp,0.0,,cs0,,63.0,,1.0,,Status,1,1,0,42,42,0,42.0,0.0,0.0,0.0,0.0,0,0,0,0.0,,,0.0,0.0,0.0,REQ,,,,,0.0,0.0,0.0,0
442119,0.0,0.0,0.0,0.0,0.0,0.0,udp,0.0,,cs0,,63.0,,1.0,,Status,1,1,0,42,42,0,42.0,0.0,0.0,0.0,0.0,0,0,0,0.0,,,0.0,0.0,0.0,REQ,,,,,0.0,0.0,0.0,0
442157,0.0,0.0,0.0,0.0,0.0,0.0,udp,0.0,,cs0,,63.0,,1.0,,Status,1,1,0,42,42,0,42.0,0.0,0.0,0.0,0.0,0,0,0,0.0,,,0.0,0.0,0.0,REQ,,,,,0.0,0.0,0.0,0
442214,0.0,0.0,0.0,0.0,0.0,0.0,udp,0.0,,cs0,,63.0,,1.0,,Status,1,1,0,42,42,0,42.0,0.0,0.0,0.0,0.0,0,0,0,0.0,,,0.0,0.0,0.0,REQ,,,,,0.0,0.0,0.0,0
442238,2.574379,2.574379,2.574379,2.574379,2.574379,2.574379,udp,0.0,,cs0,,63.0,,1.0,,Status,2,2,0,84,84,0,42.0,0.0,130.516922,130.516922,0.0,0,0,0,0.0,,,0.388443,0.388443,0.0,REQ,,,,,0.0,0.0,0.0,0
442292,2.578754,2.578754,2.578754,2.578754,2.578754,2.578754,udp,0.0,,cs0,,63.0,,1.0,,Status,2,2,0,84,84,0,42.0,0.0,130.295486,130.295486,0.0,0,0,0,0.0,,,0.387784,0.387784,0.0,REQ,,,,,0.0,0.0,0.0,0
442315,0.0,0.0,0.0,0.0,0.0,0.0,udp,0.0,,cs0,,63.0,,1.0,,Status,1,1,0,42,42,0,42.0,0.0,0.0,0.0,0.0,0,0,0,0.0,,,0.0,0.0,0.0,REQ,,,,,0.0,0.0,0.0,0
442316,0.0,0.0,0.0,0.0,0.0,0.0,udp,0.0,,cs0,,63.0,,1.0,,Status,1,1,0,42,42,0,42.0,0.0,0.0,0.0,0.0,0,0,0,0.0,,,0.0,0.0,0.0,REQ,,,,,0.0,0.0,0.0,0
442352,2.581913,2.581913,2.581913,2.581913,2.581913,2.581913,udp,0.0,,cs0,,63.0,,1.0,,Status,2,2,0,84,84,0,42.0,0.0,130.136063,130.136063,0.0,0,0,0,0.0,,,0.38731,0.38731,0.0,REQ,,,,,0.0,0.0,0.0,0
442354,0.0,0.0,0.0,0.0,0.0,0.0,udp,0.0,,cs0,,63.0,,1.0,,Status,1,1,0,42,42,0,42.0,0.0,0.0,0.0,0.0,0,0,0,0.0,,,0.0,0.0,0.0,REQ,,,,,0.0,0.0,0.0,0
442366,0.0,0.0,0.0,0.0,0.0,0.0,udp,0.0,,cs0,,63.0,,1.0,,Status,1,1,0,42,42,0,42.0,0.0,0.0,0.0,0.0,0,0,0,0.0,,,0.0,0.0,0.0,REQ,,,,,0.0,0.0,0.0,0
442399,2.580997,2.580997,2.580997,2.580997,2.580997,2.580997,udp,0.0,,cs0,,63.0,,1.0,,Status,2,2,0,84,84,0,42.0,0.0,130.182251,130.182251,0.0,0,0,0,0.0,,,0.387447,0.387447,0.0,REQ,,,,,0.0,0.0,0.0,0
442486,0.0,0.0,0.0,0.0,0.0,0.0,udp,0.0,,cs0,,63.0,,1.0,,Status,1,1,0,42,42,0,42.0,0.0,0.0,0.0,0.0,0,0,0,0.0,,,0.0,0.0,0.0,REQ,,,,,0.0,0.0,0.0,0
442510,0.0,0.0,0.0,0.0,0.0,0.0,udp,0.0,,cs0,,63.0,,1.0,,Status,1,1,0,42,42,0,42.0,0.0,0.0,0.0,0.0,0,0,0,0.0,,,0.0,0.0,0.0,REQ,,,,,0.0,0.0,0.0,0
442516,0.0,0.0,0.0,0.0,0.0,0.0,udp,0.0,,cs0,,63.0,,1.0,,Status,1,1,0,42,42,0,42.0,0.0,0.0,0.0,0.0,0,0,0,0.0,,,0.0,0.0,0.0,REQ,,,,,0.0,0.0,0.0,0
442554,0.0,0.0,0.0,0.0,0.0,0.0,udp,0.0,,cs0,,63.0,,1.0,,Status,1,1,0,42,42,0,42.0,0.0,0.0,0.0,0.0,0,0,0,0.0,,,0.0,0.0,0.0,REQ,,,,,0.0,0.0,0.0,0
442710,2.580788,2.580788,2.580788,2.580788,2.580788,2.580788,udp,0.0,,cs0,,63.0,,1.0,,Status,2,2,0,84,84,0,42.0,0.0,130.192795,130.192795,0.0,0,0,0,0.0,,,0.387479,0.387479,0.0,REQ,,,,,0.0,0.0,0.0,0
442756,2.579632,2.579632,2.579632,2.579632,2.579632,2.579632,udp,0.0,,cs0,,63.0,,1.0,,Status,2,2,0,84,84,0,42.0,0.0,130.251129,130.251129,0.0,0,0,0,0.0,,,0.387652,0.387652,0.0,REQ,,,,,0.0,0.0,0.0,0
442757,0.0,0.0,0.0,0.0,0.0,0.0,udp,0.0,,cs0,,63.0,,1.0,,Status,1,1,0,42,42,0,42.0,0.0,0.0,0.0,0.0,0,0,0,0.0,,,0.0,0.0,0.0,REQ,,,,,0.0,0.0,0.0,0
442761,0.0,0.0,0.0,0.0,0.0,0.0,udp,0.0,,cs0,,63.0,,1.0,,Status,1,1,0,42,42,0,42.0,0.0,0.0,0.0,0.0,0,0,0,0.0,,,0.0,0.0,0.0,REQ,,,,,0.0,0.0,0.0,0
442776,2.580748,2.580748,2.580748,2.580748,2.580748,2.580748,udp,0.0,,cs0,,63.0,,1.0,,Status,2,2,0,84,84,0,42.0,0.0,130.194809,130.194809,0.0,0,0,0,0.0,,,0.387485,0.387485,0.0,REQ,,,,,0.0,0.0,0.0,0
442781,2.580731,2.580731,2.580731,2.580731,2.580731,2.580731,udp,0.0,,cs0,,63.0,,1.0,,Status,2,2,0,84,84,0,42.0,0.0,130.195679,130.195679,0.0,0,0,0,0.0,,,0.387487,0.387487,0.0,REQ,,,,,0.0,0.0,0.0,0
442880,2.581647,2.581647,2.581647,2.581647,2.581647,2.581647,udp,0.0,,cs0,,63.0,,1.0,,Status,2,2,0,84,84,0,42.0,0.0,130.149475,130.149475,0.0,0,0,0,0.0,,,0.38735,0.38735,0.0,REQ,,,,,0.0,0.0,0.0,0
442927,2.582521,2.582521,2.582521,2.582521,2.582521,2.582521,udp,0.0,,cs0,,63.0,,1.0,,Status,2,2,0,84,84,0,42.0,0.0,130.105423,130.105423,0.0,0,0,0,0.0,,,0.387219,0.387219,0.0,REQ,,,,,0.0,0.0,0.0,0
443017,2.578913,2.578913,2.578913,2.578913,2.578913,2.578913,udp,0.0,,cs0,,63.0,,1.0,,Status,2,2,0,84,84,0,42.0,0.0,130.287445,130.287445,0.0,0,0,0,0.0,,,0.38776,0.38776,0.0,REQ,,,,,0.0,0.0,0.0,0
443244,0.0,0.0,0.0,0.0,0.0,0.0,udp,0.0,,cs0,,63.0,,1.0,,Status,1,1,0,42,42,0,42.0,0.0,0.0,0.0,0.0,0,0,0,0.0,,,0.0,0.0,0.0,REQ,,,,,0.0,0.0,0.0,0
443261,0.0,0.0,0.0,0.0,0.0,0.0,udp,0.0,,cs0,,63.0,,1.0,,Status,1,1,0,42,42,0,42.0,0.0,0.0,0.0,0.0,0,0,0,0.0,,,0.0,0.0,0.0,REQ,,,,,0.0,0.0,0.0,0
443271,2.583779,2.583779,2.583779,2.583779,2.583779,2.583779,udp,0.0,,cs0,,63.0,,1.0,,Status,2,2,0,84,84,0,42.0,0.0,130.042084,130.042084,0.0,0,0,0,0.0,,,0.38703,0.38703,0.0,REQ,,,,,0.0,0.0,0.0,0
443303,0.0,0.0,0.0,0.0,0.0,0.0,udp,0.0,,cs0,,63.0,,1.0,,Status,1,1,0,42,42,0,42.0,0.0,0.0,0.0,0.0,0,0,0,0.0,,,0.0,0.0,0.0,REQ,,,,,0.0,0.0,0.0,0
443305,0.0,0.0,0.0,0.0,0.0,0.0,udp,0.0,,cs0,,63.0,,1.0,,Status,1,1,0,42,42,0,42.0,0.0,0.0,0.0,0.0,0,0,0,0.0,,,0.0,0.0,0.0,REQ,,,,,0.0,0.0,0.0,0
443336,2.58283,2.58283,2.58283,2.58283,2.58283,2.58283,udp,0.0,,cs0,,63.0,,1.0,,Status,2,2,0,84,84,0,42.0,0.0,130.089859,130.089859,0.0,0,0,0,0.0,,,0.387172,0.387172,0.0,REQ,,,,,0.0,0.0,0.0,0
443351,0.0,0.0,0.0,0.0,0.0,0.0,udp,0.0,,cs0,,63.0,,1.0,,Status,1,1,0,42,42,0,42.0,0.0,0.0,0.0,0.0,0,0,0,0.0,,,0.0,0.0,0.0,REQ,,,,,0.0,0.0,0.0,0
443376,0.0,0.0,0.0,0.0,0.0,0.0,udp,0.0,,cs0,,63.0,,1.0,,Status,1,1,0,42,42,0,42.0,0.0,0.0,0.0,0.0,0,0,0,0.0,,,0.0,0.0,0.0,REQ,,,,,0.0,0.0,0.0,0
443414,0.0,0.0,0.0,0.0,0.0,0.0,udp,0.0,,cs0,,63.0,,1.0,,Status,1,1,0,42,42,0,42.0,0.0,0.0,0.0,0.0,0,0,0,0.0,,,0.0,0.0,0.0,REQ,,,,,0.0,0.0,0.0,0
443580,0.0,0.0,0.0,0.0,0.0,0.0,udp,0.0,,cs0,,63.0,,1.0,,Status,1,1,0,42,42,0,42.0,0.0,0.0,0.0,0.0,0,0,0,0.0,,,0.0,0.0,0.0,REQ,,,,,0.0,0.0,0.0,0
443766,2.582691,2.582691,2.582691,2.582691,2.582691,2.582691,udp,0.0,,cs0,,63.0,,1.0,,Status,2,2,0,84,84,0,42.0,0.0,130.096863,130.096863,0.0,0,0,0,0.0,,,0.387193,0.387193,0.0,REQ,,,,,0.0,0.0,0.0,0
443785,2.580126,2.580126,2.580126,2.580126,2.580126,2.580126,udp,0.0,,cs0,,63.0,,1.0,,Status,2,2,0,84,84,0,42.0,0.0,130.226196,130.226196,0.0,0,0,0,0.0,,,0.387578,0.387578,0.0,REQ,,,,,0.0,0.0,0.0,0
443850,2.583657,2.583657,2.583657,2.583657,2.583657,2.583657,udp,0.0,,cs0,,63.0,,1.0,,Status,2,2,0,84,84,0,42.0,0.0,130.048218,130.048218,0.0,0,0,0,0.0,,,0.387048,0.387048,0.0,REQ,,,,,0.0,0.0,0.0,0
443901,2.577949,2.577949,2.577949,2.577949,2.577949,2.577949,udp,0.0,,cs0,,63.0,,1.0,,Status,2,2,0,84,84,0,42.0,0.0,130.336166,130.336166,0.0,0,0,0,0.0,,,0.387905,0.387905,0.0,REQ,,,,,0.0,0.0,0.0,0
443907,2.578067,2.578067,2.578067,2.578067,2.578067,2.578067,udp,0.0,,cs0,,63.0,,1.0,,Status,2,2,0,84,84,0,42.0,0.0,130.3302,130.3302,0.0,0,0,0,0.0,,,0.387888,0.387888,0.0,REQ,,,,,0.0,0.0,0.0,0
443970,0.0,0.0,0.0,0.0,0.0,0.0,udp,0.0,,cs0,,63.0,,1.0,,Status,1,1,0,42,42,0,42.0,0.0,0.0,0.0,0.0,0,0,0,0.0,,,0.0,0.0,0.0,REQ,,,,,0.0,0.0,0.0,0
443995,2.582035,2.582035,2.582035,2.582035,2.582035,2.582035,udp,0.0,,cs0,,63.0,,1.0,,Status,2,2,0,84,84,0,42.0,0.0,130.129913,130.129913,0.0,0,0,0,0.0,,,0.387291,0.387291,0.0,REQ,,,,,0.0,0.0,0.0,0
444073,2.578973,2.578973,2.578973,2.578973,2.578973,2.578973,udp,0.0,,cs0,,63.0,,1.0,,Status,2,2,0,84,84,0,42.0,0.0,130.284424,130.284424,0.0,0,0,0,0.0,,,0.387751,0.387751,0.0,REQ,,,,,0.0,0.0,0.0,0
444101,2.582224,2.582224,2.582224,2.582224,2.582224,2.582224,udp,0.0,,cs0,,63.0,,1.0,,Status,2,2,0,84,84,0,42.0,0.0,130.120392,130.120392,0.0,0,0,0,0.0,,,0.387263,0.387263,0.0,REQ,,,,,0.0,0.0,0.0,0
444113,2.58235,2.58235,2.58235,2.58235,2.58235,2.58235,udp,0.0,,cs0,,63.0,,1.0,,Status,2,2,0,84,84,0,42.0,0.0,130.114044,130.114044,0.0,0,0,0,0.0,,,0.387244,0.387244,0.0,REQ,,,,,0.0,0.0,0.0,0
444132,2.582345,2.582345,2.582345,2.582345,2.582345,2.582345,udp,0.0,,cs0,,63.0,,1.0,,Status,2,2,0,84,84,0,42.0,0.0,130.114288,130.114288,0.0,0,0,0,0.0,,,0.387245,0.387245,0.0,REQ,,,,,0.0,0.0,0.0,0
444144,2.580148,2.580148,2.580148,2.580148,2.580148,2.580148,udp,0.0,,cs0,,63.0,,1.0,,Status,2,2,0,84,84,0,42.0,0.0,130.225082,130.225082,0.0,0,0,0,0.0,,,0.387575,0.387575,0.0,REQ,,,,,0.0,0.0,0.0,0
444154,2.578014,2.578014,2.578014,2.578014,2.578014,2.578014,udp,0.0,,cs0,,63.0,,1.0,,Status,2,2,0,84,84,0,42.0,0.0,130.332886,130.332886,0.0,0,0,0,0.0,,,0.387895,0.387895,0.0,REQ,,,,,0.0,0.0,0.0,0
444165,2.578,2.578,2.578,2.578,2.578,2.578,udp,0.0,,cs0,,63.0,,1.0,,Status,2,2,0,84,84,0,42.0,0.0,130.333588,130.333588,0.0,0,0,0,0.0,,,0.387898,0.387898,0.0,REQ,,,,,0.0,0.0,0.0,0
444229,2.581085,2.581085,2.581085,2.581085,2.581085,2.581085,udp,0.0,,cs0,,63.0,,1.0,,Status,2,2,0,84,84,0,42.0,0.0,130.177811,130.177811,0.0,0,0,0,0.0,,,0.387434,0.387434,0.0,REQ,,,,,0.0,0.0,0.0,0
444246,2.583141,2.583141,2.583141,2.583141,2.583141,2.583141,udp,0.0,,cs0,,63.0,,1.0,,Status,2,2,0,84,84,0,42.0,0.0,130.074203,130.074203,0.0,0,0,0,0.0,,,0.387126,0.387126,0.0,REQ,,,,,0.0,0.0,0.0,0
444273,2.582158,2.582158,2.582158,2.582158,2.582158,2.582158,udp,0.0,,cs0,,63.0,,1.0,,Status,2,2,0,84,84,0,42.0,0.0,130.123718,130.123718,0.0,0,0,0,0.0,,,0.387273,0.387273,0.0,REQ,,,,,0.0,0.0,0.0,0
444274,2.582158,2.582158,2.582158,2.582158,2.582158,2.582158,udp,0.0,,cs0,,63.0,,1.0,,Status,2,2,0,84,84,0,42.0,0.0,130.123718,130.123718,0.0,0,0,0,0.0,,,0.387273,0.387273,0.0,REQ,,,,,0.0,0.0,0.0,0
444302,2.581044,2.581044,2.581044,2.581044,2.581044,2.581044,udp,0.0,,cs0,,63.0,,1.0,,Status,2,2,0,84,84,0,42.0,0.0,130.179886,130.179886,0.0,0,0,0,0.0,,,0.38744,0.38744,0.0,REQ,,,,,0.0,0.0,0.0,0
444305,2.581044,2.581044,2.581044,2.581044,2.581044,2.581044,udp,0.0,,cs0,,63.0,,1.0,,Status,2,2,0,84,84,0,42.0,0.0,130.179886,130.179886,0.0,0,0,0,0.0,,,0.38744,0.38744,0.0,REQ,,,,,0.0,0.0,0.0,0
444370,2.584674,2.584674,2.584674,2.584674,2.584674,2.584674,udp,0.0,,cs0,,63.0,,1.0,,Status,2,2,0,84,84,0,42.0,0.0,129.997055,129.997055,0.0,0,0,0,0.0,,,0.386896,0.386896,0.0,REQ,,,,,0.0,0.0,0.0,0
444377,0.0,0.0,0.0,0.0,0.0,0.0,udp,0.0,,cs0,,63.0,,1.0,,Status,1,1,0,42,42,0,42.0,0.0,0.0,0.0,0.0,0,0,0,0.0,,,0.0,0.0,0.0,REQ,,,,,0.0,0.0,0.0,0
444492,2.583336,2.583336,2.583336,2.583336,2.583336,2.583336,udp,0.0,,cs0,,63.0,,1.0,,Status,2,2,0,84,84,0,42.0,0.0,130.064377,130.064377,0.0,0,0,0,0.0,,,0.387096,0.387096,0.0,REQ,,,,,0.0,0.0,0.0,0
444500,2.580283,2.580283,2.580283,2.580283,2.580283,2.580283,udp,0.0,,cs0,,63.0,,1.0,,Status,2,2,0,84,84,0,42.0,0.0,130.218277,130.218277,0.0,0,0,0,0.0,,,0.387554,0.387554,0.0,REQ,,,,,0.0,0.0,0.0,0
444616,2.579125,2.579125,2.579125,2.579125,2.579125,2.579125,udp,0.0,,cs0,,63.0,,1.0,,Status,2,2,0,84,84,0,42.0,0.0,130.276749,130.276749,0.0,0,0,0,0.0,,,0.387728,0.387728,0.0,REQ,,,,,0.0,0.0,0.0,0
444617,2.579125,2.579125,2.579125,2.579125,2.579125,2.579125,udp,0.0,,cs0,,63.0,,1.0,,Status,2,2,0,84,84,0,42.0,0.0,130.276749,130.276749,0.0,0,0,0,0.0,,,0.387728,0.387728,0.0,REQ,,,,,0.0,0.0,0.0,0
444647,0.0,0.0,0.0,0.0,0.0,0.0,udp,0.0,,cs0,,63.0,,1.0,,Status,1,1,0,42,42,0,42.0,0.0,0.0,0.0,0.0,0,0,0,0.0,,,0.0,0.0,0.0,REQ,,,,,0.0,0.0,0.0,0
444739,2.583113,2.583113,2.583113,2.583113,2.583113,2.583113,udp,0.0,,cs0,,63.0,,1.0,,Status,2,2,0,84,84,0,42.0,0.0,130.075607,130.075607,0.0,0,0,0,0.0,,,0.38713,0.38713,0.0,REQ,,,,,0.0,0.0,0.0,0
444745,2.583113,2.583113,2.583113,2.583113,2.583113,2.583113,udp,0.0,,cs0,,63.0,,1.0,,Status,2,2,0,84,84,0,42.0,0.0,130.075607,130.075607,0.0,0,0,0,0.0,,,0.38713,0.38713,0.0,REQ,,,,,0.0,0.0,0.0,0
444749,2.583109,2.583109,2.583109,2.583109,2.583109,2.583109,udp,0.0,,cs0,,63.0,,1.0,,Status,2,2,0,84,84,0,42.0,0.0,130.075821,130.075821,0.0,0,0,0,0.0,,,0.38713,0.38713,0.0,REQ,,,,,0.0,0.0,0.0,0
444751,2.58311,2.58311,2.58311,2.58311,2.58311,2.58311,udp,0.0,,cs0,,63.0,,1.0,,Status,2,2,0,84,84,0,42.0,0.0,130.07576,130.07576,0.0,0,0,0,0.0,,,0.38713,0.38713,0.0,REQ,,,,,0.0,0.0,0.0,0
444781,0.0,0.0,0.0,0.0,0.0,0.0,udp,0.0,,cs0,,63.0,,1.0,,Status,1,1,0,42,42,0,42.0,0.0,0.0,0.0,0.0,0,0,0,0.0,,,0.0,0.0,0.0,REQ,,,,,0.0,0.0,0.0,0
444882,0.0,0.0,0.0,0.0,0.0,0.0,udp,0.0,,cs0,,63.0,,1.0,,Status,1,1,0,42,42,0,42.0,0.0,0.0,0.0,0.0,0,0,0,0.0,,,0.0,0.0,0.0,REQ,,,,,0.0,0.0,0.0,0
444983,2.58404,2.58404,2.58404,2.58404,2.58404,2.58404,udp,0.0,,cs0,,63.0,,1.0,,Status,2,2,0,84,84,0,42.0,0.0,130.028946,130.028946,0.0,0,0,0,0.0,,,0.386991,0.386991,0.0,REQ,,,,,0.0,0.0,0.0,0
444990,2.584043,2.584043,2.584043,2.584043,2.584043,2.584043,udp,0.0,,cs0,,63.0,,1.0,,Status,2,2,0,84,84,0,42.0,0.0,130.028793,130.028793,0.0,0,0,0,0.0,,,0.38699,0.38699,0.0,REQ,,,,,0.0,0.0,0.0,0
445048,0.0,0.0,0.0,0.0,0.0,0.0,udp,0.0,,cs0,,63.0,,1.0,,Status,1,1,0,42,42,0,42.0,0.0,0.0,0.0,0.0,0,0,0,0.0,,,0.0,0.0,0.0,REQ,,,,,0.0,0.0,0.0,0
445130,2.582933,2.582933,2.582933,2.582933,2.582933,2.582933,udp,0.0,,cs0,,63.0,,1.0,,Status,2,2,0,84,84,0,42.0,0.0,130.084671,130.084671,0.0,0,0,0,0.0,,,0.387157,0.387157,0.0,REQ,,,,,0.0,0.0,0.0,0
445178,2.577033,2.577033,2.577033,2.577033,2.577033,2.577033,udp,0.0,,cs0,,63.0,,1.0,,Status,2,2,0,84,84,0,42.0,0.0,130.382492,130.382492,0.0,0,0,0,0.0,,,0.388043,0.388043,0.0,REQ,,,,,0.0,0.0,0.0,0
445185,0.0,0.0,0.0,0.0,0.0,0.0,udp,0.0,,cs0,,63.0,,1.0,,Status,1,1,0,42,42,0,42.0,0.0,0.0,0.0,0.0,0,0,0,0.0,,,0.0,0.0,0.0,REQ,,,,,0.0,0.0,0.0,0
445207,0.0,0.0,0.0,0.0,0.0,0.0,udp,0.0,,cs0,,63.0,,1.0,,Status,1,1,0,42,42,0,42.0,0.0,0.0,0.0,0.0,0,0,0,0.0,,,0.0,0.0,0.0,REQ,,,,,0.0,0.0,0.0,0
445210,0.0,0.0,0.0,0.0,0.0,0.0,udp,0.0,,cs0,,63.0,,1.0,,Status,1,1,0,42,42,0,42.0,0.0,0.0,0.0,0.0,0,0,0,0.0,,,0.0,0.0,0.0,REQ,,,,,0.0,0.0,0.0,0
445222,2.581014,2.581014,2.581014,2.581014,2.581014,2.581014,udp,0.0,,cs0,,63.0,,1.0,,Status,2,2,0,84,84,0,42.0,0.0,130.181396,130.181396,0.0,0,0,0,0.0,,,0.387445,0.387445,0.0,REQ,,,,,0.0,0.0,0.0,0
445367,2.580018,2.580018,2.580018,2.580018,2.580018,2.580018,udp,0.0,,cs0,,63.0,,1.0,,Status,2,2,0,84,84,0,42.0,0.0,130.231644,130.231644,0.0,0,0,0,0.0,,,0.387594,0.387594,0.0,REQ,,,,,0.0,0.0,0.0,0
445406,2.583227,2.583227,2.583227,2.583227,2.583227,2.583227,udp,0.0,,cs0,,63.0,,1.0,,Status,2,2,0,84,84,0,42.0,0.0,130.06987,130.06987,0.0,0,0,0,0.0,,,0.387113,0.387113,0.0,REQ,,,,,0.0,0.0,0.0,0
445413,2.581308,2.581308,2.581308,2.581308,2.581308,2.581308,udp,0.0,,cs0,,63.0,,1.0,,Status,2,2,0,84,84,0,42.0,0.0,130.166565,130.166565,0.0,0,0,0,0.0,,,0.387401,0.387401,0.0,REQ,,,,,0.0,0.0,0.0,0
445557,0.0,0.0,0.0,0.0,0.0,0.0,udp,0.0,,cs0,,63.0,,1.0,,Status,1,1,0,42,42,0,42.0,0.0,0.0,0.0,0.0,0,0,0,0.0,,,0.0,0.0,0.0,REQ,,,,,0.0,0.0,0.0,0
445657,2.579216,2.579216,2.579216,2.579216,2.579216,2.579216,udp,0.0,,cs0,,63.0,,1.0,,Status,2,2,0,84,84,0,42.0,0.0,130.272141,130.272141,0.0,0,0,0,0.0,,,0.387715,0.387715,0.0,REQ,,,,,0.0,0.0,0.0,0
445726,0.0,0.0,0.0,0.0,0.0,0.0,udp,0.0,,cs0,,63.0,,1.0,,Status,1,1,0,42,42,0,42.0,0.0,0.0,0.0,0.0,0,0,0,0.0,,,0.0,0.0,0.0,REQ,,,,,0.0,0.0,0.0,0
445786,2.575695,2.575695,2.575695,2.575695,2.575695,2.575695,udp,0.0,,cs0,,63.0,,1.0,,Status,2,2,0,84,84,0,42.0,0.0,130.450226,130.450226,0.0,0,0,0,0.0,,,0.388245,0.388245,0.0,REQ,,,,,0.0,0.0,0.0,0
445858,0.0,0.0,0.0,0.0,0.0,0.0,udp,0.0,,cs0,,63.0,,1.0,,Status,1,1,0,42,42,0,42.0,0.0,0.0,0.0,0.0,0,0,0,0.0,,,0.0,0.0,0.0,REQ,,,,,0.0,0.0,0.0,0
445867,0.0,0.0,0.0,0.0,0.0,0.0,udp,0.0,,cs0,,63.0,,1.0,,Status,1,1,0,42,42,0,42.0,0.0,0.0,0.0,0.0,0,0,0,0.0,,,0.0,0.0,0.0,REQ,,,,,0.0,0.0,0.0,0
445903,0.0,0.0,0.0,0.0,0.0,0.0,udp,0.0,,cs0,,63.0,,1.0,,Status,1,1,0,42,42,0,42.0,0.0,0.0,0.0,0.0,0,0,0,0.0,,,0.0,0.0,0.0,REQ,,,,,0.0,0.0,0.0,0
445951,0.0,0.0,0.0,0.0,0.0,0.0,udp,0.0,,cs0,,63.0,,1.0,,Status,1,1,0,42,42,0,42.0,0.0,0.0,0.0,0.0,0,0,0,0.0,,,0.0,0.0,0.0,REQ,,,,,0.0,0.0,0.0,0
445984,2.578744,2.578744,2.578744,2.578744,2.578744,2.578744,udp,0.0,,cs0,,63.0,,1.0,,Status,2,2,0,84,84,0,42.0,0.0,130.29599,130.29599,0.0,0,0,0,0.0,,,0.387786,0.387786,0.0,REQ,,,,,0.0,0.0,0.0,0
446000,2.585666,2.585666,2.585666,2.585666,2.585666,2.585666,udp,0.0,,cs0,,63.0,,1.0,,Status,2,2,0,84,84,0,42.0,0.0,129.947174,129.947174,0.0,0,0,0,0.0,,,0.386748,0.386748,0.0,REQ,,,,,0.0,0.0,0.0,0
446021,0.0,0.0,0.0,0.0,0.0,0.0,udp,0.0,,cs0,,63.0,,1.0,,Status,1,1,0,42,42,0,42.0,0.0,0.0,0.0,0.0,0,0,0,0.0,,,0.0,0.0,0.0,REQ,,,,,0.0,0.0,0.0,0
446036,2.580997,2.580997,2.580997,2.580997,2.580997,2.580997,udp,0.0,,cs0,,63.0,,1.0,,Status,2,2,0,84,84,0,42.0,0.0,130.182251,130.182251,0.0,0,0,0,0.0,,,0.387447,0.387447,0.0,REQ,,,,,0.0,0.0,0.0,0
446057,0.0,0.0,0.0,0.0,0.0,0.0,udp,0.0,,cs0,,63.0,,1.0,,Status,1,1,0,42,42,0,42.0,0.0,0.0,0.0,0.0,0,0,0,0.0,,,0.0,0.0,0.0,REQ,,,,,0.0,0.0,0.0,0
446154,2.581188,2.581188,2.581188,2.581188,2.581188,2.581188,udp,0.0,,cs0,,63.0,,1.0,,Status,2,2,0,84,84,0,42.0,0.0,130.172623,130.172623,0.0,0,0,0,0.0,,,0.387419,0.387419,0.0,REQ,,,,,0.0,0.0,0.0,0
446168,2.579198,2.579198,2.579198,2.579198,2.579198,2.579198,udp,0.0,,cs0,,63.0,,1.0,,Status,2,2,0,84,84,0,42.0,0.0,130.273056,130.273056,0.0,0,0,0,0.0,,,0.387717,0.387717,0.0,REQ,,,,,0.0,0.0,0.0,0
446285,0.0,0.0,0.0,0.0,0.0,0.0,udp,0.0,,cs0,,63.0,,1.0,,Status,1,1,0,42,42,0,42.0,0.0,0.0,0.0,0.0,0,0,0,0.0,,,0.0,0.0,0.0,REQ,,,,,0.0,0.0,0.0,0
446288,0.0,0.0,0.0,0.0,0.0,0.0,udp,0.0,,cs0,,63.0,,1.0,,Status,1,1,0,42,42,0,42.0,0.0,0.0,0.0,0.0,0,0,0,0.0,,,0.0,0.0,0.0,REQ,,,,,0.0,0.0,0.0,0
446353,2.581156,2.581156,2.581156,2.581156,2.581156,2.581156,udp,0.0,,cs0,,63.0,,1.0,,Status,2,2,0,84,84,0,42.0,0.0,130.174225,130.174225,0.0,0,0,0,0.0,,,0.387423,0.387423,0.0,REQ,,,,,0.0,0.0,0.0,0
446590,0.0,0.0,0.0,0.0,0.0,0.0,udp,0.0,,cs0,,63.0,,1.0,,Start,1,1,0,42,42,0,42.0,0.0,0.0,0.0,0.0,0,0,0,0.0,,,0.0,0.0,0.0,INT,,,,,0.0,0.0,0.0,0
446603,0.0,0.0,0.0,0.0,0.0,0.0,udp,0.0,,cs0,,63.0,,1.0,,Status,1,1,0,42,42,0,42.0,0.0,0.0,0.0,0.0,0,0,0,0.0,,,0.0,0.0,0.0,REQ,,,,,0.0,0.0,0.0,0
446622,0.0,0.0,0.0,0.0,0.0,0.0,udp,0.0,,cs0,,63.0,,1.0,,Status,1,1,0,42,42,0,42.0,0.0,0.0,0.0,0.0,0,0,0,0.0,,,0.0,0.0,0.0,REQ,,,,,0.0,0.0,0.0,0
446647,0.0,0.0,0.0,0.0,0.0,0.0,udp,0.0,,cs0,,63.0,,1.0,,Status,1,1,0,42,42,0,42.0,0.0,0.0,0.0,0.0,0,0,0,0.0,,,0.0,0.0,0.0,REQ,,,,,0.0,0.0,0.0,0
446700,0.0,0.0,0.0,0.0,0.0,0.0,udp,0.0,,cs0,,63.0,,1.0,,Status,1,1,0,42,42,0,42.0,0.0,0.0,0.0,0.0,0,0,0,0.0,,,0.0,0.0,0.0,REQ,,,,,0.0,0.0,0.0,0
446703,0.0,0.0,0.0,0.0,0.0,0.0,udp,0.0,,cs0,,63.0,,1.0,,Status,1,1,0,42,42,0,42.0,0.0,0.0,0.0,0.0,0,0,0,0.0,,,0.0,0.0,0.0,REQ,,,,,0.0,0.0,0.0,0
446744,0.0,0.0,0.0,0.0,0.0,0.0,udp,0.0,,cs0,,63.0,,1.0,,Status,1,1,0,42,42,0,42.0,0.0,0.0,0.0,0.0,0,0,0,0.0,,,0.0,0.0,0.0,REQ,,,,,0.0,0.0,0.0,0
446842,2.579542,2.579542,2.579542,2.579542,2.579542,2.579542,udp,0.0,,cs0,,63.0,,1.0,,Status,2,2,0,84,84,0,42.0,0.0,130.255692,130.255692,0.0,0,0,0,0.0,,,0.387666,0.387666,0.0,REQ,,,,,0.0,0.0,0.0,0
446845,2.580542,2.580542,2.580542,2.580542,2.580542,2.580542,udp,0.0,,cs0,,63.0,,1.0,,Status,2,2,0,84,84,0,42.0,0.0,130.2052,130.2052,0.0,0,0,0,0.0,,,0.387515,0.387515,0.0,REQ,,,,,0.0,0.0,0.0,0
446991,0.0,0.0,0.0,0.0,0.0,0.0,udp,0.0,,cs0,,63.0,,1.0,,Status,1,1,0,42,42,0,42.0,0.0,0.0,0.0,0.0,0,0,0,0.0,,,0.0,0.0,0.0,REQ,,,,,0.0,0.0,0.0,0
446996,2.581267,2.581267,2.581267,2.581267,2.581267,2.581267,udp,0.0,,cs0,,63.0,,1.0,,Status,2,2,0,84,84,0,42.0,0.0,130.168625,130.168625,0.0,0,0,0,0.0,,,0.387407,0.387407,0.0,REQ,,,,,0.0,0.0,0.0,0
447082,2.58017,2.58017,2.58017,2.58017,2.58017,2.58017,udp,0.0,,cs0,,63.0,,1.0,,Status,2,2,0,84,84,0,42.0,0.0,130.223984,130.223984,0.0,0,0,0,0.0,,,0.387571,0.387571,0.0,REQ,,,,,0.0,0.0,0.0,0
447109,2.581723,2.581723,2.581723,2.581723,2.581723,2.581723,udp,0.0,,cs0,,63.0,,1.0,,Status,2,2,0,84,84,0,42.0,0.0,130.145645,130.145645,0.0,0,0,0,0.0,,,0.387338,0.387338,0.0,REQ,,,,,0.0,0.0,0.0,0
447161,0.0,0.0,0.0,0.0,0.0,0.0,udp,0.0,,cs0,,63.0,,1.0,,Status,1,1,0,42,42,0,42.0,0.0,0.0,0.0,0.0,0,0,0,0.0,,,0.0,0.0,0.0,REQ,,,,,0.0,0.0,0.0,0
447249,0.0,0.0,0.0,0.0,0.0,0.0,udp,0.0,,cs0,,63.0,,1.0,,Status,1,1,0,42,42,0,42.0,0.0,0.0,0.0,0.0,0,0,0,0.0,,,0.0,0.0,0.0,REQ,,,,,0.0,0.0,0.0,0
447278,0.0,0.0,0.0,0.0,0.0,0.0,udp,0.0,,cs0,,63.0,,1.0,,Status,1,1,0,42,42,0,42.0,0.0,0.0,0.0,0.0,0,0,0,0.0,,,0.0,0.0,0.0,REQ,,,,,0.0,0.0,0.0,0
447283,0.0,0.0,0.0,0.0,0.0,0.0,udp,0.0,,cs0,,63.0,,1.0,,Status,1,1,0,42,42,0,42.0,0.0,0.0,0.0,0.0,0,0,0,0.0,,,0.0,0.0,0.0,REQ,,,,,0.0,0.0,0.0,0
447330,2.583842,2.583842,2.583842,2.583842,2.583842,2.583842,udp,0.0,,cs0,,63.0,,1.0,,Status,2,2,0,84,84,0,42.0,0.0,130.03891,130.03891,0.0,0,0,0,0.0,,,0.387021,0.387021,0.0,REQ,,,,,0.0,0.0,0.0,0
447355,2.579626,2.579626,2.579626,2.579626,2.579626,2.579626,udp,0.0,,cs0,,63.0,,1.0,,Status,2,2,0,84,84,0,42.0,0.0,130.251434,130.251434,0.0,0,0,0,0.0,,,0.387653,0.387653,0.0,REQ,,,,,0.0,0.0,0.0,0
447367,2.583308,2.583308,2.583308,2.583308,2.583308,2.583308,udp,0.0,,cs0,,63.0,,1.0,,Status,2,2,0,84,84,0,42.0,0.0,130.065796,130.065796,0.0,0,0,0,0.0,,,0.387101,0.387101,0.0,REQ,,,,,0.0,0.0,0.0,0
447403,2.585905,2.585905,2.585905,2.585905,2.585905,2.585905,udp,0.0,,cs0,,63.0,,1.0,,Status,2,2,0,84,84,0,42.0,0.0,129.935165,129.935165,0.0,0,0,0,0.0,,,0.386712,0.386712,0.0,REQ,,,,,0.0,0.0,0.0,0
447406,2.585906,2.585906,2.585906,2.585906,2.585906,2.585906,udp,0.0,,cs0,,63.0,,1.0,,Status,2,2,0,84,84,0,42.0,0.0,129.93512,129.93512,0.0,0,0,0,0.0,,,0.386712,0.386712,0.0,REQ,,,,,0.0,0.0,0.0,0
447425,2.585922,2.585922,2.585922,2.585922,2.585922,2.585922,udp,0.0,,cs0,,63.0,,1.0,,Status,2,2,0,84,84,0,42.0,0.0,129.934311,129.934311,0.0,0,0,0,0.0,,,0.386709,0.386709,0.0,REQ,,,,,0.0,0.0,0.0,0
447434,0.0,0.0,0.0,0.0,0.0,0.0,udp,0.0,,cs0,,63.0,,1.0,,Status,1,1,0,42,42,0,42.0,0.0,0.0,0.0,0.0,0,0,0,0.0,,,0.0,0.0,0.0,REQ,,,,,0.0,0.0,0.0,0
447451,0.0,0.0,0.0,0.0,0.0,0.0,udp,0.0,,cs0,,63.0,,1.0,,Status,1,1,0,42,42,0,42.0,0.0,0.0,0.0,0.0,0,0,0,0.0,,,0.0,0.0,0.0,REQ,,,,,0.0,0.0,0.0,0
447528,0.0,0.0,0.0,0.0,0.0,0.0,udp,0.0,,cs0,,63.0,,1.0,,Status,1,1,0,42,42,0,42.0,0.0,0.0,0.0,0.0,0,0,0,0.0,,,0.0,0.0,0.0,REQ,,,,,0.0,0.0,0.0,0
447535,0.0,0.0,0.0,0.0,0.0,0.0,udp,0.0,,cs0,,63.0,,1.0,,Status,1,1,0,42,42,0,42.0,0.0,0.0,0.0,0.0,0,0,0,0.0,,,0.0,0.0,0.0,REQ,,,,,0.0,0.0,0.0,0
447572,2.578149,2.578149,2.578149,2.578149,2.578149,2.578149,udp,0.0,,cs0,,63.0,,1.0,,Status,2,2,0,84,84,0,42.0,0.0,130.32605,130.32605,0.0,0,0,0,0.0,,,0.387875,0.387875,0.0,REQ,,,,,0.0,0.0,0.0,0
447600,2.583853,2.583853,2.583853,2.583853,2.583853,2.583853,udp,0.0,,cs0,,63.0,,1.0,,Status,2,2,0,84,84,0,42.0,0.0,130.038361,130.038361,0.0,0,0,0,0.0,,,0.387019,0.387019,0.0,REQ,,,,,0.0,0.0,0.0,0
447629,0.0,0.0,0.0,0.0,0.0,0.0,udp,0.0,,cs0,,63.0,,1.0,,Status,1,1,0,42,42,0,42.0,0.0,0.0,0.0,0.0,0,0,0,0.0,,,0.0,0.0,0.0,REQ,,,,,0.0,0.0,0.0,0
447694,2.580618,2.580618,2.580618,2.580618,2.580618,2.580618,udp,0.0,,cs0,,63.0,,1.0,,Status,2,2,0,84,84,0,42.0,0.0,130.20137,130.20137,0.0,0,0,0,0.0,,,0.387504,0.387504,0.0,REQ,,,,,0.0,0.0,0.0,0
447715,0.0,0.0,0.0,0.0,0.0,0.0,udp,0.0,,cs0,,63.0,,1.0,,Status,1,1,0,42,42,0,42.0,0.0,0.0,0.0,0.0,0,0,0,0.0,,,0.0,0.0,0.0,REQ,,,,,0.0,0.0,0.0,0
447739,0.0,0.0,0.0,0.0,0.0,0.0,udp,0.0,,cs0,,63.0,,1.0,,Status,1,1,0,42,42,0,42.0,0.0,0.0,0.0,0.0,0,0,0,0.0,,,0.0,0.0,0.0,REQ,,,,,0.0,0.0,0.0,0
447765,0.0,0.0,0.0,0.0,0.0,0.0,udp,0.0,,cs0,,63.0,,1.0,,Status,1,1,0,42,42,0,42.0,0.0,0.0,0.0,0.0,0,0,0,0.0,,,0.0,0.0,0.0,REQ,,,,,0.0,0.0,0.0,0
447770,0.0,0.0,0.0,0.0,0.0,0.0,udp,0.0,,cs0,,63.0,,1.0,,Status,1,1,0,42,42,0,42.0,0.0,0.0,0.0,0.0,0,0,0,0.0,,,0.0,0.0,0.0,REQ,,,,,0.0,0.0,0.0,0
447791,0.0,0.0,0.0,0.0,0.0,0.0,udp,0.0,,cs0,,63.0,,1.0,,Status,1,1,0,42,42,0,42.0,0.0,0.0,0.0,0.0,0,0,0,0.0,,,0.0,0.0,0.0,REQ,,,,,0.0,0.0,0.0,0
447848,0.0,0.0,0.0,0.0,0.0,0.0,udp,0.0,,cs0,,63.0,,1.0,,Status,1,1,0,42,42,0,42.0,0.0,0.0,0.0,0.0,0,0,0,0.0,,,0.0,0.0,0.0,REQ,,,,,0.0,0.0,0.0,0
447937,0.0,0.0,0.0,0.0,0.0,0.0,udp,0.0,,cs0,,63.0,,1.0,,Status,1,1,0,42,42,0,42.0,0.0,0.0,0.0,0.0,0,0,0,0.0,,,0.0,0.0,0.0,REQ,,,,,0.0,0.0,0.0,0
448040,2.579493,2.579493,2.579493,2.579493,2.579493,2.579493,udp,0.0,,cs0,,63.0,,1.0,,Status,2,2,0,84,84,0,42.0,0.0,130.258148,130.258148,0.0,0,0,0,0.0,,,0.387673,0.387673,0.0,REQ,,,,,0.0,0.0,0.0,0
448061,2.578193,2.578193,2.578193,2.578193,2.578193,2.578193,udp,0.0,,cs0,,63.0,,1.0,,Status,2,2,0,84,84,0,42.0,0.0,130.323837,130.323837,0.0,0,0,0,0.0,,,0.387869,0.387869,0.0,REQ,,,,,0.0,0.0,0.0,0
448205,0.0,0.0,0.0,0.0,0.0,0.0,udp,0.0,,cs0,,63.0,,1.0,,Status,1,1,0,42,42,0,42.0,0.0,0.0,0.0,0.0,0,0,0,0.0,,,0.0,0.0,0.0,REQ,,,,,0.0,0.0,0.0,0
448396,0.0,0.0,0.0,0.0,0.0,0.0,udp,0.0,,cs0,,63.0,,1.0,,Status,1,1,0,42,42,0,42.0,0.0,0.0,0.0,0.0,0,0,0,0.0,,,0.0,0.0,0.0,REQ,,,,,0.0,0.0,0.0,0
448441,0.0,0.0,0.0,0.0,0.0,0.0,udp,0.0,,cs0,,63.0,,1.0,,Status,1,1,0,42,42,0,42.0,0.0,0.0,0.0,0.0,0,0,0,0.0,,,0.0,0.0,0.0,REQ,,,,,0.0,0.0,0.0,0
448445,0.0,0.0,0.0,0.0,0.0,0.0,udp,0.0,,cs0,,63.0,,1.0,,Status,1,1,0,42,42,0,42.0,0.0,0.0,0.0,0.0,0,0,0,0.0,,,0.0,0.0,0.0,REQ,,,,,0.0,0.0,0.0,0
448472,0.0,0.0,0.0,0.0,0.0,0.0,udp,0.0,,cs0,,63.0,,1.0,,Status,1,1,0,42,42,0,42.0,0.0,0.0,0.0,0.0,0,0,0,0.0,,,0.0,0.0,0.0,REQ,,,,,0.0,0.0,0.0,0
448518,2.578159,2.578159,2.578159,2.578159,2.578159,2.578159,udp,0.0,,cs0,,63.0,,1.0,,Status,2,2,0,84,84,0,42.0,0.0,130.325546,130.325546,0.0,0,0,0,0.0,,,0.387874,0.387874,0.0,REQ,,,,,0.0,0.0,0.0,0
448594,0.0,0.0,0.0,0.0,0.0,0.0,udp,0.0,,cs0,,63.0,,1.0,,Status,1,1,0,42,42,0,42.0,0.0,0.0,0.0,0.0,0,0,0,0.0,,,0.0,0.0,0.0,REQ,,,,,0.0,0.0,0.0,0
448597,0.0,0.0,0.0,0.0,0.0,0.0,udp,0.0,,cs0,,63.0,,1.0,,Status,1,1,0,42,42,0,42.0,0.0,0.0,0.0,0.0,0,0,0,0.0,,,0.0,0.0,0.0,REQ,,,,,0.0,0.0,0.0,0
448606,0.0,0.0,0.0,0.0,0.0,0.0,udp,0.0,,cs0,,63.0,,1.0,,Status,1,1,0,42,42,0,42.0,0.0,0.0,0.0,0.0,0,0,0,0.0,,,0.0,0.0,0.0,REQ,,,,,0.0,0.0,0.0,0
448696,2.580761,2.580761,2.580761,2.580761,2.580761,2.580761,udp,0.0,,cs0,,63.0,,1.0,,Status,2,2,0,84,84,0,42.0,0.0,130.194153,130.194153,0.0,0,0,0,0.0,,,0.387483,0.387483,0.0,REQ,,,,,0.0,0.0,0.0,0
448703,0.0,0.0,0.0,0.0,0.0,0.0,udp,0.0,,cs0,,63.0,,1.0,,Status,1,1,0,42,42,0,42.0,0.0,0.0,0.0,0.0,0,0,0,0.0,,,0.0,0.0,0.0,REQ,,,,,0.0,0.0,0.0,0
448760,2.581245,2.581245,2.581245,2.581245,2.581245,2.581245,udp,0.0,,cs0,,63.0,,1.0,,Status,2,2,0,84,84,0,42.0,0.0,130.169754,130.169754,0.0,0,0,0,0.0,,,0.38741,0.38741,0.0,REQ,,,,,0.0,0.0,0.0,0
448766,2.581192,2.581192,2.581192,2.581192,2.581192,2.581192,udp,0.0,,cs0,,63.0,,1.0,,Status,2,2,0,84,84,0,42.0,0.0,130.172409,130.172409,0.0,0,0,0,0.0,,,0.387418,0.387418,0.0,REQ,,,,,0.0,0.0,0.0,0
448878,2.57993,2.57993,2.57993,2.57993,2.57993,2.57993,udp,0.0,,cs0,,63.0,,1.0,,Status,2,2,0,84,84,0,42.0,0.0,130.236084,130.236084,0.0,0,0,0,0.0,,,0.387607,0.387607,0.0,REQ,,,,,0.0,0.0,0.0,0
448940,2.577527,2.577527,2.577527,2.577527,2.577527,2.577527,udp,0.0,,cs0,,63.0,,1.0,,Status,2,2,0,84,84,0,42.0,0.0,130.357513,130.357513,0.0,0,0,0,0.0,,,0.387969,0.387969,0.0,REQ,,,,,0.0,0.0,0.0,0
448953,2.579814,2.579814,2.579814,2.579814,2.579814,2.579814,udp,0.0,,cs0,,63.0,,1.0,,Status,2,2,0,84,84,0,42.0,0.0,130.241943,130.241943,0.0,0,0,0,0.0,,,0.387625,0.387625,0.0,REQ,,,,,0.0,0.0,0.0,0
448957,2.579833,2.579833,2.579833,2.579833,2.579833,2.579833,udp,0.0,,cs0,,63.0,,1.0,,Status,2,2,0,84,84,0,42.0,0.0,130.240982,130.240982,0.0,0,0,0,0.0,,,0.387622,0.387622,0.0,REQ,,,,,0.0,0.0,0.0,0
449022,0.0,0.0,0.0,0.0,0.0,0.0,udp,0.0,,cs0,,63.0,,1.0,,Status,1,1,0,42,42,0,42.0,0.0,0.0,0.0,0.0,0,0,0,0.0,,,0.0,0.0,0.0,REQ,,,,,0.0,0.0,0.0,0
449067,2.5793,2.5793,2.5793,2.5793,2.5793,2.5793,udp,0.0,,cs0,,63.0,,1.0,,Status,2,2,0,84,84,0,42.0,0.0,130.267899,130.267899,0.0,0,0,0,0.0,,,0.387702,0.387702,0.0,REQ,,,,,0.0,0.0,0.0,0
449074,2.579206,2.579206,2.579206,2.579206,2.579206,2.579206,udp,0.0,,cs0,,63.0,,1.0,,Status,2,2,0,84,84,0,42.0,0.0,130.272644,130.272644,0.0,0,0,0,0.0,,,0.387716,0.387716,0.0,REQ,,,,,0.0,0.0,0.0,0
449104,2.58098,2.58098,2.58098,2.58098,2.58098,2.58098,udp,0.0,,cs0,,63.0,,1.0,,Status,2,2,0,84,84,0,42.0,0.0,130.183105,130.183105,0.0,0,0,0,0.0,,,0.38745,0.38745,0.0,REQ,,,,,0.0,0.0,0.0,0
449131,2.580887,2.580887,2.580887,2.580887,2.580887,2.580887,udp,0.0,,cs0,,63.0,,1.0,,Status,2,2,0,84,84,0,42.0,0.0,130.18779,130.18779,0.0,0,0,0,0.0,,,0.387464,0.387464,0.0,REQ,,,,,0.0,0.0,0.0,0
449234,0.0,0.0,0.0,0.0,0.0,0.0,udp,0.0,,cs0,,63.0,,1.0,,Status,1,1,0,42,42,0,42.0,0.0,0.0,0.0,0.0,0,0,0,0.0,,,0.0,0.0,0.0,REQ,,,,,0.0,0.0,0.0,0
449281,2.57925,2.57925,2.57925,2.57925,2.57925,2.57925,udp,0.0,,cs0,,63.0,,1.0,,Status,2,2,0,84,84,0,42.0,0.0,130.270416,130.270416,0.0,0,0,0,0.0,,,0.38771,0.38771,0.0,REQ,,,,,0.0,0.0,0.0,0
449302,0.0,0.0,0.0,0.0,0.0,0.0,udp,0.0,,cs0,,63.0,,1.0,,Status,1,1,0,42,42,0,42.0,0.0,0.0,0.0,0.0,0,0,0,0.0,,,0.0,0.0,0.0,REQ,,,,,0.0,0.0,0.0,0
449320,0.0,0.0,0.0,0.0,0.0,0.0,udp,0.0,,cs0,,63.0,,1.0,,Status,1,1,0,42,42,0,42.0,0.0,0.0,0.0,0.0,0,0,0,0.0,,,0.0,0.0,0.0,REQ,,,,,0.0,0.0,0.0,0
449524,0.0,0.0,0.0,0.0,0.0,0.0,udp,0.0,,cs0,,63.0,,1.0,,Status,1,1,0,42,42,0,42.0,0.0,0.0,0.0,0.0,0,0,0,0.0,,,0.0,0.0,0.0,REQ,,,,,0.0,0.0,0.0,0
449578,2.5799,2.5799,2.5799,2.5799,2.5799,2.5799,udp,0.0,,cs0,,63.0,,1.0,,Status,2,2,0,84,84,0,42.0,0.0,130.23761,130.23761,0.0,0,0,0,0.0,,,0.387612,0.387612,0.0,REQ,,,,,0.0,0.0,0.0,0
449584,2.583598,2.583598,2.583598,2.583598,2.583598,2.583598,udp,0.0,,cs0,,63.0,,1.0,,Status,2,2,0,84,84,0,42.0,0.0,130.051193,130.051193,0.0,0,0,0,0.0,,,0.387057,0.387057,0.0,REQ,,,,,0.0,0.0,0.0,0
449672,0.0,0.0,0.0,0.0,0.0,0.0,udp,0.0,,cs0,,63.0,,1.0,,Status,1,1,0,42,42,0,42.0,0.0,0.0,0.0,0.0,0,0,0,0.0,,,0.0,0.0,0.0,REQ,,,,,0.0,0.0,0.0,0
449719,0.0,0.0,0.0,0.0,0.0,0.0,udp,0.0,,cs0,,63.0,,1.0,,Status,1,1,0,42,42,0,42.0,0.0,0.0,0.0,0.0,0,0,0,0.0,,,0.0,0.0,0.0,REQ,,,,,0.0,0.0,0.0,0
449749,0.0,0.0,0.0,0.0,0.0,0.0,udp,0.0,,cs0,,63.0,,1.0,,Status,1,1,0,42,42,0,42.0,0.0,0.0,0.0,0.0,0,0,0,0.0,,,0.0,0.0,0.0,REQ,,,,,0.0,0.0,0.0,0
449911,2.582239,2.582239,2.582239,2.582239,2.582239,2.582239,udp,0.0,,cs0,,63.0,,1.0,,Status,2,2,0,84,84,0,42.0,0.0,130.119644,130.119644,0.0,0,0,0,0.0,,,0.387261,0.387261,0.0,REQ,,,,,0.0,0.0,0.0,0
449945,0.0,0.0,0.0,0.0,0.0,0.0,udp,0.0,,cs0,,63.0,,1.0,,Status,1,1,0,42,42,0,42.0,0.0,0.0,0.0,0.0,0,0,0,0.0,,,0.0,0.0,0.0,REQ,,,,,0.0,0.0,0.0,0
449993,0.0,0.0,0.0,0.0,0.0,0.0,udp,0.0,,cs0,,63.0,,1.0,,Status,1,1,0,42,42,0,42.0,0.0,0.0,0.0,0.0,0,0,0,0.0,,,0.0,0.0,0.0,REQ,,,,,0.0,0.0,0.0,0
450042,2.585289,2.585289,2.585289,2.585289,2.585289,2.585289,udp,0.0,,cs0,,63.0,,1.0,,Status,2,2,0,84,84,0,42.0,0.0,129.966125,129.966125,0.0,0,0,0,0.0,,,0.386804,0.386804,0.0,REQ,,,,,0.0,0.0,0.0,0
450114,2.579257,2.579257,2.579257,2.579257,2.579257,2.579257,udp,0.0,,cs0,,63.0,,1.0,,Status,2,2,0,84,84,0,42.0,0.0,130.270081,130.270081,0.0,0,0,0,0.0,,,0.387709,0.387709,0.0,REQ,,,,,0.0,0.0,0.0,0
450145,0.0,0.0,0.0,0.0,0.0,0.0,udp,0.0,,cs0,,63.0,,1.0,,Status,1,1,0,42,42,0,42.0,0.0,0.0,0.0,0.0,0,0,0,0.0,,,0.0,0.0,0.0,REQ,,,,,0.0,0.0,0.0,0
450175,0.0,0.0,0.0,0.0,0.0,0.0,udp,0.0,,cs0,,63.0,,1.0,,Status,1,1,0,42,42,0,42.0,0.0,0.0,0.0,0.0,0,0,0,0.0,,,0.0,0.0,0.0,REQ,,,,,0.0,0.0,0.0,0
450207,2.578441,2.578441,2.578441,2.578441,2.578441,2.578441,udp,0.0,,cs0,,63.0,,1.0,,Status,2,2,0,84,84,0,42.0,0.0,130.31131,130.31131,0.0,0,0,0,0.0,,,0.387831,0.387831,0.0,REQ,,,,,0.0,0.0,0.0,0
450209,2.577343,2.577343,2.577343,2.577343,2.577343,2.577343,udp,0.0,,cs0,,63.0,,1.0,,Status,2,2,0,84,84,0,42.0,0.0,130.366821,130.366821,0.0,0,0,0,0.0,,,0.387996,0.387996,0.0,REQ,,,,,0.0,0.0,0.0,0
450244,0.0,0.0,0.0,0.0,0.0,0.0,udp,0.0,,cs0,,63.0,,1.0,,Status,1,1,0,42,42,0,42.0,0.0,0.0,0.0,0.0,0,0,0,0.0,,,0.0,0.0,0.0,REQ,,,,,0.0,0.0,0.0,0
450304,2.581106,2.581106,2.581106,2.581106,2.581106,2.581106,udp,0.0,,cs0,,63.0,,1.0,,Status,2,2,0,84,84,0,42.0,0.0,130.176758,130.176758,0.0,0,0,0,0.0,,,0.387431,0.387431,0.0,REQ,,,,,0.0,0.0,0.0,0
450328,2.581158,2.581158,2.581158,2.581158,2.581158,2.581158,udp,0.0,,cs0,,63.0,,1.0,,Status,2,2,0,84,84,0,42.0,0.0,130.174133,130.174133,0.0,0,0,0,0.0,,,0.387423,0.387423,0.0,REQ,,,,,0.0,0.0,0.0,0
450329,2.581158,2.581158,2.581158,2.581158,2.581158,2.581158,udp,0.0,,cs0,,63.0,,1.0,,Status,2,2,0,84,84,0,42.0,0.0,130.174133,130.174133,0.0,0,0,0,0.0,,,0.387423,0.387423,0.0,REQ,,,,,0.0,0.0,0.0,0
450422,0.0,0.0,0.0,0.0,0.0,0.0,udp,0.0,,cs0,,63.0,,1.0,,Status,1,1,0,42,42,0,42.0,0.0,0.0,0.0,0.0,0,0,0,0.0,,,0.0,0.0,0.0,REQ,,,,,0.0,0.0,0.0,0
450456,0.0,0.0,0.0,0.0,0.0,0.0,udp,0.0,,cs0,,63.0,,1.0,,Status,1,1,0,42,42,0,42.0,0.0,0.0,0.0,0.0,0,0,0,0.0,,,0.0,0.0,0.0,REQ,,,,,0.0,0.0,0.0,0
450462,0.0,0.0,0.0,0.0,0.0,0.0,udp,0.0,,cs0,,63.0,,1.0,,Status,1,1,0,42,42,0,42.0,0.0,0.0,0.0,0.0,0,0,0,0.0,,,0.0,0.0,0.0,REQ,,,,,0.0,0.0,0.0,0
450470,2.578596,2.578596,2.578596,2.578596,2.578596,2.578596,udp,0.0,,cs0,,63.0,,1.0,,Status,2,2,0,84,84,0,42.0,0.0,130.303467,130.303467,0.0,0,0,0,0.0,,,0.387808,0.387808,0.0,REQ,,,,,0.0,0.0,0.0,0
450527,2.577522,2.577522,2.577522,2.577522,2.577522,2.577522,udp,0.0,,cs0,,63.0,,1.0,,Status,2,2,0,84,84,0,42.0,0.0,130.357758,130.357758,0.0,0,0,0,0.0,,,0.38797,0.38797,0.0,REQ,,,,,0.0,0.0,0.0,0
450540,2.576438,2.576438,2.576438,2.576438,2.576438,2.576438,udp,0.0,,cs0,,63.0,,1.0,,Status,2,2,0,84,84,0,42.0,0.0,130.412613,130.412613,0.0,0,0,0,0.0,,,0.388133,0.388133,0.0,REQ,,,,,0.0,0.0,0.0,0
450548,2.577731,2.577731,2.577731,2.577731,2.577731,2.577731,udp,0.0,,cs0,,63.0,,1.0,,Status,2,2,0,84,84,0,42.0,0.0,130.347198,130.347198,0.0,0,0,0,0.0,,,0.387938,0.387938,0.0,REQ,,,,,0.0,0.0,0.0,0
450555,2.580824,2.580824,2.580824,2.580824,2.580824,2.580824,udp,0.0,,cs0,,63.0,,1.0,,Status,2,2,0,84,84,0,42.0,0.0,130.190979,130.190979,0.0,0,0,0,0.0,,,0.387473,0.387473,0.0,REQ,,,,,0.0,0.0,0.0,0
450585,0.0,0.0,0.0,0.0,0.0,0.0,udp,0.0,,cs0,,63.0,,1.0,,Status,1,1,0,42,42,0,42.0,0.0,0.0,0.0,0.0,0,0,0,0.0,,,0.0,0.0,0.0,REQ,,,,,0.0,0.0,0.0,0
450603,2.581154,2.581154,2.581154,2.581154,2.581154,2.581154,udp,0.0,,cs0,,63.0,,1.0,,Status,2,2,0,84,84,0,42.0,0.0,130.174332,130.174332,0.0,0,0,0,0.0,,,0.387424,0.387424,0.0,REQ,,,,,0.0,0.0,0.0,0
450657,2.581451,2.581451,2.581451,2.581451,2.581451,2.581451,udp,0.0,,cs0,,63.0,,1.0,,Status,2,2,0,84,84,0,42.0,0.0,130.159363,130.159363,0.0,0,0,0,0.0,,,0.387379,0.387379,0.0,REQ,,,,,0.0,0.0,0.0,0
450659,2.581441,2.581441,2.581441,2.581441,2.581441,2.581441,udp,0.0,,cs0,,63.0,,1.0,,Status,2,2,0,84,84,0,42.0,0.0,130.159866,130.159866,0.0,0,0,0,0.0,,,0.387381,0.387381,0.0,REQ,,,,,0.0,0.0,0.0,0
450685,2.584069,2.584069,2.584069,2.584069,2.584069,2.584069,udp,0.0,,cs0,,63.0,,1.0,,Status,2,2,0,84,84,0,42.0,0.0,130.027481,130.027481,0.0,0,0,0,0.0,,,0.386987,0.386987,0.0,REQ,,,,,0.0,0.0,0.0,0
450746,2.579116,2.579116,2.579116,2.579116,2.579116,2.579116,udp,0.0,,cs0,,63.0,,1.0,,Status,2,2,0,84,84,0,42.0,0.0,130.277191,130.277191,0.0,0,0,0,0.0,,,0.38773,0.38773,0.0,REQ,,,,,0.0,0.0,0.0,0
450897,2.579017,2.579017,2.579017,2.579017,2.579017,2.579017,udp,0.0,,cs0,,63.0,,1.0,,Status,2,2,0,84,84,0,42.0,0.0,130.282196,130.282196,0.0,0,0,0,0.0,,,0.387745,0.387745,0.0,REQ,,,,,0.0,0.0,0.0,0
450944,2.583048,2.583048,2.583048,2.583048,2.583048,2.583048,udp,0.0,,cs0,,63.0,,1.0,,Status,2,2,0,84,84,0,42.0,0.0,130.078873,130.078873,0.0,0,0,0,0.0,,,0.38714,0.38714,0.0,REQ,,,,,0.0,0.0,0.0,0
450992,2.584805,2.584805,2.584805,2.584805,2.584805,2.584805,udp,0.0,,cs0,,63.0,,1.0,,Status,2,2,0,84,84,0,42.0,0.0,129.990463,129.990463,0.0,0,0,0,0.0,,,0.386876,0.386876,0.0,REQ,,,,,0.0,0.0,0.0,0
451006,2.584818,2.584818,2.584818,2.584818,2.584818,2.584818,udp,0.0,,cs0,,63.0,,1.0,,Status,2,2,0,84,84,0,42.0,0.0,129.989822,129.989822,0.0,0,0,0,0.0,,,0.386874,0.386874,0.0,REQ,,,,,0.0,0.0,0.0,0
451023,2.584655,2.584655,2.584655,2.584655,2.584655,2.584655,udp,0.0,,cs0,,63.0,,1.0,,Status,2,2,0,84,84,0,42.0,0.0,129.998001,129.998001,0.0,0,0,0,0.0,,,0.386899,0.386899,0.0,REQ,,,,,0.0,0.0,0.0,0
451024,2.584647,2.584647,2.584647,2.584647,2.584647,2.584647,udp,0.0,,cs0,,63.0,,1.0,,Status,2,2,0,84,84,0,42.0,0.0,129.998413,129.998413,0.0,0,0,0,0.0,,,0.3869,0.3869,0.0,REQ,,,,,0.0,0.0,0.0,0
451029,2.584648,2.584648,2.584648,2.584648,2.584648,2.584648,udp,0.0,,cs0,,63.0,,1.0,,Status,2,2,0,84,84,0,42.0,0.0,129.998367,129.998367,0.0,0,0,0,0.0,,,0.3869,0.3869,0.0,REQ,,,,,0.0,0.0,0.0,0
451077,0.0,0.0,0.0,0.0,0.0,0.0,udp,0.0,,cs0,,63.0,,1.0,,Status,1,1,0,42,42,0,42.0,0.0,0.0,0.0,0.0,0,0,0,0.0,,,0.0,0.0,0.0,REQ,,,,,0.0,0.0,0.0,0
451100,2.588116,2.588116,2.588116,2.588116,2.588116,2.588116,udp,0.0,,cs0,,63.0,,1.0,,Status,2,2,0,84,84,0,42.0,0.0,129.824173,129.824173,0.0,0,0,0,0.0,,,0.386381,0.386381,0.0,REQ,,,,,0.0,0.0,0.0,0
451116,0.0,0.0,0.0,0.0,0.0,0.0,udp,0.0,,cs0,,63.0,,1.0,,Status,1,1,0,42,42,0,42.0,0.0,0.0,0.0,0.0,0,0,0,0.0,,,0.0,0.0,0.0,REQ,,,,,0.0,0.0,0.0,0
451179,0.0,0.0,0.0,0.0,0.0,0.0,udp,0.0,,cs0,,63.0,,1.0,,Status,1,1,0,42,42,0,42.0,0.0,0.0,0.0,0.0,0,0,0,0.0,,,0.0,0.0,0.0,REQ,,,,,0.0,0.0,0.0,0
451184,0.0,0.0,0.0,0.0,0.0,0.0,udp,0.0,,cs0,,63.0,,1.0,,Status,1,1,0,42,42,0,42.0,0.0,0.0,0.0,0.0,0,0,0,0.0,,,0.0,0.0,0.0,REQ,,,,,0.0,0.0,0.0,0
451293,2.571979,2.571979,2.571979,2.571979,2.571979,2.571979,udp,0.0,,cs0,,63.0,,1.0,,Status,2,2,0,84,84,0,42.0,0.0,130.638702,130.638702,0.0,0,0,0,0.0,,,0.388806,0.388806,0.0,REQ,,,,,0.0,0.0,0.0,0
451411,2.578497,2.578497,2.578497,2.578497,2.578497,2.578497,udp,0.0,,cs0,,63.0,,1.0,,Status,2,2,0,84,84,0,42.0,0.0,130.308472,130.308472,0.0,0,0,0,0.0,,,0.387823,0.387823,0.0,REQ,,,,,0.0,0.0,0.0,0
451421,2.581846,2.581846,2.581846,2.581846,2.581846,2.581846,udp,0.0,,cs0,,63.0,,1.0,,Status,2,2,0,84,84,0,42.0,0.0,130.13945,130.13945,0.0,0,0,0,0.0,,,0.38732,0.38732,0.0,REQ,,,,,0.0,0.0,0.0,0
451593,0.0,0.0,0.0,0.0,0.0,0.0,udp,0.0,,cs0,,63.0,,1.0,,Status,1,1,0,42,42,0,42.0,0.0,0.0,0.0,0.0,0,0,0,0.0,,,0.0,0.0,0.0,REQ,,,,,0.0,0.0,0.0,0
451684,2.577204,2.577204,2.577204,2.577204,2.577204,2.577204,udp,0.0,,cs0,,63.0,,1.0,,Status,2,2,0,84,84,0,42.0,0.0,130.37384,130.37384,0.0,0,0,0,0.0,,,0.388017,0.388017,0.0,REQ,,,,,0.0,0.0,0.0,0
451698,0.0,0.0,0.0,0.0,0.0,0.0,udp,0.0,,cs0,,63.0,,1.0,,Status,1,1,0,42,42,0,42.0,0.0,0.0,0.0,0.0,0,0,0,0.0,,,0.0,0.0,0.0,REQ,,,,,0.0,0.0,0.0,0
451699,2.580876,2.580876,2.580876,2.580876,2.580876,2.580876,udp,0.0,,cs0,,63.0,,1.0,,Status,2,2,0,84,84,0,42.0,0.0,130.188354,130.188354,0.0,0,0,0,0.0,,,0.387465,0.387465,0.0,REQ,,,,,0.0,0.0,0.0,0
451705,0.0,0.0,0.0,0.0,0.0,0.0,udp,0.0,,cs0,,63.0,,1.0,,Status,1,1,0,42,42,0,42.0,0.0,0.0,0.0,0.0,0,0,0,0.0,,,0.0,0.0,0.0,REQ,,,,,0.0,0.0,0.0,0
451722,2.580265,2.580265,2.580265,2.580265,2.580265,2.580265,udp,0.0,,cs0,,63.0,,1.0,,Status,2,2,0,84,84,0,42.0,0.0,130.219177,130.219177,0.0,0,0,0,0.0,,,0.387557,0.387557,0.0,REQ,,,,,0.0,0.0,0.0,0
451799,0.0,0.0,0.0,0.0,0.0,0.0,udp,0.0,,cs0,,63.0,,1.0,,Status,1,1,0,42,42,0,42.0,0.0,0.0,0.0,0.0,0,0,0,0.0,,,0.0,0.0,0.0,REQ,,,,,0.0,0.0,0.0,0
451823,0.0,0.0,0.0,0.0,0.0,0.0,udp,0.0,,cs0,,63.0,,1.0,,Status,1,1,0,42,42,0,42.0,0.0,0.0,0.0,0.0,0,0,0,0.0,,,0.0,0.0,0.0,REQ,,,,,0.0,0.0,0.0,0
451880,0.0,0.0,0.0,0.0,0.0,0.0,udp,0.0,,cs0,,63.0,,1.0,,Status,1,1,0,42,42,0,42.0,0.0,0.0,0.0,0.0,0,0,0,0.0,,,0.0,0.0,0.0,REQ,,,,,0.0,0.0,0.0,0
451883,2.579146,2.579146,2.579146,2.579146,2.579146,2.579146,udp,0.0,,cs0,,63.0,,1.0,,Status,2,2,0,84,84,0,42.0,0.0,130.275681,130.275681,0.0,0,0,0,0.0,,,0.387725,0.387725,0.0,REQ,,,,,0.0,0.0,0.0,0
451926,2.581185,2.581185,2.581185,2.581185,2.581185,2.581185,udp,0.0,,cs0,,63.0,,1.0,,Status,2,2,0,84,84,0,42.0,0.0,130.17276,130.17276,0.0,0,0,0,0.0,,,0.387419,0.387419,0.0,REQ,,,,,0.0,0.0,0.0,0
451952,0.0,0.0,0.0,0.0,0.0,0.0,udp,0.0,,cs0,,63.0,,1.0,,Status,1,1,0,42,42,0,42.0,0.0,0.0,0.0,0.0,0,0,0,0.0,,,0.0,0.0,0.0,REQ,,,,,0.0,0.0,0.0,0
451961,0.0,0.0,0.0,0.0,0.0,0.0,udp,0.0,,cs0,,63.0,,1.0,,Status,1,1,0,42,42,0,42.0,0.0,0.0,0.0,0.0,0,0,0,0.0,,,0.0,0.0,0.0,REQ,,,,,0.0,0.0,0.0,0
451989,2.583005,2.583005,2.583005,2.583005,2.583005,2.583005,udp,0.0,,cs0,,63.0,,1.0,,Status,2,2,0,84,84,0,42.0,0.0,130.081055,130.081055,0.0,0,0,0,0.0,,,0.387146,0.387146,0.0,REQ,,,,,0.0,0.0,0.0,0
452048,2.587454,2.587454,2.587454,2.587454,2.587454,2.587454,udp,0.0,,cs0,,63.0,,1.0,,Status,2,2,0,84,84,0,42.0,0.0,129.857376,129.857376,0.0,0,0,0,0.0,,,0.38648,0.38648,0.0,REQ,,,,,0.0,0.0,0.0,0
452130,0.0,0.0,0.0,0.0,0.0,0.0,udp,0.0,,cs0,,63.0,,1.0,,Status,1,1,0,42,42,0,42.0,0.0,0.0,0.0,0.0,0,0,0,0.0,,,0.0,0.0,0.0,REQ,,,,,0.0,0.0,0.0,0
452195,2.575088,2.575088,2.575088,2.575088,2.575088,2.575088,udp,0.0,,cs0,,63.0,,1.0,,Status,2,2,0,84,84,0,42.0,0.0,130.480972,130.480972,0.0,0,0,0,0.0,,,0.388336,0.388336,0.0,REQ,,,,,0.0,0.0,0.0,0
452212,0.0,0.0,0.0,0.0,0.0,0.0,udp,0.0,,cs0,,63.0,,1.0,,Status,1,1,0,42,42,0,42.0,0.0,0.0,0.0,0.0,0,0,0,0.0,,,0.0,0.0,0.0,REQ,,,,,0.0,0.0,0.0,0
452257,0.0,0.0,0.0,0.0,0.0,0.0,udp,0.0,,cs0,,63.0,,1.0,,Status,1,1,0,42,42,0,42.0,0.0,0.0,0.0,0.0,0,0,0,0.0,,,0.0,0.0,0.0,REQ,,,,,0.0,0.0,0.0,0
452259,0.0,0.0,0.0,0.0,0.0,0.0,udp,0.0,,cs0,,63.0,,1.0,,Status,1,1,0,42,42,0,42.0,0.0,0.0,0.0,0.0,0,0,0,0.0,,,0.0,0.0,0.0,REQ,,,,,0.0,0.0,0.0,0
452274,2.582848,2.582848,2.582848,2.582848,2.582848,2.582848,udp,0.0,,cs0,,63.0,,1.0,,Status,2,2,0,84,84,0,42.0,0.0,130.088959,130.088959,0.0,0,0,0,0.0,,,0.38717,0.38717,0.0,REQ,,,,,0.0,0.0,0.0,0
452334,0.0,0.0,0.0,0.0,0.0,0.0,udp,0.0,,cs0,,63.0,,1.0,,Status,1,1,0,42,42,0,42.0,0.0,0.0,0.0,0.0,0,0,0,0.0,,,0.0,0.0,0.0,REQ,,,,,0.0,0.0,0.0,0
452351,2.582992,2.582992,2.582992,2.582992,2.582992,2.582992,udp,0.0,,cs0,,63.0,,1.0,,Status,2,2,0,84,84,0,42.0,0.0,130.081696,130.081696,0.0,0,0,0,0.0,,,0.387148,0.387148,0.0,REQ,,,,,0.0,0.0,0.0,0
452371,2.577086,2.577086,2.577086,2.577086,2.577086,2.577086,udp,0.0,,cs0,,63.0,,1.0,,Status,2,2,0,84,84,0,42.0,0.0,130.379822,130.379822,0.0,0,0,0,0.0,,,0.388035,0.388035,0.0,REQ,,,,,0.0,0.0,0.0,0
452377,2.577142,2.577142,2.577142,2.577142,2.577142,2.577142,udp,0.0,,cs0,,63.0,,1.0,,Status,2,2,0,84,84,0,42.0,0.0,130.376984,130.376984,0.0,0,0,0,0.0,,,0.388027,0.388027,0.0,REQ,,,,,0.0,0.0,0.0,0
452395,0.0,0.0,0.0,0.0,0.0,0.0,udp,0.0,,cs0,,63.0,,1.0,,Status,1,1,0,42,42,0,42.0,0.0,0.0,0.0,0.0,0,0,0,0.0,,,0.0,0.0,0.0,REQ,,,,,0.0,0.0,0.0,0
452604,0.0,0.0,0.0,0.0,0.0,0.0,udp,0.0,,cs0,,63.0,,1.0,,Status,1,1,0,42,42,0,42.0,0.0,0.0,0.0,0.0,0,0,0,0.0,,,0.0,0.0,0.0,REQ,,,,,0.0,0.0,0.0,0
452741,0.0,0.0,0.0,0.0,0.0,0.0,udp,0.0,,cs0,,63.0,,1.0,,Status,1,1,0,42,42,0,42.0,0.0,0.0,0.0,0.0,0,0,0,0.0,,,0.0,0.0,0.0,REQ,,,,,0.0,0.0,0.0,0
452784,2.57726,2.57726,2.57726,2.57726,2.57726,2.57726,udp,0.0,,cs0,,63.0,,1.0,,Status,2,2,0,84,84,0,42.0,0.0,130.371017,130.371017,0.0,0,0,0,0.0,,,0.388009,0.388009,0.0,REQ,,,,,0.0,0.0,0.0,0
452790,0.0,0.0,0.0,0.0,0.0,0.0,udp,0.0,,cs0,,63.0,,1.0,,Status,1,1,0,42,42,0,42.0,0.0,0.0,0.0,0.0,0,0,0,0.0,,,0.0,0.0,0.0,REQ,,,,,0.0,0.0,0.0,0
452853,2.576161,2.576161,2.576161,2.576161,2.576161,2.576161,udp,0.0,,cs0,,63.0,,1.0,,Status,2,2,0,84,84,0,42.0,0.0,130.426636,130.426636,0.0,0,0,0,0.0,,,0.388175,0.388175,0.0,REQ,,,,,0.0,0.0,0.0,0
452872,0.0,0.0,0.0,0.0,0.0,0.0,udp,0.0,,cs0,,63.0,,1.0,,Status,1,1,0,42,42,0,42.0,0.0,0.0,0.0,0.0,0,0,0,0.0,,,0.0,0.0,0.0,REQ,,,,,0.0,0.0,0.0,0
452934,2.568894,2.568894,2.568894,2.568894,2.568894,2.568894,udp,0.0,,cs0,,63.0,,1.0,,Status,2,2,0,84,84,0,42.0,0.0,130.795593,130.795593,0.0,0,0,0,0.0,,,0.389273,0.389273,0.0,REQ,,,,,0.0,0.0,0.0,0
452947,2.568937,2.568937,2.568937,2.568937,2.568937,2.568937,udp,0.0,,cs0,,63.0,,1.0,,Status,2,2,0,84,84,0,42.0,0.0,130.793396,130.793396,0.0,0,0,0,0.0,,,0.389266,0.389266,0.0,REQ,,,,,0.0,0.0,0.0,0
452972,2.56884,2.56884,2.56884,2.56884,2.56884,2.56884,udp,0.0,,cs0,,63.0,,1.0,,Status,2,2,0,84,84,0,42.0,0.0,130.79834,130.79834,0.0,0,0,0,0.0,,,0.389281,0.389281,0.0,REQ,,,,,0.0,0.0,0.0,0
453108,2.579344,2.579344,2.579344,2.579344,2.579344,2.579344,udp,0.0,,cs0,,63.0,,1.0,,Status,2,2,0,84,84,0,42.0,0.0,130.265671,130.265671,0.0,0,0,0,0.0,,,0.387695,0.387695,0.0,REQ,,,,,0.0,0.0,0.0,0
453136,2.576387,2.576387,2.576387,2.576387,2.576387,2.576387,udp,0.0,,cs0,,63.0,,1.0,,Status,2,2,0,84,84,0,42.0,0.0,130.415192,130.415192,0.0,0,0,0,0.0,,,0.38814,0.38814,0.0,REQ,,,,,0.0,0.0,0.0,0
453138,2.576387,2.576387,2.576387,2.576387,2.576387,2.576387,udp,0.0,,cs0,,63.0,,1.0,,Status,2,2,0,84,84,0,42.0,0.0,130.415192,130.415192,0.0,0,0,0,0.0,,,0.38814,0.38814,0.0,REQ,,,,,0.0,0.0,0.0,0
453188,0.0,0.0,0.0,0.0,0.0,0.0,udp,0.0,,cs0,,63.0,,1.0,,Status,1,1,0,42,42,0,42.0,0.0,0.0,0.0,0.0,0,0,0,0.0,,,0.0,0.0,0.0,REQ,,,,,0.0,0.0,0.0,0
453193,2.576203,2.576203,2.576203,2.576203,2.576203,2.576203,udp,0.0,,cs0,,63.0,,1.0,,Status,2,2,0,84,84,0,42.0,0.0,130.4245,130.4245,0.0,0,0,0,0.0,,,0.388168,0.388168,0.0,REQ,,,,,0.0,0.0,0.0,0
453330,0.0,0.0,0.0,0.0,0.0,0.0,udp,0.0,,cs0,,63.0,,1.0,,Status,1,1,0,42,42,0,42.0,0.0,0.0,0.0,0.0,0,0,0,0.0,,,0.0,0.0,0.0,REQ,,,,,0.0,0.0,0.0,0
453384,0.0,0.0,0.0,0.0,0.0,0.0,udp,0.0,,cs0,,63.0,,1.0,,Status,1,1,0,42,42,0,42.0,0.0,0.0,0.0,0.0,0,0,0,0.0,,,0.0,0.0,0.0,REQ,,,,,0.0,0.0,0.0,0
453391,2.580991,2.580991,2.580991,2.580991,2.580991,2.580991,udp,0.0,,cs0,,63.0,,1.0,,Status,2,2,0,84,84,0,42.0,0.0,130.182556,130.182556,0.0,0,0,0,0.0,,,0.387448,0.387448,0.0,REQ,,,,,0.0,0.0,0.0,0
453432,2.581051,2.581051,2.581051,2.581051,2.581051,2.581051,udp,0.0,,cs0,,63.0,,1.0,,Status,2,2,0,84,84,0,42.0,0.0,130.17952,130.17952,0.0,0,0,0,0.0,,,0.387439,0.387439,0.0,REQ,,,,,0.0,0.0,0.0,0
453448,2.580888,2.580888,2.580888,2.580888,2.580888,2.580888,udp,0.0,,cs0,,63.0,,1.0,,Status,2,2,0,84,84,0,42.0,0.0,130.187744,130.187744,0.0,0,0,0,0.0,,,0.387464,0.387464,0.0,REQ,,,,,0.0,0.0,0.0,0
453504,2.58272,2.58272,2.58272,2.58272,2.58272,2.58272,udp,0.0,,cs0,,63.0,,1.0,,Status,2,2,0,84,84,0,42.0,0.0,130.095398,130.095398,0.0,0,0,0,0.0,,,0.387189,0.387189,0.0,REQ,,,,,0.0,0.0,0.0,0
453527,0.0,0.0,0.0,0.0,0.0,0.0,udp,0.0,,cs0,,63.0,,1.0,,Status,1,1,0,42,42,0,42.0,0.0,0.0,0.0,0.0,0,0,0,0.0,,,0.0,0.0,0.0,REQ,,,,,0.0,0.0,0.0,0
453558,0.0,0.0,0.0,0.0,0.0,0.0,udp,0.0,,cs0,,63.0,,1.0,,Status,1,1,0,42,42,0,42.0,0.0,0.0,0.0,0.0,0,0,0,0.0,,,0.0,0.0,0.0,REQ,,,,,0.0,0.0,0.0,0
453589,2.582635,2.582635,2.582635,2.582635,2.582635,2.582635,udp,0.0,,cs0,,63.0,,1.0,,Status,2,2,0,84,84,0,42.0,0.0,130.099686,130.099686,0.0,0,0,0,0.0,,,0.387201,0.387201,0.0,REQ,,,,,0.0,0.0,0.0,0
453593,0.0,0.0,0.0,0.0,0.0,0.0,udp,0.0,,cs0,,63.0,,1.0,,Status,1,1,0,42,42,0,42.0,0.0,0.0,0.0,0.0,0,0,0,0.0,,,0.0,0.0,0.0,REQ,,,,,0.0,0.0,0.0,0
453633,2.579856,2.579856,2.579856,2.579856,2.579856,2.579856,udp,0.0,,cs0,,63.0,,1.0,,Status,2,2,0,84,84,0,42.0,0.0,130.239838,130.239838,0.0,0,0,0,0.0,,,0.387619,0.387619,0.0,REQ,,,,,0.0,0.0,0.0,0
453647,2.579849,2.579849,2.579849,2.579849,2.579849,2.579849,udp,0.0,,cs0,,63.0,,1.0,,Status,2,2,0,84,84,0,42.0,0.0,130.240173,130.240173,0.0,0,0,0,0.0,,,0.38762,0.38762,0.0,REQ,,,,,0.0,0.0,0.0,0
453676,0.0,0.0,0.0,0.0,0.0,0.0,udp,0.0,,cs0,,63.0,,1.0,,Status,1,1,0,42,42,0,42.0,0.0,0.0,0.0,0.0,0,0,0,0.0,,,0.0,0.0,0.0,REQ,,,,,0.0,0.0,0.0,0
453707,0.0,0.0,0.0,0.0,0.0,0.0,udp,0.0,,cs0,,63.0,,1.0,,Status,1,1,0,42,42,0,42.0,0.0,0.0,0.0,0.0,0,0,0,0.0,,,0.0,0.0,0.0,REQ,,,,,0.0,0.0,0.0,0
453740,2.582149,2.582149,2.582149,2.582149,2.582149,2.582149,udp,0.0,,cs0,,63.0,,1.0,,Status,2,2,0,84,84,0,42.0,0.0,130.124176,130.124176,0.0,0,0,0,0.0,,,0.387274,0.387274,0.0,REQ,,,,,0.0,0.0,0.0,0
453760,2.582081,2.582081,2.582081,2.582081,2.582081,2.582081,udp,0.0,,cs0,,63.0,,1.0,,Status,2,2,0,84,84,0,42.0,0.0,130.127594,130.127594,0.0,0,0,0,0.0,,,0.387285,0.387285,0.0,REQ,,,,,0.0,0.0,0.0,0
453854,0.0,0.0,0.0,0.0,0.0,0.0,udp,0.0,,cs0,,63.0,,1.0,,Status,1,1,0,42,42,0,42.0,0.0,0.0,0.0,0.0,0,0,0,0.0,,,0.0,0.0,0.0,REQ,,,,,0.0,0.0,0.0,0
453860,0.0,0.0,0.0,0.0,0.0,0.0,udp,0.0,,cs0,,63.0,,1.0,,Status,1,1,0,42,42,0,42.0,0.0,0.0,0.0,0.0,0,0,0,0.0,,,0.0,0.0,0.0,REQ,,,,,0.0,0.0,0.0,0
453875,0.0,0.0,0.0,0.0,0.0,0.0,udp,0.0,,cs0,,63.0,,1.0,,Status,1,1,0,42,42,0,42.0,0.0,0.0,0.0,0.0,0,0,0,0.0,,,0.0,0.0,0.0,REQ,,,,,0.0,0.0,0.0,0
453919,2.579832,2.579832,2.579832,2.579832,2.579832,2.579832,udp,0.0,,cs0,,63.0,,1.0,,Status,2,2,0,84,84,0,42.0,0.0,130.241028,130.241028,0.0,0,0,0,0.0,,,0.387622,0.387622,0.0,REQ,,,,,0.0,0.0,0.0,0
454025,0.0,0.0,0.0,0.0,0.0,0.0,udp,0.0,,cs0,,63.0,,1.0,,Status,1,1,0,42,42,0,42.0,0.0,0.0,0.0,0.0,0,0,0,0.0,,,0.0,0.0,0.0,REQ,,,,,0.0,0.0,0.0,0
454035,2.583051,2.583051,2.583051,2.583051,2.583051,2.583051,udp,0.0,,cs0,,63.0,,1.0,,Status,2,2,0,84,84,0,42.0,0.0,130.078735,130.078735,0.0,0,0,0,0.0,,,0.387139,0.387139,0.0,REQ,,,,,0.0,0.0,0.0,0
454046,2.582962,2.582962,2.582962,2.582962,2.582962,2.582962,udp,0.0,,cs0,,63.0,,1.0,,Status,2,2,0,84,84,0,42.0,0.0,130.083206,130.083206,0.0,0,0,0,0.0,,,0.387152,0.387152,0.0,REQ,,,,,0.0,0.0,0.0,0
454081,2.581675,2.581675,2.581675,2.581675,2.581675,2.581675,udp,0.0,,cs0,,63.0,,1.0,,Status,2,2,0,84,84,0,42.0,0.0,130.148056,130.148056,0.0,0,0,0,0.0,,,0.387345,0.387345,0.0,REQ,,,,,0.0,0.0,0.0,0
454092,0.0,0.0,0.0,0.0,0.0,0.0,udp,0.0,,cs0,,63.0,,1.0,,Status,1,1,0,42,42,0,42.0,0.0,0.0,0.0,0.0,0,0,0,0.0,,,0.0,0.0,0.0,REQ,,,,,0.0,0.0,0.0,0
454115,0.0,0.0,0.0,0.0,0.0,0.0,udp,0.0,,cs0,,63.0,,1.0,,Status,1,1,0,42,42,0,42.0,0.0,0.0,0.0,0.0,0,0,0,0.0,,,0.0,0.0,0.0,REQ,,,,,0.0,0.0,0.0,0
454143,0.0,0.0,0.0,0.0,0.0,0.0,udp,0.0,,cs0,,63.0,,1.0,,Status,1,1,0,42,42,0,42.0,0.0,0.0,0.0,0.0,0,0,0,0.0,,,0.0,0.0,0.0,REQ,,,,,0.0,0.0,0.0,0
454163,0.0,0.0,0.0,0.0,0.0,0.0,udp,0.0,,cs0,,63.0,,1.0,,Status,1,1,0,42,42,0,42.0,0.0,0.0,0.0,0.0,0,0,0,0.0,,,0.0,0.0,0.0,REQ,,,,,0.0,0.0,0.0,0
454238,2.580308,2.580308,2.580308,2.580308,2.580308,2.580308,udp,0.0,,cs0,,63.0,,1.0,,Status,2,2,0,84,84,0,42.0,0.0,130.21701,130.21701,0.0,0,0,0,0.0,,,0.387551,0.387551,0.0,REQ,,,,,0.0,0.0,0.0,0
454331,2.578996,2.578996,2.578996,2.578996,2.578996,2.578996,udp,0.0,,cs0,,63.0,,1.0,,Status,2,2,0,84,84,0,42.0,0.0,130.283264,130.283264,0.0,0,0,0,0.0,,,0.387748,0.387748,0.0,REQ,,,,,0.0,0.0,0.0,0
454409,2.577252,2.577252,2.577252,2.577252,2.577252,2.577252,udp,0.0,,cs0,,63.0,,1.0,,Status,2,2,0,84,84,0,42.0,0.0,130.371429,130.371429,0.0,0,0,0,0.0,,,0.38801,0.38801,0.0,REQ,,,,,0.0,0.0,0.0,0
454440,0.0,0.0,0.0,0.0,0.0,0.0,udp,0.0,,cs0,,63.0,,1.0,,Status,1,1,0,42,42,0,42.0,0.0,0.0,0.0,0.0,0,0,0,0.0,,,0.0,0.0,0.0,REQ,,,,,0.0,0.0,0.0,0
454458,2.571103,2.571103,2.571103,2.571103,2.571103,2.571103,udp,0.0,,cs0,,63.0,,1.0,,Status,2,2,0,84,84,0,42.0,0.0,130.683212,130.683212,0.0,0,0,0,0.0,,,0.388938,0.388938,0.0,REQ,,,,,0.0,0.0,0.0,0
454502,2.580175,2.580175,2.580175,2.580175,2.580175,2.580175,udp,0.0,,cs0,,63.0,,1.0,,Status,2,2,0,84,84,0,42.0,0.0,130.223724,130.223724,0.0,0,0,0,0.0,,,0.387571,0.387571,0.0,REQ,,,,,0.0,0.0,0.0,0
454525,0.0,0.0,0.0,0.0,0.0,0.0,udp,0.0,,cs0,,63.0,,1.0,,Status,1,1,0,42,42,0,42.0,0.0,0.0,0.0,0.0,0,0,0,0.0,,,0.0,0.0,0.0,REQ,,,,,0.0,0.0,0.0,0
454576,0.0,0.0,0.0,0.0,0.0,0.0,udp,0.0,,cs0,,63.0,,1.0,,Status,1,1,0,42,42,0,42.0,0.0,0.0,0.0,0.0,0,0,0,0.0,,,0.0,0.0,0.0,REQ,,,,,0.0,0.0,0.0,0
454577,0.0,0.0,0.0,0.0,0.0,0.0,udp,0.0,,cs0,,63.0,,1.0,,Status,1,1,0,42,42,0,42.0,0.0,0.0,0.0,0.0,0,0,0,0.0,,,0.0,0.0,0.0,REQ,,,,,0.0,0.0,0.0,0
454604,0.0,0.0,0.0,0.0,0.0,0.0,udp,0.0,,cs0,,63.0,,1.0,,Status,1,1,0,42,42,0,42.0,0.0,0.0,0.0,0.0,0,0,0,0.0,,,0.0,0.0,0.0,REQ,,,,,0.0,0.0,0.0,0
454663,2.576995,2.576995,2.576995,2.576995,2.576995,2.576995,udp,0.0,,cs0,,63.0,,1.0,,Status,2,2,0,84,84,0,42.0,0.0,130.38443,130.38443,0.0,0,0,0,0.0,,,0.388049,0.388049,0.0,REQ,,,,,0.0,0.0,0.0,0
454769,0.0,0.0,0.0,0.0,0.0,0.0,udp,0.0,,cs0,,63.0,,1.0,,Status,1,1,0,42,42,0,42.0,0.0,0.0,0.0,0.0,0,0,0,0.0,,,0.0,0.0,0.0,REQ,,,,,0.0,0.0,0.0,0
454774,0.0,0.0,0.0,0.0,0.0,0.0,udp,0.0,,cs0,,63.0,,1.0,,Status,1,1,0,42,42,0,42.0,0.0,0.0,0.0,0.0,0,0,0,0.0,,,0.0,0.0,0.0,REQ,,,,,0.0,0.0,0.0,0
454848,0.0,0.0,0.0,0.0,0.0,0.0,udp,0.0,,cs0,,63.0,,1.0,,Status,1,1,0,42,42,0,42.0,0.0,0.0,0.0,0.0,0,0,0,0.0,,,0.0,0.0,0.0,REQ,,,,,0.0,0.0,0.0,0
454955,2.582687,2.582687,2.582687,2.582687,2.582687,2.582687,udp,0.0,,cs0,,63.0,,1.0,,Status,2,2,0,84,84,0,42.0,0.0,130.097076,130.097076,0.0,0,0,0,0.0,,,0.387194,0.387194,0.0,REQ,,,,,0.0,0.0,0.0,0
454981,2.581438,2.581438,2.581438,2.581438,2.581438,2.581438,udp,0.0,,cs0,,63.0,,1.0,,Status,2,2,0,84,84,0,42.0,0.0,130.160004,130.160004,0.0,0,0,0,0.0,,,0.387381,0.387381,0.0,REQ,,,,,0.0,0.0,0.0,0
454985,2.580443,2.580443,2.580443,2.580443,2.580443,2.580443,udp,0.0,,cs0,,63.0,,1.0,,Status,2,2,0,84,84,0,42.0,0.0,130.210205,130.210205,0.0,0,0,0,0.0,,,0.38753,0.38753,0.0,REQ,,,,,0.0,0.0,0.0,0
454989,2.579279,2.579279,2.579279,2.579279,2.579279,2.579279,udp,0.0,,cs0,,63.0,,1.0,,Status,2,2,0,84,84,0,42.0,0.0,130.268967,130.268967,0.0,0,0,0,0.0,,,0.387705,0.387705,0.0,REQ,,,,,0.0,0.0,0.0,0
455003,0.0,0.0,0.0,0.0,0.0,0.0,udp,0.0,,cs0,,63.0,,1.0,,Status,1,1,0,42,42,0,42.0,0.0,0.0,0.0,0.0,0,0,0,0.0,,,0.0,0.0,0.0,REQ,,,,,0.0,0.0,0.0,0
455015,2.579359,2.579359,2.579359,2.579359,2.579359,2.579359,udp,0.0,,cs0,,63.0,,1.0,,Status,2,2,0,84,84,0,42.0,0.0,130.264923,130.264923,0.0,0,0,0,0.0,,,0.387693,0.387693,0.0,REQ,,,,,0.0,0.0,0.0,0
455019,0.0,0.0,0.0,0.0,0.0,0.0,udp,0.0,,cs0,,63.0,,1.0,,Status,1,1,0,42,42,0,42.0,0.0,0.0,0.0,0.0,0,0,0,0.0,,,0.0,0.0,0.0,REQ,,,,,0.0,0.0,0.0,0
455032,2.579142,2.579142,2.579142,2.579142,2.579142,2.579142,udp,0.0,,cs0,,63.0,,1.0,,Status,2,2,0,84,84,0,42.0,0.0,130.275879,130.275879,0.0,0,0,0,0.0,,,0.387726,0.387726,0.0,REQ,,,,,0.0,0.0,0.0,0
455038,2.579139,2.579139,2.579139,2.579139,2.579139,2.579139,udp,0.0,,cs0,,63.0,,1.0,,Status,2,2,0,84,84,0,42.0,0.0,130.276031,130.276031,0.0,0,0,0,0.0,,,0.387726,0.387726,0.0,REQ,,,,,0.0,0.0,0.0,0
455099,2.579639,2.579639,2.579639,2.579639,2.579639,2.579639,udp,0.0,,cs0,,63.0,,1.0,,Status,2,2,0,84,84,0,42.0,0.0,130.250778,130.250778,0.0,0,0,0,0.0,,,0.387651,0.387651,0.0,REQ,,,,,0.0,0.0,0.0,0
455107,2.58329,2.58329,2.58329,2.58329,2.58329,2.58329,udp,0.0,,cs0,,63.0,,1.0,,Status,2,2,0,84,84,0,42.0,0.0,130.066696,130.066696,0.0,0,0,0,0.0,,,0.387103,0.387103,0.0,REQ,,,,,0.0,0.0,0.0,0
455184,0.0,0.0,0.0,0.0,0.0,0.0,udp,0.0,,cs0,,63.0,,1.0,,Status,1,1,0,42,42,0,42.0,0.0,0.0,0.0,0.0,0,0,0,0.0,,,0.0,0.0,0.0,REQ,,,,,0.0,0.0,0.0,0
455196,2.57712,2.57712,2.57712,2.57712,2.57712,2.57712,udp,0.0,,cs0,,63.0,,1.0,,Status,2,2,0,84,84,0,42.0,0.0,130.378098,130.378098,0.0,0,0,0,0.0,,,0.38803,0.38803,0.0,REQ,,,,,0.0,0.0,0.0,0
455273,0.0,0.0,0.0,0.0,0.0,0.0,udp,0.0,,cs0,,63.0,,1.0,,Status,1,1,0,42,42,0,42.0,0.0,0.0,0.0,0.0,0,0,0,0.0,,,0.0,0.0,0.0,REQ,,,,,0.0,0.0,0.0,0
455287,0.0,0.0,0.0,0.0,0.0,0.0,udp,0.0,,cs0,,63.0,,1.0,,Status,1,1,0,42,42,0,42.0,0.0,0.0,0.0,0.0,0,0,0,0.0,,,0.0,0.0,0.0,REQ,,,,,0.0,0.0,0.0,0
455291,0.0,0.0,0.0,0.0,0.0,0.0,udp,0.0,,cs0,,63.0,,1.0,,Status,1,1,0,42,42,0,42.0,0.0,0.0,0.0,0.0,0,0,0,0.0,,,0.0,0.0,0.0,REQ,,,,,0.0,0.0,0.0,0
455302,0.0,0.0,0.0,0.0,0.0,0.0,udp,0.0,,cs0,,63.0,,1.0,,Status,1,1,0,42,42,0,42.0,0.0,0.0,0.0,0.0,0,0,0,0.0,,,0.0,0.0,0.0,REQ,,,,,0.0,0.0,0.0,0
455346,0.0,0.0,0.0,0.0,0.0,0.0,udp,0.0,,cs0,,63.0,,1.0,,Status,1,1,0,42,42,0,42.0,0.0,0.0,0.0,0.0,0,0,0,0.0,,,0.0,0.0,0.0,REQ,,,,,0.0,0.0,0.0,0
455374,0.0,0.0,0.0,0.0,0.0,0.0,udp,0.0,,cs0,,63.0,,1.0,,Status,1,1,0,42,42,0,42.0,0.0,0.0,0.0,0.0,0,0,0,0.0,,,0.0,0.0,0.0,REQ,,,,,0.0,0.0,0.0,0
455379,0.0,0.0,0.0,0.0,0.0,0.0,udp,0.0,,cs0,,63.0,,1.0,,Status,1,1,0,42,42,0,42.0,0.0,0.0,0.0,0.0,0,0,0,0.0,,,0.0,0.0,0.0,REQ,,,,,0.0,0.0,0.0,0
455446,2.581025,2.581025,2.581025,2.581025,2.581025,2.581025,udp,0.0,,cs0,,63.0,,1.0,,Status,2,2,0,84,84,0,42.0,0.0,130.180847,130.180847,0.0,0,0,0,0.0,,,0.387443,0.387443,0.0,REQ,,,,,0.0,0.0,0.0,0
455481,2.581981,2.581981,2.581981,2.581981,2.581981,2.581981,udp,0.0,,cs0,,63.0,,1.0,,Status,2,2,0,84,84,0,42.0,0.0,130.132645,130.132645,0.0,0,0,0,0.0,,,0.3873,0.3873,0.0,REQ,,,,,0.0,0.0,0.0,0
455650,0.0,0.0,0.0,0.0,0.0,0.0,udp,0.0,,cs0,,63.0,,1.0,,Status,1,1,0,42,42,0,42.0,0.0,0.0,0.0,0.0,0,0,0,0.0,,,0.0,0.0,0.0,REQ,,,,,0.0,0.0,0.0,0
455668,0.0,0.0,0.0,0.0,0.0,0.0,udp,0.0,,cs0,,63.0,,1.0,,Status,1,1,0,42,42,0,42.0,0.0,0.0,0.0,0.0,0,0,0,0.0,,,0.0,0.0,0.0,REQ,,,,,0.0,0.0,0.0,0
455671,0.0,0.0,0.0,0.0,0.0,0.0,udp,0.0,,cs0,,63.0,,1.0,,Status,1,1,0,42,42,0,42.0,0.0,0.0,0.0,0.0,0,0,0,0.0,,,0.0,0.0,0.0,REQ,,,,,0.0,0.0,0.0,0
455685,0.0,0.0,0.0,0.0,0.0,0.0,udp,0.0,,cs0,,63.0,,1.0,,Status,1,1,0,42,42,0,42.0,0.0,0.0,0.0,0.0,0,0,0,0.0,,,0.0,0.0,0.0,REQ,,,,,0.0,0.0,0.0,0
455691,0.0,0.0,0.0,0.0,0.0,0.0,udp,0.0,,cs0,,63.0,,1.0,,Status,1,1,0,42,42,0,42.0,0.0,0.0,0.0,0.0,0,0,0,0.0,,,0.0,0.0,0.0,REQ,,,,,0.0,0.0,0.0,0
455707,0.0,0.0,0.0,0.0,0.0,0.0,udp,0.0,,cs0,,63.0,,1.0,,Status,1,1,0,42,42,0,42.0,0.0,0.0,0.0,0.0,0,0,0,0.0,,,0.0,0.0,0.0,REQ,,,,,0.0,0.0,0.0,0
455716,0.0,0.0,0.0,0.0,0.0,0.0,udp,0.0,,cs0,,63.0,,1.0,,Status,1,1,0,42,42,0,42.0,0.0,0.0,0.0,0.0,0,0,0,0.0,,,0.0,0.0,0.0,REQ,,,,,0.0,0.0,0.0,0
455724,0.0,0.0,0.0,0.0,0.0,0.0,udp,0.0,,cs0,,63.0,,1.0,,Status,1,1,0,42,42,0,42.0,0.0,0.0,0.0,0.0,0,0,0,0.0,,,0.0,0.0,0.0,REQ,,,,,0.0,0.0,0.0,0
455756,2.580891,2.580891,2.580891,2.580891,2.580891,2.580891,udp,0.0,,cs0,,63.0,,1.0,,Status,2,2,0,84,84,0,42.0,0.0,130.187607,130.187607,0.0,0,0,0,0.0,,,0.387463,0.387463,0.0,REQ,,,,,0.0,0.0,0.0,0
455792,0.0,0.0,0.0,0.0,0.0,0.0,udp,0.0,,cs0,,63.0,,1.0,,Status,1,1,0,42,42,0,42.0,0.0,0.0,0.0,0.0,0,0,0,0.0,,,0.0,0.0,0.0,REQ,,,,,0.0,0.0,0.0,0
455877,2.579995,2.579995,2.579995,2.579995,2.579995,2.579995,udp,0.0,,cs0,,63.0,,1.0,,Status,2,2,0,84,84,0,42.0,0.0,130.232819,130.232819,0.0,0,0,0,0.0,,,0.387598,0.387598,0.0,REQ,,,,,0.0,0.0,0.0,0
455880,2.579995,2.579995,2.579995,2.579995,2.579995,2.579995,udp,0.0,,cs0,,63.0,,1.0,,Status,2,2,0,84,84,0,42.0,0.0,130.232819,130.232819,0.0,0,0,0,0.0,,,0.387598,0.387598,0.0,REQ,,,,,0.0,0.0,0.0,0
455965,0.0,0.0,0.0,0.0,0.0,0.0,udp,0.0,,cs0,,63.0,,1.0,,Status,1,1,0,42,42,0,42.0,0.0,0.0,0.0,0.0,0,0,0,0.0,,,0.0,0.0,0.0,REQ,,,,,0.0,0.0,0.0,0
455967,0.0,0.0,0.0,0.0,0.0,0.0,udp,0.0,,cs0,,63.0,,1.0,,Status,1,1,0,42,42,0,42.0,0.0,0.0,0.0,0.0,0,0,0,0.0,,,0.0,0.0,0.0,REQ,,,,,0.0,0.0,0.0,0
456191,0.0,0.0,0.0,0.0,0.0,0.0,udp,0.0,,cs0,,63.0,,1.0,,Status,1,1,0,42,42,0,42.0,0.0,0.0,0.0,0.0,0,0,0,0.0,,,0.0,0.0,0.0,REQ,,,,,0.0,0.0,0.0,0
456263,2.583151,2.583151,2.583151,2.583151,2.583151,2.583151,udp,0.0,,cs0,,63.0,,1.0,,Status,2,2,0,84,84,0,42.0,0.0,130.073685,130.073685,0.0,0,0,0,0.0,,,0.387124,0.387124,0.0,REQ,,,,,0.0,0.0,0.0,0
456317,2.577302,2.577302,2.577302,2.577302,2.577302,2.577302,udp,0.0,,cs0,,63.0,,1.0,,Status,2,2,0,84,84,0,42.0,0.0,130.368896,130.368896,0.0,0,0,0,0.0,,,0.388003,0.388003,0.0,REQ,,,,,0.0,0.0,0.0,0
456365,2.582939,2.582939,2.582939,2.582939,2.582939,2.582939,udp,0.0,,cs0,,63.0,,1.0,,Status,2,2,0,84,84,0,42.0,0.0,130.084381,130.084381,0.0,0,0,0,0.0,,,0.387156,0.387156,0.0,REQ,,,,,0.0,0.0,0.0,0
456405,0.0,0.0,0.0,0.0,0.0,0.0,udp,0.0,,cs0,,63.0,,1.0,,Status,1,1,0,42,42,0,42.0,0.0,0.0,0.0,0.0,0,0,0,0.0,,,0.0,0.0,0.0,REQ,,,,,0.0,0.0,0.0,0
456511,2.580724,2.580724,2.580724,2.580724,2.580724,2.580724,udp,0.0,,cs0,,63.0,,1.0,,Status,2,2,0,84,84,0,42.0,0.0,130.19603,130.19603,0.0,0,0,0,0.0,,,0.387488,0.387488,0.0,REQ,,,,,0.0,0.0,0.0,0
456515,2.581714,2.581714,2.581714,2.581714,2.581714,2.581714,udp,0.0,,cs0,,63.0,,1.0,,Status,2,2,0,84,84,0,42.0,0.0,130.146103,130.146103,0.0,0,0,0,0.0,,,0.38734,0.38734,0.0,REQ,,,,,0.0,0.0,0.0,0
456536,2.5831,2.5831,2.5831,2.5831,2.5831,2.5831,udp,0.0,,cs0,,63.0,,1.0,,Status,2,2,0,84,84,0,42.0,0.0,130.076263,130.076263,0.0,0,0,0,0.0,,,0.387132,0.387132,0.0,REQ,,,,,0.0,0.0,0.0,0
456569,2.58718,2.58718,2.58718,2.58718,2.58718,2.58718,udp,0.0,,cs0,,63.0,,1.0,,Status,2,2,0,84,84,0,42.0,0.0,129.87114,129.87114,0.0,0,0,0,0.0,,,0.386521,0.386521,0.0,REQ,,,,,0.0,0.0,0.0,0
456591,2.579187,2.579187,2.579187,2.579187,2.579187,2.579187,udp,0.0,,cs0,,63.0,,1.0,,Status,2,2,0,84,84,0,42.0,0.0,130.273621,130.273621,0.0,0,0,0,0.0,,,0.387719,0.387719,0.0,REQ,,,,,0.0,0.0,0.0,0
456641,2.578918,2.578918,2.578918,2.578918,2.578918,2.578918,udp,0.0,,cs0,,63.0,,1.0,,Status,2,2,0,84,84,0,42.0,0.0,130.287201,130.287201,0.0,0,0,0,0.0,,,0.38776,0.38776,0.0,REQ,,,,,0.0,0.0,0.0,0
456690,2.579945,2.579945,2.579945,2.579945,2.579945,2.579945,udp,0.0,,cs0,,63.0,,1.0,,Status,2,2,0,84,84,0,42.0,0.0,130.235336,130.235336,0.0,0,0,0,0.0,,,0.387605,0.387605,0.0,REQ,,,,,0.0,0.0,0.0,0
456754,0.0,0.0,0.0,0.0,0.0,0.0,udp,0.0,,cs0,,63.0,,1.0,,Status,1,1,0,42,42,0,42.0,0.0,0.0,0.0,0.0,0,0,0,0.0,,,0.0,0.0,0.0,REQ,,,,,0.0,0.0,0.0,0
456821,0.0,0.0,0.0,0.0,0.0,0.0,udp,0.0,,cs0,,63.0,,1.0,,Status,1,1,0,42,42,0,42.0,0.0,0.0,0.0,0.0,0,0,0,0.0,,,0.0,0.0,0.0,REQ,,,,,0.0,0.0,0.0,0
456849,0.0,0.0,0.0,0.0,0.0,0.0,udp,0.0,,cs0,,63.0,,1.0,,Status,1,1,0,42,42,0,42.0,0.0,0.0,0.0,0.0,0,0,0,0.0,,,0.0,0.0,0.0,REQ,,,,,0.0,0.0,0.0,0
456862,0.0,0.0,0.0,0.0,0.0,0.0,udp,0.0,,cs0,,63.0,,1.0,,Status,1,1,0,42,42,0,42.0,0.0,0.0,0.0,0.0,0,0,0,0.0,,,0.0,0.0,0.0,REQ,,,,,0.0,0.0,0.0,0
456906,2.582355,2.582355,2.582355,2.582355,2.582355,2.582355,udp,0.0,,cs0,,63.0,,1.0,,Status,2,2,0,84,84,0,42.0,0.0,130.113785,130.113785,0.0,0,0,0,0.0,,,0.387243,0.387243,0.0,REQ,,,,,0.0,0.0,0.0,0
456974,0.0,0.0,0.0,0.0,0.0,0.0,udp,0.0,,cs0,,63.0,,1.0,,Status,1,1,0,42,42,0,42.0,0.0,0.0,0.0,0.0,0,0,0,0.0,,,0.0,0.0,0.0,REQ,,,,,0.0,0.0,0.0,0
456980,0.0,0.0,0.0,0.0,0.0,0.0,udp,0.0,,cs0,,63.0,,1.0,,Status,1,1,0,42,42,0,42.0,0.0,0.0,0.0,0.0,0,0,0,0.0,,,0.0,0.0,0.0,REQ,,,,,0.0,0.0,0.0,0
457004,0.0,0.0,0.0,0.0,0.0,0.0,udp,0.0,,cs0,,63.0,,1.0,,Status,1,1,0,42,42,0,42.0,0.0,0.0,0.0,0.0,0,0,0,0.0,,,0.0,0.0,0.0,REQ,,,,,0.0,0.0,0.0,0
457006,0.0,0.0,0.0,0.0,0.0,0.0,udp,0.0,,cs0,,63.0,,1.0,,Status,1,1,0,42,42,0,42.0,0.0,0.0,0.0,0.0,0,0,0,0.0,,,0.0,0.0,0.0,REQ,,,,,0.0,0.0,0.0,0
457038,0.0,0.0,0.0,0.0,0.0,0.0,udp,0.0,,cs0,,63.0,,1.0,,Status,1,1,0,42,42,0,42.0,0.0,0.0,0.0,0.0,0,0,0,0.0,,,0.0,0.0,0.0,REQ,,,,,0.0,0.0,0.0,0
457051,0.0,0.0,0.0,0.0,0.0,0.0,udp,0.0,,cs0,,63.0,,1.0,,Status,1,1,0,42,42,0,42.0,0.0,0.0,0.0,0.0,0,0,0,0.0,,,0.0,0.0,0.0,REQ,,,,,0.0,0.0,0.0,0
457056,0.0,0.0,0.0,0.0,0.0,0.0,udp,0.0,,cs0,,63.0,,1.0,,Status,1,1,0,42,42,0,42.0,0.0,0.0,0.0,0.0,0,0,0,0.0,,,0.0,0.0,0.0,REQ,,,,,0.0,0.0,0.0,0
457120,0.0,0.0,0.0,0.0,0.0,0.0,udp,0.0,,cs0,,63.0,,1.0,,Status,1,1,0,42,42,0,42.0,0.0,0.0,0.0,0.0,0,0,0,0.0,,,0.0,0.0,0.0,REQ,,,,,0.0,0.0,0.0,0
457181,0.0,0.0,0.0,0.0,0.0,0.0,udp,0.0,,cs0,,63.0,,1.0,,Status,1,1,0,42,42,0,42.0,0.0,0.0,0.0,0.0,0,0,0,0.0,,,0.0,0.0,0.0,REQ,,,,,0.0,0.0,0.0,0
457189,0.0,0.0,0.0,0.0,0.0,0.0,udp,0.0,,cs0,,63.0,,1.0,,Status,1,1,0,42,42,0,42.0,0.0,0.0,0.0,0.0,0,0,0,0.0,,,0.0,0.0,0.0,REQ,,,,,0.0,0.0,0.0,0
457232,0.0,0.0,0.0,0.0,0.0,0.0,udp,0.0,,cs0,,63.0,,1.0,,Status,1,1,0,42,42,0,42.0,0.0,0.0,0.0,0.0,0,0,0,0.0,,,0.0,0.0,0.0,REQ,,,,,0.0,0.0,0.0,0
457259,2.579942,2.579942,2.579942,2.579942,2.579942,2.579942,udp,0.0,,cs0,,63.0,,1.0,,Status,2,2,0,84,84,0,42.0,0.0,130.235489,130.235489,0.0,0,0,0,0.0,,,0.387606,0.387606,0.0,REQ,,,,,0.0,0.0,0.0,0
457264,2.579906,2.579906,2.579906,2.579906,2.579906,2.579906,udp,0.0,,cs0,,63.0,,1.0,,Status,2,2,0,84,84,0,42.0,0.0,130.237305,130.237305,0.0,0,0,0,0.0,,,0.387611,0.387611,0.0,REQ,,,,,0.0,0.0,0.0,0
457272,2.579945,2.579945,2.579945,2.579945,2.579945,2.579945,udp,0.0,,cs0,,63.0,,1.0,,Status,2,2,0,84,84,0,42.0,0.0,130.235336,130.235336,0.0,0,0,0,0.0,,,0.387605,0.387605,0.0,REQ,,,,,0.0,0.0,0.0,0
457279,2.580012,2.580012,2.580012,2.580012,2.580012,2.580012,udp,0.0,,cs0,,63.0,,1.0,,Status,2,2,0,84,84,0,42.0,0.0,130.231949,130.231949,0.0,0,0,0,0.0,,,0.387595,0.387595,0.0,REQ,,,,,0.0,0.0,0.0,0
457291,0.0,0.0,0.0,0.0,0.0,0.0,udp,0.0,,cs0,,63.0,,1.0,,Status,1,1,0,42,42,0,42.0,0.0,0.0,0.0,0.0,0,0,0,0.0,,,0.0,0.0,0.0,REQ,,,,,0.0,0.0,0.0,0
457312,0.0,0.0,0.0,0.0,0.0,0.0,udp,0.0,,cs0,,63.0,,1.0,,Status,1,1,0,42,42,0,42.0,0.0,0.0,0.0,0.0,0,0,0,0.0,,,0.0,0.0,0.0,REQ,,,,,0.0,0.0,0.0,0
457313,0.0,0.0,0.0,0.0,0.0,0.0,udp,0.0,,cs0,,63.0,,1.0,,Status,1,1,0,42,42,0,42.0,0.0,0.0,0.0,0.0,0,0,0,0.0,,,0.0,0.0,0.0,REQ,,,,,0.0,0.0,0.0,0
457320,2.575781,2.575781,2.575781,2.575781,2.575781,2.575781,udp,0.0,,cs0,,63.0,,1.0,,Status,2,2,0,84,84,0,42.0,0.0,130.445862,130.445862,0.0,0,0,0,0.0,,,0.388232,0.388232,0.0,REQ,,,,,0.0,0.0,0.0,0
457335,2.579944,2.579944,2.579944,2.579944,2.579944,2.579944,udp,0.0,,cs0,,63.0,,1.0,,Status,2,2,0,84,84,0,42.0,0.0,130.235397,130.235397,0.0,0,0,0,0.0,,,0.387605,0.387605,0.0,REQ,,,,,0.0,0.0,0.0,0
457451,0.0,0.0,0.0,0.0,0.0,0.0,udp,0.0,,cs0,,63.0,,1.0,,Status,1,1,0,42,42,0,42.0,0.0,0.0,0.0,0.0,0,0,0,0.0,,,0.0,0.0,0.0,REQ,,,,,0.0,0.0,0.0,0
457489,2.577802,2.577802,2.577802,2.577802,2.577802,2.577802,udp,0.0,,cs0,,63.0,,1.0,,Status,2,2,0,84,84,0,42.0,0.0,130.343613,130.343613,0.0,0,0,0,0.0,,,0.387927,0.387927,0.0,REQ,,,,,0.0,0.0,0.0,0
457767,2.574971,2.574971,2.574971,2.574971,2.574971,2.574971,udp,0.0,,cs0,,63.0,,1.0,,Status,2,2,0,84,84,0,42.0,0.0,130.486908,130.486908,0.0,0,0,0,0.0,,,0.388354,0.388354,0.0,REQ,,,,,0.0,0.0,0.0,0
457840,2.587972,2.587972,2.587972,2.587972,2.587972,2.587972,udp,0.0,,cs0,,63.0,,1.0,,Status,2,2,0,84,84,0,42.0,0.0,129.83139,129.83139,0.0,0,0,0,0.0,,,0.386403,0.386403,0.0,REQ,,,,,0.0,0.0,0.0,0
457902,0.0,0.0,0.0,0.0,0.0,0.0,udp,0.0,,cs0,,63.0,,1.0,,Status,1,1,0,42,42,0,42.0,0.0,0.0,0.0,0.0,0,0,0,0.0,,,0.0,0.0,0.0,REQ,,,,,0.0,0.0,0.0,0
457904,0.0,0.0,0.0,0.0,0.0,0.0,udp,0.0,,cs0,,63.0,,1.0,,Status,1,1,0,42,42,0,42.0,0.0,0.0,0.0,0.0,0,0,0,0.0,,,0.0,0.0,0.0,REQ,,,,,0.0,0.0,0.0,0
457913,2.584084,2.584084,2.584084,2.584084,2.584084,2.584084,udp,0.0,,cs0,,63.0,,1.0,,Status,2,2,0,84,84,0,42.0,0.0,130.026733,130.026733,0.0,0,0,0,0.0,,,0.386984,0.386984,0.0,REQ,,,,,0.0,0.0,0.0,0
458020,2.575476,2.575476,2.575476,2.575476,2.575476,2.575476,udp,0.0,,cs0,,63.0,,1.0,,Status,2,2,0,84,84,0,42.0,0.0,130.461319,130.461319,0.0,0,0,0,0.0,,,0.388278,0.388278,0.0,REQ,,,,,0.0,0.0,0.0,0
458052,0.0,0.0,0.0,0.0,0.0,0.0,udp,0.0,,cs0,,63.0,,1.0,,Status,1,1,0,42,42,0,42.0,0.0,0.0,0.0,0.0,0,0,0,0.0,,,0.0,0.0,0.0,REQ,,,,,0.0,0.0,0.0,0
458070,0.0,0.0,0.0,0.0,0.0,0.0,udp,0.0,,cs0,,63.0,,1.0,,Status,1,1,0,42,42,0,42.0,0.0,0.0,0.0,0.0,0,0,0,0.0,,,0.0,0.0,0.0,REQ,,,,,0.0,0.0,0.0,0
458196,0.0,0.0,0.0,0.0,0.0,0.0,udp,0.0,,cs0,,63.0,,1.0,,Status,1,1,0,42,42,0,42.0,0.0,0.0,0.0,0.0,0,0,0,0.0,,,0.0,0.0,0.0,REQ,,,,,0.0,0.0,0.0,0
458199,2.58082,2.58082,2.58082,2.58082,2.58082,2.58082,udp,0.0,,cs0,,63.0,,1.0,,Status,2,2,0,84,84,0,42.0,0.0,130.191177,130.191177,0.0,0,0,0,0.0,,,0.387474,0.387474,0.0,REQ,,,,,0.0,0.0,0.0,0
458354,2.582822,2.582822,2.582822,2.582822,2.582822,2.582822,udp,0.0,,cs0,,63.0,,1.0,,Status,2,2,0,84,84,0,42.0,0.0,130.090256,130.090256,0.0,0,0,0,0.0,,,0.387173,0.387173,0.0,REQ,,,,,0.0,0.0,0.0,0
458446,2.580719,2.580719,2.580719,2.580719,2.580719,2.580719,udp,0.0,,cs0,,63.0,,1.0,,Status,2,2,0,84,84,0,42.0,0.0,130.196274,130.196274,0.0,0,0,0,0.0,,,0.387489,0.387489,0.0,REQ,,,,,0.0,0.0,0.0,0
458450,2.583971,2.583971,2.583971,2.583971,2.583971,2.583971,udp,0.0,,cs0,,63.0,,1.0,,Status,2,2,0,84,84,0,42.0,0.0,130.032425,130.032425,0.0,0,0,0,0.0,,,0.387001,0.387001,0.0,REQ,,,,,0.0,0.0,0.0,0
458481,2.57801,2.57801,2.57801,2.57801,2.57801,2.57801,udp,0.0,,cs0,,63.0,,1.0,,Status,2,2,0,84,84,0,42.0,0.0,130.333084,130.333084,0.0,0,0,0,0.0,,,0.387896,0.387896,0.0,REQ,,,,,0.0,0.0,0.0,0
458485,2.578017,2.578017,2.578017,2.578017,2.578017,2.578017,udp,0.0,,cs0,,63.0,,1.0,,Status,2,2,0,84,84,0,42.0,0.0,130.332733,130.332733,0.0,0,0,0,0.0,,,0.387895,0.387895,0.0,REQ,,,,,0.0,0.0,0.0,0
458488,2.578096,2.578096,2.578096,2.578096,2.578096,2.578096,udp,0.0,,cs0,,63.0,,1.0,,Status,2,2,0,84,84,0,42.0,0.0,130.328751,130.328751,0.0,0,0,0,0.0,,,0.387883,0.387883,0.0,REQ,,,,,0.0,0.0,0.0,0
458496,2.581999,2.581999,2.581999,2.581999,2.581999,2.581999,udp,0.0,,cs0,,63.0,,1.0,,Status,2,2,0,84,84,0,42.0,0.0,130.131729,130.131729,0.0,0,0,0,0.0,,,0.387297,0.387297,0.0,REQ,,,,,0.0,0.0,0.0,0
458502,2.581983,2.581983,2.581983,2.581983,2.581983,2.581983,udp,0.0,,cs0,,63.0,,1.0,,Status,2,2,0,84,84,0,42.0,0.0,130.132538,130.132538,0.0,0,0,0,0.0,,,0.387299,0.387299,0.0,REQ,,,,,0.0,0.0,0.0,0
458520,0.0,0.0,0.0,0.0,0.0,0.0,udp,0.0,,cs0,,63.0,,1.0,,Status,1,1,0,42,42,0,42.0,0.0,0.0,0.0,0.0,0,0,0,0.0,,,0.0,0.0,0.0,REQ,,,,,0.0,0.0,0.0,0
458521,0.0,0.0,0.0,0.0,0.0,0.0,udp,0.0,,cs0,,63.0,,1.0,,Status,1,1,0,42,42,0,42.0,0.0,0.0,0.0,0.0,0,0,0,0.0,,,0.0,0.0,0.0,REQ,,,,,0.0,0.0,0.0,0
458559,2.585447,2.585447,2.585447,2.585447,2.585447,2.585447,udp,0.0,,cs0,,63.0,,1.0,,Status,2,2,0,84,84,0,42.0,0.0,129.958176,129.958176,0.0,0,0,0,0.0,,,0.38678,0.38678,0.0,REQ,,,,,0.0,0.0,0.0,0
458570,0.0,0.0,0.0,0.0,0.0,0.0,udp,0.0,,cs0,,63.0,,1.0,,Status,1,1,0,42,42,0,42.0,0.0,0.0,0.0,0.0,0,0,0,0.0,,,0.0,0.0,0.0,REQ,,,,,0.0,0.0,0.0,0
458620,0.0,0.0,0.0,0.0,0.0,0.0,udp,0.0,,cs0,,63.0,,1.0,,Status,1,1,0,42,42,0,42.0,0.0,0.0,0.0,0.0,0,0,0,0.0,,,0.0,0.0,0.0,REQ,,,,,0.0,0.0,0.0,0
458649,2.581871,2.581871,2.581871,2.581871,2.581871,2.581871,udp,0.0,,cs0,,63.0,,1.0,,Status,2,2,0,84,84,0,42.0,0.0,130.138184,130.138184,0.0,0,0,0,0.0,,,0.387316,0.387316,0.0,REQ,,,,,0.0,0.0,0.0,0
458717,0.0,0.0,0.0,0.0,0.0,0.0,udp,0.0,,cs0,,63.0,,1.0,,Status,1,1,0,42,42,0,42.0,0.0,0.0,0.0,0.0,0,0,0,0.0,,,0.0,0.0,0.0,REQ,,,,,0.0,0.0,0.0,0
458837,0.0,0.0,0.0,0.0,0.0,0.0,udp,0.0,,cs0,,63.0,,1.0,,Status,1,1,0,42,42,0,42.0,0.0,0.0,0.0,0.0,0,0,0,0.0,,,0.0,0.0,0.0,REQ,,,,,0.0,0.0,0.0,0
458964,2.582318,2.582318,2.582318,2.582318,2.582318,2.582318,udp,0.0,,cs0,,63.0,,1.0,,Status,2,2,0,84,84,0,42.0,0.0,130.115646,130.115646,0.0,0,0,0,0.0,,,0.387249,0.387249,0.0,REQ,,,,,0.0,0.0,0.0,0
458979,2.582199,2.582199,2.582199,2.582199,2.582199,2.582199,udp,0.0,,cs0,,63.0,,1.0,,Status,2,2,0,84,84,0,42.0,0.0,130.121643,130.121643,0.0,0,0,0,0.0,,,0.387267,0.387267,0.0,REQ,,,,,0.0,0.0,0.0,0
459001,0.0,0.0,0.0,0.0,0.0,0.0,udp,0.0,,cs0,,63.0,,1.0,,Status,1,1,0,42,42,0,42.0,0.0,0.0,0.0,0.0,0,0,0,0.0,,,0.0,0.0,0.0,REQ,,,,,0.0,0.0,0.0,0
459012,0.0,0.0,0.0,0.0,0.0,0.0,udp,0.0,,cs0,,63.0,,1.0,,Status,1,1,0,42,42,0,42.0,0.0,0.0,0.0,0.0,0,0,0,0.0,,,0.0,0.0,0.0,REQ,,,,,0.0,0.0,0.0,0
459013,0.0,0.0,0.0,0.0,0.0,0.0,udp,0.0,,cs0,,63.0,,1.0,,Status,1,1,0,42,42,0,42.0,0.0,0.0,0.0,0.0,0,0,0,0.0,,,0.0,0.0,0.0,REQ,,,,,0.0,0.0,0.0,0
459171,2.580967,2.580967,2.580967,2.580967,2.580967,2.580967,udp,0.0,,cs0,,63.0,,1.0,,Status,2,2,0,84,84,0,42.0,0.0,130.183762,130.183762,0.0,0,0,0,0.0,,,0.387452,0.387452,0.0,REQ,,,,,0.0,0.0,0.0,0
459271,0.0,0.0,0.0,0.0,0.0,0.0,udp,0.0,,cs0,,63.0,,1.0,,Status,1,1,0,42,42,0,42.0,0.0,0.0,0.0,0.0,0,0,0,0.0,,,0.0,0.0,0.0,REQ,,,,,0.0,0.0,0.0,0
459358,0.0,0.0,0.0,0.0,0.0,0.0,udp,0.0,,cs0,,63.0,,1.0,,Status,1,1,0,42,42,0,42.0,0.0,0.0,0.0,0.0,0,0,0,0.0,,,0.0,0.0,0.0,REQ,,,,,0.0,0.0,0.0,0
459367,2.582948,2.582948,2.582948,2.582948,2.582948,2.582948,udp,0.0,,cs0,,63.0,,1.0,,Status,2,2,0,84,84,0,42.0,0.0,130.083923,130.083923,0.0,0,0,0,0.0,,,0.387155,0.387155,0.0,REQ,,,,,0.0,0.0,0.0,0
459368,2.582949,2.582949,2.582949,2.582949,2.582949,2.582949,udp,0.0,,cs0,,63.0,,1.0,,Status,2,2,0,84,84,0,42.0,0.0,130.083878,130.083878,0.0,0,0,0,0.0,,,0.387154,0.387154,0.0,REQ,,,,,0.0,0.0,0.0,0
459419,2.582973,2.582973,2.582973,2.582973,2.582973,2.582973,udp,0.0,,cs0,,63.0,,1.0,,Status,2,2,0,84,84,0,42.0,0.0,130.082657,130.082657,0.0,0,0,0,0.0,,,0.387151,0.387151,0.0,REQ,,,,,0.0,0.0,0.0,0
459440,2.581023,2.581023,2.581023,2.581023,2.581023,2.581023,udp,0.0,,cs0,,63.0,,1.0,,Status,2,2,0,84,84,0,42.0,0.0,130.180939,130.180939,0.0,0,0,0,0.0,,,0.387443,0.387443,0.0,REQ,,,,,0.0,0.0,0.0,0
459468,2.584857,2.584857,2.584857,2.584857,2.584857,2.584857,udp,0.0,,cs0,,63.0,,1.0,,Status,2,2,0,84,84,0,42.0,0.0,129.987854,129.987854,0.0,0,0,0,0.0,,,0.386869,0.386869,0.0,REQ,,,,,0.0,0.0,0.0,0
459504,2.581001,2.581001,2.581001,2.581001,2.581001,2.581001,udp,0.0,,cs0,,63.0,,1.0,,Status,2,2,0,84,84,0,42.0,0.0,130.182053,130.182053,0.0,0,0,0,0.0,,,0.387447,0.387447,0.0,REQ,,,,,0.0,0.0,0.0,0
459516,0.0,0.0,0.0,0.0,0.0,0.0,udp,0.0,,cs0,,63.0,,1.0,,Status,1,1,0,42,42,0,42.0,0.0,0.0,0.0,0.0,0,0,0,0.0,,,0.0,0.0,0.0,REQ,,,,,0.0,0.0,0.0,0
459529,0.0,0.0,0.0,0.0,0.0,0.0,udp,0.0,,cs0,,63.0,,1.0,,Status,1,1,0,42,42,0,42.0,0.0,0.0,0.0,0.0,0,0,0,0.0,,,0.0,0.0,0.0,REQ,,,,,0.0,0.0,0.0,0
459559,0.0,0.0,0.0,0.0,0.0,0.0,udp,0.0,,cs0,,63.0,,1.0,,Status,1,1,0,42,42,0,42.0,0.0,0.0,0.0,0.0,0,0,0,0.0,,,0.0,0.0,0.0,REQ,,,,,0.0,0.0,0.0,0
459575,0.0,0.0,0.0,0.0,0.0,0.0,udp,0.0,,cs0,,63.0,,1.0,,Status,1,1,0,42,42,0,42.0,0.0,0.0,0.0,0.0,0,0,0,0.0,,,0.0,0.0,0.0,REQ,,,,,0.0,0.0,0.0,0
459616,2.581985,2.581985,2.581985,2.581985,2.581985,2.581985,udp,0.0,,cs0,,63.0,,1.0,,Status,2,2,0,84,84,0,42.0,0.0,130.132431,130.132431,0.0,0,0,0,0.0,,,0.387299,0.387299,0.0,REQ,,,,,0.0,0.0,0.0,0
459661,0.0,0.0,0.0,0.0,0.0,0.0,udp,0.0,,cs0,,63.0,,1.0,,Status,1,1,0,42,42,0,42.0,0.0,0.0,0.0,0.0,0,0,0,0.0,,,0.0,0.0,0.0,REQ,,,,,0.0,0.0,0.0,0
459671,0.0,0.0,0.0,0.0,0.0,0.0,udp,0.0,,cs0,,63.0,,1.0,,Status,1,1,0,42,42,0,42.0,0.0,0.0,0.0,0.0,0,0,0,0.0,,,0.0,0.0,0.0,REQ,,,,,0.0,0.0,0.0,0
459674,0.0,0.0,0.0,0.0,0.0,0.0,udp,0.0,,cs0,,63.0,,1.0,,Status,1,1,0,42,42,0,42.0,0.0,0.0,0.0,0.0,0,0,0,0.0,,,0.0,0.0,0.0,REQ,,,,,0.0,0.0,0.0,0
459677,0.0,0.0,0.0,0.0,0.0,0.0,udp,0.0,,cs0,,63.0,,1.0,,Status,1,1,0,42,42,0,42.0,0.0,0.0,0.0,0.0,0,0,0,0.0,,,0.0,0.0,0.0,REQ,,,,,0.0,0.0,0.0,0
459870,0.0,0.0,0.0,0.0,0.0,0.0,udp,0.0,,cs0,,63.0,,1.0,,Status,1,1,0,42,42,0,42.0,0.0,0.0,0.0,0.0,0,0,0,0.0,,,0.0,0.0,0.0,REQ,,,,,0.0,0.0,0.0,0
459903,0.0,0.0,0.0,0.0,0.0,0.0,udp,0.0,,cs0,,63.0,,1.0,,Status,1,1,0,42,42,0,42.0,0.0,0.0,0.0,0.0,0,0,0,0.0,,,0.0,0.0,0.0,REQ,,,,,0.0,0.0,0.0,0
460012,0.0,0.0,0.0,0.0,0.0,0.0,udp,0.0,,cs0,,63.0,,1.0,,Status,1,1,0,42,42,0,42.0,0.0,0.0,0.0,0.0,0,0,0,0.0,,,0.0,0.0,0.0,REQ,,,,,0.0,0.0,0.0,0
460041,0.0,0.0,0.0,0.0,0.0,0.0,udp,0.0,,cs0,,63.0,,1.0,,Status,1,1,0,42,42,0,42.0,0.0,0.0,0.0,0.0,0,0,0,0.0,,,0.0,0.0,0.0,REQ,,,,,0.0,0.0,0.0,0
460080,0.0,0.0,0.0,0.0,0.0,0.0,udp,0.0,,cs0,,63.0,,1.0,,Status,1,1,0,42,42,0,42.0,0.0,0.0,0.0,0.0,0,0,0,0.0,,,0.0,0.0,0.0,REQ,,,,,0.0,0.0,0.0,0
460105,2.580165,2.580165,2.580165,2.580165,2.580165,2.580165,udp,0.0,,cs0,,63.0,,1.0,,Status,2,2,0,84,84,0,42.0,0.0,130.224228,130.224228,0.0,0,0,0,0.0,,,0.387572,0.387572,0.0,REQ,,,,,0.0,0.0,0.0,0
460149,0.0,0.0,0.0,0.0,0.0,0.0,udp,0.0,,cs0,,63.0,,1.0,,Status,1,1,0,42,42,0,42.0,0.0,0.0,0.0,0.0,0,0,0,0.0,,,0.0,0.0,0.0,REQ,,,,,0.0,0.0,0.0,0
460265,2.575812,2.575812,2.575812,2.575812,2.575812,2.575812,udp,0.0,,cs0,,63.0,,1.0,,Status,2,2,0,84,84,0,42.0,0.0,130.44429,130.44429,0.0,0,0,0,0.0,,,0.388227,0.388227,0.0,REQ,,,,,0.0,0.0,0.0,0
460297,0.0,0.0,0.0,0.0,0.0,0.0,udp,0.0,,cs0,,63.0,,1.0,,Status,1,1,0,42,42,0,42.0,0.0,0.0,0.0,0.0,0,0,0,0.0,,,0.0,0.0,0.0,REQ,,,,,0.0,0.0,0.0,0
460326,2.580515,2.580515,2.580515,2.580515,2.580515,2.580515,udp,0.0,,cs0,,63.0,,1.0,,Status,2,2,0,84,84,0,42.0,0.0,130.206573,130.206573,0.0,0,0,0,0.0,,,0.38752,0.38752,0.0,REQ,,,,,0.0,0.0,0.0,0
460332,0.0,0.0,0.0,0.0,0.0,0.0,udp,0.0,,cs0,,63.0,,1.0,,Status,1,1,0,42,42,0,42.0,0.0,0.0,0.0,0.0,0,0,0,0.0,,,0.0,0.0,0.0,REQ,,,,,0.0,0.0,0.0,0
460340,0.0,0.0,0.0,0.0,0.0,0.0,udp,0.0,,cs0,,63.0,,1.0,,Status,1,1,0,42,42,0,42.0,0.0,0.0,0.0,0.0,0,0,0,0.0,,,0.0,0.0,0.0,REQ,,,,,0.0,0.0,0.0,0
460403,2.580864,2.580864,2.580864,2.580864,2.580864,2.580864,udp,0.0,,cs0,,63.0,,1.0,,Status,2,2,0,84,84,0,42.0,0.0,130.188965,130.188965,0.0,0,0,0,0.0,,,0.387467,0.387467,0.0,REQ,,,,,0.0,0.0,0.0,0
460427,2.580811,2.580811,2.580811,2.580811,2.580811,2.580811,udp,0.0,,cs0,,63.0,,1.0,,Status,2,2,0,84,84,0,42.0,0.0,130.191635,130.191635,0.0,0,0,0,0.0,,,0.387475,0.387475,0.0,REQ,,,,,0.0,0.0,0.0,0
460502,0.0,0.0,0.0,0.0,0.0,0.0,udp,0.0,,cs0,,63.0,,1.0,,Status,1,1,0,42,42,0,42.0,0.0,0.0,0.0,0.0,0,0,0,0.0,,,0.0,0.0,0.0,REQ,,,,,0.0,0.0,0.0,0
460520,0.0,0.0,0.0,0.0,0.0,0.0,udp,0.0,,cs0,,63.0,,1.0,,Status,1,1,0,42,42,0,42.0,0.0,0.0,0.0,0.0,0,0,0,0.0,,,0.0,0.0,0.0,REQ,,,,,0.0,0.0,0.0,0
460546,0.0,0.0,0.0,0.0,0.0,0.0,udp,0.0,,cs0,,63.0,,1.0,,Status,1,1,0,42,42,0,42.0,0.0,0.0,0.0,0.0,0,0,0,0.0,,,0.0,0.0,0.0,REQ,,,,,0.0,0.0,0.0,0
460662,0.0,0.0,0.0,0.0,0.0,0.0,udp,0.0,,cs0,,63.0,,1.0,,Status,1,1,0,42,42,0,42.0,0.0,0.0,0.0,0.0,0,0,0,0.0,,,0.0,0.0,0.0,REQ,,,,,0.0,0.0,0.0,0
460687,0.0,0.0,0.0,0.0,0.0,0.0,udp,0.0,,cs0,,63.0,,1.0,,Status,1,1,0,42,42,0,42.0,0.0,0.0,0.0,0.0,0,0,0,0.0,,,0.0,0.0,0.0,REQ,,,,,0.0,0.0,0.0,0
460703,2.581927,2.581927,2.581927,2.581927,2.581927,2.581927,udp,0.0,,cs0,,63.0,,1.0,,Status,2,2,0,84,84,0,42.0,0.0,130.135361,130.135361,0.0,0,0,0,0.0,,,0.387308,0.387308,0.0,REQ,,,,,0.0,0.0,0.0,0
460741,0.0,0.0,0.0,0.0,0.0,0.0,udp,0.0,,cs0,,63.0,,1.0,,Status,1,1,0,42,42,0,42.0,0.0,0.0,0.0,0.0,0,0,0,0.0,,,0.0,0.0,0.0,REQ,,,,,0.0,0.0,0.0,0
460753,0.0,0.0,0.0,0.0,0.0,0.0,udp,0.0,,cs0,,63.0,,1.0,,Status,1,1,0,42,42,0,42.0,0.0,0.0,0.0,0.0,0,0,0,0.0,,,0.0,0.0,0.0,REQ,,,,,0.0,0.0,0.0,0
460769,0.0,0.0,0.0,0.0,0.0,0.0,udp,0.0,,cs0,,63.0,,1.0,,Status,1,1,0,42,42,0,42.0,0.0,0.0,0.0,0.0,0,0,0,0.0,,,0.0,0.0,0.0,REQ,,,,,0.0,0.0,0.0,0
460792,0.0,0.0,0.0,0.0,0.0,0.0,udp,0.0,,cs0,,63.0,,1.0,,Status,1,1,0,42,42,0,42.0,0.0,0.0,0.0,0.0,0,0,0,0.0,,,0.0,0.0,0.0,REQ,,,,,0.0,0.0,0.0,0
460797,0.0,0.0,0.0,0.0,0.0,0.0,udp,0.0,,cs0,,63.0,,1.0,,Status,1,1,0,42,42,0,42.0,0.0,0.0,0.0,0.0,0,0,0,0.0,,,0.0,0.0,0.0,REQ,,,,,0.0,0.0,0.0,0
460834,2.583941,2.583941,2.583941,2.583941,2.583941,2.583941,udp,0.0,,cs0,,63.0,,1.0,,Status,2,2,0,84,84,0,42.0,0.0,130.033936,130.033936,0.0,0,0,0,0.0,,,0.387006,0.387006,0.0,REQ,,,,,0.0,0.0,0.0,0
460846,2.583987,2.583987,2.583987,2.583987,2.583987,2.583987,udp,0.0,,cs0,,63.0,,1.0,,Status,2,2,0,84,84,0,42.0,0.0,130.031616,130.031616,0.0,0,0,0,0.0,,,0.386999,0.386999,0.0,REQ,,,,,0.0,0.0,0.0,0
460854,2.584006,2.584006,2.584006,2.584006,2.584006,2.584006,udp,0.0,,cs0,,63.0,,1.0,,Status,2,2,0,84,84,0,42.0,0.0,130.030655,130.030655,0.0,0,0,0,0.0,,,0.386996,0.386996,0.0,REQ,,,,,0.0,0.0,0.0,0
460964,0.0,0.0,0.0,0.0,0.0,0.0,udp,0.0,,cs0,,63.0,,1.0,,Status,1,1,0,42,42,0,42.0,0.0,0.0,0.0,0.0,0,0,0,0.0,,,0.0,0.0,0.0,REQ,,,,,0.0,0.0,0.0,0
461026,0.0,0.0,0.0,0.0,0.0,0.0,udp,0.0,,cs0,,63.0,,1.0,,Status,1,1,0,42,42,0,42.0,0.0,0.0,0.0,0.0,0,0,0,0.0,,,0.0,0.0,0.0,REQ,,,,,0.0,0.0,0.0,0
461049,0.0,0.0,0.0,0.0,0.0,0.0,udp,0.0,,cs0,,63.0,,1.0,,Status,1,1,0,42,42,0,42.0,0.0,0.0,0.0,0.0,0,0,0,0.0,,,0.0,0.0,0.0,REQ,,,,,0.0,0.0,0.0,0
461051,0.0,0.0,0.0,0.0,0.0,0.0,udp,0.0,,cs0,,63.0,,1.0,,Status,1,1,0,42,42,0,42.0,0.0,0.0,0.0,0.0,0,0,0,0.0,,,0.0,0.0,0.0,REQ,,,,,0.0,0.0,0.0,0
461068,0.0,0.0,0.0,0.0,0.0,0.0,udp,0.0,,cs0,,63.0,,1.0,,Status,1,1,0,42,42,0,42.0,0.0,0.0,0.0,0.0,0,0,0,0.0,,,0.0,0.0,0.0,REQ,,,,,0.0,0.0,0.0,0
461088,2.576786,2.576786,2.576786,2.576786,2.576786,2.576786,udp,0.0,,cs0,,63.0,,1.0,,Status,2,2,0,84,84,0,42.0,0.0,130.394989,130.394989,0.0,0,0,0,0.0,,,0.38808,0.38808,0.0,REQ,,,,,0.0,0.0,0.0,0
461142,2.578266,2.578266,2.578266,2.578266,2.578266,2.578266,udp,0.0,,cs0,,63.0,,1.0,,Status,2,2,0,84,84,0,42.0,0.0,130.320145,130.320145,0.0,0,0,0,0.0,,,0.387858,0.387858,0.0,REQ,,,,,0.0,0.0,0.0,0
461180,0.0,0.0,0.0,0.0,0.0,0.0,udp,0.0,,cs0,,63.0,,1.0,,Status,1,1,0,42,42,0,42.0,0.0,0.0,0.0,0.0,0,0,0,0.0,,,0.0,0.0,0.0,REQ,,,,,0.0,0.0,0.0,0
461206,2.580061,2.580061,2.580061,2.580061,2.580061,2.580061,udp,0.0,,cs0,,63.0,,1.0,,Status,2,2,0,84,84,0,42.0,0.0,130.229477,130.229477,0.0,0,0,0,0.0,,,0.387588,0.387588,0.0,REQ,,,,,0.0,0.0,0.0,0
461223,0.0,0.0,0.0,0.0,0.0,0.0,udp,0.0,,cs0,,63.0,,1.0,,Status,1,1,0,42,42,0,42.0,0.0,0.0,0.0,0.0,0,0,0,0.0,,,0.0,0.0,0.0,REQ,,,,,0.0,0.0,0.0,0
461224,0.0,0.0,0.0,0.0,0.0,0.0,udp,0.0,,cs0,,63.0,,1.0,,Status,1,1,0,42,42,0,42.0,0.0,0.0,0.0,0.0,0,0,0,0.0,,,0.0,0.0,0.0,REQ,,,,,0.0,0.0,0.0,0
461279,2.581798,2.581798,2.581798,2.581798,2.581798,2.581798,udp,0.0,,cs0,,63.0,,1.0,,Status,2,2,0,84,84,0,42.0,0.0,130.141861,130.141861,0.0,0,0,0,0.0,,,0.387327,0.387327,0.0,REQ,,,,,0.0,0.0,0.0,0
461291,2.579146,2.579146,2.579146,2.579146,2.579146,2.579146,udp,0.0,,cs0,,63.0,,1.0,,Status,2,2,0,84,84,0,42.0,0.0,130.275681,130.275681,0.0,0,0,0,0.0,,,0.387725,0.387725,0.0,REQ,,,,,0.0,0.0,0.0,0
461347,0.0,0.0,0.0,0.0,0.0,0.0,udp,0.0,,cs0,,63.0,,1.0,,Status,1,1,0,42,42,0,42.0,0.0,0.0,0.0,0.0,0,0,0,0.0,,,0.0,0.0,0.0,REQ,,,,,0.0,0.0,0.0,0
461380,2.585127,2.585127,2.585127,2.585127,2.585127,2.585127,udp,0.0,,cs0,,63.0,,1.0,,Status,2,2,0,84,84,0,42.0,0.0,129.974274,129.974274,0.0,0,0,0,0.0,,,0.386828,0.386828,0.0,REQ,,,,,0.0,0.0,0.0,0
461393,2.585997,2.585997,2.585997,2.585997,2.585997,2.585997,udp,0.0,,cs0,,63.0,,1.0,,Status,2,2,0,84,84,0,42.0,0.0,129.930542,129.930542,0.0,0,0,0,0.0,,,0.386698,0.386698,0.0,REQ,,,,,0.0,0.0,0.0,0
461439,0.0,0.0,0.0,0.0,0.0,0.0,udp,0.0,,cs0,,63.0,,1.0,,Status,1,1,0,42,42,0,42.0,0.0,0.0,0.0,0.0,0,0,0,0.0,,,0.0,0.0,0.0,REQ,,,,,0.0,0.0,0.0,0
461533,0.0,0.0,0.0,0.0,0.0,0.0,udp,0.0,,cs0,,63.0,,1.0,,Status,1,1,0,42,42,0,42.0,0.0,0.0,0.0,0.0,0,0,0,0.0,,,0.0,0.0,0.0,REQ,,,,,0.0,0.0,0.0,0
461601,0.0,0.0,0.0,0.0,0.0,0.0,udp,0.0,,cs0,,63.0,,1.0,,Status,1,1,0,42,42,0,42.0,0.0,0.0,0.0,0.0,0,0,0,0.0,,,0.0,0.0,0.0,REQ,,,,,0.0,0.0,0.0,0
461605,0.0,0.0,0.0,0.0,0.0,0.0,udp,0.0,,cs0,,63.0,,1.0,,Status,1,1,0,42,42,0,42.0,0.0,0.0,0.0,0.0,0,0,0,0.0,,,0.0,0.0,0.0,REQ,,,,,0.0,0.0,0.0,0
461612,0.0,0.0,0.0,0.0,0.0,0.0,udp,0.0,,cs0,,63.0,,1.0,,Status,1,1,0,42,42,0,42.0,0.0,0.0,0.0,0.0,0,0,0,0.0,,,0.0,0.0,0.0,REQ,,,,,0.0,0.0,0.0,0
461642,2.580204,2.580204,2.580204,2.580204,2.580204,2.580204,udp,0.0,,cs0,,63.0,,1.0,,Status,2,2,0,84,84,0,42.0,0.0,130.22226,130.22226,0.0,0,0,0,0.0,,,0.387566,0.387566,0.0,REQ,,,,,0.0,0.0,0.0,0
461659,0.0,0.0,0.0,0.0,0.0,0.0,udp,0.0,,cs0,,63.0,,1.0,,Status,1,1,0,42,42,0,42.0,0.0,0.0,0.0,0.0,0,0,0,0.0,,,0.0,0.0,0.0,REQ,,,,,0.0,0.0,0.0,0
461699,0.0,0.0,0.0,0.0,0.0,0.0,udp,0.0,,cs0,,63.0,,1.0,,Status,1,1,0,42,42,0,42.0,0.0,0.0,0.0,0.0,0,0,0,0.0,,,0.0,0.0,0.0,REQ,,,,,0.0,0.0,0.0,0
461739,2.57944,2.57944,2.57944,2.57944,2.57944,2.57944,udp,0.0,,cs0,,63.0,,1.0,,Status,2,2,0,84,84,0,42.0,0.0,130.260818,130.260818,0.0,0,0,0,0.0,,,0.387681,0.387681,0.0,REQ,,,,,0.0,0.0,0.0,0
461743,2.577826,2.577826,2.577826,2.577826,2.577826,2.577826,udp,0.0,,cs0,,63.0,,1.0,,Status,2,2,0,84,84,0,42.0,0.0,130.342392,130.342392,0.0,0,0,0,0.0,,,0.387924,0.387924,0.0,REQ,,,,,0.0,0.0,0.0,0
461758,0.0,0.0,0.0,0.0,0.0,0.0,udp,0.0,,cs0,,63.0,,1.0,,Status,1,1,0,42,42,0,42.0,0.0,0.0,0.0,0.0,0,0,0,0.0,,,0.0,0.0,0.0,REQ,,,,,0.0,0.0,0.0,0
461912,2.580493,2.580493,2.580493,2.580493,2.580493,2.580493,udp,0.0,,cs0,,63.0,,1.0,,Status,2,2,0,84,84,0,42.0,0.0,130.207672,130.207672,0.0,0,0,0,0.0,,,0.387523,0.387523,0.0,REQ,,,,,0.0,0.0,0.0,0
461956,2.579024,2.579024,2.579024,2.579024,2.579024,2.579024,udp,0.0,,cs0,,63.0,,1.0,,Status,2,2,0,84,84,0,42.0,0.0,130.281845,130.281845,0.0,0,0,0,0.0,,,0.387744,0.387744,0.0,REQ,,,,,0.0,0.0,0.0,0
461988,0.0,0.0,0.0,0.0,0.0,0.0,udp,0.0,,cs0,,63.0,,1.0,,Status,1,1,0,42,42,0,42.0,0.0,0.0,0.0,0.0,0,0,0,0.0,,,0.0,0.0,0.0,REQ,,,,,0.0,0.0,0.0,0
462069,2.577213,2.577213,2.577213,2.577213,2.577213,2.577213,udp,0.0,,cs0,,63.0,,1.0,,Status,2,2,0,84,84,0,42.0,0.0,130.373383,130.373383,0.0,0,0,0,0.0,,,0.388016,0.388016,0.0,REQ,,,,,0.0,0.0,0.0,0
462106,0.0,0.0,0.0,0.0,0.0,0.0,udp,0.0,,cs0,,63.0,,1.0,,Status,1,1,0,42,42,0,42.0,0.0,0.0,0.0,0.0,0,0,0,0.0,,,0.0,0.0,0.0,REQ,,,,,0.0,0.0,0.0,0
462156,0.0,0.0,0.0,0.0,0.0,0.0,udp,0.0,,cs0,,63.0,,1.0,,Status,1,1,0,42,42,0,42.0,0.0,0.0,0.0,0.0,0,0,0,0.0,,,0.0,0.0,0.0,REQ,,,,,0.0,0.0,0.0,0
462230,2.579249,2.579249,2.579249,2.579249,2.579249,2.579249,udp,0.0,,cs0,,63.0,,1.0,,Status,2,2,0,84,84,0,42.0,0.0,130.270477,130.270477,0.0,0,0,0,0.0,,,0.38771,0.38771,0.0,REQ,,,,,0.0,0.0,0.0,0
462256,0.0,0.0,0.0,0.0,0.0,0.0,udp,0.0,,cs0,,63.0,,1.0,,Status,1,1,0,42,42,0,42.0,0.0,0.0,0.0,0.0,0,0,0,0.0,,,0.0,0.0,0.0,REQ,,,,,0.0,0.0,0.0,0
462390,0.0,0.0,0.0,0.0,0.0,0.0,udp,0.0,,cs0,,63.0,,1.0,,Status,1,1,0,42,42,0,42.0,0.0,0.0,0.0,0.0,0,0,0,0.0,,,0.0,0.0,0.0,REQ,,,,,0.0,0.0,0.0,0
462397,0.0,0.0,0.0,0.0,0.0,0.0,udp,0.0,,cs0,,63.0,,1.0,,Status,1,1,0,42,42,0,42.0,0.0,0.0,0.0,0.0,0,0,0,0.0,,,0.0,0.0,0.0,REQ,,,,,0.0,0.0,0.0,0
462404,0.0,0.0,0.0,0.0,0.0,0.0,udp,0.0,,cs0,,63.0,,1.0,,Status,1,1,0,42,42,0,42.0,0.0,0.0,0.0,0.0,0,0,0,0.0,,,0.0,0.0,0.0,REQ,,,,,0.0,0.0,0.0,0
462421,0.0,0.0,0.0,0.0,0.0,0.0,udp,0.0,,cs0,,63.0,,1.0,,Status,1,1,0,42,42,0,42.0,0.0,0.0,0.0,0.0,0,0,0,0.0,,,0.0,0.0,0.0,REQ,,,,,0.0,0.0,0.0,0
462483,0.0,0.0,0.0,0.0,0.0,0.0,udp,0.0,,cs0,,63.0,,1.0,,Status,1,1,0,42,42,0,42.0,0.0,0.0,0.0,0.0,0,0,0,0.0,,,0.0,0.0,0.0,REQ,,,,,0.0,0.0,0.0,0
462522,0.0,0.0,0.0,0.0,0.0,0.0,udp,0.0,,cs0,,63.0,,1.0,,Status,1,1,0,42,42,0,42.0,0.0,0.0,0.0,0.0,0,0,0,0.0,,,0.0,0.0,0.0,REQ,,,,,0.0,0.0,0.0,0
462598,0.0,0.0,0.0,0.0,0.0,0.0,udp,0.0,,cs0,,63.0,,1.0,,Status,1,1,0,42,42,0,42.0,0.0,0.0,0.0,0.0,0,0,0,0.0,,,0.0,0.0,0.0,REQ,,,,,0.0,0.0,0.0,0
462615,0.0,0.0,0.0,0.0,0.0,0.0,udp,0.0,,cs0,,63.0,,1.0,,Status,1,1,0,42,42,0,42.0,0.0,0.0,0.0,0.0,0,0,0,0.0,,,0.0,0.0,0.0,REQ,,,,,0.0,0.0,0.0,0
462622,0.0,0.0,0.0,0.0,0.0,0.0,udp,0.0,,cs0,,63.0,,1.0,,Status,1,1,0,42,42,0,42.0,0.0,0.0,0.0,0.0,0,0,0,0.0,,,0.0,0.0,0.0,REQ,,,,,0.0,0.0,0.0,0
462645,0.0,0.0,0.0,0.0,0.0,0.0,udp,0.0,,cs0,,63.0,,1.0,,Status,1,1,0,42,42,0,42.0,0.0,0.0,0.0,0.0,0,0,0,0.0,,,0.0,0.0,0.0,REQ,,,,,0.0,0.0,0.0,0
462746,0.0,0.0,0.0,0.0,0.0,0.0,udp,0.0,,cs0,,63.0,,1.0,,Status,1,1,0,42,42,0,42.0,0.0,0.0,0.0,0.0,0,0,0,0.0,,,0.0,0.0,0.0,REQ,,,,,0.0,0.0,0.0,0
462840,2.581926,2.581926,2.581926,2.581926,2.581926,2.581926,udp,0.0,,cs0,,63.0,,1.0,,Status,2,2,0,84,84,0,42.0,0.0,130.135406,130.135406,0.0,0,0,0,0.0,,,0.387308,0.387308,0.0,REQ,,,,,0.0,0.0,0.0,0
462859,2.577775,2.577775,2.577775,2.577775,2.577775,2.577775,udp,0.0,,cs0,,63.0,,1.0,,Status,2,2,0,84,84,0,42.0,0.0,130.344971,130.344971,0.0,0,0,0,0.0,,,0.387931,0.387931,0.0,REQ,,,,,0.0,0.0,0.0,0
462863,2.579576,2.579576,2.579576,2.579576,2.579576,2.579576,udp,0.0,,cs0,,63.0,,1.0,,Status,2,2,0,84,84,0,42.0,0.0,130.253967,130.253967,0.0,0,0,0,0.0,,,0.387661,0.387661,0.0,REQ,,,,,0.0,0.0,0.0,0
462929,0.0,0.0,0.0,0.0,0.0,0.0,udp,0.0,,cs0,,63.0,,1.0,,Status,1,1,0,42,42,0,42.0,0.0,0.0,0.0,0.0,0,0,0,0.0,,,0.0,0.0,0.0,REQ,,,,,0.0,0.0,0.0,0
463038,0.0,0.0,0.0,0.0,0.0,0.0,udp,0.0,,cs0,,63.0,,1.0,,Status,1,1,0,42,42,0,42.0,0.0,0.0,0.0,0.0,0,0,0,0.0,,,0.0,0.0,0.0,REQ,,,,,0.0,0.0,0.0,0
463080,0.0,0.0,0.0,0.0,0.0,0.0,udp,0.0,,cs0,,63.0,,1.0,,Status,1,1,0,42,42,0,42.0,0.0,0.0,0.0,0.0,0,0,0,0.0,,,0.0,0.0,0.0,REQ,,,,,0.0,0.0,0.0,0
463100,2.581773,2.581773,2.581773,2.581773,2.581773,2.581773,udp,0.0,,cs0,,63.0,,1.0,,Status,2,2,0,84,84,0,42.0,0.0,130.143127,130.143127,0.0,0,0,0,0.0,,,0.387331,0.387331,0.0,REQ,,,,,0.0,0.0,0.0,0
463152,2.583971,2.583971,2.583971,2.583971,2.583971,2.583971,udp,0.0,,cs0,,63.0,,1.0,,Status,2,2,0,84,84,0,42.0,0.0,130.032425,130.032425,0.0,0,0,0,0.0,,,0.387001,0.387001,0.0,REQ,,,,,0.0,0.0,0.0,0
463188,2.584167,2.584167,2.584167,2.584167,2.584167,2.584167,udp,0.0,,cs0,,63.0,,1.0,,Status,2,2,0,84,84,0,42.0,0.0,130.022552,130.022552,0.0,0,0,0,0.0,,,0.386972,0.386972,0.0,REQ,,,,,0.0,0.0,0.0,0
463215,0.0,0.0,0.0,0.0,0.0,0.0,udp,0.0,,cs0,,63.0,,1.0,,Status,1,1,0,42,42,0,42.0,0.0,0.0,0.0,0.0,0,0,0,0.0,,,0.0,0.0,0.0,REQ,,,,,0.0,0.0,0.0,0
463252,2.570163,2.570163,2.570163,2.570163,2.570163,2.570163,udp,0.0,,cs0,,63.0,,1.0,,Status,2,2,0,84,84,0,42.0,0.0,130.731003,130.731003,0.0,0,0,0,0.0,,,0.38908,0.38908,0.0,REQ,,,,,0.0,0.0,0.0,0
463259,2.570039,2.570039,2.570039,2.570039,2.570039,2.570039,udp,0.0,,cs0,,63.0,,1.0,,Status,2,2,0,84,84,0,42.0,0.0,130.73732,130.73732,0.0,0,0,0,0.0,,,0.389099,0.389099,0.0,REQ,,,,,0.0,0.0,0.0,0
463308,2.5732,2.5732,2.5732,2.5732,2.5732,2.5732,udp,0.0,,cs0,,63.0,,1.0,,Status,2,2,0,84,84,0,42.0,0.0,130.576721,130.576721,0.0,0,0,0,0.0,,,0.388621,0.388621,0.0,REQ,,,,,0.0,0.0,0.0,0
463362,0.0,0.0,0.0,0.0,0.0,0.0,udp,0.0,,cs0,,63.0,,1.0,,Status,1,1,0,42,42,0,42.0,0.0,0.0,0.0,0.0,0,0,0,0.0,,,0.0,0.0,0.0,REQ,,,,,0.0,0.0,0.0,0
463377,0.0,0.0,0.0,0.0,0.0,0.0,udp,0.0,,cs0,,63.0,,1.0,,Status,1,1,0,42,42,0,42.0,0.0,0.0,0.0,0.0,0,0,0,0.0,,,0.0,0.0,0.0,REQ,,,,,0.0,0.0,0.0,0
463381,0.0,0.0,0.0,0.0,0.0,0.0,udp,0.0,,cs0,,63.0,,1.0,,Status,1,1,0,42,42,0,42.0,0.0,0.0,0.0,0.0,0,0,0,0.0,,,0.0,0.0,0.0,REQ,,,,,0.0,0.0,0.0,0
463432,0.0,0.0,0.0,0.0,0.0,0.0,udp,0.0,,cs0,,63.0,,1.0,,Status,1,1,0,42,42,0,42.0,0.0,0.0,0.0,0.0,0,0,0,0.0,,,0.0,0.0,0.0,REQ,,,,,0.0,0.0,0.0,0
463482,2.58407,2.58407,2.58407,2.58407,2.58407,2.58407,udp,0.0,,cs0,,63.0,,1.0,,Status,2,2,0,84,84,0,42.0,0.0,130.027435,130.027435,0.0,0,0,0,0.0,,,0.386986,0.386986,0.0,REQ,,,,,0.0,0.0,0.0,0
463487,2.584083,2.584083,2.584083,2.584083,2.584083,2.584083,udp,0.0,,cs0,,63.0,,1.0,,Status,2,2,0,84,84,0,42.0,0.0,130.026779,130.026779,0.0,0,0,0,0.0,,,0.386984,0.386984,0.0,REQ,,,,,0.0,0.0,0.0,0
463506,0.0,0.0,0.0,0.0,0.0,0.0,udp,0.0,,cs0,,63.0,,1.0,,Status,1,1,0,42,42,0,42.0,0.0,0.0,0.0,0.0,0,0,0,0.0,,,0.0,0.0,0.0,REQ,,,,,0.0,0.0,0.0,0
463509,0.0,0.0,0.0,0.0,0.0,0.0,udp,0.0,,cs0,,63.0,,1.0,,Status,1,1,0,42,42,0,42.0,0.0,0.0,0.0,0.0,0,0,0,0.0,,,0.0,0.0,0.0,REQ,,,,,0.0,0.0,0.0,0
463533,0.0,0.0,0.0,0.0,0.0,0.0,udp,0.0,,cs0,,63.0,,1.0,,Status,1,1,0,42,42,0,42.0,0.0,0.0,0.0,0.0,0,0,0,0.0,,,0.0,0.0,0.0,REQ,,,,,0.0,0.0,0.0,0
463551,2.579725,2.579725,2.579725,2.579725,2.579725,2.579725,udp,0.0,,cs0,,63.0,,1.0,,Status,2,2,0,84,84,0,42.0,0.0,130.246445,130.246445,0.0,0,0,0,0.0,,,0.387638,0.387638,0.0,REQ,,,,,0.0,0.0,0.0,0
463671,2.57706,2.57706,2.57706,2.57706,2.57706,2.57706,udp,0.0,,cs0,,63.0,,1.0,,Status,2,2,0,84,84,0,42.0,0.0,130.381134,130.381134,0.0,0,0,0,0.0,,,0.388039,0.388039,0.0,REQ,,,,,0.0,0.0,0.0,0
463677,2.577073,2.577073,2.577073,2.577073,2.577073,2.577073,udp,0.0,,cs0,,63.0,,1.0,,Status,2,2,0,84,84,0,42.0,0.0,130.380463,130.380463,0.0,0,0,0,0.0,,,0.388037,0.388037,0.0,REQ,,,,,0.0,0.0,0.0,0
463748,2.579385,2.579385,2.579385,2.579385,2.579385,2.579385,udp,0.0,,cs0,,63.0,,1.0,,Status,2,2,0,84,84,0,42.0,0.0,130.263611,130.263611,0.0,0,0,0,0.0,,,0.387689,0.387689,0.0,REQ,,,,,0.0,0.0,0.0,0
463755,0.0,0.0,0.0,0.0,0.0,0.0,udp,0.0,,cs0,,63.0,,1.0,,Status,1,1,0,42,42,0,42.0,0.0,0.0,0.0,0.0,0,0,0,0.0,,,0.0,0.0,0.0,REQ,,,,,0.0,0.0,0.0,0
463815,0.0,0.0,0.0,0.0,0.0,0.0,udp,0.0,,cs0,,63.0,,1.0,,Status,1,1,0,42,42,0,42.0,0.0,0.0,0.0,0.0,0,0,0,0.0,,,0.0,0.0,0.0,REQ,,,,,0.0,0.0,0.0,0
463853,2.578291,2.578291,2.578291,2.578291,2.578291,2.578291,udp,0.0,,cs0,,63.0,,1.0,,Status,2,2,0,84,84,0,42.0,0.0,130.318878,130.318878,0.0,0,0,0,0.0,,,0.387854,0.387854,0.0,REQ,,,,,0.0,0.0,0.0,0
463881,0.0,0.0,0.0,0.0,0.0,0.0,udp,0.0,,cs0,,63.0,,1.0,,Status,1,1,0,42,42,0,42.0,0.0,0.0,0.0,0.0,0,0,0,0.0,,,0.0,0.0,0.0,REQ,,,,,0.0,0.0,0.0,0
464099,2.574907,2.574907,2.574907,2.574907,2.574907,2.574907,udp,0.0,,cs0,,63.0,,1.0,,Status,2,2,0,84,84,0,42.0,0.0,130.490143,130.490143,0.0,0,0,0,0.0,,,0.388364,0.388364,0.0,REQ,,,,,0.0,0.0,0.0,0
464121,2.570145,2.570145,2.570145,2.570145,2.570145,2.570145,udp,0.0,,cs0,,63.0,,1.0,,Status,2,2,0,84,84,0,42.0,0.0,130.731934,130.731934,0.0,0,0,0,0.0,,,0.389083,0.389083,0.0,REQ,,,,,0.0,0.0,0.0,0
464127,2.571117,2.571117,2.571117,2.571117,2.571117,2.571117,udp,0.0,,cs0,,63.0,,1.0,,Status,2,2,0,84,84,0,42.0,0.0,130.68251,130.68251,0.0,0,0,0,0.0,,,0.388936,0.388936,0.0,REQ,,,,,0.0,0.0,0.0,0
464137,2.577922,2.577922,2.577922,2.577922,2.577922,2.577922,udp,0.0,,cs0,,63.0,,1.0,,Status,2,2,0,84,84,0,42.0,0.0,130.337524,130.337524,0.0,0,0,0,0.0,,,0.387909,0.387909,0.0,REQ,,,,,0.0,0.0,0.0,0
464141,2.578883,2.578883,2.578883,2.578883,2.578883,2.578883,udp,0.0,,cs0,,63.0,,1.0,,Status,2,2,0,84,84,0,42.0,0.0,130.288971,130.288971,0.0,0,0,0,0.0,,,0.387765,0.387765,0.0,REQ,,,,,0.0,0.0,0.0,0
464145,2.579891,2.579891,2.579891,2.579891,2.579891,2.579891,udp,0.0,,cs0,,63.0,,1.0,,Status,2,2,0,84,84,0,42.0,0.0,130.238068,130.238068,0.0,0,0,0,0.0,,,0.387613,0.387613,0.0,REQ,,,,,0.0,0.0,0.0,0
464153,0.0,0.0,0.0,0.0,0.0,0.0,udp,0.0,,cs0,,63.0,,1.0,,Status,1,1,0,42,42,0,42.0,0.0,0.0,0.0,0.0,0,0,0,0.0,,,0.0,0.0,0.0,REQ,,,,,0.0,0.0,0.0,0
464171,0.0,0.0,0.0,0.0,0.0,0.0,udp,0.0,,cs0,,63.0,,1.0,,Status,1,1,0,42,42,0,42.0,0.0,0.0,0.0,0.0,0,0,0,0.0,,,0.0,0.0,0.0,REQ,,,,,0.0,0.0,0.0,0
464178,0.0,0.0,0.0,0.0,0.0,0.0,udp,0.0,,cs0,,63.0,,1.0,,Status,1,1,0,42,42,0,42.0,0.0,0.0,0.0,0.0,0,0,0,0.0,,,0.0,0.0,0.0,REQ,,,,,0.0,0.0,0.0,0
464195,2.578865,2.578865,2.578865,2.578865,2.578865,2.578865,udp,0.0,,cs0,,63.0,,1.0,,Status,2,2,0,84,84,0,42.0,0.0,130.289871,130.289871,0.0,0,0,0,0.0,,,0.387767,0.387767,0.0,REQ,,,,,0.0,0.0,0.0,0
464201,2.580001,2.580001,2.580001,2.580001,2.580001,2.580001,udp,0.0,,cs0,,63.0,,1.0,,Status,2,2,0,84,84,0,42.0,0.0,130.232498,130.232498,0.0,0,0,0,0.0,,,0.387597,0.387597,0.0,REQ,,,,,0.0,0.0,0.0,0
464277,2.576321,2.576321,2.576321,2.576321,2.576321,2.576321,udp,0.0,,cs0,,63.0,,1.0,,Status,2,2,0,84,84,0,42.0,0.0,130.418533,130.418533,0.0,0,0,0,0.0,,,0.38815,0.38815,0.0,REQ,,,,,0.0,0.0,0.0,0
464279,2.578862,2.578862,2.578862,2.578862,2.578862,2.578862,udp,0.0,,cs0,,63.0,,1.0,,Status,2,2,0,84,84,0,42.0,0.0,130.290024,130.290024,0.0,0,0,0,0.0,,,0.387768,0.387768,0.0,REQ,,,,,0.0,0.0,0.0,0
464303,2.578809,2.578809,2.578809,2.578809,2.578809,2.578809,udp,0.0,,cs0,,63.0,,1.0,,Status,2,2,0,84,84,0,42.0,0.0,130.292709,130.292709,0.0,0,0,0,0.0,,,0.387776,0.387776,0.0,REQ,,,,,0.0,0.0,0.0,0
464362,0.0,0.0,0.0,0.0,0.0,0.0,udp,0.0,,cs0,,63.0,,1.0,,Status,1,1,0,42,42,0,42.0,0.0,0.0,0.0,0.0,0,0,0,0.0,,,0.0,0.0,0.0,REQ,,,,,0.0,0.0,0.0,0
464389,0.0,0.0,0.0,0.0,0.0,0.0,udp,0.0,,cs0,,63.0,,1.0,,Status,1,1,0,42,42,0,42.0,0.0,0.0,0.0,0.0,0,0,0,0.0,,,0.0,0.0,0.0,REQ,,,,,0.0,0.0,0.0,0
464478,2.578849,2.578849,2.578849,2.578849,2.578849,2.578849,udp,0.0,,cs0,,63.0,,1.0,,Status,2,2,0,84,84,0,42.0,0.0,130.29068,130.29068,0.0,0,0,0,0.0,,,0.38777,0.38777,0.0,REQ,,,,,0.0,0.0,0.0,0
464491,2.582959,2.582959,2.582959,2.582959,2.582959,2.582959,udp,0.0,,cs0,,63.0,,1.0,,Status,2,2,0,84,84,0,42.0,0.0,130.083374,130.083374,0.0,0,0,0,0.0,,,0.387153,0.387153,0.0,REQ,,,,,0.0,0.0,0.0,0
464523,2.579286,2.579286,2.579286,2.579286,2.579286,2.579286,udp,0.0,,cs0,,63.0,,1.0,,Status,2,2,0,84,84,0,42.0,0.0,130.2686,130.2686,0.0,0,0,0,0.0,,,0.387704,0.387704,0.0,REQ,,,,,0.0,0.0,0.0,0
464666,2.578866,2.578866,2.578866,2.578866,2.578866,2.578866,udp,0.0,,cs0,,63.0,,1.0,,Status,2,2,0,84,84,0,42.0,0.0,130.289825,130.289825,0.0,0,0,0,0.0,,,0.387767,0.387767,0.0,REQ,,,,,0.0,0.0,0.0,0
464723,2.581162,2.581162,2.581162,2.581162,2.581162,2.581162,udp,0.0,,cs0,,63.0,,1.0,,Status,2,2,0,84,84,0,42.0,0.0,130.173935,130.173935,0.0,0,0,0,0.0,,,0.387422,0.387422,0.0,REQ,,,,,0.0,0.0,0.0,0
464727,2.581152,2.581152,2.581152,2.581152,2.581152,2.581152,udp,0.0,,cs0,,63.0,,1.0,,Status,2,2,0,84,84,0,42.0,0.0,130.174438,130.174438,0.0,0,0,0,0.0,,,0.387424,0.387424,0.0,REQ,,,,,0.0,0.0,0.0,0
464757,0.0,0.0,0.0,0.0,0.0,0.0,udp,0.0,,cs0,,63.0,,1.0,,Status,1,1,0,42,42,0,42.0,0.0,0.0,0.0,0.0,0,0,0,0.0,,,0.0,0.0,0.0,REQ,,,,,0.0,0.0,0.0,0
464789,0.0,0.0,0.0,0.0,0.0,0.0,udp,0.0,,cs0,,63.0,,1.0,,Status,1,1,0,42,42,0,42.0,0.0,0.0,0.0,0.0,0,0,0,0.0,,,0.0,0.0,0.0,REQ,,,,,0.0,0.0,0.0,0
464824,0.0,0.0,0.0,0.0,0.0,0.0,udp,0.0,,cs0,,63.0,,1.0,,Status,1,1,0,42,42,0,42.0,0.0,0.0,0.0,0.0,0,0,0,0.0,,,0.0,0.0,0.0,REQ,,,,,0.0,0.0,0.0,0
464865,0.0,0.0,0.0,0.0,0.0,0.0,udp,0.0,,cs0,,63.0,,1.0,,Status,1,1,0,42,42,0,42.0,0.0,0.0,0.0,0.0,0,0,0,0.0,,,0.0,0.0,0.0,REQ,,,,,0.0,0.0,0.0,0
464904,2.585103,2.585103,2.585103,2.585103,2.585103,2.585103,udp,0.0,,cs0,,63.0,,1.0,,Status,2,2,0,84,84,0,42.0,0.0,129.975479,129.975479,0.0,0,0,0,0.0,,,0.386832,0.386832,0.0,REQ,,,,,0.0,0.0,0.0,0
464921,0.0,0.0,0.0,0.0,0.0,0.0,udp,0.0,,cs0,,63.0,,1.0,,Status,1,1,0,42,42,0,42.0,0.0,0.0,0.0,0.0,0,0,0,0.0,,,0.0,0.0,0.0,REQ,,,,,0.0,0.0,0.0,0
464945,2.579362,2.579362,2.579362,2.579362,2.579362,2.579362,udp,0.0,,cs0,,63.0,,1.0,,Status,2,2,0,84,84,0,42.0,0.0,130.264771,130.264771,0.0,0,0,0,0.0,,,0.387693,0.387693,0.0,REQ,,,,,0.0,0.0,0.0,0
464968,2.578111,2.578111,2.578111,2.578111,2.578111,2.578111,udp,0.0,,cs0,,63.0,,1.0,,Status,2,2,0,84,84,0,42.0,0.0,130.327988,130.327988,0.0,0,0,0,0.0,,,0.387881,0.387881,0.0,REQ,,,,,0.0,0.0,0.0,0
465022,2.582227,2.582227,2.582227,2.582227,2.582227,2.582227,udp,0.0,,cs0,,63.0,,1.0,,Status,2,2,0,84,84,0,42.0,0.0,130.120239,130.120239,0.0,0,0,0,0.0,,,0.387263,0.387263,0.0,REQ,,,,,0.0,0.0,0.0,0
465094,2.589808,2.589808,2.589808,2.589808,2.589808,2.589808,udp,0.0,,cs0,,63.0,,1.0,,Status,2,2,0,84,84,0,42.0,0.0,129.739349,129.739349,0.0,0,0,0,0.0,,,0.386129,0.386129,0.0,REQ,,,,,0.0,0.0,0.0,0
465166,0.0,0.0,0.0,0.0,0.0,0.0,udp,0.0,,cs0,,63.0,,1.0,,Status,1,1,0,42,42,0,42.0,0.0,0.0,0.0,0.0,0,0,0,0.0,,,0.0,0.0,0.0,REQ,,,,,0.0,0.0,0.0,0
465182,2.580902,2.580902,2.580902,2.580902,2.580902,2.580902,udp,0.0,,cs0,,63.0,,1.0,,Status,2,2,0,84,84,0,42.0,0.0,130.187042,130.187042,0.0,0,0,0,0.0,,,0.387461,0.387461,0.0,REQ,,,,,0.0,0.0,0.0,0
465263,0.0,0.0,0.0,0.0,0.0,0.0,udp,0.0,,cs0,,63.0,,1.0,,Status,1,1,0,42,42,0,42.0,0.0,0.0,0.0,0.0,0,0,0,0.0,,,0.0,0.0,0.0,REQ,,,,,0.0,0.0,0.0,0
465279,2.580901,2.580901,2.580901,2.580901,2.580901,2.580901,udp,0.0,,cs0,,63.0,,1.0,,Status,2,2,0,84,84,0,42.0,0.0,130.187103,130.187103,0.0,0,0,0,0.0,,,0.387462,0.387462,0.0,REQ,,,,,0.0,0.0,0.0,0
465355,0.0,0.0,0.0,0.0,0.0,0.0,udp,0.0,,cs0,,63.0,,1.0,,Status,1,1,0,42,42,0,42.0,0.0,0.0,0.0,0.0,0,0,0,0.0,,,0.0,0.0,0.0,REQ,,,,,0.0,0.0,0.0,0
465366,0.0,0.0,0.0,0.0,0.0,0.0,udp,0.0,,cs0,,63.0,,1.0,,Status,1,1,0,42,42,0,42.0,0.0,0.0,0.0,0.0,0,0,0,0.0,,,0.0,0.0,0.0,REQ,,,,,0.0,0.0,0.0,0
465374,2.578238,2.578238,2.578238,2.578238,2.578238,2.578238,udp,0.0,,cs0,,63.0,,1.0,,Status,2,2,0,84,84,0,42.0,0.0,130.321564,130.321564,0.0,0,0,0,0.0,,,0.387862,0.387862,0.0,REQ,,,,,0.0,0.0,0.0,0
465405,2.578005,2.578005,2.578005,2.578005,2.578005,2.578005,udp,0.0,,cs0,,63.0,,1.0,,Status,2,2,0,84,84,0,42.0,0.0,130.333328,130.333328,0.0,0,0,0,0.0,,,0.387897,0.387897,0.0,REQ,,,,,0.0,0.0,0.0,0
465427,2.579026,2.579026,2.579026,2.579026,2.579026,2.579026,udp,0.0,,cs0,,63.0,,1.0,,Status,2,2,0,84,84,0,42.0,0.0,130.281738,130.281738,0.0,0,0,0,0.0,,,0.387743,0.387743,0.0,REQ,,,,,0.0,0.0,0.0,0
465451,0.0,0.0,0.0,0.0,0.0,0.0,udp,0.0,,cs0,,63.0,,1.0,,Status,1,1,0,42,42,0,42.0,0.0,0.0,0.0,0.0,0,0,0,0.0,,,0.0,0.0,0.0,REQ,,,,,0.0,0.0,0.0,0
465471,0.0,0.0,0.0,0.0,0.0,0.0,udp,0.0,,cs0,,63.0,,1.0,,Status,1,1,0,42,42,0,42.0,0.0,0.0,0.0,0.0,0,0,0,0.0,,,0.0,0.0,0.0,REQ,,,,,0.0,0.0,0.0,0
465576,0.0,0.0,0.0,0.0,0.0,0.0,udp,0.0,,cs0,,63.0,,1.0,,Status,1,1,0,42,42,0,42.0,0.0,0.0,0.0,0.0,0,0,0,0.0,,,0.0,0.0,0.0,REQ,,,,,0.0,0.0,0.0,0
465615,0.0,0.0,0.0,0.0,0.0,0.0,udp,0.0,,cs0,,63.0,,1.0,,Status,1,1,0,42,42,0,42.0,0.0,0.0,0.0,0.0,0,0,0,0.0,,,0.0,0.0,0.0,REQ,,,,,0.0,0.0,0.0,0
465623,0.0,0.0,0.0,0.0,0.0,0.0,udp,0.0,,cs0,,63.0,,1.0,,Status,1,1,0,42,42,0,42.0,0.0,0.0,0.0,0.0,0,0,0,0.0,,,0.0,0.0,0.0,REQ,,,,,0.0,0.0,0.0,0
465635,2.571167,2.571167,2.571167,2.571167,2.571167,2.571167,udp,0.0,,cs0,,63.0,,1.0,,Status,2,2,0,84,84,0,42.0,0.0,130.679962,130.679962,0.0,0,0,0,0.0,,,0.388928,0.388928,0.0,REQ,,,,,0.0,0.0,0.0,0
465657,2.571915,2.571915,2.571915,2.571915,2.571915,2.571915,udp,0.0,,cs0,,63.0,,1.0,,Status,2,2,0,84,84,0,42.0,0.0,130.641953,130.641953,0.0,0,0,0,0.0,,,0.388815,0.388815,0.0,REQ,,,,,0.0,0.0,0.0,0
465697,2.580711,2.580711,2.580711,2.580711,2.580711,2.580711,udp,0.0,,cs0,,63.0,,1.0,,Status,2,2,0,84,84,0,42.0,0.0,130.196686,130.196686,0.0,0,0,0,0.0,,,0.38749,0.38749,0.0,REQ,,,,,0.0,0.0,0.0,0
465805,2.585992,2.585992,2.585992,2.585992,2.585992,2.585992,udp,0.0,,cs0,,63.0,,1.0,,Status,2,2,0,84,84,0,42.0,0.0,129.930786,129.930786,0.0,0,0,0,0.0,,,0.386699,0.386699,0.0,REQ,,,,,0.0,0.0,0.0,0
465811,2.585972,2.585972,2.585972,2.585972,2.585972,2.585972,udp,0.0,,cs0,,63.0,,1.0,,Start,2,2,0,84,84,0,42.0,0.0,129.931793,129.931793,0.0,0,0,0,0.0,,,0.386702,0.386702,0.0,INT,,,,,0.0,0.0,0.0,0
465859,0.0,0.0,0.0,0.0,0.0,0.0,udp,0.0,,cs0,,63.0,,1.0,,Status,1,1,0,42,42,0,42.0,0.0,0.0,0.0,0.0,0,0,0,0.0,,,0.0,0.0,0.0,REQ,,,,,0.0,0.0,0.0,0
465867,0.0,0.0,0.0,0.0,0.0,0.0,udp,0.0,,cs0,,63.0,,1.0,,Status,1,1,0,42,42,0,42.0,0.0,0.0,0.0,0.0,0,0,0,0.0,,,0.0,0.0,0.0,REQ,,,,,0.0,0.0,0.0,0
465874,0.0,0.0,0.0,0.0,0.0,0.0,udp,0.0,,cs0,,63.0,,1.0,,Status,1,1,0,42,42,0,42.0,0.0,0.0,0.0,0.0,0,0,0,0.0,,,0.0,0.0,0.0,REQ,,,,,0.0,0.0,0.0,0
465896,2.577177,2.577177,2.577177,2.577177,2.577177,2.577177,udp,0.0,,cs0,,63.0,,1.0,,Status,2,2,0,84,84,0,42.0,0.0,130.375214,130.375214,0.0,0,0,0,0.0,,,0.388021,0.388021,0.0,REQ,,,,,0.0,0.0,0.0,0
465935,0.0,0.0,0.0,0.0,0.0,0.0,udp,0.0,,cs0,,63.0,,1.0,,Status,1,1,0,42,42,0,42.0,0.0,0.0,0.0,0.0,0,0,0,0.0,,,0.0,0.0,0.0,REQ,,,,,0.0,0.0,0.0,0
465949,2.579203,2.579203,2.579203,2.579203,2.579203,2.579203,udp,0.0,,cs0,,63.0,,1.0,,Status,2,2,0,84,84,0,42.0,0.0,130.272812,130.272812,0.0,0,0,0,0.0,,,0.387717,0.387717,0.0,REQ,,,,,0.0,0.0,0.0,0
466000,2.578966,2.578966,2.578966,2.578966,2.578966,2.578966,udp,0.0,,cs0,,63.0,,1.0,,Status,2,2,0,84,84,0,42.0,0.0,130.284775,130.284775,0.0,0,0,0,0.0,,,0.387752,0.387752,0.0,REQ,,,,,0.0,0.0,0.0,0
466006,2.578033,2.578033,2.578033,2.578033,2.578033,2.578033,udp,0.0,,cs0,,63.0,,1.0,,Status,2,2,0,84,84,0,42.0,0.0,130.331924,130.331924,0.0,0,0,0,0.0,,,0.387893,0.387893,0.0,REQ,,,,,0.0,0.0,0.0,0
466029,0.0,0.0,0.0,0.0,0.0,0.0,udp,0.0,,cs0,,63.0,,1.0,,Status,1,1,0,42,42,0,42.0,0.0,0.0,0.0,0.0,0,0,0,0.0,,,0.0,0.0,0.0,REQ,,,,,0.0,0.0,0.0,0
466161,2.582676,2.582676,2.582676,2.582676,2.582676,2.582676,udp,0.0,,cs0,,63.0,,1.0,,Status,2,2,0,84,84,0,42.0,0.0,130.097626,130.097626,0.0,0,0,0,0.0,,,0.387195,0.387195,0.0,REQ,,,,,0.0,0.0,0.0,0
466168,0.0,0.0,0.0,0.0,0.0,0.0,udp,0.0,,cs0,,63.0,,1.0,,Status,1,1,0,42,42,0,42.0,0.0,0.0,0.0,0.0,0,0,0,0.0,,,0.0,0.0,0.0,REQ,,,,,0.0,0.0,0.0,0
466211,2.580057,2.580057,2.580057,2.580057,2.580057,2.580057,udp,0.0,,cs0,,63.0,,1.0,,Status,2,2,0,84,84,0,42.0,0.0,130.229691,130.229691,0.0,0,0,0,0.0,,,0.387588,0.387588,0.0,REQ,,,,,0.0,0.0,0.0,0
466219,0.0,0.0,0.0,0.0,0.0,0.0,udp,0.0,,cs0,,63.0,,1.0,,Status,1,1,0,42,42,0,42.0,0.0,0.0,0.0,0.0,0,0,0,0.0,,,0.0,0.0,0.0,REQ,,,,,0.0,0.0,0.0,0
466231,0.0,0.0,0.0,0.0,0.0,0.0,udp,0.0,,cs0,,63.0,,1.0,,Status,1,1,0,42,42,0,42.0,0.0,0.0,0.0,0.0,0,0,0,0.0,,,0.0,0.0,0.0,REQ,,,,,0.0,0.0,0.0,0
466289,2.5813,2.5813,2.5813,2.5813,2.5813,2.5813,udp,0.0,,cs0,,63.0,,1.0,,Status,2,2,0,84,84,0,42.0,0.0,130.166962,130.166962,0.0,0,0,0,0.0,,,0.387402,0.387402,0.0,REQ,,,,,0.0,0.0,0.0,0
466315,2.577994,2.577994,2.577994,2.577994,2.577994,2.577994,udp,0.0,,cs0,,63.0,,1.0,,Status,2,2,0,84,84,0,42.0,0.0,130.333893,130.333893,0.0,0,0,0,0.0,,,0.387898,0.387898,0.0,REQ,,,,,0.0,0.0,0.0,0
466365,0.0,0.0,0.0,0.0,0.0,0.0,udp,0.0,,cs0,,63.0,,1.0,,Status,1,1,0,42,42,0,42.0,0.0,0.0,0.0,0.0,0,0,0,0.0,,,0.0,0.0,0.0,REQ,,,,,0.0,0.0,0.0,0
466376,0.0,0.0,0.0,0.0,0.0,0.0,udp,0.0,,cs0,,63.0,,1.0,,Status,1,1,0,42,42,0,42.0,0.0,0.0,0.0,0.0,0,0,0,0.0,,,0.0,0.0,0.0,REQ,,,,,0.0,0.0,0.0,0
466391,0.0,0.0,0.0,0.0,0.0,0.0,udp,0.0,,cs0,,63.0,,1.0,,Status,1,1,0,42,42,0,42.0,0.0,0.0,0.0,0.0,0,0,0,0.0,,,0.0,0.0,0.0,REQ,,,,,0.0,0.0,0.0,0
466420,0.0,0.0,0.0,0.0,0.0,0.0,udp,0.0,,cs0,,63.0,,1.0,,Status,1,1,0,42,42,0,42.0,0.0,0.0,0.0,0.0,0,0,0,0.0,,,0.0,0.0,0.0,REQ,,,,,0.0,0.0,0.0,0
466437,0.0,0.0,0.0,0.0,0.0,0.0,udp,0.0,,cs0,,63.0,,1.0,,Status,1,1,0,42,42,0,42.0,0.0,0.0,0.0,0.0,0,0,0,0.0,,,0.0,0.0,0.0,REQ,,,,,0.0,0.0,0.0,0
466443,2.581009,2.581009,2.581009,2.581009,2.581009,2.581009,udp,0.0,,cs0,,63.0,,1.0,,Status,2,2,0,84,84,0,42.0,0.0,130.181656,130.181656,0.0,0,0,0,0.0,,,0.387445,0.387445,0.0,REQ,,,,,0.0,0.0,0.0,0
466460,2.581016,2.581016,2.581016,2.581016,2.581016,2.581016,udp,0.0,,cs0,,63.0,,1.0,,Status,2,2,0,84,84,0,42.0,0.0,130.18129,130.18129,0.0,0,0,0,0.0,,,0.387444,0.387444,0.0,REQ,,,,,0.0,0.0,0.0,0
466488,2.580935,2.580935,2.580935,2.580935,2.580935,2.580935,udp,0.0,,cs0,,63.0,,1.0,,Status,2,2,0,84,84,0,42.0,0.0,130.185379,130.185379,0.0,0,0,0,0.0,,,0.387456,0.387456,0.0,REQ,,,,,0.0,0.0,0.0,0
466491,0.0,0.0,0.0,0.0,0.0,0.0,udp,0.0,,cs0,,63.0,,1.0,,Status,1,1,0,42,42,0,42.0,0.0,0.0,0.0,0.0,0,0,0,0.0,,,0.0,0.0,0.0,REQ,,,,,0.0,0.0,0.0,0
466497,0.0,0.0,0.0,0.0,0.0,0.0,udp,0.0,,cs0,,63.0,,1.0,,Status,1,1,0,42,42,0,42.0,0.0,0.0,0.0,0.0,0,0,0,0.0,,,0.0,0.0,0.0,REQ,,,,,0.0,0.0,0.0,0
466554,2.578024,2.578024,2.578024,2.578024,2.578024,2.578024,udp,0.0,,cs0,,63.0,,1.0,,Status,2,2,0,84,84,0,42.0,0.0,130.332382,130.332382,0.0,0,0,0,0.0,,,0.387894,0.387894,0.0,REQ,,,,,0.0,0.0,0.0,0
466801,2.578019,2.578019,2.578019,2.578019,2.578019,2.578019,udp,0.0,,cs0,,63.0,,1.0,,Status,2,2,0,84,84,0,42.0,0.0,130.332642,130.332642,0.0,0,0,0,0.0,,,0.387895,0.387895,0.0,REQ,,,,,0.0,0.0,0.0,0
466933,0.0,0.0,0.0,0.0,0.0,0.0,udp,0.0,,cs0,,63.0,,1.0,,Status,1,1,0,42,42,0,42.0,0.0,0.0,0.0,0.0,0,0,0,0.0,,,0.0,0.0,0.0,REQ,,,,,0.0,0.0,0.0,0
466941,2.580961,2.580961,2.580961,2.580961,2.580961,2.580961,udp,0.0,,cs0,,63.0,,1.0,,Status,2,2,0,84,84,0,42.0,0.0,130.184067,130.184067,0.0,0,0,0,0.0,,,0.387453,0.387453,0.0,REQ,,,,,0.0,0.0,0.0,0
467094,2.581763,2.581763,2.581763,2.581763,2.581763,2.581763,udp,0.0,,cs0,,63.0,,1.0,,Status,2,2,0,84,84,0,42.0,0.0,130.143631,130.143631,0.0,0,0,0,0.0,,,0.387332,0.387332,0.0,REQ,,,,,0.0,0.0,0.0,0
467098,2.581763,2.581763,2.581763,2.581763,2.581763,2.581763,udp,0.0,,cs0,,63.0,,1.0,,Status,2,2,0,84,84,0,42.0,0.0,130.143631,130.143631,0.0,0,0,0,0.0,,,0.387332,0.387332,0.0,REQ,,,,,0.0,0.0,0.0,0
467140,2.579772,2.579772,2.579772,2.579772,2.579772,2.579772,udp,0.0,,cs0,,63.0,,1.0,,Status,2,2,0,84,84,0,42.0,0.0,130.244064,130.244064,0.0,0,0,0,0.0,,,0.387631,0.387631,0.0,REQ,,,,,0.0,0.0,0.0,0
467164,0.0,0.0,0.0,0.0,0.0,0.0,udp,0.0,,cs0,,63.0,,1.0,,Start,1,1,0,42,42,0,42.0,0.0,0.0,0.0,0.0,0,0,0,0.0,,,0.0,0.0,0.0,INT,,,,,0.0,0.0,0.0,0
467221,2.580901,2.580901,2.580901,2.580901,2.580901,2.580901,udp,0.0,,cs0,,63.0,,1.0,,Status,2,2,0,84,84,0,42.0,0.0,130.187103,130.187103,0.0,0,0,0,0.0,,,0.387462,0.387462,0.0,REQ,,,,,0.0,0.0,0.0,0
467310,2.582029,2.582029,2.582029,2.582029,2.582029,2.582029,udp,0.0,,cs0,,63.0,,1.0,,Status,2,2,0,84,84,0,42.0,0.0,130.130219,130.130219,0.0,0,0,0,0.0,,,0.387292,0.387292,0.0,REQ,,,,,0.0,0.0,0.0,0
467357,2.580908,2.580908,2.580908,2.580908,2.580908,2.580908,udp,0.0,,cs0,,63.0,,1.0,,Status,2,2,0,84,84,0,42.0,0.0,130.186737,130.186737,0.0,0,0,0,0.0,,,0.387461,0.387461,0.0,REQ,,,,,0.0,0.0,0.0,0
467362,0.0,0.0,0.0,0.0,0.0,0.0,udp,0.0,,cs0,,63.0,,1.0,,Status,1,1,0,42,42,0,42.0,0.0,0.0,0.0,0.0,0,0,0,0.0,,,0.0,0.0,0.0,REQ,,,,,0.0,0.0,0.0,0
467381,0.072759,0.072759,0.072759,0.072759,0.072759,0.072759,udp,0.0,0.0,cs0,cs0,64.0,52.0,0.0,12.0,Start,7,4,3,4499,2642,1857,660.5,619.0,354045.5313,217924.9219,136120.6094,0,0,0,0.0,,,82.46402,41.23201,27.488007,CON,,,,,0.0,0.0,0.0,0
467383,0.0,0.0,0.0,0.0,0.0,0.0,udp,0.0,,cs0,,63.0,,1.0,,Status,1,1,0,42,42,0,42.0,0.0,0.0,0.0,0.0,0,0,0,0.0,,,0.0,0.0,0.0,REQ,,,,,0.0,0.0,0.0,0
467395,2.577033,2.577033,2.577033,2.577033,2.577033,2.577033,udp,0.0,,cs0,,63.0,,1.0,,Status,2,2,0,84,84,0,42.0,0.0,130.382492,130.382492,0.0,0,0,0,0.0,,,0.388043,0.388043,0.0,REQ,,,,,0.0,0.0,0.0,0
467434,0.0,0.0,0.0,0.0,0.0,0.0,udp,0.0,,cs0,,63.0,,1.0,,Status,1,1,0,42,42,0,42.0,0.0,0.0,0.0,0.0,0,0,0,0.0,,,0.0,0.0,0.0,REQ,,,,,0.0,0.0,0.0,0
467464,2.57892,2.57892,2.57892,2.57892,2.57892,2.57892,udp,0.0,,cs0,,63.0,,1.0,,Status,2,2,0,84,84,0,42.0,0.0,130.287109,130.287109,0.0,0,0,0,0.0,,,0.387759,0.387759,0.0,REQ,,,,,0.0,0.0,0.0,0
467469,2.578926,2.578926,2.578926,2.578926,2.578926,2.578926,udp,0.0,,cs0,,63.0,,1.0,,Status,2,2,0,84,84,0,42.0,0.0,130.286789,130.286789,0.0,0,0,0,0.0,,,0.387758,0.387758,0.0,REQ,,,,,0.0,0.0,0.0,0
467493,2.578293,2.578293,2.578293,2.578293,2.578293,2.578293,udp,0.0,,cs0,,63.0,,1.0,,Status,2,2,0,84,84,0,42.0,0.0,130.318771,130.318771,0.0,0,0,0,0.0,,,0.387854,0.387854,0.0,REQ,,,,,0.0,0.0,0.0,0
467504,2.574947,2.574947,2.574947,2.574947,2.574947,2.574947,udp,0.0,,cs0,,63.0,,1.0,,Status,2,2,0,84,84,0,42.0,0.0,130.488113,130.488113,0.0,0,0,0,0.0,,,0.388357,0.388357,0.0,REQ,,,,,0.0,0.0,0.0,0
467513,2.573928,2.573928,2.573928,2.573928,2.573928,2.573928,udp,0.0,,cs0,,63.0,,1.0,,Status,2,2,0,84,84,0,42.0,0.0,130.53978,130.53978,0.0,0,0,0,0.0,,,0.388511,0.388511,0.0,REQ,,,,,0.0,0.0,0.0,0
467623,0.0,0.0,0.0,0.0,0.0,0.0,udp,0.0,,cs0,,63.0,,1.0,,Status,1,1,0,42,42,0,42.0,0.0,0.0,0.0,0.0,0,0,0,0.0,,,0.0,0.0,0.0,REQ,,,,,0.0,0.0,0.0,0
467638,0.0,0.0,0.0,0.0,0.0,0.0,udp,0.0,,cs0,,63.0,,1.0,,Status,1,1,0,42,42,0,42.0,0.0,0.0,0.0,0.0,0,0,0,0.0,,,0.0,0.0,0.0,REQ,,,,,0.0,0.0,0.0,0
467663,0.0,0.0,0.0,0.0,0.0,0.0,udp,0.0,,cs0,,63.0,,1.0,,Status,1,1,0,42,42,0,42.0,0.0,0.0,0.0,0.0,0,0,0,0.0,,,0.0,0.0,0.0,REQ,,,,,0.0,0.0,0.0,0
467684,0.0,0.0,0.0,0.0,0.0,0.0,udp,0.0,,cs0,,63.0,,1.0,,Status,1,1,0,42,42,0,42.0,0.0,0.0,0.0,0.0,0,0,0,0.0,,,0.0,0.0,0.0,REQ,,,,,0.0,0.0,0.0,0
467686,0.0,0.0,0.0,0.0,0.0,0.0,udp,0.0,,cs0,,63.0,,1.0,,Status,1,1,0,42,42,0,42.0,0.0,0.0,0.0,0.0,0,0,0,0.0,,,0.0,0.0,0.0,REQ,,,,,0.0,0.0,0.0,0
467719,0.0,0.0,0.0,0.0,0.0,0.0,udp,0.0,,cs0,,63.0,,1.0,,Status,1,1,0,42,42,0,42.0,0.0,0.0,0.0,0.0,0,0,0,0.0,,,0.0,0.0,0.0,REQ,,,,,0.0,0.0,0.0,0
467731,2.578252,2.578252,2.578252,2.578252,2.578252,2.578252,udp,0.0,,cs0,,63.0,,1.0,,Status,2,2,0,84,84,0,42.0,0.0,130.320847,130.320847,0.0,0,0,0,0.0,,,0.38786,0.38786,0.0,REQ,,,,,0.0,0.0,0.0,0
467805,2.583386,2.583386,2.583386,2.583386,2.583386,2.583386,udp,0.0,,cs0,,63.0,,1.0,,Status,2,2,0,84,84,0,42.0,0.0,130.061874,130.061874,0.0,0,0,0,0.0,,,0.387089,0.387089,0.0,REQ,,,,,0.0,0.0,0.0,0
467863,2.579212,2.579212,2.579212,2.579212,2.579212,2.579212,udp,0.0,,cs0,,63.0,,1.0,,Status,2,2,0,84,84,0,42.0,0.0,130.272354,130.272354,0.0,0,0,0,0.0,,,0.387715,0.387715,0.0,REQ,,,,,0.0,0.0,0.0,0
467868,2.579222,2.579222,2.579222,2.579222,2.579222,2.579222,udp,0.0,,cs0,,63.0,,1.0,,Status,2,2,0,84,84,0,42.0,0.0,130.271851,130.271851,0.0,0,0,0,0.0,,,0.387714,0.387714,0.0,REQ,,,,,0.0,0.0,0.0,0
467879,0.0,0.0,0.0,0.0,0.0,0.0,udp,0.0,,cs0,,63.0,,1.0,,Status,1,1,0,42,42,0,42.0,0.0,0.0,0.0,0.0,0,0,0,0.0,,,0.0,0.0,0.0,REQ,,,,,0.0,0.0,0.0,0
467916,0.0,0.0,0.0,0.0,0.0,0.0,udp,0.0,,cs0,,63.0,,1.0,,Status,1,1,0,42,42,0,42.0,0.0,0.0,0.0,0.0,0,0,0,0.0,,,0.0,0.0,0.0,REQ,,,,,0.0,0.0,0.0,0
467927,2.578363,2.578363,2.578363,2.578363,2.578363,2.578363,udp,0.0,,cs0,,63.0,,1.0,,Status,2,2,0,84,84,0,42.0,0.0,130.315247,130.315247,0.0,0,0,0,0.0,,,0.387843,0.387843,0.0,REQ,,,,,0.0,0.0,0.0,0
467947,0.0,0.0,0.0,0.0,0.0,0.0,udp,0.0,,cs0,,63.0,,1.0,,Status,1,1,0,42,42,0,42.0,0.0,0.0,0.0,0.0,0,0,0,0.0,,,0.0,0.0,0.0,REQ,,,,,0.0,0.0,0.0,0
468026,2.579946,2.579946,2.579946,2.579946,2.579946,2.579946,udp,0.0,,cs0,,63.0,,1.0,,Status,2,2,0,84,84,0,42.0,0.0,130.235275,130.235275,0.0,0,0,0,0.0,,,0.387605,0.387605,0.0,REQ,,,,,0.0,0.0,0.0,0
468091,0.0,0.0,0.0,0.0,0.0,0.0,udp,0.0,,cs0,,63.0,,1.0,,Status,1,1,0,42,42,0,42.0,0.0,0.0,0.0,0.0,0,0,0,0.0,,,0.0,0.0,0.0,REQ,,,,,0.0,0.0,0.0,0
468124,0.0,0.0,0.0,0.0,0.0,0.0,udp,0.0,,cs0,,63.0,,1.0,,Status,1,1,0,42,42,0,42.0,0.0,0.0,0.0,0.0,0,0,0,0.0,,,0.0,0.0,0.0,REQ,,,,,0.0,0.0,0.0,0
468188,2.576665,2.576665,2.576665,2.576665,2.576665,2.576665,udp,0.0,,cs0,,63.0,,1.0,,Status,2,2,0,84,84,0,42.0,0.0,130.401123,130.401123,0.0,0,0,0,0.0,,,0.388099,0.388099,0.0,REQ,,,,,0.0,0.0,0.0,0
468213,0.0,0.0,0.0,0.0,0.0,0.0,udp,0.0,,cs0,,63.0,,1.0,,Status,1,1,0,42,42,0,42.0,0.0,0.0,0.0,0.0,0,0,0,0.0,,,0.0,0.0,0.0,REQ,,,,,0.0,0.0,0.0,0
468304,2.586564,2.586564,2.586564,2.586564,2.586564,2.586564,udp,0.0,,cs0,,63.0,,1.0,,Status,2,2,0,84,84,0,42.0,0.0,129.902054,129.902054,0.0,0,0,0,0.0,,,0.386613,0.386613,0.0,REQ,,,,,0.0,0.0,0.0,0
468363,2.577228,2.577228,2.577228,2.577228,2.577228,2.577228,udp,0.0,,cs0,,63.0,,1.0,,Status,2,2,0,84,84,0,42.0,0.0,130.372635,130.372635,0.0,0,0,0,0.0,,,0.388014,0.388014,0.0,REQ,,,,,0.0,0.0,0.0,0
468365,2.577228,2.577228,2.577228,2.577228,2.577228,2.577228,udp,0.0,,cs0,,63.0,,1.0,,Status,2,2,0,84,84,0,42.0,0.0,130.372635,130.372635,0.0,0,0,0,0.0,,,0.388014,0.388014,0.0,REQ,,,,,0.0,0.0,0.0,0
468464,0.0,0.0,0.0,0.0,0.0,0.0,udp,0.0,,cs0,,63.0,,1.0,,Status,1,1,0,42,42,0,42.0,0.0,0.0,0.0,0.0,0,0,0,0.0,,,0.0,0.0,0.0,REQ,,,,,0.0,0.0,0.0,0
468510,0.0,0.0,0.0,0.0,0.0,0.0,udp,0.0,,cs0,,63.0,,1.0,,Status,1,1,0,42,42,0,42.0,0.0,0.0,0.0,0.0,0,0,0,0.0,,,0.0,0.0,0.0,REQ,,,,,0.0,0.0,0.0,0
468624,2.577322,2.577322,2.577322,2.577322,2.577322,2.577322,udp,0.0,,cs0,,63.0,,1.0,,Status,2,2,0,84,84,0,42.0,0.0,130.367874,130.367874,0.0,0,0,0,0.0,,,0.388,0.388,0.0,REQ,,,,,0.0,0.0,0.0,0
468763,0.0,0.0,0.0,0.0,0.0,0.0,udp,0.0,,cs0,,63.0,,1.0,,Status,1,1,0,42,42,0,42.0,0.0,0.0,0.0,0.0,0,0,0,0.0,,,0.0,0.0,0.0,REQ,,,,,0.0,0.0,0.0,0
468835,2.575074,2.575074,2.575074,2.575074,2.575074,2.575074,udp,0.0,,cs0,,63.0,,1.0,,Status,2,2,0,84,84,0,42.0,0.0,130.481689,130.481689,0.0,0,0,0,0.0,,,0.388338,0.388338,0.0,REQ,,,,,0.0,0.0,0.0,0
468907,2.576963,2.576963,2.576963,2.576963,2.576963,2.576963,udp,0.0,,cs0,,63.0,,1.0,,Status,2,2,0,84,84,0,42.0,0.0,130.386047,130.386047,0.0,0,0,0,0.0,,,0.388054,0.388054,0.0,REQ,,,,,0.0,0.0,0.0,0
468936,0.0,0.0,0.0,0.0,0.0,0.0,udp,0.0,,cs0,,63.0,,1.0,,Status,1,1,0,42,42,0,42.0,0.0,0.0,0.0,0.0,0,0,0,0.0,,,0.0,0.0,0.0,REQ,,,,,0.0,0.0,0.0,0
469139,2.580802,2.580802,2.580802,2.580802,2.580802,2.580802,udp,0.0,,cs0,,63.0,,1.0,,Status,2,2,0,84,84,0,42.0,0.0,130.192093,130.192093,0.0,0,0,0,0.0,,,0.387476,0.387476,0.0,REQ,,,,,0.0,0.0,0.0,0
469182,2.579183,2.579183,2.579183,2.579183,2.579183,2.579183,udp,0.0,,cs0,,63.0,,1.0,,Status,2,2,0,84,84,0,42.0,0.0,130.273804,130.273804,0.0,0,0,0,0.0,,,0.38772,0.38772,0.0,REQ,,,,,0.0,0.0,0.0,0
469201,0.0,0.0,0.0,0.0,0.0,0.0,udp,0.0,,cs0,,63.0,,1.0,,Status,1,1,0,42,42,0,42.0,0.0,0.0,0.0,0.0,0,0,0,0.0,,,0.0,0.0,0.0,REQ,,,,,0.0,0.0,0.0,0
469215,2.576981,2.576981,2.576981,2.576981,2.576981,2.576981,udp,0.0,,cs0,,63.0,,1.0,,Status,2,2,0,84,84,0,42.0,0.0,130.385132,130.385132,0.0,0,0,0,0.0,,,0.388051,0.388051,0.0,REQ,,,,,0.0,0.0,0.0,0
469220,2.576969,2.576969,2.576969,2.576969,2.576969,2.576969,udp,0.0,,cs0,,63.0,,1.0,,Status,2,2,0,84,84,0,42.0,0.0,130.385742,130.385742,0.0,0,0,0,0.0,,,0.388053,0.388053,0.0,REQ,,,,,0.0,0.0,0.0,0
469249,0.0,0.0,0.0,0.0,0.0,0.0,udp,0.0,,cs0,,63.0,,1.0,,Status,1,1,0,42,42,0,42.0,0.0,0.0,0.0,0.0,0,0,0,0.0,,,0.0,0.0,0.0,REQ,,,,,0.0,0.0,0.0,0
469250,0.0,0.0,0.0,0.0,0.0,0.0,udp,0.0,,cs0,,63.0,,1.0,,Status,1,1,0,42,42,0,42.0,0.0,0.0,0.0,0.0,0,0,0,0.0,,,0.0,0.0,0.0,REQ,,,,,0.0,0.0,0.0,0
469300,2.575048,2.575048,2.575048,2.575048,2.575048,2.575048,udp,0.0,,cs0,,63.0,,1.0,,Status,2,2,0,84,84,0,42.0,0.0,130.483002,130.483002,0.0,0,0,0,0.0,,,0.388342,0.388342,0.0,REQ,,,,,0.0,0.0,0.0,0
469336,0.0,0.0,0.0,0.0,0.0,0.0,udp,0.0,,cs0,,63.0,,1.0,,Status,1,1,0,42,42,0,42.0,0.0,0.0,0.0,0.0,0,0,0,0.0,,,0.0,0.0,0.0,REQ,,,,,0.0,0.0,0.0,0
469378,2.581037,2.581037,2.581037,2.581037,2.581037,2.581037,udp,0.0,,cs0,,63.0,,1.0,,Status,2,2,0,84,84,0,42.0,0.0,130.180237,130.180237,0.0,0,0,0,0.0,,,0.387441,0.387441,0.0,REQ,,,,,0.0,0.0,0.0,0
469382,2.581034,2.581034,2.581034,2.581034,2.581034,2.581034,udp,0.0,,cs0,,63.0,,1.0,,Status,2,2,0,84,84,0,42.0,0.0,130.180389,130.180389,0.0,0,0,0,0.0,,,0.387442,0.387442,0.0,REQ,,,,,0.0,0.0,0.0,0
469396,2.575152,2.575152,2.575152,2.575152,2.575152,2.575152,udp,0.0,,cs0,,63.0,,1.0,,Status,2,2,0,84,84,0,42.0,0.0,130.477737,130.477737,0.0,0,0,0,0.0,,,0.388327,0.388327,0.0,REQ,,,,,0.0,0.0,0.0,0
469408,2.576735,2.576735,2.576735,2.576735,2.576735,2.576735,udp,0.0,,cs0,,63.0,,1.0,,Status,2,2,0,84,84,0,42.0,0.0,130.397583,130.397583,0.0,0,0,0,0.0,,,0.388088,0.388088,0.0,REQ,,,,,0.0,0.0,0.0,0
469439,2.57947,2.57947,2.57947,2.57947,2.57947,2.57947,udp,0.0,,cs0,,63.0,,1.0,,Status,2,2,0,84,84,0,42.0,0.0,130.259323,130.259323,0.0,0,0,0,0.0,,,0.387677,0.387677,0.0,REQ,,,,,0.0,0.0,0.0,0
469449,2.576656,2.576656,2.576656,2.576656,2.576656,2.576656,udp,0.0,,cs0,,63.0,,1.0,,Status,2,2,0,84,84,0,42.0,0.0,130.401566,130.401566,0.0,0,0,0,0.0,,,0.3881,0.3881,0.0,REQ,,,,,0.0,0.0,0.0,0
469485,0.0,0.0,0.0,0.0,0.0,0.0,udp,0.0,,cs0,,63.0,,1.0,,Status,1,1,0,42,42,0,42.0,0.0,0.0,0.0,0.0,0,0,0,0.0,,,0.0,0.0,0.0,REQ,,,,,0.0,0.0,0.0,0
469533,0.0,0.0,0.0,0.0,0.0,0.0,udp,0.0,,cs0,,63.0,,1.0,,Status,1,1,0,42,42,0,42.0,0.0,0.0,0.0,0.0,0,0,0,0.0,,,0.0,0.0,0.0,REQ,,,,,0.0,0.0,0.0,0
469583,2.580713,2.580713,2.580713,2.580713,2.580713,2.580713,udp,0.0,,cs0,,63.0,,1.0,,Status,2,2,0,84,84,0,42.0,0.0,130.196579,130.196579,0.0,0,0,0,0.0,,,0.38749,0.38749,0.0,REQ,,,,,0.0,0.0,0.0,0
469588,0.0,0.0,0.0,0.0,0.0,0.0,udp,0.0,,cs0,,63.0,,1.0,,Status,1,1,0,42,42,0,42.0,0.0,0.0,0.0,0.0,0,0,0,0.0,,,0.0,0.0,0.0,REQ,,,,,0.0,0.0,0.0,0
469613,2.58428,2.58428,2.58428,2.58428,2.58428,2.58428,udp,0.0,,cs0,,63.0,,1.0,,Status,2,2,0,84,84,0,42.0,0.0,130.016876,130.016876,0.0,0,0,0,0.0,,,0.386955,0.386955,0.0,REQ,,,,,0.0,0.0,0.0,0
469712,2.580106,2.580106,2.580106,2.580106,2.580106,2.580106,udp,0.0,,cs0,,63.0,,1.0,,Status,2,2,0,84,84,0,42.0,0.0,130.227203,130.227203,0.0,0,0,0,0.0,,,0.387581,0.387581,0.0,REQ,,,,,0.0,0.0,0.0,0
469748,2.579437,2.579437,2.579437,2.579437,2.579437,2.579437,udp,0.0,,cs0,,63.0,,1.0,,Status,2,2,0,84,84,0,42.0,0.0,130.260986,130.260986,0.0,0,0,0,0.0,,,0.387681,0.387681,0.0,REQ,,,,,0.0,0.0,0.0,0
469811,0.0,0.0,0.0,0.0,0.0,0.0,udp,0.0,,cs0,,63.0,,1.0,,Status,1,1,0,42,42,0,42.0,0.0,0.0,0.0,0.0,0,0,0,0.0,,,0.0,0.0,0.0,REQ,,,,,0.0,0.0,0.0,0
469856,2.574657,2.574657,2.574657,2.574657,2.574657,2.574657,udp,0.0,,cs0,,63.0,,1.0,,Status,2,2,0,84,84,0,42.0,0.0,130.502823,130.502823,0.0,0,0,0,0.0,,,0.388401,0.388401,0.0,REQ,,,,,0.0,0.0,0.0,0
469885,2.57992,2.57992,2.57992,2.57992,2.57992,2.57992,udp,0.0,,cs0,,63.0,,1.0,,Status,2,2,0,84,84,0,42.0,0.0,130.236588,130.236588,0.0,0,0,0,0.0,,,0.387609,0.387609,0.0,REQ,,,,,0.0,0.0,0.0,0
469937,2.573272,2.573272,2.573272,2.573272,2.573272,2.573272,udp,0.0,,cs0,,63.0,,1.0,,Status,2,2,0,84,84,0,42.0,0.0,130.573059,130.573059,0.0,0,0,0,0.0,,,0.38861,0.38861,0.0,REQ,,,,,0.0,0.0,0.0,0
469993,0.0,0.0,0.0,0.0,0.0,0.0,udp,0.0,,cs0,,63.0,,1.0,,Status,1,1,0,42,42,0,42.0,0.0,0.0,0.0,0.0,0,0,0,0.0,,,0.0,0.0,0.0,REQ,,,,,0.0,0.0,0.0,0
469996,0.0,0.0,0.0,0.0,0.0,0.0,udp,0.0,,cs0,,63.0,,1.0,,Start,1,1,0,42,42,0,42.0,0.0,0.0,0.0,0.0,0,0,0,0.0,,,0.0,0.0,0.0,INT,,,,,0.0,0.0,0.0,0
470081,2.573081,2.573081,2.573081,2.573081,2.573081,2.573081,udp,0.0,,cs0,,63.0,,1.0,,Status,2,2,0,84,84,0,42.0,0.0,130.582748,130.582748,0.0,0,0,0,0.0,,,0.388639,0.388639,0.0,REQ,,,,,0.0,0.0,0.0,0
470098,0.0,0.0,0.0,0.0,0.0,0.0,udp,0.0,,cs0,,63.0,,1.0,,Status,1,1,0,42,42,0,42.0,0.0,0.0,0.0,0.0,0,0,0,0.0,,,0.0,0.0,0.0,REQ,,,,,0.0,0.0,0.0,0
470105,2.576546,2.576546,2.576546,2.576546,2.576546,2.576546,udp,0.0,,cs0,,63.0,,1.0,,Status,2,2,0,84,84,0,42.0,0.0,130.40715,130.40715,0.0,0,0,0,0.0,,,0.388117,0.388117,0.0,REQ,,,,,0.0,0.0,0.0,0
470154,0.0,0.0,0.0,0.0,0.0,0.0,udp,0.0,,cs0,,63.0,,1.0,,Status,1,1,0,42,42,0,42.0,0.0,0.0,0.0,0.0,0,0,0,0.0,,,0.0,0.0,0.0,REQ,,,,,0.0,0.0,0.0,0
470190,0.0,0.0,0.0,0.0,0.0,0.0,udp,0.0,,cs0,,63.0,,1.0,,Status,1,1,0,42,42,0,42.0,0.0,0.0,0.0,0.0,0,0,0,0.0,,,0.0,0.0,0.0,REQ,,,,,0.0,0.0,0.0,0
470272,2.574335,2.574335,2.574335,2.574335,2.574335,2.574335,udp,0.0,,cs0,,63.0,,1.0,,Status,2,2,0,84,84,0,42.0,0.0,130.519135,130.519135,0.0,0,0,0,0.0,,,0.38845,0.38845,0.0,REQ,,,,,0.0,0.0,0.0,0
470299,0.0,0.0,0.0,0.0,0.0,0.0,udp,0.0,,cs0,,63.0,,1.0,,Status,1,1,0,42,42,0,42.0,0.0,0.0,0.0,0.0,0,0,0,0.0,,,0.0,0.0,0.0,REQ,,,,,0.0,0.0,0.0,0
470325,2.56911,2.56911,2.56911,2.56911,2.56911,2.56911,udp,0.0,,cs0,,63.0,,1.0,,Status,2,2,0,84,84,0,42.0,0.0,130.784592,130.784592,0.0,0,0,0,0.0,,,0.38924,0.38924,0.0,REQ,,,,,0.0,0.0,0.0,0
470341,2.570973,2.570973,2.570973,2.570973,2.570973,2.570973,udp,0.0,,cs0,,63.0,,1.0,,Status,2,2,0,84,84,0,42.0,0.0,130.689819,130.689819,0.0,0,0,0,0.0,,,0.388958,0.388958,0.0,REQ,,,,,0.0,0.0,0.0,0
470346,2.570976,2.570976,2.570976,2.570976,2.570976,2.570976,udp,0.0,,cs0,,63.0,,1.0,,Status,2,2,0,84,84,0,42.0,0.0,130.689667,130.689667,0.0,0,0,0,0.0,,,0.388957,0.388957,0.0,REQ,,,,,0.0,0.0,0.0,0
470473,2.57692,2.57692,2.57692,2.57692,2.57692,2.57692,udp,0.0,,cs0,,63.0,,1.0,,Status,2,2,0,84,84,0,42.0,0.0,130.388214,130.388214,0.0,0,0,0,0.0,,,0.38806,0.38806,0.0,REQ,,,,,0.0,0.0,0.0,0
470496,0.0,0.0,0.0,0.0,0.0,0.0,udp,0.0,,cs0,,63.0,,1.0,,Status,1,1,0,42,42,0,42.0,0.0,0.0,0.0,0.0,0,0,0,0.0,,,0.0,0.0,0.0,REQ,,,,,0.0,0.0,0.0,0
470513,0.0,0.0,0.0,0.0,0.0,0.0,udp,0.0,,cs0,,63.0,,1.0,,Status,1,1,0,42,42,0,42.0,0.0,0.0,0.0,0.0,0,0,0,0.0,,,0.0,0.0,0.0,REQ,,,,,0.0,0.0,0.0,0
470620,2.581194,2.581194,2.581194,2.581194,2.581194,2.581194,udp,0.0,,cs0,,63.0,,1.0,,Status,2,2,0,84,84,0,42.0,0.0,130.172318,130.172318,0.0,0,0,0,0.0,,,0.387418,0.387418,0.0,REQ,,,,,0.0,0.0,0.0,0
470653,0.0,0.0,0.0,0.0,0.0,0.0,udp,0.0,,cs0,,63.0,,1.0,,Status,1,1,0,42,42,0,42.0,0.0,0.0,0.0,0.0,0,0,0,0.0,,,0.0,0.0,0.0,REQ,,,,,0.0,0.0,0.0,0
470654,0.0,0.0,0.0,0.0,0.0,0.0,udp,0.0,,cs0,,63.0,,1.0,,Status,1,1,0,42,42,0,42.0,0.0,0.0,0.0,0.0,0,0,0,0.0,,,0.0,0.0,0.0,REQ,,,,,0.0,0.0,0.0,0
470713,0.0,0.0,0.0,0.0,0.0,0.0,udp,0.0,,cs0,,63.0,,1.0,,Status,1,1,0,42,42,0,42.0,0.0,0.0,0.0,0.0,0,0,0,0.0,,,0.0,0.0,0.0,REQ,,,,,0.0,0.0,0.0,0
470738,2.577124,2.577124,2.577124,2.577124,2.577124,2.577124,udp,0.0,,cs0,,63.0,,1.0,,Status,2,2,0,84,84,0,42.0,0.0,130.377884,130.377884,0.0,0,0,0,0.0,,,0.388029,0.388029,0.0,REQ,,,,,0.0,0.0,0.0,0
470857,2.576248,2.576248,2.576248,2.576248,2.576248,2.576248,udp,0.0,,cs0,,63.0,,1.0,,Status,2,2,0,84,84,0,42.0,0.0,130.422226,130.422226,0.0,0,0,0,0.0,,,0.388161,0.388161,0.0,REQ,,,,,0.0,0.0,0.0,0
470873,2.57628,2.57628,2.57628,2.57628,2.57628,2.57628,udp,0.0,,cs0,,63.0,,1.0,,Status,2,2,0,84,84,0,42.0,0.0,130.420593,130.420593,0.0,0,0,0,0.0,,,0.388157,0.388157,0.0,REQ,,,,,0.0,0.0,0.0,0
470918,2.576936,2.576936,2.576936,2.576936,2.576936,2.576936,udp,0.0,,cs0,,63.0,,1.0,,Status,2,2,0,84,84,0,42.0,0.0,130.387405,130.387405,0.0,0,0,0,0.0,,,0.388058,0.388058,0.0,REQ,,,,,0.0,0.0,0.0,0
470922,2.576937,2.576937,2.576937,2.576937,2.576937,2.576937,udp,0.0,,cs0,,63.0,,1.0,,Status,2,2,0,84,84,0,42.0,0.0,130.38736,130.38736,0.0,0,0,0,0.0,,,0.388058,0.388058,0.0,REQ,,,,,0.0,0.0,0.0,0
470950,2.578644,2.578644,2.578644,2.578644,2.578644,2.578644,udp,0.0,,cs0,,63.0,,1.0,,Status,2,2,0,84,84,0,42.0,0.0,130.301041,130.301041,0.0,0,0,0,0.0,,,0.387801,0.387801,0.0,REQ,,,,,0.0,0.0,0.0,0
470960,0.0,0.0,0.0,0.0,0.0,0.0,udp,0.0,,cs0,,63.0,,1.0,,Status,1,1,0,42,42,0,42.0,0.0,0.0,0.0,0.0,0,0,0,0.0,,,0.0,0.0,0.0,REQ,,,,,0.0,0.0,0.0,0
470995,0.0,0.0,0.0,0.0,0.0,0.0,udp,0.0,,cs0,,63.0,,1.0,,Status,1,1,0,42,42,0,42.0,0.0,0.0,0.0,0.0,0,0,0,0.0,,,0.0,0.0,0.0,REQ,,,,,0.0,0.0,0.0,0
471020,0.0,0.0,0.0,0.0,0.0,0.0,udp,0.0,,cs0,,63.0,,1.0,,Status,1,1,0,42,42,0,42.0,0.0,0.0,0.0,0.0,0,0,0,0.0,,,0.0,0.0,0.0,REQ,,,,,0.0,0.0,0.0,0
471030,0.0,0.0,0.0,0.0,0.0,0.0,udp,0.0,,cs0,,63.0,,1.0,,Status,1,1,0,42,42,0,42.0,0.0,0.0,0.0,0.0,0,0,0,0.0,,,0.0,0.0,0.0,REQ,,,,,0.0,0.0,0.0,0
471034,2.577682,2.577682,2.577682,2.577682,2.577682,2.577682,udp,0.0,,cs0,,63.0,,1.0,,Status,2,2,0,84,84,0,42.0,0.0,130.34967,130.34967,0.0,0,0,0,0.0,,,0.387945,0.387945,0.0,REQ,,,,,0.0,0.0,0.0,0
471058,2.57769,2.57769,2.57769,2.57769,2.57769,2.57769,udp,0.0,,cs0,,63.0,,1.0,,Status,2,2,0,84,84,0,42.0,0.0,130.349274,130.349274,0.0,0,0,0,0.0,,,0.387944,0.387944,0.0,REQ,,,,,0.0,0.0,0.0,0
471081,2.57764,2.57764,2.57764,2.57764,2.57764,2.57764,udp,0.0,,cs0,,63.0,,1.0,,Status,2,2,0,84,84,0,42.0,0.0,130.351791,130.351791,0.0,0,0,0,0.0,,,0.387952,0.387952,0.0,REQ,,,,,0.0,0.0,0.0,0
471102,0.0,0.0,0.0,0.0,0.0,0.0,udp,0.0,,cs0,,63.0,,1.0,,Status,1,1,0,42,42,0,42.0,0.0,0.0,0.0,0.0,0,0,0,0.0,,,0.0,0.0,0.0,REQ,,,,,0.0,0.0,0.0,0
471117,2.578935,2.578935,2.578935,2.578935,2.578935,2.578935,udp,0.0,,cs0,,63.0,,1.0,,Status,2,2,0,84,84,0,42.0,0.0,130.286346,130.286346,0.0,0,0,0,0.0,,,0.387757,0.387757,0.0,REQ,,,,,0.0,0.0,0.0,0
471139,0.0,0.0,0.0,0.0,0.0,0.0,udp,0.0,,cs0,,63.0,,1.0,,Status,1,1,0,42,42,0,42.0,0.0,0.0,0.0,0.0,0,0,0,0.0,,,0.0,0.0,0.0,REQ,,,,,0.0,0.0,0.0,0
471146,2.577049,2.577049,2.577049,2.577049,2.577049,2.577049,udp,0.0,,cs0,,63.0,,1.0,,Status,2,2,0,84,84,0,42.0,0.0,130.381683,130.381683,0.0,0,0,0,0.0,,,0.388041,0.388041,0.0,REQ,,,,,0.0,0.0,0.0,0
471155,2.576997,2.576997,2.576997,2.576997,2.576997,2.576997,udp,0.0,,cs0,,63.0,,1.0,,Status,2,2,0,84,84,0,42.0,0.0,130.384323,130.384323,0.0,0,0,0,0.0,,,0.388049,0.388049,0.0,REQ,,,,,0.0,0.0,0.0,0
471169,0.0,0.0,0.0,0.0,0.0,0.0,udp,0.0,,cs0,,63.0,,1.0,,Status,1,1,0,42,42,0,42.0,0.0,0.0,0.0,0.0,0,0,0,0.0,,,0.0,0.0,0.0,REQ,,,,,0.0,0.0,0.0,0
471204,0.0,0.0,0.0,0.0,0.0,0.0,udp,0.0,,cs0,,63.0,,1.0,,Status,1,1,0,42,42,0,42.0,0.0,0.0,0.0,0.0,0,0,0,0.0,,,0.0,0.0,0.0,REQ,,,,,0.0,0.0,0.0,0
471279,2.579121,2.579121,2.579121,2.579121,2.579121,2.579121,udp,0.0,,cs0,,63.0,,1.0,,Status,2,2,0,84,84,0,42.0,0.0,130.276932,130.276932,0.0,0,0,0,0.0,,,0.387729,0.387729,0.0,REQ,,,,,0.0,0.0,0.0,0
471338,2.57777,2.57777,2.57777,2.57777,2.57777,2.57777,udp,0.0,,cs0,,63.0,,1.0,,Status,2,2,0,84,84,0,42.0,0.0,130.345215,130.345215,0.0,0,0,0,0.0,,,0.387932,0.387932,0.0,REQ,,,,,0.0,0.0,0.0,0
471369,2.575823,2.575823,2.575823,2.575823,2.575823,2.575823,udp,0.0,,cs0,,63.0,,1.0,,Status,2,2,0,84,84,0,42.0,0.0,130.443741,130.443741,0.0,0,0,0,0.0,,,0.388225,0.388225,0.0,REQ,,,,,0.0,0.0,0.0,0
471373,2.575862,2.575862,2.575862,2.575862,2.575862,2.575862,udp,0.0,,cs0,,63.0,,1.0,,Status,2,2,0,84,84,0,42.0,0.0,130.441772,130.441772,0.0,0,0,0,0.0,,,0.38822,0.38822,0.0,REQ,,,,,0.0,0.0,0.0,0
471390,2.575815,2.575815,2.575815,2.575815,2.575815,2.575815,udp,0.0,,cs0,,63.0,,1.0,,Status,2,2,0,84,84,0,42.0,0.0,130.444153,130.444153,0.0,0,0,0,0.0,,,0.388227,0.388227,0.0,REQ,,,,,0.0,0.0,0.0,0
471441,0.0,0.0,0.0,0.0,0.0,0.0,udp,0.0,,cs0,,63.0,,1.0,,Status,1,1,0,42,42,0,42.0,0.0,0.0,0.0,0.0,0,0,0,0.0,,,0.0,0.0,0.0,REQ,,,,,0.0,0.0,0.0,0
471495,2.575904,2.575904,2.575904,2.575904,2.575904,2.575904,udp,0.0,,cs0,,63.0,,1.0,,Status,2,2,0,84,84,0,42.0,0.0,130.439651,130.439651,0.0,0,0,0,0.0,,,0.388213,0.388213,0.0,REQ,,,,,0.0,0.0,0.0,0
471517,0.0,0.0,0.0,0.0,0.0,0.0,udp,0.0,,cs0,,63.0,,1.0,,Status,1,1,0,42,42,0,42.0,0.0,0.0,0.0,0.0,0,0,0,0.0,,,0.0,0.0,0.0,REQ,,,,,0.0,0.0,0.0,0
471585,2.578209,2.578209,2.578209,2.578209,2.578209,2.578209,udp,0.0,,cs0,,63.0,,1.0,,Status,2,2,0,84,84,0,42.0,0.0,130.323029,130.323029,0.0,0,0,0,0.0,,,0.387866,0.387866,0.0,REQ,,,,,0.0,0.0,0.0,0
471606,2.575102,2.575102,2.575102,2.575102,2.575102,2.575102,udp,0.0,,cs0,,63.0,,1.0,,Status,2,2,0,84,84,0,42.0,0.0,130.48027,130.48027,0.0,0,0,0,0.0,,,0.388334,0.388334,0.0,REQ,,,,,0.0,0.0,0.0,0
471638,0.0,0.0,0.0,0.0,0.0,0.0,udp,0.0,,cs0,,63.0,,1.0,,Status,1,1,0,42,42,0,42.0,0.0,0.0,0.0,0.0,0,0,0,0.0,,,0.0,0.0,0.0,REQ,,,,,0.0,0.0,0.0,0
471674,0.0,0.0,0.0,0.0,0.0,0.0,udp,0.0,,cs0,,63.0,,1.0,,Status,1,1,0,42,42,0,42.0,0.0,0.0,0.0,0.0,0,0,0,0.0,,,0.0,0.0,0.0,REQ,,,,,0.0,0.0,0.0,0
471710,0.0,0.0,0.0,0.0,0.0,0.0,udp,0.0,,cs0,,63.0,,1.0,,Status,1,1,0,42,42,0,42.0,0.0,0.0,0.0,0.0,0,0,0,0.0,,,0.0,0.0,0.0,REQ,,,,,0.0,0.0,0.0,0
471712,0.0,0.0,0.0,0.0,0.0,0.0,udp,0.0,,cs0,,63.0,,1.0,,Status,1,1,0,42,42,0,42.0,0.0,0.0,0.0,0.0,0,0,0,0.0,,,0.0,0.0,0.0,REQ,,,,,0.0,0.0,0.0,0
471783,2.577838,2.577838,2.577838,2.577838,2.577838,2.577838,udp,0.0,,cs0,,63.0,,1.0,,Status,2,2,0,84,84,0,42.0,0.0,130.341782,130.341782,0.0,0,0,0,0.0,,,0.387922,0.387922,0.0,REQ,,,,,0.0,0.0,0.0,0
471796,0.0,0.0,0.0,0.0,0.0,0.0,udp,0.0,,cs0,,63.0,,1.0,,Status,1,1,0,42,42,0,42.0,0.0,0.0,0.0,0.0,0,0,0,0.0,,,0.0,0.0,0.0,REQ,,,,,0.0,0.0,0.0,0
471816,0.0,0.0,0.0,0.0,0.0,0.0,udp,0.0,,cs0,,63.0,,1.0,,Status,1,1,0,42,42,0,42.0,0.0,0.0,0.0,0.0,0,0,0,0.0,,,0.0,0.0,0.0,REQ,,,,,0.0,0.0,0.0,0
471952,0.0,0.0,0.0,0.0,0.0,0.0,udp,0.0,,cs0,,63.0,,1.0,,Status,1,1,0,42,42,0,42.0,0.0,0.0,0.0,0.0,0,0,0,0.0,,,0.0,0.0,0.0,REQ,,,,,0.0,0.0,0.0,0
471972,0.0,0.0,0.0,0.0,0.0,0.0,udp,0.0,,cs0,,63.0,,1.0,,Status,1,1,0,42,42,0,42.0,0.0,0.0,0.0,0.0,0,0,0,0.0,,,0.0,0.0,0.0,REQ,,,,,0.0,0.0,0.0,0
471995,2.576694,2.576694,2.576694,2.576694,2.576694,2.576694,udp,0.0,,cs0,,63.0,,1.0,,Status,2,2,0,84,84,0,42.0,0.0,130.399658,130.399658,0.0,0,0,0,0.0,,,0.388094,0.388094,0.0,REQ,,,,,0.0,0.0,0.0,0
472014,0.0,0.0,0.0,0.0,0.0,0.0,udp,0.0,,cs0,,63.0,,1.0,,Status,1,1,0,42,42,0,42.0,0.0,0.0,0.0,0.0,0,0,0,0.0,,,0.0,0.0,0.0,REQ,,,,,0.0,0.0,0.0,0
472048,2.581832,2.581832,2.581832,2.581832,2.581832,2.581832,udp,0.0,,cs0,,63.0,,1.0,,Status,2,2,0,84,84,0,42.0,0.0,130.140152,130.140152,0.0,0,0,0,0.0,,,0.387322,0.387322,0.0,REQ,,,,,0.0,0.0,0.0,0
472096,2.578876,2.578876,2.578876,2.578876,2.578876,2.578876,udp,0.0,,cs0,,63.0,,1.0,,Status,2,2,0,84,84,0,42.0,0.0,130.289322,130.289322,0.0,0,0,0,0.0,,,0.387766,0.387766,0.0,REQ,,,,,0.0,0.0,0.0,0
472100,0.0,0.0,0.0,0.0,0.0,0.0,udp,0.0,,cs0,,63.0,,1.0,,Status,1,1,0,42,42,0,42.0,0.0,0.0,0.0,0.0,0,0,0,0.0,,,0.0,0.0,0.0,REQ,,,,,0.0,0.0,0.0,0
472161,0.0,0.0,0.0,0.0,0.0,0.0,udp,0.0,,cs0,,63.0,,1.0,,Status,1,1,0,42,42,0,42.0,0.0,0.0,0.0,0.0,0,0,0,0.0,,,0.0,0.0,0.0,REQ,,,,,0.0,0.0,0.0,0
472187,0.0,0.0,0.0,0.0,0.0,0.0,udp,0.0,,cs0,,63.0,,1.0,,Status,1,1,0,42,42,0,42.0,0.0,0.0,0.0,0.0,0,0,0,0.0,,,0.0,0.0,0.0,REQ,,,,,0.0,0.0,0.0,0
472291,2.583668,2.583668,2.583668,2.583668,2.583668,2.583668,udp,0.0,,cs0,,63.0,,1.0,,Status,2,2,0,84,84,0,42.0,0.0,130.047668,130.047668,0.0,0,0,0,0.0,,,0.387047,0.387047,0.0,REQ,,,,,0.0,0.0,0.0,0
472347,2.578251,2.578251,2.578251,2.578251,2.578251,2.578251,udp,0.0,,cs0,,63.0,,1.0,,Status,2,2,0,84,84,0,42.0,0.0,130.320908,130.320908,0.0,0,0,0,0.0,,,0.38786,0.38786,0.0,REQ,,,,,0.0,0.0,0.0,0
472357,2.574536,2.574536,2.574536,2.574536,2.574536,2.574536,udp,0.0,,cs0,,63.0,,1.0,,Status,2,2,0,84,84,0,42.0,0.0,130.508957,130.508957,0.0,0,0,0,0.0,,,0.388419,0.388419,0.0,REQ,,,,,0.0,0.0,0.0,0
472377,0.0,0.0,0.0,0.0,0.0,0.0,udp,0.0,,cs0,,63.0,,1.0,,Status,1,1,0,42,42,0,42.0,0.0,0.0,0.0,0.0,0,0,0,0.0,,,0.0,0.0,0.0,REQ,,,,,0.0,0.0,0.0,0
472424,0.0,0.0,0.0,0.0,0.0,0.0,udp,0.0,,cs0,,63.0,,1.0,,Status,1,1,0,42,42,0,42.0,0.0,0.0,0.0,0.0,0,0,0,0.0,,,0.0,0.0,0.0,REQ,,,,,0.0,0.0,0.0,0
472432,2.573213,2.573213,2.573213,2.573213,2.573213,2.573213,udp,0.0,,cs0,,63.0,,1.0,,Status,2,2,0,84,84,0,42.0,0.0,130.57605,130.57605,0.0,0,0,0,0.0,,,0.388619,0.388619,0.0,REQ,,,,,0.0,0.0,0.0,0
472433,2.573213,2.573213,2.573213,2.573213,2.573213,2.573213,udp,0.0,,cs0,,63.0,,1.0,,Status,2,2,0,84,84,0,42.0,0.0,130.57605,130.57605,0.0,0,0,0,0.0,,,0.388619,0.388619,0.0,REQ,,,,,0.0,0.0,0.0,0
472438,2.573774,2.573774,2.573774,2.573774,2.573774,2.573774,udp,0.0,,cs0,,63.0,,1.0,,Status,2,2,0,84,84,0,42.0,0.0,130.547592,130.547592,0.0,0,0,0,0.0,,,0.388534,0.388534,0.0,REQ,,,,,0.0,0.0,0.0,0
472494,0.0,0.0,0.0,0.0,0.0,0.0,udp,0.0,,cs0,,63.0,,1.0,,Status,1,1,0,42,42,0,42.0,0.0,0.0,0.0,0.0,0,0,0,0.0,,,0.0,0.0,0.0,REQ,,,,,0.0,0.0,0.0,0
472504,2.576839,2.576839,2.576839,2.576839,2.576839,2.576839,udp,0.0,,cs0,,63.0,,1.0,,Status,2,2,0,84,84,0,42.0,0.0,130.392319,130.392319,0.0,0,0,0,0.0,,,0.388072,0.388072,0.0,REQ,,,,,0.0,0.0,0.0,0
472537,0.0,0.0,0.0,0.0,0.0,0.0,udp,0.0,,cs0,,63.0,,1.0,,Status,1,1,0,42,42,0,42.0,0.0,0.0,0.0,0.0,0,0,0,0.0,,,0.0,0.0,0.0,REQ,,,,,0.0,0.0,0.0,0
472593,0.0,0.0,0.0,0.0,0.0,0.0,udp,0.0,,cs0,,63.0,,1.0,,Status,1,1,0,42,42,0,42.0,0.0,0.0,0.0,0.0,0,0,0,0.0,,,0.0,0.0,0.0,REQ,,,,,0.0,0.0,0.0,0
472595,0.0,0.0,0.0,0.0,0.0,0.0,udp,0.0,,cs0,,63.0,,1.0,,Status,1,1,0,42,42,0,42.0,0.0,0.0,0.0,0.0,0,0,0,0.0,,,0.0,0.0,0.0,REQ,,,,,0.0,0.0,0.0,0
472641,0.0,0.0,0.0,0.0,0.0,0.0,udp,0.0,,cs0,,63.0,,1.0,,Status,1,1,0,42,42,0,42.0,0.0,0.0,0.0,0.0,0,0,0,0.0,,,0.0,0.0,0.0,REQ,,,,,0.0,0.0,0.0,0
472659,2.569243,2.569243,2.569243,2.569243,2.569243,2.569243,udp,0.0,,cs0,,63.0,,1.0,,Status,2,2,0,84,84,0,42.0,0.0,130.777817,130.777817,0.0,0,0,0,0.0,,,0.38922,0.38922,0.0,REQ,,,,,0.0,0.0,0.0,0
472666,2.569676,2.569676,2.569676,2.569676,2.569676,2.569676,udp,0.0,,cs0,,63.0,,1.0,,Status,2,2,0,84,84,0,42.0,0.0,130.755783,130.755783,0.0,0,0,0,0.0,,,0.389154,0.389154,0.0,REQ,,,,,0.0,0.0,0.0,0
472677,2.57181,2.57181,2.57181,2.57181,2.57181,2.57181,udp,0.0,,cs0,,63.0,,1.0,,Status,2,2,0,84,84,0,42.0,0.0,130.647293,130.647293,0.0,0,0,0,0.0,,,0.388831,0.388831,0.0,REQ,,,,,0.0,0.0,0.0,0
472712,0.0,0.0,0.0,0.0,0.0,0.0,udp,0.0,,cs0,,63.0,,1.0,,Status,1,1,0,42,42,0,42.0,0.0,0.0,0.0,0.0,0,0,0,0.0,,,0.0,0.0,0.0,REQ,,,,,0.0,0.0,0.0,0
472771,2.579143,2.579143,2.579143,2.579143,2.579143,2.579143,udp,0.0,,cs0,,63.0,,1.0,,Status,2,2,0,84,84,0,42.0,0.0,130.275833,130.275833,0.0,0,0,0,0.0,,,0.387726,0.387726,0.0,REQ,,,,,0.0,0.0,0.0,0
472786,2.579193,2.579193,2.579193,2.579193,2.579193,2.579193,udp,0.0,,cs0,,63.0,,1.0,,Status,2,2,0,84,84,0,42.0,0.0,130.2733,130.2733,0.0,0,0,0,0.0,,,0.387718,0.387718,0.0,REQ,,,,,0.0,0.0,0.0,0
472828,0.0,0.0,0.0,0.0,0.0,0.0,udp,0.0,,cs0,,63.0,,1.0,,Status,1,1,0,42,42,0,42.0,0.0,0.0,0.0,0.0,0,0,0,0.0,,,0.0,0.0,0.0,REQ,,,,,0.0,0.0,0.0,0
472832,2.577457,2.577457,2.577457,2.577457,2.577457,2.577457,udp,0.0,,cs0,,63.0,,1.0,,Status,2,2,0,84,84,0,42.0,0.0,130.361053,130.361053,0.0,0,0,0,0.0,,,0.387979,0.387979,0.0,REQ,,,,,0.0,0.0,0.0,0
472837,2.575183,2.575183,2.575183,2.575183,2.575183,2.575183,udp,0.0,,cs0,,63.0,,1.0,,Status,2,2,0,84,84,0,42.0,0.0,130.476166,130.476166,0.0,0,0,0,0.0,,,0.388322,0.388322,0.0,REQ,,,,,0.0,0.0,0.0,0
472914,2.57514,2.57514,2.57514,2.57514,2.57514,2.57514,udp,0.0,,cs0,,63.0,,1.0,,Status,2,2,0,84,84,0,42.0,0.0,130.478348,130.478348,0.0,0,0,0,0.0,,,0.388328,0.388328,0.0,REQ,,,,,0.0,0.0,0.0,0
472932,2.575092,2.575092,2.575092,2.575092,2.575092,2.575092,udp,0.0,,cs0,,63.0,,1.0,,Status,2,2,0,84,84,0,42.0,0.0,130.480774,130.480774,0.0,0,0,0,0.0,,,0.388336,0.388336,0.0,REQ,,,,,0.0,0.0,0.0,0
472941,2.57508,2.57508,2.57508,2.57508,2.57508,2.57508,udp,0.0,,cs0,,63.0,,1.0,,Status,2,2,0,84,84,0,42.0,0.0,130.481384,130.481384,0.0,0,0,0,0.0,,,0.388337,0.388337,0.0,REQ,,,,,0.0,0.0,0.0,0
473023,2.57891,2.57891,2.57891,2.57891,2.57891,2.57891,udp,0.0,,cs0,,63.0,,1.0,,Status,2,2,0,84,84,0,42.0,0.0,130.287598,130.287598,0.0,0,0,0,0.0,,,0.387761,0.387761,0.0,REQ,,,,,0.0,0.0,0.0,0
473029,0.0,0.0,0.0,0.0,0.0,0.0,udp,0.0,,cs0,,63.0,,1.0,,Status,1,1,0,42,42,0,42.0,0.0,0.0,0.0,0.0,0,0,0,0.0,,,0.0,0.0,0.0,REQ,,,,,0.0,0.0,0.0,0
473050,0.0,0.0,0.0,0.0,0.0,0.0,udp,0.0,,cs0,,63.0,,1.0,,Status,1,1,0,42,42,0,42.0,0.0,0.0,0.0,0.0,0,0,0,0.0,,,0.0,0.0,0.0,REQ,,,,,0.0,0.0,0.0,0
473144,0.0,0.0,0.0,0.0,0.0,0.0,udp,0.0,,cs0,,63.0,,1.0,,Status,1,1,0,42,42,0,42.0,0.0,0.0,0.0,0.0,0,0,0,0.0,,,0.0,0.0,0.0,REQ,,,,,0.0,0.0,0.0,0
473170,0.0,0.0,0.0,0.0,0.0,0.0,udp,0.0,,cs0,,63.0,,1.0,,Status,1,1,0,42,42,0,42.0,0.0,0.0,0.0,0.0,0,0,0,0.0,,,0.0,0.0,0.0,REQ,,,,,0.0,0.0,0.0,0
473210,2.577628,2.577628,2.577628,2.577628,2.577628,2.577628,udp,0.0,,cs0,,63.0,,1.0,,Status,2,2,0,84,84,0,42.0,0.0,130.352402,130.352402,0.0,0,0,0,0.0,,,0.387954,0.387954,0.0,REQ,,,,,0.0,0.0,0.0,0
473213,2.577863,2.577863,2.577863,2.577863,2.577863,2.577863,udp,0.0,,cs0,,63.0,,1.0,,Status,2,2,0,84,84,0,42.0,0.0,130.340515,130.340515,0.0,0,0,0,0.0,,,0.387918,0.387918,0.0,REQ,,,,,0.0,0.0,0.0,0
473252,0.0,0.0,0.0,0.0,0.0,0.0,udp,0.0,,cs0,,63.0,,1.0,,Status,1,1,0,42,42,0,42.0,0.0,0.0,0.0,0.0,0,0,0,0.0,,,0.0,0.0,0.0,REQ,,,,,0.0,0.0,0.0,0
473321,2.575042,2.575042,2.575042,2.575042,2.575042,2.575042,udp,0.0,,cs0,,63.0,,1.0,,Status,2,2,0,84,84,0,42.0,0.0,130.483307,130.483307,0.0,0,0,0,0.0,,,0.388343,0.388343,0.0,REQ,,,,,0.0,0.0,0.0,0
473338,0.0,0.0,0.0,0.0,0.0,0.0,udp,0.0,,cs0,,63.0,,1.0,,Status,1,1,0,42,42,0,42.0,0.0,0.0,0.0,0.0,0,0,0,0.0,,,0.0,0.0,0.0,REQ,,,,,0.0,0.0,0.0,0
473384,2.578733,2.578733,2.578733,2.578733,2.578733,2.578733,udp,0.0,,cs0,,63.0,,1.0,,Status,2,2,0,84,84,0,42.0,0.0,130.296539,130.296539,0.0,0,0,0,0.0,,,0.387787,0.387787,0.0,REQ,,,,,0.0,0.0,0.0,0
473386,2.57874,2.57874,2.57874,2.57874,2.57874,2.57874,udp,0.0,,cs0,,63.0,,1.0,,Status,2,2,0,84,84,0,42.0,0.0,130.296204,130.296204,0.0,0,0,0,0.0,,,0.387786,0.387786,0.0,REQ,,,,,0.0,0.0,0.0,0
473403,2.575491,2.575491,2.575491,2.575491,2.575491,2.575491,udp,0.0,,cs0,,63.0,,1.0,,Status,2,2,0,84,84,0,42.0,0.0,130.460556,130.460556,0.0,0,0,0,0.0,,,0.388275,0.388275,0.0,REQ,,,,,0.0,0.0,0.0,0
473430,2.578784,2.578784,2.578784,2.578784,2.578784,2.578784,udp,0.0,,cs0,,63.0,,1.0,,Status,2,2,0,84,84,0,42.0,0.0,130.293976,130.293976,0.0,0,0,0,0.0,,,0.38778,0.38778,0.0,REQ,,,,,0.0,0.0,0.0,0
473485,2.578208,2.578208,2.578208,2.578208,2.578208,2.578208,udp,0.0,,cs0,,63.0,,1.0,,Status,2,2,0,84,84,0,42.0,0.0,130.323074,130.323074,0.0,0,0,0,0.0,,,0.387866,0.387866,0.0,REQ,,,,,0.0,0.0,0.0,0
473509,0.0,0.0,0.0,0.0,0.0,0.0,udp,0.0,,cs0,,63.0,,1.0,,Status,1,1,0,42,42,0,42.0,0.0,0.0,0.0,0.0,0,0,0,0.0,,,0.0,0.0,0.0,REQ,,,,,0.0,0.0,0.0,0
473554,0.0,0.0,0.0,0.0,0.0,0.0,udp,0.0,,cs0,,63.0,,1.0,,Status,1,1,0,42,42,0,42.0,0.0,0.0,0.0,0.0,0,0,0,0.0,,,0.0,0.0,0.0,REQ,,,,,0.0,0.0,0.0,0
473572,2.582899,2.582899,2.582899,2.582899,2.582899,2.582899,udp,0.0,,cs0,,63.0,,1.0,,Status,2,2,0,84,84,0,42.0,0.0,130.08638,130.08638,0.0,0,0,0,0.0,,,0.387162,0.387162,0.0,REQ,,,,,0.0,0.0,0.0,0
473612,2.575309,2.575309,2.575309,2.575309,2.575309,2.575309,udp,0.0,,cs0,,63.0,,1.0,,Status,2,2,0,84,84,0,42.0,0.0,130.469772,130.469772,0.0,0,0,0,0.0,,,0.388303,0.388303,0.0,REQ,,,,,0.0,0.0,0.0,0
473620,0.0,0.0,0.0,0.0,0.0,0.0,udp,0.0,,cs0,,63.0,,1.0,,Status,1,1,0,42,42,0,42.0,0.0,0.0,0.0,0.0,0,0,0,0.0,,,0.0,0.0,0.0,REQ,,,,,0.0,0.0,0.0,0
473635,0.0,0.0,0.0,0.0,0.0,0.0,udp,0.0,,cs0,,63.0,,1.0,,Status,1,1,0,42,42,0,42.0,0.0,0.0,0.0,0.0,0,0,0,0.0,,,0.0,0.0,0.0,REQ,,,,,0.0,0.0,0.0,0
473640,0.0,0.0,0.0,0.0,0.0,0.0,udp,0.0,,cs0,,63.0,,1.0,,Status,1,1,0,42,42,0,42.0,0.0,0.0,0.0,0.0,0,0,0,0.0,,,0.0,0.0,0.0,REQ,,,,,0.0,0.0,0.0,0
473659,2.577452,2.577452,2.577452,2.577452,2.577452,2.577452,udp,0.0,,cs0,,63.0,,1.0,,Status,2,2,0,84,84,0,42.0,0.0,130.361313,130.361313,0.0,0,0,0,0.0,,,0.38798,0.38798,0.0,REQ,,,,,0.0,0.0,0.0,0
473722,2.580185,2.580185,2.580185,2.580185,2.580185,2.580185,udp,0.0,,cs0,,63.0,,1.0,,Status,2,2,0,84,84,0,42.0,0.0,130.223221,130.223221,0.0,0,0,0,0.0,,,0.387569,0.387569,0.0,REQ,,,,,0.0,0.0,0.0,0
473737,0.0,0.0,0.0,0.0,0.0,0.0,udp,0.0,,cs0,,63.0,,1.0,,Status,1,1,0,42,42,0,42.0,0.0,0.0,0.0,0.0,0,0,0,0.0,,,0.0,0.0,0.0,REQ,,,,,0.0,0.0,0.0,0
473791,2.586348,2.586348,2.586348,2.586348,2.586348,2.586348,udp,0.0,,cs0,,63.0,,1.0,,Status,2,2,0,84,84,0,42.0,0.0,129.912903,129.912903,0.0,0,0,0,0.0,,,0.386646,0.386646,0.0,REQ,,,,,0.0,0.0,0.0,0
473814,2.574274,2.574274,2.574274,2.574274,2.574274,2.574274,udp,0.0,,cs0,,63.0,,1.0,,Status,2,2,0,84,84,0,42.0,0.0,130.522232,130.522232,0.0,0,0,0,0.0,,,0.388459,0.388459,0.0,REQ,,,,,0.0,0.0,0.0,0
473819,0.0,0.0,0.0,0.0,0.0,0.0,udp,0.0,,cs0,,63.0,,1.0,,Status,1,1,0,42,42,0,42.0,0.0,0.0,0.0,0.0,0,0,0,0.0,,,0.0,0.0,0.0,REQ,,,,,0.0,0.0,0.0,0
473856,0.0,0.0,0.0,0.0,0.0,0.0,udp,0.0,,cs0,,63.0,,1.0,,Status,1,1,0,42,42,0,42.0,0.0,0.0,0.0,0.0,0,0,0,0.0,,,0.0,0.0,0.0,REQ,,,,,0.0,0.0,0.0,0
473877,0.0,0.0,0.0,0.0,0.0,0.0,udp,0.0,,cs0,,63.0,,1.0,,Status,1,1,0,42,42,0,42.0,0.0,0.0,0.0,0.0,0,0,0,0.0,,,0.0,0.0,0.0,REQ,,,,,0.0,0.0,0.0,0
473924,0.0,0.0,0.0,0.0,0.0,0.0,udp,0.0,,cs0,,63.0,,1.0,,Status,1,1,0,42,42,0,42.0,0.0,0.0,0.0,0.0,0,0,0,0.0,,,0.0,0.0,0.0,REQ,,,,,0.0,0.0,0.0,0
473967,2.571886,2.571886,2.571886,2.571886,2.571886,2.571886,udp,0.0,,cs0,,63.0,,1.0,,Status,2,2,0,84,84,0,42.0,0.0,130.643417,130.643417,0.0,0,0,0,0.0,,,0.38882,0.38882,0.0,REQ,,,,,0.0,0.0,0.0,0
474157,2.575097,2.575097,2.575097,2.575097,2.575097,2.575097,udp,0.0,,cs0,,63.0,,1.0,,Status,2,2,0,84,84,0,42.0,0.0,130.480515,130.480515,0.0,0,0,0,0.0,,,0.388335,0.388335,0.0,REQ,,,,,0.0,0.0,0.0,0
474212,0.0,0.0,0.0,0.0,0.0,0.0,udp,0.0,,cs0,,63.0,,1.0,,Status,1,1,0,42,42,0,42.0,0.0,0.0,0.0,0.0,0,0,0,0.0,,,0.0,0.0,0.0,REQ,,,,,0.0,0.0,0.0,0
474219,2.578054,2.578054,2.578054,2.578054,2.578054,2.578054,udp,0.0,,cs0,,63.0,,1.0,,Status,2,2,0,84,84,0,42.0,0.0,130.330872,130.330872,0.0,0,0,0,0.0,,,0.387889,0.387889,0.0,REQ,,,,,0.0,0.0,0.0,0
474252,2.578065,2.578065,2.578065,2.578065,2.578065,2.578065,udp,0.0,,cs0,,63.0,,1.0,,Status,2,2,0,84,84,0,42.0,0.0,130.330307,130.330307,0.0,0,0,0,0.0,,,0.387888,0.387888,0.0,REQ,,,,,0.0,0.0,0.0,0
474362,0.0,0.0,0.0,0.0,0.0,0.0,udp,0.0,,cs0,,63.0,,1.0,,Status,1,1,0,42,42,0,42.0,0.0,0.0,0.0,0.0,0,0,0,0.0,,,0.0,0.0,0.0,REQ,,,,,0.0,0.0,0.0,0
474391,0.0,0.0,0.0,0.0,0.0,0.0,udp,0.0,,cs0,,63.0,,1.0,,Status,1,1,0,42,42,0,42.0,0.0,0.0,0.0,0.0,0,0,0,0.0,,,0.0,0.0,0.0,REQ,,,,,0.0,0.0,0.0,0
474404,2.575055,2.575055,2.575055,2.575055,2.575055,2.575055,udp,0.0,,cs0,,63.0,,1.0,,Status,2,2,0,84,84,0,42.0,0.0,130.482651,130.482651,0.0,0,0,0,0.0,,,0.388341,0.388341,0.0,REQ,,,,,0.0,0.0,0.0,0
474484,2.579703,2.579703,2.579703,2.579703,2.579703,2.579703,udp,0.0,,cs0,,63.0,,1.0,,Status,2,2,0,84,84,0,42.0,0.0,130.247543,130.247543,0.0,0,0,0,0.0,,,0.387642,0.387642,0.0,REQ,,,,,0.0,0.0,0.0,0
474497,2.579707,2.579707,2.579707,2.579707,2.579707,2.579707,udp,0.0,,cs0,,63.0,,1.0,,Status,2,2,0,84,84,0,42.0,0.0,130.24736,130.24736,0.0,0,0,0,0.0,,,0.387641,0.387641,0.0,REQ,,,,,0.0,0.0,0.0,0
474554,2.578877,2.578877,2.578877,2.578877,2.578877,2.578877,udp,0.0,,cs0,,63.0,,1.0,,Status,2,2,0,84,84,0,42.0,0.0,130.289276,130.289276,0.0,0,0,0,0.0,,,0.387766,0.387766,0.0,REQ,,,,,0.0,0.0,0.0,0
474636,2.583537,2.583537,2.583537,2.583537,2.583537,2.583537,udp,0.0,,cs0,,63.0,,1.0,,Status,2,2,0,84,84,0,42.0,0.0,130.05426,130.05426,0.0,0,0,0,0.0,,,0.387066,0.387066,0.0,REQ,,,,,0.0,0.0,0.0,0
474641,2.583549,2.583549,2.583549,2.583549,2.583549,2.583549,udp,0.0,,cs0,,63.0,,1.0,,Status,2,2,0,84,84,0,42.0,0.0,130.053665,130.053665,0.0,0,0,0,0.0,,,0.387064,0.387064,0.0,REQ,,,,,0.0,0.0,0.0,0
474679,2.577123,2.577123,2.577123,2.577123,2.577123,2.577123,udp,0.0,,cs0,,63.0,,1.0,,Status,2,2,0,84,84,0,42.0,0.0,130.377945,130.377945,0.0,0,0,0,0.0,,,0.38803,0.38803,0.0,REQ,,,,,0.0,0.0,0.0,0
474710,0.0,0.0,0.0,0.0,0.0,0.0,udp,0.0,,cs0,,63.0,,1.0,,Status,1,1,0,42,42,0,42.0,0.0,0.0,0.0,0.0,0,0,0,0.0,,,0.0,0.0,0.0,REQ,,,,,0.0,0.0,0.0,0
474738,2.575947,2.575947,2.575947,2.575947,2.575947,2.575947,udp,0.0,,cs0,,63.0,,1.0,,Status,2,2,0,84,84,0,42.0,0.0,130.437469,130.437469,0.0,0,0,0,0.0,,,0.388207,0.388207,0.0,REQ,,,,,0.0,0.0,0.0,0
474770,2.574111,2.574111,2.574111,2.574111,2.574111,2.574111,udp,0.0,,cs0,,63.0,,1.0,,Status,2,2,0,84,84,0,42.0,0.0,130.530502,130.530502,0.0,0,0,0,0.0,,,0.388484,0.388484,0.0,REQ,,,,,0.0,0.0,0.0,0
474796,0.0,0.0,0.0,0.0,0.0,0.0,udp,0.0,,cs0,,63.0,,1.0,,Status,1,1,0,42,42,0,42.0,0.0,0.0,0.0,0.0,0,0,0,0.0,,,0.0,0.0,0.0,REQ,,,,,0.0,0.0,0.0,0
474856,2.575034,2.575034,2.575034,2.575034,2.575034,2.575034,udp,0.0,,cs0,,63.0,,1.0,,Status,2,2,0,84,84,0,42.0,0.0,130.483719,130.483719,0.0,0,0,0,0.0,,,0.388344,0.388344,0.0,REQ,,,,,0.0,0.0,0.0,0
474862,2.575208,2.575208,2.575208,2.575208,2.575208,2.575208,udp,0.0,,cs0,,63.0,,1.0,,Status,2,2,0,84,84,0,42.0,0.0,130.474899,130.474899,0.0,0,0,0,0.0,,,0.388318,0.388318,0.0,REQ,,,,,0.0,0.0,0.0,0
474885,2.572689,2.572689,2.572689,2.572689,2.572689,2.572689,udp,0.0,,cs0,,63.0,,1.0,,Status,2,2,0,84,84,0,42.0,0.0,130.602646,130.602646,0.0,0,0,0,0.0,,,0.388698,0.388698,0.0,REQ,,,,,0.0,0.0,0.0,0
474939,0.0,0.0,0.0,0.0,0.0,0.0,udp,0.0,,cs0,,63.0,,1.0,,Status,1,1,0,42,42,0,42.0,0.0,0.0,0.0,0.0,0,0,0,0.0,,,0.0,0.0,0.0,REQ,,,,,0.0,0.0,0.0,0
474950,0.0,0.0,0.0,0.0,0.0,0.0,udp,0.0,,cs0,,63.0,,1.0,,Status,1,1,0,42,42,0,42.0,0.0,0.0,0.0,0.0,0,0,0,0.0,,,0.0,0.0,0.0,REQ,,,,,0.0,0.0,0.0,0
474972,2.578291,2.578291,2.578291,2.578291,2.578291,2.578291,udp,0.0,,cs0,,63.0,,1.0,,Status,2,2,0,84,84,0,42.0,0.0,130.318878,130.318878,0.0,0,0,0,0.0,,,0.387854,0.387854,0.0,REQ,,,,,0.0,0.0,0.0,0
475054,2.577245,2.577245,2.577245,2.577245,2.577245,2.577245,udp,0.0,,cs0,,63.0,,1.0,,Status,2,2,0,84,84,0,42.0,0.0,130.37178,130.37178,0.0,0,0,0,0.0,,,0.388011,0.388011,0.0,REQ,,,,,0.0,0.0,0.0,0
475064,0.0,0.0,0.0,0.0,0.0,0.0,udp,0.0,,cs0,,63.0,,1.0,,Status,1,1,0,42,42,0,42.0,0.0,0.0,0.0,0.0,0,0,0,0.0,,,0.0,0.0,0.0,REQ,,,,,0.0,0.0,0.0,0
475071,0.0,0.0,0.0,0.0,0.0,0.0,udp,0.0,,cs0,,63.0,,1.0,,Status,1,1,0,42,42,0,42.0,0.0,0.0,0.0,0.0,0,0,0,0.0,,,0.0,0.0,0.0,REQ,,,,,0.0,0.0,0.0,0
475089,2.570963,2.570963,2.570963,2.570963,2.570963,2.570963,udp,0.0,,cs0,,63.0,,1.0,,Status,2,2,0,84,84,0,42.0,0.0,130.690338,130.690338,0.0,0,0,0,0.0,,,0.388959,0.388959,0.0,REQ,,,,,0.0,0.0,0.0,0
475098,2.573722,2.573722,2.573722,2.573722,2.573722,2.573722,udp,0.0,,cs0,,63.0,,1.0,,Status,2,2,0,84,84,0,42.0,0.0,130.550232,130.550232,0.0,0,0,0,0.0,,,0.388542,0.388542,0.0,REQ,,,,,0.0,0.0,0.0,0
475100,0.0,0.0,0.0,0.0,0.0,0.0,udp,0.0,,cs0,,63.0,,1.0,,Status,1,1,0,42,42,0,42.0,0.0,0.0,0.0,0.0,0,0,0,0.0,,,0.0,0.0,0.0,REQ,,,,,0.0,0.0,0.0,0
475122,2.576681,2.576681,2.576681,2.576681,2.576681,2.576681,udp,0.0,,cs0,,63.0,,1.0,,Status,2,2,0,84,84,0,42.0,0.0,130.400314,130.400314,0.0,0,0,0,0.0,,,0.388096,0.388096,0.0,REQ,,,,,0.0,0.0,0.0,0
475140,2.57673,2.57673,2.57673,2.57673,2.57673,2.57673,udp,0.0,,cs0,,63.0,,1.0,,Status,2,2,0,84,84,0,42.0,0.0,130.397827,130.397827,0.0,0,0,0,0.0,,,0.388089,0.388089,0.0,REQ,,,,,0.0,0.0,0.0,0
475223,2.571417,2.571417,2.571417,2.571417,2.571417,2.571417,udp,0.0,,cs0,,63.0,,1.0,,Status,2,2,0,84,84,0,42.0,0.0,130.667252,130.667252,0.0,0,0,0,0.0,,,0.388891,0.388891,0.0,REQ,,,,,0.0,0.0,0.0,0
475231,2.574875,2.574875,2.574875,2.574875,2.574875,2.574875,udp,0.0,,cs0,,63.0,,1.0,,Status,2,2,0,84,84,0,42.0,0.0,130.49176,130.49176,0.0,0,0,0,0.0,,,0.388368,0.388368,0.0,REQ,,,,,0.0,0.0,0.0,0
475253,2.574943,2.574943,2.574943,2.574943,2.574943,2.574943,udp,0.0,,cs0,,63.0,,1.0,,Status,2,2,0,84,84,0,42.0,0.0,130.488327,130.488327,0.0,0,0,0,0.0,,,0.388358,0.388358,0.0,REQ,,,,,0.0,0.0,0.0,0
475338,2.57687,2.57687,2.57687,2.57687,2.57687,2.57687,udp,0.0,,cs0,,63.0,,1.0,,Status,2,2,0,84,84,0,42.0,0.0,130.390747,130.390747,0.0,0,0,0,0.0,,,0.388068,0.388068,0.0,REQ,,,,,0.0,0.0,0.0,0
475367,2.572594,2.572594,2.572594,2.572594,2.572594,2.572594,udp,0.0,,cs0,,63.0,,1.0,,Status,2,2,0,84,84,0,42.0,0.0,130.607483,130.607483,0.0,0,0,0,0.0,,,0.388713,0.388713,0.0,REQ,,,,,0.0,0.0,0.0,0
475395,0.0,0.0,0.0,0.0,0.0,0.0,udp,0.0,,cs0,,63.0,,1.0,,Status,1,1,0,42,42,0,42.0,0.0,0.0,0.0,0.0,0,0,0,0.0,,,0.0,0.0,0.0,REQ,,,,,0.0,0.0,0.0,0
475416,2.577345,2.577345,2.577345,2.577345,2.577345,2.577345,udp,0.0,,cs0,,63.0,,1.0,,Status,2,2,0,84,84,0,42.0,0.0,130.366714,130.366714,0.0,0,0,0,0.0,,,0.387996,0.387996,0.0,REQ,,,,,0.0,0.0,0.0,0
475489,2.575372,2.575372,2.575372,2.575372,2.575372,2.575372,udp,0.0,,cs0,,63.0,,1.0,,Status,2,2,0,84,84,0,42.0,0.0,130.466583,130.466583,0.0,0,0,0,0.0,,,0.388293,0.388293,0.0,REQ,,,,,0.0,0.0,0.0,0
475533,2.576586,2.576586,2.576586,2.576586,2.576586,2.576586,udp,0.0,,cs0,,63.0,,1.0,,Status,2,2,0,84,84,0,42.0,0.0,130.405121,130.405121,0.0,0,0,0,0.0,,,0.38811,0.38811,0.0,REQ,,,,,0.0,0.0,0.0,0
475537,2.576548,2.576548,2.576548,2.576548,2.576548,2.576548,udp,0.0,,cs0,,63.0,,1.0,,Status,2,2,0,84,84,0,42.0,0.0,130.407028,130.407028,0.0,0,0,0,0.0,,,0.388116,0.388116,0.0,REQ,,,,,0.0,0.0,0.0,0
475584,0.0,0.0,0.0,0.0,0.0,0.0,udp,0.0,,cs0,,63.0,,1.0,,Status,1,1,0,42,42,0,42.0,0.0,0.0,0.0,0.0,0,0,0,0.0,,,0.0,0.0,0.0,REQ,,,,,0.0,0.0,0.0,0
475603,0.0,0.0,0.0,0.0,0.0,0.0,udp,0.0,,cs0,,63.0,,1.0,,Status,1,1,0,42,42,0,42.0,0.0,0.0,0.0,0.0,0,0,0,0.0,,,0.0,0.0,0.0,REQ,,,,,0.0,0.0,0.0,0
475641,0.0,0.0,0.0,0.0,0.0,0.0,udp,0.0,,cs0,,63.0,,1.0,,Status,1,1,0,42,42,0,42.0,0.0,0.0,0.0,0.0,0,0,0,0.0,,,0.0,0.0,0.0,REQ,,,,,0.0,0.0,0.0,0
475646,0.0,0.0,0.0,0.0,0.0,0.0,udp,0.0,,cs0,,63.0,,1.0,,Status,1,1,0,42,42,0,42.0,0.0,0.0,0.0,0.0,0,0,0,0.0,,,0.0,0.0,0.0,REQ,,,,,0.0,0.0,0.0,0
475664,0.0,0.0,0.0,0.0,0.0,0.0,udp,0.0,,cs0,,63.0,,1.0,,Status,1,1,0,42,42,0,42.0,0.0,0.0,0.0,0.0,0,0,0,0.0,,,0.0,0.0,0.0,REQ,,,,,0.0,0.0,0.0,0
475768,2.574302,2.574302,2.574302,2.574302,2.574302,2.574302,udp,0.0,,cs0,,63.0,,1.0,,Status,2,2,0,84,84,0,42.0,0.0,130.520813,130.520813,0.0,0,0,0,0.0,,,0.388455,0.388455,0.0,REQ,,,,,0.0,0.0,0.0,0
475780,2.577145,2.577145,2.577145,2.577145,2.577145,2.577145,udp,0.0,,cs0,,63.0,,1.0,,Status,2,2,0,84,84,0,42.0,0.0,130.376831,130.376831,0.0,0,0,0,0.0,,,0.388026,0.388026,0.0,REQ,,,,,0.0,0.0,0.0,0
475792,0.0,0.0,0.0,0.0,0.0,0.0,udp,0.0,,cs0,,63.0,,1.0,,Status,1,1,0,42,42,0,42.0,0.0,0.0,0.0,0.0,0,0,0,0.0,,,0.0,0.0,0.0,REQ,,,,,0.0,0.0,0.0,0
475798,0.0,0.0,0.0,0.0,0.0,0.0,udp,0.0,,cs0,,63.0,,1.0,,Status,1,1,0,42,42,0,42.0,0.0,0.0,0.0,0.0,0,0,0,0.0,,,0.0,0.0,0.0,REQ,,,,,0.0,0.0,0.0,0
475800,0.0,0.0,0.0,0.0,0.0,0.0,udp,0.0,,cs0,,63.0,,1.0,,Status,1,1,0,42,42,0,42.0,0.0,0.0,0.0,0.0,0,0,0,0.0,,,0.0,0.0,0.0,REQ,,,,,0.0,0.0,0.0,0
475819,0.0,0.0,0.0,0.0,0.0,0.0,udp,0.0,,cs0,,63.0,,1.0,,Status,1,1,0,42,42,0,42.0,0.0,0.0,0.0,0.0,0,0,0,0.0,,,0.0,0.0,0.0,REQ,,,,,0.0,0.0,0.0,0
475826,0.0,0.0,0.0,0.0,0.0,0.0,udp,0.0,,cs0,,63.0,,1.0,,Status,1,1,0,42,42,0,42.0,0.0,0.0,0.0,0.0,0,0,0,0.0,,,0.0,0.0,0.0,REQ,,,,,0.0,0.0,0.0,0
475892,2.575093,2.575093,2.575093,2.575093,2.575093,2.575093,udp,0.0,,cs0,,63.0,,1.0,,Status,2,2,0,84,84,0,42.0,0.0,130.480728,130.480728,0.0,0,0,0,0.0,,,0.388335,0.388335,0.0,REQ,,,,,0.0,0.0,0.0,0
475898,2.575099,2.575099,2.575099,2.575099,2.575099,2.575099,udp,0.0,,cs0,,63.0,,1.0,,Status,2,2,0,84,84,0,42.0,0.0,130.480423,130.480423,0.0,0,0,0,0.0,,,0.388335,0.388335,0.0,REQ,,,,,0.0,0.0,0.0,0
475907,2.580109,2.580109,2.580109,2.580109,2.580109,2.580109,udp,0.0,,cs0,,63.0,,1.0,,Status,2,2,0,84,84,0,42.0,0.0,130.227066,130.227066,0.0,0,0,0,0.0,,,0.387581,0.387581,0.0,REQ,,,,,0.0,0.0,0.0,0
475956,2.574049,2.574049,2.574049,2.574049,2.574049,2.574049,udp,0.0,,cs0,,63.0,,1.0,,Status,2,2,0,84,84,0,42.0,0.0,130.533646,130.533646,0.0,0,0,0,0.0,,,0.388493,0.388493,0.0,REQ,,,,,0.0,0.0,0.0,0
475964,0.0,0.0,0.0,0.0,0.0,0.0,udp,0.0,,cs0,,63.0,,1.0,,Status,1,1,0,42,42,0,42.0,0.0,0.0,0.0,0.0,0,0,0,0.0,,,0.0,0.0,0.0,REQ,,,,,0.0,0.0,0.0,0
475990,2.577689,2.577689,2.577689,2.577689,2.577689,2.577689,udp,0.0,,cs0,,63.0,,1.0,,Status,2,2,0,84,84,0,42.0,0.0,130.349319,130.349319,0.0,0,0,0,0.0,,,0.387944,0.387944,0.0,REQ,,,,,0.0,0.0,0.0,0
475995,2.577709,2.577709,2.577709,2.577709,2.577709,2.577709,udp,0.0,,cs0,,63.0,,1.0,,Status,2,2,0,84,84,0,42.0,0.0,130.348312,130.348312,0.0,0,0,0,0.0,,,0.387941,0.387941,0.0,REQ,,,,,0.0,0.0,0.0,0
476034,2.57608,2.57608,2.57608,2.57608,2.57608,2.57608,udp,0.0,,cs0,,63.0,,1.0,,Status,2,2,0,84,84,0,42.0,0.0,130.430725,130.430725,0.0,0,0,0,0.0,,,0.388187,0.388187,0.0,REQ,,,,,0.0,0.0,0.0,0
476080,0.0,0.0,0.0,0.0,0.0,0.0,udp,0.0,,cs0,,63.0,,1.0,,Status,1,1,0,42,42,0,42.0,0.0,0.0,0.0,0.0,0,0,0,0.0,,,0.0,0.0,0.0,REQ,,,,,0.0,0.0,0.0,0
476107,2.572176,2.572176,2.572176,2.572176,2.572176,2.572176,udp,0.0,,cs0,,63.0,,1.0,,Status,2,2,0,84,84,0,42.0,0.0,130.628693,130.628693,0.0,0,0,0,0.0,,,0.388776,0.388776,0.0,REQ,,,,,0.0,0.0,0.0,0
476148,0.0,0.0,0.0,0.0,0.0,0.0,udp,0.0,,cs0,,63.0,,1.0,,Status,1,1,0,42,42,0,42.0,0.0,0.0,0.0,0.0,0,0,0,0.0,,,0.0,0.0,0.0,REQ,,,,,0.0,0.0,0.0,0
476212,2.578775,2.578775,2.578775,2.578775,2.578775,2.578775,udp,0.0,,cs0,,63.0,,1.0,,Status,2,2,0,84,84,0,42.0,0.0,130.294434,130.294434,0.0,0,0,0,0.0,,,0.387781,0.387781,0.0,REQ,,,,,0.0,0.0,0.0,0
476227,2.575125,2.575125,2.575125,2.575125,2.575125,2.575125,udp,0.0,,cs0,,63.0,,1.0,,Status,2,2,0,84,84,0,42.0,0.0,130.479111,130.479111,0.0,0,0,0,0.0,,,0.388331,0.388331,0.0,REQ,,,,,0.0,0.0,0.0,0
476347,0.0,0.0,0.0,0.0,0.0,0.0,udp,0.0,,cs0,,63.0,,1.0,,Status,1,1,0,42,42,0,42.0,0.0,0.0,0.0,0.0,0,0,0,0.0,,,0.0,0.0,0.0,REQ,,,,,0.0,0.0,0.0,0
476370,2.57493,2.57493,2.57493,2.57493,2.57493,2.57493,udp,0.0,,cs0,,63.0,,1.0,,Status,2,2,0,84,84,0,42.0,0.0,130.488983,130.488983,0.0,0,0,0,0.0,,,0.38836,0.38836,0.0,REQ,,,,,0.0,0.0,0.0,0
476442,0.0,0.0,0.0,0.0,0.0,0.0,udp,0.0,,cs0,,63.0,,1.0,,Status,1,1,0,42,42,0,42.0,0.0,0.0,0.0,0.0,0,0,0,0.0,,,0.0,0.0,0.0,REQ,,,,,0.0,0.0,0.0,0
476459,2.576971,2.576971,2.576971,2.576971,2.576971,2.576971,udp,0.0,,cs0,,63.0,,1.0,,Status,2,2,0,84,84,0,42.0,0.0,130.385635,130.385635,0.0,0,0,0,0.0,,,0.388052,0.388052,0.0,REQ,,,,,0.0,0.0,0.0,0
476460,2.576971,2.576971,2.576971,2.576971,2.576971,2.576971,udp,0.0,,cs0,,63.0,,1.0,,Status,2,2,0,84,84,0,42.0,0.0,130.385635,130.385635,0.0,0,0,0,0.0,,,0.388052,0.388052,0.0,REQ,,,,,0.0,0.0,0.0,0
476461,2.576983,2.576983,2.576983,2.576983,2.576983,2.576983,udp,0.0,,cs0,,63.0,,1.0,,Status,2,2,0,84,84,0,42.0,0.0,130.385025,130.385025,0.0,0,0,0,0.0,,,0.388051,0.388051,0.0,REQ,,,,,0.0,0.0,0.0,0
476499,0.0,0.0,0.0,0.0,0.0,0.0,udp,0.0,,cs0,,63.0,,1.0,,Status,1,1,0,42,42,0,42.0,0.0,0.0,0.0,0.0,0,0,0,0.0,,,0.0,0.0,0.0,REQ,,,,,0.0,0.0,0.0,0
476525,0.0,0.0,0.0,0.0,0.0,0.0,udp,0.0,,cs0,,63.0,,1.0,,Status,1,1,0,42,42,0,42.0,0.0,0.0,0.0,0.0,0,0,0,0.0,,,0.0,0.0,0.0,REQ,,,,,0.0,0.0,0.0,0
476537,2.575264,2.575264,2.575264,2.575264,2.575264,2.575264,udp,0.0,,cs0,,63.0,,1.0,,Status,2,2,0,84,84,0,42.0,0.0,130.472061,130.472061,0.0,0,0,0,0.0,,,0.38831,0.38831,0.0,REQ,,,,,0.0,0.0,0.0,0
476570,0.0,0.0,0.0,0.0,0.0,0.0,udp,0.0,,cs0,,63.0,,1.0,,Status,1,1,0,42,42,0,42.0,0.0,0.0,0.0,0.0,0,0,0,0.0,,,0.0,0.0,0.0,REQ,,,,,0.0,0.0,0.0,0
476686,0.0,0.0,0.0,0.0,0.0,0.0,udp,0.0,,cs0,,63.0,,1.0,,Status,1,1,0,42,42,0,42.0,0.0,0.0,0.0,0.0,0,0,0,0.0,,,0.0,0.0,0.0,REQ,,,,,0.0,0.0,0.0,0
476710,0.0,0.0,0.0,0.0,0.0,0.0,udp,0.0,,cs0,,63.0,,1.0,,Status,1,1,0,42,42,0,42.0,0.0,0.0,0.0,0.0,0,0,0,0.0,,,0.0,0.0,0.0,REQ,,,,,0.0,0.0,0.0,0
476725,2.57667,2.57667,2.57667,2.57667,2.57667,2.57667,udp,0.0,,cs0,,63.0,,1.0,,Status,2,2,0,84,84,0,42.0,0.0,130.400864,130.400864,0.0,0,0,0,0.0,,,0.388098,0.388098,0.0,REQ,,,,,0.0,0.0,0.0,0
476743,0.0,0.0,0.0,0.0,0.0,0.0,udp,0.0,,cs0,,63.0,,1.0,,Status,1,1,0,42,42,0,42.0,0.0,0.0,0.0,0.0,0,0,0,0.0,,,0.0,0.0,0.0,REQ,,,,,0.0,0.0,0.0,0
476778,0.0,0.0,0.0,0.0,0.0,0.0,udp,0.0,,cs0,,63.0,,1.0,,Status,1,1,0,42,42,0,42.0,0.0,0.0,0.0,0.0,0,0,0,0.0,,,0.0,0.0,0.0,REQ,,,,,0.0,0.0,0.0,0
476873,2.582063,2.582063,2.582063,2.582063,2.582063,2.582063,udp,0.0,,cs0,,63.0,,1.0,,Status,2,2,0,84,84,0,42.0,0.0,130.12851,130.12851,0.0,0,0,0,0.0,,,0.387287,0.387287,0.0,REQ,,,,,0.0,0.0,0.0,0
476924,0.0,0.0,0.0,0.0,0.0,0.0,udp,0.0,,cs0,,63.0,,1.0,,Status,1,1,0,42,42,0,42.0,0.0,0.0,0.0,0.0,0,0,0,0.0,,,0.0,0.0,0.0,REQ,,,,,0.0,0.0,0.0,0
476965,0.0,0.0,0.0,0.0,0.0,0.0,udp,0.0,,cs0,,63.0,,1.0,,Status,1,1,0,42,42,0,42.0,0.0,0.0,0.0,0.0,0,0,0,0.0,,,0.0,0.0,0.0,REQ,,,,,0.0,0.0,0.0,0
476998,0.0,0.0,0.0,0.0,0.0,0.0,udp,0.0,,cs0,,63.0,,1.0,,Status,1,1,0,42,42,0,42.0,0.0,0.0,0.0,0.0,0,0,0,0.0,,,0.0,0.0,0.0,REQ,,,,,0.0,0.0,0.0,0
477019,2.575201,2.575201,2.575201,2.575201,2.575201,2.575201,udp,0.0,,cs0,,63.0,,1.0,,Status,2,2,0,84,84,0,42.0,0.0,130.47525,130.47525,0.0,0,0,0,0.0,,,0.388319,0.388319,0.0,REQ,,,,,0.0,0.0,0.0,0
477020,2.575201,2.575201,2.575201,2.575201,2.575201,2.575201,udp,0.0,,cs0,,63.0,,1.0,,Status,2,2,0,84,84,0,42.0,0.0,130.47525,130.47525,0.0,0,0,0,0.0,,,0.388319,0.388319,0.0,REQ,,,,,0.0,0.0,0.0,0
477048,0.0,0.0,0.0,0.0,0.0,0.0,udp,0.0,,cs0,,63.0,,1.0,,Status,1,1,0,42,42,0,42.0,0.0,0.0,0.0,0.0,0,0,0,0.0,,,0.0,0.0,0.0,REQ,,,,,0.0,0.0,0.0,0
477057,0.0,0.0,0.0,0.0,0.0,0.0,udp,0.0,,cs0,,63.0,,1.0,,Status,1,1,0,42,42,0,42.0,0.0,0.0,0.0,0.0,0,0,0,0.0,,,0.0,0.0,0.0,REQ,,,,,0.0,0.0,0.0,0
477108,0.0,0.0,0.0,0.0,0.0,0.0,udp,0.0,,cs0,,63.0,,1.0,,Status,1,1,0,42,42,0,42.0,0.0,0.0,0.0,0.0,0,0,0,0.0,,,0.0,0.0,0.0,REQ,,,,,0.0,0.0,0.0,0
477111,0.0,0.0,0.0,0.0,0.0,0.0,udp,0.0,,cs0,,63.0,,1.0,,Status,1,1,0,42,42,0,42.0,0.0,0.0,0.0,0.0,0,0,0,0.0,,,0.0,0.0,0.0,REQ,,,,,0.0,0.0,0.0,0
477130,2.576291,2.576291,2.576291,2.576291,2.576291,2.576291,udp,0.0,,cs0,,63.0,,1.0,,Status,2,2,0,84,84,0,42.0,0.0,130.420044,130.420044,0.0,0,0,0,0.0,,,0.388155,0.388155,0.0,REQ,,,,,0.0,0.0,0.0,0
477134,2.575387,2.575387,2.575387,2.575387,2.575387,2.575387,udp,0.0,,cs0,,63.0,,1.0,,Status,2,2,0,84,84,0,42.0,0.0,130.465836,130.465836,0.0,0,0,0,0.0,,,0.388291,0.388291,0.0,REQ,,,,,0.0,0.0,0.0,0
477145,0.0,0.0,0.0,0.0,0.0,0.0,udp,0.0,,cs0,,63.0,,1.0,,Status,1,1,0,42,42,0,42.0,0.0,0.0,0.0,0.0,0,0,0,0.0,,,0.0,0.0,0.0,REQ,,,,,0.0,0.0,0.0,0
477260,0.0,0.0,0.0,0.0,0.0,0.0,udp,0.0,,cs0,,63.0,,1.0,,Status,1,1,0,42,42,0,42.0,0.0,0.0,0.0,0.0,0,0,0,0.0,,,0.0,0.0,0.0,REQ,,,,,0.0,0.0,0.0,0
477310,2.582255,2.582255,2.582255,2.582255,2.582255,2.582255,udp,0.0,,cs0,,63.0,,1.0,,Status,2,2,0,84,84,0,42.0,0.0,130.118835,130.118835,0.0,0,0,0,0.0,,,0.387258,0.387258,0.0,REQ,,,,,0.0,0.0,0.0,0
477466,2.576658,2.576658,2.576658,2.576658,2.576658,2.576658,udp,0.0,,cs0,,63.0,,1.0,,Status,2,2,0,84,84,0,42.0,0.0,130.401474,130.401474,0.0,0,0,0,0.0,,,0.3881,0.3881,0.0,REQ,,,,,0.0,0.0,0.0,0
477495,0.0,0.0,0.0,0.0,0.0,0.0,udp,0.0,,cs0,,63.0,,1.0,,Status,1,1,0,42,42,0,42.0,0.0,0.0,0.0,0.0,0,0,0,0.0,,,0.0,0.0,0.0,REQ,,,,,0.0,0.0,0.0,0
477501,0.0,0.0,0.0,0.0,0.0,0.0,udp,0.0,,cs0,,63.0,,1.0,,Status,1,1,0,42,42,0,42.0,0.0,0.0,0.0,0.0,0,0,0,0.0,,,0.0,0.0,0.0,REQ,,,,,0.0,0.0,0.0,0
477540,0.0,0.0,0.0,0.0,0.0,0.0,udp,0.0,,cs0,,63.0,,1.0,,Status,1,1,0,42,42,0,42.0,0.0,0.0,0.0,0.0,0,0,0,0.0,,,0.0,0.0,0.0,REQ,,,,,0.0,0.0,0.0,0
477599,2.57403,2.57403,2.57403,2.57403,2.57403,2.57403,udp,0.0,,cs0,,63.0,,1.0,,Status,2,2,0,84,84,0,42.0,0.0,130.534607,130.534607,0.0,0,0,0,0.0,,,0.388496,0.388496,0.0,REQ,,,,,0.0,0.0,0.0,0
477605,0.0,0.0,0.0,0.0,0.0,0.0,udp,0.0,,cs0,,63.0,,1.0,,Status,1,1,0,42,42,0,42.0,0.0,0.0,0.0,0.0,0,0,0,0.0,,,0.0,0.0,0.0,REQ,,,,,0.0,0.0,0.0,0
477627,2.576737,2.576737,2.576737,2.576737,2.576737,2.576737,udp,0.0,,cs0,,63.0,,1.0,,Status,2,2,0,84,84,0,42.0,0.0,130.397476,130.397476,0.0,0,0,0,0.0,,,0.388088,0.388088,0.0,REQ,,,,,0.0,0.0,0.0,0
477775,2.584925,2.584925,2.584925,2.584925,2.584925,2.584925,udp,0.0,,cs0,,63.0,,1.0,,Status,2,2,0,84,84,0,42.0,0.0,129.984436,129.984436,0.0,0,0,0,0.0,,,0.386858,0.386858,0.0,REQ,,,,,0.0,0.0,0.0,0
477927,0.0,0.0,0.0,0.0,0.0,0.0,udp,0.0,,cs0,,63.0,,1.0,,Status,1,1,0,42,42,0,42.0,0.0,0.0,0.0,0.0,0,0,0,0.0,,,0.0,0.0,0.0,REQ,,,,,0.0,0.0,0.0,0
477962,0.0,0.0,0.0,0.0,0.0,0.0,udp,0.0,,cs0,,63.0,,1.0,,Status,1,1,0,42,42,0,42.0,0.0,0.0,0.0,0.0,0,0,0,0.0,,,0.0,0.0,0.0,REQ,,,,,0.0,0.0,0.0,0
477991,2.576676,2.576676,2.576676,2.576676,2.576676,2.576676,udp,0.0,,cs0,,63.0,,1.0,,Status,2,2,0,84,84,0,42.0,0.0,130.400574,130.400574,0.0,0,0,0,0.0,,,0.388097,0.388097,0.0,REQ,,,,,0.0,0.0,0.0,0
478040,2.574332,2.574332,2.574332,2.574332,2.574332,2.574332,udp,0.0,,cs0,,63.0,,1.0,,Status,2,2,0,84,84,0,42.0,0.0,130.519302,130.519302,0.0,0,0,0,0.0,,,0.38845,0.38845,0.0,REQ,,,,,0.0,0.0,0.0,0
478055,2.575419,2.575419,2.575419,2.575419,2.575419,2.575419,udp,0.0,,cs0,,63.0,,1.0,,Status,2,2,0,84,84,0,42.0,0.0,130.464218,130.464218,0.0,0,0,0,0.0,,,0.388286,0.388286,0.0,REQ,,,,,0.0,0.0,0.0,0
478072,0.0,0.0,0.0,0.0,0.0,0.0,udp,0.0,,cs0,,63.0,,1.0,,Status,1,1,0,42,42,0,42.0,0.0,0.0,0.0,0.0,0,0,0,0.0,,,0.0,0.0,0.0,REQ,,,,,0.0,0.0,0.0,0
478086,0.0,0.0,0.0,0.0,0.0,0.0,udp,0.0,,cs0,,63.0,,1.0,,Status,1,1,0,42,42,0,42.0,0.0,0.0,0.0,0.0,0,0,0,0.0,,,0.0,0.0,0.0,REQ,,,,,0.0,0.0,0.0,0
478140,0.0,0.0,0.0,0.0,0.0,0.0,udp,0.0,,cs0,,63.0,,1.0,,Status,1,1,0,42,42,0,42.0,0.0,0.0,0.0,0.0,0,0,0,0.0,,,0.0,0.0,0.0,REQ,,,,,0.0,0.0,0.0,0
478202,2.577994,2.577994,2.577994,2.577994,2.577994,2.577994,udp,0.0,,cs0,,63.0,,1.0,,Status,2,2,0,84,84,0,42.0,0.0,130.333893,130.333893,0.0,0,0,0,0.0,,,0.387898,0.387898,0.0,REQ,,,,,0.0,0.0,0.0,0
478231,0.0,0.0,0.0,0.0,0.0,0.0,udp,0.0,,cs0,,63.0,,1.0,,Status,1,1,0,42,42,0,42.0,0.0,0.0,0.0,0.0,0,0,0,0.0,,,0.0,0.0,0.0,REQ,,,,,0.0,0.0,0.0,0
478255,0.0,0.0,0.0,0.0,0.0,0.0,udp,0.0,,cs0,,63.0,,1.0,,Status,1,1,0,42,42,0,42.0,0.0,0.0,0.0,0.0,0,0,0,0.0,,,0.0,0.0,0.0,REQ,,,,,0.0,0.0,0.0,0
478268,0.0,0.0,0.0,0.0,0.0,0.0,udp,0.0,,cs0,,63.0,,1.0,,Status,1,1,0,42,42,0,42.0,0.0,0.0,0.0,0.0,0,0,0,0.0,,,0.0,0.0,0.0,REQ,,,,,0.0,0.0,0.0,0
478279,2.577792,2.577792,2.577792,2.577792,2.577792,2.577792,udp,0.0,,cs0,,63.0,,1.0,,Status,2,2,0,84,84,0,42.0,0.0,130.344116,130.344116,0.0,0,0,0,0.0,,,0.387929,0.387929,0.0,REQ,,,,,0.0,0.0,0.0,0
478352,0.0,0.0,0.0,0.0,0.0,0.0,udp,0.0,,cs0,,63.0,,1.0,,Status,1,1,0,42,42,0,42.0,0.0,0.0,0.0,0.0,0,0,0,0.0,,,0.0,0.0,0.0,REQ,,,,,0.0,0.0,0.0,0
478359,0.0,0.0,0.0,0.0,0.0,0.0,udp,0.0,,cs0,,63.0,,1.0,,Status,1,1,0,42,42,0,42.0,0.0,0.0,0.0,0.0,0,0,0,0.0,,,0.0,0.0,0.0,REQ,,,,,0.0,0.0,0.0,0
478371,2.576055,2.576055,2.576055,2.576055,2.576055,2.576055,udp,0.0,,cs0,,63.0,,1.0,,Status,2,2,0,84,84,0,42.0,0.0,130.431992,130.431992,0.0,0,0,0,0.0,,,0.38819,0.38819,0.0,REQ,,,,,0.0,0.0,0.0,0
478489,0.0,0.0,0.0,0.0,0.0,0.0,udp,0.0,,cs0,,63.0,,1.0,,Status,1,1,0,42,42,0,42.0,0.0,0.0,0.0,0.0,0,0,0,0.0,,,0.0,0.0,0.0,REQ,,,,,0.0,0.0,0.0,0
478502,0.0,0.0,0.0,0.0,0.0,0.0,udp,0.0,,cs0,,63.0,,1.0,,Status,1,1,0,42,42,0,42.0,0.0,0.0,0.0,0.0,0,0,0,0.0,,,0.0,0.0,0.0,REQ,,,,,0.0,0.0,0.0,0
478515,2.576132,2.576132,2.576132,2.576132,2.576132,2.576132,udp,0.0,,cs0,,63.0,,1.0,,Status,2,2,0,84,84,0,42.0,0.0,130.428101,130.428101,0.0,0,0,0,0.0,,,0.388179,0.388179,0.0,REQ,,,,,0.0,0.0,0.0,0
478541,0.0,0.0,0.0,0.0,0.0,0.0,udp,0.0,,cs0,,63.0,,1.0,,Status,1,1,0,42,42,0,42.0,0.0,0.0,0.0,0.0,0,0,0,0.0,,,0.0,0.0,0.0,REQ,,,,,0.0,0.0,0.0,0
478585,0.0,0.0,0.0,0.0,0.0,0.0,udp,0.0,,cs0,,63.0,,1.0,,Status,1,1,0,42,42,0,42.0,0.0,0.0,0.0,0.0,0,0,0,0.0,,,0.0,0.0,0.0,REQ,,,,,0.0,0.0,0.0,0
478644,2.57683,2.57683,2.57683,2.57683,2.57683,2.57683,udp,0.0,,cs0,,63.0,,1.0,,Status,2,2,0,84,84,0,42.0,0.0,130.392776,130.392776,0.0,0,0,0,0.0,,,0.388074,0.388074,0.0,REQ,,,,,0.0,0.0,0.0,0
478713,0.0,0.0,0.0,0.0,0.0,0.0,udp,0.0,,cs0,,63.0,,1.0,,Status,1,1,0,42,42,0,42.0,0.0,0.0,0.0,0.0,0,0,0,0.0,,,0.0,0.0,0.0,REQ,,,,,0.0,0.0,0.0,0
478762,2.577949,2.577949,2.577949,2.577949,2.577949,2.577949,udp,0.0,,cs0,,63.0,,1.0,,Status,2,2,0,84,84,0,42.0,0.0,130.336166,130.336166,0.0,0,0,0,0.0,,,0.387905,0.387905,0.0,REQ,,,,,0.0,0.0,0.0,0
478773,0.0,0.0,0.0,0.0,0.0,0.0,udp,0.0,,cs0,,63.0,,1.0,,Status,1,1,0,42,42,0,42.0,0.0,0.0,0.0,0.0,0,0,0,0.0,,,0.0,0.0,0.0,REQ,,,,,0.0,0.0,0.0,0
478803,2.572356,2.572356,2.572356,2.572356,2.572356,2.572356,udp,0.0,,cs0,,63.0,,1.0,,Status,2,2,0,84,84,0,42.0,0.0,130.619553,130.619553,0.0,0,0,0,0.0,,,0.388749,0.388749,0.0,REQ,,,,,0.0,0.0,0.0,0
478878,2.576226,2.576226,2.576226,2.576226,2.576226,2.576226,udp,0.0,,cs0,,63.0,,1.0,,Status,2,2,0,84,84,0,42.0,0.0,130.42334,130.42334,0.0,0,0,0,0.0,,,0.388165,0.388165,0.0,REQ,,,,,0.0,0.0,0.0,0
478879,2.576226,2.576226,2.576226,2.576226,2.576226,2.576226,udp,0.0,,cs0,,63.0,,1.0,,Status,2,2,0,84,84,0,42.0,0.0,130.42334,130.42334,0.0,0,0,0,0.0,,,0.388165,0.388165,0.0,REQ,,,,,0.0,0.0,0.0,0
478923,0.0,0.0,0.0,0.0,0.0,0.0,udp,0.0,,cs0,,63.0,,1.0,,Status,1,1,0,42,42,0,42.0,0.0,0.0,0.0,0.0,0,0,0,0.0,,,0.0,0.0,0.0,REQ,,,,,0.0,0.0,0.0,0
479016,2.574021,2.574021,2.574021,2.574021,2.574021,2.574021,udp,0.0,,cs0,,63.0,,1.0,,Status,2,2,0,84,84,0,42.0,0.0,130.535065,130.535065,0.0,0,0,0,0.0,,,0.388497,0.388497,0.0,REQ,,,,,0.0,0.0,0.0,0
479059,2.574303,2.574303,2.574303,2.574303,2.574303,2.574303,udp,0.0,,cs0,,63.0,,1.0,,Status,2,2,0,84,84,0,42.0,0.0,130.520767,130.520767,0.0,0,0,0,0.0,,,0.388455,0.388455,0.0,REQ,,,,,0.0,0.0,0.0,0
479101,2.575291,2.575291,2.575291,2.575291,2.575291,2.575291,udp,0.0,,cs0,,63.0,,1.0,,Status,2,2,0,84,84,0,42.0,0.0,130.470703,130.470703,0.0,0,0,0,0.0,,,0.388306,0.388306,0.0,REQ,,,,,0.0,0.0,0.0,0
479124,0.0,0.0,0.0,0.0,0.0,0.0,udp,0.0,,cs0,,63.0,,1.0,,Status,1,1,0,42,42,0,42.0,0.0,0.0,0.0,0.0,0,0,0,0.0,,,0.0,0.0,0.0,REQ,,,,,0.0,0.0,0.0,0
479186,0.0,0.0,0.0,0.0,0.0,0.0,udp,0.0,,cs0,,63.0,,1.0,,Status,1,1,0,42,42,0,42.0,0.0,0.0,0.0,0.0,0,0,0,0.0,,,0.0,0.0,0.0,REQ,,,,,0.0,0.0,0.0,0
479206,2.576187,2.576187,2.576187,2.576187,2.576187,2.576187,udp,0.0,,cs0,,63.0,,1.0,,Status,2,2,0,84,84,0,42.0,0.0,130.425323,130.425323,0.0,0,0,0,0.0,,,0.388171,0.388171,0.0,REQ,,,,,0.0,0.0,0.0,0
479230,2.576086,2.576086,2.576086,2.576086,2.576086,2.576086,udp,0.0,,cs0,,63.0,,1.0,,Status,2,2,0,84,84,0,42.0,0.0,130.43042,130.43042,0.0,0,0,0,0.0,,,0.388186,0.388186,0.0,REQ,,,,,0.0,0.0,0.0,0
479247,0.0,0.0,0.0,0.0,0.0,0.0,udp,0.0,,cs0,,63.0,,1.0,,Status,1,1,0,42,42,0,42.0,0.0,0.0,0.0,0.0,0,0,0,0.0,,,0.0,0.0,0.0,REQ,,,,,0.0,0.0,0.0,0
479260,2.575579,2.575579,2.575579,2.575579,2.575579,2.575579,udp,0.0,,cs0,,63.0,,1.0,,Status,2,2,0,84,84,0,42.0,0.0,130.4561,130.4561,0.0,0,0,0,0.0,,,0.388262,0.388262,0.0,REQ,,,,,0.0,0.0,0.0,0
479271,2.575072,2.575072,2.575072,2.575072,2.575072,2.575072,udp,0.0,,cs0,,63.0,,1.0,,Status,2,2,0,84,84,0,42.0,0.0,130.481781,130.481781,0.0,0,0,0,0.0,,,0.388339,0.388339,0.0,REQ,,,,,0.0,0.0,0.0,0
479281,0.0,0.0,0.0,0.0,0.0,0.0,udp,0.0,,cs0,,63.0,,1.0,,Status,1,1,0,42,42,0,42.0,0.0,0.0,0.0,0.0,0,0,0,0.0,,,0.0,0.0,0.0,REQ,,,,,0.0,0.0,0.0,0
479300,2.575106,2.575106,2.575106,2.575106,2.575106,2.575106,udp,0.0,,cs0,,63.0,,1.0,,Status,2,2,0,84,84,0,42.0,0.0,130.480072,130.480072,0.0,0,0,0,0.0,,,0.388334,0.388334,0.0,REQ,,,,,0.0,0.0,0.0,0
479307,0.0,0.0,0.0,0.0,0.0,0.0,udp,0.0,,cs0,,63.0,,1.0,,Status,1,1,0,42,42,0,42.0,0.0,0.0,0.0,0.0,0,0,0,0.0,,,0.0,0.0,0.0,REQ,,,,,0.0,0.0,0.0,0
479329,2.575055,2.575055,2.575055,2.575055,2.575055,2.575055,udp,0.0,,cs0,,63.0,,1.0,,Status,2,2,0,84,84,0,42.0,0.0,130.482651,130.482651,0.0,0,0,0,0.0,,,0.388341,0.388341,0.0,REQ,,,,,0.0,0.0,0.0,0
479385,2.578048,2.578048,2.578048,2.578048,2.578048,2.578048,udp,0.0,,cs0,,63.0,,1.0,,Status,2,2,0,84,84,0,42.0,0.0,130.331161,130.331161,0.0,0,0,0,0.0,,,0.38789,0.38789,0.0,REQ,,,,,0.0,0.0,0.0,0
479423,2.578126,2.578126,2.578126,2.578126,2.578126,2.578126,udp,0.0,,cs0,,63.0,,1.0,,Status,2,2,0,84,84,0,42.0,0.0,130.327225,130.327225,0.0,0,0,0,0.0,,,0.387879,0.387879,0.0,REQ,,,,,0.0,0.0,0.0,0
479454,0.0,0.0,0.0,0.0,0.0,0.0,udp,0.0,,cs0,,63.0,,1.0,,Status,1,1,0,42,42,0,42.0,0.0,0.0,0.0,0.0,0,0,0,0.0,,,0.0,0.0,0.0,REQ,,,,,0.0,0.0,0.0,0
479460,0.0,0.0,0.0,0.0,0.0,0.0,udp,0.0,,cs0,,63.0,,1.0,,Status,1,1,0,42,42,0,42.0,0.0,0.0,0.0,0.0,0,0,0,0.0,,,0.0,0.0,0.0,REQ,,,,,0.0,0.0,0.0,0
479474,0.0,0.0,0.0,0.0,0.0,0.0,udp,0.0,,cs0,,63.0,,1.0,,Status,1,1,0,42,42,0,42.0,0.0,0.0,0.0,0.0,0,0,0,0.0,,,0.0,0.0,0.0,REQ,,,,,0.0,0.0,0.0,0
479493,2.573618,2.573618,2.573618,2.573618,2.573618,2.573618,udp,0.0,,cs0,,63.0,,1.0,,Status,2,2,0,84,84,0,42.0,0.0,130.555511,130.555511,0.0,0,0,0,0.0,,,0.388558,0.388558,0.0,REQ,,,,,0.0,0.0,0.0,0
479574,0.0,0.0,0.0,0.0,0.0,0.0,udp,0.0,,cs0,,63.0,,1.0,,Status,1,1,0,42,42,0,42.0,0.0,0.0,0.0,0.0,0,0,0,0.0,,,0.0,0.0,0.0,REQ,,,,,0.0,0.0,0.0,0
479579,0.0,0.0,0.0,0.0,0.0,0.0,udp,0.0,,cs0,,63.0,,1.0,,Status,1,1,0,42,42,0,42.0,0.0,0.0,0.0,0.0,0,0,0,0.0,,,0.0,0.0,0.0,REQ,,,,,0.0,0.0,0.0,0
479646,2.574189,2.574189,2.574189,2.574189,2.574189,2.574189,udp,0.0,,cs0,,63.0,,1.0,,Status,2,2,0,84,84,0,42.0,0.0,130.52655,130.52655,0.0,0,0,0,0.0,,,0.388472,0.388472,0.0,REQ,,,,,0.0,0.0,0.0,0
479756,0.0,0.0,0.0,0.0,0.0,0.0,udp,0.0,,cs0,,63.0,,1.0,,Status,1,1,0,42,42,0,42.0,0.0,0.0,0.0,0.0,0,0,0,0.0,,,0.0,0.0,0.0,REQ,,,,,0.0,0.0,0.0,0
479806,0.0,0.0,0.0,0.0,0.0,0.0,udp,0.0,,cs0,,63.0,,1.0,,Status,1,1,0,42,42,0,42.0,0.0,0.0,0.0,0.0,0,0,0,0.0,,,0.0,0.0,0.0,REQ,,,,,0.0,0.0,0.0,0
479928,2.583235,2.583235,2.583235,2.583235,2.583235,2.583235,udp,0.0,,cs0,,63.0,,1.0,,Status,2,2,0,84,84,0,42.0,0.0,130.069473,130.069473,0.0,0,0,0,0.0,,,0.387112,0.387112,0.0,REQ,,,,,0.0,0.0,0.0,0
479950,0.0,0.0,0.0,0.0,0.0,0.0,udp,0.0,,cs0,,63.0,,1.0,,Status,1,1,0,42,42,0,42.0,0.0,0.0,0.0,0.0,0,0,0,0.0,,,0.0,0.0,0.0,REQ,,,,,0.0,0.0,0.0,0
480085,2.576219,2.576219,2.576219,2.576219,2.576219,2.576219,udp,0.0,,cs0,,63.0,,1.0,,Status,2,2,0,84,84,0,42.0,0.0,130.423691,130.423691,0.0,0,0,0,0.0,,,0.388166,0.388166,0.0,REQ,,,,,0.0,0.0,0.0,0
480094,0.0,0.0,0.0,0.0,0.0,0.0,udp,0.0,,cs0,,63.0,,1.0,,Status,1,1,0,42,42,0,42.0,0.0,0.0,0.0,0.0,0,0,0,0.0,,,0.0,0.0,0.0,REQ,,,,,0.0,0.0,0.0,0
480165,2.580116,2.580116,2.580116,2.580116,2.580116,2.580116,udp,0.0,,cs0,,63.0,,1.0,,Status,2,2,0,84,84,0,42.0,0.0,130.2267,130.2267,0.0,0,0,0,0.0,,,0.387579,0.387579,0.0,REQ,,,,,0.0,0.0,0.0,0
480217,2.575377,2.575377,2.575377,2.575377,2.575377,2.575377,udp,0.0,,cs0,,63.0,,1.0,,Status,2,2,0,84,84,0,42.0,0.0,130.466339,130.466339,0.0,0,0,0,0.0,,,0.388293,0.388293,0.0,REQ,,,,,0.0,0.0,0.0,0
480268,0.0,0.0,0.0,0.0,0.0,0.0,udp,0.0,,cs0,,63.0,,1.0,,Status,1,1,0,42,42,0,42.0,0.0,0.0,0.0,0.0,0,0,0,0.0,,,0.0,0.0,0.0,REQ,,,,,0.0,0.0,0.0,0
480329,0.0,0.0,0.0,0.0,0.0,0.0,udp,0.0,,cs0,,63.0,,1.0,,Status,1,1,0,42,42,0,42.0,0.0,0.0,0.0,0.0,0,0,0,0.0,,,0.0,0.0,0.0,REQ,,,,,0.0,0.0,0.0,0
480336,0.0,0.0,0.0,0.0,0.0,0.0,udp,0.0,,cs0,,63.0,,1.0,,Status,1,1,0,42,42,0,42.0,0.0,0.0,0.0,0.0,0,0,0,0.0,,,0.0,0.0,0.0,REQ,,,,,0.0,0.0,0.0,0
480342,2.580006,2.580006,2.580006,2.580006,2.580006,2.580006,udp,0.0,,cs0,,63.0,,1.0,,Status,2,2,0,84,84,0,42.0,0.0,130.232254,130.232254,0.0,0,0,0,0.0,,,0.387596,0.387596,0.0,REQ,,,,,0.0,0.0,0.0,0
480343,2.580067,2.580067,2.580067,2.580067,2.580067,2.580067,udp,0.0,,cs0,,63.0,,1.0,,Status,2,2,0,84,84,0,42.0,0.0,130.229187,130.229187,0.0,0,0,0,0.0,,,0.387587,0.387587,0.0,REQ,,,,,0.0,0.0,0.0,0
480359,0.0,0.0,0.0,0.0,0.0,0.0,udp,0.0,,cs0,,63.0,,1.0,,Status,1,1,0,42,42,0,42.0,0.0,0.0,0.0,0.0,0,0,0,0.0,,,0.0,0.0,0.0,REQ,,,,,0.0,0.0,0.0,0
480383,0.0,0.0,0.0,0.0,0.0,0.0,udp,0.0,,cs0,,63.0,,1.0,,Status,1,1,0,42,42,0,42.0,0.0,0.0,0.0,0.0,0,0,0,0.0,,,0.0,0.0,0.0,REQ,,,,,0.0,0.0,0.0,0
480387,2.570857,2.570857,2.570857,2.570857,2.570857,2.570857,udp,0.0,,cs0,,63.0,,1.0,,Status,2,2,0,84,84,0,42.0,0.0,130.695709,130.695709,0.0,0,0,0,0.0,,,0.388975,0.388975,0.0,REQ,,,,,0.0,0.0,0.0,0
480390,2.570836,2.570836,2.570836,2.570836,2.570836,2.570836,udp,0.0,,cs0,,63.0,,1.0,,Status,2,2,0,84,84,0,42.0,0.0,130.696777,130.696777,0.0,0,0,0,0.0,,,0.388979,0.388979,0.0,REQ,,,,,0.0,0.0,0.0,0
480484,0.0,0.0,0.0,0.0,0.0,0.0,udp,0.0,,cs0,,63.0,,1.0,,Status,1,1,0,42,42,0,42.0,0.0,0.0,0.0,0.0,0,0,0,0.0,,,0.0,0.0,0.0,REQ,,,,,0.0,0.0,0.0,0
480485,0.0,0.0,0.0,0.0,0.0,0.0,udp,0.0,,cs0,,63.0,,1.0,,Status,1,1,0,42,42,0,42.0,0.0,0.0,0.0,0.0,0,0,0,0.0,,,0.0,0.0,0.0,REQ,,,,,0.0,0.0,0.0,0
480523,0.0,0.0,0.0,0.0,0.0,0.0,udp,0.0,,cs0,,63.0,,1.0,,Status,1,1,0,42,42,0,42.0,0.0,0.0,0.0,0.0,0,0,0,0.0,,,0.0,0.0,0.0,REQ,,,,,0.0,0.0,0.0,0
480531,0.0,0.0,0.0,0.0,0.0,0.0,udp,0.0,,cs0,,63.0,,1.0,,Status,1,1,0,42,42,0,42.0,0.0,0.0,0.0,0.0,0,0,0,0.0,,,0.0,0.0,0.0,REQ,,,,,0.0,0.0,0.0,0
480544,0.0,0.0,0.0,0.0,0.0,0.0,udp,0.0,,cs0,,63.0,,1.0,,Status,1,1,0,42,42,0,42.0,0.0,0.0,0.0,0.0,0,0,0,0.0,,,0.0,0.0,0.0,REQ,,,,,0.0,0.0,0.0,0
480572,2.575963,2.575963,2.575963,2.575963,2.575963,2.575963,udp,0.0,,cs0,,63.0,,1.0,,Status,2,2,0,84,84,0,42.0,0.0,130.436661,130.436661,0.0,0,0,0,0.0,,,0.388204,0.388204,0.0,REQ,,,,,0.0,0.0,0.0,0
480616,0.0,0.0,0.0,0.0,0.0,0.0,udp,0.0,,cs0,,63.0,,1.0,,Status,1,1,0,42,42,0,42.0,0.0,0.0,0.0,0.0,0,0,0,0.0,,,0.0,0.0,0.0,REQ,,,,,0.0,0.0,0.0,0
480686,2.571776,2.571776,2.571776,2.571776,2.571776,2.571776,udp,0.0,,cs0,,63.0,,1.0,,Status,2,2,0,84,84,0,42.0,0.0,130.649017,130.649017,0.0,0,0,0,0.0,,,0.388836,0.388836,0.0,REQ,,,,,0.0,0.0,0.0,0
480707,0.0,0.0,0.0,0.0,0.0,0.0,udp,0.0,,cs0,,63.0,,1.0,,Status,1,1,0,42,42,0,42.0,0.0,0.0,0.0,0.0,0,0,0,0.0,,,0.0,0.0,0.0,REQ,,,,,0.0,0.0,0.0,0
480711,0.0,0.0,0.0,0.0,0.0,0.0,udp,0.0,,cs0,,63.0,,1.0,,Status,1,1,0,42,42,0,42.0,0.0,0.0,0.0,0.0,0,0,0,0.0,,,0.0,0.0,0.0,REQ,,,,,0.0,0.0,0.0,0
480755,0.0,0.0,0.0,0.0,0.0,0.0,udp,0.0,,cs0,,63.0,,1.0,,Status,1,1,0,42,42,0,42.0,0.0,0.0,0.0,0.0,0,0,0,0.0,,,0.0,0.0,0.0,REQ,,,,,0.0,0.0,0.0,0
480806,0.0,0.0,0.0,0.0,0.0,0.0,udp,0.0,,cs0,,63.0,,1.0,,Status,1,1,0,42,42,0,42.0,0.0,0.0,0.0,0.0,0,0,0,0.0,,,0.0,0.0,0.0,REQ,,,,,0.0,0.0,0.0,0
480877,2.577754,2.577754,2.577754,2.577754,2.577754,2.577754,udp,0.0,,cs0,,63.0,,1.0,,Status,2,2,0,84,84,0,42.0,0.0,130.346024,130.346024,0.0,0,0,0,0.0,,,0.387935,0.387935,0.0,REQ,,,,,0.0,0.0,0.0,0
480975,2.572055,2.572055,2.572055,2.572055,2.572055,2.572055,udp,0.0,,cs0,,63.0,,1.0,,Status,2,2,0,84,84,0,42.0,0.0,130.634842,130.634842,0.0,0,0,0,0.0,,,0.388794,0.388794,0.0,REQ,,,,,0.0,0.0,0.0,0
480978,2.572056,2.572056,2.572056,2.572056,2.572056,2.572056,udp,0.0,,cs0,,63.0,,1.0,,Status,2,2,0,84,84,0,42.0,0.0,130.634796,130.634796,0.0,0,0,0,0.0,,,0.388794,0.388794,0.0,REQ,,,,,0.0,0.0,0.0,0
480979,2.572056,2.572056,2.572056,2.572056,2.572056,2.572056,udp,0.0,,cs0,,63.0,,1.0,,Status,2,2,0,84,84,0,42.0,0.0,130.634796,130.634796,0.0,0,0,0,0.0,,,0.388794,0.388794,0.0,REQ,,,,,0.0,0.0,0.0,0
481058,0.0,0.0,0.0,0.0,0.0,0.0,udp,0.0,,cs0,,63.0,,1.0,,Status,1,1,0,42,42,0,42.0,0.0,0.0,0.0,0.0,0,0,0,0.0,,,0.0,0.0,0.0,REQ,,,,,0.0,0.0,0.0,0
481107,2.564898,2.564898,2.564898,2.564898,2.564898,2.564898,udp,0.0,,cs0,,63.0,,1.0,,Status,2,2,0,84,84,0,42.0,0.0,130.999359,130.999359,0.0,0,0,0,0.0,,,0.389879,0.389879,0.0,REQ,,,,,0.0,0.0,0.0,0
481380,0.0,0.0,0.0,0.0,0.0,0.0,udp,0.0,,cs0,,63.0,,1.0,,Status,1,1,0,42,42,0,42.0,0.0,0.0,0.0,0.0,0,0,0,0.0,,,0.0,0.0,0.0,REQ,,,,,0.0,0.0,0.0,0
481436,2.57294,2.57294,2.57294,2.57294,2.57294,2.57294,udp,0.0,,cs0,,63.0,,1.0,,Status,2,2,0,84,84,0,42.0,0.0,130.589905,130.589905,0.0,0,0,0,0.0,,,0.38866,0.38866,0.0,REQ,,,,,0.0,0.0,0.0,0
481528,2.564604,2.564604,2.564604,2.564604,2.564604,2.564604,udp,0.0,,cs0,,63.0,,1.0,,Status,2,2,0,84,84,0,42.0,0.0,131.014374,131.014374,0.0,0,0,0,0.0,,,0.389924,0.389924,0.0,REQ,,,,,0.0,0.0,0.0,0
481595,0.0,0.0,0.0,0.0,0.0,0.0,udp,0.0,,cs0,,63.0,,1.0,,Status,1,1,0,42,42,0,42.0,0.0,0.0,0.0,0.0,0,0,0,0.0,,,0.0,0.0,0.0,REQ,,,,,0.0,0.0,0.0,0
481600,0.0,0.0,0.0,0.0,0.0,0.0,udp,0.0,,cs0,,63.0,,1.0,,Status,1,1,0,42,42,0,42.0,0.0,0.0,0.0,0.0,0,0,0,0.0,,,0.0,0.0,0.0,REQ,,,,,0.0,0.0,0.0,0
481615,0.0,0.0,0.0,0.0,0.0,0.0,udp,0.0,,cs0,,63.0,,1.0,,Status,1,1,0,42,42,0,42.0,0.0,0.0,0.0,0.0,0,0,0,0.0,,,0.0,0.0,0.0,REQ,,,,,0.0,0.0,0.0,0
481629,2.57279,2.57279,2.57279,2.57279,2.57279,2.57279,udp,0.0,,cs0,,63.0,,1.0,,Status,2,2,0,84,84,0,42.0,0.0,130.597534,130.597534,0.0,0,0,0,0.0,,,0.388683,0.388683,0.0,REQ,,,,,0.0,0.0,0.0,0
481655,2.576704,2.576704,2.576704,2.576704,2.576704,2.576704,udp,0.0,,cs0,,63.0,,1.0,,Status,2,2,0,84,84,0,42.0,0.0,130.399139,130.399139,0.0,0,0,0,0.0,,,0.388093,0.388093,0.0,REQ,,,,,0.0,0.0,0.0,0
481708,2.571202,2.571202,2.571202,2.571202,2.571202,2.571202,udp,0.0,,cs0,,63.0,,1.0,,Status,2,2,0,84,84,0,42.0,0.0,130.678177,130.678177,0.0,0,0,0,0.0,,,0.388923,0.388923,0.0,REQ,,,,,0.0,0.0,0.0,0
481709,2.571202,2.571202,2.571202,2.571202,2.571202,2.571202,udp,0.0,,cs0,,63.0,,1.0,,Status,2,2,0,84,84,0,42.0,0.0,130.678177,130.678177,0.0,0,0,0,0.0,,,0.388923,0.388923,0.0,REQ,,,,,0.0,0.0,0.0,0
481740,2.576773,2.576773,2.576773,2.576773,2.576773,2.576773,udp,0.0,,cs0,,63.0,,1.0,,Status,2,2,0,84,84,0,42.0,0.0,130.39566,130.39566,0.0,0,0,0,0.0,,,0.388082,0.388082,0.0,REQ,,,,,0.0,0.0,0.0,0
481771,2.5731,2.5731,2.5731,2.5731,2.5731,2.5731,udp,0.0,,cs0,,63.0,,1.0,,Status,2,2,0,84,84,0,42.0,0.0,130.581787,130.581787,0.0,0,0,0,0.0,,,0.388636,0.388636,0.0,REQ,,,,,0.0,0.0,0.0,0
481944,2.573657,2.573657,2.573657,2.573657,2.573657,2.573657,udp,0.0,,cs0,,63.0,,1.0,,Status,2,2,0,84,84,0,42.0,0.0,130.553528,130.553528,0.0,0,0,0,0.0,,,0.388552,0.388552,0.0,REQ,,,,,0.0,0.0,0.0,0
481985,0.0,0.0,0.0,0.0,0.0,0.0,udp,0.0,,cs0,,63.0,,1.0,,Status,1,1,0,42,42,0,42.0,0.0,0.0,0.0,0.0,0,0,0,0.0,,,0.0,0.0,0.0,REQ,,,,,0.0,0.0,0.0,0
482083,0.0,0.0,0.0,0.0,0.0,0.0,udp,0.0,,cs0,,63.0,,1.0,,Status,1,1,0,42,42,0,42.0,0.0,0.0,0.0,0.0,0,0,0,0.0,,,0.0,0.0,0.0,REQ,,,,,0.0,0.0,0.0,0
482112,0.0,0.0,0.0,0.0,0.0,0.0,udp,0.0,,cs0,,63.0,,1.0,,Status,1,1,0,42,42,0,42.0,0.0,0.0,0.0,0.0,0,0,0,0.0,,,0.0,0.0,0.0,REQ,,,,,0.0,0.0,0.0,0
482117,0.0,0.0,0.0,0.0,0.0,0.0,udp,0.0,,cs0,,63.0,,1.0,,Status,1,1,0,42,42,0,42.0,0.0,0.0,0.0,0.0,0,0,0,0.0,,,0.0,0.0,0.0,REQ,,,,,0.0,0.0,0.0,0
482162,2.574724,2.574724,2.574724,2.574724,2.574724,2.574724,udp,0.0,,cs0,,63.0,,1.0,,Status,2,2,0,84,84,0,42.0,0.0,130.49942,130.49942,0.0,0,0,0,0.0,,,0.388391,0.388391,0.0,REQ,,,,,0.0,0.0,0.0,0
482194,2.575142,2.575142,2.575142,2.575142,2.575142,2.575142,udp,0.0,,cs0,,63.0,,1.0,,Status,2,2,0,84,84,0,42.0,0.0,130.478241,130.478241,0.0,0,0,0,0.0,,,0.388328,0.388328,0.0,REQ,,,,,0.0,0.0,0.0,0
482233,2.577812,2.577812,2.577812,2.577812,2.577812,2.577812,udp,0.0,,cs0,,63.0,,1.0,,Status,2,2,0,84,84,0,42.0,0.0,130.343094,130.343094,0.0,0,0,0,0.0,,,0.387926,0.387926,0.0,REQ,,,,,0.0,0.0,0.0,0
482236,2.577967,2.577967,2.577967,2.577967,2.577967,2.577967,udp,0.0,,cs0,,63.0,,1.0,,Status,2,2,0,84,84,0,42.0,0.0,130.335266,130.335266,0.0,0,0,0,0.0,,,0.387903,0.387903,0.0,REQ,,,,,0.0,0.0,0.0,0
482326,0.0,0.0,0.0,0.0,0.0,0.0,udp,0.0,,cs0,,63.0,,1.0,,Status,1,1,0,42,42,0,42.0,0.0,0.0,0.0,0.0,0,0,0,0.0,,,0.0,0.0,0.0,REQ,,,,,0.0,0.0,0.0,0
482335,2.570889,2.570889,2.570889,2.570889,2.570889,2.570889,udp,0.0,,cs0,,63.0,,1.0,,Status,2,2,0,84,84,0,42.0,0.0,130.694092,130.694092,0.0,0,0,0,0.0,,,0.38897,0.38897,0.0,REQ,,,,,0.0,0.0,0.0,0
482396,0.0,0.0,0.0,0.0,0.0,0.0,udp,0.0,,cs0,,63.0,,1.0,,Status,1,1,0,42,42,0,42.0,0.0,0.0,0.0,0.0,0,0,0,0.0,,,0.0,0.0,0.0,REQ,,,,,0.0,0.0,0.0,0
482411,0.0,0.0,0.0,0.0,0.0,0.0,udp,0.0,,cs0,,63.0,,1.0,,Status,1,1,0,42,42,0,42.0,0.0,0.0,0.0,0.0,0,0,0,0.0,,,0.0,0.0,0.0,REQ,,,,,0.0,0.0,0.0,0
482511,2.572665,2.572665,2.572665,2.572665,2.572665,2.572665,udp,0.0,,cs0,,63.0,,1.0,,Status,2,2,0,84,84,0,42.0,0.0,130.603867,130.603867,0.0,0,0,0,0.0,,,0.388702,0.388702,0.0,REQ,,,,,0.0,0.0,0.0,0
482565,0.0,0.0,0.0,0.0,0.0,0.0,udp,0.0,,cs0,,63.0,,1.0,,Status,1,1,0,42,42,0,42.0,0.0,0.0,0.0,0.0,0,0,0,0.0,,,0.0,0.0,0.0,REQ,,,,,0.0,0.0,0.0,0
482573,0.0,0.0,0.0,0.0,0.0,0.0,udp,0.0,,cs0,,63.0,,1.0,,Status,1,1,0,42,42,0,42.0,0.0,0.0,0.0,0.0,0,0,0,0.0,,,0.0,0.0,0.0,REQ,,,,,0.0,0.0,0.0,0
482649,2.58203,2.58203,2.58203,2.58203,2.58203,2.58203,udp,0.0,,cs0,,63.0,,1.0,,Status,2,2,0,84,84,0,42.0,0.0,130.130173,130.130173,0.0,0,0,0,0.0,,,0.387292,0.387292,0.0,REQ,,,,,0.0,0.0,0.0,0
482685,2.580812,2.580812,2.580812,2.580812,2.580812,2.580812,udp,0.0,,cs0,,63.0,,1.0,,Status,2,2,0,84,84,0,42.0,0.0,130.191589,130.191589,0.0,0,0,0,0.0,,,0.387475,0.387475,0.0,REQ,,,,,0.0,0.0,0.0,0
482703,2.583248,2.583248,2.583248,2.583248,2.583248,2.583248,udp,0.0,,cs0,,63.0,,1.0,,Status,2,2,0,84,84,0,42.0,0.0,130.068817,130.068817,0.0,0,0,0,0.0,,,0.38711,0.38711,0.0,REQ,,,,,0.0,0.0,0.0,0
482720,0.0,0.0,0.0,0.0,0.0,0.0,udp,0.0,,cs0,,63.0,,1.0,,Status,1,1,0,42,42,0,42.0,0.0,0.0,0.0,0.0,0,0,0,0.0,,,0.0,0.0,0.0,REQ,,,,,0.0,0.0,0.0,0
482865,2.574063,2.574063,2.574063,2.574063,2.574063,2.574063,udp,0.0,,cs0,,63.0,,1.0,,Status,2,2,0,84,84,0,42.0,0.0,130.532928,130.532928,0.0,0,0,0,0.0,,,0.388491,0.388491,0.0,REQ,,,,,0.0,0.0,0.0,0
482890,0.0,0.0,0.0,0.0,0.0,0.0,udp,0.0,,cs0,,63.0,,1.0,,Status,1,1,0,42,42,0,42.0,0.0,0.0,0.0,0.0,0,0,0,0.0,,,0.0,0.0,0.0,REQ,,,,,0.0,0.0,0.0,0
482904,0.0,0.0,0.0,0.0,0.0,0.0,udp,0.0,,cs0,,63.0,,1.0,,Status,1,1,0,42,42,0,42.0,0.0,0.0,0.0,0.0,0,0,0,0.0,,,0.0,0.0,0.0,REQ,,,,,0.0,0.0,0.0,0
482905,0.0,0.0,0.0,0.0,0.0,0.0,udp,0.0,,cs0,,63.0,,1.0,,Status,1,1,0,42,42,0,42.0,0.0,0.0,0.0,0.0,0,0,0,0.0,,,0.0,0.0,0.0,REQ,,,,,0.0,0.0,0.0,0
482962,0.0,0.0,0.0,0.0,0.0,0.0,udp,0.0,,cs0,,63.0,,1.0,,Status,1,1,0,42,42,0,42.0,0.0,0.0,0.0,0.0,0,0,0,0.0,,,0.0,0.0,0.0,REQ,,,,,0.0,0.0,0.0,0
483033,2.574241,2.574241,2.574241,2.574241,2.574241,2.574241,udp,0.0,,cs0,,63.0,,1.0,,Status,2,2,0,84,84,0,42.0,0.0,130.523911,130.523911,0.0,0,0,0,0.0,,,0.388464,0.388464,0.0,REQ,,,,,0.0,0.0,0.0,0
483039,2.574235,2.574235,2.574235,2.574235,2.574235,2.574235,udp,0.0,,cs0,,63.0,,1.0,,Status,2,2,0,84,84,0,42.0,0.0,130.524216,130.524216,0.0,0,0,0,0.0,,,0.388465,0.388465,0.0,REQ,,,,,0.0,0.0,0.0,0
483051,2.57246,2.57246,2.57246,2.57246,2.57246,2.57246,udp,0.0,,cs0,,63.0,,1.0,,Status,2,2,0,84,84,0,42.0,0.0,130.614273,130.614273,0.0,0,0,0,0.0,,,0.388733,0.388733,0.0,REQ,,,,,0.0,0.0,0.0,0
483059,2.574239,2.574239,2.574239,2.574239,2.574239,2.574239,udp,0.0,,cs0,,63.0,,1.0,,Status,2,2,0,84,84,0,42.0,0.0,130.524017,130.524017,0.0,0,0,0,0.0,,,0.388464,0.388464,0.0,REQ,,,,,0.0,0.0,0.0,0
483066,0.0,0.0,0.0,0.0,0.0,0.0,udp,0.0,,cs0,,63.0,,1.0,,Status,1,1,0,42,42,0,42.0,0.0,0.0,0.0,0.0,0,0,0,0.0,,,0.0,0.0,0.0,REQ,,,,,0.0,0.0,0.0,0
483086,2.5743,2.5743,2.5743,2.5743,2.5743,2.5743,udp,0.0,,cs0,,63.0,,1.0,,Status,2,2,0,84,84,0,42.0,0.0,130.52092,130.52092,0.0,0,0,0,0.0,,,0.388455,0.388455,0.0,REQ,,,,,0.0,0.0,0.0,0
483089,2.574281,2.574281,2.574281,2.574281,2.574281,2.574281,udp,0.0,,cs0,,63.0,,1.0,,Status,2,2,0,84,84,0,42.0,0.0,130.521881,130.521881,0.0,0,0,0,0.0,,,0.388458,0.388458,0.0,REQ,,,,,0.0,0.0,0.0,0
483141,0.0,0.0,0.0,0.0,0.0,0.0,udp,0.0,,cs0,,63.0,,1.0,,Status,1,1,0,42,42,0,42.0,0.0,0.0,0.0,0.0,0,0,0,0.0,,,0.0,0.0,0.0,REQ,,,,,0.0,0.0,0.0,0
483225,0.0,0.0,0.0,0.0,0.0,0.0,udp,0.0,,cs0,,63.0,,1.0,,Status,1,1,0,42,42,0,42.0,0.0,0.0,0.0,0.0,0,0,0,0.0,,,0.0,0.0,0.0,REQ,,,,,0.0,0.0,0.0,0
483238,0.0,0.0,0.0,0.0,0.0,0.0,udp,0.0,,cs0,,63.0,,1.0,,Status,1,1,0,42,42,0,42.0,0.0,0.0,0.0,0.0,0,0,0,0.0,,,0.0,0.0,0.0,REQ,,,,,0.0,0.0,0.0,0
483263,2.57094,2.57094,2.57094,2.57094,2.57094,2.57094,udp,0.0,,cs0,,63.0,,1.0,,Status,2,2,0,84,84,0,42.0,0.0,130.691498,130.691498,0.0,0,0,0,0.0,,,0.388963,0.388963,0.0,REQ,,,,,0.0,0.0,0.0,0
483287,0.0,0.0,0.0,0.0,0.0,0.0,udp,0.0,,cs0,,63.0,,1.0,,Status,1,1,0,42,42,0,42.0,0.0,0.0,0.0,0.0,0,0,0,0.0,,,0.0,0.0,0.0,REQ,,,,,0.0,0.0,0.0,0
483304,2.575231,2.575231,2.575231,2.575231,2.575231,2.575231,udp,0.0,,cs0,,63.0,,1.0,,Status,2,2,0,84,84,0,42.0,0.0,130.473724,130.473724,0.0,0,0,0,0.0,,,0.388315,0.388315,0.0,REQ,,,,,0.0,0.0,0.0,0
483325,0.0,0.0,0.0,0.0,0.0,0.0,udp,0.0,,cs0,,63.0,,1.0,,Status,1,1,0,42,42,0,42.0,0.0,0.0,0.0,0.0,0,0,0,0.0,,,0.0,0.0,0.0,REQ,,,,,0.0,0.0,0.0,0
483341,0.0,0.0,0.0,0.0,0.0,0.0,udp,0.0,,cs0,,63.0,,1.0,,Status,1,1,0,42,42,0,42.0,0.0,0.0,0.0,0.0,0,0,0,0.0,,,0.0,0.0,0.0,REQ,,,,,0.0,0.0,0.0,0
483351,2.573145,2.573145,2.573145,2.573145,2.573145,2.573145,udp,0.0,,cs0,,63.0,,1.0,,Status,2,2,0,84,84,0,42.0,0.0,130.579514,130.579514,0.0,0,0,0,0.0,,,0.388629,0.388629,0.0,REQ,,,,,0.0,0.0,0.0,0
483368,2.573087,2.573087,2.573087,2.573087,2.573087,2.573087,udp,0.0,,cs0,,63.0,,1.0,,Status,2,2,0,84,84,0,42.0,0.0,130.582443,130.582443,0.0,0,0,0,0.0,,,0.388638,0.388638,0.0,REQ,,,,,0.0,0.0,0.0,0
483386,0.0,0.0,0.0,0.0,0.0,0.0,udp,0.0,,cs0,,63.0,,1.0,,Status,1,1,0,42,42,0,42.0,0.0,0.0,0.0,0.0,0,0,0,0.0,,,0.0,0.0,0.0,REQ,,,,,0.0,0.0,0.0,0
483404,0.0,0.0,0.0,0.0,0.0,0.0,udp,0.0,,cs0,,63.0,,1.0,,Status,1,1,0,42,42,0,42.0,0.0,0.0,0.0,0.0,0,0,0,0.0,,,0.0,0.0,0.0,REQ,,,,,0.0,0.0,0.0,0
483427,2.573946,2.573946,2.573946,2.573946,2.573946,2.573946,udp,0.0,,cs0,,63.0,,1.0,,Status,2,2,0,84,84,0,42.0,0.0,130.538864,130.538864,0.0,0,0,0,0.0,,,0.388509,0.388509,0.0,REQ,,,,,0.0,0.0,0.0,0
483437,2.584941,2.584941,2.584941,2.584941,2.584941,2.584941,udp,0.0,,cs0,,63.0,,1.0,,Status,2,2,0,84,84,0,42.0,0.0,129.983627,129.983627,0.0,0,0,0,0.0,,,0.386856,0.386856,0.0,REQ,,,,,0.0,0.0,0.0,0
483497,2.581388,2.581388,2.581388,2.581388,2.581388,2.581388,udp,0.0,,cs0,,63.0,,1.0,,Status,2,2,0,84,84,0,42.0,0.0,130.162537,130.162537,0.0,0,0,0,0.0,,,0.387388,0.387388,0.0,REQ,,,,,0.0,0.0,0.0,0
483513,2.581352,2.581352,2.581352,2.581352,2.581352,2.581352,udp,0.0,,cs0,,63.0,,1.0,,Status,2,2,0,84,84,0,42.0,0.0,130.164352,130.164352,0.0,0,0,0,0.0,,,0.387394,0.387394,0.0,REQ,,,,,0.0,0.0,0.0,0
483569,2.585182,2.585182,2.585182,2.585182,2.585182,2.585182,udp,0.0,,cs0,,63.0,,1.0,,Status,2,2,0,84,84,0,42.0,0.0,129.971512,129.971512,0.0,0,0,0,0.0,,,0.38682,0.38682,0.0,REQ,,,,,0.0,0.0,0.0,0
483707,0.0,0.0,0.0,0.0,0.0,0.0,udp,0.0,,cs0,,63.0,,1.0,,Status,1,1,0,42,42,0,42.0,0.0,0.0,0.0,0.0,0,0,0,0.0,,,0.0,0.0,0.0,REQ,,,,,0.0,0.0,0.0,0
483771,2.576702,2.576702,2.576702,2.576702,2.576702,2.576702,udp,0.0,,cs0,,63.0,,1.0,,Status,2,2,0,84,84,0,42.0,0.0,130.399246,130.399246,0.0,0,0,0,0.0,,,0.388093,0.388093,0.0,REQ,,,,,0.0,0.0,0.0,0
483816,0.0,0.0,0.0,0.0,0.0,0.0,udp,0.0,,cs0,,63.0,,1.0,,Status,1,1,0,42,42,0,42.0,0.0,0.0,0.0,0.0,0,0,0,0.0,,,0.0,0.0,0.0,REQ,,,,,0.0,0.0,0.0,0
483984,2.573558,2.573558,2.573558,2.573558,2.573558,2.573558,udp,0.0,,cs0,,63.0,,1.0,,Status,2,2,0,84,84,0,42.0,0.0,130.558548,130.558548,0.0,0,0,0,0.0,,,0.388567,0.388567,0.0,REQ,,,,,0.0,0.0,0.0,0
484006,0.0,0.0,0.0,0.0,0.0,0.0,udp,0.0,,cs0,,63.0,,1.0,,Status,1,1,0,42,42,0,42.0,0.0,0.0,0.0,0.0,0,0,0,0.0,,,0.0,0.0,0.0,REQ,,,,,0.0,0.0,0.0,0
484052,2.590464,2.590464,2.590464,2.590464,2.590464,2.590464,udp,0.0,,cs0,,63.0,,1.0,,Status,2,2,0,84,84,0,42.0,0.0,129.706482,129.706482,0.0,0,0,0,0.0,,,0.386031,0.386031,0.0,REQ,,,,,0.0,0.0,0.0,0
484085,0.0,0.0,0.0,0.0,0.0,0.0,udp,0.0,,cs0,,63.0,,1.0,,Status,1,1,0,42,42,0,42.0,0.0,0.0,0.0,0.0,0,0,0,0.0,,,0.0,0.0,0.0,REQ,,,,,0.0,0.0,0.0,0
484149,0.0,0.0,0.0,0.0,0.0,0.0,udp,0.0,,cs0,,63.0,,1.0,,Status,1,1,0,42,42,0,42.0,0.0,0.0,0.0,0.0,0,0,0,0.0,,,0.0,0.0,0.0,REQ,,,,,0.0,0.0,0.0,0
484153,0.0,0.0,0.0,0.0,0.0,0.0,udp,0.0,,cs0,,63.0,,1.0,,Status,1,1,0,42,42,0,42.0,0.0,0.0,0.0,0.0,0,0,0,0.0,,,0.0,0.0,0.0,REQ,,,,,0.0,0.0,0.0,0
484171,0.0,0.0,0.0,0.0,0.0,0.0,udp,0.0,,cs0,,63.0,,1.0,,Status,1,1,0,42,42,0,42.0,0.0,0.0,0.0,0.0,0,0,0,0.0,,,0.0,0.0,0.0,REQ,,,,,0.0,0.0,0.0,0
484212,0.0,0.0,0.0,0.0,0.0,0.0,udp,0.0,,cs0,,63.0,,1.0,,Status,1,1,0,42,42,0,42.0,0.0,0.0,0.0,0.0,0,0,0,0.0,,,0.0,0.0,0.0,REQ,,,,,0.0,0.0,0.0,0
484265,0.0,0.0,0.0,0.0,0.0,0.0,udp,0.0,,cs0,,63.0,,1.0,,Status,1,1,0,42,42,0,42.0,0.0,0.0,0.0,0.0,0,0,0,0.0,,,0.0,0.0,0.0,REQ,,,,,0.0,0.0,0.0,0
484290,2.571259,2.571259,2.571259,2.571259,2.571259,2.571259,udp,0.0,,cs0,,63.0,,1.0,,Status,2,2,0,84,84,0,42.0,0.0,130.675278,130.675278,0.0,0,0,0,0.0,,,0.388915,0.388915,0.0,REQ,,,,,0.0,0.0,0.0,0
484332,0.0,0.0,0.0,0.0,0.0,0.0,udp,0.0,,cs0,,63.0,,1.0,,Status,1,1,0,42,42,0,42.0,0.0,0.0,0.0,0.0,0,0,0,0.0,,,0.0,0.0,0.0,REQ,,,,,0.0,0.0,0.0,0
484473,2.576919,2.576919,2.576919,2.576919,2.576919,2.576919,udp,0.0,,cs0,,63.0,,1.0,,Status,2,2,0,84,84,0,42.0,0.0,130.38826,130.38826,0.0,0,0,0,0.0,,,0.38806,0.38806,0.0,REQ,,,,,0.0,0.0,0.0,0
484475,2.577963,2.577963,2.577963,2.577963,2.577963,2.577963,udp,0.0,,cs0,,63.0,,1.0,,Status,2,2,0,84,84,0,42.0,0.0,130.335449,130.335449,0.0,0,0,0,0.0,,,0.387903,0.387903,0.0,REQ,,,,,0.0,0.0,0.0,0
484489,0.0,0.0,0.0,0.0,0.0,0.0,udp,0.0,,cs0,,63.0,,1.0,,Status,1,1,0,42,42,0,42.0,0.0,0.0,0.0,0.0,0,0,0,0.0,,,0.0,0.0,0.0,REQ,,,,,0.0,0.0,0.0,0
484508,0.0,0.0,0.0,0.0,0.0,0.0,udp,0.0,,cs0,,63.0,,1.0,,Status,1,1,0,42,42,0,42.0,0.0,0.0,0.0,0.0,0,0,0,0.0,,,0.0,0.0,0.0,REQ,,,,,0.0,0.0,0.0,0
484546,2.577406,2.577406,2.577406,2.577406,2.577406,2.577406,udp,0.0,,cs0,,63.0,,1.0,,Status,2,2,0,84,84,0,42.0,0.0,130.363632,130.363632,0.0,0,0,0,0.0,,,0.387987,0.387987,0.0,REQ,,,,,0.0,0.0,0.0,0
484548,2.577406,2.577406,2.577406,2.577406,2.577406,2.577406,udp,0.0,,cs0,,63.0,,1.0,,Status,2,2,0,84,84,0,42.0,0.0,130.363632,130.363632,0.0,0,0,0,0.0,,,0.387987,0.387987,0.0,REQ,,,,,0.0,0.0,0.0,0
484554,2.577293,2.577293,2.577293,2.577293,2.577293,2.577293,udp,0.0,,cs0,,63.0,,1.0,,Status,2,2,0,84,84,0,42.0,0.0,130.369354,130.369354,0.0,0,0,0,0.0,,,0.388004,0.388004,0.0,REQ,,,,,0.0,0.0,0.0,0
484556,0.0,0.0,0.0,0.0,0.0,0.0,udp,0.0,,cs0,,63.0,,1.0,,Status,1,1,0,42,42,0,42.0,0.0,0.0,0.0,0.0,0,0,0,0.0,,,0.0,0.0,0.0,REQ,,,,,0.0,0.0,0.0,0
484577,2.577256,2.577256,2.577256,2.577256,2.577256,2.577256,udp,0.0,,cs0,,63.0,,1.0,,Status,2,2,0,84,84,0,42.0,0.0,130.371216,130.371216,0.0,0,0,0,0.0,,,0.38801,0.38801,0.0,REQ,,,,,0.0,0.0,0.0,0
484685,0.0,0.0,0.0,0.0,0.0,0.0,udp,0.0,,cs0,,63.0,,1.0,,Status,1,1,0,42,42,0,42.0,0.0,0.0,0.0,0.0,0,0,0,0.0,,,0.0,0.0,0.0,REQ,,,,,0.0,0.0,0.0,0
484701,0.0,0.0,0.0,0.0,0.0,0.0,udp,0.0,,cs0,,63.0,,1.0,,Status,1,1,0,42,42,0,42.0,0.0,0.0,0.0,0.0,0,0,0,0.0,,,0.0,0.0,0.0,REQ,,,,,0.0,0.0,0.0,0
484746,2.57176,2.57176,2.57176,2.57176,2.57176,2.57176,udp,0.0,,cs0,,63.0,,1.0,,Status,2,2,0,84,84,0,42.0,0.0,130.649826,130.649826,0.0,0,0,0,0.0,,,0.388839,0.388839,0.0,REQ,,,,,0.0,0.0,0.0,0
484748,2.571749,2.571749,2.571749,2.571749,2.571749,2.571749,udp,0.0,,cs0,,63.0,,1.0,,Status,2,2,0,84,84,0,42.0,0.0,130.650391,130.650391,0.0,0,0,0,0.0,,,0.38884,0.38884,0.0,REQ,,,,,0.0,0.0,0.0,0
484827,2.574858,2.574858,2.574858,2.574858,2.574858,2.574858,udp,0.0,,cs0,,63.0,,1.0,,Status,2,2,0,84,84,0,42.0,0.0,130.49263,130.49263,0.0,0,0,0,0.0,,,0.388371,0.388371,0.0,REQ,,,,,0.0,0.0,0.0,0
484841,2.572902,2.572902,2.572902,2.572902,2.572902,2.572902,udp,0.0,,cs0,,63.0,,1.0,,Status,2,2,0,84,84,0,42.0,0.0,130.591843,130.591843,0.0,0,0,0,0.0,,,0.388666,0.388666,0.0,REQ,,,,,0.0,0.0,0.0,0
484940,2.572161,2.572161,2.572161,2.572161,2.572161,2.572161,udp,0.0,,cs0,,63.0,,1.0,,Status,2,2,0,84,84,0,42.0,0.0,130.629456,130.629456,0.0,0,0,0,0.0,,,0.388778,0.388778,0.0,REQ,,,,,0.0,0.0,0.0,0
484966,0.0,0.0,0.0,0.0,0.0,0.0,udp,0.0,,cs0,,63.0,,1.0,,Status,1,1,0,42,42,0,42.0,0.0,0.0,0.0,0.0,0,0,0,0.0,,,0.0,0.0,0.0,REQ,,,,,0.0,0.0,0.0,0
485008,0.0,0.0,0.0,0.0,0.0,0.0,udp,0.0,,cs0,,63.0,,1.0,,Status,1,1,0,42,42,0,42.0,0.0,0.0,0.0,0.0,0,0,0,0.0,,,0.0,0.0,0.0,REQ,,,,,0.0,0.0,0.0,0
485058,2.575084,2.575084,2.575084,2.575084,2.575084,2.575084,udp,0.0,,cs0,,63.0,,1.0,,Status,2,2,0,84,84,0,42.0,0.0,130.481186,130.481186,0.0,0,0,0,0.0,,,0.388337,0.388337,0.0,REQ,,,,,0.0,0.0,0.0,0
485160,0.0,0.0,0.0,0.0,0.0,0.0,udp,0.0,,cs0,,63.0,,1.0,,Status,1,1,0,42,42,0,42.0,0.0,0.0,0.0,0.0,0,0,0,0.0,,,0.0,0.0,0.0,REQ,,,,,0.0,0.0,0.0,0
485185,0.0,0.0,0.0,0.0,0.0,0.0,udp,0.0,,cs0,,63.0,,1.0,,Status,1,1,0,42,42,0,42.0,0.0,0.0,0.0,0.0,0,0,0,0.0,,,0.0,0.0,0.0,REQ,,,,,0.0,0.0,0.0,0
485216,0.0,0.0,0.0,0.0,0.0,0.0,udp,0.0,,cs0,,63.0,,1.0,,Status,1,1,0,42,42,0,42.0,0.0,0.0,0.0,0.0,0,0,0,0.0,,,0.0,0.0,0.0,REQ,,,,,0.0,0.0,0.0,0
485259,2.570828,2.570828,2.570828,2.570828,2.570828,2.570828,udp,0.0,,cs0,,63.0,,1.0,,Status,2,2,0,84,84,0,42.0,0.0,130.697189,130.697189,0.0,0,0,0,0.0,,,0.38898,0.38898,0.0,REQ,,,,,0.0,0.0,0.0,0
485276,2.576011,2.576011,2.576011,2.576011,2.576011,2.576011,udp,0.0,,cs0,,63.0,,1.0,,Status,2,2,0,84,84,0,42.0,0.0,130.434235,130.434235,0.0,0,0,0,0.0,,,0.388197,0.388197,0.0,REQ,,,,,0.0,0.0,0.0,0
485351,0.0,0.0,0.0,0.0,0.0,0.0,udp,0.0,,cs0,,63.0,,1.0,,Status,1,1,0,42,42,0,42.0,0.0,0.0,0.0,0.0,0,0,0,0.0,,,0.0,0.0,0.0,REQ,,,,,0.0,0.0,0.0,0
485394,0.0,0.0,0.0,0.0,0.0,0.0,udp,0.0,,cs0,,63.0,,1.0,,Status,1,1,0,42,42,0,42.0,0.0,0.0,0.0,0.0,0,0,0,0.0,,,0.0,0.0,0.0,REQ,,,,,0.0,0.0,0.0,0
485408,0.0,0.0,0.0,0.0,0.0,0.0,udp,0.0,,cs0,,63.0,,1.0,,Status,1,1,0,42,42,0,42.0,0.0,0.0,0.0,0.0,0,0,0,0.0,,,0.0,0.0,0.0,REQ,,,,,0.0,0.0,0.0,0
485514,0.0,0.0,0.0,0.0,0.0,0.0,udp,0.0,,cs0,,63.0,,1.0,,Status,1,1,0,42,42,0,42.0,0.0,0.0,0.0,0.0,0,0,0,0.0,,,0.0,0.0,0.0,REQ,,,,,0.0,0.0,0.0,0
485523,0.0,0.0,0.0,0.0,0.0,0.0,udp,0.0,,cs0,,63.0,,1.0,,Status,1,1,0,42,42,0,42.0,0.0,0.0,0.0,0.0,0,0,0,0.0,,,0.0,0.0,0.0,REQ,,,,,0.0,0.0,0.0,0
485552,2.573301,2.573301,2.573301,2.573301,2.573301,2.573301,udp,0.0,,cs0,,63.0,,1.0,,Status,2,2,0,84,84,0,42.0,0.0,130.571579,130.571579,0.0,0,0,0,0.0,,,0.388606,0.388606,0.0,REQ,,,,,0.0,0.0,0.0,0
485566,0.0,0.0,0.0,0.0,0.0,0.0,udp,0.0,,cs0,,63.0,,1.0,,Status,1,1,0,42,42,0,42.0,0.0,0.0,0.0,0.0,0,0,0,0.0,,,0.0,0.0,0.0,REQ,,,,,0.0,0.0,0.0,0
485606,0.0,0.0,0.0,0.0,0.0,0.0,udp,0.0,,cs0,,63.0,,1.0,,Status,1,1,0,42,42,0,42.0,0.0,0.0,0.0,0.0,0,0,0,0.0,,,0.0,0.0,0.0,REQ,,,,,0.0,0.0,0.0,0
485629,2.571729,2.571729,2.571729,2.571729,2.571729,2.571729,udp,0.0,,cs0,,63.0,,1.0,,Status,2,2,0,84,84,0,42.0,0.0,130.651398,130.651398,0.0,0,0,0,0.0,,,0.388843,0.388843,0.0,REQ,,,,,0.0,0.0,0.0,0
485685,0.0,0.0,0.0,0.0,0.0,0.0,udp,0.0,,cs0,,63.0,,1.0,,Status,1,1,0,42,42,0,42.0,0.0,0.0,0.0,0.0,0,0,0,0.0,,,0.0,0.0,0.0,REQ,,,,,0.0,0.0,0.0,0
485708,2.571714,2.571714,2.571714,2.571714,2.571714,2.571714,udp,0.0,,cs0,,63.0,,1.0,,Status,2,2,0,84,84,0,42.0,0.0,130.652161,130.652161,0.0,0,0,0,0.0,,,0.388846,0.388846,0.0,REQ,,,,,0.0,0.0,0.0,0
485761,0.0,0.0,0.0,0.0,0.0,0.0,udp,0.0,,cs0,,63.0,,1.0,,Status,1,1,0,42,42,0,42.0,0.0,0.0,0.0,0.0,0,0,0,0.0,,,0.0,0.0,0.0,REQ,,,,,0.0,0.0,0.0,0
485779,2.571091,2.571091,2.571091,2.571091,2.571091,2.571091,udp,0.0,,cs0,,63.0,,1.0,,Status,2,2,0,84,84,0,42.0,0.0,130.683823,130.683823,0.0,0,0,0,0.0,,,0.38894,0.38894,0.0,REQ,,,,,0.0,0.0,0.0,0
485918,2.575102,2.575102,2.575102,2.575102,2.575102,2.575102,udp,0.0,,cs0,,63.0,,1.0,,Status,2,2,0,84,84,0,42.0,0.0,130.48027,130.48027,0.0,0,0,0,0.0,,,0.388334,0.388334,0.0,REQ,,,,,0.0,0.0,0.0,0
485929,2.573221,2.573221,2.573221,2.573221,2.573221,2.573221,udp,0.0,,cs0,,63.0,,1.0,,Status,2,2,0,84,84,0,42.0,0.0,130.575653,130.575653,0.0,0,0,0,0.0,,,0.388618,0.388618,0.0,REQ,,,,,0.0,0.0,0.0,0
485955,2.572881,2.572881,2.572881,2.572881,2.572881,2.572881,udp,0.0,,cs0,,63.0,,1.0,,Status,2,2,0,84,84,0,42.0,0.0,130.592911,130.592911,0.0,0,0,0,0.0,,,0.388669,0.388669,0.0,REQ,,,,,0.0,0.0,0.0,0
485996,2.571895,2.571895,2.571895,2.571895,2.571895,2.571895,udp,0.0,,cs0,,63.0,,1.0,,Status,2,2,0,84,84,0,42.0,0.0,130.642975,130.642975,0.0,0,0,0,0.0,,,0.388818,0.388818,0.0,REQ,,,,,0.0,0.0,0.0,0
486095,0.0,0.0,0.0,0.0,0.0,0.0,udp,0.0,,cs0,,63.0,,1.0,,Status,1,1,0,42,42,0,42.0,0.0,0.0,0.0,0.0,0,0,0,0.0,,,0.0,0.0,0.0,REQ,,,,,0.0,0.0,0.0,0
486139,2.577923,2.577923,2.577923,2.577923,2.577923,2.577923,udp,0.0,,cs0,,63.0,,1.0,,Status,2,2,0,84,84,0,42.0,0.0,130.337479,130.337479,0.0,0,0,0,0.0,,,0.387909,0.387909,0.0,REQ,,,,,0.0,0.0,0.0,0
486167,0.0,0.0,0.0,0.0,0.0,0.0,udp,0.0,,cs0,,63.0,,1.0,,Status,1,1,0,42,42,0,42.0,0.0,0.0,0.0,0.0,0,0,0,0.0,,,0.0,0.0,0.0,REQ,,,,,0.0,0.0,0.0,0
486179,2.57226,2.57226,2.57226,2.57226,2.57226,2.57226,udp,0.0,,cs0,,63.0,,1.0,,Status,2,2,0,84,84,0,42.0,0.0,130.624435,130.624435,0.0,0,0,0,0.0,,,0.388763,0.388763,0.0,REQ,,,,,0.0,0.0,0.0,0
486238,0.0,0.0,0.0,0.0,0.0,0.0,udp,0.0,,cs0,,63.0,,1.0,,Status,1,1,0,42,42,0,42.0,0.0,0.0,0.0,0.0,0,0,0,0.0,,,0.0,0.0,0.0,REQ,,,,,0.0,0.0,0.0,0
486274,2.577024,2.577024,2.577024,2.577024,2.577024,2.577024,udp,0.0,,cs0,,63.0,,1.0,,Status,2,2,0,84,84,0,42.0,0.0,130.38295,130.38295,0.0,0,0,0,0.0,,,0.388045,0.388045,0.0,REQ,,,,,0.0,0.0,0.0,0
486283,0.0,0.0,0.0,0.0,0.0,0.0,udp,0.0,,cs0,,63.0,,1.0,,Status,1,1,0,42,42,0,42.0,0.0,0.0,0.0,0.0,0,0,0,0.0,,,0.0,0.0,0.0,REQ,,,,,0.0,0.0,0.0,0
486311,0.0,0.0,0.0,0.0,0.0,0.0,udp,0.0,,cs0,,63.0,,1.0,,Status,1,1,0,42,42,0,42.0,0.0,0.0,0.0,0.0,0,0,0,0.0,,,0.0,0.0,0.0,REQ,,,,,0.0,0.0,0.0,0
486321,2.572221,2.572221,2.572221,2.572221,2.572221,2.572221,udp,0.0,,cs0,,63.0,,1.0,,Status,2,2,0,84,84,0,42.0,0.0,130.626404,130.626404,0.0,0,0,0,0.0,,,0.388769,0.388769,0.0,REQ,,,,,0.0,0.0,0.0,0
486331,2.577977,2.577977,2.577977,2.577977,2.577977,2.577977,udp,0.0,,cs0,,63.0,,1.0,,Status,2,2,0,84,84,0,42.0,0.0,130.334763,130.334763,0.0,0,0,0,0.0,,,0.387901,0.387901,0.0,REQ,,,,,0.0,0.0,0.0,0
486405,2.572092,2.572092,2.572092,2.572092,2.572092,2.572092,udp,0.0,,cs0,,63.0,,1.0,,Status,2,2,0,84,84,0,42.0,0.0,130.632965,130.632965,0.0,0,0,0,0.0,,,0.388789,0.388789,0.0,REQ,,,,,0.0,0.0,0.0,0
486416,0.0,0.0,0.0,0.0,0.0,0.0,udp,0.0,,cs0,,63.0,,1.0,,Status,1,1,0,42,42,0,42.0,0.0,0.0,0.0,0.0,0,0,0,0.0,,,0.0,0.0,0.0,REQ,,,,,0.0,0.0,0.0,0
486498,2.577734,2.577734,2.577734,2.577734,2.577734,2.577734,udp,0.0,,cs0,,63.0,,1.0,,Status,2,2,0,84,84,0,42.0,0.0,130.347046,130.347046,0.0,0,0,0,0.0,,,0.387938,0.387938,0.0,REQ,,,,,0.0,0.0,0.0,0
486517,2.57335,2.57335,2.57335,2.57335,2.57335,2.57335,udp,0.0,,cs0,,63.0,,1.0,,Status,2,2,0,84,84,0,42.0,0.0,130.569107,130.569107,0.0,0,0,0,0.0,,,0.388599,0.388599,0.0,REQ,,,,,0.0,0.0,0.0,0
486568,2.57422,2.57422,2.57422,2.57422,2.57422,2.57422,udp,0.0,,cs0,,63.0,,1.0,,Status,2,2,0,84,84,0,42.0,0.0,130.524979,130.524979,0.0,0,0,0,0.0,,,0.388467,0.388467,0.0,REQ,,,,,0.0,0.0,0.0,0
486598,2.575787,2.575787,2.575787,2.575787,2.575787,2.575787,udp,0.0,,cs0,,63.0,,1.0,,Status,2,2,0,84,84,0,42.0,0.0,130.445572,130.445572,0.0,0,0,0,0.0,,,0.388231,0.388231,0.0,REQ,,,,,0.0,0.0,0.0,0
486663,2.579916,2.579916,2.579916,2.579916,2.579916,2.579916,udp,0.0,,cs0,,63.0,,1.0,,Status,2,2,0,84,84,0,42.0,0.0,130.236801,130.236801,0.0,0,0,0,0.0,,,0.38761,0.38761,0.0,REQ,,,,,0.0,0.0,0.0,0
486702,2.573254,2.573254,2.573254,2.573254,2.573254,2.573254,udp,0.0,,cs0,,63.0,,1.0,,Status,2,2,0,84,84,0,42.0,0.0,130.573975,130.573975,0.0,0,0,0,0.0,,,0.388613,0.388613,0.0,REQ,,,,,0.0,0.0,0.0,0
486749,2.574699,2.574699,2.574699,2.574699,2.574699,2.574699,udp,0.0,,cs0,,63.0,,1.0,,Status,2,2,0,84,84,0,42.0,0.0,130.500702,130.500702,0.0,0,0,0,0.0,,,0.388395,0.388395,0.0,REQ,,,,,0.0,0.0,0.0,0
486805,0.0,0.0,0.0,0.0,0.0,0.0,udp,0.0,,cs0,,63.0,,1.0,,Status,1,1,0,42,42,0,42.0,0.0,0.0,0.0,0.0,0,0,0,0.0,,,0.0,0.0,0.0,REQ,,,,,0.0,0.0,0.0,0
486807,2.574992,2.574992,2.574992,2.574992,2.574992,2.574992,udp,0.0,,cs0,,63.0,,1.0,,Status,2,2,0,84,84,0,42.0,0.0,130.48584,130.48584,0.0,0,0,0,0.0,,,0.388351,0.388351,0.0,REQ,,,,,0.0,0.0,0.0,0
486830,0.0,0.0,0.0,0.0,0.0,0.0,udp,0.0,,cs0,,63.0,,1.0,,Status,1,1,0,42,42,0,42.0,0.0,0.0,0.0,0.0,0,0,0,0.0,,,0.0,0.0,0.0,REQ,,,,,0.0,0.0,0.0,0
486951,0.0,0.0,0.0,0.0,0.0,0.0,udp,0.0,,cs0,,63.0,,1.0,,Status,1,1,0,42,42,0,42.0,0.0,0.0,0.0,0.0,0,0,0,0.0,,,0.0,0.0,0.0,REQ,,,,,0.0,0.0,0.0,0
486974,2.576198,2.576198,2.576198,2.576198,2.576198,2.576198,udp,0.0,,cs0,,63.0,,1.0,,Status,2,2,0,84,84,0,42.0,0.0,130.424759,130.424759,0.0,0,0,0,0.0,,,0.388169,0.388169,0.0,REQ,,,,,0.0,0.0,0.0,0
486987,2.574217,2.574217,2.574217,2.574217,2.574217,2.574217,udp,0.0,,cs0,,63.0,,1.0,,Status,2,2,0,84,84,0,42.0,0.0,130.525116,130.525116,0.0,0,0,0,0.0,,,0.388468,0.388468,0.0,REQ,,,,,0.0,0.0,0.0,0
487047,2.575012,2.575012,2.575012,2.575012,2.575012,2.575012,udp,0.0,,cs0,,63.0,,1.0,,Status,2,2,0,84,84,0,42.0,0.0,130.484833,130.484833,0.0,0,0,0,0.0,,,0.388348,0.388348,0.0,REQ,,,,,0.0,0.0,0.0,0
487061,2.576505,2.576505,2.576505,2.576505,2.576505,2.576505,udp,0.0,,cs0,,63.0,,1.0,,Status,2,2,0,84,84,0,42.0,0.0,130.409225,130.409225,0.0,0,0,0,0.0,,,0.388123,0.388123,0.0,REQ,,,,,0.0,0.0,0.0,0
487082,2.57683,2.57683,2.57683,2.57683,2.57683,2.57683,udp,0.0,,cs0,,63.0,,1.0,,Status,2,2,0,84,84,0,42.0,0.0,130.392776,130.392776,0.0,0,0,0,0.0,,,0.388074,0.388074,0.0,REQ,,,,,0.0,0.0,0.0,0
487101,2.579763,2.579763,2.579763,2.579763,2.579763,2.579763,udp,0.0,,cs0,,63.0,,1.0,,Status,2,2,0,84,84,0,42.0,0.0,130.244522,130.244522,0.0,0,0,0,0.0,,,0.387633,0.387633,0.0,REQ,,,,,0.0,0.0,0.0,0
487155,2.582224,2.582224,2.582224,2.582224,2.582224,2.582224,udp,0.0,,cs0,,63.0,,1.0,,Status,2,2,0,84,84,0,42.0,0.0,130.120392,130.120392,0.0,0,0,0,0.0,,,0.387263,0.387263,0.0,REQ,,,,,0.0,0.0,0.0,0
487188,2.573126,2.573126,2.573126,2.573126,2.573126,2.573126,udp,0.0,,cs0,,63.0,,1.0,,Status,2,2,0,84,84,0,42.0,0.0,130.58046,130.58046,0.0,0,0,0,0.0,,,0.388632,0.388632,0.0,REQ,,,,,0.0,0.0,0.0,0
487192,2.573131,2.573131,2.573131,2.573131,2.573131,2.573131,udp,0.0,,cs0,,63.0,,1.0,,Status,2,2,0,84,84,0,42.0,0.0,130.580215,130.580215,0.0,0,0,0,0.0,,,0.388632,0.388632,0.0,REQ,,,,,0.0,0.0,0.0,0
487234,0.0,0.0,0.0,0.0,0.0,0.0,udp,0.0,,cs0,,63.0,,1.0,,Status,1,1,0,42,42,0,42.0,0.0,0.0,0.0,0.0,0,0,0,0.0,,,0.0,0.0,0.0,REQ,,,,,0.0,0.0,0.0,0
487242,0.0,0.0,0.0,0.0,0.0,0.0,udp,0.0,,cs0,,63.0,,1.0,,Status,1,1,0,42,42,0,42.0,0.0,0.0,0.0,0.0,0,0,0,0.0,,,0.0,0.0,0.0,REQ,,,,,0.0,0.0,0.0,0
487262,2.571214,2.571214,2.571214,2.571214,2.571214,2.571214,udp,0.0,,cs0,,63.0,,1.0,,Status,2,2,0,84,84,0,42.0,0.0,130.677567,130.677567,0.0,0,0,0,0.0,,,0.388921,0.388921,0.0,REQ,,,,,0.0,0.0,0.0,0
487281,0.0,0.0,0.0,0.0,0.0,0.0,udp,0.0,,cs0,,63.0,,1.0,,Status,1,1,0,42,42,0,42.0,0.0,0.0,0.0,0.0,0,0,0,0.0,,,0.0,0.0,0.0,REQ,,,,,0.0,0.0,0.0,0
487282,0.0,0.0,0.0,0.0,0.0,0.0,udp,0.0,,cs0,,63.0,,1.0,,Status,1,1,0,42,42,0,42.0,0.0,0.0,0.0,0.0,0,0,0,0.0,,,0.0,0.0,0.0,REQ,,,,,0.0,0.0,0.0,0
487314,2.576059,2.576059,2.576059,2.576059,2.576059,2.576059,udp,0.0,,cs0,,63.0,,1.0,,Status,2,2,0,84,84,0,42.0,0.0,130.431793,130.431793,0.0,0,0,0,0.0,,,0.38819,0.38819,0.0,REQ,,,,,0.0,0.0,0.0,0
487341,0.0,0.0,0.0,0.0,0.0,0.0,udp,0.0,,cs0,,63.0,,1.0,,Status,1,1,0,42,42,0,42.0,0.0,0.0,0.0,0.0,0,0,0,0.0,,,0.0,0.0,0.0,REQ,,,,,0.0,0.0,0.0,0
487345,0.0,0.0,0.0,0.0,0.0,0.0,udp,0.0,,cs0,,63.0,,1.0,,Status,1,1,0,42,42,0,42.0,0.0,0.0,0.0,0.0,0,0,0,0.0,,,0.0,0.0,0.0,REQ,,,,,0.0,0.0,0.0,0
487456,0.0,0.0,0.0,0.0,0.0,0.0,udp,0.0,,cs0,,63.0,,1.0,,Status,1,1,0,42,42,0,42.0,0.0,0.0,0.0,0.0,0,0,0,0.0,,,0.0,0.0,0.0,REQ,,,,,0.0,0.0,0.0,0
487500,2.576188,2.576188,2.576188,2.576188,2.576188,2.576188,udp,0.0,,cs0,,63.0,,1.0,,Status,2,2,0,84,84,0,42.0,0.0,130.425262,130.425262,0.0,0,0,0,0.0,,,0.38817,0.38817,0.0,REQ,,,,,0.0,0.0,0.0,0
487501,2.576162,2.576162,2.576162,2.576162,2.576162,2.576162,udp,0.0,,cs0,,63.0,,1.0,,Status,2,2,0,84,84,0,42.0,0.0,130.426575,130.426575,0.0,0,0,0,0.0,,,0.388174,0.388174,0.0,REQ,,,,,0.0,0.0,0.0,0
487512,0.0,0.0,0.0,0.0,0.0,0.0,udp,0.0,,cs0,,63.0,,1.0,,Status,1,1,0,42,42,0,42.0,0.0,0.0,0.0,0.0,0,0,0,0.0,,,0.0,0.0,0.0,REQ,,,,,0.0,0.0,0.0,0
487590,0.0,0.0,0.0,0.0,0.0,0.0,udp,0.0,,cs0,,63.0,,1.0,,Status,1,1,0,42,42,0,42.0,0.0,0.0,0.0,0.0,0,0,0,0.0,,,0.0,0.0,0.0,REQ,,,,,0.0,0.0,0.0,0
487643,0.0,0.0,0.0,0.0,0.0,0.0,udp,0.0,,cs0,,63.0,,1.0,,Status,1,1,0,42,42,0,42.0,0.0,0.0,0.0,0.0,0,0,0,0.0,,,0.0,0.0,0.0,REQ,,,,,0.0,0.0,0.0,0
487708,2.569367,2.569367,2.569367,2.569367,2.569367,2.569367,udp,0.0,,cs0,,63.0,,1.0,,Status,2,2,0,84,84,0,42.0,0.0,130.771515,130.771515,0.0,0,0,0,0.0,,,0.389201,0.389201,0.0,REQ,,,,,0.0,0.0,0.0,0
487836,2.574884,2.574884,2.574884,2.574884,2.574884,2.574884,udp,0.0,,cs0,,63.0,,1.0,,Status,2,2,0,84,84,0,42.0,0.0,130.491318,130.491318,0.0,0,0,0,0.0,,,0.388367,0.388367,0.0,REQ,,,,,0.0,0.0,0.0,0
487962,0.0,0.0,0.0,0.0,0.0,0.0,udp,0.0,,cs0,,63.0,,1.0,,Status,1,1,0,42,42,0,42.0,0.0,0.0,0.0,0.0,0,0,0,0.0,,,0.0,0.0,0.0,REQ,,,,,0.0,0.0,0.0,0
488100,0.0,0.0,0.0,0.0,0.0,0.0,udp,0.0,,cs0,,63.0,,1.0,,Status,1,1,0,42,42,0,42.0,0.0,0.0,0.0,0.0,0,0,0,0.0,,,0.0,0.0,0.0,REQ,,,,,0.0,0.0,0.0,0
488104,0.0,0.0,0.0,0.0,0.0,0.0,udp,0.0,,cs0,,63.0,,1.0,,Status,1,1,0,42,42,0,42.0,0.0,0.0,0.0,0.0,0,0,0,0.0,,,0.0,0.0,0.0,REQ,,,,,0.0,0.0,0.0,0
488119,2.578013,2.578013,2.578013,2.578013,2.578013,2.578013,udp,0.0,,cs0,,63.0,,1.0,,Status,2,2,0,84,84,0,42.0,0.0,130.332932,130.332932,0.0,0,0,0,0.0,,,0.387896,0.387896,0.0,REQ,,,,,0.0,0.0,0.0,0
488134,2.571122,2.571122,2.571122,2.571122,2.571122,2.571122,udp,0.0,,cs0,,63.0,,1.0,,Status,2,2,0,84,84,0,42.0,0.0,130.682251,130.682251,0.0,0,0,0,0.0,,,0.388935,0.388935,0.0,REQ,,,,,0.0,0.0,0.0,0
488156,2.574989,2.574989,2.574989,2.574989,2.574989,2.574989,udp,0.0,,cs0,,63.0,,1.0,,Status,2,2,0,84,84,0,42.0,0.0,130.485992,130.485992,0.0,0,0,0,0.0,,,0.388351,0.388351,0.0,REQ,,,,,0.0,0.0,0.0,0
488183,2.572292,2.572292,2.572292,2.572292,2.572292,2.572292,udp,0.0,,cs0,,63.0,,1.0,,Status,2,2,0,84,84,0,42.0,0.0,130.622803,130.622803,0.0,0,0,0,0.0,,,0.388758,0.388758,0.0,REQ,,,,,0.0,0.0,0.0,0
488230,0.0,0.0,0.0,0.0,0.0,0.0,udp,0.0,,cs0,,63.0,,1.0,,Status,1,1,0,42,42,0,42.0,0.0,0.0,0.0,0.0,0,0,0,0.0,,,0.0,0.0,0.0,REQ,,,,,0.0,0.0,0.0,0
488241,2.575025,2.575025,2.575025,2.575025,2.575025,2.575025,udp,0.0,,cs0,,63.0,,1.0,,Status,2,2,0,84,84,0,42.0,0.0,130.484161,130.484161,0.0,0,0,0,0.0,,,0.388346,0.388346,0.0,REQ,,,,,0.0,0.0,0.0,0
488319,2.582095,2.582095,2.582095,2.582095,2.582095,2.582095,udp,0.0,,cs0,,63.0,,1.0,,Status,2,2,0,84,84,0,42.0,0.0,130.126892,130.126892,0.0,0,0,0,0.0,,,0.387282,0.387282,0.0,REQ,,,,,0.0,0.0,0.0,0
488366,2.574287,2.574287,2.574287,2.574287,2.574287,2.574287,udp,0.0,,cs0,,63.0,,1.0,,Status,2,2,0,84,84,0,42.0,0.0,130.521576,130.521576,0.0,0,0,0,0.0,,,0.388457,0.388457,0.0,REQ,,,,,0.0,0.0,0.0,0
488371,2.572528,2.572528,2.572528,2.572528,2.572528,2.572528,udp,0.0,,cs0,,63.0,,1.0,,Status,2,2,0,84,84,0,42.0,0.0,130.610825,130.610825,0.0,0,0,0,0.0,,,0.388723,0.388723,0.0,REQ,,,,,0.0,0.0,0.0,0
488381,2.577975,2.577975,2.577975,2.577975,2.577975,2.577975,udp,0.0,,cs0,,63.0,,1.0,,Status,2,2,0,84,84,0,42.0,0.0,130.334854,130.334854,0.0,0,0,0,0.0,,,0.387901,0.387901,0.0,REQ,,,,,0.0,0.0,0.0,0
488450,2.572401,2.572401,2.572401,2.572401,2.572401,2.572401,udp,0.0,,cs0,,63.0,,1.0,,Status,2,2,0,84,84,0,42.0,0.0,130.617264,130.617264,0.0,0,0,0,0.0,,,0.388742,0.388742,0.0,REQ,,,,,0.0,0.0,0.0,0
488457,2.572375,2.572375,2.572375,2.572375,2.572375,2.572375,udp,0.0,,cs0,,63.0,,1.0,,Status,2,2,0,84,84,0,42.0,0.0,130.618591,130.618591,0.0,0,0,0,0.0,,,0.388746,0.388746,0.0,REQ,,,,,0.0,0.0,0.0,0
488475,2.575889,2.575889,2.575889,2.575889,2.575889,2.575889,udp,0.0,,cs0,,63.0,,1.0,,Status,2,2,0,84,84,0,42.0,0.0,130.440399,130.440399,0.0,0,0,0,0.0,,,0.388215,0.388215,0.0,REQ,,,,,0.0,0.0,0.0,0
488490,2.575856,2.575856,2.575856,2.575856,2.575856,2.575856,udp,0.0,,cs0,,63.0,,1.0,,Status,2,2,0,84,84,0,42.0,0.0,130.442078,130.442078,0.0,0,0,0,0.0,,,0.38822,0.38822,0.0,REQ,,,,,0.0,0.0,0.0,0
488502,2.575836,2.575836,2.575836,2.575836,2.575836,2.575836,udp,0.0,,cs0,,63.0,,1.0,,Status,2,2,0,84,84,0,42.0,0.0,130.443085,130.443085,0.0,0,0,0,0.0,,,0.388223,0.388223,0.0,REQ,,,,,0.0,0.0,0.0,0
488654,2.573543,2.573543,2.573543,2.573543,2.573543,2.573543,udp,0.0,,cs0,,63.0,,1.0,,Status,2,2,0,84,84,0,42.0,0.0,130.559311,130.559311,0.0,0,0,0,0.0,,,0.388569,0.388569,0.0,REQ,,,,,0.0,0.0,0.0,0
488699,2.575989,2.575989,2.575989,2.575989,2.575989,2.575989,udp,0.0,,cs0,,63.0,,1.0,,Status,2,2,0,84,84,0,42.0,0.0,130.435333,130.435333,0.0,0,0,0,0.0,,,0.3882,0.3882,0.0,REQ,,,,,0.0,0.0,0.0,0
488700,2.576083,2.576083,2.576083,2.576083,2.576083,2.576083,udp,0.0,,cs0,,63.0,,1.0,,Status,2,2,0,84,84,0,42.0,0.0,130.430588,130.430588,0.0,0,0,0,0.0,,,0.388186,0.388186,0.0,REQ,,,,,0.0,0.0,0.0,0
488717,0.0,0.0,0.0,0.0,0.0,0.0,udp,0.0,,cs0,,63.0,,1.0,,Status,1,1,0,42,42,0,42.0,0.0,0.0,0.0,0.0,0,0,0,0.0,,,0.0,0.0,0.0,REQ,,,,,0.0,0.0,0.0,0
488800,0.0,0.0,0.0,0.0,0.0,0.0,udp,0.0,,cs0,,63.0,,1.0,,Status,1,1,0,42,42,0,42.0,0.0,0.0,0.0,0.0,0,0,0,0.0,,,0.0,0.0,0.0,REQ,,,,,0.0,0.0,0.0,0
488830,0.0,0.0,0.0,0.0,0.0,0.0,udp,0.0,,cs0,,63.0,,1.0,,Status,1,1,0,42,42,0,42.0,0.0,0.0,0.0,0.0,0,0,0,0.0,,,0.0,0.0,0.0,REQ,,,,,0.0,0.0,0.0,0
488838,0.0,0.0,0.0,0.0,0.0,0.0,udp,0.0,,cs0,,63.0,,1.0,,Status,1,1,0,42,42,0,42.0,0.0,0.0,0.0,0.0,0,0,0,0.0,,,0.0,0.0,0.0,REQ,,,,,0.0,0.0,0.0,0
488840,2.5699,2.5699,2.5699,2.5699,2.5699,2.5699,udp,0.0,,cs0,,63.0,,1.0,,Status,2,2,0,84,84,0,42.0,0.0,130.744385,130.744385,0.0,0,0,0,0.0,,,0.38912,0.38912,0.0,REQ,,,,,0.0,0.0,0.0,0
488878,2.575956,2.575956,2.575956,2.575956,2.575956,2.575956,udp,0.0,,cs0,,63.0,,1.0,,Status,2,2,0,84,84,0,42.0,0.0,130.437012,130.437012,0.0,0,0,0,0.0,,,0.388205,0.388205,0.0,REQ,,,,,0.0,0.0,0.0,0
488924,0.0,0.0,0.0,0.0,0.0,0.0,udp,0.0,,cs0,,63.0,,1.0,,Status,1,1,0,42,42,0,42.0,0.0,0.0,0.0,0.0,0,0,0,0.0,,,0.0,0.0,0.0,REQ,,,,,0.0,0.0,0.0,0
488980,2.572984,2.572984,2.572984,2.572984,2.572984,2.572984,udp,0.0,,cs0,,63.0,,1.0,,Status,2,2,0,84,84,0,42.0,0.0,130.587677,130.587677,0.0,0,0,0,0.0,,,0.388654,0.388654,0.0,REQ,,,,,0.0,0.0,0.0,0
488995,0.0,0.0,0.0,0.0,0.0,0.0,udp,0.0,,cs0,,63.0,,1.0,,Status,1,1,0,42,42,0,42.0,0.0,0.0,0.0,0.0,0,0,0,0.0,,,0.0,0.0,0.0,REQ,,,,,0.0,0.0,0.0,0
489016,2.578004,2.578004,2.578004,2.578004,2.578004,2.578004,udp,0.0,,cs0,,63.0,,1.0,,Status,2,2,0,84,84,0,42.0,0.0,130.333389,130.333389,0.0,0,0,0,0.0,,,0.387897,0.387897,0.0,REQ,,,,,0.0,0.0,0.0,0
489106,2.572134,2.572134,2.572134,2.572134,2.572134,2.572134,udp,0.0,,cs0,,63.0,,1.0,,Status,2,2,0,84,84,0,42.0,0.0,130.630829,130.630829,0.0,0,0,0,0.0,,,0.388782,0.388782,0.0,REQ,,,,,0.0,0.0,0.0,0
489112,0.0,0.0,0.0,0.0,0.0,0.0,udp,0.0,,cs0,,63.0,,1.0,,Status,1,1,0,42,42,0,42.0,0.0,0.0,0.0,0.0,0,0,0,0.0,,,0.0,0.0,0.0,REQ,,,,,0.0,0.0,0.0,0
489175,0.0,0.0,0.0,0.0,0.0,0.0,udp,0.0,,cs0,,63.0,,1.0,,Status,1,1,0,42,42,0,42.0,0.0,0.0,0.0,0.0,0,0,0,0.0,,,0.0,0.0,0.0,REQ,,,,,0.0,0.0,0.0,0
489187,2.575022,2.575022,2.575022,2.575022,2.575022,2.575022,udp,0.0,,cs0,,63.0,,1.0,,Status,2,2,0,84,84,0,42.0,0.0,130.484329,130.484329,0.0,0,0,0,0.0,,,0.388346,0.388346,0.0,REQ,,,,,0.0,0.0,0.0,0
489265,0.0,0.0,0.0,0.0,0.0,0.0,udp,0.0,,cs0,,63.0,,1.0,,Status,1,1,0,42,42,0,42.0,0.0,0.0,0.0,0.0,0,0,0,0.0,,,0.0,0.0,0.0,REQ,,,,,0.0,0.0,0.0,0
489300,2.580018,2.580018,2.580018,2.580018,2.580018,2.580018,udp,0.0,,cs0,,63.0,,1.0,,Status,2,2,0,84,84,0,42.0,0.0,130.231644,130.231644,0.0,0,0,0,0.0,,,0.387594,0.387594,0.0,REQ,,,,,0.0,0.0,0.0,0
489359,0.0,0.0,0.0,0.0,0.0,0.0,udp,0.0,,cs0,,63.0,,1.0,,Status,1,1,0,42,42,0,42.0,0.0,0.0,0.0,0.0,0,0,0,0.0,,,0.0,0.0,0.0,REQ,,,,,0.0,0.0,0.0,0
489426,2.574137,2.574137,2.574137,2.574137,2.574137,2.574137,udp,0.0,,cs0,,63.0,,1.0,,Status,2,2,0,84,84,0,42.0,0.0,130.52919,130.52919,0.0,0,0,0,0.0,,,0.38848,0.38848,0.0,REQ,,,,,0.0,0.0,0.0,0
489448,2.575897,2.575897,2.575897,2.575897,2.575897,2.575897,udp,0.0,,cs0,,63.0,,1.0,,Status,2,2,0,84,84,0,42.0,0.0,130.440002,130.440002,0.0,0,0,0,0.0,,,0.388214,0.388214,0.0,REQ,,,,,0.0,0.0,0.0,0
489476,2.577219,2.577219,2.577219,2.577219,2.577219,2.577219,udp,0.0,,cs0,,63.0,,1.0,,Status,2,2,0,84,84,0,42.0,0.0,130.373093,130.373093,0.0,0,0,0,0.0,,,0.388015,0.388015,0.0,REQ,,,,,0.0,0.0,0.0,0
489504,0.0,0.0,0.0,0.0,0.0,0.0,udp,0.0,,cs0,,63.0,,1.0,,Status,1,1,0,42,42,0,42.0,0.0,0.0,0.0,0.0,0,0,0,0.0,,,0.0,0.0,0.0,REQ,,,,,0.0,0.0,0.0,0
489533,2.576282,2.576282,2.576282,2.576282,2.576282,2.576282,udp,0.0,,cs0,,63.0,,1.0,,Status,2,2,0,84,84,0,42.0,0.0,130.420502,130.420502,0.0,0,0,0,0.0,,,0.388156,0.388156,0.0,REQ,,,,,0.0,0.0,0.0,0
489595,2.573564,2.573564,2.573564,2.573564,2.573564,2.573564,udp,0.0,,cs0,,63.0,,1.0,,Status,2,2,0,84,84,0,42.0,0.0,130.558243,130.558243,0.0,0,0,0,0.0,,,0.388566,0.388566,0.0,REQ,,,,,0.0,0.0,0.0,0
489653,0.0,0.0,0.0,0.0,0.0,0.0,udp,0.0,,cs0,,63.0,,1.0,,Status,1,1,0,42,42,0,42.0,0.0,0.0,0.0,0.0,0,0,0,0.0,,,0.0,0.0,0.0,REQ,,,,,0.0,0.0,0.0,0
489657,0.0,0.0,0.0,0.0,0.0,0.0,udp,0.0,,cs0,,63.0,,1.0,,Status,1,1,0,42,42,0,42.0,0.0,0.0,0.0,0.0,0,0,0,0.0,,,0.0,0.0,0.0,REQ,,,,,0.0,0.0,0.0,0
489660,2.575801,2.575801,2.575801,2.575801,2.575801,2.575801,udp,0.0,,cs0,,63.0,,1.0,,Status,2,2,0,84,84,0,42.0,0.0,130.44487,130.44487,0.0,0,0,0,0.0,,,0.388229,0.388229,0.0,REQ,,,,,0.0,0.0,0.0,0
489720,2.577244,2.577244,2.577244,2.577244,2.577244,2.577244,udp,0.0,,cs0,,63.0,,1.0,,Status,2,2,0,84,84,0,42.0,0.0,130.371826,130.371826,0.0,0,0,0,0.0,,,0.388011,0.388011,0.0,REQ,,,,,0.0,0.0,0.0,0
489769,0.0,0.0,0.0,0.0,0.0,0.0,udp,0.0,,cs0,,63.0,,1.0,,Status,1,1,0,42,42,0,42.0,0.0,0.0,0.0,0.0,0,0,0,0.0,,,0.0,0.0,0.0,REQ,,,,,0.0,0.0,0.0,0
489804,0.0,0.0,0.0,0.0,0.0,0.0,udp,0.0,,cs0,,63.0,,1.0,,Status,1,1,0,42,42,0,42.0,0.0,0.0,0.0,0.0,0,0,0,0.0,,,0.0,0.0,0.0,REQ,,,,,0.0,0.0,0.0,0
489807,0.0,0.0,0.0,0.0,0.0,0.0,udp,0.0,,cs0,,63.0,,1.0,,Status,1,1,0,42,42,0,42.0,0.0,0.0,0.0,0.0,0,0,0,0.0,,,0.0,0.0,0.0,REQ,,,,,0.0,0.0,0.0,0
489859,0.0,0.0,0.0,0.0,0.0,0.0,udp,0.0,,cs0,,63.0,,1.0,,Status,1,1,0,42,42,0,42.0,0.0,0.0,0.0,0.0,0,0,0,0.0,,,0.0,0.0,0.0,REQ,,,,,0.0,0.0,0.0,0
489896,0.0,0.0,0.0,0.0,0.0,0.0,udp,0.0,,cs0,,63.0,,1.0,,Status,1,1,0,42,42,0,42.0,0.0,0.0,0.0,0.0,0,0,0,0.0,,,0.0,0.0,0.0,REQ,,,,,0.0,0.0,0.0,0
490000,2.574201,2.574201,2.574201,2.574201,2.574201,2.574201,udp,0.0,,cs0,,63.0,,1.0,,Status,2,2,0,84,84,0,42.0,0.0,130.52594,130.52594,0.0,0,0,0,0.0,,,0.38847,0.38847,0.0,REQ,,,,,0.0,0.0,0.0,0
490026,0.0,0.0,0.0,0.0,0.0,0.0,udp,0.0,,cs0,,63.0,,1.0,,Status,1,1,0,42,42,0,42.0,0.0,0.0,0.0,0.0,0,0,0,0.0,,,0.0,0.0,0.0,REQ,,,,,0.0,0.0,0.0,0
490095,2.576777,2.576777,2.576777,2.576777,2.576777,2.576777,udp,0.0,,cs0,,63.0,,1.0,,Status,2,2,0,84,84,0,42.0,0.0,130.395447,130.395447,0.0,0,0,0,0.0,,,0.388082,0.388082,0.0,REQ,,,,,0.0,0.0,0.0,0
490103,2.576788,2.576788,2.576788,2.576788,2.576788,2.576788,udp,0.0,,cs0,,63.0,,1.0,,Status,2,2,0,84,84,0,42.0,0.0,130.394897,130.394897,0.0,0,0,0,0.0,,,0.38808,0.38808,0.0,REQ,,,,,0.0,0.0,0.0,0
490146,2.571373,2.571373,2.571373,2.571373,2.571373,2.571373,udp,0.0,,cs0,,63.0,,1.0,,Status,2,2,0,84,84,0,42.0,0.0,130.669495,130.669495,0.0,0,0,0,0.0,,,0.388897,0.388897,0.0,REQ,,,,,0.0,0.0,0.0,0
490193,2.571167,2.571167,2.571167,2.571167,2.571167,2.571167,udp,0.0,,cs0,,63.0,,1.0,,Status,2,2,0,84,84,0,42.0,0.0,130.679962,130.679962,0.0,0,0,0,0.0,,,0.388928,0.388928,0.0,REQ,,,,,0.0,0.0,0.0,0
490223,0.0,0.0,0.0,0.0,0.0,0.0,udp,0.0,,cs0,,63.0,,1.0,,Status,1,1,0,42,42,0,42.0,0.0,0.0,0.0,0.0,0,0,0,0.0,,,0.0,0.0,0.0,REQ,,,,,0.0,0.0,0.0,0
490256,0.0,0.0,0.0,0.0,0.0,0.0,udp,0.0,,cs0,,63.0,,1.0,,Status,1,1,0,42,42,0,42.0,0.0,0.0,0.0,0.0,0,0,0,0.0,,,0.0,0.0,0.0,REQ,,,,,0.0,0.0,0.0,0
490269,0.0,0.0,0.0,0.0,0.0,0.0,udp,0.0,,cs0,,63.0,,1.0,,Status,1,1,0,42,42,0,42.0,0.0,0.0,0.0,0.0,0,0,0,0.0,,,0.0,0.0,0.0,REQ,,,,,0.0,0.0,0.0,0
490271,0.0,0.0,0.0,0.0,0.0,0.0,udp,0.0,,cs0,,63.0,,1.0,,Status,1,1,0,42,42,0,42.0,0.0,0.0,0.0,0.0,0,0,0,0.0,,,0.0,0.0,0.0,REQ,,,,,0.0,0.0,0.0,0
490348,2.577172,2.577172,2.577172,2.577172,2.577172,2.577172,udp,0.0,,cs0,,63.0,,1.0,,Status,2,2,0,84,84,0,42.0,0.0,130.375458,130.375458,0.0,0,0,0,0.0,,,0.388022,0.388022,0.0,REQ,,,,,0.0,0.0,0.0,0
490354,2.577188,2.577188,2.577188,2.577188,2.577188,2.577188,udp,0.0,,cs0,,63.0,,1.0,,Status,2,2,0,84,84,0,42.0,0.0,130.374649,130.374649,0.0,0,0,0,0.0,,,0.38802,0.38802,0.0,REQ,,,,,0.0,0.0,0.0,0
490359,2.574463,2.574463,2.574463,2.574463,2.574463,2.574463,udp,0.0,,cs0,,63.0,,1.0,,Status,2,2,0,84,84,0,42.0,0.0,130.512665,130.512665,0.0,0,0,0,0.0,,,0.388431,0.388431,0.0,REQ,,,,,0.0,0.0,0.0,0
490394,2.578306,2.578306,2.578306,2.578306,2.578306,2.578306,udp,0.0,,cs0,,63.0,,1.0,,Status,2,2,0,84,84,0,42.0,0.0,130.31813,130.31813,0.0,0,0,0,0.0,,,0.387852,0.387852,0.0,REQ,,,,,0.0,0.0,0.0,0
490473,0.0,0.0,0.0,0.0,0.0,0.0,udp,0.0,,cs0,,63.0,,1.0,,Status,1,1,0,42,42,0,42.0,0.0,0.0,0.0,0.0,0,0,0,0.0,,,0.0,0.0,0.0,REQ,,,,,0.0,0.0,0.0,0
490534,0.0,0.0,0.0,0.0,0.0,0.0,udp,0.0,,cs0,,63.0,,1.0,,Status,1,1,0,42,42,0,42.0,0.0,0.0,0.0,0.0,0,0,0,0.0,,,0.0,0.0,0.0,REQ,,,,,0.0,0.0,0.0,0
490611,2.573297,2.573297,2.573297,2.573297,2.573297,2.573297,udp,0.0,,cs0,,63.0,,1.0,,Status,2,2,0,84,84,0,42.0,0.0,130.571793,130.571793,0.0,0,0,0,0.0,,,0.388607,0.388607,0.0,REQ,,,,,0.0,0.0,0.0,0
490662,0.0,0.0,0.0,0.0,0.0,0.0,udp,0.0,,cs0,,63.0,,1.0,,Status,1,1,0,42,42,0,42.0,0.0,0.0,0.0,0.0,0,0,0,0.0,,,0.0,0.0,0.0,REQ,,,,,0.0,0.0,0.0,0
490696,0.0,0.0,0.0,0.0,0.0,0.0,udp,0.0,,cs0,,63.0,,1.0,,Status,1,1,0,42,42,0,42.0,0.0,0.0,0.0,0.0,0,0,0,0.0,,,0.0,0.0,0.0,REQ,,,,,0.0,0.0,0.0,0
490722,0.0,0.0,0.0,0.0,0.0,0.0,udp,0.0,,cs0,,63.0,,1.0,,Status,1,1,0,42,42,0,42.0,0.0,0.0,0.0,0.0,0,0,0,0.0,,,0.0,0.0,0.0,REQ,,,,,0.0,0.0,0.0,0
490773,0.0,0.0,0.0,0.0,0.0,0.0,udp,0.0,,cs0,,63.0,,1.0,,Status,1,1,0,42,42,0,42.0,0.0,0.0,0.0,0.0,0,0,0,0.0,,,0.0,0.0,0.0,REQ,,,,,0.0,0.0,0.0,0
490788,0.0,0.0,0.0,0.0,0.0,0.0,udp,0.0,,cs0,,63.0,,1.0,,Status,1,1,0,42,42,0,42.0,0.0,0.0,0.0,0.0,0,0,0,0.0,,,0.0,0.0,0.0,REQ,,,,,0.0,0.0,0.0,0
490828,0.0,0.0,0.0,0.0,0.0,0.0,udp,0.0,,cs0,,63.0,,1.0,,Status,1,1,0,42,42,0,42.0,0.0,0.0,0.0,0.0,0,0,0,0.0,,,0.0,0.0,0.0,REQ,,,,,0.0,0.0,0.0,0
490919,0.0,0.0,0.0,0.0,0.0,0.0,udp,0.0,,cs0,,63.0,,1.0,,Status,1,1,0,42,42,0,42.0,0.0,0.0,0.0,0.0,0,0,0,0.0,,,0.0,0.0,0.0,REQ,,,,,0.0,0.0,0.0,0
491117,2.574973,2.574973,2.574973,2.574973,2.574973,2.574973,udp,0.0,,cs0,,63.0,,1.0,,Status,2,2,0,84,84,0,42.0,0.0,130.486801,130.486801,0.0,0,0,0,0.0,,,0.388354,0.388354,0.0,REQ,,,,,0.0,0.0,0.0,0
491169,2.577914,2.577914,2.577914,2.577914,2.577914,2.577914,udp,0.0,,cs0,,63.0,,1.0,,Status,2,2,0,84,84,0,42.0,0.0,130.337936,130.337936,0.0,0,0,0,0.0,,,0.387911,0.387911,0.0,REQ,,,,,0.0,0.0,0.0,0
491327,0.0,0.0,0.0,0.0,0.0,0.0,udp,0.0,,cs0,,63.0,,1.0,,Status,1,1,0,42,42,0,42.0,0.0,0.0,0.0,0.0,0,0,0,0.0,,,0.0,0.0,0.0,REQ,,,,,0.0,0.0,0.0,0
491376,0.0,0.0,0.0,0.0,0.0,0.0,udp,0.0,,cs0,,63.0,,1.0,,Status,1,1,0,42,42,0,42.0,0.0,0.0,0.0,0.0,0,0,0,0.0,,,0.0,0.0,0.0,REQ,,,,,0.0,0.0,0.0,0
491387,0.0,0.0,0.0,0.0,0.0,0.0,udp,0.0,,cs0,,63.0,,1.0,,Status,1,1,0,42,42,0,42.0,0.0,0.0,0.0,0.0,0,0,0,0.0,,,0.0,0.0,0.0,REQ,,,,,0.0,0.0,0.0,0
491434,0.0,0.0,0.0,0.0,0.0,0.0,udp,0.0,,cs0,,63.0,,1.0,,Status,1,1,0,42,42,0,42.0,0.0,0.0,0.0,0.0,0,0,0,0.0,,,0.0,0.0,0.0,REQ,,,,,0.0,0.0,0.0,0
491530,0.0,0.0,0.0,0.0,0.0,0.0,udp,0.0,,cs0,,63.0,,1.0,,Status,1,1,0,42,42,0,42.0,0.0,0.0,0.0,0.0,0,0,0,0.0,,,0.0,0.0,0.0,REQ,,,,,0.0,0.0,0.0,0
491637,0.0,0.0,0.0,0.0,0.0,0.0,udp,0.0,,cs0,,63.0,,1.0,,Status,1,1,0,42,42,0,42.0,0.0,0.0,0.0,0.0,0,0,0,0.0,,,0.0,0.0,0.0,REQ,,,,,0.0,0.0,0.0,0
491764,0.0,0.0,0.0,0.0,0.0,0.0,udp,0.0,,cs0,,63.0,,1.0,,Status,1,1,0,42,42,0,42.0,0.0,0.0,0.0,0.0,0,0,0,0.0,,,0.0,0.0,0.0,REQ,,,,,0.0,0.0,0.0,0
491908,0.0,0.0,0.0,0.0,0.0,0.0,udp,0.0,,cs0,,63.0,,1.0,,Status,1,1,0,42,42,0,42.0,0.0,0.0,0.0,0.0,0,0,0,0.0,,,0.0,0.0,0.0,REQ,,,,,0.0,0.0,0.0,0
491912,0.0,0.0,0.0,0.0,0.0,0.0,udp,0.0,,cs0,,63.0,,1.0,,Status,1,1,0,42,42,0,42.0,0.0,0.0,0.0,0.0,0,0,0,0.0,,,0.0,0.0,0.0,REQ,,,,,0.0,0.0,0.0,0
491926,0.0,0.0,0.0,0.0,0.0,0.0,udp,0.0,,cs0,,63.0,,1.0,,Status,1,1,0,42,42,0,42.0,0.0,0.0,0.0,0.0,0,0,0,0.0,,,0.0,0.0,0.0,REQ,,,,,0.0,0.0,0.0,0
492013,0.0,0.0,0.0,0.0,0.0,0.0,udp,0.0,,cs0,,63.0,,1.0,,Status,1,1,0,42,42,0,42.0,0.0,0.0,0.0,0.0,0,0,0,0.0,,,0.0,0.0,0.0,REQ,,,,,0.0,0.0,0.0,0
492059,0.0,0.0,0.0,0.0,0.0,0.0,udp,0.0,,cs0,,63.0,,1.0,,Status,1,1,0,42,42,0,42.0,0.0,0.0,0.0,0.0,0,0,0,0.0,,,0.0,0.0,0.0,REQ,,,,,0.0,0.0,0.0,0
492068,0.0,0.0,0.0,0.0,0.0,0.0,udp,0.0,,cs0,,63.0,,1.0,,Status,1,1,0,42,42,0,42.0,0.0,0.0,0.0,0.0,0,0,0,0.0,,,0.0,0.0,0.0,REQ,,,,,0.0,0.0,0.0,0
492139,0.0,0.0,0.0,0.0,0.0,0.0,udp,0.0,,cs0,,63.0,,1.0,,Status,1,1,0,42,42,0,42.0,0.0,0.0,0.0,0.0,0,0,0,0.0,,,0.0,0.0,0.0,REQ,,,,,0.0,0.0,0.0,0
492193,0.0,0.0,0.0,0.0,0.0,0.0,udp,0.0,,cs0,,63.0,,1.0,,Status,1,1,0,42,42,0,42.0,0.0,0.0,0.0,0.0,0,0,0,0.0,,,0.0,0.0,0.0,REQ,,,,,0.0,0.0,0.0,0
492381,0.0,0.0,0.0,0.0,0.0,0.0,udp,0.0,,cs0,,63.0,,1.0,,Status,1,1,0,42,42,0,42.0,0.0,0.0,0.0,0.0,0,0,0,0.0,,,0.0,0.0,0.0,REQ,,,,,0.0,0.0,0.0,0
492395,0.0,0.0,0.0,0.0,0.0,0.0,udp,0.0,,cs0,,63.0,,1.0,,Status,1,1,0,42,42,0,42.0,0.0,0.0,0.0,0.0,0,0,0,0.0,,,0.0,0.0,0.0,REQ,,,,,0.0,0.0,0.0,0
492432,0.0,0.0,0.0,0.0,0.0,0.0,udp,0.0,,cs0,,63.0,,1.0,,Status,1,1,0,42,42,0,42.0,0.0,0.0,0.0,0.0,0,0,0,0.0,,,0.0,0.0,0.0,REQ,,,,,0.0,0.0,0.0,0
492463,0.0,0.0,0.0,0.0,0.0,0.0,udp,0.0,,cs0,,63.0,,1.0,,Status,1,1,0,42,42,0,42.0,0.0,0.0,0.0,0.0,0,0,0,0.0,,,0.0,0.0,0.0,REQ,,,,,0.0,0.0,0.0,0
492518,0.0,0.0,0.0,0.0,0.0,0.0,udp,0.0,,cs0,,63.0,,1.0,,Status,1,1,0,42,42,0,42.0,0.0,0.0,0.0,0.0,0,0,0,0.0,,,0.0,0.0,0.0,REQ,,,,,0.0,0.0,0.0,0
492519,0.0,0.0,0.0,0.0,0.0,0.0,udp,0.0,,cs0,,63.0,,1.0,,Status,1,1,0,42,42,0,42.0,0.0,0.0,0.0,0.0,0,0,0,0.0,,,0.0,0.0,0.0,REQ,,,,,0.0,0.0,0.0,0
492613,0.0,0.0,0.0,0.0,0.0,0.0,udp,0.0,,cs0,,63.0,,1.0,,Status,1,1,0,42,42,0,42.0,0.0,0.0,0.0,0.0,0,0,0,0.0,,,0.0,0.0,0.0,REQ,,,,,0.0,0.0,0.0,0
492616,0.0,0.0,0.0,0.0,0.0,0.0,udp,0.0,,cs0,,63.0,,1.0,,Status,1,1,0,42,42,0,42.0,0.0,0.0,0.0,0.0,0,0,0,0.0,,,0.0,0.0,0.0,REQ,,,,,0.0,0.0,0.0,0
492671,0.0,0.0,0.0,0.0,0.0,0.0,udp,0.0,,cs0,,63.0,,1.0,,Status,1,1,0,42,42,0,42.0,0.0,0.0,0.0,0.0,0,0,0,0.0,,,0.0,0.0,0.0,REQ,,,,,0.0,0.0,0.0,0
492918,0.0,0.0,0.0,0.0,0.0,0.0,udp,0.0,,cs0,,63.0,,1.0,,Status,1,1,0,42,42,0,42.0,0.0,0.0,0.0,0.0,0,0,0,0.0,,,0.0,0.0,0.0,REQ,,,,,0.0,0.0,0.0,0
492921,0.0,0.0,0.0,0.0,0.0,0.0,udp,0.0,,cs0,,63.0,,1.0,,Status,1,1,0,42,42,0,42.0,0.0,0.0,0.0,0.0,0,0,0,0.0,,,0.0,0.0,0.0,REQ,,,,,0.0,0.0,0.0,0
492969,0.0,0.0,0.0,0.0,0.0,0.0,udp,0.0,,cs0,,63.0,,1.0,,Status,1,1,0,42,42,0,42.0,0.0,0.0,0.0,0.0,0,0,0,0.0,,,0.0,0.0,0.0,REQ,,,,,0.0,0.0,0.0,0
492980,0.0,0.0,0.0,0.0,0.0,0.0,udp,0.0,,cs0,,63.0,,1.0,,Status,1,1,0,42,42,0,42.0,0.0,0.0,0.0,0.0,0,0,0,0.0,,,0.0,0.0,0.0,REQ,,,,,0.0,0.0,0.0,0
493057,0.0,0.0,0.0,0.0,0.0,0.0,udp,0.0,,cs0,,63.0,,1.0,,Status,1,1,0,42,42,0,42.0,0.0,0.0,0.0,0.0,0,0,0,0.0,,,0.0,0.0,0.0,REQ,,,,,0.0,0.0,0.0,0
493128,0.0,0.0,0.0,0.0,0.0,0.0,udp,0.0,,cs0,,63.0,,1.0,,Status,1,1,0,42,42,0,42.0,0.0,0.0,0.0,0.0,0,0,0,0.0,,,0.0,0.0,0.0,REQ,,,,,0.0,0.0,0.0,0
493212,0.0,0.0,0.0,0.0,0.0,0.0,udp,0.0,,cs0,,63.0,,1.0,,Status,1,1,0,42,42,0,42.0,0.0,0.0,0.0,0.0,0,0,0,0.0,,,0.0,0.0,0.0,REQ,,,,,0.0,0.0,0.0,0
493214,0.0,0.0,0.0,0.0,0.0,0.0,udp,0.0,,cs0,,63.0,,1.0,,Status,1,1,0,42,42,0,42.0,0.0,0.0,0.0,0.0,0,0,0,0.0,,,0.0,0.0,0.0,REQ,,,,,0.0,0.0,0.0,0
493230,0.0,0.0,0.0,0.0,0.0,0.0,udp,0.0,,cs0,,63.0,,1.0,,Status,1,1,0,42,42,0,42.0,0.0,0.0,0.0,0.0,0,0,0,0.0,,,0.0,0.0,0.0,REQ,,,,,0.0,0.0,0.0,0
493380,0.0,0.0,0.0,0.0,0.0,0.0,udp,0.0,,cs0,,63.0,,1.0,,Status,1,1,0,42,42,0,42.0,0.0,0.0,0.0,0.0,0,0,0,0.0,,,0.0,0.0,0.0,REQ,,,,,0.0,0.0,0.0,0
493395,0.0,0.0,0.0,0.0,0.0,0.0,udp,0.0,,cs0,,63.0,,1.0,,Status,1,1,0,42,42,0,42.0,0.0,0.0,0.0,0.0,0,0,0,0.0,,,0.0,0.0,0.0,REQ,,,,,0.0,0.0,0.0,0
493442,0.0,0.0,0.0,0.0,0.0,0.0,udp,0.0,,cs0,,63.0,,1.0,,Status,1,1,0,42,42,0,42.0,0.0,0.0,0.0,0.0,0,0,0,0.0,,,0.0,0.0,0.0,REQ,,,,,0.0,0.0,0.0,0
493449,0.0,0.0,0.0,0.0,0.0,0.0,udp,0.0,,cs0,,63.0,,1.0,,Status,1,1,0,42,42,0,42.0,0.0,0.0,0.0,0.0,0,0,0,0.0,,,0.0,0.0,0.0,REQ,,,,,0.0,0.0,0.0,0
493454,0.0,0.0,0.0,0.0,0.0,0.0,udp,0.0,,cs0,,63.0,,1.0,,Status,1,1,0,42,42,0,42.0,0.0,0.0,0.0,0.0,0,0,0,0.0,,,0.0,0.0,0.0,REQ,,,,,0.0,0.0,0.0,0
493488,0.0,0.0,0.0,0.0,0.0,0.0,udp,0.0,,cs0,,63.0,,1.0,,Status,1,1,0,42,42,0,42.0,0.0,0.0,0.0,0.0,0,0,0,0.0,,,0.0,0.0,0.0,REQ,,,,,0.0,0.0,0.0,0
493575,0.0,0.0,0.0,0.0,0.0,0.0,udp,0.0,,cs0,,63.0,,1.0,,Status,1,1,0,42,42,0,42.0,0.0,0.0,0.0,0.0,0,0,0,0.0,,,0.0,0.0,0.0,REQ,,,,,0.0,0.0,0.0,0
493644,0.0,0.0,0.0,0.0,0.0,0.0,udp,0.0,,cs0,,63.0,,1.0,,Status,1,1,0,42,42,0,42.0,0.0,0.0,0.0,0.0,0,0,0,0.0,,,0.0,0.0,0.0,REQ,,,,,0.0,0.0,0.0,0
493683,0.0,0.0,0.0,0.0,0.0,0.0,udp,0.0,,cs0,,63.0,,1.0,,Status,1,1,0,42,42,0,42.0,0.0,0.0,0.0,0.0,0,0,0,0.0,,,0.0,0.0,0.0,REQ,,,,,0.0,0.0,0.0,0
493731,0.0,0.0,0.0,0.0,0.0,0.0,udp,0.0,,cs0,,63.0,,1.0,,Status,1,1,0,42,42,0,42.0,0.0,0.0,0.0,0.0,0,0,0,0.0,,,0.0,0.0,0.0,REQ,,,,,0.0,0.0,0.0,0
493739,0.0,0.0,0.0,0.0,0.0,0.0,udp,0.0,,cs0,,63.0,,1.0,,Status,1,1,0,42,42,0,42.0,0.0,0.0,0.0,0.0,0,0,0,0.0,,,0.0,0.0,0.0,REQ,,,,,0.0,0.0,0.0,0
493743,0.0,0.0,0.0,0.0,0.0,0.0,udp,0.0,,cs0,,63.0,,1.0,,Status,1,1,0,42,42,0,42.0,0.0,0.0,0.0,0.0,0,0,0,0.0,,,0.0,0.0,0.0,REQ,,,,,0.0,0.0,0.0,0
493750,0.0,0.0,0.0,0.0,0.0,0.0,udp,0.0,,cs0,,63.0,,1.0,,Status,1,1,0,42,42,0,42.0,0.0,0.0,0.0,0.0,0,0,0,0.0,,,0.0,0.0,0.0,REQ,,,,,0.0,0.0,0.0,0
493866,0.0,0.0,0.0,0.0,0.0,0.0,udp,0.0,,cs0,,63.0,,1.0,,Status,1,1,0,42,42,0,42.0,0.0,0.0,0.0,0.0,0,0,0,0.0,,,0.0,0.0,0.0,REQ,,,,,0.0,0.0,0.0,0
493868,0.0,0.0,0.0,0.0,0.0,0.0,udp,0.0,,cs0,,63.0,,1.0,,Status,1,1,0,42,42,0,42.0,0.0,0.0,0.0,0.0,0,0,0,0.0,,,0.0,0.0,0.0,REQ,,,,,0.0,0.0,0.0,0
493897,0.0,0.0,0.0,0.0,0.0,0.0,udp,0.0,,cs0,,63.0,,1.0,,Status,1,1,0,42,42,0,42.0,0.0,0.0,0.0,0.0,0,0,0,0.0,,,0.0,0.0,0.0,REQ,,,,,0.0,0.0,0.0,0
493953,0.0,0.0,0.0,0.0,0.0,0.0,udp,0.0,,cs0,,63.0,,1.0,,Status,1,1,0,42,42,0,42.0,0.0,0.0,0.0,0.0,0,0,0,0.0,,,0.0,0.0,0.0,REQ,,,,,0.0,0.0,0.0,0
494002,0.0,0.0,0.0,0.0,0.0,0.0,udp,0.0,,cs0,,63.0,,1.0,,Status,1,1,0,42,42,0,42.0,0.0,0.0,0.0,0.0,0,0,0,0.0,,,0.0,0.0,0.0,REQ,,,,,0.0,0.0,0.0,0
494005,0.0,0.0,0.0,0.0,0.0,0.0,udp,0.0,,cs0,,63.0,,1.0,,Status,1,1,0,42,42,0,42.0,0.0,0.0,0.0,0.0,0,0,0,0.0,,,0.0,0.0,0.0,REQ,,,,,0.0,0.0,0.0,0
494006,0.0,0.0,0.0,0.0,0.0,0.0,udp,0.0,,cs0,,63.0,,1.0,,Status,1,1,0,42,42,0,42.0,0.0,0.0,0.0,0.0,0,0,0,0.0,,,0.0,0.0,0.0,REQ,,,,,0.0,0.0,0.0,0
494053,0.0,0.0,0.0,0.0,0.0,0.0,udp,0.0,,cs0,,63.0,,1.0,,Status,1,1,0,42,42,0,42.0,0.0,0.0,0.0,0.0,0,0,0,0.0,,,0.0,0.0,0.0,REQ,,,,,0.0,0.0,0.0,0
494067,0.0,0.0,0.0,0.0,0.0,0.0,udp,0.0,,cs0,,63.0,,1.0,,Status,1,1,0,42,42,0,42.0,0.0,0.0,0.0,0.0,0,0,0,0.0,,,0.0,0.0,0.0,REQ,,,,,0.0,0.0,0.0,0
494141,0.0,0.0,0.0,0.0,0.0,0.0,udp,0.0,,cs0,,63.0,,1.0,,Status,1,1,0,42,42,0,42.0,0.0,0.0,0.0,0.0,0,0,0,0.0,,,0.0,0.0,0.0,REQ,,,,,0.0,0.0,0.0,0
494161,0.0,0.0,0.0,0.0,0.0,0.0,udp,0.0,,cs0,,63.0,,1.0,,Status,1,1,0,42,42,0,42.0,0.0,0.0,0.0,0.0,0,0,0,0.0,,,0.0,0.0,0.0,REQ,,,,,0.0,0.0,0.0,0
494189,0.0,0.0,0.0,0.0,0.0,0.0,udp,0.0,,cs0,,63.0,,1.0,,Status,1,1,0,42,42,0,42.0,0.0,0.0,0.0,0.0,0,0,0,0.0,,,0.0,0.0,0.0,REQ,,,,,0.0,0.0,0.0,0
494196,0.0,0.0,0.0,0.0,0.0,0.0,udp,0.0,,cs0,,63.0,,1.0,,Status,1,1,0,42,42,0,42.0,0.0,0.0,0.0,0.0,0,0,0,0.0,,,0.0,0.0,0.0,REQ,,,,,0.0,0.0,0.0,0
494261,0.0,0.0,0.0,0.0,0.0,0.0,udp,0.0,,cs0,,63.0,,1.0,,Status,1,1,0,42,42,0,42.0,0.0,0.0,0.0,0.0,0,0,0,0.0,,,0.0,0.0,0.0,REQ,,,,,0.0,0.0,0.0,0
494458,0.0,0.0,0.0,0.0,0.0,0.0,udp,0.0,,cs0,,63.0,,1.0,,Status,1,1,0,42,42,0,42.0,0.0,0.0,0.0,0.0,0,0,0,0.0,,,0.0,0.0,0.0,REQ,,,,,0.0,0.0,0.0,0
494474,0.0,0.0,0.0,0.0,0.0,0.0,udp,0.0,,cs0,,63.0,,1.0,,Status,1,1,0,42,42,0,42.0,0.0,0.0,0.0,0.0,0,0,0,0.0,,,0.0,0.0,0.0,REQ,,,,,0.0,0.0,0.0,0
494496,0.0,0.0,0.0,0.0,0.0,0.0,udp,0.0,,cs0,,63.0,,1.0,,Status,1,1,0,42,42,0,42.0,0.0,0.0,0.0,0.0,0,0,0,0.0,,,0.0,0.0,0.0,REQ,,,,,0.0,0.0,0.0,0
494527,0.0,0.0,0.0,0.0,0.0,0.0,udp,0.0,,cs0,,63.0,,1.0,,Status,1,1,0,42,42,0,42.0,0.0,0.0,0.0,0.0,0,0,0,0.0,,,0.0,0.0,0.0,REQ,,,,,0.0,0.0,0.0,0
494553,0.0,0.0,0.0,0.0,0.0,0.0,udp,0.0,,cs0,,63.0,,1.0,,Status,1,1,0,42,42,0,42.0,0.0,0.0,0.0,0.0,0,0,0,0.0,,,0.0,0.0,0.0,REQ,,,,,0.0,0.0,0.0,0
494583,0.0,0.0,0.0,0.0,0.0,0.0,udp,0.0,,cs0,,63.0,,1.0,,Status,1,1,0,42,42,0,42.0,0.0,0.0,0.0,0.0,0,0,0,0.0,,,0.0,0.0,0.0,REQ,,,,,0.0,0.0,0.0,0
494625,0.0,0.0,0.0,0.0,0.0,0.0,udp,0.0,,cs0,,63.0,,1.0,,Status,1,1,0,42,42,0,42.0,0.0,0.0,0.0,0.0,0,0,0,0.0,,,0.0,0.0,0.0,REQ,,,,,0.0,0.0,0.0,0
494654,0.0,0.0,0.0,0.0,0.0,0.0,udp,0.0,,cs0,,63.0,,1.0,,Status,1,1,0,42,42,0,42.0,0.0,0.0,0.0,0.0,0,0,0,0.0,,,0.0,0.0,0.0,REQ,,,,,0.0,0.0,0.0,0
494722,0.0,0.0,0.0,0.0,0.0,0.0,udp,0.0,,cs0,,63.0,,1.0,,Status,1,1,0,42,42,0,42.0,0.0,0.0,0.0,0.0,0,0,0,0.0,,,0.0,0.0,0.0,REQ,,,,,0.0,0.0,0.0,0
494761,0.0,0.0,0.0,0.0,0.0,0.0,udp,0.0,,cs0,,63.0,,1.0,,Status,1,1,0,42,42,0,42.0,0.0,0.0,0.0,0.0,0,0,0,0.0,,,0.0,0.0,0.0,REQ,,,,,0.0,0.0,0.0,0
494771,0.0,0.0,0.0,0.0,0.0,0.0,udp,0.0,,cs0,,63.0,,1.0,,Status,1,1,0,42,42,0,42.0,0.0,0.0,0.0,0.0,0,0,0,0.0,,,0.0,0.0,0.0,REQ,,,,,0.0,0.0,0.0,0
494778,0.0,0.0,0.0,0.0,0.0,0.0,udp,0.0,,cs0,,63.0,,1.0,,Status,1,1,0,42,42,0,42.0,0.0,0.0,0.0,0.0,0,0,0,0.0,,,0.0,0.0,0.0,REQ,,,,,0.0,0.0,0.0,0
494779,0.0,0.0,0.0,0.0,0.0,0.0,udp,0.0,,cs0,,63.0,,1.0,,Status,1,1,0,42,42,0,42.0,0.0,0.0,0.0,0.0,0,0,0,0.0,,,0.0,0.0,0.0,REQ,,,,,0.0,0.0,0.0,0
494887,0.0,0.0,0.0,0.0,0.0,0.0,udp,0.0,,cs0,,63.0,,1.0,,Status,1,1,0,42,42,0,42.0,0.0,0.0,0.0,0.0,0,0,0,0.0,,,0.0,0.0,0.0,REQ,,,,,0.0,0.0,0.0,0
494894,0.0,0.0,0.0,0.0,0.0,0.0,udp,0.0,,cs0,,63.0,,1.0,,Status,1,1,0,42,42,0,42.0,0.0,0.0,0.0,0.0,0,0,0,0.0,,,0.0,0.0,0.0,REQ,,,,,0.0,0.0,0.0,0
494955,0.0,0.0,0.0,0.0,0.0,0.0,udp,0.0,,cs0,,63.0,,1.0,,Status,1,1,0,42,42,0,42.0,0.0,0.0,0.0,0.0,0,0,0,0.0,,,0.0,0.0,0.0,REQ,,,,,0.0,0.0,0.0,0
494981,0.0,0.0,0.0,0.0,0.0,0.0,udp,0.0,,cs0,,63.0,,1.0,,Status,1,1,0,42,42,0,42.0,0.0,0.0,0.0,0.0,0,0,0,0.0,,,0.0,0.0,0.0,REQ,,,,,0.0,0.0,0.0,0
495001,0.0,0.0,0.0,0.0,0.0,0.0,udp,0.0,,cs0,,63.0,,1.0,,Status,1,1,0,42,42,0,42.0,0.0,0.0,0.0,0.0,0,0,0,0.0,,,0.0,0.0,0.0,REQ,,,,,0.0,0.0,0.0,0
495027,0.0,0.0,0.0,0.0,0.0,0.0,udp,0.0,,cs0,,63.0,,1.0,,Status,1,1,0,42,42,0,42.0,0.0,0.0,0.0,0.0,0,0,0,0.0,,,0.0,0.0,0.0,REQ,,,,,0.0,0.0,0.0,0
495038,0.0,0.0,0.0,0.0,0.0,0.0,udp,0.0,,cs0,,63.0,,1.0,,Status,1,1,0,42,42,0,42.0,0.0,0.0,0.0,0.0,0,0,0,0.0,,,0.0,0.0,0.0,REQ,,,,,0.0,0.0,0.0,0
495106,0.0,0.0,0.0,0.0,0.0,0.0,udp,0.0,,cs0,,63.0,,1.0,,Status,1,1,0,42,42,0,42.0,0.0,0.0,0.0,0.0,0,0,0,0.0,,,0.0,0.0,0.0,REQ,,,,,0.0,0.0,0.0,0
495120,0.0,0.0,0.0,0.0,0.0,0.0,udp,0.0,,cs0,,63.0,,1.0,,Status,1,1,0,42,42,0,42.0,0.0,0.0,0.0,0.0,0,0,0,0.0,,,0.0,0.0,0.0,REQ,,,,,0.0,0.0,0.0,0
495129,0.0,0.0,0.0,0.0,0.0,0.0,udp,0.0,,cs0,,63.0,,1.0,,Status,1,1,0,42,42,0,42.0,0.0,0.0,0.0,0.0,0,0,0,0.0,,,0.0,0.0,0.0,REQ,,,,,0.0,0.0,0.0,0
495133,0.0,0.0,0.0,0.0,0.0,0.0,udp,0.0,,cs0,,63.0,,1.0,,Status,1,1,0,42,42,0,42.0,0.0,0.0,0.0,0.0,0,0,0,0.0,,,0.0,0.0,0.0,REQ,,,,,0.0,0.0,0.0,0
495137,0.0,0.0,0.0,0.0,0.0,0.0,udp,0.0,,cs0,,63.0,,1.0,,Status,1,1,0,42,42,0,42.0,0.0,0.0,0.0,0.0,0,0,0,0.0,,,0.0,0.0,0.0,REQ,,,,,0.0,0.0,0.0,0
495151,0.0,0.0,0.0,0.0,0.0,0.0,udp,0.0,,cs0,,63.0,,1.0,,Status,1,1,0,42,42,0,42.0,0.0,0.0,0.0,0.0,0,0,0,0.0,,,0.0,0.0,0.0,REQ,,,,,0.0,0.0,0.0,0
495209,0.0,0.0,0.0,0.0,0.0,0.0,udp,0.0,,cs0,,63.0,,1.0,,Status,1,1,0,42,42,0,42.0,0.0,0.0,0.0,0.0,0,0,0,0.0,,,0.0,0.0,0.0,REQ,,,,,0.0,0.0,0.0,0
495212,0.0,0.0,0.0,0.0,0.0,0.0,udp,0.0,,cs0,,63.0,,1.0,,Status,1,1,0,42,42,0,42.0,0.0,0.0,0.0,0.0,0,0,0,0.0,,,0.0,0.0,0.0,REQ,,,,,0.0,0.0,0.0,0
495241,0.0,0.0,0.0,0.0,0.0,0.0,udp,0.0,,cs0,,63.0,,1.0,,Status,1,1,0,42,42,0,42.0,0.0,0.0,0.0,0.0,0,0,0,0.0,,,0.0,0.0,0.0,REQ,,,,,0.0,0.0,0.0,0
495271,0.0,0.0,0.0,0.0,0.0,0.0,udp,0.0,,cs0,,63.0,,1.0,,Status,1,1,0,42,42,0,42.0,0.0,0.0,0.0,0.0,0,0,0,0.0,,,0.0,0.0,0.0,REQ,,,,,0.0,0.0,0.0,0
495290,0.0,0.0,0.0,0.0,0.0,0.0,udp,0.0,,cs0,,63.0,,1.0,,Status,1,1,0,42,42,0,42.0,0.0,0.0,0.0,0.0,0,0,0,0.0,,,0.0,0.0,0.0,REQ,,,,,0.0,0.0,0.0,0
495384,0.0,0.0,0.0,0.0,0.0,0.0,udp,0.0,,cs0,,63.0,,1.0,,Status,1,1,0,42,42,0,42.0,0.0,0.0,0.0,0.0,0,0,0,0.0,,,0.0,0.0,0.0,REQ,,,,,0.0,0.0,0.0,0
495396,0.0,0.0,0.0,0.0,0.0,0.0,udp,0.0,,cs0,,63.0,,1.0,,Status,1,1,0,42,42,0,42.0,0.0,0.0,0.0,0.0,0,0,0,0.0,,,0.0,0.0,0.0,REQ,,,,,0.0,0.0,0.0,0
495456,0.0,0.0,0.0,0.0,0.0,0.0,udp,0.0,,cs0,,63.0,,1.0,,Status,1,1,0,42,42,0,42.0,0.0,0.0,0.0,0.0,0,0,0,0.0,,,0.0,0.0,0.0,REQ,,,,,0.0,0.0,0.0,0
495482,0.0,0.0,0.0,0.0,0.0,0.0,udp,0.0,,cs0,,63.0,,1.0,,Status,1,1,0,42,42,0,42.0,0.0,0.0,0.0,0.0,0,0,0,0.0,,,0.0,0.0,0.0,REQ,,,,,0.0,0.0,0.0,0
495578,0.0,0.0,0.0,0.0,0.0,0.0,udp,0.0,,cs0,,63.0,,1.0,,Status,1,1,0,42,42,0,42.0,0.0,0.0,0.0,0.0,0,0,0,0.0,,,0.0,0.0,0.0,REQ,,,,,0.0,0.0,0.0,0
495604,0.0,0.0,0.0,0.0,0.0,0.0,udp,0.0,,cs0,,63.0,,1.0,,Status,1,1,0,42,42,0,42.0,0.0,0.0,0.0,0.0,0,0,0,0.0,,,0.0,0.0,0.0,REQ,,,,,0.0,0.0,0.0,0
495649,0.0,0.0,0.0,0.0,0.0,0.0,udp,0.0,,cs0,,63.0,,1.0,,Status,1,1,0,42,42,0,42.0,0.0,0.0,0.0,0.0,0,0,0,0.0,,,0.0,0.0,0.0,REQ,,,,,0.0,0.0,0.0,0
495684,0.0,0.0,0.0,0.0,0.0,0.0,udp,0.0,,cs0,,63.0,,1.0,,Status,1,1,0,42,42,0,42.0,0.0,0.0,0.0,0.0,0,0,0,0.0,,,0.0,0.0,0.0,REQ,,,,,0.0,0.0,0.0,0
495746,0.0,0.0,0.0,0.0,0.0,0.0,udp,0.0,,cs0,,63.0,,1.0,,Status,1,1,0,42,42,0,42.0,0.0,0.0,0.0,0.0,0,0,0,0.0,,,0.0,0.0,0.0,REQ,,,,,0.0,0.0,0.0,0
495843,0.0,0.0,0.0,0.0,0.0,0.0,udp,0.0,,cs0,,63.0,,1.0,,Status,1,1,0,42,42,0,42.0,0.0,0.0,0.0,0.0,0,0,0,0.0,,,0.0,0.0,0.0,REQ,,,,,0.0,0.0,0.0,0
495878,0.0,0.0,0.0,0.0,0.0,0.0,udp,0.0,,cs0,,63.0,,1.0,,Status,1,1,0,42,42,0,42.0,0.0,0.0,0.0,0.0,0,0,0,0.0,,,0.0,0.0,0.0,REQ,,,,,0.0,0.0,0.0,0
495917,0.0,0.0,0.0,0.0,0.0,0.0,udp,0.0,,cs0,,63.0,,1.0,,Status,1,1,0,42,42,0,42.0,0.0,0.0,0.0,0.0,0,0,0,0.0,,,0.0,0.0,0.0,REQ,,,,,0.0,0.0,0.0,0
495936,0.0,0.0,0.0,0.0,0.0,0.0,udp,0.0,,cs0,,63.0,,1.0,,Status,1,1,0,42,42,0,42.0,0.0,0.0,0.0,0.0,0,0,0,0.0,,,0.0,0.0,0.0,REQ,,,,,0.0,0.0,0.0,0
495937,0.0,0.0,0.0,0.0,0.0,0.0,udp,0.0,,cs0,,63.0,,1.0,,Status,1,1,0,42,42,0,42.0,0.0,0.0,0.0,0.0,0,0,0,0.0,,,0.0,0.0,0.0,REQ,,,,,0.0,0.0,0.0,0
495961,0.0,0.0,0.0,0.0,0.0,0.0,udp,0.0,,cs0,,63.0,,1.0,,Status,1,1,0,42,42,0,42.0,0.0,0.0,0.0,0.0,0,0,0,0.0,,,0.0,0.0,0.0,REQ,,,,,0.0,0.0,0.0,0
495996,0.0,0.0,0.0,0.0,0.0,0.0,udp,0.0,,cs0,,63.0,,1.0,,Status,1,1,0,42,42,0,42.0,0.0,0.0,0.0,0.0,0,0,0,0.0,,,0.0,0.0,0.0,REQ,,,,,0.0,0.0,0.0,0
495997,0.0,0.0,0.0,0.0,0.0,0.0,udp,0.0,,cs0,,63.0,,1.0,,Status,1,1,0,42,42,0,42.0,0.0,0.0,0.0,0.0,0,0,0,0.0,,,0.0,0.0,0.0,REQ,,,,,0.0,0.0,0.0,0
496035,0.0,0.0,0.0,0.0,0.0,0.0,udp,0.0,,cs0,,63.0,,1.0,,Status,1,1,0,42,42,0,42.0,0.0,0.0,0.0,0.0,0,0,0,0.0,,,0.0,0.0,0.0,REQ,,,,,0.0,0.0,0.0,0
496048,0.0,0.0,0.0,0.0,0.0,0.0,udp,0.0,,cs0,,63.0,,1.0,,Status,1,1,0,42,42,0,42.0,0.0,0.0,0.0,0.0,0,0,0,0.0,,,0.0,0.0,0.0,REQ,,,,,0.0,0.0,0.0,0
496082,0.0,0.0,0.0,0.0,0.0,0.0,udp,0.0,,cs0,,63.0,,1.0,,Status,1,1,0,42,42,0,42.0,0.0,0.0,0.0,0.0,0,0,0,0.0,,,0.0,0.0,0.0,REQ,,,,,0.0,0.0,0.0,0
496107,0.0,0.0,0.0,0.0,0.0,0.0,udp,0.0,,cs0,,63.0,,1.0,,Status,1,1,0,42,42,0,42.0,0.0,0.0,0.0,0.0,0,0,0,0.0,,,0.0,0.0,0.0,REQ,,,,,0.0,0.0,0.0,0
496128,0.0,0.0,0.0,0.0,0.0,0.0,udp,0.0,,cs0,,63.0,,1.0,,Status,1,1,0,42,42,0,42.0,0.0,0.0,0.0,0.0,0,0,0,0.0,,,0.0,0.0,0.0,REQ,,,,,0.0,0.0,0.0,0
496213,0.0,0.0,0.0,0.0,0.0,0.0,udp,0.0,,cs0,,63.0,,1.0,,Status,1,1,0,42,42,0,42.0,0.0,0.0,0.0,0.0,0,0,0,0.0,,,0.0,0.0,0.0,REQ,,,,,0.0,0.0,0.0,0
496214,0.0,0.0,0.0,0.0,0.0,0.0,udp,0.0,,cs0,,63.0,,1.0,,Status,1,1,0,42,42,0,42.0,0.0,0.0,0.0,0.0,0,0,0,0.0,,,0.0,0.0,0.0,REQ,,,,,0.0,0.0,0.0,0
496220,0.0,0.0,0.0,0.0,0.0,0.0,udp,0.0,,cs0,,63.0,,1.0,,Status,1,1,0,42,42,0,42.0,0.0,0.0,0.0,0.0,0,0,0,0.0,,,0.0,0.0,0.0,REQ,,,,,0.0,0.0,0.0,0
496237,0.0,0.0,0.0,0.0,0.0,0.0,udp,0.0,,cs0,,63.0,,1.0,,Status,1,1,0,42,42,0,42.0,0.0,0.0,0.0,0.0,0,0,0,0.0,,,0.0,0.0,0.0,REQ,,,,,0.0,0.0,0.0,0
496254,0.0,0.0,0.0,0.0,0.0,0.0,udp,0.0,,cs0,,63.0,,1.0,,Status,1,1,0,42,42,0,42.0,0.0,0.0,0.0,0.0,0,0,0,0.0,,,0.0,0.0,0.0,REQ,,,,,0.0,0.0,0.0,0
496286,0.0,0.0,0.0,0.0,0.0,0.0,udp,0.0,,cs0,,63.0,,1.0,,Status,1,1,0,42,42,0,42.0,0.0,0.0,0.0,0.0,0,0,0,0.0,,,0.0,0.0,0.0,REQ,,,,,0.0,0.0,0.0,0
496346,0.0,0.0,0.0,0.0,0.0,0.0,udp,0.0,,cs0,,63.0,,1.0,,Status,1,1,0,42,42,0,42.0,0.0,0.0,0.0,0.0,0,0,0,0.0,,,0.0,0.0,0.0,REQ,,,,,0.0,0.0,0.0,0
496369,0.0,0.0,0.0,0.0,0.0,0.0,udp,0.0,,cs0,,63.0,,1.0,,Status,1,1,0,42,42,0,42.0,0.0,0.0,0.0,0.0,0,0,0,0.0,,,0.0,0.0,0.0,REQ,,,,,0.0,0.0,0.0,0
496414,0.0,0.0,0.0,0.0,0.0,0.0,udp,0.0,,cs0,,63.0,,1.0,,Status,1,1,0,42,42,0,42.0,0.0,0.0,0.0,0.0,0,0,0,0.0,,,0.0,0.0,0.0,REQ,,,,,0.0,0.0,0.0,0
496508,0.0,0.0,0.0,0.0,0.0,0.0,udp,0.0,,cs0,,63.0,,1.0,,Status,1,1,0,42,42,0,42.0,0.0,0.0,0.0,0.0,0,0,0,0.0,,,0.0,0.0,0.0,REQ,,,,,0.0,0.0,0.0,0
496564,0.0,0.0,0.0,0.0,0.0,0.0,udp,0.0,,cs0,,63.0,,1.0,,Status,1,1,0,42,42,0,42.0,0.0,0.0,0.0,0.0,0,0,0,0.0,,,0.0,0.0,0.0,REQ,,,,,0.0,0.0,0.0,0
496569,0.0,0.0,0.0,0.0,0.0,0.0,udp,0.0,,cs0,,63.0,,1.0,,Status,1,1,0,42,42,0,42.0,0.0,0.0,0.0,0.0,0,0,0,0.0,,,0.0,0.0,0.0,REQ,,,,,0.0,0.0,0.0,0
496638,0.0,0.0,0.0,0.0,0.0,0.0,udp,0.0,,cs0,,63.0,,1.0,,Status,1,1,0,42,42,0,42.0,0.0,0.0,0.0,0.0,0,0,0,0.0,,,0.0,0.0,0.0,REQ,,,,,0.0,0.0,0.0,0
496773,0.0,0.0,0.0,0.0,0.0,0.0,udp,0.0,,cs0,,63.0,,1.0,,Status,1,1,0,42,42,0,42.0,0.0,0.0,0.0,0.0,0,0,0,0.0,,,0.0,0.0,0.0,REQ,,,,,0.0,0.0,0.0,0
496844,0.0,0.0,0.0,0.0,0.0,0.0,udp,0.0,,cs0,,63.0,,1.0,,Status,1,1,0,42,42,0,42.0,0.0,0.0,0.0,0.0,0,0,0,0.0,,,0.0,0.0,0.0,REQ,,,,,0.0,0.0,0.0,0
496864,0.0,0.0,0.0,0.0,0.0,0.0,udp,0.0,,cs0,,63.0,,1.0,,Status,1,1,0,42,42,0,42.0,0.0,0.0,0.0,0.0,0,0,0,0.0,,,0.0,0.0,0.0,REQ,,,,,0.0,0.0,0.0,0
496885,0.0,0.0,0.0,0.0,0.0,0.0,udp,0.0,,cs0,,63.0,,1.0,,Status,1,1,0,42,42,0,42.0,0.0,0.0,0.0,0.0,0,0,0,0.0,,,0.0,0.0,0.0,REQ,,,,,0.0,0.0,0.0,0
496894,0.0,0.0,0.0,0.0,0.0,0.0,udp,0.0,,cs0,,63.0,,1.0,,Status,1,1,0,42,42,0,42.0,0.0,0.0,0.0,0.0,0,0,0,0.0,,,0.0,0.0,0.0,REQ,,,,,0.0,0.0,0.0,0
496950,0.0,0.0,0.0,0.0,0.0,0.0,udp,0.0,,cs0,,63.0,,1.0,,Status,1,1,0,42,42,0,42.0,0.0,0.0,0.0,0.0,0,0,0,0.0,,,0.0,0.0,0.0,REQ,,,,,0.0,0.0,0.0,0
497087,0.0,0.0,0.0,0.0,0.0,0.0,udp,0.0,,cs0,,63.0,,1.0,,Status,1,1,0,42,42,0,42.0,0.0,0.0,0.0,0.0,0,0,0,0.0,,,0.0,0.0,0.0,REQ,,,,,0.0,0.0,0.0,0
497244,0.0,0.0,0.0,0.0,0.0,0.0,udp,0.0,,cs0,,63.0,,1.0,,Status,1,1,0,42,42,0,42.0,0.0,0.0,0.0,0.0,0,0,0,0.0,,,0.0,0.0,0.0,REQ,,,,,0.0,0.0,0.0,0
497248,0.0,0.0,0.0,0.0,0.0,0.0,udp,0.0,,cs0,,63.0,,1.0,,Status,1,1,0,42,42,0,42.0,0.0,0.0,0.0,0.0,0,0,0,0.0,,,0.0,0.0,0.0,REQ,,,,,0.0,0.0,0.0,0
497275,0.0,0.0,0.0,0.0,0.0,0.0,udp,0.0,,cs0,,63.0,,1.0,,Status,1,1,0,42,42,0,42.0,0.0,0.0,0.0,0.0,0,0,0,0.0,,,0.0,0.0,0.0,REQ,,,,,0.0,0.0,0.0,0
497317,0.0,0.0,0.0,0.0,0.0,0.0,udp,0.0,,cs0,,63.0,,1.0,,Status,1,1,0,42,42,0,42.0,0.0,0.0,0.0,0.0,0,0,0,0.0,,,0.0,0.0,0.0,REQ,,,,,0.0,0.0,0.0,0
497341,0.0,0.0,0.0,0.0,0.0,0.0,udp,0.0,,cs0,,63.0,,1.0,,Status,1,1,0,42,42,0,42.0,0.0,0.0,0.0,0.0,0,0,0,0.0,,,0.0,0.0,0.0,REQ,,,,,0.0,0.0,0.0,0
497453,0.0,0.0,0.0,0.0,0.0,0.0,udp,0.0,,cs0,,63.0,,1.0,,Status,1,1,0,42,42,0,42.0,0.0,0.0,0.0,0.0,0,0,0,0.0,,,0.0,0.0,0.0,REQ,,,,,0.0,0.0,0.0,0
497469,0.0,0.0,0.0,0.0,0.0,0.0,udp,0.0,,cs0,,63.0,,1.0,,Status,1,1,0,42,42,0,42.0,0.0,0.0,0.0,0.0,0,0,0,0.0,,,0.0,0.0,0.0,REQ,,,,,0.0,0.0,0.0,0
497476,0.0,0.0,0.0,0.0,0.0,0.0,udp,0.0,,cs0,,63.0,,1.0,,Status,1,1,0,42,42,0,42.0,0.0,0.0,0.0,0.0,0,0,0,0.0,,,0.0,0.0,0.0,REQ,,,,,0.0,0.0,0.0,0
497504,0.0,0.0,0.0,0.0,0.0,0.0,udp,0.0,,cs0,,63.0,,1.0,,Status,1,1,0,42,42,0,42.0,0.0,0.0,0.0,0.0,0,0,0,0.0,,,0.0,0.0,0.0,REQ,,,,,0.0,0.0,0.0,0
497580,0.0,0.0,0.0,0.0,0.0,0.0,udp,0.0,,cs0,,63.0,,1.0,,Status,1,1,0,42,42,0,42.0,0.0,0.0,0.0,0.0,0,0,0,0.0,,,0.0,0.0,0.0,REQ,,,,,0.0,0.0,0.0,0
497614,0.0,0.0,0.0,0.0,0.0,0.0,udp,0.0,,cs0,,63.0,,1.0,,Status,1,1,0,42,42,0,42.0,0.0,0.0,0.0,0.0,0,0,0,0.0,,,0.0,0.0,0.0,REQ,,,,,0.0,0.0,0.0,0
497637,0.0,0.0,0.0,0.0,0.0,0.0,udp,0.0,,cs0,,63.0,,1.0,,Status,1,1,0,42,42,0,42.0,0.0,0.0,0.0,0.0,0,0,0,0.0,,,0.0,0.0,0.0,REQ,,,,,0.0,0.0,0.0,0
497639,0.0,0.0,0.0,0.0,0.0,0.0,udp,0.0,,cs0,,63.0,,1.0,,Status,1,1,0,42,42,0,42.0,0.0,0.0,0.0,0.0,0,0,0,0.0,,,0.0,0.0,0.0,REQ,,,,,0.0,0.0,0.0,0
497666,0.0,0.0,0.0,0.0,0.0,0.0,udp,0.0,,cs0,,63.0,,1.0,,Status,1,1,0,42,42,0,42.0,0.0,0.0,0.0,0.0,0,0,0,0.0,,,0.0,0.0,0.0,REQ,,,,,0.0,0.0,0.0,0
497755,0.0,0.0,0.0,0.0,0.0,0.0,udp,0.0,,cs0,,63.0,,1.0,,Status,1,1,0,42,42,0,42.0,0.0,0.0,0.0,0.0,0,0,0,0.0,,,0.0,0.0,0.0,REQ,,,,,0.0,0.0,0.0,0
497935,0.0,0.0,0.0,0.0,0.0,0.0,udp,0.0,,cs0,,63.0,,1.0,,Status,1,1,0,42,42,0,42.0,0.0,0.0,0.0,0.0,0,0,0,0.0,,,0.0,0.0,0.0,REQ,,,,,0.0,0.0,0.0,0
498083,0.0,0.0,0.0,0.0,0.0,0.0,udp,0.0,,cs0,,63.0,,1.0,,Status,1,1,0,42,42,0,42.0,0.0,0.0,0.0,0.0,0,0,0,0.0,,,0.0,0.0,0.0,REQ,,,,,0.0,0.0,0.0,0
498112,0.0,0.0,0.0,0.0,0.0,0.0,udp,0.0,,cs0,,63.0,,1.0,,Status,1,1,0,42,42,0,42.0,0.0,0.0,0.0,0.0,0,0,0,0.0,,,0.0,0.0,0.0,REQ,,,,,0.0,0.0,0.0,0
498204,0.0,0.0,0.0,0.0,0.0,0.0,udp,0.0,,cs0,,63.0,,1.0,,Status,1,1,0,42,42,0,42.0,0.0,0.0,0.0,0.0,0,0,0,0.0,,,0.0,0.0,0.0,REQ,,,,,0.0,0.0,0.0,0
498267,0.0,0.0,0.0,0.0,0.0,0.0,udp,0.0,,cs0,,63.0,,1.0,,Status,1,1,0,42,42,0,42.0,0.0,0.0,0.0,0.0,0,0,0,0.0,,,0.0,0.0,0.0,REQ,,,,,0.0,0.0,0.0,0
498287,0.0,0.0,0.0,0.0,0.0,0.0,udp,0.0,,cs0,,63.0,,1.0,,Status,1,1,0,42,42,0,42.0,0.0,0.0,0.0,0.0,0,0,0,0.0,,,0.0,0.0,0.0,REQ,,,,,0.0,0.0,0.0,0
498297,0.0,0.0,0.0,0.0,0.0,0.0,udp,0.0,,cs0,,63.0,,1.0,,Status,1,1,0,42,42,0,42.0,0.0,0.0,0.0,0.0,0,0,0,0.0,,,0.0,0.0,0.0,REQ,,,,,0.0,0.0,0.0,0
498339,0.0,0.0,0.0,0.0,0.0,0.0,udp,0.0,,cs0,,63.0,,1.0,,Status,1,1,0,42,42,0,42.0,0.0,0.0,0.0,0.0,0,0,0,0.0,,,0.0,0.0,0.0,REQ,,,,,0.0,0.0,0.0,0
498380,0.0,0.0,0.0,0.0,0.0,0.0,udp,0.0,,cs0,,63.0,,1.0,,Status,1,1,0,42,42,0,42.0,0.0,0.0,0.0,0.0,0,0,0,0.0,,,0.0,0.0,0.0,REQ,,,,,0.0,0.0,0.0,0
498444,0.0,0.0,0.0,0.0,0.0,0.0,udp,0.0,,cs0,,63.0,,1.0,,Status,1,1,0,42,42,0,42.0,0.0,0.0,0.0,0.0,0,0,0,0.0,,,0.0,0.0,0.0,REQ,,,,,0.0,0.0,0.0,0
498487,0.0,0.0,0.0,0.0,0.0,0.0,udp,0.0,,cs0,,63.0,,1.0,,Status,1,1,0,42,42,0,42.0,0.0,0.0,0.0,0.0,0,0,0,0.0,,,0.0,0.0,0.0,REQ,,,,,0.0,0.0,0.0,0
498512,0.0,0.0,0.0,0.0,0.0,0.0,udp,0.0,,cs0,,63.0,,1.0,,Status,1,1,0,42,42,0,42.0,0.0,0.0,0.0,0.0,0,0,0,0.0,,,0.0,0.0,0.0,REQ,,,,,0.0,0.0,0.0,0
498533,0.0,0.0,0.0,0.0,0.0,0.0,udp,0.0,,cs0,,63.0,,1.0,,Status,1,1,0,42,42,0,42.0,0.0,0.0,0.0,0.0,0,0,0,0.0,,,0.0,0.0,0.0,REQ,,,,,0.0,0.0,0.0,0
498536,0.0,0.0,0.0,0.0,0.0,0.0,udp,0.0,,cs0,,63.0,,1.0,,Status,1,1,0,42,42,0,42.0,0.0,0.0,0.0,0.0,0,0,0,0.0,,,0.0,0.0,0.0,REQ,,,,,0.0,0.0,0.0,0
498552,0.0,0.0,0.0,0.0,0.0,0.0,udp,0.0,,cs0,,63.0,,1.0,,Status,1,1,0,42,42,0,42.0,0.0,0.0,0.0,0.0,0,0,0,0.0,,,0.0,0.0,0.0,REQ,,,,,0.0,0.0,0.0,0
498721,0.0,0.0,0.0,0.0,0.0,0.0,udp,0.0,,cs0,,63.0,,1.0,,Status,1,1,0,42,42,0,42.0,0.0,0.0,0.0,0.0,0,0,0,0.0,,,0.0,0.0,0.0,REQ,,,,,0.0,0.0,0.0,0
498728,0.0,0.0,0.0,0.0,0.0,0.0,udp,0.0,,cs0,,63.0,,1.0,,Status,1,1,0,42,42,0,42.0,0.0,0.0,0.0,0.0,0,0,0,0.0,,,0.0,0.0,0.0,REQ,,,,,0.0,0.0,0.0,0
498748,0.0,0.0,0.0,0.0,0.0,0.0,udp,0.0,,cs0,,63.0,,1.0,,Status,1,1,0,42,42,0,42.0,0.0,0.0,0.0,0.0,0,0,0,0.0,,,0.0,0.0,0.0,REQ,,,,,0.0,0.0,0.0,0
498794,0.0,0.0,0.0,0.0,0.0,0.0,udp,0.0,,cs0,,63.0,,1.0,,Status,1,1,0,42,42,0,42.0,0.0,0.0,0.0,0.0,0,0,0,0.0,,,0.0,0.0,0.0,REQ,,,,,0.0,0.0,0.0,0
498833,0.0,0.0,0.0,0.0,0.0,0.0,udp,0.0,,cs0,,63.0,,1.0,,Status,1,1,0,42,42,0,42.0,0.0,0.0,0.0,0.0,0,0,0,0.0,,,0.0,0.0,0.0,REQ,,,,,0.0,0.0,0.0,0
498856,0.0,0.0,0.0,0.0,0.0,0.0,udp,0.0,,cs0,,63.0,,1.0,,Status,1,1,0,42,42,0,42.0,0.0,0.0,0.0,0.0,0,0,0,0.0,,,0.0,0.0,0.0,REQ,,,,,0.0,0.0,0.0,0
499088,0.0,0.0,0.0,0.0,0.0,0.0,udp,0.0,,cs0,,63.0,,1.0,,Status,1,1,0,42,42,0,42.0,0.0,0.0,0.0,0.0,0,0,0,0.0,,,0.0,0.0,0.0,REQ,,,,,0.0,0.0,0.0,0
499118,0.0,0.0,0.0,0.0,0.0,0.0,udp,0.0,,cs0,,63.0,,1.0,,Status,1,1,0,42,42,0,42.0,0.0,0.0,0.0,0.0,0,0,0,0.0,,,0.0,0.0,0.0,REQ,,,,,0.0,0.0,0.0,0
499176,0.0,0.0,0.0,0.0,0.0,0.0,udp,0.0,,cs0,,63.0,,1.0,,Status,1,1,0,42,42,0,42.0,0.0,0.0,0.0,0.0,0,0,0,0.0,,,0.0,0.0,0.0,REQ,,,,,0.0,0.0,0.0,0
499177,0.0,0.0,0.0,0.0,0.0,0.0,udp,0.0,,cs0,,63.0,,1.0,,Status,1,1,0,42,42,0,42.0,0.0,0.0,0.0,0.0,0,0,0,0.0,,,0.0,0.0,0.0,REQ,,,,,0.0,0.0,0.0,0
499218,0.0,0.0,0.0,0.0,0.0,0.0,udp,0.0,,cs0,,63.0,,1.0,,Status,1,1,0,42,42,0,42.0,0.0,0.0,0.0,0.0,0,0,0,0.0,,,0.0,0.0,0.0,REQ,,,,,0.0,0.0,0.0,0
499229,0.0,0.0,0.0,0.0,0.0,0.0,udp,0.0,,cs0,,63.0,,1.0,,Status,1,1,0,42,42,0,42.0,0.0,0.0,0.0,0.0,0,0,0,0.0,,,0.0,0.0,0.0,REQ,,,,,0.0,0.0,0.0,0
499274,0.0,0.0,0.0,0.0,0.0,0.0,udp,0.0,,cs0,,63.0,,1.0,,Status,1,1,0,42,42,0,42.0,0.0,0.0,0.0,0.0,0,0,0,0.0,,,0.0,0.0,0.0,REQ,,,,,0.0,0.0,0.0,0
499328,0.0,0.0,0.0,0.0,0.0,0.0,udp,0.0,,cs0,,63.0,,1.0,,Status,1,1,0,42,42,0,42.0,0.0,0.0,0.0,0.0,0,0,0,0.0,,,0.0,0.0,0.0,REQ,,,,,0.0,0.0,0.0,0
499333,0.0,0.0,0.0,0.0,0.0,0.0,udp,0.0,,cs0,,63.0,,1.0,,Status,1,1,0,42,42,0,42.0,0.0,0.0,0.0,0.0,0,0,0,0.0,,,0.0,0.0,0.0,REQ,,,,,0.0,0.0,0.0,0
499477,0.0,0.0,0.0,0.0,0.0,0.0,udp,0.0,,cs0,,63.0,,1.0,,Status,1,1,0,42,42,0,42.0,0.0,0.0,0.0,0.0,0,0,0,0.0,,,0.0,0.0,0.0,REQ,,,,,0.0,0.0,0.0,0
499596,0.0,0.0,0.0,0.0,0.0,0.0,udp,0.0,,cs0,,63.0,,1.0,,Status,1,1,0,42,42,0,42.0,0.0,0.0,0.0,0.0,0,0,0,0.0,,,0.0,0.0,0.0,REQ,,,,,0.0,0.0,0.0,0
499678,0.0,0.0,0.0,0.0,0.0,0.0,udp,0.0,,cs0,,63.0,,1.0,,Status,1,1,0,42,42,0,42.0,0.0,0.0,0.0,0.0,0,0,0,0.0,,,0.0,0.0,0.0,REQ,,,,,0.0,0.0,0.0,0
500028,0.0,0.0,0.0,0.0,0.0,0.0,udp,0.0,,cs0,,63.0,,1.0,,Status,1,1,0,42,42,0,42.0,0.0,0.0,0.0,0.0,0,0,0,0.0,,,0.0,0.0,0.0,REQ,,,,,0.0,0.0,0.0,0
500035,0.0,0.0,0.0,0.0,0.0,0.0,udp,0.0,,cs0,,63.0,,1.0,,Status,1,1,0,42,42,0,42.0,0.0,0.0,0.0,0.0,0,0,0,0.0,,,0.0,0.0,0.0,REQ,,,,,0.0,0.0,0.0,0
500122,0.0,0.0,0.0,0.0,0.0,0.0,udp,0.0,,cs0,,63.0,,1.0,,Status,1,1,0,42,42,0,42.0,0.0,0.0,0.0,0.0,0,0,0,0.0,,,0.0,0.0,0.0,REQ,,,,,0.0,0.0,0.0,0
500151,0.0,0.0,0.0,0.0,0.0,0.0,udp,0.0,,cs0,,63.0,,1.0,,Status,1,1,0,42,42,0,42.0,0.0,0.0,0.0,0.0,0,0,0,0.0,,,0.0,0.0,0.0,REQ,,,,,0.0,0.0,0.0,0
500164,0.0,0.0,0.0,0.0,0.0,0.0,udp,0.0,,cs0,,63.0,,1.0,,Status,1,1,0,42,42,0,42.0,0.0,0.0,0.0,0.0,0,0,0,0.0,,,0.0,0.0,0.0,REQ,,,,,0.0,0.0,0.0,0
500230,0.0,0.0,0.0,0.0,0.0,0.0,udp,0.0,,cs0,,63.0,,1.0,,Status,1,1,0,42,42,0,42.0,0.0,0.0,0.0,0.0,0,0,0,0.0,,,0.0,0.0,0.0,REQ,,,,,0.0,0.0,0.0,0
500300,0.0,0.0,0.0,0.0,0.0,0.0,udp,0.0,,cs0,,63.0,,1.0,,Status,1,1,0,42,42,0,42.0,0.0,0.0,0.0,0.0,0,0,0,0.0,,,0.0,0.0,0.0,REQ,,,,,0.0,0.0,0.0,0
500335,0.0,0.0,0.0,0.0,0.0,0.0,udp,0.0,,cs0,,63.0,,1.0,,Status,1,1,0,42,42,0,42.0,0.0,0.0,0.0,0.0,0,0,0,0.0,,,0.0,0.0,0.0,REQ,,,,,0.0,0.0,0.0,0
500369,0.0,0.0,0.0,0.0,0.0,0.0,udp,0.0,,cs0,,63.0,,1.0,,Status,1,1,0,42,42,0,42.0,0.0,0.0,0.0,0.0,0,0,0,0.0,,,0.0,0.0,0.0,REQ,,,,,0.0,0.0,0.0,0
500372,0.0,0.0,0.0,0.0,0.0,0.0,udp,0.0,,cs0,,63.0,,1.0,,Status,1,1,0,42,42,0,42.0,0.0,0.0,0.0,0.0,0,0,0,0.0,,,0.0,0.0,0.0,REQ,,,,,0.0,0.0,0.0,0
500422,0.0,0.0,0.0,0.0,0.0,0.0,udp,0.0,,cs0,,63.0,,1.0,,Status,1,1,0,42,42,0,42.0,0.0,0.0,0.0,0.0,0,0,0,0.0,,,0.0,0.0,0.0,REQ,,,,,0.0,0.0,0.0,0
500629,0.0,0.0,0.0,0.0,0.0,0.0,udp,0.0,,cs0,,63.0,,1.0,,Status,1,1,0,42,42,0,42.0,0.0,0.0,0.0,0.0,0,0,0,0.0,,,0.0,0.0,0.0,REQ,,,,,0.0,0.0,0.0,0
500643,0.0,0.0,0.0,0.0,0.0,0.0,udp,0.0,,cs0,,63.0,,1.0,,Status,1,1,0,42,42,0,42.0,0.0,0.0,0.0,0.0,0,0,0,0.0,,,0.0,0.0,0.0,REQ,,,,,0.0,0.0,0.0,0
500686,0.0,0.0,0.0,0.0,0.0,0.0,udp,0.0,,cs0,,63.0,,1.0,,Status,1,1,0,42,42,0,42.0,0.0,0.0,0.0,0.0,0,0,0,0.0,,,0.0,0.0,0.0,REQ,,,,,0.0,0.0,0.0,0
500703,0.0,0.0,0.0,0.0,0.0,0.0,udp,0.0,,cs0,,63.0,,1.0,,Status,1,1,0,42,42,0,42.0,0.0,0.0,0.0,0.0,0,0,0,0.0,,,0.0,0.0,0.0,REQ,,,,,0.0,0.0,0.0,0
500706,0.0,0.0,0.0,0.0,0.0,0.0,udp,0.0,,cs0,,63.0,,1.0,,Status,1,1,0,42,42,0,42.0,0.0,0.0,0.0,0.0,0,0,0,0.0,,,0.0,0.0,0.0,REQ,,,,,0.0,0.0,0.0,0
500716,0.0,0.0,0.0,0.0,0.0,0.0,udp,0.0,,cs0,,63.0,,1.0,,Status,1,1,0,42,42,0,42.0,0.0,0.0,0.0,0.0,0,0,0,0.0,,,0.0,0.0,0.0,REQ,,,,,0.0,0.0,0.0,0
500753,0.0,0.0,0.0,0.0,0.0,0.0,udp,0.0,,cs0,,63.0,,1.0,,Status,1,1,0,42,42,0,42.0,0.0,0.0,0.0,0.0,0,0,0,0.0,,,0.0,0.0,0.0,REQ,,,,,0.0,0.0,0.0,0
500879,0.0,0.0,0.0,0.0,0.0,0.0,udp,0.0,,cs0,,63.0,,1.0,,Status,1,1,0,42,42,0,42.0,0.0,0.0,0.0,0.0,0,0,0,0.0,,,0.0,0.0,0.0,REQ,,,,,0.0,0.0,0.0,0
500887,0.0,0.0,0.0,0.0,0.0,0.0,udp,0.0,,cs0,,63.0,,1.0,,Status,1,1,0,42,42,0,42.0,0.0,0.0,0.0,0.0,0,0,0,0.0,,,0.0,0.0,0.0,REQ,,,,,0.0,0.0,0.0,0
500923,0.0,0.0,0.0,0.0,0.0,0.0,udp,0.0,,cs0,,63.0,,1.0,,Status,1,1,0,42,42,0,42.0,0.0,0.0,0.0,0.0,0,0,0,0.0,,,0.0,0.0,0.0,REQ,,,,,0.0,0.0,0.0,0
500956,0.0,0.0,0.0,0.0,0.0,0.0,udp,0.0,,cs0,,63.0,,1.0,,Status,1,1,0,42,42,0,42.0,0.0,0.0,0.0,0.0,0,0,0,0.0,,,0.0,0.0,0.0,REQ,,,,,0.0,0.0,0.0,0
501009,0.0,0.0,0.0,0.0,0.0,0.0,udp,0.0,,cs0,,63.0,,1.0,,Status,1,1,0,42,42,0,42.0,0.0,0.0,0.0,0.0,0,0,0,0.0,,,0.0,0.0,0.0,REQ,,,,,0.0,0.0,0.0,0
501026,0.0,0.0,0.0,0.0,0.0,0.0,udp,0.0,,cs0,,63.0,,1.0,,Status,1,1,0,42,42,0,42.0,0.0,0.0,0.0,0.0,0,0,0,0.0,,,0.0,0.0,0.0,REQ,,,,,0.0,0.0,0.0,0
501043,0.0,0.0,0.0,0.0,0.0,0.0,udp,0.0,,cs0,,63.0,,1.0,,Status,1,1,0,42,42,0,42.0,0.0,0.0,0.0,0.0,0,0,0,0.0,,,0.0,0.0,0.0,REQ,,,,,0.0,0.0,0.0,0
501129,0.0,0.0,0.0,0.0,0.0,0.0,udp,0.0,,cs0,,63.0,,1.0,,Status,1,1,0,42,42,0,42.0,0.0,0.0,0.0,0.0,0,0,0,0.0,,,0.0,0.0,0.0,REQ,,,,,0.0,0.0,0.0,0
501197,0.0,0.0,0.0,0.0,0.0,0.0,udp,0.0,,cs0,,63.0,,1.0,,Status,1,1,0,42,42,0,42.0,0.0,0.0,0.0,0.0,0,0,0,0.0,,,0.0,0.0,0.0,REQ,,,,,0.0,0.0,0.0,0
501223,0.0,0.0,0.0,0.0,0.0,0.0,udp,0.0,,cs0,,63.0,,1.0,,Status,1,1,0,42,42,0,42.0,0.0,0.0,0.0,0.0,0,0,0,0.0,,,0.0,0.0,0.0,REQ,,,,,0.0,0.0,0.0,0
501234,0.0,0.0,0.0,0.0,0.0,0.0,udp,0.0,,cs0,,63.0,,1.0,,Status,1,1,0,42,42,0,42.0,0.0,0.0,0.0,0.0,0,0,0,0.0,,,0.0,0.0,0.0,REQ,,,,,0.0,0.0,0.0,0
501235,0.0,0.0,0.0,0.0,0.0,0.0,udp,0.0,,cs0,,63.0,,1.0,,Status,1,1,0,42,42,0,42.0,0.0,0.0,0.0,0.0,0,0,0,0.0,,,0.0,0.0,0.0,REQ,,,,,0.0,0.0,0.0,0
501253,0.0,0.0,0.0,0.0,0.0,0.0,udp,0.0,,cs0,,63.0,,1.0,,Status,1,1,0,42,42,0,42.0,0.0,0.0,0.0,0.0,0,0,0,0.0,,,0.0,0.0,0.0,REQ,,,,,0.0,0.0,0.0,0
501278,0.0,0.0,0.0,0.0,0.0,0.0,udp,0.0,,cs0,,63.0,,1.0,,Status,1,1,0,42,42,0,42.0,0.0,0.0,0.0,0.0,0,0,0,0.0,,,0.0,0.0,0.0,REQ,,,,,0.0,0.0,0.0,0
501282,0.0,0.0,0.0,0.0,0.0,0.0,udp,0.0,,cs0,,63.0,,1.0,,Status,1,1,0,42,42,0,42.0,0.0,0.0,0.0,0.0,0,0,0,0.0,,,0.0,0.0,0.0,REQ,,,,,0.0,0.0,0.0,0
501328,0.0,0.0,0.0,0.0,0.0,0.0,udp,0.0,,cs0,,63.0,,1.0,,Status,1,1,0,42,42,0,42.0,0.0,0.0,0.0,0.0,0,0,0,0.0,,,0.0,0.0,0.0,REQ,,,,,0.0,0.0,0.0,0
501365,0.0,0.0,0.0,0.0,0.0,0.0,udp,0.0,,cs0,,63.0,,1.0,,Status,1,1,0,42,42,0,42.0,0.0,0.0,0.0,0.0,0,0,0,0.0,,,0.0,0.0,0.0,REQ,,,,,0.0,0.0,0.0,0
501429,0.0,0.0,0.0,0.0,0.0,0.0,udp,0.0,,cs0,,63.0,,1.0,,Status,1,1,0,42,42,0,42.0,0.0,0.0,0.0,0.0,0,0,0,0.0,,,0.0,0.0,0.0,REQ,,,,,0.0,0.0,0.0,0
501436,0.0,0.0,0.0,0.0,0.0,0.0,udp,0.0,,cs0,,63.0,,1.0,,Status,1,1,0,42,42,0,42.0,0.0,0.0,0.0,0.0,0,0,0,0.0,,,0.0,0.0,0.0,REQ,,,,,0.0,0.0,0.0,0
501448,0.0,0.0,0.0,0.0,0.0,0.0,udp,0.0,,cs0,,63.0,,1.0,,Status,1,1,0,42,42,0,42.0,0.0,0.0,0.0,0.0,0,0,0,0.0,,,0.0,0.0,0.0,REQ,,,,,0.0,0.0,0.0,0
501513,0.0,0.0,0.0,0.0,0.0,0.0,udp,0.0,,cs0,,63.0,,1.0,,Status,1,1,0,42,42,0,42.0,0.0,0.0,0.0,0.0,0,0,0,0.0,,,0.0,0.0,0.0,REQ,,,,,0.0,0.0,0.0,0
501543,0.0,0.0,0.0,0.0,0.0,0.0,udp,0.0,,cs0,,63.0,,1.0,,Status,1,1,0,42,42,0,42.0,0.0,0.0,0.0,0.0,0,0,0,0.0,,,0.0,0.0,0.0,REQ,,,,,0.0,0.0,0.0,0
501548,0.0,0.0,0.0,0.0,0.0,0.0,udp,0.0,,cs0,,63.0,,1.0,,Status,1,1,0,42,42,0,42.0,0.0,0.0,0.0,0.0,0,0,0,0.0,,,0.0,0.0,0.0,REQ,,,,,0.0,0.0,0.0,0
501581,0.0,0.0,0.0,0.0,0.0,0.0,udp,0.0,,cs0,,63.0,,1.0,,Status,1,1,0,42,42,0,42.0,0.0,0.0,0.0,0.0,0,0,0,0.0,,,0.0,0.0,0.0,REQ,,,,,0.0,0.0,0.0,0
501615,0.0,0.0,0.0,0.0,0.0,0.0,udp,0.0,,cs0,,63.0,,1.0,,Status,1,1,0,42,42,0,42.0,0.0,0.0,0.0,0.0,0,0,0,0.0,,,0.0,0.0,0.0,REQ,,,,,0.0,0.0,0.0,0
501631,0.0,0.0,0.0,0.0,0.0,0.0,udp,0.0,,cs0,,63.0,,1.0,,Status,1,1,0,42,42,0,42.0,0.0,0.0,0.0,0.0,0,0,0,0.0,,,0.0,0.0,0.0,REQ,,,,,0.0,0.0,0.0,0
501685,0.0,0.0,0.0,0.0,0.0,0.0,udp,0.0,,cs0,,63.0,,1.0,,Status,1,1,0,42,42,0,42.0,0.0,0.0,0.0,0.0,0,0,0,0.0,,,0.0,0.0,0.0,REQ,,,,,0.0,0.0,0.0,0
501780,0.0,0.0,0.0,0.0,0.0,0.0,udp,0.0,,cs0,,63.0,,1.0,,Status,1,1,0,42,42,0,42.0,0.0,0.0,0.0,0.0,0,0,0,0.0,,,0.0,0.0,0.0,REQ,,,,,0.0,0.0,0.0,0
501794,0.0,0.0,0.0,0.0,0.0,0.0,udp,0.0,,cs0,,63.0,,1.0,,Status,1,1,0,42,42,0,42.0,0.0,0.0,0.0,0.0,0,0,0,0.0,,,0.0,0.0,0.0,REQ,,,,,0.0,0.0,0.0,0
501825,0.0,0.0,0.0,0.0,0.0,0.0,udp,0.0,,cs0,,63.0,,1.0,,Status,1,1,0,42,42,0,42.0,0.0,0.0,0.0,0.0,0,0,0,0.0,,,0.0,0.0,0.0,REQ,,,,,0.0,0.0,0.0,0
501840,0.0,0.0,0.0,0.0,0.0,0.0,udp,0.0,,cs0,,63.0,,1.0,,Status,1,1,0,42,42,0,42.0,0.0,0.0,0.0,0.0,0,0,0,0.0,,,0.0,0.0,0.0,REQ,,,,,0.0,0.0,0.0,0
501847,0.0,0.0,0.0,0.0,0.0,0.0,udp,0.0,,cs0,,63.0,,1.0,,Status,1,1,0,42,42,0,42.0,0.0,0.0,0.0,0.0,0,0,0,0.0,,,0.0,0.0,0.0,REQ,,,,,0.0,0.0,0.0,0
501851,0.0,0.0,0.0,0.0,0.0,0.0,udp,0.0,,cs0,,63.0,,1.0,,Status,1,1,0,42,42,0,42.0,0.0,0.0,0.0,0.0,0,0,0,0.0,,,0.0,0.0,0.0,REQ,,,,,0.0,0.0,0.0,0
501869,0.0,0.0,0.0,0.0,0.0,0.0,udp,0.0,,cs0,,63.0,,1.0,,Status,1,1,0,42,42,0,42.0,0.0,0.0,0.0,0.0,0,0,0,0.0,,,0.0,0.0,0.0,REQ,,,,,0.0,0.0,0.0,0
501965,0.0,0.0,0.0,0.0,0.0,0.0,udp,0.0,,cs0,,63.0,,1.0,,Status,1,1,0,42,42,0,42.0,0.0,0.0,0.0,0.0,0,0,0,0.0,,,0.0,0.0,0.0,REQ,,,,,0.0,0.0,0.0,0
501967,0.0,0.0,0.0,0.0,0.0,0.0,udp,0.0,,cs0,,63.0,,1.0,,Status,1,1,0,42,42,0,42.0,0.0,0.0,0.0,0.0,0,0,0,0.0,,,0.0,0.0,0.0,REQ,,,,,0.0,0.0,0.0,0
502002,0.0,0.0,0.0,0.0,0.0,0.0,udp,0.0,,cs0,,63.0,,1.0,,Status,1,1,0,42,42,0,42.0,0.0,0.0,0.0,0.0,0,0,0,0.0,,,0.0,0.0,0.0,REQ,,,,,0.0,0.0,0.0,0
502041,0.0,0.0,0.0,0.0,0.0,0.0,udp,0.0,,cs0,,63.0,,1.0,,Status,1,1,0,42,42,0,42.0,0.0,0.0,0.0,0.0,0,0,0,0.0,,,0.0,0.0,0.0,REQ,,,,,0.0,0.0,0.0,0
502075,0.0,0.0,0.0,0.0,0.0,0.0,udp,0.0,,cs0,,63.0,,1.0,,Status,1,1,0,42,42,0,42.0,0.0,0.0,0.0,0.0,0,0,0,0.0,,,0.0,0.0,0.0,REQ,,,,,0.0,0.0,0.0,0
502130,0.0,0.0,0.0,0.0,0.0,0.0,udp,0.0,,cs0,,63.0,,1.0,,Status,1,1,0,42,42,0,42.0,0.0,0.0,0.0,0.0,0,0,0,0.0,,,0.0,0.0,0.0,REQ,,,,,0.0,0.0,0.0,0
502234,0.0,0.0,0.0,0.0,0.0,0.0,udp,0.0,,cs0,,63.0,,1.0,,Status,1,1,0,42,42,0,42.0,0.0,0.0,0.0,0.0,0,0,0,0.0,,,0.0,0.0,0.0,REQ,,,,,0.0,0.0,0.0,0
502358,0.0,0.0,0.0,0.0,0.0,0.0,udp,0.0,,cs0,,63.0,,1.0,,Status,1,1,0,42,42,0,42.0,0.0,0.0,0.0,0.0,0,0,0,0.0,,,0.0,0.0,0.0,REQ,,,,,0.0,0.0,0.0,0
502479,0.0,0.0,0.0,0.0,0.0,0.0,udp,0.0,,cs0,,63.0,,1.0,,Status,1,1,0,42,42,0,42.0,0.0,0.0,0.0,0.0,0,0,0,0.0,,,0.0,0.0,0.0,REQ,,,,,0.0,0.0,0.0,0
502547,0.0,0.0,0.0,0.0,0.0,0.0,udp,0.0,,cs0,,63.0,,1.0,,Status,1,1,0,42,42,0,42.0,0.0,0.0,0.0,0.0,0,0,0,0.0,,,0.0,0.0,0.0,REQ,,,,,0.0,0.0,0.0,0
502560,0.0,0.0,0.0,0.0,0.0,0.0,udp,0.0,,cs0,,63.0,,1.0,,Status,1,1,0,42,42,0,42.0,0.0,0.0,0.0,0.0,0,0,0,0.0,,,0.0,0.0,0.0,REQ,,,,,0.0,0.0,0.0,0
502592,0.0,0.0,0.0,0.0,0.0,0.0,udp,0.0,,cs0,,63.0,,1.0,,Status,1,1,0,42,42,0,42.0,0.0,0.0,0.0,0.0,0,0,0,0.0,,,0.0,0.0,0.0,REQ,,,,,0.0,0.0,0.0,0
502633,0.0,0.0,0.0,0.0,0.0,0.0,udp,0.0,,cs0,,63.0,,1.0,,Status,1,1,0,42,42,0,42.0,0.0,0.0,0.0,0.0,0,0,0,0.0,,,0.0,0.0,0.0,REQ,,,,,0.0,0.0,0.0,0
502715,0.0,0.0,0.0,0.0,0.0,0.0,udp,0.0,,cs0,,63.0,,1.0,,Status,1,1,0,42,42,0,42.0,0.0,0.0,0.0,0.0,0,0,0,0.0,,,0.0,0.0,0.0,REQ,,,,,0.0,0.0,0.0,0
502854,0.0,0.0,0.0,0.0,0.0,0.0,udp,0.0,,cs0,,63.0,,1.0,,Status,1,1,0,42,42,0,42.0,0.0,0.0,0.0,0.0,0,0,0,0.0,,,0.0,0.0,0.0,REQ,,,,,0.0,0.0,0.0,0
502881,0.0,0.0,0.0,0.0,0.0,0.0,udp,0.0,,cs0,,63.0,,1.0,,Status,1,1,0,42,42,0,42.0,0.0,0.0,0.0,0.0,0,0,0,0.0,,,0.0,0.0,0.0,REQ,,,,,0.0,0.0,0.0,0
502888,0.0,0.0,0.0,0.0,0.0,0.0,udp,0.0,,cs0,,63.0,,1.0,,Status,1,1,0,42,42,0,42.0,0.0,0.0,0.0,0.0,0,0,0,0.0,,,0.0,0.0,0.0,REQ,,,,,0.0,0.0,0.0,0
502935,0.0,0.0,0.0,0.0,0.0,0.0,udp,0.0,,cs0,,63.0,,1.0,,Status,1,1,0,42,42,0,42.0,0.0,0.0,0.0,0.0,0,0,0,0.0,,,0.0,0.0,0.0,REQ,,,,,0.0,0.0,0.0,0
502936,0.0,0.0,0.0,0.0,0.0,0.0,udp,0.0,,cs0,,63.0,,1.0,,Status,1,1,0,42,42,0,42.0,0.0,0.0,0.0,0.0,0,0,0,0.0,,,0.0,0.0,0.0,REQ,,,,,0.0,0.0,0.0,0
502964,0.0,0.0,0.0,0.0,0.0,0.0,udp,0.0,,cs0,,63.0,,1.0,,Status,1,1,0,42,42,0,42.0,0.0,0.0,0.0,0.0,0,0,0,0.0,,,0.0,0.0,0.0,REQ,,,,,0.0,0.0,0.0,0
502997,0.0,0.0,0.0,0.0,0.0,0.0,udp,0.0,,cs0,,63.0,,1.0,,Status,1,1,0,42,42,0,42.0,0.0,0.0,0.0,0.0,0,0,0,0.0,,,0.0,0.0,0.0,REQ,,,,,0.0,0.0,0.0,0
503024,0.0,0.0,0.0,0.0,0.0,0.0,udp,0.0,,cs0,,63.0,,1.0,,Status,1,1,0,42,42,0,42.0,0.0,0.0,0.0,0.0,0,0,0,0.0,,,0.0,0.0,0.0,REQ,,,,,0.0,0.0,0.0,0
503058,0.0,0.0,0.0,0.0,0.0,0.0,udp,0.0,,cs0,,63.0,,1.0,,Status,1,1,0,42,42,0,42.0,0.0,0.0,0.0,0.0,0,0,0,0.0,,,0.0,0.0,0.0,REQ,,,,,0.0,0.0,0.0,0
503061,0.0,0.0,0.0,0.0,0.0,0.0,udp,0.0,,cs0,,63.0,,1.0,,Status,1,1,0,42,42,0,42.0,0.0,0.0,0.0,0.0,0,0,0,0.0,,,0.0,0.0,0.0,REQ,,,,,0.0,0.0,0.0,0
503071,0.0,0.0,0.0,0.0,0.0,0.0,udp,0.0,,cs0,,63.0,,1.0,,Status,1,1,0,42,42,0,42.0,0.0,0.0,0.0,0.0,0,0,0,0.0,,,0.0,0.0,0.0,REQ,,,,,0.0,0.0,0.0,0
503107,0.0,0.0,0.0,0.0,0.0,0.0,udp,0.0,,cs0,,63.0,,1.0,,Status,1,1,0,42,42,0,42.0,0.0,0.0,0.0,0.0,0,0,0,0.0,,,0.0,0.0,0.0,REQ,,,,,0.0,0.0,0.0,0
503182,0.0,0.0,0.0,0.0,0.0,0.0,udp,0.0,,cs0,,63.0,,1.0,,Status,1,1,0,42,42,0,42.0,0.0,0.0,0.0,0.0,0,0,0,0.0,,,0.0,0.0,0.0,REQ,,,,,0.0,0.0,0.0,0
503242,0.0,0.0,0.0,0.0,0.0,0.0,udp,0.0,,cs0,,63.0,,1.0,,Status,1,1,0,42,42,0,42.0,0.0,0.0,0.0,0.0,0,0,0,0.0,,,0.0,0.0,0.0,REQ,,,,,0.0,0.0,0.0,0
503302,0.0,0.0,0.0,0.0,0.0,0.0,udp,0.0,,cs0,,63.0,,1.0,,Status,1,1,0,42,42,0,42.0,0.0,0.0,0.0,0.0,0,0,0,0.0,,,0.0,0.0,0.0,REQ,,,,,0.0,0.0,0.0,0
503473,0.0,0.0,0.0,0.0,0.0,0.0,udp,0.0,,cs0,,63.0,,1.0,,Status,1,1,0,42,42,0,42.0,0.0,0.0,0.0,0.0,0,0,0,0.0,,,0.0,0.0,0.0,REQ,,,,,0.0,0.0,0.0,0
503489,0.0,0.0,0.0,0.0,0.0,0.0,udp,0.0,,cs0,,63.0,,1.0,,Status,1,1,0,42,42,0,42.0,0.0,0.0,0.0,0.0,0,0,0,0.0,,,0.0,0.0,0.0,REQ,,,,,0.0,0.0,0.0,0
503514,0.0,0.0,0.0,0.0,0.0,0.0,udp,0.0,,cs0,,63.0,,1.0,,Status,1,1,0,42,42,0,42.0,0.0,0.0,0.0,0.0,0,0,0,0.0,,,0.0,0.0,0.0,REQ,,,,,0.0,0.0,0.0,0
503525,0.0,0.0,0.0,0.0,0.0,0.0,udp,0.0,,cs0,,63.0,,1.0,,Status,1,1,0,42,42,0,42.0,0.0,0.0,0.0,0.0,0,0,0,0.0,,,0.0,0.0,0.0,REQ,,,,,0.0,0.0,0.0,0
503546,0.0,0.0,0.0,0.0,0.0,0.0,udp,0.0,,cs0,,63.0,,1.0,,Status,1,1,0,42,42,0,42.0,0.0,0.0,0.0,0.0,0,0,0,0.0,,,0.0,0.0,0.0,REQ,,,,,0.0,0.0,0.0,0
503571,0.0,0.0,0.0,0.0,0.0,0.0,udp,0.0,,cs0,,63.0,,1.0,,Status,1,1,0,42,42,0,42.0,0.0,0.0,0.0,0.0,0,0,0,0.0,,,0.0,0.0,0.0,REQ,,,,,0.0,0.0,0.0,0
503573,0.0,0.0,0.0,0.0,0.0,0.0,udp,0.0,,cs0,,63.0,,1.0,,Status,1,1,0,42,42,0,42.0,0.0,0.0,0.0,0.0,0,0,0,0.0,,,0.0,0.0,0.0,REQ,,,,,0.0,0.0,0.0,0
503606,0.0,0.0,0.0,0.0,0.0,0.0,udp,0.0,,cs0,,63.0,,1.0,,Status,1,1,0,42,42,0,42.0,0.0,0.0,0.0,0.0,0,0,0,0.0,,,0.0,0.0,0.0,REQ,,,,,0.0,0.0,0.0,0
503704,0.0,0.0,0.0,0.0,0.0,0.0,udp,0.0,,cs0,,63.0,,1.0,,Status,1,1,0,42,42,0,42.0,0.0,0.0,0.0,0.0,0,0,0,0.0,,,0.0,0.0,0.0,REQ,,,,,0.0,0.0,0.0,0
503717,0.0,0.0,0.0,0.0,0.0,0.0,udp,0.0,,cs0,,63.0,,1.0,,Status,1,1,0,42,42,0,42.0,0.0,0.0,0.0,0.0,0,0,0,0.0,,,0.0,0.0,0.0,REQ,,,,,0.0,0.0,0.0,0
503764,0.0,0.0,0.0,0.0,0.0,0.0,udp,0.0,,cs0,,63.0,,1.0,,Status,1,1,0,42,42,0,42.0,0.0,0.0,0.0,0.0,0,0,0,0.0,,,0.0,0.0,0.0,REQ,,,,,0.0,0.0,0.0,0
503798,0.0,0.0,0.0,0.0,0.0,0.0,udp,0.0,,cs0,,63.0,,1.0,,Status,1,1,0,42,42,0,42.0,0.0,0.0,0.0,0.0,0,0,0,0.0,,,0.0,0.0,0.0,REQ,,,,,0.0,0.0,0.0,0
503827,0.0,0.0,0.0,0.0,0.0,0.0,udp,0.0,,cs0,,63.0,,1.0,,Status,1,1,0,42,42,0,42.0,0.0,0.0,0.0,0.0,0,0,0,0.0,,,0.0,0.0,0.0,REQ,,,,,0.0,0.0,0.0,0
503830,0.0,0.0,0.0,0.0,0.0,0.0,udp,0.0,,cs0,,63.0,,1.0,,Status,1,1,0,42,42,0,42.0,0.0,0.0,0.0,0.0,0,0,0,0.0,,,0.0,0.0,0.0,REQ,,,,,0.0,0.0,0.0,0
503987,0.0,0.0,0.0,0.0,0.0,0.0,udp,0.0,,cs0,,63.0,,1.0,,Status,1,1,0,42,42,0,42.0,0.0,0.0,0.0,0.0,0,0,0,0.0,,,0.0,0.0,0.0,REQ,,,,,0.0,0.0,0.0,0
504019,0.0,0.0,0.0,0.0,0.0,0.0,udp,0.0,,cs0,,63.0,,1.0,,Status,1,1,0,42,42,0,42.0,0.0,0.0,0.0,0.0,0,0,0,0.0,,,0.0,0.0,0.0,REQ,,,,,0.0,0.0,0.0,0
504083,0.0,0.0,0.0,0.0,0.0,0.0,udp,0.0,,cs0,,63.0,,1.0,,Status,1,1,0,42,42,0,42.0,0.0,0.0,0.0,0.0,0,0,0,0.0,,,0.0,0.0,0.0,REQ,,,,,0.0,0.0,0.0,0
504115,0.0,0.0,0.0,0.0,0.0,0.0,udp,0.0,,cs0,,63.0,,1.0,,Status,1,1,0,42,42,0,42.0,0.0,0.0,0.0,0.0,0,0,0,0.0,,,0.0,0.0,0.0,REQ,,,,,0.0,0.0,0.0,0
504150,0.0,0.0,0.0,0.0,0.0,0.0,udp,0.0,,cs0,,63.0,,1.0,,Status,1,1,0,42,42,0,42.0,0.0,0.0,0.0,0.0,0,0,0,0.0,,,0.0,0.0,0.0,REQ,,,,,0.0,0.0,0.0,0
504170,0.0,0.0,0.0,0.0,0.0,0.0,udp,0.0,,cs0,,63.0,,1.0,,Status,1,1,0,42,42,0,42.0,0.0,0.0,0.0,0.0,0,0,0,0.0,,,0.0,0.0,0.0,REQ,,,,,0.0,0.0,0.0,0
504232,0.0,0.0,0.0,0.0,0.0,0.0,udp,0.0,,cs0,,63.0,,1.0,,Status,1,1,0,42,42,0,42.0,0.0,0.0,0.0,0.0,0,0,0,0.0,,,0.0,0.0,0.0,REQ,,,,,0.0,0.0,0.0,0
504283,0.0,0.0,0.0,0.0,0.0,0.0,udp,0.0,,cs0,,63.0,,1.0,,Status,1,1,0,42,42,0,42.0,0.0,0.0,0.0,0.0,0,0,0,0.0,,,0.0,0.0,0.0,REQ,,,,,0.0,0.0,0.0,0
504292,0.0,0.0,0.0,0.0,0.0,0.0,udp,0.0,,cs0,,63.0,,1.0,,Status,1,1,0,42,42,0,42.0,0.0,0.0,0.0,0.0,0,0,0,0.0,,,0.0,0.0,0.0,REQ,,,,,0.0,0.0,0.0,0
504293,0.0,0.0,0.0,0.0,0.0,0.0,udp,0.0,,cs0,,63.0,,1.0,,Status,1,1,0,42,42,0,42.0,0.0,0.0,0.0,0.0,0,0,0,0.0,,,0.0,0.0,0.0,REQ,,,,,0.0,0.0,0.0,0
504333,0.0,0.0,0.0,0.0,0.0,0.0,udp,0.0,,cs0,,63.0,,1.0,,Status,1,1,0,42,42,0,42.0,0.0,0.0,0.0,0.0,0,0,0,0.0,,,0.0,0.0,0.0,REQ,,,,,0.0,0.0,0.0,0
504353,0.0,0.0,0.0,0.0,0.0,0.0,udp,0.0,,cs0,,63.0,,1.0,,Status,1,1,0,42,42,0,42.0,0.0,0.0,0.0,0.0,0,0,0,0.0,,,0.0,0.0,0.0,REQ,,,,,0.0,0.0,0.0,0
504355,0.0,0.0,0.0,0.0,0.0,0.0,udp,0.0,,cs0,,63.0,,1.0,,Status,1,1,0,42,42,0,42.0,0.0,0.0,0.0,0.0,0,0,0,0.0,,,0.0,0.0,0.0,REQ,,,,,0.0,0.0,0.0,0
504368,0.0,0.0,0.0,0.0,0.0,0.0,udp,0.0,,cs0,,63.0,,1.0,,Status,1,1,0,42,42,0,42.0,0.0,0.0,0.0,0.0,0,0,0,0.0,,,0.0,0.0,0.0,REQ,,,,,0.0,0.0,0.0,0
504403,0.0,0.0,0.0,0.0,0.0,0.0,udp,0.0,,cs0,,63.0,,1.0,,Status,1,1,0,42,42,0,42.0,0.0,0.0,0.0,0.0,0,0,0,0.0,,,0.0,0.0,0.0,REQ,,,,,0.0,0.0,0.0,0
504410,0.0,0.0,0.0,0.0,0.0,0.0,udp,0.0,,cs0,,63.0,,1.0,,Status,1,1,0,42,42,0,42.0,0.0,0.0,0.0,0.0,0,0,0,0.0,,,0.0,0.0,0.0,REQ,,,,,0.0,0.0,0.0,0
504411,0.0,0.0,0.0,0.0,0.0,0.0,udp,0.0,,cs0,,63.0,,1.0,,Status,1,1,0,42,42,0,42.0,0.0,0.0,0.0,0.0,0,0,0,0.0,,,0.0,0.0,0.0,REQ,,,,,0.0,0.0,0.0,0
504445,0.0,0.0,0.0,0.0,0.0,0.0,udp,0.0,,cs0,,63.0,,1.0,,Status,1,1,0,42,42,0,42.0,0.0,0.0,0.0,0.0,0,0,0,0.0,,,0.0,0.0,0.0,REQ,,,,,0.0,0.0,0.0,0
504496,0.0,0.0,0.0,0.0,0.0,0.0,udp,0.0,,cs0,,63.0,,1.0,,Status,1,1,0,42,42,0,42.0,0.0,0.0,0.0,0.0,0,0,0,0.0,,,0.0,0.0,0.0,REQ,,,,,0.0,0.0,0.0,0
504539,0.0,0.0,0.0,0.0,0.0,0.0,udp,0.0,,cs0,,63.0,,1.0,,Status,1,1,0,42,42,0,42.0,0.0,0.0,0.0,0.0,0,0,0,0.0,,,0.0,0.0,0.0,REQ,,,,,0.0,0.0,0.0,0
504562,0.0,0.0,0.0,0.0,0.0,0.0,udp,0.0,,cs0,,63.0,,1.0,,Status,1,1,0,42,42,0,42.0,0.0,0.0,0.0,0.0,0,0,0,0.0,,,0.0,0.0,0.0,REQ,,,,,0.0,0.0,0.0,0
504621,0.0,0.0,0.0,0.0,0.0,0.0,udp,0.0,,cs0,,63.0,,1.0,,Status,1,1,0,42,42,0,42.0,0.0,0.0,0.0,0.0,0,0,0,0.0,,,0.0,0.0,0.0,REQ,,,,,0.0,0.0,0.0,0
504674,0.0,0.0,0.0,0.0,0.0,0.0,udp,0.0,,cs0,,63.0,,1.0,,Status,1,1,0,42,42,0,42.0,0.0,0.0,0.0,0.0,0,0,0,0.0,,,0.0,0.0,0.0,REQ,,,,,0.0,0.0,0.0,0
504683,0.0,0.0,0.0,0.0,0.0,0.0,udp,0.0,,cs0,,63.0,,1.0,,Status,1,1,0,42,42,0,42.0,0.0,0.0,0.0,0.0,0,0,0,0.0,,,0.0,0.0,0.0,REQ,,,,,0.0,0.0,0.0,0
504703,0.0,0.0,0.0,0.0,0.0,0.0,udp,0.0,,cs0,,63.0,,1.0,,Status,1,1,0,42,42,0,42.0,0.0,0.0,0.0,0.0,0,0,0,0.0,,,0.0,0.0,0.0,REQ,,,,,0.0,0.0,0.0,0
504711,0.0,0.0,0.0,0.0,0.0,0.0,udp,0.0,,cs0,,63.0,,1.0,,Status,1,1,0,42,42,0,42.0,0.0,0.0,0.0,0.0,0,0,0,0.0,,,0.0,0.0,0.0,REQ,,,,,0.0,0.0,0.0,0
504794,0.0,0.0,0.0,0.0,0.0,0.0,udp,0.0,,cs0,,63.0,,1.0,,Status,1,1,0,42,42,0,42.0,0.0,0.0,0.0,0.0,0,0,0,0.0,,,0.0,0.0,0.0,REQ,,,,,0.0,0.0,0.0,0
504854,0.0,0.0,0.0,0.0,0.0,0.0,udp,0.0,,cs0,,63.0,,1.0,,Status,1,1,0,42,42,0,42.0,0.0,0.0,0.0,0.0,0,0,0,0.0,,,0.0,0.0,0.0,REQ,,,,,0.0,0.0,0.0,0
504856,0.0,0.0,0.0,0.0,0.0,0.0,udp,0.0,,cs0,,63.0,,1.0,,Status,1,1,0,42,42,0,42.0,0.0,0.0,0.0,0.0,0,0,0,0.0,,,0.0,0.0,0.0,REQ,,,,,0.0,0.0,0.0,0
504950,0.0,0.0,0.0,0.0,0.0,0.0,udp,0.0,,cs0,,63.0,,1.0,,Status,1,1,0,42,42,0,42.0,0.0,0.0,0.0,0.0,0,0,0,0.0,,,0.0,0.0,0.0,REQ,,,,,0.0,0.0,0.0,0
504996,0.0,0.0,0.0,0.0,0.0,0.0,udp,0.0,,cs0,,63.0,,1.0,,Status,1,1,0,42,42,0,42.0,0.0,0.0,0.0,0.0,0,0,0,0.0,,,0.0,0.0,0.0,REQ,,,,,0.0,0.0,0.0,0
505000,0.0,0.0,0.0,0.0,0.0,0.0,udp,0.0,,cs0,,63.0,,1.0,,Status,1,1,0,42,42,0,42.0,0.0,0.0,0.0,0.0,0,0,0,0.0,,,0.0,0.0,0.0,REQ,,,,,0.0,0.0,0.0,0
505009,0.0,0.0,0.0,0.0,0.0,0.0,udp,0.0,,cs0,,63.0,,1.0,,Status,1,1,0,42,42,0,42.0,0.0,0.0,0.0,0.0,0,0,0,0.0,,,0.0,0.0,0.0,REQ,,,,,0.0,0.0,0.0,0
505017,0.0,0.0,0.0,0.0,0.0,0.0,udp,0.0,,cs0,,63.0,,1.0,,Status,1,1,0,42,42,0,42.0,0.0,0.0,0.0,0.0,0,0,0,0.0,,,0.0,0.0,0.0,REQ,,,,,0.0,0.0,0.0,0
505059,0.0,0.0,0.0,0.0,0.0,0.0,udp,0.0,,cs0,,63.0,,1.0,,Status,1,1,0,42,42,0,42.0,0.0,0.0,0.0,0.0,0,0,0,0.0,,,0.0,0.0,0.0,REQ,,,,,0.0,0.0,0.0,0
505216,0.0,0.0,0.0,0.0,0.0,0.0,udp,0.0,,cs0,,63.0,,1.0,,Status,1,1,0,42,42,0,42.0,0.0,0.0,0.0,0.0,0,0,0,0.0,,,0.0,0.0,0.0,REQ,,,,,0.0,0.0,0.0,0
505328,0.0,0.0,0.0,0.0,0.0,0.0,udp,0.0,,cs0,,63.0,,1.0,,Status,1,1,0,42,42,0,42.0,0.0,0.0,0.0,0.0,0,0,0,0.0,,,0.0,0.0,0.0,REQ,,,,,0.0,0.0,0.0,0
505400,0.0,0.0,0.0,0.0,0.0,0.0,udp,0.0,,cs0,,63.0,,1.0,,Status,1,1,0,42,42,0,42.0,0.0,0.0,0.0,0.0,0,0,0,0.0,,,0.0,0.0,0.0,REQ,,,,,0.0,0.0,0.0,0
505417,0.0,0.0,0.0,0.0,0.0,0.0,udp,0.0,,cs0,,63.0,,1.0,,Status,1,1,0,42,42,0,42.0,0.0,0.0,0.0,0.0,0,0,0,0.0,,,0.0,0.0,0.0,REQ,,,,,0.0,0.0,0.0,0
505440,0.0,0.0,0.0,0.0,0.0,0.0,udp,0.0,,cs0,,63.0,,1.0,,Status,1,1,0,42,42,0,42.0,0.0,0.0,0.0,0.0,0,0,0,0.0,,,0.0,0.0,0.0,REQ,,,,,0.0,0.0,0.0,0
505451,0.0,0.0,0.0,0.0,0.0,0.0,udp,0.0,,cs0,,63.0,,1.0,,Status,1,1,0,42,42,0,42.0,0.0,0.0,0.0,0.0,0,0,0,0.0,,,0.0,0.0,0.0,REQ,,,,,0.0,0.0,0.0,0
505500,0.0,0.0,0.0,0.0,0.0,0.0,udp,0.0,,cs0,,63.0,,1.0,,Status,1,1,0,42,42,0,42.0,0.0,0.0,0.0,0.0,0,0,0,0.0,,,0.0,0.0,0.0,REQ,,,,,0.0,0.0,0.0,0
505532,0.0,0.0,0.0,0.0,0.0,0.0,udp,0.0,,cs0,,63.0,,1.0,,Status,1,1,0,42,42,0,42.0,0.0,0.0,0.0,0.0,0,0,0,0.0,,,0.0,0.0,0.0,REQ,,,,,0.0,0.0,0.0,0
505590,0.0,0.0,0.0,0.0,0.0,0.0,udp,0.0,,cs0,,63.0,,1.0,,Status,1,1,0,42,42,0,42.0,0.0,0.0,0.0,0.0,0,0,0,0.0,,,0.0,0.0,0.0,REQ,,,,,0.0,0.0,0.0,0
505715,0.0,0.0,0.0,0.0,0.0,0.0,udp,0.0,,cs0,,63.0,,1.0,,Status,1,1,0,42,42,0,42.0,0.0,0.0,0.0,0.0,0,0,0,0.0,,,0.0,0.0,0.0,REQ,,,,,0.0,0.0,0.0,0
505766,0.0,0.0,0.0,0.0,0.0,0.0,udp,0.0,,cs0,,63.0,,1.0,,Status,1,1,0,42,42,0,42.0,0.0,0.0,0.0,0.0,0,0,0,0.0,,,0.0,0.0,0.0,REQ,,,,,0.0,0.0,0.0,0
505798,0.0,0.0,0.0,0.0,0.0,0.0,udp,0.0,,cs0,,63.0,,1.0,,Status,1,1,0,42,42,0,42.0,0.0,0.0,0.0,0.0,0,0,0,0.0,,,0.0,0.0,0.0,REQ,,,,,0.0,0.0,0.0,0
505827,0.0,0.0,0.0,0.0,0.0,0.0,udp,0.0,,cs0,,63.0,,1.0,,Status,1,1,0,42,42,0,42.0,0.0,0.0,0.0,0.0,0,0,0,0.0,,,0.0,0.0,0.0,REQ,,,,,0.0,0.0,0.0,0
505845,0.0,0.0,0.0,0.0,0.0,0.0,udp,0.0,,cs0,,63.0,,1.0,,Status,1,1,0,42,42,0,42.0,0.0,0.0,0.0,0.0,0,0,0,0.0,,,0.0,0.0,0.0,REQ,,,,,0.0,0.0,0.0,0
505866,0.0,0.0,0.0,0.0,0.0,0.0,udp,0.0,,cs0,,63.0,,1.0,,Status,1,1,0,42,42,0,42.0,0.0,0.0,0.0,0.0,0,0,0,0.0,,,0.0,0.0,0.0,REQ,,,,,0.0,0.0,0.0,0
505888,0.0,0.0,0.0,0.0,0.0,0.0,udp,0.0,,cs0,,63.0,,1.0,,Status,1,1,0,42,42,0,42.0,0.0,0.0,0.0,0.0,0,0,0,0.0,,,0.0,0.0,0.0,REQ,,,,,0.0,0.0,0.0,0
505910,0.0,0.0,0.0,0.0,0.0,0.0,udp,0.0,,cs0,,63.0,,1.0,,Status,1,1,0,42,42,0,42.0,0.0,0.0,0.0,0.0,0,0,0,0.0,,,0.0,0.0,0.0,REQ,,,,,0.0,0.0,0.0,0
505916,0.0,0.0,0.0,0.0,0.0,0.0,udp,0.0,,cs0,,63.0,,1.0,,Status,1,1,0,42,42,0,42.0,0.0,0.0,0.0,0.0,0,0,0,0.0,,,0.0,0.0,0.0,REQ,,,,,0.0,0.0,0.0,0
506003,0.0,0.0,0.0,0.0,0.0,0.0,udp,0.0,,cs0,,63.0,,1.0,,Status,1,1,0,42,42,0,42.0,0.0,0.0,0.0,0.0,0,0,0,0.0,,,0.0,0.0,0.0,REQ,,,,,0.0,0.0,0.0,0
506055,0.0,0.0,0.0,0.0,0.0,0.0,udp,0.0,,cs0,,63.0,,1.0,,Status,1,1,0,42,42,0,42.0,0.0,0.0,0.0,0.0,0,0,0,0.0,,,0.0,0.0,0.0,REQ,,,,,0.0,0.0,0.0,0
506182,0.0,0.0,0.0,0.0,0.0,0.0,udp,0.0,,cs0,,63.0,,1.0,,Status,1,1,0,42,42,0,42.0,0.0,0.0,0.0,0.0,0,0,0,0.0,,,0.0,0.0,0.0,REQ,,,,,0.0,0.0,0.0,0
506220,0.0,0.0,0.0,0.0,0.0,0.0,udp,0.0,,cs0,,63.0,,1.0,,Status,1,1,0,42,42,0,42.0,0.0,0.0,0.0,0.0,0,0,0,0.0,,,0.0,0.0,0.0,REQ,,,,,0.0,0.0,0.0,0
506223,0.0,0.0,0.0,0.0,0.0,0.0,udp,0.0,,cs0,,63.0,,1.0,,Status,1,1,0,42,42,0,42.0,0.0,0.0,0.0,0.0,0,0,0,0.0,,,0.0,0.0,0.0,REQ,,,,,0.0,0.0,0.0,0
506236,0.0,0.0,0.0,0.0,0.0,0.0,udp,0.0,,cs0,,63.0,,1.0,,Status,1,1,0,42,42,0,42.0,0.0,0.0,0.0,0.0,0,0,0,0.0,,,0.0,0.0,0.0,REQ,,,,,0.0,0.0,0.0,0
506268,0.0,0.0,0.0,0.0,0.0,0.0,udp,0.0,,cs0,,63.0,,1.0,,Status,1,1,0,42,42,0,42.0,0.0,0.0,0.0,0.0,0,0,0,0.0,,,0.0,0.0,0.0,REQ,,,,,0.0,0.0,0.0,0
506308,0.0,0.0,0.0,0.0,0.0,0.0,udp,0.0,,cs0,,63.0,,1.0,,Status,1,1,0,42,42,0,42.0,0.0,0.0,0.0,0.0,0,0,0,0.0,,,0.0,0.0,0.0,REQ,,,,,0.0,0.0,0.0,0
506320,0.0,0.0,0.0,0.0,0.0,0.0,udp,0.0,,cs0,,63.0,,1.0,,Status,1,1,0,42,42,0,42.0,0.0,0.0,0.0,0.0,0,0,0,0.0,,,0.0,0.0,0.0,REQ,,,,,0.0,0.0,0.0,0
506333,0.0,0.0,0.0,0.0,0.0,0.0,udp,0.0,,cs0,,63.0,,1.0,,Status,1,1,0,42,42,0,42.0,0.0,0.0,0.0,0.0,0,0,0,0.0,,,0.0,0.0,0.0,REQ,,,,,0.0,0.0,0.0,0
506358,0.0,0.0,0.0,0.0,0.0,0.0,udp,0.0,,cs0,,63.0,,1.0,,Status,1,1,0,42,42,0,42.0,0.0,0.0,0.0,0.0,0,0,0,0.0,,,0.0,0.0,0.0,REQ,,,,,0.0,0.0,0.0,0
506371,0.0,0.0,0.0,0.0,0.0,0.0,udp,0.0,,cs0,,63.0,,1.0,,Status,1,1,0,42,42,0,42.0,0.0,0.0,0.0,0.0,0,0,0,0.0,,,0.0,0.0,0.0,REQ,,,,,0.0,0.0,0.0,0
506420,0.0,0.0,0.0,0.0,0.0,0.0,udp,0.0,,cs0,,63.0,,1.0,,Status,1,1,0,42,42,0,42.0,0.0,0.0,0.0,0.0,0,0,0,0.0,,,0.0,0.0,0.0,REQ,,,,,0.0,0.0,0.0,0
506500,0.0,0.0,0.0,0.0,0.0,0.0,udp,0.0,,cs0,,63.0,,1.0,,Status,1,1,0,42,42,0,42.0,0.0,0.0,0.0,0.0,0,0,0,0.0,,,0.0,0.0,0.0,REQ,,,,,0.0,0.0,0.0,0
506550,0.0,0.0,0.0,0.0,0.0,0.0,udp,0.0,,cs0,,63.0,,1.0,,Status,1,1,0,42,42,0,42.0,0.0,0.0,0.0,0.0,0,0,0,0.0,,,0.0,0.0,0.0,REQ,,,,,0.0,0.0,0.0,0
506600,0.0,0.0,0.0,0.0,0.0,0.0,udp,0.0,,cs0,,63.0,,1.0,,Status,1,1,0,42,42,0,42.0,0.0,0.0,0.0,0.0,0,0,0,0.0,,,0.0,0.0,0.0,REQ,,,,,0.0,0.0,0.0,0
506633,0.0,0.0,0.0,0.0,0.0,0.0,udp,0.0,,cs0,,63.0,,1.0,,Status,1,1,0,42,42,0,42.0,0.0,0.0,0.0,0.0,0,0,0,0.0,,,0.0,0.0,0.0,REQ,,,,,0.0,0.0,0.0,0
506668,0.0,0.0,0.0,0.0,0.0,0.0,udp,0.0,,cs0,,63.0,,1.0,,Status,1,1,0,42,42,0,42.0,0.0,0.0,0.0,0.0,0,0,0,0.0,,,0.0,0.0,0.0,REQ,,,,,0.0,0.0,0.0,0
506691,0.0,0.0,0.0,0.0,0.0,0.0,udp,0.0,,cs0,,63.0,,1.0,,Status,1,1,0,42,42,0,42.0,0.0,0.0,0.0,0.0,0,0,0,0.0,,,0.0,0.0,0.0,REQ,,,,,0.0,0.0,0.0,0
506714,0.0,0.0,0.0,0.0,0.0,0.0,udp,0.0,,cs0,,63.0,,1.0,,Status,1,1,0,42,42,0,42.0,0.0,0.0,0.0,0.0,0,0,0,0.0,,,0.0,0.0,0.0,REQ,,,,,0.0,0.0,0.0,0
506717,0.0,0.0,0.0,0.0,0.0,0.0,udp,0.0,,cs0,,63.0,,1.0,,Status,1,1,0,42,42,0,42.0,0.0,0.0,0.0,0.0,0,0,0,0.0,,,0.0,0.0,0.0,REQ,,,,,0.0,0.0,0.0,0
506782,0.0,0.0,0.0,0.0,0.0,0.0,udp,0.0,,cs0,,63.0,,1.0,,Status,1,1,0,42,42,0,42.0,0.0,0.0,0.0,0.0,0,0,0,0.0,,,0.0,0.0,0.0,REQ,,,,,0.0,0.0,0.0,0
506784,0.0,0.0,0.0,0.0,0.0,0.0,udp,0.0,,cs0,,63.0,,1.0,,Status,1,1,0,42,42,0,42.0,0.0,0.0,0.0,0.0,0,0,0,0.0,,,0.0,0.0,0.0,REQ,,,,,0.0,0.0,0.0,0
506787,0.0,0.0,0.0,0.0,0.0,0.0,udp,0.0,,cs0,,63.0,,1.0,,Status,1,1,0,42,42,0,42.0,0.0,0.0,0.0,0.0,0,0,0,0.0,,,0.0,0.0,0.0,REQ,,,,,0.0,0.0,0.0,0
506794,0.0,0.0,0.0,0.0,0.0,0.0,udp,0.0,,cs0,,63.0,,1.0,,Status,1,1,0,42,42,0,42.0,0.0,0.0,0.0,0.0,0,0,0,0.0,,,0.0,0.0,0.0,REQ,,,,,0.0,0.0,0.0,0
506937,0.0,0.0,0.0,0.0,0.0,0.0,udp,0.0,,cs0,,63.0,,1.0,,Status,1,1,0,42,42,0,42.0,0.0,0.0,0.0,0.0,0,0,0,0.0,,,0.0,0.0,0.0,REQ,,,,,0.0,0.0,0.0,0
507068,0.0,0.0,0.0,0.0,0.0,0.0,udp,0.0,,cs0,,63.0,,1.0,,Status,1,1,0,42,42,0,42.0,0.0,0.0,0.0,0.0,0,0,0,0.0,,,0.0,0.0,0.0,REQ,,,,,0.0,0.0,0.0,0
507109,0.0,0.0,0.0,0.0,0.0,0.0,udp,0.0,,cs0,,63.0,,1.0,,Status,1,1,0,42,42,0,42.0,0.0,0.0,0.0,0.0,0,0,0,0.0,,,0.0,0.0,0.0,REQ,,,,,0.0,0.0,0.0,0
507193,0.0,0.0,0.0,0.0,0.0,0.0,udp,0.0,,cs0,,63.0,,1.0,,Status,1,1,0,42,42,0,42.0,0.0,0.0,0.0,0.0,0,0,0,0.0,,,0.0,0.0,0.0,REQ,,,,,0.0,0.0,0.0,0
507217,0.0,0.0,0.0,0.0,0.0,0.0,udp,0.0,,cs0,,63.0,,1.0,,Status,1,1,0,42,42,0,42.0,0.0,0.0,0.0,0.0,0,0,0,0.0,,,0.0,0.0,0.0,REQ,,,,,0.0,0.0,0.0,0
507261,0.0,0.0,0.0,0.0,0.0,0.0,udp,0.0,,cs0,,63.0,,1.0,,Status,1,1,0,42,42,0,42.0,0.0,0.0,0.0,0.0,0,0,0,0.0,,,0.0,0.0,0.0,REQ,,,,,0.0,0.0,0.0,0
507283,0.0,0.0,0.0,0.0,0.0,0.0,udp,0.0,,cs0,,63.0,,1.0,,Status,1,1,0,42,42,0,42.0,0.0,0.0,0.0,0.0,0,0,0,0.0,,,0.0,0.0,0.0,REQ,,,,,0.0,0.0,0.0,0
507337,0.0,0.0,0.0,0.0,0.0,0.0,udp,0.0,,cs0,,63.0,,1.0,,Status,1,1,0,42,42,0,42.0,0.0,0.0,0.0,0.0,0,0,0,0.0,,,0.0,0.0,0.0,REQ,,,,,0.0,0.0,0.0,0
507511,0.0,0.0,0.0,0.0,0.0,0.0,udp,0.0,,cs0,,63.0,,1.0,,Status,1,1,0,42,42,0,42.0,0.0,0.0,0.0,0.0,0,0,0,0.0,,,0.0,0.0,0.0,REQ,,,,,0.0,0.0,0.0,0
507568,0.0,0.0,0.0,0.0,0.0,0.0,udp,0.0,,cs0,,63.0,,1.0,,Status,1,1,0,42,42,0,42.0,0.0,0.0,0.0,0.0,0,0,0,0.0,,,0.0,0.0,0.0,REQ,,,,,0.0,0.0,0.0,0
507571,0.0,0.0,0.0,0.0,0.0,0.0,udp,0.0,,cs0,,63.0,,1.0,,Status,1,1,0,42,42,0,42.0,0.0,0.0,0.0,0.0,0,0,0,0.0,,,0.0,0.0,0.0,REQ,,,,,0.0,0.0,0.0,0
507645,0.0,0.0,0.0,0.0,0.0,0.0,udp,0.0,,cs0,,63.0,,1.0,,Status,1,1,0,42,42,0,42.0,0.0,0.0,0.0,0.0,0,0,0,0.0,,,0.0,0.0,0.0,REQ,,,,,0.0,0.0,0.0,0
507647,0.0,0.0,0.0,0.0,0.0,0.0,udp,0.0,,cs0,,63.0,,1.0,,Status,1,1,0,42,42,0,42.0,0.0,0.0,0.0,0.0,0,0,0,0.0,,,0.0,0.0,0.0,REQ,,,,,0.0,0.0,0.0,0
507699,0.0,0.0,0.0,0.0,0.0,0.0,udp,0.0,,cs0,,63.0,,1.0,,Status,1,1,0,42,42,0,42.0,0.0,0.0,0.0,0.0,0,0,0,0.0,,,0.0,0.0,0.0,REQ,,,,,0.0,0.0,0.0,0
507744,0.0,0.0,0.0,0.0,0.0,0.0,udp,0.0,,cs0,,63.0,,1.0,,Status,1,1,0,42,42,0,42.0,0.0,0.0,0.0,0.0,0,0,0,0.0,,,0.0,0.0,0.0,REQ,,,,,0.0,0.0,0.0,0
507827,0.0,0.0,0.0,0.0,0.0,0.0,udp,0.0,,cs0,,63.0,,1.0,,Status,1,1,0,42,42,0,42.0,0.0,0.0,0.0,0.0,0,0,0,0.0,,,0.0,0.0,0.0,REQ,,,,,0.0,0.0,0.0,0
507874,0.0,0.0,0.0,0.0,0.0,0.0,udp,0.0,,cs0,,63.0,,1.0,,Status,1,1,0,42,42,0,42.0,0.0,0.0,0.0,0.0,0,0,0,0.0,,,0.0,0.0,0.0,REQ,,,,,0.0,0.0,0.0,0
507885,0.0,0.0,0.0,0.0,0.0,0.0,udp,0.0,,cs0,,63.0,,1.0,,Status,1,1,0,42,42,0,42.0,0.0,0.0,0.0,0.0,0,0,0,0.0,,,0.0,0.0,0.0,REQ,,,,,0.0,0.0,0.0,0
507951,0.0,0.0,0.0,0.0,0.0,0.0,udp,0.0,,cs0,,63.0,,1.0,,Status,1,1,0,42,42,0,42.0,0.0,0.0,0.0,0.0,0,0,0,0.0,,,0.0,0.0,0.0,REQ,,,,,0.0,0.0,0.0,0
507956,0.0,0.0,0.0,0.0,0.0,0.0,udp,0.0,,cs0,,63.0,,1.0,,Status,1,1,0,42,42,0,42.0,0.0,0.0,0.0,0.0,0,0,0,0.0,,,0.0,0.0,0.0,REQ,,,,,0.0,0.0,0.0,0
508006,0.0,0.0,0.0,0.0,0.0,0.0,udp,0.0,,cs0,,63.0,,1.0,,Status,1,1,0,42,42,0,42.0,0.0,0.0,0.0,0.0,0,0,0,0.0,,,0.0,0.0,0.0,REQ,,,,,0.0,0.0,0.0,0
508021,0.0,0.0,0.0,0.0,0.0,0.0,udp,0.0,,cs0,,63.0,,1.0,,Status,1,1,0,42,42,0,42.0,0.0,0.0,0.0,0.0,0,0,0,0.0,,,0.0,0.0,0.0,REQ,,,,,0.0,0.0,0.0,0
508041,0.0,0.0,0.0,0.0,0.0,0.0,udp,0.0,,cs0,,63.0,,1.0,,Status,1,1,0,42,42,0,42.0,0.0,0.0,0.0,0.0,0,0,0,0.0,,,0.0,0.0,0.0,REQ,,,,,0.0,0.0,0.0,0
508113,0.0,0.0,0.0,0.0,0.0,0.0,udp,0.0,,cs0,,63.0,,1.0,,Status,1,1,0,42,42,0,42.0,0.0,0.0,0.0,0.0,0,0,0,0.0,,,0.0,0.0,0.0,REQ,,,,,0.0,0.0,0.0,0
508127,0.0,0.0,0.0,0.0,0.0,0.0,udp,0.0,,cs0,,63.0,,1.0,,Status,1,1,0,42,42,0,42.0,0.0,0.0,0.0,0.0,0,0,0,0.0,,,0.0,0.0,0.0,REQ,,,,,0.0,0.0,0.0,0
508130,0.0,0.0,0.0,0.0,0.0,0.0,udp,0.0,,cs0,,63.0,,1.0,,Status,1,1,0,42,42,0,42.0,0.0,0.0,0.0,0.0,0,0,0,0.0,,,0.0,0.0,0.0,REQ,,,,,0.0,0.0,0.0,0
508150,0.0,0.0,0.0,0.0,0.0,0.0,udp,0.0,,cs0,,63.0,,1.0,,Status,1,1,0,42,42,0,42.0,0.0,0.0,0.0,0.0,0,0,0,0.0,,,0.0,0.0,0.0,REQ,,,,,0.0,0.0,0.0,0
508185,0.0,0.0,0.0,0.0,0.0,0.0,udp,0.0,,cs0,,63.0,,1.0,,Status,1,1,0,42,42,0,42.0,0.0,0.0,0.0,0.0,0,0,0,0.0,,,0.0,0.0,0.0,REQ,,,,,0.0,0.0,0.0,0
508330,0.0,0.0,0.0,0.0,0.0,0.0,udp,0.0,,cs0,,63.0,,1.0,,Status,1,1,0,42,42,0,42.0,0.0,0.0,0.0,0.0,0,0,0,0.0,,,0.0,0.0,0.0,REQ,,,,,0.0,0.0,0.0,0
508411,0.0,0.0,0.0,0.0,0.0,0.0,udp,0.0,,cs0,,63.0,,1.0,,Status,1,1,0,42,42,0,42.0,0.0,0.0,0.0,0.0,0,0,0,0.0,,,0.0,0.0,0.0,REQ,,,,,0.0,0.0,0.0,0
508469,0.0,0.0,0.0,0.0,0.0,0.0,udp,0.0,,cs0,,63.0,,1.0,,Status,1,1,0,42,42,0,42.0,0.0,0.0,0.0,0.0,0,0,0,0.0,,,0.0,0.0,0.0,REQ,,,,,0.0,0.0,0.0,0
508551,0.0,0.0,0.0,0.0,0.0,0.0,udp,0.0,,cs0,,63.0,,1.0,,Status,1,1,0,42,42,0,42.0,0.0,0.0,0.0,0.0,0,0,0,0.0,,,0.0,0.0,0.0,REQ,,,,,0.0,0.0,0.0,0
508562,0.0,0.0,0.0,0.0,0.0,0.0,udp,0.0,,cs0,,63.0,,1.0,,Status,1,1,0,42,42,0,42.0,0.0,0.0,0.0,0.0,0,0,0,0.0,,,0.0,0.0,0.0,REQ,,,,,0.0,0.0,0.0,0
508643,0.0,0.0,0.0,0.0,0.0,0.0,udp,0.0,,cs0,,63.0,,1.0,,Status,1,1,0,42,42,0,42.0,0.0,0.0,0.0,0.0,0,0,0,0.0,,,0.0,0.0,0.0,REQ,,,,,0.0,0.0,0.0,0
508645,0.0,0.0,0.0,0.0,0.0,0.0,udp,0.0,,cs0,,63.0,,1.0,,Status,1,1,0,42,42,0,42.0,0.0,0.0,0.0,0.0,0,0,0,0.0,,,0.0,0.0,0.0,REQ,,,,,0.0,0.0,0.0,0
508649,0.0,0.0,0.0,0.0,0.0,0.0,udp,0.0,,cs0,,63.0,,1.0,,Status,1,1,0,42,42,0,42.0,0.0,0.0,0.0,0.0,0,0,0,0.0,,,0.0,0.0,0.0,REQ,,,,,0.0,0.0,0.0,0
508664,0.0,0.0,0.0,0.0,0.0,0.0,udp,0.0,,cs0,,63.0,,1.0,,Status,1,1,0,42,42,0,42.0,0.0,0.0,0.0,0.0,0,0,0,0.0,,,0.0,0.0,0.0,REQ,,,,,0.0,0.0,0.0,0
508670,0.0,0.0,0.0,0.0,0.0,0.0,udp,0.0,,cs0,,63.0,,1.0,,Status,1,1,0,42,42,0,42.0,0.0,0.0,0.0,0.0,0,0,0,0.0,,,0.0,0.0,0.0,REQ,,,,,0.0,0.0,0.0,0
508702,0.0,0.0,0.0,0.0,0.0,0.0,udp,0.0,,cs0,,63.0,,1.0,,Status,1,1,0,42,42,0,42.0,0.0,0.0,0.0,0.0,0,0,0,0.0,,,0.0,0.0,0.0,REQ,,,,,0.0,0.0,0.0,0
508793,0.0,0.0,0.0,0.0,0.0,0.0,udp,0.0,,cs0,,63.0,,1.0,,Status,1,1,0,42,42,0,42.0,0.0,0.0,0.0,0.0,0,0,0,0.0,,,0.0,0.0,0.0,REQ,,,,,0.0,0.0,0.0,0
508805,0.0,0.0,0.0,0.0,0.0,0.0,udp,0.0,,cs0,,63.0,,1.0,,Status,1,1,0,42,42,0,42.0,0.0,0.0,0.0,0.0,0,0,0,0.0,,,0.0,0.0,0.0,REQ,,,,,0.0,0.0,0.0,0
508873,0.0,0.0,0.0,0.0,0.0,0.0,udp,0.0,,cs0,,63.0,,1.0,,Status,1,1,0,42,42,0,42.0,0.0,0.0,0.0,0.0,0,0,0,0.0,,,0.0,0.0,0.0,REQ,,,,,0.0,0.0,0.0,0
508883,0.0,0.0,0.0,0.0,0.0,0.0,udp,0.0,,cs0,,63.0,,1.0,,Status,1,1,0,42,42,0,42.0,0.0,0.0,0.0,0.0,0,0,0,0.0,,,0.0,0.0,0.0,REQ,,,,,0.0,0.0,0.0,0
508903,0.0,0.0,0.0,0.0,0.0,0.0,udp,0.0,,cs0,,63.0,,1.0,,Status,1,1,0,42,42,0,42.0,0.0,0.0,0.0,0.0,0,0,0,0.0,,,0.0,0.0,0.0,REQ,,,,,0.0,0.0,0.0,0
508965,0.0,0.0,0.0,0.0,0.0,0.0,udp,0.0,,cs0,,63.0,,1.0,,Status,1,1,0,42,42,0,42.0,0.0,0.0,0.0,0.0,0,0,0,0.0,,,0.0,0.0,0.0,REQ,,,,,0.0,0.0,0.0,0
508986,0.0,0.0,0.0,0.0,0.0,0.0,udp,0.0,,cs0,,63.0,,1.0,,Status,1,1,0,42,42,0,42.0,0.0,0.0,0.0,0.0,0,0,0,0.0,,,0.0,0.0,0.0,REQ,,,,,0.0,0.0,0.0,0
508993,0.0,0.0,0.0,0.0,0.0,0.0,udp,0.0,,cs0,,63.0,,1.0,,Status,1,1,0,42,42,0,42.0,0.0,0.0,0.0,0.0,0,0,0,0.0,,,0.0,0.0,0.0,REQ,,,,,0.0,0.0,0.0,0
509003,0.0,0.0,0.0,0.0,0.0,0.0,udp,0.0,,cs0,,63.0,,1.0,,Status,1,1,0,42,42,0,42.0,0.0,0.0,0.0,0.0,0,0,0,0.0,,,0.0,0.0,0.0,REQ,,,,,0.0,0.0,0.0,0
509024,0.0,0.0,0.0,0.0,0.0,0.0,udp,0.0,,cs0,,63.0,,1.0,,Status,1,1,0,42,42,0,42.0,0.0,0.0,0.0,0.0,0,0,0,0.0,,,0.0,0.0,0.0,REQ,,,,,0.0,0.0,0.0,0
509097,0.0,0.0,0.0,0.0,0.0,0.0,udp,0.0,,cs0,,63.0,,1.0,,Status,1,1,0,42,42,0,42.0,0.0,0.0,0.0,0.0,0,0,0,0.0,,,0.0,0.0,0.0,REQ,,,,,0.0,0.0,0.0,0
509110,0.0,0.0,0.0,0.0,0.0,0.0,udp,0.0,,cs0,,63.0,,1.0,,Status,1,1,0,42,42,0,42.0,0.0,0.0,0.0,0.0,0,0,0,0.0,,,0.0,0.0,0.0,REQ,,,,,0.0,0.0,0.0,0
509156,0.0,0.0,0.0,0.0,0.0,0.0,udp,0.0,,cs0,,63.0,,1.0,,Status,1,1,0,42,42,0,42.0,0.0,0.0,0.0,0.0,0,0,0,0.0,,,0.0,0.0,0.0,REQ,,,,,0.0,0.0,0.0,0
509189,0.0,0.0,0.0,0.0,0.0,0.0,udp,0.0,,cs0,,63.0,,1.0,,Status,1,1,0,42,42,0,42.0,0.0,0.0,0.0,0.0,0,0,0,0.0,,,0.0,0.0,0.0,REQ,,,,,0.0,0.0,0.0,0
509215,0.0,0.0,0.0,0.0,0.0,0.0,udp,0.0,,cs0,,63.0,,1.0,,Status,1,1,0,42,42,0,42.0,0.0,0.0,0.0,0.0,0,0,0,0.0,,,0.0,0.0,0.0,REQ,,,,,0.0,0.0,0.0,0
509258,0.0,0.0,0.0,0.0,0.0,0.0,udp,0.0,,cs0,,63.0,,1.0,,Status,1,1,0,42,42,0,42.0,0.0,0.0,0.0,0.0,0,0,0,0.0,,,0.0,0.0,0.0,REQ,,,,,0.0,0.0,0.0,0
509261,0.0,0.0,0.0,0.0,0.0,0.0,udp,0.0,,cs0,,63.0,,1.0,,Status,1,1,0,42,42,0,42.0,0.0,0.0,0.0,0.0,0,0,0,0.0,,,0.0,0.0,0.0,REQ,,,,,0.0,0.0,0.0,0
509273,0.0,0.0,0.0,0.0,0.0,0.0,udp,0.0,,cs0,,63.0,,1.0,,Status,1,1,0,42,42,0,42.0,0.0,0.0,0.0,0.0,0,0,0,0.0,,,0.0,0.0,0.0,REQ,,,,,0.0,0.0,0.0,0
509284,0.0,0.0,0.0,0.0,0.0,0.0,udp,0.0,,cs0,,63.0,,1.0,,Status,1,1,0,42,42,0,42.0,0.0,0.0,0.0,0.0,0,0,0,0.0,,,0.0,0.0,0.0,REQ,,,,,0.0,0.0,0.0,0
509367,0.0,0.0,0.0,0.0,0.0,0.0,udp,0.0,,cs0,,63.0,,1.0,,Status,1,1,0,42,42,0,42.0,0.0,0.0,0.0,0.0,0,0,0,0.0,,,0.0,0.0,0.0,REQ,,,,,0.0,0.0,0.0,0
509370,0.0,0.0,0.0,0.0,0.0,0.0,udp,0.0,,cs0,,63.0,,1.0,,Status,1,1,0,42,42,0,42.0,0.0,0.0,0.0,0.0,0,0,0,0.0,,,0.0,0.0,0.0,REQ,,,,,0.0,0.0,0.0,0
509399,0.0,0.0,0.0,0.0,0.0,0.0,udp,0.0,,cs0,,63.0,,1.0,,Status,1,1,0,42,42,0,42.0,0.0,0.0,0.0,0.0,0,0,0,0.0,,,0.0,0.0,0.0,REQ,,,,,0.0,0.0,0.0,0
509404,0.0,0.0,0.0,0.0,0.0,0.0,udp,0.0,,cs0,,63.0,,1.0,,Status,1,1,0,42,42,0,42.0,0.0,0.0,0.0,0.0,0,0,0,0.0,,,0.0,0.0,0.0,REQ,,,,,0.0,0.0,0.0,0
509409,0.0,0.0,0.0,0.0,0.0,0.0,udp,0.0,,cs0,,63.0,,1.0,,Status,1,1,0,42,42,0,42.0,0.0,0.0,0.0,0.0,0,0,0,0.0,,,0.0,0.0,0.0,REQ,,,,,0.0,0.0,0.0,0
509427,0.0,0.0,0.0,0.0,0.0,0.0,udp,0.0,,cs0,,63.0,,1.0,,Status,1,1,0,42,42,0,42.0,0.0,0.0,0.0,0.0,0,0,0,0.0,,,0.0,0.0,0.0,REQ,,,,,0.0,0.0,0.0,0
509502,0.0,0.0,0.0,0.0,0.0,0.0,udp,0.0,,cs0,,63.0,,1.0,,Status,1,1,0,42,42,0,42.0,0.0,0.0,0.0,0.0,0,0,0,0.0,,,0.0,0.0,0.0,REQ,,,,,0.0,0.0,0.0,0
509509,0.0,0.0,0.0,0.0,0.0,0.0,udp,0.0,,cs0,,63.0,,1.0,,Status,1,1,0,42,42,0,42.0,0.0,0.0,0.0,0.0,0,0,0,0.0,,,0.0,0.0,0.0,REQ,,,,,0.0,0.0,0.0,0
509561,0.0,0.0,0.0,0.0,0.0,0.0,udp,0.0,,cs0,,63.0,,1.0,,Status,1,1,0,42,42,0,42.0,0.0,0.0,0.0,0.0,0,0,0,0.0,,,0.0,0.0,0.0,REQ,,,,,0.0,0.0,0.0,0
509612,0.0,0.0,0.0,0.0,0.0,0.0,udp,0.0,,cs0,,63.0,,1.0,,Status,1,1,0,42,42,0,42.0,0.0,0.0,0.0,0.0,0,0,0,0.0,,,0.0,0.0,0.0,REQ,,,,,0.0,0.0,0.0,0
509630,0.0,0.0,0.0,0.0,0.0,0.0,udp,0.0,,cs0,,63.0,,1.0,,Status,1,1,0,42,42,0,42.0,0.0,0.0,0.0,0.0,0,0,0,0.0,,,0.0,0.0,0.0,REQ,,,,,0.0,0.0,0.0,0
509689,0.0,0.0,0.0,0.0,0.0,0.0,udp,0.0,,cs0,,63.0,,1.0,,Status,1,1,0,42,42,0,42.0,0.0,0.0,0.0,0.0,0,0,0,0.0,,,0.0,0.0,0.0,REQ,,,,,0.0,0.0,0.0,0
509713,0.0,0.0,0.0,0.0,0.0,0.0,udp,0.0,,cs0,,63.0,,1.0,,Status,1,1,0,42,42,0,42.0,0.0,0.0,0.0,0.0,0,0,0,0.0,,,0.0,0.0,0.0,REQ,,,,,0.0,0.0,0.0,0
509723,0.0,0.0,0.0,0.0,0.0,0.0,udp,0.0,,cs0,,63.0,,1.0,,Status,1,1,0,42,42,0,42.0,0.0,0.0,0.0,0.0,0,0,0,0.0,,,0.0,0.0,0.0,REQ,,,,,0.0,0.0,0.0,0
509772,0.0,0.0,0.0,0.0,0.0,0.0,udp,0.0,,cs0,,63.0,,1.0,,Status,1,1,0,42,42,0,42.0,0.0,0.0,0.0,0.0,0,0,0,0.0,,,0.0,0.0,0.0,REQ,,,,,0.0,0.0,0.0,0
509832,0.0,0.0,0.0,0.0,0.0,0.0,udp,0.0,,cs0,,63.0,,1.0,,Status,1,1,0,42,42,0,42.0,0.0,0.0,0.0,0.0,0,0,0,0.0,,,0.0,0.0,0.0,REQ,,,,,0.0,0.0,0.0,0
509854,0.0,0.0,0.0,0.0,0.0,0.0,udp,0.0,,cs0,,63.0,,1.0,,Status,1,1,0,42,42,0,42.0,0.0,0.0,0.0,0.0,0,0,0,0.0,,,0.0,0.0,0.0,REQ,,,,,0.0,0.0,0.0,0
509888,0.0,0.0,0.0,0.0,0.0,0.0,udp,0.0,,cs0,,63.0,,1.0,,Status,1,1,0,42,42,0,42.0,0.0,0.0,0.0,0.0,0,0,0,0.0,,,0.0,0.0,0.0,REQ,,,,,0.0,0.0,0.0,0
509969,0.0,0.0,0.0,0.0,0.0,0.0,udp,0.0,,cs0,,63.0,,1.0,,Status,1,1,0,42,42,0,42.0,0.0,0.0,0.0,0.0,0,0,0,0.0,,,0.0,0.0,0.0,REQ,,,,,0.0,0.0,0.0,0
509981,0.0,0.0,0.0,0.0,0.0,0.0,udp,0.0,,cs0,,63.0,,1.0,,Status,1,1,0,42,42,0,42.0,0.0,0.0,0.0,0.0,0,0,0,0.0,,,0.0,0.0,0.0,REQ,,,,,0.0,0.0,0.0,0
509991,0.0,0.0,0.0,0.0,0.0,0.0,udp,0.0,,cs0,,63.0,,1.0,,Status,1,1,0,42,42,0,42.0,0.0,0.0,0.0,0.0,0,0,0,0.0,,,0.0,0.0,0.0,REQ,,,,,0.0,0.0,0.0,0
510025,0.0,0.0,0.0,0.0,0.0,0.0,udp,0.0,,cs0,,63.0,,1.0,,Status,1,1,0,42,42,0,42.0,0.0,0.0,0.0,0.0,0,0,0,0.0,,,0.0,0.0,0.0,REQ,,,,,0.0,0.0,0.0,0
510046,0.0,0.0,0.0,0.0,0.0,0.0,udp,0.0,,cs0,,63.0,,1.0,,Status,1,1,0,42,42,0,42.0,0.0,0.0,0.0,0.0,0,0,0,0.0,,,0.0,0.0,0.0,REQ,,,,,0.0,0.0,0.0,0
510094,0.0,0.0,0.0,0.0,0.0,0.0,udp,0.0,,cs0,,63.0,,1.0,,Status,1,1,0,42,42,0,42.0,0.0,0.0,0.0,0.0,0,0,0,0.0,,,0.0,0.0,0.0,REQ,,,,,0.0,0.0,0.0,0
510099,0.0,0.0,0.0,0.0,0.0,0.0,udp,0.0,,cs0,,63.0,,1.0,,Status,1,1,0,42,42,0,42.0,0.0,0.0,0.0,0.0,0,0,0,0.0,,,0.0,0.0,0.0,REQ,,,,,0.0,0.0,0.0,0
510123,0.0,0.0,0.0,0.0,0.0,0.0,udp,0.0,,cs0,,63.0,,1.0,,Status,1,1,0,42,42,0,42.0,0.0,0.0,0.0,0.0,0,0,0,0.0,,,0.0,0.0,0.0,REQ,,,,,0.0,0.0,0.0,0
510134,0.0,0.0,0.0,0.0,0.0,0.0,udp,0.0,,cs0,,63.0,,1.0,,Status,1,1,0,42,42,0,42.0,0.0,0.0,0.0,0.0,0,0,0,0.0,,,0.0,0.0,0.0,REQ,,,,,0.0,0.0,0.0,0
510140,0.0,0.0,0.0,0.0,0.0,0.0,udp,0.0,,cs0,,63.0,,1.0,,Status,1,1,0,42,42,0,42.0,0.0,0.0,0.0,0.0,0,0,0,0.0,,,0.0,0.0,0.0,REQ,,,,,0.0,0.0,0.0,0
510147,0.0,0.0,0.0,0.0,0.0,0.0,udp,0.0,,cs0,,63.0,,1.0,,Status,1,1,0,42,42,0,42.0,0.0,0.0,0.0,0.0,0,0,0,0.0,,,0.0,0.0,0.0,REQ,,,,,0.0,0.0,0.0,0
510152,0.0,0.0,0.0,0.0,0.0,0.0,udp,0.0,,cs0,,63.0,,1.0,,Status,1,1,0,42,42,0,42.0,0.0,0.0,0.0,0.0,0,0,0,0.0,,,0.0,0.0,0.0,REQ,,,,,0.0,0.0,0.0,0
510173,0.0,0.0,0.0,0.0,0.0,0.0,udp,0.0,,cs0,,63.0,,1.0,,Status,1,1,0,42,42,0,42.0,0.0,0.0,0.0,0.0,0,0,0,0.0,,,0.0,0.0,0.0,REQ,,,,,0.0,0.0,0.0,0
510183,0.0,0.0,0.0,0.0,0.0,0.0,udp,0.0,,cs0,,63.0,,1.0,,Status,1,1,0,42,42,0,42.0,0.0,0.0,0.0,0.0,0,0,0,0.0,,,0.0,0.0,0.0,REQ,,,,,0.0,0.0,0.0,0
510213,0.0,0.0,0.0,0.0,0.0,0.0,udp,0.0,,cs0,,63.0,,1.0,,Status,1,1,0,42,42,0,42.0,0.0,0.0,0.0,0.0,0,0,0,0.0,,,0.0,0.0,0.0,REQ,,,,,0.0,0.0,0.0,0
510303,0.0,0.0,0.0,0.0,0.0,0.0,udp,0.0,,cs0,,63.0,,1.0,,Status,1,1,0,42,42,0,42.0,0.0,0.0,0.0,0.0,0,0,0,0.0,,,0.0,0.0,0.0,REQ,,,,,0.0,0.0,0.0,0
510459,0.0,0.0,0.0,0.0,0.0,0.0,udp,0.0,,cs0,,63.0,,1.0,,Status,1,1,0,42,42,0,42.0,0.0,0.0,0.0,0.0,0,0,0,0.0,,,0.0,0.0,0.0,REQ,,,,,0.0,0.0,0.0,0
510523,0.0,0.0,0.0,0.0,0.0,0.0,udp,0.0,,cs0,,63.0,,1.0,,Status,1,1,0,42,42,0,42.0,0.0,0.0,0.0,0.0,0,0,0,0.0,,,0.0,0.0,0.0,REQ,,,,,0.0,0.0,0.0,0
510620,0.0,0.0,0.0,0.0,0.0,0.0,udp,0.0,,cs0,,63.0,,1.0,,Status,1,1,0,42,42,0,42.0,0.0,0.0,0.0,0.0,0,0,0,0.0,,,0.0,0.0,0.0,REQ,,,,,0.0,0.0,0.0,0
510635,0.0,0.0,0.0,0.0,0.0,0.0,udp,0.0,,cs0,,63.0,,1.0,,Status,1,1,0,42,42,0,42.0,0.0,0.0,0.0,0.0,0,0,0,0.0,,,0.0,0.0,0.0,REQ,,,,,0.0,0.0,0.0,0
510652,0.0,0.0,0.0,0.0,0.0,0.0,udp,0.0,,cs0,,63.0,,1.0,,Status,1,1,0,42,42,0,42.0,0.0,0.0,0.0,0.0,0,0,0,0.0,,,0.0,0.0,0.0,REQ,,,,,0.0,0.0,0.0,0
510691,0.0,0.0,0.0,0.0,0.0,0.0,udp,0.0,,cs0,,63.0,,1.0,,Status,1,1,0,42,42,0,42.0,0.0,0.0,0.0,0.0,0,0,0,0.0,,,0.0,0.0,0.0,REQ,,,,,0.0,0.0,0.0,0
510945,0.0,0.0,0.0,0.0,0.0,0.0,udp,0.0,,cs0,,63.0,,1.0,,Status,1,1,0,42,42,0,42.0,0.0,0.0,0.0,0.0,0,0,0,0.0,,,0.0,0.0,0.0,REQ,,,,,0.0,0.0,0.0,0
511034,0.0,0.0,0.0,0.0,0.0,0.0,udp,0.0,,cs0,,63.0,,1.0,,Status,1,1,0,42,42,0,42.0,0.0,0.0,0.0,0.0,0,0,0,0.0,,,0.0,0.0,0.0,REQ,,,,,0.0,0.0,0.0,0
511044,0.0,0.0,0.0,0.0,0.0,0.0,udp,0.0,,cs0,,63.0,,1.0,,Status,1,1,0,42,42,0,42.0,0.0,0.0,0.0,0.0,0,0,0,0.0,,,0.0,0.0,0.0,REQ,,,,,0.0,0.0,0.0,0
511080,0.0,0.0,0.0,0.0,0.0,0.0,udp,0.0,,cs0,,63.0,,1.0,,Status,1,1,0,42,42,0,42.0,0.0,0.0,0.0,0.0,0,0,0,0.0,,,0.0,0.0,0.0,REQ,,,,,0.0,0.0,0.0,0
511087,0.0,0.0,0.0,0.0,0.0,0.0,udp,0.0,,cs0,,63.0,,1.0,,Status,1,1,0,42,42,0,42.0,0.0,0.0,0.0,0.0,0,0,0,0.0,,,0.0,0.0,0.0,REQ,,,,,0.0,0.0,0.0,0
511122,0.0,0.0,0.0,0.0,0.0,0.0,udp,0.0,,cs0,,63.0,,1.0,,Status,1,1,0,42,42,0,42.0,0.0,0.0,0.0,0.0,0,0,0,0.0,,,0.0,0.0,0.0,REQ,,,,,0.0,0.0,0.0,0
511128,0.0,0.0,0.0,0.0,0.0,0.0,udp,0.0,,cs0,,63.0,,1.0,,Status,1,1,0,42,42,0,42.0,0.0,0.0,0.0,0.0,0,0,0,0.0,,,0.0,0.0,0.0,REQ,,,,,0.0,0.0,0.0,0
511163,0.0,0.0,0.0,0.0,0.0,0.0,udp,0.0,,cs0,,63.0,,1.0,,Status,1,1,0,42,42,0,42.0,0.0,0.0,0.0,0.0,0,0,0,0.0,,,0.0,0.0,0.0,REQ,,,,,0.0,0.0,0.0,0
511166,0.0,0.0,0.0,0.0,0.0,0.0,udp,0.0,,cs0,,63.0,,1.0,,Status,1,1,0,42,42,0,42.0,0.0,0.0,0.0,0.0,0,0,0,0.0,,,0.0,0.0,0.0,REQ,,,,,0.0,0.0,0.0,0
511200,0.0,0.0,0.0,0.0,0.0,0.0,udp,0.0,,cs0,,63.0,,1.0,,Status,1,1,0,42,42,0,42.0,0.0,0.0,0.0,0.0,0,0,0,0.0,,,0.0,0.0,0.0,REQ,,,,,0.0,0.0,0.0,0
511219,0.0,0.0,0.0,0.0,0.0,0.0,udp,0.0,,cs0,,63.0,,1.0,,Status,1,1,0,42,42,0,42.0,0.0,0.0,0.0,0.0,0,0,0,0.0,,,0.0,0.0,0.0,REQ,,,,,0.0,0.0,0.0,0
511226,0.0,0.0,0.0,0.0,0.0,0.0,udp,0.0,,cs0,,63.0,,1.0,,Status,1,1,0,42,42,0,42.0,0.0,0.0,0.0,0.0,0,0,0,0.0,,,0.0,0.0,0.0,REQ,,,,,0.0,0.0,0.0,0
511301,0.0,0.0,0.0,0.0,0.0,0.0,udp,0.0,,cs0,,63.0,,1.0,,Status,1,1,0,42,42,0,42.0,0.0,0.0,0.0,0.0,0,0,0,0.0,,,0.0,0.0,0.0,REQ,,,,,0.0,0.0,0.0,0
511343,0.0,0.0,0.0,0.0,0.0,0.0,udp,0.0,,cs0,,63.0,,1.0,,Status,1,1,0,42,42,0,42.0,0.0,0.0,0.0,0.0,0,0,0,0.0,,,0.0,0.0,0.0,REQ,,,,,0.0,0.0,0.0,0
511424,0.0,0.0,0.0,0.0,0.0,0.0,udp,0.0,,cs0,,63.0,,1.0,,Status,1,1,0,42,42,0,42.0,0.0,0.0,0.0,0.0,0,0,0,0.0,,,0.0,0.0,0.0,REQ,,,,,0.0,0.0,0.0,0
511466,0.0,0.0,0.0,0.0,0.0,0.0,udp,0.0,,cs0,,63.0,,1.0,,Status,1,1,0,42,42,0,42.0,0.0,0.0,0.0,0.0,0,0,0,0.0,,,0.0,0.0,0.0,REQ,,,,,0.0,0.0,0.0,0
511506,0.0,0.0,0.0,0.0,0.0,0.0,udp,0.0,,cs0,,63.0,,1.0,,Status,1,1,0,42,42,0,42.0,0.0,0.0,0.0,0.0,0,0,0,0.0,,,0.0,0.0,0.0,REQ,,,,,0.0,0.0,0.0,0
511616,0.0,0.0,0.0,0.0,0.0,0.0,udp,0.0,,cs0,,63.0,,1.0,,Status,1,1,0,42,42,0,42.0,0.0,0.0,0.0,0.0,0,0,0,0.0,,,0.0,0.0,0.0,REQ,,,,,0.0,0.0,0.0,0
511651,0.0,0.0,0.0,0.0,0.0,0.0,udp,0.0,,cs0,,63.0,,1.0,,Status,1,1,0,42,42,0,42.0,0.0,0.0,0.0,0.0,0,0,0,0.0,,,0.0,0.0,0.0,REQ,,,,,0.0,0.0,0.0,0
511703,0.0,0.0,0.0,0.0,0.0,0.0,udp,0.0,,cs0,,63.0,,1.0,,Status,1,1,0,42,42,0,42.0,0.0,0.0,0.0,0.0,0,0,0,0.0,,,0.0,0.0,0.0,REQ,,,,,0.0,0.0,0.0,0
511704,0.0,0.0,0.0,0.0,0.0,0.0,udp,0.0,,cs0,,63.0,,1.0,,Status,1,1,0,42,42,0,42.0,0.0,0.0,0.0,0.0,0,0,0,0.0,,,0.0,0.0,0.0,REQ,,,,,0.0,0.0,0.0,0
511708,0.0,0.0,0.0,0.0,0.0,0.0,udp,0.0,,cs0,,63.0,,1.0,,Status,1,1,0,42,42,0,42.0,0.0,0.0,0.0,0.0,0,0,0,0.0,,,0.0,0.0,0.0,REQ,,,,,0.0,0.0,0.0,0
511734,0.0,0.0,0.0,0.0,0.0,0.0,udp,0.0,,cs0,,63.0,,1.0,,Status,1,1,0,42,42,0,42.0,0.0,0.0,0.0,0.0,0,0,0,0.0,,,0.0,0.0,0.0,REQ,,,,,0.0,0.0,0.0,0
511758,0.0,0.0,0.0,0.0,0.0,0.0,udp,0.0,,cs0,,63.0,,1.0,,Status,1,1,0,42,42,0,42.0,0.0,0.0,0.0,0.0,0,0,0,0.0,,,0.0,0.0,0.0,REQ,,,,,0.0,0.0,0.0,0
511765,0.000392,0.000392,0.000392,0.000392,0.000392,0.000392,sctp,186.0,40.0,ef,af11,255.0,250.0,1.0,6.0,Status,2,1,1,192,94,98,94.0,98.0,0.0,0.0,0.0,0,0,0,0.0,,,2551.020508,0.0,0.0,CON,,,,610.0,0.0,0.0,0.0,0
511775,0.0,0.0,0.0,0.0,0.0,0.0,udp,0.0,,cs0,,63.0,,1.0,,Status,1,1,0,42,42,0,42.0,0.0,0.0,0.0,0.0,0,0,0,0.0,,,0.0,0.0,0.0,REQ,,,,,0.0,0.0,0.0,0
511914,0.0,0.0,0.0,0.0,0.0,0.0,udp,0.0,,cs0,,63.0,,1.0,,Status,1,1,0,42,42,0,42.0,0.0,0.0,0.0,0.0,0,0,0,0.0,,,0.0,0.0,0.0,REQ,,,,,0.0,0.0,0.0,0
512033,0.0,0.0,0.0,0.0,0.0,0.0,udp,0.0,,cs0,,63.0,,1.0,,Status,1,1,0,42,42,0,42.0,0.0,0.0,0.0,0.0,0,0,0,0.0,,,0.0,0.0,0.0,REQ,,,,,0.0,0.0,0.0,0
512061,0.0,0.0,0.0,0.0,0.0,0.0,udp,0.0,,cs0,,63.0,,1.0,,Status,1,1,0,42,42,0,42.0,0.0,0.0,0.0,0.0,0,0,0,0.0,,,0.0,0.0,0.0,REQ,,,,,0.0,0.0,0.0,0
512087,0.0,0.0,0.0,0.0,0.0,0.0,udp,0.0,,cs0,,63.0,,1.0,,Status,1,1,0,42,42,0,42.0,0.0,0.0,0.0,0.0,0,0,0,0.0,,,0.0,0.0,0.0,REQ,,,,,0.0,0.0,0.0,0
512116,0.0,0.0,0.0,0.0,0.0,0.0,udp,0.0,,cs0,,63.0,,1.0,,Status,1,1,0,42,42,0,42.0,0.0,0.0,0.0,0.0,0,0,0,0.0,,,0.0,0.0,0.0,REQ,,,,,0.0,0.0,0.0,0
512206,0.0,0.0,0.0,0.0,0.0,0.0,udp,0.0,,cs0,,63.0,,1.0,,Status,1,1,0,42,42,0,42.0,0.0,0.0,0.0,0.0,0,0,0,0.0,,,0.0,0.0,0.0,REQ,,,,,0.0,0.0,0.0,0
512230,0.0,0.0,0.0,0.0,0.0,0.0,udp,0.0,,cs0,,63.0,,1.0,,Status,1,1,0,42,42,0,42.0,0.0,0.0,0.0,0.0,0,0,0,0.0,,,0.0,0.0,0.0,REQ,,,,,0.0,0.0,0.0,0
512234,0.0,0.0,0.0,0.0,0.0,0.0,udp,0.0,,cs0,,63.0,,1.0,,Status,1,1,0,42,42,0,42.0,0.0,0.0,0.0,0.0,0,0,0,0.0,,,0.0,0.0,0.0,REQ,,,,,0.0,0.0,0.0,0
512296,0.0,0.0,0.0,0.0,0.0,0.0,udp,0.0,,cs0,,63.0,,1.0,,Status,1,1,0,42,42,0,42.0,0.0,0.0,0.0,0.0,0,0,0,0.0,,,0.0,0.0,0.0,REQ,,,,,0.0,0.0,0.0,0
512331,0.0,0.0,0.0,0.0,0.0,0.0,udp,0.0,,cs0,,63.0,,1.0,,Status,1,1,0,42,42,0,42.0,0.0,0.0,0.0,0.0,0,0,0,0.0,,,0.0,0.0,0.0,REQ,,,,,0.0,0.0,0.0,0
512338,0.0,0.0,0.0,0.0,0.0,0.0,udp,0.0,,cs0,,63.0,,1.0,,Status,1,1,0,42,42,0,42.0,0.0,0.0,0.0,0.0,0,0,0,0.0,,,0.0,0.0,0.0,REQ,,,,,0.0,0.0,0.0,0
512396,0.0,0.0,0.0,0.0,0.0,0.0,udp,0.0,,cs0,,63.0,,1.0,,Status,1,1,0,42,42,0,42.0,0.0,0.0,0.0,0.0,0,0,0,0.0,,,0.0,0.0,0.0,REQ,,,,,0.0,0.0,0.0,0
512400,0.0,0.0,0.0,0.0,0.0,0.0,udp,0.0,,cs0,,63.0,,1.0,,Status,1,1,0,42,42,0,42.0,0.0,0.0,0.0,0.0,0,0,0,0.0,,,0.0,0.0,0.0,REQ,,,,,0.0,0.0,0.0,0
512436,0.0,0.0,0.0,0.0,0.0,0.0,udp,0.0,,cs0,,63.0,,1.0,,Status,1,1,0,42,42,0,42.0,0.0,0.0,0.0,0.0,0,0,0,0.0,,,0.0,0.0,0.0,REQ,,,,,0.0,0.0,0.0,0
512469,0.0,0.0,0.0,0.0,0.0,0.0,udp,0.0,,cs0,,63.0,,1.0,,Status,1,1,0,42,42,0,42.0,0.0,0.0,0.0,0.0,0,0,0,0.0,,,0.0,0.0,0.0,REQ,,,,,0.0,0.0,0.0,0
512480,0.0,0.0,0.0,0.0,0.0,0.0,udp,0.0,,cs0,,63.0,,1.0,,Status,1,1,0,42,42,0,42.0,0.0,0.0,0.0,0.0,0,0,0,0.0,,,0.0,0.0,0.0,REQ,,,,,0.0,0.0,0.0,0
512497,0.0,0.0,0.0,0.0,0.0,0.0,udp,0.0,,cs0,,63.0,,1.0,,Status,1,1,0,42,42,0,42.0,0.0,0.0,0.0,0.0,0,0,0,0.0,,,0.0,0.0,0.0,REQ,,,,,0.0,0.0,0.0,0
512561,0.0,0.0,0.0,0.0,0.0,0.0,udp,0.0,,cs0,,63.0,,1.0,,Status,1,1,0,42,42,0,42.0,0.0,0.0,0.0,0.0,0,0,0,0.0,,,0.0,0.0,0.0,REQ,,,,,0.0,0.0,0.0,0
512730,0.0,0.0,0.0,0.0,0.0,0.0,udp,0.0,,cs0,,63.0,,1.0,,Status,1,1,0,42,42,0,42.0,0.0,0.0,0.0,0.0,0,0,0,0.0,,,0.0,0.0,0.0,REQ,,,,,0.0,0.0,0.0,0
512833,0.0,0.0,0.0,0.0,0.0,0.0,udp,0.0,,cs0,,63.0,,1.0,,Status,1,1,0,42,42,0,42.0,0.0,0.0,0.0,0.0,0,0,0,0.0,,,0.0,0.0,0.0,REQ,,,,,0.0,0.0,0.0,0
512900,0.0,0.0,0.0,0.0,0.0,0.0,udp,0.0,,cs0,,63.0,,1.0,,Status,1,1,0,42,42,0,42.0,0.0,0.0,0.0,0.0,0,0,0,0.0,,,0.0,0.0,0.0,REQ,,,,,0.0,0.0,0.0,0
512903,0.0,0.0,0.0,0.0,0.0,0.0,udp,0.0,,cs0,,63.0,,1.0,,Status,1,1,0,42,42,0,42.0,0.0,0.0,0.0,0.0,0,0,0,0.0,,,0.0,0.0,0.0,REQ,,,,,0.0,0.0,0.0,0
512943,0.0,0.0,0.0,0.0,0.0,0.0,udp,0.0,,cs0,,63.0,,1.0,,Status,1,1,0,42,42,0,42.0,0.0,0.0,0.0,0.0,0,0,0,0.0,,,0.0,0.0,0.0,REQ,,,,,0.0,0.0,0.0,0
512967,0.0,0.0,0.0,0.0,0.0,0.0,udp,0.0,,cs0,,63.0,,1.0,,Status,1,1,0,42,42,0,42.0,0.0,0.0,0.0,0.0,0,0,0,0.0,,,0.0,0.0,0.0,REQ,,,,,0.0,0.0,0.0,0
512971,0.0,0.0,0.0,0.0,0.0,0.0,udp,0.0,,cs0,,63.0,,1.0,,Status,1,1,0,42,42,0,42.0,0.0,0.0,0.0,0.0,0,0,0,0.0,,,0.0,0.0,0.0,REQ,,,,,0.0,0.0,0.0,0
513002,0.0,0.0,0.0,0.0,0.0,0.0,udp,0.0,,cs0,,63.0,,1.0,,Status,1,1,0,42,42,0,42.0,0.0,0.0,0.0,0.0,0,0,0,0.0,,,0.0,0.0,0.0,REQ,,,,,0.0,0.0,0.0,0
513032,0.0,0.0,0.0,0.0,0.0,0.0,udp,0.0,,cs0,,63.0,,1.0,,Status,1,1,0,42,42,0,42.0,0.0,0.0,0.0,0.0,0,0,0,0.0,,,0.0,0.0,0.0,REQ,,,,,0.0,0.0,0.0,0
513083,0.0,0.0,0.0,0.0,0.0,0.0,udp,0.0,,cs0,,63.0,,1.0,,Status,1,1,0,42,42,0,42.0,0.0,0.0,0.0,0.0,0,0,0,0.0,,,0.0,0.0,0.0,REQ,,,,,0.0,0.0,0.0,0
513091,0.0,0.0,0.0,0.0,0.0,0.0,udp,0.0,,cs0,,63.0,,1.0,,Status,1,1,0,42,42,0,42.0,0.0,0.0,0.0,0.0,0,0,0,0.0,,,0.0,0.0,0.0,REQ,,,,,0.0,0.0,0.0,0
513176,0.0,0.0,0.0,0.0,0.0,0.0,udp,0.0,,cs0,,63.0,,1.0,,Status,1,1,0,42,42,0,42.0,0.0,0.0,0.0,0.0,0,0,0,0.0,,,0.0,0.0,0.0,REQ,,,,,0.0,0.0,0.0,0
513217,0.0,0.0,0.0,0.0,0.0,0.0,udp,0.0,,cs0,,63.0,,1.0,,Status,1,1,0,42,42,0,42.0,0.0,0.0,0.0,0.0,0,0,0,0.0,,,0.0,0.0,0.0,REQ,,,,,0.0,0.0,0.0,0
513256,0.0,0.0,0.0,0.0,0.0,0.0,udp,0.0,,cs0,,63.0,,1.0,,Status,1,1,0,42,42,0,42.0,0.0,0.0,0.0,0.0,0,0,0,0.0,,,0.0,0.0,0.0,REQ,,,,,0.0,0.0,0.0,0
513264,0.0,0.0,0.0,0.0,0.0,0.0,udp,0.0,,cs0,,63.0,,1.0,,Status,1,1,0,42,42,0,42.0,0.0,0.0,0.0,0.0,0,0,0,0.0,,,0.0,0.0,0.0,REQ,,,,,0.0,0.0,0.0,0
513275,0.0,0.0,0.0,0.0,0.0,0.0,udp,0.0,,cs0,,63.0,,1.0,,Status,1,1,0,42,42,0,42.0,0.0,0.0,0.0,0.0,0,0,0,0.0,,,0.0,0.0,0.0,REQ,,,,,0.0,0.0,0.0,0
513321,0.0,0.0,0.0,0.0,0.0,0.0,udp,0.0,,cs0,,63.0,,1.0,,Status,1,1,0,42,42,0,42.0,0.0,0.0,0.0,0.0,0,0,0,0.0,,,0.0,0.0,0.0,REQ,,,,,0.0,0.0,0.0,0
513452,0.0,0.0,0.0,0.0,0.0,0.0,udp,0.0,,cs0,,63.0,,1.0,,Status,1,1,0,42,42,0,42.0,0.0,0.0,0.0,0.0,0,0,0,0.0,,,0.0,0.0,0.0,REQ,,,,,0.0,0.0,0.0,0
513465,0.0,0.0,0.0,0.0,0.0,0.0,udp,0.0,,cs0,,63.0,,1.0,,Status,1,1,0,42,42,0,42.0,0.0,0.0,0.0,0.0,0,0,0,0.0,,,0.0,0.0,0.0,REQ,,,,,0.0,0.0,0.0,0
513516,0.0,0.0,0.0,0.0,0.0,0.0,udp,0.0,,cs0,,63.0,,1.0,,Status,1,1,0,42,42,0,42.0,0.0,0.0,0.0,0.0,0,0,0,0.0,,,0.0,0.0,0.0,REQ,,,,,0.0,0.0,0.0,0
513533,0.0,0.0,0.0,0.0,0.0,0.0,udp,0.0,,cs0,,63.0,,1.0,,Status,1,1,0,42,42,0,42.0,0.0,0.0,0.0,0.0,0,0,0,0.0,,,0.0,0.0,0.0,REQ,,,,,0.0,0.0,0.0,0
513555,0.0,0.0,0.0,0.0,0.0,0.0,udp,0.0,,cs0,,63.0,,1.0,,Status,1,1,0,42,42,0,42.0,0.0,0.0,0.0,0.0,0,0,0,0.0,,,0.0,0.0,0.0,REQ,,,,,0.0,0.0,0.0,0
513557,0.0,0.0,0.0,0.0,0.0,0.0,icmp,0.0,,cs0,,58.0,,6.0,,Start,1,1,0,98,98,0,98.0,0.0,0.0,0.0,0.0,0,0,0,0.0,,,0.0,0.0,0.0,ECO,,,,,0.0,0.0,0.0,0
513618,4.927931,4.927931,4.927931,4.927931,4.927931,4.927931,udp,0.0,0.0,cs0,cs0,117.0,64.0,11.0,0.0,Status,21,11,10,10672,7538,3134,685.272705,313.399994,15704.76563,11125.15625,4579.609863,0,0,0,0.0,,,4.058498,2.029249,1.826324,CON,,,,,0.0,0.0,0.0,0
513639,0.0,0.0,0.0,0.0,0.0,0.0,udp,0.0,,cs0,,63.0,,1.0,,Status,1,1,0,42,42,0,42.0,0.0,0.0,0.0,0.0,0,0,0,0.0,,,0.0,0.0,0.0,REQ,,,,,0.0,0.0,0.0,0
513719,0.088626,0.088626,0.088626,0.088626,0.088626,0.088626,udp,0.0,0.0,cs0,cs0,64.0,117.0,0.0,11.0,Status,6,3,3,752,549,203,183.0,67.666664,45314.01953,33037.71094,12276.30762,0,0,0,0.0,,,56.416855,22.566742,22.566742,CON,,,,,0.0,0.0,0.0,0
513808,0.0,0.0,0.0,0.0,0.0,0.0,udp,0.0,,cs0,,63.0,,1.0,,Start,1,1,0,42,42,0,42.0,0.0,0.0,0.0,0.0,0,0,0,0.0,,,0.0,0.0,0.0,INT,,,,,0.0,0.0,0.0,0
513823,0.0,0.0,0.0,0.0,0.0,0.0,icmp,0.0,,cs0,,58.0,,6.0,,Start,1,1,0,98,98,0,98.0,0.0,0.0,0.0,0.0,0,0,0,0.0,,,0.0,0.0,0.0,ECO,,,,,0.0,0.0,0.0,0
513931,0.0007,0.0007,0.0007,0.0007,0.0007,0.0007,llc,,,,,,,,,Status,2,2,0,202,202,0,101.0,0.0,1154285.75,1154285.75,0.0,0,0,0,0.0,,,1428.571533,1428.571533,0.0,REQ,,,,,0.0,0.0,0.0,0
514033,0.052986,0.052986,0.052986,0.052986,0.052986,0.052986,udp,0.0,0.0,cs0,cs0,64.0,117.0,0.0,11.0,Status,5,3,2,668,529,139,176.333328,69.5,63865.92578,53297.09766,10568.8291,0,0,0,0.0,,,75.491638,37.745819,18.87291,CON,,,,,0.0,0.0,0.0,0
514046,1.991432,1.991432,1.991432,1.991432,1.991432,1.991432,sctp,186.0,40.0,ef,af11,255.0,250.0,1.0,6.0,Status,4,2,2,424,208,216,104.0,108.0,851.648499,417.789825,433.858673,0,0,0,0.0,,,1.506454,0.502151,0.502151,CON,,,,610.0,0.0,0.0,0.0,0
514071,0.0,0.0,0.0,0.0,0.0,0.0,icmp,0.0,,cs0,,58.0,,6.0,,Start,1,1,0,98,98,0,98.0,0.0,0.0,0.0,0.0,0,0,0,0.0,,,0.0,0.0,0.0,ECO,,,,,0.0,0.0,0.0,0
514110,0.0,0.0,0.0,0.0,0.0,0.0,icmp,0.0,,cs0,,58.0,,6.0,,Start,1,1,0,98,98,0,98.0,0.0,0.0,0.0,0.0,0,0,0,0.0,,,0.0,0.0,0.0,ECO,,,,,0.0,0.0,0.0,0
514171,0.0,0.0,0.0,0.0,0.0,0.0,udp,0.0,,cs0,,63.0,,1.0,,Start,1,1,0,42,42,0,42.0,0.0,0.0,0.0,0.0,0,0,0,0.0,,,0.0,0.0,0.0,INT,,,,,0.0,0.0,0.0,0
514185,4.889311,4.889311,4.889311,4.889311,4.889311,4.889311,udp,0.0,0.0,cs0,cs0,117.0,64.0,11.0,0.0,Status,179,156,23,213718,208235,5483,1334.839722,238.391312,347118.0313,338536.0625,8581.986328,0,0,0,0.0,,,36.405949,31.701809,4.499612,CON,,,,,0.0,0.0,0.0,0
514245,0.133003,0.133003,0.133003,0.133003,0.133003,0.133003,tcp,0.0,0.0,cs0,cs0,64.0,52.0,0.0,12.0,Status,10,5,5,2095,921,1174,184.199997,234.800003,100869.9063,44329.82813,56540.07813,0,0,0,0.0,0.0,0.0,67.667648,30.074511,30.074511,CON,1702.0,907.0,,,0.0,0.0,0.0,0
514252,4.99921,4.99921,4.99921,4.99921,4.99921,4.99921,udp,0.0,0.0,cs0,cs0,117.0,64.0,11.0,0.0,Status,261,236,25,324372,318771,5601,1350.724609,224.039993,516558.4375,507953.875,8604.55957,0,0,0,0.0,,,52.008217,47.007427,4.800759,CON,,,,,0.0,0.0,0.0,0
514275,0.052996,0.052996,0.052996,0.052996,0.052996,0.052996,udp,0.0,0.0,cs0,cs0,64.0,117.0,0.0,11.0,Status,4,2,2,437,299,138,149.5,69.0,33059.10156,22643.21875,10415.88086,0,0,0,0.0,,,56.608047,18.869349,18.869349,CON,,,,,0.0,0.0,0.0,0
514285,0.167956,0.167956,0.167956,0.167956,0.167956,0.167956,udp,0.0,0.0,cs0,cs0,64.0,53.0,0.0,11.0,Start,24,13,11,15078,9778,5300,752.15387,481.818176,659458.4375,429922.125,229536.3125,0,0,0,0.0,,,136.940628,71.447289,59.539406,CON,,,,,0.0,0.0,0.0,0
514413,0.053097,0.053097,0.053097,0.053097,0.053097,0.053097,udp,0.0,0.0,cs0,cs0,64.0,117.0,0.0,11.0,Status,5,3,2,670,531,139,177.0,69.5,63883.08203,53336.34766,10546.73535,0,0,0,0.0,,,75.333824,37.666912,18.833456,CON,,,,,0.0,0.0,0.0,0
514426,0.059973,0.059973,0.059973,0.059973,0.059973,0.059973,udp,0.0,0.0,cs0,cs0,64.0,117.0,0.0,11.0,Status,6,3,3,732,531,201,177.0,67.0,65095.95703,47221.25,17874.70898,0,0,0,0.0,,,83.37085,33.348339,33.348339,CON,,,,,0.0,0.0,0.0,0
514434,4.998057,4.998057,4.998057,4.998057,4.998057,4.998057,udp,0.0,0.0,cs0,cs0,117.0,64.0,11.0,0.0,Status,152,130,22,177697,172630,5067,1327.923096,230.318176,281933.5313,274191.3438,7742.208984,0,0,0,0.0,,,30.21174,25.81003,4.201633,CON,,,,,0.0,0.0,0.0,0
514509,0.0,0.0,0.0,0.0,0.0,0.0,udp,0.0,,cs0,,63.0,,1.0,,Start,1,1,0,42,42,0,42.0,0.0,0.0,0.0,0.0,0,0,0,0.0,,,0.0,0.0,0.0,INT,,,,,0.0,0.0,0.0,0
514576,0.0,0.0,0.0,0.0,0.0,0.0,icmp,0.0,,cs0,,58.0,,6.0,,Start,1,1,0,98,98,0,98.0,0.0,0.0,0.0,0.0,0,0,0,0.0,,,0.0,0.0,0.0,ECO,,,,,0.0,0.0,0.0,0
514597,0.052976,0.052976,0.052976,0.052976,0.052976,0.052976,udp,0.0,0.0,cs0,cs0,64.0,117.0,0.0,11.0,Status,6,3,3,733,531,202,177.0,67.333336,73844.75781,53458.16797,20386.58984,0,0,0,0.0,,,94.382362,37.752945,37.752945,CON,,,,,0.0,0.0,0.0,0
514699,0.0,0.0,0.0,0.0,0.0,0.0,icmp,0.0,,cs0,,58.0,,6.0,,Start,1,1,0,98,98,0,98.0,0.0,0.0,0.0,0.0,0,0,0,0.0,,,0.0,0.0,0.0,ECO,,,,,0.0,0.0,0.0,0
514705,0.0,0.0,0.0,0.0,0.0,0.0,icmp,0.0,,cs0,,58.0,,6.0,,Start,1,1,0,98,98,0,98.0,0.0,0.0,0.0,0.0,0,0,0,0.0,,,0.0,0.0,0.0,ECO,,,,,0.0,0.0,0.0,0
514805,4.983149,4.983149,4.983149,4.983149,4.983149,4.983149,udp,0.0,0.0,cs0,cs0,117.0,64.0,11.0,0.0,Status,262,235,27,299693,293983,5710,1250.991455,211.481476,478784.7813,469956.6563,8828.152344,0,0,0,0.0,,,52.376518,46.95826,5.217584,CON,,,,,0.0,0.0,0.0,0
514888,4.382411,4.382411,4.382411,4.382411,4.382411,4.382411,udp,0.0,0.0,cs0,cs0,64.0,52.0,0.0,12.0,Status,42,24,18,19478,12883,6595,536.791687,366.388885,33910.10156,22539.19141,11370.91016,0,0,0,0.0,,,9.35558,5.248252,3.879143,CON,,,,,0.0,0.0,0.0,0
515016,0.0,0.0,0.0,0.0,0.0,0.0,udp,0.0,,cs0,,63.0,,1.0,,Start,1,1,0,42,42,0,42.0,0.0,0.0,0.0,0.0,0,0,0,0.0,,,0.0,0.0,0.0,INT,,,,,0.0,0.0,0.0,0
515102,4.879252,4.879252,4.879252,4.879252,4.879252,4.879252,udp,0.0,0.0,cs0,cs0,117.0,64.0,11.0,0.0,Status,142,129,13,178109,173841,4268,1347.604614,328.307678,289280.4063,282820.4063,6460.006836,0,0,0,0.0,,,28.897873,26.23353,2.459394,CON,,,,,0.0,0.0,0.0,0
515127,0.0,0.0,0.0,0.0,0.0,0.0,icmp,0.0,,cs0,,58.0,,6.0,,Start,1,1,0,98,98,0,98.0,0.0,0.0,0.0,0.0,0,0,0,0.0,,,0.0,0.0,0.0,ECO,,,,,0.0,0.0,0.0,0
515148,0.0,0.0,0.0,0.0,0.0,0.0,udp,0.0,,cs0,,63.0,,1.0,,Start,1,1,0,42,42,0,42.0,0.0,0.0,0.0,0.0,0,0,0,0.0,,,0.0,0.0,0.0,INT,,,,,0.0,0.0,0.0,0
515203,0.060026,0.060026,0.060026,0.060026,0.060026,0.060026,udp,0.0,0.0,cs0,cs0,64.0,117.0,0.0,11.0,Status,4,2,2,438,300,138,150.0,69.0,29187.35156,19991.33594,9196.014648,0,0,0,0.0,,,49.97834,16.659447,16.659447,CON,,,,,0.0,0.0,0.0,0
515207,0.0,0.0,0.0,0.0,0.0,0.0,icmp,0.0,,cs0,,58.0,,6.0,,Start,1,1,0,98,98,0,98.0,0.0,0.0,0.0,0.0,0,0,0,0.0,,,0.0,0.0,0.0,ECO,,,,,0.0,0.0,0.0,0
515316,0.0,0.0,0.0,0.0,0.0,0.0,icmp,0.0,,cs0,,58.0,,6.0,,Start,1,1,0,98,98,0,98.0,0.0,0.0,0.0,0.0,0,0,0,0.0,,,0.0,0.0,0.0,ECO,,,,,0.0,0.0,0.0,0
515439,0.0,0.0,0.0,0.0,0.0,0.0,icmp,0.0,,cs0,,58.0,,6.0,,Start,1,1,0,98,98,0,98.0,0.0,0.0,0.0,0.0,0,0,0,0.0,,,0.0,0.0,0.0,ECO,,,,,0.0,0.0,0.0,0
515441,4.999951,4.999951,4.999951,4.999951,4.999951,4.999951,udp,0.0,0.0,cs0,cs0,117.0,64.0,11.0,0.0,Status,188,167,21,228747,223386,5361,1337.640747,255.285721,363451.5313,355281.875,8169.680176,0,0,0,0.0,,,37.400368,33.200325,4.000039,CON,,,,,0.0,0.0,0.0,0
515478,4.936286,4.936286,4.936286,4.936286,4.936286,4.936286,udp,0.0,0.0,cs0,cs0,117.0,64.0,11.0,0.0,Status,151,133,18,177948,172596,5352,1297.714233,297.333344,285808.4063,277616.0,8192.394531,0,0,0,0.0,,,30.387218,26.740751,3.443885,CON,,,,,0.0,0.0,0.0,0
515507,0.000714,0.000714,0.000714,0.000714,0.000714,0.000714,llc,,,,,,,,,Status,2,2,0,202,202,0,101.0,0.0,1131652.625,1131652.625,0.0,0,0,0,0.0,,,1400.560181,1400.560181,0.0,REQ,,,,,0.0,0.0,0.0,0
515596,4.933526,4.933526,4.933526,4.933526,4.933526,4.933526,udp,0.0,0.0,cs0,cs0,117.0,64.0,11.0,0.0,Status,141,138,3,175630,173644,1986,1258.289795,662.0,281680.875,279533.9375,2146.943115,0,0,0,0.0,,,28.37727,27.769186,0.40539,CON,,,,,0.0,0.0,0.0,0
515674,0.013795,0.013795,0.013795,0.013795,0.013795,0.013795,tcp,0.0,0.0,cs0,cs0,64.0,63.0,0.0,1.0,Status,3,2,1,714,291,423,145.5,423.0,84668.35938,84668.35938,0.0,0,0,0,0.0,0.0,0.0,144.980072,72.490036,0.0,CON,100352.0,32256.0,,,0.012997,0.001152,0.011845,0
515773,4.991357,4.991357,4.991357,4.991357,4.991357,4.991357,udp,0.0,0.0,cs0,cs0,117.0,64.0,11.0,0.0,Status,154,139,15,188230,187165,1065,1346.510742,71.0,299418.375,297825.2188,1593.153931,0,0,0,0.0,,,30.652988,27.647793,2.804848,CON,,,,,0.0,0.0,0.0,0
515826,4.873091,4.873091,4.873091,4.873091,4.873091,4.873091,udp,0.0,0.0,cs0,cs0,117.0,64.0,11.0,0.0,Status,204,179,25,247678,242719,4959,1355.972046,198.360001,404055.6563,396239.6563,7815.983398,0,0,0,0.0,,,41.657337,36.527122,4.925005,CON,,,,,0.0,0.0,0.0,0
515852,0.0,0.0,0.0,0.0,0.0,0.0,icmp,0.0,,cs0,,58.0,,6.0,,Start,1,1,0,98,98,0,98.0,0.0,0.0,0.0,0.0,0,0,0,0.0,,,0.0,0.0,0.0,ECO,,,,,0.0,0.0,0.0,0
515861,4.997133,4.997133,4.997133,4.997133,4.997133,4.997133,udp,0.0,0.0,cs0,cs0,117.0,64.0,11.0,0.0,Status,210,182,28,247206,241259,5947,1325.598877,212.392853,393295.9375,384114.6563,9181.264648,0,0,0,0.0,,,41.823982,36.220772,5.403099,CON,,,,,0.0,0.0,0.0,0
515863,4.997271,4.997271,4.997271,4.997271,4.997271,4.997271,udp,0.0,0.0,cs0,cs0,117.0,64.0,11.0,0.0,Status,229,207,22,286088,281704,4384,1360.888916,199.27272,455495.0,448795.3438,6699.656738,0,0,0,0.0,,,45.624901,41.2225,4.202293,CON,,,,,0.0,0.0,0.0,0
515916,0.0,0.0,0.0,0.0,0.0,0.0,icmp,0.0,,cs0,,58.0,,6.0,,Start,1,1,0,98,98,0,98.0,0.0,0.0,0.0,0.0,0,0,0,0.0,,,0.0,0.0,0.0,ECO,,,,,0.0,0.0,0.0,0
515967,0.008732,0.008732,0.008732,0.008732,0.008732,0.008732,sctp,186.0,186.0,ef,ef,252.0,255.0,4.0,1.0,Status,4,2,2,392,200,192,100.0,96.0,179569.3906,91617.03906,87952.35156,0,0,0,0.0,,,343.563873,114.521294,114.521294,CON,,,610.0,,0.0,0.0,0.0,0
516044,0.063519,0.063519,0.063519,0.063519,0.063519,0.063519,udp,0.0,0.0,cs0,cs0,64.0,117.0,0.0,11.0,Status,6,3,3,733,531,202,177.0,67.333336,61587.87109,44585.08594,17002.78711,0,0,0,0.0,,,78.716606,31.486641,31.486641,CON,,,,,0.0,0.0,0.0,0
516067,4.999433,4.999433,4.999433,4.999433,4.999433,4.999433,udp,0.0,0.0,cs0,cs0,117.0,64.0,11.0,0.0,Status,104,87,17,117442,113432,4010,1303.81604,235.882355,185467.4375,179426.75,6040.685059,0,0,0,0.0,,,20.602337,17.20195,3.200363,CON,,,,,0.0,0.0,0.0,0
516090,3.439284,3.439284,3.439284,3.439284,3.439284,3.439284,udp,0.0,0.0,cs0,cs0,64.0,52.0,0.0,12.0,Status,41,23,18,18967,12552,6415,545.739136,356.388885,42022.69922,27929.06836,14093.63086,0,0,0,0.0,,,11.630327,6.39668,4.942889,CON,,,,,0.0,0.0,0.0,0
516242,0.0,0.0,0.0,0.0,0.0,0.0,icmp,0.0,,cs0,,58.0,,6.0,,Start,1,1,0,98,98,0,98.0,0.0,0.0,0.0,0.0,0,0,0,0.0,,,0.0,0.0,0.0,ECO,,,,,0.0,0.0,0.0,0
516289,0.05298,0.05298,0.05298,0.05298,0.05298,0.05298,udp,0.0,0.0,cs0,cs0,64.0,117.0,0.0,11.0,Status,4,2,2,438,300,138,150.0,69.0,33069.08203,22650.05664,10419.02637,0,0,0,0.0,,,56.625145,18.875048,18.875048,CON,,,,,0.0,0.0,0.0,0
516320,0.0,0.0,0.0,0.0,0.0,0.0,sctp,40.0,186.0,af11,ef,250.0,255.0,6.0,1.0,Status,2,1,1,192,98,94,98.0,94.0,0.0,0.0,0.0,0,0,0,0.0,,,0.0,0.0,0.0,CON,,,610.0,,0.0,0.0,0.0,0
516394,4.93688,4.93688,4.93688,4.93688,4.93688,4.93688,udp,0.0,0.0,cs0,cs0,117.0,64.0,11.0,0.0,Status,153,132,21,184526,177380,7146,1343.787842,340.285706,296289.1563,285260.3125,11028.82813,0,0,0,0.0,,,30.788675,26.534977,4.051142,CON,,,,,0.0,0.0,0.0,0
516402,0.0,0.0,0.0,0.0,0.0,0.0,icmp,0.0,,cs0,,58.0,,6.0,,Start,1,1,0,98,98,0,98.0,0.0,0.0,0.0,0.0,0,0,0,0.0,,,0.0,0.0,0.0,ECO,,,,,0.0,0.0,0.0,0
516451,0.0,0.0,0.0,0.0,0.0,0.0,icmp,0.0,,cs0,,58.0,,6.0,,Start,1,1,0,98,98,0,98.0,0.0,0.0,0.0,0.0,0,0,0,0.0,,,0.0,0.0,0.0,ECO,,,,,0.0,0.0,0.0,0
516477,0.0,0.0,0.0,0.0,0.0,0.0,udp,0.0,,cs0,,63.0,,1.0,,Start,1,1,0,42,42,0,42.0,0.0,0.0,0.0,0.0,0,0,0,0.0,,,0.0,0.0,0.0,INT,,,,,0.0,0.0,0.0,0
516521,4.96921,4.96921,4.96921,4.96921,4.96921,4.96921,udp,0.0,0.0,cs0,cs0,117.0,64.0,11.0,0.0,Status,158,141,17,195013,190459,4554,1350.773071,267.882355,311350.875,304449.1875,6901.700684,0,0,0,0.0,,,31.594559,28.173492,3.219828,CON,,,,,0.0,0.0,0.0,0
516526,0.052752,0.052752,0.052752,0.052752,0.052752,0.052752,udp,0.0,0.0,cs0,cs0,64.0,117.0,0.0,11.0,Status,5,3,2,668,530,138,176.666672,69.0,64149.22656,53685.16797,10464.05859,0,0,0,0.0,,,75.826508,37.913254,18.956627,CON,,,,,0.0,0.0,0.0,0
516569,0.152914,0.152914,0.152914,0.152914,0.152914,0.152914,tcp,0.0,0.0,cs0,cs0,64.0,116.0,0.0,12.0,Status,10,5,5,2131,937,1194,187.399994,238.800003,89252.78125,39237.74219,50015.03906,0,0,0,0.0,0.0,0.0,58.856609,26.158493,26.158493,CON,1890.0,986.0,,,0.0,0.0,0.0,0
516606,0.0,0.0,0.0,0.0,0.0,0.0,udp,0.0,,cs0,,63.0,,1.0,,Start,1,1,0,42,42,0,42.0,0.0,0.0,0.0,0.0,0,0,0,0.0,,,0.0,0.0,0.0,INT,,,,,0.0,0.0,0.0,0
516636,0.0,0.0,0.0,0.0,0.0,0.0,icmp,0.0,,cs0,,58.0,,6.0,,Start,1,1,0,98,98,0,98.0,0.0,0.0,0.0,0.0,0,0,0,0.0,,,0.0,0.0,0.0,ECO,,,,,0.0,0.0,0.0,0
516653,4.957364,4.957364,4.957364,4.957364,4.957364,4.957364,udp,0.0,0.0,cs0,cs0,117.0,64.0,11.0,0.0,Status,211,199,12,274303,270293,4010,1358.256226,334.166656,439928.9688,433996.7813,5932.185059,0,0,0,0.0,,,42.361221,39.940582,2.218921,CON,,,,,0.0,0.0,0.0,0
516661,0.0,0.0,0.0,0.0,0.0,0.0,icmp,0.0,,cs0,,58.0,,6.0,,Start,1,1,0,98,98,0,98.0,0.0,0.0,0.0,0.0,0,0,0,0.0,,,0.0,0.0,0.0,ECO,,,,,0.0,0.0,0.0,0
516684,4.840933,4.840933,4.840933,4.840933,4.840933,4.840933,udp,0.0,0.0,cs0,cs0,117.0,64.0,11.0,0.0,Status,177,151,26,206038,200233,5805,1326.046387,223.269226,337933.1875,328708.5313,9224.667969,0,0,0,0.0,,,36.356628,30.985764,5.164294,CON,,,,,0.0,0.0,0.0,0
516813,4.95994,4.95994,4.95994,4.95994,4.95994,4.95994,udp,0.0,0.0,cs0,cs0,117.0,64.0,11.0,0.0,Status,79,71,8,96166,92871,3295,1308.042236,411.875,152335.7188,147684.0469,4651.669434,0,0,0,0.0,,,15.725997,14.113074,1.411307,CON,,,,,0.0,0.0,0.0,0
516839,4.998944,4.998944,4.998944,4.998944,4.998944,4.998944,udp,0.0,0.0,cs0,cs0,117.0,64.0,11.0,0.0,Status,222,211,11,291388,287408,3980,1362.123169,361.818176,463561.9375,457770.3125,5791.623535,0,0,0,0.0,,,44.209339,42.008873,2.000422,CON,,,,,0.0,0.0,0.0,0
516885,0.0,0.0,0.0,0.0,0.0,0.0,sctp,186.0,40.0,ef,af11,255.0,250.0,1.0,6.0,Status,2,1,1,232,114,118,114.0,118.0,0.0,0.0,0.0,0,0,0,0.0,,,0.0,0.0,0.0,CON,,,,610.0,0.0,0.0,0.0,0
516891,0.0,0.0,0.0,0.0,0.0,0.0,udp,0.0,,cs0,,249.0,,7.0,,Start,1,1,0,74,74,0,74.0,0.0,0.0,0.0,0.0,0,0,0,0.0,,,0.0,0.0,0.0,INT,,,610.0,,0.0,0.0,0.0,0
516945,4.954469,4.954469,4.954469,4.954469,4.954469,4.954469,udp,0.0,0.0,cs0,cs0,117.0,64.0,11.0,0.0,Status,218,196,22,272570,265542,7028,1354.806152,319.454559,437418.4063,426585.3438,10833.04785,0,0,0,0.0,,,43.79884,39.358402,4.238597,CON,,,,,0.0,0.0,0.0,0
516947,4.889391,4.889391,4.889391,4.889391,4.889391,4.889391,udp,0.0,0.0,cs0,cs0,117.0,64.0,11.0,0.0,Status,174,150,24,207575,202524,5051,1350.160034,210.458328,337080.875,329160.0313,7920.822754,0,0,0,0.0,,,35.382729,30.474144,4.704062,CON,,,,,0.0,0.0,0.0,0
517033,0.0,0.0,0.0,0.0,0.0,0.0,icmp,0.0,,cs0,,58.0,,6.0,,Start,1,1,0,98,98,0,98.0,0.0,0.0,0.0,0.0,0,0,0,0.0,,,0.0,0.0,0.0,ECO,,,,,0.0,0.0,0.0,0
517053,0.0,0.0,0.0,0.0,0.0,0.0,icmp,0.0,,cs0,,58.0,,6.0,,Start,1,1,0,98,98,0,98.0,0.0,0.0,0.0,0.0,0,0,0,0.0,,,0.0,0.0,0.0,ECO,,,,,0.0,0.0,0.0,0
517083,0.0,0.0,0.0,0.0,0.0,0.0,icmp,0.0,,cs0,,58.0,,6.0,,Start,1,1,0,98,98,0,98.0,0.0,0.0,0.0,0.0,0,0,0,0.0,,,0.0,0.0,0.0,ECO,,,,,0.0,0.0,0.0,0
517084,0.0,0.0,0.0,0.0,0.0,0.0,udp,0.0,,cs0,,63.0,,1.0,,Start,1,1,0,42,42,0,42.0,0.0,0.0,0.0,0.0,0,0,0,0.0,,,0.0,0.0,0.0,INT,,,,,0.0,0.0,0.0,0
517100,0.168989,0.168989,0.168989,0.168989,0.168989,0.168989,udp,0.0,0.0,cs0,cs0,64.0,53.0,0.0,11.0,Start,14,8,6,8667,5267,3400,658.375,566.666687,352354.2813,218191.7188,134162.5781,0,0,0,0.0,,,76.928085,41.422813,29.587725,CON,,,,,0.0,0.0,0.0,0
517127,0.0,0.0,0.0,0.0,0.0,0.0,icmp,0.0,,cs0,,58.0,,6.0,,Start,1,1,0,98,98,0,98.0,0.0,0.0,0.0,0.0,0,0,0,0.0,,,0.0,0.0,0.0,ECO,,,,,0.0,0.0,0.0,0
517240,0.0,0.0,0.0,0.0,0.0,0.0,icmp,0.0,,cs0,,58.0,,6.0,,Start,1,1,0,98,98,0,98.0,0.0,0.0,0.0,0.0,0,0,0,0.0,,,0.0,0.0,0.0,ECO,,,,,0.0,0.0,0.0,0
517243,0.199696,0.199696,0.199696,0.199696,0.199696,0.199696,udp,0.0,0.0,cs0,cs0,117.0,64.0,11.0,0.0,Status,202,187,15,260336,256530,3806,1371.818237,253.733337,10364233.0,10221897.0,142336.3438,0,0,0,0.0,,,1006.529907,931.41571,70.10656,CON,,,,,0.0,0.0,0.0,0
517304,0.118842,0.118842,0.118842,0.118842,0.118842,0.118842,tcp,0.0,0.0,cs0,cs0,64.0,63.0,0.0,1.0,Start,15,8,7,5175,923,4252,115.375,607.428589,299759.3438,54391.54688,245367.7969,0,0,0,0.0,0.0,0.0,117.803474,58.901737,50.487202,CON,77312.0,31104.0,,,0.014928,0.0012,0.013728,0
517366,0.0,0.0,0.0,0.0,0.0,0.0,icmp,0.0,,cs0,,58.0,,6.0,,Start,1,1,0,98,98,0,98.0,0.0,0.0,0.0,0.0,0,0,0,0.0,,,0.0,0.0,0.0,ECO,,,,,0.0,0.0,0.0,0
517367,0.0,0.0,0.0,0.0,0.0,0.0,icmp,0.0,,cs0,,58.0,,6.0,,Start,1,1,0,98,98,0,98.0,0.0,0.0,0.0,0.0,0,0,0,0.0,,,0.0,0.0,0.0,ECO,,,,,0.0,0.0,0.0,0
517444,0.0,0.0,0.0,0.0,0.0,0.0,icmp,0.0,,cs0,,58.0,,6.0,,Start,1,1,0,98,98,0,98.0,0.0,0.0,0.0,0.0,0,0,0,0.0,,,0.0,0.0,0.0,ECO,,,,,0.0,0.0,0.0,0
517465,0.0,0.0,0.0,0.0,0.0,0.0,icmp,0.0,,cs0,,58.0,,6.0,,Start,1,1,0,98,98,0,98.0,0.0,0.0,0.0,0.0,0,0,0,0.0,,,0.0,0.0,0.0,ECO,,,,,0.0,0.0,0.0,0
517466,0.0,0.0,0.0,0.0,0.0,0.0,udp,0.0,,cs0,,63.0,,1.0,,Start,1,1,0,42,42,0,42.0,0.0,0.0,0.0,0.0,0,0,0,0.0,,,0.0,0.0,0.0,INT,,,,,0.0,0.0,0.0,0
517477,0.2101,0.2101,0.2101,0.2101,0.2101,0.2101,udp,0.0,0.0,cs0,cs0,64.0,53.0,0.0,11.0,Start,21,13,8,12989,8366,4623,643.538452,577.875,448129.4688,294069.5,154059.9688,0,0,0,0.0,,,95.192764,57.115662,33.317471,CON,,,,,0.0,0.0,0.0,0
517509,4.931087,4.931087,4.931087,4.931087,4.931087,4.931087,udp,0.0,0.0,cs0,cs0,117.0,64.0,11.0,0.0,Status,181,172,9,236759,232966,3793,1354.453491,421.444458,381228.7188,375758.125,5470.599121,0,0,0,0.0,,,36.503109,34.677952,1.62236,CON,,,,,0.0,0.0,0.0,0
517510,4.902866,4.902866,4.902866,4.902866,4.902866,4.902866,udp,0.0,0.0,cs0,cs0,117.0,64.0,11.0,0.0,Status,189,172,17,236985,232966,4019,1354.453491,236.411758,384093.7188,377921.0,6172.716309,0,0,0,0.0,,,38.344921,34.87756,3.263397,CON,,,,,0.0,0.0,0.0,0
517518,0.0,0.0,0.0,0.0,0.0,0.0,icmp,0.0,,cs0,,58.0,,6.0,,Start,1,1,0,98,98,0,98.0,0.0,0.0,0.0,0.0,0,0,0,0.0,,,0.0,0.0,0.0,ECO,,,,,0.0,0.0,0.0,0
517605,4.989696,4.989696,4.989696,4.989696,4.989696,4.989696,udp,0.0,0.0,cs0,cs0,117.0,64.0,11.0,0.0,Status,159,153,6,207552,206525,1027,1349.836548,171.166672,330331.9688,328959.5313,1372.428345,0,0,0,0.0,,,31.665257,30.462778,1.002065,CON,,,,,0.0,0.0,0.0,0
517626,4.345615,4.345615,4.345615,4.345615,4.345615,4.345615,udp,0.0,0.0,cs0,cs0,64.0,52.0,0.0,12.0,Status,42,24,18,19462,12884,6578,536.833313,365.444458,34169.61719,22731.88086,11437.73731,0,0,0,0.0,,,9.434798,5.292692,3.911989,CON,,,,,0.0,0.0,0.0,0
517634,4.905609,4.905609,4.905609,4.905609,4.905609,4.905609,udp,0.0,0.0,cs0,cs0,117.0,64.0,11.0,0.0,Status,189,170,19,234654,230143,4511,1353.782349,237.421051,380077.5625,373107.5938,6969.980469,0,0,0,0.0,,,38.323479,34.450359,3.669269,CON,,,,,0.0,0.0,0.0,0
517681,0.0,0.0,0.0,0.0,0.0,0.0,icmp,0.0,,cs0,,58.0,,6.0,,Start,1,1,0,98,98,0,98.0,0.0,0.0,0.0,0.0,0,0,0,0.0,,,0.0,0.0,0.0,ECO,,,,,0.0,0.0,0.0,0
517683,0.136177,0.136177,0.136177,0.136177,0.136177,0.136177,udp,0.0,0.0,cs0,cs0,64.0,52.0,0.0,12.0,Start,21,11,10,6908,2512,4396,228.363632,439.600006,366640.4688,134178.3125,232462.1563,0,0,0,0.0,,,146.867676,73.433838,66.090454,CON,,,,,0.0,0.0,0.0,0
517769,0.050121,0.050121,0.050121,0.050121,0.050121,0.050121,udp,0.0,0.0,cs0,cs0,64.0,117.0,0.0,11.0,Status,6,3,3,734,531,203,177.0,67.666664,78210.73438,56503.26563,21707.46875,0,0,0,0.0,,,99.758591,39.903435,39.903435,CON,,,,,0.0,0.0,0.0,0
517772,4.993102,4.993102,4.993102,4.993102,4.993102,4.993102,tcp,0.0,0.0,cs0,cs0,64.0,63.0,0.0,1.0,Status,6,4,2,427,295,132,73.75,66.0,461.436584,355.690704,105.745888,0,0,0,0.0,0.0,0.0,1.001382,0.600829,0.200276,FIN,102400.0,32256.0,,,0.014833,0.001296,0.013537,0
517848,0.0,0.0,0.0,0.0,0.0,0.0,udp,0.0,,cs0,,249.0,,7.0,,Start,1,1,0,74,74,0,74.0,0.0,0.0,0.0,0.0,0,0,0,0.0,,,0.0,0.0,0.0,INT,,,610.0,,0.0,0.0,0.0,0
517861,0.0,0.0,0.0,0.0,0.0,0.0,icmp,0.0,,cs0,,58.0,,6.0,,Start,1,1,0,98,98,0,98.0,0.0,0.0,0.0,0.0,0,0,0,0.0,,,0.0,0.0,0.0,ECO,,,,,0.0,0.0,0.0,0
518004,0.056802,0.056802,0.056802,0.056802,0.056802,0.056802,udp,0.0,0.0,cs0,cs0,64.0,117.0,0.0,11.0,Status,6,3,3,734,531,203,177.0,67.666664,69011.65625,49857.39844,19154.25391,0,0,0,0.0,,,88.02507,35.210026,35.210026,CON,,,,,0.0,0.0,0.0,0
518023,0.0,0.0,0.0,0.0,0.0,0.0,lldp,,,,,,,,,Status,1,1,0,72,72,0,72.0,0.0,0.0,0.0,0.0,0,0,0,0.0,,,0.0,0.0,0.0,REQ,,,,,0.0,0.0,0.0,0
518029,0.0,0.0,0.0,0.0,0.0,0.0,icmp,0.0,,cs0,,58.0,,6.0,,Start,1,1,0,98,98,0,98.0,0.0,0.0,0.0,0.0,0,0,0,0.0,,,0.0,0.0,0.0,ECO,,,,,0.0,0.0,0.0,0
518121,4.949414,4.949414,4.949414,4.949414,4.949414,4.949414,udp,0.0,0.0,cs0,cs0,117.0,64.0,11.0,0.0,Status,285,270,15,368709,364459,4250,1349.848145,283.333344,593326.0,586913.9375,6412.072266,0,0,0,0.0,,,57.380531,54.349873,2.828618,CON,,,,,0.0,0.0,0.0,0
518129,0.160835,0.160835,0.160835,0.160835,0.160835,0.160835,udp,0.0,0.0,cs0,cs0,64.0,53.0,0.0,11.0,Start,22,13,9,14003,9090,4913,699.230774,545.888916,634638.0,417371.8438,217266.1406,0,0,0,0.0,,,130.568604,74.610626,49.740417,CON,,,,,0.0,0.0,0.0,0
518158,0.0,0.0,0.0,0.0,0.0,0.0,icmp,0.0,,cs0,,58.0,,6.0,,Start,1,1,0,98,98,0,98.0,0.0,0.0,0.0,0.0,0,0,0,0.0,,,0.0,0.0,0.0,ECO,,,,,0.0,0.0,0.0,0
518197,0.0,0.0,0.0,0.0,0.0,0.0,icmp,0.0,,cs0,,58.0,,6.0,,Start,1,1,0,98,98,0,98.0,0.0,0.0,0.0,0.0,0,0,0,0.0,,,0.0,0.0,0.0,ECO,,,,,0.0,0.0,0.0,0
518231,4.946923,4.946923,4.946923,4.946923,4.946923,4.946923,udp,0.0,0.0,cs0,cs0,117.0,64.0,11.0,0.0,Status,198,173,25,239170,234154,5016,1353.491333,200.639999,384266.3438,376478.0938,7788.275879,0,0,0,0.0,,,39.822735,34.769089,4.851501,CON,,,,,0.0,0.0,0.0,0
518351,4.995775,4.995775,4.995775,4.995775,4.995775,4.995775,udp,0.0,0.0,cs0,cs0,117.0,64.0,11.0,0.0,Status,125,119,6,159777,158687,1090,1333.50415,181.666672,253434.9375,251979.3125,1455.629883,0,0,0,0.0,,,24.820972,23.619957,1.000846,CON,,,,,0.0,0.0,0.0,0
518390,0.0,0.0,0.0,0.0,0.0,0.0,sctp,186.0,186.0,ef,ef,255.0,252.0,1.0,4.0,Status,2,1,1,200,98,102,98.0,102.0,0.0,0.0,0.0,0,0,0,0.0,,,0.0,0.0,0.0,CON,,,,610.0,0.0,0.0,0.0,0
518411,0.0,0.0,0.0,0.0,0.0,0.0,icmp,0.0,,cs0,,58.0,,6.0,,Start,1,1,0,98,98,0,98.0,0.0,0.0,0.0,0.0,0,0,0,0.0,,,0.0,0.0,0.0,ECO,,,,,0.0,0.0,0.0,0
518427,4.992607,4.992607,4.992607,4.992607,4.992607,4.992607,udp,0.0,0.0,cs0,cs0,117.0,64.0,11.0,0.0,Status,238,214,24,296109,291231,4878,1360.892578,203.25,471971.4375,464480.375,7491.076172,0,0,0,0.0,,,47.470188,42.663082,4.606812,CON,,,,,0.0,0.0,0.0,0
518465,0.00034,0.00034,0.00034,0.00034,0.00034,0.00034,udp,224.0,184.0,cs7,ef,250.0,255.0,6.0,1.0,Start,2,1,1,124,64,60,64.0,60.0,0.0,0.0,0.0,0,0,0,0.0,,,2941.176514,0.0,0.0,CON,,,610.0,,0.0,0.0,0.0,0
518645,0.157084,0.157084,0.157084,0.157084,0.157084,0.157084,udp,0.0,0.0,cs0,cs0,64.0,53.0,0.0,11.0,Start,18,10,8,11902,8079,3823,807.900024,477.875,540755.25,370349.625,170405.6406,0,0,0,0.0,,,108.222351,57.294186,44.562145,CON,,,,,0.0,0.0,0.0,0
518695,0.0,0.0,0.0,0.0,0.0,0.0,icmp,0.0,,cs0,,58.0,,6.0,,Start,1,1,0,98,98,0,98.0,0.0,0.0,0.0,0.0,0,0,0,0.0,,,0.0,0.0,0.0,ECO,,,,,0.0,0.0,0.0,0
518709,0.0,0.0,0.0,0.0,0.0,0.0,icmp,0.0,,cs0,,58.0,,6.0,,Start,1,1,0,98,98,0,98.0,0.0,0.0,0.0,0.0,0,0,0,0.0,,,0.0,0.0,0.0,ECO,,,,,0.0,0.0,0.0,0
518716,0.000726,0.000726,0.000726,0.000726,0.000726,0.000726,llc,,,,,,,,,Status,2,2,0,202,202,0,101.0,0.0,1112947.625,1112947.625,0.0,0,0,0,0.0,,,1377.410522,1377.410522,0.0,REQ,,,,,0.0,0.0,0.0,0
518804,4.997967,4.997967,4.997967,4.997967,4.997967,4.997967,udp,0.0,0.0,cs0,cs0,117.0,64.0,11.0,0.0,Status,221,198,23,271402,266285,5117,1344.873779,222.478256,431913.25,424078.0625,7835.186035,0,0,0,0.0,,,44.017899,39.416027,4.40179,CON,,,,,0.0,0.0,0.0,0
518869,0.052804,0.052804,0.052804,0.052804,0.052804,0.052804,udp,0.0,0.0,cs0,cs0,64.0,117.0,0.0,11.0,Status,4,2,2,450,310,140,155.0,70.0,34088.32813,23483.06836,10605.25684,0,0,0,0.0,,,56.813877,18.93796,18.93796,CON,,,,,0.0,0.0,0.0,0
518956,0.0,0.0,0.0,0.0,0.0,0.0,lldp,,,,,,,,,Status,1,1,0,64,64,0,64.0,0.0,0.0,0.0,0.0,0,0,0,0.0,,,0.0,0.0,0.0,REQ,,,,,0.0,0.0,0.0,0
518959,0.0,0.0,0.0,0.0,0.0,0.0,icmp,0.0,,cs0,,58.0,,6.0,,Start,1,1,0,98,98,0,98.0,0.0,0.0,0.0,0.0,0,0,0,0.0,,,0.0,0.0,0.0,ECO,,,,,0.0,0.0,0.0,0
518998,0.013886,0.013886,0.013886,0.013886,0.013886,0.013886,tcp,0.0,0.0,cs0,cs0,64.0,63.0,0.0,1.0,Status,5,3,2,361,229,132,76.333336,66.0,126170.2422,88146.33594,38023.91016,0,0,0,0.0,0.0,0.0,288.059906,144.029953,72.014977,FIN,90112.0,31104.0,,,0.013896,0.001166,0.01273,0
519030,0.227941,0.227941,0.227941,0.227941,0.227941,0.227941,tcp,0.0,0.0,cs0,cs0,64.0,63.0,0.0,1.0,Start,13,7,6,1749,847,902,121.0,150.333328,51873.07031,25480.27734,26392.79297,0,0,0,0.0,0.0,0.0,52.645199,26.322599,21.935501,CON,68096.0,31104.0,,,0.016107,0.001105,0.015002,0
519085,0.08239,0.08239,0.08239,0.08239,0.08239,0.08239,udp,0.0,0.0,cs0,cs0,64.0,117.0,0.0,11.0,Status,6,3,3,734,531,203,177.0,67.666664,47578.58984,34373.10156,13205.48535,0,0,0,0.0,,,60.686974,24.27479,24.27479,CON,,,,,0.0,0.0,0.0,0
519126,0.15,0.15,0.15,0.15,0.15,0.15,tcp,0.0,0.0,cs0,cs0,64.0,63.0,0.0,1.0,Start,13,7,6,1749,847,902,121.0,150.333328,78826.66406,38720.0,40106.66406,0,0,0,0.0,0.0,0.0,80.0,40.0,33.333332,CON,90112.0,31104.0,,,0.013901,0.001087,0.012814,0
519155,0.0,0.0,0.0,0.0,0.0,0.0,icmp,0.0,,cs0,,58.0,,6.0,,Start,1,1,0,98,98,0,98.0,0.0,0.0,0.0,0.0,0,0,0,0.0,,,0.0,0.0,0.0,ECO,,,,,0.0,0.0,0.0,0
519210,0.0,0.0,0.0,0.0,0.0,0.0,icmp,0.0,,cs0,,58.0,,6.0,,Start,1,1,0,98,98,0,98.0,0.0,0.0,0.0,0.0,0,0,0,0.0,,,0.0,0.0,0.0,ECO,,,,,0.0,0.0,0.0,0
519336,4.874643,4.874643,4.874643,4.874643,4.874643,4.874643,udp,0.0,0.0,cs0,cs0,117.0,64.0,11.0,0.0,Status,195,181,14,249434,245286,4148,1355.171265,296.285706,406648.0625,400326.3438,6321.693848,0,0,0,0.0,,,39.797787,36.925781,2.666862,CON,,,,,0.0,0.0,0.0,0
519339,0.0,0.0,0.0,0.0,0.0,0.0,icmp,0.0,,cs0,,58.0,,6.0,,Start,1,1,0,98,98,0,98.0,0.0,0.0,0.0,0.0,0,0,0,0.0,,,0.0,0.0,0.0,ECO,,,,,0.0,0.0,0.0,0
519360,0.0,0.0,0.0,0.0,0.0,0.0,icmp,0.0,,cs0,,58.0,,6.0,,Start,1,1,0,98,98,0,98.0,0.0,0.0,0.0,0.0,0,0,0,0.0,,,0.0,0.0,0.0,ECO,,,,,0.0,0.0,0.0,0
519366,0.000153,0.000153,0.000153,0.000153,0.000153,0.000153,udp,224.0,184.0,cs7,ef,250.0,255.0,6.0,1.0,Start,2,1,1,124,64,60,64.0,60.0,0.0,0.0,0.0,0,0,0,0.0,,,6535.947754,0.0,0.0,CON,,,610.0,,0.0,0.0,0.0,0
519436,0.0,0.0,0.0,0.0,0.0,0.0,icmp,0.0,,cs0,,58.0,,6.0,,Start,1,1,0,98,98,0,98.0,0.0,0.0,0.0,0.0,0,0,0,0.0,,,0.0,0.0,0.0,ECO,,,,,0.0,0.0,0.0,0
519445,0.0,0.0,0.0,0.0,0.0,0.0,icmp,0.0,,cs0,,58.0,,6.0,,Start,1,1,0,98,98,0,98.0,0.0,0.0,0.0,0.0,0,0,0,0.0,,,0.0,0.0,0.0,ECO,,,,,0.0,0.0,0.0,0
519446,0.0,0.0,0.0,0.0,0.0,0.0,icmp,0.0,,cs0,,58.0,,6.0,,Start,1,1,0,98,98,0,98.0,0.0,0.0,0.0,0.0,0,0,0,0.0,,,0.0,0.0,0.0,ECO,,,,,0.0,0.0,0.0,0
519501,0.0,0.0,0.0,0.0,0.0,0.0,icmp,0.0,,cs0,,58.0,,6.0,,Start,1,1,0,98,98,0,98.0,0.0,0.0,0.0,0.0,0,0,0,0.0,,,0.0,0.0,0.0,ECO,,,,,0.0,0.0,0.0,0
519540,0.0,0.0,0.0,0.0,0.0,0.0,icmp,0.0,,cs0,,58.0,,6.0,,Start,1,1,0,98,98,0,98.0,0.0,0.0,0.0,0.0,0,0,0,0.0,,,0.0,0.0,0.0,ECO,,,,,0.0,0.0,0.0,0
519561,4.983081,4.983081,4.983081,4.983081,4.983081,4.983081,udp,0.0,0.0,cs0,cs0,117.0,64.0,11.0,0.0,Status,160,151,9,205060,204403,657,1353.662231,73.0,326920.6563,325983.0625,937.572571,0,0,0,0.0,,,31.90797,30.10186,1.605433,CON,,,,,0.0,0.0,0.0,0
519623,0.150743,0.150743,0.150743,0.150743,0.150743,0.150743,udp,0.0,0.0,cs0,cs0,117.0,64.0,11.0,0.0,Status,117,104,13,145073,140939,4134,1355.182739,318.0,7610304.0,7407787.0,202516.875,0,0,0,0.0,,,769.521667,683.282166,79.60569,CON,,,,,0.0,0.0,0.0,0
519642,4.985525,4.985525,4.985525,4.985525,4.985525,4.985525,udp,0.0,0.0,cs0,cs0,117.0,64.0,11.0,0.0,Status,286,264,22,362900,357372,5528,1353.681763,251.27272,579751.9375,571284.25,8467.713867,0,0,0,0.0,,,57.165493,52.752716,4.212194,CON,,,,,0.0,0.0,0.0,0
519710,0.0,0.0,0.0,0.0,0.0,0.0,icmp,0.0,,cs0,,58.0,,6.0,,Start,1,1,0,98,98,0,98.0,0.0,0.0,0.0,0.0,0,0,0,0.0,,,0.0,0.0,0.0,ECO,,,,,0.0,0.0,0.0,0
519817,0.059898,0.059898,0.059898,0.059898,0.059898,0.059898,udp,0.0,0.0,cs0,cs0,64.0,117.0,0.0,11.0,Status,6,3,3,752,549,203,183.0,67.666664,67047.3125,48883.10156,18164.21289,0,0,0,0.0,,,83.475243,33.390095,33.390095,CON,,,,,0.0,0.0,0.0,0
519823,0.0,0.0,0.0,0.0,0.0,0.0,icmp,0.0,,cs0,,58.0,,6.0,,Start,1,1,0,98,98,0,98.0,0.0,0.0,0.0,0.0,0,0,0,0.0,,,0.0,0.0,0.0,ECO,,,,,0.0,0.0,0.0,0
519858,0.0,0.0,0.0,0.0,0.0,0.0,icmp,0.0,,cs0,,58.0,,6.0,,Start,1,1,0,98,98,0,98.0,0.0,0.0,0.0,0.0,0,0,0,0.0,,,0.0,0.0,0.0,ECO,,,,,0.0,0.0,0.0,0
519863,0.0,0.0,0.0,0.0,0.0,0.0,icmp,0.0,,cs0,,58.0,,6.0,,Start,1,1,0,98,98,0,98.0,0.0,0.0,0.0,0.0,0,0,0,0.0,,,0.0,0.0,0.0,ECO,,,,,0.0,0.0,0.0,0
519914,0.0,0.0,0.0,0.0,0.0,0.0,icmp,0.0,,cs0,,58.0,,6.0,,Start,1,1,0,98,98,0,98.0,0.0,0.0,0.0,0.0,0,0,0,0.0,,,0.0,0.0,0.0,ECO,,,,,0.0,0.0,0.0,0
520092,0.064798,0.064798,0.064798,0.064798,0.064798,0.064798,udp,0.0,0.0,cs0,cs0,64.0,53.0,0.0,11.0,Start,9,5,4,6145,4227,1918,845.400024,479.5,595203.5625,417543.7813,177659.8125,0,0,0,0.0,,,123.460602,61.730301,46.297726,CON,,,,,0.0,0.0,0.0,0
520123,0.0,0.0,0.0,0.0,0.0,0.0,icmp,0.0,,cs0,,58.0,,6.0,,Start,1,1,0,98,98,0,98.0,0.0,0.0,0.0,0.0,0,0,0,0.0,,,0.0,0.0,0.0,ECO,,,,,0.0,0.0,0.0,0
520173,0.0,0.0,0.0,0.0,0.0,0.0,icmp,0.0,,cs0,,58.0,,6.0,,Start,1,1,0,98,98,0,98.0,0.0,0.0,0.0,0.0,0,0,0,0.0,,,0.0,0.0,0.0,ECO,,,,,0.0,0.0,0.0,0
520303,0.0,0.0,0.0,0.0,0.0,0.0,icmp,0.0,,cs0,,58.0,,6.0,,Start,1,1,0,98,98,0,98.0,0.0,0.0,0.0,0.0,0,0,0,0.0,,,0.0,0.0,0.0,ECO,,,,,0.0,0.0,0.0,0
520397,0.0,0.0,0.0,0.0,0.0,0.0,icmp,0.0,,cs0,,58.0,,6.0,,Start,1,1,0,98,98,0,98.0,0.0,0.0,0.0,0.0,0,0,0,0.0,,,0.0,0.0,0.0,ECO,,,,,0.0,0.0,0.0,0
520442,0.0,0.0,0.0,0.0,0.0,0.0,icmp,0.0,,cs0,,58.0,,6.0,,Start,1,1,0,98,98,0,98.0,0.0,0.0,0.0,0.0,0,0,0,0.0,,,0.0,0.0,0.0,ECO,,,,,0.0,0.0,0.0,0
520451,0.0,0.0,0.0,0.0,0.0,0.0,icmp,0.0,,cs0,,58.0,,6.0,,Start,1,1,0,98,98,0,98.0,0.0,0.0,0.0,0.0,0,0,0,0.0,,,0.0,0.0,0.0,ECO,,,,,0.0,0.0,0.0,0
520495,0.614024,0.614024,0.614024,0.614024,0.614024,0.614024,tcp,0.0,0.0,cs0,cs0,64.0,116.0,0.0,12.0,Start,19,10,9,7329,1515,5814,151.5,646.0,85104.16406,17771.29297,67332.875,0,0,0,0.0,0.0,0.0,29.314816,14.657408,13.028807,CON,102400.0,67840.0,,,0.039018,0.023679,0.015339,0
520503,0.0,0.0,0.0,0.0,0.0,0.0,udp,0.0,,cs0,,249.0,,7.0,,Start,1,1,0,64,64,0,64.0,0.0,0.0,0.0,0.0,0,0,0,0.0,,,0.0,0.0,0.0,INT,,,610.0,,0.0,0.0,0.0,0
520578,0.072838,0.072838,0.072838,0.072838,0.072838,0.072838,tcp,0.0,0.0,cs0,cs0,64.0,53.0,0.0,11.0,Status,10,5,5,3174,1457,1717,291.399994,343.399994,278975.25,128065.0156,150910.2344,0,0,0,0.0,0.0,0.0,123.561874,54.916389,54.916389,CON,110592.0,72448.0,,,0.032825,0.020824,0.012001,0
520588,0.0,0.0,0.0,0.0,0.0,0.0,udp,0.0,,cs0,,255.0,,1.0,,Start,1,1,0,60,60,0,60.0,0.0,0.0,0.0,0.0,0,0,0,0.0,,,0.0,0.0,0.0,INT,,,,,0.0,0.0,0.0,0
520600,0.0,0.0,0.0,0.0,0.0,0.0,udp,0.0,,cs0,,249.0,,7.0,,Start,1,1,0,64,64,0,64.0,0.0,0.0,0.0,0.0,0,0,0,0.0,,,0.0,0.0,0.0,INT,,,610.0,,0.0,0.0,0.0,0
520702,0.0,0.0,0.0,0.0,0.0,0.0,udp,0.0,,cs0,,249.0,,7.0,,Start,1,1,0,64,64,0,64.0,0.0,0.0,0.0,0.0,0,0,0,0.0,,,0.0,0.0,0.0,INT,,,610.0,,0.0,0.0,0.0,0
520719,0.0,0.0,0.0,0.0,0.0,0.0,udp,0.0,,cs0,,249.0,,7.0,,Start,1,1,0,64,64,0,64.0,0.0,0.0,0.0,0.0,0,0,0,0.0,,,0.0,0.0,0.0,INT,,,610.0,,0.0,0.0,0.0,0
520765,0.0,0.0,0.0,0.0,0.0,0.0,udp,0.0,,cs0,,249.0,,7.0,,Start,1,1,0,64,64,0,64.0,0.0,0.0,0.0,0.0,0,0,0,0.0,,,0.0,0.0,0.0,INT,,,610.0,,0.0,0.0,0.0,0
520776,0.0,0.0,0.0,0.0,0.0,0.0,udp,0.0,,cs0,,249.0,,7.0,,Start,1,1,0,64,64,0,64.0,0.0,0.0,0.0,0.0,0,0,0,0.0,,,0.0,0.0,0.0,INT,,,610.0,,0.0,0.0,0.0,0
520805,0.0,0.0,0.0,0.0,0.0,0.0,udp,0.0,,cs0,,249.0,,7.0,,Start,1,1,0,64,64,0,64.0,0.0,0.0,0.0,0.0,0,0,0,0.0,,,0.0,0.0,0.0,INT,,,610.0,,0.0,0.0,0.0,0
520817,0.0,0.0,0.0,0.0,0.0,0.0,udp,0.0,,cs0,,249.0,,7.0,,Start,1,1,0,64,64,0,64.0,0.0,0.0,0.0,0.0,0,0,0,0.0,,,0.0,0.0,0.0,INT,,,610.0,,0.0,0.0,0.0,0
520835,0.0,0.0,0.0,0.0,0.0,0.0,udp,0.0,,cs0,,249.0,,7.0,,Start,1,1,0,64,64,0,64.0,0.0,0.0,0.0,0.0,0,0,0,0.0,,,0.0,0.0,0.0,INT,,,610.0,,0.0,0.0,0.0,0
520837,0.0,0.0,0.0,0.0,0.0,0.0,udp,0.0,,cs0,,249.0,,7.0,,Start,1,1,0,64,64,0,64.0,0.0,0.0,0.0,0.0,0,0,0,0.0,,,0.0,0.0,0.0,INT,,,610.0,,0.0,0.0,0.0,0
520841,0.0,0.0,0.0,0.0,0.0,0.0,udp,0.0,,cs0,,249.0,,7.0,,Start,1,1,0,64,64,0,64.0,0.0,0.0,0.0,0.0,0,0,0,0.0,,,0.0,0.0,0.0,INT,,,610.0,,0.0,0.0,0.0,0
520856,0.0,0.0,0.0,0.0,0.0,0.0,udp,0.0,,cs0,,249.0,,7.0,,Start,1,1,0,64,64,0,64.0,0.0,0.0,0.0,0.0,0,0,0,0.0,,,0.0,0.0,0.0,INT,,,610.0,,0.0,0.0,0.0,0
520876,0.0,0.0,0.0,0.0,0.0,0.0,udp,0.0,,cs0,,249.0,,7.0,,Start,1,1,0,64,64,0,64.0,0.0,0.0,0.0,0.0,0,0,0,0.0,,,0.0,0.0,0.0,INT,,,610.0,,0.0,0.0,0.0,0
520899,0.0,0.0,0.0,0.0,0.0,0.0,udp,0.0,,cs0,,249.0,,7.0,,Start,1,1,0,64,64,0,64.0,0.0,0.0,0.0,0.0,0,0,0,0.0,,,0.0,0.0,0.0,INT,,,610.0,,0.0,0.0,0.0,0
520913,0.0,0.0,0.0,0.0,0.0,0.0,udp,0.0,,cs0,,249.0,,7.0,,Start,1,1,0,64,64,0,64.0,0.0,0.0,0.0,0.0,0,0,0,0.0,,,0.0,0.0,0.0,INT,,,610.0,,0.0,0.0,0.0,0
520921,0.0,0.0,0.0,0.0,0.0,0.0,udp,0.0,,cs0,,249.0,,7.0,,Start,1,1,0,64,64,0,64.0,0.0,0.0,0.0,0.0,0,0,0,0.0,,,0.0,0.0,0.0,INT,,,610.0,,0.0,0.0,0.0,0
520956,0.0,0.0,0.0,0.0,0.0,0.0,udp,0.0,,cs0,,249.0,,7.0,,Start,1,1,0,64,64,0,64.0,0.0,0.0,0.0,0.0,0,0,0,0.0,,,0.0,0.0,0.0,INT,,,610.0,,0.0,0.0,0.0,0
520985,0.0,0.0,0.0,0.0,0.0,0.0,udp,0.0,,cs0,,249.0,,7.0,,Start,1,1,0,64,64,0,64.0,0.0,0.0,0.0,0.0,0,0,0,0.0,,,0.0,0.0,0.0,INT,,,610.0,,0.0,0.0,0.0,0
521052,0.0,0.0,0.0,0.0,0.0,0.0,udp,0.0,,cs0,,249.0,,7.0,,Start,1,1,0,64,64,0,64.0,0.0,0.0,0.0,0.0,0,0,0,0.0,,,0.0,0.0,0.0,INT,,,610.0,,0.0,0.0,0.0,0
521076,0.0,0.0,0.0,0.0,0.0,0.0,icmp,0.0,,cs0,,58.0,,6.0,,Start,1,1,0,98,98,0,98.0,0.0,0.0,0.0,0.0,0,0,0,0.0,,,0.0,0.0,0.0,ECO,,,,,0.0,0.0,0.0,0
521106,4.998813,4.998813,4.998813,4.998813,4.998813,4.998813,udp,0.0,0.0,cs0,cs0,117.0,64.0,11.0,0.0,Status,296,280,16,387253,383359,3894,1369.139282,243.375,617172.125,611329.125,5842.986816,0,0,0,0.0,,,59.014008,55.813248,3.000712,CON,,,,,0.0,0.0,0.0,0
521176,0.0,0.0,0.0,0.0,0.0,0.0,icmp,0.0,,cs0,,58.0,,6.0,,Start,1,1,0,98,98,0,98.0,0.0,0.0,0.0,0.0,0,0,0,0.0,,,0.0,0.0,0.0,ECO,,,,,0.0,0.0,0.0,0
521188,0.0,0.0,0.0,0.0,0.0,0.0,icmp,0.0,,cs0,,58.0,,6.0,,Start,1,1,0,98,98,0,98.0,0.0,0.0,0.0,0.0,0,0,0,0.0,,,0.0,0.0,0.0,ECO,,,,,0.0,0.0,0.0,0
521209,0.0,0.0,0.0,0.0,0.0,0.0,udp,0.0,,cs0,,249.0,,7.0,,Start,1,1,0,64,64,0,64.0,0.0,0.0,0.0,0.0,0,0,0,0.0,,,0.0,0.0,0.0,INT,,,610.0,,0.0,0.0,0.0,0
521222,0.425995,0.425995,0.425995,0.425995,0.425995,0.425995,tcp,0.0,0.0,cs0,cs0,64.0,116.0,0.0,12.0,Start,34,19,15,11683,2707,8976,142.473679,598.400024,205504.7656,48169.58203,157335.1875,0,0,0,0.0,0.0,0.0,77.465698,42.254017,32.864235,CON,112128.0,68864.0,,,0.053098,0.021179,0.031919,0
521231,0.0,0.0,0.0,0.0,0.0,0.0,icmp,0.0,,cs0,,58.0,,6.0,,Start,1,1,0,98,98,0,98.0,0.0,0.0,0.0,0.0,0,0,0,0.0,,,0.0,0.0,0.0,ECO,,,,,0.0,0.0,0.0,0
521265,0.0,0.0,0.0,0.0,0.0,0.0,udp,0.0,,cs0,,255.0,,1.0,,Start,1,1,0,60,60,0,60.0,0.0,0.0,0.0,0.0,0,0,0,0.0,,,0.0,0.0,0.0,INT,,,,,0.0,0.0,0.0,0
521297,4.9993,4.9993,4.9993,4.9993,4.9993,4.9993,udp,0.0,0.0,cs0,cs0,117.0,64.0,11.0,0.0,Status,197,181,16,247518,243240,4278,1343.867432,267.375,393507.9063,387089.4063,6418.498535,0,0,0,0.0,,,39.20549,36.005039,3.00042,CON,,,,,0.0,0.0,0.0,0
521301,0.0,0.0,0.0,0.0,0.0,0.0,udp,0.0,,cs0,,249.0,,7.0,,Start,1,1,0,64,64,0,64.0,0.0,0.0,0.0,0.0,0,0,0,0.0,,,0.0,0.0,0.0,INT,,,610.0,,0.0,0.0,0.0,0
521311,0.056364,0.056364,0.056364,0.056364,0.056364,0.056364,udp,0.0,0.0,cs0,cs0,64.0,117.0,0.0,11.0,Status,6,3,3,734,531,203,177.0,67.666664,69547.9375,50244.83594,19303.10156,0,0,0,0.0,,,88.709106,35.483643,35.483643,CON,,,,,0.0,0.0,0.0,0
521348,0.0,0.0,0.0,0.0,0.0,0.0,udp,0.0,,cs0,,249.0,,7.0,,Start,1,1,0,64,64,0,64.0,0.0,0.0,0.0,0.0,0,0,0,0.0,,,0.0,0.0,0.0,INT,,,610.0,,0.0,0.0,0.0,0
521373,0.0,0.0,0.0,0.0,0.0,0.0,udp,0.0,,cs0,,249.0,,7.0,,Start,1,1,0,64,64,0,64.0,0.0,0.0,0.0,0.0,0,0,0,0.0,,,0.0,0.0,0.0,INT,,,610.0,,0.0,0.0,0.0,0
521409,0.0,0.0,0.0,0.0,0.0,0.0,udp,0.0,,cs0,,249.0,,7.0,,Start,1,1,0,64,64,0,64.0,0.0,0.0,0.0,0.0,0,0,0,0.0,,,0.0,0.0,0.0,INT,,,610.0,,0.0,0.0,0.0,0
521443,0.0,0.0,0.0,0.0,0.0,0.0,udp,0.0,,cs0,,249.0,,7.0,,Start,1,1,0,64,64,0,64.0,0.0,0.0,0.0,0.0,0,0,0,0.0,,,0.0,0.0,0.0,INT,,,610.0,,0.0,0.0,0.0,0
521560,0.0,0.0,0.0,0.0,0.0,0.0,udp,0.0,,cs0,,249.0,,7.0,,Start,1,1,0,64,64,0,64.0,0.0,0.0,0.0,0.0,0,0,0,0.0,,,0.0,0.0,0.0,INT,,,610.0,,0.0,0.0,0.0,0
521588,0.0,0.0,0.0,0.0,0.0,0.0,udp,0.0,,cs0,,255.0,,1.0,,Start,1,1,0,60,60,0,60.0,0.0,0.0,0.0,0.0,0,0,0,0.0,,,0.0,0.0,0.0,INT,,,,,0.0,0.0,0.0,0
521613,0.073061,0.073061,0.073061,0.073061,0.073061,0.073061,tcp,0.0,0.0,cs0,cs0,64.0,62.0,0.0,2.0,Status,8,4,4,583,295,288,73.75,72.0,47959.92578,24308.45508,23651.4707,0,0,0,0.0,0.0,0.0,95.810356,41.061581,41.061581,FIN,69120.0,32256.0,,,0.018973,0.001285,0.017688,0
521689,0.0,0.0,0.0,0.0,0.0,0.0,icmp,0.0,,cs0,,58.0,,6.0,,Start,1,1,0,98,98,0,98.0,0.0,0.0,0.0,0.0,0,0,0,0.0,,,0.0,0.0,0.0,ECO,,,,,0.0,0.0,0.0,0
521724,4.998739,4.998739,4.998739,4.998739,4.998739,4.998739,udp,0.0,0.0,cs0,cs0,117.0,64.0,11.0,0.0,Status,315,299,16,413426,409532,3894,1369.672241,243.375,659068.625,653225.5625,5843.07373,0,0,0,0.0,,,62.815845,59.615036,3.000757,CON,,,,,0.0,0.0,0.0,0
521877,0.0,0.0,0.0,0.0,0.0,0.0,icmp,0.0,,cs0,,58.0,,6.0,,Start,1,1,0,98,98,0,98.0,0.0,0.0,0.0,0.0,0,0,0,0.0,,,0.0,0.0,0.0,ECO,,,,,0.0,0.0,0.0,0
522053,0.0,0.0,0.0,0.0,0.0,0.0,udp,0.0,,cs0,,249.0,,7.0,,Start,1,1,0,64,64,0,64.0,0.0,0.0,0.0,0.0,0,0,0,0.0,,,0.0,0.0,0.0,INT,,,610.0,,0.0,0.0,0.0,0
522282,0.0,0.0,0.0,0.0,0.0,0.0,udp,0.0,,cs0,,249.0,,7.0,,Start,1,1,0,64,64,0,64.0,0.0,0.0,0.0,0.0,0,0,0,0.0,,,0.0,0.0,0.0,INT,,,610.0,,0.0,0.0,0.0,0
522323,0.082884,0.082884,0.082884,0.082884,0.082884,0.082884,udp,0.0,0.0,cs0,cs0,64.0,117.0,0.0,11.0,Status,6,3,3,744,544,200,181.333328,66.666664,47970.65625,35036.91797,12933.73926,0,0,0,0.0,,,60.325275,24.13011,24.13011,CON,,,,,0.0,0.0,0.0,0
522397,0.0,0.0,0.0,0.0,0.0,0.0,udp,0.0,,cs0,,249.0,,7.0,,Start,1,1,0,64,64,0,64.0,0.0,0.0,0.0,0.0,0,0,0,0.0,,,0.0,0.0,0.0,INT,,,610.0,,0.0,0.0,0.0,0
522485,0.0,0.0,0.0,0.0,0.0,0.0,udp,0.0,,cs0,,249.0,,7.0,,Start,1,1,0,64,64,0,64.0,0.0,0.0,0.0,0.0,0,0,0,0.0,,,0.0,0.0,0.0,INT,,,610.0,,0.0,0.0,0.0,0
522492,0.0,0.0,0.0,0.0,0.0,0.0,udp,0.0,,cs0,,255.0,,1.0,,Start,1,1,0,60,60,0,60.0,0.0,0.0,0.0,0.0,0,0,0,0.0,,,0.0,0.0,0.0,INT,,,,,0.0,0.0,0.0,0
522572,0.0,0.0,0.0,0.0,0.0,0.0,sctp,186.0,186.0,ef,ef,252.0,255.0,4.0,1.0,Status,2,1,1,200,102,98,102.0,98.0,0.0,0.0,0.0,0,0,0,0.0,,,0.0,0.0,0.0,CON,,,610.0,,0.0,0.0,0.0,0
523672,2.969363,2.969363,2.969363,2.969363,2.969363,2.969363,udp,0.0,,cs0,,64.0,,0.0,,Start,2,2,0,178,178,0,89.0,0.0,239.782074,239.782074,0.0,0,0,0,0.0,,,0.336773,0.336773,0.0,INT,,,,,0.0,0.0,0.0,0
524219,0.215057,0.215057,0.215057,0.215057,0.215057,0.215057,tcp,0.0,0.0,cs0,cs0,64.0,52.0,0.0,12.0,Start,18,9,9,3192,1491,1701,165.666672,189.0,105572.0078,49326.45703,56245.55469,0,0,0,0.0,0.0,0.0,79.048813,37.19944,37.19944,RST,69632.0,67840.0,,,0.036114,0.021068,0.015046,0
524278,0.0,0.0,0.0,0.0,0.0,0.0,udp,0.0,,cs0,,249.0,,7.0,,Start,1,1,0,74,74,0,74.0,0.0,0.0,0.0,0.0,0,0,0,0.0,,,0.0,0.0,0.0,INT,,,610.0,,0.0,0.0,0.0,0
524337,0.0,0.0,0.0,0.0,0.0,0.0,udp,0.0,,cs0,,249.0,,7.0,,Start,1,1,0,74,74,0,74.0,0.0,0.0,0.0,0.0,0,0,0,0.0,,,0.0,0.0,0.0,INT,,,610.0,,0.0,0.0,0.0,0
524359,0.0,0.0,0.0,0.0,0.0,0.0,udp,0.0,,cs0,,249.0,,7.0,,Start,1,1,0,74,74,0,74.0,0.0,0.0,0.0,0.0,0,0,0,0.0,,,0.0,0.0,0.0,INT,,,610.0,,0.0,0.0,0.0,0
524373,0.0,0.0,0.0,0.0,0.0,0.0,udp,0.0,,cs0,,249.0,,7.0,,Start,1,1,0,74,74,0,74.0,0.0,0.0,0.0,0.0,0,0,0,0.0,,,0.0,0.0,0.0,INT,,,610.0,,0.0,0.0,0.0,0
524380,0.0,0.0,0.0,0.0,0.0,0.0,udp,0.0,,cs0,,249.0,,7.0,,Start,1,1,0,74,74,0,74.0,0.0,0.0,0.0,0.0,0,0,0,0.0,,,0.0,0.0,0.0,INT,,,610.0,,0.0,0.0,0.0,0
524415,0.0,0.0,0.0,0.0,0.0,0.0,udp,0.0,,cs0,,249.0,,7.0,,Start,1,1,0,74,74,0,74.0,0.0,0.0,0.0,0.0,0,0,0,0.0,,,0.0,0.0,0.0,INT,,,610.0,,0.0,0.0,0.0,0
524457,0.0,0.0,0.0,0.0,0.0,0.0,udp,0.0,,cs0,,249.0,,7.0,,Start,1,1,0,74,74,0,74.0,0.0,0.0,0.0,0.0,0,0,0,0.0,,,0.0,0.0,0.0,INT,,,610.0,,0.0,0.0,0.0,0
524523,0.0,0.0,0.0,0.0,0.0,0.0,icmp,0.0,,cs0,,58.0,,6.0,,Start,1,1,0,98,98,0,98.0,0.0,0.0,0.0,0.0,0,0,0,0.0,,,0.0,0.0,0.0,ECO,,,,,0.0,0.0,0.0,0
524575,0.0,0.0,0.0,0.0,0.0,0.0,udp,0.0,,cs0,,249.0,,7.0,,Start,1,1,0,64,64,0,64.0,0.0,0.0,0.0,0.0,0,0,0,0.0,,,0.0,0.0,0.0,INT,,,610.0,,0.0,0.0,0.0,0
524593,0.0,0.0,0.0,0.0,0.0,0.0,udp,0.0,,cs0,,249.0,,7.0,,Start,1,1,0,74,74,0,74.0,0.0,0.0,0.0,0.0,0,0,0,0.0,,,0.0,0.0,0.0,INT,,,610.0,,0.0,0.0,0.0,0
524733,0.0,0.0,0.0,0.0,0.0,0.0,udp,0.0,,cs0,,249.0,,7.0,,Start,1,1,0,74,74,0,74.0,0.0,0.0,0.0,0.0,0,0,0,0.0,,,0.0,0.0,0.0,INT,,,610.0,,0.0,0.0,0.0,0
524762,0.0,0.0,0.0,0.0,0.0,0.0,udp,0.0,,cs0,,249.0,,7.0,,Start,1,1,0,74,74,0,74.0,0.0,0.0,0.0,0.0,0,0,0,0.0,,,0.0,0.0,0.0,INT,,,610.0,,0.0,0.0,0.0,0
524793,0.0,0.0,0.0,0.0,0.0,0.0,udp,0.0,,cs0,,249.0,,7.0,,Start,1,1,0,74,74,0,74.0,0.0,0.0,0.0,0.0,0,0,0,0.0,,,0.0,0.0,0.0,INT,,,610.0,,0.0,0.0,0.0,0
524802,0.0,0.0,0.0,0.0,0.0,0.0,udp,0.0,,cs0,,249.0,,7.0,,Start,1,1,0,74,74,0,74.0,0.0,0.0,0.0,0.0,0,0,0,0.0,,,0.0,0.0,0.0,INT,,,610.0,,0.0,0.0,0.0,0
524883,0.0,0.0,0.0,0.0,0.0,0.0,udp,0.0,,cs0,,249.0,,7.0,,Start,1,1,0,74,74,0,74.0,0.0,0.0,0.0,0.0,0,0,0,0.0,,,0.0,0.0,0.0,INT,,,610.0,,0.0,0.0,0.0,0
524885,0.0,0.0,0.0,0.0,0.0,0.0,udp,0.0,,cs0,,249.0,,7.0,,Start,1,1,0,74,74,0,74.0,0.0,0.0,0.0,0.0,0,0,0,0.0,,,0.0,0.0,0.0,INT,,,610.0,,0.0,0.0,0.0,0
524886,0.0,0.0,0.0,0.0,0.0,0.0,udp,0.0,,cs0,,249.0,,7.0,,Start,1,1,0,74,74,0,74.0,0.0,0.0,0.0,0.0,0,0,0,0.0,,,0.0,0.0,0.0,INT,,,610.0,,0.0,0.0,0.0,0
524892,0.0,0.0,0.0,0.0,0.0,0.0,udp,0.0,,cs0,,249.0,,7.0,,Start,1,1,0,74,74,0,74.0,0.0,0.0,0.0,0.0,0,0,0,0.0,,,0.0,0.0,0.0,INT,,,610.0,,0.0,0.0,0.0,0
524941,0.0,0.0,0.0,0.0,0.0,0.0,udp,0.0,,cs0,,249.0,,7.0,,Start,1,1,0,74,74,0,74.0,0.0,0.0,0.0,0.0,0,0,0,0.0,,,0.0,0.0,0.0,INT,,,610.0,,0.0,0.0,0.0,0
524986,0.0,0.0,0.0,0.0,0.0,0.0,udp,0.0,,cs0,,249.0,,7.0,,Start,1,1,0,64,64,0,64.0,0.0,0.0,0.0,0.0,0,0,0,0.0,,,0.0,0.0,0.0,INT,,,610.0,,0.0,0.0,0.0,0
524992,0.0,0.0,0.0,0.0,0.0,0.0,udp,0.0,,cs0,,249.0,,7.0,,Start,1,1,0,64,64,0,64.0,0.0,0.0,0.0,0.0,0,0,0,0.0,,,0.0,0.0,0.0,INT,,,610.0,,0.0,0.0,0.0,0
525041,0.0,0.0,0.0,0.0,0.0,0.0,udp,0.0,,cs0,,249.0,,7.0,,Start,1,1,0,74,74,0,74.0,0.0,0.0,0.0,0.0,0,0,0,0.0,,,0.0,0.0,0.0,INT,,,610.0,,0.0,0.0,0.0,0
525082,0.0,0.0,0.0,0.0,0.0,0.0,udp,0.0,,cs0,,249.0,,7.0,,Start,1,1,0,74,74,0,74.0,0.0,0.0,0.0,0.0,0,0,0,0.0,,,0.0,0.0,0.0,INT,,,610.0,,0.0,0.0,0.0,0
525132,0.0,0.0,0.0,0.0,0.0,0.0,udp,0.0,,cs0,,249.0,,7.0,,Start,1,1,0,74,74,0,74.0,0.0,0.0,0.0,0.0,0,0,0,0.0,,,0.0,0.0,0.0,INT,,,610.0,,0.0,0.0,0.0,0
525199,0.0,0.0,0.0,0.0,0.0,0.0,udp,0.0,,cs0,,249.0,,7.0,,Start,1,1,0,74,74,0,74.0,0.0,0.0,0.0,0.0,0,0,0,0.0,,,0.0,0.0,0.0,INT,,,610.0,,0.0,0.0,0.0,0
525206,0.0,0.0,0.0,0.0,0.0,0.0,udp,0.0,,cs0,,249.0,,7.0,,Start,1,1,0,74,74,0,74.0,0.0,0.0,0.0,0.0,0,0,0,0.0,,,0.0,0.0,0.0,INT,,,610.0,,0.0,0.0,0.0,0
525246,0.0,0.0,0.0,0.0,0.0,0.0,udp,0.0,,cs0,,249.0,,7.0,,Start,1,1,0,64,64,0,64.0,0.0,0.0,0.0,0.0,0,0,0,0.0,,,0.0,0.0,0.0,INT,,,610.0,,0.0,0.0,0.0,0
525258,0.0,0.0,0.0,0.0,0.0,0.0,udp,0.0,,cs0,,249.0,,7.0,,Start,1,1,0,64,64,0,64.0,0.0,0.0,0.0,0.0,0,0,0,0.0,,,0.0,0.0,0.0,INT,,,610.0,,0.0,0.0,0.0,0
525271,0.0,0.0,0.0,0.0,0.0,0.0,udp,0.0,,cs0,,249.0,,7.0,,Start,1,1,0,74,74,0,74.0,0.0,0.0,0.0,0.0,0,0,0,0.0,,,0.0,0.0,0.0,INT,,,610.0,,0.0,0.0,0.0,0
525323,0.0,0.0,0.0,0.0,0.0,0.0,udp,0.0,,cs0,,249.0,,7.0,,Start,1,1,0,74,74,0,74.0,0.0,0.0,0.0,0.0,0,0,0,0.0,,,0.0,0.0,0.0,INT,,,610.0,,0.0,0.0,0.0,0
525471,0.0,0.0,0.0,0.0,0.0,0.0,udp,0.0,,cs0,,249.0,,7.0,,Start,1,1,0,74,74,0,74.0,0.0,0.0,0.0,0.0,0,0,0,0.0,,,0.0,0.0,0.0,INT,,,610.0,,0.0,0.0,0.0,0
525497,0.0,0.0,0.0,0.0,0.0,0.0,udp,0.0,,cs0,,249.0,,7.0,,Start,1,1,0,74,74,0,74.0,0.0,0.0,0.0,0.0,0,0,0,0.0,,,0.0,0.0,0.0,INT,,,610.0,,0.0,0.0,0.0,0
525538,0.0,0.0,0.0,0.0,0.0,0.0,udp,0.0,,cs0,,249.0,,7.0,,Start,1,1,0,74,74,0,74.0,0.0,0.0,0.0,0.0,0,0,0,0.0,,,0.0,0.0,0.0,INT,,,610.0,,0.0,0.0,0.0,0
525583,0.0,0.0,0.0,0.0,0.0,0.0,udp,0.0,,cs0,,249.0,,7.0,,Start,1,1,0,74,74,0,74.0,0.0,0.0,0.0,0.0,0,0,0,0.0,,,0.0,0.0,0.0,INT,,,610.0,,0.0,0.0,0.0,0
525597,0.0,0.0,0.0,0.0,0.0,0.0,udp,0.0,,cs0,,249.0,,7.0,,Start,1,1,0,74,74,0,74.0,0.0,0.0,0.0,0.0,0,0,0,0.0,,,0.0,0.0,0.0,INT,,,610.0,,0.0,0.0,0.0,0
525625,0.0,0.0,0.0,0.0,0.0,0.0,udp,0.0,,cs0,,249.0,,7.0,,Start,1,1,0,74,74,0,74.0,0.0,0.0,0.0,0.0,0,0,0,0.0,,,0.0,0.0,0.0,INT,,,610.0,,0.0,0.0,0.0,0
525627,0.0,0.0,0.0,0.0,0.0,0.0,udp,0.0,,cs0,,249.0,,7.0,,Start,1,1,0,74,74,0,74.0,0.0,0.0,0.0,0.0,0,0,0,0.0,,,0.0,0.0,0.0,INT,,,610.0,,0.0,0.0,0.0,0
525638,0.0,0.0,0.0,0.0,0.0,0.0,udp,0.0,,cs0,,249.0,,7.0,,Start,1,1,0,74,74,0,74.0,0.0,0.0,0.0,0.0,0,0,0,0.0,,,0.0,0.0,0.0,INT,,,610.0,,0.0,0.0,0.0,0
525654,0.0,0.0,0.0,0.0,0.0,0.0,udp,0.0,,cs0,,249.0,,7.0,,Start,1,1,0,74,74,0,74.0,0.0,0.0,0.0,0.0,0,0,0,0.0,,,0.0,0.0,0.0,INT,,,610.0,,0.0,0.0,0.0,0
525663,0.0,0.0,0.0,0.0,0.0,0.0,udp,0.0,,cs0,,64.0,,0.0,,Start,1,1,0,89,89,0,89.0,0.0,0.0,0.0,0.0,0,0,0,0.0,,,0.0,0.0,0.0,INT,,,,,0.0,0.0,0.0,0
525714,0.161028,0.161028,0.161028,0.161028,0.161028,0.161028,udp,0.0,0.0,cs0,cs0,64.0,52.0,0.0,12.0,Start,14,6,8,11810,4050,7760,675.0,970.0,505005.3438,167672.7031,337332.6563,0,0,0,0.0,,,80.7313,31.050501,43.470703,CON,,,,,0.0,0.0,0.0,0
525773,0.0,0.0,0.0,0.0,0.0,0.0,udp,0.0,,cs0,,249.0,,7.0,,Start,1,1,0,64,64,0,64.0,0.0,0.0,0.0,0.0,0,0,0,0.0,,,0.0,0.0,0.0,INT,,,610.0,,0.0,0.0,0.0,0
525891,0.0,0.0,0.0,0.0,0.0,0.0,udp,0.0,,cs0,,249.0,,7.0,,Start,1,1,0,74,74,0,74.0,0.0,0.0,0.0,0.0,0,0,0,0.0,,,0.0,0.0,0.0,INT,,,610.0,,0.0,0.0,0.0,0
526038,0.0,0.0,0.0,0.0,0.0,0.0,udp,0.0,,cs0,,249.0,,7.0,,Start,1,1,0,74,74,0,74.0,0.0,0.0,0.0,0.0,0,0,0,0.0,,,0.0,0.0,0.0,INT,,,610.0,,0.0,0.0,0.0,0
526052,0.0,0.0,0.0,0.0,0.0,0.0,udp,0.0,,cs0,,249.0,,7.0,,Start,1,1,0,74,74,0,74.0,0.0,0.0,0.0,0.0,0,0,0,0.0,,,0.0,0.0,0.0,INT,,,610.0,,0.0,0.0,0.0,0
526122,0.017992,0.017992,0.017992,0.017992,0.017992,0.017992,udp,0.0,48.0,cs0,af12,64.0,62.0,0.0,2.0,Start,2,1,1,239,89,150,89.0,150.0,0.0,0.0,0.0,0,0,0,0.0,,,55.580261,0.0,0.0,CON,,,,,0.0,0.0,0.0,0
526224,0.0,0.0,0.0,0.0,0.0,0.0,udp,0.0,,cs0,,249.0,,7.0,,Start,1,1,0,74,74,0,74.0,0.0,0.0,0.0,0.0,0,0,0,0.0,,,0.0,0.0,0.0,INT,,,610.0,,0.0,0.0,0.0,0
526249,0.0,0.0,0.0,0.0,0.0,0.0,udp,0.0,,cs0,,249.0,,7.0,,Start,1,1,0,74,74,0,74.0,0.0,0.0,0.0,0.0,0,0,0,0.0,,,0.0,0.0,0.0,INT,,,610.0,,0.0,0.0,0.0,0
526250,0.0,0.0,0.0,0.0,0.0,0.0,udp,0.0,,cs0,,249.0,,7.0,,Start,1,1,0,74,74,0,74.0,0.0,0.0,0.0,0.0,0,0,0,0.0,,,0.0,0.0,0.0,INT,,,610.0,,0.0,0.0,0.0,0
526328,0.0,0.0,0.0,0.0,0.0,0.0,icmp,0.0,,cs0,,58.0,,6.0,,Start,1,1,0,98,98,0,98.0,0.0,0.0,0.0,0.0,0,0,0,0.0,,,0.0,0.0,0.0,ECO,,,,,0.0,0.0,0.0,0
526364,0.0,0.0,0.0,0.0,0.0,0.0,udp,0.0,,cs0,,249.0,,7.0,,Start,1,1,0,74,74,0,74.0,0.0,0.0,0.0,0.0,0,0,0,0.0,,,0.0,0.0,0.0,INT,,,610.0,,0.0,0.0,0.0,0
526388,0.0,0.0,0.0,0.0,0.0,0.0,udp,0.0,,cs0,,249.0,,7.0,,Start,1,1,0,74,74,0,74.0,0.0,0.0,0.0,0.0,0,0,0,0.0,,,0.0,0.0,0.0,INT,,,610.0,,0.0,0.0,0.0,0
526444,4.400841,4.400841,4.400841,4.400841,4.400841,4.400841,udp,0.0,,cs0,,249.0,,7.0,,Start,2,2,0,148,148,0,74.0,0.0,134.51973,134.51973,0.0,0,0,0,0.0,,,0.227229,0.227229,0.0,INT,,,610.0,,0.0,0.0,0.0,0
526475,4.199717,4.199717,4.199717,4.199717,4.199717,4.199717,udp,0.0,,cs0,,249.0,,7.0,,Start,2,2,0,148,148,0,74.0,0.0,140.961884,140.961884,0.0,0,0,0,0.0,,,0.238111,0.238111,0.0,INT,,,610.0,,0.0,0.0,0.0,0
526483,4.506548,4.506548,4.506548,4.506548,4.506548,4.506548,udp,0.0,,cs0,,249.0,,7.0,,Start,2,2,0,148,148,0,74.0,0.0,131.36441,131.36441,0.0,0,0,0,0.0,,,0.221899,0.221899,0.0,INT,,,610.0,,0.0,0.0,0.0,0
526489,4.537194,4.537194,4.537194,4.537194,4.537194,4.537194,udp,0.0,,cs0,,249.0,,7.0,,Start,2,2,0,148,148,0,74.0,0.0,130.477127,130.477127,0.0,0,0,0,0.0,,,0.220401,0.220401,0.0,INT,,,610.0,,0.0,0.0,0.0,0
526513,4.655879,4.655879,4.655879,4.655879,4.655879,4.655879,udp,0.0,,cs0,,249.0,,7.0,,Start,2,2,0,148,148,0,74.0,0.0,127.15107,127.15107,0.0,0,0,0,0.0,,,0.214782,0.214782,0.0,INT,,,610.0,,0.0,0.0,0.0,0
526527,4.483412,4.483412,4.483412,4.483412,4.483412,4.483412,udp,0.0,,cs0,,249.0,,7.0,,Start,2,2,0,148,148,0,74.0,0.0,132.042297,132.042297,0.0,0,0,0,0.0,,,0.223044,0.223044,0.0,INT,,,610.0,,0.0,0.0,0.0,0
526628,4.311869,4.311869,4.311869,4.311869,4.311869,4.311869,udp,0.0,,cs0,,249.0,,7.0,,Start,2,2,0,148,148,0,74.0,0.0,137.295441,137.295441,0.0,0,0,0,0.0,,,0.231918,0.231918,0.0,INT,,,610.0,,0.0,0.0,0.0,0
526632,4.348699,4.348699,4.348699,4.348699,4.348699,4.348699,udp,0.0,,cs0,,249.0,,7.0,,Start,2,2,0,148,148,0,74.0,0.0,136.13266,136.13266,0.0,0,0,0,0.0,,,0.229954,0.229954,0.0,INT,,,610.0,,0.0,0.0,0.0,0
526642,4.520517,4.520517,4.520517,4.520517,4.520517,4.520517,udp,0.0,,cs0,,249.0,,7.0,,Start,2,2,0,148,148,0,74.0,0.0,130.958481,130.958481,0.0,0,0,0,0.0,,,0.221214,0.221214,0.0,INT,,,610.0,,0.0,0.0,0.0,0
526752,4.111428,4.111428,4.111428,4.111428,4.111428,4.111428,udp,0.0,,cs0,,249.0,,7.0,,Start,2,2,0,148,148,0,74.0,0.0,143.988907,143.988907,0.0,0,0,0,0.0,,,0.243225,0.243225,0.0,INT,,,610.0,,0.0,0.0,0.0,0
526788,4.395446,4.395446,4.395446,4.395446,4.395446,4.395446,udp,0.0,,cs0,,249.0,,7.0,,Start,2,2,0,148,148,0,74.0,0.0,134.68486,134.68486,0.0,0,0,0,0.0,,,0.227508,0.227508,0.0,INT,,,610.0,,0.0,0.0,0.0,0
526825,0.0,0.0,0.0,0.0,0.0,0.0,udp,0.0,,cs0,,249.0,,7.0,,Start,1,1,0,74,74,0,74.0,0.0,0.0,0.0,0.0,0,0,0,0.0,,,0.0,0.0,0.0,INT,,,610.0,,0.0,0.0,0.0,0
526858,4.300959,4.300959,4.300959,4.300959,4.300959,4.300959,udp,0.0,,cs0,,249.0,,7.0,,Start,2,2,0,148,148,0,74.0,0.0,137.643723,137.643723,0.0,0,0,0,0.0,,,0.232506,0.232506,0.0,INT,,,610.0,,0.0,0.0,0.0,0
526889,4.304262,4.304262,4.304262,4.304262,4.304262,4.304262,udp,0.0,,cs0,,249.0,,7.0,,Start,2,2,0,148,148,0,74.0,0.0,137.538086,137.538086,0.0,0,0,0,0.0,,,0.232328,0.232328,0.0,INT,,,610.0,,0.0,0.0,0.0,0
526907,4.318685,4.318685,4.318685,4.318685,4.318685,4.318685,udp,0.0,,cs0,,249.0,,7.0,,Start,2,2,0,148,148,0,74.0,0.0,137.078766,137.078766,0.0,0,0,0,0.0,,,0.231552,0.231552,0.0,INT,,,610.0,,0.0,0.0,0.0,0
526939,4.111829,4.111829,4.111829,4.111829,4.111829,4.111829,udp,0.0,,cs0,,249.0,,7.0,,Start,2,2,0,148,148,0,74.0,0.0,143.974869,143.974869,0.0,0,0,0,0.0,,,0.243201,0.243201,0.0,INT,,,610.0,,0.0,0.0,0.0,0
527009,4.17949,4.17949,4.17949,4.17949,4.17949,4.17949,udp,0.0,,cs0,,249.0,,7.0,,Start,2,2,0,148,148,0,74.0,0.0,141.644073,141.644073,0.0,0,0,0,0.0,,,0.239264,0.239264,0.0,INT,,,610.0,,0.0,0.0,0.0,0
527085,4.289014,4.289014,4.289014,4.289014,4.289014,4.289014,udp,0.0,,cs0,,249.0,,7.0,,Start,2,2,0,148,148,0,74.0,0.0,138.027069,138.027069,0.0,0,0,0,0.0,,,0.233154,0.233154,0.0,INT,,,610.0,,0.0,0.0,0.0,0
527090,4.080472,4.080472,4.080472,4.080472,4.080472,4.080472,udp,0.0,,cs0,,249.0,,7.0,,Start,2,2,0,148,148,0,74.0,0.0,145.081253,145.081253,0.0,0,0,0,0.0,,,0.24507,0.24507,0.0,INT,,,610.0,,0.0,0.0,0.0,0
527143,4.058354,4.058354,4.058354,4.058354,4.058354,4.058354,udp,0.0,,cs0,,249.0,,7.0,,Start,2,2,0,148,148,0,74.0,0.0,145.871948,145.871948,0.0,0,0,0,0.0,,,0.246405,0.246405,0.0,INT,,,610.0,,0.0,0.0,0.0,0
527156,0.0,0.0,0.0,0.0,0.0,0.0,icmp,0.0,,cs0,,58.0,,6.0,,Start,1,1,0,98,98,0,98.0,0.0,0.0,0.0,0.0,0,0,0,0.0,,,0.0,0.0,0.0,ECO,,,,,0.0,0.0,0.0,0
527224,4.388646,4.388646,4.388646,4.388646,4.388646,4.388646,udp,0.0,,cs0,,249.0,,7.0,,Start,2,2,0,148,148,0,74.0,0.0,134.893539,134.893539,0.0,0,0,0,0.0,,,0.227861,0.227861,0.0,INT,,,610.0,,0.0,0.0,0.0,0
527226,4.123763,4.123763,4.123763,4.123763,4.123763,4.123763,udp,0.0,,cs0,,249.0,,7.0,,Start,2,2,0,148,148,0,74.0,0.0,143.558197,143.558197,0.0,0,0,0,0.0,,,0.242497,0.242497,0.0,INT,,,610.0,,0.0,0.0,0.0,0
527258,4.181079,4.181079,4.181079,4.181079,4.181079,4.181079,udp,0.0,,cs0,,249.0,,7.0,,Start,2,2,0,148,148,0,74.0,0.0,141.59024,141.59024,0.0,0,0,0,0.0,,,0.239173,0.239173,0.0,INT,,,610.0,,0.0,0.0,0.0,0
527320,4.230225,4.230225,4.230225,4.230225,4.230225,4.230225,udp,0.0,,cs0,,249.0,,7.0,,Start,2,2,0,148,148,0,74.0,0.0,139.945267,139.945267,0.0,0,0,0,0.0,,,0.236394,0.236394,0.0,INT,,,610.0,,0.0,0.0,0.0,0
527357,4.506533,4.506533,4.506533,4.506533,4.506533,4.506533,udp,0.0,,cs0,,249.0,,7.0,,Start,2,2,0,148,148,0,74.0,0.0,131.364838,131.364838,0.0,0,0,0,0.0,,,0.2219,0.2219,0.0,INT,,,610.0,,0.0,0.0,0.0,0
527369,4.502888,4.502888,4.502888,4.502888,4.502888,4.502888,udp,0.0,,cs0,,249.0,,7.0,,Start,2,2,0,148,148,0,74.0,0.0,131.471176,131.471176,0.0,0,0,0,0.0,,,0.22208,0.22208,0.0,INT,,,610.0,,0.0,0.0,0.0,0
527391,0.0,0.0,0.0,0.0,0.0,0.0,udp,0.0,,cs0,,249.0,,7.0,,Start,1,1,0,74,74,0,74.0,0.0,0.0,0.0,0.0,0,0,0,0.0,,,0.0,0.0,0.0,INT,,,610.0,,0.0,0.0,0.0,0
527415,0.0,0.0,0.0,0.0,0.0,0.0,udp,0.0,,cs0,,249.0,,7.0,,Start,1,1,0,74,74,0,74.0,0.0,0.0,0.0,0.0,0,0,0,0.0,,,0.0,0.0,0.0,INT,,,610.0,,0.0,0.0,0.0,0
527416,0.0,0.0,0.0,0.0,0.0,0.0,udp,0.0,,cs0,,249.0,,7.0,,Start,1,1,0,74,74,0,74.0,0.0,0.0,0.0,0.0,0,0,0,0.0,,,0.0,0.0,0.0,INT,,,610.0,,0.0,0.0,0.0,0
527429,4.368315,4.368315,4.368315,4.368315,4.368315,4.368315,udp,0.0,,cs0,,249.0,,7.0,,Start,2,2,0,148,148,0,74.0,0.0,135.521362,135.521362,0.0,0,0,0,0.0,,,0.228921,0.228921,0.0,INT,,,610.0,,0.0,0.0,0.0,0
527505,0.0,0.0,0.0,0.0,0.0,0.0,udp,0.0,,cs0,,249.0,,7.0,,Start,1,1,0,74,74,0,74.0,0.0,0.0,0.0,0.0,0,0,0,0.0,,,0.0,0.0,0.0,INT,,,610.0,,0.0,0.0,0.0,0
527527,0.0,0.0,0.0,0.0,0.0,0.0,udp,0.0,,cs0,,249.0,,7.0,,Start,1,1,0,74,74,0,74.0,0.0,0.0,0.0,0.0,0,0,0,0.0,,,0.0,0.0,0.0,INT,,,610.0,,0.0,0.0,0.0,0
527532,0.0,0.0,0.0,0.0,0.0,0.0,udp,0.0,,cs0,,249.0,,7.0,,Start,1,1,0,74,74,0,74.0,0.0,0.0,0.0,0.0,0,0,0,0.0,,,0.0,0.0,0.0,INT,,,610.0,,0.0,0.0,0.0,0
527558,0.0,0.0,0.0,0.0,0.0,0.0,udp,0.0,,cs0,,249.0,,7.0,,Start,1,1,0,74,74,0,74.0,0.0,0.0,0.0,0.0,0,0,0,0.0,,,0.0,0.0,0.0,INT,,,610.0,,0.0,0.0,0.0,0
527562,0.0,0.0,0.0,0.0,0.0,0.0,udp,0.0,,cs0,,249.0,,7.0,,Start,1,1,0,74,74,0,74.0,0.0,0.0,0.0,0.0,0,0,0,0.0,,,0.0,0.0,0.0,INT,,,610.0,,0.0,0.0,0.0,0
527604,0.0,0.0,0.0,0.0,0.0,0.0,udp,0.0,,cs0,,249.0,,7.0,,Start,1,1,0,74,74,0,74.0,0.0,0.0,0.0,0.0,0,0,0,0.0,,,0.0,0.0,0.0,INT,,,610.0,,0.0,0.0,0.0,0
527620,0.0,0.0,0.0,0.0,0.0,0.0,udp,0.0,,cs0,,249.0,,7.0,,Start,1,1,0,74,74,0,74.0,0.0,0.0,0.0,0.0,0,0,0,0.0,,,0.0,0.0,0.0,INT,,,610.0,,0.0,0.0,0.0,0
527624,0.0,0.0,0.0,0.0,0.0,0.0,udp,0.0,,cs0,,249.0,,7.0,,Start,1,1,0,74,74,0,74.0,0.0,0.0,0.0,0.0,0,0,0,0.0,,,0.0,0.0,0.0,INT,,,610.0,,0.0,0.0,0.0,0
527656,0.0,0.0,0.0,0.0,0.0,0.0,udp,0.0,,cs0,,249.0,,7.0,,Start,1,1,0,74,74,0,74.0,0.0,0.0,0.0,0.0,0,0,0,0.0,,,0.0,0.0,0.0,INT,,,610.0,,0.0,0.0,0.0,0
527719,0.0,0.0,0.0,0.0,0.0,0.0,udp,0.0,,cs0,,249.0,,7.0,,Start,1,1,0,74,74,0,74.0,0.0,0.0,0.0,0.0,0,0,0,0.0,,,0.0,0.0,0.0,INT,,,610.0,,0.0,0.0,0.0,0
527767,0.0,0.0,0.0,0.0,0.0,0.0,udp,0.0,,cs0,,249.0,,7.0,,Start,1,1,0,74,74,0,74.0,0.0,0.0,0.0,0.0,0,0,0,0.0,,,0.0,0.0,0.0,INT,,,610.0,,0.0,0.0,0.0,0
527797,0.0,0.0,0.0,0.0,0.0,0.0,udp,0.0,,cs0,,249.0,,7.0,,Start,1,1,0,74,74,0,74.0,0.0,0.0,0.0,0.0,0,0,0,0.0,,,0.0,0.0,0.0,INT,,,610.0,,0.0,0.0,0.0,0
527804,0.0,0.0,0.0,0.0,0.0,0.0,udp,0.0,,cs0,,249.0,,7.0,,Start,1,1,0,74,74,0,74.0,0.0,0.0,0.0,0.0,0,0,0,0.0,,,0.0,0.0,0.0,INT,,,610.0,,0.0,0.0,0.0,0
527899,0.0,0.0,0.0,0.0,0.0,0.0,udp,0.0,,cs0,,249.0,,7.0,,Start,1,1,0,74,74,0,74.0,0.0,0.0,0.0,0.0,0,0,0,0.0,,,0.0,0.0,0.0,INT,,,610.0,,0.0,0.0,0.0,0
527901,0.0,0.0,0.0,0.0,0.0,0.0,udp,0.0,,cs0,,249.0,,7.0,,Start,1,1,0,74,74,0,74.0,0.0,0.0,0.0,0.0,0,0,0,0.0,,,0.0,0.0,0.0,INT,,,610.0,,0.0,0.0,0.0,0
527902,0.0,0.0,0.0,0.0,0.0,0.0,udp,0.0,,cs0,,249.0,,7.0,,Start,1,1,0,74,74,0,74.0,0.0,0.0,0.0,0.0,0,0,0,0.0,,,0.0,0.0,0.0,INT,,,610.0,,0.0,0.0,0.0,0
527979,0.0,0.0,0.0,0.0,0.0,0.0,udp,0.0,,cs0,,249.0,,7.0,,Start,1,1,0,74,74,0,74.0,0.0,0.0,0.0,0.0,0,0,0,0.0,,,0.0,0.0,0.0,INT,,,610.0,,0.0,0.0,0.0,0
528017,0.0,0.0,0.0,0.0,0.0,0.0,udp,0.0,,cs0,,249.0,,7.0,,Start,1,1,0,74,74,0,74.0,0.0,0.0,0.0,0.0,0,0,0,0.0,,,0.0,0.0,0.0,INT,,,610.0,,0.0,0.0,0.0,0
528231,0.0,0.0,0.0,0.0,0.0,0.0,udp,0.0,,cs0,,249.0,,7.0,,Start,1,1,0,74,74,0,74.0,0.0,0.0,0.0,0.0,0,0,0,0.0,,,0.0,0.0,0.0,INT,,,610.0,,0.0,0.0,0.0,0
528310,0.0,0.0,0.0,0.0,0.0,0.0,udp,0.0,,cs0,,249.0,,7.0,,Start,1,1,0,74,74,0,74.0,0.0,0.0,0.0,0.0,0,0,0,0.0,,,0.0,0.0,0.0,INT,,,610.0,,0.0,0.0,0.0,0
528356,0.0,0.0,0.0,0.0,0.0,0.0,udp,0.0,,cs0,,249.0,,7.0,,Start,1,1,0,74,74,0,74.0,0.0,0.0,0.0,0.0,0,0,0,0.0,,,0.0,0.0,0.0,INT,,,610.0,,0.0,0.0,0.0,0
528421,0.0,0.0,0.0,0.0,0.0,0.0,udp,0.0,,cs0,,249.0,,7.0,,Start,1,1,0,74,74,0,74.0,0.0,0.0,0.0,0.0,0,0,0,0.0,,,0.0,0.0,0.0,INT,,,610.0,,0.0,0.0,0.0,0
528674,0.0,0.0,0.0,0.0,0.0,0.0,udp,0.0,,cs0,,249.0,,7.0,,Start,1,1,0,74,74,0,74.0,0.0,0.0,0.0,0.0,0,0,0,0.0,,,0.0,0.0,0.0,INT,,,610.0,,0.0,0.0,0.0,0
528703,0.0,0.0,0.0,0.0,0.0,0.0,udp,0.0,,cs0,,249.0,,7.0,,Start,1,1,0,74,74,0,74.0,0.0,0.0,0.0,0.0,0,0,0,0.0,,,0.0,0.0,0.0,INT,,,610.0,,0.0,0.0,0.0,0
528722,0.0,0.0,0.0,0.0,0.0,0.0,udp,0.0,,cs0,,249.0,,7.0,,Start,1,1,0,74,74,0,74.0,0.0,0.0,0.0,0.0,0,0,0,0.0,,,0.0,0.0,0.0,INT,,,610.0,,0.0,0.0,0.0,0
528738,0.0,0.0,0.0,0.0,0.0,0.0,udp,0.0,,cs0,,249.0,,7.0,,Start,1,1,0,74,74,0,74.0,0.0,0.0,0.0,0.0,0,0,0,0.0,,,0.0,0.0,0.0,INT,,,610.0,,0.0,0.0,0.0,0
528799,0.0,0.0,0.0,0.0,0.0,0.0,udp,0.0,,cs0,,249.0,,7.0,,Start,1,1,0,74,74,0,74.0,0.0,0.0,0.0,0.0,0,0,0,0.0,,,0.0,0.0,0.0,INT,,,610.0,,0.0,0.0,0.0,0
528809,0.0,0.0,0.0,0.0,0.0,0.0,udp,0.0,,cs0,,249.0,,7.0,,Start,1,1,0,74,74,0,74.0,0.0,0.0,0.0,0.0,0,0,0,0.0,,,0.0,0.0,0.0,INT,,,610.0,,0.0,0.0,0.0,0
528842,0.0,0.0,0.0,0.0,0.0,0.0,udp,0.0,,cs0,,249.0,,7.0,,Start,1,1,0,74,74,0,74.0,0.0,0.0,0.0,0.0,0,0,0,0.0,,,0.0,0.0,0.0,INT,,,610.0,,0.0,0.0,0.0,0
528892,0.0,0.0,0.0,0.0,0.0,0.0,udp,0.0,,cs0,,249.0,,7.0,,Start,1,1,0,74,74,0,74.0,0.0,0.0,0.0,0.0,0,0,0,0.0,,,0.0,0.0,0.0,INT,,,610.0,,0.0,0.0,0.0,0
528960,0.0,0.0,0.0,0.0,0.0,0.0,udp,0.0,,cs0,,249.0,,7.0,,Start,1,1,0,74,74,0,74.0,0.0,0.0,0.0,0.0,0,0,0,0.0,,,0.0,0.0,0.0,INT,,,610.0,,0.0,0.0,0.0,0
528974,0.0,0.0,0.0,0.0,0.0,0.0,udp,0.0,,cs0,,249.0,,7.0,,Start,1,1,0,74,74,0,74.0,0.0,0.0,0.0,0.0,0,0,0,0.0,,,0.0,0.0,0.0,INT,,,610.0,,0.0,0.0,0.0,0
528996,0.0,0.0,0.0,0.0,0.0,0.0,udp,0.0,,cs0,,249.0,,7.0,,Start,1,1,0,74,74,0,74.0,0.0,0.0,0.0,0.0,0,0,0,0.0,,,0.0,0.0,0.0,INT,,,610.0,,0.0,0.0,0.0,0
529016,0.0,0.0,0.0,0.0,0.0,0.0,udp,0.0,,cs0,,249.0,,7.0,,Start,1,1,0,74,74,0,74.0,0.0,0.0,0.0,0.0,0,0,0,0.0,,,0.0,0.0,0.0,INT,,,610.0,,0.0,0.0,0.0,0
529130,0.0,0.0,0.0,0.0,0.0,0.0,udp,0.0,,cs0,,249.0,,7.0,,Start,1,1,0,74,74,0,74.0,0.0,0.0,0.0,0.0,0,0,0,0.0,,,0.0,0.0,0.0,INT,,,610.0,,0.0,0.0,0.0,0
529142,0.0,0.0,0.0,0.0,0.0,0.0,udp,0.0,,cs0,,249.0,,7.0,,Start,1,1,0,74,74,0,74.0,0.0,0.0,0.0,0.0,0,0,0,0.0,,,0.0,0.0,0.0,INT,,,610.0,,0.0,0.0,0.0,0
529147,0.0,0.0,0.0,0.0,0.0,0.0,udp,0.0,,cs0,,249.0,,7.0,,Start,1,1,0,74,74,0,74.0,0.0,0.0,0.0,0.0,0,0,0,0.0,,,0.0,0.0,0.0,INT,,,610.0,,0.0,0.0,0.0,0
529170,0.0,0.0,0.0,0.0,0.0,0.0,udp,0.0,,cs0,,249.0,,7.0,,Start,1,1,0,74,74,0,74.0,0.0,0.0,0.0,0.0,0,0,0,0.0,,,0.0,0.0,0.0,INT,,,610.0,,0.0,0.0,0.0,0
529214,0.0,0.0,0.0,0.0,0.0,0.0,udp,0.0,,cs0,,249.0,,7.0,,Start,1,1,0,74,74,0,74.0,0.0,0.0,0.0,0.0,0,0,0,0.0,,,0.0,0.0,0.0,INT,,,610.0,,0.0,0.0,0.0,0
529221,0.0,0.0,0.0,0.0,0.0,0.0,udp,0.0,,cs0,,249.0,,7.0,,Start,1,1,0,74,74,0,74.0,0.0,0.0,0.0,0.0,0,0,0,0.0,,,0.0,0.0,0.0,INT,,,610.0,,0.0,0.0,0.0,0
529326,0.0,0.0,0.0,0.0,0.0,0.0,udp,0.0,,cs0,,249.0,,7.0,,Start,1,1,0,74,74,0,74.0,0.0,0.0,0.0,0.0,0,0,0,0.0,,,0.0,0.0,0.0,INT,,,610.0,,0.0,0.0,0.0,0
529416,0.0,0.0,0.0,0.0,0.0,0.0,udp,0.0,,cs0,,249.0,,7.0,,Start,1,1,0,74,74,0,74.0,0.0,0.0,0.0,0.0,0,0,0,0.0,,,0.0,0.0,0.0,INT,,,610.0,,0.0,0.0,0.0,0
529437,0.0,0.0,0.0,0.0,0.0,0.0,udp,0.0,,cs0,,249.0,,7.0,,Start,1,1,0,74,74,0,74.0,0.0,0.0,0.0,0.0,0,0,0,0.0,,,0.0,0.0,0.0,INT,,,610.0,,0.0,0.0,0.0,0
529442,0.0,0.0,0.0,0.0,0.0,0.0,udp,0.0,,cs0,,249.0,,7.0,,Start,1,1,0,74,74,0,74.0,0.0,0.0,0.0,0.0,0,0,0,0.0,,,0.0,0.0,0.0,INT,,,610.0,,0.0,0.0,0.0,0
529500,0.0,0.0,0.0,0.0,0.0,0.0,udp,0.0,,cs0,,249.0,,7.0,,Start,1,1,0,74,74,0,74.0,0.0,0.0,0.0,0.0,0,0,0,0.0,,,0.0,0.0,0.0,INT,,,610.0,,0.0,0.0,0.0,0
529565,0.0,0.0,0.0,0.0,0.0,0.0,udp,0.0,,cs0,,249.0,,7.0,,Start,1,1,0,74,74,0,74.0,0.0,0.0,0.0,0.0,0,0,0,0.0,,,0.0,0.0,0.0,INT,,,610.0,,0.0,0.0,0.0,0
529642,0.0,0.0,0.0,0.0,0.0,0.0,udp,0.0,,cs0,,249.0,,7.0,,Start,1,1,0,74,74,0,74.0,0.0,0.0,0.0,0.0,0,0,0,0.0,,,0.0,0.0,0.0,INT,,,610.0,,0.0,0.0,0.0,0
529663,0.0,0.0,0.0,0.0,0.0,0.0,udp,0.0,,cs0,,249.0,,7.0,,Start,1,1,0,74,74,0,74.0,0.0,0.0,0.0,0.0,0,0,0,0.0,,,0.0,0.0,0.0,INT,,,610.0,,0.0,0.0,0.0,0
529954,0.0,0.0,0.0,0.0,0.0,0.0,udp,0.0,,cs0,,255.0,,1.0,,Start,1,1,0,60,60,0,60.0,0.0,0.0,0.0,0.0,0,0,0,0.0,,,0.0,0.0,0.0,INT,,,,,0.0,0.0,0.0,0
529998,0.0,0.0,0.0,0.0,0.0,0.0,udp,0.0,,cs0,,249.0,,7.0,,Start,1,1,0,74,74,0,74.0,0.0,0.0,0.0,0.0,0,0,0,0.0,,,0.0,0.0,0.0,INT,,,610.0,,0.0,0.0,0.0,0
530044,0.0,0.0,0.0,0.0,0.0,0.0,udp,0.0,,cs0,,249.0,,7.0,,Start,1,1,0,74,74,0,74.0,0.0,0.0,0.0,0.0,0,0,0,0.0,,,0.0,0.0,0.0,INT,,,610.0,,0.0,0.0,0.0,0
530073,0.0,0.0,0.0,0.0,0.0,0.0,udp,0.0,,cs0,,249.0,,7.0,,Start,1,1,0,74,74,0,74.0,0.0,0.0,0.0,0.0,0,0,0,0.0,,,0.0,0.0,0.0,INT,,,610.0,,0.0,0.0,0.0,0
530115,0.0,0.0,0.0,0.0,0.0,0.0,udp,0.0,,cs0,,249.0,,7.0,,Start,1,1,0,74,74,0,74.0,0.0,0.0,0.0,0.0,0,0,0,0.0,,,0.0,0.0,0.0,INT,,,610.0,,0.0,0.0,0.0,0
530136,0.0,0.0,0.0,0.0,0.0,0.0,udp,0.0,,cs0,,249.0,,7.0,,Start,1,1,0,74,74,0,74.0,0.0,0.0,0.0,0.0,0,0,0,0.0,,,0.0,0.0,0.0,INT,,,610.0,,0.0,0.0,0.0,0
530172,0.0639,0.0639,0.0639,0.0639,0.0639,0.0639,udp,0.0,0.0,cs0,cs0,64.0,117.0,0.0,11.0,Status,6,3,3,730,530,200,176.666672,66.666664,61095.46094,44319.24609,16776.21289,0,0,0,0.0,,,78.247261,31.298904,31.298904,CON,,,,,0.0,0.0,0.0,0
530242,0.0,0.0,0.0,0.0,0.0,0.0,udp,0.0,,cs0,,249.0,,7.0,,Start,1,1,0,74,74,0,74.0,0.0,0.0,0.0,0.0,0,0,0,0.0,,,0.0,0.0,0.0,INT,,,610.0,,0.0,0.0,0.0,0
530246,0.0,0.0,0.0,0.0,0.0,0.0,udp,0.0,,cs0,,249.0,,7.0,,Start,1,1,0,74,74,0,74.0,0.0,0.0,0.0,0.0,0,0,0,0.0,,,0.0,0.0,0.0,INT,,,610.0,,0.0,0.0,0.0,0
530262,0.0,0.0,0.0,0.0,0.0,0.0,udp,0.0,,cs0,,249.0,,7.0,,Start,1,1,0,74,74,0,74.0,0.0,0.0,0.0,0.0,0,0,0,0.0,,,0.0,0.0,0.0,INT,,,610.0,,0.0,0.0,0.0,0
530317,0.0,0.0,0.0,0.0,0.0,0.0,udp,0.0,,cs0,,249.0,,7.0,,Start,1,1,0,74,74,0,74.0,0.0,0.0,0.0,0.0,0,0,0,0.0,,,0.0,0.0,0.0,INT,,,610.0,,0.0,0.0,0.0,0
530411,0.0,0.0,0.0,0.0,0.0,0.0,udp,0.0,,cs0,,249.0,,7.0,,Start,1,1,0,74,74,0,74.0,0.0,0.0,0.0,0.0,0,0,0,0.0,,,0.0,0.0,0.0,INT,,,610.0,,0.0,0.0,0.0,0
530425,0.0,0.0,0.0,0.0,0.0,0.0,udp,0.0,,cs0,,249.0,,7.0,,Start,1,1,0,74,74,0,74.0,0.0,0.0,0.0,0.0,0,0,0,0.0,,,0.0,0.0,0.0,INT,,,610.0,,0.0,0.0,0.0,0
530427,0.0,0.0,0.0,0.0,0.0,0.0,udp,0.0,,cs0,,249.0,,7.0,,Start,1,1,0,74,74,0,74.0,0.0,0.0,0.0,0.0,0,0,0,0.0,,,0.0,0.0,0.0,INT,,,610.0,,0.0,0.0,0.0,0
530474,0.0,0.0,0.0,0.0,0.0,0.0,udp,0.0,,cs0,,249.0,,7.0,,Start,1,1,0,74,74,0,74.0,0.0,0.0,0.0,0.0,0,0,0,0.0,,,0.0,0.0,0.0,INT,,,610.0,,0.0,0.0,0.0,0
530512,0.0,0.0,0.0,0.0,0.0,0.0,udp,0.0,,cs0,,249.0,,7.0,,Start,1,1,0,74,74,0,74.0,0.0,0.0,0.0,0.0,0,0,0,0.0,,,0.0,0.0,0.0,INT,,,610.0,,0.0,0.0,0.0,0
530538,0.0,0.0,0.0,0.0,0.0,0.0,udp,0.0,,cs0,,249.0,,7.0,,Start,1,1,0,74,74,0,74.0,0.0,0.0,0.0,0.0,0,0,0,0.0,,,0.0,0.0,0.0,INT,,,610.0,,0.0,0.0,0.0,0
530572,0.0,0.0,0.0,0.0,0.0,0.0,udp,0.0,,cs0,,249.0,,7.0,,Start,1,1,0,74,74,0,74.0,0.0,0.0,0.0,0.0,0,0,0,0.0,,,0.0,0.0,0.0,INT,,,610.0,,0.0,0.0,0.0,0
530599,0.0,0.0,0.0,0.0,0.0,0.0,udp,0.0,,cs0,,249.0,,7.0,,Start,1,1,0,74,74,0,74.0,0.0,0.0,0.0,0.0,0,0,0,0.0,,,0.0,0.0,0.0,INT,,,610.0,,0.0,0.0,0.0,0
530658,0.0,0.0,0.0,0.0,0.0,0.0,udp,0.0,,cs0,,249.0,,7.0,,Start,1,1,0,74,74,0,74.0,0.0,0.0,0.0,0.0,0,0,0,0.0,,,0.0,0.0,0.0,INT,,,610.0,,0.0,0.0,0.0,0
530711,0.0,0.0,0.0,0.0,0.0,0.0,udp,0.0,,cs0,,249.0,,7.0,,Start,1,1,0,74,74,0,74.0,0.0,0.0,0.0,0.0,0,0,0,0.0,,,0.0,0.0,0.0,INT,,,610.0,,0.0,0.0,0.0,0
530717,0.0,0.0,0.0,0.0,0.0,0.0,udp,0.0,,cs0,,249.0,,7.0,,Start,1,1,0,74,74,0,74.0,0.0,0.0,0.0,0.0,0,0,0,0.0,,,0.0,0.0,0.0,INT,,,610.0,,0.0,0.0,0.0,0
530811,0.159225,0.159225,0.159225,0.159225,0.159225,0.159225,udp,16.0,184.0,4,ef,63.0,41.0,1.0,23.0,Start,2,1,1,180,90,90,90.0,90.0,0.0,0.0,0.0,0,0,0,0.0,,,6.280421,0.0,0.0,CON,,,,,0.0,0.0,0.0,0
530856,0.0,0.0,0.0,0.0,0.0,0.0,udp,0.0,,cs0,,249.0,,7.0,,Start,1,1,0,74,74,0,74.0,0.0,0.0,0.0,0.0,0,0,0,0.0,,,0.0,0.0,0.0,INT,,,610.0,,0.0,0.0,0.0,0
531003,0.0,0.0,0.0,0.0,0.0,0.0,udp,0.0,,cs0,,249.0,,7.0,,Start,1,1,0,74,74,0,74.0,0.0,0.0,0.0,0.0,0,0,0,0.0,,,0.0,0.0,0.0,INT,,,610.0,,0.0,0.0,0.0,0
531152,0.0,0.0,0.0,0.0,0.0,0.0,udp,0.0,,cs0,,249.0,,7.0,,Start,1,1,0,74,74,0,74.0,0.0,0.0,0.0,0.0,0,0,0,0.0,,,0.0,0.0,0.0,INT,,,610.0,,0.0,0.0,0.0,0
531187,0.0,0.0,0.0,0.0,0.0,0.0,udp,0.0,,cs0,,249.0,,7.0,,Start,1,1,0,74,74,0,74.0,0.0,0.0,0.0,0.0,0,0,0,0.0,,,0.0,0.0,0.0,INT,,,610.0,,0.0,0.0,0.0,0
531218,0.0,0.0,0.0,0.0,0.0,0.0,udp,0.0,,cs0,,249.0,,7.0,,Start,1,1,0,74,74,0,74.0,0.0,0.0,0.0,0.0,0,0,0,0.0,,,0.0,0.0,0.0,INT,,,610.0,,0.0,0.0,0.0,0
531242,0.0,0.0,0.0,0.0,0.0,0.0,udp,0.0,,cs0,,249.0,,7.0,,Start,1,1,0,74,74,0,74.0,0.0,0.0,0.0,0.0,0,0,0,0.0,,,0.0,0.0,0.0,INT,,,610.0,,0.0,0.0,0.0,0
531243,0.0,0.0,0.0,0.0,0.0,0.0,udp,0.0,,cs0,,249.0,,7.0,,Start,1,1,0,74,74,0,74.0,0.0,0.0,0.0,0.0,0,0,0,0.0,,,0.0,0.0,0.0,INT,,,610.0,,0.0,0.0,0.0,0
531437,0.0,0.0,0.0,0.0,0.0,0.0,udp,0.0,,cs0,,249.0,,7.0,,Start,1,1,0,74,74,0,74.0,0.0,0.0,0.0,0.0,0,0,0,0.0,,,0.0,0.0,0.0,INT,,,610.0,,0.0,0.0,0.0,0
531450,0.0,0.0,0.0,0.0,0.0,0.0,udp,0.0,,cs0,,249.0,,7.0,,Start,1,1,0,74,74,0,74.0,0.0,0.0,0.0,0.0,0,0,0,0.0,,,0.0,0.0,0.0,INT,,,610.0,,0.0,0.0,0.0,0
531458,0.0,0.0,0.0,0.0,0.0,0.0,udp,0.0,,cs0,,249.0,,7.0,,Start,1,1,0,74,74,0,74.0,0.0,0.0,0.0,0.0,0,0,0,0.0,,,0.0,0.0,0.0,INT,,,610.0,,0.0,0.0,0.0,0
531561,0.0,0.0,0.0,0.0,0.0,0.0,udp,0.0,,cs0,,249.0,,7.0,,Start,1,1,0,74,74,0,74.0,0.0,0.0,0.0,0.0,0,0,0,0.0,,,0.0,0.0,0.0,INT,,,610.0,,0.0,0.0,0.0,0
531628,0.0,0.0,0.0,0.0,0.0,0.0,udp,0.0,,cs0,,249.0,,7.0,,Start,1,1,0,74,74,0,74.0,0.0,0.0,0.0,0.0,0,0,0,0.0,,,0.0,0.0,0.0,INT,,,610.0,,0.0,0.0,0.0,0
531630,0.0,0.0,0.0,0.0,0.0,0.0,udp,0.0,,cs0,,249.0,,7.0,,Start,1,1,0,74,74,0,74.0,0.0,0.0,0.0,0.0,0,0,0,0.0,,,0.0,0.0,0.0,INT,,,610.0,,0.0,0.0,0.0,0
531707,0.0,0.0,0.0,0.0,0.0,0.0,udp,0.0,,cs0,,249.0,,7.0,,Start,1,1,0,74,74,0,74.0,0.0,0.0,0.0,0.0,0,0,0,0.0,,,0.0,0.0,0.0,INT,,,610.0,,0.0,0.0,0.0,0
531713,0.0,0.0,0.0,0.0,0.0,0.0,udp,0.0,,cs0,,249.0,,7.0,,Start,1,1,0,74,74,0,74.0,0.0,0.0,0.0,0.0,0,0,0,0.0,,,0.0,0.0,0.0,INT,,,610.0,,0.0,0.0,0.0,0
531849,0.0,0.0,0.0,0.0,0.0,0.0,udp,0.0,,cs0,,249.0,,7.0,,Start,1,1,0,74,74,0,74.0,0.0,0.0,0.0,0.0,0,0,0,0.0,,,0.0,0.0,0.0,INT,,,610.0,,0.0,0.0,0.0,0
531851,0.0,0.0,0.0,0.0,0.0,0.0,udp,0.0,,cs0,,249.0,,7.0,,Start,1,1,0,74,74,0,74.0,0.0,0.0,0.0,0.0,0,0,0,0.0,,,0.0,0.0,0.0,INT,,,610.0,,0.0,0.0,0.0,0
531852,0.0,0.0,0.0,0.0,0.0,0.0,udp,0.0,,cs0,,249.0,,7.0,,Start,1,1,0,74,74,0,74.0,0.0,0.0,0.0,0.0,0,0,0,0.0,,,0.0,0.0,0.0,INT,,,610.0,,0.0,0.0,0.0,0
531899,0.0,0.0,0.0,0.0,0.0,0.0,udp,0.0,,cs0,,249.0,,7.0,,Start,1,1,0,74,74,0,74.0,0.0,0.0,0.0,0.0,0,0,0,0.0,,,0.0,0.0,0.0,INT,,,610.0,,0.0,0.0,0.0,0
531951,0.0,0.0,0.0,0.0,0.0,0.0,udp,0.0,,cs0,,249.0,,7.0,,Start,1,1,0,74,74,0,74.0,0.0,0.0,0.0,0.0,0,0,0,0.0,,,0.0,0.0,0.0,INT,,,610.0,,0.0,0.0,0.0,0
531974,0.0,0.0,0.0,0.0,0.0,0.0,udp,0.0,,cs0,,249.0,,7.0,,Start,1,1,0,74,74,0,74.0,0.0,0.0,0.0,0.0,0,0,0,0.0,,,0.0,0.0,0.0,INT,,,610.0,,0.0,0.0,0.0,0
531994,0.0,0.0,0.0,0.0,0.0,0.0,udp,0.0,,cs0,,249.0,,7.0,,Start,1,1,0,74,74,0,74.0,0.0,0.0,0.0,0.0,0,0,0,0.0,,,0.0,0.0,0.0,INT,,,610.0,,0.0,0.0,0.0,0
532059,0.0,0.0,0.0,0.0,0.0,0.0,icmp,192.0,,cs6,,64.0,,0.0,,Start,1,1,0,178,178,0,178.0,0.0,0.0,0.0,0.0,0,0,0,0.0,,,0.0,0.0,0.0,URP,,,,,0.0,0.0,0.0,0
532282,0.0,0.0,0.0,0.0,0.0,0.0,udp,0.0,,cs0,,249.0,,7.0,,Start,1,1,0,74,74,0,74.0,0.0,0.0,0.0,0.0,0,0,0,0.0,,,0.0,0.0,0.0,INT,,,610.0,,0.0,0.0,0.0,0
532294,0.0,0.0,0.0,0.0,0.0,0.0,udp,0.0,,cs0,,249.0,,7.0,,Start,1,1,0,74,74,0,74.0,0.0,0.0,0.0,0.0,0,0,0,0.0,,,0.0,0.0,0.0,INT,,,610.0,,0.0,0.0,0.0,0
532296,0.0,0.0,0.0,0.0,0.0,0.0,udp,0.0,,cs0,,249.0,,7.0,,Start,1,1,0,74,74,0,74.0,0.0,0.0,0.0,0.0,0,0,0,0.0,,,0.0,0.0,0.0,INT,,,610.0,,0.0,0.0,0.0,0
532303,0.0,0.0,0.0,0.0,0.0,0.0,udp,0.0,,cs0,,249.0,,7.0,,Start,1,1,0,74,74,0,74.0,0.0,0.0,0.0,0.0,0,0,0,0.0,,,0.0,0.0,0.0,INT,,,610.0,,0.0,0.0,0.0,0
532306,0.0,0.0,0.0,0.0,0.0,0.0,udp,0.0,,cs0,,249.0,,7.0,,Start,1,1,0,74,74,0,74.0,0.0,0.0,0.0,0.0,0,0,0,0.0,,,0.0,0.0,0.0,INT,,,610.0,,0.0,0.0,0.0,0
532424,0.0,0.0,0.0,0.0,0.0,0.0,udp,0.0,,cs0,,249.0,,7.0,,Start,1,1,0,74,74,0,74.0,0.0,0.0,0.0,0.0,0,0,0,0.0,,,0.0,0.0,0.0,INT,,,610.0,,0.0,0.0,0.0,0
532451,0.0,0.0,0.0,0.0,0.0,0.0,udp,0.0,,cs0,,249.0,,7.0,,Start,1,1,0,74,74,0,74.0,0.0,0.0,0.0,0.0,0,0,0,0.0,,,0.0,0.0,0.0,INT,,,610.0,,0.0,0.0,0.0,0
532481,0.0,0.0,0.0,0.0,0.0,0.0,udp,0.0,,cs0,,249.0,,7.0,,Start,1,1,0,74,74,0,74.0,0.0,0.0,0.0,0.0,0,0,0,0.0,,,0.0,0.0,0.0,INT,,,610.0,,0.0,0.0,0.0,0
532508,0.0,0.0,0.0,0.0,0.0,0.0,udp,0.0,,cs0,,249.0,,7.0,,Start,1,1,0,74,74,0,74.0,0.0,0.0,0.0,0.0,0,0,0,0.0,,,0.0,0.0,0.0,INT,,,610.0,,0.0,0.0,0.0,0
532559,0.0,0.0,0.0,0.0,0.0,0.0,udp,0.0,,cs0,,249.0,,7.0,,Start,1,1,0,74,74,0,74.0,0.0,0.0,0.0,0.0,0,0,0,0.0,,,0.0,0.0,0.0,INT,,,610.0,,0.0,0.0,0.0,0
532582,0.0,0.0,0.0,0.0,0.0,0.0,udp,0.0,,cs0,,249.0,,7.0,,Start,1,1,0,74,74,0,74.0,0.0,0.0,0.0,0.0,0,0,0,0.0,,,0.0,0.0,0.0,INT,,,610.0,,0.0,0.0,0.0,0
532741,0.0,0.0,0.0,0.0,0.0,0.0,udp,0.0,,cs0,,249.0,,7.0,,Start,1,1,0,74,74,0,74.0,0.0,0.0,0.0,0.0,0,0,0,0.0,,,0.0,0.0,0.0,INT,,,610.0,,0.0,0.0,0.0,0
532752,0.0,0.0,0.0,0.0,0.0,0.0,udp,0.0,,cs0,,249.0,,7.0,,Start,1,1,0,74,74,0,74.0,0.0,0.0,0.0,0.0,0,0,0,0.0,,,0.0,0.0,0.0,INT,,,610.0,,0.0,0.0,0.0,0
532757,0.0,0.0,0.0,0.0,0.0,0.0,udp,0.0,,cs0,,249.0,,7.0,,Start,1,1,0,74,74,0,74.0,0.0,0.0,0.0,0.0,0,0,0,0.0,,,0.0,0.0,0.0,INT,,,610.0,,0.0,0.0,0.0,0
532861,0.0,0.0,0.0,0.0,0.0,0.0,udp,0.0,,cs0,,249.0,,7.0,,Start,1,1,0,74,74,0,74.0,0.0,0.0,0.0,0.0,0,0,0,0.0,,,0.0,0.0,0.0,INT,,,610.0,,0.0,0.0,0.0,0
532862,0.0,0.0,0.0,0.0,0.0,0.0,udp,0.0,,cs0,,249.0,,7.0,,Start,1,1,0,74,74,0,74.0,0.0,0.0,0.0,0.0,0,0,0,0.0,,,0.0,0.0,0.0,INT,,,610.0,,0.0,0.0,0.0,0
532885,0.0,0.0,0.0,0.0,0.0,0.0,udp,0.0,,cs0,,249.0,,7.0,,Start,1,1,0,74,74,0,74.0,0.0,0.0,0.0,0.0,0,0,0,0.0,,,0.0,0.0,0.0,INT,,,610.0,,0.0,0.0,0.0,0
532962,0.0,0.0,0.0,0.0,0.0,0.0,udp,0.0,,cs0,,249.0,,7.0,,Start,1,1,0,74,74,0,74.0,0.0,0.0,0.0,0.0,0,0,0,0.0,,,0.0,0.0,0.0,INT,,,610.0,,0.0,0.0,0.0,0
533049,0.0,0.0,0.0,0.0,0.0,0.0,udp,0.0,,cs0,,249.0,,7.0,,Start,1,1,0,74,74,0,74.0,0.0,0.0,0.0,0.0,0,0,0,0.0,,,0.0,0.0,0.0,INT,,,610.0,,0.0,0.0,0.0,0
533057,0.0,0.0,0.0,0.0,0.0,0.0,udp,0.0,,cs0,,249.0,,7.0,,Start,1,1,0,74,74,0,74.0,0.0,0.0,0.0,0.0,0,0,0,0.0,,,0.0,0.0,0.0,INT,,,610.0,,0.0,0.0,0.0,0
533077,0.0,0.0,0.0,0.0,0.0,0.0,udp,0.0,,cs0,,249.0,,7.0,,Start,1,1,0,74,74,0,74.0,0.0,0.0,0.0,0.0,0,0,0,0.0,,,0.0,0.0,0.0,INT,,,610.0,,0.0,0.0,0.0,0
533162,0.041994,0.041994,0.041994,0.041994,0.041994,0.041994,udp,0.0,0.0,cs0,cs0,64.0,62.0,0.0,2.0,Start,2,1,1,239,89,150,89.0,150.0,0.0,0.0,0.0,0,0,0,0.0,,,23.812925,0.0,0.0,CON,,,,,0.0,0.0,0.0,0
533197,0.0,0.0,0.0,0.0,0.0,0.0,udp,0.0,,cs0,,249.0,,7.0,,Start,1,1,0,74,74,0,74.0,0.0,0.0,0.0,0.0,0,0,0,0.0,,,0.0,0.0,0.0,INT,,,610.0,,0.0,0.0,0.0,0
533209,0.0,0.0,0.0,0.0,0.0,0.0,udp,0.0,,cs0,,249.0,,7.0,,Start,1,1,0,74,74,0,74.0,0.0,0.0,0.0,0.0,0,0,0,0.0,,,0.0,0.0,0.0,INT,,,610.0,,0.0,0.0,0.0,0
533329,0.0,0.0,0.0,0.0,0.0,0.0,udp,0.0,,cs0,,249.0,,7.0,,Start,1,1,0,74,74,0,74.0,0.0,0.0,0.0,0.0,0,0,0,0.0,,,0.0,0.0,0.0,INT,,,610.0,,0.0,0.0,0.0,0
533368,0.0,0.0,0.0,0.0,0.0,0.0,udp,0.0,,cs0,,249.0,,7.0,,Start,1,1,0,74,74,0,74.0,0.0,0.0,0.0,0.0,0,0,0,0.0,,,0.0,0.0,0.0,INT,,,610.0,,0.0,0.0,0.0,0
533408,0.0,0.0,0.0,0.0,0.0,0.0,udp,0.0,,cs0,,249.0,,7.0,,Start,1,1,0,74,74,0,74.0,0.0,0.0,0.0,0.0,0,0,0,0.0,,,0.0,0.0,0.0,INT,,,610.0,,0.0,0.0,0.0,0
533441,0.0,0.0,0.0,0.0,0.0,0.0,udp,0.0,,cs0,,249.0,,7.0,,Start,1,1,0,74,74,0,74.0,0.0,0.0,0.0,0.0,0,0,0,0.0,,,0.0,0.0,0.0,INT,,,610.0,,0.0,0.0,0.0,0
533511,0.0,0.0,0.0,0.0,0.0,0.0,udp,0.0,,cs0,,249.0,,7.0,,Start,1,1,0,74,74,0,74.0,0.0,0.0,0.0,0.0,0,0,0,0.0,,,0.0,0.0,0.0,INT,,,610.0,,0.0,0.0,0.0,0
533516,0.0,0.0,0.0,0.0,0.0,0.0,udp,0.0,,cs0,,249.0,,7.0,,Start,1,1,0,74,74,0,74.0,0.0,0.0,0.0,0.0,0,0,0,0.0,,,0.0,0.0,0.0,INT,,,610.0,,0.0,0.0,0.0,0
533649,1.188526,1.188526,1.188526,1.188526,1.188526,1.188526,udp,0.0,0.0,cs0,cs0,64.0,53.0,0.0,11.0,Start,2607,289,2318,2999522,24862,2974660,86.027679,1283.287354,20180646.0,166767.9063,20013878.0,0,0,0,0.0,,,2192.631836,242.31694,1949.473511,CON,,,,,0.0,0.0,0.0,0
533726,0.0,0.0,0.0,0.0,0.0,0.0,udp,0.0,,cs0,,249.0,,7.0,,Start,1,1,0,74,74,0,74.0,0.0,0.0,0.0,0.0,0,0,0,0.0,,,0.0,0.0,0.0,INT,,,610.0,,0.0,0.0,0.0,0
533736,0.0,0.0,0.0,0.0,0.0,0.0,udp,0.0,,cs0,,249.0,,7.0,,Start,1,1,0,74,74,0,74.0,0.0,0.0,0.0,0.0,0,0,0,0.0,,,0.0,0.0,0.0,INT,,,610.0,,0.0,0.0,0.0,0
533748,0.0,0.0,0.0,0.0,0.0,0.0,udp,0.0,,cs0,,249.0,,7.0,,Start,1,1,0,74,74,0,74.0,0.0,0.0,0.0,0.0,0,0,0,0.0,,,0.0,0.0,0.0,INT,,,610.0,,0.0,0.0,0.0,0
533811,0.0,0.0,0.0,0.0,0.0,0.0,udp,0.0,,cs0,,249.0,,7.0,,Start,1,1,0,74,74,0,74.0,0.0,0.0,0.0,0.0,0,0,0,0.0,,,0.0,0.0,0.0,INT,,,610.0,,0.0,0.0,0.0,0
533875,0.0,0.0,0.0,0.0,0.0,0.0,udp,0.0,,cs0,,249.0,,7.0,,Start,1,1,0,74,74,0,74.0,0.0,0.0,0.0,0.0,0,0,0,0.0,,,0.0,0.0,0.0,INT,,,610.0,,0.0,0.0,0.0,0
533907,0.0,0.0,0.0,0.0,0.0,0.0,udp,0.0,,cs0,,249.0,,7.0,,Start,1,1,0,74,74,0,74.0,0.0,0.0,0.0,0.0,0,0,0,0.0,,,0.0,0.0,0.0,INT,,,610.0,,0.0,0.0,0.0,0
533938,0.0,0.0,0.0,0.0,0.0,0.0,udp,0.0,,cs0,,249.0,,7.0,,Start,1,1,0,74,74,0,74.0,0.0,0.0,0.0,0.0,0,0,0,0.0,,,0.0,0.0,0.0,INT,,,610.0,,0.0,0.0,0.0,0
534110,0.0,0.0,0.0,0.0,0.0,0.0,udp,0.0,,cs0,,249.0,,7.0,,Start,1,1,0,74,74,0,74.0,0.0,0.0,0.0,0.0,0,0,0,0.0,,,0.0,0.0,0.0,INT,,,610.0,,0.0,0.0,0.0,0
534157,0.0,0.0,0.0,0.0,0.0,0.0,udp,0.0,,cs0,,249.0,,7.0,,Start,1,1,0,74,74,0,74.0,0.0,0.0,0.0,0.0,0,0,0,0.0,,,0.0,0.0,0.0,INT,,,610.0,,0.0,0.0,0.0,0
534207,0.0,0.0,0.0,0.0,0.0,0.0,udp,0.0,,cs0,,249.0,,7.0,,Start,1,1,0,74,74,0,74.0,0.0,0.0,0.0,0.0,0,0,0,0.0,,,0.0,0.0,0.0,INT,,,610.0,,0.0,0.0,0.0,0
534238,0.0,0.0,0.0,0.0,0.0,0.0,udp,0.0,,cs0,,249.0,,7.0,,Start,1,1,0,74,74,0,74.0,0.0,0.0,0.0,0.0,0,0,0,0.0,,,0.0,0.0,0.0,INT,,,610.0,,0.0,0.0,0.0,0
534320,0.0,0.0,0.0,0.0,0.0,0.0,udp,0.0,,cs0,,249.0,,7.0,,Start,1,1,0,74,74,0,74.0,0.0,0.0,0.0,0.0,0,0,0,0.0,,,0.0,0.0,0.0,INT,,,610.0,,0.0,0.0,0.0,0
534350,0.0,0.0,0.0,0.0,0.0,0.0,udp,0.0,,cs0,,249.0,,7.0,,Start,1,1,0,74,74,0,74.0,0.0,0.0,0.0,0.0,0,0,0,0.0,,,0.0,0.0,0.0,INT,,,610.0,,0.0,0.0,0.0,0
534356,0.0,0.0,0.0,0.0,0.0,0.0,udp,0.0,,cs0,,249.0,,7.0,,Start,1,1,0,74,74,0,74.0,0.0,0.0,0.0,0.0,0,0,0,0.0,,,0.0,0.0,0.0,INT,,,610.0,,0.0,0.0,0.0,0
534410,0.0,0.0,0.0,0.0,0.0,0.0,udp,0.0,,cs0,,249.0,,7.0,,Start,1,1,0,74,74,0,74.0,0.0,0.0,0.0,0.0,0,0,0,0.0,,,0.0,0.0,0.0,INT,,,610.0,,0.0,0.0,0.0,0
534471,0.0,0.0,0.0,0.0,0.0,0.0,icmp,192.0,,cs6,,64.0,,0.0,,Start,1,1,0,178,178,0,178.0,0.0,0.0,0.0,0.0,0,0,0,0.0,,,0.0,0.0,0.0,URP,,,,,0.0,0.0,0.0,0
534500,0.0,0.0,0.0,0.0,0.0,0.0,udp,0.0,,cs0,,249.0,,7.0,,Start,1,1,0,74,74,0,74.0,0.0,0.0,0.0,0.0,0,0,0,0.0,,,0.0,0.0,0.0,INT,,,610.0,,0.0,0.0,0.0,0
534592,0.0,0.0,0.0,0.0,0.0,0.0,udp,0.0,,cs0,,249.0,,7.0,,Start,1,1,0,74,74,0,74.0,0.0,0.0,0.0,0.0,0,0,0,0.0,,,0.0,0.0,0.0,INT,,,610.0,,0.0,0.0,0.0,0
534615,0.0,0.0,0.0,0.0,0.0,0.0,udp,0.0,,cs0,,249.0,,7.0,,Start,1,1,0,74,74,0,74.0,0.0,0.0,0.0,0.0,0,0,0,0.0,,,0.0,0.0,0.0,INT,,,610.0,,0.0,0.0,0.0,0
534637,0.0,0.0,0.0,0.0,0.0,0.0,udp,0.0,,cs0,,249.0,,7.0,,Start,1,1,0,74,74,0,74.0,0.0,0.0,0.0,0.0,0,0,0,0.0,,,0.0,0.0,0.0,INT,,,610.0,,0.0,0.0,0.0,0
534665,0.0,0.0,0.0,0.0,0.0,0.0,udp,0.0,,cs0,,249.0,,7.0,,Start,1,1,0,74,74,0,74.0,0.0,0.0,0.0,0.0,0,0,0,0.0,,,0.0,0.0,0.0,INT,,,610.0,,0.0,0.0,0.0,0
534677,0.0,0.0,0.0,0.0,0.0,0.0,udp,0.0,,cs0,,249.0,,7.0,,Start,1,1,0,74,74,0,74.0,0.0,0.0,0.0,0.0,0,0,0,0.0,,,0.0,0.0,0.0,INT,,,610.0,,0.0,0.0,0.0,0
534785,0.0,0.0,0.0,0.0,0.0,0.0,udp,0.0,,cs0,,249.0,,7.0,,Start,1,1,0,74,74,0,74.0,0.0,0.0,0.0,0.0,0,0,0,0.0,,,0.0,0.0,0.0,INT,,,610.0,,0.0,0.0,0.0,0
534857,4.998874,4.998874,4.998874,4.998874,4.998874,4.998874,tcp,0.0,0.0,cs0,cs0,64.0,117.0,0.0,11.0,Status,272,84,188,277622,7319,270303,87.130951,1437.78186,441856.2813,11573.80566,430282.4688,0,0,0,0.0,0.0,0.0,54.212208,16.603739,37.408424,CON,1064960.0,268544.0,,,0.044884,0.021624,0.02326,0
535002,0.0,0.0,0.0,0.0,0.0,0.0,udp,0.0,,cs0,,249.0,,7.0,,Start,1,1,0,74,74,0,74.0,0.0,0.0,0.0,0.0,0,0,0,0.0,,,0.0,0.0,0.0,INT,,,610.0,,0.0,0.0,0.0,0
535051,0.0,0.0,0.0,0.0,0.0,0.0,udp,0.0,,cs0,,249.0,,7.0,,Start,1,1,0,74,74,0,74.0,0.0,0.0,0.0,0.0,0,0,0,0.0,,,0.0,0.0,0.0,INT,,,610.0,,0.0,0.0,0.0,0
535059,0.0,0.0,0.0,0.0,0.0,0.0,udp,0.0,,cs0,,249.0,,7.0,,Start,1,1,0,74,74,0,74.0,0.0,0.0,0.0,0.0,0,0,0,0.0,,,0.0,0.0,0.0,INT,,,610.0,,0.0,0.0,0.0,0
535075,0.0,0.0,0.0,0.0,0.0,0.0,udp,0.0,,cs0,,249.0,,7.0,,Start,1,1,0,74,74,0,74.0,0.0,0.0,0.0,0.0,0,0,0,0.0,,,0.0,0.0,0.0,INT,,,610.0,,0.0,0.0,0.0,0
535292,0.0,0.0,0.0,0.0,0.0,0.0,udp,0.0,,cs0,,249.0,,7.0,,Start,1,1,0,74,74,0,74.0,0.0,0.0,0.0,0.0,0,0,0,0.0,,,0.0,0.0,0.0,INT,,,610.0,,0.0,0.0,0.0,0
535349,0.0,0.0,0.0,0.0,0.0,0.0,udp,0.0,,cs0,,249.0,,7.0,,Start,1,1,0,74,74,0,74.0,0.0,0.0,0.0,0.0,0,0,0,0.0,,,0.0,0.0,0.0,INT,,,610.0,,0.0,0.0,0.0,0
535403,0.0,0.0,0.0,0.0,0.0,0.0,icmp,0.0,,cs0,,58.0,,6.0,,Start,1,1,0,98,98,0,98.0,0.0,0.0,0.0,0.0,0,0,0,0.0,,,0.0,0.0,0.0,ECO,,,,,0.0,0.0,0.0,0
535472,0.0,0.0,0.0,0.0,0.0,0.0,udp,0.0,,cs0,,249.0,,7.0,,Start,1,1,0,74,74,0,74.0,0.0,0.0,0.0,0.0,0,0,0,0.0,,,0.0,0.0,0.0,INT,,,610.0,,0.0,0.0,0.0,0
535484,0.0,0.0,0.0,0.0,0.0,0.0,udp,0.0,,cs0,,249.0,,7.0,,Start,1,1,0,74,74,0,74.0,0.0,0.0,0.0,0.0,0,0,0,0.0,,,0.0,0.0,0.0,INT,,,610.0,,0.0,0.0,0.0,0
535530,0.0,0.0,0.0,0.0,0.0,0.0,udp,0.0,,cs0,,249.0,,7.0,,Start,1,1,0,74,74,0,74.0,0.0,0.0,0.0,0.0,0,0,0,0.0,,,0.0,0.0,0.0,INT,,,610.0,,0.0,0.0,0.0,0
535598,0.0,0.0,0.0,0.0,0.0,0.0,udp,0.0,,cs0,,249.0,,7.0,,Start,1,1,0,74,74,0,74.0,0.0,0.0,0.0,0.0,0,0,0,0.0,,,0.0,0.0,0.0,INT,,,610.0,,0.0,0.0,0.0,0
535620,0.0,0.0,0.0,0.0,0.0,0.0,udp,0.0,,cs0,,249.0,,7.0,,Start,1,1,0,74,74,0,74.0,0.0,0.0,0.0,0.0,0,0,0,0.0,,,0.0,0.0,0.0,INT,,,610.0,,0.0,0.0,0.0,0
535670,0.0,0.0,0.0,0.0,0.0,0.0,udp,0.0,,cs0,,249.0,,7.0,,Start,1,1,0,74,74,0,74.0,0.0,0.0,0.0,0.0,0,0,0,0.0,,,0.0,0.0,0.0,INT,,,610.0,,0.0,0.0,0.0,0
535800,0.092084,0.092084,0.092084,0.092084,0.092084,0.092084,udp,0.0,0.0,cs0,cs0,64.0,117.0,0.0,11.0,Status,5,3,2,668,530,138,176.666672,69.0,36749.05469,30754.5293,5994.526855,0,0,0,0.0,,,43.438599,21.719299,10.85965,CON,,,,,0.0,0.0,0.0,0
535823,0.0,0.0,0.0,0.0,0.0,0.0,tcp,0.0,0.0,cs0,cs0,64.0,43.0,0.0,21.0,Status,1,0,1,66,0,66,0.0,66.0,0.0,0.0,0.0,0,0,0,0.0,0.0,0.0,0.0,0.0,0.0,RST,,,,,0.12498,0.104432,0.020548,0
535944,0.0,0.0,0.0,0.0,0.0,0.0,udp,0.0,,cs0,,249.0,,7.0,,Start,1,1,0,74,74,0,74.0,0.0,0.0,0.0,0.0,0,0,0,0.0,,,0.0,0.0,0.0,INT,,,610.0,,0.0,0.0,0.0,0
535945,0.0,0.0,0.0,0.0,0.0,0.0,udp,0.0,,cs0,,249.0,,7.0,,Start,1,1,0,74,74,0,74.0,0.0,0.0,0.0,0.0,0,0,0,0.0,,,0.0,0.0,0.0,INT,,,610.0,,0.0,0.0,0.0,0
535967,0.0,0.0,0.0,0.0,0.0,0.0,udp,0.0,,cs0,,249.0,,7.0,,Start,1,1,0,74,74,0,74.0,0.0,0.0,0.0,0.0,0,0,0,0.0,,,0.0,0.0,0.0,INT,,,610.0,,0.0,0.0,0.0,0
536000,0.0,0.0,0.0,0.0,0.0,0.0,udp,0.0,,cs0,,249.0,,7.0,,Start,1,1,0,74,74,0,74.0,0.0,0.0,0.0,0.0,0,0,0,0.0,,,0.0,0.0,0.0,INT,,,610.0,,0.0,0.0,0.0,0
536011,0.0,0.0,0.0,0.0,0.0,0.0,udp,0.0,,cs0,,249.0,,7.0,,Start,1,1,0,74,74,0,74.0,0.0,0.0,0.0,0.0,0,0,0,0.0,,,0.0,0.0,0.0,INT,,,610.0,,0.0,0.0,0.0,0
536063,0.0,0.0,0.0,0.0,0.0,0.0,udp,0.0,,cs0,,249.0,,7.0,,Start,1,1,0,74,74,0,74.0,0.0,0.0,0.0,0.0,0,0,0,0.0,,,0.0,0.0,0.0,INT,,,610.0,,0.0,0.0,0.0,0
536074,0.0,0.0,0.0,0.0,0.0,0.0,udp,0.0,,cs0,,249.0,,7.0,,Start,1,1,0,74,74,0,74.0,0.0,0.0,0.0,0.0,0,0,0,0.0,,,0.0,0.0,0.0,INT,,,610.0,,0.0,0.0,0.0,0
536150,0.0,0.0,0.0,0.0,0.0,0.0,udp,0.0,,cs0,,249.0,,7.0,,Start,1,1,0,74,74,0,74.0,0.0,0.0,0.0,0.0,0,0,0,0.0,,,0.0,0.0,0.0,INT,,,610.0,,0.0,0.0,0.0,0
536223,0.0,0.0,0.0,0.0,0.0,0.0,udp,0.0,,cs0,,249.0,,7.0,,Start,1,1,0,74,74,0,74.0,0.0,0.0,0.0,0.0,0,0,0,0.0,,,0.0,0.0,0.0,INT,,,610.0,,0.0,0.0,0.0,0
536250,0.0,0.0,0.0,0.0,0.0,0.0,udp,0.0,,cs0,,249.0,,7.0,,Start,1,1,0,74,74,0,74.0,0.0,0.0,0.0,0.0,0,0,0,0.0,,,0.0,0.0,0.0,INT,,,610.0,,0.0,0.0,0.0,0
536373,0.0,0.0,0.0,0.0,0.0,0.0,udp,0.0,,cs0,,249.0,,7.0,,Start,1,1,0,74,74,0,74.0,0.0,0.0,0.0,0.0,0,0,0,0.0,,,0.0,0.0,0.0,INT,,,610.0,,0.0,0.0,0.0,0
536449,0.0,0.0,0.0,0.0,0.0,0.0,udp,0.0,,cs0,,249.0,,7.0,,Start,1,1,0,74,74,0,74.0,0.0,0.0,0.0,0.0,0,0,0,0.0,,,0.0,0.0,0.0,INT,,,610.0,,0.0,0.0,0.0,0
536457,0.0,0.0,0.0,0.0,0.0,0.0,udp,0.0,,cs0,,249.0,,7.0,,Start,1,1,0,74,74,0,74.0,0.0,0.0,0.0,0.0,0,0,0,0.0,,,0.0,0.0,0.0,INT,,,610.0,,0.0,0.0,0.0,0
536510,0.0,0.0,0.0,0.0,0.0,0.0,udp,0.0,,cs0,,249.0,,7.0,,Start,1,1,0,74,74,0,74.0,0.0,0.0,0.0,0.0,0,0,0,0.0,,,0.0,0.0,0.0,INT,,,610.0,,0.0,0.0,0.0,0
536540,0.0,0.0,0.0,0.0,0.0,0.0,udp,0.0,,cs0,,249.0,,7.0,,Start,1,1,0,74,74,0,74.0,0.0,0.0,0.0,0.0,0,0,0,0.0,,,0.0,0.0,0.0,INT,,,610.0,,0.0,0.0,0.0,0
536547,0.0,0.0,0.0,0.0,0.0,0.0,udp,0.0,,cs0,,249.0,,7.0,,Start,1,1,0,74,74,0,74.0,0.0,0.0,0.0,0.0,0,0,0,0.0,,,0.0,0.0,0.0,INT,,,610.0,,0.0,0.0,0.0,0
536589,0.0,0.0,0.0,0.0,0.0,0.0,udp,0.0,,cs0,,249.0,,7.0,,Start,1,1,0,74,74,0,74.0,0.0,0.0,0.0,0.0,0,0,0,0.0,,,0.0,0.0,0.0,INT,,,610.0,,0.0,0.0,0.0,0
536687,0.0,0.0,0.0,0.0,0.0,0.0,udp,0.0,,cs0,,249.0,,7.0,,Start,1,1,0,74,74,0,74.0,0.0,0.0,0.0,0.0,0,0,0,0.0,,,0.0,0.0,0.0,INT,,,610.0,,0.0,0.0,0.0,0
536702,0.0,0.0,0.0,0.0,0.0,0.0,udp,0.0,,cs0,,249.0,,7.0,,Start,1,1,0,74,74,0,74.0,0.0,0.0,0.0,0.0,0,0,0,0.0,,,0.0,0.0,0.0,INT,,,610.0,,0.0,0.0,0.0,0
536710,0.0,0.0,0.0,0.0,0.0,0.0,udp,0.0,,cs0,,249.0,,7.0,,Start,1,1,0,74,74,0,74.0,0.0,0.0,0.0,0.0,0,0,0,0.0,,,0.0,0.0,0.0,INT,,,610.0,,0.0,0.0,0.0,0
536724,0.0,0.0,0.0,0.0,0.0,0.0,udp,0.0,,cs0,,249.0,,7.0,,Start,1,1,0,74,74,0,74.0,0.0,0.0,0.0,0.0,0,0,0,0.0,,,0.0,0.0,0.0,INT,,,610.0,,0.0,0.0,0.0,0
536817,0.0,0.0,0.0,0.0,0.0,0.0,udp,0.0,,cs0,,249.0,,7.0,,Start,1,1,0,74,74,0,74.0,0.0,0.0,0.0,0.0,0,0,0,0.0,,,0.0,0.0,0.0,INT,,,610.0,,0.0,0.0,0.0,0
536823,0.0,0.0,0.0,0.0,0.0,0.0,udp,0.0,,cs0,,249.0,,7.0,,Start,1,1,0,74,74,0,74.0,0.0,0.0,0.0,0.0,0,0,0,0.0,,,0.0,0.0,0.0,INT,,,610.0,,0.0,0.0,0.0,0
536860,0.0,0.0,0.0,0.0,0.0,0.0,udp,0.0,,cs0,,249.0,,7.0,,Start,1,1,0,74,74,0,74.0,0.0,0.0,0.0,0.0,0,0,0,0.0,,,0.0,0.0,0.0,INT,,,610.0,,0.0,0.0,0.0,0
536868,0.0,0.0,0.0,0.0,0.0,0.0,udp,0.0,,cs0,,249.0,,7.0,,Start,1,1,0,74,74,0,74.0,0.0,0.0,0.0,0.0,0,0,0,0.0,,,0.0,0.0,0.0,INT,,,610.0,,0.0,0.0,0.0,0
536937,0.0,0.0,0.0,0.0,0.0,0.0,udp,0.0,,cs0,,249.0,,7.0,,Start,1,1,0,74,74,0,74.0,0.0,0.0,0.0,0.0,0,0,0,0.0,,,0.0,0.0,0.0,INT,,,610.0,,0.0,0.0,0.0,0
536947,0.0,0.0,0.0,0.0,0.0,0.0,udp,0.0,,cs0,,249.0,,7.0,,Start,1,1,0,74,74,0,74.0,0.0,0.0,0.0,0.0,0,0,0,0.0,,,0.0,0.0,0.0,INT,,,610.0,,0.0,0.0,0.0,0
536968,0.0,0.0,0.0,0.0,0.0,0.0,udp,0.0,,cs0,,249.0,,7.0,,Start,1,1,0,74,74,0,74.0,0.0,0.0,0.0,0.0,0,0,0,0.0,,,0.0,0.0,0.0,INT,,,610.0,,0.0,0.0,0.0,0
536995,0.0,0.0,0.0,0.0,0.0,0.0,udp,0.0,,cs0,,249.0,,7.0,,Start,1,1,0,74,74,0,74.0,0.0,0.0,0.0,0.0,0,0,0,0.0,,,0.0,0.0,0.0,INT,,,610.0,,0.0,0.0,0.0,0
536997,0.0,0.0,0.0,0.0,0.0,0.0,udp,0.0,,cs0,,249.0,,7.0,,Start,1,1,0,74,74,0,74.0,0.0,0.0,0.0,0.0,0,0,0,0.0,,,0.0,0.0,0.0,INT,,,610.0,,0.0,0.0,0.0,0
537008,0.0,0.0,0.0,0.0,0.0,0.0,udp,0.0,,cs0,,249.0,,7.0,,Start,1,1,0,74,74,0,74.0,0.0,0.0,0.0,0.0,0,0,0,0.0,,,0.0,0.0,0.0,INT,,,610.0,,0.0,0.0,0.0,0
537058,0.0,0.0,0.0,0.0,0.0,0.0,udp,0.0,,cs0,,249.0,,7.0,,Start,1,1,0,74,74,0,74.0,0.0,0.0,0.0,0.0,0,0,0,0.0,,,0.0,0.0,0.0,INT,,,610.0,,0.0,0.0,0.0,0
537073,0.0,0.0,0.0,0.0,0.0,0.0,udp,0.0,,cs0,,249.0,,7.0,,Start,1,1,0,74,74,0,74.0,0.0,0.0,0.0,0.0,0,0,0,0.0,,,0.0,0.0,0.0,INT,,,610.0,,0.0,0.0,0.0,0
537220,0.0,0.0,0.0,0.0,0.0,0.0,udp,0.0,,cs0,,249.0,,7.0,,Start,1,1,0,74,74,0,74.0,0.0,0.0,0.0,0.0,0,0,0,0.0,,,0.0,0.0,0.0,INT,,,610.0,,0.0,0.0,0.0,0
537233,0.0,0.0,0.0,0.0,0.0,0.0,udp,0.0,,cs0,,249.0,,7.0,,Start,1,1,0,74,74,0,74.0,0.0,0.0,0.0,0.0,0,0,0,0.0,,,0.0,0.0,0.0,INT,,,610.0,,0.0,0.0,0.0,0
537412,0.0,0.0,0.0,0.0,0.0,0.0,udp,0.0,,cs0,,249.0,,7.0,,Start,1,1,0,74,74,0,74.0,0.0,0.0,0.0,0.0,0,0,0,0.0,,,0.0,0.0,0.0,INT,,,610.0,,0.0,0.0,0.0,0
537485,0.0,0.0,0.0,0.0,0.0,0.0,udp,0.0,,cs0,,249.0,,7.0,,Start,1,1,0,74,74,0,74.0,0.0,0.0,0.0,0.0,0,0,0,0.0,,,0.0,0.0,0.0,INT,,,610.0,,0.0,0.0,0.0,0
537542,0.0,0.0,0.0,0.0,0.0,0.0,udp,0.0,,cs0,,249.0,,7.0,,Start,1,1,0,74,74,0,74.0,0.0,0.0,0.0,0.0,0,0,0,0.0,,,0.0,0.0,0.0,INT,,,610.0,,0.0,0.0,0.0,0
537567,0.0,0.0,0.0,0.0,0.0,0.0,udp,0.0,,cs0,,249.0,,7.0,,Start,1,1,0,74,74,0,74.0,0.0,0.0,0.0,0.0,0,0,0,0.0,,,0.0,0.0,0.0,INT,,,610.0,,0.0,0.0,0.0,0
537585,0.0,0.0,0.0,0.0,0.0,0.0,udp,0.0,,cs0,,249.0,,7.0,,Start,1,1,0,74,74,0,74.0,0.0,0.0,0.0,0.0,0,0,0,0.0,,,0.0,0.0,0.0,INT,,,610.0,,0.0,0.0,0.0,0
537618,0.0,0.0,0.0,0.0,0.0,0.0,udp,0.0,,cs0,,249.0,,7.0,,Start,1,1,0,74,74,0,74.0,0.0,0.0,0.0,0.0,0,0,0,0.0,,,0.0,0.0,0.0,INT,,,610.0,,0.0,0.0,0.0,0
537627,0.0,0.0,0.0,0.0,0.0,0.0,udp,0.0,,cs0,,249.0,,7.0,,Start,1,1,0,74,74,0,74.0,0.0,0.0,0.0,0.0,0,0,0,0.0,,,0.0,0.0,0.0,INT,,,610.0,,0.0,0.0,0.0,0
537651,0.0,0.0,0.0,0.0,0.0,0.0,udp,0.0,,cs0,,249.0,,7.0,,Start,1,1,0,74,74,0,74.0,0.0,0.0,0.0,0.0,0,0,0,0.0,,,0.0,0.0,0.0,INT,,,610.0,,0.0,0.0,0.0,0
537700,0.0,0.0,0.0,0.0,0.0,0.0,udp,0.0,,cs0,,249.0,,7.0,,Start,1,1,0,74,74,0,74.0,0.0,0.0,0.0,0.0,0,0,0,0.0,,,0.0,0.0,0.0,INT,,,610.0,,0.0,0.0,0.0,0
537711,0.0,0.0,0.0,0.0,0.0,0.0,udp,0.0,,cs0,,249.0,,7.0,,Start,1,1,0,74,74,0,74.0,0.0,0.0,0.0,0.0,0,0,0,0.0,,,0.0,0.0,0.0,INT,,,610.0,,0.0,0.0,0.0,0
537729,0.0,0.0,0.0,0.0,0.0,0.0,udp,0.0,,cs0,,249.0,,7.0,,Start,1,1,0,74,74,0,74.0,0.0,0.0,0.0,0.0,0,0,0,0.0,,,0.0,0.0,0.0,INT,,,610.0,,0.0,0.0,0.0,0
537735,0.0,0.0,0.0,0.0,0.0,0.0,udp,0.0,,cs0,,249.0,,7.0,,Start,1,1,0,74,74,0,74.0,0.0,0.0,0.0,0.0,0,0,0,0.0,,,0.0,0.0,0.0,INT,,,610.0,,0.0,0.0,0.0,0
537819,0.0,0.0,0.0,0.0,0.0,0.0,udp,0.0,,cs0,,249.0,,7.0,,Start,1,1,0,74,74,0,74.0,0.0,0.0,0.0,0.0,0,0,0,0.0,,,0.0,0.0,0.0,INT,,,610.0,,0.0,0.0,0.0,0
537821,0.0,0.0,0.0,0.0,0.0,0.0,udp,0.0,,cs0,,249.0,,7.0,,Start,1,1,0,74,74,0,74.0,0.0,0.0,0.0,0.0,0,0,0,0.0,,,0.0,0.0,0.0,INT,,,610.0,,0.0,0.0,0.0,0
537829,0.0,0.0,0.0,0.0,0.0,0.0,udp,0.0,,cs0,,249.0,,7.0,,Start,1,1,0,74,74,0,74.0,0.0,0.0,0.0,0.0,0,0,0,0.0,,,0.0,0.0,0.0,INT,,,610.0,,0.0,0.0,0.0,0
537840,0.0,0.0,0.0,0.0,0.0,0.0,icmp,0.0,,cs0,,58.0,,6.0,,Start,1,1,0,98,98,0,98.0,0.0,0.0,0.0,0.0,0,0,0,0.0,,,0.0,0.0,0.0,ECO,,,,,0.0,0.0,0.0,0
537864,0.029091,0.029091,0.029091,0.029091,0.029091,0.029091,udp,0.0,0.0,cs0,cs0,64.0,62.0,0.0,2.0,Start,2,1,1,410,89,321,89.0,321.0,0.0,0.0,0.0,0,0,0,0.0,,,34.374893,0.0,0.0,CON,,,,,0.0,0.0,0.0,0
537905,0.0,0.0,0.0,0.0,0.0,0.0,udp,0.0,,cs0,,249.0,,7.0,,Start,1,1,0,74,74,0,74.0,0.0,0.0,0.0,0.0,0,0,0,0.0,,,0.0,0.0,0.0,INT,,,610.0,,0.0,0.0,0.0,0
537923,0.0,0.0,0.0,0.0,0.0,0.0,udp,0.0,,cs0,,249.0,,7.0,,Start,1,1,0,74,74,0,74.0,0.0,0.0,0.0,0.0,0,0,0,0.0,,,0.0,0.0,0.0,INT,,,610.0,,0.0,0.0,0.0,0
537949,0.0,0.0,0.0,0.0,0.0,0.0,udp,0.0,,cs0,,249.0,,7.0,,Start,1,1,0,74,74,0,74.0,0.0,0.0,0.0,0.0,0,0,0,0.0,,,0.0,0.0,0.0,INT,,,610.0,,0.0,0.0,0.0,0
537952,0.0,0.0,0.0,0.0,0.0,0.0,udp,0.0,,cs0,,249.0,,7.0,,Start,1,1,0,74,74,0,74.0,0.0,0.0,0.0,0.0,0,0,0,0.0,,,0.0,0.0,0.0,INT,,,610.0,,0.0,0.0,0.0,0
537981,0.0,0.0,0.0,0.0,0.0,0.0,udp,0.0,,cs0,,249.0,,7.0,,Start,1,1,0,74,74,0,74.0,0.0,0.0,0.0,0.0,0,0,0,0.0,,,0.0,0.0,0.0,INT,,,610.0,,0.0,0.0,0.0,0
537993,0.0,0.0,0.0,0.0,0.0,0.0,udp,0.0,,cs0,,249.0,,7.0,,Start,1,1,0,74,74,0,74.0,0.0,0.0,0.0,0.0,0,0,0,0.0,,,0.0,0.0,0.0,INT,,,610.0,,0.0,0.0,0.0,0
538007,0.0,0.0,0.0,0.0,0.0,0.0,udp,0.0,,cs0,,249.0,,7.0,,Start,1,1,0,74,74,0,74.0,0.0,0.0,0.0,0.0,0,0,0,0.0,,,0.0,0.0,0.0,INT,,,610.0,,0.0,0.0,0.0,0
538024,0.0,0.0,0.0,0.0,0.0,0.0,udp,0.0,,cs0,,249.0,,7.0,,Start,1,1,0,74,74,0,74.0,0.0,0.0,0.0,0.0,0,0,0,0.0,,,0.0,0.0,0.0,INT,,,610.0,,0.0,0.0,0.0,0
538087,0.027185,0.027185,0.027185,0.027185,0.027185,0.027185,udp,0.0,,cs0,,249.0,,7.0,,Start,2,2,0,148,148,0,74.0,0.0,21776.71484,21776.71484,0.0,0,0,0,0.0,,,36.784992,36.784992,0.0,INT,,,610.0,,0.0,0.0,0.0,0
538114,0.0,0.0,0.0,0.0,0.0,0.0,udp,0.0,,cs0,,249.0,,7.0,,Start,1,1,0,74,74,0,74.0,0.0,0.0,0.0,0.0,0,0,0,0.0,,,0.0,0.0,0.0,INT,,,610.0,,0.0,0.0,0.0,0
538140,0.0,0.0,0.0,0.0,0.0,0.0,udp,0.0,,cs0,,249.0,,7.0,,Start,1,1,0,74,74,0,74.0,0.0,0.0,0.0,0.0,0,0,0,0.0,,,0.0,0.0,0.0,INT,,,610.0,,0.0,0.0,0.0,0
538159,0.0,0.0,0.0,0.0,0.0,0.0,udp,0.0,,cs0,,249.0,,7.0,,Start,1,1,0,74,74,0,74.0,0.0,0.0,0.0,0.0,0,0,0,0.0,,,0.0,0.0,0.0,INT,,,610.0,,0.0,0.0,0.0,0
538200,0.0,0.0,0.0,0.0,0.0,0.0,udp,0.0,,cs0,,249.0,,7.0,,Start,1,1,0,74,74,0,74.0,0.0,0.0,0.0,0.0,0,0,0,0.0,,,0.0,0.0,0.0,INT,,,610.0,,0.0,0.0,0.0,0
538482,0.0,0.0,0.0,0.0,0.0,0.0,udp,0.0,,cs0,,249.0,,7.0,,Start,1,1,0,74,74,0,74.0,0.0,0.0,0.0,0.0,0,0,0,0.0,,,0.0,0.0,0.0,INT,,,610.0,,0.0,0.0,0.0,0
538493,0.0,0.0,0.0,0.0,0.0,0.0,udp,0.0,,cs0,,249.0,,7.0,,Start,1,1,0,74,74,0,74.0,0.0,0.0,0.0,0.0,0,0,0,0.0,,,0.0,0.0,0.0,INT,,,610.0,,0.0,0.0,0.0,0
538500,0.0,0.0,0.0,0.0,0.0,0.0,udp,0.0,,cs0,,249.0,,7.0,,Start,1,1,0,74,74,0,74.0,0.0,0.0,0.0,0.0,0,0,0,0.0,,,0.0,0.0,0.0,INT,,,610.0,,0.0,0.0,0.0,0
538542,0.0,0.0,0.0,0.0,0.0,0.0,udp,0.0,,cs0,,249.0,,7.0,,Start,1,1,0,74,74,0,74.0,0.0,0.0,0.0,0.0,0,0,0,0.0,,,0.0,0.0,0.0,INT,,,610.0,,0.0,0.0,0.0,0
538559,0.0,0.0,0.0,0.0,0.0,0.0,udp,0.0,,cs0,,249.0,,7.0,,Start,1,1,0,74,74,0,74.0,0.0,0.0,0.0,0.0,0,0,0,0.0,,,0.0,0.0,0.0,INT,,,610.0,,0.0,0.0,0.0,0
538689,0.0,0.0,0.0,0.0,0.0,0.0,udp,0.0,,cs0,,249.0,,7.0,,Start,1,1,0,74,74,0,74.0,0.0,0.0,0.0,0.0,0,0,0,0.0,,,0.0,0.0,0.0,INT,,,610.0,,0.0,0.0,0.0,0
538709,0.0,0.0,0.0,0.0,0.0,0.0,udp,0.0,,cs0,,249.0,,7.0,,Start,1,1,0,74,74,0,74.0,0.0,0.0,0.0,0.0,0,0,0,0.0,,,0.0,0.0,0.0,INT,,,610.0,,0.0,0.0,0.0,0
538745,0.0,0.0,0.0,0.0,0.0,0.0,udp,0.0,,cs0,,249.0,,7.0,,Start,1,1,0,74,74,0,74.0,0.0,0.0,0.0,0.0,0,0,0,0.0,,,0.0,0.0,0.0,INT,,,610.0,,0.0,0.0,0.0,0
538849,0.0,0.0,0.0,0.0,0.0,0.0,udp,0.0,,cs0,,249.0,,7.0,,Start,1,1,0,74,74,0,74.0,0.0,0.0,0.0,0.0,0,0,0,0.0,,,0.0,0.0,0.0,INT,,,610.0,,0.0,0.0,0.0,0
538992,0.0,0.0,0.0,0.0,0.0,0.0,udp,0.0,,cs0,,249.0,,7.0,,Start,1,1,0,74,74,0,74.0,0.0,0.0,0.0,0.0,0,0,0,0.0,,,0.0,0.0,0.0,INT,,,610.0,,0.0,0.0,0.0,0
538997,0.0,0.0,0.0,0.0,0.0,0.0,udp,0.0,,cs0,,249.0,,7.0,,Start,1,1,0,74,74,0,74.0,0.0,0.0,0.0,0.0,0,0,0,0.0,,,0.0,0.0,0.0,INT,,,610.0,,0.0,0.0,0.0,0
539089,0.099488,0.099488,0.099488,0.099488,0.099488,0.099488,tcp,0.0,0.0,cs0,cs0,64.0,52.0,0.0,12.0,Status,18,7,11,4686,3595,1091,513.571411,99.181816,327597.3125,247828.8906,79768.41406,0,0,0,0.0,0.0,0.0,170.874878,60.308781,100.514641,CON,560128.0,304896.0,,,0.034947,0.021157,0.01379,0
539121,0.0,0.0,0.0,0.0,0.0,0.0,udp,0.0,,cs0,,249.0,,7.0,,Start,1,1,0,74,74,0,74.0,0.0,0.0,0.0,0.0,0,0,0,0.0,,,0.0,0.0,0.0,INT,,,610.0,,0.0,0.0,0.0,0
539196,0.0,0.0,0.0,0.0,0.0,0.0,udp,0.0,,cs0,,249.0,,7.0,,Start,1,1,0,74,74,0,74.0,0.0,0.0,0.0,0.0,0,0,0,0.0,,,0.0,0.0,0.0,INT,,,610.0,,0.0,0.0,0.0,0
539222,0.0,0.0,0.0,0.0,0.0,0.0,udp,0.0,,cs0,,249.0,,7.0,,Start,1,1,0,74,74,0,74.0,0.0,0.0,0.0,0.0,0,0,0,0.0,,,0.0,0.0,0.0,INT,,,610.0,,0.0,0.0,0.0,0
539275,0.0,0.0,0.0,0.0,0.0,0.0,udp,0.0,,cs0,,249.0,,7.0,,Start,1,1,0,74,74,0,74.0,0.0,0.0,0.0,0.0,0,0,0,0.0,,,0.0,0.0,0.0,INT,,,610.0,,0.0,0.0,0.0,0
539291,0.0,0.0,0.0,0.0,0.0,0.0,udp,0.0,,cs0,,249.0,,7.0,,Start,1,1,0,74,74,0,74.0,0.0,0.0,0.0,0.0,0,0,0,0.0,,,0.0,0.0,0.0,INT,,,610.0,,0.0,0.0,0.0,0
539332,0.0,0.0,0.0,0.0,0.0,0.0,udp,0.0,,cs0,,249.0,,7.0,,Start,1,1,0,74,74,0,74.0,0.0,0.0,0.0,0.0,0,0,0,0.0,,,0.0,0.0,0.0,INT,,,610.0,,0.0,0.0,0.0,0
539360,0.0,0.0,0.0,0.0,0.0,0.0,udp,0.0,,cs0,,249.0,,7.0,,Start,1,1,0,74,74,0,74.0,0.0,0.0,0.0,0.0,0,0,0,0.0,,,0.0,0.0,0.0,INT,,,610.0,,0.0,0.0,0.0,0
539413,0.0,0.0,0.0,0.0,0.0,0.0,udp,0.0,,cs0,,249.0,,7.0,,Start,1,1,0,74,74,0,74.0,0.0,0.0,0.0,0.0,0,0,0,0.0,,,0.0,0.0,0.0,INT,,,610.0,,0.0,0.0,0.0,0
539420,0.0,0.0,0.0,0.0,0.0,0.0,udp,0.0,,cs0,,249.0,,7.0,,Start,1,1,0,74,74,0,74.0,0.0,0.0,0.0,0.0,0,0,0,0.0,,,0.0,0.0,0.0,INT,,,610.0,,0.0,0.0,0.0,0
539426,0.0,0.0,0.0,0.0,0.0,0.0,udp,0.0,,cs0,,249.0,,7.0,,Start,1,1,0,74,74,0,74.0,0.0,0.0,0.0,0.0,0,0,0,0.0,,,0.0,0.0,0.0,INT,,,610.0,,0.0,0.0,0.0,0
539575,0.0,0.0,0.0,0.0,0.0,0.0,udp,0.0,,cs0,,249.0,,7.0,,Start,1,1,0,74,74,0,74.0,0.0,0.0,0.0,0.0,0,0,0,0.0,,,0.0,0.0,0.0,INT,,,610.0,,0.0,0.0,0.0,0
539586,0.0,0.0,0.0,0.0,0.0,0.0,udp,0.0,,cs0,,249.0,,7.0,,Start,1,1,0,74,74,0,74.0,0.0,0.0,0.0,0.0,0,0,0,0.0,,,0.0,0.0,0.0,INT,,,610.0,,0.0,0.0,0.0,0
539615,0.0,0.0,0.0,0.0,0.0,0.0,udp,0.0,,cs0,,249.0,,7.0,,Start,1,1,0,74,74,0,74.0,0.0,0.0,0.0,0.0,0,0,0,0.0,,,0.0,0.0,0.0,INT,,,610.0,,0.0,0.0,0.0,0
539705,0.0,0.0,0.0,0.0,0.0,0.0,udp,0.0,,cs0,,249.0,,7.0,,Start,1,1,0,74,74,0,74.0,0.0,0.0,0.0,0.0,0,0,0,0.0,,,0.0,0.0,0.0,INT,,,610.0,,0.0,0.0,0.0,0
539792,0.0,0.0,0.0,0.0,0.0,0.0,udp,0.0,,cs0,,249.0,,7.0,,Start,1,1,0,74,74,0,74.0,0.0,0.0,0.0,0.0,0,0,0,0.0,,,0.0,0.0,0.0,INT,,,610.0,,0.0,0.0,0.0,0
539821,0.0,0.0,0.0,0.0,0.0,0.0,udp,0.0,,cs0,,249.0,,7.0,,Start,1,1,0,74,74,0,74.0,0.0,0.0,0.0,0.0,0,0,0,0.0,,,0.0,0.0,0.0,INT,,,610.0,,0.0,0.0,0.0,0
539833,0.0,0.0,0.0,0.0,0.0,0.0,udp,0.0,,cs0,,249.0,,7.0,,Start,1,1,0,74,74,0,74.0,0.0,0.0,0.0,0.0,0,0,0,0.0,,,0.0,0.0,0.0,INT,,,610.0,,0.0,0.0,0.0,0
539836,0.0,0.0,0.0,0.0,0.0,0.0,udp,0.0,,cs0,,249.0,,7.0,,Start,1,1,0,74,74,0,74.0,0.0,0.0,0.0,0.0,0,0,0,0.0,,,0.0,0.0,0.0,INT,,,610.0,,0.0,0.0,0.0,0
539846,0.0,0.0,0.0,0.0,0.0,0.0,udp,0.0,,cs0,,249.0,,7.0,,Start,1,1,0,74,74,0,74.0,0.0,0.0,0.0,0.0,0,0,0,0.0,,,0.0,0.0,0.0,INT,,,610.0,,0.0,0.0,0.0,0
539855,0.0,0.0,0.0,0.0,0.0,0.0,udp,0.0,,cs0,,249.0,,7.0,,Start,1,1,0,74,74,0,74.0,0.0,0.0,0.0,0.0,0,0,0,0.0,,,0.0,0.0,0.0,INT,,,610.0,,0.0,0.0,0.0,0
539918,0.0,0.0,0.0,0.0,0.0,0.0,udp,0.0,,cs0,,249.0,,7.0,,Start,1,1,0,74,74,0,74.0,0.0,0.0,0.0,0.0,0,0,0,0.0,,,0.0,0.0,0.0,INT,,,610.0,,0.0,0.0,0.0,0
539926,0.0,0.0,0.0,0.0,0.0,0.0,udp,0.0,,cs0,,249.0,,7.0,,Start,1,1,0,74,74,0,74.0,0.0,0.0,0.0,0.0,0,0,0,0.0,,,0.0,0.0,0.0,INT,,,610.0,,0.0,0.0,0.0,0
539968,0.030981,0.030981,0.030981,0.030981,0.030981,0.030981,udp,0.0,0.0,cs0,cs0,64.0,62.0,0.0,2.0,Start,2,1,1,239,89,150,89.0,150.0,0.0,0.0,0.0,0,0,0,0.0,,,32.277847,0.0,0.0,CON,,,,,0.0,0.0,0.0,0
540022,0.0,0.0,0.0,0.0,0.0,0.0,udp,0.0,,cs0,,249.0,,7.0,,Start,1,1,0,74,74,0,74.0,0.0,0.0,0.0,0.0,0,0,0,0.0,,,0.0,0.0,0.0,INT,,,610.0,,0.0,0.0,0.0,0
540073,0.0,0.0,0.0,0.0,0.0,0.0,udp,0.0,,cs0,,249.0,,7.0,,Start,1,1,0,74,74,0,74.0,0.0,0.0,0.0,0.0,0,0,0,0.0,,,0.0,0.0,0.0,INT,,,610.0,,0.0,0.0,0.0,0
540102,0.0,0.0,0.0,0.0,0.0,0.0,udp,0.0,,cs0,,249.0,,7.0,,Start,1,1,0,74,74,0,74.0,0.0,0.0,0.0,0.0,0,0,0,0.0,,,0.0,0.0,0.0,INT,,,610.0,,0.0,0.0,0.0,0
540115,0.0,0.0,0.0,0.0,0.0,0.0,udp,0.0,,cs0,,249.0,,7.0,,Start,1,1,0,74,74,0,74.0,0.0,0.0,0.0,0.0,0,0,0,0.0,,,0.0,0.0,0.0,INT,,,610.0,,0.0,0.0,0.0,0
540126,0.0,0.0,0.0,0.0,0.0,0.0,udp,0.0,,cs0,,249.0,,7.0,,Start,1,1,0,74,74,0,74.0,0.0,0.0,0.0,0.0,0,0,0,0.0,,,0.0,0.0,0.0,INT,,,610.0,,0.0,0.0,0.0,0
540190,0.0,0.0,0.0,0.0,0.0,0.0,udp,0.0,,cs0,,249.0,,7.0,,Start,1,1,0,74,74,0,74.0,0.0,0.0,0.0,0.0,0,0,0,0.0,,,0.0,0.0,0.0,INT,,,610.0,,0.0,0.0,0.0,0
540242,0.0,0.0,0.0,0.0,0.0,0.0,udp,0.0,,cs0,,249.0,,7.0,,Start,1,1,0,74,74,0,74.0,0.0,0.0,0.0,0.0,0,0,0,0.0,,,0.0,0.0,0.0,INT,,,610.0,,0.0,0.0,0.0,0
540253,0.0,0.0,0.0,0.0,0.0,0.0,udp,0.0,,cs0,,249.0,,7.0,,Start,1,1,0,74,74,0,74.0,0.0,0.0,0.0,0.0,0,0,0,0.0,,,0.0,0.0,0.0,INT,,,610.0,,0.0,0.0,0.0,0
540258,0.0,0.0,0.0,0.0,0.0,0.0,udp,0.0,,cs0,,249.0,,7.0,,Start,1,1,0,74,74,0,74.0,0.0,0.0,0.0,0.0,0,0,0,0.0,,,0.0,0.0,0.0,INT,,,610.0,,0.0,0.0,0.0,0
540271,0.0,0.0,0.0,0.0,0.0,0.0,udp,0.0,,cs0,,249.0,,7.0,,Start,1,1,0,74,74,0,74.0,0.0,0.0,0.0,0.0,0,0,0,0.0,,,0.0,0.0,0.0,INT,,,610.0,,0.0,0.0,0.0,0
540283,0.0,0.0,0.0,0.0,0.0,0.0,udp,0.0,,cs0,,249.0,,7.0,,Start,1,1,0,74,74,0,74.0,0.0,0.0,0.0,0.0,0,0,0,0.0,,,0.0,0.0,0.0,INT,,,610.0,,0.0,0.0,0.0,0
540317,0.0,0.0,0.0,0.0,0.0,0.0,udp,0.0,,cs0,,249.0,,7.0,,Start,1,1,0,74,74,0,74.0,0.0,0.0,0.0,0.0,0,0,0,0.0,,,0.0,0.0,0.0,INT,,,610.0,,0.0,0.0,0.0,0
540358,0.0,0.0,0.0,0.0,0.0,0.0,icmp,192.0,,cs6,,64.0,,0.0,,Start,1,1,0,178,178,0,178.0,0.0,0.0,0.0,0.0,0,0,0,0.0,,,0.0,0.0,0.0,URP,,,,,0.0,0.0,0.0,0
540454,0.0,0.0,0.0,0.0,0.0,0.0,udp,0.0,,cs0,,249.0,,7.0,,Start,1,1,0,74,74,0,74.0,0.0,0.0,0.0,0.0,0,0,0,0.0,,,0.0,0.0,0.0,INT,,,610.0,,0.0,0.0,0.0,0
540511,0.0,0.0,0.0,0.0,0.0,0.0,udp,0.0,,cs0,,249.0,,7.0,,Start,1,1,0,74,74,0,74.0,0.0,0.0,0.0,0.0,0,0,0,0.0,,,0.0,0.0,0.0,INT,,,610.0,,0.0,0.0,0.0,0
540543,0.0,0.0,0.0,0.0,0.0,0.0,udp,0.0,,cs0,,249.0,,7.0,,Start,1,1,0,74,74,0,74.0,0.0,0.0,0.0,0.0,0,0,0,0.0,,,0.0,0.0,0.0,INT,,,610.0,,0.0,0.0,0.0,0
540593,0.0,0.0,0.0,0.0,0.0,0.0,udp,0.0,,cs0,,249.0,,7.0,,Start,1,1,0,74,74,0,74.0,0.0,0.0,0.0,0.0,0,0,0,0.0,,,0.0,0.0,0.0,INT,,,610.0,,0.0,0.0,0.0,0
540762,0.046025,0.046025,0.046025,0.046025,0.046025,0.046025,udp,0.0,0.0,cs0,cs0,64.0,62.0,0.0,2.0,Start,2,1,1,213,76,137,76.0,137.0,0.0,0.0,0.0,0,0,0,0.0,,,21.727322,0.0,0.0,CON,,,,,0.0,0.0,0.0,0
540828,0.0,0.0,0.0,0.0,0.0,0.0,udp,0.0,,cs0,,249.0,,7.0,,Start,1,1,0,74,74,0,74.0,0.0,0.0,0.0,0.0,0,0,0,0.0,,,0.0,0.0,0.0,INT,,,610.0,,0.0,0.0,0.0,0
540831,0.0,0.0,0.0,0.0,0.0,0.0,udp,0.0,,cs0,,249.0,,7.0,,Start,1,1,0,74,74,0,74.0,0.0,0.0,0.0,0.0,0,0,0,0.0,,,0.0,0.0,0.0,INT,,,610.0,,0.0,0.0,0.0,0
540841,0.0,0.0,0.0,0.0,0.0,0.0,udp,0.0,,cs0,,249.0,,7.0,,Start,1,1,0,74,74,0,74.0,0.0,0.0,0.0,0.0,0,0,0,0.0,,,0.0,0.0,0.0,INT,,,610.0,,0.0,0.0,0.0,0
540861,0.0,0.0,0.0,0.0,0.0,0.0,udp,0.0,,cs0,,249.0,,7.0,,Start,1,1,0,74,74,0,74.0,0.0,0.0,0.0,0.0,0,0,0,0.0,,,0.0,0.0,0.0,INT,,,610.0,,0.0,0.0,0.0,0
540876,0.0,0.0,0.0,0.0,0.0,0.0,udp,0.0,,cs0,,249.0,,7.0,,Start,1,1,0,74,74,0,74.0,0.0,0.0,0.0,0.0,0,0,0,0.0,,,0.0,0.0,0.0,INT,,,610.0,,0.0,0.0,0.0,0
540933,0.0,0.0,0.0,0.0,0.0,0.0,udp,0.0,,cs0,,249.0,,7.0,,Start,1,1,0,74,74,0,74.0,0.0,0.0,0.0,0.0,0,0,0,0.0,,,0.0,0.0,0.0,INT,,,610.0,,0.0,0.0,0.0,0
540967,0.0,0.0,0.0,0.0,0.0,0.0,udp,0.0,,cs0,,249.0,,7.0,,Start,1,1,0,74,74,0,74.0,0.0,0.0,0.0,0.0,0,0,0,0.0,,,0.0,0.0,0.0,INT,,,610.0,,0.0,0.0,0.0,0
540993,0.0,0.0,0.0,0.0,0.0,0.0,udp,0.0,,cs0,,249.0,,7.0,,Start,1,1,0,74,74,0,74.0,0.0,0.0,0.0,0.0,0,0,0,0.0,,,0.0,0.0,0.0,INT,,,610.0,,0.0,0.0,0.0,0
541003,0.0,0.0,0.0,0.0,0.0,0.0,udp,0.0,,cs0,,249.0,,7.0,,Start,1,1,0,74,74,0,74.0,0.0,0.0,0.0,0.0,0,0,0,0.0,,,0.0,0.0,0.0,INT,,,610.0,,0.0,0.0,0.0,0
541021,0.0,0.0,0.0,0.0,0.0,0.0,udp,0.0,,cs0,,249.0,,7.0,,Start,1,1,0,74,74,0,74.0,0.0,0.0,0.0,0.0,0,0,0,0.0,,,0.0,0.0,0.0,INT,,,610.0,,0.0,0.0,0.0,0
541084,0.0,0.0,0.0,0.0,0.0,0.0,udp,0.0,,cs0,,249.0,,7.0,,Start,1,1,0,74,74,0,74.0,0.0,0.0,0.0,0.0,0,0,0,0.0,,,0.0,0.0,0.0,INT,,,610.0,,0.0,0.0,0.0,0
541094,0.0,0.0,0.0,0.0,0.0,0.0,udp,0.0,,cs0,,249.0,,7.0,,Start,1,1,0,74,74,0,74.0,0.0,0.0,0.0,0.0,0,0,0,0.0,,,0.0,0.0,0.0,INT,,,610.0,,0.0,0.0,0.0,0
541197,0.020132,0.020132,0.020132,0.020132,0.020132,0.020132,udp,0.0,0.0,cs0,cs0,64.0,62.0,0.0,2.0,Start,2,1,1,239,89,150,89.0,150.0,0.0,0.0,0.0,0,0,0,0.0,,,49.672165,0.0,0.0,CON,,,,,0.0,0.0,0.0,0
541250,0.0,0.0,0.0,0.0,0.0,0.0,udp,0.0,,cs0,,249.0,,7.0,,Start,1,1,0,74,74,0,74.0,0.0,0.0,0.0,0.0,0,0,0,0.0,,,0.0,0.0,0.0,INT,,,610.0,,0.0,0.0,0.0,0
541302,0.0,0.0,0.0,0.0,0.0,0.0,udp,0.0,,cs0,,249.0,,7.0,,Start,1,1,0,74,74,0,74.0,0.0,0.0,0.0,0.0,0,0,0,0.0,,,0.0,0.0,0.0,INT,,,610.0,,0.0,0.0,0.0,0
541379,0.0,0.0,0.0,0.0,0.0,0.0,udp,0.0,,cs0,,249.0,,7.0,,Start,1,1,0,74,74,0,74.0,0.0,0.0,0.0,0.0,0,0,0,0.0,,,0.0,0.0,0.0,INT,,,610.0,,0.0,0.0,0.0,0
541396,0.0,0.0,0.0,0.0,0.0,0.0,udp,0.0,,cs0,,249.0,,7.0,,Start,1,1,0,74,74,0,74.0,0.0,0.0,0.0,0.0,0,0,0,0.0,,,0.0,0.0,0.0,INT,,,610.0,,0.0,0.0,0.0,0
541420,0.0,0.0,0.0,0.0,0.0,0.0,udp,0.0,,cs0,,249.0,,7.0,,Start,1,1,0,74,74,0,74.0,0.0,0.0,0.0,0.0,0,0,0,0.0,,,0.0,0.0,0.0,INT,,,610.0,,0.0,0.0,0.0,0
541432,0.0,0.0,0.0,0.0,0.0,0.0,udp,0.0,,cs0,,249.0,,7.0,,Start,1,1,0,74,74,0,74.0,0.0,0.0,0.0,0.0,0,0,0,0.0,,,0.0,0.0,0.0,INT,,,610.0,,0.0,0.0,0.0,0
541459,0.0,0.0,0.0,0.0,0.0,0.0,udp,0.0,,cs0,,249.0,,7.0,,Start,1,1,0,74,74,0,74.0,0.0,0.0,0.0,0.0,0,0,0,0.0,,,0.0,0.0,0.0,INT,,,610.0,,0.0,0.0,0.0,0
541504,0.0,0.0,0.0,0.0,0.0,0.0,udp,0.0,,cs0,,249.0,,7.0,,Start,1,1,0,74,74,0,74.0,0.0,0.0,0.0,0.0,0,0,0,0.0,,,0.0,0.0,0.0,INT,,,610.0,,0.0,0.0,0.0,0
541549,0.0,0.0,0.0,0.0,0.0,0.0,udp,0.0,,cs0,,249.0,,7.0,,Start,1,1,0,74,74,0,74.0,0.0,0.0,0.0,0.0,0,0,0,0.0,,,0.0,0.0,0.0,INT,,,610.0,,0.0,0.0,0.0,0
541594,0.0,0.0,0.0,0.0,0.0,0.0,udp,0.0,,cs0,,249.0,,7.0,,Start,1,1,0,74,74,0,74.0,0.0,0.0,0.0,0.0,0,0,0,0.0,,,0.0,0.0,0.0,INT,,,610.0,,0.0,0.0,0.0,0
541660,0.03903,0.03903,0.03903,0.03903,0.03903,0.03903,udp,0.0,0.0,cs0,cs0,64.0,62.0,0.0,2.0,Start,2,1,1,248,100,148,100.0,148.0,0.0,0.0,0.0,0,0,0,0.0,,,25.621317,0.0,0.0,CON,,,,,0.0,0.0,0.0,0
541675,0.0,0.0,0.0,0.0,0.0,0.0,icmp,192.0,,cs6,,64.0,,0.0,,Start,1,1,0,176,176,0,176.0,0.0,0.0,0.0,0.0,0,0,0,0.0,,,0.0,0.0,0.0,URP,,,,,0.0,0.0,0.0,0
541686,0.0,0.0,0.0,0.0,0.0,0.0,udp,0.0,,cs0,,249.0,,7.0,,Start,1,1,0,74,74,0,74.0,0.0,0.0,0.0,0.0,0,0,0,0.0,,,0.0,0.0,0.0,INT,,,610.0,,0.0,0.0,0.0,0
541770,0.0,0.0,0.0,0.0,0.0,0.0,udp,0.0,,cs0,,249.0,,7.0,,Start,1,1,0,74,74,0,74.0,0.0,0.0,0.0,0.0,0,0,0,0.0,,,0.0,0.0,0.0,INT,,,610.0,,0.0,0.0,0.0,0
541812,0.0,0.0,0.0,0.0,0.0,0.0,udp,0.0,,cs0,,249.0,,7.0,,Start,1,1,0,74,74,0,74.0,0.0,0.0,0.0,0.0,0,0,0,0.0,,,0.0,0.0,0.0,INT,,,610.0,,0.0,0.0,0.0,0
541814,0.0,0.0,0.0,0.0,0.0,0.0,udp,0.0,,cs0,,249.0,,7.0,,Start,1,1,0,74,74,0,74.0,0.0,0.0,0.0,0.0,0,0,0,0.0,,,0.0,0.0,0.0,INT,,,610.0,,0.0,0.0,0.0,0
541862,0.0,0.0,0.0,0.0,0.0,0.0,udp,0.0,,cs0,,249.0,,7.0,,Start,1,1,0,74,74,0,74.0,0.0,0.0,0.0,0.0,0,0,0,0.0,,,0.0,0.0,0.0,INT,,,610.0,,0.0,0.0,0.0,0
541863,0.0,0.0,0.0,0.0,0.0,0.0,udp,0.0,,cs0,,249.0,,7.0,,Start,1,1,0,74,74,0,74.0,0.0,0.0,0.0,0.0,0,0,0,0.0,,,0.0,0.0,0.0,INT,,,610.0,,0.0,0.0,0.0,0
541874,0.0,0.0,0.0,0.0,0.0,0.0,udp,0.0,,cs0,,249.0,,7.0,,Start,1,1,0,74,74,0,74.0,0.0,0.0,0.0,0.0,0,0,0,0.0,,,0.0,0.0,0.0,INT,,,610.0,,0.0,0.0,0.0,0
542037,0.0,0.0,0.0,0.0,0.0,0.0,udp,0.0,,cs0,,249.0,,7.0,,Start,1,1,0,74,74,0,74.0,0.0,0.0,0.0,0.0,0,0,0,0.0,,,0.0,0.0,0.0,INT,,,610.0,,0.0,0.0,0.0,0
542049,0.0,0.0,0.0,0.0,0.0,0.0,udp,0.0,,cs0,,249.0,,7.0,,Start,1,1,0,74,74,0,74.0,0.0,0.0,0.0,0.0,0,0,0,0.0,,,0.0,0.0,0.0,INT,,,610.0,,0.0,0.0,0.0,0
542182,0.0,0.0,0.0,0.0,0.0,0.0,udp,0.0,,cs0,,249.0,,7.0,,Start,1,1,0,74,74,0,74.0,0.0,0.0,0.0,0.0,0,0,0,0.0,,,0.0,0.0,0.0,INT,,,610.0,,0.0,0.0,0.0,0
542215,0.0,0.0,0.0,0.0,0.0,0.0,udp,0.0,,cs0,,249.0,,7.0,,Start,1,1,0,74,74,0,74.0,0.0,0.0,0.0,0.0,0,0,0,0.0,,,0.0,0.0,0.0,INT,,,610.0,,0.0,0.0,0.0,0
542222,0.0,0.0,0.0,0.0,0.0,0.0,udp,0.0,,cs0,,249.0,,7.0,,Start,1,1,0,74,74,0,74.0,0.0,0.0,0.0,0.0,0,0,0,0.0,,,0.0,0.0,0.0,INT,,,610.0,,0.0,0.0,0.0,0
542230,0.0,0.0,0.0,0.0,0.0,0.0,udp,0.0,,cs0,,249.0,,7.0,,Start,1,1,0,74,74,0,74.0,0.0,0.0,0.0,0.0,0,0,0,0.0,,,0.0,0.0,0.0,INT,,,610.0,,0.0,0.0,0.0,0
542245,0.0,0.0,0.0,0.0,0.0,0.0,udp,0.0,,cs0,,249.0,,7.0,,Start,1,1,0,74,74,0,74.0,0.0,0.0,0.0,0.0,0,0,0,0.0,,,0.0,0.0,0.0,INT,,,610.0,,0.0,0.0,0.0,0
542299,0.0,0.0,0.0,0.0,0.0,0.0,udp,0.0,,cs0,,249.0,,7.0,,Start,1,1,0,74,74,0,74.0,0.0,0.0,0.0,0.0,0,0,0,0.0,,,0.0,0.0,0.0,INT,,,610.0,,0.0,0.0,0.0,0
542301,0.0,0.0,0.0,0.0,0.0,0.0,udp,0.0,,cs0,,249.0,,7.0,,Start,1,1,0,74,74,0,74.0,0.0,0.0,0.0,0.0,0,0,0,0.0,,,0.0,0.0,0.0,INT,,,610.0,,0.0,0.0,0.0,0
542355,0.0,0.0,0.0,0.0,0.0,0.0,udp,0.0,,cs0,,249.0,,7.0,,Start,1,1,0,74,74,0,74.0,0.0,0.0,0.0,0.0,0,0,0,0.0,,,0.0,0.0,0.0,INT,,,610.0,,0.0,0.0,0.0,0
542374,0.0,0.0,0.0,0.0,0.0,0.0,udp,0.0,,cs0,,249.0,,7.0,,Start,1,1,0,74,74,0,74.0,0.0,0.0,0.0,0.0,0,0,0,0.0,,,0.0,0.0,0.0,INT,,,610.0,,0.0,0.0,0.0,0
542392,0.0,0.0,0.0,0.0,0.0,0.0,udp,0.0,,cs0,,249.0,,7.0,,Start,1,1,0,74,74,0,74.0,0.0,0.0,0.0,0.0,0,0,0,0.0,,,0.0,0.0,0.0,INT,,,610.0,,0.0,0.0,0.0,0
542419,0.0,0.0,0.0,0.0,0.0,0.0,udp,0.0,,cs0,,249.0,,7.0,,Start,1,1,0,74,74,0,74.0,0.0,0.0,0.0,0.0,0,0,0,0.0,,,0.0,0.0,0.0,INT,,,610.0,,0.0,0.0,0.0,0
542457,0.0,0.0,0.0,0.0,0.0,0.0,udp,0.0,,cs0,,249.0,,7.0,,Start,1,1,0,74,74,0,74.0,0.0,0.0,0.0,0.0,0,0,0,0.0,,,0.0,0.0,0.0,INT,,,610.0,,0.0,0.0,0.0,0
542462,0.0,0.0,0.0,0.0,0.0,0.0,udp,0.0,,cs0,,249.0,,7.0,,Start,1,1,0,74,74,0,74.0,0.0,0.0,0.0,0.0,0,0,0,0.0,,,0.0,0.0,0.0,INT,,,610.0,,0.0,0.0,0.0,0
542564,0.0,0.0,0.0,0.0,0.0,0.0,udp,0.0,,cs0,,249.0,,7.0,,Start,1,1,0,74,74,0,74.0,0.0,0.0,0.0,0.0,0,0,0,0.0,,,0.0,0.0,0.0,INT,,,610.0,,0.0,0.0,0.0,0
542600,0.0,0.0,0.0,0.0,0.0,0.0,udp,0.0,,cs0,,249.0,,7.0,,Start,1,1,0,74,74,0,74.0,0.0,0.0,0.0,0.0,0,0,0,0.0,,,0.0,0.0,0.0,INT,,,610.0,,0.0,0.0,0.0,0
542635,0.0,0.0,0.0,0.0,0.0,0.0,udp,0.0,,cs0,,249.0,,7.0,,Start,1,1,0,74,74,0,74.0,0.0,0.0,0.0,0.0,0,0,0,0.0,,,0.0,0.0,0.0,INT,,,610.0,,0.0,0.0,0.0,0
542646,0.0,0.0,0.0,0.0,0.0,0.0,udp,0.0,,cs0,,249.0,,7.0,,Start,1,1,0,74,74,0,74.0,0.0,0.0,0.0,0.0,0,0,0,0.0,,,0.0,0.0,0.0,INT,,,610.0,,0.0,0.0,0.0,0
542647,0.0,0.0,0.0,0.0,0.0,0.0,udp,0.0,,cs0,,249.0,,7.0,,Start,1,1,0,74,74,0,74.0,0.0,0.0,0.0,0.0,0,0,0,0.0,,,0.0,0.0,0.0,INT,,,610.0,,0.0,0.0,0.0,0
542667,0.0,0.0,0.0,0.0,0.0,0.0,udp,0.0,,cs0,,249.0,,7.0,,Start,1,1,0,74,74,0,74.0,0.0,0.0,0.0,0.0,0,0,0,0.0,,,0.0,0.0,0.0,INT,,,610.0,,0.0,0.0,0.0,0
542710,0.0,0.0,0.0,0.0,0.0,0.0,udp,0.0,,cs0,,249.0,,7.0,,Start,1,1,0,74,74,0,74.0,0.0,0.0,0.0,0.0,0,0,0,0.0,,,0.0,0.0,0.0,INT,,,610.0,,0.0,0.0,0.0,0
542759,0.0,0.0,0.0,0.0,0.0,0.0,udp,0.0,,cs0,,249.0,,7.0,,Start,1,1,0,74,74,0,74.0,0.0,0.0,0.0,0.0,0,0,0,0.0,,,0.0,0.0,0.0,INT,,,610.0,,0.0,0.0,0.0,0
542788,0.0,0.0,0.0,0.0,0.0,0.0,udp,0.0,,cs0,,249.0,,7.0,,Start,1,1,0,74,74,0,74.0,0.0,0.0,0.0,0.0,0,0,0,0.0,,,0.0,0.0,0.0,INT,,,610.0,,0.0,0.0,0.0,0
542801,0.0,0.0,0.0,0.0,0.0,0.0,udp,0.0,,cs0,,249.0,,7.0,,Start,1,1,0,74,74,0,74.0,0.0,0.0,0.0,0.0,0,0,0,0.0,,,0.0,0.0,0.0,INT,,,610.0,,0.0,0.0,0.0,0
542856,0.0,0.0,0.0,0.0,0.0,0.0,udp,0.0,,cs0,,249.0,,7.0,,Start,1,1,0,74,74,0,74.0,0.0,0.0,0.0,0.0,0,0,0,0.0,,,0.0,0.0,0.0,INT,,,610.0,,0.0,0.0,0.0,0
542904,0.0,0.0,0.0,0.0,0.0,0.0,udp,0.0,,cs0,,249.0,,7.0,,Start,1,1,0,74,74,0,74.0,0.0,0.0,0.0,0.0,0,0,0,0.0,,,0.0,0.0,0.0,INT,,,610.0,,0.0,0.0,0.0,0
542909,0.0,0.0,0.0,0.0,0.0,0.0,udp,0.0,,cs0,,249.0,,7.0,,Start,1,1,0,74,74,0,74.0,0.0,0.0,0.0,0.0,0,0,0,0.0,,,0.0,0.0,0.0,INT,,,610.0,,0.0,0.0,0.0,0
542933,0.0,0.0,0.0,0.0,0.0,0.0,udp,0.0,,cs0,,249.0,,7.0,,Start,1,1,0,74,74,0,74.0,0.0,0.0,0.0,0.0,0,0,0,0.0,,,0.0,0.0,0.0,INT,,,610.0,,0.0,0.0,0.0,0
542957,0.039111,0.039111,0.039111,0.039111,0.039111,0.039111,udp,0.0,0.0,cs0,cs0,64.0,62.0,0.0,2.0,Start,2,1,1,239,89,150,89.0,150.0,0.0,0.0,0.0,0,0,0,0.0,,,25.568254,0.0,0.0,CON,,,,,0.0,0.0,0.0,0
543053,0.0,0.0,0.0,0.0,0.0,0.0,udp,0.0,,cs0,,249.0,,7.0,,Start,1,1,0,74,74,0,74.0,0.0,0.0,0.0,0.0,0,0,0,0.0,,,0.0,0.0,0.0,INT,,,610.0,,0.0,0.0,0.0,0
543090,0.0,0.0,0.0,0.0,0.0,0.0,udp,0.0,,cs0,,249.0,,7.0,,Start,1,1,0,74,74,0,74.0,0.0,0.0,0.0,0.0,0,0,0,0.0,,,0.0,0.0,0.0,INT,,,610.0,,0.0,0.0,0.0,0
543128,0.0,0.0,0.0,0.0,0.0,0.0,udp,0.0,,cs0,,249.0,,7.0,,Start,1,1,0,74,74,0,74.0,0.0,0.0,0.0,0.0,0,0,0,0.0,,,0.0,0.0,0.0,INT,,,610.0,,0.0,0.0,0.0,0
543145,0.0,0.0,0.0,0.0,0.0,0.0,udp,0.0,,cs0,,249.0,,7.0,,Start,1,1,0,74,74,0,74.0,0.0,0.0,0.0,0.0,0,0,0,0.0,,,0.0,0.0,0.0,INT,,,610.0,,0.0,0.0,0.0,0
543195,0.0,0.0,0.0,0.0,0.0,0.0,udp,0.0,,cs0,,249.0,,7.0,,Start,1,1,0,74,74,0,74.0,0.0,0.0,0.0,0.0,0,0,0,0.0,,,0.0,0.0,0.0,INT,,,610.0,,0.0,0.0,0.0,0
543218,0.0,0.0,0.0,0.0,0.0,0.0,udp,0.0,,cs0,,249.0,,7.0,,Start,1,1,0,74,74,0,74.0,0.0,0.0,0.0,0.0,0,0,0,0.0,,,0.0,0.0,0.0,INT,,,610.0,,0.0,0.0,0.0,0
543227,0.0,0.0,0.0,0.0,0.0,0.0,udp,0.0,,cs0,,249.0,,7.0,,Start,1,1,0,74,74,0,74.0,0.0,0.0,0.0,0.0,0,0,0,0.0,,,0.0,0.0,0.0,INT,,,610.0,,0.0,0.0,0.0,0
543257,0.0,0.0,0.0,0.0,0.0,0.0,udp,0.0,,cs0,,249.0,,7.0,,Start,1,1,0,74,74,0,74.0,0.0,0.0,0.0,0.0,0,0,0,0.0,,,0.0,0.0,0.0,INT,,,610.0,,0.0,0.0,0.0,0
543284,0.0,0.0,0.0,0.0,0.0,0.0,udp,0.0,,cs0,,249.0,,7.0,,Start,1,1,0,74,74,0,74.0,0.0,0.0,0.0,0.0,0,0,0,0.0,,,0.0,0.0,0.0,INT,,,610.0,,0.0,0.0,0.0,0
543331,0.0,0.0,0.0,0.0,0.0,0.0,udp,0.0,,cs0,,249.0,,7.0,,Start,1,1,0,74,74,0,74.0,0.0,0.0,0.0,0.0,0,0,0,0.0,,,0.0,0.0,0.0,INT,,,610.0,,0.0,0.0,0.0,0
543338,0.0,0.0,0.0,0.0,0.0,0.0,udp,0.0,,cs0,,249.0,,7.0,,Start,1,1,0,74,74,0,74.0,0.0,0.0,0.0,0.0,0,0,0,0.0,,,0.0,0.0,0.0,INT,,,610.0,,0.0,0.0,0.0,0
543405,0.045956,0.045956,0.045956,0.045956,0.045956,0.045956,udp,0.0,0.0,cs0,cs0,64.0,62.0,0.0,2.0,Start,2,1,1,410,89,321,89.0,321.0,0.0,0.0,0.0,0,0,0,0.0,,,21.759945,0.0,0.0,CON,,,,,0.0,0.0,0.0,0
543439,0.0,0.0,0.0,0.0,0.0,0.0,udp,0.0,,cs0,,249.0,,7.0,,Start,1,1,0,74,74,0,74.0,0.0,0.0,0.0,0.0,0,0,0,0.0,,,0.0,0.0,0.0,INT,,,610.0,,0.0,0.0,0.0,0
543472,0.0,0.0,0.0,0.0,0.0,0.0,udp,0.0,,cs0,,249.0,,7.0,,Start,1,1,0,74,74,0,74.0,0.0,0.0,0.0,0.0,0,0,0,0.0,,,0.0,0.0,0.0,INT,,,610.0,,0.0,0.0,0.0,0
543477,0.0,0.0,0.0,0.0,0.0,0.0,udp,0.0,,cs0,,249.0,,7.0,,Start,1,1,0,74,74,0,74.0,0.0,0.0,0.0,0.0,0,0,0,0.0,,,0.0,0.0,0.0,INT,,,610.0,,0.0,0.0,0.0,0
543489,0.0,0.0,0.0,0.0,0.0,0.0,udp,0.0,,cs0,,249.0,,7.0,,Start,1,1,0,74,74,0,74.0,0.0,0.0,0.0,0.0,0,0,0,0.0,,,0.0,0.0,0.0,INT,,,610.0,,0.0,0.0,0.0,0
543522,0.0,0.0,0.0,0.0,0.0,0.0,udp,0.0,,cs0,,249.0,,7.0,,Start,1,1,0,74,74,0,74.0,0.0,0.0,0.0,0.0,0,0,0,0.0,,,0.0,0.0,0.0,INT,,,610.0,,0.0,0.0,0.0,0
543584,0.0,0.0,0.0,0.0,0.0,0.0,udp,0.0,,cs0,,249.0,,7.0,,Start,1,1,0,74,74,0,74.0,0.0,0.0,0.0,0.0,0,0,0,0.0,,,0.0,0.0,0.0,INT,,,610.0,,0.0,0.0,0.0,0
543618,0.0,0.0,0.0,0.0,0.0,0.0,udp,0.0,,cs0,,249.0,,7.0,,Start,1,1,0,74,74,0,74.0,0.0,0.0,0.0,0.0,0,0,0,0.0,,,0.0,0.0,0.0,INT,,,610.0,,0.0,0.0,0.0,0
543626,0.0,0.0,0.0,0.0,0.0,0.0,udp,0.0,,cs0,,249.0,,7.0,,Start,1,1,0,74,74,0,74.0,0.0,0.0,0.0,0.0,0,0,0,0.0,,,0.0,0.0,0.0,INT,,,610.0,,0.0,0.0,0.0,0
543881,4.864963,4.864963,4.864963,4.864963,4.864963,4.864963,tcp,0.0,0.0,cs0,cs0,64.0,62.0,0.0,2.0,Status,8,4,4,571,295,276,73.75,69.0,705.452454,365.059296,340.393127,0,0,0,0.0,0.0,0.0,1.43886,0.616654,0.616654,FIN,75776.0,31104.0,,,0.014992,0.001165,0.013827,0
543907,0.0,0.0,0.0,0.0,0.0,0.0,icmp,0.0,,cs0,,58.0,,6.0,,Start,1,1,0,98,98,0,98.0,0.0,0.0,0.0,0.0,0,0,0,0.0,,,0.0,0.0,0.0,ECO,,,,,0.0,0.0,0.0,0
543970,0.0,0.0,0.0,0.0,0.0,0.0,udp,0.0,,cs0,,249.0,,7.0,,Start,1,1,0,74,74,0,74.0,0.0,0.0,0.0,0.0,0,0,0,0.0,,,0.0,0.0,0.0,INT,,,610.0,,0.0,0.0,0.0,0
544072,0.0,0.0,0.0,0.0,0.0,0.0,udp,0.0,,cs0,,249.0,,7.0,,Start,1,1,0,74,74,0,74.0,0.0,0.0,0.0,0.0,0,0,0,0.0,,,0.0,0.0,0.0,INT,,,610.0,,0.0,0.0,0.0,0
544147,0.0,0.0,0.0,0.0,0.0,0.0,udp,0.0,,cs0,,249.0,,7.0,,Start,1,1,0,74,74,0,74.0,0.0,0.0,0.0,0.0,0,0,0,0.0,,,0.0,0.0,0.0,INT,,,610.0,,0.0,0.0,0.0,0
544188,0.0,0.0,0.0,0.0,0.0,0.0,udp,0.0,,cs0,,249.0,,7.0,,Start,1,1,0,74,74,0,74.0,0.0,0.0,0.0,0.0,0,0,0,0.0,,,0.0,0.0,0.0,INT,,,610.0,,0.0,0.0,0.0,0
544201,0.0,0.0,0.0,0.0,0.0,0.0,udp,0.0,,cs0,,249.0,,7.0,,Start,1,1,0,74,74,0,74.0,0.0,0.0,0.0,0.0,0,0,0,0.0,,,0.0,0.0,0.0,INT,,,610.0,,0.0,0.0,0.0,0
544202,0.0,0.0,0.0,0.0,0.0,0.0,udp,0.0,,cs0,,249.0,,7.0,,Start,1,1,0,74,74,0,74.0,0.0,0.0,0.0,0.0,0,0,0,0.0,,,0.0,0.0,0.0,INT,,,610.0,,0.0,0.0,0.0,0
544218,0.0,0.0,0.0,0.0,0.0,0.0,udp,0.0,,cs0,,249.0,,7.0,,Start,1,1,0,74,74,0,74.0,0.0,0.0,0.0,0.0,0,0,0,0.0,,,0.0,0.0,0.0,INT,,,610.0,,0.0,0.0,0.0,0
544235,0.0,0.0,0.0,0.0,0.0,0.0,udp,0.0,,cs0,,249.0,,7.0,,Start,1,1,0,74,74,0,74.0,0.0,0.0,0.0,0.0,0,0,0,0.0,,,0.0,0.0,0.0,INT,,,610.0,,0.0,0.0,0.0,0
544317,0.0,0.0,0.0,0.0,0.0,0.0,icmp,192.0,,cs6,,64.0,,0.0,,Start,1,1,0,349,349,0,349.0,0.0,0.0,0.0,0.0,0,0,0,0.0,,,0.0,0.0,0.0,URP,,,,,0.0,0.0,0.0,0
544405,4.897324,4.897324,4.897324,4.897324,4.897324,4.897324,tcp,0.0,0.0,cs0,cs0,64.0,117.0,0.0,11.0,Status,67,19,48,69059,2839,66220,149.421051,1379.583374,110314.9375,4394.236328,105920.7031,0,0,0,0.0,0.0,0.0,13.476748,3.675477,9.597077,CON,1464832.0,296448.0,,,0.048904,0.020681,0.028223,0
544431,0.0,0.0,0.0,0.0,0.0,0.0,udp,0.0,,cs0,,249.0,,7.0,,Start,1,1,0,74,74,0,74.0,0.0,0.0,0.0,0.0,0,0,0,0.0,,,0.0,0.0,0.0,INT,,,610.0,,0.0,0.0,0.0,0
544469,0.0,0.0,0.0,0.0,0.0,0.0,udp,0.0,,cs0,,249.0,,7.0,,Start,1,1,0,74,74,0,74.0,0.0,0.0,0.0,0.0,0,0,0,0.0,,,0.0,0.0,0.0,INT,,,610.0,,0.0,0.0,0.0,0
544477,0.0,0.0,0.0,0.0,0.0,0.0,udp,0.0,,cs0,,249.0,,7.0,,Start,1,1,0,74,74,0,74.0,0.0,0.0,0.0,0.0,0,0,0,0.0,,,0.0,0.0,0.0,INT,,,610.0,,0.0,0.0,0.0,0
544514,0.0,0.0,0.0,0.0,0.0,0.0,udp,0.0,,cs0,,249.0,,7.0,,Start,1,1,0,74,74,0,74.0,0.0,0.0,0.0,0.0,0,0,0,0.0,,,0.0,0.0,0.0,INT,,,610.0,,0.0,0.0,0.0,0
544518,0.0,0.0,0.0,0.0,0.0,0.0,udp,0.0,,cs0,,249.0,,7.0,,Start,1,1,0,74,74,0,74.0,0.0,0.0,0.0,0.0,0,0,0,0.0,,,0.0,0.0,0.0,INT,,,610.0,,0.0,0.0,0.0,0
544583,0.0,0.0,0.0,0.0,0.0,0.0,udp,0.0,,cs0,,249.0,,7.0,,Start,1,1,0,74,74,0,74.0,0.0,0.0,0.0,0.0,0,0,0,0.0,,,0.0,0.0,0.0,INT,,,610.0,,0.0,0.0,0.0,0
544584,0.0,0.0,0.0,0.0,0.0,0.0,udp,0.0,,cs0,,249.0,,7.0,,Start,1,1,0,74,74,0,74.0,0.0,0.0,0.0,0.0,0,0,0,0.0,,,0.0,0.0,0.0,INT,,,610.0,,0.0,0.0,0.0,0
544615,0.0,0.0,0.0,0.0,0.0,0.0,udp,0.0,,cs0,,249.0,,7.0,,Start,1,1,0,74,74,0,74.0,0.0,0.0,0.0,0.0,0,0,0,0.0,,,0.0,0.0,0.0,INT,,,610.0,,0.0,0.0,0.0,0
544695,0.0,0.0,0.0,0.0,0.0,0.0,udp,0.0,,cs0,,249.0,,7.0,,Start,1,1,0,74,74,0,74.0,0.0,0.0,0.0,0.0,0,0,0,0.0,,,0.0,0.0,0.0,INT,,,610.0,,0.0,0.0,0.0,0
544699,0.0,0.0,0.0,0.0,0.0,0.0,udp,0.0,,cs0,,249.0,,7.0,,Start,1,1,0,74,74,0,74.0,0.0,0.0,0.0,0.0,0,0,0,0.0,,,0.0,0.0,0.0,INT,,,610.0,,0.0,0.0,0.0,0
544835,0.0,0.0,0.0,0.0,0.0,0.0,udp,0.0,,cs0,,249.0,,7.0,,Start,1,1,0,74,74,0,74.0,0.0,0.0,0.0,0.0,0,0,0,0.0,,,0.0,0.0,0.0,INT,,,610.0,,0.0,0.0,0.0,0
544878,0.0,0.0,0.0,0.0,0.0,0.0,udp,0.0,,cs0,,249.0,,7.0,,Start,1,1,0,74,74,0,74.0,0.0,0.0,0.0,0.0,0,0,0,0.0,,,0.0,0.0,0.0,INT,,,610.0,,0.0,0.0,0.0,0
544920,0.0,0.0,0.0,0.0,0.0,0.0,udp,0.0,,cs0,,249.0,,7.0,,Start,1,1,0,74,74,0,74.0,0.0,0.0,0.0,0.0,0,0,0,0.0,,,0.0,0.0,0.0,INT,,,610.0,,0.0,0.0,0.0,0
544943,0.0,0.0,0.0,0.0,0.0,0.0,udp,0.0,,cs0,,249.0,,7.0,,Start,1,1,0,74,74,0,74.0,0.0,0.0,0.0,0.0,0,0,0,0.0,,,0.0,0.0,0.0,INT,,,610.0,,0.0,0.0,0.0,0
544944,0.0,0.0,0.0,0.0,0.0,0.0,udp,0.0,,cs0,,249.0,,7.0,,Start,1,1,0,74,74,0,74.0,0.0,0.0,0.0,0.0,0,0,0,0.0,,,0.0,0.0,0.0,INT,,,610.0,,0.0,0.0,0.0,0
545010,0.0,0.0,0.0,0.0,0.0,0.0,udp,0.0,,cs0,,249.0,,7.0,,Start,1,1,0,74,74,0,74.0,0.0,0.0,0.0,0.0,0,0,0,0.0,,,0.0,0.0,0.0,INT,,,610.0,,0.0,0.0,0.0,0
545057,0.0,0.0,0.0,0.0,0.0,0.0,udp,0.0,,cs0,,249.0,,7.0,,Start,1,1,0,74,74,0,74.0,0.0,0.0,0.0,0.0,0,0,0,0.0,,,0.0,0.0,0.0,INT,,,610.0,,0.0,0.0,0.0,0
545075,0.0,0.0,0.0,0.0,0.0,0.0,udp,0.0,,cs0,,249.0,,7.0,,Start,1,1,0,74,74,0,74.0,0.0,0.0,0.0,0.0,0,0,0,0.0,,,0.0,0.0,0.0,INT,,,610.0,,0.0,0.0,0.0,0
545078,0.0,0.0,0.0,0.0,0.0,0.0,udp,0.0,,cs0,,249.0,,7.0,,Start,1,1,0,74,74,0,74.0,0.0,0.0,0.0,0.0,0,0,0,0.0,,,0.0,0.0,0.0,INT,,,610.0,,0.0,0.0,0.0,0
545100,0.0,0.0,0.0,0.0,0.0,0.0,udp,0.0,,cs0,,249.0,,7.0,,Start,1,1,0,74,74,0,74.0,0.0,0.0,0.0,0.0,0,0,0,0.0,,,0.0,0.0,0.0,INT,,,610.0,,0.0,0.0,0.0,0
545106,0.0,0.0,0.0,0.0,0.0,0.0,udp,0.0,,cs0,,249.0,,7.0,,Start,1,1,0,74,74,0,74.0,0.0,0.0,0.0,0.0,0,0,0,0.0,,,0.0,0.0,0.0,INT,,,610.0,,0.0,0.0,0.0,0
545131,0.0,0.0,0.0,0.0,0.0,0.0,udp,0.0,,cs0,,249.0,,7.0,,Start,1,1,0,74,74,0,74.0,0.0,0.0,0.0,0.0,0,0,0,0.0,,,0.0,0.0,0.0,INT,,,610.0,,0.0,0.0,0.0,0
545254,0.0,0.0,0.0,0.0,0.0,0.0,udp,0.0,,cs0,,249.0,,7.0,,Start,1,1,0,74,74,0,74.0,0.0,0.0,0.0,0.0,0,0,0,0.0,,,0.0,0.0,0.0,INT,,,610.0,,0.0,0.0,0.0,0
545350,4.96299,4.96299,4.96299,4.96299,4.96299,4.96299,tcp,0.0,0.0,cs0,cs0,64.0,117.0,0.0,11.0,Status,256,47,209,310147,4688,305459,99.744682,1461.526367,497421.125,7397.153809,490023.9688,0,0,0,0.0,0.0,0.0,51.380318,9.268606,41.910221,CON,1651712.0,306944.0,,,0.046038,0.020616,0.025422,0
545360,0.0,0.0,0.0,0.0,0.0,0.0,udp,0.0,,cs0,,249.0,,7.0,,Start,1,1,0,74,74,0,74.0,0.0,0.0,0.0,0.0,0,0,0,0.0,,,0.0,0.0,0.0,INT,,,610.0,,0.0,0.0,0.0,0
545454,0.0,0.0,0.0,0.0,0.0,0.0,udp,0.0,,cs0,,249.0,,7.0,,Start,1,1,0,74,74,0,74.0,0.0,0.0,0.0,0.0,0,0,0,0.0,,,0.0,0.0,0.0,INT,,,610.0,,0.0,0.0,0.0,0
545506,0.0,0.0,0.0,0.0,0.0,0.0,udp,0.0,,cs0,,249.0,,7.0,,Start,1,1,0,74,74,0,74.0,0.0,0.0,0.0,0.0,0,0,0,0.0,,,0.0,0.0,0.0,INT,,,610.0,,0.0,0.0,0.0,0
545541,0.0,0.0,0.0,0.0,0.0,0.0,udp,0.0,,cs0,,249.0,,7.0,,Start,1,1,0,74,74,0,74.0,0.0,0.0,0.0,0.0,0,0,0,0.0,,,0.0,0.0,0.0,INT,,,610.0,,0.0,0.0,0.0,0
545547,0.0,0.0,0.0,0.0,0.0,0.0,udp,0.0,,cs0,,249.0,,7.0,,Start,1,1,0,74,74,0,74.0,0.0,0.0,0.0,0.0,0,0,0,0.0,,,0.0,0.0,0.0,INT,,,610.0,,0.0,0.0,0.0,0
545583,0.861404,0.861404,0.861404,0.861404,0.861404,0.861404,tcp,0.0,0.0,cs0,cs0,64.0,52.0,0.0,12.0,Status,30,13,17,10861,6669,4192,513.0,246.588242,93818.92969,57171.78125,36647.14844,0,0,0,0.0,0.0,0.0,33.66597,13.930745,18.574327,CON,588800.0,338944.0,,,0.034947,0.021157,0.01379,0
545742,0.0,0.0,0.0,0.0,0.0,0.0,udp,0.0,,cs0,,249.0,,7.0,,Start,1,1,0,74,74,0,74.0,0.0,0.0,0.0,0.0,0,0,0,0.0,,,0.0,0.0,0.0,INT,,,610.0,,0.0,0.0,0.0,0
545747,0.0,0.0,0.0,0.0,0.0,0.0,udp,0.0,,cs0,,249.0,,7.0,,Start,1,1,0,74,74,0,74.0,0.0,0.0,0.0,0.0,0,0,0,0.0,,,0.0,0.0,0.0,INT,,,610.0,,0.0,0.0,0.0,0
545752,0.0,0.0,0.0,0.0,0.0,0.0,udp,0.0,,cs0,,249.0,,7.0,,Start,1,1,0,74,74,0,74.0,0.0,0.0,0.0,0.0,0,0,0,0.0,,,0.0,0.0,0.0,INT,,,610.0,,0.0,0.0,0.0,0
545792,0.0,0.0,0.0,0.0,0.0,0.0,udp,0.0,,cs0,,249.0,,7.0,,Start,1,1,0,74,74,0,74.0,0.0,0.0,0.0,0.0,0,0,0,0.0,,,0.0,0.0,0.0,INT,,,610.0,,0.0,0.0,0.0,0
545877,0.0,0.0,0.0,0.0,0.0,0.0,udp,0.0,,cs0,,249.0,,7.0,,Start,1,1,0,74,74,0,74.0,0.0,0.0,0.0,0.0,0,0,0,0.0,,,0.0,0.0,0.0,INT,,,610.0,,0.0,0.0,0.0,0
545956,0.0,0.0,0.0,0.0,0.0,0.0,udp,0.0,,cs0,,249.0,,7.0,,Start,1,1,0,74,74,0,74.0,0.0,0.0,0.0,0.0,0,0,0,0.0,,,0.0,0.0,0.0,INT,,,610.0,,0.0,0.0,0.0,0
546011,0.0,0.0,0.0,0.0,0.0,0.0,icmp,0.0,,cs0,,58.0,,6.0,,Start,1,1,0,98,98,0,98.0,0.0,0.0,0.0,0.0,0,0,0,0.0,,,0.0,0.0,0.0,ECO,,,,,0.0,0.0,0.0,0
546137,0.0,0.0,0.0,0.0,0.0,0.0,udp,0.0,,cs0,,249.0,,7.0,,Start,1,1,0,74,74,0,74.0,0.0,0.0,0.0,0.0,0,0,0,0.0,,,0.0,0.0,0.0,INT,,,610.0,,0.0,0.0,0.0,0
546198,0.0,0.0,0.0,0.0,0.0,0.0,udp,0.0,,cs0,,249.0,,7.0,,Start,1,1,0,74,74,0,74.0,0.0,0.0,0.0,0.0,0,0,0,0.0,,,0.0,0.0,0.0,INT,,,610.0,,0.0,0.0,0.0,0
546312,0.0,0.0,0.0,0.0,0.0,0.0,udp,0.0,,cs0,,249.0,,7.0,,Start,1,1,0,74,74,0,74.0,0.0,0.0,0.0,0.0,0,0,0,0.0,,,0.0,0.0,0.0,INT,,,610.0,,0.0,0.0,0.0,0
546400,0.040034,0.040034,0.040034,0.040034,0.040034,0.040034,tcp,0.0,0.0,cs0,cs0,64.0,116.0,0.0,12.0,Start,3,2,1,198,132,66,66.0,66.0,13188.79004,13188.79004,0.0,0,0,0,0.0,0.0,0.0,49.957535,24.978767,0.0,FIN,222.0,0.0,,,0.0,0.0,0.0,0
546443,0.0,0.0,0.0,0.0,0.0,0.0,udp,0.0,,cs0,,249.0,,7.0,,Start,1,1,0,74,74,0,74.0,0.0,0.0,0.0,0.0,0,0,0,0.0,,,0.0,0.0,0.0,INT,,,610.0,,0.0,0.0,0.0,0
546467,0.0,0.0,0.0,0.0,0.0,0.0,udp,0.0,,cs0,,249.0,,7.0,,Start,1,1,0,74,74,0,74.0,0.0,0.0,0.0,0.0,0,0,0,0.0,,,0.0,0.0,0.0,INT,,,610.0,,0.0,0.0,0.0,0
546497,0.0,0.0,0.0,0.0,0.0,0.0,udp,0.0,,cs0,,249.0,,7.0,,Start,1,1,0,74,74,0,74.0,0.0,0.0,0.0,0.0,0,0,0,0.0,,,0.0,0.0,0.0,INT,,,610.0,,0.0,0.0,0.0,0
546530,0.0,0.0,0.0,0.0,0.0,0.0,udp,0.0,,cs0,,249.0,,7.0,,Start,1,1,0,74,74,0,74.0,0.0,0.0,0.0,0.0,0,0,0,0.0,,,0.0,0.0,0.0,INT,,,610.0,,0.0,0.0,0.0,0
546535,0.0,0.0,0.0,0.0,0.0,0.0,udp,0.0,,cs0,,249.0,,7.0,,Start,1,1,0,74,74,0,74.0,0.0,0.0,0.0,0.0,0,0,0,0.0,,,0.0,0.0,0.0,INT,,,610.0,,0.0,0.0,0.0,0
546575,0.0,0.0,0.0,0.0,0.0,0.0,udp,0.0,,cs0,,249.0,,7.0,,Start,1,1,0,74,74,0,74.0,0.0,0.0,0.0,0.0,0,0,0,0.0,,,0.0,0.0,0.0,INT,,,610.0,,0.0,0.0,0.0,0
546586,0.0,0.0,0.0,0.0,0.0,0.0,udp,0.0,,cs0,,249.0,,7.0,,Start,1,1,0,74,74,0,74.0,0.0,0.0,0.0,0.0,0,0,0,0.0,,,0.0,0.0,0.0,INT,,,610.0,,0.0,0.0,0.0,0
546590,0.0,0.0,0.0,0.0,0.0,0.0,udp,0.0,,cs0,,249.0,,7.0,,Start,1,1,0,74,74,0,74.0,0.0,0.0,0.0,0.0,0,0,0,0.0,,,0.0,0.0,0.0,INT,,,610.0,,0.0,0.0,0.0,0
546639,0.0,0.0,0.0,0.0,0.0,0.0,udp,0.0,,cs0,,249.0,,7.0,,Start,1,1,0,74,74,0,74.0,0.0,0.0,0.0,0.0,0,0,0,0.0,,,0.0,0.0,0.0,INT,,,610.0,,0.0,0.0,0.0,0
546725,0.0,0.0,0.0,0.0,0.0,0.0,icmp,0.0,,cs0,,58.0,,6.0,,Start,1,1,0,98,98,0,98.0,0.0,0.0,0.0,0.0,0,0,0,0.0,,,0.0,0.0,0.0,ECO,,,,,0.0,0.0,0.0,0
546789,0.0,0.0,0.0,0.0,0.0,0.0,udp,0.0,,cs0,,249.0,,7.0,,Start,1,1,0,74,74,0,74.0,0.0,0.0,0.0,0.0,0,0,0,0.0,,,0.0,0.0,0.0,INT,,,610.0,,0.0,0.0,0.0,0
546816,0.0,0.0,0.0,0.0,0.0,0.0,udp,0.0,,cs0,,249.0,,7.0,,Start,1,1,0,74,74,0,74.0,0.0,0.0,0.0,0.0,0,0,0,0.0,,,0.0,0.0,0.0,INT,,,610.0,,0.0,0.0,0.0,0
546831,0.0,0.0,0.0,0.0,0.0,0.0,udp,0.0,,cs0,,249.0,,7.0,,Start,1,1,0,74,74,0,74.0,0.0,0.0,0.0,0.0,0,0,0,0.0,,,0.0,0.0,0.0,INT,,,610.0,,0.0,0.0,0.0,0
546837,0.0,0.0,0.0,0.0,0.0,0.0,udp,0.0,,cs0,,249.0,,7.0,,Start,1,1,0,74,74,0,74.0,0.0,0.0,0.0,0.0,0,0,0,0.0,,,0.0,0.0,0.0,INT,,,610.0,,0.0,0.0,0.0,0
546842,0.0,0.0,0.0,0.0,0.0,0.0,udp,0.0,,cs0,,249.0,,7.0,,Start,1,1,0,74,74,0,74.0,0.0,0.0,0.0,0.0,0,0,0,0.0,,,0.0,0.0,0.0,INT,,,610.0,,0.0,0.0,0.0,0
546873,0.0,0.0,0.0,0.0,0.0,0.0,udp,0.0,,cs0,,249.0,,7.0,,Start,1,1,0,74,74,0,74.0,0.0,0.0,0.0,0.0,0,0,0,0.0,,,0.0,0.0,0.0,INT,,,610.0,,0.0,0.0,0.0,0
547117,0.0,0.0,0.0,0.0,0.0,0.0,udp,0.0,,cs0,,249.0,,7.0,,Start,1,1,0,74,74,0,74.0,0.0,0.0,0.0,0.0,0,0,0,0.0,,,0.0,0.0,0.0,INT,,,610.0,,0.0,0.0,0.0,0
547159,0.0,0.0,0.0,0.0,0.0,0.0,udp,0.0,,cs0,,249.0,,7.0,,Start,1,1,0,74,74,0,74.0,0.0,0.0,0.0,0.0,0,0,0,0.0,,,0.0,0.0,0.0,INT,,,610.0,,0.0,0.0,0.0,0
547176,0.0,0.0,0.0,0.0,0.0,0.0,udp,0.0,,cs0,,249.0,,7.0,,Start,1,1,0,74,74,0,74.0,0.0,0.0,0.0,0.0,0,0,0,0.0,,,0.0,0.0,0.0,INT,,,610.0,,0.0,0.0,0.0,0
547192,0.0,0.0,0.0,0.0,0.0,0.0,udp,0.0,,cs0,,249.0,,7.0,,Start,1,1,0,74,74,0,74.0,0.0,0.0,0.0,0.0,0,0,0,0.0,,,0.0,0.0,0.0,INT,,,610.0,,0.0,0.0,0.0,0
547236,0.0,0.0,0.0,0.0,0.0,0.0,udp,0.0,,cs0,,249.0,,7.0,,Start,1,1,0,74,74,0,74.0,0.0,0.0,0.0,0.0,0,0,0,0.0,,,0.0,0.0,0.0,INT,,,610.0,,0.0,0.0,0.0,0
547270,0.0,0.0,0.0,0.0,0.0,0.0,udp,0.0,,cs0,,249.0,,7.0,,Start,1,1,0,74,74,0,74.0,0.0,0.0,0.0,0.0,0,0,0,0.0,,,0.0,0.0,0.0,INT,,,610.0,,0.0,0.0,0.0,0
547439,0.0,0.0,0.0,0.0,0.0,0.0,udp,0.0,,cs0,,249.0,,7.0,,Start,1,1,0,74,74,0,74.0,0.0,0.0,0.0,0.0,0,0,0,0.0,,,0.0,0.0,0.0,INT,,,610.0,,0.0,0.0,0.0,0
547500,0.0,0.0,0.0,0.0,0.0,0.0,udp,0.0,,cs0,,249.0,,7.0,,Start,1,1,0,74,74,0,74.0,0.0,0.0,0.0,0.0,0,0,0,0.0,,,0.0,0.0,0.0,INT,,,610.0,,0.0,0.0,0.0,0
547501,0.0,0.0,0.0,0.0,0.0,0.0,udp,0.0,,cs0,,249.0,,7.0,,Start,1,1,0,74,74,0,74.0,0.0,0.0,0.0,0.0,0,0,0,0.0,,,0.0,0.0,0.0,INT,,,610.0,,0.0,0.0,0.0,0
547512,0.0,0.0,0.0,0.0,0.0,0.0,udp,0.0,,cs0,,249.0,,7.0,,Start,1,1,0,74,74,0,74.0,0.0,0.0,0.0,0.0,0,0,0,0.0,,,0.0,0.0,0.0,INT,,,610.0,,0.0,0.0,0.0,0
547700,0.0,0.0,0.0,0.0,0.0,0.0,udp,0.0,,cs0,,249.0,,7.0,,Start,1,1,0,74,74,0,74.0,0.0,0.0,0.0,0.0,0,0,0,0.0,,,0.0,0.0,0.0,INT,,,610.0,,0.0,0.0,0.0,0
547713,0.0,0.0,0.0,0.0,0.0,0.0,udp,0.0,,cs0,,249.0,,7.0,,Start,1,1,0,74,74,0,74.0,0.0,0.0,0.0,0.0,0,0,0,0.0,,,0.0,0.0,0.0,INT,,,610.0,,0.0,0.0,0.0,0
547868,0.0,0.0,0.0,0.0,0.0,0.0,udp,0.0,,cs0,,249.0,,7.0,,Start,1,1,0,74,74,0,74.0,0.0,0.0,0.0,0.0,0,0,0,0.0,,,0.0,0.0,0.0,INT,,,610.0,,0.0,0.0,0.0,0
547923,0.0,0.0,0.0,0.0,0.0,0.0,udp,0.0,,cs0,,249.0,,7.0,,Start,1,1,0,74,74,0,74.0,0.0,0.0,0.0,0.0,0,0,0,0.0,,,0.0,0.0,0.0,INT,,,610.0,,0.0,0.0,0.0,0
547986,0.0,0.0,0.0,0.0,0.0,0.0,udp,0.0,,cs0,,249.0,,7.0,,Start,1,1,0,74,74,0,74.0,0.0,0.0,0.0,0.0,0,0,0,0.0,,,0.0,0.0,0.0,INT,,,610.0,,0.0,0.0,0.0,0
548071,0.0,0.0,0.0,0.0,0.0,0.0,udp,0.0,,cs0,,249.0,,7.0,,Start,1,1,0,74,74,0,74.0,0.0,0.0,0.0,0.0,0,0,0,0.0,,,0.0,0.0,0.0,INT,,,610.0,,0.0,0.0,0.0,0
548092,0.176055,0.176055,0.176055,0.176055,0.176055,0.176055,tcp,0.0,0.0,cs0,cs0,64.0,52.0,0.0,12.0,Start,15,8,7,6016,1163,4853,145.375,693.285706,235290.1094,46258.27344,189031.8438,0,0,0,0.0,0.0,0.0,79.520607,39.760303,34.080257,CON,75776.0,66816.0,,,0.052788,0.021045,0.031743,0
548198,0.0,0.0,0.0,0.0,0.0,0.0,udp,0.0,,cs0,,249.0,,7.0,,Start,1,1,0,74,74,0,74.0,0.0,0.0,0.0,0.0,0,0,0,0.0,,,0.0,0.0,0.0,INT,,,610.0,,0.0,0.0,0.0,0
548225,0.0,0.0,0.0,0.0,0.0,0.0,udp,0.0,,cs0,,249.0,,7.0,,Start,1,1,0,74,74,0,74.0,0.0,0.0,0.0,0.0,0,0,0,0.0,,,0.0,0.0,0.0,INT,,,610.0,,0.0,0.0,0.0,0
548253,0.0,0.0,0.0,0.0,0.0,0.0,udp,0.0,,cs0,,249.0,,7.0,,Start,1,1,0,74,74,0,74.0,0.0,0.0,0.0,0.0,0,0,0,0.0,,,0.0,0.0,0.0,INT,,,610.0,,0.0,0.0,0.0,0
548270,0.0,0.0,0.0,0.0,0.0,0.0,udp,0.0,,cs0,,249.0,,7.0,,Start,1,1,0,74,74,0,74.0,0.0,0.0,0.0,0.0,0,0,0,0.0,,,0.0,0.0,0.0,INT,,,610.0,,0.0,0.0,0.0,0
548341,0.0,0.0,0.0,0.0,0.0,0.0,udp,0.0,,cs0,,249.0,,7.0,,Start,1,1,0,74,74,0,74.0,0.0,0.0,0.0,0.0,0,0,0,0.0,,,0.0,0.0,0.0,INT,,,610.0,,0.0,0.0,0.0,0
548357,0.0,0.0,0.0,0.0,0.0,0.0,udp,0.0,,cs0,,249.0,,7.0,,Start,1,1,0,74,74,0,74.0,0.0,0.0,0.0,0.0,0,0,0,0.0,,,0.0,0.0,0.0,INT,,,610.0,,0.0,0.0,0.0,0
548519,4.935509,4.935509,4.935509,4.935509,4.935509,4.935509,tcp,0.0,0.0,cs0,cs0,64.0,117.0,0.0,11.0,Status,25,11,14,19348,2300,17048,209.090912,1217.714233,29049.89063,3389.315918,25660.57422,0,0,0,0.0,0.0,0.0,4.86272,2.026133,2.633973,CON,1651712.0,359168.0,,,0.046038,0.020616,0.025422,0
548541,0.0,0.0,0.0,0.0,0.0,0.0,udp,0.0,,cs0,,249.0,,7.0,,Start,1,1,0,74,74,0,74.0,0.0,0.0,0.0,0.0,0,0,0,0.0,,,0.0,0.0,0.0,INT,,,610.0,,0.0,0.0,0.0,0
548617,0.0,0.0,0.0,0.0,0.0,0.0,udp,0.0,,cs0,,249.0,,7.0,,Start,1,1,0,74,74,0,74.0,0.0,0.0,0.0,0.0,0,0,0,0.0,,,0.0,0.0,0.0,INT,,,610.0,,0.0,0.0,0.0,0
548680,0.080071,0.080071,0.080071,0.080071,0.080071,0.080071,udp,0.0,0.0,cs0,cs0,64.0,117.0,0.0,11.0,Status,6,3,3,748,548,200,182.666672,66.666664,49955.66406,36567.54688,13388.11719,0,0,0,0.0,,,62.44458,24.977831,24.977831,CON,,,,,0.0,0.0,0.0,0
548717,0.0,0.0,0.0,0.0,0.0,0.0,udp,128.0,,cs4,,249.0,,7.0,,Start,1,1,0,74,74,0,74.0,0.0,0.0,0.0,0.0,0,0,0,0.0,,,0.0,0.0,0.0,INT,,,610.0,,0.0,0.0,0.0,0
548804,0.0,0.0,0.0,0.0,0.0,0.0,udp,0.0,,cs0,,249.0,,7.0,,Start,1,1,0,74,74,0,74.0,0.0,0.0,0.0,0.0,0,0,0,0.0,,,0.0,0.0,0.0,INT,,,610.0,,0.0,0.0,0.0,0
548816,0.0,0.0,0.0,0.0,0.0,0.0,udp,0.0,,cs0,,249.0,,7.0,,Start,1,1,0,74,74,0,74.0,0.0,0.0,0.0,0.0,0,0,0,0.0,,,0.0,0.0,0.0,INT,,,610.0,,0.0,0.0,0.0,0
548865,0.0,0.0,0.0,0.0,0.0,0.0,udp,0.0,,cs0,,249.0,,7.0,,Start,1,1,0,74,74,0,74.0,0.0,0.0,0.0,0.0,0,0,0,0.0,,,0.0,0.0,0.0,INT,,,610.0,,0.0,0.0,0.0,0
548875,0.0,0.0,0.0,0.0,0.0,0.0,udp,0.0,,cs0,,249.0,,7.0,,Start,1,1,0,74,74,0,74.0,0.0,0.0,0.0,0.0,0,0,0,0.0,,,0.0,0.0,0.0,INT,,,610.0,,0.0,0.0,0.0,0
548931,0.0,0.0,0.0,0.0,0.0,0.0,udp,0.0,,cs0,,249.0,,7.0,,Start,1,1,0,74,74,0,74.0,0.0,0.0,0.0,0.0,0,0,0,0.0,,,0.0,0.0,0.0,INT,,,610.0,,0.0,0.0,0.0,0
548935,0.0,0.0,0.0,0.0,0.0,0.0,udp,0.0,,cs0,,249.0,,7.0,,Start,1,1,0,74,74,0,74.0,0.0,0.0,0.0,0.0,0,0,0,0.0,,,0.0,0.0,0.0,INT,,,610.0,,0.0,0.0,0.0,0
548937,0.0,0.0,0.0,0.0,0.0,0.0,udp,0.0,,cs0,,249.0,,7.0,,Start,1,1,0,74,74,0,74.0,0.0,0.0,0.0,0.0,0,0,0,0.0,,,0.0,0.0,0.0,INT,,,610.0,,0.0,0.0,0.0,0
548950,0.0,0.0,0.0,0.0,0.0,0.0,udp,0.0,,cs0,,249.0,,7.0,,Start,1,1,0,64,64,0,64.0,0.0,0.0,0.0,0.0,0,0,0,0.0,,,0.0,0.0,0.0,INT,,,610.0,,0.0,0.0,0.0,0
548973,0.0,0.0,0.0,0.0,0.0,0.0,udp,0.0,,cs0,,249.0,,7.0,,Start,1,1,0,74,74,0,74.0,0.0,0.0,0.0,0.0,0,0,0,0.0,,,0.0,0.0,0.0,INT,,,610.0,,0.0,0.0,0.0,0
549031,0.0,0.0,0.0,0.0,0.0,0.0,udp,128.0,,cs4,,249.0,,7.0,,Start,1,1,0,74,74,0,74.0,0.0,0.0,0.0,0.0,0,0,0,0.0,,,0.0,0.0,0.0,INT,,,610.0,,0.0,0.0,0.0,0
549121,0.147044,0.147044,0.147044,0.147044,0.147044,0.147044,tcp,0.0,0.0,cs0,cs0,64.0,117.0,0.0,11.0,Status,114,33,81,119433,3752,115681,113.696968,1428.160522,6413971.0,197981.5469,6215989.5,0,0,0,0.0,0.0,0.0,768.477417,217.621933,544.05481,CON,1651712.0,369664.0,,,0.046038,0.020616,0.025422,0
549160,0.0,0.0,0.0,0.0,0.0,0.0,udp,0.0,,cs0,,249.0,,7.0,,Start,1,1,0,74,74,0,74.0,0.0,0.0,0.0,0.0,0,0,0,0.0,,,0.0,0.0,0.0,INT,,,610.0,,0.0,0.0,0.0,0
549204,0.0,0.0,0.0,0.0,0.0,0.0,udp,0.0,,cs0,,249.0,,7.0,,Start,1,1,0,74,74,0,74.0,0.0,0.0,0.0,0.0,0,0,0,0.0,,,0.0,0.0,0.0,INT,,,610.0,,0.0,0.0,0.0,0
549278,0.0,0.0,0.0,0.0,0.0,0.0,udp,0.0,,cs0,,249.0,,7.0,,Start,1,1,0,74,74,0,74.0,0.0,0.0,0.0,0.0,0,0,0,0.0,,,0.0,0.0,0.0,INT,,,610.0,,0.0,0.0,0.0,0
549357,0.0,0.0,0.0,0.0,0.0,0.0,udp,0.0,,cs0,,249.0,,7.0,,Start,1,1,0,74,74,0,74.0,0.0,0.0,0.0,0.0,0,0,0,0.0,,,0.0,0.0,0.0,INT,,,610.0,,0.0,0.0,0.0,0
549378,0.0,0.0,0.0,0.0,0.0,0.0,udp,0.0,,cs0,,249.0,,7.0,,Start,1,1,0,74,74,0,74.0,0.0,0.0,0.0,0.0,0,0,0,0.0,,,0.0,0.0,0.0,INT,,,610.0,,0.0,0.0,0.0,0
549517,0.0,0.0,0.0,0.0,0.0,0.0,udp,0.0,,cs0,,249.0,,7.0,,Start,1,1,0,74,74,0,74.0,0.0,0.0,0.0,0.0,0,0,0,0.0,,,0.0,0.0,0.0,INT,,,610.0,,0.0,0.0,0.0,0
549574,0.0,0.0,0.0,0.0,0.0,0.0,udp,0.0,,cs0,,249.0,,7.0,,Start,1,1,0,74,74,0,74.0,0.0,0.0,0.0,0.0,0,0,0,0.0,,,0.0,0.0,0.0,INT,,,610.0,,0.0,0.0,0.0,0
549590,0.0,0.0,0.0,0.0,0.0,0.0,udp,0.0,,cs0,,249.0,,7.0,,Start,1,1,0,74,74,0,74.0,0.0,0.0,0.0,0.0,0,0,0,0.0,,,0.0,0.0,0.0,INT,,,610.0,,0.0,0.0,0.0,0
549717,0.0,0.0,0.0,0.0,0.0,0.0,icmp,0.0,,cs0,,58.0,,6.0,,Start,1,1,0,98,98,0,98.0,0.0,0.0,0.0,0.0,0,0,0,0.0,,,0.0,0.0,0.0,ECO,,,,,0.0,0.0,0.0,0
549761,0.04979,0.04979,0.04979,0.04979,0.04979,0.04979,udp,0.0,0.0,cs0,cs0,64.0,62.0,0.0,2.0,Start,2,1,1,410,89,321,89.0,321.0,0.0,0.0,0.0,0,0,0,0.0,,,20.084354,0.0,0.0,CON,,,,,0.0,0.0,0.0,0
549777,0.0,0.0,0.0,0.0,0.0,0.0,udp,0.0,,cs0,,249.0,,7.0,,Start,1,1,0,74,74,0,74.0,0.0,0.0,0.0,0.0,0,0,0,0.0,,,0.0,0.0,0.0,INT,,,610.0,,0.0,0.0,0.0,0
549821,0.0,0.0,0.0,0.0,0.0,0.0,udp,0.0,,cs0,,249.0,,7.0,,Start,1,1,0,74,74,0,74.0,0.0,0.0,0.0,0.0,0,0,0,0.0,,,0.0,0.0,0.0,INT,,,610.0,,0.0,0.0,0.0,0
549835,0.0,0.0,0.0,0.0,0.0,0.0,udp,0.0,,cs0,,249.0,,7.0,,Start,1,1,0,74,74,0,74.0,0.0,0.0,0.0,0.0,0,0,0,0.0,,,0.0,0.0,0.0,INT,,,610.0,,0.0,0.0,0.0,0
549887,0.0,0.0,0.0,0.0,0.0,0.0,udp,0.0,,cs0,,249.0,,7.0,,Start,1,1,0,74,74,0,74.0,0.0,0.0,0.0,0.0,0,0,0,0.0,,,0.0,0.0,0.0,INT,,,610.0,,0.0,0.0,0.0,0
549894,0.0,0.0,0.0,0.0,0.0,0.0,udp,0.0,,cs0,,249.0,,7.0,,Start,1,1,0,74,74,0,74.0,0.0,0.0,0.0,0.0,0,0,0,0.0,,,0.0,0.0,0.0,INT,,,610.0,,0.0,0.0,0.0,0
549954,0.0,0.0,0.0,0.0,0.0,0.0,udp,0.0,,cs0,,249.0,,7.0,,Start,1,1,0,74,74,0,74.0,0.0,0.0,0.0,0.0,0,0,0,0.0,,,0.0,0.0,0.0,INT,,,610.0,,0.0,0.0,0.0,0
549976,0.0,0.0,0.0,0.0,0.0,0.0,icmp,192.0,,cs6,,64.0,,0.0,,Start,1,1,0,349,349,0,349.0,0.0,0.0,0.0,0.0,0,0,0,0.0,,,0.0,0.0,0.0,URP,,,,,0.0,0.0,0.0,0
550019,0.0,0.0,0.0,0.0,0.0,0.0,icmp,0.0,,cs0,,58.0,,6.0,,Start,1,1,0,98,98,0,98.0,0.0,0.0,0.0,0.0,0,0,0,0.0,,,0.0,0.0,0.0,ECO,,,,,0.0,0.0,0.0,0
550110,0.0,0.0,0.0,0.0,0.0,0.0,udp,0.0,,cs0,,249.0,,7.0,,Start,1,1,0,74,74,0,74.0,0.0,0.0,0.0,0.0,0,0,0,0.0,,,0.0,0.0,0.0,INT,,,610.0,,0.0,0.0,0.0,0
550165,0.0,0.0,0.0,0.0,0.0,0.0,udp,0.0,,cs0,,249.0,,7.0,,Start,1,1,0,74,74,0,74.0,0.0,0.0,0.0,0.0,0,0,0,0.0,,,0.0,0.0,0.0,INT,,,610.0,,0.0,0.0,0.0,0
550203,0.0,0.0,0.0,0.0,0.0,0.0,udp,0.0,,cs0,,249.0,,7.0,,Start,1,1,0,74,74,0,74.0,0.0,0.0,0.0,0.0,0,0,0,0.0,,,0.0,0.0,0.0,INT,,,610.0,,0.0,0.0,0.0,0
550236,0.0,0.0,0.0,0.0,0.0,0.0,udp,0.0,,cs0,,249.0,,7.0,,Start,1,1,0,74,74,0,74.0,0.0,0.0,0.0,0.0,0,0,0,0.0,,,0.0,0.0,0.0,INT,,,610.0,,0.0,0.0,0.0,0
550298,0.0,0.0,0.0,0.0,0.0,0.0,icmp,0.0,,cs0,,58.0,,6.0,,Start,1,1,0,98,98,0,98.0,0.0,0.0,0.0,0.0,0,0,0,0.0,,,0.0,0.0,0.0,ECO,,,,,0.0,0.0,0.0,0
550352,0.0,0.0,0.0,0.0,0.0,0.0,udp,0.0,,cs0,,249.0,,7.0,,Start,1,1,0,74,74,0,74.0,0.0,0.0,0.0,0.0,0,0,0,0.0,,,0.0,0.0,0.0,INT,,,610.0,,0.0,0.0,0.0,0
550353,0.0,0.0,0.0,0.0,0.0,0.0,udp,0.0,,cs0,,249.0,,7.0,,Start,1,1,0,74,74,0,74.0,0.0,0.0,0.0,0.0,0,0,0,0.0,,,0.0,0.0,0.0,INT,,,610.0,,0.0,0.0,0.0,0
550462,0.0,0.0,0.0,0.0,0.0,0.0,udp,0.0,,cs0,,249.0,,7.0,,Start,1,1,0,74,74,0,74.0,0.0,0.0,0.0,0.0,0,0,0,0.0,,,0.0,0.0,0.0,INT,,,610.0,,0.0,0.0,0.0,0
550488,0.0,0.0,0.0,0.0,0.0,0.0,udp,0.0,,cs0,,249.0,,7.0,,Start,1,1,0,74,74,0,74.0,0.0,0.0,0.0,0.0,0,0,0,0.0,,,0.0,0.0,0.0,INT,,,610.0,,0.0,0.0,0.0,0
550506,0.0,0.0,0.0,0.0,0.0,0.0,udp,0.0,,cs0,,249.0,,7.0,,Start,1,1,0,74,74,0,74.0,0.0,0.0,0.0,0.0,0,0,0,0.0,,,0.0,0.0,0.0,INT,,,610.0,,0.0,0.0,0.0,0
550727,0.0,0.0,0.0,0.0,0.0,0.0,udp,0.0,,cs0,,249.0,,7.0,,Start,1,1,0,74,74,0,74.0,0.0,0.0,0.0,0.0,0,0,0,0.0,,,0.0,0.0,0.0,INT,,,610.0,,0.0,0.0,0.0,0
550846,0.0,0.0,0.0,0.0,0.0,0.0,icmp,0.0,,cs0,,58.0,,6.0,,Start,1,1,0,98,98,0,98.0,0.0,0.0,0.0,0.0,0,0,0,0.0,,,0.0,0.0,0.0,ECO,,,,,0.0,0.0,0.0,0
550911,4.947901,4.947901,4.947901,4.947901,4.947901,4.947901,tcp,0.0,0.0,cs0,cs0,64.0,117.0,0.0,11.0,Status,90,15,75,109144,2575,106569,171.666672,1420.920044,173896.7813,3886.900879,170009.875,0,0,0,0.0,0.0,0.0,17.987427,2.829483,14.955837,CON,1464832.0,400896.0,,,0.048904,0.020681,0.028223,0
550940,0.0,0.0,0.0,0.0,0.0,0.0,udp,0.0,,cs0,,249.0,,7.0,,Start,1,1,0,74,74,0,74.0,0.0,0.0,0.0,0.0,0,0,0,0.0,,,0.0,0.0,0.0,INT,,,610.0,,0.0,0.0,0.0,0
551030,0.0,0.0,0.0,0.0,0.0,0.0,udp,0.0,,cs0,,249.0,,7.0,,Start,1,1,0,74,74,0,74.0,0.0,0.0,0.0,0.0,0,0,0,0.0,,,0.0,0.0,0.0,INT,,,610.0,,0.0,0.0,0.0,0
551050,0.0,0.0,0.0,0.0,0.0,0.0,udp,0.0,,cs0,,249.0,,7.0,,Start,1,1,0,74,74,0,74.0,0.0,0.0,0.0,0.0,0,0,0,0.0,,,0.0,0.0,0.0,INT,,,610.0,,0.0,0.0,0.0,0
551062,0.106114,0.106114,0.106114,0.106114,0.106114,0.106114,udp,0.0,0.0,cs0,cs0,64.0,117.0,0.0,11.0,Status,6,3,3,748,548,200,182.666672,66.666664,37695.30859,27592.9668,10102.34277,0,0,0,0.0,,,47.119137,18.847654,18.847654,CON,,,,,0.0,0.0,0.0,0
551133,0.0,0.0,0.0,0.0,0.0,0.0,udp,0.0,,cs0,,249.0,,7.0,,Start,1,1,0,74,74,0,74.0,0.0,0.0,0.0,0.0,0,0,0,0.0,,,0.0,0.0,0.0,INT,,,610.0,,0.0,0.0,0.0,0
551223,0.0,0.0,0.0,0.0,0.0,0.0,udp,0.0,,cs0,,249.0,,7.0,,Start,1,1,0,74,74,0,74.0,0.0,0.0,0.0,0.0,0,0,0,0.0,,,0.0,0.0,0.0,INT,,,610.0,,0.0,0.0,0.0,0
551260,0.0,0.0,0.0,0.0,0.0,0.0,icmp,0.0,,cs0,,58.0,,6.0,,Start,1,1,0,98,98,0,98.0,0.0,0.0,0.0,0.0,0,0,0,0.0,,,0.0,0.0,0.0,ECO,,,,,0.0,0.0,0.0,0
551272,0.0,0.0,0.0,0.0,0.0,0.0,icmp,192.0,,cs6,,64.0,,0.0,,Start,1,1,0,366,366,0,366.0,0.0,0.0,0.0,0.0,0,0,0,0.0,,,0.0,0.0,0.0,URP,,,,,0.0,0.0,0.0,0
551296,0.0,0.0,0.0,0.0,0.0,0.0,udp,0.0,,cs0,,249.0,,7.0,,Start,1,1,0,74,74,0,74.0,0.0,0.0,0.0,0.0,0,0,0,0.0,,,0.0,0.0,0.0,INT,,,610.0,,0.0,0.0,0.0,0
551347,0.0,0.0,0.0,0.0,0.0,0.0,udp,0.0,,cs0,,249.0,,7.0,,Start,1,1,0,74,74,0,74.0,0.0,0.0,0.0,0.0,0,0,0,0.0,,,0.0,0.0,0.0,INT,,,610.0,,0.0,0.0,0.0,0
551522,0.0,0.0,0.0,0.0,0.0,0.0,udp,0.0,,cs0,,249.0,,7.0,,Start,1,1,0,74,74,0,74.0,0.0,0.0,0.0,0.0,0,0,0,0.0,,,0.0,0.0,0.0,INT,,,610.0,,0.0,0.0,0.0,0
551525,0.0,0.0,0.0,0.0,0.0,0.0,udp,0.0,,cs0,,249.0,,7.0,,Start,1,1,0,74,74,0,74.0,0.0,0.0,0.0,0.0,0,0,0,0.0,,,0.0,0.0,0.0,INT,,,610.0,,0.0,0.0,0.0,0
551601,0.0,0.0,0.0,0.0,0.0,0.0,udp,0.0,,cs0,,249.0,,7.0,,Start,1,1,0,74,74,0,74.0,0.0,0.0,0.0,0.0,0,0,0,0.0,,,0.0,0.0,0.0,INT,,,610.0,,0.0,0.0,0.0,0
551618,0.0,0.0,0.0,0.0,0.0,0.0,udp,0.0,,cs0,,249.0,,7.0,,Start,1,1,0,74,74,0,74.0,0.0,0.0,0.0,0.0,0,0,0,0.0,,,0.0,0.0,0.0,INT,,,610.0,,0.0,0.0,0.0,0
551643,0.0,0.0,0.0,0.0,0.0,0.0,udp,0.0,,cs0,,249.0,,7.0,,Start,1,1,0,74,74,0,74.0,0.0,0.0,0.0,0.0,0,0,0,0.0,,,0.0,0.0,0.0,INT,,,610.0,,0.0,0.0,0.0,0
551683,0.0,0.0,0.0,0.0,0.0,0.0,udp,0.0,,cs0,,249.0,,7.0,,Start,1,1,0,74,74,0,74.0,0.0,0.0,0.0,0.0,0,0,0,0.0,,,0.0,0.0,0.0,INT,,,610.0,,0.0,0.0,0.0,0
551742,0.0,0.0,0.0,0.0,0.0,0.0,udp,0.0,,cs0,,249.0,,7.0,,Start,1,1,0,74,74,0,74.0,0.0,0.0,0.0,0.0,0,0,0,0.0,,,0.0,0.0,0.0,INT,,,610.0,,0.0,0.0,0.0,0
551785,0.0,0.0,0.0,0.0,0.0,0.0,udp,0.0,,cs0,,249.0,,7.0,,Start,1,1,0,74,74,0,74.0,0.0,0.0,0.0,0.0,0,0,0,0.0,,,0.0,0.0,0.0,INT,,,610.0,,0.0,0.0,0.0,0
551789,0.0,0.0,0.0,0.0,0.0,0.0,udp,0.0,,cs0,,249.0,,7.0,,Start,1,1,0,74,74,0,74.0,0.0,0.0,0.0,0.0,0,0,0,0.0,,,0.0,0.0,0.0,INT,,,610.0,,0.0,0.0,0.0,0
551866,0.0,0.0,0.0,0.0,0.0,0.0,udp,0.0,,cs0,,249.0,,7.0,,Start,1,1,0,74,74,0,74.0,0.0,0.0,0.0,0.0,0,0,0,0.0,,,0.0,0.0,0.0,INT,,,610.0,,0.0,0.0,0.0,0
551896,0.0,0.0,0.0,0.0,0.0,0.0,icmp,192.0,,cs6,,64.0,,0.0,,Start,1,1,0,349,349,0,349.0,0.0,0.0,0.0,0.0,0,0,0,0.0,,,0.0,0.0,0.0,URP,,,,,0.0,0.0,0.0,0
552011,0.0,0.0,0.0,0.0,0.0,0.0,udp,0.0,,cs0,,249.0,,7.0,,Start,1,1,0,74,74,0,74.0,0.0,0.0,0.0,0.0,0,0,0,0.0,,,0.0,0.0,0.0,INT,,,610.0,,0.0,0.0,0.0,0
552061,0.0,0.0,0.0,0.0,0.0,0.0,udp,0.0,,cs0,,249.0,,7.0,,Start,1,1,0,74,74,0,74.0,0.0,0.0,0.0,0.0,0,0,0,0.0,,,0.0,0.0,0.0,INT,,,610.0,,0.0,0.0,0.0,0
552126,0.0,0.0,0.0,0.0,0.0,0.0,udp,0.0,,cs0,,249.0,,7.0,,Start,1,1,0,74,74,0,74.0,0.0,0.0,0.0,0.0,0,0,0,0.0,,,0.0,0.0,0.0,INT,,,610.0,,0.0,0.0,0.0,0
552175,0.0,0.0,0.0,0.0,0.0,0.0,udp,0.0,,cs0,,249.0,,7.0,,Start,1,1,0,74,74,0,74.0,0.0,0.0,0.0,0.0,0,0,0,0.0,,,0.0,0.0,0.0,INT,,,610.0,,0.0,0.0,0.0,0
552183,0.0,0.0,0.0,0.0,0.0,0.0,udp,0.0,,cs0,,249.0,,7.0,,Start,1,1,0,74,74,0,74.0,0.0,0.0,0.0,0.0,0,0,0,0.0,,,0.0,0.0,0.0,INT,,,610.0,,0.0,0.0,0.0,0
552265,0.0,0.0,0.0,0.0,0.0,0.0,udp,0.0,,cs0,,249.0,,7.0,,Start,1,1,0,74,74,0,74.0,0.0,0.0,0.0,0.0,0,0,0,0.0,,,0.0,0.0,0.0,INT,,,610.0,,0.0,0.0,0.0,0
552266,0.0,0.0,0.0,0.0,0.0,0.0,udp,0.0,,cs0,,249.0,,7.0,,Start,1,1,0,74,74,0,74.0,0.0,0.0,0.0,0.0,0,0,0,0.0,,,0.0,0.0,0.0,INT,,,610.0,,0.0,0.0,0.0,0
552274,0.094211,0.094211,0.094211,0.094211,0.094211,0.094211,udp,0.0,0.0,cs0,cs0,64.0,62.0,0.0,2.0,Start,2,1,1,239,89,150,89.0,150.0,0.0,0.0,0.0,0,0,0,0.0,,,10.614472,0.0,0.0,CON,,,,,0.0,0.0,0.0,0
552311,0.0,0.0,0.0,0.0,0.0,0.0,udp,0.0,,cs0,,249.0,,7.0,,Start,1,1,0,74,74,0,74.0,0.0,0.0,0.0,0.0,0,0,0,0.0,,,0.0,0.0,0.0,INT,,,610.0,,0.0,0.0,0.0,0
552313,0.0,0.0,0.0,0.0,0.0,0.0,udp,0.0,,cs0,,249.0,,7.0,,Start,1,1,0,74,74,0,74.0,0.0,0.0,0.0,0.0,0,0,0,0.0,,,0.0,0.0,0.0,INT,,,610.0,,0.0,0.0,0.0,0
552368,0.0,0.0,0.0,0.0,0.0,0.0,udp,0.0,,cs0,,249.0,,7.0,,Start,1,1,0,74,74,0,74.0,0.0,0.0,0.0,0.0,0,0,0,0.0,,,0.0,0.0,0.0,INT,,,610.0,,0.0,0.0,0.0,0
552379,0.0,0.0,0.0,0.0,0.0,0.0,udp,0.0,,cs0,,249.0,,7.0,,Start,1,1,0,74,74,0,74.0,0.0,0.0,0.0,0.0,0,0,0,0.0,,,0.0,0.0,0.0,INT,,,610.0,,0.0,0.0,0.0,0
552394,0.0,0.0,0.0,0.0,0.0,0.0,udp,0.0,,cs0,,249.0,,7.0,,Start,1,1,0,74,74,0,74.0,0.0,0.0,0.0,0.0,0,0,0,0.0,,,0.0,0.0,0.0,INT,,,610.0,,0.0,0.0,0.0,0
552396,4.975961,4.975961,4.975961,4.975961,4.975961,4.975961,tcp,0.0,0.0,cs0,cs0,64.0,117.0,0.0,11.0,Status,98,35,63,89957,4192,85765,119.771431,1361.349243,142247.0938,6548.282715,135698.8125,0,0,0,0.0,0.0,0.0,19.493721,6.832851,12.459905,CON,2096128.0,456960.0,,,0.033002,0.020769,0.012233,0
552402,4.957571,4.957571,4.957571,4.957571,4.957571,4.957571,tcp,0.0,0.0,cs0,cs0,64.0,117.0,0.0,11.0,Status,43,13,30,41534,4408,37126,339.076935,1237.533325,64479.96484,6566.118652,57913.84375,0,0,0,0.0,0.0,0.0,8.47189,2.42054,5.849639,CON,1425408.0,268032.0,,,0.051999,0.020555,0.031444,0
552438,0.0,0.0,0.0,0.0,0.0,0.0,icmp,0.0,,cs0,,58.0,,6.0,,Start,1,1,0,98,98,0,98.0,0.0,0.0,0.0,0.0,0,0,0,0.0,,,0.0,0.0,0.0,ECO,,,,,0.0,0.0,0.0,0
552475,0.0,0.0,0.0,0.0,0.0,0.0,udp,0.0,,cs0,,249.0,,7.0,,Start,1,1,0,74,74,0,74.0,0.0,0.0,0.0,0.0,0,0,0,0.0,,,0.0,0.0,0.0,INT,,,610.0,,0.0,0.0,0.0,0
552535,0.0,0.0,0.0,0.0,0.0,0.0,udp,0.0,,cs0,,249.0,,7.0,,Start,1,1,0,74,74,0,74.0,0.0,0.0,0.0,0.0,0,0,0,0.0,,,0.0,0.0,0.0,INT,,,610.0,,0.0,0.0,0.0,0
552550,0.0,0.0,0.0,0.0,0.0,0.0,udp,0.0,,cs0,,249.0,,7.0,,Start,1,1,0,74,74,0,74.0,0.0,0.0,0.0,0.0,0,0,0,0.0,,,0.0,0.0,0.0,INT,,,610.0,,0.0,0.0,0.0,0
552568,0.0,0.0,0.0,0.0,0.0,0.0,udp,0.0,,cs0,,249.0,,7.0,,Start,1,1,0,74,74,0,74.0,0.0,0.0,0.0,0.0,0,0,0,0.0,,,0.0,0.0,0.0,INT,,,610.0,,0.0,0.0,0.0,0
552611,0.0,0.0,0.0,0.0,0.0,0.0,udp,0.0,,cs0,,249.0,,7.0,,Start,1,1,0,74,74,0,74.0,0.0,0.0,0.0,0.0,0,0,0,0.0,,,0.0,0.0,0.0,INT,,,610.0,,0.0,0.0,0.0,0
552742,0.0,0.0,0.0,0.0,0.0,0.0,udp,0.0,,cs0,,249.0,,7.0,,Start,1,1,0,74,74,0,74.0,0.0,0.0,0.0,0.0,0,0,0,0.0,,,0.0,0.0,0.0,INT,,,610.0,,0.0,0.0,0.0,0
552768,0.0,0.0,0.0,0.0,0.0,0.0,udp,0.0,,cs0,,249.0,,7.0,,Start,1,1,0,74,74,0,74.0,0.0,0.0,0.0,0.0,0,0,0,0.0,,,0.0,0.0,0.0,INT,,,610.0,,0.0,0.0,0.0,0
552812,0.0,0.0,0.0,0.0,0.0,0.0,udp,0.0,,cs0,,249.0,,7.0,,Start,1,1,0,74,74,0,74.0,0.0,0.0,0.0,0.0,0,0,0,0.0,,,0.0,0.0,0.0,INT,,,610.0,,0.0,0.0,0.0,0
552840,0.094025,0.094025,0.094025,0.094025,0.094025,0.094025,udp,0.0,0.0,cs0,cs0,64.0,62.0,0.0,2.0,Start,2,1,1,412,74,338,74.0,338.0,0.0,0.0,0.0,0,0,0,0.0,,,10.635469,0.0,0.0,CON,,,,,0.0,0.0,0.0,0
552857,0.10207,0.10207,0.10207,0.10207,0.10207,0.10207,udp,0.0,0.0,cs0,cs0,64.0,62.0,0.0,2.0,Start,2,1,1,412,74,338,74.0,338.0,0.0,0.0,0.0,0,0,0,0.0,,,9.797198,0.0,0.0,CON,,,,,0.0,0.0,0.0,0
553019,0.0,0.0,0.0,0.0,0.0,0.0,udp,0.0,,cs0,,249.0,,7.0,,Start,1,1,0,74,74,0,74.0,0.0,0.0,0.0,0.0,0,0,0,0.0,,,0.0,0.0,0.0,INT,,,610.0,,0.0,0.0,0.0,0
553038,4.996941,4.996941,4.996941,4.996941,4.996941,4.996941,tcp,0.0,0.0,cs0,cs0,64.0,117.0,0.0,11.0,Status,74,13,61,88245,2728,85517,209.846161,1401.918091,138700.8594,4032.867188,134667.9844,0,0,0,0.0,0.0,0.0,14.608937,2.401469,12.007346,CON,2096128.0,459776.0,,,0.042054,0.020722,0.021332,0
553112,0.0,0.0,0.0,0.0,0.0,0.0,udp,0.0,,cs0,,249.0,,7.0,,Start,1,1,0,74,74,0,74.0,0.0,0.0,0.0,0.0,0,0,0,0.0,,,0.0,0.0,0.0,INT,,,610.0,,0.0,0.0,0.0,0
553240,0.0,0.0,0.0,0.0,0.0,0.0,udp,0.0,,cs0,,249.0,,7.0,,Start,1,1,0,74,74,0,74.0,0.0,0.0,0.0,0.0,0,0,0,0.0,,,0.0,0.0,0.0,INT,,,610.0,,0.0,0.0,0.0,0
553325,0.0,0.0,0.0,0.0,0.0,0.0,udp,0.0,,cs0,,249.0,,7.0,,Start,1,1,0,74,74,0,74.0,0.0,0.0,0.0,0.0,0,0,0,0.0,,,0.0,0.0,0.0,INT,,,610.0,,0.0,0.0,0.0,0
553361,0.0,0.0,0.0,0.0,0.0,0.0,udp,0.0,,cs0,,249.0,,7.0,,Start,1,1,0,74,74,0,74.0,0.0,0.0,0.0,0.0,0,0,0,0.0,,,0.0,0.0,0.0,INT,,,610.0,,0.0,0.0,0.0,0
553427,0.0,0.0,0.0,0.0,0.0,0.0,udp,0.0,,cs0,,249.0,,7.0,,Start,1,1,0,74,74,0,74.0,0.0,0.0,0.0,0.0,0,0,0,0.0,,,0.0,0.0,0.0,INT,,,610.0,,0.0,0.0,0.0,0
553471,0.093904,0.093904,0.093904,0.093904,0.093904,0.093904,udp,0.0,0.0,cs0,cs0,64.0,62.0,0.0,2.0,Start,2,1,1,412,74,338,74.0,338.0,0.0,0.0,0.0,0,0,0,0.0,,,10.649173,0.0,0.0,CON,,,,,0.0,0.0,0.0,0
553576,0.0,0.0,0.0,0.0,0.0,0.0,udp,0.0,,cs0,,249.0,,7.0,,Start,1,1,0,74,74,0,74.0,0.0,0.0,0.0,0.0,0,0,0,0.0,,,0.0,0.0,0.0,INT,,,610.0,,0.0,0.0,0.0,0
553606,0.0,0.0,0.0,0.0,0.0,0.0,udp,0.0,,cs0,,249.0,,7.0,,Start,1,1,0,74,74,0,74.0,0.0,0.0,0.0,0.0,0,0,0,0.0,,,0.0,0.0,0.0,INT,,,610.0,,0.0,0.0,0.0,0
553651,0.0,0.0,0.0,0.0,0.0,0.0,udp,0.0,,cs0,,249.0,,7.0,,Start,1,1,0,74,74,0,74.0,0.0,0.0,0.0,0.0,0,0,0,0.0,,,0.0,0.0,0.0,INT,,,610.0,,0.0,0.0,0.0,0
553706,0.0,0.0,0.0,0.0,0.0,0.0,udp,0.0,,cs0,,249.0,,7.0,,Start,1,1,0,74,74,0,74.0,0.0,0.0,0.0,0.0,0,0,0,0.0,,,0.0,0.0,0.0,INT,,,610.0,,0.0,0.0,0.0,0
553830,0.0,0.0,0.0,0.0,0.0,0.0,udp,0.0,,cs0,,249.0,,7.0,,Start,1,1,0,74,74,0,74.0,0.0,0.0,0.0,0.0,0,0,0,0.0,,,0.0,0.0,0.0,INT,,,610.0,,0.0,0.0,0.0,0
553871,0.0,0.0,0.0,0.0,0.0,0.0,udp,0.0,,cs0,,249.0,,7.0,,Start,1,1,0,74,74,0,74.0,0.0,0.0,0.0,0.0,0,0,0,0.0,,,0.0,0.0,0.0,INT,,,610.0,,0.0,0.0,0.0,0
553890,0.0,0.0,0.0,0.0,0.0,0.0,udp,0.0,,cs0,,249.0,,7.0,,Start,1,1,0,74,74,0,74.0,0.0,0.0,0.0,0.0,0,0,0,0.0,,,0.0,0.0,0.0,INT,,,610.0,,0.0,0.0,0.0,0
553902,0.0,0.0,0.0,0.0,0.0,0.0,udp,0.0,,cs0,,249.0,,7.0,,Start,1,1,0,74,74,0,74.0,0.0,0.0,0.0,0.0,0,0,0,0.0,,,0.0,0.0,0.0,INT,,,610.0,,0.0,0.0,0.0,0
553912,0.0,0.0,0.0,0.0,0.0,0.0,udp,0.0,,cs0,,249.0,,7.0,,Start,1,1,0,74,74,0,74.0,0.0,0.0,0.0,0.0,0,0,0,0.0,,,0.0,0.0,0.0,INT,,,610.0,,0.0,0.0,0.0,0
553961,0.0,0.0,0.0,0.0,0.0,0.0,udp,0.0,,cs0,,249.0,,7.0,,Start,1,1,0,74,74,0,74.0,0.0,0.0,0.0,0.0,0,0,0,0.0,,,0.0,0.0,0.0,INT,,,610.0,,0.0,0.0,0.0,0
553997,0.067171,0.067171,0.067171,0.067171,0.067171,0.067171,udp,0.0,0.0,cs0,cs0,64.0,62.0,0.0,2.0,Start,2,1,1,239,89,150,89.0,150.0,0.0,0.0,0.0,0,0,0,0.0,,,14.887377,0.0,0.0,CON,,,,,0.0,0.0,0.0,0
554006,0.0,0.0,0.0,0.0,0.0,0.0,udp,0.0,,cs0,,249.0,,7.0,,Start,1,1,0,74,74,0,74.0,0.0,0.0,0.0,0.0,0,0,0,0.0,,,0.0,0.0,0.0,INT,,,610.0,,0.0,0.0,0.0,0
554031,0.0,0.0,0.0,0.0,0.0,0.0,udp,0.0,,cs0,,249.0,,7.0,,Start,1,1,0,74,74,0,74.0,0.0,0.0,0.0,0.0,0,0,0,0.0,,,0.0,0.0,0.0,INT,,,610.0,,0.0,0.0,0.0,0
554033,0.0,0.0,0.0,0.0,0.0,0.0,udp,0.0,,cs0,,249.0,,7.0,,Start,1,1,0,74,74,0,74.0,0.0,0.0,0.0,0.0,0,0,0,0.0,,,0.0,0.0,0.0,INT,,,610.0,,0.0,0.0,0.0,0
554124,0.0,0.0,0.0,0.0,0.0,0.0,udp,0.0,,cs0,,249.0,,7.0,,Start,1,1,0,74,74,0,74.0,0.0,0.0,0.0,0.0,0,0,0,0.0,,,0.0,0.0,0.0,INT,,,610.0,,0.0,0.0,0.0,0
554126,0.0,0.0,0.0,0.0,0.0,0.0,udp,0.0,,cs0,,249.0,,7.0,,Start,1,1,0,74,74,0,74.0,0.0,0.0,0.0,0.0,0,0,0,0.0,,,0.0,0.0,0.0,INT,,,610.0,,0.0,0.0,0.0,0
554193,0.0,0.0,0.0,0.0,0.0,0.0,udp,0.0,,cs0,,249.0,,7.0,,Start,1,1,0,74,74,0,74.0,0.0,0.0,0.0,0.0,0,0,0,0.0,,,0.0,0.0,0.0,INT,,,610.0,,0.0,0.0,0.0,0
554203,0.0,0.0,0.0,0.0,0.0,0.0,udp,0.0,,cs0,,249.0,,7.0,,Start,1,1,0,74,74,0,74.0,0.0,0.0,0.0,0.0,0,0,0,0.0,,,0.0,0.0,0.0,INT,,,610.0,,0.0,0.0,0.0,0
554213,4.870915,4.870915,4.870915,4.870915,4.870915,4.870915,tcp,0.0,0.0,cs0,cs0,64.0,117.0,0.0,11.0,Status,33,10,23,26837,1373,25464,137.300003,1107.130493,42033.99219,2030.008789,40003.98438,0,0,0,0.0,0.0,0.0,6.569608,1.847702,4.516605,CON,2096128.0,488704.0,,,0.042054,0.020722,0.021332,0
554215,0.0,0.0,0.0,0.0,0.0,0.0,icmp,0.0,,cs0,,58.0,,6.0,,Start,1,1,0,98,98,0,98.0,0.0,0.0,0.0,0.0,0,0,0,0.0,,,0.0,0.0,0.0,ECO,,,,,0.0,0.0,0.0,0
554223,0.0,0.0,0.0,0.0,0.0,0.0,icmp,192.0,,cs6,,64.0,,0.0,,Start,1,1,0,349,349,0,349.0,0.0,0.0,0.0,0.0,0,0,0,0.0,,,0.0,0.0,0.0,URP,,,,,0.0,0.0,0.0,0
554271,0.0,0.0,0.0,0.0,0.0,0.0,udp,0.0,,cs0,,249.0,,7.0,,Start,1,1,0,74,74,0,74.0,0.0,0.0,0.0,0.0,0,0,0,0.0,,,0.0,0.0,0.0,INT,,,610.0,,0.0,0.0,0.0,0
554286,0.0,0.0,0.0,0.0,0.0,0.0,udp,0.0,,cs0,,249.0,,7.0,,Start,1,1,0,74,74,0,74.0,0.0,0.0,0.0,0.0,0,0,0,0.0,,,0.0,0.0,0.0,INT,,,610.0,,0.0,0.0,0.0,0
554354,0.0,0.0,0.0,0.0,0.0,0.0,udp,0.0,,cs0,,249.0,,7.0,,Start,1,1,0,74,74,0,74.0,0.0,0.0,0.0,0.0,0,0,0,0.0,,,0.0,0.0,0.0,INT,,,610.0,,0.0,0.0,0.0,0
554576,0.0,0.0,0.0,0.0,0.0,0.0,udp,0.0,,cs0,,249.0,,7.0,,Start,1,1,0,74,74,0,74.0,0.0,0.0,0.0,0.0,0,0,0,0.0,,,0.0,0.0,0.0,INT,,,610.0,,0.0,0.0,0.0,0
554668,0.0,0.0,0.0,0.0,0.0,0.0,udp,0.0,,cs0,,249.0,,7.0,,Start,1,1,0,74,74,0,74.0,0.0,0.0,0.0,0.0,0,0,0,0.0,,,0.0,0.0,0.0,INT,,,610.0,,0.0,0.0,0.0,0
554670,0.0,0.0,0.0,0.0,0.0,0.0,udp,0.0,,cs0,,249.0,,7.0,,Start,1,1,0,74,74,0,74.0,0.0,0.0,0.0,0.0,0,0,0,0.0,,,0.0,0.0,0.0,INT,,,610.0,,0.0,0.0,0.0,0
554696,0.0,0.0,0.0,0.0,0.0,0.0,udp,0.0,,cs0,,249.0,,7.0,,Start,1,1,0,74,74,0,74.0,0.0,0.0,0.0,0.0,0,0,0,0.0,,,0.0,0.0,0.0,INT,,,610.0,,0.0,0.0,0.0,0
554915,0.0,0.0,0.0,0.0,0.0,0.0,udp,0.0,,cs0,,249.0,,7.0,,Start,1,1,0,74,74,0,74.0,0.0,0.0,0.0,0.0,0,0,0,0.0,,,0.0,0.0,0.0,INT,,,610.0,,0.0,0.0,0.0,0
554917,0.0,0.0,0.0,0.0,0.0,0.0,udp,0.0,,cs0,,249.0,,7.0,,Start,1,1,0,74,74,0,74.0,0.0,0.0,0.0,0.0,0,0,0,0.0,,,0.0,0.0,0.0,INT,,,610.0,,0.0,0.0,0.0,0
554918,0.0,0.0,0.0,0.0,0.0,0.0,udp,0.0,,cs0,,249.0,,7.0,,Start,1,1,0,74,74,0,74.0,0.0,0.0,0.0,0.0,0,0,0,0.0,,,0.0,0.0,0.0,INT,,,610.0,,0.0,0.0,0.0,0
554920,0.0,0.0,0.0,0.0,0.0,0.0,udp,0.0,,cs0,,249.0,,7.0,,Start,1,1,0,74,74,0,74.0,0.0,0.0,0.0,0.0,0,0,0,0.0,,,0.0,0.0,0.0,INT,,,610.0,,0.0,0.0,0.0,0
554997,0.0,0.0,0.0,0.0,0.0,0.0,udp,0.0,,cs0,,249.0,,7.0,,Start,1,1,0,74,74,0,74.0,0.0,0.0,0.0,0.0,0,0,0,0.0,,,0.0,0.0,0.0,INT,,,610.0,,0.0,0.0,0.0,0
555042,0.0,0.0,0.0,0.0,0.0,0.0,udp,0.0,,cs0,,249.0,,7.0,,Start,1,1,0,74,74,0,74.0,0.0,0.0,0.0,0.0,0,0,0,0.0,,,0.0,0.0,0.0,INT,,,610.0,,0.0,0.0,0.0,0
555047,0.0,0.0,0.0,0.0,0.0,0.0,udp,0.0,,cs0,,249.0,,7.0,,Start,1,1,0,74,74,0,74.0,0.0,0.0,0.0,0.0,0,0,0,0.0,,,0.0,0.0,0.0,INT,,,610.0,,0.0,0.0,0.0,0
555096,0.0,0.0,0.0,0.0,0.0,0.0,udp,0.0,,cs0,,249.0,,7.0,,Start,1,1,0,74,74,0,74.0,0.0,0.0,0.0,0.0,0,0,0,0.0,,,0.0,0.0,0.0,INT,,,610.0,,0.0,0.0,0.0,0
555101,0.0,0.0,0.0,0.0,0.0,0.0,udp,0.0,,cs0,,249.0,,7.0,,Start,1,1,0,74,74,0,74.0,0.0,0.0,0.0,0.0,0,0,0,0.0,,,0.0,0.0,0.0,INT,,,610.0,,0.0,0.0,0.0,0
555107,0.0,0.0,0.0,0.0,0.0,0.0,udp,0.0,,cs0,,249.0,,7.0,,Start,1,1,0,74,74,0,74.0,0.0,0.0,0.0,0.0,0,0,0,0.0,,,0.0,0.0,0.0,INT,,,610.0,,0.0,0.0,0.0,0
555151,0.0,0.0,0.0,0.0,0.0,0.0,udp,0.0,,cs0,,249.0,,7.0,,Start,1,1,0,74,74,0,74.0,0.0,0.0,0.0,0.0,0,0,0,0.0,,,0.0,0.0,0.0,INT,,,610.0,,0.0,0.0,0.0,0
555237,0.0,0.0,0.0,0.0,0.0,0.0,udp,0.0,,cs0,,249.0,,7.0,,Start,1,1,0,74,74,0,74.0,0.0,0.0,0.0,0.0,0,0,0,0.0,,,0.0,0.0,0.0,INT,,,610.0,,0.0,0.0,0.0,0
555296,0.0,0.0,0.0,0.0,0.0,0.0,udp,0.0,,cs0,,249.0,,7.0,,Start,1,1,0,74,74,0,74.0,0.0,0.0,0.0,0.0,0,0,0,0.0,,,0.0,0.0,0.0,INT,,,610.0,,0.0,0.0,0.0,0
555303,0.0,0.0,0.0,0.0,0.0,0.0,udp,0.0,,cs0,,249.0,,7.0,,Start,1,1,0,74,74,0,74.0,0.0,0.0,0.0,0.0,0,0,0,0.0,,,0.0,0.0,0.0,INT,,,610.0,,0.0,0.0,0.0,0
555370,0.0,0.0,0.0,0.0,0.0,0.0,udp,0.0,,cs0,,249.0,,7.0,,Start,1,1,0,74,74,0,74.0,0.0,0.0,0.0,0.0,0,0,0,0.0,,,0.0,0.0,0.0,INT,,,610.0,,0.0,0.0,0.0,0
555441,0.0,0.0,0.0,0.0,0.0,0.0,udp,0.0,,cs0,,249.0,,7.0,,Start,1,1,0,74,74,0,74.0,0.0,0.0,0.0,0.0,0,0,0,0.0,,,0.0,0.0,0.0,INT,,,610.0,,0.0,0.0,0.0,0
555525,0.0,0.0,0.0,0.0,0.0,0.0,udp,0.0,,cs0,,249.0,,7.0,,Start,1,1,0,74,74,0,74.0,0.0,0.0,0.0,0.0,0,0,0,0.0,,,0.0,0.0,0.0,INT,,,610.0,,0.0,0.0,0.0,0
555545,0.0,0.0,0.0,0.0,0.0,0.0,udp,0.0,,cs0,,249.0,,7.0,,Start,1,1,0,74,74,0,74.0,0.0,0.0,0.0,0.0,0,0,0,0.0,,,0.0,0.0,0.0,INT,,,610.0,,0.0,0.0,0.0,0
555590,0.0,0.0,0.0,0.0,0.0,0.0,udp,0.0,,cs0,,249.0,,7.0,,Start,1,1,0,74,74,0,74.0,0.0,0.0,0.0,0.0,0,0,0,0.0,,,0.0,0.0,0.0,INT,,,610.0,,0.0,0.0,0.0,0
555595,0.0,0.0,0.0,0.0,0.0,0.0,udp,0.0,,cs0,,249.0,,7.0,,Start,1,1,0,74,74,0,74.0,0.0,0.0,0.0,0.0,0,0,0,0.0,,,0.0,0.0,0.0,INT,,,610.0,,0.0,0.0,0.0,0
555679,0.0,0.0,0.0,0.0,0.0,0.0,udp,0.0,,cs0,,249.0,,7.0,,Start,1,1,0,74,74,0,74.0,0.0,0.0,0.0,0.0,0,0,0,0.0,,,0.0,0.0,0.0,INT,,,610.0,,0.0,0.0,0.0,0
555692,0.0,0.0,0.0,0.0,0.0,0.0,udp,0.0,,cs0,,249.0,,7.0,,Start,1,1,0,74,74,0,74.0,0.0,0.0,0.0,0.0,0,0,0,0.0,,,0.0,0.0,0.0,INT,,,610.0,,0.0,0.0,0.0,0
555763,0.0,0.0,0.0,0.0,0.0,0.0,udp,0.0,,cs0,,249.0,,7.0,,Start,1,1,0,74,74,0,74.0,0.0,0.0,0.0,0.0,0,0,0,0.0,,,0.0,0.0,0.0,INT,,,610.0,,0.0,0.0,0.0,0
555810,0.0,0.0,0.0,0.0,0.0,0.0,udp,0.0,,cs0,,249.0,,7.0,,Start,1,1,0,74,74,0,74.0,0.0,0.0,0.0,0.0,0,0,0,0.0,,,0.0,0.0,0.0,INT,,,610.0,,0.0,0.0,0.0,0
555845,0.001241,0.001241,0.001241,0.001241,0.001241,0.001241,udp,0.0,0.0,cs0,cs0,64.0,62.0,0.0,2.0,Start,2,1,1,416,74,342,74.0,342.0,0.0,0.0,0.0,0,0,0,0.0,,,805.801758,0.0,0.0,CON,,,,,0.0,0.0,0.0,0
555859,0.041044,0.041044,0.041044,0.041044,0.041044,0.041044,udp,0.0,0.0,cs0,cs0,64.0,62.0,0.0,2.0,Start,2,1,1,416,74,342,74.0,342.0,0.0,0.0,0.0,0,0,0,0.0,,,24.364098,0.0,0.0,CON,,,,,0.0,0.0,0.0,0
555918,0.0,0.0,0.0,0.0,0.0,0.0,udp,0.0,,cs0,,249.0,,7.0,,Start,1,1,0,74,74,0,74.0,0.0,0.0,0.0,0.0,0,0,0,0.0,,,0.0,0.0,0.0,INT,,,610.0,,0.0,0.0,0.0,0
556002,0.0,0.0,0.0,0.0,0.0,0.0,udp,0.0,,cs0,,249.0,,7.0,,Start,1,1,0,74,74,0,74.0,0.0,0.0,0.0,0.0,0,0,0,0.0,,,0.0,0.0,0.0,INT,,,610.0,,0.0,0.0,0.0,0
556023,0.0,0.0,0.0,0.0,0.0,0.0,udp,0.0,,cs0,,249.0,,7.0,,Start,1,1,0,74,74,0,74.0,0.0,0.0,0.0,0.0,0,0,0,0.0,,,0.0,0.0,0.0,INT,,,610.0,,0.0,0.0,0.0,0
556029,0.0,0.0,0.0,0.0,0.0,0.0,udp,0.0,,cs0,,249.0,,7.0,,Start,1,1,0,74,74,0,74.0,0.0,0.0,0.0,0.0,0,0,0,0.0,,,0.0,0.0,0.0,INT,,,610.0,,0.0,0.0,0.0,0
556125,0.0,0.0,0.0,0.0,0.0,0.0,udp,0.0,,cs0,,249.0,,7.0,,Start,1,1,0,74,74,0,74.0,0.0,0.0,0.0,0.0,0,0,0,0.0,,,0.0,0.0,0.0,INT,,,610.0,,0.0,0.0,0.0,0
556231,0.0,0.0,0.0,0.0,0.0,0.0,udp,0.0,,cs0,,249.0,,7.0,,Start,1,1,0,74,74,0,74.0,0.0,0.0,0.0,0.0,0,0,0,0.0,,,0.0,0.0,0.0,INT,,,610.0,,0.0,0.0,0.0,0
556243,0.0,0.0,0.0,0.0,0.0,0.0,udp,0.0,,cs0,,249.0,,7.0,,Start,1,1,0,74,74,0,74.0,0.0,0.0,0.0,0.0,0,0,0,0.0,,,0.0,0.0,0.0,INT,,,610.0,,0.0,0.0,0.0,0
556305,0.0,0.0,0.0,0.0,0.0,0.0,udp,0.0,,cs0,,249.0,,7.0,,Start,1,1,0,74,74,0,74.0,0.0,0.0,0.0,0.0,0,0,0,0.0,,,0.0,0.0,0.0,INT,,,610.0,,0.0,0.0,0.0,0
556344,0.0,0.0,0.0,0.0,0.0,0.0,udp,0.0,,cs0,,249.0,,7.0,,Start,1,1,0,74,74,0,74.0,0.0,0.0,0.0,0.0,0,0,0,0.0,,,0.0,0.0,0.0,INT,,,610.0,,0.0,0.0,0.0,0
556473,0.0,0.0,0.0,0.0,0.0,0.0,icmp,192.0,,cs6,,64.0,,0.0,,Start,1,1,0,178,178,0,178.0,0.0,0.0,0.0,0.0,0,0,0,0.0,,,0.0,0.0,0.0,URP,,,,,0.0,0.0,0.0,0
556548,0.0,0.0,0.0,0.0,0.0,0.0,udp,0.0,,cs0,,249.0,,7.0,,Start,1,1,0,74,74,0,74.0,0.0,0.0,0.0,0.0,0,0,0,0.0,,,0.0,0.0,0.0,INT,,,610.0,,0.0,0.0,0.0,0
556606,0.0,0.0,0.0,0.0,0.0,0.0,udp,0.0,,cs0,,249.0,,7.0,,Start,1,1,0,74,74,0,74.0,0.0,0.0,0.0,0.0,0,0,0,0.0,,,0.0,0.0,0.0,INT,,,610.0,,0.0,0.0,0.0,0
556635,0.0,0.0,0.0,0.0,0.0,0.0,udp,0.0,,cs0,,249.0,,7.0,,Start,1,1,0,74,74,0,74.0,0.0,0.0,0.0,0.0,0,0,0,0.0,,,0.0,0.0,0.0,INT,,,610.0,,0.0,0.0,0.0,0
556646,0.0,0.0,0.0,0.0,0.0,0.0,udp,0.0,,cs0,,249.0,,7.0,,Start,1,1,0,74,74,0,74.0,0.0,0.0,0.0,0.0,0,0,0,0.0,,,0.0,0.0,0.0,INT,,,610.0,,0.0,0.0,0.0,0
556690,0.0,0.0,0.0,0.0,0.0,0.0,icmp,0.0,,cs0,,58.0,,6.0,,Start,1,1,0,98,98,0,98.0,0.0,0.0,0.0,0.0,0,0,0,0.0,,,0.0,0.0,0.0,ECO,,,,,0.0,0.0,0.0,0
556746,0.0,0.0,0.0,0.0,0.0,0.0,udp,0.0,,cs0,,249.0,,7.0,,Start,1,1,0,74,74,0,74.0,0.0,0.0,0.0,0.0,0,0,0,0.0,,,0.0,0.0,0.0,INT,,,610.0,,0.0,0.0,0.0,0
556788,0.0,0.0,0.0,0.0,0.0,0.0,udp,0.0,,cs0,,249.0,,7.0,,Start,1,1,0,74,74,0,74.0,0.0,0.0,0.0,0.0,0,0,0,0.0,,,0.0,0.0,0.0,INT,,,610.0,,0.0,0.0,0.0,0
556812,0.0,0.0,0.0,0.0,0.0,0.0,udp,0.0,,cs0,,249.0,,7.0,,Start,1,1,0,74,74,0,74.0,0.0,0.0,0.0,0.0,0,0,0,0.0,,,0.0,0.0,0.0,INT,,,610.0,,0.0,0.0,0.0,0
556852,0.0,0.0,0.0,0.0,0.0,0.0,udp,0.0,,cs0,,249.0,,7.0,,Start,1,1,0,74,74,0,74.0,0.0,0.0,0.0,0.0,0,0,0,0.0,,,0.0,0.0,0.0,INT,,,610.0,,0.0,0.0,0.0,0
556856,0.0,0.0,0.0,0.0,0.0,0.0,udp,0.0,,cs0,,249.0,,7.0,,Start,1,1,0,74,74,0,74.0,0.0,0.0,0.0,0.0,0,0,0,0.0,,,0.0,0.0,0.0,INT,,,610.0,,0.0,0.0,0.0,0
556880,0.0,0.0,0.0,0.0,0.0,0.0,udp,0.0,,cs0,,249.0,,7.0,,Start,1,1,0,74,74,0,74.0,0.0,0.0,0.0,0.0,0,0,0,0.0,,,0.0,0.0,0.0,INT,,,610.0,,0.0,0.0,0.0,0
556935,4.943997,4.943997,4.943997,4.943997,4.943997,4.943997,tcp,0.0,0.0,cs0,cs0,64.0,117.0,0.0,11.0,Status,91,27,64,89859,3664,86195,135.703705,1346.796875,143006.5625,5710.359375,137296.2031,0,0,0,0.0,0.0,0.0,18.203896,5.258903,12.742726,CON,2096128.0,558336.0,,,0.042054,0.020722,0.021332,0
557024,0.0,0.0,0.0,0.0,0.0,0.0,udp,0.0,,cs0,,249.0,,7.0,,Start,1,1,0,74,74,0,74.0,0.0,0.0,0.0,0.0,0,0,0,0.0,,,0.0,0.0,0.0,INT,,,610.0,,0.0,0.0,0.0,0
557097,0.0,0.0,0.0,0.0,0.0,0.0,udp,0.0,,cs0,,249.0,,7.0,,Start,1,1,0,74,74,0,74.0,0.0,0.0,0.0,0.0,0,0,0,0.0,,,0.0,0.0,0.0,INT,,,610.0,,0.0,0.0,0.0,0
557102,0.0,0.0,0.0,0.0,0.0,0.0,udp,0.0,,cs0,,249.0,,7.0,,Start,1,1,0,74,74,0,74.0,0.0,0.0,0.0,0.0,0,0,0,0.0,,,0.0,0.0,0.0,INT,,,610.0,,0.0,0.0,0.0,0
557110,0.0,0.0,0.0,0.0,0.0,0.0,udp,0.0,,cs0,,249.0,,7.0,,Start,1,1,0,74,74,0,74.0,0.0,0.0,0.0,0.0,0,0,0,0.0,,,0.0,0.0,0.0,INT,,,610.0,,0.0,0.0,0.0,0
557168,0.0,0.0,0.0,0.0,0.0,0.0,udp,0.0,,cs0,,249.0,,7.0,,Start,1,1,0,74,74,0,74.0,0.0,0.0,0.0,0.0,0,0,0,0.0,,,0.0,0.0,0.0,INT,,,610.0,,0.0,0.0,0.0,0
557255,0.054136,0.054136,0.054136,0.054136,0.054136,0.054136,udp,0.0,0.0,cs0,cs0,64.0,62.0,0.0,2.0,Start,2,1,1,239,89,150,89.0,150.0,0.0,0.0,0.0,0,0,0,0.0,,,18.471996,0.0,0.0,CON,,,,,0.0,0.0,0.0,0
557303,0.0,0.0,0.0,0.0,0.0,0.0,udp,0.0,,cs0,,249.0,,7.0,,Start,1,1,0,74,74,0,74.0,0.0,0.0,0.0,0.0,0,0,0,0.0,,,0.0,0.0,0.0,INT,,,610.0,,0.0,0.0,0.0,0
557344,0.0,0.0,0.0,0.0,0.0,0.0,udp,0.0,,cs0,,249.0,,7.0,,Start,1,1,0,74,74,0,74.0,0.0,0.0,0.0,0.0,0,0,0,0.0,,,0.0,0.0,0.0,INT,,,610.0,,0.0,0.0,0.0,0
557361,0.0,0.0,0.0,0.0,0.0,0.0,udp,0.0,,cs0,,249.0,,7.0,,Start,1,1,0,74,74,0,74.0,0.0,0.0,0.0,0.0,0,0,0,0.0,,,0.0,0.0,0.0,INT,,,610.0,,0.0,0.0,0.0,0
557461,0.0,0.0,0.0,0.0,0.0,0.0,udp,0.0,,cs0,,249.0,,7.0,,Start,1,1,0,74,74,0,74.0,0.0,0.0,0.0,0.0,0,0,0,0.0,,,0.0,0.0,0.0,INT,,,610.0,,0.0,0.0,0.0,0
557472,0.0,0.0,0.0,0.0,0.0,0.0,udp,0.0,,cs0,,249.0,,7.0,,Start,1,1,0,74,74,0,74.0,0.0,0.0,0.0,0.0,0,0,0,0.0,,,0.0,0.0,0.0,INT,,,610.0,,0.0,0.0,0.0,0
557487,0.0,0.0,0.0,0.0,0.0,0.0,udp,0.0,,cs0,,249.0,,7.0,,Start,1,1,0,74,74,0,74.0,0.0,0.0,0.0,0.0,0,0,0,0.0,,,0.0,0.0,0.0,INT,,,610.0,,0.0,0.0,0.0,0
557561,0.0,0.0,0.0,0.0,0.0,0.0,udp,0.0,,cs0,,249.0,,7.0,,Start,1,1,0,74,74,0,74.0,0.0,0.0,0.0,0.0,0,0,0,0.0,,,0.0,0.0,0.0,INT,,,610.0,,0.0,0.0,0.0,0
557712,0.0,0.0,0.0,0.0,0.0,0.0,udp,0.0,,cs0,,249.0,,7.0,,Start,1,1,0,74,74,0,74.0,0.0,0.0,0.0,0.0,0,0,0,0.0,,,0.0,0.0,0.0,INT,,,610.0,,0.0,0.0,0.0,0
557733,0.0,0.0,0.0,0.0,0.0,0.0,udp,0.0,,cs0,,249.0,,7.0,,Start,1,1,0,74,74,0,74.0,0.0,0.0,0.0,0.0,0,0,0,0.0,,,0.0,0.0,0.0,INT,,,610.0,,0.0,0.0,0.0,0
557755,0.0,0.0,0.0,0.0,0.0,0.0,udp,0.0,,cs0,,249.0,,7.0,,Start,1,1,0,74,74,0,74.0,0.0,0.0,0.0,0.0,0,0,0,0.0,,,0.0,0.0,0.0,INT,,,610.0,,0.0,0.0,0.0,0
557874,0.0,0.0,0.0,0.0,0.0,0.0,udp,0.0,,cs0,,249.0,,7.0,,Start,1,1,0,74,74,0,74.0,0.0,0.0,0.0,0.0,0,0,0,0.0,,,0.0,0.0,0.0,INT,,,610.0,,0.0,0.0,0.0,0
557877,0.0,0.0,0.0,0.0,0.0,0.0,udp,0.0,,cs0,,249.0,,7.0,,Start,1,1,0,74,74,0,74.0,0.0,0.0,0.0,0.0,0,0,0,0.0,,,0.0,0.0,0.0,INT,,,610.0,,0.0,0.0,0.0,0
557898,0.0,0.0,0.0,0.0,0.0,0.0,udp,0.0,,cs0,,249.0,,7.0,,Start,1,1,0,74,74,0,74.0,0.0,0.0,0.0,0.0,0,0,0,0.0,,,0.0,0.0,0.0,INT,,,610.0,,0.0,0.0,0.0,0
557935,0.0,0.0,0.0,0.0,0.0,0.0,udp,0.0,,cs0,,249.0,,7.0,,Start,1,1,0,74,74,0,74.0,0.0,0.0,0.0,0.0,0,0,0,0.0,,,0.0,0.0,0.0,INT,,,610.0,,0.0,0.0,0.0,0
558024,0.036989,0.036989,0.036989,0.036989,0.036989,0.036989,tcp,0.0,0.0,cs0,cs0,64.0,117.0,0.0,11.0,Status,3,2,1,1072,598,474,299.0,474.0,64667.875,64667.875,0.0,0,0,0,0.0,0.0,0.0,54.070129,27.035065,0.0,CON,89088.0,80640.0,,,0.060943,0.02059,0.040353,0
558060,0.0,0.0,0.0,0.0,0.0,0.0,udp,0.0,,cs0,,249.0,,7.0,,Start,1,1,0,74,74,0,74.0,0.0,0.0,0.0,0.0,0,0,0,0.0,,,0.0,0.0,0.0,INT,,,610.0,,0.0,0.0,0.0,0
558065,0.0,0.0,0.0,0.0,0.0,0.0,udp,0.0,,cs0,,249.0,,7.0,,Start,1,1,0,74,74,0,74.0,0.0,0.0,0.0,0.0,0,0,0,0.0,,,0.0,0.0,0.0,INT,,,610.0,,0.0,0.0,0.0,0
558104,0.0,0.0,0.0,0.0,0.0,0.0,udp,0.0,,cs0,,249.0,,7.0,,Start,1,1,0,74,74,0,74.0,0.0,0.0,0.0,0.0,0,0,0,0.0,,,0.0,0.0,0.0,INT,,,610.0,,0.0,0.0,0.0,0
558122,0.0,0.0,0.0,0.0,0.0,0.0,udp,0.0,,cs0,,249.0,,7.0,,Start,1,1,0,74,74,0,74.0,0.0,0.0,0.0,0.0,0,0,0,0.0,,,0.0,0.0,0.0,INT,,,610.0,,0.0,0.0,0.0,0
558262,0.0,0.0,0.0,0.0,0.0,0.0,udp,0.0,,cs0,,249.0,,7.0,,Start,1,1,0,74,74,0,74.0,0.0,0.0,0.0,0.0,0,0,0,0.0,,,0.0,0.0,0.0,INT,,,610.0,,0.0,0.0,0.0,0
558290,0.0,0.0,0.0,0.0,0.0,0.0,udp,0.0,,cs0,,249.0,,7.0,,Start,1,1,0,74,74,0,74.0,0.0,0.0,0.0,0.0,0,0,0,0.0,,,0.0,0.0,0.0,INT,,,610.0,,0.0,0.0,0.0,0
558302,0.0,0.0,0.0,0.0,0.0,0.0,udp,0.0,,cs0,,249.0,,7.0,,Start,1,1,0,74,74,0,74.0,0.0,0.0,0.0,0.0,0,0,0,0.0,,,0.0,0.0,0.0,INT,,,610.0,,0.0,0.0,0.0,0
558443,0.043124,0.043124,0.043124,0.043124,0.043124,0.043124,udp,0.0,48.0,cs0,af12,64.0,62.0,0.0,2.0,Start,2,1,1,410,89,321,89.0,321.0,0.0,0.0,0.0,0,0,0,0.0,,,23.188942,0.0,0.0,CON,,,,,0.0,0.0,0.0,0
558457,0.0,0.0,0.0,0.0,0.0,0.0,udp,0.0,,cs0,,249.0,,7.0,,Start,1,1,0,74,74,0,74.0,0.0,0.0,0.0,0.0,0,0,0,0.0,,,0.0,0.0,0.0,INT,,,610.0,,0.0,0.0,0.0,0
558468,0.0,0.0,0.0,0.0,0.0,0.0,udp,0.0,,cs0,,249.0,,7.0,,Start,1,1,0,74,74,0,74.0,0.0,0.0,0.0,0.0,0,0,0,0.0,,,0.0,0.0,0.0,INT,,,610.0,,0.0,0.0,0.0,0
558477,0.0,0.0,0.0,0.0,0.0,0.0,udp,0.0,,cs0,,249.0,,7.0,,Start,1,1,0,74,74,0,74.0,0.0,0.0,0.0,0.0,0,0,0,0.0,,,0.0,0.0,0.0,INT,,,610.0,,0.0,0.0,0.0,0
558511,0.0,0.0,0.0,0.0,0.0,0.0,udp,0.0,,cs0,,249.0,,7.0,,Start,1,1,0,74,74,0,74.0,0.0,0.0,0.0,0.0,0,0,0,0.0,,,0.0,0.0,0.0,INT,,,610.0,,0.0,0.0,0.0,0
558551,0.0,0.0,0.0,0.0,0.0,0.0,udp,0.0,,cs0,,249.0,,7.0,,Start,1,1,0,74,74,0,74.0,0.0,0.0,0.0,0.0,0,0,0,0.0,,,0.0,0.0,0.0,INT,,,610.0,,0.0,0.0,0.0,0
558574,0.0,0.0,0.0,0.0,0.0,0.0,udp,0.0,,cs0,,249.0,,7.0,,Start,1,1,0,74,74,0,74.0,0.0,0.0,0.0,0.0,0,0,0,0.0,,,0.0,0.0,0.0,INT,,,610.0,,0.0,0.0,0.0,0
558638,0.0,0.0,0.0,0.0,0.0,0.0,udp,0.0,,cs0,,249.0,,7.0,,Start,1,1,0,74,74,0,74.0,0.0,0.0,0.0,0.0,0,0,0,0.0,,,0.0,0.0,0.0,INT,,,610.0,,0.0,0.0,0.0,0
558669,0.0,0.0,0.0,0.0,0.0,0.0,udp,0.0,,cs0,,249.0,,7.0,,Start,1,1,0,74,74,0,74.0,0.0,0.0,0.0,0.0,0,0,0,0.0,,,0.0,0.0,0.0,INT,,,610.0,,0.0,0.0,0.0,0
558681,0.0,0.0,0.0,0.0,0.0,0.0,udp,0.0,,cs0,,249.0,,7.0,,Start,1,1,0,74,74,0,74.0,0.0,0.0,0.0,0.0,0,0,0,0.0,,,0.0,0.0,0.0,INT,,,610.0,,0.0,0.0,0.0,0
558725,0.0,0.0,0.0,0.0,0.0,0.0,udp,0.0,,cs0,,249.0,,7.0,,Start,1,1,0,74,74,0,74.0,0.0,0.0,0.0,0.0,0,0,0,0.0,,,0.0,0.0,0.0,INT,,,610.0,,0.0,0.0,0.0,0
558750,0.0,0.0,0.0,0.0,0.0,0.0,udp,0.0,,cs0,,249.0,,7.0,,Start,1,1,0,74,74,0,74.0,0.0,0.0,0.0,0.0,0,0,0,0.0,,,0.0,0.0,0.0,INT,,,610.0,,0.0,0.0,0.0,0
558805,3.88212,3.88212,3.88212,3.88212,3.88212,3.88212,sctp,186.0,40.0,ef,af11,255.0,250.0,1.0,6.0,Status,4,2,2,424,208,216,104.0,108.0,436.874695,214.315903,222.558807,0,0,0,0.0,,,0.772774,0.257591,0.257591,CON,,,,610.0,0.0,0.0,0.0,0
558810,0.0,0.0,0.0,0.0,0.0,0.0,icmp,0.0,,cs0,,58.0,,6.0,,Start,1,1,0,98,98,0,98.0,0.0,0.0,0.0,0.0,0,0,0,0.0,,,0.0,0.0,0.0,ECO,,,,,0.0,0.0,0.0,0
558830,0.0,0.0,0.0,0.0,0.0,0.0,udp,0.0,,cs0,,249.0,,7.0,,Start,1,1,0,74,74,0,74.0,0.0,0.0,0.0,0.0,0,0,0,0.0,,,0.0,0.0,0.0,INT,,,610.0,,0.0,0.0,0.0,0
558943,0.0,0.0,0.0,0.0,0.0,0.0,udp,0.0,,cs0,,249.0,,7.0,,Start,1,1,0,74,74,0,74.0,0.0,0.0,0.0,0.0,0,0,0,0.0,,,0.0,0.0,0.0,INT,,,610.0,,0.0,0.0,0.0,0
558995,0.102995,0.102995,0.102995,0.102995,0.102995,0.102995,udp,0.0,0.0,cs0,cs0,64.0,62.0,0.0,2.0,Start,2,1,1,410,89,321,89.0,321.0,0.0,0.0,0.0,0,0,0,0.0,,,9.709209,0.0,0.0,CON,,,,,0.0,0.0,0.0,0
559063,0.0,0.0,0.0,0.0,0.0,0.0,udp,0.0,,cs0,,249.0,,7.0,,Start,1,1,0,74,74,0,74.0,0.0,0.0,0.0,0.0,0,0,0,0.0,,,0.0,0.0,0.0,INT,,,610.0,,0.0,0.0,0.0,0
559064,0.0,0.0,0.0,0.0,0.0,0.0,udp,0.0,,cs0,,249.0,,7.0,,Start,1,1,0,74,74,0,74.0,0.0,0.0,0.0,0.0,0,0,0,0.0,,,0.0,0.0,0.0,INT,,,610.0,,0.0,0.0,0.0,0
559091,0.0,0.0,0.0,0.0,0.0,0.0,udp,0.0,,cs0,,249.0,,7.0,,Start,1,1,0,74,74,0,74.0,0.0,0.0,0.0,0.0,0,0,0,0.0,,,0.0,0.0,0.0,INT,,,610.0,,0.0,0.0,0.0,0
559110,0.0,0.0,0.0,0.0,0.0,0.0,udp,0.0,,cs0,,249.0,,7.0,,Start,1,1,0,74,74,0,74.0,0.0,0.0,0.0,0.0,0,0,0,0.0,,,0.0,0.0,0.0,INT,,,610.0,,0.0,0.0,0.0,0
559193,0.0,0.0,0.0,0.0,0.0,0.0,udp,0.0,,cs0,,249.0,,7.0,,Start,1,1,0,74,74,0,74.0,0.0,0.0,0.0,0.0,0,0,0,0.0,,,0.0,0.0,0.0,INT,,,610.0,,0.0,0.0,0.0,0
559214,0.0,0.0,0.0,0.0,0.0,0.0,udp,0.0,,cs0,,249.0,,7.0,,Start,1,1,0,74,74,0,74.0,0.0,0.0,0.0,0.0,0,0,0,0.0,,,0.0,0.0,0.0,INT,,,610.0,,0.0,0.0,0.0,0
559242,0.0,0.0,0.0,0.0,0.0,0.0,udp,0.0,,cs0,,249.0,,7.0,,Start,1,1,0,74,74,0,74.0,0.0,0.0,0.0,0.0,0,0,0,0.0,,,0.0,0.0,0.0,INT,,,610.0,,0.0,0.0,0.0,0
559329,0.0,0.0,0.0,0.0,0.0,0.0,udp,0.0,,cs0,,255.0,,1.0,,Start,1,1,0,60,60,0,60.0,0.0,0.0,0.0,0.0,0,0,0,0.0,,,0.0,0.0,0.0,INT,,,,,0.0,0.0,0.0,0
559335,0.0,0.0,0.0,0.0,0.0,0.0,udp,0.0,,cs0,,249.0,,7.0,,Start,1,1,0,74,74,0,74.0,0.0,0.0,0.0,0.0,0,0,0,0.0,,,0.0,0.0,0.0,INT,,,610.0,,0.0,0.0,0.0,0
559353,0.0,0.0,0.0,0.0,0.0,0.0,udp,0.0,,cs0,,249.0,,7.0,,Start,1,1,0,74,74,0,74.0,0.0,0.0,0.0,0.0,0,0,0,0.0,,,0.0,0.0,0.0,INT,,,610.0,,0.0,0.0,0.0,0
559358,0.0,0.0,0.0,0.0,0.0,0.0,udp,0.0,,cs0,,249.0,,7.0,,Start,1,1,0,74,74,0,74.0,0.0,0.0,0.0,0.0,0,0,0,0.0,,,0.0,0.0,0.0,INT,,,610.0,,0.0,0.0,0.0,0
559419,0.0,0.0,0.0,0.0,0.0,0.0,udp,0.0,,cs0,,249.0,,7.0,,Start,1,1,0,74,74,0,74.0,0.0,0.0,0.0,0.0,0,0,0,0.0,,,0.0,0.0,0.0,INT,,,610.0,,0.0,0.0,0.0,0
559432,0.0,0.0,0.0,0.0,0.0,0.0,udp,0.0,,cs0,,249.0,,7.0,,Start,1,1,0,74,74,0,74.0,0.0,0.0,0.0,0.0,0,0,0,0.0,,,0.0,0.0,0.0,INT,,,610.0,,0.0,0.0,0.0,0
559438,0.0,0.0,0.0,0.0,0.0,0.0,udp,0.0,,cs0,,249.0,,7.0,,Start,1,1,0,74,74,0,74.0,0.0,0.0,0.0,0.0,0,0,0,0.0,,,0.0,0.0,0.0,INT,,,610.0,,0.0,0.0,0.0,0
559564,0.0,0.0,0.0,0.0,0.0,0.0,udp,0.0,,cs0,,249.0,,7.0,,Start,1,1,0,74,74,0,74.0,0.0,0.0,0.0,0.0,0,0,0,0.0,,,0.0,0.0,0.0,INT,,,610.0,,0.0,0.0,0.0,0
559597,0.073616,0.073616,0.073616,0.073616,0.073616,0.073616,tcp,0.0,0.0,cs0,cs0,64.0,117.0,0.0,11.0,Status,29,11,18,26003,2512,23491,228.363632,1305.055542,2659204.5,248206.9219,2410997.75,0,0,0,0.0,0.0,0.0,380.352112,135.840042,230.92807,CON,1404928.0,268032.0,,,0.053012,0.021857,0.031155,0
559603,0.0,0.0,0.0,0.0,0.0,0.0,udp,0.0,,cs0,,249.0,,7.0,,Start,1,1,0,74,74,0,74.0,0.0,0.0,0.0,0.0,0,0,0,0.0,,,0.0,0.0,0.0,INT,,,610.0,,0.0,0.0,0.0,0
559607,0.0,0.0,0.0,0.0,0.0,0.0,udp,0.0,,cs0,,249.0,,7.0,,Start,1,1,0,74,74,0,74.0,0.0,0.0,0.0,0.0,0,0,0,0.0,,,0.0,0.0,0.0,INT,,,610.0,,0.0,0.0,0.0,0
559747,0.0,0.0,0.0,0.0,0.0,0.0,icmp,208.0,,52,,64.0,,0.0,,Start,1,1,0,349,349,0,349.0,0.0,0.0,0.0,0.0,0,0,0,0.0,,,0.0,0.0,0.0,URP,,,,,0.0,0.0,0.0,0
559801,0.0,0.0,0.0,0.0,0.0,0.0,udp,0.0,,cs0,,249.0,,7.0,,Start,1,1,0,74,74,0,74.0,0.0,0.0,0.0,0.0,0,0,0,0.0,,,0.0,0.0,0.0,INT,,,610.0,,0.0,0.0,0.0,0
559836,0.0,0.0,0.0,0.0,0.0,0.0,udp,0.0,,cs0,,249.0,,7.0,,Start,1,1,0,74,74,0,74.0,0.0,0.0,0.0,0.0,0,0,0,0.0,,,0.0,0.0,0.0,INT,,,610.0,,0.0,0.0,0.0,0
559840,0.0,0.0,0.0,0.0,0.0,0.0,udp,0.0,,cs0,,249.0,,7.0,,Start,1,1,0,74,74,0,74.0,0.0,0.0,0.0,0.0,0,0,0,0.0,,,0.0,0.0,0.0,INT,,,610.0,,0.0,0.0,0.0,0
559899,0.0,0.0,0.0,0.0,0.0,0.0,udp,0.0,,cs0,,249.0,,7.0,,Start,1,1,0,74,74,0,74.0,0.0,0.0,0.0,0.0,0,0,0,0.0,,,0.0,0.0,0.0,INT,,,610.0,,0.0,0.0,0.0,0
559985,0.0,0.0,0.0,0.0,0.0,0.0,udp,0.0,,cs0,,249.0,,7.0,,Start,1,1,0,74,74,0,74.0,0.0,0.0,0.0,0.0,0,0,0,0.0,,,0.0,0.0,0.0,INT,,,610.0,,0.0,0.0,0.0,0
559986,0.0,0.0,0.0,0.0,0.0,0.0,udp,0.0,,cs0,,249.0,,7.0,,Start,1,1,0,74,74,0,74.0,0.0,0.0,0.0,0.0,0,0,0,0.0,,,0.0,0.0,0.0,INT,,,610.0,,0.0,0.0,0.0,0
560024,0.0,0.0,0.0,0.0,0.0,0.0,udp,0.0,,cs0,,249.0,,7.0,,Start,1,1,0,74,74,0,74.0,0.0,0.0,0.0,0.0,0,0,0,0.0,,,0.0,0.0,0.0,INT,,,610.0,,0.0,0.0,0.0,0
560056,0.0,0.0,0.0,0.0,0.0,0.0,udp,0.0,,cs0,,249.0,,7.0,,Start,1,1,0,74,74,0,74.0,0.0,0.0,0.0,0.0,0,0,0,0.0,,,0.0,0.0,0.0,INT,,,610.0,,0.0,0.0,0.0,0
560075,0.0,0.0,0.0,0.0,0.0,0.0,udp,0.0,,cs0,,249.0,,7.0,,Start,1,1,0,74,74,0,74.0,0.0,0.0,0.0,0.0,0,0,0,0.0,,,0.0,0.0,0.0,INT,,,610.0,,0.0,0.0,0.0,0
560125,0.0,0.0,0.0,0.0,0.0,0.0,udp,0.0,,cs0,,249.0,,7.0,,Start,1,1,0,74,74,0,74.0,0.0,0.0,0.0,0.0,0,0,0,0.0,,,0.0,0.0,0.0,INT,,,610.0,,0.0,0.0,0.0,0
560164,0.0,0.0,0.0,0.0,0.0,0.0,udp,0.0,,cs0,,249.0,,7.0,,Start,1,1,0,74,74,0,74.0,0.0,0.0,0.0,0.0,0,0,0,0.0,,,0.0,0.0,0.0,INT,,,610.0,,0.0,0.0,0.0,0
560212,0.0,0.0,0.0,0.0,0.0,0.0,udp,0.0,,cs0,,249.0,,7.0,,Start,1,1,0,74,74,0,74.0,0.0,0.0,0.0,0.0,0,0,0,0.0,,,0.0,0.0,0.0,INT,,,610.0,,0.0,0.0,0.0,0
560213,0.0,0.0,0.0,0.0,0.0,0.0,udp,0.0,,cs0,,249.0,,7.0,,Start,1,1,0,74,74,0,74.0,0.0,0.0,0.0,0.0,0,0,0,0.0,,,0.0,0.0,0.0,INT,,,610.0,,0.0,0.0,0.0,0
560217,0.0,0.0,0.0,0.0,0.0,0.0,udp,0.0,,cs0,,249.0,,7.0,,Start,1,1,0,74,74,0,74.0,0.0,0.0,0.0,0.0,0,0,0,0.0,,,0.0,0.0,0.0,INT,,,610.0,,0.0,0.0,0.0,0
560221,0.0,0.0,0.0,0.0,0.0,0.0,udp,0.0,,cs0,,249.0,,7.0,,Start,1,1,0,74,74,0,74.0,0.0,0.0,0.0,0.0,0,0,0,0.0,,,0.0,0.0,0.0,INT,,,610.0,,0.0,0.0,0.0,0
560356,0.0,0.0,0.0,0.0,0.0,0.0,udp,0.0,,cs0,,249.0,,7.0,,Start,1,1,0,74,74,0,74.0,0.0,0.0,0.0,0.0,0,0,0,0.0,,,0.0,0.0,0.0,INT,,,610.0,,0.0,0.0,0.0,0
560407,0.0,0.0,0.0,0.0,0.0,0.0,udp,0.0,,cs0,,249.0,,7.0,,Start,1,1,0,74,74,0,74.0,0.0,0.0,0.0,0.0,0,0,0,0.0,,,0.0,0.0,0.0,INT,,,610.0,,0.0,0.0,0.0,0
560434,0.0,0.0,0.0,0.0,0.0,0.0,udp,0.0,,cs0,,249.0,,7.0,,Start,1,1,0,74,74,0,74.0,0.0,0.0,0.0,0.0,0,0,0,0.0,,,0.0,0.0,0.0,INT,,,610.0,,0.0,0.0,0.0,0
560509,0.0,0.0,0.0,0.0,0.0,0.0,icmp,0.0,,cs0,,58.0,,6.0,,Start,1,1,0,98,98,0,98.0,0.0,0.0,0.0,0.0,0,0,0,0.0,,,0.0,0.0,0.0,ECO,,,,,0.0,0.0,0.0,0
560517,0.0,0.0,0.0,0.0,0.0,0.0,udp,0.0,,cs0,,249.0,,7.0,,Start,1,1,0,74,74,0,74.0,0.0,0.0,0.0,0.0,0,0,0,0.0,,,0.0,0.0,0.0,INT,,,610.0,,0.0,0.0,0.0,0
560576,0.0,0.0,0.0,0.0,0.0,0.0,udp,0.0,,cs0,,249.0,,7.0,,Start,1,1,0,74,74,0,74.0,0.0,0.0,0.0,0.0,0,0,0,0.0,,,0.0,0.0,0.0,INT,,,610.0,,0.0,0.0,0.0,0
560582,0.0,0.0,0.0,0.0,0.0,0.0,udp,0.0,,cs0,,249.0,,7.0,,Start,1,1,0,74,74,0,74.0,0.0,0.0,0.0,0.0,0,0,0,0.0,,,0.0,0.0,0.0,INT,,,610.0,,0.0,0.0,0.0,0
560608,0.0,0.0,0.0,0.0,0.0,0.0,udp,0.0,,cs0,,249.0,,7.0,,Start,1,1,0,74,74,0,74.0,0.0,0.0,0.0,0.0,0,0,0,0.0,,,0.0,0.0,0.0,INT,,,610.0,,0.0,0.0,0.0,0
560649,0.0,0.0,0.0,0.0,0.0,0.0,udp,0.0,,cs0,,249.0,,7.0,,Start,1,1,0,74,74,0,74.0,0.0,0.0,0.0,0.0,0,0,0,0.0,,,0.0,0.0,0.0,INT,,,610.0,,0.0,0.0,0.0,0
560682,0.0,0.0,0.0,0.0,0.0,0.0,udp,0.0,,cs0,,249.0,,7.0,,Start,1,1,0,74,74,0,74.0,0.0,0.0,0.0,0.0,0,0,0,0.0,,,0.0,0.0,0.0,INT,,,610.0,,0.0,0.0,0.0,0
560692,0.0,0.0,0.0,0.0,0.0,0.0,udp,0.0,,cs0,,249.0,,7.0,,Start,1,1,0,74,74,0,74.0,0.0,0.0,0.0,0.0,0,0,0,0.0,,,0.0,0.0,0.0,INT,,,610.0,,0.0,0.0,0.0,0
560718,0.0,0.0,0.0,0.0,0.0,0.0,icmp,0.0,,cs0,,58.0,,6.0,,Start,1,1,0,98,98,0,98.0,0.0,0.0,0.0,0.0,0,0,0,0.0,,,0.0,0.0,0.0,ECO,,,,,0.0,0.0,0.0,0
560726,0.073003,0.073003,0.073003,0.073003,0.073003,0.073003,udp,0.0,0.0,cs0,cs0,64.0,117.0,0.0,11.0,Status,6,3,3,748,548,200,182.666672,66.666664,54792.26953,40107.94141,14684.32813,0,0,0,0.0,,,68.490334,27.396133,27.396133,CON,,,,,0.0,0.0,0.0,0
560812,0.0,0.0,0.0,0.0,0.0,0.0,udp,0.0,,cs0,,249.0,,7.0,,Start,1,1,0,74,74,0,74.0,0.0,0.0,0.0,0.0,0,0,0,0.0,,,0.0,0.0,0.0,INT,,,610.0,,0.0,0.0,0.0,0
560843,0.0,0.0,0.0,0.0,0.0,0.0,udp,0.0,,cs0,,249.0,,7.0,,Start,1,1,0,74,74,0,74.0,0.0,0.0,0.0,0.0,0,0,0,0.0,,,0.0,0.0,0.0,INT,,,610.0,,0.0,0.0,0.0,0
560864,0.0,0.0,0.0,0.0,0.0,0.0,udp,0.0,,cs0,,249.0,,7.0,,Start,1,1,0,74,74,0,74.0,0.0,0.0,0.0,0.0,0,0,0,0.0,,,0.0,0.0,0.0,INT,,,610.0,,0.0,0.0,0.0,0
561041,0.0,0.0,0.0,0.0,0.0,0.0,icmp,0.0,,cs0,,58.0,,6.0,,Start,1,1,0,98,98,0,98.0,0.0,0.0,0.0,0.0,0,0,0,0.0,,,0.0,0.0,0.0,ECO,,,,,0.0,0.0,0.0,0
561085,0.0,0.0,0.0,0.0,0.0,0.0,icmp,0.0,,cs0,,58.0,,6.0,,Start,1,1,0,98,98,0,98.0,0.0,0.0,0.0,0.0,0,0,0,0.0,,,0.0,0.0,0.0,ECO,,,,,0.0,0.0,0.0,0
561098,0.0,0.0,0.0,0.0,0.0,0.0,icmp,0.0,,cs0,,58.0,,6.0,,Start,1,1,0,98,98,0,98.0,0.0,0.0,0.0,0.0,0,0,0,0.0,,,0.0,0.0,0.0,ECO,,,,,0.0,0.0,0.0,0
561142,0.0,0.0,0.0,0.0,0.0,0.0,icmp,0.0,,cs0,,58.0,,6.0,,Start,1,1,0,98,98,0,98.0,0.0,0.0,0.0,0.0,0,0,0,0.0,,,0.0,0.0,0.0,ECO,,,,,0.0,0.0,0.0,0
561148,0.0,0.0,0.0,0.0,0.0,0.0,icmp,0.0,,cs0,,58.0,,6.0,,Start,1,1,0,98,98,0,98.0,0.0,0.0,0.0,0.0,0,0,0,0.0,,,0.0,0.0,0.0,ECO,,,,,0.0,0.0,0.0,0
561224,4.983418,4.983418,4.983418,4.983418,4.983418,4.983418,udp,0.0,0.0,cs0,cs0,64.0,117.0,0.0,11.0,Status,123,19,104,142140,5201,136939,273.736847,1316.721191,225629.875,7911.036133,217718.8438,0,0,0,0.0,,,24.48119,3.611979,20.668545,CON,,,,,0.0,0.0,0.0,0
561285,0.0,0.0,0.0,0.0,0.0,0.0,icmp,0.0,,cs0,,58.0,,6.0,,Start,1,1,0,98,98,0,98.0,0.0,0.0,0.0,0.0,0,0,0,0.0,,,0.0,0.0,0.0,ECO,,,,,0.0,0.0,0.0,0
561369,0.0,0.0,0.0,0.0,0.0,0.0,icmp,0.0,,cs0,,58.0,,6.0,,Start,1,1,0,98,98,0,98.0,0.0,0.0,0.0,0.0,0,0,0,0.0,,,0.0,0.0,0.0,ECO,,,,,0.0,0.0,0.0,0
561401,0.102883,0.102883,0.102883,0.102883,0.102883,0.102883,tcp,0.0,0.0,cs0,cs0,115.0,64.0,13.0,0.0,Start,2,1,1,757,691,66,691.0,66.0,0.0,0.0,0.0,0,0,0,0.0,0.0,0.0,9.719778,0.0,0.0,CON,265.0,182.0,,,0.0,0.0,0.0,0
561403,0.202842,0.202842,0.202842,0.202842,0.202842,0.202842,udp,0.0,0.0,cs0,cs0,64.0,53.0,0.0,11.0,Start,22,13,9,13768,9094,4674,699.538452,519.333313,494966.5313,331095.1563,163871.3906,0,0,0,0.0,,,103.528854,59.159348,39.439564,CON,,,,,0.0,0.0,0.0,0
561412,0.0,0.0,0.0,0.0,0.0,0.0,icmp,0.0,,cs0,,58.0,,6.0,,Start,1,1,0,98,98,0,98.0,0.0,0.0,0.0,0.0,0,0,0,0.0,,,0.0,0.0,0.0,ECO,,,,,0.0,0.0,0.0,0
561430,0.237039,0.237039,0.237039,0.237039,0.237039,0.237039,udp,0.0,0.0,cs0,cs0,64.0,117.0,0.0,11.0,Status,97,17,80,108572,5170,103402,304.117645,1292.525024,3610410.0,164226.1406,3446184.0,0,0,0,0.0,,,404.996643,67.499443,333.278503,CON,,,,,0.0,0.0,0.0,0
561444,0.0,0.0,0.0,0.0,0.0,0.0,icmp,0.0,,cs0,,58.0,,6.0,,Start,1,1,0,98,98,0,98.0,0.0,0.0,0.0,0.0,0,0,0,0.0,,,0.0,0.0,0.0,ECO,,,,,0.0,0.0,0.0,0
561459,0.064772,0.064772,0.064772,0.064772,0.064772,0.064772,udp,0.0,0.0,cs0,cs0,64.0,53.0,0.0,11.0,Status,6,3,3,2611,2369,242,789.666687,80.666664,215154.6875,195146.0469,20008.64453,0,0,0,0.0,,,77.193848,30.877539,30.877539,CON,,,,,0.0,0.0,0.0,0
561463,0.0,0.0,0.0,0.0,0.0,0.0,icmp,0.0,,cs0,,58.0,,6.0,,Start,1,1,0,98,98,0,98.0,0.0,0.0,0.0,0.0,0,0,0,0.0,,,0.0,0.0,0.0,ECO,,,,,0.0,0.0,0.0,0
561481,0.0,0.0,0.0,0.0,0.0,0.0,icmp,0.0,,cs0,,58.0,,6.0,,Start,1,1,0,98,98,0,98.0,0.0,0.0,0.0,0.0,0,0,0,0.0,,,0.0,0.0,0.0,ECO,,,,,0.0,0.0,0.0,0
561546,0.151252,0.151252,0.151252,0.151252,0.151252,0.151252,udp,0.0,0.0,cs0,cs0,64.0,52.0,0.0,12.0,Start,21,11,10,6871,2522,4349,229.27272,434.899994,328352.6875,121281.0391,207071.6406,0,0,0,0.0,,,132.22966,66.11483,59.503345,CON,,,,,0.0,0.0,0.0,0
561640,4.997687,4.997687,4.997687,4.997687,4.997687,4.997687,udp,0.0,0.0,cs0,cs0,64.0,117.0,0.0,11.0,Status,120,15,105,146117,4284,141833,285.600006,1350.790527,231278.2031,6401.361328,224876.8281,0,0,0,0.0,,,23.811016,2.801296,20.809628,CON,,,,,0.0,0.0,0.0,0
561651,0.0,0.0,0.0,0.0,0.0,0.0,icmp,0.0,,cs0,,58.0,,6.0,,Start,1,1,0,98,98,0,98.0,0.0,0.0,0.0,0.0,0,0,0,0.0,,,0.0,0.0,0.0,ECO,,,,,0.0,0.0,0.0,0
561927,0.0,0.0,0.0,0.0,0.0,0.0,icmp,0.0,,cs0,,58.0,,6.0,,Start,1,1,0,98,98,0,98.0,0.0,0.0,0.0,0.0,0,0,0,0.0,,,0.0,0.0,0.0,ECO,,,,,0.0,0.0,0.0,0
561942,0.101236,0.101236,0.101236,0.101236,0.101236,0.101236,udp,0.0,0.0,cs0,cs0,64.0,52.0,0.0,12.0,Start,20,11,9,6809,2522,4287,229.27272,476.333344,482358.0625,181200.3594,301157.6875,0,0,0,0.0,,,187.680267,98.779091,79.02327,CON,,,,,0.0,0.0,0.0,0
562077,1.232807,1.232807,1.232807,1.232807,1.232807,1.232807,udp,0.0,0.0,cs0,cs0,64.0,53.0,0.0,11.0,Status,20,12,8,11369,7789,3580,649.083313,447.5,66664.125,46333.28516,20330.83789,0,0,0,0.0,,,15.411983,8.922727,5.678099,CON,,,,,0.0,0.0,0.0,0
562284,0.0,0.0,0.0,0.0,0.0,0.0,icmp,0.0,,cs0,,58.0,,6.0,,Start,1,1,0,98,98,0,98.0,0.0,0.0,0.0,0.0,0,0,0,0.0,,,0.0,0.0,0.0,ECO,,,,,0.0,0.0,0.0,0
562314,4.986001,4.986001,4.986001,4.986001,4.986001,4.986001,udp,0.0,0.0,cs0,cs0,64.0,117.0,0.0,11.0,Status,107,16,91,118389,5159,113230,322.4375,1244.285767,187441.5938,7760.929199,179680.6719,0,0,0,0.0,,,21.259521,3.008423,18.050537,CON,,,,,0.0,0.0,0.0,0
562361,0.0,0.0,0.0,0.0,0.0,0.0,icmp,0.0,,cs0,,58.0,,6.0,,Start,1,1,0,98,98,0,98.0,0.0,0.0,0.0,0.0,0,0,0,0.0,,,0.0,0.0,0.0,ECO,,,,,0.0,0.0,0.0,0
562383,4.999943,4.999943,4.999943,4.999943,4.999943,4.999943,udp,0.0,0.0,cs0,cs0,64.0,117.0,0.0,11.0,Status,132,19,113,152424,7409,145015,389.947357,1283.318604,241205.9531,11232.12891,229973.8281,0,0,0,0.0,,,26.2003,3.600041,22.400257,CON,,,,,0.0,0.0,0.0,0
562430,0.0,0.0,0.0,0.0,0.0,0.0,icmp,0.0,,cs0,,58.0,,6.0,,Start,1,1,0,98,98,0,98.0,0.0,0.0,0.0,0.0,0,0,0,0.0,,,0.0,0.0,0.0,ECO,,,,,0.0,0.0,0.0,0
562444,0.090458,0.090458,0.090458,0.090458,0.090458,0.090458,udp,0.0,0.0,cs0,cs0,64.0,117.0,0.0,11.0,Status,6,3,3,728,528,200,176.0,66.666664,42981.27344,31130.4707,11850.80371,0,0,0,0.0,,,55.274273,22.109709,22.109709,CON,,,,,0.0,0.0,0.0,0
562476,0.0,0.0,0.0,0.0,0.0,0.0,icmp,0.0,,cs0,,58.0,,6.0,,Start,1,1,0,98,98,0,98.0,0.0,0.0,0.0,0.0,0,0,0,0.0,,,0.0,0.0,0.0,ECO,,,,,0.0,0.0,0.0,0
562504,0.0,0.0,0.0,0.0,0.0,0.0,icmp,0.0,,cs0,,58.0,,6.0,,Start,1,1,0,98,98,0,98.0,0.0,0.0,0.0,0.0,0,0,0,0.0,,,0.0,0.0,0.0,ECO,,,,,0.0,0.0,0.0,0
562542,0.180809,0.180809,0.180809,0.180809,0.180809,0.180809,udp,0.0,0.0,cs0,cs0,64.0,52.0,0.0,12.0,Start,23,13,10,14088,9094,4994,699.538452,499.399994,570325.5625,371441.6875,198883.8906,0,0,0,0.0,,,121.675354,66.368378,49.776283,CON,,,,,0.0,0.0,0.0,0
562576,0.0,0.0,0.0,0.0,0.0,0.0,icmp,0.0,,cs0,,58.0,,6.0,,Start,1,1,0,98,98,0,98.0,0.0,0.0,0.0,0.0,0,0,0,0.0,,,0.0,0.0,0.0,ECO,,,,,0.0,0.0,0.0,0
562624,0.0,0.0,0.0,0.0,0.0,0.0,icmp,0.0,,cs0,,58.0,,6.0,,Start,1,1,0,98,98,0,98.0,0.0,0.0,0.0,0.0,0,0,0,0.0,,,0.0,0.0,0.0,ECO,,,,,0.0,0.0,0.0,0
562760,0.0,0.0,0.0,0.0,0.0,0.0,icmp,0.0,,cs0,,58.0,,6.0,,Start,1,1,0,98,98,0,98.0,0.0,0.0,0.0,0.0,0,0,0,0.0,,,0.0,0.0,0.0,ECO,,,,,0.0,0.0,0.0,0
562797,0.0,0.0,0.0,0.0,0.0,0.0,icmp,0.0,,cs0,,58.0,,6.0,,Start,1,1,0,98,98,0,98.0,0.0,0.0,0.0,0.0,0,0,0,0.0,,,0.0,0.0,0.0,ECO,,,,,0.0,0.0,0.0,0
562806,4.995962,4.995962,4.995962,4.995962,4.995962,4.995962,udp,0.0,0.0,cs0,cs0,64.0,117.0,0.0,11.0,Status,128,15,113,157216,8058,149158,537.200012,1319.9823,248776.9063,12043.32617,236733.5781,0,0,0,0.0,,,25.420528,2.802263,22.418104,CON,,,,,0.0,0.0,0.0,0
562823,0.0,0.0,0.0,0.0,0.0,0.0,icmp,0.0,,cs0,,58.0,,6.0,,Start,1,1,0,98,98,0,98.0,0.0,0.0,0.0,0.0,0,0,0,0.0,,,0.0,0.0,0.0,ECO,,,,,0.0,0.0,0.0,0
562828,4.975718,4.975718,4.975718,4.975718,4.975718,4.975718,udp,0.0,0.0,cs0,cs0,64.0,117.0,0.0,11.0,Status,129,11,118,158952,4187,154765,380.636353,1311.567749,252845.5156,6120.925781,246724.5938,0,0,0,0.0,,,25.72493,2.00976,23.514194,CON,,,,,0.0,0.0,0.0,0
562863,1.312953,1.312953,1.312953,1.312953,1.312953,1.312953,udp,0.0,0.0,cs0,cs0,64.0,53.0,0.0,11.0,Status,16,9,7,9472,7281,2191,809.0,313.0,50877.67969,39434.76953,11442.9082,0,0,0,0.0,,,11.424628,6.093135,4.569851,CON,,,,,0.0,0.0,0.0,0
562895,0.0,0.0,0.0,0.0,0.0,0.0,icmp,0.0,,cs0,,58.0,,6.0,,Start,1,1,0,98,98,0,98.0,0.0,0.0,0.0,0.0,0,0,0,0.0,,,0.0,0.0,0.0,ECO,,,,,0.0,0.0,0.0,0
562901,0.0,0.0,0.0,0.0,0.0,0.0,icmp,0.0,,cs0,,58.0,,6.0,,Start,1,1,0,98,98,0,98.0,0.0,0.0,0.0,0.0,0,0,0,0.0,,,0.0,0.0,0.0,ECO,,,,,0.0,0.0,0.0,0
562913,0.0,0.0,0.0,0.0,0.0,0.0,icmp,0.0,,cs0,,58.0,,6.0,,Start,1,1,0,98,98,0,98.0,0.0,0.0,0.0,0.0,0,0,0,0.0,,,0.0,0.0,0.0,ECO,,,,,0.0,0.0,0.0,0
562967,0.0,0.0,0.0,0.0,0.0,0.0,icmp,0.0,,cs0,,58.0,,6.0,,Start,1,1,0,98,98,0,98.0,0.0,0.0,0.0,0.0,0,0,0,0.0,,,0.0,0.0,0.0,ECO,,,,,0.0,0.0,0.0,0
562992,0.0,0.0,0.0,0.0,0.0,0.0,icmp,0.0,,cs0,,58.0,,6.0,,Start,1,1,0,98,98,0,98.0,0.0,0.0,0.0,0.0,0,0,0,0.0,,,0.0,0.0,0.0,ECO,,,,,0.0,0.0,0.0,0
563034,0.060002,0.060002,0.060002,0.060002,0.060002,0.060002,udp,0.0,0.0,cs0,cs0,64.0,117.0,0.0,11.0,Status,5,3,2,670,532,138,177.333328,69.0,56531.44922,47331.75781,9199.693359,0,0,0,0.0,,,66.664444,33.332222,16.666111,CON,,,,,0.0,0.0,0.0,0
563066,0.0,0.0,0.0,0.0,0.0,0.0,icmp,0.0,,cs0,,58.0,,6.0,,Start,1,1,0,98,98,0,98.0,0.0,0.0,0.0,0.0,0,0,0,0.0,,,0.0,0.0,0.0,ECO,,,,,0.0,0.0,0.0,0
563075,0.118797,0.118797,0.118797,0.118797,0.118797,0.118797,tcp,0.0,0.0,cs0,cs0,64.0,62.0,0.0,2.0,Start,13,7,6,1749,847,902,121.0,150.333328,99531.13281,48890.125,50641.01172,0,0,0,0.0,0.0,0.0,101.012657,50.506329,42.088608,CON,68096.0,31104.0,,,0.015869,0.00107,0.014799,0
563081,4.959967,4.959967,4.959967,4.959967,4.959967,4.959967,udp,0.0,0.0,cs0,cs0,64.0,117.0,0.0,11.0,Status,193,18,175,240351,6117,234234,339.833344,1338.47998,384960.625,9319.416992,375641.1875,0,0,0,0.0,,,38.709934,3.427442,35.080879,CON,,,,,0.0,0.0,0.0,0
563094,0.063932,0.063932,0.063932,0.063932,0.063932,0.063932,udp,0.0,0.0,cs0,cs0,64.0,117.0,0.0,11.0,Status,6,3,3,732,532,200,177.333328,66.666664,61190.01172,44422.19922,16767.81445,0,0,0,0.0,,,78.208092,31.283237,31.283237,CON,,,,,0.0,0.0,0.0,0
563152,0.0,0.0,0.0,0.0,0.0,0.0,icmp,0.0,,cs0,,58.0,,6.0,,Start,1,1,0,98,98,0,98.0,0.0,0.0,0.0,0.0,0,0,0,0.0,,,0.0,0.0,0.0,ECO,,,,,0.0,0.0,0.0,0
563161,0.0,0.0,0.0,0.0,0.0,0.0,icmp,0.0,,cs0,,58.0,,6.0,,Start,1,1,0,98,98,0,98.0,0.0,0.0,0.0,0.0,0,0,0,0.0,,,0.0,0.0,0.0,ECO,,,,,0.0,0.0,0.0,0
563196,0.049353,0.049353,0.049353,0.049353,0.049353,0.049353,udp,0.0,0.0,cs0,cs0,64.0,117.0,0.0,11.0,Status,6,3,3,730,530,200,176.666672,66.666664,79103.60156,57382.53125,21721.07031,0,0,0,0.0,,,101.310966,40.524387,40.524387,CON,,,,,0.0,0.0,0.0,0
563208,0.0,0.0,0.0,0.0,0.0,0.0,icmp,0.0,,cs0,,58.0,,6.0,,Start,1,1,0,98,98,0,98.0,0.0,0.0,0.0,0.0,0,0,0,0.0,,,0.0,0.0,0.0,ECO,,,,,0.0,0.0,0.0,0
563225,0.0,0.0,0.0,0.0,0.0,0.0,icmp,0.0,,cs0,,58.0,,6.0,,Start,1,1,0,98,98,0,98.0,0.0,0.0,0.0,0.0,0,0,0,0.0,,,0.0,0.0,0.0,ECO,,,,,0.0,0.0,0.0,0
563227,4.249024,4.249024,4.249024,4.249024,4.249024,4.249024,sctp,186.0,186.0,ef,ef,252.0,255.0,4.0,1.0,Status,4,2,2,392,200,192,100.0,96.0,369.02594,188.278534,180.747391,0,0,0,0.0,,,0.706044,0.235348,0.235348,CON,,,610.0,,0.0,0.0,0.0,0
563507,4.955717,4.955717,4.955717,4.955717,4.955717,4.955717,udp,0.0,0.0,cs0,cs0,64.0,117.0,0.0,11.0,Status,93,10,83,105976,4681,101295,468.100006,1220.421631,168351.8125,6801.033691,161550.7813,0,0,0,0.0,,,18.564417,1.816084,16.546545,CON,,,,,0.0,0.0,0.0,0
563524,4.993603,4.993603,4.993603,4.993603,4.993603,4.993603,udp,0.0,0.0,cs0,cs0,64.0,117.0,0.0,11.0,Status,91,6,85,115542,1697,113845,282.833344,1339.352905,182507.0938,2266.900146,180240.1875,0,0,0,0.0,,,18.023058,1.001281,16.82152,CON,,,,,0.0,0.0,0.0,0
563539,0.0,0.0,0.0,0.0,0.0,0.0,icmp,0.0,,cs0,,58.0,,6.0,,Start,1,1,0,98,98,0,98.0,0.0,0.0,0.0,0.0,0,0,0,0.0,,,0.0,0.0,0.0,ECO,,,,,0.0,0.0,0.0,0
563608,0.0,0.0,0.0,0.0,0.0,0.0,icmp,0.0,,cs0,,58.0,,6.0,,Start,1,1,0,98,98,0,98.0,0.0,0.0,0.0,0.0,0,0,0,0.0,,,0.0,0.0,0.0,ECO,,,,,0.0,0.0,0.0,0
563672,4.964191,4.964191,4.964191,4.964191,4.964191,4.964191,udp,0.0,0.0,cs0,cs0,64.0,117.0,0.0,11.0,Status,296,19,277,382533,4089,378444,215.210526,1366.223877,613920.0,6243.111816,607676.875,0,0,0,0.0,,,59.425594,3.625968,55.598183,CON,,,,,0.0,0.0,0.0,0
563689,0.0,0.0,0.0,0.0,0.0,0.0,icmp,0.0,,cs0,,58.0,,6.0,,Start,1,1,0,98,98,0,98.0,0.0,0.0,0.0,0.0,0,0,0,0.0,,,0.0,0.0,0.0,ECO,,,,,0.0,0.0,0.0,0
563695,0.0,0.0,0.0,0.0,0.0,0.0,icmp,0.0,,cs0,,58.0,,6.0,,Start,1,1,0,98,98,0,98.0,0.0,0.0,0.0,0.0,0,0,0,0.0,,,0.0,0.0,0.0,ECO,,,,,0.0,0.0,0.0,0
563751,0.072895,0.072895,0.072895,0.072895,0.072895,0.072895,udp,0.0,0.0,cs0,cs0,64.0,53.0,0.0,11.0,Status,2,1,1,1459,1392,67,1392.0,67.0,0.0,0.0,0.0,0,0,0,0.0,,,13.718363,0.0,0.0,CON,,,,,0.0,0.0,0.0,0
563763,0.0,0.0,0.0,0.0,0.0,0.0,icmp,0.0,,cs0,,58.0,,6.0,,Start,1,1,0,98,98,0,98.0,0.0,0.0,0.0,0.0,0,0,0,0.0,,,0.0,0.0,0.0,ECO,,,,,0.0,0.0,0.0,0
563943,0.029104,0.029104,0.029104,0.029104,0.029104,0.029104,icmp,0.0,0.0,cs0,cs0,58.0,64.0,6.0,0.0,Start,2,1,1,196,98,98,98.0,98.0,0.0,0.0,0.0,0,0,0,0.0,,,34.359539,0.0,0.0,ECO,,,,,0.0,0.0,0.0,0
563975,4.973038,4.973038,4.973038,4.973038,4.973038,4.973038,udp,0.0,0.0,cs0,cs0,117.0,64.0,11.0,0.0,Status,158,127,31,177644,170762,6882,1344.582642,222.0,283252.1875,272538.4375,10713.77246,0,0,0,0.0,,,31.570238,25.336624,6.032529,CON,,,,,0.0,0.0,0.0,0
564016,4.894342,4.894342,4.894342,4.894342,4.894342,4.894342,udp,0.0,0.0,cs0,cs0,47.0,64.0,17.0,0.0,Status,81,68,13,91167,88461,2706,1300.897095,208.153839,146551.2656,142468.1875,4083.082031,0,0,0,0.0,,,16.345406,13.689277,2.451811,CON,,,,,0.0,0.0,0.0,0
564020,0.204406,0.204406,0.204406,0.204406,0.204406,0.204406,sctp,186.0,40.0,ef,af11,255.0,250.0,1.0,6.0,Status,4,2,2,364,192,172,96.0,86.0,7123.078613,3757.228271,3365.850342,0,0,0,0.0,,,14.676673,4.892224,4.892224,CON,,,,610.0,0.0,0.0,0.0,0
564026,0.072882,0.072882,0.072882,0.072882,0.072882,0.072882,udp,0.0,0.0,cs0,cs0,64.0,117.0,0.0,11.0,Status,6,3,3,730,530,200,176.666672,66.666664,53566.03906,38857.33203,14708.70801,0,0,0,0.0,,,68.60405,27.44162,27.44162,CON,,,,,0.0,0.0,0.0,0
564063,0.03218,0.03218,0.03218,0.03218,0.03218,0.03218,icmp,0.0,0.0,cs0,cs0,58.0,64.0,6.0,0.0,Start,2,1,1,196,98,98,98.0,98.0,0.0,0.0,0.0,0,0,0,0.0,,,31.075201,0.0,0.0,ECO,,,,,0.0,0.0,0.0,0
564066,0.105062,0.105062,0.105062,0.105062,0.105062,0.105062,icmp,0.0,0.0,cs0,cs0,58.0,64.0,6.0,0.0,Start,2,1,1,196,98,98,98.0,98.0,0.0,0.0,0.0,0,0,0,0.0,,,9.518189,0.0,0.0,ECO,,,,,0.0,0.0,0.0,0
564072,0.0,0.0,0.0,0.0,0.0,0.0,icmp,0.0,,cs0,,58.0,,6.0,,Start,1,1,0,98,98,0,98.0,0.0,0.0,0.0,0.0,0,0,0,0.0,,,0.0,0.0,0.0,ECO,,,,,0.0,0.0,0.0,0
564090,0.097007,0.097007,0.097007,0.097007,0.097007,0.097007,icmp,0.0,0.0,cs0,cs0,58.0,64.0,6.0,0.0,Start,2,1,1,196,98,98,98.0,98.0,0.0,0.0,0.0,0,0,0,0.0,,,10.308535,0.0,0.0,ECO,,,,,0.0,0.0,0.0,0
564120,0.0,0.0,0.0,0.0,0.0,0.0,icmp,0.0,,cs0,,58.0,,6.0,,Start,1,1,0,98,98,0,98.0,0.0,0.0,0.0,0.0,0,0,0,0.0,,,0.0,0.0,0.0,ECO,,,,,0.0,0.0,0.0,0
564144,0.0,0.0,0.0,0.0,0.0,0.0,icmp,0.0,,cs0,,58.0,,6.0,,Start,1,1,0,98,98,0,98.0,0.0,0.0,0.0,0.0,0,0,0,0.0,,,0.0,0.0,0.0,ECO,,,,,0.0,0.0,0.0,0
564173,0.02448,0.02448,0.02448,0.02448,0.02448,0.02448,icmp,0.0,0.0,cs0,cs0,58.0,64.0,6.0,0.0,Start,2,1,1,196,98,98,98.0,98.0,0.0,0.0,0.0,0,0,0,0.0,,,40.849674,0.0,0.0,ECO,,,,,0.0,0.0,0.0,0
564199,0.097964,0.097964,0.097964,0.097964,0.097964,0.097964,icmp,0.0,0.0,cs0,cs0,58.0,64.0,6.0,0.0,Start,2,1,1,196,98,98,98.0,98.0,0.0,0.0,0.0,0,0,0,0.0,,,10.207831,0.0,0.0,ECO,,,,,0.0,0.0,0.0,0
564212,4.945152,4.945152,4.945152,4.945152,4.945152,4.945152,udp,0.0,0.0,cs0,cs0,117.0,64.0,11.0,0.0,Status,133,113,20,155829,147974,7855,1309.504395,392.75,249339.9688,237266.7344,12073.23926,0,0,0,0.0,,,26.69281,22.648445,3.842147,CON,,,,,0.0,0.0,0.0,0
564246,4.982431,4.982431,4.982431,4.982431,4.982431,4.982431,udp,0.0,0.0,cs0,cs0,117.0,64.0,11.0,0.0,Status,121,112,9,148711,147009,1702,1312.580322,189.111115,236366.5469,233937.2188,2429.336182,0,0,0,0.0,,,24.084629,22.278282,1.605642,CON,,,,,0.0,0.0,0.0,0
564277,0.05709,0.05709,0.05709,0.05709,0.05709,0.05709,udp,0.0,0.0,cs0,cs0,64.0,117.0,0.0,11.0,Status,6,3,3,730,530,200,176.666672,66.666664,68383.25781,49605.88672,18777.36914,0,0,0,0.0,,,87.581017,35.032406,35.032406,CON,,,,,0.0,0.0,0.0,0
564280,1e-06,1e-06,1e-06,1e-06,1e-06,1e-06,sctp,186.0,186.0,ef,ef,252.0,255.0,4.0,1.0,Status,2,1,1,200,102,98,102.0,98.0,0.0,0.0,0.0,0,0,0,0.0,,,1000000.0,0.0,0.0,CON,,,610.0,,0.0,0.0,0.0,0
564300,0.199828,0.199828,0.199828,0.199828,0.199828,0.199828,udp,0.0,0.0,cs0,cs0,64.0,53.0,0.0,11.0,Start,21,13,8,13813,9094,4719,699.538452,589.875,501431.2188,336089.0313,165342.1875,0,0,0,0.0,,,100.086075,60.051643,35.030125,CON,,,,,0.0,0.0,0.0,0
564301,0.0,0.0,0.0,0.0,0.0,0.0,icmp,0.0,,cs0,,58.0,,6.0,,Start,1,1,0,98,98,0,98.0,0.0,0.0,0.0,0.0,0,0,0,0.0,,,0.0,0.0,0.0,ECO,,,,,0.0,0.0,0.0,0
564431,0.046323,0.046323,0.046323,0.046323,0.046323,0.046323,icmp,0.0,0.0,cs0,cs0,58.0,64.0,6.0,0.0,Start,2,1,1,196,98,98,98.0,98.0,0.0,0.0,0.0,0,0,0,0.0,,,21.587547,0.0,0.0,ECO,,,,,0.0,0.0,0.0,0
564462,4.81918,4.81918,4.81918,4.81918,4.81918,4.81918,udp,0.0,0.0,cs0,cs0,47.0,64.0,17.0,0.0,Status,73,66,7,88312,86002,2310,1303.060547,330.0,143890.0313,140603.1719,3286.866211,0,0,0,0.0,,,14.940301,13.487772,1.245025,CON,,,,,0.0,0.0,0.0,0
564496,0.0,0.0,0.0,0.0,0.0,0.0,icmp,0.0,,cs0,,58.0,,6.0,,Start,1,1,0,98,98,0,98.0,0.0,0.0,0.0,0.0,0,0,0,0.0,,,0.0,0.0,0.0,ECO,,,,,0.0,0.0,0.0,0
564545,9.9e-05,9.9e-05,9.9e-05,9.9e-05,9.9e-05,9.9e-05,sctp,186.0,186.0,ef,ef,252.0,255.0,4.0,1.0,Status,2,1,1,200,102,98,102.0,98.0,0.0,0.0,0.0,0,0,0,0.0,,,10101.01074,0.0,0.0,CON,,,610.0,,0.0,0.0,0.0,0
564578,0.0,0.0,0.0,0.0,0.0,0.0,icmp,0.0,,cs0,,58.0,,6.0,,Start,1,1,0,98,98,0,98.0,0.0,0.0,0.0,0.0,0,0,0,0.0,,,0.0,0.0,0.0,ECO,,,,,0.0,0.0,0.0,0
564580,0.0,0.0,0.0,0.0,0.0,0.0,icmp,0.0,,cs0,,58.0,,6.0,,Start,1,1,0,98,98,0,98.0,0.0,0.0,0.0,0.0,0,0,0,0.0,,,0.0,0.0,0.0,ECO,,,,,0.0,0.0,0.0,0
564612,4.99976,4.99976,4.99976,4.99976,4.99976,4.99976,udp,0.0,0.0,cs0,cs0,117.0,64.0,11.0,0.0,Status,137,122,15,165093,160143,4950,1312.647583,330.0,261534.1406,254141.7969,7392.354492,0,0,0,0.0,,,27.201305,24.20116,2.800134,CON,,,,,0.0,0.0,0.0,0
564637,0.058974,0.058974,0.058974,0.058974,0.058974,0.058974,udp,0.0,0.0,cs0,cs0,64.0,117.0,0.0,11.0,Status,5,3,2,670,531,139,177.0,69.5,57516.87109,48021.16016,9495.709961,0,0,0,0.0,,,67.8265,33.91325,16.956625,CON,,,,,0.0,0.0,0.0,0
564698,4.996618,4.996618,4.996618,4.996618,4.996618,4.996618,udp,0.0,0.0,cs0,cs0,117.0,64.0,11.0,0.0,Status,180,168,12,226314,222388,3926,1323.738037,327.166656,359705.75,353943.4375,5762.297852,0,0,0,0.0,,,35.824234,33.422607,2.201489,CON,,,,,0.0,0.0,0.0,0
564731,4.8982,4.8982,4.8982,4.8982,4.8982,4.8982,tcp,0.0,0.0,cs0,cs0,64.0,62.0,0.0,2.0,Status,8,4,4,571,295,276,73.75,69.0,700.665527,362.582184,338.083374,0,0,0,0.0,0.0,0.0,1.429096,0.61247,0.61247,FIN,68096.0,31104.0,,,0.016874,0.001241,0.015633,0
564742,0.074063,0.074063,0.074063,0.074063,0.074063,0.074063,icmp,0.0,0.0,cs0,cs0,58.0,64.0,6.0,0.0,Start,2,1,1,196,98,98,98.0,98.0,0.0,0.0,0.0,0,0,0,0.0,,,13.502018,0.0,0.0,ECO,,,,,0.0,0.0,0.0,0
564743,0.0,0.0,0.0,0.0,0.0,0.0,icmp,0.0,,cs0,,58.0,,6.0,,Start,1,1,0,98,98,0,98.0,0.0,0.0,0.0,0.0,0,0,0,0.0,,,0.0,0.0,0.0,ECO,,,,,0.0,0.0,0.0,0
564779,0.0,0.0,0.0,0.0,0.0,0.0,icmp,0.0,,cs0,,58.0,,6.0,,Start,1,1,0,98,98,0,98.0,0.0,0.0,0.0,0.0,0,0,0,0.0,,,0.0,0.0,0.0,ECO,,,,,0.0,0.0,0.0,0
564785,0.073001,0.073001,0.073001,0.073001,0.073001,0.073001,udp,0.0,0.0,cs0,cs0,64.0,117.0,0.0,11.0,Status,5,3,2,670,531,139,177.0,69.5,46465.11719,38793.99219,7671.12793,0,0,0,0.0,,,54.793774,27.396887,13.698443,CON,,,,,0.0,0.0,0.0,0
564790,0.0,0.0,0.0,0.0,0.0,0.0,udp,0.0,,cs0,,249.0,,7.0,,Start,1,1,0,74,74,0,74.0,0.0,0.0,0.0,0.0,0,0,0,0.0,,,0.0,0.0,0.0,INT,,,610.0,,0.0,0.0,0.0,0
564894,0.04342,0.04342,0.04342,0.04342,0.04342,0.04342,icmp,0.0,0.0,cs0,cs0,58.0,64.0,6.0,0.0,Start,2,1,1,196,98,98,98.0,98.0,0.0,0.0,0.0,0,0,0,0.0,,,23.030863,0.0,0.0,ECO,,,,,0.0,0.0,0.0,0
564918,0.17451,0.17451,0.17451,0.17451,0.17451,0.17451,udp,0.0,0.0,cs0,cs0,64.0,53.0,0.0,11.0,Start,25,14,11,11077,7634,3443,545.285706,313.0,468466.0,324978.5,143487.4844,0,0,0,0.0,,,137.527939,74.494301,57.303307,CON,,,,,0.0,0.0,0.0,0
564922,0.72587,0.72587,0.72587,0.72587,0.72587,0.72587,udp,0.0,0.0,cs0,cs0,64.0,52.0,0.0,12.0,Start,40,21,19,17198,12292,4906,585.333313,258.210541,180252.6563,129025.8594,51226.80469,0,0,0,0.0,,,53.728626,27.553143,24.797829,CON,,,,,0.0,0.0,0.0,0
564948,4.981445,4.981445,4.981445,4.981445,4.981445,4.981445,udp,0.0,0.0,cs0,cs0,47.0,64.0,17.0,0.0,Status,116,109,7,148521,146201,2320,1341.293579,331.428558,235833.5938,232639.3281,3194.253906,0,0,0,0.0,,,23.085672,21.680456,1.20447,CON,,,,,0.0,0.0,0.0,0
565031,0.092922,0.092922,0.092922,0.092922,0.092922,0.092922,udp,0.0,0.0,cs0,cs0,64.0,52.0,0.0,12.0,Status,7,4,3,4290,3032,1258,758.0,419.333344,268009.7188,195777.0938,72232.625,0,0,0,0.0,,,64.570282,32.285141,21.523428,CON,,,,,0.0,0.0,0.0,0
565065,0.0,0.0,0.0,0.0,0.0,0.0,icmp,0.0,,cs0,,58.0,,6.0,,Start,1,1,0,98,98,0,98.0,0.0,0.0,0.0,0.0,0,0,0,0.0,,,0.0,0.0,0.0,ECO,,,,,0.0,0.0,0.0,0
567769,0.0,0.0,0.0,0.0,0.0,0.0,icmp,0.0,,cs0,,58.0,,6.0,,Start,1,1,0,98,98,0,98.0,0.0,0.0,0.0,0.0,0,0,0,0.0,,,0.0,0.0,0.0,ECO,,,,,0.0,0.0,0.0,0
573664,0.0,0.0,0.0,0.0,0.0,0.0,icmp,0.0,,cs0,,58.0,,6.0,,Start,1,1,0,98,98,0,98.0,0.0,0.0,0.0,0.0,0,0,0,0.0,,,0.0,0.0,0.0,ECO,,,,,0.0,0.0,0.0,0
576512,1.369009,1.369009,1.369009,1.369009,1.369009,1.369009,sctp,186.0,186.0,ef,ef,252.0,255.0,4.0,1.0,Status,4,2,2,392,200,192,100.0,96.0,1145.354004,584.364319,560.989746,0,0,0,0.0,,,2.191366,0.730455,0.730455,CON,,,610.0,,0.0,0.0,0.0,0
580665,0.059833,0.059833,0.059833,0.059833,0.059833,0.059833,udp,0.0,0.0,cs0,cs0,64.0,117.0,0.0,11.0,Status,6,3,3,732,529,203,176.333328,67.666664,65381.97656,47198.03516,18183.94531,0,0,0,0.0,,,83.565926,33.426369,33.426369,CON,,,,,0.0,0.0,0.0,0
583542,0.053012,0.053012,0.053012,0.053012,0.053012,0.053012,udp,0.0,0.0,cs0,cs0,64.0,117.0,0.0,11.0,Status,5,3,2,668,530,138,176.666672,69.0,63834.60547,53421.86719,10412.73731,0,0,0,0.0,,,75.454613,37.727306,18.863653,CON,,,,,0.0,0.0,0.0,0
592909,0.055154,0.055154,0.055154,0.055154,0.055154,0.055154,icmp,0.0,0.0,cs0,cs0,58.0,64.0,6.0,0.0,Start,2,1,1,196,98,98,98.0,98.0,0.0,0.0,0.0,0,0,0,0.0,,,18.131052,0.0,0.0,ECO,,,,,0.0,0.0,0.0,0
610910,0.0,0.0,0.0,0.0,0.0,0.0,icmp,0.0,,cs0,,58.0,,6.0,,Start,1,1,0,98,98,0,98.0,0.0,0.0,0.0,0.0,0,0,0,0.0,,,0.0,0.0,0.0,ECO,,,,,0.0,0.0,0.0,0
611808,0.078566,0.078566,0.078566,0.078566,0.078566,0.078566,icmp,0.0,0.0,cs0,cs0,58.0,64.0,6.0,0.0,Start,2,1,1,196,98,98,98.0,98.0,0.0,0.0,0.0,0,0,0,0.0,,,12.728152,0.0,0.0,ECO,,,,,0.0,0.0,0.0,0
616343,0.0,0.0,0.0,0.0,0.0,0.0,icmp,0.0,,cs0,,58.0,,6.0,,Start,1,1,0,98,98,0,98.0,0.0,0.0,0.0,0.0,0,0,0,0.0,,,0.0,0.0,0.0,ECO,,,,,0.0,0.0,0.0,0
617189,0.0,0.0,0.0,0.0,0.0,0.0,icmp,0.0,,cs0,,58.0,,6.0,,Start,1,1,0,98,98,0,98.0,0.0,0.0,0.0,0.0,0,0,0,0.0,,,0.0,0.0,0.0,ECO,,,,,0.0,0.0,0.0,0
622590,0.0,0.0,0.0,0.0,0.0,0.0,icmp,0.0,,cs0,,58.0,,6.0,,Start,1,1,0,98,98,0,98.0,0.0,0.0,0.0,0.0,0,0,0,0.0,,,0.0,0.0,0.0,ECO,,,,,0.0,0.0,0.0,0
623639,0.045864,0.045864,0.045864,0.045864,0.045864,0.045864,icmp,0.0,0.0,cs0,cs0,58.0,64.0,6.0,0.0,Start,2,1,1,196,98,98,98.0,98.0,0.0,0.0,0.0,0,0,0,0.0,,,21.803593,0.0,0.0,ECO,,,,,0.0,0.0,0.0,0
627757,0.0,0.0,0.0,0.0,0.0,0.0,icmp,0.0,,cs0,,58.0,,6.0,,Start,1,1,0,98,98,0,98.0,0.0,0.0,0.0,0.0,0,0,0,0.0,,,0.0,0.0,0.0,ECO,,,,,0.0,0.0,0.0,0
628923,4.997282,4.997282,4.997282,4.997282,4.997282,4.997282,udp,0.0,0.0,cs0,cs0,117.0,64.0,11.0,0.0,Status,221,200,21,277009,272286,4723,1361.430054,224.904755,440918.0938,433715.75,7202.314941,0,0,0,0.0,,,44.02393,39.821648,4.002175,CON,,,,,0.0,0.0,0.0,0
629000,0.020024,0.020024,0.020024,0.020024,0.020024,0.020024,icmp,0.0,0.0,cs0,cs0,58.0,64.0,6.0,0.0,Start,2,1,1,196,98,98,98.0,98.0,0.0,0.0,0.0,0,0,0,0.0,,,49.940071,0.0,0.0,ECO,,,,,0.0,0.0,0.0,0
630657,4.972189,4.972189,4.972189,4.972189,4.972189,4.972189,udp,0.0,0.0,cs0,cs0,117.0,64.0,11.0,0.0,Status,166,140,26,192067,186847,5220,1334.62146,200.769226,306557.9063,298481.0,8076.925781,0,0,0,0.0,,,33.184578,27.955494,5.027966,CON,,,,,0.0,0.0,0.0,0
637819,0.0,0.0,0.0,0.0,0.0,0.0,icmp,0.0,,cs0,,58.0,,6.0,,Start,1,1,0,98,98,0,98.0,0.0,0.0,0.0,0.0,0,0,0,0.0,,,0.0,0.0,0.0,ECO,,,,,0.0,0.0,0.0,0
638240,0.029189,0.029189,0.029189,0.029189,0.029189,0.029189,icmp,0.0,0.0,cs0,cs0,58.0,64.0,6.0,0.0,Start,2,1,1,196,98,98,98.0,98.0,0.0,0.0,0.0,0,0,0,0.0,,,34.25948,0.0,0.0,ECO,,,,,0.0,0.0,0.0,0
638670,0.100012,0.100012,0.100012,0.100012,0.100012,0.100012,udp,0.0,0.0,cs0,cs0,64.0,52.0,0.0,12.0,Status,7,4,3,3883,2860,1023,715.0,341.0,226132.875,171579.4219,54553.45703,0,0,0,0.0,,,59.992802,29.996401,19.997601,CON,,,,,0.0,0.0,0.0,0
639183,0.0,0.0,0.0,0.0,0.0,0.0,icmp,0.0,,cs0,,58.0,,6.0,,Start,1,1,0,98,98,0,98.0,0.0,0.0,0.0,0.0,0,0,0,0.0,,,0.0,0.0,0.0,ECO,,,,,0.0,0.0,0.0,0
639787,4.998174,4.998174,4.998174,4.998174,4.998174,4.998174,udp,0.0,0.0,cs0,cs0,117.0,64.0,11.0,0.0,Status,208,193,15,265014,260512,4502,1349.803101,300.133331,421537.9375,414812.2813,6725.655762,0,0,0,0.0,,,41.415123,38.414028,2.801023,CON,,,,,0.0,0.0,0.0,0
642433,0.052988,0.052988,0.052988,0.052988,0.052988,0.052988,icmp,0.0,0.0,cs0,cs0,58.0,64.0,6.0,0.0,Start,2,1,1,196,98,98,98.0,98.0,0.0,0.0,0.0,0,0,0,0.0,,,18.872198,0.0,0.0,ECO,,,,,0.0,0.0,0.0,0
642477,0.0,0.0,0.0,0.0,0.0,0.0,icmp,0.0,,cs0,,58.0,,6.0,,Start,1,1,0,98,98,0,98.0,0.0,0.0,0.0,0.0,0,0,0,0.0,,,0.0,0.0,0.0,ECO,,,,,0.0,0.0,0.0,0
642539,4.918959,4.918959,4.918959,4.918959,4.918959,4.918959,udp,0.0,0.0,cs0,cs0,117.0,64.0,11.0,0.0,Status,56,36,20,49242,44468,4774,1235.222168,238.699997,77689.60938,70312.4375,7377.17041,0,0,0,0.0,,,11.181228,7.115326,3.862606,CON,,,,,0.0,0.0,0.0,0
642549,0.0,0.0,0.0,0.0,0.0,0.0,icmp,0.0,,cs0,,58.0,,6.0,,Start,1,1,0,98,98,0,98.0,0.0,0.0,0.0,0.0,0,0,0,0.0,,,0.0,0.0,0.0,ECO,,,,,0.0,0.0,0.0,0
642589,0.075275,0.075275,0.075275,0.075275,0.075275,0.075275,icmp,0.0,0.0,cs0,cs0,58.0,64.0,6.0,0.0,Start,2,1,1,196,98,98,98.0,98.0,0.0,0.0,0.0,0,0,0,0.0,,,13.284624,0.0,0.0,ECO,,,,,0.0,0.0,0.0,0
642627,0.202692,0.202692,0.202692,0.202692,0.202692,0.202692,udp,0.0,0.0,cs0,cs0,64.0,53.0,0.0,11.0,Start,22,13,9,14101,9094,5007,699.538452,556.333313,507015.5625,331340.1563,175675.4063,0,0,0,0.0,,,103.605469,59.203125,39.46875,CON,,,,,0.0,0.0,0.0,0
642649,0.0,0.0,0.0,0.0,0.0,0.0,icmp,0.0,,cs0,,58.0,,6.0,,Start,1,1,0,98,98,0,98.0,0.0,0.0,0.0,0.0,0,0,0,0.0,,,0.0,0.0,0.0,ECO,,,,,0.0,0.0,0.0,0
642681,4.948379,4.948379,4.948379,4.948379,4.948379,4.948379,udp,0.0,0.0,cs0,cs0,117.0,64.0,11.0,0.0,Status,113,95,18,131379,123703,7676,1302.136841,426.444458,209605.6094,197884.5938,11721.00977,0,0,0,0.0,,,22.633675,18.99612,3.435468,CON,,,,,0.0,0.0,0.0,0
642744,0.0,0.0,0.0,0.0,0.0,0.0,icmp,0.0,,cs0,,58.0,,6.0,,Start,1,1,0,98,98,0,98.0,0.0,0.0,0.0,0.0,0,0,0,0.0,,,0.0,0.0,0.0,ECO,,,,,0.0,0.0,0.0,0
642763,0.082117,0.082117,0.082117,0.082117,0.082117,0.082117,icmp,0.0,0.0,cs0,cs0,58.0,64.0,6.0,0.0,Start,2,1,1,196,98,98,98.0,98.0,0.0,0.0,0.0,0,0,0,0.0,,,12.177747,0.0,0.0,ECO,,,,,0.0,0.0,0.0,0
642812,0.0,0.0,0.0,0.0,0.0,0.0,sctp,186.0,186.0,ef,ef,252.0,255.0,4.0,1.0,Status,2,1,1,192,98,94,98.0,94.0,0.0,0.0,0.0,0,0,0,0.0,,,0.0,0.0,0.0,CON,,,610.0,,0.0,0.0,0.0,0
642847,4.994567,4.994567,4.994567,4.994567,4.994567,4.994567,udp,0.0,0.0,cs0,cs0,117.0,64.0,11.0,0.0,Status,140,118,22,160088,154021,6067,1305.262695,275.772736,253888.6719,244611.4063,9277.28125,0,0,0,0.0,,,27.83024,23.425455,4.204569,CON,,,,,0.0,0.0,0.0,0
642856,0.0,0.0,0.0,0.0,0.0,0.0,icmp,0.0,,cs0,,58.0,,6.0,,Start,1,1,0,98,98,0,98.0,0.0,0.0,0.0,0.0,0,0,0,0.0,,,0.0,0.0,0.0,ECO,,,,,0.0,0.0,0.0,0
642873,0.0,0.0,0.0,0.0,0.0,0.0,icmp,0.0,,cs0,,58.0,,6.0,,Start,1,1,0,98,98,0,98.0,0.0,0.0,0.0,0.0,0,0,0,0.0,,,0.0,0.0,0.0,ECO,,,,,0.0,0.0,0.0,0
642904,0.0,0.0,0.0,0.0,0.0,0.0,icmp,0.0,,cs0,,58.0,,6.0,,Start,1,1,0,98,98,0,98.0,0.0,0.0,0.0,0.0,0,0,0,0.0,,,0.0,0.0,0.0,ECO,,,,,0.0,0.0,0.0,0
642940,0.0,0.0,0.0,0.0,0.0,0.0,icmp,0.0,,cs0,,58.0,,6.0,,Start,1,1,0,98,98,0,98.0,0.0,0.0,0.0,0.0,0,0,0,0.0,,,0.0,0.0,0.0,ECO,,,,,0.0,0.0,0.0,0
642966,0.0,0.0,0.0,0.0,0.0,0.0,icmp,0.0,,cs0,,58.0,,6.0,,Start,1,1,0,98,98,0,98.0,0.0,0.0,0.0,0.0,0,0,0,0.0,,,0.0,0.0,0.0,ECO,,,,,0.0,0.0,0.0,0
642987,0.087126,0.087126,0.087126,0.087126,0.087126,0.087126,icmp,0.0,0.0,cs0,cs0,58.0,64.0,6.0,0.0,Start,2,1,1,196,98,98,98.0,98.0,0.0,0.0,0.0,0,0,0,0.0,,,11.47763,0.0,0.0,ECO,,,,,0.0,0.0,0.0,0
643001,0.074562,0.074562,0.074562,0.074562,0.074562,0.074562,icmp,0.0,0.0,cs0,cs0,58.0,64.0,6.0,0.0,Start,2,1,1,196,98,98,98.0,98.0,0.0,0.0,0.0,0,0,0,0.0,,,13.411657,0.0,0.0,ECO,,,,,0.0,0.0,0.0,0
643011,0.000157,0.000157,0.000157,0.000157,0.000157,0.000157,sctp,186.0,186.0,ef,ef,252.0,255.0,4.0,1.0,Status,2,1,1,200,102,98,102.0,98.0,0.0,0.0,0.0,0,0,0,0.0,,,6369.426758,0.0,0.0,CON,,,610.0,,0.0,0.0,0.0,0
643034,4.996861,4.996861,4.996861,4.996861,4.996861,4.996861,udp,0.0,0.0,cs0,cs0,47.0,64.0,17.0,0.0,Status,147,143,4,194531,193645,886,1354.160889,221.5,308923.5313,307858.875,1064.668457,0,0,0,0.0,,,29.218344,28.417841,0.600377,CON,,,,,0.0,0.0,0.0,0
643035,4.819329,4.819329,4.819329,4.819329,4.819329,4.819329,udp,0.0,0.0,cs0,cs0,117.0,64.0,11.0,0.0,Status,154,117,37,161033,151644,9389,1296.102539,253.75676,264740.5938,249575.0,15165.59766,0,0,0,0.0,,,31.74716,24.069742,7.46992,CON,,,,,0.0,0.0,0.0,0
643101,0.08479,0.08479,0.08479,0.08479,0.08479,0.08479,icmp,0.0,0.0,cs0,cs0,58.0,64.0,6.0,0.0,Start,2,1,1,196,98,98,98.0,98.0,0.0,0.0,0.0,0,0,0,0.0,,,11.793844,0.0,0.0,ECO,,,,,0.0,0.0,0.0,0
643116,0.0,0.0,0.0,0.0,0.0,0.0,icmp,0.0,,cs0,,58.0,,6.0,,Start,1,1,0,98,98,0,98.0,0.0,0.0,0.0,0.0,0,0,0,0.0,,,0.0,0.0,0.0,ECO,,,,,0.0,0.0,0.0,0
643261,3.045086,3.045086,3.045086,3.045086,3.045086,3.045086,tcp,0.0,,cs0,,64.0,,0.0,,Start,3,3,0,222,222,0,74.0,0.0,388.823181,388.823181,0.0,2,2,0,40.0,0.0,0.0,0.656796,0.656796,0.0,REQ,33553920.0,,,,0.0,0.0,0.0,0
643263,3.038157,3.038157,3.038157,3.038157,3.038157,3.038157,tcp,0.0,,cs0,,64.0,,0.0,,Start,3,3,0,222,222,0,74.0,0.0,389.709961,389.709961,0.0,2,2,0,40.0,0.0,0.0,0.658294,0.658294,0.0,REQ,33553920.0,,,,0.0,0.0,0.0,0
643298,3.905359,3.905359,3.905359,3.905359,3.905359,3.905359,tcp,0.0,,cs0,,64.0,,0.0,,Start,4,4,0,296,296,0,74.0,0.0,454.759735,454.759735,0.0,3,3,0,42.857143,0.0,0.0,0.768175,0.768175,0.0,REQ,33553920.0,,,,0.0,0.0,0.0,0
643432,0.0,0.0,0.0,0.0,0.0,0.0,tcp,0.0,,cs0,,64.0,,0.0,,Status,1,1,0,74,74,0,74.0,0.0,0.0,0.0,0.0,1,1,0,50.0,0.0,0.0,0.0,0.0,0.0,REQ,33553920.0,,,,0.0,0.0,0.0,0
643471,3.064472,3.064472,3.064472,3.064472,3.064472,3.064472,tcp,0.0,,cs0,,64.0,,0.0,,Status,2,2,0,148,148,0,74.0,0.0,193.181732,193.181732,0.0,2,2,0,50.0,0.0,0.0,0.32632,0.32632,0.0,REQ,33553920.0,,,,0.0,0.0,0.0,0
643486,0.0,0.0,0.0,0.0,0.0,0.0,tcp,0.0,,cs0,,64.0,,0.0,,Status,1,1,0,74,74,0,74.0,0.0,0.0,0.0,0.0,1,1,0,50.0,0.0,0.0,0.0,0.0,0.0,REQ,33553920.0,,,,0.0,0.0,0.0,0
643498,4.000941,4.000941,4.000941,4.000941,4.000941,4.000941,udp,0.0,,cs0,,64.0,,0.0,,Start,8,8,0,9321,9321,0,1165.125,0.0,16308.16406,16308.16406,0.0,0,0,0,0.0,,,1.749588,1.749588,0.0,INT,,,,,0.0,0.0,0.0,0
643508,3.040096,3.040096,3.040096,3.040096,3.040096,3.040096,tcp,0.0,,cs0,,64.0,,0.0,,Start,4,4,0,296,296,0,74.0,0.0,584.192078,584.192078,0.0,3,3,0,42.857143,0.0,0.0,0.986811,0.986811,0.0,REQ,33553920.0,,,,0.0,0.0,0.0,0
643537,3.615404,3.615404,3.615404,3.615404,3.615404,3.615404,tcp,0.0,,cs0,,64.0,,0.0,,Start,4,4,0,296,296,0,74.0,0.0,491.231415,491.231415,0.0,3,3,0,42.857143,0.0,0.0,0.829783,0.829783,0.0,REQ,33553920.0,,,,0.0,0.0,0.0,0
643562,2.888348,2.888348,2.888348,2.888348,2.888348,2.888348,tcp,0.0,,cs0,,64.0,,0.0,,Status,2,2,0,148,148,0,74.0,0.0,204.961441,204.961441,0.0,2,2,0,50.0,0.0,0.0,0.346219,0.346219,0.0,REQ,33553920.0,,,,0.0,0.0,0.0,0
643564,2.888348,2.888348,2.888348,2.888348,2.888348,2.888348,tcp,0.0,,cs0,,64.0,,0.0,,Status,2,2,0,148,148,0,74.0,0.0,204.961441,204.961441,0.0,2,2,0,50.0,0.0,0.0,0.346219,0.346219,0.0,REQ,33553920.0,,,,0.0,0.0,0.0,0
643587,0.0,0.0,0.0,0.0,0.0,0.0,tcp,0.0,,cs0,,64.0,,0.0,,Status,1,1,0,74,74,0,74.0,0.0,0.0,0.0,0.0,1,1,0,50.0,0.0,0.0,0.0,0.0,0.0,REQ,33553920.0,,,,0.0,0.0,0.0,0
643647,3.018988,3.018988,3.018988,3.018988,3.018988,3.018988,tcp,0.0,,cs0,,64.0,,0.0,,Start,3,3,0,222,222,0,74.0,0.0,392.184418,392.184418,0.0,2,2,0,40.0,0.0,0.0,0.662474,0.662474,0.0,REQ,33553920.0,,,,0.0,0.0,0.0,0
643659,3.039977,3.039977,3.039977,3.039977,3.039977,3.039977,tcp,0.0,,cs0,,64.0,,0.0,,Start,3,3,0,222,222,0,74.0,0.0,389.476624,389.476624,0.0,2,2,0,40.0,0.0,0.0,0.6579,0.6579,0.0,REQ,33553920.0,,,,0.0,0.0,0.0,0
643680,2.988894,2.988894,2.988894,2.988894,2.988894,2.988894,tcp,0.0,,cs0,,64.0,,0.0,,Start,3,3,0,222,222,0,74.0,0.0,396.133148,396.133148,0.0,2,2,0,40.0,0.0,0.0,0.669144,0.669144,0.0,REQ,33553920.0,,,,0.0,0.0,0.0,0
643699,0.0,0.0,0.0,0.0,0.0,0.0,tcp,0.0,,cs0,,64.0,,0.0,,Status,1,1,0,74,74,0,74.0,0.0,0.0,0.0,0.0,1,1,0,50.0,0.0,0.0,0.0,0.0,0.0,REQ,33553920.0,,,,0.0,0.0,0.0,0
643724,3.040143,3.040143,3.040143,3.040143,3.040143,3.040143,tcp,0.0,,cs0,,64.0,,0.0,,Start,3,3,0,222,222,0,74.0,0.0,389.455353,389.455353,0.0,2,2,0,40.0,0.0,0.0,0.657864,0.657864,0.0,REQ,33553920.0,,,,0.0,0.0,0.0,0
643746,3.039988,3.039988,3.039988,3.039988,3.039988,3.039988,tcp,0.0,,cs0,,64.0,,0.0,,Start,3,3,0,222,222,0,74.0,0.0,389.47522,389.47522,0.0,2,2,0,40.0,0.0,0.0,0.657897,0.657897,0.0,REQ,33553920.0,,,,0.0,0.0,0.0,0
643773,0.0,0.0,0.0,0.0,0.0,0.0,tcp,0.0,,cs0,,64.0,,0.0,,Status,1,1,0,74,74,0,74.0,0.0,0.0,0.0,0.0,1,1,0,50.0,0.0,0.0,0.0,0.0,0.0,REQ,33553920.0,,,,0.0,0.0,0.0,0
643774,3.033077,3.033077,3.033077,3.033077,3.033077,3.033077,tcp,0.0,,cs0,,64.0,,0.0,,Start,3,3,0,222,222,0,74.0,0.0,390.362671,390.362671,0.0,2,2,0,40.0,0.0,0.0,0.659396,0.659396,0.0,REQ,33553920.0,,,,0.0,0.0,0.0,0
643805,0.0,0.0,0.0,0.0,0.0,0.0,tcp,0.0,,cs0,,64.0,,0.0,,Status,1,1,0,74,74,0,74.0,0.0,0.0,0.0,0.0,1,1,0,50.0,0.0,0.0,0.0,0.0,0.0,REQ,33553920.0,,,,0.0,0.0,0.0,0
643848,3.059943,3.059943,3.059943,3.059943,3.059943,3.059943,tcp,0.0,,cs0,,64.0,,0.0,,Start,3,3,0,222,222,0,74.0,0.0,386.935303,386.935303,0.0,2,2,0,40.0,0.0,0.0,0.653607,0.653607,0.0,REQ,33553920.0,,,,0.0,0.0,0.0,0
644083,0.0,0.0,0.0,0.0,0.0,0.0,tcp,0.0,,cs0,,64.0,,0.0,,Status,1,1,0,74,74,0,74.0,0.0,0.0,0.0,0.0,1,1,0,50.0,0.0,0.0,0.0,0.0,0.0,REQ,33553920.0,,,,0.0,0.0,0.0,0
644103,3.020081,3.020081,3.020081,3.020081,3.020081,3.020081,tcp,0.0,,cs0,,64.0,,0.0,,Start,3,3,0,222,222,0,74.0,0.0,392.04245,392.04245,0.0,2,2,0,40.0,0.0,0.0,0.662234,0.662234,0.0,REQ,33553920.0,,,,0.0,0.0,0.0,0
644135,0.0,0.0,0.0,0.0,0.0,0.0,icmp,0.0,,cs0,,58.0,,6.0,,Start,1,1,0,98,98,0,98.0,0.0,0.0,0.0,0.0,0,0,0,0.0,,,0.0,0.0,0.0,ECO,,,,,0.0,0.0,0.0,0
644153,3.920906,3.920906,3.920906,3.920906,3.920906,3.920906,udp,0.0,,cs0,,64.0,,0.0,,Start,6,6,0,7097,7097,0,1182.833374,0.0,12068.63867,12068.63867,0.0,0,0,0,0.0,,,1.275216,1.275216,0.0,INT,,,,,0.0,0.0,0.0,0
644182,0.0,0.0,0.0,0.0,0.0,0.0,icmp,0.0,,cs0,,58.0,,6.0,,Start,1,1,0,98,98,0,98.0,0.0,0.0,0.0,0.0,0,0,0,0.0,,,0.0,0.0,0.0,ECO,,,,,0.0,0.0,0.0,0
644214,0.0,0.0,0.0,0.0,0.0,0.0,tcp,0.0,,cs0,,64.0,,0.0,,Status,1,1,0,74,74,0,74.0,0.0,0.0,0.0,0.0,1,1,0,50.0,0.0,0.0,0.0,0.0,0.0,REQ,33553920.0,,,,0.0,0.0,0.0,0
644231,3.975998,3.975998,3.975998,3.975998,3.975998,3.975998,udp,0.0,,cs0,,64.0,,0.0,,Start,6,6,0,7097,7097,0,1182.833374,0.0,11901.41504,11901.41504,0.0,0,0,0,0.0,,,1.257546,1.257546,0.0,INT,,,,,0.0,0.0,0.0,0
644270,0.0,0.0,0.0,0.0,0.0,0.0,tcp,0.0,,cs0,,64.0,,0.0,,Status,1,1,0,74,74,0,74.0,0.0,0.0,0.0,0.0,1,1,0,50.0,0.0,0.0,0.0,0.0,0.0,REQ,33553920.0,,,,0.0,0.0,0.0,0
644327,0.0,0.0,0.0,0.0,0.0,0.0,tcp,0.0,,cs0,,64.0,,0.0,,Status,1,1,0,74,74,0,74.0,0.0,0.0,0.0,0.0,1,1,0,50.0,0.0,0.0,0.0,0.0,0.0,REQ,33553920.0,,,,0.0,0.0,0.0,0
644351,0.0,0.0,0.0,0.0,0.0,0.0,tcp,0.0,,cs0,,64.0,,0.0,,Status,1,1,0,74,74,0,74.0,0.0,0.0,0.0,0.0,1,1,0,50.0,0.0,0.0,0.0,0.0,0.0,REQ,33553920.0,,,,0.0,0.0,0.0,0
644360,0.0,0.0,0.0,0.0,0.0,0.0,icmp,0.0,,cs0,,58.0,,6.0,,Start,1,1,0,98,98,0,98.0,0.0,0.0,0.0,0.0,0,0,0,0.0,,,0.0,0.0,0.0,ECO,,,,,0.0,0.0,0.0,0
644404,0.0,0.0,0.0,0.0,0.0,0.0,icmp,0.0,,cs0,,58.0,,6.0,,Start,1,1,0,98,98,0,98.0,0.0,0.0,0.0,0.0,0,0,0,0.0,,,0.0,0.0,0.0,ECO,,,,,0.0,0.0,0.0,0
644431,0.0,0.0,0.0,0.0,0.0,0.0,tcp,0.0,,cs0,,64.0,,0.0,,Status,1,1,0,74,74,0,74.0,0.0,0.0,0.0,0.0,1,1,0,50.0,0.0,0.0,0.0,0.0,0.0,REQ,33553920.0,,,,0.0,0.0,0.0,0
644435,0.0,0.0,0.0,0.0,0.0,0.0,tcp,0.0,,cs0,,64.0,,0.0,,Status,1,1,0,74,74,0,74.0,0.0,0.0,0.0,0.0,1,1,0,50.0,0.0,0.0,0.0,0.0,0.0,REQ,33553920.0,,,,0.0,0.0,0.0,0
644489,0.0,0.0,0.0,0.0,0.0,0.0,tcp,0.0,,cs0,,64.0,,0.0,,Status,1,1,0,74,74,0,74.0,0.0,0.0,0.0,0.0,1,1,0,50.0,0.0,0.0,0.0,0.0,0.0,REQ,33553920.0,,,,0.0,0.0,0.0,0
644525,3.03311,3.03311,3.03311,3.03311,3.03311,3.03311,tcp,0.0,,cs0,,64.0,,0.0,,Start,3,3,0,222,222,0,74.0,0.0,390.358429,390.358429,0.0,2,2,0,40.0,0.0,0.0,0.659389,0.659389,0.0,REQ,33553920.0,,,,0.0,0.0,0.0,0
644576,0.0,0.0,0.0,0.0,0.0,0.0,tcp,0.0,,cs0,,64.0,,0.0,,Status,1,1,0,74,74,0,74.0,0.0,0.0,0.0,0.0,1,1,0,50.0,0.0,0.0,0.0,0.0,0.0,REQ,33553920.0,,,,0.0,0.0,0.0,0
644590,0.0,0.0,0.0,0.0,0.0,0.0,icmp,0.0,,cs0,,58.0,,6.0,,Start,1,1,0,98,98,0,98.0,0.0,0.0,0.0,0.0,0,0,0,0.0,,,0.0,0.0,0.0,ECO,,,,,0.0,0.0,0.0,0
644664,0.0,0.0,0.0,0.0,0.0,0.0,tcp,0.0,,cs0,,64.0,,0.0,,Status,1,1,0,74,74,0,74.0,0.0,0.0,0.0,0.0,1,1,0,50.0,0.0,0.0,0.0,0.0,0.0,REQ,33553920.0,,,,0.0,0.0,0.0,0
644701,0.0,0.0,0.0,0.0,0.0,0.0,tcp,0.0,,cs0,,64.0,,0.0,,Status,1,1,0,74,74,0,74.0,0.0,0.0,0.0,0.0,1,1,0,50.0,0.0,0.0,0.0,0.0,0.0,REQ,33553920.0,,,,0.0,0.0,0.0,0
644767,0.0,0.0,0.0,0.0,0.0,0.0,tcp,0.0,,cs0,,64.0,,0.0,,Status,1,1,0,74,74,0,74.0,0.0,0.0,0.0,0.0,1,1,0,50.0,0.0,0.0,0.0,0.0,0.0,REQ,33553920.0,,,,0.0,0.0,0.0,0
644770,0.0,0.0,0.0,0.0,0.0,0.0,tcp,0.0,,cs0,,64.0,,0.0,,Status,1,1,0,74,74,0,74.0,0.0,0.0,0.0,0.0,1,1,0,50.0,0.0,0.0,0.0,0.0,0.0,REQ,33553920.0,,,,0.0,0.0,0.0,0
644805,0.0,0.0,0.0,0.0,0.0,0.0,tcp,0.0,,cs0,,64.0,,0.0,,Status,1,1,0,74,74,0,74.0,0.0,0.0,0.0,0.0,1,1,0,50.0,0.0,0.0,0.0,0.0,0.0,REQ,33553920.0,,,,0.0,0.0,0.0,0
644829,0.0,0.0,0.0,0.0,0.0,0.0,tcp,0.0,,cs0,,64.0,,0.0,,Status,1,1,0,74,74,0,74.0,0.0,0.0,0.0,0.0,1,1,0,50.0,0.0,0.0,0.0,0.0,0.0,REQ,33553920.0,,,,0.0,0.0,0.0,0
644857,0.0,0.0,0.0,0.0,0.0,0.0,tcp,0.0,,cs0,,64.0,,0.0,,Status,1,1,0,74,74,0,74.0,0.0,0.0,0.0,0.0,1,1,0,50.0,0.0,0.0,0.0,0.0,0.0,REQ,33553920.0,,,,0.0,0.0,0.0,0
644871,3.031932,3.031932,3.031932,3.031932,3.031932,3.031932,tcp,0.0,,cs0,,64.0,,0.0,,Start,3,3,0,222,222,0,74.0,0.0,390.510071,390.510071,0.0,2,2,0,40.0,0.0,0.0,0.659645,0.659645,0.0,REQ,33553920.0,,,,0.0,0.0,0.0,0
644880,0.0,0.0,0.0,0.0,0.0,0.0,tcp,0.0,,cs0,,64.0,,0.0,,Status,1,1,0,74,74,0,74.0,0.0,0.0,0.0,0.0,1,1,0,50.0,0.0,0.0,0.0,0.0,0.0,REQ,33553920.0,,,,0.0,0.0,0.0,0
644949,0.0,0.0,0.0,0.0,0.0,0.0,tcp,0.0,,cs0,,64.0,,0.0,,Status,1,1,0,74,74,0,74.0,0.0,0.0,0.0,0.0,1,1,0,50.0,0.0,0.0,0.0,0.0,0.0,REQ,33553920.0,,,,0.0,0.0,0.0,0
645089,2.992696,2.992696,2.992696,2.992696,2.992696,2.992696,tcp,136.0,,af41,,255.0,,1.0,,Start,3,3,0,222,222,0,74.0,0.0,395.629883,395.629883,0.0,2,2,0,40.0,0.0,0.0,0.668294,0.668294,0.0,REQ,3737600.0,,,,0.0,0.0,0.0,0
645163,2.99995,2.99995,2.99995,2.99995,2.99995,2.99995,tcp,0.0,,cs0,,64.0,,0.0,,Start,3,3,0,222,222,0,74.0,0.0,394.673248,394.673248,0.0,2,2,0,40.0,0.0,0.0,0.666678,0.666678,0.0,REQ,33553920.0,,,,0.0,0.0,0.0,0
645208,0.0,0.0,0.0,0.0,0.0,0.0,tcp,0.0,,cs0,,64.0,,0.0,,Status,1,1,0,74,74,0,74.0,0.0,0.0,0.0,0.0,1,1,0,50.0,0.0,0.0,0.0,0.0,0.0,REQ,33553920.0,,,,0.0,0.0,0.0,0
645221,0.0,0.0,0.0,0.0,0.0,0.0,udp,0.0,,cs0,,64.0,,0.0,,Start,1,1,0,89,89,0,89.0,0.0,0.0,0.0,0.0,0,0,0,0.0,,,0.0,0.0,0.0,INT,,,,,0.0,0.0,0.0,0
645255,0.0,0.0,0.0,0.0,0.0,0.0,tcp,0.0,,cs0,,64.0,,0.0,,Status,1,1,0,74,74,0,74.0,0.0,0.0,0.0,0.0,1,1,0,50.0,0.0,0.0,0.0,0.0,0.0,REQ,33553920.0,,,,0.0,0.0,0.0,0
645258,3.060035,3.060035,3.060035,3.060035,3.060035,3.060035,tcp,0.0,,cs0,,64.0,,0.0,,Start,3,3,0,222,222,0,74.0,0.0,386.923676,386.923676,0.0,2,2,0,40.0,0.0,0.0,0.653587,0.653587,0.0,REQ,33553920.0,,,,0.0,0.0,0.0,0
645261,0.0,0.0,0.0,0.0,0.0,0.0,udp,0.0,,cs0,,64.0,,0.0,,Status,1,1,0,89,89,0,89.0,0.0,0.0,0.0,0.0,0,0,0,0.0,,,0.0,0.0,0.0,REQ,,,,,0.0,0.0,0.0,0
645266,0.0,0.0,0.0,0.0,0.0,0.0,tcp,0.0,,cs0,,64.0,,0.0,,Status,1,1,0,74,74,0,74.0,0.0,0.0,0.0,0.0,1,1,0,50.0,0.0,0.0,0.0,0.0,0.0,REQ,33553920.0,,,,0.0,0.0,0.0,0
645288,4.000949,4.000949,4.000949,4.000949,4.000949,4.000949,udp,0.0,,cs0,,64.0,,0.0,,Start,6,6,0,7097,7097,0,1182.833374,0.0,11827.19434,11827.19434,0.0,0,0,0,0.0,,,1.249704,1.249704,0.0,INT,,,,,0.0,0.0,0.0,0
645312,0.0,0.0,0.0,0.0,0.0,0.0,udp,0.0,,cs0,,64.0,,0.0,,Start,1,1,0,74,74,0,74.0,0.0,0.0,0.0,0.0,0,0,0,0.0,,,0.0,0.0,0.0,INT,,,,,0.0,0.0,0.0,0
645502,0.000107,0.000107,0.000107,0.000107,0.000107,0.000107,sctp,186.0,186.0,ef,ef,252.0,255.0,4.0,1.0,Status,2,1,1,200,102,98,102.0,98.0,0.0,0.0,0.0,0,0,0,0.0,,,9345.793945,0.0,0.0,CON,,,610.0,,0.0,0.0,0.0,0
645506,0.0,0.0,0.0,0.0,0.0,0.0,icmp,0.0,,cs0,,58.0,,6.0,,Start,1,1,0,98,98,0,98.0,0.0,0.0,0.0,0.0,0,0,0,0.0,,,0.0,0.0,0.0,ECO,,,,,0.0,0.0,0.0,0
645514,0.0,0.0,0.0,0.0,0.0,0.0,udp,0.0,,cs0,,64.0,,0.0,,Status,1,1,0,89,89,0,89.0,0.0,0.0,0.0,0.0,0,0,0,0.0,,,0.0,0.0,0.0,REQ,,,,,0.0,0.0,0.0,0
645565,3.031901,3.031901,3.031901,3.031901,3.031901,3.031901,tcp,0.0,,cs0,,64.0,,0.0,,Start,3,3,0,222,222,0,74.0,0.0,390.514099,390.514099,0.0,2,2,0,40.0,0.0,0.0,0.659652,0.659652,0.0,REQ,33553920.0,,,,0.0,0.0,0.0,0
645661,3.022197,3.022197,3.022197,3.022197,3.022197,3.022197,tcp,0.0,,cs0,,64.0,,0.0,,Start,3,3,0,222,222,0,74.0,0.0,391.767975,391.767975,0.0,2,2,0,40.0,0.0,0.0,0.66177,0.66177,0.0,REQ,33553920.0,,,,0.0,0.0,0.0,0
645743,0.0,0.0,0.0,0.0,0.0,0.0,tcp,0.0,,cs0,,64.0,,0.0,,Status,1,1,0,74,74,0,74.0,0.0,0.0,0.0,0.0,1,1,0,50.0,0.0,0.0,0.0,0.0,0.0,REQ,33553920.0,,,,0.0,0.0,0.0,0
645766,0.0,0.0,0.0,0.0,0.0,0.0,udp,0.0,,cs0,,64.0,,0.0,,Start,1,1,0,89,89,0,89.0,0.0,0.0,0.0,0.0,0,0,0,0.0,,,0.0,0.0,0.0,INT,,,,,0.0,0.0,0.0,0
645801,0.0,0.0,0.0,0.0,0.0,0.0,udp,0.0,,cs0,,64.0,,0.0,,Status,1,1,0,89,89,0,89.0,0.0,0.0,0.0,0.0,0,0,0,0.0,,,0.0,0.0,0.0,REQ,,,,,0.0,0.0,0.0,0
645837,0.0,0.0,0.0,0.0,0.0,0.0,udp,0.0,,cs0,,64.0,,0.0,,Status,1,1,0,74,74,0,74.0,0.0,0.0,0.0,0.0,0,0,0,0.0,,,0.0,0.0,0.0,REQ,,,,,0.0,0.0,0.0,0
646018,0.0,0.0,0.0,0.0,0.0,0.0,icmp,0.0,,cs0,,58.0,,6.0,,Start,1,1,0,98,98,0,98.0,0.0,0.0,0.0,0.0,0,0,0,0.0,,,0.0,0.0,0.0,ECO,,,,,0.0,0.0,0.0,0
646102,0.0,0.0,0.0,0.0,0.0,0.0,sctp,186.0,186.0,ef,ef,252.0,255.0,4.0,1.0,Status,2,1,1,192,98,94,98.0,94.0,0.0,0.0,0.0,0,0,0,0.0,,,0.0,0.0,0.0,CON,,,610.0,,0.0,0.0,0.0,0
646190,0.0,0.0,0.0,0.0,0.0,0.0,udp,0.0,,cs0,,64.0,,0.0,,Status,1,1,0,170,170,0,170.0,0.0,0.0,0.0,0.0,0,0,0,0.0,,,0.0,0.0,0.0,REQ,,,,,0.0,0.0,0.0,0
646223,0.0,0.0,0.0,0.0,0.0,0.0,icmp,0.0,,cs0,,58.0,,6.0,,Start,1,1,0,98,98,0,98.0,0.0,0.0,0.0,0.0,0,0,0,0.0,,,0.0,0.0,0.0,ECO,,,,,0.0,0.0,0.0,0
646259,0.0,0.0,0.0,0.0,0.0,0.0,tcp,0.0,,cs0,,64.0,,0.0,,Status,1,1,0,74,74,0,74.0,0.0,0.0,0.0,0.0,1,1,0,50.0,0.0,0.0,0.0,0.0,0.0,REQ,33553920.0,,,,0.0,0.0,0.0,0
646301,1.012703,1.012703,1.012703,1.012703,1.012703,1.012703,sctp,186.0,40.0,ef,af11,255.0,250.0,1.0,6.0,Status,4,2,2,424,208,216,104.0,108.0,1674.726074,821.563721,853.162354,0,0,0,0.0,,,2.962369,0.987456,0.987456,CON,,,,610.0,0.0,0.0,0.0,0
646331,3.000123,3.000123,3.000123,3.000123,3.000123,3.000123,tcp,0.0,,cs0,,64.0,,0.0,,Start,3,3,0,222,222,0,74.0,0.0,394.650482,394.650482,0.0,2,2,0,40.0,0.0,0.0,0.666639,0.666639,0.0,REQ,33553920.0,,,,0.0,0.0,0.0,0
646338,0.0,0.0,0.0,0.0,0.0,0.0,icmp,0.0,,cs0,,58.0,,6.0,,Start,1,1,0,98,98,0,98.0,0.0,0.0,0.0,0.0,0,0,0,0.0,,,0.0,0.0,0.0,ECO,,,,,0.0,0.0,0.0,0
646392,0.0,0.0,0.0,0.0,0.0,0.0,udp,0.0,,cs0,,64.0,,0.0,,Status,1,1,0,170,170,0,170.0,0.0,0.0,0.0,0.0,0,0,0,0.0,,,0.0,0.0,0.0,REQ,,,,,0.0,0.0,0.0,0
646419,3.000079,3.000079,3.000079,3.000079,3.000079,3.000079,tcp,0.0,,cs0,,64.0,,0.0,,Start,3,3,0,222,222,0,74.0,0.0,394.656281,394.656281,0.0,2,2,0,40.0,0.0,0.0,0.666649,0.666649,0.0,REQ,33553920.0,,,,0.0,0.0,0.0,0
646493,0.000158,0.000158,0.000158,0.000158,0.000158,0.000158,sctp,186.0,186.0,ef,ef,252.0,255.0,4.0,1.0,Status,2,1,1,200,102,98,102.0,98.0,0.0,0.0,0.0,0,0,0,0.0,,,6329.114258,0.0,0.0,CON,,,610.0,,0.0,0.0,0.0,0
646540,0.0,0.0,0.0,0.0,0.0,0.0,tcp,0.0,,cs0,,64.0,,0.0,,Status,1,1,0,74,74,0,74.0,0.0,0.0,0.0,0.0,1,1,0,50.0,0.0,0.0,0.0,0.0,0.0,REQ,33553920.0,,,,0.0,0.0,0.0,0
646553,4.013968,4.013968,4.013968,4.013968,4.013968,4.013968,udp,0.0,,cs0,,64.0,,0.0,,Start,6,6,0,7097,7097,0,1182.833374,0.0,11788.83301,11788.83301,0.0,0,0,0,0.0,,,1.24565,1.24565,0.0,INT,,,,,0.0,0.0,0.0,0
646572,3.020087,3.020087,3.020087,3.020087,3.020087,3.020087,tcp,0.0,,cs0,,64.0,,0.0,,Start,3,3,0,222,222,0,74.0,0.0,392.041687,392.041687,0.0,2,2,0,40.0,0.0,0.0,0.662233,0.662233,0.0,REQ,33553920.0,,,,0.0,0.0,0.0,0
646573,0.0,0.0,0.0,0.0,0.0,0.0,tcp,0.0,,cs0,,64.0,,0.0,,Status,1,1,0,74,74,0,74.0,0.0,0.0,0.0,0.0,1,1,0,50.0,0.0,0.0,0.0,0.0,0.0,REQ,33553920.0,,,,0.0,0.0,0.0,0
646605,3.020052,3.020052,3.020052,3.020052,3.020052,3.020052,tcp,0.0,,cs0,,64.0,,0.0,,Start,3,3,0,222,222,0,74.0,0.0,392.046234,392.046234,0.0,2,2,0,40.0,0.0,0.0,0.66224,0.66224,0.0,REQ,33553920.0,,,,0.0,0.0,0.0,0
646698,3.992981,3.992981,3.992981,3.992981,3.992981,3.992981,udp,0.0,,cs0,,64.0,,0.0,,Start,6,6,0,7097,7097,0,1182.833374,0.0,11850.79492,11850.79492,0.0,0,0,0,0.0,,,1.252197,1.252197,0.0,INT,,,,,0.0,0.0,0.0,0
646709,0.0,0.0,0.0,0.0,0.0,0.0,tcp,0.0,,cs0,,64.0,,0.0,,Status,1,1,0,74,74,0,74.0,0.0,0.0,0.0,0.0,1,1,0,50.0,0.0,0.0,0.0,0.0,0.0,REQ,33553920.0,,,,0.0,0.0,0.0,0
646717,0.0,0.0,0.0,0.0,0.0,0.0,udp,0.0,,cs0,,64.0,,0.0,,Start,1,1,0,89,89,0,89.0,0.0,0.0,0.0,0.0,0,0,0,0.0,,,0.0,0.0,0.0,INT,,,,,0.0,0.0,0.0,0
646747,3.040017,3.040017,3.040017,3.040017,3.040017,3.040017,tcp,0.0,,cs0,,64.0,,0.0,,Start,3,3,0,222,222,0,74.0,0.0,389.471527,389.471527,0.0,2,2,0,40.0,0.0,0.0,0.657891,0.657891,0.0,REQ,33553920.0,,,,0.0,0.0,0.0,0
646774,3.039931,3.039931,3.039931,3.039931,3.039931,3.039931,tcp,0.0,,cs0,,64.0,,0.0,,Start,3,3,0,222,222,0,74.0,0.0,389.482513,389.482513,0.0,2,2,0,40.0,0.0,0.0,0.65791,0.65791,0.0,REQ,33553920.0,,,,0.0,0.0,0.0,0
646803,1.019935,1.019935,1.019935,1.019935,1.019935,1.019935,tcp,0.0,,cs0,,64.0,,0.0,,Start,2,2,0,148,148,0,74.0,0.0,580.429138,580.429138,0.0,1,1,0,33.333333,0.0,0.0,0.980455,0.980455,0.0,REQ,33553920.0,,,,0.0,0.0,0.0,0
646827,0.0,0.0,0.0,0.0,0.0,0.0,udp,0.0,,cs0,,64.0,,0.0,,Status,1,1,0,74,74,0,74.0,0.0,0.0,0.0,0.0,0,0,0,0.0,,,0.0,0.0,0.0,REQ,,,,,0.0,0.0,0.0,0
646836,0.0,0.0,0.0,0.0,0.0,0.0,tcp,0.0,,cs0,,64.0,,0.0,,Status,1,1,0,74,74,0,74.0,0.0,0.0,0.0,0.0,1,1,0,50.0,0.0,0.0,0.0,0.0,0.0,REQ,33553920.0,,,,0.0,0.0,0.0,0
646851,0.0,0.0,0.0,0.0,0.0,0.0,udp,0.0,,cs0,,64.0,,0.0,,Status,1,1,0,170,170,0,170.0,0.0,0.0,0.0,0.0,0,0,0,0.0,,,0.0,0.0,0.0,REQ,,,,,0.0,0.0,0.0,0
646900,0.0,0.0,0.0,0.0,0.0,0.0,tcp,0.0,,cs0,,64.0,,0.0,,Status,1,1,0,74,74,0,74.0,0.0,0.0,0.0,0.0,1,1,0,50.0,0.0,0.0,0.0,0.0,0.0,REQ,33553920.0,,,,0.0,0.0,0.0,0
646957,0.0,0.0,0.0,0.0,0.0,0.0,udp,0.0,,cs0,,249.0,,7.0,,Start,1,1,0,64,64,0,64.0,0.0,0.0,0.0,0.0,0,0,0,0.0,,,0.0,0.0,0.0,INT,,,610.0,,0.0,0.0,0.0,0
646975,0.0,0.0,0.0,0.0,0.0,0.0,udp,0.0,,cs0,,255.0,,1.0,,Start,1,1,0,70,70,0,70.0,0.0,0.0,0.0,0.0,0,0,0,0.0,,,0.0,0.0,0.0,INT,,,,,0.0,0.0,0.0,0
647099,0.0,0.0,0.0,0.0,0.0,0.0,udp,0.0,,cs0,,249.0,,7.0,,Start,1,1,0,74,74,0,74.0,0.0,0.0,0.0,0.0,0,0,0,0.0,,,0.0,0.0,0.0,INT,,,610.0,,0.0,0.0,0.0,0
647111,0.0,0.0,0.0,0.0,0.0,0.0,udp,0.0,,cs0,,249.0,,7.0,,Start,1,1,0,74,74,0,74.0,0.0,0.0,0.0,0.0,0,0,0,0.0,,,0.0,0.0,0.0,INT,,,610.0,,0.0,0.0,0.0,0
647157,0.0,0.0,0.0,0.0,0.0,0.0,udp,0.0,,cs0,,249.0,,7.0,,Start,1,1,0,74,74,0,74.0,0.0,0.0,0.0,0.0,0,0,0,0.0,,,0.0,0.0,0.0,INT,,,610.0,,0.0,0.0,0.0,0
647161,0.0,0.0,0.0,0.0,0.0,0.0,udp,0.0,,cs0,,249.0,,7.0,,Start,1,1,0,74,74,0,74.0,0.0,0.0,0.0,0.0,0,0,0,0.0,,,0.0,0.0,0.0,INT,,,610.0,,0.0,0.0,0.0,0
647326,0.0,0.0,0.0,0.0,0.0,0.0,udp,0.0,,cs0,,249.0,,7.0,,Start,1,1,0,74,74,0,74.0,0.0,0.0,0.0,0.0,0,0,0,0.0,,,0.0,0.0,0.0,INT,,,610.0,,0.0,0.0,0.0,0
647329,0.0,0.0,0.0,0.0,0.0,0.0,udp,0.0,,cs0,,249.0,,7.0,,Start,1,1,0,74,74,0,74.0,0.0,0.0,0.0,0.0,0,0,0,0.0,,,0.0,0.0,0.0,INT,,,610.0,,0.0,0.0,0.0,0
647363,0.0,0.0,0.0,0.0,0.0,0.0,udp,0.0,,cs0,,249.0,,7.0,,Start,1,1,0,74,74,0,74.0,0.0,0.0,0.0,0.0,0,0,0,0.0,,,0.0,0.0,0.0,INT,,,610.0,,0.0,0.0,0.0,0
647428,0.0,0.0,0.0,0.0,0.0,0.0,udp,0.0,,cs0,,249.0,,7.0,,Start,1,1,0,74,74,0,74.0,0.0,0.0,0.0,0.0,0,0,0,0.0,,,0.0,0.0,0.0,INT,,,610.0,,0.0,0.0,0.0,0
647491,0.0,0.0,0.0,0.0,0.0,0.0,udp,0.0,,cs0,,249.0,,7.0,,Start,1,1,0,74,74,0,74.0,0.0,0.0,0.0,0.0,0,0,0,0.0,,,0.0,0.0,0.0,INT,,,610.0,,0.0,0.0,0.0,0
647621,0.0,0.0,0.0,0.0,0.0,0.0,udp,0.0,,cs0,,249.0,,7.0,,Start,1,1,0,74,74,0,74.0,0.0,0.0,0.0,0.0,0,0,0,0.0,,,0.0,0.0,0.0,INT,,,610.0,,0.0,0.0,0.0,0
647649,0.0,0.0,0.0,0.0,0.0,0.0,udp,0.0,,cs0,,249.0,,7.0,,Start,1,1,0,74,74,0,74.0,0.0,0.0,0.0,0.0,0,0,0,0.0,,,0.0,0.0,0.0,INT,,,610.0,,0.0,0.0,0.0,0
647658,0.0,0.0,0.0,0.0,0.0,0.0,udp,0.0,,cs0,,249.0,,7.0,,Start,1,1,0,74,74,0,74.0,0.0,0.0,0.0,0.0,0,0,0,0.0,,,0.0,0.0,0.0,INT,,,610.0,,0.0,0.0,0.0,0
647671,0.0,0.0,0.0,0.0,0.0,0.0,udp,0.0,,cs0,,249.0,,7.0,,Start,1,1,0,74,74,0,74.0,0.0,0.0,0.0,0.0,0,0,0,0.0,,,0.0,0.0,0.0,INT,,,610.0,,0.0,0.0,0.0,0
647688,0.0,0.0,0.0,0.0,0.0,0.0,udp,0.0,,cs0,,249.0,,7.0,,Start,1,1,0,74,74,0,74.0,0.0,0.0,0.0,0.0,0,0,0,0.0,,,0.0,0.0,0.0,INT,,,610.0,,0.0,0.0,0.0,0
647701,0.0,0.0,0.0,0.0,0.0,0.0,udp,0.0,,cs0,,249.0,,7.0,,Start,1,1,0,74,74,0,74.0,0.0,0.0,0.0,0.0,0,0,0,0.0,,,0.0,0.0,0.0,INT,,,610.0,,0.0,0.0,0.0,0
647769,0.0,0.0,0.0,0.0,0.0,0.0,udp,0.0,,cs0,,249.0,,7.0,,Start,1,1,0,74,74,0,74.0,0.0,0.0,0.0,0.0,0,0,0,0.0,,,0.0,0.0,0.0,INT,,,610.0,,0.0,0.0,0.0,0
647772,0.0,0.0,0.0,0.0,0.0,0.0,udp,0.0,,cs0,,249.0,,7.0,,Start,1,1,0,74,74,0,74.0,0.0,0.0,0.0,0.0,0,0,0,0.0,,,0.0,0.0,0.0,INT,,,610.0,,0.0,0.0,0.0,0
647777,0.0,0.0,0.0,0.0,0.0,0.0,udp,0.0,,cs0,,249.0,,7.0,,Start,1,1,0,74,74,0,74.0,0.0,0.0,0.0,0.0,0,0,0,0.0,,,0.0,0.0,0.0,INT,,,610.0,,0.0,0.0,0.0,0
647802,0.0,0.0,0.0,0.0,0.0,0.0,udp,0.0,,cs0,,249.0,,7.0,,Start,1,1,0,74,74,0,74.0,0.0,0.0,0.0,0.0,0,0,0,0.0,,,0.0,0.0,0.0,INT,,,610.0,,0.0,0.0,0.0,0
647848,0.0,0.0,0.0,0.0,0.0,0.0,udp,0.0,,cs0,,249.0,,7.0,,Start,1,1,0,74,74,0,74.0,0.0,0.0,0.0,0.0,0,0,0,0.0,,,0.0,0.0,0.0,INT,,,610.0,,0.0,0.0,0.0,0
647899,0.0,0.0,0.0,0.0,0.0,0.0,udp,0.0,,cs0,,249.0,,7.0,,Start,1,1,0,74,74,0,74.0,0.0,0.0,0.0,0.0,0,0,0,0.0,,,0.0,0.0,0.0,INT,,,610.0,,0.0,0.0,0.0,0
647929,0.0,0.0,0.0,0.0,0.0,0.0,udp,0.0,,cs0,,249.0,,7.0,,Start,1,1,0,74,74,0,74.0,0.0,0.0,0.0,0.0,0,0,0,0.0,,,0.0,0.0,0.0,INT,,,610.0,,0.0,0.0,0.0,0
647991,0.0,0.0,0.0,0.0,0.0,0.0,udp,0.0,,cs0,,249.0,,7.0,,Start,1,1,0,74,74,0,74.0,0.0,0.0,0.0,0.0,0,0,0,0.0,,,0.0,0.0,0.0,INT,,,610.0,,0.0,0.0,0.0,0
648040,0.0,0.0,0.0,0.0,0.0,0.0,udp,0.0,,cs0,,249.0,,7.0,,Start,1,1,0,74,74,0,74.0,0.0,0.0,0.0,0.0,0,0,0,0.0,,,0.0,0.0,0.0,INT,,,610.0,,0.0,0.0,0.0,0
648060,0.0,0.0,0.0,0.0,0.0,0.0,udp,0.0,,cs0,,249.0,,7.0,,Start,1,1,0,74,74,0,74.0,0.0,0.0,0.0,0.0,0,0,0,0.0,,,0.0,0.0,0.0,INT,,,610.0,,0.0,0.0,0.0,0
648070,0.0,0.0,0.0,0.0,0.0,0.0,udp,0.0,,cs0,,249.0,,7.0,,Start,1,1,0,74,74,0,74.0,0.0,0.0,0.0,0.0,0,0,0,0.0,,,0.0,0.0,0.0,INT,,,610.0,,0.0,0.0,0.0,0
648095,0.0,0.0,0.0,0.0,0.0,0.0,udp,0.0,,cs0,,249.0,,7.0,,Start,1,1,0,74,74,0,74.0,0.0,0.0,0.0,0.0,0,0,0,0.0,,,0.0,0.0,0.0,INT,,,610.0,,0.0,0.0,0.0,0
648134,0.0,0.0,0.0,0.0,0.0,0.0,udp,0.0,,cs0,,249.0,,7.0,,Start,1,1,0,74,74,0,74.0,0.0,0.0,0.0,0.0,0,0,0,0.0,,,0.0,0.0,0.0,INT,,,610.0,,0.0,0.0,0.0,0
648141,0.0,0.0,0.0,0.0,0.0,0.0,udp,0.0,,cs0,,249.0,,7.0,,Start,1,1,0,74,74,0,74.0,0.0,0.0,0.0,0.0,0,0,0,0.0,,,0.0,0.0,0.0,INT,,,610.0,,0.0,0.0,0.0,0
648156,0.0,0.0,0.0,0.0,0.0,0.0,udp,0.0,,cs0,,249.0,,7.0,,Start,1,1,0,74,74,0,74.0,0.0,0.0,0.0,0.0,0,0,0,0.0,,,0.0,0.0,0.0,INT,,,610.0,,0.0,0.0,0.0,0
648163,0.0,0.0,0.0,0.0,0.0,0.0,udp,0.0,,cs0,,249.0,,7.0,,Start,1,1,0,74,74,0,74.0,0.0,0.0,0.0,0.0,0,0,0,0.0,,,0.0,0.0,0.0,INT,,,610.0,,0.0,0.0,0.0,0
648198,0.0,0.0,0.0,0.0,0.0,0.0,udp,0.0,,cs0,,249.0,,7.0,,Start,1,1,0,74,74,0,74.0,0.0,0.0,0.0,0.0,0,0,0,0.0,,,0.0,0.0,0.0,INT,,,610.0,,0.0,0.0,0.0,0
648268,0.0,0.0,0.0,0.0,0.0,0.0,udp,0.0,,cs0,,249.0,,7.0,,Start,1,1,0,74,74,0,74.0,0.0,0.0,0.0,0.0,0,0,0,0.0,,,0.0,0.0,0.0,INT,,,610.0,,0.0,0.0,0.0,0
648316,0.0,0.0,0.0,0.0,0.0,0.0,udp,0.0,,cs0,,249.0,,7.0,,Start,1,1,0,74,74,0,74.0,0.0,0.0,0.0,0.0,0,0,0,0.0,,,0.0,0.0,0.0,INT,,,610.0,,0.0,0.0,0.0,0
648374,0.0,0.0,0.0,0.0,0.0,0.0,udp,0.0,,cs0,,249.0,,7.0,,Start,1,1,0,74,74,0,74.0,0.0,0.0,0.0,0.0,0,0,0,0.0,,,0.0,0.0,0.0,INT,,,610.0,,0.0,0.0,0.0,0
648471,0.0,0.0,0.0,0.0,0.0,0.0,udp,0.0,,cs0,,249.0,,7.0,,Start,1,1,0,74,74,0,74.0,0.0,0.0,0.0,0.0,0,0,0,0.0,,,0.0,0.0,0.0,INT,,,610.0,,0.0,0.0,0.0,0
648535,0.0,0.0,0.0,0.0,0.0,0.0,udp,0.0,,cs0,,249.0,,7.0,,Start,1,1,0,74,74,0,74.0,0.0,0.0,0.0,0.0,0,0,0,0.0,,,0.0,0.0,0.0,INT,,,610.0,,0.0,0.0,0.0,0
648545,0.0,0.0,0.0,0.0,0.0,0.0,udp,0.0,,cs0,,249.0,,7.0,,Start,1,1,0,74,74,0,74.0,0.0,0.0,0.0,0.0,0,0,0,0.0,,,0.0,0.0,0.0,INT,,,610.0,,0.0,0.0,0.0,0
648571,0.0,0.0,0.0,0.0,0.0,0.0,udp,0.0,,cs0,,249.0,,7.0,,Start,1,1,0,74,74,0,74.0,0.0,0.0,0.0,0.0,0,0,0,0.0,,,0.0,0.0,0.0,INT,,,610.0,,0.0,0.0,0.0,0
648594,0.0,0.0,0.0,0.0,0.0,0.0,udp,0.0,,cs0,,249.0,,7.0,,Start,1,1,0,74,74,0,74.0,0.0,0.0,0.0,0.0,0,0,0,0.0,,,0.0,0.0,0.0,INT,,,610.0,,0.0,0.0,0.0,0
648598,0.0,0.0,0.0,0.0,0.0,0.0,udp,0.0,,cs0,,249.0,,7.0,,Start,1,1,0,74,74,0,74.0,0.0,0.0,0.0,0.0,0,0,0,0.0,,,0.0,0.0,0.0,INT,,,610.0,,0.0,0.0,0.0,0
648637,0.0,0.0,0.0,0.0,0.0,0.0,udp,0.0,,cs0,,249.0,,7.0,,Start,1,1,0,74,74,0,74.0,0.0,0.0,0.0,0.0,0,0,0,0.0,,,0.0,0.0,0.0,INT,,,610.0,,0.0,0.0,0.0,0
648719,0.0,0.0,0.0,0.0,0.0,0.0,udp,0.0,,cs0,,249.0,,7.0,,Start,1,1,0,74,74,0,74.0,0.0,0.0,0.0,0.0,0,0,0,0.0,,,0.0,0.0,0.0,INT,,,610.0,,0.0,0.0,0.0,0
648758,0.0,0.0,0.0,0.0,0.0,0.0,sctp,186.0,186.0,ef,ef,252.0,255.0,4.0,1.0,Status,2,1,1,192,98,94,98.0,94.0,0.0,0.0,0.0,0,0,0,0.0,,,0.0,0.0,0.0,CON,,,610.0,,0.0,0.0,0.0,0
648815,4.377725,4.377725,4.377725,4.377725,4.377725,4.377725,udp,0.0,,cs0,,249.0,,7.0,,Start,2,2,0,148,148,0,74.0,0.0,135.230057,135.230057,0.0,0,0,0,0.0,,,0.228429,0.228429,0.0,INT,,,610.0,,0.0,0.0,0.0,0
648911,4.258336,4.258336,4.258336,4.258336,4.258336,4.258336,udp,0.0,,cs0,,249.0,,7.0,,Start,2,2,0,148,148,0,74.0,0.0,139.021439,139.021439,0.0,0,0,0,0.0,,,0.234834,0.234834,0.0,INT,,,610.0,,0.0,0.0,0.0,0
648956,4.156959,4.156959,4.156959,4.156959,4.156959,4.156959,udp,0.0,,cs0,,249.0,,7.0,,Start,2,2,0,148,148,0,74.0,0.0,142.411789,142.411789,0.0,0,0,0,0.0,,,0.24056,0.24056,0.0,INT,,,610.0,,0.0,0.0,0.0,0
649012,0.0,0.0,0.0,0.0,0.0,0.0,udp,0.0,,cs0,,249.0,,7.0,,Start,1,1,0,74,74,0,74.0,0.0,0.0,0.0,0.0,0,0,0,0.0,,,0.0,0.0,0.0,INT,,,610.0,,0.0,0.0,0.0,0
649061,4.359287,4.359287,4.359287,4.359287,4.359287,4.359287,udp,0.0,,cs0,,249.0,,7.0,,Start,2,2,0,148,148,0,74.0,0.0,135.802032,135.802032,0.0,0,0,0,0.0,,,0.229395,0.229395,0.0,INT,,,610.0,,0.0,0.0,0.0,0
649114,4.46356,4.46356,4.46356,4.46356,4.46356,4.46356,udp,0.0,,cs0,,249.0,,7.0,,Start,2,2,0,148,148,0,74.0,0.0,132.629562,132.629562,0.0,0,0,0,0.0,,,0.224036,0.224036,0.0,INT,,,610.0,,0.0,0.0,0.0,0
649296,4.18548,4.18548,4.18548,4.18548,4.18548,4.18548,udp,0.0,,cs0,,249.0,,7.0,,Start,2,2,0,148,148,0,74.0,0.0,141.44136,141.44136,0.0,0,0,0,0.0,,,0.238921,0.238921,0.0,INT,,,610.0,,0.0,0.0,0.0,0
649323,4.272806,4.272806,4.272806,4.272806,4.272806,4.272806,udp,0.0,,cs0,,249.0,,7.0,,Start,2,2,0,148,148,0,74.0,0.0,138.550629,138.550629,0.0,0,0,0,0.0,,,0.234038,0.234038,0.0,INT,,,610.0,,0.0,0.0,0.0,0
649341,4.560444,4.560444,4.560444,4.560444,4.560444,4.560444,udp,0.0,,cs0,,249.0,,7.0,,Start,2,2,0,148,148,0,74.0,0.0,129.81192,129.81192,0.0,0,0,0,0.0,,,0.219277,0.219277,0.0,INT,,,610.0,,0.0,0.0,0.0,0
649363,4.242742,4.242742,4.242742,4.242742,4.242742,4.242742,udp,0.0,,cs0,,249.0,,7.0,,Start,2,2,0,148,148,0,74.0,0.0,139.53241,139.53241,0.0,0,0,0,0.0,,,0.235697,0.235697,0.0,INT,,,610.0,,0.0,0.0,0.0,0
649405,4.45242,4.45242,4.45242,4.45242,4.45242,4.45242,udp,0.0,,cs0,,249.0,,7.0,,Start,2,2,0,148,148,0,74.0,0.0,132.961395,132.961395,0.0,0,0,0,0.0,,,0.224597,0.224597,0.0,INT,,,610.0,,0.0,0.0,0.0,0
649415,4.466285,4.466285,4.466285,4.466285,4.466285,4.466285,udp,0.0,,cs0,,249.0,,7.0,,Start,2,2,0,148,148,0,74.0,0.0,132.54863,132.54863,0.0,0,0,0,0.0,,,0.2239,0.2239,0.0,INT,,,610.0,,0.0,0.0,0.0,0
649421,4.182012,4.182012,4.182012,4.182012,4.182012,4.182012,udp,0.0,,cs0,,249.0,,7.0,,Start,2,2,0,148,148,0,74.0,0.0,141.558655,141.558655,0.0,0,0,0,0.0,,,0.239119,0.239119,0.0,INT,,,610.0,,0.0,0.0,0.0,0
649509,4.514759,4.514759,4.514759,4.514759,4.514759,4.514759,udp,0.0,,cs0,,249.0,,7.0,,Start,2,2,0,148,148,0,74.0,0.0,131.125488,131.125488,0.0,0,0,0,0.0,,,0.221496,0.221496,0.0,INT,,,610.0,,0.0,0.0,0.0,0
649520,4.501405,4.501405,4.501405,4.501405,4.501405,4.501405,udp,0.0,,cs0,,249.0,,7.0,,Start,2,2,0,148,148,0,74.0,0.0,131.514496,131.514496,0.0,0,0,0,0.0,,,0.222153,0.222153,0.0,INT,,,610.0,,0.0,0.0,0.0,0
649594,4.202064,4.202064,4.202064,4.202064,4.202064,4.202064,udp,0.0,,cs0,,249.0,,7.0,,Start,2,2,0,148,148,0,74.0,0.0,140.883148,140.883148,0.0,0,0,0,0.0,,,0.237978,0.237978,0.0,INT,,,610.0,,0.0,0.0,0.0,0
649606,4.229895,4.229895,4.229895,4.229895,4.229895,4.229895,udp,0.0,,cs0,,249.0,,7.0,,Start,2,2,0,148,148,0,74.0,0.0,139.956192,139.956192,0.0,0,0,0,0.0,,,0.236412,0.236412,0.0,INT,,,610.0,,0.0,0.0,0.0,0
649628,4.361643,4.361643,4.361643,4.361643,4.361643,4.361643,udp,0.0,,cs0,,249.0,,7.0,,Start,2,2,0,148,148,0,74.0,0.0,135.728668,135.728668,0.0,0,0,0,0.0,,,0.229271,0.229271,0.0,INT,,,610.0,,0.0,0.0,0.0,0
649666,4.122263,4.122263,4.122263,4.122263,4.122263,4.122263,udp,0.0,,cs0,,249.0,,7.0,,Start,2,2,0,148,148,0,74.0,0.0,143.610443,143.610443,0.0,0,0,0,0.0,,,0.242585,0.242585,0.0,INT,,,610.0,,0.0,0.0,0.0,0
649712,4.17549,4.17549,4.17549,4.17549,4.17549,4.17549,udp,0.0,,cs0,,249.0,,7.0,,Start,2,2,0,148,148,0,74.0,0.0,141.77977,141.77977,0.0,0,0,0,0.0,,,0.239493,0.239493,0.0,INT,,,610.0,,0.0,0.0,0.0,0
649784,4.279798,4.279798,4.279798,4.279798,4.279798,4.279798,udp,0.0,,cs0,,249.0,,7.0,,Start,2,2,0,148,148,0,74.0,0.0,138.32428,138.32428,0.0,0,0,0,0.0,,,0.233656,0.233656,0.0,INT,,,610.0,,0.0,0.0,0.0,0
649792,4.188966,4.188966,4.188966,4.188966,4.188966,4.188966,udp,0.0,,cs0,,249.0,,7.0,,Start,2,2,0,148,148,0,74.0,0.0,141.323669,141.323669,0.0,0,0,0,0.0,,,0.238722,0.238722,0.0,INT,,,610.0,,0.0,0.0,0.0,0
650041,4.167589,4.167589,4.167589,4.167589,4.167589,4.167589,udp,0.0,,cs0,,249.0,,7.0,,Start,2,2,0,148,148,0,74.0,0.0,142.048553,142.048553,0.0,0,0,0,0.0,,,0.239947,0.239947,0.0,INT,,,610.0,,0.0,0.0,0.0,0
650048,4.481937,4.481937,4.481937,4.481937,4.481937,4.481937,udp,0.0,,cs0,,249.0,,7.0,,Start,2,2,0,148,148,0,74.0,0.0,132.085754,132.085754,0.0,0,0,0,0.0,,,0.223118,0.223118,0.0,INT,,,610.0,,0.0,0.0,0.0,0
650050,3.997683,3.997683,3.997683,3.997683,3.997683,3.997683,udp,0.0,,cs0,,249.0,,7.0,,Start,2,2,0,148,148,0,74.0,0.0,148.08577,148.08577,0.0,0,0,0,0.0,,,0.250145,0.250145,0.0,INT,,,610.0,,0.0,0.0,0.0,0
650064,4.067762,4.067762,4.067762,4.067762,4.067762,4.067762,udp,0.0,,cs0,,249.0,,7.0,,Start,2,2,0,148,148,0,74.0,0.0,145.534576,145.534576,0.0,0,0,0,0.0,,,0.245835,0.245835,0.0,INT,,,610.0,,0.0,0.0,0.0,0
650068,4.071064,4.071064,4.071064,4.071064,4.071064,4.071064,udp,0.0,,cs0,,249.0,,7.0,,Start,2,2,0,148,148,0,74.0,0.0,145.416534,145.416534,0.0,0,0,0,0.0,,,0.245636,0.245636,0.0,INT,,,610.0,,0.0,0.0,0.0,0
650072,4.138104,4.138104,4.138104,4.138104,4.138104,4.138104,udp,0.0,,cs0,,249.0,,7.0,,Start,2,2,0,148,148,0,74.0,0.0,143.060684,143.060684,0.0,0,0,0,0.0,,,0.241657,0.241657,0.0,INT,,,610.0,,0.0,0.0,0.0,0
650093,0.0,0.0,0.0,0.0,0.0,0.0,udp,0.0,,cs0,,249.0,,7.0,,Start,1,1,0,74,74,0,74.0,0.0,0.0,0.0,0.0,0,0,0,0.0,,,0.0,0.0,0.0,INT,,,610.0,,0.0,0.0,0.0,0
650114,4.015896,4.015896,4.015896,4.015896,4.015896,4.015896,udp,0.0,,cs0,,249.0,,7.0,,Start,2,2,0,148,148,0,74.0,0.0,147.414185,147.414185,0.0,0,0,0,0.0,,,0.24901,0.24901,0.0,INT,,,610.0,,0.0,0.0,0.0,0
650171,4.087448,4.087448,4.087448,4.087448,4.087448,4.087448,udp,0.0,,cs0,,249.0,,7.0,,Start,2,2,0,148,148,0,74.0,0.0,144.833649,144.833649,0.0,0,0,0,0.0,,,0.244651,0.244651,0.0,INT,,,610.0,,0.0,0.0,0.0,0
650175,4.197651,4.197651,4.197651,4.197651,4.197651,4.197651,udp,0.0,,cs0,,249.0,,7.0,,Start,2,2,0,148,148,0,74.0,0.0,141.031265,141.031265,0.0,0,0,0,0.0,,,0.238228,0.238228,0.0,INT,,,610.0,,0.0,0.0,0.0,0
650261,4.350426,4.350426,4.350426,4.350426,4.350426,4.350426,udp,0.0,,cs0,,249.0,,7.0,,Start,2,2,0,148,148,0,74.0,0.0,136.078629,136.078629,0.0,0,0,0,0.0,,,0.229863,0.229863,0.0,INT,,,610.0,,0.0,0.0,0.0,0
650305,4.189225,4.189225,4.189225,4.189225,4.189225,4.189225,udp,0.0,,cs0,,249.0,,7.0,,Start,2,2,0,148,148,0,74.0,0.0,141.314911,141.314911,0.0,0,0,0,0.0,,,0.238708,0.238708,0.0,INT,,,610.0,,0.0,0.0,0.0,0
650306,4.03583,4.03583,4.03583,4.03583,4.03583,4.03583,udp,0.0,,cs0,,249.0,,7.0,,Start,2,2,0,148,148,0,74.0,0.0,146.686066,146.686066,0.0,0,0,0,0.0,,,0.247781,0.247781,0.0,INT,,,610.0,,0.0,0.0,0.0,0
650379,4.148346,4.148346,4.148346,4.148346,4.148346,4.148346,udp,0.0,,cs0,,249.0,,7.0,,Start,2,2,0,148,148,0,74.0,0.0,142.707474,142.707474,0.0,0,0,0,0.0,,,0.24106,0.24106,0.0,INT,,,610.0,,0.0,0.0,0.0,0
650488,4.450093,4.450093,4.450093,4.450093,4.450093,4.450093,udp,0.0,,cs0,,249.0,,7.0,,Start,2,2,0,148,148,0,74.0,0.0,133.03093,133.03093,0.0,0,0,0,0.0,,,0.224714,0.224714,0.0,INT,,,610.0,,0.0,0.0,0.0,0
650521,4.396124,4.396124,4.396124,4.396124,4.396124,4.396124,udp,0.0,,cs0,,249.0,,7.0,,Start,2,2,0,148,148,0,74.0,0.0,134.664078,134.664078,0.0,0,0,0,0.0,,,0.227473,0.227473,0.0,INT,,,610.0,,0.0,0.0,0.0,0
650538,4.811531,4.811531,4.811531,4.811531,4.811531,4.811531,udp,0.0,,cs0,,249.0,,7.0,,Start,2,2,0,148,148,0,74.0,0.0,123.037758,123.037758,0.0,0,0,0,0.0,,,0.207834,0.207834,0.0,INT,,,610.0,,0.0,0.0,0.0,0
650546,4.703421,4.703421,4.703421,4.703421,4.703421,4.703421,udp,0.0,,cs0,,249.0,,7.0,,Start,2,2,0,148,148,0,74.0,0.0,125.865829,125.865829,0.0,0,0,0,0.0,,,0.212611,0.212611,0.0,INT,,,610.0,,0.0,0.0,0.0,0
650666,0.0,0.0,0.0,0.0,0.0,0.0,udp,0.0,,cs0,,249.0,,7.0,,Start,1,1,0,74,74,0,74.0,0.0,0.0,0.0,0.0,0,0,0,0.0,,,0.0,0.0,0.0,INT,,,610.0,,0.0,0.0,0.0,0
650732,0.0,0.0,0.0,0.0,0.0,0.0,udp,0.0,,cs0,,249.0,,7.0,,Start,1,1,0,74,74,0,74.0,0.0,0.0,0.0,0.0,0,0,0,0.0,,,0.0,0.0,0.0,INT,,,610.0,,0.0,0.0,0.0,0
650738,0.0,0.0,0.0,0.0,0.0,0.0,udp,0.0,,cs0,,249.0,,7.0,,Start,1,1,0,74,74,0,74.0,0.0,0.0,0.0,0.0,0,0,0,0.0,,,0.0,0.0,0.0,INT,,,610.0,,0.0,0.0,0.0,0
650750,0.0,0.0,0.0,0.0,0.0,0.0,udp,0.0,,cs0,,249.0,,7.0,,Start,1,1,0,74,74,0,74.0,0.0,0.0,0.0,0.0,0,0,0,0.0,,,0.0,0.0,0.0,INT,,,610.0,,0.0,0.0,0.0,0
650764,0.0,0.0,0.0,0.0,0.0,0.0,udp,0.0,,cs0,,249.0,,7.0,,Start,1,1,0,74,74,0,74.0,0.0,0.0,0.0,0.0,0,0,0,0.0,,,0.0,0.0,0.0,INT,,,610.0,,0.0,0.0,0.0,0
650798,0.0,0.0,0.0,0.0,0.0,0.0,udp,0.0,,cs0,,249.0,,7.0,,Start,1,1,0,74,74,0,74.0,0.0,0.0,0.0,0.0,0,0,0,0.0,,,0.0,0.0,0.0,INT,,,610.0,,0.0,0.0,0.0,0
650840,0.0,0.0,0.0,0.0,0.0,0.0,udp,0.0,,cs0,,249.0,,7.0,,Start,1,1,0,74,74,0,74.0,0.0,0.0,0.0,0.0,0,0,0,0.0,,,0.0,0.0,0.0,INT,,,610.0,,0.0,0.0,0.0,0
650873,0.0,0.0,0.0,0.0,0.0,0.0,udp,0.0,,cs0,,249.0,,7.0,,Start,1,1,0,74,74,0,74.0,0.0,0.0,0.0,0.0,0,0,0,0.0,,,0.0,0.0,0.0,INT,,,610.0,,0.0,0.0,0.0,0
650929,0.0,0.0,0.0,0.0,0.0,0.0,udp,0.0,,cs0,,249.0,,7.0,,Start,1,1,0,74,74,0,74.0,0.0,0.0,0.0,0.0,0,0,0,0.0,,,0.0,0.0,0.0,INT,,,610.0,,0.0,0.0,0.0,0
650931,0.0,0.0,0.0,0.0,0.0,0.0,udp,0.0,,cs0,,249.0,,7.0,,Start,1,1,0,74,74,0,74.0,0.0,0.0,0.0,0.0,0,0,0,0.0,,,0.0,0.0,0.0,INT,,,610.0,,0.0,0.0,0.0,0
650945,0.0,0.0,0.0,0.0,0.0,0.0,udp,0.0,,cs0,,249.0,,7.0,,Start,1,1,0,74,74,0,74.0,0.0,0.0,0.0,0.0,0,0,0,0.0,,,0.0,0.0,0.0,INT,,,610.0,,0.0,0.0,0.0,0
650953,0.0,0.0,0.0,0.0,0.0,0.0,udp,0.0,,cs0,,249.0,,7.0,,Start,1,1,0,74,74,0,74.0,0.0,0.0,0.0,0.0,0,0,0,0.0,,,0.0,0.0,0.0,INT,,,610.0,,0.0,0.0,0.0,0
651004,0.0,0.0,0.0,0.0,0.0,0.0,udp,0.0,,cs0,,249.0,,7.0,,Start,1,1,0,74,74,0,74.0,0.0,0.0,0.0,0.0,0,0,0,0.0,,,0.0,0.0,0.0,INT,,,610.0,,0.0,0.0,0.0,0
651013,0.0,0.0,0.0,0.0,0.0,0.0,udp,0.0,,cs0,,249.0,,7.0,,Start,1,1,0,74,74,0,74.0,0.0,0.0,0.0,0.0,0,0,0,0.0,,,0.0,0.0,0.0,INT,,,610.0,,0.0,0.0,0.0,0
651056,0.0,0.0,0.0,0.0,0.0,0.0,udp,0.0,,cs0,,249.0,,7.0,,Start,1,1,0,74,74,0,74.0,0.0,0.0,0.0,0.0,0,0,0,0.0,,,0.0,0.0,0.0,INT,,,610.0,,0.0,0.0,0.0,0
651139,0.0,0.0,0.0,0.0,0.0,0.0,udp,0.0,,cs0,,249.0,,7.0,,Start,1,1,0,74,74,0,74.0,0.0,0.0,0.0,0.0,0,0,0,0.0,,,0.0,0.0,0.0,INT,,,610.0,,0.0,0.0,0.0,0
651146,0.0,0.0,0.0,0.0,0.0,0.0,udp,0.0,,cs0,,249.0,,7.0,,Start,1,1,0,74,74,0,74.0,0.0,0.0,0.0,0.0,0,0,0,0.0,,,0.0,0.0,0.0,INT,,,610.0,,0.0,0.0,0.0,0
651151,0.0,0.0,0.0,0.0,0.0,0.0,udp,0.0,,cs0,,249.0,,7.0,,Start,1,1,0,74,74,0,74.0,0.0,0.0,0.0,0.0,0,0,0,0.0,,,0.0,0.0,0.0,INT,,,610.0,,0.0,0.0,0.0,0
651157,0.0,0.0,0.0,0.0,0.0,0.0,udp,0.0,,cs0,,249.0,,7.0,,Start,1,1,0,74,74,0,74.0,0.0,0.0,0.0,0.0,0,0,0,0.0,,,0.0,0.0,0.0,INT,,,610.0,,0.0,0.0,0.0,0
651172,0.0,0.0,0.0,0.0,0.0,0.0,udp,0.0,,cs0,,249.0,,7.0,,Start,1,1,0,74,74,0,74.0,0.0,0.0,0.0,0.0,0,0,0,0.0,,,0.0,0.0,0.0,INT,,,610.0,,0.0,0.0,0.0,0
651233,0.0,0.0,0.0,0.0,0.0,0.0,udp,0.0,,cs0,,249.0,,7.0,,Start,1,1,0,74,74,0,74.0,0.0,0.0,0.0,0.0,0,0,0,0.0,,,0.0,0.0,0.0,INT,,,610.0,,0.0,0.0,0.0,0
651259,0.0,0.0,0.0,0.0,0.0,0.0,udp,0.0,,cs0,,249.0,,7.0,,Start,1,1,0,74,74,0,74.0,0.0,0.0,0.0,0.0,0,0,0,0.0,,,0.0,0.0,0.0,INT,,,610.0,,0.0,0.0,0.0,0
651281,0.0,0.0,0.0,0.0,0.0,0.0,udp,0.0,,cs0,,249.0,,7.0,,Start,1,1,0,74,74,0,74.0,0.0,0.0,0.0,0.0,0,0,0,0.0,,,0.0,0.0,0.0,INT,,,610.0,,0.0,0.0,0.0,0
651427,0.0,0.0,0.0,0.0,0.0,0.0,udp,0.0,,cs0,,249.0,,7.0,,Start,1,1,0,74,74,0,74.0,0.0,0.0,0.0,0.0,0,0,0,0.0,,,0.0,0.0,0.0,INT,,,610.0,,0.0,0.0,0.0,0
651520,0.0,0.0,0.0,0.0,0.0,0.0,udp,0.0,,cs0,,249.0,,7.0,,Start,1,1,0,74,74,0,74.0,0.0,0.0,0.0,0.0,0,0,0,0.0,,,0.0,0.0,0.0,INT,,,610.0,,0.0,0.0,0.0,0
651532,0.0,0.0,0.0,0.0,0.0,0.0,udp,0.0,,cs0,,249.0,,7.0,,Start,1,1,0,74,74,0,74.0,0.0,0.0,0.0,0.0,0,0,0,0.0,,,0.0,0.0,0.0,INT,,,610.0,,0.0,0.0,0.0,0
651822,0.0,0.0,0.0,0.0,0.0,0.0,udp,0.0,,cs0,,249.0,,7.0,,Start,1,1,0,74,74,0,74.0,0.0,0.0,0.0,0.0,0,0,0,0.0,,,0.0,0.0,0.0,INT,,,610.0,,0.0,0.0,0.0,0
651846,0.0,0.0,0.0,0.0,0.0,0.0,udp,0.0,,cs0,,249.0,,7.0,,Start,1,1,0,74,74,0,74.0,0.0,0.0,0.0,0.0,0,0,0,0.0,,,0.0,0.0,0.0,INT,,,610.0,,0.0,0.0,0.0,0
651899,0.0,0.0,0.0,0.0,0.0,0.0,udp,0.0,,cs0,,249.0,,7.0,,Start,1,1,0,74,74,0,74.0,0.0,0.0,0.0,0.0,0,0,0,0.0,,,0.0,0.0,0.0,INT,,,610.0,,0.0,0.0,0.0,0
651902,0.0,0.0,0.0,0.0,0.0,0.0,udp,0.0,,cs0,,249.0,,7.0,,Start,1,1,0,74,74,0,74.0,0.0,0.0,0.0,0.0,0,0,0,0.0,,,0.0,0.0,0.0,INT,,,610.0,,0.0,0.0,0.0,0
651925,0.0,0.0,0.0,0.0,0.0,0.0,udp,0.0,,cs0,,249.0,,7.0,,Start,1,1,0,74,74,0,74.0,0.0,0.0,0.0,0.0,0,0,0,0.0,,,0.0,0.0,0.0,INT,,,610.0,,0.0,0.0,0.0,0
652009,0.0,0.0,0.0,0.0,0.0,0.0,udp,0.0,,cs0,,249.0,,7.0,,Start,1,1,0,74,74,0,74.0,0.0,0.0,0.0,0.0,0,0,0,0.0,,,0.0,0.0,0.0,INT,,,610.0,,0.0,0.0,0.0,0
652033,0.0,0.0,0.0,0.0,0.0,0.0,udp,0.0,,cs0,,249.0,,7.0,,Start,1,1,0,74,74,0,74.0,0.0,0.0,0.0,0.0,0,0,0,0.0,,,0.0,0.0,0.0,INT,,,610.0,,0.0,0.0,0.0,0
652109,0.091922,0.091922,0.091922,0.091922,0.091922,0.091922,udp,0.0,0.0,cs0,cs0,64.0,117.0,0.0,11.0,Start,11,6,5,6778,3628,3150,604.666687,630.0,482496.0313,263179.6563,219316.375,0,0,0,0.0,,,108.787888,54.393944,43.515156,CON,,,,,0.0,0.0,0.0,0
652186,0.0,0.0,0.0,0.0,0.0,0.0,sctp,186.0,40.0,ef,af11,255.0,250.0,1.0,6.0,Status,2,1,1,232,114,118,114.0,118.0,0.0,0.0,0.0,0,0,0,0.0,,,0.0,0.0,0.0,CON,,,,610.0,0.0,0.0,0.0,0
652210,0.067957,0.067957,0.067957,0.067957,0.067957,0.067957,udp,0.0,0.0,cs0,cs0,64.0,117.0,0.0,11.0,Status,6,3,3,730,530,200,176.666672,66.666664,57448.09375,41673.41016,15774.68164,0,0,0,0.0,,,73.575935,29.430376,29.430376,CON,,,,,0.0,0.0,0.0,0
652324,0.0,0.0,0.0,0.0,0.0,0.0,udp,0.0,,cs0,,249.0,,7.0,,Start,1,1,0,74,74,0,74.0,0.0,0.0,0.0,0.0,0,0,0,0.0,,,0.0,0.0,0.0,INT,,,610.0,,0.0,0.0,0.0,0
652441,0.0,0.0,0.0,0.0,0.0,0.0,udp,0.0,,cs0,,249.0,,7.0,,Start,1,1,0,74,74,0,74.0,0.0,0.0,0.0,0.0,0,0,0,0.0,,,0.0,0.0,0.0,INT,,,610.0,,0.0,0.0,0.0,0
652487,0.0,0.0,0.0,0.0,0.0,0.0,udp,0.0,,cs0,,249.0,,7.0,,Start,1,1,0,74,74,0,74.0,0.0,0.0,0.0,0.0,0,0,0,0.0,,,0.0,0.0,0.0,INT,,,610.0,,0.0,0.0,0.0,0
652522,0.0,0.0,0.0,0.0,0.0,0.0,udp,0.0,,cs0,,249.0,,7.0,,Start,1,1,0,74,74,0,74.0,0.0,0.0,0.0,0.0,0,0,0,0.0,,,0.0,0.0,0.0,INT,,,610.0,,0.0,0.0,0.0,0
652524,0.0,0.0,0.0,0.0,0.0,0.0,udp,0.0,,cs0,,249.0,,7.0,,Start,1,1,0,74,74,0,74.0,0.0,0.0,0.0,0.0,0,0,0,0.0,,,0.0,0.0,0.0,INT,,,610.0,,0.0,0.0,0.0,0
652597,0.0,0.0,0.0,0.0,0.0,0.0,udp,0.0,,cs0,,249.0,,7.0,,Start,1,1,0,74,74,0,74.0,0.0,0.0,0.0,0.0,0,0,0,0.0,,,0.0,0.0,0.0,INT,,,610.0,,0.0,0.0,0.0,0
652606,0.0,0.0,0.0,0.0,0.0,0.0,udp,0.0,,cs0,,249.0,,7.0,,Start,1,1,0,74,74,0,74.0,0.0,0.0,0.0,0.0,0,0,0,0.0,,,0.0,0.0,0.0,INT,,,610.0,,0.0,0.0,0.0,0
652672,0.0,0.0,0.0,0.0,0.0,0.0,udp,0.0,,cs0,,249.0,,7.0,,Start,1,1,0,74,74,0,74.0,0.0,0.0,0.0,0.0,0,0,0,0.0,,,0.0,0.0,0.0,INT,,,610.0,,0.0,0.0,0.0,0
652733,0.0,0.0,0.0,0.0,0.0,0.0,udp,0.0,,cs0,,249.0,,7.0,,Start,1,1,0,74,74,0,74.0,0.0,0.0,0.0,0.0,0,0,0,0.0,,,0.0,0.0,0.0,INT,,,610.0,,0.0,0.0,0.0,0
652885,0.0,0.0,0.0,0.0,0.0,0.0,udp,0.0,,cs0,,249.0,,7.0,,Start,1,1,0,74,74,0,74.0,0.0,0.0,0.0,0.0,0,0,0,0.0,,,0.0,0.0,0.0,INT,,,610.0,,0.0,0.0,0.0,0
652913,0.0,0.0,0.0,0.0,0.0,0.0,udp,0.0,,cs0,,249.0,,7.0,,Start,1,1,0,74,74,0,74.0,0.0,0.0,0.0,0.0,0,0,0,0.0,,,0.0,0.0,0.0,INT,,,610.0,,0.0,0.0,0.0,0
653007,0.0,0.0,0.0,0.0,0.0,0.0,udp,0.0,,cs0,,249.0,,7.0,,Start,1,1,0,74,74,0,74.0,0.0,0.0,0.0,0.0,0,0,0,0.0,,,0.0,0.0,0.0,INT,,,610.0,,0.0,0.0,0.0,0
653047,0.0,0.0,0.0,0.0,0.0,0.0,udp,0.0,,cs0,,249.0,,7.0,,Start,1,1,0,74,74,0,74.0,0.0,0.0,0.0,0.0,0,0,0,0.0,,,0.0,0.0,0.0,INT,,,610.0,,0.0,0.0,0.0,0
653070,0.0,0.0,0.0,0.0,0.0,0.0,udp,0.0,,cs0,,249.0,,7.0,,Start,1,1,0,74,74,0,74.0,0.0,0.0,0.0,0.0,0,0,0,0.0,,,0.0,0.0,0.0,INT,,,610.0,,0.0,0.0,0.0,0
653135,0.0,0.0,0.0,0.0,0.0,0.0,udp,0.0,,cs0,,249.0,,7.0,,Start,1,1,0,74,74,0,74.0,0.0,0.0,0.0,0.0,0,0,0,0.0,,,0.0,0.0,0.0,INT,,,610.0,,0.0,0.0,0.0,0
653278,0.0,0.0,0.0,0.0,0.0,0.0,udp,0.0,,cs0,,249.0,,7.0,,Start,1,1,0,74,74,0,74.0,0.0,0.0,0.0,0.0,0,0,0,0.0,,,0.0,0.0,0.0,INT,,,610.0,,0.0,0.0,0.0,0
653282,0.0,0.0,0.0,0.0,0.0,0.0,udp,0.0,,cs0,,249.0,,7.0,,Start,1,1,0,74,74,0,74.0,0.0,0.0,0.0,0.0,0,0,0,0.0,,,0.0,0.0,0.0,INT,,,610.0,,0.0,0.0,0.0,0
653290,0.0,0.0,0.0,0.0,0.0,0.0,udp,0.0,,cs0,,249.0,,7.0,,Start,1,1,0,74,74,0,74.0,0.0,0.0,0.0,0.0,0,0,0,0.0,,,0.0,0.0,0.0,INT,,,610.0,,0.0,0.0,0.0,0
653309,0.0,0.0,0.0,0.0,0.0,0.0,udp,0.0,,cs0,,249.0,,7.0,,Start,1,1,0,74,74,0,74.0,0.0,0.0,0.0,0.0,0,0,0,0.0,,,0.0,0.0,0.0,INT,,,610.0,,0.0,0.0,0.0,0
653315,0.0,0.0,0.0,0.0,0.0,0.0,udp,0.0,,cs0,,249.0,,7.0,,Start,1,1,0,74,74,0,74.0,0.0,0.0,0.0,0.0,0,0,0,0.0,,,0.0,0.0,0.0,INT,,,610.0,,0.0,0.0,0.0,0
653320,0.0,0.0,0.0,0.0,0.0,0.0,udp,0.0,,cs0,,249.0,,7.0,,Start,1,1,0,74,74,0,74.0,0.0,0.0,0.0,0.0,0,0,0,0.0,,,0.0,0.0,0.0,INT,,,610.0,,0.0,0.0,0.0,0
653397,0.0,0.0,0.0,0.0,0.0,0.0,udp,0.0,,cs0,,249.0,,7.0,,Start,1,1,0,74,74,0,74.0,0.0,0.0,0.0,0.0,0,0,0,0.0,,,0.0,0.0,0.0,INT,,,610.0,,0.0,0.0,0.0,0
653449,0.0,0.0,0.0,0.0,0.0,0.0,udp,0.0,,cs0,,249.0,,7.0,,Start,1,1,0,74,74,0,74.0,0.0,0.0,0.0,0.0,0,0,0,0.0,,,0.0,0.0,0.0,INT,,,610.0,,0.0,0.0,0.0,0
653450,0.0,0.0,0.0,0.0,0.0,0.0,udp,0.0,,cs0,,249.0,,7.0,,Start,1,1,0,74,74,0,74.0,0.0,0.0,0.0,0.0,0,0,0,0.0,,,0.0,0.0,0.0,INT,,,610.0,,0.0,0.0,0.0,0
653544,0.0,0.0,0.0,0.0,0.0,0.0,udp,0.0,,cs0,,249.0,,7.0,,Start,1,1,0,74,74,0,74.0,0.0,0.0,0.0,0.0,0,0,0,0.0,,,0.0,0.0,0.0,INT,,,610.0,,0.0,0.0,0.0,0
653547,0.0,0.0,0.0,0.0,0.0,0.0,udp,0.0,,cs0,,249.0,,7.0,,Start,1,1,0,74,74,0,74.0,0.0,0.0,0.0,0.0,0,0,0,0.0,,,0.0,0.0,0.0,INT,,,610.0,,0.0,0.0,0.0,0
653609,0.0,0.0,0.0,0.0,0.0,0.0,udp,0.0,,cs0,,249.0,,7.0,,Start,1,1,0,74,74,0,74.0,0.0,0.0,0.0,0.0,0,0,0,0.0,,,0.0,0.0,0.0,INT,,,610.0,,0.0,0.0,0.0,0
653617,0.0,0.0,0.0,0.0,0.0,0.0,udp,0.0,,cs0,,249.0,,7.0,,Start,1,1,0,74,74,0,74.0,0.0,0.0,0.0,0.0,0,0,0,0.0,,,0.0,0.0,0.0,INT,,,610.0,,0.0,0.0,0.0,0
653635,0.0,0.0,0.0,0.0,0.0,0.0,udp,0.0,,cs0,,249.0,,7.0,,Start,1,1,0,74,74,0,74.0,0.0,0.0,0.0,0.0,0,0,0,0.0,,,0.0,0.0,0.0,INT,,,610.0,,0.0,0.0,0.0,0
653746,0.0,0.0,0.0,0.0,0.0,0.0,udp,0.0,,cs0,,249.0,,7.0,,Start,1,1,0,74,74,0,74.0,0.0,0.0,0.0,0.0,0,0,0,0.0,,,0.0,0.0,0.0,INT,,,610.0,,0.0,0.0,0.0,0
653749,0.0,0.0,0.0,0.0,0.0,0.0,udp,0.0,,cs0,,249.0,,7.0,,Start,1,1,0,74,74,0,74.0,0.0,0.0,0.0,0.0,0,0,0,0.0,,,0.0,0.0,0.0,INT,,,610.0,,0.0,0.0,0.0,0
653758,0.0,0.0,0.0,0.0,0.0,0.0,udp,0.0,,cs0,,249.0,,7.0,,Start,1,1,0,74,74,0,74.0,0.0,0.0,0.0,0.0,0,0,0,0.0,,,0.0,0.0,0.0,INT,,,610.0,,0.0,0.0,0.0,0
653780,0.0,0.0,0.0,0.0,0.0,0.0,udp,0.0,,cs0,,249.0,,7.0,,Start,1,1,0,74,74,0,74.0,0.0,0.0,0.0,0.0,0,0,0,0.0,,,0.0,0.0,0.0,INT,,,610.0,,0.0,0.0,0.0,0
653794,0.0,0.0,0.0,0.0,0.0,0.0,udp,0.0,,cs0,,249.0,,7.0,,Start,1,1,0,74,74,0,74.0,0.0,0.0,0.0,0.0,0,0,0,0.0,,,0.0,0.0,0.0,INT,,,610.0,,0.0,0.0,0.0,0
653795,0.0,0.0,0.0,0.0,0.0,0.0,udp,0.0,,cs0,,249.0,,7.0,,Start,1,1,0,74,74,0,74.0,0.0,0.0,0.0,0.0,0,0,0,0.0,,,0.0,0.0,0.0,INT,,,610.0,,0.0,0.0,0.0,0
653797,0.0,0.0,0.0,0.0,0.0,0.0,udp,0.0,,cs0,,249.0,,7.0,,Start,1,1,0,74,74,0,74.0,0.0,0.0,0.0,0.0,0,0,0,0.0,,,0.0,0.0,0.0,INT,,,610.0,,0.0,0.0,0.0,0
653840,0.0,0.0,0.0,0.0,0.0,0.0,udp,0.0,,cs0,,249.0,,7.0,,Start,1,1,0,74,74,0,74.0,0.0,0.0,0.0,0.0,0,0,0,0.0,,,0.0,0.0,0.0,INT,,,610.0,,0.0,0.0,0.0,0
653868,0.0,0.0,0.0,0.0,0.0,0.0,udp,0.0,,cs0,,249.0,,7.0,,Start,1,1,0,74,74,0,74.0,0.0,0.0,0.0,0.0,0,0,0,0.0,,,0.0,0.0,0.0,INT,,,610.0,,0.0,0.0,0.0,0
653892,0.0,0.0,0.0,0.0,0.0,0.0,udp,0.0,,cs0,,249.0,,7.0,,Start,1,1,0,74,74,0,74.0,0.0,0.0,0.0,0.0,0,0,0,0.0,,,0.0,0.0,0.0,INT,,,610.0,,0.0,0.0,0.0,0
653928,0.0,0.0,0.0,0.0,0.0,0.0,udp,0.0,,cs0,,249.0,,7.0,,Start,1,1,0,74,74,0,74.0,0.0,0.0,0.0,0.0,0,0,0,0.0,,,0.0,0.0,0.0,INT,,,610.0,,0.0,0.0,0.0,0
653950,0.0,0.0,0.0,0.0,0.0,0.0,udp,0.0,,cs0,,249.0,,7.0,,Start,1,1,0,74,74,0,74.0,0.0,0.0,0.0,0.0,0,0,0,0.0,,,0.0,0.0,0.0,INT,,,610.0,,0.0,0.0,0.0,0
653988,0.0,0.0,0.0,0.0,0.0,0.0,udp,0.0,,cs0,,249.0,,7.0,,Start,1,1,0,74,74,0,74.0,0.0,0.0,0.0,0.0,0,0,0,0.0,,,0.0,0.0,0.0,INT,,,610.0,,0.0,0.0,0.0,0
654015,0.0,0.0,0.0,0.0,0.0,0.0,udp,0.0,,cs0,,249.0,,7.0,,Start,1,1,0,74,74,0,74.0,0.0,0.0,0.0,0.0,0,0,0,0.0,,,0.0,0.0,0.0,INT,,,610.0,,0.0,0.0,0.0,0
654124,0.0,0.0,0.0,0.0,0.0,0.0,udp,0.0,,cs0,,249.0,,7.0,,Start,1,1,0,74,74,0,74.0,0.0,0.0,0.0,0.0,0,0,0,0.0,,,0.0,0.0,0.0,INT,,,610.0,,0.0,0.0,0.0,0
654133,0.0,0.0,0.0,0.0,0.0,0.0,udp,0.0,,cs0,,249.0,,7.0,,Start,1,1,0,74,74,0,74.0,0.0,0.0,0.0,0.0,0,0,0,0.0,,,0.0,0.0,0.0,INT,,,610.0,,0.0,0.0,0.0,0
654229,0.0,0.0,0.0,0.0,0.0,0.0,udp,0.0,,cs0,,249.0,,7.0,,Start,1,1,0,74,74,0,74.0,0.0,0.0,0.0,0.0,0,0,0,0.0,,,0.0,0.0,0.0,INT,,,610.0,,0.0,0.0,0.0,0
654282,0.0,0.0,0.0,0.0,0.0,0.0,udp,0.0,,cs0,,249.0,,7.0,,Start,1,1,0,74,74,0,74.0,0.0,0.0,0.0,0.0,0,0,0,0.0,,,0.0,0.0,0.0,INT,,,610.0,,0.0,0.0,0.0,0
654294,0.0,0.0,0.0,0.0,0.0,0.0,udp,0.0,,cs0,,249.0,,7.0,,Start,1,1,0,74,74,0,74.0,0.0,0.0,0.0,0.0,0,0,0,0.0,,,0.0,0.0,0.0,INT,,,610.0,,0.0,0.0,0.0,0
654328,0.0,0.0,0.0,0.0,0.0,0.0,udp,0.0,,cs0,,249.0,,7.0,,Start,1,1,0,74,74,0,74.0,0.0,0.0,0.0,0.0,0,0,0,0.0,,,0.0,0.0,0.0,INT,,,610.0,,0.0,0.0,0.0,0
654353,0.0,0.0,0.0,0.0,0.0,0.0,udp,0.0,,cs0,,249.0,,7.0,,Start,1,1,0,74,74,0,74.0,0.0,0.0,0.0,0.0,0,0,0,0.0,,,0.0,0.0,0.0,INT,,,610.0,,0.0,0.0,0.0,0
654404,0.0,0.0,0.0,0.0,0.0,0.0,udp,0.0,,cs0,,249.0,,7.0,,Start,1,1,0,74,74,0,74.0,0.0,0.0,0.0,0.0,0,0,0,0.0,,,0.0,0.0,0.0,INT,,,610.0,,0.0,0.0,0.0,0
654416,0.0,0.0,0.0,0.0,0.0,0.0,udp,0.0,,cs0,,249.0,,7.0,,Start,1,1,0,74,74,0,74.0,0.0,0.0,0.0,0.0,0,0,0,0.0,,,0.0,0.0,0.0,INT,,,610.0,,0.0,0.0,0.0,0
654447,0.0,0.0,0.0,0.0,0.0,0.0,udp,0.0,,cs0,,249.0,,7.0,,Start,1,1,0,74,74,0,74.0,0.0,0.0,0.0,0.0,0,0,0,0.0,,,0.0,0.0,0.0,INT,,,610.0,,0.0,0.0,0.0,0
654531,0.0,0.0,0.0,0.0,0.0,0.0,udp,0.0,,cs0,,249.0,,7.0,,Start,1,1,0,74,74,0,74.0,0.0,0.0,0.0,0.0,0,0,0,0.0,,,0.0,0.0,0.0,INT,,,610.0,,0.0,0.0,0.0,0
654540,0.0,0.0,0.0,0.0,0.0,0.0,udp,0.0,,cs0,,249.0,,7.0,,Start,1,1,0,74,74,0,74.0,0.0,0.0,0.0,0.0,0,0,0,0.0,,,0.0,0.0,0.0,INT,,,610.0,,0.0,0.0,0.0,0
654546,0.0,0.0,0.0,0.0,0.0,0.0,udp,0.0,,cs0,,249.0,,7.0,,Start,1,1,0,74,74,0,74.0,0.0,0.0,0.0,0.0,0,0,0,0.0,,,0.0,0.0,0.0,INT,,,610.0,,0.0,0.0,0.0,0
654594,0.0,0.0,0.0,0.0,0.0,0.0,udp,0.0,,cs0,,249.0,,7.0,,Start,1,1,0,74,74,0,74.0,0.0,0.0,0.0,0.0,0,0,0,0.0,,,0.0,0.0,0.0,INT,,,610.0,,0.0,0.0,0.0,0
654637,0.0,0.0,0.0,0.0,0.0,0.0,udp,0.0,,cs0,,249.0,,7.0,,Start,1,1,0,74,74,0,74.0,0.0,0.0,0.0,0.0,0,0,0,0.0,,,0.0,0.0,0.0,INT,,,610.0,,0.0,0.0,0.0,0
654664,0.0,0.0,0.0,0.0,0.0,0.0,udp,0.0,,cs0,,249.0,,7.0,,Start,1,1,0,74,74,0,74.0,0.0,0.0,0.0,0.0,0,0,0,0.0,,,0.0,0.0,0.0,INT,,,610.0,,0.0,0.0,0.0,0
654694,0.0,0.0,0.0,0.0,0.0,0.0,udp,0.0,,cs0,,249.0,,7.0,,Start,1,1,0,74,74,0,74.0,0.0,0.0,0.0,0.0,0,0,0,0.0,,,0.0,0.0,0.0,INT,,,610.0,,0.0,0.0,0.0,0
654712,0.0,0.0,0.0,0.0,0.0,0.0,udp,0.0,,cs0,,249.0,,7.0,,Start,1,1,0,74,74,0,74.0,0.0,0.0,0.0,0.0,0,0,0,0.0,,,0.0,0.0,0.0,INT,,,610.0,,0.0,0.0,0.0,0
654728,0.092994,0.092994,0.092994,0.092994,0.092994,0.092994,udp,0.0,0.0,cs0,cs0,64.0,117.0,0.0,11.0,Status,5,3,2,690,546,144,182.0,72.0,37507.79688,31313.84961,6193.948242,0,0,0,0.0,,,43.013531,21.506765,10.753383,CON,,,,,0.0,0.0,0.0,0
654740,0.0,0.0,0.0,0.0,0.0,0.0,udp,0.0,,cs0,,249.0,,7.0,,Start,1,1,0,74,74,0,74.0,0.0,0.0,0.0,0.0,0,0,0,0.0,,,0.0,0.0,0.0,INT,,,610.0,,0.0,0.0,0.0,0
654743,0.0,0.0,0.0,0.0,0.0,0.0,udp,0.0,,cs0,,249.0,,7.0,,Start,1,1,0,74,74,0,74.0,0.0,0.0,0.0,0.0,0,0,0,0.0,,,0.0,0.0,0.0,INT,,,610.0,,0.0,0.0,0.0,0
654974,0.0,0.0,0.0,0.0,0.0,0.0,udp,0.0,,cs0,,249.0,,7.0,,Start,1,1,0,74,74,0,74.0,0.0,0.0,0.0,0.0,0,0,0,0.0,,,0.0,0.0,0.0,INT,,,610.0,,0.0,0.0,0.0,0
655037,0.0,0.0,0.0,0.0,0.0,0.0,udp,0.0,,cs0,,249.0,,7.0,,Start,1,1,0,74,74,0,74.0,0.0,0.0,0.0,0.0,0,0,0,0.0,,,0.0,0.0,0.0,INT,,,610.0,,0.0,0.0,0.0,0
655060,0.0,0.0,0.0,0.0,0.0,0.0,udp,0.0,,cs0,,249.0,,7.0,,Start,1,1,0,74,74,0,74.0,0.0,0.0,0.0,0.0,0,0,0,0.0,,,0.0,0.0,0.0,INT,,,610.0,,0.0,0.0,0.0,0
655072,0.0,0.0,0.0,0.0,0.0,0.0,udp,0.0,,cs0,,249.0,,7.0,,Start,1,1,0,74,74,0,74.0,0.0,0.0,0.0,0.0,0,0,0,0.0,,,0.0,0.0,0.0,INT,,,610.0,,0.0,0.0,0.0,0
655081,0.0,0.0,0.0,0.0,0.0,0.0,udp,0.0,,cs0,,249.0,,7.0,,Start,1,1,0,74,74,0,74.0,0.0,0.0,0.0,0.0,0,0,0,0.0,,,0.0,0.0,0.0,INT,,,610.0,,0.0,0.0,0.0,0
655125,0.0,0.0,0.0,0.0,0.0,0.0,udp,0.0,,cs0,,249.0,,7.0,,Start,1,1,0,74,74,0,74.0,0.0,0.0,0.0,0.0,0,0,0,0.0,,,0.0,0.0,0.0,INT,,,610.0,,0.0,0.0,0.0,0
655196,0.0,0.0,0.0,0.0,0.0,0.0,udp,0.0,,cs0,,249.0,,7.0,,Start,1,1,0,74,74,0,74.0,0.0,0.0,0.0,0.0,0,0,0,0.0,,,0.0,0.0,0.0,INT,,,610.0,,0.0,0.0,0.0,0
655242,0.0,0.0,0.0,0.0,0.0,0.0,udp,0.0,,cs0,,249.0,,7.0,,Start,1,1,0,74,74,0,74.0,0.0,0.0,0.0,0.0,0,0,0,0.0,,,0.0,0.0,0.0,INT,,,610.0,,0.0,0.0,0.0,0
655318,0.0,0.0,0.0,0.0,0.0,0.0,udp,0.0,,cs0,,249.0,,7.0,,Start,1,1,0,74,74,0,74.0,0.0,0.0,0.0,0.0,0,0,0,0.0,,,0.0,0.0,0.0,INT,,,610.0,,0.0,0.0,0.0,0
655345,3.085593,3.085593,3.085593,3.085593,3.085593,3.085593,tcp,0.0,0.0,cs0,cs0,64.0,117.0,0.0,11.0,Status,4,2,2,264,132,132,66.0,66.0,342.235687,171.117844,171.117844,0,0,0,0.0,0.0,0.0,0.97226,0.324087,0.324087,FIN,75776.0,66816.0,,,0.040038,0.020678,0.01936,0
655356,0.0,0.0,0.0,0.0,0.0,0.0,udp,0.0,,cs0,,249.0,,7.0,,Start,1,1,0,74,74,0,74.0,0.0,0.0,0.0,0.0,0,0,0,0.0,,,0.0,0.0,0.0,INT,,,610.0,,0.0,0.0,0.0,0
655457,0.0,0.0,0.0,0.0,0.0,0.0,udp,0.0,,cs0,,249.0,,7.0,,Start,1,1,0,74,74,0,74.0,0.0,0.0,0.0,0.0,0,0,0,0.0,,,0.0,0.0,0.0,INT,,,610.0,,0.0,0.0,0.0,0
655536,0.0,0.0,0.0,0.0,0.0,0.0,icmp,0.0,,cs0,,58.0,,6.0,,Start,1,1,0,98,98,0,98.0,0.0,0.0,0.0,0.0,0,0,0,0.0,,,0.0,0.0,0.0,ECO,,,,,0.0,0.0,0.0,0
655539,0.0,0.0,0.0,0.0,0.0,0.0,sctp,186.0,186.0,ef,ef,252.0,255.0,4.0,1.0,Status,2,1,1,200,102,98,102.0,98.0,0.0,0.0,0.0,0,0,0,0.0,,,0.0,0.0,0.0,CON,,,610.0,,0.0,0.0,0.0,0
655563,0.0,0.0,0.0,0.0,0.0,0.0,udp,0.0,,cs0,,249.0,,7.0,,Start,1,1,0,74,74,0,74.0,0.0,0.0,0.0,0.0,0,0,0,0.0,,,0.0,0.0,0.0,INT,,,610.0,,0.0,0.0,0.0,0
655577,0.0,0.0,0.0,0.0,0.0,0.0,udp,0.0,,cs0,,249.0,,7.0,,Start,1,1,0,74,74,0,74.0,0.0,0.0,0.0,0.0,0,0,0,0.0,,,0.0,0.0,0.0,INT,,,610.0,,0.0,0.0,0.0,0
655607,0.0,0.0,0.0,0.0,0.0,0.0,udp,0.0,,cs0,,249.0,,7.0,,Start,1,1,0,74,74,0,74.0,0.0,0.0,0.0,0.0,0,0,0,0.0,,,0.0,0.0,0.0,INT,,,610.0,,0.0,0.0,0.0,0
655612,0.0,0.0,0.0,0.0,0.0,0.0,udp,0.0,,cs0,,249.0,,7.0,,Start,1,1,0,74,74,0,74.0,0.0,0.0,0.0,0.0,0,0,0,0.0,,,0.0,0.0,0.0,INT,,,610.0,,0.0,0.0,0.0,0
655682,0.0,0.0,0.0,0.0,0.0,0.0,udp,0.0,,cs0,,249.0,,7.0,,Start,1,1,0,74,74,0,74.0,0.0,0.0,0.0,0.0,0,0,0,0.0,,,0.0,0.0,0.0,INT,,,610.0,,0.0,0.0,0.0,0
655683,0.0,0.0,0.0,0.0,0.0,0.0,udp,0.0,,cs0,,249.0,,7.0,,Start,1,1,0,74,74,0,74.0,0.0,0.0,0.0,0.0,0,0,0,0.0,,,0.0,0.0,0.0,INT,,,610.0,,0.0,0.0,0.0,0
655689,0.0,0.0,0.0,0.0,0.0,0.0,udp,0.0,,cs0,,249.0,,7.0,,Start,1,1,0,74,74,0,74.0,0.0,0.0,0.0,0.0,0,0,0,0.0,,,0.0,0.0,0.0,INT,,,610.0,,0.0,0.0,0.0,0
655714,0.0,0.0,0.0,0.0,0.0,0.0,udp,0.0,,cs0,,249.0,,7.0,,Start,1,1,0,74,74,0,74.0,0.0,0.0,0.0,0.0,0,0,0,0.0,,,0.0,0.0,0.0,INT,,,610.0,,0.0,0.0,0.0,0
655836,0.0,0.0,0.0,0.0,0.0,0.0,udp,0.0,,cs0,,249.0,,7.0,,Start,1,1,0,74,74,0,74.0,0.0,0.0,0.0,0.0,0,0,0,0.0,,,0.0,0.0,0.0,INT,,,610.0,,0.0,0.0,0.0,0
655882,0.0,0.0,0.0,0.0,0.0,0.0,udp,0.0,,cs0,,249.0,,7.0,,Start,1,1,0,74,74,0,74.0,0.0,0.0,0.0,0.0,0,0,0,0.0,,,0.0,0.0,0.0,INT,,,610.0,,0.0,0.0,0.0,0
655949,4.968999,4.968999,4.968999,4.968999,4.968999,4.968999,tcp,0.0,0.0,cs0,cs0,64.0,117.0,0.0,11.0,Status,233,76,157,233200,6821,226379,89.75,1441.904419,372984.5938,10838.40039,362146.1875,0,0,0,0.0,0.0,0.0,46.689484,15.093583,31.394653,CON,558080.0,150272.0,,,0.035929,0.021444,0.014485,0
655954,0.0,0.0,0.0,0.0,0.0,0.0,udp,0.0,,cs0,,249.0,,7.0,,Start,1,1,0,74,74,0,74.0,0.0,0.0,0.0,0.0,0,0,0,0.0,,,0.0,0.0,0.0,INT,,,610.0,,0.0,0.0,0.0,0
655971,0.0,0.0,0.0,0.0,0.0,0.0,udp,0.0,,cs0,,249.0,,7.0,,Start,1,1,0,74,74,0,74.0,0.0,0.0,0.0,0.0,0,0,0,0.0,,,0.0,0.0,0.0,INT,,,610.0,,0.0,0.0,0.0,0
655976,0.0,0.0,0.0,0.0,0.0,0.0,udp,0.0,,cs0,,249.0,,7.0,,Start,1,1,0,74,74,0,74.0,0.0,0.0,0.0,0.0,0,0,0,0.0,,,0.0,0.0,0.0,INT,,,610.0,,0.0,0.0,0.0,0
656017,0.0,0.0,0.0,0.0,0.0,0.0,udp,0.0,,cs0,,249.0,,7.0,,Start,1,1,0,74,74,0,74.0,0.0,0.0,0.0,0.0,0,0,0,0.0,,,0.0,0.0,0.0,INT,,,610.0,,0.0,0.0,0.0,0
656040,0.0,0.0,0.0,0.0,0.0,0.0,udp,0.0,,cs0,,249.0,,7.0,,Start,1,1,0,74,74,0,74.0,0.0,0.0,0.0,0.0,0,0,0,0.0,,,0.0,0.0,0.0,INT,,,610.0,,0.0,0.0,0.0,0
656115,0.0,0.0,0.0,0.0,0.0,0.0,udp,0.0,,cs0,,249.0,,7.0,,Start,1,1,0,74,74,0,74.0,0.0,0.0,0.0,0.0,0,0,0,0.0,,,0.0,0.0,0.0,INT,,,610.0,,0.0,0.0,0.0,0
656144,0.0,0.0,0.0,0.0,0.0,0.0,udp,0.0,,cs0,,249.0,,7.0,,Start,1,1,0,74,74,0,74.0,0.0,0.0,0.0,0.0,0,0,0,0.0,,,0.0,0.0,0.0,INT,,,610.0,,0.0,0.0,0.0,0
656162,0.0,0.0,0.0,0.0,0.0,0.0,udp,0.0,,cs0,,249.0,,7.0,,Start,1,1,0,74,74,0,74.0,0.0,0.0,0.0,0.0,0,0,0,0.0,,,0.0,0.0,0.0,INT,,,610.0,,0.0,0.0,0.0,0
656177,0.0,0.0,0.0,0.0,0.0,0.0,udp,0.0,,cs0,,249.0,,7.0,,Start,1,1,0,74,74,0,74.0,0.0,0.0,0.0,0.0,0,0,0,0.0,,,0.0,0.0,0.0,INT,,,610.0,,0.0,0.0,0.0,0
656206,0.0,0.0,0.0,0.0,0.0,0.0,udp,0.0,,cs0,,249.0,,7.0,,Start,1,1,0,74,74,0,74.0,0.0,0.0,0.0,0.0,0,0,0,0.0,,,0.0,0.0,0.0,INT,,,610.0,,0.0,0.0,0.0,0
656333,0.0,0.0,0.0,0.0,0.0,0.0,udp,0.0,,cs0,,249.0,,7.0,,Start,1,1,0,74,74,0,74.0,0.0,0.0,0.0,0.0,0,0,0,0.0,,,0.0,0.0,0.0,INT,,,610.0,,0.0,0.0,0.0,0
656418,0.0,0.0,0.0,0.0,0.0,0.0,udp,0.0,,cs0,,249.0,,7.0,,Start,1,1,0,74,74,0,74.0,0.0,0.0,0.0,0.0,0,0,0,0.0,,,0.0,0.0,0.0,INT,,,610.0,,0.0,0.0,0.0,0
656485,0.0,0.0,0.0,0.0,0.0,0.0,udp,0.0,,cs0,,249.0,,7.0,,Start,1,1,0,74,74,0,74.0,0.0,0.0,0.0,0.0,0,0,0,0.0,,,0.0,0.0,0.0,INT,,,610.0,,0.0,0.0,0.0,0
656502,0.0,0.0,0.0,0.0,0.0,0.0,udp,0.0,,cs0,,249.0,,7.0,,Start,1,1,0,74,74,0,74.0,0.0,0.0,0.0,0.0,0,0,0,0.0,,,0.0,0.0,0.0,INT,,,610.0,,0.0,0.0,0.0,0
656503,0.0,0.0,0.0,0.0,0.0,0.0,udp,0.0,,cs0,,249.0,,7.0,,Start,1,1,0,74,74,0,74.0,0.0,0.0,0.0,0.0,0,0,0,0.0,,,0.0,0.0,0.0,INT,,,610.0,,0.0,0.0,0.0,0
656530,0.0,0.0,0.0,0.0,0.0,0.0,udp,0.0,,cs0,,249.0,,7.0,,Start,1,1,0,74,74,0,74.0,0.0,0.0,0.0,0.0,0,0,0,0.0,,,0.0,0.0,0.0,INT,,,610.0,,0.0,0.0,0.0,0
656537,0.0,0.0,0.0,0.0,0.0,0.0,udp,0.0,,cs0,,249.0,,7.0,,Start,1,1,0,74,74,0,74.0,0.0,0.0,0.0,0.0,0,0,0,0.0,,,0.0,0.0,0.0,INT,,,610.0,,0.0,0.0,0.0,0
656564,0.0,0.0,0.0,0.0,0.0,0.0,udp,0.0,,cs0,,249.0,,7.0,,Start,1,1,0,74,74,0,74.0,0.0,0.0,0.0,0.0,0,0,0,0.0,,,0.0,0.0,0.0,INT,,,610.0,,0.0,0.0,0.0,0
656727,0.061965,0.061965,0.061965,0.061965,0.061965,0.061965,udp,0.0,0.0,cs0,cs0,64.0,117.0,0.0,11.0,Status,6,3,3,730,530,200,176.666672,66.666664,63003.30859,45703.21875,17300.08789,0,0,0,0.0,,,80.690712,32.276283,32.276283,CON,,,,,0.0,0.0,0.0,0
656729,0.041017,0.041017,0.041017,0.041017,0.041017,0.041017,udp,16.0,32.0,4,cs1,63.0,41.0,1.0,23.0,Start,2,1,1,180,90,90,90.0,90.0,0.0,0.0,0.0,0,0,0,0.0,,,24.380135,0.0,0.0,CON,,,,,0.0,0.0,0.0,0
656734,0.0,0.0,0.0,0.0,0.0,0.0,icmp,0.0,,cs0,,58.0,,6.0,,Start,1,1,0,98,98,0,98.0,0.0,0.0,0.0,0.0,0,0,0,0.0,,,0.0,0.0,0.0,ECO,,,,,0.0,0.0,0.0,0
656773,4.994054,4.994054,4.994054,4.994054,4.994054,4.994054,udp,0.0,0.0,cs0,cs0,64.0,117.0,0.0,11.0,Status,125,14,111,156141,4185,151956,298.928558,1368.973022,247454.2813,6226.60498,241227.6719,0,0,0,0.0,,,24.829529,2.603096,22.026194,CON,,,,,0.0,0.0,0.0,0
656801,0.071044,0.071044,0.071044,0.071044,0.071044,0.071044,udp,0.0,0.0,cs0,cs0,64.0,117.0,0.0,11.0,Status,6,3,3,730,530,200,176.666672,66.666664,54951.86328,39862.62109,15089.24121,0,0,0,0.0,,,70.378922,28.151569,28.151569,CON,,,,,0.0,0.0,0.0,0
656925,0.163026,0.163026,0.163026,0.163026,0.163026,0.163026,udp,0.0,0.0,cs0,cs0,64.0,52.0,0.0,12.0,Start,14,8,6,8682,5279,3403,659.875,567.166687,365880.2813,226712.2969,139167.9844,0,0,0,0.0,,,79.741882,42.937935,30.669954,CON,,,,,0.0,0.0,0.0,0
656935,4.918068,4.918068,4.918068,4.918068,4.918068,4.918068,udp,0.0,0.0,cs0,cs0,64.0,117.0,0.0,11.0,Status,347,20,327,451997,5210,446787,260.5,1366.321045,732598.25,8051.942383,724546.3125,0,0,0,0.0,,,70.352829,3.863306,66.286194,CON,,,,,0.0,0.0,0.0,0
657019,4.997451,4.997451,4.997451,4.997451,4.997451,4.997451,udp,0.0,0.0,cs0,cs0,64.0,117.0,0.0,11.0,Status,240,23,217,298724,8331,290393,362.217377,1338.216553,475480.8125,12756.9043,462723.9063,0,0,0,0.0,,,47.824383,4.402245,43.222034,CON,,,,,0.0,0.0,0.0,0
657028,4.997043,4.997043,4.997043,4.997043,4.997043,4.997043,udp,0.0,0.0,cs0,cs0,64.0,117.0,0.0,11.0,Status,319,18,301,414460,4015,410445,223.055557,1363.604614,660989.3125,6070.790039,654918.5,0,0,0,0.0,,,63.637634,3.402012,60.035503,CON,,,,,0.0,0.0,0.0,0
657083,0.001544,0.001544,0.001544,0.001544,0.001544,0.001544,udp,0.0,48.0,cs0,af12,64.0,62.0,0.0,2.0,Start,2,1,1,239,89,150,89.0,150.0,0.0,0.0,0.0,0,0,0,0.0,,,647.668396,0.0,0.0,CON,,,,,0.0,0.0,0.0,0
657091,1.498886,1.498886,1.498886,1.498886,1.498886,1.498886,tcp,0.0,0.0,cs0,cs0,63.0,47.0,1.0,17.0,Start,11,6,5,989,503,486,83.833336,97.199997,4317.873535,2241.664795,2076.208496,0,0,0,0.0,0.0,0.0,6.671621,3.335811,2.668649,FIN,64128.0,64256.0,,,0.180196,0.138599,0.041597,0
657131,0.0,0.0,0.0,0.0,0.0,0.0,icmp,0.0,,cs0,,58.0,,6.0,,Start,1,1,0,98,98,0,98.0,0.0,0.0,0.0,0.0,0,0,0,0.0,,,0.0,0.0,0.0,ECO,,,,,0.0,0.0,0.0,0
657132,0.113924,0.113924,0.113924,0.113924,0.113924,0.113924,tcp,0.0,0.0,cs0,cs0,52.0,64.0,12.0,0.0,Start,2,1,1,132,66,66,66.0,66.0,0.0,0.0,0.0,0,0,0,0.0,0.0,0.0,8.777781,0.0,0.0,FIN,265.0,202.0,,,0.0,0.0,0.0,0
657182,4.951839,4.951839,4.951839,4.951839,4.951839,4.951839,udp,0.0,0.0,cs0,cs0,64.0,117.0,0.0,11.0,Status,249,19,230,316013,4804,311209,252.842102,1353.082642,507945.4375,7354.035645,500591.4063,0,0,0,0.0,,,50.082405,3.635013,46.245445,CON,,,,,0.0,0.0,0.0,0
657186,0.0,0.0,0.0,0.0,0.0,0.0,icmp,0.0,,cs0,,58.0,,6.0,,Start,1,1,0,98,98,0,98.0,0.0,0.0,0.0,0.0,0,0,0,0.0,,,0.0,0.0,0.0,ECO,,,,,0.0,0.0,0.0,0
657204,4.965174,4.965174,4.965174,4.965174,4.965174,4.965174,udp,0.0,0.0,cs0,cs0,64.0,117.0,0.0,11.0,Status,51,9,42,57365,3830,53535,425.555542,1274.642822,89690.30469,5486.212402,84204.09375,0,0,0,0.0,,,10.07014,1.611222,8.257515,CON,,,,,0.0,0.0,0.0,0
657213,4.995399,4.995399,4.995399,4.995399,4.995399,4.995399,udp,0.0,0.0,cs0,cs0,64.0,117.0,0.0,11.0,Status,205,19,186,257186,4673,252513,245.947372,1357.596802,409311.0625,7091.325684,402219.7188,0,0,0,0.0,,,40.837578,3.603316,37.034081,CON,,,,,0.0,0.0,0.0,0
657237,4.918302,4.918302,4.918302,4.918302,4.918302,4.918302,udp,0.0,0.0,cs0,cs0,64.0,117.0,0.0,11.0,Status,204,16,188,256036,4210,251826,263.125,1339.5,413856.625,6420.102051,407436.5313,0,0,0,0.0,,,41.274406,3.049833,38.021252,CON,,,,,0.0,0.0,0.0,0
657240,0.0,0.0,0.0,0.0,0.0,0.0,icmp,0.0,,cs0,,58.0,,6.0,,Start,1,1,0,98,98,0,98.0,0.0,0.0,0.0,0.0,0,0,0,0.0,,,0.0,0.0,0.0,ECO,,,,,0.0,0.0,0.0,0
657298,4.973291,4.973291,4.973291,4.973291,4.973291,4.973291,udp,0.0,0.0,cs0,cs0,64.0,117.0,0.0,11.0,Status,327,18,309,429798,4469,425329,248.277771,1376.469238,688757.625,6789.870117,681967.75,0,0,0,0.0,,,65.550156,3.41826,61.930824,CON,,,,,0.0,0.0,0.0,0
657342,0.0,0.0,0.0,0.0,0.0,0.0,icmp,0.0,,cs0,,58.0,,6.0,,Start,1,1,0,98,98,0,98.0,0.0,0.0,0.0,0.0,0,0,0,0.0,,,0.0,0.0,0.0,ECO,,,,,0.0,0.0,0.0,0
657345,0.078557,0.078557,0.078557,0.078557,0.078557,0.078557,udp,0.0,0.0,cs0,cs0,64.0,117.0,0.0,11.0,Status,6,3,3,730,530,200,176.666672,66.666664,49696.39844,36050.25781,13646.14258,0,0,0,0.0,,,63.648052,25.459221,25.459221,CON,,,,,0.0,0.0,0.0,0
657540,0.0,0.0,0.0,0.0,0.0,0.0,icmp,0.0,,cs0,,58.0,,6.0,,Start,1,1,0,98,98,0,98.0,0.0,0.0,0.0,0.0,0,0,0,0.0,,,0.0,0.0,0.0,ECO,,,,,0.0,0.0,0.0,0
657557,0.0,0.0,0.0,0.0,0.0,0.0,icmp,0.0,,cs0,,58.0,,6.0,,Start,1,1,0,98,98,0,98.0,0.0,0.0,0.0,0.0,0,0,0,0.0,,,0.0,0.0,0.0,ECO,,,,,0.0,0.0,0.0,0
657593,4.999836,4.999836,4.999836,4.999836,4.999836,4.999836,udp,0.0,0.0,cs0,cs0,117.0,64.0,11.0,0.0,Status,417,400,17,551815,547442,4373,1368.60498,257.235291,880332.875,873747.0625,6585.815918,0,0,0,0.0,,,83.202728,79.80262,3.200105,CON,,,,,0.0,0.0,0.0,0
657622,0.0,0.0,0.0,0.0,0.0,0.0,icmp,0.0,,cs0,,58.0,,6.0,,Start,1,1,0,98,98,0,98.0,0.0,0.0,0.0,0.0,0,0,0,0.0,,,0.0,0.0,0.0,ECO,,,,,0.0,0.0,0.0,0
657809,4.82892,4.82892,4.82892,4.82892,4.82892,4.82892,udp,0.0,0.0,cs0,cs0,117.0,64.0,11.0,0.0,Status,310,282,28,388627,382155,6472,1355.159546,231.142853,641205.0625,630865.6875,10339.37207,0,0,0,0.0,,,63.989464,58.191067,5.591312,CON,,,,,0.0,0.0,0.0,0
657860,0.061025,0.061025,0.061025,0.061025,0.061025,0.061025,udp,0.0,0.0,cs0,cs0,64.0,117.0,0.0,11.0,Status,6,3,3,730,530,200,176.666672,66.666664,63973.78125,46407.21094,17566.57031,0,0,0,0.0,,,81.933632,32.773453,32.773453,CON,,,,,0.0,0.0,0.0,0
657866,0.0,0.0,0.0,0.0,0.0,0.0,icmp,0.0,,cs0,,58.0,,6.0,,Start,1,1,0,98,98,0,98.0,0.0,0.0,0.0,0.0,0,0,0,0.0,,,0.0,0.0,0.0,ECO,,,,,0.0,0.0,0.0,0
657899,0.072887,0.072887,0.072887,0.072887,0.072887,0.072887,udp,0.0,0.0,cs0,cs0,64.0,117.0,0.0,11.0,Status,5,3,2,666,528,138,176.0,69.0,46208.51172,38635.14453,7573.366699,0,0,0,0.0,,,54.879467,27.439734,13.719867,CON,,,,,0.0,0.0,0.0,0
657982,0.0,0.0,0.0,0.0,0.0,0.0,icmp,0.0,,cs0,,58.0,,6.0,,Start,1,1,0,98,98,0,98.0,0.0,0.0,0.0,0.0,0,0,0,0.0,,,0.0,0.0,0.0,ECO,,,,,0.0,0.0,0.0,0
658096,4.998619,4.998619,4.998619,4.998619,4.998619,4.998619,udp,0.0,0.0,cs0,cs0,117.0,64.0,11.0,0.0,Status,249,229,20,316901,312705,4196,1365.524048,209.800003,504662.5938,498281.625,6380.962402,0,0,0,0.0,,,49.613701,45.612598,3.80105,CON,,,,,0.0,0.0,0.0,0
658160,0.20603,0.20603,0.20603,0.20603,0.20603,0.20603,udp,0.0,0.0,cs0,cs0,64.0,52.0,0.0,12.0,Start,14,8,6,8643,5283,3360,660.375,560.0,288229.875,179507.8438,108722.0313,0,0,0,0.0,,,63.097607,33.975636,24.268311,CON,,,,,0.0,0.0,0.0,0
658163,0.099924,0.099924,0.099924,0.099924,0.099924,0.099924,udp,0.0,0.0,cs0,cs0,64.0,52.0,0.0,12.0,Status,9,5,4,4799,3240,1559,648.0,389.75,301188.9063,207517.7188,93671.19531,0,0,0,0.0,,,80.060844,40.030422,30.022818,CON,,,,,0.0,0.0,0.0,0
658221,4.964855,4.964855,4.964855,4.964855,4.964855,4.964855,udp,0.0,0.0,cs0,cs0,64.0,117.0,0.0,11.0,Status,282,16,266,369502,4351,365151,271.9375,1372.748169,592740.75,6574.209961,586166.5625,0,0,0,0.0,,,56.597824,3.021236,53.375172,CON,,,,,0.0,0.0,0.0,0
658343,4.95629,4.95629,4.95629,4.95629,4.95629,4.95629,udp,0.0,0.0,cs0,cs0,117.0,64.0,11.0,0.0,Status,121,114,7,155162,150914,4248,1323.807007,606.857117,247335.0156,241456.4219,5878.59082,0,0,0,0.0,,,24.21166,22.799313,1.210583,CON,,,,,0.0,0.0,0.0,0
658352,0.0,0.0,0.0,0.0,0.0,0.0,icmp,0.0,,cs0,,58.0,,6.0,,Start,1,1,0,98,98,0,98.0,0.0,0.0,0.0,0.0,0,0,0,0.0,,,0.0,0.0,0.0,ECO,,,,,0.0,0.0,0.0,0
658373,4.951714,4.951714,4.951714,4.951714,4.951714,4.951714,udp,0.0,0.0,cs0,cs0,117.0,64.0,11.0,0.0,Status,222,203,19,277665,272292,5373,1341.339844,282.789459,445974.0625,437749.0313,8225.030273,0,0,0,0.0,,,44.631012,40.793957,3.635105,CON,,,,,0.0,0.0,0.0,0
658422,4.998152,4.998152,4.998152,4.998152,4.998152,4.998152,udp,0.0,0.0,cs0,cs0,64.0,117.0,0.0,11.0,Status,195,18,177,245892,8350,237542,463.888885,1342.045166,390683.625,12623.86621,378059.75,0,0,0,0.0,,,38.814346,3.401257,35.213017,CON,,,,,0.0,0.0,0.0,0
658484,4.884876,4.884876,4.884876,4.884876,4.884876,4.884876,udp,0.0,0.0,cs0,cs0,117.0,64.0,11.0,0.0,Status,137,113,24,153822,148124,5698,1310.831909,237.416672,249381.9844,240438.4531,8943.523438,0,0,0,0.0,,,27.841036,22.927912,4.70841,CON,,,,,0.0,0.0,0.0,0
658522,0.0,0.0,0.0,0.0,0.0,0.0,icmp,0.0,,cs0,,58.0,,6.0,,Start,1,1,0,98,98,0,98.0,0.0,0.0,0.0,0.0,0,0,0,0.0,,,0.0,0.0,0.0,ECO,,,,,0.0,0.0,0.0,0
658524,4.922829,4.922829,4.922829,4.922829,4.922829,4.922829,udp,0.0,0.0,cs0,cs0,117.0,64.0,11.0,0.0,Status,126,111,15,150969,146557,4412,1320.333374,294.133331,242714.0938,236022.0,6692.086914,0,0,0,0.0,,,25.391903,22.344875,2.843893,CON,,,,,0.0,0.0,0.0,0
658532,0.136388,0.136388,0.136388,0.136388,0.136388,0.136388,udp,0.0,0.0,cs0,cs0,64.0,53.0,0.0,11.0,Start,20,11,9,8137,3846,4291,349.636353,476.777771,428894.0313,205120.6719,223773.3438,0,0,0,0.0,,,139.308441,73.320229,58.656185,CON,,,,,0.0,0.0,0.0,0
658535,0.0,0.0,0.0,0.0,0.0,0.0,icmp,0.0,,cs0,,58.0,,6.0,,Start,1,1,0,98,98,0,98.0,0.0,0.0,0.0,0.0,0,0,0,0.0,,,0.0,0.0,0.0,ECO,,,,,0.0,0.0,0.0,0
658563,0.0,0.0,0.0,0.0,0.0,0.0,icmp,0.0,,cs0,,58.0,,6.0,,Start,1,1,0,98,98,0,98.0,0.0,0.0,0.0,0.0,0,0,0,0.0,,,0.0,0.0,0.0,ECO,,,,,0.0,0.0,0.0,0
658622,0.0,0.0,0.0,0.0,0.0,0.0,icmp,0.0,,cs0,,58.0,,6.0,,Start,1,1,0,98,98,0,98.0,0.0,0.0,0.0,0.0,0,0,0,0.0,,,0.0,0.0,0.0,ECO,,,,,0.0,0.0,0.0,0
658739,3.191048,3.191048,3.191048,3.191048,3.191048,3.191048,sctp,186.0,186.0,ef,ef,252.0,255.0,4.0,1.0,Status,4,2,2,392,200,192,100.0,96.0,491.374634,250.70134,240.673294,0,0,0,0.0,,,0.94013,0.313377,0.313377,CON,,,610.0,,0.0,0.0,0.0,0
658786,0.0,0.0,0.0,0.0,0.0,0.0,icmp,0.0,,cs0,,58.0,,6.0,,Start,1,1,0,98,98,0,98.0,0.0,0.0,0.0,0.0,0,0,0,0.0,,,0.0,0.0,0.0,ECO,,,,,0.0,0.0,0.0,0
659479,2.996487,2.996487,2.996487,2.996487,2.996487,2.996487,tcp,136.0,,af41,,255.0,,1.0,,Start,3,3,0,222,222,0,74.0,0.0,395.129364,395.129364,0.0,2,2,0,40.0,0.0,0.0,0.667448,0.667448,0.0,REQ,3737600.0,,,,0.0,0.0,0.0,0
659480,0.0,0.0,0.0,0.0,0.0,0.0,icmp,0.0,,cs0,,58.0,,6.0,,Start,1,1,0,98,98,0,98.0,0.0,0.0,0.0,0.0,0,0,0,0.0,,,0.0,0.0,0.0,ECO,,,,,0.0,0.0,0.0,0
659779,0.0,0.0,0.0,0.0,0.0,0.0,udp,0.0,,cs0,,249.0,,7.0,,Start,1,1,0,74,74,0,74.0,0.0,0.0,0.0,0.0,0,0,0,0.0,,,0.0,0.0,0.0,INT,,,610.0,,0.0,0.0,0.0,0
659836,0.072696,0.072696,0.072696,0.072696,0.072696,0.072696,udp,0.0,0.0,cs0,cs0,64.0,117.0,0.0,11.0,Status,5,3,2,668,529,139,176.333328,69.5,46550.01563,38846.70313,7703.3125,0,0,0,0.0,,,55.023659,27.511829,13.755915,CON,,,,,0.0,0.0,0.0,0
660009,0.0,0.0,0.0,0.0,0.0,0.0,icmp,0.0,,cs0,,58.0,,6.0,,Start,1,1,0,98,98,0,98.0,0.0,0.0,0.0,0.0,0,0,0,0.0,,,0.0,0.0,0.0,ECO,,,,,0.0,0.0,0.0,0
660025,0.0,0.0,0.0,0.0,0.0,0.0,icmp,0.0,,cs0,,58.0,,6.0,,Start,1,1,0,98,98,0,98.0,0.0,0.0,0.0,0.0,0,0,0,0.0,,,0.0,0.0,0.0,ECO,,,,,0.0,0.0,0.0,0
660246,0.05299,0.05299,0.05299,0.05299,0.05299,0.05299,udp,0.0,0.0,cs0,cs0,64.0,117.0,0.0,11.0,Status,6,3,3,751,549,202,183.0,67.333336,75636.91406,55255.70703,20381.20313,0,0,0,0.0,,,94.357422,37.74297,37.74297,CON,,,,,0.0,0.0,0.0,0
660329,0.0,0.0,0.0,0.0,0.0,0.0,icmp,0.0,,cs0,,58.0,,6.0,,Start,1,1,0,98,98,0,98.0,0.0,0.0,0.0,0.0,0,0,0,0.0,,,0.0,0.0,0.0,ECO,,,,,0.0,0.0,0.0,0
660333,4.898961,4.898961,4.898961,4.898961,4.898961,4.898961,udp,0.0,0.0,cs0,cs0,117.0,64.0,11.0,0.0,Status,140,113,27,154225,146265,7960,1294.380493,294.814819,249256.1094,236737.5469,12518.57227,0,0,0,0.0,,,28.373363,22.86199,5.307248,CON,,,,,0.0,0.0,0.0,0
660335,0.0,0.0,0.0,0.0,0.0,0.0,icmp,0.0,,cs0,,58.0,,6.0,,Start,1,1,0,98,98,0,98.0,0.0,0.0,0.0,0.0,0,0,0,0.0,,,0.0,0.0,0.0,ECO,,,,,0.0,0.0,0.0,0
660537,4.902525,4.902525,4.902525,4.902525,4.902525,4.902525,udp,0.0,0.0,cs0,cs0,117.0,64.0,11.0,0.0,Status,120,102,18,139432,132648,6784,1300.470581,376.888885,224791.9219,214335.2656,10456.65234,0,0,0,0.0,,,24.273207,20.601629,3.467601,CON,,,,,0.0,0.0,0.0,0
660969,0.000106,0.000106,0.000106,0.000106,0.000106,0.000106,sctp,40.0,186.0,af11,ef,250.0,255.0,6.0,1.0,Status,2,1,1,232,118,114,118.0,114.0,0.0,0.0,0.0,0,0,0,0.0,,,9433.961914,0.0,0.0,CON,,,610.0,,0.0,0.0,0.0,0
661050,4.963227,4.963227,4.963227,4.963227,4.963227,4.963227,udp,0.0,0.0,cs0,cs0,117.0,64.0,11.0,0.0,Status,174,160,14,217377,213221,4156,1332.631226,296.857147,347756.0313,341534.25,6221.758789,0,0,0,0.0,,,34.856358,32.03561,2.619264,CON,,,,,0.0,0.0,0.0,0
661238,0.052831,0.052831,0.052831,0.052831,0.052831,0.052831,udp,0.0,0.0,cs0,cs0,64.0,52.0,0.0,12.0,Status,6,3,3,1876,1634,242,544.666687,80.666664,189585.6563,165054.6094,24531.05078,0,0,0,0.0,,,94.641403,37.85656,37.85656,CON,,,,,0.0,0.0,0.0,0
661779,4.881834,4.881834,4.881834,4.881834,4.881834,4.881834,udp,0.0,0.0,cs0,cs0,117.0,64.0,11.0,0.0,Status,177,156,21,216156,211489,4667,1355.69873,222.238098,351636.6875,344352.5625,7284.147461,0,0,0,0.0,,,36.052025,31.750362,4.096821,CON,,,,,0.0,0.0,0.0,0
661924,0.0,0.0,0.0,0.0,0.0,0.0,icmp,0.0,,cs0,,58.0,,6.0,,Start,1,1,0,98,98,0,98.0,0.0,0.0,0.0,0.0,0,0,0,0.0,,,0.0,0.0,0.0,ECO,,,,,0.0,0.0,0.0,0
662557,4.931116,4.931116,4.931116,4.931116,4.931116,4.931116,udp,0.0,0.0,cs0,cs0,117.0,64.0,11.0,0.0,Status,156,132,24,181519,174443,7076,1321.537842,294.833344,291867.4063,280864.625,11002.7832,0,0,0,0.0,,,31.433046,26.565994,4.664258,CON,,,,,0.0,0.0,0.0,0
662617,0.052995,0.052995,0.052995,0.052995,0.052995,0.052995,udp,0.0,0.0,cs0,cs0,64.0,117.0,0.0,11.0,Status,5,3,2,675,529,146,176.333328,73.0,64307.95313,53288.04688,11019.90723,0,0,0,0.0,,,75.478821,37.73941,18.869705,CON,,,,,0.0,0.0,0.0,0
663055,4.957858,4.957858,4.957858,4.957858,4.957858,4.957858,udp,0.0,0.0,cs0,cs0,64.0,117.0,0.0,11.0,Status,218,13,205,281037,4145,276892,318.846161,1350.692627,450789.8438,6175.247559,444614.5938,0,0,0,0.0,,,43.768902,2.4204,41.146801,CON,,,,,0.0,0.0,0.0,0
663594,0.189911,0.189911,0.189911,0.189911,0.189911,0.189911,udp,0.0,0.0,cs0,cs0,64.0,53.0,0.0,11.0,Start,18,10,8,12154,8116,4038,811.599976,504.75,456592.8438,307723.0938,148869.7344,0,0,0,0.0,,,89.515617,47.390621,36.859371,CON,,,,,0.0,0.0,0.0,0
663873,4.997014,4.997014,4.997014,4.997014,4.997014,4.997014,udp,0.0,0.0,cs0,cs0,64.0,117.0,0.0,11.0,Status,196,15,181,250613,4278,246335,285.200012,1360.966797,398586.8438,6392.617676,392194.2188,0,0,0,0.0,,,39.023304,2.801673,36.021511,CON,,,,,0.0,0.0,0.0,0
664880,0.052912,0.052912,0.052912,0.052912,0.052912,0.052912,udp,0.0,0.0,cs0,cs0,64.0,117.0,0.0,11.0,Status,6,3,3,733,531,202,177.0,67.333336,73934.07813,53522.82813,20411.24805,0,0,0,0.0,,,94.496521,37.798607,37.798607,CON,,,,,0.0,0.0,0.0,0
665094,4.90069,4.90069,4.90069,4.90069,4.90069,4.90069,udp,0.0,0.0,cs0,cs0,117.0,64.0,11.0,0.0,Status,172,151,21,208396,203539,4857,1347.94043,231.285721,337614.5,330062.9063,7551.589355,0,0,0,0.0,,,34.893044,30.607935,4.081058,CON,,,,,0.0,0.0,0.0,0
665337,4.887666,4.887666,4.887666,4.887666,4.887666,4.887666,udp,0.0,0.0,cs0,cs0,117.0,64.0,11.0,0.0,Status,174,151,23,209529,204527,5002,1354.483398,217.478256,340380.0,332548.0625,7831.958496,0,0,0,0.0,,,35.395214,30.689493,4.501126,CON,,,,,0.0,0.0,0.0,0
665395,0.157913,0.157913,0.157913,0.157913,0.157913,0.157913,tcp,0.0,0.0,cs0,cs0,64.0,62.0,0.0,2.0,Start,13,7,6,1820,851,969,121.571426,161.5,77916.32031,36982.39063,40933.93359,0,0,0,0.0,0.0,0.0,75.991211,37.995605,31.663004,CON,68096.0,31104.0,,,0.014902,0.001207,0.013695,0
665571,0.064714,0.064714,0.064714,0.064714,0.064714,0.064714,udp,0.0,0.0,cs0,cs0,64.0,117.0,0.0,11.0,Status,5,3,2,670,532,138,177.333328,69.0,52415.24219,43885.40234,8529.838867,0,0,0,0.0,,,61.810429,30.905214,15.452607,CON,,,,,0.0,0.0,0.0,0
665626,0.020937,0.020937,0.020937,0.020937,0.020937,0.020937,tcp,0.0,0.0,cs0,cs0,64.0,62.0,0.0,2.0,Status,4,3,1,295,229,66,76.333336,66.0,58461.09766,58461.09766,0.0,0,0,0,0.0,0.0,0.0,143.287003,95.524673,0.0,FIN,97792.0,31104.0,,,0.011925,0.001173,0.010752,0
665844,0.0,0.0,0.0,0.0,0.0,0.0,sctp,186.0,186.0,ef,ef,252.0,255.0,4.0,1.0,Status,2,1,1,192,98,94,98.0,94.0,0.0,0.0,0.0,0,0,0,0.0,,,0.0,0.0,0.0,CON,,,610.0,,0.0,0.0,0.0,0
665848,0.303267,0.303267,0.303267,0.303267,0.303267,0.303267,udp,0.0,0.0,cs0,cs0,117.0,64.0,11.0,0.0,Status,153,136,17,187626,183062,4564,1346.044067,268.470581,4906884.0,4793558.0,113325.8828,0,0,0,0.0,,,501.208496,445.152283,52.758789,CON,,,,,0.0,0.0,0.0,0
665853,0.059907,0.059907,0.059907,0.059907,0.059907,0.059907,udp,0.0,0.0,cs0,cs0,64.0,53.0,0.0,11.0,Start,9,5,4,6123,4205,1918,841.0,479.5,641394.125,449229.625,192164.5156,0,0,0,0.0,,,133.540314,66.770157,50.077621,CON,,,,,0.0,0.0,0.0,0
665904,4.998098,4.998098,4.998098,4.998098,4.998098,4.998098,udp,0.0,0.0,cs0,cs0,117.0,64.0,11.0,0.0,Status,189,176,13,242078,238395,3683,1354.51709,283.307678,384852.0,379409.9375,5442.070312,0,0,0,0.0,,,37.614307,35.013321,2.400913,CON,,,,,0.0,0.0,0.0,0
666078,0.0,0.0,0.0,0.0,0.0,0.0,udp,0.0,,cs0,,249.0,,7.0,,Start,1,1,0,74,74,0,74.0,0.0,0.0,0.0,0.0,0,0,0,0.0,,,0.0,0.0,0.0,INT,,,610.0,,0.0,0.0,0.0,0
666125,4.960414,4.960414,4.960414,4.960414,4.960414,4.960414,udp,0.0,0.0,cs0,cs0,117.0,64.0,11.0,0.0,Status,231,214,17,290471,285446,5025,1333.859863,295.588226,465836.9375,458208.5313,7628.395508,0,0,0,0.0,,,46.3671,42.939964,3.225537,CON,,,,,0.0,0.0,0.0,0
666128,0.0,0.0,0.0,0.0,0.0,0.0,icmp,0.0,,cs0,,58.0,,6.0,,Start,1,1,0,98,98,0,98.0,0.0,0.0,0.0,0.0,0,0,0,0.0,,,0.0,0.0,0.0,ECO,,,,,0.0,0.0,0.0,0
666150,0.120127,0.120127,0.120127,0.120127,0.120127,0.120127,udp,0.0,0.0,cs0,cs0,64.0,53.0,0.0,11.0,Status,8,5,3,5184,3490,1694,698.0,564.666687,261190.2344,185936.5469,75253.6875,0,0,0,0.0,,,58.271664,33.298092,16.649046,CON,,,,,0.0,0.0,0.0,0
666152,0.213811,0.213811,0.213811,0.213811,0.213811,0.213811,udp,0.0,0.0,cs0,cs0,64.0,52.0,0.0,12.0,Start,14,8,6,8642,5283,3359,660.375,559.833313,277740.625,172975.2031,104765.4297,0,0,0,0.0,,,60.801365,32.739197,23.385139,CON,,,,,0.0,0.0,0.0,0
666223,0.0,0.0,0.0,0.0,0.0,0.0,icmp,0.0,,cs0,,58.0,,6.0,,Start,1,1,0,98,98,0,98.0,0.0,0.0,0.0,0.0,0,0,0,0.0,,,0.0,0.0,0.0,ECO,,,,,0.0,0.0,0.0,0
666255,0.259206,0.259206,0.259206,0.259206,0.259206,0.259206,tcp,0.0,0.0,cs0,cs0,64.0,116.0,0.0,12.0,Start,19,11,8,3904,2146,1758,195.090912,219.75,107713.5547,60214.65625,47498.90234,0,0,0,0.0,0.0,0.0,69.442841,38.579353,27.005548,CON,69120.0,68096.0,,,0.052913,0.021354,0.031559,0
666262,0.0,0.0,0.0,0.0,0.0,0.0,icmp,0.0,,cs0,,58.0,,6.0,,Start,1,1,0,98,98,0,98.0,0.0,0.0,0.0,0.0,0,0,0,0.0,,,0.0,0.0,0.0,ECO,,,,,0.0,0.0,0.0,0
666347,0.000173,0.000173,0.000173,0.000173,0.000173,0.000173,sctp,40.0,186.0,af11,ef,250.0,255.0,6.0,1.0,Status,2,1,1,232,118,114,118.0,114.0,0.0,0.0,0.0,0,0,0,0.0,,,5780.347168,0.0,0.0,CON,,,610.0,,0.0,0.0,0.0,0
666421,4.99309,4.99309,4.99309,4.99309,4.99309,4.99309,udp,0.0,0.0,cs0,cs0,117.0,64.0,11.0,0.0,Status,272,233,39,322023,315157,6866,1352.605103,176.051285,513501.6563,502782.8438,10718.81348,0,0,0,0.0,,,54.275005,46.464211,7.610518,CON,,,,,0.0,0.0,0.0,0
666422,0.0,0.0,0.0,0.0,0.0,0.0,icmp,0.0,,cs0,,58.0,,6.0,,Start,1,1,0,98,98,0,98.0,0.0,0.0,0.0,0.0,0,0,0,0.0,,,0.0,0.0,0.0,ECO,,,,,0.0,0.0,0.0,0
666430,0.052999,0.052999,0.052999,0.052999,0.052999,0.052999,udp,0.0,0.0,cs0,cs0,64.0,117.0,0.0,11.0,Status,5,3,2,688,549,139,183.0,69.5,65812.5625,55246.32422,10566.23731,0,0,0,0.0,,,75.473122,37.736561,18.86828,CON,,,,,0.0,0.0,0.0,0
666440,0.0,0.0,0.0,0.0,0.0,0.0,udp,0.0,,cs0,,249.0,,7.0,,Start,1,1,0,74,74,0,74.0,0.0,0.0,0.0,0.0,0,0,0,0.0,,,0.0,0.0,0.0,INT,,,610.0,,0.0,0.0,0.0,0
666461,0.0,0.0,0.0,0.0,0.0,0.0,icmp,0.0,,cs0,,58.0,,6.0,,Start,1,1,0,98,98,0,98.0,0.0,0.0,0.0,0.0,0,0,0,0.0,,,0.0,0.0,0.0,ECO,,,,,0.0,0.0,0.0,0
666484,4.983941,4.983941,4.983941,4.983941,4.983941,4.983941,udp,0.0,0.0,cs0,cs0,64.0,117.0,0.0,11.0,Status,301,20,281,389856,4643,385213,232.149994,1370.864746,623208.0,7080.340332,616127.6875,0,0,0,0.0,,,60.193329,3.812244,56.180439,CON,,,,,0.0,0.0,0.0,0
666525,0.093015,0.093015,0.093015,0.093015,0.093015,0.093015,udp,0.0,0.0,cs0,cs0,64.0,53.0,0.0,11.0,Status,8,5,3,4846,3494,1352,698.799988,450.666656,318056.2188,240477.3438,77578.88281,0,0,0,0.0,,,75.256676,43.003815,21.501907,CON,,,,,0.0,0.0,0.0,0
666547,0.0,0.0,0.0,0.0,0.0,0.0,icmp,0.0,,cs0,,58.0,,6.0,,Start,1,1,0,98,98,0,98.0,0.0,0.0,0.0,0.0,0,0,0,0.0,,,0.0,0.0,0.0,ECO,,,,,0.0,0.0,0.0,0
666578,0.0,0.0,0.0,0.0,0.0,0.0,icmp,0.0,,cs0,,58.0,,6.0,,Start,1,1,0,98,98,0,98.0,0.0,0.0,0.0,0.0,0,0,0,0.0,,,0.0,0.0,0.0,ECO,,,,,0.0,0.0,0.0,0
666585,0.0,0.0,0.0,0.0,0.0,0.0,icmp,0.0,,cs0,,58.0,,6.0,,Start,1,1,0,98,98,0,98.0,0.0,0.0,0.0,0.0,0,0,0,0.0,,,0.0,0.0,0.0,ECO,,,,,0.0,0.0,0.0,0
666604,0.0,0.0,0.0,0.0,0.0,0.0,icmp,0.0,,cs0,,58.0,,6.0,,Start,1,1,0,98,98,0,98.0,0.0,0.0,0.0,0.0,0,0,0,0.0,,,0.0,0.0,0.0,ECO,,,,,0.0,0.0,0.0,0
666674,4.988183,4.988183,4.988183,4.988183,4.988183,4.988183,udp,0.0,0.0,cs0,cs0,64.0,117.0,0.0,11.0,Status,129,10,119,164970,3915,161055,391.5,1353.40332,261780.2969,5651.757324,256128.5313,0,0,0,0.0,,,25.660646,1.804264,23.655909,CON,,,,,0.0,0.0,0.0,0
666692,0.051981,0.051981,0.051981,0.051981,0.051981,0.051981,udp,0.0,0.0,cs0,cs0,64.0,117.0,0.0,11.0,Status,6,3,3,733,531,202,177.0,67.333336,75258.27344,54481.44531,20776.82227,0,0,0,0.0,,,96.188995,38.475597,38.475597,CON,,,,,0.0,0.0,0.0,0
666796,0.0,0.0,0.0,0.0,0.0,0.0,sctp,40.0,186.0,af11,ef,250.0,255.0,6.0,1.0,Status,2,1,1,192,98,94,98.0,94.0,0.0,0.0,0.0,0,0,0,0.0,,,0.0,0.0,0.0,CON,,,610.0,,0.0,0.0,0.0,0
666797,0.0,0.0,0.0,0.0,0.0,0.0,icmp,0.0,,cs0,,58.0,,6.0,,Start,1,1,0,98,98,0,98.0,0.0,0.0,0.0,0.0,0,0,0,0.0,,,0.0,0.0,0.0,ECO,,,,,0.0,0.0,0.0,0
666817,0.0,0.0,0.0,0.0,0.0,0.0,icmp,0.0,,cs0,,58.0,,6.0,,Start,1,1,0,98,98,0,98.0,0.0,0.0,0.0,0.0,0,0,0,0.0,,,0.0,0.0,0.0,ECO,,,,,0.0,0.0,0.0,0
666823,0.0,0.0,0.0,0.0,0.0,0.0,icmp,0.0,,cs0,,58.0,,6.0,,Start,1,1,0,98,98,0,98.0,0.0,0.0,0.0,0.0,0,0,0,0.0,,,0.0,0.0,0.0,ECO,,,,,0.0,0.0,0.0,0
666947,0.099877,0.099877,0.099877,0.099877,0.099877,0.099877,udp,0.0,0.0,cs0,cs0,64.0,53.0,0.0,11.0,Status,8,5,3,4828,3494,1334,698.799988,444.666656,295243.1563,223955.4688,71287.6875,0,0,0,0.0,,,70.086205,40.049259,20.02463,CON,,,,,0.0,0.0,0.0,0
667040,0.062483,0.062483,0.062483,0.062483,0.062483,0.062483,udp,0.0,0.0,cs0,cs0,64.0,117.0,0.0,11.0,Status,9,4,5,1113,770,343,192.5,68.599998,109213.7031,74004.125,35209.57422,0,0,0,0.0,,,128.034821,48.013058,64.01741,CON,,,,,0.0,0.0,0.0,0
667048,0.0,0.0,0.0,0.0,0.0,0.0,icmp,0.0,,cs0,,58.0,,6.0,,Start,1,1,0,98,98,0,98.0,0.0,0.0,0.0,0.0,0,0,0,0.0,,,0.0,0.0,0.0,ECO,,,,,0.0,0.0,0.0,0
667084,0.0,0.0,0.0,0.0,0.0,0.0,icmp,0.0,,cs0,,58.0,,6.0,,Start,1,1,0,98,98,0,98.0,0.0,0.0,0.0,0.0,0,0,0,0.0,,,0.0,0.0,0.0,ECO,,,,,0.0,0.0,0.0,0
667096,4.931531,4.931531,4.931531,4.931531,4.931531,4.931531,udp,0.0,0.0,cs0,cs0,117.0,64.0,11.0,0.0,Status,119,105,14,143641,139488,4153,1328.457153,296.642853,230382.0,224125.125,6256.880371,0,0,0,0.0,,,23.92766,21.088785,2.636098,CON,,,,,0.0,0.0,0.0,0
667128,0.0999,0.0999,0.0999,0.0999,0.0999,0.0999,udp,0.0,0.0,cs0,cs0,64.0,52.0,0.0,12.0,Status,8,5,3,4714,3240,1474,648.0,491.333344,286286.2813,207567.5625,78718.71875,0,0,0,0.0,,,70.070068,40.040039,20.02002,CON,,,,,0.0,0.0,0.0,0
667147,0.0,0.0,0.0,0.0,0.0,0.0,sctp,40.0,186.0,af11,ef,250.0,255.0,6.0,1.0,Status,2,1,1,192,98,94,98.0,94.0,0.0,0.0,0.0,0,0,0,0.0,,,0.0,0.0,0.0,CON,,,610.0,,0.0,0.0,0.0,0
667187,4.973694,4.973694,4.973694,4.973694,4.973694,4.973694,udp,0.0,0.0,cs0,cs0,117.0,64.0,11.0,0.0,Status,379,361,18,498086,494046,4040,1368.548462,224.444443,798592.0,792454.0625,6137.893066,0,0,0,0.0,,,75.999855,72.380814,3.417983,CON,,,,,0.0,0.0,0.0,0
667188,4.971841,4.971841,4.971841,4.971841,4.971841,4.971841,udp,0.0,0.0,cs0,cs0,117.0,64.0,11.0,0.0,Status,219,195,24,269743,264857,4886,1358.240967,203.583328,431521.4688,423986.2188,7535.237305,0,0,0,0.0,,,43.846939,39.019753,4.626053,CON,,,,,0.0,0.0,0.0,0
667205,0.0,0.0,0.0,0.0,0.0,0.0,udp,0.0,,cs0,,249.0,,7.0,,Start,1,1,0,64,64,0,64.0,0.0,0.0,0.0,0.0,0,0,0,0.0,,,0.0,0.0,0.0,INT,,,610.0,,0.0,0.0,0.0,0
667212,0.127943,0.127943,0.127943,0.127943,0.127943,0.127943,tcp,0.0,0.0,cs0,cs0,64.0,62.0,0.0,2.0,Start,13,7,6,1734,851,883,121.571426,147.166672,91665.82031,45645.32813,46020.49609,0,0,0,0.0,0.0,0.0,93.791771,46.895885,39.079903,CON,68096.0,31104.0,,,0.015955,0.000937,0.015018,0
667252,0.065469,0.065469,0.065469,0.065469,0.065469,0.065469,udp,0.0,0.0,cs0,cs0,64.0,117.0,0.0,11.0,Status,6,3,3,734,531,203,177.0,67.666664,59875.66797,43257.11719,16618.55273,0,0,0,0.0,,,76.372025,30.548811,30.548811,CON,,,,,0.0,0.0,0.0,0
667308,0.0,0.0,0.0,0.0,0.0,0.0,icmp,0.0,,cs0,,58.0,,6.0,,Start,1,1,0,98,98,0,98.0,0.0,0.0,0.0,0.0,0,0,0,0.0,,,0.0,0.0,0.0,ECO,,,,,0.0,0.0,0.0,0
667329,4.988972,4.988972,4.988972,4.988972,4.988972,4.988972,udp,0.0,0.0,cs0,cs0,117.0,64.0,11.0,0.0,Status,197,190,7,260299,259788,511,1367.305298,73.0,415089.9063,414387.5625,702.34906,0,0,0,0.0,,,39.286648,37.883556,1.202653,CON,,,,,0.0,0.0,0.0,0
667348,0.0,0.0,0.0,0.0,0.0,0.0,sctp,40.0,186.0,af11,ef,250.0,255.0,6.0,1.0,Status,2,1,1,192,98,94,98.0,94.0,0.0,0.0,0.0,0,0,0,0.0,,,0.0,0.0,0.0,CON,,,610.0,,0.0,0.0,0.0,0
667355,0.0,0.0,0.0,0.0,0.0,0.0,icmp,0.0,,cs0,,58.0,,6.0,,Start,1,1,0,98,98,0,98.0,0.0,0.0,0.0,0.0,0,0,0,0.0,,,0.0,0.0,0.0,ECO,,,,,0.0,0.0,0.0,0
667356,4.887434,4.887434,4.887434,4.887434,4.887434,4.887434,udp,0.0,0.0,cs0,cs0,117.0,64.0,11.0,0.0,Status,239,228,11,314449,310920,3529,1363.684204,320.818176,511951.25,506698.5938,5252.653809,0,0,0,0.0,,,48.696308,46.445641,2.046063,CON,,,,,0.0,0.0,0.0,0
667361,0.066908,0.066908,0.066908,0.066908,0.066908,0.066908,udp,0.0,0.0,cs0,cs0,64.0,117.0,0.0,11.0,Status,6,3,3,734,531,203,177.0,67.666664,58587.91016,42326.77734,16261.13379,0,0,0,0.0,,,74.729477,29.89179,29.89179,CON,,,,,0.0,0.0,0.0,0
667403,2.332867,2.332867,2.332867,2.332867,2.332867,2.332867,udp,0.0,0.0,cs0,cs0,64.0,53.0,0.0,11.0,Start,238,68,170,235723,7356,228367,108.176468,1343.335327,803378.875,24855.25391,778523.625,0,0,0,0.0,,,101.591736,28.720026,72.443054,CON,,,,,0.0,0.0,0.0,0
667507,0.0,0.0,0.0,0.0,0.0,0.0,udp,0.0,,cs0,,249.0,,7.0,,Start,1,1,0,64,64,0,64.0,0.0,0.0,0.0,0.0,0,0,0,0.0,,,0.0,0.0,0.0,INT,,,610.0,,0.0,0.0,0.0,0
667546,0.151901,0.151901,0.151901,0.151901,0.151901,0.151901,tcp,0.0,0.0,cs0,cs0,64.0,116.0,0.0,12.0,Start,10,6,4,2170,1072,1098,178.666672,274.5,90479.97656,47083.29688,43396.68359,0,0,0,0.0,0.0,0.0,59.249115,32.916176,19.749704,CON,68096.0,66816.0,,,0.034874,0.020822,0.014052,0
667579,4.902448,4.902448,4.902448,4.902448,4.902448,4.902448,udp,0.0,0.0,cs0,cs0,117.0,64.0,11.0,0.0,Status,252,225,27,312066,305923,6143,1359.657837,227.518524,506653.0,496999.0313,9653.952148,0,0,0,0.0,,,51.19891,45.691456,5.303473,CON,,,,,0.0,0.0,0.0,0
667582,0.111892,0.111892,0.111892,0.111892,0.111892,0.111892,udp,0.0,0.0,cs0,cs0,64.0,117.0,0.0,11.0,Start,10,6,4,6740,3644,3096,607.333313,774.0,383155.1875,217137.9531,166017.2344,0,0,0,0.0,,,80.434708,44.685947,26.811569,CON,,,,,0.0,0.0,0.0,0
667585,0.0,0.0,0.0,0.0,0.0,0.0,icmp,0.0,,cs0,,58.0,,6.0,,Start,1,1,0,98,98,0,98.0,0.0,0.0,0.0,0.0,0,0,0,0.0,,,0.0,0.0,0.0,ECO,,,,,0.0,0.0,0.0,0
667645,4.015968,4.015968,4.015968,4.015968,4.015968,4.015968,udp,0.0,0.0,cs0,cs0,64.0,52.0,0.0,12.0,Status,21,17,4,15608,13875,1733,816.176453,433.25,28603.81445,26014.15234,2589.662109,0,0,0,0.0,,,4.98012,3.984096,0.747018,CON,,,,,0.0,0.0,0.0,0
667698,0.006971,0.006971,0.006971,0.006971,0.006971,0.006971,udp,0.0,0.0,cs0,cs0,64.0,117.0,0.0,11.0,Status,2,2,0,342,342,0,171.0,0.0,196241.5625,196241.5625,0.0,0,0,0,0.0,,,143.451431,143.451431,0.0,REQ,,,,,0.0,0.0,0.0,0
667754,3.021956,3.021956,3.021956,3.021956,3.021956,3.021956,tcp,0.0,,cs0,,64.0,,0.0,,Start,4,4,0,296,296,0,74.0,0.0,587.698853,587.698853,0.0,3,3,0,42.857143,0.0,0.0,0.992734,0.992734,0.0,REQ,33553920.0,,,,0.0,0.0,0.0,0
667759,4.022771,4.022771,4.022771,4.022771,4.022771,4.022771,udp,0.0,,cs0,,64.0,,0.0,,Start,6,6,0,7097,7097,0,1182.833374,0.0,11763.03613,11763.03613,0.0,0,0,0,0.0,,,1.242924,1.242924,0.0,INT,,,,,0.0,0.0,0.0,0
667767,3.984084,3.984084,3.984084,3.984084,3.984084,3.984084,udp,0.0,,cs0,,64.0,,0.0,,Start,7,7,0,8489,8489,0,1212.714233,0.0,14612.14258,14612.14258,0.0,0,0,0,0.0,,,1.505992,1.505992,0.0,INT,,,,,0.0,0.0,0.0,0
667784,3.602152,3.602152,3.602152,3.602152,3.602152,3.602152,udp,0.0,0.0,cs0,cs0,64.0,117.0,0.0,11.0,Status,8,8,0,1832,1832,0,229.0,0.0,3560.093994,3560.093994,0.0,0,0,0,0.0,,,1.943283,1.943283,0.0,REQ,,,,,0.0,0.0,0.0,0
667796,1.890595,1.890595,1.890595,1.890595,1.890595,1.890595,tcp,0.0,,cs0,,64.0,,0.0,,Status,2,2,0,148,148,0,74.0,0.0,313.128937,313.128937,0.0,2,2,0,50.0,0.0,0.0,0.528934,0.528934,0.0,REQ,33553920.0,,,,0.0,0.0,0.0,0
667876,3.012934,3.012934,3.012934,3.012934,3.012934,3.012934,tcp,0.0,,cs0,,64.0,,0.0,,Start,3,3,0,222,222,0,74.0,0.0,392.972443,392.972443,0.0,2,2,0,40.0,0.0,0.0,0.663805,0.663805,0.0,REQ,33553920.0,,,,0.0,0.0,0.0,0
667894,0.0,0.0,0.0,0.0,0.0,0.0,tcp,0.0,,cs0,,64.0,,0.0,,Status,1,1,0,74,74,0,74.0,0.0,0.0,0.0,0.0,1,1,0,50.0,0.0,0.0,0.0,0.0,0.0,REQ,33553920.0,,,,0.0,0.0,0.0,0
667989,0.0,0.0,0.0,0.0,0.0,0.0,tcp,0.0,,cs0,,64.0,,0.0,,Status,1,1,0,74,74,0,74.0,0.0,0.0,0.0,0.0,1,1,0,50.0,0.0,0.0,0.0,0.0,0.0,REQ,33553920.0,,,,0.0,0.0,0.0,0
668072,0.0,0.0,0.0,0.0,0.0,0.0,tcp,0.0,,cs0,,64.0,,0.0,,Status,1,1,0,74,74,0,74.0,0.0,0.0,0.0,0.0,1,1,0,50.0,0.0,0.0,0.0,0.0,0.0,REQ,33553920.0,,,,0.0,0.0,0.0,0
668074,3.042284,3.042284,3.042284,3.042284,3.042284,3.042284,tcp,0.0,,cs0,,64.0,,0.0,,Status,2,2,0,148,148,0,74.0,0.0,194.590637,194.590637,0.0,2,2,0,50.0,0.0,0.0,0.3287,0.3287,0.0,REQ,33553920.0,,,,0.0,0.0,0.0,0
668086,4.012877,4.012877,4.012877,4.012877,4.012877,4.012877,udp,0.0,,cs0,,64.0,,0.0,,Start,6,6,0,7097,7097,0,1182.833374,0.0,11792.03809,11792.03809,0.0,0,0,0,0.0,,,1.245989,1.245989,0.0,INT,,,,,0.0,0.0,0.0,0
668142,0.0,0.0,0.0,0.0,0.0,0.0,tcp,0.0,,cs0,,64.0,,0.0,,Status,1,1,0,74,74,0,74.0,0.0,0.0,0.0,0.0,1,1,0,50.0,0.0,0.0,0.0,0.0,0.0,REQ,33553920.0,,,,0.0,0.0,0.0,0
668143,0.0,0.0,0.0,0.0,0.0,0.0,tcp,0.0,,cs0,,64.0,,0.0,,Status,1,1,0,74,74,0,74.0,0.0,0.0,0.0,0.0,1,1,0,50.0,0.0,0.0,0.0,0.0,0.0,REQ,33553920.0,,,,0.0,0.0,0.0,0
668170,0.0,0.0,0.0,0.0,0.0,0.0,tcp,0.0,,cs0,,64.0,,0.0,,Status,1,1,0,74,74,0,74.0,0.0,0.0,0.0,0.0,1,1,0,50.0,0.0,0.0,0.0,0.0,0.0,REQ,33553920.0,,,,0.0,0.0,0.0,0
668251,0.0,0.0,0.0,0.0,0.0,0.0,tcp,0.0,,cs0,,64.0,,0.0,,Status,1,1,0,74,74,0,74.0,0.0,0.0,0.0,0.0,1,1,0,50.0,0.0,0.0,0.0,0.0,0.0,REQ,33553920.0,,,,0.0,0.0,0.0,0
668311,0.265075,0.265075,0.265075,0.265075,0.265075,0.265075,tcp,0.0,0.0,cs0,cs0,64.0,52.0,0.0,12.0,Start,17,9,8,3017,1625,1392,180.555557,174.0,80369.71094,43610.30078,36759.40625,0,0,0,0.0,0.0,0.0,60.360275,30.180138,26.407621,CON,68096.0,67840.0,,,0.044189,0.029625,0.014564,0
668356,0.147952,0.147952,0.147952,0.147952,0.147952,0.147952,tcp,0.0,0.0,cs0,cs0,64.0,62.0,0.0,2.0,Start,22,11,11,5629,1090,4539,99.090912,412.636353,276738.4063,53584.94531,223153.4531,0,0,0,0.0,0.0,0.0,141.937927,67.589485,67.589485,FIN,42496.0,30080.0,,,0.015059,0.001089,0.01397,0
668474,0.0,0.0,0.0,0.0,0.0,0.0,udp,0.0,,cs0,,249.0,,7.0,,Start,1,1,0,74,74,0,74.0,0.0,0.0,0.0,0.0,0,0,0,0.0,,,0.0,0.0,0.0,INT,,,610.0,,0.0,0.0,0.0,0
668508,0.0,0.0,0.0,0.0,0.0,0.0,udp,0.0,,cs0,,249.0,,7.0,,Start,1,1,0,74,74,0,74.0,0.0,0.0,0.0,0.0,0,0,0,0.0,,,0.0,0.0,0.0,INT,,,610.0,,0.0,0.0,0.0,0
668538,0.0,0.0,0.0,0.0,0.0,0.0,udp,0.0,,cs0,,249.0,,7.0,,Start,1,1,0,74,74,0,74.0,0.0,0.0,0.0,0.0,0,0,0,0.0,,,0.0,0.0,0.0,INT,,,610.0,,0.0,0.0,0.0,0
668634,0.0,0.0,0.0,0.0,0.0,0.0,udp,0.0,,cs0,,249.0,,7.0,,Start,1,1,0,74,74,0,74.0,0.0,0.0,0.0,0.0,0,0,0,0.0,,,0.0,0.0,0.0,INT,,,610.0,,0.0,0.0,0.0,0
668641,0.0,0.0,0.0,0.0,0.0,0.0,udp,0.0,,cs0,,249.0,,7.0,,Start,1,1,0,74,74,0,74.0,0.0,0.0,0.0,0.0,0,0,0,0.0,,,0.0,0.0,0.0,INT,,,610.0,,0.0,0.0,0.0,0
668647,0.0,0.0,0.0,0.0,0.0,0.0,udp,0.0,,cs0,,249.0,,7.0,,Start,1,1,0,74,74,0,74.0,0.0,0.0,0.0,0.0,0,0,0,0.0,,,0.0,0.0,0.0,INT,,,610.0,,0.0,0.0,0.0,0
668667,0.0,0.0,0.0,0.0,0.0,0.0,udp,0.0,,cs0,,249.0,,7.0,,Start,1,1,0,74,74,0,74.0,0.0,0.0,0.0,0.0,0,0,0,0.0,,,0.0,0.0,0.0,INT,,,610.0,,0.0,0.0,0.0,0
668700,0.0,0.0,0.0,0.0,0.0,0.0,udp,0.0,,cs0,,249.0,,7.0,,Start,1,1,0,74,74,0,74.0,0.0,0.0,0.0,0.0,0,0,0,0.0,,,0.0,0.0,0.0,INT,,,610.0,,0.0,0.0,0.0,0
668725,0.0,0.0,0.0,0.0,0.0,0.0,udp,0.0,,cs0,,249.0,,7.0,,Start,1,1,0,74,74,0,74.0,0.0,0.0,0.0,0.0,0,0,0,0.0,,,0.0,0.0,0.0,INT,,,610.0,,0.0,0.0,0.0,0
668728,0.0,0.0,0.0,0.0,0.0,0.0,udp,0.0,,cs0,,249.0,,7.0,,Start,1,1,0,74,74,0,74.0,0.0,0.0,0.0,0.0,0,0,0,0.0,,,0.0,0.0,0.0,INT,,,610.0,,0.0,0.0,0.0,0
668738,0.0,0.0,0.0,0.0,0.0,0.0,udp,0.0,,cs0,,249.0,,7.0,,Start,1,1,0,74,74,0,74.0,0.0,0.0,0.0,0.0,0,0,0,0.0,,,0.0,0.0,0.0,INT,,,610.0,,0.0,0.0,0.0,0
668753,0.0,0.0,0.0,0.0,0.0,0.0,udp,0.0,,cs0,,249.0,,7.0,,Start,1,1,0,74,74,0,74.0,0.0,0.0,0.0,0.0,0,0,0,0.0,,,0.0,0.0,0.0,INT,,,610.0,,0.0,0.0,0.0,0
668813,0.0,0.0,0.0,0.0,0.0,0.0,udp,0.0,,cs0,,249.0,,7.0,,Start,1,1,0,74,74,0,74.0,0.0,0.0,0.0,0.0,0,0,0,0.0,,,0.0,0.0,0.0,INT,,,610.0,,0.0,0.0,0.0,0
668839,0.0,0.0,0.0,0.0,0.0,0.0,udp,0.0,,cs0,,249.0,,7.0,,Start,1,1,0,74,74,0,74.0,0.0,0.0,0.0,0.0,0,0,0,0.0,,,0.0,0.0,0.0,INT,,,610.0,,0.0,0.0,0.0,0
668954,0.0,0.0,0.0,0.0,0.0,0.0,udp,0.0,,cs0,,249.0,,7.0,,Start,1,1,0,74,74,0,74.0,0.0,0.0,0.0,0.0,0,0,0,0.0,,,0.0,0.0,0.0,INT,,,610.0,,0.0,0.0,0.0,0
669001,0.0,0.0,0.0,0.0,0.0,0.0,udp,0.0,,cs0,,249.0,,7.0,,Start,1,1,0,74,74,0,74.0,0.0,0.0,0.0,0.0,0,0,0,0.0,,,0.0,0.0,0.0,INT,,,610.0,,0.0,0.0,0.0,0
669048,0.0,0.0,0.0,0.0,0.0,0.0,udp,0.0,,cs0,,249.0,,7.0,,Start,1,1,0,74,74,0,74.0,0.0,0.0,0.0,0.0,0,0,0,0.0,,,0.0,0.0,0.0,INT,,,610.0,,0.0,0.0,0.0,0
669072,0.0,0.0,0.0,0.0,0.0,0.0,udp,0.0,,cs0,,249.0,,7.0,,Start,1,1,0,74,74,0,74.0,0.0,0.0,0.0,0.0,0,0,0,0.0,,,0.0,0.0,0.0,INT,,,610.0,,0.0,0.0,0.0,0
669113,0.0,0.0,0.0,0.0,0.0,0.0,udp,0.0,,cs0,,249.0,,7.0,,Start,1,1,0,74,74,0,74.0,0.0,0.0,0.0,0.0,0,0,0,0.0,,,0.0,0.0,0.0,INT,,,610.0,,0.0,0.0,0.0,0
669128,0.0,0.0,0.0,0.0,0.0,0.0,udp,0.0,,cs0,,249.0,,7.0,,Start,1,1,0,74,74,0,74.0,0.0,0.0,0.0,0.0,0,0,0,0.0,,,0.0,0.0,0.0,INT,,,610.0,,0.0,0.0,0.0,0
669300,0.0,0.0,0.0,0.0,0.0,0.0,udp,0.0,,cs0,,249.0,,7.0,,Start,1,1,0,74,74,0,74.0,0.0,0.0,0.0,0.0,0,0,0,0.0,,,0.0,0.0,0.0,INT,,,610.0,,0.0,0.0,0.0,0
669352,0.0,0.0,0.0,0.0,0.0,0.0,udp,0.0,,cs0,,249.0,,7.0,,Start,1,1,0,74,74,0,74.0,0.0,0.0,0.0,0.0,0,0,0,0.0,,,0.0,0.0,0.0,INT,,,610.0,,0.0,0.0,0.0,0
669424,0.0,0.0,0.0,0.0,0.0,0.0,udp,0.0,,cs0,,249.0,,7.0,,Start,1,1,0,74,74,0,74.0,0.0,0.0,0.0,0.0,0,0,0,0.0,,,0.0,0.0,0.0,INT,,,610.0,,0.0,0.0,0.0,0
669430,0.0,0.0,0.0,0.0,0.0,0.0,udp,0.0,,cs0,,249.0,,7.0,,Start,1,1,0,74,74,0,74.0,0.0,0.0,0.0,0.0,0,0,0,0.0,,,0.0,0.0,0.0,INT,,,610.0,,0.0,0.0,0.0,0
669516,0.0,0.0,0.0,0.0,0.0,0.0,udp,0.0,,cs0,,249.0,,7.0,,Start,1,1,0,74,74,0,74.0,0.0,0.0,0.0,0.0,0,0,0,0.0,,,0.0,0.0,0.0,INT,,,610.0,,0.0,0.0,0.0,0
669577,0.0,0.0,0.0,0.0,0.0,0.0,udp,0.0,,cs0,,249.0,,7.0,,Start,1,1,0,74,74,0,74.0,0.0,0.0,0.0,0.0,0,0,0,0.0,,,0.0,0.0,0.0,INT,,,610.0,,0.0,0.0,0.0,0
669588,0.0,0.0,0.0,0.0,0.0,0.0,udp,0.0,,cs0,,249.0,,7.0,,Start,1,1,0,74,74,0,74.0,0.0,0.0,0.0,0.0,0,0,0,0.0,,,0.0,0.0,0.0,INT,,,610.0,,0.0,0.0,0.0,0
669590,0.0,0.0,0.0,0.0,0.0,0.0,udp,0.0,,cs0,,249.0,,7.0,,Start,1,1,0,74,74,0,74.0,0.0,0.0,0.0,0.0,0,0,0,0.0,,,0.0,0.0,0.0,INT,,,610.0,,0.0,0.0,0.0,0
669619,0.0,0.0,0.0,0.0,0.0,0.0,udp,0.0,,cs0,,249.0,,7.0,,Start,1,1,0,74,74,0,74.0,0.0,0.0,0.0,0.0,0,0,0,0.0,,,0.0,0.0,0.0,INT,,,610.0,,0.0,0.0,0.0,0
669776,0.0,0.0,0.0,0.0,0.0,0.0,udp,0.0,,cs0,,249.0,,7.0,,Start,1,1,0,74,74,0,74.0,0.0,0.0,0.0,0.0,0,0,0,0.0,,,0.0,0.0,0.0,INT,,,610.0,,0.0,0.0,0.0,0
669787,0.0,0.0,0.0,0.0,0.0,0.0,udp,0.0,,cs0,,249.0,,7.0,,Start,1,1,0,74,74,0,74.0,0.0,0.0,0.0,0.0,0,0,0,0.0,,,0.0,0.0,0.0,INT,,,610.0,,0.0,0.0,0.0,0
669929,0.0,0.0,0.0,0.0,0.0,0.0,udp,0.0,,cs0,,249.0,,7.0,,Start,1,1,0,74,74,0,74.0,0.0,0.0,0.0,0.0,0,0,0,0.0,,,0.0,0.0,0.0,INT,,,610.0,,0.0,0.0,0.0,0
669958,0.0,0.0,0.0,0.0,0.0,0.0,udp,0.0,,cs0,,249.0,,7.0,,Start,1,1,0,74,74,0,74.0,0.0,0.0,0.0,0.0,0,0,0,0.0,,,0.0,0.0,0.0,INT,,,610.0,,0.0,0.0,0.0,0
670035,0.0,0.0,0.0,0.0,0.0,0.0,udp,0.0,,cs0,,249.0,,7.0,,Start,1,1,0,74,74,0,74.0,0.0,0.0,0.0,0.0,0,0,0,0.0,,,0.0,0.0,0.0,INT,,,610.0,,0.0,0.0,0.0,0
670078,0.0,0.0,0.0,0.0,0.0,0.0,udp,0.0,,cs0,,249.0,,7.0,,Start,1,1,0,74,74,0,74.0,0.0,0.0,0.0,0.0,0,0,0,0.0,,,0.0,0.0,0.0,INT,,,610.0,,0.0,0.0,0.0,0
670090,0.0,0.0,0.0,0.0,0.0,0.0,udp,0.0,,cs0,,249.0,,7.0,,Start,1,1,0,74,74,0,74.0,0.0,0.0,0.0,0.0,0,0,0,0.0,,,0.0,0.0,0.0,INT,,,610.0,,0.0,0.0,0.0,0
670092,0.0,0.0,0.0,0.0,0.0,0.0,udp,0.0,,cs0,,249.0,,7.0,,Start,1,1,0,74,74,0,74.0,0.0,0.0,0.0,0.0,0,0,0,0.0,,,0.0,0.0,0.0,INT,,,610.0,,0.0,0.0,0.0,0
670113,0.0,0.0,0.0,0.0,0.0,0.0,udp,0.0,,cs0,,249.0,,7.0,,Start,1,1,0,74,74,0,74.0,0.0,0.0,0.0,0.0,0,0,0,0.0,,,0.0,0.0,0.0,INT,,,610.0,,0.0,0.0,0.0,0
670194,0.0,0.0,0.0,0.0,0.0,0.0,udp,0.0,,cs0,,249.0,,7.0,,Start,1,1,0,74,74,0,74.0,0.0,0.0,0.0,0.0,0,0,0,0.0,,,0.0,0.0,0.0,INT,,,610.0,,0.0,0.0,0.0,0
670208,0.0,0.0,0.0,0.0,0.0,0.0,udp,0.0,,cs0,,249.0,,7.0,,Start,1,1,0,74,74,0,74.0,0.0,0.0,0.0,0.0,0,0,0,0.0,,,0.0,0.0,0.0,INT,,,610.0,,0.0,0.0,0.0,0
670247,0.0,0.0,0.0,0.0,0.0,0.0,udp,0.0,,cs0,,249.0,,7.0,,Start,1,1,0,74,74,0,74.0,0.0,0.0,0.0,0.0,0,0,0,0.0,,,0.0,0.0,0.0,INT,,,610.0,,0.0,0.0,0.0,0
670257,0.0,0.0,0.0,0.0,0.0,0.0,udp,0.0,,cs0,,249.0,,7.0,,Start,1,1,0,74,74,0,74.0,0.0,0.0,0.0,0.0,0,0,0,0.0,,,0.0,0.0,0.0,INT,,,610.0,,0.0,0.0,0.0,0
670283,0.0,0.0,0.0,0.0,0.0,0.0,udp,0.0,,cs0,,249.0,,7.0,,Start,1,1,0,74,74,0,74.0,0.0,0.0,0.0,0.0,0,0,0,0.0,,,0.0,0.0,0.0,INT,,,610.0,,0.0,0.0,0.0,0
670354,0.0,0.0,0.0,0.0,0.0,0.0,udp,0.0,,cs0,,249.0,,7.0,,Start,1,1,0,74,74,0,74.0,0.0,0.0,0.0,0.0,0,0,0,0.0,,,0.0,0.0,0.0,INT,,,610.0,,0.0,0.0,0.0,0
670364,0.0,0.0,0.0,0.0,0.0,0.0,udp,0.0,,cs0,,249.0,,7.0,,Start,1,1,0,74,74,0,74.0,0.0,0.0,0.0,0.0,0,0,0,0.0,,,0.0,0.0,0.0,INT,,,610.0,,0.0,0.0,0.0,0
670366,0.0,0.0,0.0,0.0,0.0,0.0,udp,0.0,,cs0,,249.0,,7.0,,Start,1,1,0,74,74,0,74.0,0.0,0.0,0.0,0.0,0,0,0,0.0,,,0.0,0.0,0.0,INT,,,610.0,,0.0,0.0,0.0,0
670472,0.0,0.0,0.0,0.0,0.0,0.0,udp,0.0,,cs0,,249.0,,7.0,,Start,1,1,0,74,74,0,74.0,0.0,0.0,0.0,0.0,0,0,0,0.0,,,0.0,0.0,0.0,INT,,,610.0,,0.0,0.0,0.0,0
670507,0.128904,0.128904,0.128904,0.128904,0.128904,0.128904,tcp,0.0,0.0,cs0,cs0,64.0,117.0,0.0,11.0,Status,181,43,138,205123,2838,202285,66.0,1465.833374,12635263.0,172035.0,12463228.0,0,0,0,0.0,0.0,0.0,1396.388062,325.823883,1062.806396,CON,750592.0,119040.0,,,0.035923,0.021073,0.01485,0
670540,0.0,0.0,0.0,0.0,0.0,0.0,udp,0.0,,cs0,,249.0,,7.0,,Start,1,1,0,74,74,0,74.0,0.0,0.0,0.0,0.0,0,0,0,0.0,,,0.0,0.0,0.0,INT,,,610.0,,0.0,0.0,0.0,0
670576,0.0,0.0,0.0,0.0,0.0,0.0,udp,0.0,,cs0,,249.0,,7.0,,Start,1,1,0,74,74,0,74.0,0.0,0.0,0.0,0.0,0,0,0,0.0,,,0.0,0.0,0.0,INT,,,610.0,,0.0,0.0,0.0,0
670656,2.358665,2.358665,2.358665,2.358665,2.358665,2.358665,tcp,0.0,,cs0,,114.0,,14.0,,Start,3,3,0,222,222,0,74.0,0.0,501.978882,501.978882,0.0,2,2,0,40.0,0.0,0.0,0.847937,0.847937,0.0,ACC,16776960.0,,,,0.0,0.0,0.0,0
670672,0.0,0.0,0.0,0.0,0.0,0.0,udp,0.0,,cs0,,249.0,,7.0,,Start,1,1,0,74,74,0,74.0,0.0,0.0,0.0,0.0,0,0,0,0.0,,,0.0,0.0,0.0,INT,,,610.0,,0.0,0.0,0.0,0
670722,0.0,0.0,0.0,0.0,0.0,0.0,udp,0.0,,cs0,,249.0,,7.0,,Start,1,1,0,74,74,0,74.0,0.0,0.0,0.0,0.0,0,0,0,0.0,,,0.0,0.0,0.0,INT,,,610.0,,0.0,0.0,0.0,0
670738,0.0,0.0,0.0,0.0,0.0,0.0,udp,0.0,,cs0,,249.0,,7.0,,Start,1,1,0,74,74,0,74.0,0.0,0.0,0.0,0.0,0,0,0,0.0,,,0.0,0.0,0.0,INT,,,610.0,,0.0,0.0,0.0,0
670771,0.0,0.0,0.0,0.0,0.0,0.0,udp,0.0,,cs0,,249.0,,7.0,,Start,1,1,0,74,74,0,74.0,0.0,0.0,0.0,0.0,0,0,0,0.0,,,0.0,0.0,0.0,INT,,,610.0,,0.0,0.0,0.0,0
670791,0.0,0.0,0.0,0.0,0.0,0.0,udp,0.0,,cs0,,249.0,,7.0,,Start,1,1,0,74,74,0,74.0,0.0,0.0,0.0,0.0,0,0,0,0.0,,,0.0,0.0,0.0,INT,,,610.0,,0.0,0.0,0.0,0
670876,0.0,0.0,0.0,0.0,0.0,0.0,udp,0.0,,cs0,,249.0,,7.0,,Start,1,1,0,74,74,0,74.0,0.0,0.0,0.0,0.0,0,0,0,0.0,,,0.0,0.0,0.0,INT,,,610.0,,0.0,0.0,0.0,0
670877,0.0,0.0,0.0,0.0,0.0,0.0,udp,0.0,,cs0,,249.0,,7.0,,Start,1,1,0,74,74,0,74.0,0.0,0.0,0.0,0.0,0,0,0,0.0,,,0.0,0.0,0.0,INT,,,610.0,,0.0,0.0,0.0,0
670881,0.0,0.0,0.0,0.0,0.0,0.0,udp,0.0,,cs0,,249.0,,7.0,,Start,1,1,0,74,74,0,74.0,0.0,0.0,0.0,0.0,0,0,0,0.0,,,0.0,0.0,0.0,INT,,,610.0,,0.0,0.0,0.0,0
670966,0.0,0.0,0.0,0.0,0.0,0.0,udp,0.0,,cs0,,249.0,,7.0,,Start,1,1,0,74,74,0,74.0,0.0,0.0,0.0,0.0,0,0,0,0.0,,,0.0,0.0,0.0,INT,,,610.0,,0.0,0.0,0.0,0
671011,0.0,0.0,0.0,0.0,0.0,0.0,udp,0.0,,cs0,,249.0,,7.0,,Start,1,1,0,74,74,0,74.0,0.0,0.0,0.0,0.0,0,0,0,0.0,,,0.0,0.0,0.0,INT,,,610.0,,0.0,0.0,0.0,0
671028,0.0,0.0,0.0,0.0,0.0,0.0,udp,0.0,,cs0,,249.0,,7.0,,Start,1,1,0,74,74,0,74.0,0.0,0.0,0.0,0.0,0,0,0,0.0,,,0.0,0.0,0.0,INT,,,610.0,,0.0,0.0,0.0,0
671033,0.0,0.0,0.0,0.0,0.0,0.0,udp,0.0,,cs0,,249.0,,7.0,,Start,1,1,0,74,74,0,74.0,0.0,0.0,0.0,0.0,0,0,0,0.0,,,0.0,0.0,0.0,INT,,,610.0,,0.0,0.0,0.0,0
671049,0.0,0.0,0.0,0.0,0.0,0.0,udp,0.0,,cs0,,249.0,,7.0,,Start,1,1,0,74,74,0,74.0,0.0,0.0,0.0,0.0,0,0,0,0.0,,,0.0,0.0,0.0,INT,,,610.0,,0.0,0.0,0.0,0
671094,0.0,0.0,0.0,0.0,0.0,0.0,udp,0.0,,cs0,,249.0,,7.0,,Start,1,1,0,74,74,0,74.0,0.0,0.0,0.0,0.0,0,0,0,0.0,,,0.0,0.0,0.0,INT,,,610.0,,0.0,0.0,0.0,0
671153,0.0,0.0,0.0,0.0,0.0,0.0,udp,0.0,,cs0,,249.0,,7.0,,Start,1,1,0,74,74,0,74.0,0.0,0.0,0.0,0.0,0,0,0,0.0,,,0.0,0.0,0.0,INT,,,610.0,,0.0,0.0,0.0,0
671171,0.0,0.0,0.0,0.0,0.0,0.0,udp,0.0,,cs0,,249.0,,7.0,,Start,1,1,0,74,74,0,74.0,0.0,0.0,0.0,0.0,0,0,0,0.0,,,0.0,0.0,0.0,INT,,,610.0,,0.0,0.0,0.0,0
671177,0.0,0.0,0.0,0.0,0.0,0.0,udp,0.0,,cs0,,249.0,,7.0,,Start,1,1,0,74,74,0,74.0,0.0,0.0,0.0,0.0,0,0,0,0.0,,,0.0,0.0,0.0,INT,,,610.0,,0.0,0.0,0.0,0
671214,0.0,0.0,0.0,0.0,0.0,0.0,udp,0.0,,cs0,,249.0,,7.0,,Start,1,1,0,74,74,0,74.0,0.0,0.0,0.0,0.0,0,0,0,0.0,,,0.0,0.0,0.0,INT,,,610.0,,0.0,0.0,0.0,0
671349,0.0,0.0,0.0,0.0,0.0,0.0,udp,0.0,,cs0,,249.0,,7.0,,Start,1,1,0,74,74,0,74.0,0.0,0.0,0.0,0.0,0,0,0,0.0,,,0.0,0.0,0.0,INT,,,610.0,,0.0,0.0,0.0,0
671443,0.0,0.0,0.0,0.0,0.0,0.0,udp,0.0,,cs0,,249.0,,7.0,,Start,1,1,0,74,74,0,74.0,0.0,0.0,0.0,0.0,0,0,0,0.0,,,0.0,0.0,0.0,INT,,,610.0,,0.0,0.0,0.0,0
671621,0.0,0.0,0.0,0.0,0.0,0.0,udp,0.0,,cs0,,249.0,,7.0,,Start,1,1,0,74,74,0,74.0,0.0,0.0,0.0,0.0,0,0,0,0.0,,,0.0,0.0,0.0,INT,,,610.0,,0.0,0.0,0.0,0
671647,0.0,0.0,0.0,0.0,0.0,0.0,icmp,0.0,,cs0,,58.0,,6.0,,Start,1,1,0,98,98,0,98.0,0.0,0.0,0.0,0.0,0,0,0,0.0,,,0.0,0.0,0.0,ECO,,,,,0.0,0.0,0.0,0
671679,0.00149,0.00149,0.00149,0.00149,0.00149,0.00149,udp,0.0,48.0,cs0,af12,64.0,62.0,0.0,2.0,Start,2,1,1,412,74,338,74.0,338.0,0.0,0.0,0.0,0,0,0,0.0,,,671.14093,0.0,0.0,CON,,,,,0.0,0.0,0.0,0
671726,0.0,0.0,0.0,0.0,0.0,0.0,udp,0.0,,cs0,,249.0,,7.0,,Start,1,1,0,74,74,0,74.0,0.0,0.0,0.0,0.0,0,0,0,0.0,,,0.0,0.0,0.0,INT,,,610.0,,0.0,0.0,0.0,0
671737,0.0,0.0,0.0,0.0,0.0,0.0,udp,0.0,,cs0,,249.0,,7.0,,Start,1,1,0,74,74,0,74.0,0.0,0.0,0.0,0.0,0,0,0,0.0,,,0.0,0.0,0.0,INT,,,610.0,,0.0,0.0,0.0,0
671762,0.0,0.0,0.0,0.0,0.0,0.0,udp,0.0,,cs0,,249.0,,7.0,,Start,1,1,0,74,74,0,74.0,0.0,0.0,0.0,0.0,0,0,0,0.0,,,0.0,0.0,0.0,INT,,,610.0,,0.0,0.0,0.0,0
671775,0.0,0.0,0.0,0.0,0.0,0.0,udp,0.0,,cs0,,249.0,,7.0,,Start,1,1,0,74,74,0,74.0,0.0,0.0,0.0,0.0,0,0,0,0.0,,,0.0,0.0,0.0,INT,,,610.0,,0.0,0.0,0.0,0
671854,0.0,0.0,0.0,0.0,0.0,0.0,icmp,0.0,,cs0,,58.0,,6.0,,Start,1,1,0,98,98,0,98.0,0.0,0.0,0.0,0.0,0,0,0,0.0,,,0.0,0.0,0.0,ECO,,,,,0.0,0.0,0.0,0
671887,0.0,0.0,0.0,0.0,0.0,0.0,udp,0.0,,cs0,,249.0,,7.0,,Start,1,1,0,74,74,0,74.0,0.0,0.0,0.0,0.0,0,0,0,0.0,,,0.0,0.0,0.0,INT,,,610.0,,0.0,0.0,0.0,0
671960,0.0,0.0,0.0,0.0,0.0,0.0,udp,0.0,,cs0,,249.0,,7.0,,Start,1,1,0,74,74,0,74.0,0.0,0.0,0.0,0.0,0,0,0,0.0,,,0.0,0.0,0.0,INT,,,610.0,,0.0,0.0,0.0,0
671978,0.0,0.0,0.0,0.0,0.0,0.0,udp,0.0,,cs0,,249.0,,7.0,,Start,1,1,0,74,74,0,74.0,0.0,0.0,0.0,0.0,0,0,0,0.0,,,0.0,0.0,0.0,INT,,,610.0,,0.0,0.0,0.0,0
671987,0.0,0.0,0.0,0.0,0.0,0.0,udp,0.0,,cs0,,249.0,,7.0,,Start,1,1,0,74,74,0,74.0,0.0,0.0,0.0,0.0,0,0,0,0.0,,,0.0,0.0,0.0,INT,,,610.0,,0.0,0.0,0.0,0
672022,0.0,0.0,0.0,0.0,0.0,0.0,icmp,0.0,,cs0,,58.0,,6.0,,Start,1,1,0,98,98,0,98.0,0.0,0.0,0.0,0.0,0,0,0,0.0,,,0.0,0.0,0.0,ECO,,,,,0.0,0.0,0.0,0
672040,0.0,0.0,0.0,0.0,0.0,0.0,udp,0.0,,cs0,,249.0,,7.0,,Start,1,1,0,74,74,0,74.0,0.0,0.0,0.0,0.0,0,0,0,0.0,,,0.0,0.0,0.0,INT,,,610.0,,0.0,0.0,0.0,0
672056,0.0,0.0,0.0,0.0,0.0,0.0,icmp,0.0,,cs0,,58.0,,6.0,,Start,1,1,0,98,98,0,98.0,0.0,0.0,0.0,0.0,0,0,0,0.0,,,0.0,0.0,0.0,ECO,,,,,0.0,0.0,0.0,0
672071,0.100016,0.100016,0.100016,0.100016,0.100016,0.100016,tcp,0.0,0.0,cs0,cs0,64.0,117.0,0.0,11.0,Status,57,5,52,74990,1904,73086,380.799988,1405.5,5855463.0,121900.5,5733563.0,0,0,0,0.0,0.0,0.0,559.9104,39.993603,509.918427,CON,750592.0,171264.0,,,0.035923,0.021073,0.01485,0
672103,0.0,0.0,0.0,0.0,0.0,0.0,udp,0.0,,cs0,,249.0,,7.0,,Start,1,1,0,74,74,0,74.0,0.0,0.0,0.0,0.0,0,0,0,0.0,,,0.0,0.0,0.0,INT,,,610.0,,0.0,0.0,0.0,0
672148,0.0,0.0,0.0,0.0,0.0,0.0,udp,0.0,,cs0,,249.0,,7.0,,Start,1,1,0,74,74,0,74.0,0.0,0.0,0.0,0.0,0,0,0,0.0,,,0.0,0.0,0.0,INT,,,610.0,,0.0,0.0,0.0,0
672160,0.0,0.0,0.0,0.0,0.0,0.0,udp,0.0,,cs0,,249.0,,7.0,,Start,1,1,0,74,74,0,74.0,0.0,0.0,0.0,0.0,0,0,0,0.0,,,0.0,0.0,0.0,INT,,,610.0,,0.0,0.0,0.0,0
672231,3.04628,3.04628,3.04628,3.04628,3.04628,3.04628,tcp,0.0,,cs0,,117.0,,11.0,,Start,4,4,0,296,296,0,74.0,0.0,583.006165,583.006165,0.0,3,3,0,42.857143,0.0,0.0,0.984808,0.984808,0.0,ACC,16776960.0,,,,0.0,0.0,0.0,0
672243,0.0,0.0,0.0,0.0,0.0,0.0,udp,0.0,,cs0,,249.0,,7.0,,Start,1,1,0,74,74,0,74.0,0.0,0.0,0.0,0.0,0,0,0,0.0,,,0.0,0.0,0.0,INT,,,610.0,,0.0,0.0,0.0,0
672280,0.0,0.0,0.0,0.0,0.0,0.0,udp,0.0,,cs0,,249.0,,7.0,,Start,1,1,0,74,74,0,74.0,0.0,0.0,0.0,0.0,0,0,0,0.0,,,0.0,0.0,0.0,INT,,,610.0,,0.0,0.0,0.0,0
672302,0.0,0.0,0.0,0.0,0.0,0.0,udp,0.0,,cs0,,249.0,,7.0,,Start,1,1,0,74,74,0,74.0,0.0,0.0,0.0,0.0,0,0,0,0.0,,,0.0,0.0,0.0,INT,,,610.0,,0.0,0.0,0.0,0
672344,0.0,0.0,0.0,0.0,0.0,0.0,udp,0.0,,cs0,,249.0,,7.0,,Start,1,1,0,74,74,0,74.0,0.0,0.0,0.0,0.0,0,0,0,0.0,,,0.0,0.0,0.0,INT,,,610.0,,0.0,0.0,0.0,0
672392,0.0,0.0,0.0,0.0,0.0,0.0,udp,0.0,,cs0,,249.0,,7.0,,Start,1,1,0,74,74,0,74.0,0.0,0.0,0.0,0.0,0,0,0,0.0,,,0.0,0.0,0.0,INT,,,610.0,,0.0,0.0,0.0,0
672445,0.0,0.0,0.0,0.0,0.0,0.0,udp,0.0,,cs0,,249.0,,7.0,,Start,1,1,0,74,74,0,74.0,0.0,0.0,0.0,0.0,0,0,0,0.0,,,0.0,0.0,0.0,INT,,,610.0,,0.0,0.0,0.0,0
672628,0.0,0.0,0.0,0.0,0.0,0.0,udp,0.0,,cs0,,249.0,,7.0,,Start,1,1,0,74,74,0,74.0,0.0,0.0,0.0,0.0,0,0,0,0.0,,,0.0,0.0,0.0,INT,,,610.0,,0.0,0.0,0.0,0
672676,0.0,0.0,0.0,0.0,0.0,0.0,udp,0.0,,cs0,,249.0,,7.0,,Start,1,1,0,74,74,0,74.0,0.0,0.0,0.0,0.0,0,0,0,0.0,,,0.0,0.0,0.0,INT,,,610.0,,0.0,0.0,0.0,0
672687,0.0,0.0,0.0,0.0,0.0,0.0,udp,0.0,,cs0,,249.0,,7.0,,Start,1,1,0,74,74,0,74.0,0.0,0.0,0.0,0.0,0,0,0,0.0,,,0.0,0.0,0.0,INT,,,610.0,,0.0,0.0,0.0,0
672791,0.0,0.0,0.0,0.0,0.0,0.0,udp,0.0,,cs0,,249.0,,7.0,,Start,1,1,0,74,74,0,74.0,0.0,0.0,0.0,0.0,0,0,0,0.0,,,0.0,0.0,0.0,INT,,,610.0,,0.0,0.0,0.0,0
672848,0.0,0.0,0.0,0.0,0.0,0.0,udp,0.0,,cs0,,249.0,,7.0,,Start,1,1,0,74,74,0,74.0,0.0,0.0,0.0,0.0,0,0,0,0.0,,,0.0,0.0,0.0,INT,,,610.0,,0.0,0.0,0.0,0
672850,0.0,0.0,0.0,0.0,0.0,0.0,udp,0.0,,cs0,,249.0,,7.0,,Start,1,1,0,74,74,0,74.0,0.0,0.0,0.0,0.0,0,0,0,0.0,,,0.0,0.0,0.0,INT,,,610.0,,0.0,0.0,0.0,0
672894,0.0,0.0,0.0,0.0,0.0,0.0,udp,0.0,,cs0,,249.0,,7.0,,Start,1,1,0,74,74,0,74.0,0.0,0.0,0.0,0.0,0,0,0,0.0,,,0.0,0.0,0.0,INT,,,610.0,,0.0,0.0,0.0,0
672925,0.0,0.0,0.0,0.0,0.0,0.0,udp,0.0,,cs0,,249.0,,7.0,,Start,1,1,0,74,74,0,74.0,0.0,0.0,0.0,0.0,0,0,0,0.0,,,0.0,0.0,0.0,INT,,,610.0,,0.0,0.0,0.0,0
672926,0.0,0.0,0.0,0.0,0.0,0.0,udp,0.0,,cs0,,249.0,,7.0,,Start,1,1,0,74,74,0,74.0,0.0,0.0,0.0,0.0,0,0,0,0.0,,,0.0,0.0,0.0,INT,,,610.0,,0.0,0.0,0.0,0
672954,0.0,0.0,0.0,0.0,0.0,0.0,udp,0.0,,cs0,,249.0,,7.0,,Start,1,1,0,74,74,0,74.0,0.0,0.0,0.0,0.0,0,0,0,0.0,,,0.0,0.0,0.0,INT,,,610.0,,0.0,0.0,0.0,0
672963,0.0,0.0,0.0,0.0,0.0,0.0,udp,0.0,,cs0,,249.0,,7.0,,Start,1,1,0,74,74,0,74.0,0.0,0.0,0.0,0.0,0,0,0,0.0,,,0.0,0.0,0.0,INT,,,610.0,,0.0,0.0,0.0,0
673081,0.0,0.0,0.0,0.0,0.0,0.0,udp,0.0,,cs0,,249.0,,7.0,,Start,1,1,0,74,74,0,74.0,0.0,0.0,0.0,0.0,0,0,0,0.0,,,0.0,0.0,0.0,INT,,,610.0,,0.0,0.0,0.0,0
673193,0.0,0.0,0.0,0.0,0.0,0.0,udp,0.0,,cs0,,249.0,,7.0,,Start,1,1,0,74,74,0,74.0,0.0,0.0,0.0,0.0,0,0,0,0.0,,,0.0,0.0,0.0,INT,,,610.0,,0.0,0.0,0.0,0
673265,0.0,0.0,0.0,0.0,0.0,0.0,udp,0.0,,cs0,,249.0,,7.0,,Start,1,1,0,74,74,0,74.0,0.0,0.0,0.0,0.0,0,0,0,0.0,,,0.0,0.0,0.0,INT,,,610.0,,0.0,0.0,0.0,0
673372,0.0,0.0,0.0,0.0,0.0,0.0,udp,0.0,,cs0,,249.0,,7.0,,Start,1,1,0,74,74,0,74.0,0.0,0.0,0.0,0.0,0,0,0,0.0,,,0.0,0.0,0.0,INT,,,610.0,,0.0,0.0,0.0,0
673391,0.0,0.0,0.0,0.0,0.0,0.0,udp,0.0,,cs0,,249.0,,7.0,,Start,1,1,0,74,74,0,74.0,0.0,0.0,0.0,0.0,0,0,0,0.0,,,0.0,0.0,0.0,INT,,,610.0,,0.0,0.0,0.0,0
673413,0.0,0.0,0.0,0.0,0.0,0.0,udp,0.0,,cs0,,249.0,,7.0,,Start,1,1,0,74,74,0,74.0,0.0,0.0,0.0,0.0,0,0,0,0.0,,,0.0,0.0,0.0,INT,,,610.0,,0.0,0.0,0.0,0
673588,0.0,0.0,0.0,0.0,0.0,0.0,udp,0.0,,cs0,,249.0,,7.0,,Start,1,1,0,74,74,0,74.0,0.0,0.0,0.0,0.0,0,0,0,0.0,,,0.0,0.0,0.0,INT,,,610.0,,0.0,0.0,0.0,0
673613,0.0,0.0,0.0,0.0,0.0,0.0,udp,0.0,,cs0,,249.0,,7.0,,Start,1,1,0,74,74,0,74.0,0.0,0.0,0.0,0.0,0,0,0,0.0,,,0.0,0.0,0.0,INT,,,610.0,,0.0,0.0,0.0,0
673618,0.0,0.0,0.0,0.0,0.0,0.0,udp,0.0,,cs0,,249.0,,7.0,,Start,1,1,0,74,74,0,74.0,0.0,0.0,0.0,0.0,0,0,0,0.0,,,0.0,0.0,0.0,INT,,,610.0,,0.0,0.0,0.0,0
673619,0.0,0.0,0.0,0.0,0.0,0.0,udp,0.0,,cs0,,249.0,,7.0,,Start,1,1,0,74,74,0,74.0,0.0,0.0,0.0,0.0,0,0,0,0.0,,,0.0,0.0,0.0,INT,,,610.0,,0.0,0.0,0.0,0
673717,0.0,0.0,0.0,0.0,0.0,0.0,udp,0.0,,cs0,,249.0,,7.0,,Start,1,1,0,74,74,0,74.0,0.0,0.0,0.0,0.0,0,0,0,0.0,,,0.0,0.0,0.0,INT,,,610.0,,0.0,0.0,0.0,0
673721,0.0,0.0,0.0,0.0,0.0,0.0,udp,0.0,,cs0,,249.0,,7.0,,Start,1,1,0,74,74,0,74.0,0.0,0.0,0.0,0.0,0,0,0,0.0,,,0.0,0.0,0.0,INT,,,610.0,,0.0,0.0,0.0,0
673727,0.0,0.0,0.0,0.0,0.0,0.0,udp,0.0,,cs0,,249.0,,7.0,,Start,1,1,0,74,74,0,74.0,0.0,0.0,0.0,0.0,0,0,0,0.0,,,0.0,0.0,0.0,INT,,,610.0,,0.0,0.0,0.0,0
673741,0.0,0.0,0.0,0.0,0.0,0.0,udp,0.0,,cs0,,249.0,,7.0,,Start,1,1,0,74,74,0,74.0,0.0,0.0,0.0,0.0,0,0,0,0.0,,,0.0,0.0,0.0,INT,,,610.0,,0.0,0.0,0.0,0
673743,0.0,0.0,0.0,0.0,0.0,0.0,udp,0.0,,cs0,,249.0,,7.0,,Start,1,1,0,74,74,0,74.0,0.0,0.0,0.0,0.0,0,0,0,0.0,,,0.0,0.0,0.0,INT,,,610.0,,0.0,0.0,0.0,0
673885,0.0,0.0,0.0,0.0,0.0,0.0,udp,0.0,,cs0,,249.0,,7.0,,Start,1,1,0,74,74,0,74.0,0.0,0.0,0.0,0.0,0,0,0,0.0,,,0.0,0.0,0.0,INT,,,610.0,,0.0,0.0,0.0,0
673969,0.0,0.0,0.0,0.0,0.0,0.0,udp,0.0,,cs0,,249.0,,7.0,,Start,1,1,0,74,74,0,74.0,0.0,0.0,0.0,0.0,0,0,0,0.0,,,0.0,0.0,0.0,INT,,,610.0,,0.0,0.0,0.0,0
673994,0.0,0.0,0.0,0.0,0.0,0.0,udp,0.0,,cs0,,249.0,,7.0,,Start,1,1,0,74,74,0,74.0,0.0,0.0,0.0,0.0,0,0,0,0.0,,,0.0,0.0,0.0,INT,,,610.0,,0.0,0.0,0.0,0
674015,0.0,0.0,0.0,0.0,0.0,0.0,udp,0.0,,cs0,,249.0,,7.0,,Start,1,1,0,74,74,0,74.0,0.0,0.0,0.0,0.0,0,0,0,0.0,,,0.0,0.0,0.0,INT,,,610.0,,0.0,0.0,0.0,0
674023,0.0,0.0,0.0,0.0,0.0,0.0,udp,0.0,,cs0,,249.0,,7.0,,Start,1,1,0,74,74,0,74.0,0.0,0.0,0.0,0.0,0,0,0,0.0,,,0.0,0.0,0.0,INT,,,610.0,,0.0,0.0,0.0,0
674030,0.0,0.0,0.0,0.0,0.0,0.0,udp,0.0,,cs0,,249.0,,7.0,,Start,1,1,0,74,74,0,74.0,0.0,0.0,0.0,0.0,0,0,0,0.0,,,0.0,0.0,0.0,INT,,,610.0,,0.0,0.0,0.0,0
674106,0.0,0.0,0.0,0.0,0.0,0.0,udp,0.0,,cs0,,249.0,,7.0,,Start,1,1,0,74,74,0,74.0,0.0,0.0,0.0,0.0,0,0,0,0.0,,,0.0,0.0,0.0,INT,,,610.0,,0.0,0.0,0.0,0
674109,0.0,0.0,0.0,0.0,0.0,0.0,udp,0.0,,cs0,,249.0,,7.0,,Start,1,1,0,74,74,0,74.0,0.0,0.0,0.0,0.0,0,0,0,0.0,,,0.0,0.0,0.0,INT,,,610.0,,0.0,0.0,0.0,0
674156,0.0,0.0,0.0,0.0,0.0,0.0,udp,0.0,,cs0,,249.0,,7.0,,Start,1,1,0,74,74,0,74.0,0.0,0.0,0.0,0.0,0,0,0,0.0,,,0.0,0.0,0.0,INT,,,610.0,,0.0,0.0,0.0,0
674237,0.0,0.0,0.0,0.0,0.0,0.0,udp,0.0,,cs0,,249.0,,7.0,,Start,1,1,0,74,74,0,74.0,0.0,0.0,0.0,0.0,0,0,0,0.0,,,0.0,0.0,0.0,INT,,,610.0,,0.0,0.0,0.0,0
674300,0.0,0.0,0.0,0.0,0.0,0.0,udp,0.0,,cs0,,249.0,,7.0,,Start,1,1,0,74,74,0,74.0,0.0,0.0,0.0,0.0,0,0,0,0.0,,,0.0,0.0,0.0,INT,,,610.0,,0.0,0.0,0.0,0
674319,0.0,0.0,0.0,0.0,0.0,0.0,udp,0.0,,cs0,,249.0,,7.0,,Start,1,1,0,74,74,0,74.0,0.0,0.0,0.0,0.0,0,0,0,0.0,,,0.0,0.0,0.0,INT,,,610.0,,0.0,0.0,0.0,0
674323,0.0,0.0,0.0,0.0,0.0,0.0,udp,0.0,,cs0,,249.0,,7.0,,Start,1,1,0,74,74,0,74.0,0.0,0.0,0.0,0.0,0,0,0,0.0,,,0.0,0.0,0.0,INT,,,610.0,,0.0,0.0,0.0,0
674331,0.0,0.0,0.0,0.0,0.0,0.0,udp,0.0,,cs0,,249.0,,7.0,,Start,1,1,0,74,74,0,74.0,0.0,0.0,0.0,0.0,0,0,0,0.0,,,0.0,0.0,0.0,INT,,,610.0,,0.0,0.0,0.0,0
674433,0.0,0.0,0.0,0.0,0.0,0.0,udp,0.0,,cs0,,249.0,,7.0,,Start,1,1,0,74,74,0,74.0,0.0,0.0,0.0,0.0,0,0,0,0.0,,,0.0,0.0,0.0,INT,,,610.0,,0.0,0.0,0.0,0
674448,0.0,0.0,0.0,0.0,0.0,0.0,udp,0.0,,cs0,,249.0,,7.0,,Start,1,1,0,74,74,0,74.0,0.0,0.0,0.0,0.0,0,0,0,0.0,,,0.0,0.0,0.0,INT,,,610.0,,0.0,0.0,0.0,0
674461,0.0,0.0,0.0,0.0,0.0,0.0,udp,0.0,,cs0,,249.0,,7.0,,Start,1,1,0,74,74,0,74.0,0.0,0.0,0.0,0.0,0,0,0,0.0,,,0.0,0.0,0.0,INT,,,610.0,,0.0,0.0,0.0,0
674474,0.0,0.0,0.0,0.0,0.0,0.0,udp,0.0,,cs0,,249.0,,7.0,,Start,1,1,0,74,74,0,74.0,0.0,0.0,0.0,0.0,0,0,0,0.0,,,0.0,0.0,0.0,INT,,,610.0,,0.0,0.0,0.0,0
674479,0.0,0.0,0.0,0.0,0.0,0.0,udp,0.0,,cs0,,249.0,,7.0,,Start,1,1,0,74,74,0,74.0,0.0,0.0,0.0,0.0,0,0,0,0.0,,,0.0,0.0,0.0,INT,,,610.0,,0.0,0.0,0.0,0
674499,0.0,0.0,0.0,0.0,0.0,0.0,udp,0.0,,cs0,,249.0,,7.0,,Start,1,1,0,74,74,0,74.0,0.0,0.0,0.0,0.0,0,0,0,0.0,,,0.0,0.0,0.0,INT,,,610.0,,0.0,0.0,0.0,0
674594,0.0,0.0,0.0,0.0,0.0,0.0,udp,0.0,,cs0,,249.0,,7.0,,Start,1,1,0,74,74,0,74.0,0.0,0.0,0.0,0.0,0,0,0,0.0,,,0.0,0.0,0.0,INT,,,610.0,,0.0,0.0,0.0,0
674612,0.0,0.0,0.0,0.0,0.0,0.0,udp,0.0,,cs0,,249.0,,7.0,,Start,1,1,0,74,74,0,74.0,0.0,0.0,0.0,0.0,0,0,0,0.0,,,0.0,0.0,0.0,INT,,,610.0,,0.0,0.0,0.0,0
674648,0.0,0.0,0.0,0.0,0.0,0.0,udp,0.0,,cs0,,249.0,,7.0,,Start,1,1,0,74,74,0,74.0,0.0,0.0,0.0,0.0,0,0,0,0.0,,,0.0,0.0,0.0,INT,,,610.0,,0.0,0.0,0.0,0
674660,0.0,0.0,0.0,0.0,0.0,0.0,udp,0.0,,cs0,,249.0,,7.0,,Start,1,1,0,74,74,0,74.0,0.0,0.0,0.0,0.0,0,0,0,0.0,,,0.0,0.0,0.0,INT,,,610.0,,0.0,0.0,0.0,0
674718,0.0,0.0,0.0,0.0,0.0,0.0,udp,0.0,,cs0,,249.0,,7.0,,Start,1,1,0,74,74,0,74.0,0.0,0.0,0.0,0.0,0,0,0,0.0,,,0.0,0.0,0.0,INT,,,610.0,,0.0,0.0,0.0,0
674761,0.0,0.0,0.0,0.0,0.0,0.0,udp,0.0,,cs0,,249.0,,7.0,,Start,1,1,0,74,74,0,74.0,0.0,0.0,0.0,0.0,0,0,0,0.0,,,0.0,0.0,0.0,INT,,,610.0,,0.0,0.0,0.0,0
674781,0.0,0.0,0.0,0.0,0.0,0.0,udp,0.0,,cs0,,249.0,,7.0,,Start,1,1,0,74,74,0,74.0,0.0,0.0,0.0,0.0,0,0,0,0.0,,,0.0,0.0,0.0,INT,,,610.0,,0.0,0.0,0.0,0
674829,0.0,0.0,0.0,0.0,0.0,0.0,udp,0.0,,cs0,,249.0,,7.0,,Start,1,1,0,74,74,0,74.0,0.0,0.0,0.0,0.0,0,0,0,0.0,,,0.0,0.0,0.0,INT,,,610.0,,0.0,0.0,0.0,0
674893,0.0,0.0,0.0,0.0,0.0,0.0,udp,0.0,,cs0,,249.0,,7.0,,Start,1,1,0,74,74,0,74.0,0.0,0.0,0.0,0.0,0,0,0,0.0,,,0.0,0.0,0.0,INT,,,610.0,,0.0,0.0,0.0,0
674908,0.0,0.0,0.0,0.0,0.0,0.0,udp,0.0,,cs0,,249.0,,7.0,,Start,1,1,0,74,74,0,74.0,0.0,0.0,0.0,0.0,0,0,0,0.0,,,0.0,0.0,0.0,INT,,,610.0,,0.0,0.0,0.0,0
674931,0.0,0.0,0.0,0.0,0.0,0.0,udp,0.0,,cs0,,249.0,,7.0,,Start,1,1,0,74,74,0,74.0,0.0,0.0,0.0,0.0,0,0,0,0.0,,,0.0,0.0,0.0,INT,,,610.0,,0.0,0.0,0.0,0
674961,0.0,0.0,0.0,0.0,0.0,0.0,udp,0.0,,cs0,,249.0,,7.0,,Start,1,1,0,74,74,0,74.0,0.0,0.0,0.0,0.0,0,0,0,0.0,,,0.0,0.0,0.0,INT,,,610.0,,0.0,0.0,0.0,0
674964,0.0,0.0,0.0,0.0,0.0,0.0,udp,0.0,,cs0,,249.0,,7.0,,Start,1,1,0,74,74,0,74.0,0.0,0.0,0.0,0.0,0,0,0,0.0,,,0.0,0.0,0.0,INT,,,610.0,,0.0,0.0,0.0,0
675079,0.0,0.0,0.0,0.0,0.0,0.0,udp,0.0,,cs0,,249.0,,7.0,,Start,1,1,0,74,74,0,74.0,0.0,0.0,0.0,0.0,0,0,0,0.0,,,0.0,0.0,0.0,INT,,,610.0,,0.0,0.0,0.0,0
675147,0.0,0.0,0.0,0.0,0.0,0.0,udp,0.0,,cs0,,249.0,,7.0,,Start,1,1,0,74,74,0,74.0,0.0,0.0,0.0,0.0,0,0,0,0.0,,,0.0,0.0,0.0,INT,,,610.0,,0.0,0.0,0.0,0
675156,0.01109,0.01109,0.01109,0.01109,0.01109,0.01109,icmp,0.0,0.0,cs0,cs0,58.0,64.0,6.0,0.0,Start,2,1,1,196,98,98,98.0,98.0,0.0,0.0,0.0,0,0,0,0.0,,,90.171326,0.0,0.0,ECO,,,,,0.0,0.0,0.0,0
675173,0.0,0.0,0.0,0.0,0.0,0.0,udp,0.0,,cs0,,249.0,,7.0,,Start,1,1,0,74,74,0,74.0,0.0,0.0,0.0,0.0,0,0,0,0.0,,,0.0,0.0,0.0,INT,,,610.0,,0.0,0.0,0.0,0
675197,0.0,0.0,0.0,0.0,0.0,0.0,udp,0.0,,cs0,,249.0,,7.0,,Start,1,1,0,74,74,0,74.0,0.0,0.0,0.0,0.0,0,0,0,0.0,,,0.0,0.0,0.0,INT,,,610.0,,0.0,0.0,0.0,0
675235,0.0,0.0,0.0,0.0,0.0,0.0,udp,0.0,,cs0,,249.0,,7.0,,Start,1,1,0,74,74,0,74.0,0.0,0.0,0.0,0.0,0,0,0,0.0,,,0.0,0.0,0.0,INT,,,610.0,,0.0,0.0,0.0,0
675236,0.0,0.0,0.0,0.0,0.0,0.0,udp,0.0,,cs0,,249.0,,7.0,,Start,1,1,0,74,74,0,74.0,0.0,0.0,0.0,0.0,0,0,0,0.0,,,0.0,0.0,0.0,INT,,,610.0,,0.0,0.0,0.0,0
675301,0.0,0.0,0.0,0.0,0.0,0.0,udp,0.0,,cs0,,249.0,,7.0,,Start,1,1,0,74,74,0,74.0,0.0,0.0,0.0,0.0,0,0,0,0.0,,,0.0,0.0,0.0,INT,,,610.0,,0.0,0.0,0.0,0
675315,0.0,0.0,0.0,0.0,0.0,0.0,icmp,0.0,,cs0,,58.0,,6.0,,Start,1,1,0,98,98,0,98.0,0.0,0.0,0.0,0.0,0,0,0,0.0,,,0.0,0.0,0.0,ECO,,,,,0.0,0.0,0.0,0
675425,0.0,0.0,0.0,0.0,0.0,0.0,udp,0.0,,cs0,,249.0,,7.0,,Start,1,1,0,74,74,0,74.0,0.0,0.0,0.0,0.0,0,0,0,0.0,,,0.0,0.0,0.0,INT,,,610.0,,0.0,0.0,0.0,0
675437,4.998914,4.998914,4.998914,4.998914,4.998914,4.998914,tcp,0.0,0.0,cs0,cs0,64.0,117.0,0.0,11.0,Status,25,2,23,32614,1940,30674,970.0,1333.652222,48508.13672,1552.33728,46955.80078,0,0,0,0.0,0.0,0.0,4.801043,0.200043,4.400956,CON,895488.0,99328.0,,,0.035855,0.020815,0.01504,0
675469,0.0,0.0,0.0,0.0,0.0,0.0,udp,0.0,,cs0,,249.0,,7.0,,Start,1,1,0,74,74,0,74.0,0.0,0.0,0.0,0.0,0,0,0,0.0,,,0.0,0.0,0.0,INT,,,610.0,,0.0,0.0,0.0,0
675479,0.0,0.0,0.0,0.0,0.0,0.0,udp,0.0,,cs0,,249.0,,7.0,,Start,1,1,0,74,74,0,74.0,0.0,0.0,0.0,0.0,0,0,0,0.0,,,0.0,0.0,0.0,INT,,,610.0,,0.0,0.0,0.0,0
675534,0.0,0.0,0.0,0.0,0.0,0.0,udp,0.0,,cs0,,249.0,,7.0,,Start,1,1,0,74,74,0,74.0,0.0,0.0,0.0,0.0,0,0,0,0.0,,,0.0,0.0,0.0,INT,,,610.0,,0.0,0.0,0.0,0
675676,0.0,0.0,0.0,0.0,0.0,0.0,udp,0.0,,cs0,,249.0,,7.0,,Start,1,1,0,74,74,0,74.0,0.0,0.0,0.0,0.0,0,0,0,0.0,,,0.0,0.0,0.0,INT,,,610.0,,0.0,0.0,0.0,0
675759,0.0,0.0,0.0,0.0,0.0,0.0,udp,0.0,,cs0,,249.0,,7.0,,Start,1,1,0,74,74,0,74.0,0.0,0.0,0.0,0.0,0,0,0,0.0,,,0.0,0.0,0.0,INT,,,610.0,,0.0,0.0,0.0,0
675760,0.0,0.0,0.0,0.0,0.0,0.0,udp,0.0,,cs0,,249.0,,7.0,,Start,1,1,0,74,74,0,74.0,0.0,0.0,0.0,0.0,0,0,0,0.0,,,0.0,0.0,0.0,INT,,,610.0,,0.0,0.0,0.0,0
675821,0.0,0.0,0.0,0.0,0.0,0.0,udp,0.0,,cs0,,249.0,,7.0,,Start,1,1,0,74,74,0,74.0,0.0,0.0,0.0,0.0,0,0,0,0.0,,,0.0,0.0,0.0,INT,,,610.0,,0.0,0.0,0.0,0
675841,0.0,0.0,0.0,0.0,0.0,0.0,udp,0.0,,cs0,,249.0,,7.0,,Start,1,1,0,74,74,0,74.0,0.0,0.0,0.0,0.0,0,0,0,0.0,,,0.0,0.0,0.0,INT,,,610.0,,0.0,0.0,0.0,0
675861,0.0,0.0,0.0,0.0,0.0,0.0,udp,0.0,,cs0,,249.0,,7.0,,Start,1,1,0,74,74,0,74.0,0.0,0.0,0.0,0.0,0,0,0,0.0,,,0.0,0.0,0.0,INT,,,610.0,,0.0,0.0,0.0,0
675880,0.0,0.0,0.0,0.0,0.0,0.0,udp,0.0,,cs0,,249.0,,7.0,,Start,1,1,0,74,74,0,74.0,0.0,0.0,0.0,0.0,0,0,0,0.0,,,0.0,0.0,0.0,INT,,,610.0,,0.0,0.0,0.0,0
675895,0.0,0.0,0.0,0.0,0.0,0.0,udp,0.0,,cs0,,249.0,,7.0,,Start,1,1,0,74,74,0,74.0,0.0,0.0,0.0,0.0,0,0,0,0.0,,,0.0,0.0,0.0,INT,,,610.0,,0.0,0.0,0.0,0
675903,0.0,0.0,0.0,0.0,0.0,0.0,udp,0.0,,cs0,,249.0,,7.0,,Start,1,1,0,74,74,0,74.0,0.0,0.0,0.0,0.0,0,0,0,0.0,,,0.0,0.0,0.0,INT,,,610.0,,0.0,0.0,0.0,0
675909,0.0,0.0,0.0,0.0,0.0,0.0,udp,0.0,,cs0,,249.0,,7.0,,Start,1,1,0,74,74,0,74.0,0.0,0.0,0.0,0.0,0,0,0,0.0,,,0.0,0.0,0.0,INT,,,610.0,,0.0,0.0,0.0,0
675925,0.0,0.0,0.0,0.0,0.0,0.0,udp,0.0,,cs0,,249.0,,7.0,,Start,1,1,0,74,74,0,74.0,0.0,0.0,0.0,0.0,0,0,0,0.0,,,0.0,0.0,0.0,INT,,,610.0,,0.0,0.0,0.0,0
675953,0.0,0.0,0.0,0.0,0.0,0.0,udp,0.0,,cs0,,249.0,,7.0,,Start,1,1,0,74,74,0,74.0,0.0,0.0,0.0,0.0,0,0,0,0.0,,,0.0,0.0,0.0,INT,,,610.0,,0.0,0.0,0.0,0
676043,2.13574,2.13574,2.13574,2.13574,2.13574,2.13574,tcp,0.0,0.0,cs0,cs0,64.0,117.0,0.0,11.0,Status,223,61,162,231953,7796,224157,127.803276,1383.685181,863187.4375,28726.3418,834461.125,0,0,0,0.0,0.0,0.0,103.945236,28.093307,75.383705,CON,2096128.0,197120.0,,,0.034001,0.022003,0.011998,0
676050,0.0,0.0,0.0,0.0,0.0,0.0,udp,0.0,,cs0,,249.0,,7.0,,Start,1,1,0,74,74,0,74.0,0.0,0.0,0.0,0.0,0,0,0,0.0,,,0.0,0.0,0.0,INT,,,610.0,,0.0,0.0,0.0,0
676051,0.0,0.0,0.0,0.0,0.0,0.0,udp,0.0,,cs0,,249.0,,7.0,,Start,1,1,0,74,74,0,74.0,0.0,0.0,0.0,0.0,0,0,0,0.0,,,0.0,0.0,0.0,INT,,,610.0,,0.0,0.0,0.0,0
676146,4.875362,4.875362,4.875362,4.875362,4.875362,4.875362,udp,0.0,0.0,cs0,cs0,64.0,117.0,0.0,11.0,Status,331,23,308,418724,5671,413053,246.565216,1341.081177,684481.6875,8901.90332,675579.8125,0,0,0,0.0,,,67.687286,4.512486,62.969685,CON,,,,,0.0,0.0,0.0,0
676152,0.0,0.0,0.0,0.0,0.0,0.0,udp,0.0,,cs0,,249.0,,7.0,,Start,1,1,0,74,74,0,74.0,0.0,0.0,0.0,0.0,0,0,0,0.0,,,0.0,0.0,0.0,INT,,,610.0,,0.0,0.0,0.0,0
676158,0.0,0.0,0.0,0.0,0.0,0.0,udp,0.0,,cs0,,249.0,,7.0,,Start,1,1,0,74,74,0,74.0,0.0,0.0,0.0,0.0,0,0,0,0.0,,,0.0,0.0,0.0,INT,,,610.0,,0.0,0.0,0.0,0
676190,0.0,0.0,0.0,0.0,0.0,0.0,udp,0.0,,cs0,,249.0,,7.0,,Start,1,1,0,74,74,0,74.0,0.0,0.0,0.0,0.0,0,0,0,0.0,,,0.0,0.0,0.0,INT,,,610.0,,0.0,0.0,0.0,0
676205,0.0,0.0,0.0,0.0,0.0,0.0,udp,0.0,,cs0,,249.0,,7.0,,Start,1,1,0,74,74,0,74.0,0.0,0.0,0.0,0.0,0,0,0,0.0,,,0.0,0.0,0.0,INT,,,610.0,,0.0,0.0,0.0,0
676213,0.0,0.0,0.0,0.0,0.0,0.0,udp,0.0,,cs0,,249.0,,7.0,,Start,1,1,0,74,74,0,74.0,0.0,0.0,0.0,0.0,0,0,0,0.0,,,0.0,0.0,0.0,INT,,,610.0,,0.0,0.0,0.0,0
676315,0.0,0.0,0.0,0.0,0.0,0.0,udp,0.0,,cs0,,249.0,,7.0,,Start,1,1,0,74,74,0,74.0,0.0,0.0,0.0,0.0,0,0,0,0.0,,,0.0,0.0,0.0,INT,,,610.0,,0.0,0.0,0.0,0
676458,0.023977,0.023977,0.023977,0.023977,0.023977,0.023977,icmp,0.0,0.0,cs0,cs0,58.0,64.0,6.0,0.0,Start,2,1,1,196,98,98,98.0,98.0,0.0,0.0,0.0,0,0,0,0.0,,,41.706635,0.0,0.0,ECO,,,,,0.0,0.0,0.0,0
676603,0.058052,0.058052,0.058052,0.058052,0.058052,0.058052,icmp,0.0,0.0,cs0,cs0,58.0,64.0,6.0,0.0,Start,2,1,1,196,98,98,98.0,98.0,0.0,0.0,0.0,0,0,0,0.0,,,17.225935,0.0,0.0,ECO,,,,,0.0,0.0,0.0,0
676623,0.0,0.0,0.0,0.0,0.0,0.0,udp,0.0,,cs0,,249.0,,7.0,,Start,1,1,0,74,74,0,74.0,0.0,0.0,0.0,0.0,0,0,0,0.0,,,0.0,0.0,0.0,INT,,,610.0,,0.0,0.0,0.0,0
676718,0.0,0.0,0.0,0.0,0.0,0.0,tcp,0.0,,cs0,,116.0,,12.0,,Status,1,1,0,74,74,0,74.0,0.0,0.0,0.0,0.0,1,1,0,50.0,0.0,0.0,0.0,0.0,0.0,ACC,16776960.0,,,,0.0,0.0,0.0,0
676811,0.0,0.0,0.0,0.0,0.0,0.0,udp,0.0,,cs0,,249.0,,7.0,,Start,1,1,0,74,74,0,74.0,0.0,0.0,0.0,0.0,0,0,0,0.0,,,0.0,0.0,0.0,INT,,,610.0,,0.0,0.0,0.0,0
676866,4.999947,4.999947,4.999947,4.999947,4.999947,4.999947,tcp,0.0,0.0,cs0,cs0,64.0,117.0,0.0,11.0,Status,190,52,138,203998,9061,194937,174.25,1412.586914,323862.625,14219.35059,309643.2813,0,0,0,0.0,0.0,0.0,37.8004,10.200108,27.40029,CON,2096128.0,220160.0,,,0.034106,0.021717,0.012389,0
676884,0.0,0.0,0.0,0.0,0.0,0.0,udp,0.0,,cs0,,249.0,,7.0,,Start,1,1,0,74,74,0,74.0,0.0,0.0,0.0,0.0,0,0,0,0.0,,,0.0,0.0,0.0,INT,,,610.0,,0.0,0.0,0.0,0
677060,0.0,0.0,0.0,0.0,0.0,0.0,udp,0.0,,cs0,,249.0,,7.0,,Start,1,1,0,74,74,0,74.0,0.0,0.0,0.0,0.0,0,0,0,0.0,,,0.0,0.0,0.0,INT,,,610.0,,0.0,0.0,0.0,0
677100,0.0,0.0,0.0,0.0,0.0,0.0,udp,0.0,,cs0,,249.0,,7.0,,Start,1,1,0,74,74,0,74.0,0.0,0.0,0.0,0.0,0,0,0,0.0,,,0.0,0.0,0.0,INT,,,610.0,,0.0,0.0,0.0,0
677166,0.0,0.0,0.0,0.0,0.0,0.0,udp,0.0,,cs0,,249.0,,7.0,,Start,1,1,0,74,74,0,74.0,0.0,0.0,0.0,0.0,0,0,0,0.0,,,0.0,0.0,0.0,INT,,,610.0,,0.0,0.0,0.0,0
677169,0.0,0.0,0.0,0.0,0.0,0.0,udp,0.0,,cs0,,249.0,,7.0,,Start,1,1,0,74,74,0,74.0,0.0,0.0,0.0,0.0,0,0,0,0.0,,,0.0,0.0,0.0,INT,,,610.0,,0.0,0.0,0.0,0
677217,0.0,0.0,0.0,0.0,0.0,0.0,udp,0.0,,cs0,,249.0,,7.0,,Start,1,1,0,74,74,0,74.0,0.0,0.0,0.0,0.0,0,0,0,0.0,,,0.0,0.0,0.0,INT,,,610.0,,0.0,0.0,0.0,0
677223,0.0,0.0,0.0,0.0,0.0,0.0,udp,0.0,,cs0,,249.0,,7.0,,Start,1,1,0,74,74,0,74.0,0.0,0.0,0.0,0.0,0,0,0,0.0,,,0.0,0.0,0.0,INT,,,610.0,,0.0,0.0,0.0,0
677286,0.0,0.0,0.0,0.0,0.0,0.0,udp,0.0,,cs0,,249.0,,7.0,,Start,1,1,0,74,74,0,74.0,0.0,0.0,0.0,0.0,0,0,0,0.0,,,0.0,0.0,0.0,INT,,,610.0,,0.0,0.0,0.0,0
677320,0.0,0.0,0.0,0.0,0.0,0.0,udp,0.0,,cs0,,249.0,,7.0,,Start,1,1,0,74,74,0,74.0,0.0,0.0,0.0,0.0,0,0,0,0.0,,,0.0,0.0,0.0,INT,,,610.0,,0.0,0.0,0.0,0
677321,0.0,0.0,0.0,0.0,0.0,0.0,udp,0.0,,cs0,,249.0,,7.0,,Start,1,1,0,74,74,0,74.0,0.0,0.0,0.0,0.0,0,0,0,0.0,,,0.0,0.0,0.0,INT,,,610.0,,0.0,0.0,0.0,0
677325,4.999606,4.999606,4.999606,4.999606,4.999606,4.999606,tcp,0.0,0.0,cs0,cs0,64.0,117.0,0.0,11.0,Status,239,40,199,292542,4448,288094,111.199997,1447.708496,465611.0625,6939.746582,458671.3438,0,0,0,0.0,0.0,0.0,47.603748,7.800614,39.603119,CON,1440256.0,125696.0,,,0.035855,0.020815,0.01504,0
677338,0.0,0.0,0.0,0.0,0.0,0.0,udp,0.0,,cs0,,249.0,,7.0,,Start,1,1,0,74,74,0,74.0,0.0,0.0,0.0,0.0,0,0,0,0.0,,,0.0,0.0,0.0,INT,,,610.0,,0.0,0.0,0.0,0
677344,0.0,0.0,0.0,0.0,0.0,0.0,udp,0.0,,cs0,,249.0,,7.0,,Start,1,1,0,74,74,0,74.0,0.0,0.0,0.0,0.0,0,0,0,0.0,,,0.0,0.0,0.0,INT,,,610.0,,0.0,0.0,0.0,0
677357,0.0,0.0,0.0,0.0,0.0,0.0,udp,0.0,,cs0,,249.0,,7.0,,Start,1,1,0,74,74,0,74.0,0.0,0.0,0.0,0.0,0,0,0,0.0,,,0.0,0.0,0.0,INT,,,610.0,,0.0,0.0,0.0,0
677364,0.0,0.0,0.0,0.0,0.0,0.0,udp,0.0,,cs0,,249.0,,7.0,,Start,1,1,0,74,74,0,74.0,0.0,0.0,0.0,0.0,0,0,0,0.0,,,0.0,0.0,0.0,INT,,,610.0,,0.0,0.0,0.0,0
677368,0.0,0.0,0.0,0.0,0.0,0.0,udp,0.0,,cs0,,249.0,,7.0,,Start,1,1,0,74,74,0,74.0,0.0,0.0,0.0,0.0,0,0,0,0.0,,,0.0,0.0,0.0,INT,,,610.0,,0.0,0.0,0.0,0
677370,0.0,0.0,0.0,0.0,0.0,0.0,udp,0.0,,cs0,,249.0,,7.0,,Start,1,1,0,74,74,0,74.0,0.0,0.0,0.0,0.0,0,0,0,0.0,,,0.0,0.0,0.0,INT,,,610.0,,0.0,0.0,0.0,0
677393,0.0,0.0,0.0,0.0,0.0,0.0,udp,0.0,,cs0,,249.0,,7.0,,Start,1,1,0,74,74,0,74.0,0.0,0.0,0.0,0.0,0,0,0,0.0,,,0.0,0.0,0.0,INT,,,610.0,,0.0,0.0,0.0,0
677441,0.0,0.0,0.0,0.0,0.0,0.0,udp,0.0,,cs0,,249.0,,7.0,,Start,1,1,0,74,74,0,74.0,0.0,0.0,0.0,0.0,0,0,0,0.0,,,0.0,0.0,0.0,INT,,,610.0,,0.0,0.0,0.0,0
677458,0.0,0.0,0.0,0.0,0.0,0.0,icmp,0.0,,cs0,,58.0,,6.0,,Start,1,1,0,98,98,0,98.0,0.0,0.0,0.0,0.0,0,0,0,0.0,,,0.0,0.0,0.0,ECO,,,,,0.0,0.0,0.0,0
677513,0.0,0.0,0.0,0.0,0.0,0.0,udp,0.0,,cs0,,249.0,,7.0,,Start,1,1,0,74,74,0,74.0,0.0,0.0,0.0,0.0,0,0,0,0.0,,,0.0,0.0,0.0,INT,,,610.0,,0.0,0.0,0.0,0
677624,0.0,0.0,0.0,0.0,0.0,0.0,udp,0.0,,cs0,,249.0,,7.0,,Start,1,1,0,74,74,0,74.0,0.0,0.0,0.0,0.0,0,0,0,0.0,,,0.0,0.0,0.0,INT,,,610.0,,0.0,0.0,0.0,0
677648,0.0,0.0,0.0,0.0,0.0,0.0,udp,0.0,,cs0,,249.0,,7.0,,Start,1,1,0,74,74,0,74.0,0.0,0.0,0.0,0.0,0,0,0,0.0,,,0.0,0.0,0.0,INT,,,610.0,,0.0,0.0,0.0,0
677655,0.0,0.0,0.0,0.0,0.0,0.0,udp,0.0,,cs0,,249.0,,7.0,,Start,1,1,0,74,74,0,74.0,0.0,0.0,0.0,0.0,0,0,0,0.0,,,0.0,0.0,0.0,INT,,,610.0,,0.0,0.0,0.0,0
677699,4.946947,4.946947,4.946947,4.946947,4.946947,4.946947,tcp,0.0,0.0,cs0,cs0,64.0,117.0,0.0,11.0,Status,247,60,187,276725,5546,271179,92.433334,1450.155029,445014.6563,8819.985352,436194.6875,0,0,0,0.0,0.0,0.0,49.727638,11.926548,37.598946,CON,750592.0,223488.0,,,0.035923,0.021073,0.01485,0
677722,0.0,0.0,0.0,0.0,0.0,0.0,udp,0.0,,cs0,,249.0,,7.0,,Start,1,1,0,74,74,0,74.0,0.0,0.0,0.0,0.0,0,0,0,0.0,,,0.0,0.0,0.0,INT,,,610.0,,0.0,0.0,0.0,0
677747,0.0,0.0,0.0,0.0,0.0,0.0,udp,0.0,,cs0,,249.0,,7.0,,Start,1,1,0,74,74,0,74.0,0.0,0.0,0.0,0.0,0,0,0,0.0,,,0.0,0.0,0.0,INT,,,610.0,,0.0,0.0,0.0,0
677768,0.0,0.0,0.0,0.0,0.0,0.0,udp,0.0,,cs0,,249.0,,7.0,,Start,1,1,0,74,74,0,74.0,0.0,0.0,0.0,0.0,0,0,0,0.0,,,0.0,0.0,0.0,INT,,,610.0,,0.0,0.0,0.0,0
677859,0.0,0.0,0.0,0.0,0.0,0.0,icmp,0.0,,cs0,,58.0,,6.0,,Start,1,1,0,98,98,0,98.0,0.0,0.0,0.0,0.0,0,0,0,0.0,,,0.0,0.0,0.0,ECO,,,,,0.0,0.0,0.0,0
677983,0.0,0.0,0.0,0.0,0.0,0.0,udp,0.0,,cs0,,249.0,,7.0,,Start,1,1,0,74,74,0,74.0,0.0,0.0,0.0,0.0,0,0,0,0.0,,,0.0,0.0,0.0,INT,,,610.0,,0.0,0.0,0.0,0
677993,0.0,0.0,0.0,0.0,0.0,0.0,udp,0.0,,cs0,,249.0,,7.0,,Start,1,1,0,74,74,0,74.0,0.0,0.0,0.0,0.0,0,0,0,0.0,,,0.0,0.0,0.0,INT,,,610.0,,0.0,0.0,0.0,0
678066,0.0,0.0,0.0,0.0,0.0,0.0,udp,0.0,,cs0,,249.0,,7.0,,Start,1,1,0,74,74,0,74.0,0.0,0.0,0.0,0.0,0,0,0,0.0,,,0.0,0.0,0.0,INT,,,610.0,,0.0,0.0,0.0,0
678071,0.0,0.0,0.0,0.0,0.0,0.0,udp,0.0,,cs0,,249.0,,7.0,,Start,1,1,0,74,74,0,74.0,0.0,0.0,0.0,0.0,0,0,0,0.0,,,0.0,0.0,0.0,INT,,,610.0,,0.0,0.0,0.0,0
678081,0.0,0.0,0.0,0.0,0.0,0.0,udp,0.0,,cs0,,249.0,,7.0,,Start,1,1,0,74,74,0,74.0,0.0,0.0,0.0,0.0,0,0,0,0.0,,,0.0,0.0,0.0,INT,,,610.0,,0.0,0.0,0.0,0
678107,0.0,0.0,0.0,0.0,0.0,0.0,udp,0.0,,cs0,,249.0,,7.0,,Start,1,1,0,74,74,0,74.0,0.0,0.0,0.0,0.0,0,0,0,0.0,,,0.0,0.0,0.0,INT,,,610.0,,0.0,0.0,0.0,0
678117,0.0,0.0,0.0,0.0,0.0,0.0,udp,0.0,,cs0,,249.0,,7.0,,Start,1,1,0,74,74,0,74.0,0.0,0.0,0.0,0.0,0,0,0,0.0,,,0.0,0.0,0.0,INT,,,610.0,,0.0,0.0,0.0,0
678161,0.0,0.0,0.0,0.0,0.0,0.0,udp,0.0,,cs0,,249.0,,7.0,,Start,1,1,0,74,74,0,74.0,0.0,0.0,0.0,0.0,0,0,0,0.0,,,0.0,0.0,0.0,INT,,,610.0,,0.0,0.0,0.0,0
678290,0.0,0.0,0.0,0.0,0.0,0.0,udp,0.0,,cs0,,249.0,,7.0,,Start,1,1,0,74,74,0,74.0,0.0,0.0,0.0,0.0,0,0,0,0.0,,,0.0,0.0,0.0,INT,,,610.0,,0.0,0.0,0.0,0
678373,0.0,0.0,0.0,0.0,0.0,0.0,udp,0.0,,cs0,,249.0,,7.0,,Start,1,1,0,74,74,0,74.0,0.0,0.0,0.0,0.0,0,0,0,0.0,,,0.0,0.0,0.0,INT,,,610.0,,0.0,0.0,0.0,0
678494,0.0,0.0,0.0,0.0,0.0,0.0,udp,0.0,,cs0,,249.0,,7.0,,Start,1,1,0,74,74,0,74.0,0.0,0.0,0.0,0.0,0,0,0,0.0,,,0.0,0.0,0.0,INT,,,610.0,,0.0,0.0,0.0,0
678495,0.0,0.0,0.0,0.0,0.0,0.0,udp,0.0,,cs0,,249.0,,7.0,,Start,1,1,0,74,74,0,74.0,0.0,0.0,0.0,0.0,0,0,0,0.0,,,0.0,0.0,0.0,INT,,,610.0,,0.0,0.0,0.0,0
678609,0.028045,0.028045,0.028045,0.028045,0.028045,0.028045,icmp,0.0,0.0,cs0,cs0,58.0,64.0,6.0,0.0,Start,2,1,1,196,98,98,98.0,98.0,0.0,0.0,0.0,0,0,0,0.0,,,35.656979,0.0,0.0,ECO,,,,,0.0,0.0,0.0,0
678626,0.0,0.0,0.0,0.0,0.0,0.0,udp,0.0,,cs0,,249.0,,7.0,,Start,1,1,0,74,74,0,74.0,0.0,0.0,0.0,0.0,0,0,0,0.0,,,0.0,0.0,0.0,INT,,,610.0,,0.0,0.0,0.0,0
678663,0.0,0.0,0.0,0.0,0.0,0.0,udp,0.0,,cs0,,249.0,,7.0,,Start,1,1,0,74,74,0,74.0,0.0,0.0,0.0,0.0,0,0,0,0.0,,,0.0,0.0,0.0,INT,,,610.0,,0.0,0.0,0.0,0
678754,0.0,0.0,0.0,0.0,0.0,0.0,udp,0.0,,cs0,,249.0,,7.0,,Start,1,1,0,74,74,0,74.0,0.0,0.0,0.0,0.0,0,0,0,0.0,,,0.0,0.0,0.0,INT,,,610.0,,0.0,0.0,0.0,0
678844,4.177912,4.177912,4.177912,4.177912,4.177912,4.177912,tcp,0.0,,cs0,,115.0,,13.0,,Status,2,2,0,148,148,0,74.0,0.0,141.697571,141.697571,0.0,2,2,0,50.0,0.0,0.0,0.239354,0.239354,0.0,ACC,16776960.0,,,,0.0,0.0,0.0,0
678847,0.0,0.0,0.0,0.0,0.0,0.0,icmp,0.0,,cs0,,58.0,,6.0,,Start,1,1,0,98,98,0,98.0,0.0,0.0,0.0,0.0,0,0,0,0.0,,,0.0,0.0,0.0,ECO,,,,,0.0,0.0,0.0,0
678897,0.0,0.0,0.0,0.0,0.0,0.0,udp,0.0,,cs0,,249.0,,7.0,,Start,1,1,0,74,74,0,74.0,0.0,0.0,0.0,0.0,0,0,0,0.0,,,0.0,0.0,0.0,INT,,,610.0,,0.0,0.0,0.0,0
678923,0.0,0.0,0.0,0.0,0.0,0.0,udp,0.0,,cs0,,249.0,,7.0,,Start,1,1,0,74,74,0,74.0,0.0,0.0,0.0,0.0,0,0,0,0.0,,,0.0,0.0,0.0,INT,,,610.0,,0.0,0.0,0.0,0
678928,0.0,0.0,0.0,0.0,0.0,0.0,udp,0.0,,cs0,,249.0,,7.0,,Start,1,1,0,74,74,0,74.0,0.0,0.0,0.0,0.0,0,0,0,0.0,,,0.0,0.0,0.0,INT,,,610.0,,0.0,0.0,0.0,0
678940,0.0,0.0,0.0,0.0,0.0,0.0,udp,0.0,,cs0,,249.0,,7.0,,Start,1,1,0,74,74,0,74.0,0.0,0.0,0.0,0.0,0,0,0,0.0,,,0.0,0.0,0.0,INT,,,610.0,,0.0,0.0,0.0,0
678961,0.0,0.0,0.0,0.0,0.0,0.0,udp,0.0,,cs0,,249.0,,7.0,,Start,1,1,0,74,74,0,74.0,0.0,0.0,0.0,0.0,0,0,0,0.0,,,0.0,0.0,0.0,INT,,,610.0,,0.0,0.0,0.0,0
679072,0.0,0.0,0.0,0.0,0.0,0.0,udp,0.0,,cs0,,249.0,,7.0,,Start,1,1,0,74,74,0,74.0,0.0,0.0,0.0,0.0,0,0,0,0.0,,,0.0,0.0,0.0,INT,,,610.0,,0.0,0.0,0.0,0
679105,0.0,0.0,0.0,0.0,0.0,0.0,udp,0.0,,cs0,,249.0,,7.0,,Start,1,1,0,74,74,0,74.0,0.0,0.0,0.0,0.0,0,0,0,0.0,,,0.0,0.0,0.0,INT,,,610.0,,0.0,0.0,0.0,0
679135,0.0,0.0,0.0,0.0,0.0,0.0,udp,0.0,,cs0,,249.0,,7.0,,Start,1,1,0,74,74,0,74.0,0.0,0.0,0.0,0.0,0,0,0,0.0,,,0.0,0.0,0.0,INT,,,610.0,,0.0,0.0,0.0,0
679136,0.0,0.0,0.0,0.0,0.0,0.0,udp,0.0,,cs0,,249.0,,7.0,,Start,1,1,0,74,74,0,74.0,0.0,0.0,0.0,0.0,0,0,0,0.0,,,0.0,0.0,0.0,INT,,,610.0,,0.0,0.0,0.0,0
679175,0.0,0.0,0.0,0.0,0.0,0.0,udp,0.0,,cs0,,249.0,,7.0,,Start,1,1,0,74,74,0,74.0,0.0,0.0,0.0,0.0,0,0,0,0.0,,,0.0,0.0,0.0,INT,,,610.0,,0.0,0.0,0.0,0
679217,0.0,0.0,0.0,0.0,0.0,0.0,udp,0.0,,cs0,,249.0,,7.0,,Start,1,1,0,74,74,0,74.0,0.0,0.0,0.0,0.0,0,0,0,0.0,,,0.0,0.0,0.0,INT,,,610.0,,0.0,0.0,0.0,0
679285,0.0,0.0,0.0,0.0,0.0,0.0,udp,0.0,,cs0,,249.0,,7.0,,Start,1,1,0,74,74,0,74.0,0.0,0.0,0.0,0.0,0,0,0,0.0,,,0.0,0.0,0.0,INT,,,610.0,,0.0,0.0,0.0,0
679329,0.0,0.0,0.0,0.0,0.0,0.0,udp,0.0,,cs0,,249.0,,7.0,,Start,1,1,0,74,74,0,74.0,0.0,0.0,0.0,0.0,0,0,0,0.0,,,0.0,0.0,0.0,INT,,,610.0,,0.0,0.0,0.0,0
679355,0.0,0.0,0.0,0.0,0.0,0.0,udp,0.0,,cs0,,249.0,,7.0,,Start,1,1,0,74,74,0,74.0,0.0,0.0,0.0,0.0,0,0,0,0.0,,,0.0,0.0,0.0,INT,,,610.0,,0.0,0.0,0.0,0
679390,0.0,0.0,0.0,0.0,0.0,0.0,udp,0.0,,cs0,,249.0,,7.0,,Start,1,1,0,74,74,0,74.0,0.0,0.0,0.0,0.0,0,0,0,0.0,,,0.0,0.0,0.0,INT,,,610.0,,0.0,0.0,0.0,0
679398,0.0,0.0,0.0,0.0,0.0,0.0,udp,0.0,,cs0,,249.0,,7.0,,Start,1,1,0,74,74,0,74.0,0.0,0.0,0.0,0.0,0,0,0,0.0,,,0.0,0.0,0.0,INT,,,610.0,,0.0,0.0,0.0,0
679413,0.0,0.0,0.0,0.0,0.0,0.0,udp,0.0,,cs0,,249.0,,7.0,,Start,1,1,0,74,74,0,74.0,0.0,0.0,0.0,0.0,0,0,0,0.0,,,0.0,0.0,0.0,INT,,,610.0,,0.0,0.0,0.0,0
679447,0.0,0.0,0.0,0.0,0.0,0.0,icmp,0.0,,cs0,,58.0,,6.0,,Start,1,1,0,98,98,0,98.0,0.0,0.0,0.0,0.0,0,0,0,0.0,,,0.0,0.0,0.0,ECO,,,,,0.0,0.0,0.0,0
679456,0.079987,0.079987,0.079987,0.079987,0.079987,0.079987,udp,0.0,0.0,cs0,cs0,64.0,52.0,0.0,12.0,Status,8,5,3,4875,3204,1671,640.799988,557.0,367859.7813,256441.6875,111418.1094,0,0,0,0.0,,,87.514221,50.008129,25.004065,CON,,,,,0.0,0.0,0.0,0
679494,0.0,0.0,0.0,0.0,0.0,0.0,udp,0.0,,cs0,,249.0,,7.0,,Start,1,1,0,74,74,0,74.0,0.0,0.0,0.0,0.0,0,0,0,0.0,,,0.0,0.0,0.0,INT,,,610.0,,0.0,0.0,0.0,0
679504,0.0,0.0,0.0,0.0,0.0,0.0,udp,0.0,,cs0,,249.0,,7.0,,Start,1,1,0,74,74,0,74.0,0.0,0.0,0.0,0.0,0,0,0,0.0,,,0.0,0.0,0.0,INT,,,610.0,,0.0,0.0,0.0,0
679654,0.0,0.0,0.0,0.0,0.0,0.0,udp,0.0,,cs0,,249.0,,7.0,,Start,1,1,0,74,74,0,74.0,0.0,0.0,0.0,0.0,0,0,0,0.0,,,0.0,0.0,0.0,INT,,,610.0,,0.0,0.0,0.0,0
679709,0.0,0.0,0.0,0.0,0.0,0.0,udp,0.0,,cs0,,249.0,,7.0,,Start,1,1,0,74,74,0,74.0,0.0,0.0,0.0,0.0,0,0,0,0.0,,,0.0,0.0,0.0,INT,,,610.0,,0.0,0.0,0.0,0
679801,0.0,0.0,0.0,0.0,0.0,0.0,udp,0.0,,cs0,,249.0,,7.0,,Start,1,1,0,74,74,0,74.0,0.0,0.0,0.0,0.0,0,0,0,0.0,,,0.0,0.0,0.0,INT,,,610.0,,0.0,0.0,0.0,0
679873,0.0,0.0,0.0,0.0,0.0,0.0,udp,0.0,,cs0,,249.0,,7.0,,Start,1,1,0,74,74,0,74.0,0.0,0.0,0.0,0.0,0,0,0,0.0,,,0.0,0.0,0.0,INT,,,610.0,,0.0,0.0,0.0,0
679886,0.0,0.0,0.0,0.0,0.0,0.0,udp,0.0,,cs0,,249.0,,7.0,,Start,1,1,0,74,74,0,74.0,0.0,0.0,0.0,0.0,0,0,0,0.0,,,0.0,0.0,0.0,INT,,,610.0,,0.0,0.0,0.0,0
679916,0.0,0.0,0.0,0.0,0.0,0.0,udp,0.0,,cs0,,249.0,,7.0,,Start,1,1,0,74,74,0,74.0,0.0,0.0,0.0,0.0,0,0,0,0.0,,,0.0,0.0,0.0,INT,,,610.0,,0.0,0.0,0.0,0
679967,0.0,0.0,0.0,0.0,0.0,0.0,udp,0.0,,cs0,,249.0,,7.0,,Start,1,1,0,74,74,0,74.0,0.0,0.0,0.0,0.0,0,0,0,0.0,,,0.0,0.0,0.0,INT,,,610.0,,0.0,0.0,0.0,0
680098,0.0,0.0,0.0,0.0,0.0,0.0,udp,0.0,,cs0,,249.0,,7.0,,Start,1,1,0,74,74,0,74.0,0.0,0.0,0.0,0.0,0,0,0,0.0,,,0.0,0.0,0.0,INT,,,610.0,,0.0,0.0,0.0,0
680149,0.0,0.0,0.0,0.0,0.0,0.0,udp,0.0,,cs0,,249.0,,7.0,,Start,1,1,0,74,74,0,74.0,0.0,0.0,0.0,0.0,0,0,0,0.0,,,0.0,0.0,0.0,INT,,,610.0,,0.0,0.0,0.0,0
680176,0.0,0.0,0.0,0.0,0.0,0.0,udp,0.0,,cs0,,249.0,,7.0,,Start,1,1,0,74,74,0,74.0,0.0,0.0,0.0,0.0,0,0,0,0.0,,,0.0,0.0,0.0,INT,,,610.0,,0.0,0.0,0.0,0
680192,4.925561,4.925561,4.925561,4.925561,4.925561,4.925561,tcp,0.0,0.0,cs0,cs0,64.0,117.0,0.0,11.0,Status,95,6,89,128750,2204,126546,367.333344,1421.865112,206209.2031,2983.619629,203225.5781,0,0,0,0.0,0.0,0.0,19.084122,1.015113,17.865986,CON,962560.0,188672.0,,,0.034987,0.020863,0.014124,0
680394,0.0,0.0,0.0,0.0,0.0,0.0,udp,0.0,,cs0,,249.0,,7.0,,Start,1,1,0,74,74,0,74.0,0.0,0.0,0.0,0.0,0,0,0,0.0,,,0.0,0.0,0.0,INT,,,610.0,,0.0,0.0,0.0,0
680396,0.0,0.0,0.0,0.0,0.0,0.0,udp,0.0,,cs0,,249.0,,7.0,,Start,1,1,0,74,74,0,74.0,0.0,0.0,0.0,0.0,0,0,0,0.0,,,0.0,0.0,0.0,INT,,,610.0,,0.0,0.0,0.0,0
680417,0.0,0.0,0.0,0.0,0.0,0.0,udp,0.0,,cs0,,249.0,,7.0,,Start,1,1,0,74,74,0,74.0,0.0,0.0,0.0,0.0,0,0,0,0.0,,,0.0,0.0,0.0,INT,,,610.0,,0.0,0.0,0.0,0
680532,0.0,0.0,0.0,0.0,0.0,0.0,udp,0.0,,cs0,,249.0,,7.0,,Start,1,1,0,74,74,0,74.0,0.0,0.0,0.0,0.0,0,0,0,0.0,,,0.0,0.0,0.0,INT,,,610.0,,0.0,0.0,0.0,0
680543,4.983909,4.983909,4.983909,4.983909,4.983909,4.983909,tcp,0.0,0.0,cs0,cs0,64.0,117.0,0.0,11.0,Status,67,18,49,71500,3008,68492,167.111115,1397.795898,112258.8672,4560.275879,107698.5938,0,0,0,0.0,0.0,0.0,13.242617,3.410977,9.630994,CON,962560.0,194048.0,,,0.034987,0.020863,0.014124,0
680583,0.0,0.0,0.0,0.0,0.0,0.0,udp,0.0,,cs0,,249.0,,7.0,,Start,1,1,0,74,74,0,74.0,0.0,0.0,0.0,0.0,0,0,0,0.0,,,0.0,0.0,0.0,INT,,,610.0,,0.0,0.0,0.0,0
680605,0.0,0.0,0.0,0.0,0.0,0.0,udp,0.0,,cs0,,249.0,,7.0,,Start,1,1,0,74,74,0,74.0,0.0,0.0,0.0,0.0,0,0,0,0.0,,,0.0,0.0,0.0,INT,,,610.0,,0.0,0.0,0.0,0
680616,0.0,0.0,0.0,0.0,0.0,0.0,udp,0.0,,cs0,,249.0,,7.0,,Start,1,1,0,74,74,0,74.0,0.0,0.0,0.0,0.0,0,0,0,0.0,,,0.0,0.0,0.0,INT,,,610.0,,0.0,0.0,0.0,0
680655,0.0,0.0,0.0,0.0,0.0,0.0,udp,0.0,,cs0,,249.0,,7.0,,Start,1,1,0,74,74,0,74.0,0.0,0.0,0.0,0.0,0,0,0,0.0,,,0.0,0.0,0.0,INT,,,610.0,,0.0,0.0,0.0,0
680706,0.0,0.0,0.0,0.0,0.0,0.0,udp,0.0,,cs0,,249.0,,7.0,,Start,1,1,0,74,74,0,74.0,0.0,0.0,0.0,0.0,0,0,0,0.0,,,0.0,0.0,0.0,INT,,,610.0,,0.0,0.0,0.0,0
680708,0.0,0.0,0.0,0.0,0.0,0.0,udp,0.0,,cs0,,249.0,,7.0,,Start,1,1,0,74,74,0,74.0,0.0,0.0,0.0,0.0,0,0,0,0.0,,,0.0,0.0,0.0,INT,,,610.0,,0.0,0.0,0.0,0
680719,0.0,0.0,0.0,0.0,0.0,0.0,udp,0.0,,cs0,,249.0,,7.0,,Start,1,1,0,74,74,0,74.0,0.0,0.0,0.0,0.0,0,0,0,0.0,,,0.0,0.0,0.0,INT,,,610.0,,0.0,0.0,0.0,0
680741,0.0,0.0,0.0,0.0,0.0,0.0,udp,0.0,,cs0,,249.0,,7.0,,Start,1,1,0,74,74,0,74.0,0.0,0.0,0.0,0.0,0,0,0,0.0,,,0.0,0.0,0.0,INT,,,610.0,,0.0,0.0,0.0,0
680797,0.0,0.0,0.0,0.0,0.0,0.0,udp,0.0,,cs0,,249.0,,7.0,,Start,1,1,0,74,74,0,74.0,0.0,0.0,0.0,0.0,0,0,0,0.0,,,0.0,0.0,0.0,INT,,,610.0,,0.0,0.0,0.0,0
680801,0.0,0.0,0.0,0.0,0.0,0.0,udp,0.0,,cs0,,249.0,,7.0,,Start,1,1,0,74,74,0,74.0,0.0,0.0,0.0,0.0,0,0,0,0.0,,,0.0,0.0,0.0,INT,,,610.0,,0.0,0.0,0.0,0
680826,0.0,0.0,0.0,0.0,0.0,0.0,udp,0.0,,cs0,,249.0,,7.0,,Start,1,1,0,74,74,0,74.0,0.0,0.0,0.0,0.0,0,0,0,0.0,,,0.0,0.0,0.0,INT,,,610.0,,0.0,0.0,0.0,0
680833,0.0,0.0,0.0,0.0,0.0,0.0,udp,0.0,,cs0,,249.0,,7.0,,Start,1,1,0,74,74,0,74.0,0.0,0.0,0.0,0.0,0,0,0,0.0,,,0.0,0.0,0.0,INT,,,610.0,,0.0,0.0,0.0,0
680886,0.0,0.0,0.0,0.0,0.0,0.0,udp,0.0,,cs0,,249.0,,7.0,,Start,1,1,0,74,74,0,74.0,0.0,0.0,0.0,0.0,0,0,0,0.0,,,0.0,0.0,0.0,INT,,,610.0,,0.0,0.0,0.0,0
680918,0.0,0.0,0.0,0.0,0.0,0.0,tcp,0.0,,cs0,,116.0,,12.0,,Status,1,1,0,74,74,0,74.0,0.0,0.0,0.0,0.0,1,1,0,50.0,0.0,0.0,0.0,0.0,0.0,ACC,16776960.0,,,,0.0,0.0,0.0,0
680962,0.0,0.0,0.0,0.0,0.0,0.0,udp,0.0,,cs0,,249.0,,7.0,,Start,1,1,0,74,74,0,74.0,0.0,0.0,0.0,0.0,0,0,0,0.0,,,0.0,0.0,0.0,INT,,,610.0,,0.0,0.0,0.0,0
680986,0.0,0.0,0.0,0.0,0.0,0.0,udp,0.0,,cs0,,249.0,,7.0,,Start,1,1,0,74,74,0,74.0,0.0,0.0,0.0,0.0,0,0,0,0.0,,,0.0,0.0,0.0,INT,,,610.0,,0.0,0.0,0.0,0
680994,0.0,0.0,0.0,0.0,0.0,0.0,udp,0.0,,cs0,,249.0,,7.0,,Start,1,1,0,74,74,0,74.0,0.0,0.0,0.0,0.0,0,0,0,0.0,,,0.0,0.0,0.0,INT,,,610.0,,0.0,0.0,0.0,0
681106,0.0,0.0,0.0,0.0,0.0,0.0,udp,0.0,,cs0,,249.0,,7.0,,Start,1,1,0,74,74,0,74.0,0.0,0.0,0.0,0.0,0,0,0,0.0,,,0.0,0.0,0.0,INT,,,610.0,,0.0,0.0,0.0,0
681160,4.992963,4.992963,4.992963,4.992963,4.992963,4.992963,udp,0.0,0.0,cs0,cs0,64.0,117.0,0.0,11.0,Status,154,22,132,182399,4692,177707,213.27272,1346.265137,289751.8125,7176.500488,282575.3125,0,0,0,0.0,,,30.643127,4.20592,26.236927,CON,,,,,0.0,0.0,0.0,0
681163,0.0,0.0,0.0,0.0,0.0,0.0,udp,0.0,,cs0,,249.0,,7.0,,Start,1,1,0,74,74,0,74.0,0.0,0.0,0.0,0.0,0,0,0,0.0,,,0.0,0.0,0.0,INT,,,610.0,,0.0,0.0,0.0,0
681174,0.0,0.0,0.0,0.0,0.0,0.0,udp,0.0,,cs0,,249.0,,7.0,,Start,1,1,0,74,74,0,74.0,0.0,0.0,0.0,0.0,0,0,0,0.0,,,0.0,0.0,0.0,INT,,,610.0,,0.0,0.0,0.0,0
681228,0.0,0.0,0.0,0.0,0.0,0.0,udp,0.0,,cs0,,249.0,,7.0,,Start,1,1,0,74,74,0,74.0,0.0,0.0,0.0,0.0,0,0,0,0.0,,,0.0,0.0,0.0,INT,,,610.0,,0.0,0.0,0.0,0
681257,0.0,0.0,0.0,0.0,0.0,0.0,icmp,0.0,,cs0,,58.0,,6.0,,Start,1,1,0,98,98,0,98.0,0.0,0.0,0.0,0.0,0,0,0,0.0,,,0.0,0.0,0.0,ECO,,,,,0.0,0.0,0.0,0
681264,0.052894,0.052894,0.052894,0.052894,0.052894,0.052894,tcp,0.0,0.0,cs0,cs0,64.0,52.0,0.0,12.0,Start,4,2,2,1884,486,1398,243.0,699.0,142473.625,36752.75,105720.875,0,0,0,0.0,0.0,0.0,56.717209,18.905737,18.905737,CON,179.0,273.0,,,0.0,0.0,0.0,0
681283,0.0,0.0,0.0,0.0,0.0,0.0,udp,0.0,,cs0,,249.0,,7.0,,Start,1,1,0,74,74,0,74.0,0.0,0.0,0.0,0.0,0,0,0,0.0,,,0.0,0.0,0.0,INT,,,610.0,,0.0,0.0,0.0,0
681297,0.0,0.0,0.0,0.0,0.0,0.0,udp,0.0,,cs0,,249.0,,7.0,,Start,1,1,0,74,74,0,74.0,0.0,0.0,0.0,0.0,0,0,0,0.0,,,0.0,0.0,0.0,INT,,,610.0,,0.0,0.0,0.0,0
681378,0.0,0.0,0.0,0.0,0.0,0.0,udp,0.0,,cs0,,249.0,,7.0,,Start,1,1,0,74,74,0,74.0,0.0,0.0,0.0,0.0,0,0,0,0.0,,,0.0,0.0,0.0,INT,,,610.0,,0.0,0.0,0.0,0
681424,0.0,0.0,0.0,0.0,0.0,0.0,udp,0.0,,cs0,,249.0,,7.0,,Start,1,1,0,74,74,0,74.0,0.0,0.0,0.0,0.0,0,0,0,0.0,,,0.0,0.0,0.0,INT,,,610.0,,0.0,0.0,0.0,0
681429,0.0,0.0,0.0,0.0,0.0,0.0,udp,0.0,,cs0,,249.0,,7.0,,Start,1,1,0,74,74,0,74.0,0.0,0.0,0.0,0.0,0,0,0,0.0,,,0.0,0.0,0.0,INT,,,610.0,,0.0,0.0,0.0,0
681455,0.0,0.0,0.0,0.0,0.0,0.0,udp,0.0,,cs0,,249.0,,7.0,,Start,1,1,0,74,74,0,74.0,0.0,0.0,0.0,0.0,0,0,0,0.0,,,0.0,0.0,0.0,INT,,,610.0,,0.0,0.0,0.0,0
681456,0.0,0.0,0.0,0.0,0.0,0.0,udp,0.0,,cs0,,249.0,,7.0,,Start,1,1,0,74,74,0,74.0,0.0,0.0,0.0,0.0,0,0,0,0.0,,,0.0,0.0,0.0,INT,,,610.0,,0.0,0.0,0.0,0
681472,0.0,0.0,0.0,0.0,0.0,0.0,udp,0.0,,cs0,,249.0,,7.0,,Start,1,1,0,74,74,0,74.0,0.0,0.0,0.0,0.0,0,0,0,0.0,,,0.0,0.0,0.0,INT,,,610.0,,0.0,0.0,0.0,0
681507,0.0,0.0,0.0,0.0,0.0,0.0,udp,0.0,,cs0,,249.0,,7.0,,Start,1,1,0,74,74,0,74.0,0.0,0.0,0.0,0.0,0,0,0,0.0,,,0.0,0.0,0.0,INT,,,610.0,,0.0,0.0,0.0,0
681532,0.0,0.0,0.0,0.0,0.0,0.0,tcp,0.0,,cs0,,62.0,,2.0,,Status,1,1,0,74,74,0,74.0,0.0,0.0,0.0,0.0,1,1,0,50.0,0.0,0.0,0.0,0.0,0.0,ACC,3706880.0,,,,0.0,0.0,0.0,0
681585,0.0,0.0,0.0,0.0,0.0,0.0,udp,0.0,,cs0,,249.0,,7.0,,Start,1,1,0,74,74,0,74.0,0.0,0.0,0.0,0.0,0,0,0,0.0,,,0.0,0.0,0.0,INT,,,610.0,,0.0,0.0,0.0,0
681745,0.0,0.0,0.0,0.0,0.0,0.0,udp,0.0,,cs0,,249.0,,7.0,,Start,1,1,0,74,74,0,74.0,0.0,0.0,0.0,0.0,0,0,0,0.0,,,0.0,0.0,0.0,INT,,,610.0,,0.0,0.0,0.0,0
681775,4.960089,4.960089,4.960089,4.960089,4.960089,4.960089,tcp,0.0,0.0,cs0,cs0,64.0,117.0,0.0,11.0,Status,90,25,65,94686,3235,91451,129.399994,1406.938477,150240.8594,5009.587402,145231.2656,0,0,0,0.0,0.0,0.0,17.943226,4.838623,12.902994,CON,1340416.0,268544.0,,,0.042866,0.02067,0.022196,0
681797,0.0,0.0,0.0,0.0,0.0,0.0,udp,0.0,,cs0,,249.0,,7.0,,Start,1,1,0,74,74,0,74.0,0.0,0.0,0.0,0.0,0,0,0,0.0,,,0.0,0.0,0.0,INT,,,610.0,,0.0,0.0,0.0,0
681825,0.0,0.0,0.0,0.0,0.0,0.0,udp,0.0,,cs0,,249.0,,7.0,,Start,1,1,0,74,74,0,74.0,0.0,0.0,0.0,0.0,0,0,0,0.0,,,0.0,0.0,0.0,INT,,,610.0,,0.0,0.0,0.0,0
681854,0.0,0.0,0.0,0.0,0.0,0.0,udp,0.0,,cs0,,249.0,,7.0,,Start,1,1,0,74,74,0,74.0,0.0,0.0,0.0,0.0,0,0,0,0.0,,,0.0,0.0,0.0,INT,,,610.0,,0.0,0.0,0.0,0
681869,0.0,0.0,0.0,0.0,0.0,0.0,udp,0.0,,cs0,,249.0,,7.0,,Start,1,1,0,74,74,0,74.0,0.0,0.0,0.0,0.0,0,0,0,0.0,,,0.0,0.0,0.0,INT,,,610.0,,0.0,0.0,0.0,0
681929,0.0,0.0,0.0,0.0,0.0,0.0,tcp,0.0,0.0,cs0,cs0,64.0,48.0,0.0,16.0,Status,1,0,1,66,0,66,0.0,66.0,0.0,0.0,0.0,0,0,0,0.0,0.0,0.0,0.0,0.0,0.0,RST,,,,,0.082037,0.066169,0.015868,0
681966,0.0,0.0,0.0,0.0,0.0,0.0,udp,0.0,,cs0,,249.0,,7.0,,Start,1,1,0,74,74,0,74.0,0.0,0.0,0.0,0.0,0,0,0,0.0,,,0.0,0.0,0.0,INT,,,610.0,,0.0,0.0,0.0,0
681968,0.0,0.0,0.0,0.0,0.0,0.0,udp,0.0,,cs0,,249.0,,7.0,,Start,1,1,0,74,74,0,74.0,0.0,0.0,0.0,0.0,0,0,0,0.0,,,0.0,0.0,0.0,INT,,,610.0,,0.0,0.0,0.0,0
682107,0.0,0.0,0.0,0.0,0.0,0.0,udp,0.0,,cs0,,249.0,,7.0,,Start,1,1,0,74,74,0,74.0,0.0,0.0,0.0,0.0,0,0,0,0.0,,,0.0,0.0,0.0,INT,,,610.0,,0.0,0.0,0.0,0
682115,0.0,0.0,0.0,0.0,0.0,0.0,udp,0.0,,cs0,,249.0,,7.0,,Start,1,1,0,74,74,0,74.0,0.0,0.0,0.0,0.0,0,0,0,0.0,,,0.0,0.0,0.0,INT,,,610.0,,0.0,0.0,0.0,0
682195,0.0,0.0,0.0,0.0,0.0,0.0,udp,0.0,,cs0,,249.0,,7.0,,Start,1,1,0,74,74,0,74.0,0.0,0.0,0.0,0.0,0,0,0,0.0,,,0.0,0.0,0.0,INT,,,610.0,,0.0,0.0,0.0,0
682210,0.0,0.0,0.0,0.0,0.0,0.0,udp,0.0,,cs0,,249.0,,7.0,,Start,1,1,0,74,74,0,74.0,0.0,0.0,0.0,0.0,0,0,0,0.0,,,0.0,0.0,0.0,INT,,,610.0,,0.0,0.0,0.0,0
682241,0.0,0.0,0.0,0.0,0.0,0.0,udp,0.0,,cs0,,249.0,,7.0,,Start,1,1,0,74,74,0,74.0,0.0,0.0,0.0,0.0,0,0,0,0.0,,,0.0,0.0,0.0,INT,,,610.0,,0.0,0.0,0.0,0
682272,0.0,0.0,0.0,0.0,0.0,0.0,udp,0.0,,cs0,,249.0,,7.0,,Start,1,1,0,74,74,0,74.0,0.0,0.0,0.0,0.0,0,0,0,0.0,,,0.0,0.0,0.0,INT,,,610.0,,0.0,0.0,0.0,0
682323,0.0,0.0,0.0,0.0,0.0,0.0,udp,0.0,,cs0,,249.0,,7.0,,Start,1,1,0,74,74,0,74.0,0.0,0.0,0.0,0.0,0,0,0,0.0,,,0.0,0.0,0.0,INT,,,610.0,,0.0,0.0,0.0,0
682347,0.0,0.0,0.0,0.0,0.0,0.0,udp,0.0,,cs0,,249.0,,7.0,,Start,1,1,0,74,74,0,74.0,0.0,0.0,0.0,0.0,0,0,0,0.0,,,0.0,0.0,0.0,INT,,,610.0,,0.0,0.0,0.0,0
682387,0.0,0.0,0.0,0.0,0.0,0.0,udp,0.0,,cs0,,249.0,,7.0,,Start,1,1,0,74,74,0,74.0,0.0,0.0,0.0,0.0,0,0,0,0.0,,,0.0,0.0,0.0,INT,,,610.0,,0.0,0.0,0.0,0
682401,0.10295,0.10295,0.10295,0.10295,0.10295,0.10295,icmp,0.0,0.0,cs0,cs0,58.0,64.0,6.0,0.0,Start,2,1,1,196,98,98,98.0,98.0,0.0,0.0,0.0,0,0,0,0.0,,,9.713453,0.0,0.0,ECO,,,,,0.0,0.0,0.0,0
682408,0.0,0.0,0.0,0.0,0.0,0.0,udp,0.0,,cs0,,249.0,,7.0,,Start,1,1,0,74,74,0,74.0,0.0,0.0,0.0,0.0,0,0,0,0.0,,,0.0,0.0,0.0,INT,,,610.0,,0.0,0.0,0.0,0
682438,0.0,0.0,0.0,0.0,0.0,0.0,udp,0.0,,cs0,,249.0,,7.0,,Start,1,1,0,74,74,0,74.0,0.0,0.0,0.0,0.0,0,0,0,0.0,,,0.0,0.0,0.0,INT,,,610.0,,0.0,0.0,0.0,0
682454,0.0,0.0,0.0,0.0,0.0,0.0,udp,0.0,,cs0,,249.0,,7.0,,Start,1,1,0,74,74,0,74.0,0.0,0.0,0.0,0.0,0,0,0,0.0,,,0.0,0.0,0.0,INT,,,610.0,,0.0,0.0,0.0,0
682603,0.0,0.0,0.0,0.0,0.0,0.0,udp,0.0,,cs0,,249.0,,7.0,,Start,1,1,0,74,74,0,74.0,0.0,0.0,0.0,0.0,0,0,0,0.0,,,0.0,0.0,0.0,INT,,,610.0,,0.0,0.0,0.0,0
682702,0.0,0.0,0.0,0.0,0.0,0.0,udp,0.0,,cs0,,249.0,,7.0,,Start,1,1,0,74,74,0,74.0,0.0,0.0,0.0,0.0,0,0,0,0.0,,,0.0,0.0,0.0,INT,,,610.0,,0.0,0.0,0.0,0
682717,0.0,0.0,0.0,0.0,0.0,0.0,udp,0.0,,cs0,,249.0,,7.0,,Start,1,1,0,74,74,0,74.0,0.0,0.0,0.0,0.0,0,0,0,0.0,,,0.0,0.0,0.0,INT,,,610.0,,0.0,0.0,0.0,0
682761,0.0,0.0,0.0,0.0,0.0,0.0,udp,0.0,,cs0,,249.0,,7.0,,Start,1,1,0,74,74,0,74.0,0.0,0.0,0.0,0.0,0,0,0,0.0,,,0.0,0.0,0.0,INT,,,610.0,,0.0,0.0,0.0,0
682811,0.0,0.0,0.0,0.0,0.0,0.0,udp,0.0,,cs0,,249.0,,7.0,,Start,1,1,0,74,74,0,74.0,0.0,0.0,0.0,0.0,0,0,0,0.0,,,0.0,0.0,0.0,INT,,,610.0,,0.0,0.0,0.0,0
682944,0.0,0.0,0.0,0.0,0.0,0.0,udp,0.0,,cs0,,249.0,,7.0,,Start,1,1,0,74,74,0,74.0,0.0,0.0,0.0,0.0,0,0,0,0.0,,,0.0,0.0,0.0,INT,,,610.0,,0.0,0.0,0.0,0
682957,0.0,0.0,0.0,0.0,0.0,0.0,udp,0.0,,cs0,,249.0,,7.0,,Start,1,1,0,74,74,0,74.0,0.0,0.0,0.0,0.0,0,0,0,0.0,,,0.0,0.0,0.0,INT,,,610.0,,0.0,0.0,0.0,0
682958,0.0,0.0,0.0,0.0,0.0,0.0,udp,0.0,,cs0,,249.0,,7.0,,Start,1,1,0,74,74,0,74.0,0.0,0.0,0.0,0.0,0,0,0,0.0,,,0.0,0.0,0.0,INT,,,610.0,,0.0,0.0,0.0,0
682959,0.0,0.0,0.0,0.0,0.0,0.0,udp,0.0,,cs0,,249.0,,7.0,,Start,1,1,0,74,74,0,74.0,0.0,0.0,0.0,0.0,0,0,0,0.0,,,0.0,0.0,0.0,INT,,,610.0,,0.0,0.0,0.0,0
683028,0.0,0.0,0.0,0.0,0.0,0.0,udp,0.0,,cs0,,249.0,,7.0,,Start,1,1,0,74,74,0,74.0,0.0,0.0,0.0,0.0,0,0,0,0.0,,,0.0,0.0,0.0,INT,,,610.0,,0.0,0.0,0.0,0
683154,0.0,0.0,0.0,0.0,0.0,0.0,udp,0.0,,cs0,,249.0,,7.0,,Start,1,1,0,74,74,0,74.0,0.0,0.0,0.0,0.0,0,0,0,0.0,,,0.0,0.0,0.0,INT,,,610.0,,0.0,0.0,0.0,0
683221,0.0,0.0,0.0,0.0,0.0,0.0,udp,0.0,,cs0,,249.0,,7.0,,Start,1,1,0,74,74,0,74.0,0.0,0.0,0.0,0.0,0,0,0,0.0,,,0.0,0.0,0.0,INT,,,610.0,,0.0,0.0,0.0,0
683306,0.0,0.0,0.0,0.0,0.0,0.0,udp,0.0,,cs0,,249.0,,7.0,,Start,1,1,0,74,74,0,74.0,0.0,0.0,0.0,0.0,0,0,0,0.0,,,0.0,0.0,0.0,INT,,,610.0,,0.0,0.0,0.0,0
683307,0.0,0.0,0.0,0.0,0.0,0.0,udp,0.0,,cs0,,249.0,,7.0,,Start,1,1,0,74,74,0,74.0,0.0,0.0,0.0,0.0,0,0,0,0.0,,,0.0,0.0,0.0,INT,,,610.0,,0.0,0.0,0.0,0
683316,0.0,0.0,0.0,0.0,0.0,0.0,udp,0.0,,cs0,,249.0,,7.0,,Start,1,1,0,74,74,0,74.0,0.0,0.0,0.0,0.0,0,0,0,0.0,,,0.0,0.0,0.0,INT,,,610.0,,0.0,0.0,0.0,0
683348,0.0,0.0,0.0,0.0,0.0,0.0,udp,0.0,,cs0,,249.0,,7.0,,Start,1,1,0,74,74,0,74.0,0.0,0.0,0.0,0.0,0,0,0,0.0,,,0.0,0.0,0.0,INT,,,610.0,,0.0,0.0,0.0,0
683379,0.0,0.0,0.0,0.0,0.0,0.0,udp,0.0,,cs0,,249.0,,7.0,,Start,1,1,0,74,74,0,74.0,0.0,0.0,0.0,0.0,0,0,0,0.0,,,0.0,0.0,0.0,INT,,,610.0,,0.0,0.0,0.0,0
683396,1.327757,1.327757,1.327757,1.327757,1.327757,1.327757,udp,0.0,0.0,cs0,cs0,64.0,53.0,0.0,11.0,Status,19,11,8,10103,7865,2238,715.0,279.75,54883.53516,43080.17188,11803.36426,0,0,0,0.0,,,13.556698,7.531498,5.272049,CON,,,,,0.0,0.0,0.0,0
683439,0.0,0.0,0.0,0.0,0.0,0.0,udp,0.0,,cs0,,249.0,,7.0,,Start,1,1,0,74,74,0,74.0,0.0,0.0,0.0,0.0,0,0,0,0.0,,,0.0,0.0,0.0,INT,,,610.0,,0.0,0.0,0.0,0
683604,0.0,0.0,0.0,0.0,0.0,0.0,udp,0.0,,cs0,,249.0,,7.0,,Start,1,1,0,74,74,0,74.0,0.0,0.0,0.0,0.0,0,0,0,0.0,,,0.0,0.0,0.0,INT,,,610.0,,0.0,0.0,0.0,0
683648,0.0,0.0,0.0,0.0,0.0,0.0,udp,0.0,,cs0,,249.0,,7.0,,Start,1,1,0,74,74,0,74.0,0.0,0.0,0.0,0.0,0,0,0,0.0,,,0.0,0.0,0.0,INT,,,610.0,,0.0,0.0,0.0,0
683714,0.0,0.0,0.0,0.0,0.0,0.0,udp,0.0,,cs0,,249.0,,7.0,,Start,1,1,0,74,74,0,74.0,0.0,0.0,0.0,0.0,0,0,0,0.0,,,0.0,0.0,0.0,INT,,,610.0,,0.0,0.0,0.0,0
683734,0.0,0.0,0.0,0.0,0.0,0.0,udp,0.0,,cs0,,249.0,,7.0,,Start,1,1,0,74,74,0,74.0,0.0,0.0,0.0,0.0,0,0,0,0.0,,,0.0,0.0,0.0,INT,,,610.0,,0.0,0.0,0.0,0
683773,0.0,0.0,0.0,0.0,0.0,0.0,udp,0.0,,cs0,,249.0,,7.0,,Start,1,1,0,74,74,0,74.0,0.0,0.0,0.0,0.0,0,0,0,0.0,,,0.0,0.0,0.0,INT,,,610.0,,0.0,0.0,0.0,0
683777,0.0,0.0,0.0,0.0,0.0,0.0,udp,0.0,,cs0,,249.0,,7.0,,Start,1,1,0,74,74,0,74.0,0.0,0.0,0.0,0.0,0,0,0,0.0,,,0.0,0.0,0.0,INT,,,610.0,,0.0,0.0,0.0,0
683858,0.0,0.0,0.0,0.0,0.0,0.0,icmp,0.0,,cs0,,58.0,,6.0,,Start,1,1,0,98,98,0,98.0,0.0,0.0,0.0,0.0,0,0,0,0.0,,,0.0,0.0,0.0,ECO,,,,,0.0,0.0,0.0,0
683892,0.0,0.0,0.0,0.0,0.0,0.0,udp,0.0,,cs0,,249.0,,7.0,,Start,1,1,0,74,74,0,74.0,0.0,0.0,0.0,0.0,0,0,0,0.0,,,0.0,0.0,0.0,INT,,,610.0,,0.0,0.0,0.0,0
683906,0.0,0.0,0.0,0.0,0.0,0.0,udp,0.0,,cs0,,249.0,,7.0,,Start,1,1,0,74,74,0,74.0,0.0,0.0,0.0,0.0,0,0,0,0.0,,,0.0,0.0,0.0,INT,,,610.0,,0.0,0.0,0.0,0
683916,0.0,0.0,0.0,0.0,0.0,0.0,udp,0.0,,cs0,,249.0,,7.0,,Start,1,1,0,74,74,0,74.0,0.0,0.0,0.0,0.0,0,0,0,0.0,,,0.0,0.0,0.0,INT,,,610.0,,0.0,0.0,0.0,0
683950,0.0,0.0,0.0,0.0,0.0,0.0,udp,0.0,,cs0,,249.0,,7.0,,Start,1,1,0,74,74,0,74.0,0.0,0.0,0.0,0.0,0,0,0,0.0,,,0.0,0.0,0.0,INT,,,610.0,,0.0,0.0,0.0,0
683975,0.0,0.0,0.0,0.0,0.0,0.0,udp,0.0,,cs0,,249.0,,7.0,,Start,1,1,0,74,74,0,74.0,0.0,0.0,0.0,0.0,0,0,0,0.0,,,0.0,0.0,0.0,INT,,,610.0,,0.0,0.0,0.0,0
683993,0.074083,0.074083,0.074083,0.074083,0.074083,0.074083,icmp,0.0,0.0,cs0,cs0,58.0,64.0,6.0,0.0,Start,2,1,1,196,98,98,98.0,98.0,0.0,0.0,0.0,0,0,0,0.0,,,13.498373,0.0,0.0,ECO,,,,,0.0,0.0,0.0,0
684002,0.0,0.0,0.0,0.0,0.0,0.0,icmp,0.0,,cs0,,58.0,,6.0,,Start,1,1,0,98,98,0,98.0,0.0,0.0,0.0,0.0,0,0,0,0.0,,,0.0,0.0,0.0,ECO,,,,,0.0,0.0,0.0,0
684054,0.0,0.0,0.0,0.0,0.0,0.0,udp,0.0,,cs0,,249.0,,7.0,,Start,1,1,0,74,74,0,74.0,0.0,0.0,0.0,0.0,0,0,0,0.0,,,0.0,0.0,0.0,INT,,,610.0,,0.0,0.0,0.0,0
684126,0.0,0.0,0.0,0.0,0.0,0.0,udp,0.0,,cs0,,249.0,,7.0,,Start,1,1,0,74,74,0,74.0,0.0,0.0,0.0,0.0,0,0,0,0.0,,,0.0,0.0,0.0,INT,,,610.0,,0.0,0.0,0.0,0
684207,0.0,0.0,0.0,0.0,0.0,0.0,udp,0.0,,cs0,,249.0,,7.0,,Start,1,1,0,74,74,0,74.0,0.0,0.0,0.0,0.0,0,0,0,0.0,,,0.0,0.0,0.0,INT,,,610.0,,0.0,0.0,0.0,0
684337,0.0,0.0,0.0,0.0,0.0,0.0,udp,0.0,,cs0,,249.0,,7.0,,Start,1,1,0,74,74,0,74.0,0.0,0.0,0.0,0.0,0,0,0,0.0,,,0.0,0.0,0.0,INT,,,610.0,,0.0,0.0,0.0,0
684341,0.0,0.0,0.0,0.0,0.0,0.0,udp,0.0,,cs0,,249.0,,7.0,,Start,1,1,0,74,74,0,74.0,0.0,0.0,0.0,0.0,0,0,0,0.0,,,0.0,0.0,0.0,INT,,,610.0,,0.0,0.0,0.0,0
684416,0.0,0.0,0.0,0.0,0.0,0.0,udp,0.0,,cs0,,249.0,,7.0,,Start,1,1,0,74,74,0,74.0,0.0,0.0,0.0,0.0,0,0,0,0.0,,,0.0,0.0,0.0,INT,,,610.0,,0.0,0.0,0.0,0
684422,0.0,0.0,0.0,0.0,0.0,0.0,udp,0.0,,cs0,,249.0,,7.0,,Start,1,1,0,74,74,0,74.0,0.0,0.0,0.0,0.0,0,0,0,0.0,,,0.0,0.0,0.0,INT,,,610.0,,0.0,0.0,0.0,0
684491,0.0,0.0,0.0,0.0,0.0,0.0,udp,0.0,,cs0,,249.0,,7.0,,Start,1,1,0,74,74,0,74.0,0.0,0.0,0.0,0.0,0,0,0,0.0,,,0.0,0.0,0.0,INT,,,610.0,,0.0,0.0,0.0,0
684530,0.0,0.0,0.0,0.0,0.0,0.0,udp,0.0,,cs0,,249.0,,7.0,,Start,1,1,0,74,74,0,74.0,0.0,0.0,0.0,0.0,0,0,0,0.0,,,0.0,0.0,0.0,INT,,,610.0,,0.0,0.0,0.0,0
684539,0.0,0.0,0.0,0.0,0.0,0.0,udp,0.0,,cs0,,249.0,,7.0,,Start,1,1,0,74,74,0,74.0,0.0,0.0,0.0,0.0,0,0,0,0.0,,,0.0,0.0,0.0,INT,,,610.0,,0.0,0.0,0.0,0
684639,0.0,0.0,0.0,0.0,0.0,0.0,udp,0.0,,cs0,,249.0,,7.0,,Start,1,1,0,74,74,0,74.0,0.0,0.0,0.0,0.0,0,0,0,0.0,,,0.0,0.0,0.0,INT,,,610.0,,0.0,0.0,0.0,0
684697,0.0,0.0,0.0,0.0,0.0,0.0,udp,0.0,,cs0,,249.0,,7.0,,Start,1,1,0,74,74,0,74.0,0.0,0.0,0.0,0.0,0,0,0,0.0,,,0.0,0.0,0.0,INT,,,610.0,,0.0,0.0,0.0,0
684711,0.0,0.0,0.0,0.0,0.0,0.0,udp,0.0,,cs0,,249.0,,7.0,,Start,1,1,0,74,74,0,74.0,0.0,0.0,0.0,0.0,0,0,0,0.0,,,0.0,0.0,0.0,INT,,,610.0,,0.0,0.0,0.0,0
684751,0.0,0.0,0.0,0.0,0.0,0.0,udp,0.0,,cs0,,249.0,,7.0,,Start,1,1,0,74,74,0,74.0,0.0,0.0,0.0,0.0,0,0,0,0.0,,,0.0,0.0,0.0,INT,,,610.0,,0.0,0.0,0.0,0
684885,0.0,0.0,0.0,0.0,0.0,0.0,udp,0.0,,cs0,,249.0,,7.0,,Start,1,1,0,74,74,0,74.0,0.0,0.0,0.0,0.0,0,0,0,0.0,,,0.0,0.0,0.0,INT,,,610.0,,0.0,0.0,0.0,0
684900,0.0,0.0,0.0,0.0,0.0,0.0,udp,0.0,,cs0,,249.0,,7.0,,Start,1,1,0,74,74,0,74.0,0.0,0.0,0.0,0.0,0,0,0,0.0,,,0.0,0.0,0.0,INT,,,610.0,,0.0,0.0,0.0,0
684937,0.0,0.0,0.0,0.0,0.0,0.0,udp,0.0,,cs0,,249.0,,7.0,,Start,1,1,0,74,74,0,74.0,0.0,0.0,0.0,0.0,0,0,0,0.0,,,0.0,0.0,0.0,INT,,,610.0,,0.0,0.0,0.0,0
685018,0.0,0.0,0.0,0.0,0.0,0.0,udp,0.0,,cs0,,249.0,,7.0,,Start,1,1,0,74,74,0,74.0,0.0,0.0,0.0,0.0,0,0,0,0.0,,,0.0,0.0,0.0,INT,,,610.0,,0.0,0.0,0.0,0
685090,0.0,0.0,0.0,0.0,0.0,0.0,udp,0.0,,cs0,,249.0,,7.0,,Start,1,1,0,74,74,0,74.0,0.0,0.0,0.0,0.0,0,0,0,0.0,,,0.0,0.0,0.0,INT,,,610.0,,0.0,0.0,0.0,0
685105,0.0,0.0,0.0,0.0,0.0,0.0,udp,0.0,,cs0,,249.0,,7.0,,Start,1,1,0,74,74,0,74.0,0.0,0.0,0.0,0.0,0,0,0,0.0,,,0.0,0.0,0.0,INT,,,610.0,,0.0,0.0,0.0,0
685196,0.0,0.0,0.0,0.0,0.0,0.0,udp,0.0,,cs0,,249.0,,7.0,,Start,1,1,0,74,74,0,74.0,0.0,0.0,0.0,0.0,0,0,0,0.0,,,0.0,0.0,0.0,INT,,,610.0,,0.0,0.0,0.0,0
685230,0.0,0.0,0.0,0.0,0.0,0.0,udp,0.0,,cs0,,249.0,,7.0,,Start,1,1,0,74,74,0,74.0,0.0,0.0,0.0,0.0,0,0,0,0.0,,,0.0,0.0,0.0,INT,,,610.0,,0.0,0.0,0.0,0
685270,0.0,0.0,0.0,0.0,0.0,0.0,udp,0.0,,cs0,,249.0,,7.0,,Start,1,1,0,74,74,0,74.0,0.0,0.0,0.0,0.0,0,0,0,0.0,,,0.0,0.0,0.0,INT,,,610.0,,0.0,0.0,0.0,0
685373,0.0,0.0,0.0,0.0,0.0,0.0,icmp,0.0,,cs0,,58.0,,6.0,,Start,1,1,0,98,98,0,98.0,0.0,0.0,0.0,0.0,0,0,0,0.0,,,0.0,0.0,0.0,ECO,,,,,0.0,0.0,0.0,0
685427,0.0,0.0,0.0,0.0,0.0,0.0,udp,0.0,,cs0,,249.0,,7.0,,Start,1,1,0,74,74,0,74.0,0.0,0.0,0.0,0.0,0,0,0,0.0,,,0.0,0.0,0.0,INT,,,610.0,,0.0,0.0,0.0,0
685428,0.0,0.0,0.0,0.0,0.0,0.0,udp,0.0,,cs0,,249.0,,7.0,,Start,1,1,0,74,74,0,74.0,0.0,0.0,0.0,0.0,0,0,0,0.0,,,0.0,0.0,0.0,INT,,,610.0,,0.0,0.0,0.0,0
685434,0.0,0.0,0.0,0.0,0.0,0.0,udp,0.0,,cs0,,249.0,,7.0,,Start,1,1,0,74,74,0,74.0,0.0,0.0,0.0,0.0,0,0,0,0.0,,,0.0,0.0,0.0,INT,,,610.0,,0.0,0.0,0.0,0
685443,0.0,0.0,0.0,0.0,0.0,0.0,udp,0.0,,cs0,,249.0,,7.0,,Start,1,1,0,74,74,0,74.0,0.0,0.0,0.0,0.0,0,0,0,0.0,,,0.0,0.0,0.0,INT,,,610.0,,0.0,0.0,0.0,0
685499,0.0,0.0,0.0,0.0,0.0,0.0,udp,0.0,,cs0,,249.0,,7.0,,Start,1,1,0,74,74,0,74.0,0.0,0.0,0.0,0.0,0,0,0,0.0,,,0.0,0.0,0.0,INT,,,610.0,,0.0,0.0,0.0,0
685533,0.0,0.0,0.0,0.0,0.0,0.0,udp,0.0,,cs0,,249.0,,7.0,,Start,1,1,0,74,74,0,74.0,0.0,0.0,0.0,0.0,0,0,0,0.0,,,0.0,0.0,0.0,INT,,,610.0,,0.0,0.0,0.0,0
685604,0.0,0.0,0.0,0.0,0.0,0.0,udp,0.0,,cs0,,249.0,,7.0,,Start,1,1,0,74,74,0,74.0,0.0,0.0,0.0,0.0,0,0,0,0.0,,,0.0,0.0,0.0,INT,,,610.0,,0.0,0.0,0.0,0
685648,0.0,0.0,0.0,0.0,0.0,0.0,udp,0.0,,cs0,,249.0,,7.0,,Start,1,1,0,74,74,0,74.0,0.0,0.0,0.0,0.0,0,0,0,0.0,,,0.0,0.0,0.0,INT,,,610.0,,0.0,0.0,0.0,0
685694,0.0,0.0,0.0,0.0,0.0,0.0,udp,0.0,,cs0,,249.0,,7.0,,Start,1,1,0,74,74,0,74.0,0.0,0.0,0.0,0.0,0,0,0,0.0,,,0.0,0.0,0.0,INT,,,610.0,,0.0,0.0,0.0,0
685750,0.0,0.0,0.0,0.0,0.0,0.0,udp,0.0,,cs0,,249.0,,7.0,,Start,1,1,0,74,74,0,74.0,0.0,0.0,0.0,0.0,0,0,0,0.0,,,0.0,0.0,0.0,INT,,,610.0,,0.0,0.0,0.0,0
685896,0.0,0.0,0.0,0.0,0.0,0.0,udp,0.0,,cs0,,249.0,,7.0,,Start,1,1,0,74,74,0,74.0,0.0,0.0,0.0,0.0,0,0,0,0.0,,,0.0,0.0,0.0,INT,,,610.0,,0.0,0.0,0.0,0
686034,0.0,0.0,0.0,0.0,0.0,0.0,udp,0.0,,cs0,,249.0,,7.0,,Start,1,1,0,74,74,0,74.0,0.0,0.0,0.0,0.0,0,0,0,0.0,,,0.0,0.0,0.0,INT,,,610.0,,0.0,0.0,0.0,0
686077,0.0,0.0,0.0,0.0,0.0,0.0,udp,0.0,,cs0,,249.0,,7.0,,Start,1,1,0,74,74,0,74.0,0.0,0.0,0.0,0.0,0,0,0,0.0,,,0.0,0.0,0.0,INT,,,610.0,,0.0,0.0,0.0,0
686147,0.0,0.0,0.0,0.0,0.0,0.0,udp,0.0,,cs0,,249.0,,7.0,,Start,1,1,0,74,74,0,74.0,0.0,0.0,0.0,0.0,0,0,0,0.0,,,0.0,0.0,0.0,INT,,,610.0,,0.0,0.0,0.0,0
686313,0.0,0.0,0.0,0.0,0.0,0.0,udp,0.0,,cs0,,249.0,,7.0,,Start,1,1,0,74,74,0,74.0,0.0,0.0,0.0,0.0,0,0,0,0.0,,,0.0,0.0,0.0,INT,,,610.0,,0.0,0.0,0.0,0
686383,0.0,0.0,0.0,0.0,0.0,0.0,udp,0.0,,cs0,,249.0,,7.0,,Start,1,1,0,74,74,0,74.0,0.0,0.0,0.0,0.0,0,0,0,0.0,,,0.0,0.0,0.0,INT,,,610.0,,0.0,0.0,0.0,0
686416,0.0,0.0,0.0,0.0,0.0,0.0,udp,0.0,,cs0,,249.0,,7.0,,Start,1,1,0,74,74,0,74.0,0.0,0.0,0.0,0.0,0,0,0,0.0,,,0.0,0.0,0.0,INT,,,610.0,,0.0,0.0,0.0,0
686417,0.0,0.0,0.0,0.0,0.0,0.0,udp,0.0,,cs0,,249.0,,7.0,,Start,1,1,0,74,74,0,74.0,0.0,0.0,0.0,0.0,0,0,0,0.0,,,0.0,0.0,0.0,INT,,,610.0,,0.0,0.0,0.0,0
686447,0.0,0.0,0.0,0.0,0.0,0.0,udp,0.0,,cs0,,249.0,,7.0,,Start,1,1,0,74,74,0,74.0,0.0,0.0,0.0,0.0,0,0,0,0.0,,,0.0,0.0,0.0,INT,,,610.0,,0.0,0.0,0.0,0
686462,0.0,0.0,0.0,0.0,0.0,0.0,udp,0.0,,cs0,,249.0,,7.0,,Start,1,1,0,74,74,0,74.0,0.0,0.0,0.0,0.0,0,0,0,0.0,,,0.0,0.0,0.0,INT,,,610.0,,0.0,0.0,0.0,0
686511,0.0,0.0,0.0,0.0,0.0,0.0,icmp,0.0,,cs0,,58.0,,6.0,,Start,1,1,0,98,98,0,98.0,0.0,0.0,0.0,0.0,0,0,0,0.0,,,0.0,0.0,0.0,ECO,,,,,0.0,0.0,0.0,0
686522,0.0,0.0,0.0,0.0,0.0,0.0,udp,0.0,,cs0,,249.0,,7.0,,Start,1,1,0,74,74,0,74.0,0.0,0.0,0.0,0.0,0,0,0,0.0,,,0.0,0.0,0.0,INT,,,610.0,,0.0,0.0,0.0,0
686590,0.0,0.0,0.0,0.0,0.0,0.0,udp,0.0,,cs0,,249.0,,7.0,,Start,1,1,0,74,74,0,74.0,0.0,0.0,0.0,0.0,0,0,0,0.0,,,0.0,0.0,0.0,INT,,,610.0,,0.0,0.0,0.0,0
686595,0.0,0.0,0.0,0.0,0.0,0.0,udp,0.0,,cs0,,249.0,,7.0,,Start,1,1,0,74,74,0,74.0,0.0,0.0,0.0,0.0,0,0,0,0.0,,,0.0,0.0,0.0,INT,,,610.0,,0.0,0.0,0.0,0
686673,0.0,0.0,0.0,0.0,0.0,0.0,udp,0.0,,cs0,,249.0,,7.0,,Start,1,1,0,74,74,0,74.0,0.0,0.0,0.0,0.0,0,0,0,0.0,,,0.0,0.0,0.0,INT,,,610.0,,0.0,0.0,0.0,0
686725,0.029232,0.029232,0.029232,0.029232,0.029232,0.029232,icmp,0.0,0.0,cs0,cs0,58.0,64.0,6.0,0.0,Start,2,1,1,196,98,98,98.0,98.0,0.0,0.0,0.0,0,0,0,0.0,,,34.209087,0.0,0.0,ECO,,,,,0.0,0.0,0.0,0
686761,0.0,0.0,0.0,0.0,0.0,0.0,udp,0.0,,cs0,,249.0,,7.0,,Start,1,1,0,74,74,0,74.0,0.0,0.0,0.0,0.0,0,0,0,0.0,,,0.0,0.0,0.0,INT,,,610.0,,0.0,0.0,0.0,0
686800,0.0,0.0,0.0,0.0,0.0,0.0,udp,0.0,,cs0,,249.0,,7.0,,Start,1,1,0,74,74,0,74.0,0.0,0.0,0.0,0.0,0,0,0,0.0,,,0.0,0.0,0.0,INT,,,610.0,,0.0,0.0,0.0,0
686801,0.0,0.0,0.0,0.0,0.0,0.0,udp,0.0,,cs0,,249.0,,7.0,,Start,1,1,0,74,74,0,74.0,0.0,0.0,0.0,0.0,0,0,0,0.0,,,0.0,0.0,0.0,INT,,,610.0,,0.0,0.0,0.0,0
686881,0.0,0.0,0.0,0.0,0.0,0.0,udp,0.0,,cs0,,249.0,,7.0,,Start,1,1,0,74,74,0,74.0,0.0,0.0,0.0,0.0,0,0,0,0.0,,,0.0,0.0,0.0,INT,,,610.0,,0.0,0.0,0.0,0
686914,0.0,0.0,0.0,0.0,0.0,0.0,udp,0.0,,cs0,,249.0,,7.0,,Start,1,1,0,74,74,0,74.0,0.0,0.0,0.0,0.0,0,0,0,0.0,,,0.0,0.0,0.0,INT,,,610.0,,0.0,0.0,0.0,0
686936,0.0,0.0,0.0,0.0,0.0,0.0,udp,0.0,,cs0,,249.0,,7.0,,Start,1,1,0,74,74,0,74.0,0.0,0.0,0.0,0.0,0,0,0,0.0,,,0.0,0.0,0.0,INT,,,610.0,,0.0,0.0,0.0,0
686977,0.0,0.0,0.0,0.0,0.0,0.0,udp,0.0,,cs0,,249.0,,7.0,,Start,1,1,0,74,74,0,74.0,0.0,0.0,0.0,0.0,0,0,0,0.0,,,0.0,0.0,0.0,INT,,,610.0,,0.0,0.0,0.0,0
686987,0.0,0.0,0.0,0.0,0.0,0.0,udp,0.0,,cs0,,249.0,,7.0,,Start,1,1,0,74,74,0,74.0,0.0,0.0,0.0,0.0,0,0,0,0.0,,,0.0,0.0,0.0,INT,,,610.0,,0.0,0.0,0.0,0
687192,0.0,0.0,0.0,0.0,0.0,0.0,udp,0.0,,cs0,,249.0,,7.0,,Start,1,1,0,74,74,0,74.0,0.0,0.0,0.0,0.0,0,0,0,0.0,,,0.0,0.0,0.0,INT,,,610.0,,0.0,0.0,0.0,0
687224,0.0,0.0,0.0,0.0,0.0,0.0,udp,0.0,,cs0,,249.0,,7.0,,Start,1,1,0,74,74,0,74.0,0.0,0.0,0.0,0.0,0,0,0,0.0,,,0.0,0.0,0.0,INT,,,610.0,,0.0,0.0,0.0,0
687307,0.0,0.0,0.0,0.0,0.0,0.0,udp,0.0,,cs0,,249.0,,7.0,,Start,1,1,0,74,74,0,74.0,0.0,0.0,0.0,0.0,0,0,0,0.0,,,0.0,0.0,0.0,INT,,,610.0,,0.0,0.0,0.0,0
687314,0.0,0.0,0.0,0.0,0.0,0.0,udp,0.0,,cs0,,249.0,,7.0,,Start,1,1,0,74,74,0,74.0,0.0,0.0,0.0,0.0,0,0,0,0.0,,,0.0,0.0,0.0,INT,,,610.0,,0.0,0.0,0.0,0
687335,0.0,0.0,0.0,0.0,0.0,0.0,udp,0.0,,cs0,,249.0,,7.0,,Start,1,1,0,74,74,0,74.0,0.0,0.0,0.0,0.0,0,0,0,0.0,,,0.0,0.0,0.0,INT,,,610.0,,0.0,0.0,0.0,0
687345,0.0,0.0,0.0,0.0,0.0,0.0,udp,0.0,,cs0,,249.0,,7.0,,Start,1,1,0,74,74,0,74.0,0.0,0.0,0.0,0.0,0,0,0,0.0,,,0.0,0.0,0.0,INT,,,610.0,,0.0,0.0,0.0,0
687370,0.0,0.0,0.0,0.0,0.0,0.0,udp,0.0,,cs0,,249.0,,7.0,,Start,1,1,0,74,74,0,74.0,0.0,0.0,0.0,0.0,0,0,0,0.0,,,0.0,0.0,0.0,INT,,,610.0,,0.0,0.0,0.0,0
687421,4.999852,4.999852,4.999852,4.999852,4.999852,4.999852,udp,0.0,0.0,cs0,cs0,64.0,117.0,0.0,11.0,Status,108,12,96,128190,5239,122951,436.583344,1280.739624,202364.375,7685.027344,194679.3594,0,0,0,0.0,,,21.400633,2.200065,19.000563,CON,,,,,0.0,0.0,0.0,0
687497,0.0,0.0,0.0,0.0,0.0,0.0,udp,0.0,,cs0,,249.0,,7.0,,Start,1,1,0,74,74,0,74.0,0.0,0.0,0.0,0.0,0,0,0,0.0,,,0.0,0.0,0.0,INT,,,610.0,,0.0,0.0,0.0,0
687526,0.0,0.0,0.0,0.0,0.0,0.0,udp,0.0,,cs0,,249.0,,7.0,,Start,1,1,0,74,74,0,74.0,0.0,0.0,0.0,0.0,0,0,0,0.0,,,0.0,0.0,0.0,INT,,,610.0,,0.0,0.0,0.0,0
687537,0.0,0.0,0.0,0.0,0.0,0.0,udp,0.0,,cs0,,249.0,,7.0,,Start,1,1,0,74,74,0,74.0,0.0,0.0,0.0,0.0,0,0,0,0.0,,,0.0,0.0,0.0,INT,,,610.0,,0.0,0.0,0.0,0
687575,0.0,0.0,0.0,0.0,0.0,0.0,udp,0.0,,cs0,,249.0,,7.0,,Start,1,1,0,74,74,0,74.0,0.0,0.0,0.0,0.0,0,0,0,0.0,,,0.0,0.0,0.0,INT,,,610.0,,0.0,0.0,0.0,0
687639,0.0,0.0,0.0,0.0,0.0,0.0,udp,0.0,,cs0,,249.0,,7.0,,Start,1,1,0,74,74,0,74.0,0.0,0.0,0.0,0.0,0,0,0,0.0,,,0.0,0.0,0.0,INT,,,610.0,,0.0,0.0,0.0,0
687677,0.087034,0.087034,0.087034,0.087034,0.087034,0.087034,icmp,0.0,0.0,cs0,cs0,58.0,64.0,6.0,0.0,Start,2,1,1,196,98,98,98.0,98.0,0.0,0.0,0.0,0,0,0,0.0,,,11.489762,0.0,0.0,ECO,,,,,0.0,0.0,0.0,0
687697,0.0,0.0,0.0,0.0,0.0,0.0,udp,0.0,,cs0,,249.0,,7.0,,Start,1,1,0,74,74,0,74.0,0.0,0.0,0.0,0.0,0,0,0,0.0,,,0.0,0.0,0.0,INT,,,610.0,,0.0,0.0,0.0,0
687740,0.0,0.0,0.0,0.0,0.0,0.0,udp,0.0,,cs0,,249.0,,7.0,,Start,1,1,0,74,74,0,74.0,0.0,0.0,0.0,0.0,0,0,0,0.0,,,0.0,0.0,0.0,INT,,,610.0,,0.0,0.0,0.0,0
687834,0.0,0.0,0.0,0.0,0.0,0.0,udp,0.0,,cs0,,249.0,,7.0,,Start,1,1,0,74,74,0,74.0,0.0,0.0,0.0,0.0,0,0,0,0.0,,,0.0,0.0,0.0,INT,,,610.0,,0.0,0.0,0.0,0
687845,0.0,0.0,0.0,0.0,0.0,0.0,udp,0.0,,cs0,,249.0,,7.0,,Start,1,1,0,74,74,0,74.0,0.0,0.0,0.0,0.0,0,0,0,0.0,,,0.0,0.0,0.0,INT,,,610.0,,0.0,0.0,0.0,0
688044,0.0,0.0,0.0,0.0,0.0,0.0,udp,0.0,,cs0,,249.0,,7.0,,Start,1,1,0,74,74,0,74.0,0.0,0.0,0.0,0.0,0,0,0,0.0,,,0.0,0.0,0.0,INT,,,610.0,,0.0,0.0,0.0,0
688048,0.0,0.0,0.0,0.0,0.0,0.0,udp,0.0,,cs0,,249.0,,7.0,,Start,1,1,0,74,74,0,74.0,0.0,0.0,0.0,0.0,0,0,0,0.0,,,0.0,0.0,0.0,INT,,,610.0,,0.0,0.0,0.0,0
688069,0.0,0.0,0.0,0.0,0.0,0.0,udp,0.0,,cs0,,249.0,,7.0,,Start,1,1,0,74,74,0,74.0,0.0,0.0,0.0,0.0,0,0,0,0.0,,,0.0,0.0,0.0,INT,,,610.0,,0.0,0.0,0.0,0
688073,0.0,0.0,0.0,0.0,0.0,0.0,udp,0.0,,cs0,,249.0,,7.0,,Start,1,1,0,74,74,0,74.0,0.0,0.0,0.0,0.0,0,0,0,0.0,,,0.0,0.0,0.0,INT,,,610.0,,0.0,0.0,0.0,0
688086,0.0,0.0,0.0,0.0,0.0,0.0,udp,0.0,,cs0,,249.0,,7.0,,Start,1,1,0,74,74,0,74.0,0.0,0.0,0.0,0.0,0,0,0,0.0,,,0.0,0.0,0.0,INT,,,610.0,,0.0,0.0,0.0,0
688121,0.0,0.0,0.0,0.0,0.0,0.0,udp,0.0,,cs0,,249.0,,7.0,,Start,1,1,0,74,74,0,74.0,0.0,0.0,0.0,0.0,0,0,0,0.0,,,0.0,0.0,0.0,INT,,,610.0,,0.0,0.0,0.0,0
688129,0.0,0.0,0.0,0.0,0.0,0.0,udp,0.0,,cs0,,249.0,,7.0,,Start,1,1,0,74,74,0,74.0,0.0,0.0,0.0,0.0,0,0,0,0.0,,,0.0,0.0,0.0,INT,,,610.0,,0.0,0.0,0.0,0
688226,0.0,0.0,0.0,0.0,0.0,0.0,udp,0.0,,cs0,,249.0,,7.0,,Start,1,1,0,74,74,0,74.0,0.0,0.0,0.0,0.0,0,0,0,0.0,,,0.0,0.0,0.0,INT,,,610.0,,0.0,0.0,0.0,0
688240,0.0,0.0,0.0,0.0,0.0,0.0,udp,0.0,,cs0,,249.0,,7.0,,Start,1,1,0,74,74,0,74.0,0.0,0.0,0.0,0.0,0,0,0,0.0,,,0.0,0.0,0.0,INT,,,610.0,,0.0,0.0,0.0,0
688371,0.0,0.0,0.0,0.0,0.0,0.0,udp,0.0,,cs0,,249.0,,7.0,,Start,1,1,0,74,74,0,74.0,0.0,0.0,0.0,0.0,0,0,0,0.0,,,0.0,0.0,0.0,INT,,,610.0,,0.0,0.0,0.0,0
688446,0.058916,0.058916,0.058916,0.058916,0.058916,0.058916,icmp,0.0,0.0,cs0,cs0,58.0,64.0,6.0,0.0,Start,2,1,1,196,98,98,98.0,98.0,0.0,0.0,0.0,0,0,0,0.0,,,16.973318,0.0,0.0,ECO,,,,,0.0,0.0,0.0,0
688489,0.0,0.0,0.0,0.0,0.0,0.0,udp,0.0,,cs0,,249.0,,7.0,,Start,1,1,0,74,74,0,74.0,0.0,0.0,0.0,0.0,0,0,0,0.0,,,0.0,0.0,0.0,INT,,,610.0,,0.0,0.0,0.0,0
688534,0.0,0.0,0.0,0.0,0.0,0.0,udp,0.0,,cs0,,249.0,,7.0,,Shutdown,1,1,0,74,74,0,74.0,0.0,0.0,0.0,0.0,0,0,0,0.0,,,0.0,0.0,0.0,REQ,,,610.0,,0.0,0.0,0.0,0
688583,0.0,0.0,0.0,0.0,0.0,0.0,udp,0.0,,cs0,,249.0,,7.0,,Shutdown,1,1,0,74,74,0,74.0,0.0,0.0,0.0,0.0,0,0,0,0.0,,,0.0,0.0,0.0,REQ,,,610.0,,0.0,0.0,0.0,0
688751,4.999966,4.999966,4.999966,4.999966,4.999966,4.999966,udp,0.0,0.0,cs0,cs0,117.0,64.0,11.0,0.0,Status,174,159,15,217049,212254,4795,1334.930786,319.666656,344635.9375,337474.2813,7161.648438,0,0,0,0.0,,,34.600235,31.600214,2.800019,CON,,,,,0.0,0.0,0.0,0
688761,0.0,0.0,0.0,0.0,0.0,0.0,icmp,0.0,,cs0,,58.0,,6.0,,Start,1,1,0,98,98,0,98.0,0.0,0.0,0.0,0.0,0,0,0,0.0,,,0.0,0.0,0.0,ECO,,,,,0.0,0.0,0.0,0
688836,0.086842,0.086842,0.086842,0.086842,0.086842,0.086842,icmp,0.0,0.0,cs0,cs0,58.0,64.0,6.0,0.0,Start,2,1,1,196,98,98,98.0,98.0,0.0,0.0,0.0,0,0,0,0.0,,,11.515165,0.0,0.0,ECO,,,,,0.0,0.0,0.0,0
688840,0.0,0.0,0.0,0.0,0.0,0.0,icmp,0.0,,cs0,,58.0,,6.0,,Start,1,1,0,98,98,0,98.0,0.0,0.0,0.0,0.0,0,0,0,0.0,,,0.0,0.0,0.0,ECO,,,,,0.0,0.0,0.0,0
688847,4.999065,4.999065,4.999065,4.999065,4.999065,4.999065,udp,0.0,0.0,cs0,cs0,117.0,64.0,11.0,0.0,Status,235,221,14,304757,301025,3732,1362.104126,266.571442,485097.125,479550.4688,5546.637207,0,0,0,0.0,,,46.808754,44.008232,2.600486,CON,,,,,0.0,0.0,0.0,0
688862,0.037432,0.037432,0.037432,0.037432,0.037432,0.037432,icmp,0.0,0.0,cs0,cs0,58.0,64.0,6.0,0.0,Start,2,1,1,196,98,98,98.0,98.0,0.0,0.0,0.0,0,0,0,0.0,,,26.715111,0.0,0.0,ECO,,,,,0.0,0.0,0.0,0
688870,4.999338,4.999338,4.999338,4.999338,4.999338,4.999338,udp,0.0,0.0,cs0,cs0,117.0,64.0,11.0,0.0,Status,174,154,20,210874,205724,5150,1335.870117,257.5,334895.5313,327065.6875,7829.836426,0,0,0,0.0,,,34.60458,30.604052,3.800503,CON,,,,,0.0,0.0,0.0,0
688941,0.102225,0.102225,0.102225,0.102225,0.102225,0.102225,icmp,0.0,0.0,cs0,cs0,58.0,64.0,6.0,0.0,Start,2,1,1,196,98,98,98.0,98.0,0.0,0.0,0.0,0,0,0,0.0,,,9.782343,0.0,0.0,ECO,,,,,0.0,0.0,0.0,0
688956,0.0,0.0,0.0,0.0,0.0,0.0,icmp,0.0,,cs0,,58.0,,6.0,,Start,1,1,0,98,98,0,98.0,0.0,0.0,0.0,0.0,0,0,0,0.0,,,0.0,0.0,0.0,ECO,,,,,0.0,0.0,0.0,0
688969,0.067649,0.067649,0.067649,0.067649,0.067649,0.067649,udp,0.0,0.0,cs0,cs0,64.0,117.0,0.0,11.0,Status,6,3,3,732,532,200,177.333328,66.666664,57827.91016,41981.40625,15846.50195,0,0,0,0.0,,,73.910927,29.564369,29.564369,CON,,,,,0.0,0.0,0.0,0
688989,0.00024,0.00024,0.00024,0.00024,0.00024,0.00024,udp,224.0,184.0,cs7,ef,250.0,255.0,6.0,1.0,Start,2,1,1,124,64,60,64.0,60.0,0.0,0.0,0.0,0,0,0,0.0,,,4166.666992,0.0,0.0,CON,,,610.0,,0.0,0.0,0.0,0
689054,0.070745,0.070745,0.070745,0.070745,0.070745,0.070745,icmp,0.0,0.0,cs0,cs0,58.0,64.0,6.0,0.0,Start,2,1,1,196,98,98,98.0,98.0,0.0,0.0,0.0,0,0,0,0.0,,,14.135275,0.0,0.0,ECO,,,,,0.0,0.0,0.0,0
689151,0.0,0.0,0.0,0.0,0.0,0.0,icmp,0.0,,cs0,,58.0,,6.0,,Start,1,1,0,98,98,0,98.0,0.0,0.0,0.0,0.0,0,0,0,0.0,,,0.0,0.0,0.0,ECO,,,,,0.0,0.0,0.0,0
689191,0.116545,0.116545,0.116545,0.116545,0.116545,0.116545,tcp,0.0,0.0,cs0,cs0,115.0,64.0,13.0,0.0,Start,9,5,4,754,427,327,85.400002,81.75,40362.09375,23475.91016,16886.18164,2,0,2,18.181818,0.0,0.0,68.643013,34.321507,25.741131,FIN,271.0,135.0,,,0.0,0.0,0.0,0
689207,0.072987,0.072987,0.072987,0.072987,0.072987,0.072987,udp,0.0,0.0,cs0,cs0,64.0,117.0,0.0,11.0,Status,6,3,3,730,530,200,176.666672,66.666664,53488.97656,38801.42969,14687.54785,0,0,0,0.0,,,68.505356,27.402142,27.402142,CON,,,,,0.0,0.0,0.0,0
689269,4.982164,4.982164,4.982164,4.982164,4.982164,4.982164,tcp,0.0,0.0,cs0,cs0,64.0,62.0,0.0,2.0,Status,7,3,4,505,229,276,76.333336,69.0,578.062073,245.676376,332.385681,0,0,0,0.0,0.0,0.0,1.204296,0.401432,0.602148,FIN,75776.0,31104.0,,,0.02301,0.001209,0.021801,0
689332,0.10212,0.10212,0.10212,0.10212,0.10212,0.10212,icmp,0.0,0.0,cs0,cs0,58.0,64.0,6.0,0.0,Start,2,1,1,196,98,98,98.0,98.0,0.0,0.0,0.0,0,0,0,0.0,,,9.792401,0.0,0.0,ECO,,,,,0.0,0.0,0.0,0
689358,0.0,0.0,0.0,0.0,0.0,0.0,icmp,0.0,,cs0,,58.0,,6.0,,Start,1,1,0,98,98,0,98.0,0.0,0.0,0.0,0.0,0,0,0,0.0,,,0.0,0.0,0.0,ECO,,,,,0.0,0.0,0.0,0
689398,0.0,0.0,0.0,0.0,0.0,0.0,icmp,0.0,,cs0,,58.0,,6.0,,Start,1,1,0,98,98,0,98.0,0.0,0.0,0.0,0.0,0,0,0,0.0,,,0.0,0.0,0.0,ECO,,,,,0.0,0.0,0.0,0
689447,0.0,0.0,0.0,0.0,0.0,0.0,icmp,0.0,,cs0,,58.0,,6.0,,Start,1,1,0,98,98,0,98.0,0.0,0.0,0.0,0.0,0,0,0,0.0,,,0.0,0.0,0.0,ECO,,,,,0.0,0.0,0.0,0
689471,0.0,0.0,0.0,0.0,0.0,0.0,icmp,0.0,,cs0,,58.0,,6.0,,Start,1,1,0,98,98,0,98.0,0.0,0.0,0.0,0.0,0,0,0,0.0,,,0.0,0.0,0.0,ECO,,,,,0.0,0.0,0.0,0
689482,4.997572,4.997572,4.997572,4.997572,4.997572,4.997572,udp,0.0,0.0,cs0,cs0,117.0,64.0,11.0,0.0,Status,172,157,15,214286,210097,4189,1338.19751,279.266663,340435.7188,334176.6875,6259.039551,0,0,0,0.0,,,34.216618,31.215158,2.80136,CON,,,,,0.0,0.0,0.0,0
689489,0.0,0.0,0.0,0.0,0.0,0.0,icmp,0.0,,cs0,,58.0,,6.0,,Start,1,1,0,98,98,0,98.0,0.0,0.0,0.0,0.0,0,0,0,0.0,,,0.0,0.0,0.0,ECO,,,,,0.0,0.0,0.0,0
689513,0.04112,0.04112,0.04112,0.04112,0.04112,0.04112,icmp,0.0,0.0,cs0,cs0,58.0,64.0,6.0,0.0,Start,2,1,1,196,98,98,98.0,98.0,0.0,0.0,0.0,0,0,0,0.0,,,24.319065,0.0,0.0,ECO,,,,,0.0,0.0,0.0,0
689587,0.100358,0.100358,0.100358,0.100358,0.100358,0.100358,icmp,0.0,0.0,cs0,cs0,58.0,64.0,6.0,0.0,Start,2,1,1,196,98,98,98.0,98.0,0.0,0.0,0.0,0,0,0,0.0,,,9.964328,0.0,0.0,ECO,,,,,0.0,0.0,0.0,0
689625,0.048883,0.048883,0.048883,0.048883,0.048883,0.048883,icmp,0.0,0.0,cs0,cs0,58.0,64.0,6.0,0.0,Start,2,1,1,196,98,98,98.0,98.0,0.0,0.0,0.0,0,0,0,0.0,,,20.45701,0.0,0.0,ECO,,,,,0.0,0.0,0.0,0
689675,2.995644,2.995644,2.995644,2.995644,2.995644,2.995644,tcp,136.0,,af41,,255.0,,1.0,,Start,3,3,0,222,222,0,74.0,0.0,395.24054,395.24054,0.0,2,2,0,40.0,0.0,0.0,0.667636,0.667636,0.0,REQ,3737600.0,,,,0.0,0.0,0.0,0
689782,4.999859,4.999859,4.999859,4.999859,4.999859,4.999859,udp,0.0,0.0,cs0,cs0,117.0,64.0,11.0,0.0,Status,162,149,13,206095,201980,4115,1355.570435,316.538452,327087.625,321009.0625,6078.571777,0,0,0,0.0,,,32.200909,29.600836,2.400068,CON,,,,,0.0,0.0,0.0,0
689891,0.0,0.0,0.0,0.0,0.0,0.0,icmp,0.0,,cs0,,58.0,,6.0,,Start,1,1,0,98,98,0,98.0,0.0,0.0,0.0,0.0,0,0,0,0.0,,,0.0,0.0,0.0,ECO,,,,,0.0,0.0,0.0,0
689939,0.951394,0.951394,0.951394,0.951394,0.951394,0.951394,sctp,186.0,186.0,ef,ef,255.0,252.0,1.0,4.0,Status,4,2,2,392,192,200,96.0,100.0,1648.10791,807.236511,840.871399,0,0,0,0.0,,,3.153268,1.051089,1.051089,CON,,,,610.0,0.0,0.0,0.0,0
691194,0.0,0.0,0.0,0.0,0.0,0.0,icmp,0.0,,cs0,,58.0,,6.0,,Start,1,1,0,98,98,0,98.0,0.0,0.0,0.0,0.0,0,0,0,0.0,,,0.0,0.0,0.0,ECO,,,,,0.0,0.0,0.0,0
691752,4.994809,4.994809,4.994809,4.994809,4.994809,4.994809,udp,0.0,0.0,cs0,cs0,117.0,64.0,11.0,0.0,Status,134,126,8,166245,162478,3767,1289.507935,470.875,263451.0938,258170.4219,5280.682129,0,0,0,0.0,,,26.627644,25.025982,1.401455,CON,,,,,0.0,0.0,0.0,0
692046,4.9992,4.9992,4.9992,4.9992,4.9992,4.9992,udp,0.0,0.0,cs0,cs0,117.0,64.0,11.0,0.0,Status,160,146,14,200648,196460,4188,1345.616455,299.142853,318457.375,312233.9688,6223.395996,0,0,0,0.0,,,31.80509,29.004641,2.600416,CON,,,,,0.0,0.0,0.0,0
692391,0.138768,0.138768,0.138768,0.138768,0.138768,0.138768,udp,0.0,0.0,cs0,cs0,64.0,53.0,0.0,11.0,Start,21,11,10,6889,2517,4372,228.818176,437.200012,358814.7188,131961.25,226853.4531,0,0,0,0.0,,,144.125443,72.062721,64.856453,CON,,,,,0.0,0.0,0.0,0
692989,0.0,0.0,0.0,0.0,0.0,0.0,icmp,0.0,,cs0,,58.0,,6.0,,Start,1,1,0,98,98,0,98.0,0.0,0.0,0.0,0.0,0,0,0,0.0,,,0.0,0.0,0.0,ECO,,,,,0.0,0.0,0.0,0
694605,0.0,0.0,0.0,0.0,0.0,0.0,icmp,0.0,,cs0,,58.0,,6.0,,Start,1,1,0,98,98,0,98.0,0.0,0.0,0.0,0.0,0,0,0,0.0,,,0.0,0.0,0.0,ECO,,,,,0.0,0.0,0.0,0
694924,4.994888,4.994888,4.994888,4.994888,4.994888,4.994888,udp,0.0,0.0,cs0,cs0,117.0,64.0,11.0,0.0,Status,156,144,12,198057,194468,3589,1350.472168,299.083344,314574.4063,309305.0313,5269.387695,0,0,0,0.0,,,31.031729,28.629272,2.202252,CON,,,,,0.0,0.0,0.0,0
695503,4.996784,4.996784,4.996784,4.996784,4.996784,4.996784,udp,0.0,0.0,cs0,cs0,117.0,64.0,11.0,0.0,Status,227,210,17,283806,279144,4662,1329.257202,274.235291,451815.375,444790.0625,7025.318359,0,0,0,0.0,,,45.229088,41.8269,3.20206,CON,,,,,0.0,0.0,0.0,0
695518,0.0,0.0,0.0,0.0,0.0,0.0,icmp,0.0,,cs0,,58.0,,6.0,,Start,1,1,0,98,98,0,98.0,0.0,0.0,0.0,0.0,0,0,0,0.0,,,0.0,0.0,0.0,ECO,,,,,0.0,0.0,0.0,0
698022,0.031438,0.031438,0.031438,0.031438,0.031438,0.031438,icmp,0.0,0.0,cs0,cs0,58.0,64.0,6.0,0.0,Start,2,1,1,196,98,98,98.0,98.0,0.0,0.0,0.0,0,0,0,0.0,,,31.80864,0.0,0.0,ECO,,,,,0.0,0.0,0.0,0
698057,4.928046,4.928046,4.928046,4.928046,4.928046,4.928046,udp,0.0,0.0,cs0,cs0,64.0,117.0,0.0,11.0,Status,127,11,116,158831,4104,154727,373.090912,1333.853394,255070.6563,6056.76123,249013.8906,0,0,0,0.0,,,25.567942,2.029202,23.335819,CON,,,,,0.0,0.0,0.0,0
698308,0.204877,0.204877,0.204877,0.204877,0.204877,0.204877,udp,0.0,0.0,cs0,cs0,64.0,52.0,0.0,12.0,Start,22,13,9,13943,9094,4849,699.538452,538.777771,496141.5625,327806.4375,168335.1406,0,0,0,0.0,,,102.500526,58.571728,39.047817,CON,,,,,0.0,0.0,0.0,0
698475,0.106287,0.106287,0.106287,0.106287,0.106287,0.106287,icmp,0.0,0.0,cs0,cs0,58.0,64.0,6.0,0.0,Start,2,1,1,196,98,98,98.0,98.0,0.0,0.0,0.0,0,0,0,0.0,,,9.408488,0.0,0.0,ECO,,,,,0.0,0.0,0.0,0
699153,0.087478,0.087478,0.087478,0.087478,0.087478,0.087478,icmp,0.0,0.0,cs0,cs0,58.0,64.0,6.0,0.0,Start,2,1,1,196,98,98,98.0,98.0,0.0,0.0,0.0,0,0,0,0.0,,,11.431446,0.0,0.0,ECO,,,,,0.0,0.0,0.0,0
699206,0.039209,0.039209,0.039209,0.039209,0.039209,0.039209,icmp,0.0,0.0,cs0,cs0,58.0,64.0,6.0,0.0,Start,2,1,1,196,98,98,98.0,98.0,0.0,0.0,0.0,0,0,0,0.0,,,25.504349,0.0,0.0,ECO,,,,,0.0,0.0,0.0,0
699796,0.0,0.0,0.0,0.0,0.0,0.0,icmp,0.0,,cs0,,58.0,,6.0,,Start,1,1,0,98,98,0,98.0,0.0,0.0,0.0,0.0,0,0,0,0.0,,,0.0,0.0,0.0,ECO,,,,,0.0,0.0,0.0,0
700425,0.0,0.0,0.0,0.0,0.0,0.0,icmp,0.0,,cs0,,58.0,,6.0,,Start,1,1,0,98,98,0,98.0,0.0,0.0,0.0,0.0,0,0,0,0.0,,,0.0,0.0,0.0,ECO,,,,,0.0,0.0,0.0,0
700776,0.0,0.0,0.0,0.0,0.0,0.0,icmp,0.0,,cs0,,58.0,,6.0,,Start,1,1,0,98,98,0,98.0,0.0,0.0,0.0,0.0,0,0,0,0.0,,,0.0,0.0,0.0,ECO,,,,,0.0,0.0,0.0,0
701425,4.998745,4.998745,4.998745,4.998745,4.998745,4.998745,udp,0.0,0.0,cs0,cs0,117.0,64.0,11.0,0.0,Status,309,289,20,399506,394941,4565,1366.577881,228.25,636819.0625,629878.125,6940.942383,0,0,0,0.0,,,61.615467,57.61446,3.800954,CON,,,,,0.0,0.0,0.0,0
701619,0.104188,0.104188,0.104188,0.104188,0.104188,0.104188,icmp,0.0,0.0,cs0,cs0,58.0,64.0,6.0,0.0,Start,2,1,1,196,98,98,98.0,98.0,0.0,0.0,0.0,0,0,0,0.0,,,9.598034,0.0,0.0,ECO,,,,,0.0,0.0,0.0,0
701763,0.013014,0.013014,0.013014,0.013014,0.013014,0.013014,tcp,0.0,0.0,cs0,cs0,64.0,62.0,0.0,2.0,Status,4,3,1,295,229,66,76.333336,66.0,94052.5625,94052.5625,0.0,0,0,0,0.0,0.0,0.0,230.520981,153.680649,0.0,FIN,97792.0,31104.0,,,0.012914,0.001139,0.011775,0
701962,0.095137,0.095137,0.095137,0.095137,0.095137,0.095137,icmp,0.0,0.0,cs0,cs0,58.0,64.0,6.0,0.0,Start,2,1,1,196,98,98,98.0,98.0,0.0,0.0,0.0,0,0,0,0.0,,,10.511158,0.0,0.0,ECO,,,,,0.0,0.0,0.0,0
702048,2.248843,2.248843,2.248843,2.248843,2.248843,2.248843,sctp,186.0,186.0,ef,ef,255.0,252.0,1.0,4.0,Status,4,2,2,392,192,200,96.0,100.0,697.247437,341.508942,355.738495,0,0,0,0.0,,,1.334019,0.444673,0.444673,CON,,,,610.0,0.0,0.0,0.0,0
702121,0.044221,0.044221,0.044221,0.044221,0.044221,0.044221,icmp,0.0,0.0,cs0,cs0,58.0,64.0,6.0,0.0,Start,2,1,1,196,98,98,98.0,98.0,0.0,0.0,0.0,0,0,0,0.0,,,22.613691,0.0,0.0,ECO,,,,,0.0,0.0,0.0,0
702334,0.00048,0.00048,0.00048,0.00048,0.00048,0.00048,sctp,186.0,40.0,ef,af11,255.0,250.0,1.0,6.0,Status,2,1,1,192,94,98,94.0,98.0,0.0,0.0,0.0,0,0,0,0.0,,,2083.333496,0.0,0.0,CON,,,,610.0,0.0,0.0,0.0,0
702544,4.999798,4.999798,4.999798,4.999798,4.999798,4.999798,udp,0.0,0.0,cs0,cs0,117.0,64.0,11.0,0.0,Status,259,236,23,324121,318865,5256,1351.122925,228.521744,516088.0625,508042.9375,8045.125488,0,0,0,0.0,,,51.602085,47.0019,4.400178,CON,,,,,0.0,0.0,0.0,0
702576,0.109968,0.109968,0.109968,0.109968,0.109968,0.109968,udp,0.0,0.0,cs0,cs0,64.0,117.0,0.0,11.0,Status,137,12,125,174496,4175,170321,347.916656,1362.567993,12569984.0,278481.0,12291503.0,0,0,0,0.0,,,1236.723389,100.029099,1127.600708,CON,,,,,0.0,0.0,0.0,0
702601,0.080951,0.080951,0.080951,0.080951,0.080951,0.080951,udp,0.0,0.0,cs0,cs0,64.0,117.0,0.0,11.0,Status,8,5,3,1206,990,216,198.0,72.0,92500.40625,78269.57031,14230.83106,0,0,0,0.0,,,86.472069,49.412609,24.706305,CON,,,,,0.0,0.0,0.0,0
702745,0.075267,0.075267,0.075267,0.075267,0.075267,0.075267,icmp,0.0,0.0,cs0,cs0,58.0,64.0,6.0,0.0,Start,2,1,1,196,98,98,98.0,98.0,0.0,0.0,0.0,0,0,0,0.0,,,13.286035,0.0,0.0,ECO,,,,,0.0,0.0,0.0,0
703147,0.057609,0.057609,0.057609,0.057609,0.057609,0.057609,icmp,0.0,0.0,cs0,cs0,58.0,64.0,6.0,0.0,Start,2,1,1,196,98,98,98.0,98.0,0.0,0.0,0.0,0,0,0,0.0,,,17.358398,0.0,0.0,ECO,,,,,0.0,0.0,0.0,0
703156,0.129992,0.129992,0.129992,0.129992,0.129992,0.129992,udp,0.0,0.0,cs0,cs0,64.0,53.0,0.0,11.0,Start,21,12,9,8227,3913,4314,326.083344,479.333344,456766.5938,220752.0625,236014.5313,0,0,0,0.0,,,153.855637,84.620598,61.542252,CON,,,,,0.0,0.0,0.0,0
703986,0.0,0.0,0.0,0.0,0.0,0.0,icmp,0.0,,cs0,,58.0,,6.0,,Start,1,1,0,98,98,0,98.0,0.0,0.0,0.0,0.0,0,0,0,0.0,,,0.0,0.0,0.0,ECO,,,,,0.0,0.0,0.0,0
704395,0.28811,0.28811,0.28811,0.28811,0.28811,0.28811,tcp,0.0,0.0,cs0,cs0,64.0,62.0,0.0,2.0,Start,16,8,8,5035,935,4100,116.875,512.5,122369.9297,22741.31445,99628.61719,0,0,0,0.0,0.0,0.0,52.06345,24.296276,24.296276,CON,75776.0,31104.0,,,0.015991,0.001384,0.014607,0
705545,0.0,0.0,0.0,0.0,0.0,0.0,icmp,0.0,,cs0,,58.0,,6.0,,Start,1,1,0,98,98,0,98.0,0.0,0.0,0.0,0.0,0,0,0,0.0,,,0.0,0.0,0.0,ECO,,,,,0.0,0.0,0.0,0
706477,4.998352,4.998352,4.998352,4.998352,4.998352,4.998352,udp,0.0,0.0,cs0,cs0,117.0,64.0,11.0,0.0,Status,269,250,19,345813,341267,4546,1365.067993,239.263153,550916.0,544022.5,6893.472168,0,0,0,0.0,,,53.617672,49.816418,3.601187,CON,,,,,0.0,0.0,0.0,0
706620,0.060144,0.060144,0.060144,0.060144,0.060144,0.060144,udp,0.0,0.0,cs0,cs0,64.0,117.0,0.0,11.0,Status,6,3,3,730,530,200,176.666672,66.666664,64910.87891,47086.99219,17823.88867,0,0,0,0.0,,,83.133812,33.253525,33.253525,CON,,,,,0.0,0.0,0.0,0
707376,0.0,0.0,0.0,0.0,0.0,0.0,icmp,0.0,,cs0,,58.0,,6.0,,Start,1,1,0,98,98,0,98.0,0.0,0.0,0.0,0.0,0,0,0,0.0,,,0.0,0.0,0.0,ECO,,,,,0.0,0.0,0.0,0
707384,0.0,0.0,0.0,0.0,0.0,0.0,icmp,0.0,,cs0,,58.0,,6.0,,Start,1,1,0,98,98,0,98.0,0.0,0.0,0.0,0.0,0,0,0,0.0,,,0.0,0.0,0.0,ECO,,,,,0.0,0.0,0.0,0
708707,4.997886,4.997886,4.997886,4.997886,4.997886,4.997886,udp,0.0,0.0,cs0,cs0,117.0,64.0,11.0,0.0,Status,282,258,24,354428,349565,4863,1354.903076,202.625,564834.0,557373.25,7460.753906,0,0,0,0.0,,,56.22377,51.421738,4.601945,CON,,,,,0.0,0.0,0.0,0
709064,0.0,0.0,0.0,0.0,0.0,0.0,icmp,0.0,,cs0,,58.0,,6.0,,Start,1,1,0,98,98,0,98.0,0.0,0.0,0.0,0.0,0,0,0,0.0,,,0.0,0.0,0.0,ECO,,,,,0.0,0.0,0.0,0
709649,0.096314,0.096314,0.096314,0.096314,0.096314,0.096314,icmp,0.0,0.0,cs0,cs0,58.0,64.0,6.0,0.0,Start,2,1,1,196,98,98,98.0,98.0,0.0,0.0,0.0,0,0,0,0.0,,,10.382707,0.0,0.0,ECO,,,,,0.0,0.0,0.0,0
709911,0.042096,0.042096,0.042096,0.042096,0.042096,0.042096,icmp,0.0,0.0,cs0,cs0,58.0,64.0,6.0,0.0,Start,2,1,1,196,98,98,98.0,98.0,0.0,0.0,0.0,0,0,0,0.0,,,23.755226,0.0,0.0,ECO,,,,,0.0,0.0,0.0,0
710380,0.0,0.0,0.0,0.0,0.0,0.0,icmp,0.0,,cs0,,58.0,,6.0,,Start,1,1,0,98,98,0,98.0,0.0,0.0,0.0,0.0,0,0,0,0.0,,,0.0,0.0,0.0,ECO,,,,,0.0,0.0,0.0,0
710653,0.05297,0.05297,0.05297,0.05297,0.05297,0.05297,udp,0.0,0.0,cs0,cs0,64.0,117.0,0.0,11.0,Status,5,3,2,668,530,138,176.666672,69.0,63885.21875,53464.22656,10420.99316,0,0,0,0.0,,,75.514442,37.757221,18.878611,CON,,,,,0.0,0.0,0.0,0
710822,0.060374,0.060374,0.060374,0.060374,0.060374,0.060374,icmp,0.0,0.0,cs0,cs0,58.0,64.0,6.0,0.0,Start,2,1,1,196,98,98,98.0,98.0,0.0,0.0,0.0,0,0,0,0.0,,,16.563421,0.0,0.0,ECO,,,,,0.0,0.0,0.0,0
711096,0.0,0.0,0.0,0.0,0.0,0.0,icmp,0.0,,cs0,,58.0,,6.0,,Start,1,1,0,98,98,0,98.0,0.0,0.0,0.0,0.0,0,0,0,0.0,,,0.0,0.0,0.0,ECO,,,,,0.0,0.0,0.0,0
711102,0.051393,0.051393,0.051393,0.051393,0.051393,0.051393,icmp,0.0,0.0,cs0,cs0,58.0,64.0,6.0,0.0,Start,2,1,1,196,98,98,98.0,98.0,0.0,0.0,0.0,0,0,0,0.0,,,19.457903,0.0,0.0,ECO,,,,,0.0,0.0,0.0,0
711344,0.0,0.0,0.0,0.0,0.0,0.0,udp,0.0,,cs0,,249.0,,7.0,,Start,1,1,0,74,74,0,74.0,0.0,0.0,0.0,0.0,0,0,0,0.0,,,0.0,0.0,0.0,INT,,,610.0,,0.0,0.0,0.0,0
711686,0.0,0.0,0.0,0.0,0.0,0.0,icmp,0.0,,cs0,,58.0,,6.0,,Start,1,1,0,98,98,0,98.0,0.0,0.0,0.0,0.0,0,0,0,0.0,,,0.0,0.0,0.0,ECO,,,,,0.0,0.0,0.0,0
712707,4.999944,4.999944,4.999944,4.999944,4.999944,4.999944,tcp,0.0,0.0,cs0,cs0,64.0,62.0,0.0,2.0,Status,4,3,1,295,229,66,76.333336,66.0,244.802734,244.802734,0.0,0,0,0,0.0,0.0,0.0,0.600007,0.400004,0.0,FIN,91136.0,32256.0,,,0.012964,0.001217,0.011747,0
712882,0.0,0.0,0.0,0.0,0.0,0.0,icmp,0.0,,cs0,,58.0,,6.0,,Start,1,1,0,98,98,0,98.0,0.0,0.0,0.0,0.0,0,0,0,0.0,,,0.0,0.0,0.0,ECO,,,,,0.0,0.0,0.0,0
713569,0.0,0.0,0.0,0.0,0.0,0.0,icmp,0.0,,cs0,,58.0,,6.0,,Start,1,1,0,98,98,0,98.0,0.0,0.0,0.0,0.0,0,0,0,0.0,,,0.0,0.0,0.0,ECO,,,,,0.0,0.0,0.0,0
713579,0.031235,0.031235,0.031235,0.031235,0.031235,0.031235,icmp,0.0,0.0,cs0,cs0,58.0,64.0,6.0,0.0,Start,2,1,1,196,98,98,98.0,98.0,0.0,0.0,0.0,0,0,0,0.0,,,32.015366,0.0,0.0,ECO,,,,,0.0,0.0,0.0,0
714352,4.960611,4.960611,4.960611,4.960611,4.960611,4.960611,udp,0.0,0.0,cs0,cs0,117.0,64.0,11.0,0.0,Status,207,196,11,269838,266320,3518,1358.775513,319.818176,432464.4688,427305.4375,5159.041992,0,0,0,0.0,,,41.527145,39.309673,2.015881,CON,,,,,0.0,0.0,0.0,0
714647,0.0,0.0,0.0,0.0,0.0,0.0,icmp,0.0,,cs0,,58.0,,6.0,,Start,1,1,0,98,98,0,98.0,0.0,0.0,0.0,0.0,0,0,0,0.0,,,0.0,0.0,0.0,ECO,,,,,0.0,0.0,0.0,0
714981,0.0,0.0,0.0,0.0,0.0,0.0,icmp,0.0,,cs0,,58.0,,6.0,,Start,1,1,0,98,98,0,98.0,0.0,0.0,0.0,0.0,0,0,0,0.0,,,0.0,0.0,0.0,ECO,,,,,0.0,0.0,0.0,0
715424,0.082392,0.082392,0.082392,0.082392,0.082392,0.082392,icmp,0.0,0.0,cs0,cs0,58.0,64.0,6.0,0.0,Start,2,1,1,196,98,98,98.0,98.0,0.0,0.0,0.0,0,0,0,0.0,,,12.137101,0.0,0.0,ECO,,,,,0.0,0.0,0.0,0
715553,0.0,0.0,0.0,0.0,0.0,0.0,icmp,0.0,,cs0,,58.0,,6.0,,Start,1,1,0,98,98,0,98.0,0.0,0.0,0.0,0.0,0,0,0,0.0,,,0.0,0.0,0.0,ECO,,,,,0.0,0.0,0.0,0
716012,0.053069,0.053069,0.053069,0.053069,0.053069,0.053069,udp,0.0,0.0,cs0,cs0,64.0,117.0,0.0,11.0,Status,7,4,3,994,778,216,194.5,72.0,109743.9219,88036.32813,21707.58789,0,0,0,0.0,,,113.060356,56.530178,37.686787,CON,,,,,0.0,0.0,0.0,0
716115,0.061121,0.061121,0.061121,0.061121,0.061121,0.061121,icmp,0.0,0.0,cs0,cs0,58.0,64.0,6.0,0.0,Start,2,1,1,196,98,98,98.0,98.0,0.0,0.0,0.0,0,0,0,0.0,,,16.360989,0.0,0.0,ECO,,,,,0.0,0.0,0.0,0
716177,0.0,0.0,0.0,0.0,0.0,0.0,icmp,0.0,,cs0,,58.0,,6.0,,Start,1,1,0,98,98,0,98.0,0.0,0.0,0.0,0.0,0,0,0,0.0,,,0.0,0.0,0.0,ECO,,,,,0.0,0.0,0.0,0
716179,4.956407,4.956407,4.956407,4.956407,4.956407,4.956407,udp,0.0,0.0,cs0,cs0,117.0,64.0,11.0,0.0,Status,142,131,11,180299,176381,3918,1346.4198,356.181824,288268.5,282519.1563,5749.326172,0,0,0,0.0,,,28.448027,26.228678,2.017591,CON,,,,,0.0,0.0,0.0,0
716228,4.999871,4.999871,4.999871,4.999871,4.999871,4.999871,udp,0.0,0.0,cs0,cs0,64.0,117.0,0.0,11.0,Status,220,16,204,284513,4459,280054,278.6875,1372.813721,452592.5,6689.772949,445902.7188,0,0,0,0.0,,,43.801132,3.000077,40.601048,CON,,,,,0.0,0.0,0.0,0
716577,0.0,0.0,0.0,0.0,0.0,0.0,icmp,0.0,,cs0,,58.0,,6.0,,Start,1,1,0,98,98,0,98.0,0.0,0.0,0.0,0.0,0,0,0,0.0,,,0.0,0.0,0.0,ECO,,,,,0.0,0.0,0.0,0
716611,0.102358,0.102358,0.102358,0.102358,0.102358,0.102358,icmp,0.0,0.0,cs0,cs0,58.0,64.0,6.0,0.0,Start,2,1,1,196,98,98,98.0,98.0,0.0,0.0,0.0,0,0,0,0.0,,,9.769632,0.0,0.0,ECO,,,,,0.0,0.0,0.0,0
716776,4.970608,4.970608,4.970608,4.970608,4.970608,4.970608,udp,0.0,0.0,cs0,cs0,64.0,117.0,0.0,11.0,Status,109,15,94,130580,4397,126183,293.133331,1342.372314,207531.9531,6605.228027,200926.7188,0,0,0,0.0,,,21.727724,2.816557,18.709984,CON,,,,,0.0,0.0,0.0,0
716964,4.954565,4.954565,4.954565,4.954565,4.954565,4.954565,udp,0.0,0.0,cs0,cs0,117.0,64.0,11.0,0.0,Status,221,197,24,273978,266647,7331,1353.538086,305.458344,439707.625,428362.9375,11344.68945,0,0,0,0.0,,,44.403496,39.559475,4.642183,CON,,,,,0.0,0.0,0.0,0
717071,0.051896,0.051896,0.051896,0.051896,0.051896,0.051896,icmp,0.0,0.0,cs0,cs0,58.0,64.0,6.0,0.0,Start,2,1,1,196,98,98,98.0,98.0,0.0,0.0,0.0,0,0,0,0.0,,,19.269308,0.0,0.0,ECO,,,,,0.0,0.0,0.0,0
717362,0.049263,0.049263,0.049263,0.049263,0.049263,0.049263,icmp,0.0,0.0,cs0,cs0,58.0,64.0,6.0,0.0,Start,2,1,1,196,98,98,98.0,98.0,0.0,0.0,0.0,0,0,0,0.0,,,20.29921,0.0,0.0,ECO,,,,,0.0,0.0,0.0,0
717462,4.982358,4.982358,4.982358,4.982358,4.982358,4.982358,udp,0.0,0.0,cs0,cs0,117.0,64.0,11.0,0.0,Status,206,190,16,261672,257401,4271,1354.742065,266.9375,417556.5,411125.8125,6430.689941,0,0,0,0.0,,,41.145176,37.933846,3.010623,CON,,,,,0.0,0.0,0.0,0
718255,4.999883,4.999883,4.999883,4.999883,4.999883,4.999883,udp,0.0,0.0,cs0,cs0,117.0,64.0,11.0,0.0,Status,249,240,9,331375,327992,3383,1366.633301,375.888885,527426.75,522613.8125,4812.912598,0,0,0,0.0,,,49.601158,47.801117,1.600037,CON,,,,,0.0,0.0,0.0,0
719056,0.03123,0.03123,0.03123,0.03123,0.03123,0.03123,icmp,0.0,0.0,cs0,cs0,58.0,64.0,6.0,0.0,Start,2,1,1,196,98,98,98.0,98.0,0.0,0.0,0.0,0,0,0,0.0,,,32.020493,0.0,0.0,ECO,,,,,0.0,0.0,0.0,0
719332,0.018181,0.018181,0.018181,0.018181,0.018181,0.018181,icmp,0.0,0.0,cs0,cs0,58.0,64.0,6.0,0.0,Start,2,1,1,196,98,98,98.0,98.0,0.0,0.0,0.0,0,0,0,0.0,,,55.002476,0.0,0.0,ECO,,,,,0.0,0.0,0.0,0
719629,0.0,0.0,0.0,0.0,0.0,0.0,icmp,0.0,,cs0,,58.0,,6.0,,Start,1,1,0,98,98,0,98.0,0.0,0.0,0.0,0.0,0,0,0,0.0,,,0.0,0.0,0.0,ECO,,,,,0.0,0.0,0.0,0
720860,0.0,0.0,0.0,0.0,0.0,0.0,icmp,0.0,,cs0,,58.0,,6.0,,Start,1,1,0,98,98,0,98.0,0.0,0.0,0.0,0.0,0,0,0,0.0,,,0.0,0.0,0.0,ECO,,,,,0.0,0.0,0.0,0
721376,0.030077,0.030077,0.030077,0.030077,0.030077,0.030077,icmp,0.0,0.0,cs0,cs0,58.0,64.0,6.0,0.0,Start,2,1,1,196,98,98,98.0,98.0,0.0,0.0,0.0,0,0,0,0.0,,,33.247997,0.0,0.0,ECO,,,,,0.0,0.0,0.0,0
722512,0.0,0.0,0.0,0.0,0.0,0.0,icmp,0.0,,cs0,,58.0,,6.0,,Start,1,1,0,98,98,0,98.0,0.0,0.0,0.0,0.0,0,0,0,0.0,,,0.0,0.0,0.0,ECO,,,,,0.0,0.0,0.0,0
722565,4.998538,4.998538,4.998538,4.998538,4.998538,4.998538,udp,0.0,0.0,cs0,cs0,117.0,64.0,11.0,0.0,Status,117,104,13,140399,135679,4720,1304.605713,363.076935,222036.125,215062.8906,6973.23877,0,0,0,0.0,,,23.206785,20.606026,2.400702,CON,,,,,0.0,0.0,0.0,0
722577,4.999644,4.999644,4.999644,4.999644,4.999644,4.999644,udp,0.0,0.0,cs0,cs0,64.0,117.0,0.0,11.0,Status,231,18,213,293594,8588,285006,477.111115,1338.056396,466879.6563,12978.52441,453901.125,0,0,0,0.0,,,46.003277,3.400242,42.403019,CON,,,,,0.0,0.0,0.0,0
722598,0.134446,0.134446,0.134446,0.134446,0.134446,0.134446,udp,0.0,0.0,cs0,cs0,64.0,53.0,0.0,11.0,Start,22,12,10,8293,3914,4379,326.166656,437.899994,448060.9375,213498.3594,234562.5781,0,0,0,0.0,,,156.196548,81.817238,66.941376,CON,,,,,0.0,0.0,0.0,0
722617,0.0,0.0,0.0,0.0,0.0,0.0,icmp,0.0,,cs0,,58.0,,6.0,,Start,1,1,0,98,98,0,98.0,0.0,0.0,0.0,0.0,0,0,0,0.0,,,0.0,0.0,0.0,ECO,,,,,0.0,0.0,0.0,0
722637,4.996234,4.996234,4.996234,4.996234,4.996234,4.996234,udp,0.0,0.0,cs0,cs0,117.0,64.0,11.0,0.0,Status,152,139,13,190070,185741,4329,1336.266235,333.0,301668.8125,295270.4063,6398.419434,0,0,0,0.0,,,30.222765,27.620804,2.401809,CON,,,,,0.0,0.0,0.0,0
722777,0.0,0.0,0.0,0.0,0.0,0.0,icmp,0.0,,cs0,,58.0,,6.0,,Start,1,1,0,98,98,0,98.0,0.0,0.0,0.0,0.0,0,0,0,0.0,,,0.0,0.0,0.0,ECO,,,,,0.0,0.0,0.0,0
722786,0.012464,0.012464,0.012464,0.012464,0.012464,0.012464,icmp,0.0,0.0,cs0,cs0,58.0,64.0,6.0,0.0,Start,2,1,1,196,98,98,98.0,98.0,0.0,0.0,0.0,0,0,0,0.0,,,80.231064,0.0,0.0,ECO,,,,,0.0,0.0,0.0,0
722814,0.0,0.0,0.0,0.0,0.0,0.0,icmp,0.0,,cs0,,58.0,,6.0,,Start,1,1,0,98,98,0,98.0,0.0,0.0,0.0,0.0,0,0,0,0.0,,,0.0,0.0,0.0,ECO,,,,,0.0,0.0,0.0,0
722826,0.061691,0.061691,0.061691,0.061691,0.061691,0.061691,udp,0.0,0.0,cs0,cs0,64.0,117.0,0.0,11.0,Status,6,3,3,730,530,200,176.666672,66.666664,63283.13672,45906.21094,17376.92578,0,0,0,0.0,,,81.049095,32.41964,32.41964,CON,,,,,0.0,0.0,0.0,0
722941,0.052953,0.052953,0.052953,0.052953,0.052953,0.052953,udp,0.0,0.0,cs0,cs0,64.0,117.0,0.0,11.0,Status,5,3,2,666,528,138,176.0,69.0,63603.57031,53179.23438,10424.33789,0,0,0,0.0,,,75.538681,37.769341,18.88467,CON,,,,,0.0,0.0,0.0,0
723090,0.238303,0.238303,0.238303,0.238303,0.238303,0.238303,sctp,186.0,40.0,ef,af11,255.0,250.0,1.0,6.0,Status,4,2,2,1364,244,1120,122.0,560.0,22895.2207,4095.625977,18799.5957,0,0,0,0.0,,,12.589014,4.196338,4.196338,CON,,,,610.0,0.0,0.0,0.0,0
723093,0.0,0.0,0.0,0.0,0.0,0.0,icmp,0.0,,cs0,,58.0,,6.0,,Start,1,1,0,98,98,0,98.0,0.0,0.0,0.0,0.0,0,0,0,0.0,,,0.0,0.0,0.0,ECO,,,,,0.0,0.0,0.0,0
723155,4.964124,4.964124,4.964124,4.964124,4.964124,4.964124,udp,0.0,0.0,cs0,cs0,117.0,64.0,11.0,0.0,Status,124,104,20,141430,133198,8232,1280.75,411.600006,225198.2344,212594.2031,12604.03613,0,0,0,0.0,,,24.777784,20.748877,3.827463,CON,,,,,0.0,0.0,0.0,0
723181,0.057969,0.057969,0.057969,0.057969,0.057969,0.057969,udp,0.0,0.0,cs0,cs0,64.0,117.0,0.0,11.0,Status,6,3,3,746,546,200,182.0,66.666664,68726.39063,50233.74609,18492.64258,0,0,0,0.0,,,86.252998,34.501198,34.501198,CON,,,,,0.0,0.0,0.0,0
723289,0.065,0.065,0.065,0.065,0.065,0.065,udp,0.0,0.0,cs0,cs0,64.0,117.0,0.0,11.0,Status,6,3,3,746,546,200,182.0,66.666664,61292.30859,44800.0,16492.30859,0,0,0,0.0,,,76.92308,30.769232,30.769232,CON,,,,,0.0,0.0,0.0,0
723325,0.0,0.0,0.0,0.0,0.0,0.0,icmp,0.0,,cs0,,58.0,,6.0,,Start,1,1,0,98,98,0,98.0,0.0,0.0,0.0,0.0,0,0,0,0.0,,,0.0,0.0,0.0,ECO,,,,,0.0,0.0,0.0,0
723371,0.0,0.0,0.0,0.0,0.0,0.0,icmp,0.0,,cs0,,58.0,,6.0,,Start,1,1,0,98,98,0,98.0,0.0,0.0,0.0,0.0,0,0,0,0.0,,,0.0,0.0,0.0,ECO,,,,,0.0,0.0,0.0,0
723400,0.063899,0.063899,0.063899,0.063899,0.063899,0.063899,udp,0.0,0.0,cs0,cs0,64.0,117.0,0.0,11.0,Status,6,3,3,730,530,200,176.666672,66.666664,61096.41406,44319.94141,16776.47461,0,0,0,0.0,,,78.248482,31.299393,31.299393,CON,,,,,0.0,0.0,0.0,0
723460,0.0,0.0,0.0,0.0,0.0,0.0,icmp,0.0,,cs0,,58.0,,6.0,,Start,1,1,0,98,98,0,98.0,0.0,0.0,0.0,0.0,0,0,0,0.0,,,0.0,0.0,0.0,ECO,,,,,0.0,0.0,0.0,0
723509,0.053021,0.053021,0.053021,0.053021,0.053021,0.053021,udp,0.0,0.0,cs0,cs0,64.0,117.0,0.0,11.0,Status,6,3,3,748,548,200,182.666672,66.666664,75441.80469,55223.40234,20218.4043,0,0,0,0.0,,,94.302261,37.720905,37.720905,CON,,,,,0.0,0.0,0.0,0
723597,0.037314,0.037314,0.037314,0.037314,0.037314,0.037314,icmp,0.0,0.0,cs0,cs0,58.0,64.0,6.0,0.0,Start,2,1,1,196,98,98,98.0,98.0,0.0,0.0,0.0,0,0,0,0.0,,,26.799591,0.0,0.0,ECO,,,,,0.0,0.0,0.0,0
723690,0.095197,0.095197,0.095197,0.095197,0.095197,0.095197,icmp,0.0,0.0,cs0,cs0,58.0,64.0,6.0,0.0,Start,2,1,1,196,98,98,98.0,98.0,0.0,0.0,0.0,0,0,0,0.0,,,10.504533,0.0,0.0,ECO,,,,,0.0,0.0,0.0,0
723706,0.024346,0.024346,0.024346,0.024346,0.024346,0.024346,icmp,0.0,0.0,cs0,cs0,58.0,64.0,6.0,0.0,Start,2,1,1,196,98,98,98.0,98.0,0.0,0.0,0.0,0,0,0,0.0,,,41.074509,0.0,0.0,ECO,,,,,0.0,0.0,0.0,0
723708,0.0,0.0,0.0,0.0,0.0,0.0,icmp,0.0,,cs0,,58.0,,6.0,,Start,1,1,0,98,98,0,98.0,0.0,0.0,0.0,0.0,0,0,0,0.0,,,0.0,0.0,0.0,ECO,,,,,0.0,0.0,0.0,0
723719,0.0,0.0,0.0,0.0,0.0,0.0,icmp,0.0,,cs0,,58.0,,6.0,,Start,1,1,0,98,98,0,98.0,0.0,0.0,0.0,0.0,0,0,0,0.0,,,0.0,0.0,0.0,ECO,,,,,0.0,0.0,0.0,0
723814,0.169002,0.169002,0.169002,0.169002,0.169002,0.169002,udp,0.0,0.0,cs0,cs0,64.0,53.0,0.0,11.0,Start,14,8,6,8795,5283,3512,660.375,585.333313,357392.2188,218837.6563,138554.5781,0,0,0,0.0,,,76.922165,41.419628,29.585449,CON,,,,,0.0,0.0,0.0,0
723843,0.0,0.0,0.0,0.0,0.0,0.0,icmp,0.0,,cs0,,58.0,,6.0,,Start,1,1,0,98,98,0,98.0,0.0,0.0,0.0,0.0,0,0,0,0.0,,,0.0,0.0,0.0,ECO,,,,,0.0,0.0,0.0,0
723848,0.0,0.0,0.0,0.0,0.0,0.0,icmp,0.0,,cs0,,58.0,,6.0,,Start,1,1,0,98,98,0,98.0,0.0,0.0,0.0,0.0,0,0,0,0.0,,,0.0,0.0,0.0,ECO,,,,,0.0,0.0,0.0,0
723925,0.0,0.0,0.0,0.0,0.0,0.0,icmp,0.0,,cs0,,58.0,,6.0,,Start,1,1,0,98,98,0,98.0,0.0,0.0,0.0,0.0,0,0,0,0.0,,,0.0,0.0,0.0,ECO,,,,,0.0,0.0,0.0,0
724038,0.092837,0.092837,0.092837,0.092837,0.092837,0.092837,udp,0.0,0.0,cs0,cs0,64.0,53.0,0.0,11.0,Status,7,4,3,4128,3031,1097,757.75,365.666656,259034.6563,195956.3594,63078.30078,0,0,0,0.0,,,64.629402,32.314701,21.543135,CON,,,,,0.0,0.0,0.0,0
724053,0.0,0.0,0.0,0.0,0.0,0.0,icmp,0.0,,cs0,,58.0,,6.0,,Start,1,1,0,98,98,0,98.0,0.0,0.0,0.0,0.0,0,0,0,0.0,,,0.0,0.0,0.0,ECO,,,,,0.0,0.0,0.0,0
724068,4.931336,4.931336,4.931336,4.931336,4.931336,4.931336,udp,0.0,0.0,cs0,cs0,117.0,64.0,11.0,0.0,Status,132,121,11,165789,161873,3916,1337.793335,356.0,266209.4063,260434.0938,5775.311523,0,0,0,0.0,,,26.56481,24.334177,2.027848,CON,,,,,0.0,0.0,0.0,0
724071,0.0,0.0,0.0,0.0,0.0,0.0,icmp,0.0,,cs0,,58.0,,6.0,,Start,1,1,0,98,98,0,98.0,0.0,0.0,0.0,0.0,0,0,0,0.0,,,0.0,0.0,0.0,ECO,,,,,0.0,0.0,0.0,0
724193,0.0,0.0,0.0,0.0,0.0,0.0,icmp,0.0,,cs0,,58.0,,6.0,,Start,1,1,0,98,98,0,98.0,0.0,0.0,0.0,0.0,0,0,0,0.0,,,0.0,0.0,0.0,ECO,,,,,0.0,0.0,0.0,0
724233,0.0,0.0,0.0,0.0,0.0,0.0,icmp,0.0,,cs0,,58.0,,6.0,,Start,1,1,0,98,98,0,98.0,0.0,0.0,0.0,0.0,0,0,0,0.0,,,0.0,0.0,0.0,ECO,,,,,0.0,0.0,0.0,0
724262,4.95011,4.95011,4.95011,4.95011,4.95011,4.95011,udp,0.0,0.0,cs0,cs0,64.0,117.0,0.0,11.0,Status,147,9,138,190855,3962,186893,440.222229,1354.297119,305546.3438,5691.994629,299854.3438,0,0,0,0.0,,,29.494295,1.616126,27.676153,CON,,,,,0.0,0.0,0.0,0
724291,4.999235,4.999235,4.999235,4.999235,4.999235,4.999235,udp,0.0,0.0,cs0,cs0,117.0,64.0,11.0,0.0,Status,121,110,11,146445,142251,4194,1293.190918,381.272736,231669.0313,225567.3125,6101.733398,0,0,0,0.0,,,24.003672,21.803335,2.000306,CON,,,,,0.0,0.0,0.0,0
724318,0.060037,0.060037,0.060037,0.060037,0.060037,0.060037,udp,0.0,0.0,cs0,cs0,64.0,117.0,0.0,11.0,Status,6,3,3,728,528,200,176.0,66.666664,64760.06641,46904.41016,17855.65625,0,0,0,0.0,,,83.281975,33.31279,33.31279,CON,,,,,0.0,0.0,0.0,0
724342,0.145277,0.145277,0.145277,0.145277,0.145277,0.145277,udp,0.0,0.0,cs0,cs0,64.0,117.0,0.0,11.0,Status,13,6,7,1508,1062,446,177.0,63.714287,69825.23438,48734.48828,21090.74414,0,0,0,0.0,,,82.60083,34.417011,41.300415,CON,,,,,0.0,0.0,0.0,0
724372,0.0,0.0,0.0,0.0,0.0,0.0,icmp,0.0,,cs0,,58.0,,6.0,,Start,1,1,0,98,98,0,98.0,0.0,0.0,0.0,0.0,0,0,0,0.0,,,0.0,0.0,0.0,ECO,,,,,0.0,0.0,0.0,0
724438,0.138999,0.138999,0.138999,0.138999,0.138999,0.138999,udp,0.0,0.0,cs0,cs0,64.0,52.0,0.0,12.0,Start,21,11,10,6885,2513,4372,228.454544,437.200012,357988.1875,131511.7344,226476.4531,0,0,0,0.0,,,143.885925,71.942963,64.748665,CON,,,,,0.0,0.0,0.0,0
724466,0.190947,0.190947,0.190947,0.190947,0.190947,0.190947,udp,0.0,0.0,cs0,cs0,64.0,53.0,0.0,11.0,Start,22,13,9,13437,8583,4854,660.230774,539.333313,512728.6875,331945.5313,180783.1563,0,0,0,0.0,,,109.978165,62.844666,41.896442,CON,,,,,0.0,0.0,0.0,0
724483,0.034937,0.034937,0.034937,0.034937,0.034937,0.034937,icmp,0.0,0.0,cs0,cs0,58.0,64.0,6.0,0.0,Start,2,1,1,196,98,98,98.0,98.0,0.0,0.0,0.0,0,0,0,0.0,,,28.622948,0.0,0.0,ECO,,,,,0.0,0.0,0.0,0
724485,4.995168,4.995168,4.995168,4.995168,4.995168,4.995168,udp,0.0,0.0,cs0,cs0,117.0,64.0,11.0,0.0,Status,189,178,11,245539,242015,3524,1359.634888,320.363647,390553.4063,385422.0625,5131.358887,0,0,0,0.0,,,37.636372,35.434242,2.001935,CON,,,,,0.0,0.0,0.0,0
724527,0.0,0.0,0.0,0.0,0.0,0.0,icmp,0.0,,cs0,,58.0,,6.0,,Start,1,1,0,98,98,0,98.0,0.0,0.0,0.0,0.0,0,0,0,0.0,,,0.0,0.0,0.0,ECO,,,,,0.0,0.0,0.0,0
724546,0.054152,0.054152,0.054152,0.054152,0.054152,0.054152,icmp,0.0,0.0,cs0,cs0,58.0,64.0,6.0,0.0,Start,2,1,1,196,98,98,98.0,98.0,0.0,0.0,0.0,0,0,0,0.0,,,18.466537,0.0,0.0,ECO,,,,,0.0,0.0,0.0,0
724553,4.996803,4.996803,4.996803,4.996803,4.996803,4.996803,udp,0.0,0.0,cs0,cs0,117.0,64.0,11.0,0.0,Status,252,232,20,315044,309894,5150,1335.75,257.5,501844.0938,494010.2813,7833.809082,0,0,0,0.0,,,50.232121,46.229561,3.802431,CON,,,,,0.0,0.0,0.0,0
724603,4.93565,4.93565,4.93565,4.93565,4.93565,4.93565,udp,0.0,0.0,cs0,cs0,117.0,64.0,11.0,0.0,Status,196,181,15,248781,244521,4260,1350.944702,284.0,400590.8125,394146.2813,6444.541504,0,0,0,0.0,,,39.508476,36.46936,2.836506,CON,,,,,0.0,0.0,0.0,0
724628,2.993335,2.993335,2.993335,2.993335,2.993335,2.993335,tcp,136.0,,af41,,255.0,,1.0,,Start,3,3,0,222,222,0,74.0,0.0,395.545441,395.545441,0.0,2,2,0,40.0,0.0,0.0,0.668151,0.668151,0.0,REQ,3737600.0,,,,0.0,0.0,0.0,0
724723,0.085269,0.085269,0.085269,0.085269,0.085269,0.085269,icmp,0.0,0.0,cs0,cs0,58.0,64.0,6.0,0.0,Start,2,1,1,196,98,98,98.0,98.0,0.0,0.0,0.0,0,0,0,0.0,,,11.727592,0.0,0.0,ECO,,,,,0.0,0.0,0.0,0
724773,0.0,0.0,0.0,0.0,0.0,0.0,udp,0.0,,cs0,,249.0,,7.0,,Start,1,1,0,64,64,0,64.0,0.0,0.0,0.0,0.0,0,0,0,0.0,,,0.0,0.0,0.0,INT,,,610.0,,0.0,0.0,0.0,0
724851,0.0,0.0,0.0,0.0,0.0,0.0,icmp,0.0,,cs0,,58.0,,6.0,,Start,1,1,0,98,98,0,98.0,0.0,0.0,0.0,0.0,0,0,0,0.0,,,0.0,0.0,0.0,ECO,,,,,0.0,0.0,0.0,0
724910,0.088994,0.088994,0.088994,0.088994,0.088994,0.088994,tcp,0.0,0.0,cs0,cs0,64.0,62.0,0.0,2.0,Start,15,8,7,5254,935,4319,116.875,617.0,406409.4375,73622.94531,332786.5,0,0,0,0.0,0.0,0.0,157.31398,78.65699,67.42028,CON,75776.0,31104.0,,,0.01798,0.001271,0.016709,0
724946,4.847041,4.847041,4.847041,4.847041,4.847041,4.847041,tcp,0.0,0.0,cs0,cs0,64.0,62.0,0.0,2.0,Status,8,4,4,571,295,276,73.75,69.0,708.060852,366.409119,341.651733,0,0,0,0.0,0.0,0.0,1.44418,0.618934,0.618934,FIN,78336.0,32256.0,,,0.015006,0.00127,0.013736,0
724999,0.0,0.0,0.0,0.0,0.0,0.0,icmp,0.0,,cs0,,58.0,,6.0,,Start,1,1,0,98,98,0,98.0,0.0,0.0,0.0,0.0,0,0,0,0.0,,,0.0,0.0,0.0,ECO,,,,,0.0,0.0,0.0,0
725013,0.08956,0.08956,0.08956,0.08956,0.08956,0.08956,udp,0.0,0.0,cs0,cs0,64.0,117.0,0.0,11.0,Status,6,3,3,730,530,200,176.666672,66.666664,43590.88672,31621.25781,11969.62891,0,0,0,0.0,,,55.828495,22.331398,22.331398,CON,,,,,0.0,0.0,0.0,0
725024,0.0,0.0,0.0,0.0,0.0,0.0,icmp,0.0,,cs0,,58.0,,6.0,,Start,1,1,0,98,98,0,98.0,0.0,0.0,0.0,0.0,0,0,0,0.0,,,0.0,0.0,0.0,ECO,,,,,0.0,0.0,0.0,0
725028,0.0,0.0,0.0,0.0,0.0,0.0,icmp,0.0,,cs0,,58.0,,6.0,,Start,1,1,0,98,98,0,98.0,0.0,0.0,0.0,0.0,0,0,0,0.0,,,0.0,0.0,0.0,ECO,,,,,0.0,0.0,0.0,0
725043,0.0,0.0,0.0,0.0,0.0,0.0,icmp,0.0,,cs0,,58.0,,6.0,,Start,1,1,0,98,98,0,98.0,0.0,0.0,0.0,0.0,0,0,0,0.0,,,0.0,0.0,0.0,ECO,,,,,0.0,0.0,0.0,0
725064,0.0,0.0,0.0,0.0,0.0,0.0,icmp,0.0,,cs0,,58.0,,6.0,,Start,1,1,0,98,98,0,98.0,0.0,0.0,0.0,0.0,0,0,0,0.0,,,0.0,0.0,0.0,ECO,,,,,0.0,0.0,0.0,0
725077,0.0,0.0,0.0,0.0,0.0,0.0,udp,0.0,,cs0,,249.0,,7.0,,Start,1,1,0,64,64,0,64.0,0.0,0.0,0.0,0.0,0,0,0,0.0,,,0.0,0.0,0.0,INT,,,610.0,,0.0,0.0,0.0,0
725085,0.03705,0.03705,0.03705,0.03705,0.03705,0.03705,icmp,0.0,0.0,cs0,cs0,58.0,64.0,6.0,0.0,Start,2,1,1,196,98,98,98.0,98.0,0.0,0.0,0.0,0,0,0,0.0,,,26.990553,0.0,0.0,ECO,,,,,0.0,0.0,0.0,0
725140,0.0,0.0,0.0,0.0,0.0,0.0,icmp,0.0,,cs0,,58.0,,6.0,,Start,1,1,0,98,98,0,98.0,0.0,0.0,0.0,0.0,0,0,0,0.0,,,0.0,0.0,0.0,ECO,,,,,0.0,0.0,0.0,0
725149,0.0,0.0,0.0,0.0,0.0,0.0,icmp,0.0,,cs0,,58.0,,6.0,,Start,1,1,0,98,98,0,98.0,0.0,0.0,0.0,0.0,0,0,0,0.0,,,0.0,0.0,0.0,ECO,,,,,0.0,0.0,0.0,0
725172,0.0,0.0,0.0,0.0,0.0,0.0,icmp,0.0,,cs0,,58.0,,6.0,,Start,1,1,0,98,98,0,98.0,0.0,0.0,0.0,0.0,0,0,0,0.0,,,0.0,0.0,0.0,ECO,,,,,0.0,0.0,0.0,0
725231,0.0,0.0,0.0,0.0,0.0,0.0,icmp,0.0,,cs0,,58.0,,6.0,,Start,1,1,0,98,98,0,98.0,0.0,0.0,0.0,0.0,0,0,0,0.0,,,0.0,0.0,0.0,ECO,,,,,0.0,0.0,0.0,0
725237,0.001307,0.001307,0.001307,0.001307,0.001307,0.001307,tcp,0.0,0.0,cs0,cs0,64.0,62.0,0.0,2.0,Status,2,1,1,132,66,66,66.0,66.0,0.0,0.0,0.0,0,0,0,0.0,0.0,0.0,765.110901,0.0,0.0,CON,68096.0,31104.0,,,0.014823,0.001171,0.013652,0
725291,0.0,0.0,0.0,0.0,0.0,0.0,icmp,0.0,,cs0,,58.0,,6.0,,Start,1,1,0,98,98,0,98.0,0.0,0.0,0.0,0.0,0,0,0,0.0,,,0.0,0.0,0.0,ECO,,,,,0.0,0.0,0.0,0
725323,0.091094,0.091094,0.091094,0.091094,0.091094,0.091094,icmp,0.0,0.0,cs0,cs0,58.0,64.0,6.0,0.0,Start,2,1,1,196,98,98,98.0,98.0,0.0,0.0,0.0,0,0,0,0.0,,,10.977672,0.0,0.0,ECO,,,,,0.0,0.0,0.0,0
725350,4.957824,4.957824,4.957824,4.957824,4.957824,4.957824,udp,0.0,0.0,cs0,cs0,117.0,64.0,11.0,0.0,Status,181,162,19,223940,216296,7644,1335.160522,402.315796,358549.2188,346863.4375,11685.77148,0,0,0,0.0,,,36.306248,32.473923,3.630625,CON,,,,,0.0,0.0,0.0,0
725415,3.941187,3.941187,3.941187,3.941187,3.941187,3.941187,sctp,186.0,40.0,ef,af11,255.0,250.0,1.0,6.0,Status,6,3,3,596,306,290,102.0,96.666664,807.878479,414.08847,393.790009,0,0,0,0.0,,,1.268653,0.507461,0.507461,CON,,,,610.0,0.0,0.0,0.0,0
725425,0.060078,0.060078,0.060078,0.060078,0.060078,0.060078,udp,0.0,0.0,cs0,cs0,64.0,117.0,0.0,11.0,Status,5,3,2,668,530,138,176.666672,69.0,56326.77734,47138.71875,9188.055664,0,0,0,0.0,,,66.580116,33.290058,16.645029,CON,,,,,0.0,0.0,0.0,0
725427,0.11991,0.11991,0.11991,0.11991,0.11991,0.11991,udp,0.0,0.0,cs0,cs0,64.0,53.0,0.0,11.0,Status,7,4,3,3928,2860,1068,715.0,356.0,190609.625,143107.3281,47502.29297,0,0,0,0.0,,,50.037529,25.018764,16.679176,CON,,,,,0.0,0.0,0.0,0
725499,0.0,0.0,0.0,0.0,0.0,0.0,udp,0.0,,cs0,,249.0,,7.0,,Start,1,1,0,74,74,0,74.0,0.0,0.0,0.0,0.0,0,0,0,0.0,,,0.0,0.0,0.0,INT,,,610.0,,0.0,0.0,0.0,0
725563,0.051233,0.051233,0.051233,0.051233,0.051233,0.051233,icmp,0.0,0.0,cs0,cs0,58.0,64.0,6.0,0.0,Start,2,1,1,196,98,98,98.0,98.0,0.0,0.0,0.0,0,0,0,0.0,,,19.518669,0.0,0.0,ECO,,,,,0.0,0.0,0.0,0
725627,0.036984,0.036984,0.036984,0.036984,0.036984,0.036984,icmp,0.0,0.0,cs0,cs0,58.0,64.0,6.0,0.0,Start,2,1,1,196,98,98,98.0,98.0,0.0,0.0,0.0,0,0,0,0.0,,,27.038719,0.0,0.0,ECO,,,,,0.0,0.0,0.0,0
725638,0.926083,0.926083,0.926083,0.926083,0.926083,0.926083,tcp,0.0,0.0,cs0,cs0,64.0,53.0,0.0,11.0,Start,23,12,11,9271,2802,6469,233.5,588.090881,72995.61719,22192.39453,50803.21875,0,0,0,0.0,0.0,0.0,23.75597,11.877985,10.798168,CON,81408.0,69632.0,,,0.045955,0.022922,0.023033,0
725672,0.0,0.0,0.0,0.0,0.0,0.0,icmp,0.0,,cs0,,58.0,,6.0,,Start,1,1,0,98,98,0,98.0,0.0,0.0,0.0,0.0,0,0,0,0.0,,,0.0,0.0,0.0,ECO,,,,,0.0,0.0,0.0,0
725700,0.0,0.0,0.0,0.0,0.0,0.0,icmp,0.0,,cs0,,58.0,,6.0,,Start,1,1,0,98,98,0,98.0,0.0,0.0,0.0,0.0,0,0,0,0.0,,,0.0,0.0,0.0,ECO,,,,,0.0,0.0,0.0,0
725728,4.959643,4.959643,4.959643,4.959643,4.959643,4.959643,udp,0.0,0.0,cs0,cs0,117.0,64.0,11.0,0.0,Status,135,122,13,168758,164684,4074,1349.868896,313.384613,269529.0938,263462.5313,6066.565918,0,0,0,0.0,,,27.018074,24.396917,2.419529,CON,,,,,0.0,0.0,0.0,0
725757,4.999958,4.999958,4.999958,4.999958,4.999958,4.999958,tcp,0.0,0.0,cs0,cs0,64.0,62.0,0.0,2.0,Status,4,3,1,295,229,66,76.333336,66.0,244.802048,244.802048,0.0,0,0,0,0.0,0.0,0.0,0.600005,0.400003,0.0,FIN,68096.0,31104.0,,,0.015876,0.001101,0.014775,0
725825,0.05932,0.05932,0.05932,0.05932,0.05932,0.05932,icmp,0.0,0.0,cs0,cs0,58.0,64.0,6.0,0.0,Start,2,1,1,196,98,98,98.0,98.0,0.0,0.0,0.0,0,0,0,0.0,,,16.857721,0.0,0.0,ECO,,,,,0.0,0.0,0.0,0
725887,4.539005,4.539005,4.539005,4.539005,4.539005,4.539005,udp,0.0,0.0,cs0,cs0,64.0,117.0,0.0,11.0,Status,259,17,242,331794,4541,327253,267.117645,1352.285156,581933.75,7532.928711,574400.8125,0,0,0,0.0,,,56.840652,3.525002,53.095341,CON,,,,,0.0,0.0,0.0,0
725936,0.211991,0.211991,0.211991,0.211991,0.211991,0.211991,udp,0.0,0.0,cs0,cs0,64.0,53.0,0.0,11.0,Start,21,13,8,13318,8583,4735,660.230774,591.875,455377.8438,298993.8438,156384.0,0,0,0,0.0,,,94.343628,56.606178,33.020271,CON,,,,,0.0,0.0,0.0,0
725959,0.0,0.0,0.0,0.0,0.0,0.0,icmp,0.0,,cs0,,58.0,,6.0,,Start,1,1,0,98,98,0,98.0,0.0,0.0,0.0,0.0,0,0,0,0.0,,,0.0,0.0,0.0,ECO,,,,,0.0,0.0,0.0,0
725985,0.646553,0.646553,0.646553,0.646553,0.646553,0.646553,tcp,0.0,0.0,cs0,cs0,64.0,115.0,0.0,13.0,Start,51,27,24,14893,4559,10334,168.851852,430.583344,176876.4531,54331.19922,122545.2578,0,0,0,0.0,0.0,0.0,77.333183,40.213257,35.573265,CON,90112.0,72448.0,,,0.034797,0.021079,0.013718,0
725993,0.0,0.0,0.0,0.0,0.0,0.0,icmp,0.0,,cs0,,58.0,,6.0,,Start,1,1,0,98,98,0,98.0,0.0,0.0,0.0,0.0,0,0,0,0.0,,,0.0,0.0,0.0,ECO,,,,,0.0,0.0,0.0,0
726067,0.0,0.0,0.0,0.0,0.0,0.0,icmp,0.0,,cs0,,58.0,,6.0,,Start,1,1,0,98,98,0,98.0,0.0,0.0,0.0,0.0,0,0,0,0.0,,,0.0,0.0,0.0,ECO,,,,,0.0,0.0,0.0,0
726180,4.68291,4.68291,4.68291,4.68291,4.68291,4.68291,udp,0.0,0.0,cs0,cs0,64.0,117.0,0.0,11.0,Status,231,22,209,287648,6223,281425,282.863647,1346.531128,488619.25,10149.24512,478470.0,0,0,0,0.0,,,49.114761,4.484391,44.416828,CON,,,,,0.0,0.0,0.0,0
726221,0.011213,0.011213,0.011213,0.011213,0.011213,0.011213,tcp,0.0,0.0,cs0,cs0,116.0,64.0,12.0,0.0,Status,4,2,2,271,108,163,54.0,81.5,97030.23438,38526.71094,58503.52344,0,0,0,0.0,0.0,0.0,267.5466,89.182198,89.182198,RST,268.0,159.0,,,0.0,0.0,0.0,0
726230,0.0,0.0,0.0,0.0,0.0,0.0,udp,0.0,,cs0,,249.0,,7.0,,Start,1,1,0,64,64,0,64.0,0.0,0.0,0.0,0.0,0,0,0,0.0,,,0.0,0.0,0.0,INT,,,610.0,,0.0,0.0,0.0,0
726257,0.073219,0.073219,0.073219,0.073219,0.073219,0.073219,icmp,0.0,0.0,cs0,cs0,58.0,64.0,6.0,0.0,Start,2,1,1,196,98,98,98.0,98.0,0.0,0.0,0.0,0,0,0,0.0,,,13.657657,0.0,0.0,ECO,,,,,0.0,0.0,0.0,0
726304,0.0,0.0,0.0,0.0,0.0,0.0,icmp,0.0,,cs0,,58.0,,6.0,,Start,1,1,0,98,98,0,98.0,0.0,0.0,0.0,0.0,0,0,0,0.0,,,0.0,0.0,0.0,ECO,,,,,0.0,0.0,0.0,0
726317,0.0,0.0,0.0,0.0,0.0,0.0,icmp,0.0,,cs0,,58.0,,6.0,,Start,1,1,0,98,98,0,98.0,0.0,0.0,0.0,0.0,0,0,0,0.0,,,0.0,0.0,0.0,ECO,,,,,0.0,0.0,0.0,0
726322,0.045965,0.045965,0.045965,0.045965,0.045965,0.045965,icmp,0.0,0.0,cs0,cs0,58.0,64.0,6.0,0.0,Start,2,1,1,196,98,98,98.0,98.0,0.0,0.0,0.0,0,0,0,0.0,,,21.755684,0.0,0.0,ECO,,,,,0.0,0.0,0.0,0
726338,0.102313,0.102313,0.102313,0.102313,0.102313,0.102313,tcp,0.0,0.0,cs0,cs0,64.0,62.0,0.0,2.0,Start,15,8,7,5254,935,4319,116.875,617.0,353503.4688,64038.78516,289464.6875,0,0,0,0.0,0.0,0.0,136.835007,68.417503,58.643578,CON,97792.0,31104.0,,,0.012105,0.001103,0.011002,0
726340,0.0,0.0,0.0,0.0,0.0,0.0,udp,0.0,,cs0,,249.0,,7.0,,Start,1,1,0,74,74,0,74.0,0.0,0.0,0.0,0.0,0,0,0,0.0,,,0.0,0.0,0.0,INT,,,610.0,,0.0,0.0,0.0,0
726362,0.0,0.0,0.0,0.0,0.0,0.0,icmp,0.0,,cs0,,58.0,,6.0,,Start,1,1,0,98,98,0,98.0,0.0,0.0,0.0,0.0,0,0,0,0.0,,,0.0,0.0,0.0,ECO,,,,,0.0,0.0,0.0,0
726390,0.062436,0.062436,0.062436,0.062436,0.062436,0.062436,icmp,0.0,0.0,cs0,cs0,58.0,64.0,6.0,0.0,Start,2,1,1,196,98,98,98.0,98.0,0.0,0.0,0.0,0,0,0,0.0,,,16.016401,0.0,0.0,ECO,,,,,0.0,0.0,0.0,0
726487,0.0,0.0,0.0,0.0,0.0,0.0,icmp,0.0,,cs0,,58.0,,6.0,,Start,1,1,0,98,98,0,98.0,0.0,0.0,0.0,0.0,0,0,0,0.0,,,0.0,0.0,0.0,ECO,,,,,0.0,0.0,0.0,0
726532,0.0,0.0,0.0,0.0,0.0,0.0,icmp,0.0,,cs0,,58.0,,6.0,,Start,1,1,0,98,98,0,98.0,0.0,0.0,0.0,0.0,0,0,0,0.0,,,0.0,0.0,0.0,ECO,,,,,0.0,0.0,0.0,0
726608,0.0,0.0,0.0,0.0,0.0,0.0,icmp,0.0,,cs0,,58.0,,6.0,,Start,1,1,0,98,98,0,98.0,0.0,0.0,0.0,0.0,0,0,0,0.0,,,0.0,0.0,0.0,ECO,,,,,0.0,0.0,0.0,0
726615,0.0,0.0,0.0,0.0,0.0,0.0,icmp,0.0,,cs0,,58.0,,6.0,,Start,1,1,0,98,98,0,98.0,0.0,0.0,0.0,0.0,0,0,0,0.0,,,0.0,0.0,0.0,ECO,,,,,0.0,0.0,0.0,0
726678,0.000261,0.000261,0.000261,0.000261,0.000261,0.000261,sctp,186.0,186.0,ef,ef,255.0,252.0,1.0,4.0,Status,2,1,1,192,94,98,94.0,98.0,0.0,0.0,0.0,0,0,0,0.0,,,3831.41748,0.0,0.0,CON,,,,610.0,0.0,0.0,0.0,0
726698,0.0,0.0,0.0,0.0,0.0,0.0,icmp,0.0,,cs0,,58.0,,6.0,,Start,1,1,0,98,98,0,98.0,0.0,0.0,0.0,0.0,0,0,0,0.0,,,0.0,0.0,0.0,ECO,,,,,0.0,0.0,0.0,0
726704,0.171653,0.171653,0.171653,0.171653,0.171653,0.171653,udp,0.0,0.0,cs0,cs0,117.0,64.0,11.0,0.0,Status,254,240,14,334308,333314,994,1388.80835,71.0,15512644.0,15469627.0,43017.01563,0,0,0,0.0,,,1473.903687,1392.343872,75.734184,CON,,,,,0.0,0.0,0.0,0
726731,0.0,0.0,0.0,0.0,0.0,0.0,udp,0.0,,cs0,,249.0,,7.0,,Start,1,1,0,74,74,0,74.0,0.0,0.0,0.0,0.0,0,0,0,0.0,,,0.0,0.0,0.0,INT,,,610.0,,0.0,0.0,0.0,0
726756,0.0,0.0,0.0,0.0,0.0,0.0,udp,0.0,,cs0,,249.0,,7.0,,Start,1,1,0,64,64,0,64.0,0.0,0.0,0.0,0.0,0,0,0,0.0,,,0.0,0.0,0.0,INT,,,610.0,,0.0,0.0,0.0,0
726818,0.0,0.0,0.0,0.0,0.0,0.0,udp,0.0,,cs0,,249.0,,7.0,,Start,1,1,0,64,64,0,64.0,0.0,0.0,0.0,0.0,0,0,0,0.0,,,0.0,0.0,0.0,INT,,,610.0,,0.0,0.0,0.0,0
726913,1.442499,1.442499,1.442499,1.442499,1.442499,1.442499,sctp,40.0,186.0,af11,ef,250.0,255.0,6.0,1.0,Status,14,7,7,3760,3090,670,441.428558,95.714287,17880.08203,14691.1709,3188.910156,0,0,0,0.0,,,9.012137,4.159448,4.159448,CON,,,610.0,,0.0,0.0,0.0,0
726964,0.0,0.0,0.0,0.0,0.0,0.0,udp,0.0,,cs0,,249.0,,7.0,,Start,1,1,0,74,74,0,74.0,0.0,0.0,0.0,0.0,0,0,0,0.0,,,0.0,0.0,0.0,INT,,,610.0,,0.0,0.0,0.0,0
726994,0.0,0.0,0.0,0.0,0.0,0.0,udp,0.0,,cs0,,255.0,,1.0,,Start,1,1,0,60,60,0,60.0,0.0,0.0,0.0,0.0,0,0,0,0.0,,,0.0,0.0,0.0,INT,,,,,0.0,0.0,0.0,0
727028,2.994387,2.994387,2.994387,2.994387,2.994387,2.994387,tcp,136.0,,af41,,255.0,,1.0,,Start,3,3,0,222,222,0,74.0,0.0,395.406494,395.406494,0.0,2,2,0,40.0,0.0,0.0,0.667916,0.667916,0.0,REQ,3737600.0,,,,0.0,0.0,0.0,0
727036,0.200895,0.200895,0.200895,0.200895,0.200895,0.200895,sctp,40.0,186.0,af11,ef,250.0,255.0,6.0,1.0,Status,4,2,2,364,172,192,86.0,96.0,7247.567383,3424.674561,3822.892578,0,0,0,0.0,,,14.933174,4.977725,4.977725,CON,,,610.0,,0.0,0.0,0.0,0
727050,1.801095,1.801095,1.801095,1.801095,1.801095,1.801095,sctp,186.0,186.0,ef,ef,252.0,255.0,4.0,1.0,Status,4,2,2,392,200,192,100.0,96.0,870.581482,444.174225,426.407257,0,0,0,0.0,,,1.665653,0.555218,0.555218,CON,,,610.0,,0.0,0.0,0.0,0
727071,4.8e-05,4.8e-05,4.8e-05,4.8e-05,4.8e-05,4.8e-05,sctp,186.0,186.0,ef,ef,252.0,255.0,4.0,1.0,Status,2,1,1,200,102,98,102.0,98.0,0.0,0.0,0.0,0,0,0,0.0,,,20833.33203,0.0,0.0,CON,,,610.0,,0.0,0.0,0.0,0
727092,0.059069,0.059069,0.059069,0.059069,0.059069,0.059069,tcp,0.0,0.0,cs0,cs0,116.0,64.0,12.0,0.0,Start,5,3,2,354,198,156,66.0,78.0,28441.31445,17877.39844,10563.91699,0,0,0,0.0,0.0,0.0,67.717415,33.858707,16.929354,FIN,305.0,238.0,,,0.0,0.0,0.0,0
727131,0.920981,0.920981,0.920981,0.920981,0.920981,0.920981,sctp,186.0,186.0,ef,ef,252.0,255.0,4.0,1.0,Status,4,2,2,392,200,192,100.0,96.0,1702.532471,868.638977,833.893433,0,0,0,0.0,,,3.257396,1.085799,1.085799,CON,,,610.0,,0.0,0.0,0.0,0
727148,0.072739,0.072739,0.072739,0.072739,0.072739,0.072739,tcp,0.0,0.0,cs0,cs0,53.0,64.0,11.0,0.0,Start,6,3,3,387,225,162,75.0,54.0,28375.42578,16497.33984,11878.08496,0,0,0,0.0,0.0,0.0,68.738914,27.495567,27.495567,FIN,63.0,565.0,,,0.0,0.0,0.0,0
727204,0.0,0.0,0.0,0.0,0.0,0.0,udp,0.0,,cs0,,249.0,,7.0,,Start,1,1,0,64,64,0,64.0,0.0,0.0,0.0,0.0,0,0,0,0.0,,,0.0,0.0,0.0,INT,,,610.0,,0.0,0.0,0.0,0
727218,0.0,0.0,0.0,0.0,0.0,0.0,udp,0.0,,cs0,,249.0,,7.0,,Start,1,1,0,64,64,0,64.0,0.0,0.0,0.0,0.0,0,0,0,0.0,,,0.0,0.0,0.0,INT,,,610.0,,0.0,0.0,0.0,0
727324,0.0,0.0,0.0,0.0,0.0,0.0,udp,0.0,,cs0,,249.0,,7.0,,Start,1,1,0,64,64,0,64.0,0.0,0.0,0.0,0.0,0,0,0,0.0,,,0.0,0.0,0.0,INT,,,610.0,,0.0,0.0,0.0,0
727330,1.272813,1.272813,1.272813,1.272813,1.272813,1.272813,udp,0.0,0.0,cs0,cs0,64.0,53.0,0.0,11.0,Start,23,13,10,9732,7129,2603,548.384644,260.299988,56089.9375,41363.5,14726.4375,0,0,0,0.0,,,17.28455,9.427937,7.070952,CON,,,,,0.0,0.0,0.0,0
727345,2.999309,2.999309,2.999309,2.999309,2.999309,2.999309,tcp,136.0,,af41,,255.0,,1.0,,Start,3,3,0,222,222,0,74.0,0.0,394.757599,394.757599,0.0,2,2,0,40.0,0.0,0.0,0.66682,0.66682,0.0,REQ,3737600.0,,,,0.0,0.0,0.0,0
727375,0.395923,0.395923,0.395923,0.395923,0.395923,0.395923,tcp,0.0,0.0,cs0,cs0,64.0,63.0,0.0,1.0,Status,6,4,2,1438,582,856,145.5,428.0,17478.14648,8830.0,8648.146484,0,0,0,0.0,0.0,0.0,12.628718,7.577231,2.525744,CON,70144.0,33280.0,,,0.018913,0.001171,0.017742,0
727418,0.149107,0.149107,0.149107,0.149107,0.149107,0.149107,tcp,0.0,0.0,cs0,cs0,64.0,53.0,0.0,11.0,Start,16,9,7,7327,1217,6110,135.222229,872.857117,339085.375,58052.27344,281033.0938,0,0,0,0.0,0.0,0.0,100.5989,53.652748,40.239559,CON,80384.0,66816.0,,,0.035103,0.021372,0.013731,0
727429,0.000108,0.000108,0.000108,0.000108,0.000108,0.000108,sctp,186.0,186.0,ef,ef,252.0,255.0,4.0,1.0,Status,2,1,1,200,102,98,102.0,98.0,0.0,0.0,0.0,0,0,0,0.0,,,9259.258789,0.0,0.0,CON,,,610.0,,0.0,0.0,0.0,0
727536,3.680979,3.680979,3.680979,3.680979,3.680979,3.680979,tcp,0.0,0.0,cs0,cs0,64.0,64.0,0.0,0.0,Status,22,14,8,2892,1308,1584,93.428574,198.0,5652.84375,2640.601807,3012.242188,7,3,4,24.137931,0.0,0.0,5.705004,3.531669,1.901668,CON,70656.0,68608.0,,,0.118435,0.077332,0.041103,0
727539,2.996865,2.996865,2.996865,2.996865,2.996865,2.996865,tcp,136.0,,af41,,255.0,,1.0,,Start,3,3,0,222,222,0,74.0,0.0,395.079529,395.079529,0.0,2,2,0,40.0,0.0,0.0,0.667364,0.667364,0.0,REQ,3737600.0,,,,0.0,0.0,0.0,0
727581,0.0,0.0,0.0,0.0,0.0,0.0,udp,0.0,,cs0,,255.0,,1.0,,Start,1,1,0,60,60,0,60.0,0.0,0.0,0.0,0.0,0,0,0,0.0,,,0.0,0.0,0.0,INT,,,,,0.0,0.0,0.0,0
727615,1.719258,1.719258,1.719258,1.719258,1.719258,1.719258,sctp,186.0,186.0,ef,ef,252.0,255.0,4.0,1.0,Status,4,2,2,392,200,192,100.0,96.0,912.021362,465.317017,446.704346,0,0,0,0.0,,,1.744939,0.581646,0.581646,CON,,,610.0,,0.0,0.0,0.0,0
727667,0.0,0.0,0.0,0.0,0.0,0.0,tcp,0.0,0.0,cs0,cs0,116.0,64.0,12.0,0.0,Status,6,3,3,391,162,229,54.0,76.333336,0.0,0.0,0.0,0,0,0,0.0,0.0,0.0,0.0,0.0,0.0,RST,274.0,137.0,,,0.0,0.0,0.0,0
727728,0.000135,0.000135,0.000135,0.000135,0.000135,0.000135,sctp,186.0,186.0,ef,ef,252.0,255.0,4.0,1.0,Status,2,1,1,200,102,98,102.0,98.0,0.0,0.0,0.0,0,0,0,0.0,,,7407.407715,0.0,0.0,CON,,,610.0,,0.0,0.0,0.0,0
727848,0.358979,0.358979,0.358979,0.358979,0.358979,0.358979,sctp,40.0,186.0,af11,ef,250.0,255.0,6.0,1.0,Status,4,2,2,424,216,208,108.0,104.0,4724.510742,2406.826172,2317.684326,0,0,0,0.0,,,8.357035,2.785678,2.785678,CON,,,610.0,,0.0,0.0,0.0,0
727882,9.8e-05,9.8e-05,9.8e-05,9.8e-05,9.8e-05,9.8e-05,sctp,186.0,186.0,ef,ef,252.0,255.0,4.0,1.0,Status,2,1,1,200,102,98,102.0,98.0,0.0,0.0,0.0,0,0,0,0.0,,,10204.08203,0.0,0.0,CON,,,610.0,,0.0,0.0,0.0,0
727980,0.223237,0.223237,0.223237,0.223237,0.223237,0.223237,sctp,40.0,186.0,af11,ef,250.0,255.0,6.0,1.0,Status,6,3,3,3056,2766,290,922.0,96.666664,73034.48438,66082.23438,6952.25293,0,0,0,0.0,,,22.397722,8.959088,8.959088,CON,,,610.0,,0.0,0.0,0.0,0
727994,0.134802,0.134802,0.134802,0.134802,0.134802,0.134802,udp,0.0,0.0,cs0,cs0,64.0,53.0,0.0,11.0,Start,69,26,43,56855,5059,51796,194.57692,1204.558105,3291167.75,288719.75,3002448.0,0,0,0,0.0,,,504.443573,185.457184,311.568085,CON,,,,,0.0,0.0,0.0,0
728031,1.387933,1.387933,1.387933,1.387933,1.387933,1.387933,tcp,0.0,0.0,cs0,cs0,64.0,63.0,0.0,1.0,Start,23,12,11,9395,1533,7862,127.75,714.727295,49304.97266,8104.137695,41200.83594,2,0,2,8.0,0.0,0.0,15.850909,7.925455,7.204958,CON,81408.0,32256.0,,,0.015907,0.001292,0.014615,0
728035,0.0,0.0,0.0,0.0,0.0,0.0,udp,0.0,,cs0,,249.0,,7.0,,Start,1,1,0,74,74,0,74.0,0.0,0.0,0.0,0.0,0,0,0,0.0,,,0.0,0.0,0.0,INT,,,610.0,,0.0,0.0,0.0,0
728045,0.0,0.0,0.0,0.0,0.0,0.0,udp,0.0,,cs0,,249.0,,7.0,,Start,1,1,0,74,74,0,74.0,0.0,0.0,0.0,0.0,0,0,0,0.0,,,0.0,0.0,0.0,INT,,,610.0,,0.0,0.0,0.0,0
728053,0.0,0.0,0.0,0.0,0.0,0.0,sctp,40.0,186.0,af11,ef,250.0,255.0,6.0,1.0,Status,1,1,0,66,66,0,66.0,0.0,0.0,0.0,0.0,0,0,0,0.0,,,0.0,0.0,0.0,REQ,,,610.0,,0.0,0.0,0.0,0
728063,0.0,0.0,0.0,0.0,0.0,0.0,udp,0.0,,cs0,,249.0,,7.0,,Start,1,1,0,64,64,0,64.0,0.0,0.0,0.0,0.0,0,0,0,0.0,,,0.0,0.0,0.0,INT,,,610.0,,0.0,0.0,0.0,0
728066,0.0,0.0,0.0,0.0,0.0,0.0,udp,0.0,,cs0,,249.0,,7.0,,Start,1,1,0,64,64,0,64.0,0.0,0.0,0.0,0.0,0,0,0,0.0,,,0.0,0.0,0.0,INT,,,610.0,,0.0,0.0,0.0,0
728086,0.0,0.0,0.0,0.0,0.0,0.0,udp,0.0,,cs0,,249.0,,7.0,,Start,1,1,0,74,74,0,74.0,0.0,0.0,0.0,0.0,0,0,0,0.0,,,0.0,0.0,0.0,INT,,,610.0,,0.0,0.0,0.0,0
728137,0.0,0.0,0.0,0.0,0.0,0.0,udp,0.0,,cs0,,255.0,,1.0,,Start,1,1,0,60,60,0,60.0,0.0,0.0,0.0,0.0,0,0,0,0.0,,,0.0,0.0,0.0,INT,,,,,0.0,0.0,0.0,0
728226,0.0,0.0,0.0,0.0,0.0,0.0,sctp,186.0,186.0,ef,ef,252.0,255.0,4.0,1.0,Status,2,1,1,192,98,94,98.0,94.0,0.0,0.0,0.0,0,0,0,0.0,,,0.0,0.0,0.0,CON,,,610.0,,0.0,0.0,0.0,0
728299,1.273539,1.273539,1.273539,1.273539,1.273539,1.273539,sctp,40.0,186.0,af11,ef,250.0,255.0,6.0,1.0,Status,13,6,7,6238,5596,642,932.666687,91.714287,32759.10742,29297.88672,3461.221191,0,0,0,0.0,,,9.422563,3.926068,4.711281,CON,,,610.0,,0.0,0.0,0.0,0
728350,4.995172,4.995172,4.995172,4.995172,4.995172,4.995172,udp,0.0,0.0,cs0,cs0,117.0,64.0,11.0,0.0,Status,145,138,7,187595,186437,1158,1350.992798,165.428574,298015.75,296425.4375,1590.335571,0,0,0,0.0,,,28.827835,27.426483,1.20116,CON,,,,,0.0,0.0,0.0,0
728360,0.072901,0.072901,0.072901,0.072901,0.072901,0.072901,udp,0.0,0.0,cs0,cs0,64.0,117.0,0.0,11.0,Start,6,3,3,730,530,200,176.666672,66.666664,53552.07422,38847.20313,14704.87305,0,0,0,0.0,,,68.586159,27.434465,27.434465,CON,,,,,0.0,0.0,0.0,0
728397,0.140498,0.140498,0.140498,0.140498,0.140498,0.140498,udp,0.0,0.0,cs0,cs0,64.0,53.0,0.0,11.0,Start,10,5,5,4534,1891,2643,378.200012,528.599976,206579.4531,86150.69531,120428.7656,0,0,0,0.0,,,64.057854,28.470158,28.470158,CON,,,,,0.0,0.0,0.0,0
728441,0.0,0.0,0.0,0.0,0.0,0.0,icmp,0.0,,cs0,,58.0,,6.0,,Start,1,1,0,98,98,0,98.0,0.0,0.0,0.0,0.0,0,0,0,0.0,,,0.0,0.0,0.0,ECO,,,,,0.0,0.0,0.0,0
730508,4.997,4.997,4.997,4.997,4.997,4.997,udp,0.0,0.0,cs0,cs0,117.0,64.0,11.0,0.0,Status,133,115,18,160338,154369,5969,1342.339111,331.611115,254016.4063,244990.1875,9026.21582,0,0,0,0.0,,,26.415848,22.813686,3.402041,CON,,,,,0.0,0.0,0.0,0
730538,0.0,0.0,0.0,0.0,0.0,0.0,sctp,186.0,40.0,ef,af11,255.0,250.0,1.0,6.0,Status,2,1,1,232,114,118,114.0,118.0,0.0,0.0,0.0,0,0,0,0.0,,,0.0,0.0,0.0,CON,,,,610.0,0.0,0.0,0.0,0
730631,0.12789,0.12789,0.12789,0.12789,0.12789,0.12789,udp,0.0,0.0,cs0,cs0,64.0,53.0,0.0,11.0,Start,21,11,10,6879,2512,4367,228.363632,436.700012,388771.5938,142872.7813,245898.8125,0,0,0,0.0,,,156.384384,78.192192,70.372971,CON,,,,,0.0,0.0,0.0,0
732796,4.998143,4.998143,4.998143,4.998143,4.998143,4.998143,udp,0.0,0.0,cs0,cs0,117.0,64.0,11.0,0.0,Status,127,104,23,144005,139032,4973,1336.846191,216.217392,228009.4688,220395.4531,7614.027344,0,0,0,0.0,,,25.209362,20.607653,4.401635,CON,,,,,0.0,0.0,0.0,0
732808,4.999481,4.999481,4.999481,4.999481,4.999481,4.999481,udp,0.0,0.0,cs0,cs0,117.0,64.0,11.0,0.0,Status,137,118,19,154744,149228,5516,1264.644043,290.315796,245129.4375,236766.9688,8362.467773,0,0,0,0.0,,,27.202822,23.402428,3.600374,CON,,,,,0.0,0.0,0.0,0
732853,0.0,0.0,0.0,0.0,0.0,0.0,icmp,0.0,,cs0,,58.0,,6.0,,Start,1,1,0,98,98,0,98.0,0.0,0.0,0.0,0.0,0,0,0,0.0,,,0.0,0.0,0.0,ECO,,,,,0.0,0.0,0.0,0
732955,0.0,0.0,0.0,0.0,0.0,0.0,icmp,0.0,,cs0,,58.0,,6.0,,Start,1,1,0,98,98,0,98.0,0.0,0.0,0.0,0.0,0,0,0,0.0,,,0.0,0.0,0.0,ECO,,,,,0.0,0.0,0.0,0
732981,0.198912,0.198912,0.198912,0.198912,0.198912,0.198912,tcp,0.0,0.0,cs0,cs0,64.0,63.0,0.0,1.0,Start,15,8,7,2374,1072,1302,134.0,186.0,82609.39844,37725.22656,44884.17188,0,0,0,0.0,0.0,0.0,70.382881,35.191441,30.164093,CON,69120.0,31104.0,,,0.017089,0.001226,0.015863,0
732991,0.618038,0.618038,0.618038,0.618038,0.618038,0.618038,tcp,0.0,0.0,cs0,cs0,64.0,52.0,0.0,12.0,Start,33,17,16,12290,3784,8506,222.588242,531.625,149337.0938,46107.19922,103229.8984,0,0,0,0.0,0.0,0.0,51.776752,25.888376,24.270351,CON,83968.0,70912.0,,,0.042114,0.02142,0.020694,0
733104,0.053464,0.053464,0.053464,0.053464,0.053464,0.053464,udp,0.0,0.0,cs0,cs0,64.0,117.0,0.0,11.0,Status,6,3,3,746,546,200,182.0,66.666664,74517.42969,54466.55859,20050.875,0,0,0,0.0,,,93.520874,37.408352,37.408352,CON,,,,,0.0,0.0,0.0,0
733123,0.0,0.0,0.0,0.0,0.0,0.0,icmp,0.0,,cs0,,58.0,,6.0,,Start,1,1,0,98,98,0,98.0,0.0,0.0,0.0,0.0,0,0,0,0.0,,,0.0,0.0,0.0,ECO,,,,,0.0,0.0,0.0,0
733124,4.999624,4.999624,4.999624,4.999624,4.999624,4.999624,udp,0.0,0.0,cs0,cs0,117.0,64.0,11.0,0.0,Status,151,134,17,184955,180405,4550,1346.30603,267.647064,293369.2813,286515.9688,6853.315918,0,0,0,0.0,,,30.002258,26.602001,3.200241,CON,,,,,0.0,0.0,0.0,0
733141,0.001524,0.001524,0.001524,0.001524,0.001524,0.001524,udp,0.0,48.0,cs0,af12,64.0,63.0,0.0,1.0,Start,2,1,1,220,85,135,85.0,135.0,0.0,0.0,0.0,0,0,0,0.0,,,656.167969,0.0,0.0,CON,,,,,0.0,0.0,0.0,0
735170,4.997847,4.997847,4.997847,4.997847,4.997847,4.997847,udp,0.0,0.0,cs0,cs0,117.0,64.0,11.0,0.0,Status,153,135,18,186680,182062,4618,1348.607422,256.555542,296249.1875,289266.9688,6982.206543,0,0,0,0.0,,,30.413095,26.811544,3.401465,CON,,,,,0.0,0.0,0.0,0
737269,0.000143,0.000143,0.000143,0.000143,0.000143,0.000143,sctp,186.0,186.0,ef,ef,252.0,255.0,4.0,1.0,Status,2,1,1,200,102,98,102.0,98.0,0.0,0.0,0.0,0,0,0,0.0,,,6993.007324,0.0,0.0,CON,,,610.0,,0.0,0.0,0.0,0
737322,4.961052,4.961052,4.961052,4.961052,4.961052,4.961052,udp,0.0,0.0,cs0,cs0,117.0,64.0,11.0,0.0,Status,142,130,12,176402,172829,3573,1329.453857,297.75,281837.0,276554.25,5282.750488,0,0,0,0.0,,,28.421392,26.00255,2.217272,CON,,,,,0.0,0.0,0.0,0
737356,0.0,0.0,0.0,0.0,0.0,0.0,icmp,0.0,,cs0,,58.0,,6.0,,Start,1,1,0,98,98,0,98.0,0.0,0.0,0.0,0.0,0,0,0,0.0,,,0.0,0.0,0.0,ECO,,,,,0.0,0.0,0.0,0
739459,0.173858,0.173858,0.173858,0.173858,0.173858,0.173858,udp,0.0,0.0,cs0,cs0,64.0,53.0,0.0,11.0,Start,17,10,7,11809,8037,3772,803.700012,538.857117,481680.4375,332869.3438,148811.0938,0,0,0,0.0,,,92.029129,51.766384,34.510921,CON,,,,,0.0,0.0,0.0,0
739512,0.095676,0.095676,0.095676,0.095676,0.095676,0.095676,udp,0.0,0.0,cs0,cs0,64.0,52.0,0.0,12.0,Start,11,6,5,4808,2165,2643,360.833344,528.599976,327772.9063,150926.0469,176846.8594,0,0,0,0.0,,,104.519424,52.259712,41.80777,CON,,,,,0.0,0.0,0.0,0
739523,4.997551,4.997551,4.997551,4.997551,4.997551,4.997551,udp,0.0,0.0,cs0,cs0,117.0,64.0,11.0,0.0,Status,130,120,10,162922,158407,4515,1320.05835,451.5,257967.9531,251462.375,6505.586426,0,0,0,0.0,,,25.812643,23.811663,1.800882,CON,,,,,0.0,0.0,0.0,0
739614,0.071889,0.071889,0.071889,0.071889,0.071889,0.071889,udp,0.0,0.0,cs0,cs0,64.0,117.0,0.0,11.0,Status,6,3,3,730,530,200,176.666672,66.666664,54305.94531,39394.06641,14911.87793,0,0,0,0.0,,,69.551674,27.820669,27.820669,CON,,,,,0.0,0.0,0.0,0
739666,0.073054,0.073054,0.073054,0.073054,0.073054,0.073054,udp,0.0,0.0,cs0,cs0,64.0,117.0,0.0,11.0,Status,6,3,3,746,546,200,182.0,66.666664,54535.0,39860.92578,14674.07617,0,0,0,0.0,,,68.44252,27.377008,27.377008,CON,,,,,0.0,0.0,0.0,0
739741,0.056784,0.056784,0.056784,0.056784,0.056784,0.056784,udp,0.0,0.0,cs0,cs0,64.0,117.0,0.0,11.0,Status,6,3,3,744,544,200,181.333328,66.666664,70019.72656,51141.16797,18878.55664,0,0,0,0.0,,,88.052971,35.221188,35.221188,CON,,,,,0.0,0.0,0.0,0
739773,0.0,0.0,0.0,0.0,0.0,0.0,icmp,0.0,,cs0,,58.0,,6.0,,Start,1,1,0,98,98,0,98.0,0.0,0.0,0.0,0.0,0,0,0,0.0,,,0.0,0.0,0.0,ECO,,,,,0.0,0.0,0.0,0
739806,0.0,0.0,0.0,0.0,0.0,0.0,icmp,0.0,,cs0,,58.0,,6.0,,Start,1,1,0,98,98,0,98.0,0.0,0.0,0.0,0.0,0,0,0,0.0,,,0.0,0.0,0.0,ECO,,,,,0.0,0.0,0.0,0
739894,0.055263,0.055263,0.055263,0.055263,0.055263,0.055263,udp,0.0,0.0,cs0,cs0,64.0,117.0,0.0,11.0,Start,6,3,3,732,530,202,176.666672,67.333336,70788.77344,51245.85938,19542.91211,0,0,0,0.0,,,90.476448,36.190578,36.190578,CON,,,,,0.0,0.0,0.0,0
739908,0.072401,0.072401,0.072401,0.072401,0.072401,0.072401,udp,0.0,0.0,cs0,cs0,64.0,117.0,0.0,11.0,Start,6,3,3,733,531,202,177.0,67.333336,54032.40234,39115.48047,14916.9209,0,0,0,0.0,,,69.059814,27.623926,27.623926,CON,,,,,0.0,0.0,0.0,0
739910,0.0,0.0,0.0,0.0,0.0,0.0,icmp,0.0,,cs0,,58.0,,6.0,,Start,1,1,0,98,98,0,98.0,0.0,0.0,0.0,0.0,0,0,0,0.0,,,0.0,0.0,0.0,ECO,,,,,0.0,0.0,0.0,0
740024,4.99696,4.99696,4.99696,4.99696,4.99696,4.99696,udp,0.0,0.0,cs0,cs0,117.0,64.0,11.0,0.0,Status,80,68,12,91288,87655,3633,1289.044067,302.75,143602.5,138269.6563,5332.842285,0,0,0,0.0,,,15.809611,13.408152,2.201338,CON,,,,,0.0,0.0,0.0,0
740036,0.053029,0.053029,0.053029,0.053029,0.053029,0.053029,udp,0.0,0.0,cs0,cs0,64.0,117.0,0.0,11.0,Status,6,3,3,732,530,202,176.666672,67.333336,73770.95313,53404.73828,20366.21484,0,0,0,0.0,,,94.288033,37.715214,37.715214,CON,,,,,0.0,0.0,0.0,0
740084,0.0,0.0,0.0,0.0,0.0,0.0,tcp,0.0,,cs0,,63.0,,1.0,,Start,1,1,0,74,74,0,74.0,0.0,0.0,0.0,0.0,0,0,0,0.0,0.0,0.0,0.0,0.0,0.0,REQ,0.0,,,,0.0,0.0,0.0,1
740215,0.0,0.0,0.0,0.0,0.0,0.0,tcp,0.0,,cs0,,63.0,,1.0,,Start,1,1,0,74,74,0,74.0,0.0,0.0,0.0,0.0,0,0,0,0.0,0.0,0.0,0.0,0.0,0.0,REQ,0.0,,,,0.0,0.0,0.0,1
740240,0.0,0.0,0.0,0.0,0.0,0.0,tcp,0.0,,cs0,,63.0,,1.0,,Start,1,1,0,74,74,0,74.0,0.0,0.0,0.0,0.0,0,0,0,0.0,0.0,0.0,0.0,0.0,0.0,REQ,0.0,,,,0.0,0.0,0.0,1
740285,0.0,0.0,0.0,0.0,0.0,0.0,tcp,0.0,,cs0,,63.0,,1.0,,Start,1,1,0,74,74,0,74.0,0.0,0.0,0.0,0.0,0,0,0,0.0,0.0,0.0,0.0,0.0,0.0,REQ,0.0,,,,0.0,0.0,0.0,1
740323,0.0,0.0,0.0,0.0,0.0,0.0,tcp,0.0,,cs0,,63.0,,1.0,,Start,1,1,0,74,74,0,74.0,0.0,0.0,0.0,0.0,0,0,0,0.0,0.0,0.0,0.0,0.0,0.0,REQ,0.0,,,,0.0,0.0,0.0,1
740356,0.0,0.0,0.0,0.0,0.0,0.0,tcp,0.0,,cs0,,63.0,,1.0,,Start,1,1,0,74,74,0,74.0,0.0,0.0,0.0,0.0,0,0,0,0.0,0.0,0.0,0.0,0.0,0.0,REQ,0.0,,,,0.0,0.0,0.0,1
740416,0.0,0.0,0.0,0.0,0.0,0.0,tcp,0.0,,cs0,,63.0,,1.0,,Start,1,1,0,74,74,0,74.0,0.0,0.0,0.0,0.0,0,0,0,0.0,0.0,0.0,0.0,0.0,0.0,REQ,0.0,,,,0.0,0.0,0.0,1
740417,0.0,0.0,0.0,0.0,0.0,0.0,tcp,0.0,,cs0,,63.0,,1.0,,Start,1,1,0,74,74,0,74.0,0.0,0.0,0.0,0.0,0,0,0,0.0,0.0,0.0,0.0,0.0,0.0,REQ,0.0,,,,0.0,0.0,0.0,1
740441,0.0,0.0,0.0,0.0,0.0,0.0,tcp,0.0,,cs0,,63.0,,1.0,,Start,1,1,0,74,74,0,74.0,0.0,0.0,0.0,0.0,0,0,0,0.0,0.0,0.0,0.0,0.0,0.0,REQ,0.0,,,,0.0,0.0,0.0,1
740587,0.0,0.0,0.0,0.0,0.0,0.0,tcp,0.0,,cs0,,63.0,,1.0,,Start,1,1,0,74,74,0,74.0,0.0,0.0,0.0,0.0,0,0,0,0.0,0.0,0.0,0.0,0.0,0.0,REQ,0.0,,,,0.0,0.0,0.0,1
740681,0.0,0.0,0.0,0.0,0.0,0.0,tcp,0.0,,cs0,,63.0,,1.0,,Start,1,1,0,74,74,0,74.0,0.0,0.0,0.0,0.0,0,0,0,0.0,0.0,0.0,0.0,0.0,0.0,REQ,0.0,,,,0.0,0.0,0.0,1
740712,0.0,0.0,0.0,0.0,0.0,0.0,tcp,0.0,,cs0,,63.0,,1.0,,Start,1,1,0,74,74,0,74.0,0.0,0.0,0.0,0.0,0,0,0,0.0,0.0,0.0,0.0,0.0,0.0,REQ,0.0,,,,0.0,0.0,0.0,1
740725,0.0,0.0,0.0,0.0,0.0,0.0,tcp,0.0,,cs0,,63.0,,1.0,,Start,1,1,0,74,74,0,74.0,0.0,0.0,0.0,0.0,0,0,0,0.0,0.0,0.0,0.0,0.0,0.0,REQ,0.0,,,,0.0,0.0,0.0,1
740750,0.0,0.0,0.0,0.0,0.0,0.0,tcp,0.0,,cs0,,63.0,,1.0,,Start,1,1,0,74,74,0,74.0,0.0,0.0,0.0,0.0,0,0,0,0.0,0.0,0.0,0.0,0.0,0.0,REQ,0.0,,,,0.0,0.0,0.0,1
740781,0.0,0.0,0.0,0.0,0.0,0.0,tcp,0.0,,cs0,,63.0,,1.0,,Start,1,1,0,74,74,0,74.0,0.0,0.0,0.0,0.0,0,0,0,0.0,0.0,0.0,0.0,0.0,0.0,REQ,0.0,,,,0.0,0.0,0.0,1
740801,0.0,0.0,0.0,0.0,0.0,0.0,tcp,0.0,,cs0,,63.0,,1.0,,Start,1,1,0,74,74,0,74.0,0.0,0.0,0.0,0.0,0,0,0,0.0,0.0,0.0,0.0,0.0,0.0,REQ,0.0,,,,0.0,0.0,0.0,1
740841,0.0,0.0,0.0,0.0,0.0,0.0,tcp,0.0,,cs0,,63.0,,1.0,,Start,1,1,0,74,74,0,74.0,0.0,0.0,0.0,0.0,0,0,0,0.0,0.0,0.0,0.0,0.0,0.0,REQ,0.0,,,,0.0,0.0,0.0,1
740886,0.0,0.0,0.0,0.0,0.0,0.0,tcp,0.0,,cs0,,63.0,,1.0,,Start,1,1,0,74,74,0,74.0,0.0,0.0,0.0,0.0,0,0,0,0.0,0.0,0.0,0.0,0.0,0.0,REQ,0.0,,,,0.0,0.0,0.0,1
740928,0.0,0.0,0.0,0.0,0.0,0.0,tcp,0.0,,cs0,,63.0,,1.0,,Start,1,1,0,74,74,0,74.0,0.0,0.0,0.0,0.0,0,0,0,0.0,0.0,0.0,0.0,0.0,0.0,REQ,2359296.0,,,,0.0,0.0,0.0,1
740940,0.0,0.0,0.0,0.0,0.0,0.0,tcp,0.0,,cs0,,63.0,,1.0,,Start,1,1,0,74,74,0,74.0,0.0,0.0,0.0,0.0,0,0,0,0.0,0.0,0.0,0.0,0.0,0.0,REQ,2359296.0,,,,0.0,0.0,0.0,1
740948,0.0,0.0,0.0,0.0,0.0,0.0,tcp,0.0,,cs0,,63.0,,1.0,,Start,1,1,0,74,74,0,74.0,0.0,0.0,0.0,0.0,0,0,0,0.0,0.0,0.0,0.0,0.0,0.0,REQ,2359296.0,,,,0.0,0.0,0.0,1
741003,0.0,0.0,0.0,0.0,0.0,0.0,tcp,0.0,,cs0,,63.0,,1.0,,Start,1,1,0,74,74,0,74.0,0.0,0.0,0.0,0.0,0,0,0,0.0,0.0,0.0,0.0,0.0,0.0,REQ,9216.0,,,,0.0,0.0,0.0,1
741017,0.0,0.0,0.0,0.0,0.0,0.0,tcp,0.0,,cs0,,63.0,,1.0,,Start,1,1,0,74,74,0,74.0,0.0,0.0,0.0,0.0,0,0,0,0.0,0.0,0.0,0.0,0.0,0.0,REQ,9216.0,,,,0.0,0.0,0.0,1
741031,0.0,0.0,0.0,0.0,0.0,0.0,tcp,0.0,,cs0,,63.0,,1.0,,Start,1,1,0,74,74,0,74.0,0.0,0.0,0.0,0.0,0,0,0,0.0,0.0,0.0,0.0,0.0,0.0,REQ,9216.0,,,,0.0,0.0,0.0,1
741090,0.0,0.0,0.0,0.0,0.0,0.0,tcp,0.0,,cs0,,63.0,,1.0,,Start,1,1,0,74,74,0,74.0,0.0,0.0,0.0,0.0,0,0,0,0.0,0.0,0.0,0.0,0.0,0.0,REQ,2359296.0,,,,0.0,0.0,0.0,1
741092,0.0,0.0,0.0,0.0,0.0,0.0,tcp,0.0,,cs0,,63.0,,1.0,,Start,1,1,0,74,74,0,74.0,0.0,0.0,0.0,0.0,0,0,0,0.0,0.0,0.0,0.0,0.0,0.0,REQ,2359296.0,,,,0.0,0.0,0.0,1
741173,0.0,0.0,0.0,0.0,0.0,0.0,tcp,0.0,,cs0,,63.0,,1.0,,Start,1,1,0,74,74,0,74.0,0.0,0.0,0.0,0.0,0,0,0,0.0,0.0,0.0,0.0,0.0,0.0,REQ,9216.0,,,,0.0,0.0,0.0,1
741231,4.998119,4.998119,4.998119,4.998119,4.998119,4.998119,udp,0.0,0.0,cs0,cs0,117.0,64.0,11.0,0.0,Status,60,51,9,68126,64279,3847,1260.372559,427.444458,106342.4063,100868.3516,5474.05957,0,0,0,0.0,,,11.804441,10.003763,1.600602,CON,,,,,0.0,0.0,0.0,0
741238,0.0,0.0,0.0,0.0,0.0,0.0,tcp,0.0,,cs0,,63.0,,1.0,,Start,1,1,0,74,74,0,74.0,0.0,0.0,0.0,0.0,0,0,0,0.0,0.0,0.0,0.0,0.0,0.0,REQ,0.0,,,,0.0,0.0,0.0,1
741267,0.0,0.0,0.0,0.0,0.0,0.0,tcp,0.0,,cs0,,63.0,,1.0,,Start,1,1,0,74,74,0,74.0,0.0,0.0,0.0,0.0,0,0,0,0.0,0.0,0.0,0.0,0.0,0.0,REQ,0.0,,,,0.0,0.0,0.0,1
741280,0.0,0.0,0.0,0.0,0.0,0.0,tcp,0.0,,cs0,,63.0,,1.0,,Start,1,1,0,74,74,0,74.0,0.0,0.0,0.0,0.0,0,0,0,0.0,0.0,0.0,0.0,0.0,0.0,REQ,0.0,,,,0.0,0.0,0.0,1
741340,0.0,0.0,0.0,0.0,0.0,0.0,tcp,0.0,,cs0,,63.0,,1.0,,Start,1,1,0,74,74,0,74.0,0.0,0.0,0.0,0.0,0,0,0,0.0,0.0,0.0,0.0,0.0,0.0,REQ,0.0,,,,0.0,0.0,0.0,1
741360,0.0,0.0,0.0,0.0,0.0,0.0,tcp,0.0,,cs0,,63.0,,1.0,,Start,1,1,0,74,74,0,74.0,0.0,0.0,0.0,0.0,0,0,0,0.0,0.0,0.0,0.0,0.0,0.0,REQ,0.0,,,,0.0,0.0,0.0,1
741389,0.0,0.0,0.0,0.0,0.0,0.0,tcp,0.0,,cs0,,63.0,,1.0,,Start,1,1,0,74,74,0,74.0,0.0,0.0,0.0,0.0,0,0,0,0.0,0.0,0.0,0.0,0.0,0.0,REQ,0.0,,,,0.0,0.0,0.0,1
741419,0.0,0.0,0.0,0.0,0.0,0.0,tcp,0.0,,cs0,,63.0,,1.0,,Start,1,1,0,74,74,0,74.0,0.0,0.0,0.0,0.0,0,0,0,0.0,0.0,0.0,0.0,0.0,0.0,REQ,0.0,,,,0.0,0.0,0.0,1
741435,0.0,0.0,0.0,0.0,0.0,0.0,tcp,0.0,,cs0,,63.0,,1.0,,Start,1,1,0,74,74,0,74.0,0.0,0.0,0.0,0.0,0,0,0,0.0,0.0,0.0,0.0,0.0,0.0,REQ,0.0,,,,0.0,0.0,0.0,1
741475,0.0,0.0,0.0,0.0,0.0,0.0,tcp,0.0,,cs0,,63.0,,1.0,,Start,1,1,0,74,74,0,74.0,0.0,0.0,0.0,0.0,0,0,0,0.0,0.0,0.0,0.0,0.0,0.0,REQ,0.0,,,,0.0,0.0,0.0,1
741669,0.0,0.0,0.0,0.0,0.0,0.0,tcp,0.0,,cs0,,63.0,,1.0,,Start,1,1,0,74,74,0,74.0,0.0,0.0,0.0,0.0,0,0,0,0.0,0.0,0.0,0.0,0.0,0.0,REQ,0.0,,,,0.0,0.0,0.0,1
741875,0.0,0.0,0.0,0.0,0.0,0.0,tcp,0.0,,cs0,,63.0,,1.0,,Start,1,1,0,74,74,0,74.0,0.0,0.0,0.0,0.0,0,0,0,0.0,0.0,0.0,0.0,0.0,0.0,REQ,0.0,,,,0.0,0.0,0.0,1
741892,0.0,0.0,0.0,0.0,0.0,0.0,tcp,0.0,,cs0,,63.0,,1.0,,Start,1,1,0,74,74,0,74.0,0.0,0.0,0.0,0.0,0,0,0,0.0,0.0,0.0,0.0,0.0,0.0,REQ,0.0,,,,0.0,0.0,0.0,1
741900,0.0,0.0,0.0,0.0,0.0,0.0,tcp,0.0,,cs0,,63.0,,1.0,,Start,1,1,0,74,74,0,74.0,0.0,0.0,0.0,0.0,0,0,0,0.0,0.0,0.0,0.0,0.0,0.0,REQ,0.0,,,,0.0,0.0,0.0,1
741939,0.0,0.0,0.0,0.0,0.0,0.0,tcp,0.0,,cs0,,63.0,,1.0,,Start,1,1,0,74,74,0,74.0,0.0,0.0,0.0,0.0,0,0,0,0.0,0.0,0.0,0.0,0.0,0.0,REQ,9216.0,,,,0.0,0.0,0.0,1
741970,0.0,0.0,0.0,0.0,0.0,0.0,tcp,0.0,,cs0,,63.0,,1.0,,Start,1,1,0,74,74,0,74.0,0.0,0.0,0.0,0.0,0,0,0,0.0,0.0,0.0,0.0,0.0,0.0,REQ,2359296.0,,,,0.0,0.0,0.0,1
741984,0.0,0.0,0.0,0.0,0.0,0.0,tcp,0.0,,cs0,,63.0,,1.0,,Start,1,1,0,74,74,0,74.0,0.0,0.0,0.0,0.0,0,0,0,0.0,0.0,0.0,0.0,0.0,0.0,REQ,2359296.0,,,,0.0,0.0,0.0,1
742050,0.0,0.0,0.0,0.0,0.0,0.0,tcp,0.0,,cs0,,63.0,,1.0,,Start,1,1,0,74,74,0,74.0,0.0,0.0,0.0,0.0,0,0,0,0.0,0.0,0.0,0.0,0.0,0.0,REQ,2359296.0,,,,0.0,0.0,0.0,1
742071,0.0,0.0,0.0,0.0,0.0,0.0,tcp,0.0,,cs0,,63.0,,1.0,,Start,1,1,0,74,74,0,74.0,0.0,0.0,0.0,0.0,0,0,0,0.0,0.0,0.0,0.0,0.0,0.0,REQ,9216.0,,,,0.0,0.0,0.0,1
742080,4.964073,4.964073,4.964073,4.964073,4.964073,4.964073,tcp,0.0,0.0,cs0,cs0,64.0,63.0,0.0,1.0,Status,8,4,4,571,295,276,73.75,69.0,691.367737,357.770721,333.597015,0,0,0,0.0,0.0,0.0,1.410132,0.604342,0.604342,FIN,68096.0,31104.0,,,0.018984,0.001182,0.017802,0
742110,0.052813,0.052813,0.052813,0.052813,0.052813,0.052813,udp,0.0,0.0,cs0,cs0,64.0,117.0,0.0,11.0,Status,6,3,3,732,530,202,176.666672,67.333336,74072.67188,53623.16016,20449.50977,0,0,0,0.0,,,94.67366,37.869465,37.869465,CON,,,,,0.0,0.0,0.0,0
742112,0.055678,0.055678,0.055678,0.055678,0.055678,0.055678,udp,0.0,0.0,cs0,cs0,64.0,117.0,0.0,11.0,Status,6,3,3,730,528,202,176.0,67.333336,69973.78125,50576.53125,19397.24805,0,0,0,0.0,,,89.802078,35.92083,35.92083,CON,,,,,0.0,0.0,0.0,0
742225,0.072894,0.072894,0.072894,0.072894,0.072894,0.072894,udp,0.0,0.0,cs0,cs0,64.0,117.0,0.0,11.0,Status,5,3,2,668,530,138,176.666672,69.0,46423.57422,38850.93359,7572.639648,0,0,0,0.0,,,54.874203,27.437101,13.718551,CON,,,,,0.0,0.0,0.0,0
742254,0.0,0.0,0.0,0.0,0.0,0.0,icmp,0.0,,cs0,,58.0,,6.0,,Start,1,1,0,98,98,0,98.0,0.0,0.0,0.0,0.0,0,0,0,0.0,,,0.0,0.0,0.0,ECO,,,,,0.0,0.0,0.0,0
742294,0.0,0.0,0.0,0.0,0.0,0.0,icmp,0.0,,cs0,,58.0,,6.0,,Start,1,1,0,98,98,0,98.0,0.0,0.0,0.0,0.0,0,0,0,0.0,,,0.0,0.0,0.0,ECO,,,,,0.0,0.0,0.0,0
742379,0.0,0.0,0.0,0.0,0.0,0.0,tcp,0.0,,cs0,,63.0,,1.0,,Start,1,1,0,74,74,0,74.0,0.0,0.0,0.0,0.0,0,0,0,0.0,0.0,0.0,0.0,0.0,0.0,REQ,0.0,,,,0.0,0.0,0.0,1
742391,0.0,0.0,0.0,0.0,0.0,0.0,tcp,0.0,,cs0,,63.0,,1.0,,Start,1,1,0,74,74,0,74.0,0.0,0.0,0.0,0.0,0,0,0,0.0,0.0,0.0,0.0,0.0,0.0,REQ,0.0,,,,0.0,0.0,0.0,1
742501,0.0,0.0,0.0,0.0,0.0,0.0,tcp,0.0,,cs0,,63.0,,1.0,,Start,1,1,0,74,74,0,74.0,0.0,0.0,0.0,0.0,0,0,0,0.0,0.0,0.0,0.0,0.0,0.0,REQ,0.0,,,,0.0,0.0,0.0,1
742525,0.0,0.0,0.0,0.0,0.0,0.0,tcp,0.0,,cs0,,63.0,,1.0,,Start,1,1,0,74,74,0,74.0,0.0,0.0,0.0,0.0,0,0,0,0.0,0.0,0.0,0.0,0.0,0.0,REQ,0.0,,,,0.0,0.0,0.0,1
742560,0.0,0.0,0.0,0.0,0.0,0.0,tcp,0.0,,cs0,,63.0,,1.0,,Start,1,1,0,74,74,0,74.0,0.0,0.0,0.0,0.0,0,0,0,0.0,0.0,0.0,0.0,0.0,0.0,REQ,0.0,,,,0.0,0.0,0.0,1
742650,0.0,0.0,0.0,0.0,0.0,0.0,tcp,0.0,,cs0,,63.0,,1.0,,Start,1,1,0,74,74,0,74.0,0.0,0.0,0.0,0.0,0,0,0,0.0,0.0,0.0,0.0,0.0,0.0,REQ,0.0,,,,0.0,0.0,0.0,1
742693,0.0,0.0,0.0,0.0,0.0,0.0,tcp,0.0,,cs0,,63.0,,1.0,,Start,1,1,0,74,74,0,74.0,0.0,0.0,0.0,0.0,0,0,0,0.0,0.0,0.0,0.0,0.0,0.0,REQ,0.0,,,,0.0,0.0,0.0,1
742706,0.0,0.0,0.0,0.0,0.0,0.0,tcp,0.0,,cs0,,63.0,,1.0,,Start,1,1,0,74,74,0,74.0,0.0,0.0,0.0,0.0,0,0,0,0.0,0.0,0.0,0.0,0.0,0.0,REQ,0.0,,,,0.0,0.0,0.0,1
742721,0.0,0.0,0.0,0.0,0.0,0.0,tcp,0.0,,cs0,,63.0,,1.0,,Start,1,1,0,74,74,0,74.0,0.0,0.0,0.0,0.0,0,0,0,0.0,0.0,0.0,0.0,0.0,0.0,REQ,0.0,,,,0.0,0.0,0.0,1
742724,0.0,0.0,0.0,0.0,0.0,0.0,tcp,0.0,,cs0,,63.0,,1.0,,Start,1,1,0,74,74,0,74.0,0.0,0.0,0.0,0.0,0,0,0,0.0,0.0,0.0,0.0,0.0,0.0,REQ,0.0,,,,0.0,0.0,0.0,1
742726,0.0,0.0,0.0,0.0,0.0,0.0,tcp,0.0,,cs0,,63.0,,1.0,,Start,1,1,0,74,74,0,74.0,0.0,0.0,0.0,0.0,0,0,0,0.0,0.0,0.0,0.0,0.0,0.0,REQ,0.0,,,,0.0,0.0,0.0,1
742738,0.0,0.0,0.0,0.0,0.0,0.0,tcp,0.0,,cs0,,63.0,,1.0,,Start,1,1,0,74,74,0,74.0,0.0,0.0,0.0,0.0,0,0,0,0.0,0.0,0.0,0.0,0.0,0.0,REQ,0.0,,,,0.0,0.0,0.0,1
742766,0.0,0.0,0.0,0.0,0.0,0.0,tcp,0.0,,cs0,,63.0,,1.0,,Start,1,1,0,74,74,0,74.0,0.0,0.0,0.0,0.0,0,0,0,0.0,0.0,0.0,0.0,0.0,0.0,REQ,0.0,,,,0.0,0.0,0.0,1
742800,0.173691,0.173691,0.173691,0.173691,0.173691,0.173691,udp,0.0,0.0,cs0,cs0,64.0,52.0,0.0,12.0,Start,12,7,5,8463,5153,3310,736.142883,662.0,325405.4375,203441.7344,121963.7109,0,0,0,0.0,,,63.330856,34.544102,23.029402,CON,,,,,0.0,0.0,0.0,0
742835,0.0,0.0,0.0,0.0,0.0,0.0,tcp,0.0,,cs0,,63.0,,1.0,,Start,1,1,0,74,74,0,74.0,0.0,0.0,0.0,0.0,0,0,0,0.0,0.0,0.0,0.0,0.0,0.0,REQ,0.0,,,,0.0,0.0,0.0,1
742888,0.0,0.0,0.0,0.0,0.0,0.0,tcp,0.0,,cs0,,63.0,,1.0,,Start,1,1,0,74,74,0,74.0,0.0,0.0,0.0,0.0,0,0,0,0.0,0.0,0.0,0.0,0.0,0.0,REQ,0.0,,,,0.0,0.0,0.0,1
742953,0.0,0.0,0.0,0.0,0.0,0.0,tcp,0.0,,cs0,,63.0,,1.0,,Start,1,1,0,74,74,0,74.0,0.0,0.0,0.0,0.0,0,0,0,0.0,0.0,0.0,0.0,0.0,0.0,REQ,0.0,,,,0.0,0.0,0.0,1
743024,0.0,0.0,0.0,0.0,0.0,0.0,tcp,0.0,,cs0,,63.0,,1.0,,Start,1,1,0,74,74,0,74.0,0.0,0.0,0.0,0.0,0,0,0,0.0,0.0,0.0,0.0,0.0,0.0,REQ,0.0,,,,0.0,0.0,0.0,1
743088,0.0,0.0,0.0,0.0,0.0,0.0,tcp,0.0,,cs0,,63.0,,1.0,,Start,1,1,0,74,74,0,74.0,0.0,0.0,0.0,0.0,0,0,0,0.0,0.0,0.0,0.0,0.0,0.0,REQ,0.0,,,,0.0,0.0,0.0,1
743109,0.0,0.0,0.0,0.0,0.0,0.0,tcp,0.0,,cs0,,63.0,,1.0,,Start,1,1,0,74,74,0,74.0,0.0,0.0,0.0,0.0,0,0,0,0.0,0.0,0.0,0.0,0.0,0.0,REQ,0.0,,,,0.0,0.0,0.0,1
743122,0.0,0.0,0.0,0.0,0.0,0.0,tcp,0.0,,cs0,,63.0,,1.0,,Start,1,1,0,74,74,0,74.0,0.0,0.0,0.0,0.0,0,0,0,0.0,0.0,0.0,0.0,0.0,0.0,REQ,0.0,,,,0.0,0.0,0.0,1
743132,0.0,0.0,0.0,0.0,0.0,0.0,tcp,0.0,,cs0,,63.0,,1.0,,Start,1,1,0,74,74,0,74.0,0.0,0.0,0.0,0.0,0,0,0,0.0,0.0,0.0,0.0,0.0,0.0,REQ,0.0,,,,0.0,0.0,0.0,1
743140,0.0,0.0,0.0,0.0,0.0,0.0,tcp,0.0,,cs0,,63.0,,1.0,,Start,1,1,0,74,74,0,74.0,0.0,0.0,0.0,0.0,0,0,0,0.0,0.0,0.0,0.0,0.0,0.0,REQ,0.0,,,,0.0,0.0,0.0,1
743150,0.0,0.0,0.0,0.0,0.0,0.0,tcp,0.0,,cs0,,63.0,,1.0,,Start,1,1,0,74,74,0,74.0,0.0,0.0,0.0,0.0,0,0,0,0.0,0.0,0.0,0.0,0.0,0.0,REQ,0.0,,,,0.0,0.0,0.0,1
743182,0.0,0.0,0.0,0.0,0.0,0.0,tcp,0.0,,cs0,,63.0,,1.0,,Start,1,1,0,74,74,0,74.0,0.0,0.0,0.0,0.0,0,0,0,0.0,0.0,0.0,0.0,0.0,0.0,REQ,0.0,,,,0.0,0.0,0.0,1
743205,0.0,0.0,0.0,0.0,0.0,0.0,tcp,0.0,,cs0,,63.0,,1.0,,Start,1,1,0,74,74,0,74.0,0.0,0.0,0.0,0.0,0,0,0,0.0,0.0,0.0,0.0,0.0,0.0,REQ,0.0,,,,0.0,0.0,0.0,1
743302,0.0,0.0,0.0,0.0,0.0,0.0,tcp,0.0,,cs0,,63.0,,1.0,,Start,1,1,0,74,74,0,74.0,0.0,0.0,0.0,0.0,0,0,0,0.0,0.0,0.0,0.0,0.0,0.0,REQ,0.0,,,,0.0,0.0,0.0,1
743533,0.0,0.0,0.0,0.0,0.0,0.0,tcp,0.0,,cs0,,63.0,,1.0,,Start,1,1,0,74,74,0,74.0,0.0,0.0,0.0,0.0,0,0,0,0.0,0.0,0.0,0.0,0.0,0.0,REQ,0.0,,,,0.0,0.0,0.0,1
743541,0.0,0.0,0.0,0.0,0.0,0.0,tcp,0.0,,cs0,,63.0,,1.0,,Start,1,1,0,74,74,0,74.0,0.0,0.0,0.0,0.0,0,0,0,0.0,0.0,0.0,0.0,0.0,0.0,REQ,0.0,,,,0.0,0.0,0.0,1
743720,0.0,0.0,0.0,0.0,0.0,0.0,tcp,0.0,,cs0,,63.0,,1.0,,Start,1,1,0,74,74,0,74.0,0.0,0.0,0.0,0.0,0,0,0,0.0,0.0,0.0,0.0,0.0,0.0,REQ,0.0,,,,0.0,0.0,0.0,1
743734,0.0,0.0,0.0,0.0,0.0,0.0,tcp,0.0,,cs0,,63.0,,1.0,,Start,1,1,0,74,74,0,74.0,0.0,0.0,0.0,0.0,0,0,0,0.0,0.0,0.0,0.0,0.0,0.0,REQ,0.0,,,,0.0,0.0,0.0,1
743789,0.0,0.0,0.0,0.0,0.0,0.0,tcp,0.0,,cs0,,63.0,,1.0,,Start,1,1,0,74,74,0,74.0,0.0,0.0,0.0,0.0,0,0,0,0.0,0.0,0.0,0.0,0.0,0.0,REQ,2359296.0,,,,0.0,0.0,0.0,1
743834,0.0,0.0,0.0,0.0,0.0,0.0,tcp,0.0,,cs0,,63.0,,1.0,,Start,1,1,0,74,74,0,74.0,0.0,0.0,0.0,0.0,0,0,0,0.0,0.0,0.0,0.0,0.0,0.0,REQ,9216.0,,,,0.0,0.0,0.0,1
743887,0.0,0.0,0.0,0.0,0.0,0.0,tcp,0.0,,cs0,,63.0,,1.0,,Start,1,1,0,74,74,0,74.0,0.0,0.0,0.0,0.0,0,0,0,0.0,0.0,0.0,0.0,0.0,0.0,REQ,2359296.0,,,,0.0,0.0,0.0,1
743899,0.0,0.0,0.0,0.0,0.0,0.0,tcp,0.0,,cs0,,63.0,,1.0,,Start,1,1,0,74,74,0,74.0,0.0,0.0,0.0,0.0,0,0,0,0.0,0.0,0.0,0.0,0.0,0.0,REQ,2359296.0,,,,0.0,0.0,0.0,1
743912,0.0,0.0,0.0,0.0,0.0,0.0,tcp,0.0,,cs0,,63.0,,1.0,,Start,1,1,0,74,74,0,74.0,0.0,0.0,0.0,0.0,0,0,0,0.0,0.0,0.0,0.0,0.0,0.0,REQ,9216.0,,,,0.0,0.0,0.0,1
743932,0.0,0.0,0.0,0.0,0.0,0.0,tcp,0.0,,cs0,,63.0,,1.0,,Start,1,1,0,74,74,0,74.0,0.0,0.0,0.0,0.0,0,0,0,0.0,0.0,0.0,0.0,0.0,0.0,REQ,9216.0,,,,0.0,0.0,0.0,1
744096,0.0,0.0,0.0,0.0,0.0,0.0,tcp,0.0,,cs0,,63.0,,1.0,,Start,1,1,0,74,74,0,74.0,0.0,0.0,0.0,0.0,0,0,0,0.0,0.0,0.0,0.0,0.0,0.0,REQ,0.0,,,,0.0,0.0,0.0,1
744201,0.0,0.0,0.0,0.0,0.0,0.0,tcp,0.0,,cs0,,63.0,,1.0,,Start,1,1,0,74,74,0,74.0,0.0,0.0,0.0,0.0,0,0,0,0.0,0.0,0.0,0.0,0.0,0.0,REQ,0.0,,,,0.0,0.0,0.0,1
744219,0.0,0.0,0.0,0.0,0.0,0.0,tcp,0.0,,cs0,,63.0,,1.0,,Start,1,1,0,74,74,0,74.0,0.0,0.0,0.0,0.0,0,0,0,0.0,0.0,0.0,0.0,0.0,0.0,REQ,0.0,,,,0.0,0.0,0.0,1
744225,0.0,0.0,0.0,0.0,0.0,0.0,tcp,0.0,,cs0,,63.0,,1.0,,Start,1,1,0,74,74,0,74.0,0.0,0.0,0.0,0.0,0,0,0,0.0,0.0,0.0,0.0,0.0,0.0,REQ,0.0,,,,0.0,0.0,0.0,1
744249,0.0,0.0,0.0,0.0,0.0,0.0,tcp,0.0,,cs0,,63.0,,1.0,,Start,1,1,0,74,74,0,74.0,0.0,0.0,0.0,0.0,0,0,0,0.0,0.0,0.0,0.0,0.0,0.0,REQ,0.0,,,,0.0,0.0,0.0,1
744274,0.0,0.0,0.0,0.0,0.0,0.0,tcp,0.0,,cs0,,63.0,,1.0,,Start,1,1,0,74,74,0,74.0,0.0,0.0,0.0,0.0,0,0,0,0.0,0.0,0.0,0.0,0.0,0.0,REQ,0.0,,,,0.0,0.0,0.0,1
744292,0.0,0.0,0.0,0.0,0.0,0.0,tcp,0.0,,cs0,,63.0,,1.0,,Start,1,1,0,74,74,0,74.0,0.0,0.0,0.0,0.0,0,0,0,0.0,0.0,0.0,0.0,0.0,0.0,REQ,0.0,,,,0.0,0.0,0.0,1
744312,0.0,0.0,0.0,0.0,0.0,0.0,tcp,0.0,,cs0,,63.0,,1.0,,Start,1,1,0,74,74,0,74.0,0.0,0.0,0.0,0.0,0,0,0,0.0,0.0,0.0,0.0,0.0,0.0,REQ,0.0,,,,0.0,0.0,0.0,1
744314,0.0,0.0,0.0,0.0,0.0,0.0,tcp,0.0,,cs0,,63.0,,1.0,,Start,1,1,0,74,74,0,74.0,0.0,0.0,0.0,0.0,0,0,0,0.0,0.0,0.0,0.0,0.0,0.0,REQ,0.0,,,,0.0,0.0,0.0,1
744333,0.0,0.0,0.0,0.0,0.0,0.0,tcp,0.0,,cs0,,63.0,,1.0,,Start,1,1,0,74,74,0,74.0,0.0,0.0,0.0,0.0,0,0,0,0.0,0.0,0.0,0.0,0.0,0.0,REQ,0.0,,,,0.0,0.0,0.0,1
744519,0.0,0.0,0.0,0.0,0.0,0.0,icmp,0.0,,cs0,,58.0,,6.0,,Start,1,1,0,98,98,0,98.0,0.0,0.0,0.0,0.0,0,0,0,0.0,,,0.0,0.0,0.0,ECO,,,,,0.0,0.0,0.0,0
744524,0.068135,0.068135,0.068135,0.068135,0.068135,0.068135,udp,0.0,0.0,cs0,cs0,64.0,117.0,0.0,11.0,Status,4,2,2,440,301,139,150.5,69.5,25948.48438,17729.50781,8218.976562,0,0,0,0.0,,,44.030235,14.676744,14.676744,CON,,,,,0.0,0.0,0.0,0
744537,0.096586,0.096586,0.096586,0.096586,0.096586,0.096586,tcp,0.0,0.0,cs0,cs0,64.0,63.0,0.0,1.0,Start,15,8,7,5175,923,4252,115.375,607.428589,368831.9375,66924.8125,301907.125,0,0,0,0.0,0.0,0.0,144.948547,72.474274,62.120808,CON,77312.0,31104.0,,,0.015548,0.000994,0.014554,0
744565,0.0,0.0,0.0,0.0,0.0,0.0,icmp,0.0,,cs0,,58.0,,6.0,,Start,1,1,0,98,98,0,98.0,0.0,0.0,0.0,0.0,0,0,0,0.0,,,0.0,0.0,0.0,ECO,,,,,0.0,0.0,0.0,0
744617,0.0,0.0,0.0,0.0,0.0,0.0,icmp,0.0,,cs0,,58.0,,6.0,,Start,1,1,0,98,98,0,98.0,0.0,0.0,0.0,0.0,0,0,0,0.0,,,0.0,0.0,0.0,ECO,,,,,0.0,0.0,0.0,0
744634,4.997901,4.997901,4.997901,4.997901,4.997901,4.997901,udp,0.0,0.0,cs0,cs0,117.0,64.0,11.0,0.0,Status,184,163,21,225640,220948,4692,1355.509155,223.428574,358649.7813,351496.375,7153.402832,0,0,0,0.0,,,36.615372,32.413609,4.00168,CON,,,,,0.0,0.0,0.0,0
744650,0.016954,0.016954,0.016954,0.016954,0.016954,0.016954,tcp,0.0,0.0,cs0,cs0,64.0,63.0,0.0,1.0,Status,6,3,3,439,229,210,76.333336,70.0,138256.4688,72195.35938,66061.10938,0,0,0,0.0,0.0,0.0,294.91568,117.96627,117.96627,FIN,68096.0,31104.0,,,0.079901,0.00365,0.076251,0
744670,0.0,0.0,0.0,0.0,0.0,0.0,icmp,0.0,,cs0,,58.0,,6.0,,Start,1,1,0,98,98,0,98.0,0.0,0.0,0.0,0.0,0,0,0,0.0,,,0.0,0.0,0.0,ECO,,,,,0.0,0.0,0.0,0
744687,0.0,0.0,0.0,0.0,0.0,0.0,icmp,0.0,,cs0,,58.0,,6.0,,Start,1,1,0,98,98,0,98.0,0.0,0.0,0.0,0.0,0,0,0,0.0,,,0.0,0.0,0.0,ECO,,,,,0.0,0.0,0.0,0
744771,4.738059,4.738059,4.738059,4.738059,4.738059,4.738059,tcp,0.0,0.0,cs0,cs0,64.0,63.0,0.0,1.0,Status,6,4,2,427,295,132,73.75,66.0,486.275085,374.837036,111.438034,0,0,0,0.0,0.0,0.0,1.055285,0.633171,0.211057,FIN,78336.0,32256.0,,,0.017007,0.001367,0.01564,0
744790,2.992934,2.992934,2.992934,2.992934,2.992934,2.992934,tcp,136.0,,af41,,255.0,,1.0,,Start,3,3,0,222,222,0,74.0,0.0,395.598419,395.598419,0.0,2,2,0,40.0,0.0,0.0,0.668241,0.668241,0.0,REQ,3737600.0,,,,0.0,0.0,0.0,0
744870,0.0,0.0,0.0,0.0,0.0,0.0,tcp,0.0,,cs0,,63.0,,1.0,,Start,1,1,0,74,74,0,74.0,0.0,0.0,0.0,0.0,0,0,0,0.0,0.0,0.0,0.0,0.0,0.0,REQ,0.0,,,,0.0,0.0,0.0,1
744966,0.0,0.0,0.0,0.0,0.0,0.0,tcp,0.0,,cs0,,63.0,,1.0,,Start,1,1,0,74,74,0,74.0,0.0,0.0,0.0,0.0,0,0,0,0.0,0.0,0.0,0.0,0.0,0.0,REQ,0.0,,,,0.0,0.0,0.0,1
745006,0.0,0.0,0.0,0.0,0.0,0.0,tcp,0.0,,cs0,,63.0,,1.0,,Start,1,1,0,74,74,0,74.0,0.0,0.0,0.0,0.0,0,0,0,0.0,0.0,0.0,0.0,0.0,0.0,REQ,9216.0,,,,0.0,0.0,0.0,1
745038,0.0,0.0,0.0,0.0,0.0,0.0,tcp,0.0,,cs0,,63.0,,1.0,,Start,1,1,0,74,74,0,74.0,0.0,0.0,0.0,0.0,0,0,0,0.0,0.0,0.0,0.0,0.0,0.0,REQ,0.0,,,,0.0,0.0,0.0,1
745064,0.0,0.0,0.0,0.0,0.0,0.0,tcp,0.0,,cs0,,63.0,,1.0,,Start,1,1,0,74,74,0,74.0,0.0,0.0,0.0,0.0,0,0,0,0.0,0.0,0.0,0.0,0.0,0.0,REQ,0.0,,,,0.0,0.0,0.0,1
745130,0.0,0.0,0.0,0.0,0.0,0.0,tcp,0.0,,cs0,,63.0,,1.0,,Start,1,1,0,74,74,0,74.0,0.0,0.0,0.0,0.0,0,0,0,0.0,0.0,0.0,0.0,0.0,0.0,REQ,0.0,,,,0.0,0.0,0.0,1
745145,0.0,0.0,0.0,0.0,0.0,0.0,tcp,0.0,,cs0,,63.0,,1.0,,Start,1,1,0,74,74,0,74.0,0.0,0.0,0.0,0.0,0,0,0,0.0,0.0,0.0,0.0,0.0,0.0,REQ,0.0,,,,0.0,0.0,0.0,1
745288,0.0,0.0,0.0,0.0,0.0,0.0,tcp,0.0,,cs0,,63.0,,1.0,,Start,1,1,0,74,74,0,74.0,0.0,0.0,0.0,0.0,0,0,0,0.0,0.0,0.0,0.0,0.0,0.0,REQ,0.0,,,,0.0,0.0,0.0,1
745315,0.0,0.0,0.0,0.0,0.0,0.0,tcp,0.0,,cs0,,63.0,,1.0,,Start,1,1,0,74,74,0,74.0,0.0,0.0,0.0,0.0,0,0,0,0.0,0.0,0.0,0.0,0.0,0.0,REQ,0.0,,,,0.0,0.0,0.0,1
745420,0.0,0.0,0.0,0.0,0.0,0.0,tcp,0.0,,cs0,,63.0,,1.0,,Start,1,1,0,74,74,0,74.0,0.0,0.0,0.0,0.0,0,0,0,0.0,0.0,0.0,0.0,0.0,0.0,REQ,0.0,,,,0.0,0.0,0.0,1
745453,0.0,0.0,0.0,0.0,0.0,0.0,tcp,0.0,,cs0,,63.0,,1.0,,Start,1,1,0,74,74,0,74.0,0.0,0.0,0.0,0.0,0,0,0,0.0,0.0,0.0,0.0,0.0,0.0,REQ,0.0,,,,0.0,0.0,0.0,1
745466,0.0,0.0,0.0,0.0,0.0,0.0,tcp,0.0,,cs0,,63.0,,1.0,,Start,1,1,0,74,74,0,74.0,0.0,0.0,0.0,0.0,0,0,0,0.0,0.0,0.0,0.0,0.0,0.0,REQ,0.0,,,,0.0,0.0,0.0,1
745550,0.0,0.0,0.0,0.0,0.0,0.0,tcp,0.0,,cs0,,63.0,,1.0,,Start,1,1,0,74,74,0,74.0,0.0,0.0,0.0,0.0,0,0,0,0.0,0.0,0.0,0.0,0.0,0.0,REQ,0.0,,,,0.0,0.0,0.0,1
745586,0.0,0.0,0.0,0.0,0.0,0.0,tcp,0.0,,cs0,,63.0,,1.0,,Start,1,1,0,74,74,0,74.0,0.0,0.0,0.0,0.0,0,0,0,0.0,0.0,0.0,0.0,0.0,0.0,REQ,0.0,,,,0.0,0.0,0.0,1
745591,0.0,0.0,0.0,0.0,0.0,0.0,tcp,0.0,,cs0,,63.0,,1.0,,Start,1,1,0,74,74,0,74.0,0.0,0.0,0.0,0.0,0,0,0,0.0,0.0,0.0,0.0,0.0,0.0,REQ,0.0,,,,0.0,0.0,0.0,1
745594,0.0,0.0,0.0,0.0,0.0,0.0,tcp,0.0,,cs0,,63.0,,1.0,,Start,1,1,0,74,74,0,74.0,0.0,0.0,0.0,0.0,0,0,0,0.0,0.0,0.0,0.0,0.0,0.0,REQ,0.0,,,,0.0,0.0,0.0,1
745643,0.0,0.0,0.0,0.0,0.0,0.0,tcp,0.0,,cs0,,63.0,,1.0,,Start,1,1,0,74,74,0,74.0,0.0,0.0,0.0,0.0,0,0,0,0.0,0.0,0.0,0.0,0.0,0.0,REQ,0.0,,,,0.0,0.0,0.0,1
745646,0.0,0.0,0.0,0.0,0.0,0.0,tcp,0.0,,cs0,,63.0,,1.0,,Start,1,1,0,74,74,0,74.0,0.0,0.0,0.0,0.0,0,0,0,0.0,0.0,0.0,0.0,0.0,0.0,REQ,0.0,,,,0.0,0.0,0.0,1
745702,0.0,0.0,0.0,0.0,0.0,0.0,tcp,0.0,,cs0,,63.0,,1.0,,Start,1,1,0,74,74,0,74.0,0.0,0.0,0.0,0.0,0,0,0,0.0,0.0,0.0,0.0,0.0,0.0,REQ,0.0,,,,0.0,0.0,0.0,1
745727,0.0,0.0,0.0,0.0,0.0,0.0,tcp,0.0,,cs0,,63.0,,1.0,,Start,1,1,0,74,74,0,74.0,0.0,0.0,0.0,0.0,0,0,0,0.0,0.0,0.0,0.0,0.0,0.0,REQ,0.0,,,,0.0,0.0,0.0,1
745750,0.0,0.0,0.0,0.0,0.0,0.0,tcp,0.0,,cs0,,63.0,,1.0,,Start,1,1,0,74,74,0,74.0,0.0,0.0,0.0,0.0,0,0,0,0.0,0.0,0.0,0.0,0.0,0.0,REQ,0.0,,,,0.0,0.0,0.0,1
745765,0.0,0.0,0.0,0.0,0.0,0.0,tcp,0.0,,cs0,,63.0,,1.0,,Start,1,1,0,74,74,0,74.0,0.0,0.0,0.0,0.0,0,0,0,0.0,0.0,0.0,0.0,0.0,0.0,REQ,0.0,,,,0.0,0.0,0.0,1
745819,0.0,0.0,0.0,0.0,0.0,0.0,tcp,0.0,,cs0,,63.0,,1.0,,Start,1,1,0,74,74,0,74.0,0.0,0.0,0.0,0.0,0,0,0,0.0,0.0,0.0,0.0,0.0,0.0,REQ,0.0,,,,0.0,0.0,0.0,1
745904,0.0,0.0,0.0,0.0,0.0,0.0,tcp,0.0,,cs0,,63.0,,1.0,,Start,1,1,0,74,74,0,74.0,0.0,0.0,0.0,0.0,0,0,0,0.0,0.0,0.0,0.0,0.0,0.0,REQ,2359296.0,,,,0.0,0.0,0.0,1
746010,0.0,0.0,0.0,0.0,0.0,0.0,tcp,0.0,,cs0,,63.0,,1.0,,Start,1,1,0,74,74,0,74.0,0.0,0.0,0.0,0.0,0,0,0,0.0,0.0,0.0,0.0,0.0,0.0,REQ,2359296.0,,,,0.0,0.0,0.0,1
746041,0.0,0.0,0.0,0.0,0.0,0.0,tcp,0.0,,cs0,,63.0,,1.0,,Start,1,1,0,74,74,0,74.0,0.0,0.0,0.0,0.0,0,0,0,0.0,0.0,0.0,0.0,0.0,0.0,REQ,9216.0,,,,0.0,0.0,0.0,1
746058,0.0,0.0,0.0,0.0,0.0,0.0,tcp,0.0,,cs0,,63.0,,1.0,,Start,1,1,0,74,74,0,74.0,0.0,0.0,0.0,0.0,0,0,0,0.0,0.0,0.0,0.0,0.0,0.0,REQ,2359296.0,,,,0.0,0.0,0.0,1
746075,0.0,0.0,0.0,0.0,0.0,0.0,tcp,0.0,,cs0,,63.0,,1.0,,Start,1,1,0,74,74,0,74.0,0.0,0.0,0.0,0.0,0,0,0,0.0,0.0,0.0,0.0,0.0,0.0,REQ,9216.0,,,,0.0,0.0,0.0,1
746092,0.0,0.0,0.0,0.0,0.0,0.0,tcp,0.0,,cs0,,63.0,,1.0,,Start,1,1,0,74,74,0,74.0,0.0,0.0,0.0,0.0,0,0,0,0.0,0.0,0.0,0.0,0.0,0.0,REQ,2359296.0,,,,0.0,0.0,0.0,1
746095,0.0,0.0,0.0,0.0,0.0,0.0,tcp,0.0,,cs0,,63.0,,1.0,,Start,1,1,0,74,74,0,74.0,0.0,0.0,0.0,0.0,0,0,0,0.0,0.0,0.0,0.0,0.0,0.0,REQ,9216.0,,,,0.0,0.0,0.0,1
746209,0.0,0.0,0.0,0.0,0.0,0.0,tcp,0.0,,cs0,,63.0,,1.0,,Start,1,1,0,74,74,0,74.0,0.0,0.0,0.0,0.0,0,0,0,0.0,0.0,0.0,0.0,0.0,0.0,REQ,0.0,,,,0.0,0.0,0.0,1
746261,0.0,0.0,0.0,0.0,0.0,0.0,tcp,0.0,,cs0,,63.0,,1.0,,Start,1,1,0,74,74,0,74.0,0.0,0.0,0.0,0.0,0,0,0,0.0,0.0,0.0,0.0,0.0,0.0,REQ,0.0,,,,0.0,0.0,0.0,1
746266,0.0,0.0,0.0,0.0,0.0,0.0,tcp,0.0,,cs0,,63.0,,1.0,,Start,1,1,0,74,74,0,74.0,0.0,0.0,0.0,0.0,0,0,0,0.0,0.0,0.0,0.0,0.0,0.0,REQ,0.0,,,,0.0,0.0,0.0,1
746348,0.0,0.0,0.0,0.0,0.0,0.0,tcp,0.0,,cs0,,63.0,,1.0,,Start,1,1,0,74,74,0,74.0,0.0,0.0,0.0,0.0,0,0,0,0.0,0.0,0.0,0.0,0.0,0.0,REQ,0.0,,,,0.0,0.0,0.0,1
746350,0.0,0.0,0.0,0.0,0.0,0.0,tcp,0.0,,cs0,,63.0,,1.0,,Start,1,1,0,74,74,0,74.0,0.0,0.0,0.0,0.0,0,0,0,0.0,0.0,0.0,0.0,0.0,0.0,REQ,0.0,,,,0.0,0.0,0.0,1
746380,0.0,0.0,0.0,0.0,0.0,0.0,tcp,0.0,,cs0,,63.0,,1.0,,Start,1,1,0,74,74,0,74.0,0.0,0.0,0.0,0.0,0,0,0,0.0,0.0,0.0,0.0,0.0,0.0,REQ,0.0,,,,0.0,0.0,0.0,1
746386,0.0,0.0,0.0,0.0,0.0,0.0,tcp,0.0,,cs0,,63.0,,1.0,,Start,1,1,0,74,74,0,74.0,0.0,0.0,0.0,0.0,0,0,0,0.0,0.0,0.0,0.0,0.0,0.0,REQ,0.0,,,,0.0,0.0,0.0,1
746443,0.0,0.0,0.0,0.0,0.0,0.0,tcp,0.0,,cs0,,63.0,,1.0,,Start,1,1,0,74,74,0,74.0,0.0,0.0,0.0,0.0,0,0,0,0.0,0.0,0.0,0.0,0.0,0.0,REQ,0.0,,,,0.0,0.0,0.0,1
746454,0.0,0.0,0.0,0.0,0.0,0.0,tcp,0.0,,cs0,,63.0,,1.0,,Start,1,1,0,74,74,0,74.0,0.0,0.0,0.0,0.0,0,0,0,0.0,0.0,0.0,0.0,0.0,0.0,REQ,0.0,,,,0.0,0.0,0.0,1
746455,0.0,0.0,0.0,0.0,0.0,0.0,tcp,0.0,,cs0,,63.0,,1.0,,Start,1,1,0,74,74,0,74.0,0.0,0.0,0.0,0.0,0,0,0,0.0,0.0,0.0,0.0,0.0,0.0,REQ,0.0,,,,0.0,0.0,0.0,1
746460,0.0,0.0,0.0,0.0,0.0,0.0,tcp,0.0,,cs0,,63.0,,1.0,,Start,1,1,0,74,74,0,74.0,0.0,0.0,0.0,0.0,0,0,0,0.0,0.0,0.0,0.0,0.0,0.0,REQ,0.0,,,,0.0,0.0,0.0,1
746576,0.0,0.0,0.0,0.0,0.0,0.0,tcp,0.0,,cs0,,63.0,,1.0,,Start,1,1,0,74,74,0,74.0,0.0,0.0,0.0,0.0,0,0,0,0.0,0.0,0.0,0.0,0.0,0.0,REQ,0.0,,,,0.0,0.0,0.0,1
746630,0.0,0.0,0.0,0.0,0.0,0.0,tcp,0.0,,cs0,,63.0,,1.0,,Start,1,1,0,74,74,0,74.0,0.0,0.0,0.0,0.0,0,0,0,0.0,0.0,0.0,0.0,0.0,0.0,REQ,0.0,,,,0.0,0.0,0.0,1
746666,0.0,0.0,0.0,0.0,0.0,0.0,tcp,0.0,,cs0,,63.0,,1.0,,Start,1,1,0,74,74,0,74.0,0.0,0.0,0.0,0.0,0,0,0,0.0,0.0,0.0,0.0,0.0,0.0,REQ,0.0,,,,0.0,0.0,0.0,1
746684,0.0,0.0,0.0,0.0,0.0,0.0,tcp,0.0,,cs0,,63.0,,1.0,,Start,1,1,0,74,74,0,74.0,0.0,0.0,0.0,0.0,0,0,0,0.0,0.0,0.0,0.0,0.0,0.0,REQ,0.0,,,,0.0,0.0,0.0,1
746742,4.98932,4.98932,4.98932,4.98932,4.98932,4.98932,udp,0.0,0.0,cs0,cs0,117.0,64.0,11.0,0.0,Status,166,138,28,189568,183569,5999,1330.210205,214.25,301482.375,292206.5625,9275.813477,0,0,0,0.0,,,33.070641,27.458652,5.411559,CON,,,,,0.0,0.0,0.0,0
746758,0.0,0.0,0.0,0.0,0.0,0.0,tcp,0.0,,cs0,,63.0,,1.0,,Start,1,1,0,74,74,0,74.0,0.0,0.0,0.0,0.0,0,0,0,0.0,0.0,0.0,0.0,0.0,0.0,REQ,0.0,,,,0.0,0.0,0.0,1
746788,0.0,0.0,0.0,0.0,0.0,0.0,tcp,0.0,,cs0,,63.0,,1.0,,Start,1,1,0,74,74,0,74.0,0.0,0.0,0.0,0.0,0,0,0,0.0,0.0,0.0,0.0,0.0,0.0,REQ,0.0,,,,0.0,0.0,0.0,1
746797,0.0,0.0,0.0,0.0,0.0,0.0,tcp,0.0,,cs0,,63.0,,1.0,,Start,1,1,0,74,74,0,74.0,0.0,0.0,0.0,0.0,0,0,0,0.0,0.0,0.0,0.0,0.0,0.0,REQ,0.0,,,,0.0,0.0,0.0,1
746799,0.0,0.0,0.0,0.0,0.0,0.0,tcp,0.0,,cs0,,63.0,,1.0,,Start,1,1,0,74,74,0,74.0,0.0,0.0,0.0,0.0,0,0,0,0.0,0.0,0.0,0.0,0.0,0.0,REQ,0.0,,,,0.0,0.0,0.0,1
746849,0.17398,0.17398,0.17398,0.17398,0.17398,0.17398,udp,0.0,0.0,cs0,cs0,64.0,53.0,0.0,11.0,Start,14,8,6,8790,5256,3534,657.0,589.0,346890.4375,211472.5781,135417.8594,0,0,0,0.0,,,74.72123,40.234509,28.738935,CON,,,,,0.0,0.0,0.0,0
746917,0.0,0.0,0.0,0.0,0.0,0.0,tcp,0.0,,cs0,,63.0,,1.0,,Start,1,1,0,74,74,0,74.0,0.0,0.0,0.0,0.0,0,0,0,0.0,0.0,0.0,0.0,0.0,0.0,REQ,0.0,,,,0.0,0.0,0.0,1
746918,0.0,0.0,0.0,0.0,0.0,0.0,tcp,0.0,,cs0,,63.0,,1.0,,Start,1,1,0,74,74,0,74.0,0.0,0.0,0.0,0.0,0,0,0,0.0,0.0,0.0,0.0,0.0,0.0,REQ,0.0,,,,0.0,0.0,0.0,1
746979,0.0,0.0,0.0,0.0,0.0,0.0,tcp,0.0,,cs0,,63.0,,1.0,,Start,1,1,0,74,74,0,74.0,0.0,0.0,0.0,0.0,0,0,0,0.0,0.0,0.0,0.0,0.0,0.0,REQ,0.0,,,,0.0,0.0,0.0,1
746983,0.0,0.0,0.0,0.0,0.0,0.0,tcp,0.0,,cs0,,63.0,,1.0,,Start,1,1,0,74,74,0,74.0,0.0,0.0,0.0,0.0,0,0,0,0.0,0.0,0.0,0.0,0.0,0.0,REQ,0.0,,,,0.0,0.0,0.0,1
747045,0.0,0.0,0.0,0.0,0.0,0.0,tcp,0.0,,cs0,,63.0,,1.0,,Start,1,1,0,74,74,0,74.0,0.0,0.0,0.0,0.0,0,0,0,0.0,0.0,0.0,0.0,0.0,0.0,REQ,0.0,,,,0.0,0.0,0.0,1
747049,0.0,0.0,0.0,0.0,0.0,0.0,tcp,0.0,,cs0,,63.0,,1.0,,Start,1,1,0,74,74,0,74.0,0.0,0.0,0.0,0.0,0,0,0,0.0,0.0,0.0,0.0,0.0,0.0,REQ,0.0,,,,0.0,0.0,0.0,1
747151,0.0,0.0,0.0,0.0,0.0,0.0,tcp,0.0,,cs0,,63.0,,1.0,,Start,1,1,0,74,74,0,74.0,0.0,0.0,0.0,0.0,0,0,0,0.0,0.0,0.0,0.0,0.0,0.0,REQ,0.0,,,,0.0,0.0,0.0,1
747154,0.0,0.0,0.0,0.0,0.0,0.0,tcp,0.0,,cs0,,63.0,,1.0,,Start,1,1,0,74,74,0,74.0,0.0,0.0,0.0,0.0,0,0,0,0.0,0.0,0.0,0.0,0.0,0.0,REQ,0.0,,,,0.0,0.0,0.0,1
747163,0.0,0.0,0.0,0.0,0.0,0.0,tcp,0.0,,cs0,,63.0,,1.0,,Start,1,1,0,74,74,0,74.0,0.0,0.0,0.0,0.0,0,0,0,0.0,0.0,0.0,0.0,0.0,0.0,REQ,0.0,,,,0.0,0.0,0.0,1
747199,0.0,0.0,0.0,0.0,0.0,0.0,tcp,0.0,,cs0,,63.0,,1.0,,Start,1,1,0,74,74,0,74.0,0.0,0.0,0.0,0.0,0,0,0,0.0,0.0,0.0,0.0,0.0,0.0,REQ,0.0,,,,0.0,0.0,0.0,1
747232,0.0,0.0,0.0,0.0,0.0,0.0,tcp,0.0,,cs0,,63.0,,1.0,,Start,1,1,0,74,74,0,74.0,0.0,0.0,0.0,0.0,0,0,0,0.0,0.0,0.0,0.0,0.0,0.0,REQ,0.0,,,,0.0,0.0,0.0,1
747327,0.0,0.0,0.0,0.0,0.0,0.0,tcp,0.0,,cs0,,63.0,,1.0,,Start,1,1,0,74,74,0,74.0,0.0,0.0,0.0,0.0,0,0,0,0.0,0.0,0.0,0.0,0.0,0.0,REQ,0.0,,,,0.0,0.0,0.0,1
747337,0.0,0.0,0.0,0.0,0.0,0.0,tcp,0.0,,cs0,,63.0,,1.0,,Start,1,1,0,74,74,0,74.0,0.0,0.0,0.0,0.0,0,0,0,0.0,0.0,0.0,0.0,0.0,0.0,REQ,0.0,,,,0.0,0.0,0.0,1
747385,0.0,0.0,0.0,0.0,0.0,0.0,tcp,0.0,,cs0,,63.0,,1.0,,Start,1,1,0,74,74,0,74.0,0.0,0.0,0.0,0.0,0,0,0,0.0,0.0,0.0,0.0,0.0,0.0,REQ,0.0,,,,0.0,0.0,0.0,1
747388,0.0,0.0,0.0,0.0,0.0,0.0,tcp,0.0,,cs0,,63.0,,1.0,,Start,1,1,0,74,74,0,74.0,0.0,0.0,0.0,0.0,0,0,0,0.0,0.0,0.0,0.0,0.0,0.0,REQ,0.0,,,,0.0,0.0,0.0,1
747464,0.0,0.0,0.0,0.0,0.0,0.0,tcp,0.0,,cs0,,63.0,,1.0,,Start,1,1,0,74,74,0,74.0,0.0,0.0,0.0,0.0,0,0,0,0.0,0.0,0.0,0.0,0.0,0.0,REQ,0.0,,,,0.0,0.0,0.0,1
747535,0.0,0.0,0.0,0.0,0.0,0.0,tcp,0.0,,cs0,,63.0,,1.0,,Start,1,1,0,74,74,0,74.0,0.0,0.0,0.0,0.0,0,0,0,0.0,0.0,0.0,0.0,0.0,0.0,REQ,0.0,,,,0.0,0.0,0.0,1
747609,0.0,0.0,0.0,0.0,0.0,0.0,tcp,0.0,,cs0,,63.0,,1.0,,Start,1,1,0,74,74,0,74.0,0.0,0.0,0.0,0.0,0,0,0,0.0,0.0,0.0,0.0,0.0,0.0,REQ,0.0,,,,0.0,0.0,0.0,1
747716,0.0,0.0,0.0,0.0,0.0,0.0,tcp,0.0,,cs0,,63.0,,1.0,,Start,1,1,0,74,74,0,74.0,0.0,0.0,0.0,0.0,0,0,0,0.0,0.0,0.0,0.0,0.0,0.0,REQ,0.0,,,,0.0,0.0,0.0,1
747720,0.0,0.0,0.0,0.0,0.0,0.0,tcp,0.0,,cs0,,63.0,,1.0,,Start,1,1,0,74,74,0,74.0,0.0,0.0,0.0,0.0,0,0,0,0.0,0.0,0.0,0.0,0.0,0.0,REQ,0.0,,,,0.0,0.0,0.0,1
747740,0.0,0.0,0.0,0.0,0.0,0.0,tcp,0.0,,cs0,,63.0,,1.0,,Start,1,1,0,74,74,0,74.0,0.0,0.0,0.0,0.0,0,0,0,0.0,0.0,0.0,0.0,0.0,0.0,REQ,0.0,,,,0.0,0.0,0.0,1
747750,0.0,0.0,0.0,0.0,0.0,0.0,tcp,0.0,,cs0,,63.0,,1.0,,Start,1,1,0,74,74,0,74.0,0.0,0.0,0.0,0.0,0,0,0,0.0,0.0,0.0,0.0,0.0,0.0,REQ,0.0,,,,0.0,0.0,0.0,1
747764,0.0,0.0,0.0,0.0,0.0,0.0,tcp,0.0,,cs0,,63.0,,1.0,,Start,1,1,0,74,74,0,74.0,0.0,0.0,0.0,0.0,0,0,0,0.0,0.0,0.0,0.0,0.0,0.0,REQ,0.0,,,,0.0,0.0,0.0,1
747776,0.0,0.0,0.0,0.0,0.0,0.0,tcp,0.0,,cs0,,63.0,,1.0,,Start,1,1,0,74,74,0,74.0,0.0,0.0,0.0,0.0,0,0,0,0.0,0.0,0.0,0.0,0.0,0.0,REQ,0.0,,,,0.0,0.0,0.0,1
747808,0.0,0.0,0.0,0.0,0.0,0.0,tcp,0.0,,cs0,,63.0,,1.0,,Start,1,1,0,74,74,0,74.0,0.0,0.0,0.0,0.0,0,0,0,0.0,0.0,0.0,0.0,0.0,0.0,REQ,0.0,,,,0.0,0.0,0.0,1
747813,0.0,0.0,0.0,0.0,0.0,0.0,tcp,0.0,,cs0,,63.0,,1.0,,Start,1,1,0,74,74,0,74.0,0.0,0.0,0.0,0.0,0,0,0,0.0,0.0,0.0,0.0,0.0,0.0,REQ,0.0,,,,0.0,0.0,0.0,1
747837,0.0,0.0,0.0,0.0,0.0,0.0,tcp,0.0,,cs0,,63.0,,1.0,,Start,1,1,0,74,74,0,74.0,0.0,0.0,0.0,0.0,0,0,0,0.0,0.0,0.0,0.0,0.0,0.0,REQ,0.0,,,,0.0,0.0,0.0,1
747933,0.0,0.0,0.0,0.0,0.0,0.0,tcp,0.0,,cs0,,63.0,,1.0,,Start,1,1,0,74,74,0,74.0,0.0,0.0,0.0,0.0,0,0,0,0.0,0.0,0.0,0.0,0.0,0.0,REQ,0.0,,,,0.0,0.0,0.0,1
747936,0.0,0.0,0.0,0.0,0.0,0.0,tcp,0.0,,cs0,,63.0,,1.0,,Start,1,1,0,74,74,0,74.0,0.0,0.0,0.0,0.0,0,0,0,0.0,0.0,0.0,0.0,0.0,0.0,REQ,0.0,,,,0.0,0.0,0.0,1
748007,0.0,0.0,0.0,0.0,0.0,0.0,tcp,0.0,,cs0,,63.0,,1.0,,Start,1,1,0,74,74,0,74.0,0.0,0.0,0.0,0.0,0,0,0,0.0,0.0,0.0,0.0,0.0,0.0,REQ,0.0,,,,0.0,0.0,0.0,1
748025,0.0,0.0,0.0,0.0,0.0,0.0,tcp,0.0,,cs0,,63.0,,1.0,,Start,1,1,0,74,74,0,74.0,0.0,0.0,0.0,0.0,0,0,0,0.0,0.0,0.0,0.0,0.0,0.0,REQ,0.0,,,,0.0,0.0,0.0,1
748033,0.0,0.0,0.0,0.0,0.0,0.0,tcp,0.0,,cs0,,63.0,,1.0,,Start,1,1,0,74,74,0,74.0,0.0,0.0,0.0,0.0,0,0,0,0.0,0.0,0.0,0.0,0.0,0.0,REQ,0.0,,,,0.0,0.0,0.0,1
748038,0.0,0.0,0.0,0.0,0.0,0.0,tcp,0.0,,cs0,,63.0,,1.0,,Start,1,1,0,74,74,0,74.0,0.0,0.0,0.0,0.0,0,0,0,0.0,0.0,0.0,0.0,0.0,0.0,REQ,0.0,,,,0.0,0.0,0.0,1
748170,0.0,0.0,0.0,0.0,0.0,0.0,tcp,0.0,,cs0,,63.0,,1.0,,Start,1,1,0,74,74,0,74.0,0.0,0.0,0.0,0.0,0,0,0,0.0,0.0,0.0,0.0,0.0,0.0,REQ,0.0,,,,0.0,0.0,0.0,1
748171,0.0,0.0,0.0,0.0,0.0,0.0,tcp,0.0,,cs0,,63.0,,1.0,,Start,1,1,0,74,74,0,74.0,0.0,0.0,0.0,0.0,0,0,0,0.0,0.0,0.0,0.0,0.0,0.0,REQ,0.0,,,,0.0,0.0,0.0,1
748229,0.0,0.0,0.0,0.0,0.0,0.0,tcp,0.0,,cs0,,63.0,,1.0,,Start,1,1,0,74,74,0,74.0,0.0,0.0,0.0,0.0,0,0,0,0.0,0.0,0.0,0.0,0.0,0.0,REQ,0.0,,,,0.0,0.0,0.0,1
748292,0.0,0.0,0.0,0.0,0.0,0.0,tcp,0.0,,cs0,,63.0,,1.0,,Start,1,1,0,74,74,0,74.0,0.0,0.0,0.0,0.0,0,0,0,0.0,0.0,0.0,0.0,0.0,0.0,REQ,0.0,,,,0.0,0.0,0.0,1
748315,0.0,0.0,0.0,0.0,0.0,0.0,tcp,0.0,,cs0,,63.0,,1.0,,Start,1,1,0,74,74,0,74.0,0.0,0.0,0.0,0.0,0,0,0,0.0,0.0,0.0,0.0,0.0,0.0,REQ,0.0,,,,0.0,0.0,0.0,1
748339,0.0,0.0,0.0,0.0,0.0,0.0,tcp,0.0,,cs0,,63.0,,1.0,,Start,1,1,0,74,74,0,74.0,0.0,0.0,0.0,0.0,0,0,0,0.0,0.0,0.0,0.0,0.0,0.0,REQ,0.0,,,,0.0,0.0,0.0,1
748346,0.0,0.0,0.0,0.0,0.0,0.0,tcp,0.0,,cs0,,63.0,,1.0,,Start,1,1,0,74,74,0,74.0,0.0,0.0,0.0,0.0,0,0,0,0.0,0.0,0.0,0.0,0.0,0.0,REQ,0.0,,,,0.0,0.0,0.0,1
748383,0.0,0.0,0.0,0.0,0.0,0.0,tcp,0.0,,cs0,,63.0,,1.0,,Start,1,1,0,74,74,0,74.0,0.0,0.0,0.0,0.0,0,0,0,0.0,0.0,0.0,0.0,0.0,0.0,REQ,0.0,,,,0.0,0.0,0.0,1
748415,0.0,0.0,0.0,0.0,0.0,0.0,tcp,0.0,,cs0,,63.0,,1.0,,Start,1,1,0,74,74,0,74.0,0.0,0.0,0.0,0.0,0,0,0,0.0,0.0,0.0,0.0,0.0,0.0,REQ,0.0,,,,0.0,0.0,0.0,1
748441,0.0,0.0,0.0,0.0,0.0,0.0,tcp,0.0,,cs0,,63.0,,1.0,,Start,1,1,0,74,74,0,74.0,0.0,0.0,0.0,0.0,0,0,0,0.0,0.0,0.0,0.0,0.0,0.0,REQ,0.0,,,,0.0,0.0,0.0,1
748473,0.0,0.0,0.0,0.0,0.0,0.0,tcp,0.0,,cs0,,63.0,,1.0,,Start,1,1,0,74,74,0,74.0,0.0,0.0,0.0,0.0,0,0,0,0.0,0.0,0.0,0.0,0.0,0.0,REQ,0.0,,,,0.0,0.0,0.0,1
748522,0.0,0.0,0.0,0.0,0.0,0.0,tcp,0.0,,cs0,,63.0,,1.0,,Start,1,1,0,74,74,0,74.0,0.0,0.0,0.0,0.0,0,0,0,0.0,0.0,0.0,0.0,0.0,0.0,REQ,0.0,,,,0.0,0.0,0.0,1
748537,0.0,0.0,0.0,0.0,0.0,0.0,tcp,0.0,,cs0,,63.0,,1.0,,Start,1,1,0,74,74,0,74.0,0.0,0.0,0.0,0.0,0,0,0,0.0,0.0,0.0,0.0,0.0,0.0,REQ,9216.0,,,,0.0,0.0,0.0,1
748560,0.0,0.0,0.0,0.0,0.0,0.0,tcp,0.0,,cs0,,63.0,,1.0,,Start,1,1,0,74,74,0,74.0,0.0,0.0,0.0,0.0,0,0,0,0.0,0.0,0.0,0.0,0.0,0.0,REQ,2359296.0,,,,0.0,0.0,0.0,1
748633,0.0,0.0,0.0,0.0,0.0,0.0,tcp,0.0,,cs0,,63.0,,1.0,,Start,1,1,0,74,74,0,74.0,0.0,0.0,0.0,0.0,0,0,0,0.0,0.0,0.0,0.0,0.0,0.0,REQ,9216.0,,,,0.0,0.0,0.0,1
748733,0.0,0.0,0.0,0.0,0.0,0.0,tcp,0.0,,cs0,,63.0,,1.0,,Start,1,1,0,74,74,0,74.0,0.0,0.0,0.0,0.0,0,0,0,0.0,0.0,0.0,0.0,0.0,0.0,REQ,9216.0,,,,0.0,0.0,0.0,1
748741,0.0,0.0,0.0,0.0,0.0,0.0,tcp,0.0,,cs0,,63.0,,1.0,,Start,1,1,0,74,74,0,74.0,0.0,0.0,0.0,0.0,0,0,0,0.0,0.0,0.0,0.0,0.0,0.0,REQ,9216.0,,,,0.0,0.0,0.0,1
748812,0.0,0.0,0.0,0.0,0.0,0.0,tcp,0.0,,cs0,,63.0,,1.0,,Start,1,1,0,74,74,0,74.0,0.0,0.0,0.0,0.0,0,0,0,0.0,0.0,0.0,0.0,0.0,0.0,REQ,2359296.0,,,,0.0,0.0,0.0,1
748866,0.0,0.0,0.0,0.0,0.0,0.0,tcp,0.0,,cs0,,63.0,,1.0,,Start,1,1,0,74,74,0,74.0,0.0,0.0,0.0,0.0,0,0,0,0.0,0.0,0.0,0.0,0.0,0.0,REQ,0.0,,,,0.0,0.0,0.0,1
748888,4.998195,4.998195,4.998195,4.998195,4.998195,4.998195,udp,0.0,0.0,cs0,cs0,117.0,64.0,11.0,0.0,Status,148,140,8,193045,189689,3356,1354.921387,419.5,306145.7188,301444.8125,4700.896973,0,0,0,0.0,,,29.410616,27.810038,1.400506,CON,,,,,0.0,0.0,0.0,0
748946,0.001569,0.001569,0.001569,0.001569,0.001569,0.001569,udp,0.0,0.0,cs0,cs0,64.0,62.0,0.0,2.0,Start,2,1,1,220,85,135,85.0,135.0,0.0,0.0,0.0,0,0,0,0.0,,,637.348633,0.0,0.0,CON,,,,,0.0,0.0,0.0,0
748958,1.021219,1.021219,1.021219,1.021219,1.021219,1.021219,tcp,0.0,,cs0,,63.0,,1.0,,Start,2,2,0,148,148,0,74.0,0.0,579.699341,579.699341,0.0,1,1,0,33.333333,0.0,0.0,0.979222,0.979222,0.0,REQ,8222720.0,,,,0.0,0.0,0.0,1
748982,4.990174,4.990174,4.990174,4.990174,4.990174,4.990174,udp,0.0,0.0,cs0,cs0,117.0,64.0,11.0,0.0,Status,162,146,16,202245,195533,6712,1339.26709,419.5,321410.8438,311322.2188,10088.62695,0,0,0,0.0,,,32.263405,29.057104,3.005907,CON,,,,,0.0,0.0,0.0,0
749086,0.0,0.0,0.0,0.0,0.0,0.0,tcp,0.0,,cs0,,63.0,,1.0,,Start,1,1,0,74,74,0,74.0,0.0,0.0,0.0,0.0,0,0,0,0.0,0.0,0.0,0.0,0.0,0.0,REQ,0.0,,,,0.0,0.0,0.0,1
749099,0.0,0.0,0.0,0.0,0.0,0.0,tcp,0.0,,cs0,,63.0,,1.0,,Start,1,1,0,74,74,0,74.0,0.0,0.0,0.0,0.0,0,0,0,0.0,0.0,0.0,0.0,0.0,0.0,REQ,0.0,,,,0.0,0.0,0.0,1
749112,0.0,0.0,0.0,0.0,0.0,0.0,tcp,0.0,,cs0,,63.0,,1.0,,Start,1,1,0,74,74,0,74.0,0.0,0.0,0.0,0.0,0,0,0,0.0,0.0,0.0,0.0,0.0,0.0,REQ,0.0,,,,0.0,0.0,0.0,1
749132,0.0,0.0,0.0,0.0,0.0,0.0,tcp,0.0,,cs0,,63.0,,1.0,,Start,1,1,0,74,74,0,74.0,0.0,0.0,0.0,0.0,0,0,0,0.0,0.0,0.0,0.0,0.0,0.0,REQ,0.0,,,,0.0,0.0,0.0,1
749141,0.0,0.0,0.0,0.0,0.0,0.0,tcp,0.0,,cs0,,63.0,,1.0,,Start,1,1,0,74,74,0,74.0,0.0,0.0,0.0,0.0,0,0,0,0.0,0.0,0.0,0.0,0.0,0.0,REQ,0.0,,,,0.0,0.0,0.0,1
749167,0.0,0.0,0.0,0.0,0.0,0.0,tcp,0.0,,cs0,,63.0,,1.0,,Start,1,1,0,74,74,0,74.0,0.0,0.0,0.0,0.0,0,0,0,0.0,0.0,0.0,0.0,0.0,0.0,REQ,0.0,,,,0.0,0.0,0.0,1
749201,0.0,0.0,0.0,0.0,0.0,0.0,tcp,0.0,,cs0,,63.0,,1.0,,Start,1,1,0,74,74,0,74.0,0.0,0.0,0.0,0.0,0,0,0,0.0,0.0,0.0,0.0,0.0,0.0,REQ,2359296.0,,,,0.0,0.0,0.0,1
749261,0.0,0.0,0.0,0.0,0.0,0.0,tcp,0.0,,cs0,,63.0,,1.0,,Start,1,1,0,74,74,0,74.0,0.0,0.0,0.0,0.0,0,0,0,0.0,0.0,0.0,0.0,0.0,0.0,REQ,0.0,,,,0.0,0.0,0.0,1
749262,0.0,0.0,0.0,0.0,0.0,0.0,tcp,0.0,,cs0,,63.0,,1.0,,Start,1,1,0,74,74,0,74.0,0.0,0.0,0.0,0.0,0,0,0,0.0,0.0,0.0,0.0,0.0,0.0,REQ,0.0,,,,0.0,0.0,0.0,1
749326,0.0,0.0,0.0,0.0,0.0,0.0,tcp,0.0,,cs0,,63.0,,1.0,,Start,1,1,0,74,74,0,74.0,0.0,0.0,0.0,0.0,0,0,0,0.0,0.0,0.0,0.0,0.0,0.0,REQ,0.0,,,,0.0,0.0,0.0,1
749530,0.0,0.0,0.0,0.0,0.0,0.0,tcp,0.0,,cs0,,63.0,,1.0,,Start,1,1,0,74,74,0,74.0,0.0,0.0,0.0,0.0,0,0,0,0.0,0.0,0.0,0.0,0.0,0.0,REQ,0.0,,,,0.0,0.0,0.0,1
749558,0.0,0.0,0.0,0.0,0.0,0.0,tcp,0.0,,cs0,,63.0,,1.0,,Start,1,1,0,74,74,0,74.0,0.0,0.0,0.0,0.0,0,0,0,0.0,0.0,0.0,0.0,0.0,0.0,REQ,0.0,,,,0.0,0.0,0.0,1
749585,0.0,0.0,0.0,0.0,0.0,0.0,tcp,0.0,,cs0,,63.0,,1.0,,Start,1,1,0,74,74,0,74.0,0.0,0.0,0.0,0.0,0,0,0,0.0,0.0,0.0,0.0,0.0,0.0,REQ,0.0,,,,0.0,0.0,0.0,1
749700,0.0,0.0,0.0,0.0,0.0,0.0,tcp,0.0,,cs0,,63.0,,1.0,,Start,1,1,0,74,74,0,74.0,0.0,0.0,0.0,0.0,0,0,0,0.0,0.0,0.0,0.0,0.0,0.0,REQ,0.0,,,,0.0,0.0,0.0,1
749739,0.0,0.0,0.0,0.0,0.0,0.0,tcp,0.0,,cs0,,63.0,,1.0,,Start,1,1,0,74,74,0,74.0,0.0,0.0,0.0,0.0,0,0,0,0.0,0.0,0.0,0.0,0.0,0.0,REQ,0.0,,,,0.0,0.0,0.0,1
749781,0.0,0.0,0.0,0.0,0.0,0.0,tcp,0.0,,cs0,,63.0,,1.0,,Start,1,1,0,74,74,0,74.0,0.0,0.0,0.0,0.0,0,0,0,0.0,0.0,0.0,0.0,0.0,0.0,REQ,0.0,,,,0.0,0.0,0.0,1
749795,0.0,0.0,0.0,0.0,0.0,0.0,tcp,0.0,,cs0,,63.0,,1.0,,Start,1,1,0,74,74,0,74.0,0.0,0.0,0.0,0.0,0,0,0,0.0,0.0,0.0,0.0,0.0,0.0,REQ,0.0,,,,0.0,0.0,0.0,1
749934,0.0,0.0,0.0,0.0,0.0,0.0,tcp,0.0,,cs0,,63.0,,1.0,,Start,1,1,0,74,74,0,74.0,0.0,0.0,0.0,0.0,0,0,0,0.0,0.0,0.0,0.0,0.0,0.0,REQ,0.0,,,,0.0,0.0,0.0,1
749936,0.0,0.0,0.0,0.0,0.0,0.0,tcp,0.0,,cs0,,63.0,,1.0,,Start,1,1,0,74,74,0,74.0,0.0,0.0,0.0,0.0,0,0,0,0.0,0.0,0.0,0.0,0.0,0.0,REQ,0.0,,,,0.0,0.0,0.0,1
749949,0.0,0.0,0.0,0.0,0.0,0.0,tcp,0.0,,cs0,,63.0,,1.0,,Start,1,1,0,74,74,0,74.0,0.0,0.0,0.0,0.0,0,0,0,0.0,0.0,0.0,0.0,0.0,0.0,REQ,0.0,,,,0.0,0.0,0.0,1
749967,0.0,0.0,0.0,0.0,0.0,0.0,tcp,0.0,,cs0,,63.0,,1.0,,Start,1,1,0,74,74,0,74.0,0.0,0.0,0.0,0.0,0,0,0,0.0,0.0,0.0,0.0,0.0,0.0,REQ,0.0,,,,0.0,0.0,0.0,1
749997,0.0,0.0,0.0,0.0,0.0,0.0,tcp,0.0,,cs0,,63.0,,1.0,,Start,1,1,0,74,74,0,74.0,0.0,0.0,0.0,0.0,0,0,0,0.0,0.0,0.0,0.0,0.0,0.0,REQ,0.0,,,,0.0,0.0,0.0,1
750086,0.0,0.0,0.0,0.0,0.0,0.0,tcp,0.0,,cs0,,63.0,,1.0,,Start,1,1,0,74,74,0,74.0,0.0,0.0,0.0,0.0,0,0,0,0.0,0.0,0.0,0.0,0.0,0.0,REQ,0.0,,,,0.0,0.0,0.0,1
750126,0.0,0.0,0.0,0.0,0.0,0.0,tcp,0.0,,cs0,,63.0,,1.0,,Start,1,1,0,74,74,0,74.0,0.0,0.0,0.0,0.0,0,0,0,0.0,0.0,0.0,0.0,0.0,0.0,REQ,0.0,,,,0.0,0.0,0.0,1
750128,0.0,0.0,0.0,0.0,0.0,0.0,tcp,0.0,,cs0,,63.0,,1.0,,Start,1,1,0,74,74,0,74.0,0.0,0.0,0.0,0.0,0,0,0,0.0,0.0,0.0,0.0,0.0,0.0,REQ,0.0,,,,0.0,0.0,0.0,1
750132,0.0,0.0,0.0,0.0,0.0,0.0,tcp,0.0,,cs0,,63.0,,1.0,,Start,1,1,0,74,74,0,74.0,0.0,0.0,0.0,0.0,0,0,0,0.0,0.0,0.0,0.0,0.0,0.0,REQ,0.0,,,,0.0,0.0,0.0,1
750137,0.0,0.0,0.0,0.0,0.0,0.0,tcp,0.0,,cs0,,63.0,,1.0,,Start,1,1,0,74,74,0,74.0,0.0,0.0,0.0,0.0,0,0,0,0.0,0.0,0.0,0.0,0.0,0.0,REQ,0.0,,,,0.0,0.0,0.0,1
750148,0.0,0.0,0.0,0.0,0.0,0.0,tcp,0.0,,cs0,,63.0,,1.0,,Start,1,1,0,74,74,0,74.0,0.0,0.0,0.0,0.0,0,0,0,0.0,0.0,0.0,0.0,0.0,0.0,REQ,0.0,,,,0.0,0.0,0.0,1
750180,0.0,0.0,0.0,0.0,0.0,0.0,tcp,0.0,,cs0,,63.0,,1.0,,Start,1,1,0,74,74,0,74.0,0.0,0.0,0.0,0.0,0,0,0,0.0,0.0,0.0,0.0,0.0,0.0,REQ,0.0,,,,0.0,0.0,0.0,1
750187,0.0,0.0,0.0,0.0,0.0,0.0,tcp,0.0,,cs0,,63.0,,1.0,,Start,1,1,0,74,74,0,74.0,0.0,0.0,0.0,0.0,0,0,0,0.0,0.0,0.0,0.0,0.0,0.0,REQ,0.0,,,,0.0,0.0,0.0,1
750296,0.0,0.0,0.0,0.0,0.0,0.0,tcp,0.0,,cs0,,63.0,,1.0,,Start,1,1,0,74,74,0,74.0,0.0,0.0,0.0,0.0,0,0,0,0.0,0.0,0.0,0.0,0.0,0.0,REQ,0.0,,,,0.0,0.0,0.0,1
750299,0.0,0.0,0.0,0.0,0.0,0.0,tcp,0.0,,cs0,,63.0,,1.0,,Start,1,1,0,74,74,0,74.0,0.0,0.0,0.0,0.0,0,0,0,0.0,0.0,0.0,0.0,0.0,0.0,REQ,0.0,,,,0.0,0.0,0.0,1
750312,0.0,0.0,0.0,0.0,0.0,0.0,tcp,0.0,,cs0,,63.0,,1.0,,Start,1,1,0,74,74,0,74.0,0.0,0.0,0.0,0.0,0,0,0,0.0,0.0,0.0,0.0,0.0,0.0,REQ,0.0,,,,0.0,0.0,0.0,1
750315,0.0,0.0,0.0,0.0,0.0,0.0,tcp,0.0,,cs0,,63.0,,1.0,,Start,1,1,0,74,74,0,74.0,0.0,0.0,0.0,0.0,0,0,0,0.0,0.0,0.0,0.0,0.0,0.0,REQ,0.0,,,,0.0,0.0,0.0,1
750387,0.0,0.0,0.0,0.0,0.0,0.0,tcp,0.0,,cs0,,63.0,,1.0,,Start,1,1,0,74,74,0,74.0,0.0,0.0,0.0,0.0,0,0,0,0.0,0.0,0.0,0.0,0.0,0.0,REQ,0.0,,,,0.0,0.0,0.0,1
750402,0.0,0.0,0.0,0.0,0.0,0.0,tcp,0.0,,cs0,,63.0,,1.0,,Start,1,1,0,74,74,0,74.0,0.0,0.0,0.0,0.0,0,0,0,0.0,0.0,0.0,0.0,0.0,0.0,REQ,0.0,,,,0.0,0.0,0.0,1
750464,0.0,0.0,0.0,0.0,0.0,0.0,tcp,0.0,,cs0,,63.0,,1.0,,Start,1,1,0,74,74,0,74.0,0.0,0.0,0.0,0.0,0,0,0,0.0,0.0,0.0,0.0,0.0,0.0,REQ,0.0,,,,0.0,0.0,0.0,1
750508,0.0,0.0,0.0,0.0,0.0,0.0,tcp,0.0,,cs0,,63.0,,1.0,,Start,1,1,0,74,74,0,74.0,0.0,0.0,0.0,0.0,0,0,0,0.0,0.0,0.0,0.0,0.0,0.0,REQ,0.0,,,,0.0,0.0,0.0,1
750519,0.0,0.0,0.0,0.0,0.0,0.0,tcp,0.0,,cs0,,63.0,,1.0,,Start,1,1,0,74,74,0,74.0,0.0,0.0,0.0,0.0,0,0,0,0.0,0.0,0.0,0.0,0.0,0.0,REQ,0.0,,,,0.0,0.0,0.0,1
750582,0.0,0.0,0.0,0.0,0.0,0.0,tcp,0.0,,cs0,,63.0,,1.0,,Start,1,1,0,74,74,0,74.0,0.0,0.0,0.0,0.0,0,0,0,0.0,0.0,0.0,0.0,0.0,0.0,REQ,0.0,,,,0.0,0.0,0.0,1
750589,0.0,0.0,0.0,0.0,0.0,0.0,tcp,0.0,,cs0,,63.0,,1.0,,Start,1,1,0,74,74,0,74.0,0.0,0.0,0.0,0.0,0,0,0,0.0,0.0,0.0,0.0,0.0,0.0,REQ,0.0,,,,0.0,0.0,0.0,1
750626,0.0,0.0,0.0,0.0,0.0,0.0,tcp,0.0,,cs0,,63.0,,1.0,,Start,1,1,0,74,74,0,74.0,0.0,0.0,0.0,0.0,0,0,0,0.0,0.0,0.0,0.0,0.0,0.0,REQ,0.0,,,,0.0,0.0,0.0,1
750729,0.0,0.0,0.0,0.0,0.0,0.0,tcp,0.0,,cs0,,63.0,,1.0,,Start,1,1,0,74,74,0,74.0,0.0,0.0,0.0,0.0,0,0,0,0.0,0.0,0.0,0.0,0.0,0.0,REQ,0.0,,,,0.0,0.0,0.0,1
750751,0.0,0.0,0.0,0.0,0.0,0.0,tcp,0.0,,cs0,,63.0,,1.0,,Start,1,1,0,74,74,0,74.0,0.0,0.0,0.0,0.0,0,0,0,0.0,0.0,0.0,0.0,0.0,0.0,REQ,0.0,,,,0.0,0.0,0.0,1
750768,0.0,0.0,0.0,0.0,0.0,0.0,tcp,0.0,,cs0,,63.0,,1.0,,Start,1,1,0,74,74,0,74.0,0.0,0.0,0.0,0.0,0,0,0,0.0,0.0,0.0,0.0,0.0,0.0,REQ,0.0,,,,0.0,0.0,0.0,1
750840,0.0,0.0,0.0,0.0,0.0,0.0,tcp,0.0,,cs0,,63.0,,1.0,,Start,1,1,0,74,74,0,74.0,0.0,0.0,0.0,0.0,0,0,0,0.0,0.0,0.0,0.0,0.0,0.0,REQ,2359296.0,,,,0.0,0.0,0.0,1
750880,0.0,0.0,0.0,0.0,0.0,0.0,tcp,0.0,,cs0,,63.0,,1.0,,Start,1,1,0,74,74,0,74.0,0.0,0.0,0.0,0.0,0,0,0,0.0,0.0,0.0,0.0,0.0,0.0,REQ,2359296.0,,,,0.0,0.0,0.0,1
751072,1e-06,1e-06,1e-06,1e-06,1e-06,1e-06,sctp,186.0,186.0,ef,ef,252.0,255.0,4.0,1.0,Status,2,1,1,200,102,98,102.0,98.0,0.0,0.0,0.0,0,0,0,0.0,,,1000000.0,0.0,0.0,CON,,,610.0,,0.0,0.0,0.0,0
751116,4.99618,4.99618,4.99618,4.99618,4.99618,4.99618,udp,0.0,0.0,cs0,cs0,117.0,64.0,11.0,0.0,Status,215,201,14,277020,273229,3791,1359.348267,270.785706,440962.5,435324.5938,5637.907227,0,0,0,0.0,,,42.832726,40.030582,2.601988,CON,,,,,0.0,0.0,0.0,0
751144,0.0,0.0,0.0,0.0,0.0,0.0,icmp,0.0,,cs0,,58.0,,6.0,,Start,1,1,0,98,98,0,98.0,0.0,0.0,0.0,0.0,0,0,0,0.0,,,0.0,0.0,0.0,ECO,,,,,0.0,0.0,0.0,0
751169,0.072517,0.072517,0.072517,0.072517,0.072517,0.072517,udp,0.0,0.0,cs0,cs0,64.0,117.0,0.0,11.0,Status,6,3,3,730,530,200,176.666672,66.666664,53835.65234,39052.91016,14782.74023,0,0,0,0.0,,,68.949348,27.579741,27.579741,CON,,,,,0.0,0.0,0.0,0
751191,0.068834,0.068834,0.068834,0.068834,0.068834,0.068834,udp,0.0,0.0,cs0,cs0,64.0,117.0,0.0,11.0,Status,6,3,3,751,549,202,183.0,67.333336,58227.03906,42537.11719,15689.9209,0,0,0,0.0,,,72.638519,29.055408,29.055408,CON,,,,,0.0,0.0,0.0,0
751228,0.0,0.0,0.0,0.0,0.0,0.0,icmp,0.0,,cs0,,58.0,,6.0,,Start,1,1,0,98,98,0,98.0,0.0,0.0,0.0,0.0,0,0,0,0.0,,,0.0,0.0,0.0,ECO,,,,,0.0,0.0,0.0,0
751248,4.998521,4.998521,4.998521,4.998521,4.998521,4.998521,udp,0.0,0.0,cs0,cs0,117.0,64.0,11.0,0.0,Status,325,306,19,421430,416891,4539,1362.388916,238.89473,671926.75,665043.125,6883.63623,0,0,0,0.0,,,64.819176,61.018051,3.601065,CON,,,,,0.0,0.0,0.0,0
751357,0.059895,0.059895,0.059895,0.059895,0.059895,0.059895,udp,0.0,0.0,cs0,cs0,64.0,117.0,0.0,11.0,Status,6,3,3,730,530,200,176.666672,66.666664,65180.73047,47282.74219,17897.98828,0,0,0,0.0,,,83.479424,33.391769,33.391769,CON,,,,,0.0,0.0,0.0,0
751423,0.0,0.0,0.0,0.0,0.0,0.0,icmp,0.0,,cs0,,58.0,,6.0,,Start,1,1,0,98,98,0,98.0,0.0,0.0,0.0,0.0,0,0,0,0.0,,,0.0,0.0,0.0,ECO,,,,,0.0,0.0,0.0,0
751454,0.216114,0.216114,0.216114,0.216114,0.216114,0.216114,udp,0.0,0.0,cs0,cs0,117.0,64.0,11.0,0.0,Status,194,180,14,247729,243507,4222,1352.81665,301.571442,9109118.0,8963973.0,145145.625,0,0,0,0.0,,,893.04718,828.266541,60.153439,CON,,,,,0.0,0.0,0.0,0
751676,0.0,0.0,0.0,0.0,0.0,0.0,udp,0.0,,cs0,,255.0,,1.0,,Start,1,1,0,60,60,0,60.0,0.0,0.0,0.0,0.0,0,0,0,0.0,,,0.0,0.0,0.0,INT,,,,,0.0,0.0,0.0,0
751683,4.934344,4.934344,4.934344,4.934344,4.934344,4.934344,udp,0.0,0.0,cs0,cs0,64.0,117.0,0.0,11.0,Status,157,9,148,203425,3420,200005,380.0,1351.385132,327004.375,4928.720215,322075.6563,0,0,0,0.0,,,31.615147,1.621289,29.791195,CON,,,,,0.0,0.0,0.0,0
751753,0.0,0.0,0.0,0.0,0.0,0.0,udp,0.0,,cs0,,255.0,,1.0,,Start,1,1,0,60,60,0,60.0,0.0,0.0,0.0,0.0,0,0,0,0.0,,,0.0,0.0,0.0,INT,,,,,0.0,0.0,0.0,0
751793,0.000685,0.000685,0.000685,0.000685,0.000685,0.000685,sctp,186.0,40.0,ef,af11,255.0,250.0,1.0,6.0,Status,2,1,1,192,94,98,94.0,98.0,0.0,0.0,0.0,0,0,0,0.0,,,1459.854004,0.0,0.0,CON,,,,610.0,0.0,0.0,0.0,0
751800,0.0,0.0,0.0,0.0,0.0,0.0,udp,0.0,,cs0,,255.0,,1.0,,Start,1,1,0,60,60,0,60.0,0.0,0.0,0.0,0.0,0,0,0,0.0,,,0.0,0.0,0.0,INT,,,,,0.0,0.0,0.0,0
751828,0.0,0.0,0.0,0.0,0.0,0.0,udp,0.0,,cs0,,255.0,,1.0,,Start,1,1,0,60,60,0,60.0,0.0,0.0,0.0,0.0,0,0,0,0.0,,,0.0,0.0,0.0,INT,,,,,0.0,0.0,0.0,0
751933,0.001482,0.001482,0.001482,0.001482,0.001482,0.001482,udp,0.0,48.0,cs0,af12,64.0,63.0,0.0,1.0,Start,2,1,1,220,85,135,85.0,135.0,0.0,0.0,0.0,0,0,0,0.0,,,674.763855,0.0,0.0,CON,,,,,0.0,0.0,0.0,0
752089,0.31522,0.31522,0.31522,0.31522,0.31522,0.31522,tcp,0.0,0.0,cs0,cs0,64.0,53.0,0.0,11.0,Start,30,17,13,9266,2562,6704,150.705887,515.692322,218285.6406,61214.39063,157071.25,0,0,0,0.0,0.0,0.0,91.999237,50.758202,38.068649,CON,86016.0,68864.0,,,0.060031,0.021651,0.03838,0
753495,0.0,0.0,0.0,0.0,0.0,0.0,udp,0.0,,cs0,,255.0,,1.0,,Start,1,1,0,60,60,0,60.0,0.0,0.0,0.0,0.0,0,0,0,0.0,,,0.0,0.0,0.0,INT,,,,,0.0,0.0,0.0,0
753666,4.49293,4.49293,4.49293,4.49293,4.49293,4.49293,udp,0.0,0.0,cs0,cs0,64.0,53.0,0.0,11.0,Status,27,15,12,16120,10545,5575,703.0,464.583344,26624.94141,17524.42188,9100.520508,0,0,0,0.0,,,5.78687,3.116007,2.448291,CON,,,,,0.0,0.0,0.0,0
754142,4.959391,4.959391,4.959391,4.959391,4.959391,4.959391,udp,0.0,0.0,cs0,cs0,117.0,64.0,11.0,0.0,Status,54,45,9,60216,56196,4020,1248.800049,446.666656,94401.91406,88636.6875,5765.223633,0,0,0,0.0,,,10.686796,8.872057,1.613101,CON,,,,,0.0,0.0,0.0,0
754145,4.955238,4.955238,4.955238,4.955238,4.955238,4.955238,udp,0.0,0.0,cs0,cs0,117.0,64.0,11.0,0.0,Status,116,101,15,140287,133849,6438,1325.237671,429.200012,223655.0625,213953.8125,9701.25,0,0,0,0.0,,,23.207766,20.180666,2.825293,CON,,,,,0.0,0.0,0.0,0
754228,0.0,0.0,0.0,0.0,0.0,0.0,udp,0.0,,cs0,,249.0,,7.0,,Start,1,1,0,64,64,0,64.0,0.0,0.0,0.0,0.0,0,0,0,0.0,,,0.0,0.0,0.0,INT,,,610.0,,0.0,0.0,0.0,0
754275,0.0,0.0,0.0,0.0,0.0,0.0,udp,0.0,,cs0,,255.0,,1.0,,Start,1,1,0,60,60,0,60.0,0.0,0.0,0.0,0.0,0,0,0,0.0,,,0.0,0.0,0.0,INT,,,,,0.0,0.0,0.0,0
754354,4.832947,4.832947,4.832947,4.832947,4.832947,4.832947,udp,0.0,0.0,cs0,cs0,64.0,53.0,0.0,11.0,Status,35,20,15,20615,13781,6834,689.049988,455.600006,32230.43945,21671.25,10559.18945,0,0,0,0.0,,,7.035046,3.931349,2.896783,CON,,,,,0.0,0.0,0.0,0
754359,0.0,0.0,0.0,0.0,0.0,0.0,udp,0.0,,cs0,,255.0,,1.0,,Start,1,1,0,60,60,0,60.0,0.0,0.0,0.0,0.0,0,0,0,0.0,,,0.0,0.0,0.0,INT,,,,,0.0,0.0,0.0,0
754426,0.141001,0.141001,0.141001,0.141001,0.141001,0.141001,tcp,0.0,0.0,cs0,cs0,64.0,63.0,0.0,1.0,Start,13,7,6,1749,847,902,121.0,150.333328,83857.5625,41191.19531,42666.36328,0,0,0,0.0,0.0,0.0,85.105782,42.552891,35.460743,CON,90112.0,31104.0,,,0.012905,0.001139,0.011766,0
754430,0.070302,0.070302,0.070302,0.070302,0.070302,0.070302,udp,0.0,0.0,cs0,cs0,64.0,117.0,0.0,11.0,Status,6,3,3,730,530,200,176.666672,66.666664,55531.84766,40283.34766,15248.49902,0,0,0,0.0,,,71.121727,28.448692,28.448692,CON,,,,,0.0,0.0,0.0,0
754472,0.0,0.0,0.0,0.0,0.0,0.0,sctp,186.0,186.0,ef,ef,252.0,255.0,4.0,1.0,Status,2,1,1,192,98,94,98.0,94.0,0.0,0.0,0.0,0,0,0,0.0,,,0.0,0.0,0.0,CON,,,610.0,,0.0,0.0,0.0,0
754474,4.994368,4.994368,4.994368,4.994368,4.994368,4.994368,udp,0.0,0.0,cs0,cs0,64.0,117.0,0.0,11.0,Status,177,16,161,219474,5278,214196,329.875,1330.409912,348897.0,7927.329102,340969.6563,0,0,0,0.0,,,35.239693,3.003383,32.036083,CON,,,,,0.0,0.0,0.0,0
754869,4.881368,4.881368,4.881368,4.881368,4.881368,4.881368,udp,0.0,0.0,cs0,cs0,117.0,64.0,11.0,0.0,Status,144,118,26,163197,153314,9883,1299.27124,380.115387,264709.4063,249135.0781,15574.32227,0,0,0,0.0,,,29.295065,23.968691,5.121515,CON,,,,,0.0,0.0,0.0,0
756724,0.14404,0.14404,0.14404,0.14404,0.14404,0.14404,tcp,0.0,0.0,cs0,cs0,64.0,63.0,0.0,1.0,Start,13,7,6,1753,847,906,121.0,151.0,82254.92969,40322.13281,41932.79688,0,0,0,0.0,0.0,0.0,83.310188,41.655094,34.712578,CON,90112.0,31104.0,,,0.013096,0.001183,0.011913,0
756748,4.997998,4.997998,4.997998,4.997998,4.997998,4.997998,udp,0.0,0.0,cs0,cs0,117.0,64.0,11.0,0.0,Status,195,180,15,242524,238738,3786,1326.322266,252.399994,385668.0,380011.3438,5656.664551,0,0,0,0.0,,,38.81554,35.814339,2.801121,CON,,,,,0.0,0.0,0.0,0
756763,0.0,0.0,0.0,0.0,0.0,0.0,udp,0.0,,cs0,,255.0,,1.0,,Start,1,1,0,60,60,0,60.0,0.0,0.0,0.0,0.0,0,0,0,0.0,,,0.0,0.0,0.0,INT,,,,,0.0,0.0,0.0,0
756777,0.0,0.0,0.0,0.0,0.0,0.0,udp,0.0,,cs0,,249.0,,7.0,,Start,1,1,0,64,64,0,64.0,0.0,0.0,0.0,0.0,0,0,0,0.0,,,0.0,0.0,0.0,INT,,,610.0,,0.0,0.0,0.0,0
756800,0.077876,0.077876,0.077876,0.077876,0.077876,0.077876,udp,0.0,0.0,cs0,cs0,64.0,117.0,0.0,11.0,Status,11,5,6,1429,1023,406,204.600006,67.666664,118958.3438,84133.75,34824.59375,0,0,0,0.0,,,128.409256,51.363705,64.204628,CON,,,,,0.0,0.0,0.0,0
756826,4.560103,4.560103,4.560103,4.560103,4.560103,4.560103,udp,0.0,0.0,cs0,cs0,64.0,53.0,0.0,11.0,Status,27,15,12,16171,10545,5626,703.0,468.833344,26315.19531,17266.27734,9048.918945,0,0,0,0.0,,,5.701626,3.070106,2.412226,CON,,,,,0.0,0.0,0.0,0
756929,0.134281,0.134281,0.134281,0.134281,0.134281,0.134281,udp,0.0,0.0,cs0,cs0,64.0,52.0,0.0,12.0,Start,22,12,10,8285,3911,4374,325.916656,437.399994,448194.4688,213641.5469,234552.9219,0,0,0,0.0,,,156.388474,81.91777,67.023636,CON,,,,,0.0,0.0,0.0,0
756982,0.072967,0.072967,0.072967,0.072967,0.072967,0.072967,udp,0.0,0.0,cs0,cs0,64.0,117.0,0.0,11.0,Status,5,3,2,668,530,138,176.666672,69.0,46377.12891,38812.06641,7565.063477,0,0,0,0.0,,,54.819302,27.409651,13.704825,CON,,,,,0.0,0.0,0.0,0
757010,0.0,0.0,0.0,0.0,0.0,0.0,udp,0.0,,cs0,,249.0,,7.0,,Start,1,1,0,74,74,0,74.0,0.0,0.0,0.0,0.0,0,0,0,0.0,,,0.0,0.0,0.0,INT,,,610.0,,0.0,0.0,0.0,0
757035,0.0,0.0,0.0,0.0,0.0,0.0,udp,0.0,,cs0,,255.0,,1.0,,Start,1,1,0,60,60,0,60.0,0.0,0.0,0.0,0.0,0,0,0,0.0,,,0.0,0.0,0.0,INT,,,,,0.0,0.0,0.0,0
757059,0.0,0.0,0.0,0.0,0.0,0.0,udp,0.0,,cs0,,249.0,,7.0,,Start,1,1,0,64,64,0,64.0,0.0,0.0,0.0,0.0,0,0,0,0.0,,,0.0,0.0,0.0,INT,,,610.0,,0.0,0.0,0.0,0
757142,4.999824,4.999824,4.999824,4.999824,4.999824,4.999824,udp,0.0,0.0,cs0,cs0,117.0,64.0,11.0,0.0,Status,233,220,13,304100,299999,4101,1363.631836,315.461548,483892.2188,477834.4063,6057.812988,0,0,0,0.0,,,46.401634,43.80154,2.400084,CON,,,,,0.0,0.0,0.0,0
757143,4.996953,4.996953,4.996953,4.996953,4.996953,4.996953,udp,0.0,0.0,cs0,cs0,117.0,64.0,11.0,0.0,Status,190,175,15,239267,233503,5764,1334.302856,384.266663,380310.1563,371696.9063,8613.249023,0,0,0,0.0,,,37.823048,34.82122,2.801707,CON,,,,,0.0,0.0,0.0,0
758355,4.184155,4.184155,4.184155,4.184155,4.184155,4.184155,udp,0.0,0.0,cs0,cs0,64.0,53.0,0.0,11.0,Status,28,15,13,15987,10545,5442,703.0,418.615387,28423.42188,18817.6582,9605.762695,0,0,0,0.0,,,6.452916,3.345956,2.867963,CON,,,,,0.0,0.0,0.0,0
759182,4.999387,4.999387,4.999387,4.999387,4.999387,4.999387,udp,0.0,0.0,cs0,cs0,64.0,117.0,0.0,11.0,Status,317,22,295,408356,4348,404008,197.636368,1369.518677,650943.8125,6642.414551,644301.4375,0,0,0,0.0,,,63.207752,4.200515,58.807213,CON,,,,,0.0,0.0,0.0,0
759505,0.0,0.0,0.0,0.0,0.0,0.0,udp,0.0,,cs0,,249.0,,7.0,,Start,1,1,0,64,64,0,64.0,0.0,0.0,0.0,0.0,0,0,0,0.0,,,0.0,0.0,0.0,INT,,,610.0,,0.0,0.0,0.0,0
759693,0.0,0.0,0.0,0.0,0.0,0.0,udp,0.0,,cs0,,249.0,,7.0,,Start,1,1,0,64,64,0,64.0,0.0,0.0,0.0,0.0,0,0,0,0.0,,,0.0,0.0,0.0,INT,,,610.0,,0.0,0.0,0.0,0
759725,0.0,0.0,0.0,0.0,0.0,0.0,udp,0.0,,cs0,,255.0,,1.0,,Start,1,1,0,60,60,0,60.0,0.0,0.0,0.0,0.0,0,0,0,0.0,,,0.0,0.0,0.0,INT,,,,,0.0,0.0,0.0,0
759824,4.988966,4.988966,4.988966,4.988966,4.988966,4.988966,udp,0.0,0.0,cs0,cs0,64.0,117.0,0.0,11.0,Status,160,22,138,188020,5012,183008,227.818176,1326.144897,299007.0625,7672.932617,291334.125,0,0,0,0.0,,,31.870331,4.209289,27.4606,CON,,,,,0.0,0.0,0.0,0
760433,0.0,0.0,0.0,0.0,0.0,0.0,udp,0.0,,cs0,,249.0,,7.0,,Start,1,1,0,64,64,0,64.0,0.0,0.0,0.0,0.0,0,0,0,0.0,,,0.0,0.0,0.0,INT,,,610.0,,0.0,0.0,0.0,0
760444,4.514038,4.514038,4.514038,4.514038,4.514038,4.514038,udp,0.0,0.0,cs0,cs0,64.0,53.0,0.0,11.0,Status,31,16,15,16385,10620,5765,663.75,384.333344,27182.75781,17646.28516,9536.472656,0,0,0,0.0,,,6.645934,3.322967,3.101436,CON,,,,,0.0,0.0,0.0,0
760465,0.0,0.0,0.0,0.0,0.0,0.0,udp,0.0,,cs0,,255.0,,1.0,,Start,1,1,0,60,60,0,60.0,0.0,0.0,0.0,0.0,0,0,0,0.0,,,0.0,0.0,0.0,INT,,,,,0.0,0.0,0.0,0
760665,0.084712,0.084712,0.084712,0.084712,0.084712,0.084712,udp,0.0,0.0,cs0,cs0,64.0,117.0,0.0,11.0,Status,6,3,3,748,548,200,182.666672,66.666664,47218.8125,34564.17188,12654.6416,0,0,0,0.0,,,59.023518,23.609406,23.609406,CON,,,,,0.0,0.0,0.0,0
760769,4.875121,4.875121,4.875121,4.875121,4.875121,4.875121,udp,0.0,0.0,cs0,cs0,117.0,64.0,11.0,0.0,Status,141,131,10,180087,176649,3438,1348.465698,343.799988,292745.125,287666.2813,5078.848145,0,0,0,0.0,,,28.717236,26.666004,1.846108,CON,,,,,0.0,0.0,0.0,0
760967,0.061881,0.061881,0.061881,0.061881,0.061881,0.061881,udp,0.0,0.0,cs0,cs0,64.0,117.0,0.0,11.0,Status,6,3,3,730,530,200,176.666672,66.666664,63088.83203,45765.26172,17323.57227,0,0,0,0.0,,,80.800247,32.320099,32.320099,CON,,,,,0.0,0.0,0.0,0
761207,0.216885,0.216885,0.216885,0.216885,0.216885,0.216885,tcp,0.0,0.0,cs0,cs0,64.0,63.0,0.0,1.0,Start,13,7,6,1750,851,899,121.571426,149.833328,54591.14453,26926.71289,27664.42969,0,0,0,0.0,0.0,0.0,55.328861,27.664431,23.053692,CON,68096.0,31104.0,,,0.017007,0.001235,0.015772,0
761606,0.0,0.0,0.0,0.0,0.0,0.0,udp,0.0,,cs0,,255.0,,1.0,,Start,1,1,0,60,60,0,60.0,0.0,0.0,0.0,0.0,0,0,0,0.0,,,0.0,0.0,0.0,INT,,,,,0.0,0.0,0.0,0
761798,0.08659,0.08659,0.08659,0.08659,0.08659,0.08659,tcp,0.0,0.0,cs0,cs0,64.0,53.0,0.0,11.0,Status,11,4,7,1505,867,638,216.75,91.14286,110682.5313,60145.51563,50537.01563,0,0,0,0.0,0.0,0.0,115.486778,34.646034,69.292068,CON,180.0,671.0,,,0.0,0.0,0.0,0
761800,0.076586,0.076586,0.076586,0.076586,0.076586,0.076586,tcp,0.0,0.0,cs0,cs0,116.0,64.0,12.0,0.0,Start,22,13,9,3325,2692,633,207.07692,70.333336,318387.1563,259577.4688,58809.70313,0,0,0,0.0,0.0,0.0,274.201538,156.6866,104.457733,CON,1050.0,1639.0,,,0.0,0.0,0.0,0
761844,0.051481,0.051481,0.051481,0.051481,0.051481,0.051481,udp,0.0,0.0,cs0,cs0,64.0,117.0,0.0,11.0,Start,6,3,3,728,528,200,176.0,66.666664,75523.00781,54699.78906,20823.2168,0,0,0,0.0,,,97.123207,38.849285,38.849285,CON,,,,,0.0,0.0,0.0,0
761845,0.045856,0.045856,0.045856,0.045856,0.045856,0.045856,udp,0.0,0.0,cs0,cs0,64.0,117.0,0.0,11.0,Start,6,3,3,730,530,200,176.666672,66.666664,85136.07813,61758.55078,23377.5293,0,0,0,0.0,,,109.036987,43.614796,43.614796,CON,,,,,0.0,0.0,0.0,0
761869,0.0,0.0,0.0,0.0,0.0,0.0,udp,0.0,,cs0,,255.0,,1.0,,Start,1,1,0,60,60,0,60.0,0.0,0.0,0.0,0.0,0,0,0,0.0,,,0.0,0.0,0.0,INT,,,,,0.0,0.0,0.0,0
761880,0.0,0.0,0.0,0.0,0.0,0.0,udp,0.0,,cs0,,255.0,,1.0,,Start,1,1,0,60,60,0,60.0,0.0,0.0,0.0,0.0,0,0,0,0.0,,,0.0,0.0,0.0,INT,,,,,0.0,0.0,0.0,0
761955,4.528048,4.528048,4.528048,4.528048,4.528048,4.528048,udp,0.0,0.0,cs0,cs0,64.0,53.0,0.0,11.0,Status,28,15,13,16074,10548,5526,703.200012,425.076935,26406.08008,17393.80859,9012.271484,0,0,0,0.0,,,5.962834,3.09184,2.650149,CON,,,,,0.0,0.0,0.0,0
761961,0.0,0.0,0.0,0.0,0.0,0.0,udp,0.0,,cs0,,255.0,,1.0,,Start,1,1,0,60,60,0,60.0,0.0,0.0,0.0,0.0,0,0,0,0.0,,,0.0,0.0,0.0,INT,,,,,0.0,0.0,0.0,0
762092,4.998977,4.998977,4.998977,4.998977,4.998977,4.998977,udp,0.0,0.0,cs0,cs0,117.0,64.0,11.0,0.0,Status,186,171,15,234871,230436,4435,1347.578979,295.666656,373242.75,366617.4063,6625.355469,0,0,0,0.0,,,37.007572,34.006958,2.800573,CON,,,,,0.0,0.0,0.0,0
762190,0.0,0.0,0.0,0.0,0.0,0.0,udp,0.0,,cs0,,255.0,,1.0,,Start,1,1,0,60,60,0,60.0,0.0,0.0,0.0,0.0,0,0,0,0.0,,,0.0,0.0,0.0,INT,,,,,0.0,0.0,0.0,0
762365,0.045974,0.045974,0.045974,0.045974,0.045974,0.045974,udp,0.0,0.0,cs0,cs0,64.0,117.0,0.0,11.0,Status,6,3,3,730,530,200,176.666672,66.666664,84917.5625,61600.03125,23317.52734,0,0,0,0.0,,,108.757118,43.50285,43.50285,CON,,,,,0.0,0.0,0.0,0
762368,0.000271,0.000271,0.000271,0.000271,0.000271,0.000271,udp,224.0,184.0,cs7,ef,250.0,255.0,6.0,1.0,Start,2,1,1,124,64,60,64.0,60.0,0.0,0.0,0.0,0,0,0,0.0,,,3690.036865,0.0,0.0,CON,,,610.0,,0.0,0.0,0.0,0
762462,0.0,0.0,0.0,0.0,0.0,0.0,udp,0.0,,cs0,,255.0,,1.0,,Start,1,1,0,60,60,0,60.0,0.0,0.0,0.0,0.0,0,0,0,0.0,,,0.0,0.0,0.0,INT,,,,,0.0,0.0,0.0,0
762506,0.0,0.0,0.0,0.0,0.0,0.0,udp,0.0,,cs0,,249.0,,7.0,,Start,1,1,0,64,64,0,64.0,0.0,0.0,0.0,0.0,0,0,0,0.0,,,0.0,0.0,0.0,INT,,,610.0,,0.0,0.0,0.0,0
762527,0.260293,0.260293,0.260293,0.260293,0.260293,0.260293,udp,0.0,0.0,cs0,cs0,117.0,64.0,11.0,0.0,Status,236,217,19,299342,294517,4825,1357.221191,253.947372,9150672.0,9010154.0,140518.5625,0,0,0,0.0,,,902.828735,829.834045,69.15284,CON,,,,,0.0,0.0,0.0,0
762542,0.071696,0.071696,0.071696,0.071696,0.071696,0.071696,tcp,0.0,0.0,cs0,cs0,53.0,64.0,11.0,0.0,Status,28,14,14,9014,2776,6238,198.285721,445.571442,934054.9375,287659.0,646395.9375,0,0,0,0.0,0.0,0.0,376.590057,181.321136,181.321136,CON,1050.0,1795.0,,,0.0,0.0,0.0,0
762649,0.077591,0.077591,0.077591,0.077591,0.077591,0.077591,tcp,0.0,0.0,cs0,cs0,53.0,64.0,11.0,0.0,Status,26,16,10,9043,2900,6143,181.25,614.299988,850407.875,280341.7813,570066.125,0,0,0,0.0,0.0,0.0,322.202301,193.321381,115.992828,CON,1050.0,1817.0,,,0.0,0.0,0.0,0
762661,4.9932,4.9932,4.9932,4.9932,4.9932,4.9932,udp,0.0,0.0,cs0,cs0,117.0,64.0,11.0,0.0,Status,419,393,26,545704,541095,4609,1376.832031,177.269226,871827.3125,864726.4375,7100.857422,0,0,0,0.0,,,83.713852,78.506775,5.006809,CON,,,,,0.0,0.0,0.0,0
762678,4.352821,4.352821,4.352821,4.352821,4.352821,4.352821,udp,0.0,0.0,cs0,cs0,64.0,53.0,0.0,11.0,Status,36,20,16,20717,13785,6932,689.25,433.25,36013.42969,24068.99023,11944.43848,0,0,0,0.0,,,8.040763,4.364985,3.446041,CON,,,,,0.0,0.0,0.0,0
762682,4.974506,4.974506,4.974506,4.974506,4.974506,4.974506,udp,0.0,0.0,cs0,cs0,117.0,64.0,11.0,0.0,Status,323,291,32,403203,398744,4459,1370.254272,139.34375,646004.25,639056.8125,6947.423828,0,0,0,0.0,,,64.730049,58.297249,6.231775,CON,,,,,0.0,0.0,0.0,0
762725,0.0,0.0,0.0,0.0,0.0,0.0,udp,0.0,,cs0,,255.0,,1.0,,Start,1,1,0,60,60,0,60.0,0.0,0.0,0.0,0.0,0,0,0,0.0,,,0.0,0.0,0.0,INT,,,,,0.0,0.0,0.0,0
762777,0.140811,0.140811,0.140811,0.140811,0.140811,0.140811,tcp,0.0,0.0,cs0,cs0,64.0,63.0,0.0,1.0,Start,20,11,9,8444,1169,7275,106.272728,808.333313,427807.5,60393.01172,367414.5,2,0,2,9.090909,0.0,0.0,134.932648,71.017181,56.813744,CON,97792.0,31104.0,,,0.012905,0.001165,0.01174,0
762794,2.996215,2.996215,2.996215,2.996215,2.996215,2.996215,tcp,136.0,,af41,,255.0,,1.0,,Start,3,3,0,222,222,0,74.0,0.0,395.165222,395.165222,0.0,2,2,0,40.0,0.0,0.0,0.667509,0.667509,0.0,REQ,3737600.0,,,,0.0,0.0,0.0,0
762796,0.0,0.0,0.0,0.0,0.0,0.0,udp,0.0,,cs0,,255.0,,1.0,,Start,1,1,0,60,60,0,60.0,0.0,0.0,0.0,0.0,0,0,0,0.0,,,0.0,0.0,0.0,INT,,,,,0.0,0.0,0.0,0
762845,0.0,0.0,0.0,0.0,0.0,0.0,udp,0.0,,cs0,,255.0,,1.0,,Start,1,1,0,60,60,0,60.0,0.0,0.0,0.0,0.0,0,0,0,0.0,,,0.0,0.0,0.0,INT,,,,,0.0,0.0,0.0,0
762895,0.0,0.0,0.0,0.0,0.0,0.0,udp,0.0,,cs0,,255.0,,1.0,,Start,1,1,0,60,60,0,60.0,0.0,0.0,0.0,0.0,0,0,0,0.0,,,0.0,0.0,0.0,INT,,,,,0.0,0.0,0.0,0
762906,4.996189,4.996189,4.996189,4.996189,4.996189,4.996189,udp,0.0,0.0,cs0,cs0,117.0,64.0,11.0,0.0,Status,144,130,14,179439,175095,4344,1346.884644,310.285706,284669.7813,278210.4375,6459.323242,0,0,0,0.0,,,28.621815,25.819679,2.601983,CON,,,,,0.0,0.0,0.0,0
762923,4.493047,4.493047,4.493047,4.493047,4.493047,4.493047,udp,0.0,0.0,cs0,cs0,64.0,53.0,0.0,11.0,Status,27,15,12,16042,10548,5494,703.200012,457.833344,26497.83008,17529.30664,8968.523438,0,0,0,0.0,,,5.786718,3.115925,2.448227,CON,,,,,0.0,0.0,0.0,0
762931,4.982076,4.982076,4.982076,4.982076,4.982076,4.982076,udp,0.0,0.0,cs0,cs0,117.0,64.0,11.0,0.0,Status,149,136,13,182038,177346,4692,1304.014648,360.923065,289636.6875,282680.5313,6956.13623,0,0,0,0.0,,,29.706491,27.097137,2.408634,CON,,,,,0.0,0.0,0.0,0
762935,0.0,0.0,0.0,0.0,0.0,0.0,udp,0.0,,cs0,,249.0,,7.0,,Start,1,1,0,64,64,0,64.0,0.0,0.0,0.0,0.0,0,0,0,0.0,,,0.0,0.0,0.0,INT,,,610.0,,0.0,0.0,0.0,0
763009,4.999602,4.999602,4.999602,4.999602,4.999602,4.999602,udp,0.0,0.0,cs0,cs0,117.0,64.0,11.0,0.0,Status,207,193,14,262316,257468,4848,1334.031128,346.285706,417050.8125,409847.0313,7203.773438,0,0,0,0.0,,,41.203281,38.403057,2.600207,CON,,,,,0.0,0.0,0.0,0
763083,0.058859,0.058859,0.058859,0.058859,0.058859,0.058859,udp,0.0,0.0,cs0,cs0,64.0,117.0,0.0,11.0,Status,6,3,3,730,530,200,176.666672,66.666664,66328.0,48114.98438,18213.01758,0,0,0,0.0,,,84.948776,33.979507,33.979507,CON,,,,,0.0,0.0,0.0,0
763116,0.225161,0.225161,0.225161,0.225161,0.225161,0.225161,udp,0.0,0.0,cs0,cs0,117.0,64.0,11.0,0.0,Status,143,124,19,171461,166904,4557,1346.0,239.842102,6035716.5,5882297.5,153419.1094,0,0,0,0.0,,,630.659851,546.275757,79.942795,CON,,,,,0.0,0.0,0.0,0
763136,0.0,0.0,0.0,0.0,0.0,0.0,udp,0.0,,cs0,,249.0,,7.0,,Start,1,1,0,64,64,0,64.0,0.0,0.0,0.0,0.0,0,0,0,0.0,,,0.0,0.0,0.0,INT,,,610.0,,0.0,0.0,0.0,0
763199,0.0,0.0,0.0,0.0,0.0,0.0,udp,0.0,,cs0,,249.0,,7.0,,Start,1,1,0,64,64,0,64.0,0.0,0.0,0.0,0.0,0,0,0,0.0,,,0.0,0.0,0.0,INT,,,610.0,,0.0,0.0,0.0,0
763256,0.0,0.0,0.0,0.0,0.0,0.0,udp,0.0,,cs0,,249.0,,7.0,,Start,1,1,0,64,64,0,64.0,0.0,0.0,0.0,0.0,0,0,0,0.0,,,0.0,0.0,0.0,INT,,,610.0,,0.0,0.0,0.0,0
763304,0.0,0.0,0.0,0.0,0.0,0.0,udp,0.0,,cs0,,255.0,,1.0,,Start,1,1,0,60,60,0,60.0,0.0,0.0,0.0,0.0,0,0,0,0.0,,,0.0,0.0,0.0,INT,,,,,0.0,0.0,0.0,0
763306,0.0,0.0,0.0,0.0,0.0,0.0,udp,0.0,,cs0,,249.0,,7.0,,Start,1,1,0,64,64,0,64.0,0.0,0.0,0.0,0.0,0,0,0,0.0,,,0.0,0.0,0.0,INT,,,610.0,,0.0,0.0,0.0,0
763363,0.0,0.0,0.0,0.0,0.0,0.0,udp,0.0,,cs0,,249.0,,7.0,,Start,1,1,0,64,64,0,64.0,0.0,0.0,0.0,0.0,0,0,0,0.0,,,0.0,0.0,0.0,INT,,,610.0,,0.0,0.0,0.0,0
763488,0.0,0.0,0.0,0.0,0.0,0.0,udp,0.0,,cs0,,255.0,,1.0,,Start,1,1,0,60,60,0,60.0,0.0,0.0,0.0,0.0,0,0,0,0.0,,,0.0,0.0,0.0,INT,,,,,0.0,0.0,0.0,0
763548,0.072982,0.072982,0.072982,0.072982,0.072982,0.072982,udp,0.0,0.0,cs0,cs0,64.0,117.0,0.0,11.0,Status,5,3,2,670,531,139,177.0,69.5,46477.21484,38804.08984,7673.125,0,0,0,0.0,,,54.808037,27.404018,13.702009,CON,,,,,0.0,0.0,0.0,0
763627,0.090365,0.090365,0.090365,0.090365,0.090365,0.090365,udp,0.0,0.0,cs0,cs0,64.0,117.0,0.0,11.0,Status,7,4,3,981,761,220,190.25,73.333336,63564.43359,50550.54688,13013.8877,0,0,0,0.0,,,66.397385,33.198692,22.132463,CON,,,,,0.0,0.0,0.0,0
763645,0.0,0.0,0.0,0.0,0.0,0.0,udp,0.0,,cs0,,249.0,,7.0,,Start,1,1,0,64,64,0,64.0,0.0,0.0,0.0,0.0,0,0,0,0.0,,,0.0,0.0,0.0,INT,,,610.0,,0.0,0.0,0.0,0
763704,0.0,0.0,0.0,0.0,0.0,0.0,udp,0.0,,cs0,,249.0,,7.0,,Start,1,1,0,64,64,0,64.0,0.0,0.0,0.0,0.0,0,0,0,0.0,,,0.0,0.0,0.0,INT,,,610.0,,0.0,0.0,0.0,0
763727,0.0,0.0,0.0,0.0,0.0,0.0,udp,0.0,,cs0,,249.0,,7.0,,Start,1,1,0,64,64,0,64.0,0.0,0.0,0.0,0.0,0,0,0,0.0,,,0.0,0.0,0.0,INT,,,610.0,,0.0,0.0,0.0,0
763798,0.091095,0.091095,0.091095,0.091095,0.091095,0.091095,tcp,0.0,0.0,cs0,cs0,64.0,63.0,0.0,1.0,Start,15,8,7,5258,939,4319,117.375,617.0,397299.5313,72188.375,325111.1563,0,0,0,0.0,0.0,0.0,153.685715,76.842857,65.865303,CON,75776.0,31104.0,,,0.017992,0.001116,0.016876,0
763818,0.0,0.0,0.0,0.0,0.0,0.0,udp,0.0,,cs0,,255.0,,1.0,,Start,1,1,0,60,60,0,60.0,0.0,0.0,0.0,0.0,0,0,0,0.0,,,0.0,0.0,0.0,INT,,,,,0.0,0.0,0.0,0
763885,0.0,0.0,0.0,0.0,0.0,0.0,udp,0.0,,cs0,,249.0,,7.0,,Start,1,1,0,64,64,0,64.0,0.0,0.0,0.0,0.0,0,0,0,0.0,,,0.0,0.0,0.0,INT,,,610.0,,0.0,0.0,0.0,0
763969,0.0,0.0,0.0,0.0,0.0,0.0,udp,0.0,,cs0,,255.0,,1.0,,Start,1,1,0,60,60,0,60.0,0.0,0.0,0.0,0.0,0,0,0,0.0,,,0.0,0.0,0.0,INT,,,,,0.0,0.0,0.0,0
763985,4.995026,4.995026,4.995026,4.995026,4.995026,4.995026,udp,0.0,0.0,cs0,cs0,117.0,64.0,11.0,0.0,Status,144,131,13,181170,176884,4286,1350.259521,329.692322,287471.5625,281134.0625,6337.504395,0,0,0,0.0,,,28.628479,26.02589,2.40239,CON,,,,,0.0,0.0,0.0,0
764059,4.998029,4.998029,4.998029,4.998029,4.998029,4.998029,udp,0.0,0.0,cs0,cs0,117.0,64.0,11.0,0.0,Status,146,122,24,166791,161047,5744,1320.057373,239.333328,264475.4375,255663.9688,8811.472656,0,0,0,0.0,,,29.011435,24.209543,4.601814,CON,,,,,0.0,0.0,0.0,0
764078,0.152632,0.152632,0.152632,0.152632,0.152632,0.152632,udp,0.0,0.0,cs0,cs0,64.0,53.0,0.0,11.0,Start,18,10,8,12008,8001,4007,800.099976,500.875,561245.375,377430.6875,183814.6719,0,0,0,0.0,,,111.379005,58.965355,45.861942,CON,,,,,0.0,0.0,0.0,0
764101,0.0,0.0,0.0,0.0,0.0,0.0,udp,0.0,,cs0,,249.0,,7.0,,Start,1,1,0,64,64,0,64.0,0.0,0.0,0.0,0.0,0,0,0,0.0,,,0.0,0.0,0.0,INT,,,610.0,,0.0,0.0,0.0,0
764152,4.993255,4.993255,4.993255,4.993255,4.993255,4.993255,udp,0.0,0.0,cs0,cs0,117.0,64.0,11.0,0.0,Status,202,183,19,252605,248438,4167,1357.584717,219.315796,402188.9063,395863.5938,6325.33252,0,0,0,0.0,,,40.254303,36.449169,3.604863,CON,,,,,0.0,0.0,0.0,0
764161,0.249115,0.249115,0.249115,0.249115,0.249115,0.249115,tcp,0.0,0.0,cs0,cs0,64.0,53.0,0.0,11.0,Start,13,7,6,2605,1342,1263,191.714279,210.5,70778.55469,36962.84766,33815.70703,0,0,0,0.0,0.0,0.0,48.170521,24.08526,20.071051,CON,68096.0,67840.0,,,0.04911,0.021737,0.027373,0
764163,0.0,0.0,0.0,0.0,0.0,0.0,udp,0.0,,cs0,,255.0,,1.0,,Start,1,1,0,60,60,0,60.0,0.0,0.0,0.0,0.0,0,0,0,0.0,,,0.0,0.0,0.0,INT,,,,,0.0,0.0,0.0,0
764169,0.0,0.0,0.0,0.0,0.0,0.0,udp,0.0,,cs0,,249.0,,7.0,,Start,1,1,0,64,64,0,64.0,0.0,0.0,0.0,0.0,0,0,0,0.0,,,0.0,0.0,0.0,INT,,,610.0,,0.0,0.0,0.0,0
764338,0.145811,0.145811,0.145811,0.145811,0.145811,0.145811,udp,0.0,0.0,cs0,cs0,64.0,52.0,0.0,12.0,Start,18,10,8,11963,8000,3963,800.0,495.375,585305.625,395031.9063,190273.7031,0,0,0,0.0,,,116.589279,61.723736,48.007351,CON,,,,,0.0,0.0,0.0,0
764370,0.0,0.0,0.0,0.0,0.0,0.0,udp,0.0,,cs0,,255.0,,1.0,,Start,1,1,0,60,60,0,60.0,0.0,0.0,0.0,0.0,0,0,0,0.0,,,0.0,0.0,0.0,INT,,,,,0.0,0.0,0.0,0
764693,0.0,0.0,0.0,0.0,0.0,0.0,udp,0.0,,cs0,,249.0,,7.0,,Start,1,1,0,64,64,0,64.0,0.0,0.0,0.0,0.0,0,0,0,0.0,,,0.0,0.0,0.0,INT,,,610.0,,0.0,0.0,0.0,0
764710,0.0,0.0,0.0,0.0,0.0,0.0,udp,0.0,,cs0,,255.0,,1.0,,Start,1,1,0,60,60,0,60.0,0.0,0.0,0.0,0.0,0,0,0,0.0,,,0.0,0.0,0.0,INT,,,,,0.0,0.0,0.0,0
764734,4.99995,4.99995,4.99995,4.99995,4.99995,4.99995,udp,0.0,0.0,cs0,cs0,117.0,64.0,11.0,0.0,Status,366,352,14,484792,481057,3735,1366.63916,266.785706,773063.8125,767513.3125,5550.455566,0,0,0,0.0,,,73.000732,70.200706,2.600026,CON,,,,,0.0,0.0,0.0,0
764761,4.994789,4.994789,4.994789,4.994789,4.994789,4.994789,udp,0.0,0.0,cs0,cs0,117.0,64.0,11.0,0.0,Status,238,216,22,295697,290939,4758,1346.939819,216.27272,471106.9688,463832.1875,7274.781738,0,0,0,0.0,,,47.449451,43.044861,4.204381,CON,,,,,0.0,0.0,0.0,0
764779,0.0,0.0,0.0,0.0,0.0,0.0,udp,0.0,,cs0,,255.0,,1.0,,Start,1,1,0,60,60,0,60.0,0.0,0.0,0.0,0.0,0,0,0,0.0,,,0.0,0.0,0.0,INT,,,,,0.0,0.0,0.0,0
764845,4.998475,4.998475,4.998475,4.998475,4.998475,4.998475,udp,0.0,0.0,cs0,cs0,117.0,64.0,11.0,0.0,Status,283,266,17,367215,363203,4012,1365.424805,236.0,585160.875,579117.4375,6043.443359,0,0,0,0.0,,,56.417206,53.016171,3.200976,CON,,,,,0.0,0.0,0.0,0
764848,4.946479,4.946479,4.946479,4.946479,4.946479,4.946479,udp,0.0,0.0,cs0,cs0,117.0,64.0,11.0,0.0,Status,265,238,27,329607,324459,5148,1363.273071,190.666672,530565.6875,522547.0625,8018.633301,0,0,0,0.0,,,53.3713,47.912872,5.256264,CON,,,,,0.0,0.0,0.0,0
764850,0.0,0.0,0.0,0.0,0.0,0.0,udp,0.0,,cs0,,255.0,,1.0,,Start,1,1,0,60,60,0,60.0,0.0,0.0,0.0,0.0,0,0,0,0.0,,,0.0,0.0,0.0,INT,,,,,0.0,0.0,0.0,0
764928,0.0,0.0,0.0,0.0,0.0,0.0,udp,0.0,,cs0,,255.0,,1.0,,Start,1,1,0,60,60,0,60.0,0.0,0.0,0.0,0.0,0,0,0,0.0,,,0.0,0.0,0.0,INT,,,,,0.0,0.0,0.0,0
765044,0.0,0.0,0.0,0.0,0.0,0.0,sctp,186.0,186.0,ef,ef,255.0,252.0,1.0,4.0,Status,2,1,1,200,98,102,98.0,102.0,0.0,0.0,0.0,0,0,0,0.0,,,0.0,0.0,0.0,CON,,,,610.0,0.0,0.0,0.0,0
765109,0.060176,0.060176,0.060176,0.060176,0.060176,0.060176,udp,0.0,0.0,cs0,cs0,64.0,117.0,0.0,11.0,Status,6,3,3,733,531,202,177.0,67.333336,65009.30469,47061.95313,17947.35352,0,0,0,0.0,,,83.089607,33.23584,33.23584,CON,,,,,0.0,0.0,0.0,0
765257,4.339619,4.339619,4.339619,4.339619,4.339619,4.339619,tcp,0.0,0.0,cs0,cs0,64.0,53.0,0.0,11.0,Status,46,19,27,17867,10857,7010,571.421082,259.629639,31407.36523,18962.0332,12445.33203,0,0,0,0.0,0.0,0.0,10.369574,4.14783,5.991309,CON,4094.0,5549.0,,,0.0,0.0,0.0,0
765290,0.218201,0.218201,0.218201,0.218201,0.218201,0.218201,udp,0.0,0.0,cs0,cs0,117.0,64.0,11.0,0.0,Status,170,157,13,215473,211812,3661,1349.120972,281.615387,7840221.0,7716298.5,123922.4375,0,0,0,0.0,,,774.515259,714.937134,54.995167,CON,,,,,0.0,0.0,0.0,0
765295,4.946691,4.946691,4.946691,4.946691,4.946691,4.946691,tcp,0.0,0.0,cs0,cs0,64.0,53.0,0.0,11.0,Status,61,26,35,23186,14235,8951,547.5,255.742859,36200.35938,22136.81836,14063.54297,0,0,0,0.0,0.0,0.0,12.12932,5.053884,6.873281,CON,4094.0,5549.0,,,0.0,0.0,0.0,0
765323,0.0,0.0,0.0,0.0,0.0,0.0,udp,0.0,,cs0,,255.0,,1.0,,Start,1,1,0,60,60,0,60.0,0.0,0.0,0.0,0.0,0,0,0,0.0,,,0.0,0.0,0.0,INT,,,,,0.0,0.0,0.0,0
765455,0.060186,0.060186,0.060186,0.060186,0.060186,0.060186,udp,0.0,0.0,cs0,cs0,64.0,117.0,0.0,11.0,Status,9,4,5,1106,763,343,190.75,68.599998,112717.2422,76163.89063,36553.35156,0,0,0,0.0,,,132.92128,49.845482,66.46064,CON,,,,,0.0,0.0,0.0,0
765511,0.0,0.0,0.0,0.0,0.0,0.0,udp,0.0,,cs0,,255.0,,1.0,,Start,1,1,0,60,60,0,60.0,0.0,0.0,0.0,0.0,0,0,0,0.0,,,0.0,0.0,0.0,INT,,,,,0.0,0.0,0.0,0
765557,0.0,0.0,0.0,0.0,0.0,0.0,udp,0.0,,cs0,,255.0,,1.0,,Start,1,1,0,60,60,0,60.0,0.0,0.0,0.0,0.0,0,0,0,0.0,,,0.0,0.0,0.0,INT,,,,,0.0,0.0,0.0,0
765734,0.0,0.0,0.0,0.0,0.0,0.0,udp,0.0,,cs0,,249.0,,7.0,,Start,1,1,0,64,64,0,64.0,0.0,0.0,0.0,0.0,0,0,0,0.0,,,0.0,0.0,0.0,INT,,,610.0,,0.0,0.0,0.0,0
765765,0.0,0.0,0.0,0.0,0.0,0.0,udp,0.0,,cs0,,249.0,,7.0,,Start,1,1,0,64,64,0,64.0,0.0,0.0,0.0,0.0,0,0,0,0.0,,,0.0,0.0,0.0,INT,,,610.0,,0.0,0.0,0.0,0
765824,0.0,0.0,0.0,0.0,0.0,0.0,udp,0.0,,cs0,,249.0,,7.0,,Start,1,1,0,64,64,0,64.0,0.0,0.0,0.0,0.0,0,0,0,0.0,,,0.0,0.0,0.0,INT,,,610.0,,0.0,0.0,0.0,0
765852,0.0,0.0,0.0,0.0,0.0,0.0,udp,0.0,,cs0,,255.0,,1.0,,Start,1,1,0,60,60,0,60.0,0.0,0.0,0.0,0.0,0,0,0,0.0,,,0.0,0.0,0.0,INT,,,,,0.0,0.0,0.0,0
765854,0.0,0.0,0.0,0.0,0.0,0.0,udp,0.0,,cs0,,249.0,,7.0,,Start,1,1,0,64,64,0,64.0,0.0,0.0,0.0,0.0,0,0,0,0.0,,,0.0,0.0,0.0,INT,,,610.0,,0.0,0.0,0.0,0
765924,0.177898,0.177898,0.177898,0.177898,0.177898,0.177898,udp,0.0,0.0,cs0,cs0,64.0,53.0,0.0,11.0,Start,17,10,7,11844,8000,3844,800.0,549.142883,471955.8125,323781.0313,148174.7969,0,0,0,0.0,,,89.939178,50.590786,33.727192,CON,,,,,0.0,0.0,0.0,0
765929,0.0,0.0,0.0,0.0,0.0,0.0,udp,0.0,,cs0,,249.0,,7.0,,Start,1,1,0,64,64,0,64.0,0.0,0.0,0.0,0.0,0,0,0,0.0,,,0.0,0.0,0.0,INT,,,610.0,,0.0,0.0,0.0,0
765938,0.0,0.0,0.0,0.0,0.0,0.0,udp,0.0,,cs0,,255.0,,1.0,,Start,1,1,0,60,60,0,60.0,0.0,0.0,0.0,0.0,0,0,0,0.0,,,0.0,0.0,0.0,INT,,,,,0.0,0.0,0.0,0
766006,0.0,0.0,0.0,0.0,0.0,0.0,udp,0.0,,cs0,,255.0,,1.0,,Start,1,1,0,60,60,0,60.0,0.0,0.0,0.0,0.0,0,0,0,0.0,,,0.0,0.0,0.0,INT,,,,,0.0,0.0,0.0,0
766038,4.352935,4.352935,4.352935,4.352935,4.352935,4.352935,udp,0.0,0.0,cs0,cs0,64.0,53.0,0.0,11.0,Status,28,15,13,15997,10548,5449,703.200012,419.153839,27337.87695,18093.53906,9244.337891,0,0,0,0.0,,,6.202712,3.216221,2.756761,CON,,,,,0.0,0.0,0.0,0
766043,0.0,0.0,0.0,0.0,0.0,0.0,udp,0.0,,cs0,,249.0,,7.0,,Start,1,1,0,64,64,0,64.0,0.0,0.0,0.0,0.0,0,0,0,0.0,,,0.0,0.0,0.0,INT,,,610.0,,0.0,0.0,0.0,0
766138,0.0,0.0,0.0,0.0,0.0,0.0,udp,0.0,,cs0,,255.0,,1.0,,Start,1,1,0,60,60,0,60.0,0.0,0.0,0.0,0.0,0,0,0,0.0,,,0.0,0.0,0.0,INT,,,,,0.0,0.0,0.0,0
766149,4.472946,4.472946,4.472946,4.472946,4.472946,4.472946,udp,0.0,0.0,cs0,cs0,64.0,53.0,0.0,11.0,Status,27,15,12,15709,10548,5161,703.200012,430.083344,26069.61914,17608.08203,8461.537109,0,0,0,0.0,,,5.812724,3.129928,2.459229,CON,,,,,0.0,0.0,0.0,0
766202,4.595432,4.595432,4.595432,4.595432,4.595432,4.595432,tcp,0.0,0.0,cs0,cs0,64.0,53.0,0.0,11.0,Status,67,27,40,30192,14541,15651,538.555542,391.274994,50942.76563,24377.25195,26565.51172,2,1,1,2.898551,0.0,0.0,14.362089,5.657793,8.486689,CON,4094.0,5549.0,,,0.0,0.0,0.0,0
766259,0.0,0.0,0.0,0.0,0.0,0.0,udp,0.0,,cs0,,255.0,,1.0,,Start,1,1,0,60,60,0,60.0,0.0,0.0,0.0,0.0,0,0,0,0.0,,,0.0,0.0,0.0,INT,,,,,0.0,0.0,0.0,0
766306,0.0,0.0,0.0,0.0,0.0,0.0,udp,0.0,,cs0,,255.0,,1.0,,Start,1,1,0,60,60,0,60.0,0.0,0.0,0.0,0.0,0,0,0,0.0,,,0.0,0.0,0.0,INT,,,,,0.0,0.0,0.0,0
766345,0.052178,0.052178,0.052178,0.052178,0.052178,0.052178,udp,0.0,0.0,cs0,cs0,64.0,117.0,0.0,11.0,Status,6,3,3,749,547,202,182.333328,67.333336,76660.66406,55962.28516,20698.37891,0,0,0,0.0,,,95.825829,38.33033,38.33033,CON,,,,,0.0,0.0,0.0,0
766364,0.0,0.0,0.0,0.0,0.0,0.0,udp,0.0,,cs0,,255.0,,1.0,,Start,1,1,0,60,60,0,60.0,0.0,0.0,0.0,0.0,0,0,0,0.0,,,0.0,0.0,0.0,INT,,,,,0.0,0.0,0.0,0
766465,4.999766,4.999766,4.999766,4.999766,4.999766,4.999766,udp,0.0,0.0,cs0,cs0,117.0,64.0,11.0,0.0,Status,105,91,14,122559,118086,4473,1297.648315,319.5,193517.8594,186871.1563,6646.711426,0,0,0,0.0,,,20.800974,18.000843,2.600122,CON,,,,,0.0,0.0,0.0,0
766575,0.105057,0.105057,0.105057,0.105057,0.105057,0.105057,tcp,0.0,0.0,cs0,cs0,53.0,64.0,11.0,0.0,Status,29,14,15,9088,2784,6304,198.857147,420.266663,644983.1875,196921.6719,448061.5313,0,0,0,0.0,0.0,0.0,266.521973,123.742348,133.260986,CON,1050.0,2263.0,,,0.0,0.0,0.0,0
766587,0.0,0.0,0.0,0.0,0.0,0.0,udp,0.0,,cs0,,255.0,,1.0,,Start,1,1,0,60,60,0,60.0,0.0,0.0,0.0,0.0,0,0,0,0.0,,,0.0,0.0,0.0,INT,,,,,0.0,0.0,0.0,0
766603,0.0,0.0,0.0,0.0,0.0,0.0,udp,0.0,,cs0,,255.0,,1.0,,Start,1,1,0,60,60,0,60.0,0.0,0.0,0.0,0.0,0,0,0,0.0,,,0.0,0.0,0.0,INT,,,,,0.0,0.0,0.0,0
766644,0.0,0.0,0.0,0.0,0.0,0.0,udp,0.0,,cs0,,255.0,,1.0,,Start,1,1,0,60,60,0,60.0,0.0,0.0,0.0,0.0,0,0,0,0.0,,,0.0,0.0,0.0,INT,,,,,0.0,0.0,0.0,0
766661,4.998877,4.998877,4.998877,4.998877,4.998877,4.998877,udp,0.0,0.0,cs0,cs0,117.0,64.0,11.0,0.0,Status,353,334,19,461112,456956,4156,1368.131714,218.736847,735406.75,729104.5625,6302.215332,0,0,0,0.0,,,70.415817,66.61496,3.600809,CON,,,,,0.0,0.0,0.0,0
766843,4.874322,4.874322,4.874322,4.874322,4.874322,4.874322,udp,0.0,0.0,cs0,cs0,117.0,64.0,11.0,0.0,Status,169,144,25,201483,194787,6696,1352.6875,267.839996,328027.5625,317475.9375,10551.62109,0,0,0,0.0,,,34.466331,29.337414,4.923762,CON,,,,,0.0,0.0,0.0,0
766852,0.083904,0.083904,0.083904,0.083904,0.083904,0.083904,tcp,0.0,0.0,cs0,cs0,116.0,64.0,12.0,0.0,Status,30,15,15,9129,2829,6300,188.600006,420.0,812452.375,251811.5938,560640.75,0,0,0,0.0,0.0,0.0,345.633118,166.857361,166.857361,CON,1050.0,2285.0,,,0.0,0.0,0.0,0
766855,4.564586,4.564586,4.564586,4.564586,4.564586,4.564586,tcp,0.0,0.0,cs0,cs0,64.0,116.0,0.0,12.0,Status,45,18,27,17724,10767,6957,598.166687,257.666656,29565.00195,17822.42578,11742.57617,0,0,0,0.0,0.0,0.0,9.639428,3.724324,5.696026,CON,4094.0,5549.0,,,0.0,0.0,0.0,0
766912,0.0631,0.0631,0.0631,0.0631,0.0631,0.0631,udp,0.0,0.0,cs0,cs0,64.0,117.0,0.0,11.0,Status,6,3,3,733,531,202,177.0,67.333336,61996.82813,44881.14063,17115.68945,0,0,0,0.0,,,79.239296,31.695719,31.695719,CON,,,,,0.0,0.0,0.0,0
767061,0.0,0.0,0.0,0.0,0.0,0.0,udp,0.0,,cs0,,249.0,,7.0,,Start,1,1,0,64,64,0,64.0,0.0,0.0,0.0,0.0,0,0,0,0.0,,,0.0,0.0,0.0,INT,,,610.0,,0.0,0.0,0.0,0
767072,0.0,0.0,0.0,0.0,0.0,0.0,udp,0.0,,cs0,,255.0,,1.0,,Start,1,1,0,60,60,0,60.0,0.0,0.0,0.0,0.0,0,0,0,0.0,,,0.0,0.0,0.0,INT,,,,,0.0,0.0,0.0,0
767117,0.0,0.0,0.0,0.0,0.0,0.0,udp,0.0,,cs0,,255.0,,1.0,,Start,1,1,0,60,60,0,60.0,0.0,0.0,0.0,0.0,0,0,0,0.0,,,0.0,0.0,0.0,INT,,,,,0.0,0.0,0.0,0
767125,4.998786,4.998786,4.998786,4.998786,4.998786,4.998786,udp,0.0,0.0,cs0,cs0,117.0,64.0,11.0,0.0,Status,203,186,17,255380,251418,3962,1351.709717,233.058823,406172.2188,400204.375,5967.849121,0,0,0,0.0,,,40.409813,37.008987,3.200777,CON,,,,,0.0,0.0,0.0,0
767131,0.0,0.0,0.0,0.0,0.0,0.0,udp,0.0,,cs0,,255.0,,1.0,,Start,1,1,0,60,60,0,60.0,0.0,0.0,0.0,0.0,0,0,0,0.0,,,0.0,0.0,0.0,INT,,,,,0.0,0.0,0.0,0
767152,0.0,0.0,0.0,0.0,0.0,0.0,udp,0.0,,cs0,,255.0,,1.0,,Start,1,1,0,60,60,0,60.0,0.0,0.0,0.0,0.0,0,0,0,0.0,,,0.0,0.0,0.0,INT,,,,,0.0,0.0,0.0,0
767170,0.0,0.0,0.0,0.0,0.0,0.0,udp,0.0,,cs0,,255.0,,1.0,,Start,1,1,0,60,60,0,60.0,0.0,0.0,0.0,0.0,0,0,0,0.0,,,0.0,0.0,0.0,INT,,,,,0.0,0.0,0.0,0
767259,0.0,0.0,0.0,0.0,0.0,0.0,udp,0.0,,cs0,,249.0,,7.0,,Start,1,1,0,64,64,0,64.0,0.0,0.0,0.0,0.0,0,0,0,0.0,,,0.0,0.0,0.0,INT,,,610.0,,0.0,0.0,0.0,0
767284,4.995124,4.995124,4.995124,4.995124,4.995124,4.995124,udp,0.0,0.0,cs0,cs0,117.0,64.0,11.0,0.0,Status,95,91,4,121690,120751,939,1326.934082,234.75,192395.625,191266.5313,1129.101074,0,0,0,0.0,,,18.818352,18.01757,0.600586,CON,,,,,0.0,0.0,0.0,0
767418,4.953493,4.953493,4.953493,4.953493,4.953493,4.953493,udp,0.0,0.0,cs0,cs0,117.0,64.0,11.0,0.0,Status,81,58,23,79096,74075,5021,1277.155151,218.304352,125327.3203,117570.3672,7756.950195,0,0,0,0.0,,,16.150219,11.507031,4.44131,CON,,,,,0.0,0.0,0.0,0
767427,0.148588,0.148588,0.148588,0.148588,0.148588,0.148588,udp,0.0,0.0,cs0,cs0,64.0,53.0,0.0,11.0,Start,19,10,9,6768,2456,4312,245.600006,479.111115,325409.8438,119040.5703,206369.2813,0,0,0,0.0,,,121.140335,60.570168,53.840149,CON,,,,,0.0,0.0,0.0,0
767444,0.0,0.0,0.0,0.0,0.0,0.0,udp,0.0,,cs0,,249.0,,7.0,,Start,1,1,0,64,64,0,64.0,0.0,0.0,0.0,0.0,0,0,0,0.0,,,0.0,0.0,0.0,INT,,,610.0,,0.0,0.0,0.0,0
767600,4.945462,4.945462,4.945462,4.945462,4.945462,4.945462,udp,0.0,0.0,cs0,cs0,117.0,64.0,11.0,0.0,Status,226,214,12,293856,289883,3973,1354.593506,331.083344,472628.8125,466737.375,5891.461426,0,0,0,0.0,,,45.496254,43.069786,2.224261,CON,,,,,0.0,0.0,0.0,0
767622,4.98139,4.98139,4.98139,4.98139,4.98139,4.98139,udp,0.0,0.0,cs0,cs0,117.0,64.0,11.0,0.0,Status,50,41,9,54583,51203,3380,1248.853638,375.555542,85052.5625,80226.60156,4825.962402,0,0,0,0.0,,,9.836612,8.029887,1.605977,CON,,,,,0.0,0.0,0.0,0
767675,0.0,0.0,0.0,0.0,0.0,0.0,udp,0.0,,cs0,,255.0,,1.0,,Start,1,1,0,60,60,0,60.0,0.0,0.0,0.0,0.0,0,0,0,0.0,,,0.0,0.0,0.0,INT,,,,,0.0,0.0,0.0,0
767703,0.064044,0.064044,0.064044,0.064044,0.064044,0.064044,udp,0.0,0.0,cs0,cs0,64.0,117.0,0.0,11.0,Status,6,3,3,730,530,200,176.666672,66.666664,60958.09375,44219.60156,16738.49219,0,0,0,0.0,,,78.071327,31.228531,31.228531,CON,,,,,0.0,0.0,0.0,0
767710,0.0,0.0,0.0,0.0,0.0,0.0,udp,0.0,,cs0,,249.0,,7.0,,Start,1,1,0,64,64,0,64.0,0.0,0.0,0.0,0.0,0,0,0,0.0,,,0.0,0.0,0.0,INT,,,610.0,,0.0,0.0,0.0,0
767748,0.0,0.0,0.0,0.0,0.0,0.0,udp,0.0,,cs0,,255.0,,1.0,,Start,1,1,0,60,60,0,60.0,0.0,0.0,0.0,0.0,0,0,0,0.0,,,0.0,0.0,0.0,INT,,,,,0.0,0.0,0.0,0
767777,0.0,0.0,0.0,0.0,0.0,0.0,udp,0.0,,cs0,,255.0,,1.0,,Start,1,1,0,60,60,0,60.0,0.0,0.0,0.0,0.0,0,0,0,0.0,,,0.0,0.0,0.0,INT,,,,,0.0,0.0,0.0,0
767778,0.0,0.0,0.0,0.0,0.0,0.0,udp,0.0,,cs0,,249.0,,7.0,,Start,1,1,0,64,64,0,64.0,0.0,0.0,0.0,0.0,0,0,0,0.0,,,0.0,0.0,0.0,INT,,,610.0,,0.0,0.0,0.0,0
767800,0.118361,0.118361,0.118361,0.118361,0.118361,0.118361,udp,0.0,0.0,cs0,cs0,64.0,52.0,0.0,12.0,Start,21,11,10,6861,2517,4344,228.818176,434.399994,418989.3438,154713.125,264276.2188,0,0,0,0.0,,,168.974579,84.487289,76.038559,CON,,,,,0.0,0.0,0.0,0
767825,0.0,0.0,0.0,0.0,0.0,0.0,udp,0.0,,cs0,,249.0,,7.0,,Start,1,1,0,64,64,0,64.0,0.0,0.0,0.0,0.0,0,0,0,0.0,,,0.0,0.0,0.0,INT,,,610.0,,0.0,0.0,0.0,0
767861,4.990574,4.990574,4.990574,4.990574,4.990574,4.990574,udp,0.0,0.0,cs0,cs0,117.0,64.0,11.0,0.0,Status,268,241,27,333323,325886,7437,1352.224121,275.444458,531716.0,520235.1563,11480.84375,0,0,0,0.0,,,53.500862,48.09066,5.209822,CON,,,,,0.0,0.0,0.0,0
767874,4.992994,4.992994,4.992994,4.992994,4.992994,4.992994,udp,0.0,0.0,cs0,cs0,117.0,64.0,11.0,0.0,Status,183,177,6,242344,241906,438,1366.700562,73.0,385988.875,385404.0313,584.819458,0,0,0,0.0,,,36.451077,35.249393,1.001403,CON,,,,,0.0,0.0,0.0,0
767942,0.0,0.0,0.0,0.0,0.0,0.0,udp,0.0,,cs0,,249.0,,7.0,,Start,1,1,0,64,64,0,64.0,0.0,0.0,0.0,0.0,0,0,0,0.0,,,0.0,0.0,0.0,INT,,,610.0,,0.0,0.0,0.0,0
768020,0.056862,0.056862,0.056862,0.056862,0.056862,0.056862,udp,0.0,0.0,cs0,cs0,64.0,117.0,0.0,11.0,Status,9,4,5,1106,763,343,190.75,68.599998,119306.3906,80616.22656,38690.16016,0,0,0,0.0,,,140.691498,52.759312,70.345749,CON,,,,,0.0,0.0,0.0,0
768054,4.124076,4.124076,4.124076,4.124076,4.124076,4.124076,udp,0.0,0.0,cs0,cs0,117.0,64.0,11.0,0.0,Status,13,0,13,4591,0,4591,0.0,353.153839,8220.993164,0.0,8220.993164,0,0,0,0.0,,,2.909743,0.0,2.909743,RSP,,,,,0.0,0.0,0.0,0
768112,3.000229,3.000229,3.000229,3.000229,3.000229,3.000229,tcp,0.0,,cs0,,64.0,,0.0,,Start,3,3,0,222,222,0,74.0,0.0,394.636566,394.636566,0.0,2,2,0,40.0,0.0,0.0,0.666616,0.666616,0.0,REQ,33553920.0,,,,0.0,0.0,0.0,0
768116,1.041047,1.041047,1.041047,1.041047,1.041047,1.041047,tcp,0.0,,cs0,,64.0,,0.0,,Start,4,4,0,264,264,0,66.0,0.0,1521.545166,1521.545166,0.0,0,0,0,0.0,0.0,0.0,2.881714,2.881714,0.0,FIN,148.0,,,,0.0,0.0,0.0,0
768171,3.000067,3.000067,3.000067,3.000067,3.000067,3.000067,tcp,0.0,,cs0,,64.0,,0.0,,Start,3,3,0,222,222,0,74.0,0.0,394.657867,394.657867,0.0,2,2,0,40.0,0.0,0.0,0.666652,0.666652,0.0,REQ,33553920.0,,,,0.0,0.0,0.0,0
768181,0.0,0.0,0.0,0.0,0.0,0.0,tcp,0.0,,cs0,,64.0,,0.0,,Status,1,1,0,74,74,0,74.0,0.0,0.0,0.0,0.0,1,1,0,50.0,0.0,0.0,0.0,0.0,0.0,REQ,33553920.0,,,,0.0,0.0,0.0,0
768356,2.563227,2.563227,2.563227,2.563227,2.563227,2.563227,tcp,0.0,,cs0,,64.0,,0.0,,Status,2,2,0,148,148,0,74.0,0.0,230.958878,230.958878,0.0,2,2,0,50.0,0.0,0.0,0.390133,0.390133,0.0,REQ,33553920.0,,,,0.0,0.0,0.0,0
768410,2.999973,2.999973,2.999973,2.999973,2.999973,2.999973,tcp,0.0,,cs0,,64.0,,0.0,,Start,3,3,0,222,222,0,74.0,0.0,394.670197,394.670197,0.0,2,2,0,40.0,0.0,0.0,0.666673,0.666673,0.0,REQ,33553920.0,,,,0.0,0.0,0.0,0
768559,0.0,0.0,0.0,0.0,0.0,0.0,udp,0.0,,cs0,,249.0,,7.0,,Start,1,1,0,64,64,0,64.0,0.0,0.0,0.0,0.0,0,0,0,0.0,,,0.0,0.0,0.0,INT,,,610.0,,0.0,0.0,0.0,0
768634,0.0,0.0,0.0,0.0,0.0,0.0,udp,0.0,,cs0,,249.0,,7.0,,Start,1,1,0,74,74,0,74.0,0.0,0.0,0.0,0.0,0,0,0,0.0,,,0.0,0.0,0.0,INT,,,610.0,,0.0,0.0,0.0,0
768685,0.0,0.0,0.0,0.0,0.0,0.0,udp,0.0,,cs0,,249.0,,7.0,,Start,1,1,0,74,74,0,74.0,0.0,0.0,0.0,0.0,0,0,0,0.0,,,0.0,0.0,0.0,INT,,,610.0,,0.0,0.0,0.0,0
768694,0.0,0.0,0.0,0.0,0.0,0.0,udp,0.0,,cs0,,249.0,,7.0,,Start,1,1,0,74,74,0,74.0,0.0,0.0,0.0,0.0,0,0,0,0.0,,,0.0,0.0,0.0,INT,,,610.0,,0.0,0.0,0.0,0
768730,0.0,0.0,0.0,0.0,0.0,0.0,udp,0.0,,cs0,,249.0,,7.0,,Start,1,1,0,74,74,0,74.0,0.0,0.0,0.0,0.0,0,0,0,0.0,,,0.0,0.0,0.0,INT,,,610.0,,0.0,0.0,0.0,0
768762,0.0,0.0,0.0,0.0,0.0,0.0,udp,0.0,,cs0,,249.0,,7.0,,Start,1,1,0,74,74,0,74.0,0.0,0.0,0.0,0.0,0,0,0,0.0,,,0.0,0.0,0.0,INT,,,610.0,,0.0,0.0,0.0,0
768832,0.0,0.0,0.0,0.0,0.0,0.0,udp,0.0,,cs0,,249.0,,7.0,,Start,1,1,0,74,74,0,74.0,0.0,0.0,0.0,0.0,0,0,0,0.0,,,0.0,0.0,0.0,INT,,,610.0,,0.0,0.0,0.0,0
768856,0.0,0.0,0.0,0.0,0.0,0.0,udp,0.0,,cs0,,249.0,,7.0,,Start,1,1,0,74,74,0,74.0,0.0,0.0,0.0,0.0,0,0,0,0.0,,,0.0,0.0,0.0,INT,,,610.0,,0.0,0.0,0.0,0
768912,0.0,0.0,0.0,0.0,0.0,0.0,udp,0.0,,cs0,,249.0,,7.0,,Start,1,1,0,74,74,0,74.0,0.0,0.0,0.0,0.0,0,0,0,0.0,,,0.0,0.0,0.0,INT,,,610.0,,0.0,0.0,0.0,0
768984,0.0,0.0,0.0,0.0,0.0,0.0,udp,0.0,,cs0,,249.0,,7.0,,Start,1,1,0,74,74,0,74.0,0.0,0.0,0.0,0.0,0,0,0,0.0,,,0.0,0.0,0.0,INT,,,610.0,,0.0,0.0,0.0,0
769000,0.0,0.0,0.0,0.0,0.0,0.0,udp,0.0,,cs0,,249.0,,7.0,,Start,1,1,0,74,74,0,74.0,0.0,0.0,0.0,0.0,0,0,0,0.0,,,0.0,0.0,0.0,INT,,,610.0,,0.0,0.0,0.0,0
769052,0.0,0.0,0.0,0.0,0.0,0.0,udp,0.0,,cs0,,249.0,,7.0,,Start,1,1,0,74,74,0,74.0,0.0,0.0,0.0,0.0,0,0,0,0.0,,,0.0,0.0,0.0,INT,,,610.0,,0.0,0.0,0.0,0
769053,0.0,0.0,0.0,0.0,0.0,0.0,udp,0.0,,cs0,,249.0,,7.0,,Start,1,1,0,74,74,0,74.0,0.0,0.0,0.0,0.0,0,0,0,0.0,,,0.0,0.0,0.0,INT,,,610.0,,0.0,0.0,0.0,0
769123,0.0,0.0,0.0,0.0,0.0,0.0,udp,0.0,,cs0,,249.0,,7.0,,Start,1,1,0,74,74,0,74.0,0.0,0.0,0.0,0.0,0,0,0,0.0,,,0.0,0.0,0.0,INT,,,610.0,,0.0,0.0,0.0,0
769133,0.0,0.0,0.0,0.0,0.0,0.0,udp,0.0,,cs0,,249.0,,7.0,,Start,1,1,0,74,74,0,74.0,0.0,0.0,0.0,0.0,0,0,0,0.0,,,0.0,0.0,0.0,INT,,,610.0,,0.0,0.0,0.0,0
769166,0.0,0.0,0.0,0.0,0.0,0.0,udp,0.0,,cs0,,249.0,,7.0,,Start,1,1,0,74,74,0,74.0,0.0,0.0,0.0,0.0,0,0,0,0.0,,,0.0,0.0,0.0,INT,,,610.0,,0.0,0.0,0.0,0
769182,0.0,0.0,0.0,0.0,0.0,0.0,udp,0.0,,cs0,,249.0,,7.0,,Start,1,1,0,74,74,0,74.0,0.0,0.0,0.0,0.0,0,0,0,0.0,,,0.0,0.0,0.0,INT,,,610.0,,0.0,0.0,0.0,0
769214,0.0,0.0,0.0,0.0,0.0,0.0,udp,0.0,,cs0,,249.0,,7.0,,Start,1,1,0,74,74,0,74.0,0.0,0.0,0.0,0.0,0,0,0,0.0,,,0.0,0.0,0.0,INT,,,610.0,,0.0,0.0,0.0,0
769283,0.0,0.0,0.0,0.0,0.0,0.0,udp,0.0,,cs0,,249.0,,7.0,,Start,1,1,0,74,74,0,74.0,0.0,0.0,0.0,0.0,0,0,0,0.0,,,0.0,0.0,0.0,INT,,,610.0,,0.0,0.0,0.0,0
769301,0.0,0.0,0.0,0.0,0.0,0.0,udp,0.0,,cs0,,249.0,,7.0,,Start,1,1,0,74,74,0,74.0,0.0,0.0,0.0,0.0,0,0,0,0.0,,,0.0,0.0,0.0,INT,,,610.0,,0.0,0.0,0.0,0
769562,0.0,0.0,0.0,0.0,0.0,0.0,udp,0.0,,cs0,,249.0,,7.0,,Start,1,1,0,74,74,0,74.0,0.0,0.0,0.0,0.0,0,0,0,0.0,,,0.0,0.0,0.0,INT,,,610.0,,0.0,0.0,0.0,0
769577,0.0,0.0,0.0,0.0,0.0,0.0,udp,0.0,,cs0,,249.0,,7.0,,Start,1,1,0,74,74,0,74.0,0.0,0.0,0.0,0.0,0,0,0,0.0,,,0.0,0.0,0.0,INT,,,610.0,,0.0,0.0,0.0,0
769590,0.0,0.0,0.0,0.0,0.0,0.0,udp,0.0,,cs0,,249.0,,7.0,,Start,1,1,0,74,74,0,74.0,0.0,0.0,0.0,0.0,0,0,0,0.0,,,0.0,0.0,0.0,INT,,,610.0,,0.0,0.0,0.0,0
769666,0.0,0.0,0.0,0.0,0.0,0.0,udp,0.0,,cs0,,249.0,,7.0,,Start,1,1,0,74,74,0,74.0,0.0,0.0,0.0,0.0,0,0,0,0.0,,,0.0,0.0,0.0,INT,,,610.0,,0.0,0.0,0.0,0
769688,0.0,0.0,0.0,0.0,0.0,0.0,udp,0.0,,cs0,,249.0,,7.0,,Start,1,1,0,74,74,0,74.0,0.0,0.0,0.0,0.0,0,0,0,0.0,,,0.0,0.0,0.0,INT,,,610.0,,0.0,0.0,0.0,0
769806,0.0,0.0,0.0,0.0,0.0,0.0,udp,0.0,,cs0,,249.0,,7.0,,Start,1,1,0,74,74,0,74.0,0.0,0.0,0.0,0.0,0,0,0,0.0,,,0.0,0.0,0.0,INT,,,610.0,,0.0,0.0,0.0,0
769901,0.0,0.0,0.0,0.0,0.0,0.0,udp,0.0,,cs0,,249.0,,7.0,,Start,1,1,0,74,74,0,74.0,0.0,0.0,0.0,0.0,0,0,0,0.0,,,0.0,0.0,0.0,INT,,,610.0,,0.0,0.0,0.0,0
769908,0.0,0.0,0.0,0.0,0.0,0.0,udp,0.0,,cs0,,249.0,,7.0,,Start,1,1,0,74,74,0,74.0,0.0,0.0,0.0,0.0,0,0,0,0.0,,,0.0,0.0,0.0,INT,,,610.0,,0.0,0.0,0.0,0
770011,0.0,0.0,0.0,0.0,0.0,0.0,udp,0.0,,cs0,,249.0,,7.0,,Start,1,1,0,74,74,0,74.0,0.0,0.0,0.0,0.0,0,0,0,0.0,,,0.0,0.0,0.0,INT,,,610.0,,0.0,0.0,0.0,0
770018,0.0,0.0,0.0,0.0,0.0,0.0,udp,0.0,,cs0,,249.0,,7.0,,Start,1,1,0,74,74,0,74.0,0.0,0.0,0.0,0.0,0,0,0,0.0,,,0.0,0.0,0.0,INT,,,610.0,,0.0,0.0,0.0,0
770061,0.0,0.0,0.0,0.0,0.0,0.0,udp,0.0,,cs0,,249.0,,7.0,,Start,1,1,0,74,74,0,74.0,0.0,0.0,0.0,0.0,0,0,0,0.0,,,0.0,0.0,0.0,INT,,,610.0,,0.0,0.0,0.0,0
770113,0.0,0.0,0.0,0.0,0.0,0.0,udp,0.0,,cs0,,249.0,,7.0,,Start,1,1,0,74,74,0,74.0,0.0,0.0,0.0,0.0,0,0,0,0.0,,,0.0,0.0,0.0,INT,,,610.0,,0.0,0.0,0.0,0
770150,0.0,0.0,0.0,0.0,0.0,0.0,udp,0.0,,cs0,,249.0,,7.0,,Start,1,1,0,74,74,0,74.0,0.0,0.0,0.0,0.0,0,0,0,0.0,,,0.0,0.0,0.0,INT,,,610.0,,0.0,0.0,0.0,0
770194,0.0,0.0,0.0,0.0,0.0,0.0,udp,0.0,,cs0,,249.0,,7.0,,Start,1,1,0,74,74,0,74.0,0.0,0.0,0.0,0.0,0,0,0,0.0,,,0.0,0.0,0.0,INT,,,610.0,,0.0,0.0,0.0,0
770243,0.0,0.0,0.0,0.0,0.0,0.0,udp,0.0,,cs0,,249.0,,7.0,,Start,1,1,0,74,74,0,74.0,0.0,0.0,0.0,0.0,0,0,0,0.0,,,0.0,0.0,0.0,INT,,,610.0,,0.0,0.0,0.0,0
770302,0.0,0.0,0.0,0.0,0.0,0.0,udp,0.0,,cs0,,249.0,,7.0,,Start,1,1,0,74,74,0,74.0,0.0,0.0,0.0,0.0,0,0,0,0.0,,,0.0,0.0,0.0,INT,,,610.0,,0.0,0.0,0.0,0
770305,0.0,0.0,0.0,0.0,0.0,0.0,udp,0.0,,cs0,,249.0,,7.0,,Start,1,1,0,74,74,0,74.0,0.0,0.0,0.0,0.0,0,0,0,0.0,,,0.0,0.0,0.0,INT,,,610.0,,0.0,0.0,0.0,0
770312,0.0,0.0,0.0,0.0,0.0,0.0,udp,0.0,,cs0,,249.0,,7.0,,Start,1,1,0,74,74,0,74.0,0.0,0.0,0.0,0.0,0,0,0,0.0,,,0.0,0.0,0.0,INT,,,610.0,,0.0,0.0,0.0,0
770340,0.0,0.0,0.0,0.0,0.0,0.0,udp,0.0,,cs0,,249.0,,7.0,,Start,1,1,0,74,74,0,74.0,0.0,0.0,0.0,0.0,0,0,0,0.0,,,0.0,0.0,0.0,INT,,,610.0,,0.0,0.0,0.0,0
770353,0.0,0.0,0.0,0.0,0.0,0.0,udp,0.0,,cs0,,249.0,,7.0,,Start,1,1,0,74,74,0,74.0,0.0,0.0,0.0,0.0,0,0,0,0.0,,,0.0,0.0,0.0,INT,,,610.0,,0.0,0.0,0.0,0
770360,0.0,0.0,0.0,0.0,0.0,0.0,udp,0.0,,cs0,,249.0,,7.0,,Start,1,1,0,74,74,0,74.0,0.0,0.0,0.0,0.0,0,0,0,0.0,,,0.0,0.0,0.0,INT,,,610.0,,0.0,0.0,0.0,0
770484,0.0,0.0,0.0,0.0,0.0,0.0,udp,0.0,,cs0,,249.0,,7.0,,Start,1,1,0,74,74,0,74.0,0.0,0.0,0.0,0.0,0,0,0,0.0,,,0.0,0.0,0.0,INT,,,610.0,,0.0,0.0,0.0,0
770550,0.0,0.0,0.0,0.0,0.0,0.0,udp,0.0,,cs0,,249.0,,7.0,,Start,1,1,0,74,74,0,74.0,0.0,0.0,0.0,0.0,0,0,0,0.0,,,0.0,0.0,0.0,INT,,,610.0,,0.0,0.0,0.0,0
770565,0.0,0.0,0.0,0.0,0.0,0.0,udp,0.0,,cs0,,249.0,,7.0,,Start,1,1,0,74,74,0,74.0,0.0,0.0,0.0,0.0,0,0,0,0.0,,,0.0,0.0,0.0,INT,,,610.0,,0.0,0.0,0.0,0
770650,0.0,0.0,0.0,0.0,0.0,0.0,udp,0.0,,cs0,,249.0,,7.0,,Start,1,1,0,74,74,0,74.0,0.0,0.0,0.0,0.0,0,0,0,0.0,,,0.0,0.0,0.0,INT,,,610.0,,0.0,0.0,0.0,0
770654,0.0,0.0,0.0,0.0,0.0,0.0,udp,0.0,,cs0,,249.0,,7.0,,Start,1,1,0,74,74,0,74.0,0.0,0.0,0.0,0.0,0,0,0,0.0,,,0.0,0.0,0.0,INT,,,610.0,,0.0,0.0,0.0,0
770668,0.0,0.0,0.0,0.0,0.0,0.0,udp,0.0,,cs0,,249.0,,7.0,,Start,1,1,0,74,74,0,74.0,0.0,0.0,0.0,0.0,0,0,0,0.0,,,0.0,0.0,0.0,INT,,,610.0,,0.0,0.0,0.0,0
770702,0.0,0.0,0.0,0.0,0.0,0.0,udp,0.0,,cs0,,249.0,,7.0,,Start,1,1,0,74,74,0,74.0,0.0,0.0,0.0,0.0,0,0,0,0.0,,,0.0,0.0,0.0,INT,,,610.0,,0.0,0.0,0.0,0
770824,0.0,0.0,0.0,0.0,0.0,0.0,udp,0.0,,cs0,,249.0,,7.0,,Start,1,1,0,74,74,0,74.0,0.0,0.0,0.0,0.0,0,0,0,0.0,,,0.0,0.0,0.0,INT,,,610.0,,0.0,0.0,0.0,0
770832,0.0,0.0,0.0,0.0,0.0,0.0,udp,0.0,,cs0,,249.0,,7.0,,Start,1,1,0,74,74,0,74.0,0.0,0.0,0.0,0.0,0,0,0,0.0,,,0.0,0.0,0.0,INT,,,610.0,,0.0,0.0,0.0,0
770833,0.0,0.0,0.0,0.0,0.0,0.0,udp,0.0,,cs0,,249.0,,7.0,,Start,1,1,0,74,74,0,74.0,0.0,0.0,0.0,0.0,0,0,0,0.0,,,0.0,0.0,0.0,INT,,,610.0,,0.0,0.0,0.0,0
770894,0.0,0.0,0.0,0.0,0.0,0.0,udp,0.0,,cs0,,249.0,,7.0,,Start,1,1,0,74,74,0,74.0,0.0,0.0,0.0,0.0,0,0,0,0.0,,,0.0,0.0,0.0,INT,,,610.0,,0.0,0.0,0.0,0
770913,0.0,0.0,0.0,0.0,0.0,0.0,udp,0.0,,cs0,,249.0,,7.0,,Start,1,1,0,74,74,0,74.0,0.0,0.0,0.0,0.0,0,0,0,0.0,,,0.0,0.0,0.0,INT,,,610.0,,0.0,0.0,0.0,0
770942,0.0,0.0,0.0,0.0,0.0,0.0,udp,0.0,,cs0,,249.0,,7.0,,Start,1,1,0,74,74,0,74.0,0.0,0.0,0.0,0.0,0,0,0,0.0,,,0.0,0.0,0.0,INT,,,610.0,,0.0,0.0,0.0,0
770984,0.0,0.0,0.0,0.0,0.0,0.0,udp,0.0,,cs0,,249.0,,7.0,,Start,1,1,0,74,74,0,74.0,0.0,0.0,0.0,0.0,0,0,0,0.0,,,0.0,0.0,0.0,INT,,,610.0,,0.0,0.0,0.0,0
770986,0.0,0.0,0.0,0.0,0.0,0.0,udp,0.0,,cs0,,249.0,,7.0,,Start,1,1,0,74,74,0,74.0,0.0,0.0,0.0,0.0,0,0,0,0.0,,,0.0,0.0,0.0,INT,,,610.0,,0.0,0.0,0.0,0
771024,0.0,0.0,0.0,0.0,0.0,0.0,udp,0.0,,cs0,,249.0,,7.0,,Start,1,1,0,74,74,0,74.0,0.0,0.0,0.0,0.0,0,0,0,0.0,,,0.0,0.0,0.0,INT,,,610.0,,0.0,0.0,0.0,0
771032,0.0,0.0,0.0,0.0,0.0,0.0,udp,0.0,,cs0,,249.0,,7.0,,Start,1,1,0,74,74,0,74.0,0.0,0.0,0.0,0.0,0,0,0,0.0,,,0.0,0.0,0.0,INT,,,610.0,,0.0,0.0,0.0,0
771049,0.0,0.0,0.0,0.0,0.0,0.0,udp,0.0,,cs0,,249.0,,7.0,,Start,1,1,0,74,74,0,74.0,0.0,0.0,0.0,0.0,0,0,0,0.0,,,0.0,0.0,0.0,INT,,,610.0,,0.0,0.0,0.0,0
771090,0.0,0.0,0.0,0.0,0.0,0.0,udp,0.0,,cs0,,249.0,,7.0,,Start,1,1,0,74,74,0,74.0,0.0,0.0,0.0,0.0,0,0,0,0.0,,,0.0,0.0,0.0,INT,,,610.0,,0.0,0.0,0.0,0
771108,0.0,0.0,0.0,0.0,0.0,0.0,udp,0.0,,cs0,,249.0,,7.0,,Start,1,1,0,74,74,0,74.0,0.0,0.0,0.0,0.0,0,0,0,0.0,,,0.0,0.0,0.0,INT,,,610.0,,0.0,0.0,0.0,0
771136,0.0,0.0,0.0,0.0,0.0,0.0,udp,0.0,,cs0,,249.0,,7.0,,Start,1,1,0,74,74,0,74.0,0.0,0.0,0.0,0.0,0,0,0,0.0,,,0.0,0.0,0.0,INT,,,610.0,,0.0,0.0,0.0,0
771225,0.0,0.0,0.0,0.0,0.0,0.0,udp,0.0,,cs0,,249.0,,7.0,,Start,1,1,0,74,74,0,74.0,0.0,0.0,0.0,0.0,0,0,0,0.0,,,0.0,0.0,0.0,INT,,,610.0,,0.0,0.0,0.0,0
771271,0.0,0.0,0.0,0.0,0.0,0.0,udp,0.0,,cs0,,249.0,,7.0,,Start,1,1,0,74,74,0,74.0,0.0,0.0,0.0,0.0,0,0,0,0.0,,,0.0,0.0,0.0,INT,,,610.0,,0.0,0.0,0.0,0
771324,0.0,0.0,0.0,0.0,0.0,0.0,udp,0.0,,cs0,,249.0,,7.0,,Start,1,1,0,74,74,0,74.0,0.0,0.0,0.0,0.0,0,0,0,0.0,,,0.0,0.0,0.0,INT,,,610.0,,0.0,0.0,0.0,0
771330,0.0,0.0,0.0,0.0,0.0,0.0,udp,0.0,,cs0,,249.0,,7.0,,Start,1,1,0,74,74,0,74.0,0.0,0.0,0.0,0.0,0,0,0,0.0,,,0.0,0.0,0.0,INT,,,610.0,,0.0,0.0,0.0,0
771345,0.0,0.0,0.0,0.0,0.0,0.0,udp,0.0,,cs0,,249.0,,7.0,,Start,1,1,0,74,74,0,74.0,0.0,0.0,0.0,0.0,0,0,0,0.0,,,0.0,0.0,0.0,INT,,,610.0,,0.0,0.0,0.0,0
771387,0.0,0.0,0.0,0.0,0.0,0.0,udp,0.0,,cs0,,249.0,,7.0,,Start,1,1,0,74,74,0,74.0,0.0,0.0,0.0,0.0,0,0,0,0.0,,,0.0,0.0,0.0,INT,,,610.0,,0.0,0.0,0.0,0
771457,0.0,0.0,0.0,0.0,0.0,0.0,udp,0.0,,cs0,,249.0,,7.0,,Start,1,1,0,74,74,0,74.0,0.0,0.0,0.0,0.0,0,0,0,0.0,,,0.0,0.0,0.0,INT,,,610.0,,0.0,0.0,0.0,0
771459,0.0,0.0,0.0,0.0,0.0,0.0,udp,0.0,,cs0,,249.0,,7.0,,Start,1,1,0,74,74,0,74.0,0.0,0.0,0.0,0.0,0,0,0,0.0,,,0.0,0.0,0.0,INT,,,610.0,,0.0,0.0,0.0,0
771573,0.0,0.0,0.0,0.0,0.0,0.0,udp,0.0,,cs0,,249.0,,7.0,,Start,1,1,0,74,74,0,74.0,0.0,0.0,0.0,0.0,0,0,0,0.0,,,0.0,0.0,0.0,INT,,,610.0,,0.0,0.0,0.0,0
771582,0.0,0.0,0.0,0.0,0.0,0.0,udp,0.0,,cs0,,249.0,,7.0,,Start,1,1,0,74,74,0,74.0,0.0,0.0,0.0,0.0,0,0,0,0.0,,,0.0,0.0,0.0,INT,,,610.0,,0.0,0.0,0.0,0
771585,0.0,0.0,0.0,0.0,0.0,0.0,udp,0.0,,cs0,,249.0,,7.0,,Start,1,1,0,74,74,0,74.0,0.0,0.0,0.0,0.0,0,0,0,0.0,,,0.0,0.0,0.0,INT,,,610.0,,0.0,0.0,0.0,0
771629,0.0,0.0,0.0,0.0,0.0,0.0,udp,0.0,,cs0,,249.0,,7.0,,Start,1,1,0,74,74,0,74.0,0.0,0.0,0.0,0.0,0,0,0,0.0,,,0.0,0.0,0.0,INT,,,610.0,,0.0,0.0,0.0,0
771643,0.0,0.0,0.0,0.0,0.0,0.0,udp,0.0,,cs0,,249.0,,7.0,,Start,1,1,0,74,74,0,74.0,0.0,0.0,0.0,0.0,0,0,0,0.0,,,0.0,0.0,0.0,INT,,,610.0,,0.0,0.0,0.0,0
771710,0.0,0.0,0.0,0.0,0.0,0.0,udp,0.0,,cs0,,249.0,,7.0,,Start,1,1,0,74,74,0,74.0,0.0,0.0,0.0,0.0,0,0,0,0.0,,,0.0,0.0,0.0,INT,,,610.0,,0.0,0.0,0.0,0
771715,0.0,0.0,0.0,0.0,0.0,0.0,udp,0.0,,cs0,,249.0,,7.0,,Start,1,1,0,74,74,0,74.0,0.0,0.0,0.0,0.0,0,0,0,0.0,,,0.0,0.0,0.0,INT,,,610.0,,0.0,0.0,0.0,0
771743,0.0,0.0,0.0,0.0,0.0,0.0,udp,0.0,,cs0,,249.0,,7.0,,Start,1,1,0,74,74,0,74.0,0.0,0.0,0.0,0.0,0,0,0,0.0,,,0.0,0.0,0.0,INT,,,610.0,,0.0,0.0,0.0,0
771747,0.0,0.0,0.0,0.0,0.0,0.0,udp,0.0,,cs0,,249.0,,7.0,,Start,1,1,0,74,74,0,74.0,0.0,0.0,0.0,0.0,0,0,0,0.0,,,0.0,0.0,0.0,INT,,,610.0,,0.0,0.0,0.0,0
771968,0.0,0.0,0.0,0.0,0.0,0.0,udp,0.0,,cs0,,249.0,,7.0,,Start,1,1,0,74,74,0,74.0,0.0,0.0,0.0,0.0,0,0,0,0.0,,,0.0,0.0,0.0,INT,,,610.0,,0.0,0.0,0.0,0
772058,0.0,0.0,0.0,0.0,0.0,0.0,udp,0.0,,cs0,,249.0,,7.0,,Start,1,1,0,74,74,0,74.0,0.0,0.0,0.0,0.0,0,0,0,0.0,,,0.0,0.0,0.0,INT,,,610.0,,0.0,0.0,0.0,0
772103,0.0,0.0,0.0,0.0,0.0,0.0,udp,0.0,,cs0,,249.0,,7.0,,Start,1,1,0,74,74,0,74.0,0.0,0.0,0.0,0.0,0,0,0,0.0,,,0.0,0.0,0.0,INT,,,610.0,,0.0,0.0,0.0,0
772119,0.0,0.0,0.0,0.0,0.0,0.0,udp,0.0,,cs0,,249.0,,7.0,,Start,1,1,0,74,74,0,74.0,0.0,0.0,0.0,0.0,0,0,0,0.0,,,0.0,0.0,0.0,INT,,,610.0,,0.0,0.0,0.0,0
772156,0.570038,0.570038,0.570038,0.570038,0.570038,0.570038,tcp,0.0,0.0,cs0,cs0,64.0,53.0,0.0,11.0,Start,193,88,105,149515,11178,138337,127.022728,1317.495239,2078050.875,155091.4063,1922959.5,0,0,0,0.0,0.0,0.0,336.819641,152.621399,182.44397,CON,366592.0,79872.0,,,0.034095,0.021634,0.012461,0
772194,0.0,0.0,0.0,0.0,0.0,0.0,udp,0.0,,cs0,,249.0,,7.0,,Start,1,1,0,74,74,0,74.0,0.0,0.0,0.0,0.0,0,0,0,0.0,,,0.0,0.0,0.0,INT,,,610.0,,0.0,0.0,0.0,0
772204,0.0,0.0,0.0,0.0,0.0,0.0,udp,0.0,,cs0,,249.0,,7.0,,Start,1,1,0,74,74,0,74.0,0.0,0.0,0.0,0.0,0,0,0,0.0,,,0.0,0.0,0.0,INT,,,610.0,,0.0,0.0,0.0,0
772243,0.0,0.0,0.0,0.0,0.0,0.0,udp,0.0,,cs0,,249.0,,7.0,,Start,1,1,0,74,74,0,74.0,0.0,0.0,0.0,0.0,0,0,0,0.0,,,0.0,0.0,0.0,INT,,,610.0,,0.0,0.0,0.0,0
772315,0.0,0.0,0.0,0.0,0.0,0.0,udp,0.0,,cs0,,249.0,,7.0,,Start,1,1,0,74,74,0,74.0,0.0,0.0,0.0,0.0,0,0,0,0.0,,,0.0,0.0,0.0,INT,,,610.0,,0.0,0.0,0.0,0
772317,0.0,0.0,0.0,0.0,0.0,0.0,udp,0.0,,cs0,,249.0,,7.0,,Start,1,1,0,74,74,0,74.0,0.0,0.0,0.0,0.0,0,0,0,0.0,,,0.0,0.0,0.0,INT,,,610.0,,0.0,0.0,0.0,0
772344,0.0,0.0,0.0,0.0,0.0,0.0,udp,0.0,,cs0,,249.0,,7.0,,Start,1,1,0,74,74,0,74.0,0.0,0.0,0.0,0.0,0,0,0,0.0,,,0.0,0.0,0.0,INT,,,610.0,,0.0,0.0,0.0,0
772377,0.0,0.0,0.0,0.0,0.0,0.0,udp,0.0,,cs0,,249.0,,7.0,,Start,1,1,0,74,74,0,74.0,0.0,0.0,0.0,0.0,0,0,0,0.0,,,0.0,0.0,0.0,INT,,,610.0,,0.0,0.0,0.0,0
772387,0.0,0.0,0.0,0.0,0.0,0.0,udp,0.0,,cs0,,249.0,,7.0,,Start,1,1,0,74,74,0,74.0,0.0,0.0,0.0,0.0,0,0,0,0.0,,,0.0,0.0,0.0,INT,,,610.0,,0.0,0.0,0.0,0
772474,0.0,0.0,0.0,0.0,0.0,0.0,udp,0.0,,cs0,,249.0,,7.0,,Start,1,1,0,74,74,0,74.0,0.0,0.0,0.0,0.0,0,0,0,0.0,,,0.0,0.0,0.0,INT,,,610.0,,0.0,0.0,0.0,0
772518,0.0,0.0,0.0,0.0,0.0,0.0,udp,0.0,,cs0,,249.0,,7.0,,Start,1,1,0,74,74,0,74.0,0.0,0.0,0.0,0.0,0,0,0,0.0,,,0.0,0.0,0.0,INT,,,610.0,,0.0,0.0,0.0,0
772549,0.0,0.0,0.0,0.0,0.0,0.0,udp,0.0,,cs0,,249.0,,7.0,,Start,1,1,0,74,74,0,74.0,0.0,0.0,0.0,0.0,0,0,0,0.0,,,0.0,0.0,0.0,INT,,,610.0,,0.0,0.0,0.0,0
772617,0.0,0.0,0.0,0.0,0.0,0.0,udp,0.0,,cs0,,249.0,,7.0,,Start,1,1,0,74,74,0,74.0,0.0,0.0,0.0,0.0,0,0,0,0.0,,,0.0,0.0,0.0,INT,,,610.0,,0.0,0.0,0.0,0
772621,0.0,0.0,0.0,0.0,0.0,0.0,udp,0.0,,cs0,,249.0,,7.0,,Start,1,1,0,74,74,0,74.0,0.0,0.0,0.0,0.0,0,0,0,0.0,,,0.0,0.0,0.0,INT,,,610.0,,0.0,0.0,0.0,0
772638,0.0,0.0,0.0,0.0,0.0,0.0,udp,0.0,,cs0,,249.0,,7.0,,Start,1,1,0,74,74,0,74.0,0.0,0.0,0.0,0.0,0,0,0,0.0,,,0.0,0.0,0.0,INT,,,610.0,,0.0,0.0,0.0,0
772654,0.0,0.0,0.0,0.0,0.0,0.0,udp,0.0,,cs0,,249.0,,7.0,,Start,1,1,0,74,74,0,74.0,0.0,0.0,0.0,0.0,0,0,0,0.0,,,0.0,0.0,0.0,INT,,,610.0,,0.0,0.0,0.0,0
772658,0.0,0.0,0.0,0.0,0.0,0.0,udp,0.0,,cs0,,249.0,,7.0,,Start,1,1,0,74,74,0,74.0,0.0,0.0,0.0,0.0,0,0,0,0.0,,,0.0,0.0,0.0,INT,,,610.0,,0.0,0.0,0.0,0
772778,0.0,0.0,0.0,0.0,0.0,0.0,udp,0.0,,cs0,,249.0,,7.0,,Start,1,1,0,74,74,0,74.0,0.0,0.0,0.0,0.0,0,0,0,0.0,,,0.0,0.0,0.0,INT,,,610.0,,0.0,0.0,0.0,0
772838,0.0,0.0,0.0,0.0,0.0,0.0,udp,0.0,,cs0,,249.0,,7.0,,Start,1,1,0,74,74,0,74.0,0.0,0.0,0.0,0.0,0,0,0,0.0,,,0.0,0.0,0.0,INT,,,610.0,,0.0,0.0,0.0,0
772918,0.118169,0.118169,0.118169,0.118169,0.118169,0.118169,tcp,0.0,0.0,cs0,cs0,64.0,117.0,0.0,11.0,Start,15,8,7,6482,1153,5329,144.125,761.285706,377560.9375,68308.94531,309252.0,0,0,0,0.0,0.0,0.0,118.474388,59.237194,50.774738,CON,75776.0,66816.0,,,0.035611,0.020897,0.014714,0
772980,0.0,0.0,0.0,0.0,0.0,0.0,udp,0.0,,cs0,,249.0,,7.0,,Start,1,1,0,74,74,0,74.0,0.0,0.0,0.0,0.0,0,0,0,0.0,,,0.0,0.0,0.0,INT,,,610.0,,0.0,0.0,0.0,0
772989,0.0,0.0,0.0,0.0,0.0,0.0,udp,0.0,,cs0,,249.0,,7.0,,Start,1,1,0,74,74,0,74.0,0.0,0.0,0.0,0.0,0,0,0,0.0,,,0.0,0.0,0.0,INT,,,610.0,,0.0,0.0,0.0,0
772996,0.0,0.0,0.0,0.0,0.0,0.0,udp,0.0,,cs0,,249.0,,7.0,,Start,1,1,0,74,74,0,74.0,0.0,0.0,0.0,0.0,0,0,0,0.0,,,0.0,0.0,0.0,INT,,,610.0,,0.0,0.0,0.0,0
773117,0.0,0.0,0.0,0.0,0.0,0.0,udp,0.0,,cs0,,249.0,,7.0,,Start,1,1,0,74,74,0,74.0,0.0,0.0,0.0,0.0,0,0,0,0.0,,,0.0,0.0,0.0,INT,,,610.0,,0.0,0.0,0.0,0
773122,0.0,0.0,0.0,0.0,0.0,0.0,udp,0.0,,cs0,,249.0,,7.0,,Start,1,1,0,74,74,0,74.0,0.0,0.0,0.0,0.0,0,0,0,0.0,,,0.0,0.0,0.0,INT,,,610.0,,0.0,0.0,0.0,0
773126,0.0,0.0,0.0,0.0,0.0,0.0,udp,0.0,,cs0,,249.0,,7.0,,Start,1,1,0,74,74,0,74.0,0.0,0.0,0.0,0.0,0,0,0,0.0,,,0.0,0.0,0.0,INT,,,610.0,,0.0,0.0,0.0,0
773127,0.0,0.0,0.0,0.0,0.0,0.0,udp,0.0,,cs0,,249.0,,7.0,,Start,1,1,0,74,74,0,74.0,0.0,0.0,0.0,0.0,0,0,0,0.0,,,0.0,0.0,0.0,INT,,,610.0,,0.0,0.0,0.0,0
773133,0.0,0.0,0.0,0.0,0.0,0.0,udp,0.0,,cs0,,249.0,,7.0,,Start,1,1,0,74,74,0,74.0,0.0,0.0,0.0,0.0,0,0,0,0.0,,,0.0,0.0,0.0,INT,,,610.0,,0.0,0.0,0.0,0
773203,0.0,0.0,0.0,0.0,0.0,0.0,udp,0.0,,cs0,,249.0,,7.0,,Start,1,1,0,74,74,0,74.0,0.0,0.0,0.0,0.0,0,0,0,0.0,,,0.0,0.0,0.0,INT,,,610.0,,0.0,0.0,0.0,0
773225,0.0,0.0,0.0,0.0,0.0,0.0,udp,0.0,,cs0,,249.0,,7.0,,Start,1,1,0,74,74,0,74.0,0.0,0.0,0.0,0.0,0,0,0,0.0,,,0.0,0.0,0.0,INT,,,610.0,,0.0,0.0,0.0,0
773261,0.0,0.0,0.0,0.0,0.0,0.0,udp,0.0,,cs0,,249.0,,7.0,,Start,1,1,0,74,74,0,74.0,0.0,0.0,0.0,0.0,0,0,0,0.0,,,0.0,0.0,0.0,INT,,,610.0,,0.0,0.0,0.0,0
773336,0.0,0.0,0.0,0.0,0.0,0.0,udp,0.0,,cs0,,249.0,,7.0,,Start,1,1,0,74,74,0,74.0,0.0,0.0,0.0,0.0,0,0,0,0.0,,,0.0,0.0,0.0,INT,,,610.0,,0.0,0.0,0.0,0
773378,0.0,0.0,0.0,0.0,0.0,0.0,udp,0.0,,cs0,,249.0,,7.0,,Start,1,1,0,74,74,0,74.0,0.0,0.0,0.0,0.0,0,0,0,0.0,,,0.0,0.0,0.0,INT,,,610.0,,0.0,0.0,0.0,0
773399,0.0,0.0,0.0,0.0,0.0,0.0,udp,0.0,,cs0,,249.0,,7.0,,Start,1,1,0,74,74,0,74.0,0.0,0.0,0.0,0.0,0,0,0,0.0,,,0.0,0.0,0.0,INT,,,610.0,,0.0,0.0,0.0,0
773496,0.0,0.0,0.0,0.0,0.0,0.0,udp,0.0,,cs0,,249.0,,7.0,,Start,1,1,0,74,74,0,74.0,0.0,0.0,0.0,0.0,0,0,0,0.0,,,0.0,0.0,0.0,INT,,,610.0,,0.0,0.0,0.0,0
773515,0.0,0.0,0.0,0.0,0.0,0.0,udp,0.0,,cs0,,249.0,,7.0,,Start,1,1,0,74,74,0,74.0,0.0,0.0,0.0,0.0,0,0,0,0.0,,,0.0,0.0,0.0,INT,,,610.0,,0.0,0.0,0.0,0
773521,0.0,0.0,0.0,0.0,0.0,0.0,udp,0.0,,cs0,,249.0,,7.0,,Start,1,1,0,74,74,0,74.0,0.0,0.0,0.0,0.0,0,0,0,0.0,,,0.0,0.0,0.0,INT,,,610.0,,0.0,0.0,0.0,0
773536,0.0,0.0,0.0,0.0,0.0,0.0,udp,0.0,0.0,cs0,cs0,64.0,52.0,0.0,12.0,Status,1,0,1,126,0,126,0.0,126.0,0.0,0.0,0.0,0,0,0,0.0,,,0.0,0.0,0.0,RSP,,,,,0.0,0.0,0.0,0
773547,0.0,0.0,0.0,0.0,0.0,0.0,udp,0.0,,cs0,,249.0,,7.0,,Start,1,1,0,74,74,0,74.0,0.0,0.0,0.0,0.0,0,0,0,0.0,,,0.0,0.0,0.0,INT,,,610.0,,0.0,0.0,0.0,0
773626,0.0,0.0,0.0,0.0,0.0,0.0,udp,0.0,,cs0,,249.0,,7.0,,Start,1,1,0,74,74,0,74.0,0.0,0.0,0.0,0.0,0,0,0,0.0,,,0.0,0.0,0.0,INT,,,610.0,,0.0,0.0,0.0,0
773632,0.0,0.0,0.0,0.0,0.0,0.0,udp,0.0,,cs0,,249.0,,7.0,,Start,1,1,0,74,74,0,74.0,0.0,0.0,0.0,0.0,0,0,0,0.0,,,0.0,0.0,0.0,INT,,,610.0,,0.0,0.0,0.0,0
773687,0.0,0.0,0.0,0.0,0.0,0.0,udp,0.0,,cs0,,249.0,,7.0,,Start,1,1,0,74,74,0,74.0,0.0,0.0,0.0,0.0,0,0,0,0.0,,,0.0,0.0,0.0,INT,,,610.0,,0.0,0.0,0.0,0
773768,0.0,0.0,0.0,0.0,0.0,0.0,udp,0.0,,cs0,,249.0,,7.0,,Start,1,1,0,74,74,0,74.0,0.0,0.0,0.0,0.0,0,0,0,0.0,,,0.0,0.0,0.0,INT,,,610.0,,0.0,0.0,0.0,0
773806,0.0,0.0,0.0,0.0,0.0,0.0,udp,0.0,,cs0,,249.0,,7.0,,Start,1,1,0,74,74,0,74.0,0.0,0.0,0.0,0.0,0,0,0,0.0,,,0.0,0.0,0.0,INT,,,610.0,,0.0,0.0,0.0,0
773833,0.0,0.0,0.0,0.0,0.0,0.0,udp,0.0,,cs0,,249.0,,7.0,,Start,1,1,0,74,74,0,74.0,0.0,0.0,0.0,0.0,0,0,0,0.0,,,0.0,0.0,0.0,INT,,,610.0,,0.0,0.0,0.0,0
773910,0.0,0.0,0.0,0.0,0.0,0.0,udp,0.0,,cs0,,249.0,,7.0,,Start,1,1,0,74,74,0,74.0,0.0,0.0,0.0,0.0,0,0,0,0.0,,,0.0,0.0,0.0,INT,,,610.0,,0.0,0.0,0.0,0
774063,0.0,0.0,0.0,0.0,0.0,0.0,udp,0.0,,cs0,,249.0,,7.0,,Start,1,1,0,74,74,0,74.0,0.0,0.0,0.0,0.0,0,0,0,0.0,,,0.0,0.0,0.0,INT,,,610.0,,0.0,0.0,0.0,0
774071,0.0,0.0,0.0,0.0,0.0,0.0,udp,0.0,,cs0,,249.0,,7.0,,Start,1,1,0,74,74,0,74.0,0.0,0.0,0.0,0.0,0,0,0,0.0,,,0.0,0.0,0.0,INT,,,610.0,,0.0,0.0,0.0,0
774123,0.0,0.0,0.0,0.0,0.0,0.0,udp,0.0,,cs0,,249.0,,7.0,,Start,1,1,0,74,74,0,74.0,0.0,0.0,0.0,0.0,0,0,0,0.0,,,0.0,0.0,0.0,INT,,,610.0,,0.0,0.0,0.0,0
774134,0.0,0.0,0.0,0.0,0.0,0.0,udp,0.0,,cs0,,249.0,,7.0,,Start,1,1,0,74,74,0,74.0,0.0,0.0,0.0,0.0,0,0,0,0.0,,,0.0,0.0,0.0,INT,,,610.0,,0.0,0.0,0.0,0
774159,0.0,0.0,0.0,0.0,0.0,0.0,udp,0.0,,cs0,,249.0,,7.0,,Start,1,1,0,74,74,0,74.0,0.0,0.0,0.0,0.0,0,0,0,0.0,,,0.0,0.0,0.0,INT,,,610.0,,0.0,0.0,0.0,0
774166,0.0,0.0,0.0,0.0,0.0,0.0,udp,0.0,,cs0,,249.0,,7.0,,Start,1,1,0,74,74,0,74.0,0.0,0.0,0.0,0.0,0,0,0,0.0,,,0.0,0.0,0.0,INT,,,610.0,,0.0,0.0,0.0,0
774292,0.0,0.0,0.0,0.0,0.0,0.0,udp,0.0,,cs0,,249.0,,7.0,,Start,1,1,0,74,74,0,74.0,0.0,0.0,0.0,0.0,0,0,0,0.0,,,0.0,0.0,0.0,INT,,,610.0,,0.0,0.0,0.0,0
774320,0.0,0.0,0.0,0.0,0.0,0.0,udp,0.0,,cs0,,249.0,,7.0,,Start,1,1,0,74,74,0,74.0,0.0,0.0,0.0,0.0,0,0,0,0.0,,,0.0,0.0,0.0,INT,,,610.0,,0.0,0.0,0.0,0
774332,0.0,0.0,0.0,0.0,0.0,0.0,udp,0.0,,cs0,,249.0,,7.0,,Start,1,1,0,74,74,0,74.0,0.0,0.0,0.0,0.0,0,0,0,0.0,,,0.0,0.0,0.0,INT,,,610.0,,0.0,0.0,0.0,0
774384,0.0,0.0,0.0,0.0,0.0,0.0,udp,0.0,,cs0,,249.0,,7.0,,Start,1,1,0,74,74,0,74.0,0.0,0.0,0.0,0.0,0,0,0,0.0,,,0.0,0.0,0.0,INT,,,610.0,,0.0,0.0,0.0,0
774478,0.0,0.0,0.0,0.0,0.0,0.0,udp,0.0,,cs0,,249.0,,7.0,,Start,1,1,0,74,74,0,74.0,0.0,0.0,0.0,0.0,0,0,0,0.0,,,0.0,0.0,0.0,INT,,,610.0,,0.0,0.0,0.0,0
774548,0.0,0.0,0.0,0.0,0.0,0.0,udp,0.0,,cs0,,249.0,,7.0,,Start,1,1,0,74,74,0,74.0,0.0,0.0,0.0,0.0,0,0,0,0.0,,,0.0,0.0,0.0,INT,,,610.0,,0.0,0.0,0.0,0
774620,0.0,0.0,0.0,0.0,0.0,0.0,udp,0.0,,cs0,,249.0,,7.0,,Start,1,1,0,74,74,0,74.0,0.0,0.0,0.0,0.0,0,0,0,0.0,,,0.0,0.0,0.0,INT,,,610.0,,0.0,0.0,0.0,0
774657,4.999245,4.999245,4.999245,4.999245,4.999245,4.999245,tcp,0.0,0.0,cs0,cs0,64.0,117.0,0.0,11.0,Status,46,10,36,53786,2479,51307,247.899994,1425.194458,83394.99219,3571.739258,79823.25,0,0,0,0.0,0.0,0.0,9.001359,1.800272,7.001057,CON,523264.0,268544.0,,,0.034708,0.020941,0.013767,0
774685,0.0,0.0,0.0,0.0,0.0,0.0,udp,0.0,,cs0,,249.0,,7.0,,Start,1,1,0,74,74,0,74.0,0.0,0.0,0.0,0.0,0,0,0,0.0,,,0.0,0.0,0.0,INT,,,610.0,,0.0,0.0,0.0,0
774870,0.0,0.0,0.0,0.0,0.0,0.0,udp,0.0,,cs0,,249.0,,7.0,,Start,1,1,0,74,74,0,74.0,0.0,0.0,0.0,0.0,0,0,0,0.0,,,0.0,0.0,0.0,INT,,,610.0,,0.0,0.0,0.0,0
774982,0.0,0.0,0.0,0.0,0.0,0.0,udp,0.0,,cs0,,249.0,,7.0,,Start,1,1,0,74,74,0,74.0,0.0,0.0,0.0,0.0,0,0,0,0.0,,,0.0,0.0,0.0,INT,,,610.0,,0.0,0.0,0.0,0
775022,0.0,0.0,0.0,0.0,0.0,0.0,udp,0.0,,cs0,,249.0,,7.0,,Start,1,1,0,74,74,0,74.0,0.0,0.0,0.0,0.0,0,0,0,0.0,,,0.0,0.0,0.0,INT,,,610.0,,0.0,0.0,0.0,0
775043,0.0,0.0,0.0,0.0,0.0,0.0,udp,0.0,,cs0,,249.0,,7.0,,Start,1,1,0,74,74,0,74.0,0.0,0.0,0.0,0.0,0,0,0,0.0,,,0.0,0.0,0.0,INT,,,610.0,,0.0,0.0,0.0,0
775048,0.0,0.0,0.0,0.0,0.0,0.0,udp,0.0,,cs0,,249.0,,7.0,,Start,1,1,0,74,74,0,74.0,0.0,0.0,0.0,0.0,0,0,0,0.0,,,0.0,0.0,0.0,INT,,,610.0,,0.0,0.0,0.0,0
775083,0.0,0.0,0.0,0.0,0.0,0.0,udp,0.0,,cs0,,249.0,,7.0,,Start,1,1,0,74,74,0,74.0,0.0,0.0,0.0,0.0,0,0,0,0.0,,,0.0,0.0,0.0,INT,,,610.0,,0.0,0.0,0.0,0
775152,0.0,0.0,0.0,0.0,0.0,0.0,udp,0.0,,cs0,,249.0,,7.0,,Start,1,1,0,74,74,0,74.0,0.0,0.0,0.0,0.0,0,0,0,0.0,,,0.0,0.0,0.0,INT,,,610.0,,0.0,0.0,0.0,0
775174,0.0,0.0,0.0,0.0,0.0,0.0,udp,0.0,,cs0,,249.0,,7.0,,Start,1,1,0,74,74,0,74.0,0.0,0.0,0.0,0.0,0,0,0,0.0,,,0.0,0.0,0.0,INT,,,610.0,,0.0,0.0,0.0,0
775195,0.0,0.0,0.0,0.0,0.0,0.0,udp,0.0,,cs0,,249.0,,7.0,,Start,1,1,0,74,74,0,74.0,0.0,0.0,0.0,0.0,0,0,0,0.0,,,0.0,0.0,0.0,INT,,,610.0,,0.0,0.0,0.0,0
775266,0.0,0.0,0.0,0.0,0.0,0.0,udp,0.0,,cs0,,249.0,,7.0,,Start,1,1,0,74,74,0,74.0,0.0,0.0,0.0,0.0,0,0,0,0.0,,,0.0,0.0,0.0,INT,,,610.0,,0.0,0.0,0.0,0
775295,0.0,0.0,0.0,0.0,0.0,0.0,udp,0.0,,cs0,,249.0,,7.0,,Start,1,1,0,74,74,0,74.0,0.0,0.0,0.0,0.0,0,0,0,0.0,,,0.0,0.0,0.0,INT,,,610.0,,0.0,0.0,0.0,0
775296,0.0,0.0,0.0,0.0,0.0,0.0,udp,0.0,,cs0,,249.0,,7.0,,Start,1,1,0,74,74,0,74.0,0.0,0.0,0.0,0.0,0,0,0,0.0,,,0.0,0.0,0.0,INT,,,610.0,,0.0,0.0,0.0,0
775342,0.0,0.0,0.0,0.0,0.0,0.0,udp,0.0,,cs0,,249.0,,7.0,,Start,1,1,0,74,74,0,74.0,0.0,0.0,0.0,0.0,0,0,0,0.0,,,0.0,0.0,0.0,INT,,,610.0,,0.0,0.0,0.0,0
775485,0.0,0.0,0.0,0.0,0.0,0.0,udp,0.0,,cs0,,249.0,,7.0,,Start,1,1,0,74,74,0,74.0,0.0,0.0,0.0,0.0,0,0,0,0.0,,,0.0,0.0,0.0,INT,,,610.0,,0.0,0.0,0.0,0
775503,0.0,0.0,0.0,0.0,0.0,0.0,udp,0.0,,cs0,,249.0,,7.0,,Start,1,1,0,74,74,0,74.0,0.0,0.0,0.0,0.0,0,0,0,0.0,,,0.0,0.0,0.0,INT,,,610.0,,0.0,0.0,0.0,0
775518,0.0,0.0,0.0,0.0,0.0,0.0,udp,0.0,,cs0,,249.0,,7.0,,Start,1,1,0,74,74,0,74.0,0.0,0.0,0.0,0.0,0,0,0,0.0,,,0.0,0.0,0.0,INT,,,610.0,,0.0,0.0,0.0,0
775524,0.0,0.0,0.0,0.0,0.0,0.0,udp,0.0,,cs0,,249.0,,7.0,,Start,1,1,0,74,74,0,74.0,0.0,0.0,0.0,0.0,0,0,0,0.0,,,0.0,0.0,0.0,INT,,,610.0,,0.0,0.0,0.0,0
775525,0.0,0.0,0.0,0.0,0.0,0.0,udp,0.0,,cs0,,249.0,,7.0,,Start,1,1,0,74,74,0,74.0,0.0,0.0,0.0,0.0,0,0,0,0.0,,,0.0,0.0,0.0,INT,,,610.0,,0.0,0.0,0.0,0
775575,0.0,0.0,0.0,0.0,0.0,0.0,udp,0.0,,cs0,,249.0,,7.0,,Start,1,1,0,74,74,0,74.0,0.0,0.0,0.0,0.0,0,0,0,0.0,,,0.0,0.0,0.0,INT,,,610.0,,0.0,0.0,0.0,0
775579,0.0,0.0,0.0,0.0,0.0,0.0,udp,0.0,,cs0,,249.0,,7.0,,Start,1,1,0,74,74,0,74.0,0.0,0.0,0.0,0.0,0,0,0,0.0,,,0.0,0.0,0.0,INT,,,610.0,,0.0,0.0,0.0,0
775643,0.0,0.0,0.0,0.0,0.0,0.0,udp,0.0,,cs0,,249.0,,7.0,,Start,1,1,0,74,74,0,74.0,0.0,0.0,0.0,0.0,0,0,0,0.0,,,0.0,0.0,0.0,INT,,,610.0,,0.0,0.0,0.0,0
775657,0.0,0.0,0.0,0.0,0.0,0.0,udp,0.0,,cs0,,249.0,,7.0,,Start,1,1,0,74,74,0,74.0,0.0,0.0,0.0,0.0,0,0,0,0.0,,,0.0,0.0,0.0,INT,,,610.0,,0.0,0.0,0.0,0
775769,0.001505,0.001505,0.001505,0.001505,0.001505,0.001505,udp,0.0,32.0,cs0,cs1,64.0,63.0,0.0,1.0,Start,2,1,1,213,76,137,76.0,137.0,0.0,0.0,0.0,0,0,0,0.0,,,664.451782,0.0,0.0,CON,,,,,0.0,0.0,0.0,0
775782,0.0,0.0,0.0,0.0,0.0,0.0,udp,0.0,,cs0,,249.0,,7.0,,Start,1,1,0,74,74,0,74.0,0.0,0.0,0.0,0.0,0,0,0,0.0,,,0.0,0.0,0.0,INT,,,610.0,,0.0,0.0,0.0,0
775863,0.0,0.0,0.0,0.0,0.0,0.0,udp,0.0,,cs0,,249.0,,7.0,,Start,1,1,0,74,74,0,74.0,0.0,0.0,0.0,0.0,0,0,0,0.0,,,0.0,0.0,0.0,INT,,,610.0,,0.0,0.0,0.0,0
775910,0.0,0.0,0.0,0.0,0.0,0.0,udp,0.0,,cs0,,249.0,,7.0,,Start,1,1,0,74,74,0,74.0,0.0,0.0,0.0,0.0,0,0,0,0.0,,,0.0,0.0,0.0,INT,,,610.0,,0.0,0.0,0.0,0
775964,0.0,0.0,0.0,0.0,0.0,0.0,udp,0.0,,cs0,,249.0,,7.0,,Start,1,1,0,74,74,0,74.0,0.0,0.0,0.0,0.0,0,0,0,0.0,,,0.0,0.0,0.0,INT,,,610.0,,0.0,0.0,0.0,0
775967,0.0,0.0,0.0,0.0,0.0,0.0,udp,0.0,,cs0,,249.0,,7.0,,Start,1,1,0,74,74,0,74.0,0.0,0.0,0.0,0.0,0,0,0,0.0,,,0.0,0.0,0.0,INT,,,610.0,,0.0,0.0,0.0,0
775968,0.0,0.0,0.0,0.0,0.0,0.0,udp,0.0,,cs0,,249.0,,7.0,,Start,1,1,0,74,74,0,74.0,0.0,0.0,0.0,0.0,0,0,0,0.0,,,0.0,0.0,0.0,INT,,,610.0,,0.0,0.0,0.0,0
775989,0.0,0.0,0.0,0.0,0.0,0.0,udp,0.0,,cs0,,249.0,,7.0,,Start,1,1,0,74,74,0,74.0,0.0,0.0,0.0,0.0,0,0,0,0.0,,,0.0,0.0,0.0,INT,,,610.0,,0.0,0.0,0.0,0
776023,0.0,0.0,0.0,0.0,0.0,0.0,udp,0.0,,cs0,,249.0,,7.0,,Start,1,1,0,74,74,0,74.0,0.0,0.0,0.0,0.0,0,0,0,0.0,,,0.0,0.0,0.0,INT,,,610.0,,0.0,0.0,0.0,0
776035,0.0,0.0,0.0,0.0,0.0,0.0,udp,0.0,,cs0,,249.0,,7.0,,Start,1,1,0,74,74,0,74.0,0.0,0.0,0.0,0.0,0,0,0,0.0,,,0.0,0.0,0.0,INT,,,610.0,,0.0,0.0,0.0,0
776122,0.203669,0.203669,0.203669,0.203669,0.203669,0.203669,sctp,186.0,40.0,ef,af11,255.0,250.0,1.0,6.0,Status,4,2,2,364,192,172,96.0,86.0,7148.854492,3770.824219,3378.030029,0,0,0,0.0,,,14.729782,4.909927,4.909927,CON,,,,610.0,0.0,0.0,0.0,0
776149,0.0,0.0,0.0,0.0,0.0,0.0,udp,0.0,,cs0,,249.0,,7.0,,Shutdown,1,1,0,74,74,0,74.0,0.0,0.0,0.0,0.0,0,0,0,0.0,,,0.0,0.0,0.0,REQ,,,610.0,,0.0,0.0,0.0,0
776159,0.0,0.0,0.0,0.0,0.0,0.0,udp,0.0,,cs0,,249.0,,7.0,,Shutdown,1,1,0,74,74,0,74.0,0.0,0.0,0.0,0.0,0,0,0,0.0,,,0.0,0.0,0.0,REQ,,,610.0,,0.0,0.0,0.0,0
776170,0.0,0.0,0.0,0.0,0.0,0.0,udp,0.0,,cs0,,249.0,,7.0,,Shutdown,1,1,0,74,74,0,74.0,0.0,0.0,0.0,0.0,0,0,0,0.0,,,0.0,0.0,0.0,REQ,,,610.0,,0.0,0.0,0.0,0
776187,0.0,0.0,0.0,0.0,0.0,0.0,udp,0.0,,cs0,,249.0,,7.0,,Shutdown,1,1,0,74,74,0,74.0,0.0,0.0,0.0,0.0,0,0,0,0.0,,,0.0,0.0,0.0,REQ,,,610.0,,0.0,0.0,0.0,0
776191,5.978457,5.978457,5.978457,5.978457,5.978457,5.978457,udp,0.0,,cs0,,249.0,,7.0,,Shutdown,2,2,0,148,148,0,74.0,0.0,99.022209,99.022209,0.0,0,0,0,0.0,,,0.167267,0.167267,0.0,REQ,,,610.0,,0.0,0.0,0.0,0
776198,0.0,0.0,0.0,0.0,0.0,0.0,udp,0.0,,cs0,,249.0,,7.0,,Shutdown,1,1,0,74,74,0,74.0,0.0,0.0,0.0,0.0,0,0,0,0.0,,,0.0,0.0,0.0,REQ,,,610.0,,0.0,0.0,0.0,0
776248,0.0,0.0,0.0,0.0,0.0,0.0,udp,0.0,,cs0,,249.0,,7.0,,Shutdown,1,1,0,74,74,0,74.0,0.0,0.0,0.0,0.0,0,0,0,0.0,,,0.0,0.0,0.0,REQ,,,610.0,,0.0,0.0,0.0,0
776456,0.0,0.0,0.0,0.0,0.0,0.0,icmp,0.0,,cs0,,58.0,,6.0,,Start,1,1,0,98,98,0,98.0,0.0,0.0,0.0,0.0,0,0,0,0.0,,,0.0,0.0,0.0,ECO,,,,,0.0,0.0,0.0,0
776519,4.914445,4.914445,4.914445,4.914445,4.914445,4.914445,udp,0.0,0.0,cs0,cs0,117.0,64.0,11.0,0.0,Status,87,77,10,104706,100806,3900,1309.168823,390.0,167680.375,161966.6094,5713.768555,0,0,0,0.0,,,17.499434,15.464615,1.831336,CON,,,,,0.0,0.0,0.0,0
776525,0.209843,0.209843,0.209843,0.209843,0.209843,0.209843,udp,0.0,0.0,cs0,cs0,64.0,52.0,0.0,12.0,Start,14,8,6,8679,5267,3412,658.375,568.666687,284136.25,175712.3281,108423.9219,0,0,0,0.0,,,61.95108,33.358273,23.827337,CON,,,,,0.0,0.0,0.0,0
776543,4.937204,4.937204,4.937204,4.937204,4.937204,4.937204,udp,0.0,0.0,cs0,cs0,117.0,64.0,11.0,0.0,Status,114,107,7,146754,143463,3291,1340.775757,470.142853,234860.0625,230289.0469,4571.008301,0,0,0,0.0,,,22.887449,21.469643,1.215263,CON,,,,,0.0,0.0,0.0,0
776581,0.135108,0.135108,0.135108,0.135108,0.135108,0.135108,tcp,0.0,0.0,cs0,cs0,64.0,63.0,0.0,1.0,Start,13,7,6,1730,847,883,121.0,147.166672,86567.78906,42987.83203,43579.95313,0,0,0,0.0,0.0,0.0,88.817841,44.40892,37.007431,CON,68096.0,31104.0,,,0.017004,0.00116,0.015844,0
776618,4.990514,4.990514,4.990514,4.990514,4.990514,4.990514,udp,0.0,0.0,cs0,cs0,117.0,64.0,11.0,0.0,Status,101,91,10,121073,116484,4589,1280.043945,458.899994,191298.9375,184676.7813,6622.164062,0,0,0,0.0,,,20.038017,18.034216,1.803421,CON,,,,,0.0,0.0,0.0,0
776621,0.0,0.0,0.0,0.0,0.0,0.0,udp,0.0,,cs0,,249.0,,7.0,,Start,1,1,0,74,74,0,74.0,0.0,0.0,0.0,0.0,0,0,0,0.0,,,0.0,0.0,0.0,INT,,,610.0,,0.0,0.0,0.0,0
776673,4.88526,4.88526,4.88526,4.88526,4.88526,4.88526,udp,0.0,0.0,cs0,cs0,117.0,64.0,11.0,0.0,Status,99,94,5,122931,119888,3043,1275.404297,608.599976,198225.6719,194238.1719,3987.505127,0,0,0,0.0,,,20.060345,19.036858,0.81879,CON,,,,,0.0,0.0,0.0,0
776706,0.0,0.0,0.0,0.0,0.0,0.0,icmp,0.0,,cs0,,58.0,,6.0,,Start,1,1,0,98,98,0,98.0,0.0,0.0,0.0,0.0,0,0,0,0.0,,,0.0,0.0,0.0,ECO,,,,,0.0,0.0,0.0,0
776735,0.206702,0.206702,0.206702,0.206702,0.206702,0.206702,udp,0.0,0.0,cs0,cs0,117.0,64.0,11.0,0.0,Status,121,110,11,150216,146714,3502,1333.763672,318.363647,5749920.5,5626690.0,123230.5469,0,0,0,0.0,,,580.545898,527.329224,48.378826,CON,,,,,0.0,0.0,0.0,0
776813,0.191861,0.191861,0.191861,0.191861,0.191861,0.191861,udp,0.0,0.0,cs0,cs0,64.0,52.0,0.0,12.0,Start,14,8,6,8594,5267,3327,658.375,554.5,307806.1563,192180.7969,115625.375,0,0,0,0.0,,,67.757385,36.484745,26.060534,CON,,,,,0.0,0.0,0.0,0
776848,0.048917,0.048917,0.048917,0.048917,0.048917,0.048917,udp,0.0,0.0,cs0,cs0,64.0,117.0,0.0,11.0,Status,4,2,2,438,300,138,150.0,69.0,35815.76953,24531.34961,11284.4209,0,0,0,0.0,,,61.328373,20.442791,20.442791,CON,,,,,0.0,0.0,0.0,0
776878,0.058486,0.058486,0.058486,0.058486,0.058486,0.058486,udp,0.0,0.0,cs0,cs0,64.0,117.0,0.0,11.0,Status,6,3,3,728,528,200,176.0,66.666664,66477.44531,48148.27344,18329.17383,0,0,0,0.0,,,85.490547,34.196217,34.196217,CON,,,,,0.0,0.0,0.0,0
776923,4.947558,4.947558,4.947558,4.947558,4.947558,4.947558,udp,0.0,0.0,cs0,cs0,117.0,64.0,11.0,0.0,Status,94,79,15,106657,100879,5778,1276.949341,385.200012,169774.2656,161054.0,8720.261719,0,0,0,0.0,,,18.797152,15.765353,2.829679,CON,,,,,0.0,0.0,0.0,0
776975,0.0,0.0,0.0,0.0,0.0,0.0,icmp,0.0,,cs0,,58.0,,6.0,,Start,1,1,0,98,98,0,98.0,0.0,0.0,0.0,0.0,0,0,0,0.0,,,0.0,0.0,0.0,ECO,,,,,0.0,0.0,0.0,0
777024,0.0,0.0,0.0,0.0,0.0,0.0,icmp,0.0,,cs0,,58.0,,6.0,,Start,1,1,0,98,98,0,98.0,0.0,0.0,0.0,0.0,0,0,0,0.0,,,0.0,0.0,0.0,ECO,,,,,0.0,0.0,0.0,0
777046,2.629586,2.629586,2.629586,2.629586,2.629586,2.629586,sctp,186.0,40.0,ef,af11,255.0,250.0,1.0,6.0,Status,6,3,3,1596,358,1238,119.333336,412.666656,3240.053711,727.110657,2512.943115,0,0,0,0.0,,,1.90144,0.760576,0.760576,CON,,,,610.0,0.0,0.0,0.0,0
777067,0.0,0.0,0.0,0.0,0.0,0.0,udp,0.0,,cs0,,249.0,,7.0,,Start,1,1,0,74,74,0,74.0,0.0,0.0,0.0,0.0,0,0,0,0.0,,,0.0,0.0,0.0,INT,,,610.0,,0.0,0.0,0.0,0
777077,0.0,0.0,0.0,0.0,0.0,0.0,icmp,0.0,,cs0,,58.0,,6.0,,Start,1,1,0,98,98,0,98.0,0.0,0.0,0.0,0.0,0,0,0,0.0,,,0.0,0.0,0.0,ECO,,,,,0.0,0.0,0.0,0
777106,0.0,0.0,0.0,0.0,0.0,0.0,sctp,186.0,186.0,ef,ef,255.0,252.0,1.0,4.0,Status,2,1,1,200,98,102,98.0,102.0,0.0,0.0,0.0,0,0,0,0.0,,,0.0,0.0,0.0,CON,,,,610.0,0.0,0.0,0.0,0
777129,4.999142,4.999142,4.999142,4.999142,4.999142,4.999142,udp,0.0,0.0,cs0,cs0,117.0,64.0,11.0,0.0,Status,155,144,11,196157,192240,3917,1335.0,356.090912,311199.0,305500.4063,5698.577637,0,0,0,0.0,,,30.805285,28.604908,2.000343,CON,,,,,0.0,0.0,0.0,0
777165,4.998715,4.998715,4.998715,4.998715,4.998715,4.998715,udp,0.0,0.0,cs0,cs0,117.0,64.0,11.0,0.0,Status,180,166,14,228512,224335,4177,1351.415649,298.357147,363074.125,356866.125,6207.995605,0,0,0,0.0,,,35.809204,33.008484,2.600668,CON,,,,,0.0,0.0,0.0,0
777191,0.0,0.0,0.0,0.0,0.0,0.0,icmp,0.0,,cs0,,58.0,,6.0,,Start,1,1,0,98,98,0,98.0,0.0,0.0,0.0,0.0,0,0,0,0.0,,,0.0,0.0,0.0,ECO,,,,,0.0,0.0,0.0,0
777385,4.914609,4.914609,4.914609,4.914609,4.914609,4.914609,udp,0.0,0.0,cs0,cs0,117.0,64.0,11.0,0.0,Status,111,106,5,137900,135883,2017,1281.915039,403.399994,221732.3906,219105.125,2627.269043,0,0,0,0.0,,,22.382248,21.364874,0.8139,CON,,,,,0.0,0.0,0.0,0
777408,4.990787,4.990787,4.990787,4.990787,4.990787,4.990787,udp,0.0,0.0,cs0,cs0,117.0,64.0,11.0,0.0,Status,129,115,14,154678,148501,6177,1291.312988,441.214294,245165.3438,235970.7969,9194.541992,0,0,0,0.0,,,25.647257,22.842089,2.6048,CON,,,,,0.0,0.0,0.0,0
777557,0.00037,0.00037,0.00037,0.00037,0.00037,0.00037,sctp,186.0,186.0,ef,ef,255.0,252.0,1.0,4.0,Status,2,1,1,192,94,98,94.0,98.0,0.0,0.0,0.0,0,0,0,0.0,,,2702.702637,0.0,0.0,CON,,,,610.0,0.0,0.0,0.0,0
777593,4.964481,4.964481,4.964481,4.964481,4.964481,4.964481,udp,0.0,0.0,cs0,cs0,117.0,64.0,11.0,0.0,Status,127,117,10,159376,155321,4055,1327.529907,405.5,254035.0156,248153.2344,5881.783203,0,0,0,0.0,,,25.380297,23.365988,1.812878,CON,,,,,0.0,0.0,0.0,0
777604,0.059775,0.059775,0.059775,0.059775,0.059775,0.059775,udp,0.0,0.0,cs0,cs0,64.0,52.0,0.0,12.0,Start,7,4,3,4499,2642,1857,660.5,619.0,430949.4063,265261.4063,165688.0,0,0,0,0.0,,,100.376411,50.188206,33.458805,CON,,,,,0.0,0.0,0.0,0
777625,0.052986,0.052986,0.052986,0.052986,0.052986,0.052986,udp,0.0,0.0,cs0,cs0,64.0,117.0,0.0,11.0,Status,5,3,2,667,528,139,176.0,69.5,63714.94531,53146.11328,10568.8291,0,0,0,0.0,,,75.491638,37.745819,18.87291,CON,,,,,0.0,0.0,0.0,0
777632,0.0,0.0,0.0,0.0,0.0,0.0,icmp,0.0,,cs0,,58.0,,6.0,,Start,1,1,0,98,98,0,98.0,0.0,0.0,0.0,0.0,0,0,0,0.0,,,0.0,0.0,0.0,ECO,,,,,0.0,0.0,0.0,0
777763,0.052897,0.052897,0.052897,0.052897,0.052897,0.052897,udp,0.0,0.0,cs0,cs0,64.0,117.0,0.0,11.0,Status,6,3,3,732,530,202,176.666672,67.333336,73955.04688,53538.00781,20417.03711,0,0,0,0.0,,,94.523323,37.80933,37.80933,CON,,,,,0.0,0.0,0.0,0
777800,4.930069,4.930069,4.930069,4.930069,4.930069,4.930069,udp,0.0,0.0,cs0,cs0,117.0,64.0,11.0,0.0,Status,26,16,10,20464,17215,3249,1075.9375,324.899994,30936.6875,26190.30273,4746.383789,0,0,0,0.0,,,5.070923,3.042554,1.825532,CON,,,,,0.0,0.0,0.0,0
777823,0.0,0.0,0.0,0.0,0.0,0.0,icmp,0.0,,cs0,,58.0,,6.0,,Start,1,1,0,98,98,0,98.0,0.0,0.0,0.0,0.0,0,0,0,0.0,,,0.0,0.0,0.0,ECO,,,,,0.0,0.0,0.0,0
777860,4.961989,4.961989,4.961989,4.961989,4.961989,4.961989,tcp,0.0,0.0,cs0,cs0,64.0,63.0,0.0,1.0,Status,6,4,2,427,295,132,73.75,66.0,464.329926,357.92099,106.408943,0,0,0,0.0,0.0,0.0,1.007661,0.604596,0.201532,FIN,100352.0,32256.0,,,0.069009,0.001101,0.067908,0
777869,0.174277,0.174277,0.174277,0.174277,0.174277,0.174277,udp,0.0,0.0,cs0,cs0,64.0,53.0,0.0,11.0,Start,17,10,7,11755,8078,3677,807.799988,525.285706,478456.7188,333767.5313,144689.2031,0,0,0,0.0,,,91.807877,51.64193,34.427952,CON,,,,,0.0,0.0,0.0,0
777934,0.0,0.0,0.0,0.0,0.0,0.0,icmp,0.0,,cs0,,58.0,,6.0,,Start,1,1,0,98,98,0,98.0,0.0,0.0,0.0,0.0,0,0,0,0.0,,,0.0,0.0,0.0,ECO,,,,,0.0,0.0,0.0,0
778018,0.0,0.0,0.0,0.0,0.0,0.0,icmp,0.0,,cs0,,58.0,,6.0,,Start,1,1,0,98,98,0,98.0,0.0,0.0,0.0,0.0,0,0,0,0.0,,,0.0,0.0,0.0,ECO,,,,,0.0,0.0,0.0,0
778109,4.975099,4.975099,4.975099,4.975099,4.975099,4.975099,udp,0.0,0.0,cs0,cs0,117.0,64.0,11.0,0.0,Status,79,62,17,83710,79700,4010,1285.483887,235.882355,132162.1875,126091.9609,6070.230957,0,0,0,0.0,,,15.67808,12.261063,3.216016,CON,,,,,0.0,0.0,0.0,0
778113,0.063858,0.063858,0.063858,0.063858,0.063858,0.063858,udp,0.0,0.0,cs0,cs0,64.0,117.0,0.0,11.0,Status,6,3,3,731,529,202,176.333328,67.333336,61135.64063,44223.11719,16912.52344,0,0,0,0.0,,,78.298721,31.319489,31.319489,CON,,,,,0.0,0.0,0.0,0
778134,0.064586,0.064586,0.064586,0.064586,0.064586,0.064586,udp,0.0,0.0,cs0,cs0,64.0,117.0,0.0,11.0,Status,7,4,3,964,761,203,190.25,67.666664,87573.15625,70727.40625,16845.75586,0,0,0,0.0,,,92.899391,46.449696,30.966463,CON,,,,,0.0,0.0,0.0,0
778167,4.99957,4.99957,4.99957,4.99957,4.99957,4.99957,udp,0.0,0.0,cs0,cs0,117.0,64.0,11.0,0.0,Status,212,190,22,257547,252637,4910,1329.668457,223.181824,409627.25,402127.4063,7499.845215,0,0,0,0.0,,,42.203629,37.803253,4.200361,CON,,,,,0.0,0.0,0.0,0
778195,0.060018,0.060018,0.060018,0.060018,0.060018,0.060018,udp,0.0,0.0,cs0,cs0,64.0,117.0,0.0,11.0,Status,6,3,3,734,531,203,177.0,67.666664,65313.73828,47185.84375,18127.89453,0,0,0,0.0,,,83.308342,33.323338,33.323338,CON,,,,,0.0,0.0,0.0,0
778287,0.0,0.0,0.0,0.0,0.0,0.0,sctp,186.0,40.0,ef,af11,255.0,250.0,1.0,6.0,Status,2,1,1,232,114,118,114.0,118.0,0.0,0.0,0.0,0,0,0,0.0,,,0.0,0.0,0.0,CON,,,,610.0,0.0,0.0,0.0,0
778350,0.073093,0.073093,0.073093,0.073093,0.073093,0.073093,udp,0.0,0.0,cs0,cs0,64.0,117.0,0.0,11.0,Status,5,3,2,670,531,139,177.0,69.5,46406.63281,38745.16016,7661.472656,0,0,0,0.0,,,54.724804,27.362402,13.681201,CON,,,,,0.0,0.0,0.0,0
778373,4.975198,4.975198,4.975198,4.975198,4.975198,4.975198,udp,0.0,0.0,cs0,cs0,117.0,64.0,11.0,0.0,Status,170,160,10,213805,212117,1688,1325.731201,168.800003,341392.6563,338948.5313,2444.124023,0,0,0,0.0,,,33.968498,31.958529,1.808973,CON,,,,,0.0,0.0,0.0,0
778397,4.966152,4.966152,4.966152,4.966152,4.966152,4.966152,udp,0.0,0.0,cs0,cs0,117.0,64.0,11.0,0.0,Status,163,155,8,213311,209557,3754,1351.980591,469.25,340691.9688,335400.125,5291.823242,0,0,0,0.0,,,32.620831,31.009924,1.409542,CON,,,,,0.0,0.0,0.0,0
778437,0.0,0.0,0.0,0.0,0.0,0.0,icmp,0.0,,cs0,,58.0,,6.0,,Start,1,1,0,98,98,0,98.0,0.0,0.0,0.0,0.0,0,0,0,0.0,,,0.0,0.0,0.0,ECO,,,,,0.0,0.0,0.0,0
778445,4.907786,4.907786,4.907786,4.907786,4.907786,4.907786,udp,0.0,0.0,cs0,cs0,117.0,64.0,11.0,0.0,Status,168,153,15,205043,199820,5223,1306.013062,348.200012,331536.875,323590.3125,7946.557129,0,0,0,0.0,,,34.027565,30.971197,2.85261,CON,,,,,0.0,0.0,0.0,0
778491,4.815619,4.815619,4.815619,4.815619,4.815619,4.815619,udp,0.0,0.0,cs0,cs0,117.0,64.0,11.0,0.0,Status,157,127,30,173037,167543,5494,1319.236206,183.133331,284964.4063,276141.4375,8822.957031,0,0,0,0.0,,,32.394588,26.16486,6.022071,CON,,,,,0.0,0.0,0.0,0
778519,0.117032,0.117032,0.117032,0.117032,0.117032,0.117032,udp,0.0,0.0,cs0,cs0,64.0,53.0,0.0,11.0,Start,21,11,10,6887,2515,4372,228.636368,437.200012,425319.5625,156333.3125,268986.25,0,0,0,0.0,,,170.893433,85.446716,76.902046,CON,,,,,0.0,0.0,0.0,0
778533,0.047875,0.047875,0.047875,0.047875,0.047875,0.047875,udp,0.0,0.0,cs0,cs0,64.0,117.0,0.0,11.0,Status,6,3,3,752,549,203,183.0,67.666664,83885.11719,61159.26953,22725.84961,0,0,0,0.0,,,104.438644,41.775459,41.775459,CON,,,,,0.0,0.0,0.0,0
778587,4.981322,4.981322,4.981322,4.981322,4.981322,4.981322,udp,0.0,0.0,cs0,cs0,117.0,64.0,11.0,0.0,Status,130,109,21,142800,135949,6851,1247.238525,326.238098,226810.4844,216331.3281,10479.14648,0,0,0,0.0,,,25.89674,21.680992,4.014998,CON,,,,,0.0,0.0,0.0,0
778592,0.0,0.0,0.0,0.0,0.0,0.0,icmp,0.0,,cs0,,58.0,,6.0,,Start,1,1,0,98,98,0,98.0,0.0,0.0,0.0,0.0,0,0,0,0.0,,,0.0,0.0,0.0,ECO,,,,,0.0,0.0,0.0,0
778593,4.999957,4.999957,4.999957,4.999957,4.999957,4.999957,tcp,0.0,0.0,cs0,cs0,64.0,63.0,0.0,1.0,Status,5,4,1,361,295,66,73.75,66.0,355.203064,355.203064,0.0,0,0,0,0.0,0.0,0.0,0.800007,0.600005,0.0,FIN,82944.0,33280.0,,,0.015654,0.001041,0.014613,0
778597,0.067007,0.067007,0.067007,0.067007,0.067007,0.067007,udp,0.0,0.0,cs0,cs0,64.0,117.0,0.0,11.0,Status,6,3,3,733,531,202,177.0,67.333336,58381.96094,42264.24219,16117.71973,0,0,0,0.0,,,74.619072,29.84763,29.84763,CON,,,,,0.0,0.0,0.0,0
825661,0.65302,0.65302,0.65302,0.65302,0.65302,0.65302,udp,0.0,0.0,cs0,cs0,64.0,117.0,0.0,11.0,Status,14,7,7,1466,989,477,141.285721,68.14286,15399.22168,10388.65527,5010.565918,0,0,0,0.0,,,19.907505,9.18808,9.18808,CON,,,,,0.0,0.0,0.0,0
883028,0.0,0.0,0.0,0.0,0.0,0.0,icmp,0.0,,cs0,,58.0,,6.0,,Start,1,1,0,98,98,0,98.0,0.0,0.0,0.0,0.0,0,0,0,0.0,,,0.0,0.0,0.0,ECO,,,,,0.0,0.0,0.0,0
973472,0.052915,0.052915,0.052915,0.052915,0.052915,0.052915,udp,0.0,0.0,cs0,cs0,64.0,117.0,0.0,11.0,Status,5,3,2,670,531,139,177.0,69.5,64102.80859,53519.79688,10583.01074,0,0,0,0.0,,,75.592934,37.796467,18.898233,CON,,,,,0.0,0.0,0.0,0
1059686,0.0,0.0,0.0,0.0,0.0,0.0,icmp,0.0,,cs0,,58.0,,6.0,,Start,1,1,0,98,98,0,98.0,0.0,0.0,0.0,0.0,0,0,0,0.0,,,0.0,0.0,0.0,ECO,,,,,0.0,0.0,0.0,0
1059734,4.981664,4.981664,4.981664,4.981664,4.981664,4.981664,udp,0.0,0.0,cs0,cs0,117.0,64.0,11.0,0.0,Status,102,91,11,118079,115076,3003,1264.571411,273.0,187153.5313,182769.4531,4384.077148,0,0,0,0.0,,,20.274349,18.066252,2.007361,CON,,,,,0.0,0.0,0.0,0
1059739,0.0,0.0,0.0,0.0,0.0,0.0,icmp,0.0,,cs0,,58.0,,6.0,,Start,1,1,0,98,98,0,98.0,0.0,0.0,0.0,0.0,0,0,0,0.0,,,0.0,0.0,0.0,ECO,,,,,0.0,0.0,0.0,0
1059770,0.964884,0.964884,0.964884,0.964884,0.964884,0.964884,tcp,0.0,0.0,cs0,cs0,64.0,63.0,0.0,1.0,Status,5,3,2,839,357,482,119.0,241.0,3971.461914,1973.294189,1998.167725,0,0,0,0.0,0.0,0.0,4.145576,2.072788,1.036394,CON,78336.0,32256.0,,,0.014998,0.001135,0.013863,0
1059789,0.192859,0.192859,0.192859,0.192859,0.192859,0.192859,udp,0.0,0.0,cs0,cs0,64.0,53.0,0.0,11.0,Start,17,10,7,12045,7998,4047,799.799988,578.142883,442520.1875,298622.3125,143897.875,0,0,0,0.0,,,82.962166,46.666218,31.110813,CON,,,,,0.0,0.0,0.0,0
1059828,4.988928,4.988928,4.988928,4.988928,4.988928,4.988928,udp,0.0,0.0,cs0,cs0,117.0,64.0,11.0,0.0,Status,113,89,24,119623,113247,6376,1272.438232,265.666656,189356.9375,179557.625,9799.299805,0,0,0,0.0,,,22.449713,17.639061,4.610209,CON,,,,,0.0,0.0,0.0,0
1059837,0.0,0.0,0.0,0.0,0.0,0.0,icmp,0.0,,cs0,,58.0,,6.0,,Start,1,1,0,98,98,0,98.0,0.0,0.0,0.0,0.0,0,0,0,0.0,,,0.0,0.0,0.0,ECO,,,,,0.0,0.0,0.0,0
1060007,0.146927,0.146927,0.146927,0.146927,0.146927,0.146927,udp,0.0,0.0,cs0,cs0,64.0,53.0,0.0,11.0,Start,17,10,7,12113,8078,4035,807.799988,576.428589,584235.6875,395897.2813,188338.4219,0,0,0,0.0,,,108.897614,61.25491,40.836605,CON,,,,,0.0,0.0,0.0,0
1060069,0.0,0.0,0.0,0.0,0.0,0.0,icmp,0.0,,cs0,,58.0,,6.0,,Start,1,1,0,98,98,0,98.0,0.0,0.0,0.0,0.0,0,0,0,0.0,,,0.0,0.0,0.0,ECO,,,,,0.0,0.0,0.0,0
1060110,0.136986,0.136986,0.136986,0.136986,0.136986,0.136986,udp,0.0,0.0,cs0,cs0,64.0,53.0,0.0,11.0,Start,18,10,8,11936,8078,3858,807.799988,482.25,621786.1875,424627.3125,197158.8281,0,0,0,0.0,,,124.100273,65.700142,51.100113,CON,,,,,0.0,0.0,0.0,0
1060434,0.057825,0.057825,0.057825,0.057825,0.057825,0.057825,udp,0.0,0.0,cs0,cs0,64.0,117.0,0.0,11.0,Status,6,3,3,733,531,202,177.0,67.333336,67652.39844,48975.35938,18677.04297,0,0,0,0.0,,,86.467789,34.587116,34.587116,CON,,,,,0.0,0.0,0.0,0
1060436,0.0,0.0,0.0,0.0,0.0,0.0,icmp,0.0,,cs0,,58.0,,6.0,,Start,1,1,0,98,98,0,98.0,0.0,0.0,0.0,0.0,0,0,0,0.0,,,0.0,0.0,0.0,ECO,,,,,0.0,0.0,0.0,0
1060441,0.0,0.0,0.0,0.0,0.0,0.0,icmp,0.0,,cs0,,58.0,,6.0,,Start,1,1,0,98,98,0,98.0,0.0,0.0,0.0,0.0,0,0,0,0.0,,,0.0,0.0,0.0,ECO,,,,,0.0,0.0,0.0,0
1060611,4.84103,4.84103,4.84103,4.84103,4.84103,4.84103,udp,0.0,0.0,cs0,cs0,117.0,64.0,11.0,0.0,Status,147,134,13,183325,179656,3669,1340.716431,282.230774,300271.625,294674.4688,5597.155762,0,0,0,0.0,,,30.158871,27.473492,2.478811,CON,,,,,0.0,0.0,0.0,0
1060681,0.055895,0.055895,0.055895,0.055895,0.055895,0.055895,udp,0.0,0.0,cs0,cs0,64.0,117.0,0.0,11.0,Status,6,3,3,733,531,202,177.0,67.333336,69988.36719,50666.42578,19321.94336,0,0,0,0.0,,,89.453438,35.781376,35.781376,CON,,,,,0.0,0.0,0.0,0
1060785,0.0,0.0,0.0,0.0,0.0,0.0,icmp,0.0,,cs0,,58.0,,6.0,,Start,1,1,0,98,98,0,98.0,0.0,0.0,0.0,0.0,0,0,0,0.0,,,0.0,0.0,0.0,ECO,,,,,0.0,0.0,0.0,0
1060825,0.0,0.0,0.0,0.0,0.0,0.0,icmp,0.0,,cs0,,58.0,,6.0,,Start,1,1,0,98,98,0,98.0,0.0,0.0,0.0,0.0,0,0,0,0.0,,,0.0,0.0,0.0,ECO,,,,,0.0,0.0,0.0,0
1060909,0.047019,0.047019,0.047019,0.047019,0.047019,0.047019,udp,0.0,0.0,cs0,cs0,64.0,117.0,0.0,11.0,Status,6,3,3,734,531,203,177.0,67.666664,83370.54688,60230.96875,23139.58203,0,0,0,0.0,,,106.339989,42.535995,42.535995,CON,,,,,0.0,0.0,0.0,0
1060944,0.052906,0.052906,0.052906,0.052906,0.052906,0.052906,udp,0.0,0.0,cs0,cs0,64.0,52.0,0.0,12.0,Start,7,4,3,4499,2642,1857,660.5,619.0,486901.3125,299701.375,187199.9375,0,0,0,0.0,,,113.408691,56.704346,37.802895,CON,,,,,0.0,0.0,0.0,0
1060974,4.990114,4.990114,4.990114,4.990114,4.990114,4.990114,udp,0.0,0.0,cs0,cs0,117.0,64.0,11.0,0.0,Status,114,102,12,139403,135203,4200,1325.519653,350.0,220801.3594,214629.1563,6172.203613,0,0,0,0.0,,,22.644772,20.240017,2.204358,CON,,,,,0.0,0.0,0.0,0
1060997,0.0,0.0,0.0,0.0,0.0,0.0,sctp,186.0,186.0,ef,ef,255.0,252.0,1.0,4.0,Status,2,1,1,200,98,102,98.0,102.0,0.0,0.0,0.0,0,0,0,0.0,,,0.0,0.0,0.0,CON,,,,610.0,0.0,0.0,0.0,0
1060998,2.999287,2.999287,2.999287,2.999287,2.999287,2.999287,tcp,136.0,,af41,,255.0,,1.0,,Start,3,3,0,222,222,0,74.0,0.0,394.760498,394.760498,0.0,2,2,0,40.0,0.0,0.0,0.666825,0.666825,0.0,REQ,3737600.0,,,,0.0,0.0,0.0,0
1061009,0.0,0.0,0.0,0.0,0.0,0.0,icmp,0.0,,cs0,,58.0,,6.0,,Start,1,1,0,98,98,0,98.0,0.0,0.0,0.0,0.0,0,0,0,0.0,,,0.0,0.0,0.0,ECO,,,,,0.0,0.0,0.0,0
1061101,4.999929,4.999929,4.999929,4.999929,4.999929,4.999929,udp,0.0,0.0,cs0,cs0,117.0,64.0,11.0,0.0,Status,164,153,11,209068,204483,4585,1336.490234,416.818176,331710.3125,325039.8125,6670.494629,0,0,0,0.0,,,32.600464,30.400433,2.000028,CON,,,,,0.0,0.0,0.0,0
1061105,0.161988,0.161988,0.161988,0.161988,0.161988,0.161988,udp,0.0,0.0,cs0,cs0,64.0,53.0,0.0,11.0,Start,14,8,6,8675,5341,3334,667.625,555.666687,368076.625,230831.9063,137244.7344,0,0,0,0.0,,,80.252853,43.213078,30.866484,CON,,,,,0.0,0.0,0.0,0
1061127,0.0,0.0,0.0,0.0,0.0,0.0,icmp,0.0,,cs0,,58.0,,6.0,,Start,1,1,0,98,98,0,98.0,0.0,0.0,0.0,0.0,0,0,0,0.0,,,0.0,0.0,0.0,ECO,,,,,0.0,0.0,0.0,0
1061130,0.0,0.0,0.0,0.0,0.0,0.0,icmp,0.0,,cs0,,58.0,,6.0,,Start,1,1,0,98,98,0,98.0,0.0,0.0,0.0,0.0,0,0,0,0.0,,,0.0,0.0,0.0,ECO,,,,,0.0,0.0,0.0,0
1061165,0.052924,0.052924,0.052924,0.052924,0.052924,0.052924,udp,0.0,0.0,cs0,cs0,64.0,117.0,0.0,11.0,Status,6,3,3,731,529,202,176.333328,67.333336,73766.15625,53359.53516,20406.62109,0,0,0,0.0,,,94.475098,37.790039,37.790039,CON,,,,,0.0,0.0,0.0,0
1061231,0.0,0.0,0.0,0.0,0.0,0.0,sctp,186.0,40.0,ef,af11,255.0,250.0,1.0,6.0,Status,2,1,1,232,114,118,114.0,118.0,0.0,0.0,0.0,0,0,0,0.0,,,0.0,0.0,0.0,CON,,,,610.0,0.0,0.0,0.0,0
1061258,0.066999,0.066999,0.066999,0.066999,0.066999,0.066999,udp,0.0,0.0,cs0,cs0,64.0,117.0,0.0,11.0,Status,6,3,3,733,531,202,177.0,67.333336,58388.92969,42269.28516,16119.64258,0,0,0,0.0,,,74.627975,29.851191,29.851191,CON,,,,,0.0,0.0,0.0,0
1061330,0.0,0.0,0.0,0.0,0.0,0.0,icmp,0.0,,cs0,,58.0,,6.0,,Start,1,1,0,98,98,0,98.0,0.0,0.0,0.0,0.0,0,0,0,0.0,,,0.0,0.0,0.0,ECO,,,,,0.0,0.0,0.0,0
1061456,0.0,0.0,0.0,0.0,0.0,0.0,sctp,186.0,186.0,ef,ef,255.0,252.0,1.0,4.0,Status,2,1,1,200,98,102,98.0,102.0,0.0,0.0,0.0,0,0,0,0.0,,,0.0,0.0,0.0,CON,,,,610.0,0.0,0.0,0.0,0
1061490,0.0,0.0,0.0,0.0,0.0,0.0,icmp,0.0,,cs0,,58.0,,6.0,,Start,1,1,0,98,98,0,98.0,0.0,0.0,0.0,0.0,0,0,0,0.0,,,0.0,0.0,0.0,ECO,,,,,0.0,0.0,0.0,0
1061643,0.172988,0.172988,0.172988,0.172988,0.172988,0.172988,udp,0.0,0.0,cs0,cs0,64.0,52.0,0.0,12.0,Start,17,10,7,11888,8077,3811,807.700012,544.428589,487293.9375,336208.2813,151085.625,0,0,0,0.0,,,92.491966,52.02673,34.684486,CON,,,,,0.0,0.0,0.0,0
1061649,4.998721,4.998721,4.998721,4.998721,4.998721,4.998721,udp,0.0,0.0,cs0,cs0,117.0,64.0,11.0,0.0,Status,162,148,14,203672,199939,3733,1350.939209,266.642853,323372.3125,317823.6875,5548.619141,0,0,0,0.0,,,32.208237,29.407522,2.600665,CON,,,,,0.0,0.0,0.0,0
1061675,0.0,0.0,0.0,0.0,0.0,0.0,icmp,0.0,,cs0,,58.0,,6.0,,Start,1,1,0,98,98,0,98.0,0.0,0.0,0.0,0.0,0,0,0,0.0,,,0.0,0.0,0.0,ECO,,,,,0.0,0.0,0.0,0
1061704,0.05283,0.05283,0.05283,0.05283,0.05283,0.05283,udp,0.0,0.0,cs0,cs0,64.0,117.0,0.0,11.0,Status,6,3,3,733,531,202,177.0,67.333336,74048.83594,53605.90625,20442.92969,0,0,0,0.0,,,94.643196,37.857277,37.857277,CON,,,,,0.0,0.0,0.0,0
1061765,4.839294,4.839294,4.839294,4.839294,4.839294,4.839294,udp,0.0,0.0,cs0,cs0,117.0,64.0,11.0,0.0,Status,194,167,27,229198,223395,5803,1337.69458,214.925919,376330.9375,367091.5625,9239.364258,0,0,0,0.0,,,39.881851,34.302525,5.372684,CON,,,,,0.0,0.0,0.0,0
1061785,0.073091,0.073091,0.073091,0.073091,0.073091,0.073091,udp,0.0,0.0,cs0,cs0,64.0,117.0,0.0,11.0,Status,6,3,3,752,549,203,183.0,67.666664,54945.20313,40059.65234,14885.55371,0,0,0,0.0,,,68.407875,27.36315,27.36315,CON,,,,,0.0,0.0,0.0,0
1061798,0.050121,0.050121,0.050121,0.050121,0.050121,0.050121,udp,0.0,0.0,cs0,cs0,64.0,117.0,0.0,11.0,Status,6,3,3,734,531,203,177.0,67.666664,78210.73438,56503.26563,21707.46875,0,0,0,0.0,,,99.758591,39.903435,39.903435,CON,,,,,0.0,0.0,0.0,0
1061863,0.951873,0.951873,0.951873,0.951873,0.951873,0.951873,tcp,0.0,0.0,cs0,cs0,63.0,54.0,1.0,10.0,Status,3,2,1,273,219,54,109.5,54.0,924.493103,924.493103,0.0,0,0,0,0.0,0.0,0.0,2.101121,1.05056,0.0,RST,64256.0,8290304.0,,,0.193097,0.139201,0.053896,0
1061871,0.001445,0.001445,0.001445,0.001445,0.001445,0.001445,udp,0.0,48.0,cs0,af12,64.0,63.0,0.0,1.0,Start,2,1,1,213,76,137,76.0,137.0,0.0,0.0,0.0,0,0,0,0.0,,,692.041565,0.0,0.0,CON,,,,,0.0,0.0,0.0,0
1061882,4.999135,4.999135,4.999135,4.999135,4.999135,4.999135,udp,0.0,0.0,cs0,cs0,117.0,64.0,11.0,0.0,Status,172,147,25,201675,195852,5823,1332.326538,232.919998,320233.0,311285.8438,8947.147461,0,0,0,0.0,,,34.205917,29.205051,4.80083,CON,,,,,0.0,0.0,0.0,0
1061957,4.99991,4.99991,4.99991,4.99991,4.99991,4.99991,udp,0.0,0.0,cs0,cs0,117.0,64.0,11.0,0.0,Status,250,218,32,301561,295875,5686,1357.224731,177.6875,480051.8438,471237.2813,8814.558594,0,0,0,0.0,,,49.8009,43.400784,6.200112,CON,,,,,0.0,0.0,0.0,0
1062029,0.058844,0.058844,0.058844,0.058844,0.058844,0.058844,udp,0.0,0.0,cs0,cs0,64.0,117.0,0.0,11.0,Status,6,3,3,748,548,200,182.666672,66.666664,67976.34375,49758.68359,18217.66016,0,0,0,0.0,,,84.970428,33.988171,33.988171,CON,,,,,0.0,0.0,0.0,0
1062046,0.054472,0.054472,0.054472,0.054472,0.054472,0.054472,udp,0.0,0.0,cs0,cs0,64.0,117.0,0.0,11.0,Status,6,3,3,734,531,203,177.0,67.666664,71963.57813,51990.01563,19973.56445,0,0,0,0.0,,,91.790276,36.71611,36.71611,CON,,,,,0.0,0.0,0.0,0
1062054,0.0,0.0,0.0,0.0,0.0,0.0,icmp,0.0,,cs0,,58.0,,6.0,,Start,1,1,0,98,98,0,98.0,0.0,0.0,0.0,0.0,0,0,0,0.0,,,0.0,0.0,0.0,ECO,,,,,0.0,0.0,0.0,0
1062176,0.0,0.0,0.0,0.0,0.0,0.0,icmp,0.0,,cs0,,58.0,,6.0,,Start,1,1,0,98,98,0,98.0,0.0,0.0,0.0,0.0,0,0,0,0.0,,,0.0,0.0,0.0,ECO,,,,,0.0,0.0,0.0,0
1062268,4.999951,4.999951,4.999951,4.999951,4.999951,4.999951,udp,0.0,0.0,cs0,cs0,117.0,64.0,11.0,0.0,Status,304,280,24,382268,376671,5597,1345.25354,233.208328,609110.0,600527.5,8582.484375,0,0,0,0.0,,,60.600594,55.800549,4.600045,CON,,,,,0.0,0.0,0.0,0
1062313,0.048881,0.048881,0.048881,0.048881,0.048881,0.048881,udp,0.0,0.0,cs0,cs0,64.0,117.0,0.0,11.0,Status,6,3,3,734,531,203,177.0,67.666664,80194.75781,57936.62109,22258.13672,0,0,0,0.0,,,102.28923,40.915691,40.915691,CON,,,,,0.0,0.0,0.0,0
1062335,0.0,0.0,0.0,0.0,0.0,0.0,udp,0.0,,cs0,,249.0,,7.0,,Start,1,1,0,74,74,0,74.0,0.0,0.0,0.0,0.0,0,0,0,0.0,,,0.0,0.0,0.0,INT,,,610.0,,0.0,0.0,0.0,0
1062389,0.0,0.0,0.0,0.0,0.0,0.0,icmp,0.0,,cs0,,58.0,,6.0,,Start,1,1,0,98,98,0,98.0,0.0,0.0,0.0,0.0,0,0,0,0.0,,,0.0,0.0,0.0,ECO,,,,,0.0,0.0,0.0,0
1062468,4.99992,4.99992,4.99992,4.99992,4.99992,4.99992,udp,0.0,0.0,cs0,cs0,117.0,64.0,11.0,0.0,Status,248,233,15,321595,317789,3806,1363.901245,253.733337,511974.5938,506289.7188,5684.891113,0,0,0,0.0,,,49.400791,46.400742,2.800045,CON,,,,,0.0,0.0,0.0,0
1062616,2.405617,2.405617,2.405617,2.405617,2.405617,2.405617,udp,0.0,0.0,cs0,cs0,117.0,64.0,11.0,0.0,Status,92,83,9,102729,98326,4403,1184.650635,489.222229,336066.8125,323050.5938,13016.20313,0,0,0,0.0,,,37.828133,34.086887,3.32555,CON,,,,,0.0,0.0,0.0,0
1062676,4.403119,4.403119,4.403119,4.403119,4.403119,4.403119,sctp,186.0,186.0,ef,ef,252.0,255.0,4.0,1.0,Status,4,2,2,392,200,192,100.0,96.0,356.111206,181.689392,174.421814,0,0,0,0.0,,,0.681335,0.227112,0.227112,CON,,,610.0,,0.0,0.0,0.0,0
1062703,4.99833,4.99833,4.99833,4.99833,4.99833,4.99833,udp,0.0,0.0,cs0,cs0,117.0,64.0,11.0,0.0,Status,148,140,8,175013,170680,4333,1219.142822,541.625,277297.4063,271228.1875,6069.227051,0,0,0,0.0,,,29.409822,27.809288,1.400468,CON,,,,,0.0,0.0,0.0,0
1062722,4.997042,4.997042,4.997042,4.997042,4.997042,4.997042,udp,0.0,0.0,cs0,cs0,117.0,64.0,11.0,0.0,Status,184,178,6,224344,220314,4030,1237.719116,671.666687,356108.25,350730.6875,5377.581055,0,0,0,0.0,,,36.621666,35.420956,1.000592,CON,,,,,0.0,0.0,0.0,0
1062731,4.99432,4.99432,4.99432,4.99432,4.99432,4.99432,udp,0.0,0.0,cs0,cs0,117.0,64.0,11.0,0.0,Status,178,170,8,217890,213718,4172,1257.164673,521.5,346172.4688,340324.2188,5848.243652,0,0,0,0.0,,,35.440262,33.83844,1.401592,CON,,,,,0.0,0.0,0.0,0
1062744,0.173292,0.173292,0.173292,0.173292,0.173292,0.173292,udp,0.0,0.0,cs0,cs0,64.0,52.0,0.0,12.0,Start,24,12,12,12136,7534,4602,627.833313,383.5,513630.1875,318860.6563,194769.5313,0,0,0,0.0,,,132.723953,63.476677,63.476677,CON,,,,,0.0,0.0,0.0,0
1062795,0.0669,0.0669,0.0669,0.0669,0.0669,0.0669,udp,0.0,0.0,cs0,cs0,64.0,117.0,0.0,11.0,Status,4,2,2,441,301,140,150.5,70.0,26427.50391,18056.80078,8370.702148,0,0,0,0.0,,,44.843048,14.947683,14.947683,CON,,,,,0.0,0.0,0.0,0
1062830,3.894616,3.894616,3.894616,3.894616,3.894616,3.894616,udp,0.0,0.0,cs0,cs0,64.0,53.0,0.0,11.0,Status,43,18,25,7982,5956,2026,330.888885,81.040001,15551.72656,11556.4668,3995.259277,0,0,0,0.0,,,10.784119,4.365,6.162354,CON,,,,,0.0,0.0,0.0,0
1062838,0.072874,0.072874,0.072874,0.072874,0.072874,0.072874,udp,0.0,0.0,cs0,cs0,64.0,117.0,0.0,11.0,Status,4,2,2,441,301,140,150.5,70.0,24261.05273,16576.55664,7684.496094,0,0,0,0.0,,,41.166943,13.722315,13.722315,CON,,,,,0.0,0.0,0.0,0
1062850,0.000161,0.000161,0.000161,0.000161,0.000161,0.000161,sctp,40.0,186.0,af11,ef,250.0,255.0,6.0,1.0,Status,2,1,1,232,118,114,118.0,114.0,0.0,0.0,0.0,0,0,0,0.0,,,6211.180176,0.0,0.0,CON,,,610.0,,0.0,0.0,0.0,0
1062928,4.923871,4.923871,4.923871,4.923871,4.923871,4.923871,udp,0.0,0.0,cs0,cs0,117.0,64.0,11.0,0.0,Status,265,247,18,341796,337757,4039,1367.437256,224.388885,552743.9375,546545.5625,6198.375,0,0,0,0.0,,,53.616352,49.96069,3.452568,CON,,,,,0.0,0.0,0.0,0
1062965,3.032951,3.032951,3.032951,3.032951,3.032951,3.032951,tcp,0.0,,cs0,,64.0,,0.0,,Start,3,3,0,222,222,0,74.0,0.0,390.378845,390.378845,0.0,2,2,0,40.0,0.0,0.0,0.659424,0.659424,0.0,REQ,33553920.0,,,,0.0,0.0,0.0,0
1063004,0.0,0.0,0.0,0.0,0.0,0.0,tcp,0.0,,cs0,,64.0,,0.0,,Status,1,1,0,74,74,0,74.0,0.0,0.0,0.0,0.0,1,1,0,50.0,0.0,0.0,0.0,0.0,0.0,REQ,33553920.0,,,,0.0,0.0,0.0,0
1063064,3.031072,3.031072,3.031072,3.031072,3.031072,3.031072,tcp,0.0,,cs0,,64.0,,0.0,,Start,3,3,0,222,222,0,74.0,0.0,390.62088,390.62088,0.0,2,2,0,40.0,0.0,0.0,0.659833,0.659833,0.0,REQ,33553920.0,,,,0.0,0.0,0.0,0
1063082,2.137069,2.137069,2.137069,2.137069,2.137069,2.137069,tcp,0.0,,cs0,,64.0,,0.0,,Status,2,2,0,148,148,0,74.0,0.0,277.014923,277.014923,0.0,2,2,0,50.0,0.0,0.0,0.467931,0.467931,0.0,REQ,33553920.0,,,,0.0,0.0,0.0,0
1063105,2.964114,2.964114,2.964114,2.964114,2.964114,2.964114,tcp,0.0,,cs0,,64.0,,0.0,,Status,2,2,0,148,148,0,74.0,0.0,199.722412,199.722412,0.0,2,2,0,50.0,0.0,0.0,0.337369,0.337369,0.0,REQ,33553920.0,,,,0.0,0.0,0.0,0
1063150,1.159787,1.159787,1.159787,1.159787,1.159787,1.159787,tcp,0.0,,cs0,,64.0,,0.0,,Status,2,2,0,148,148,0,74.0,0.0,510.438538,510.438538,0.0,2,2,0,50.0,0.0,0.0,0.862227,0.862227,0.0,REQ,33553920.0,,,,0.0,0.0,0.0,0
1063170,0.0,0.0,0.0,0.0,0.0,0.0,tcp,0.0,,cs0,,64.0,,0.0,,Status,1,1,0,74,74,0,74.0,0.0,0.0,0.0,0.0,1,1,0,50.0,0.0,0.0,0.0,0.0,0.0,REQ,33553920.0,,,,0.0,0.0,0.0,0
1063224,0.0,0.0,0.0,0.0,0.0,0.0,tcp,0.0,,cs0,,64.0,,0.0,,Status,1,1,0,74,74,0,74.0,0.0,0.0,0.0,0.0,1,1,0,50.0,0.0,0.0,0.0,0.0,0.0,REQ,33553920.0,,,,0.0,0.0,0.0,0
1063231,0.0,0.0,0.0,0.0,0.0,0.0,tcp,0.0,,cs0,,64.0,,0.0,,Status,1,1,0,74,74,0,74.0,0.0,0.0,0.0,0.0,1,1,0,50.0,0.0,0.0,0.0,0.0,0.0,REQ,33553920.0,,,,0.0,0.0,0.0,0
1063285,0.0,0.0,0.0,0.0,0.0,0.0,tcp,0.0,,cs0,,64.0,,0.0,,Status,1,1,0,74,74,0,74.0,0.0,0.0,0.0,0.0,1,1,0,50.0,0.0,0.0,0.0,0.0,0.0,REQ,33553920.0,,,,0.0,0.0,0.0,0
1063320,3.027894,3.027894,3.027894,3.027894,3.027894,3.027894,tcp,0.0,,cs0,,64.0,,0.0,,Start,3,3,0,222,222,0,74.0,0.0,391.030853,391.030853,0.0,2,2,0,40.0,0.0,0.0,0.660525,0.660525,0.0,REQ,33553920.0,,,,0.0,0.0,0.0,0
1063325,0.236056,0.236056,0.236056,0.236056,0.236056,0.236056,sctp,40.0,186.0,af11,ef,250.0,255.0,6.0,1.0,Status,4,2,2,1360,1120,240,560.0,120.0,23045.37891,18978.54688,4066.831543,0,0,0,0.0,,,12.708849,4.236283,4.236283,CON,,,610.0,,0.0,0.0,0.0,0
1063332,0.166202,0.166202,0.166202,0.166202,0.166202,0.166202,udp,0.0,32.0,cs0,cs1,64.0,37.0,0.0,27.0,Start,2,1,1,180,90,90,90.0,90.0,0.0,0.0,0.0,0,0,0,0.0,,,6.016775,0.0,0.0,CON,,,,,0.0,0.0,0.0,0
1063343,3.028875,3.028875,3.028875,3.028875,3.028875,3.028875,tcp,0.0,,cs0,,64.0,,0.0,,Start,3,3,0,222,222,0,74.0,0.0,390.904205,390.904205,0.0,2,2,0,40.0,0.0,0.0,0.660311,0.660311,0.0,REQ,33553920.0,,,,0.0,0.0,0.0,0
1063367,3.039983,3.039983,3.039983,3.039983,3.039983,3.039983,tcp,0.0,,cs0,,64.0,,0.0,,Start,3,3,0,222,222,0,74.0,0.0,389.475861,389.475861,0.0,2,2,0,40.0,0.0,0.0,0.657898,0.657898,0.0,REQ,33553920.0,,,,0.0,0.0,0.0,0
1063423,0.0,0.0,0.0,0.0,0.0,0.0,tcp,0.0,,cs0,,64.0,,0.0,,Status,1,1,0,74,74,0,74.0,0.0,0.0,0.0,0.0,1,1,0,50.0,0.0,0.0,0.0,0.0,0.0,REQ,33553920.0,,,,0.0,0.0,0.0,0
1063429,2.999805,2.999805,2.999805,2.999805,2.999805,2.999805,tcp,0.0,,cs0,,64.0,,0.0,,Start,3,3,0,222,222,0,74.0,0.0,394.692322,394.692322,0.0,2,2,0,40.0,0.0,0.0,0.66671,0.66671,0.0,REQ,33553920.0,,,,0.0,0.0,0.0,0
1063588,0.0,0.0,0.0,0.0,0.0,0.0,udp,0.0,,cs0,,249.0,,7.0,,Start,1,1,0,74,74,0,74.0,0.0,0.0,0.0,0.0,0,0,0,0.0,,,0.0,0.0,0.0,INT,,,610.0,,0.0,0.0,0.0,0
1063592,0.0,0.0,0.0,0.0,0.0,0.0,udp,0.0,,cs0,,249.0,,7.0,,Start,1,1,0,74,74,0,74.0,0.0,0.0,0.0,0.0,0,0,0,0.0,,,0.0,0.0,0.0,INT,,,610.0,,0.0,0.0,0.0,0
1063700,0.0,0.0,0.0,0.0,0.0,0.0,udp,0.0,,cs0,,249.0,,7.0,,Start,1,1,0,74,74,0,74.0,0.0,0.0,0.0,0.0,0,0,0,0.0,,,0.0,0.0,0.0,INT,,,610.0,,0.0,0.0,0.0,0
1063753,0.0,0.0,0.0,0.0,0.0,0.0,udp,0.0,,cs0,,249.0,,7.0,,Start,1,1,0,74,74,0,74.0,0.0,0.0,0.0,0.0,0,0,0,0.0,,,0.0,0.0,0.0,INT,,,610.0,,0.0,0.0,0.0,0
1063772,0.0,0.0,0.0,0.0,0.0,0.0,udp,0.0,,cs0,,249.0,,7.0,,Start,1,1,0,74,74,0,74.0,0.0,0.0,0.0,0.0,0,0,0,0.0,,,0.0,0.0,0.0,INT,,,610.0,,0.0,0.0,0.0,0
1063819,0.0,0.0,0.0,0.0,0.0,0.0,udp,0.0,,cs0,,249.0,,7.0,,Start,1,1,0,74,74,0,74.0,0.0,0.0,0.0,0.0,0,0,0,0.0,,,0.0,0.0,0.0,INT,,,610.0,,0.0,0.0,0.0,0
1063831,0.0,0.0,0.0,0.0,0.0,0.0,udp,0.0,,cs0,,249.0,,7.0,,Start,1,1,0,74,74,0,74.0,0.0,0.0,0.0,0.0,0,0,0,0.0,,,0.0,0.0,0.0,INT,,,610.0,,0.0,0.0,0.0,0
1063890,0.0,0.0,0.0,0.0,0.0,0.0,udp,0.0,,cs0,,249.0,,7.0,,Start,1,1,0,74,74,0,74.0,0.0,0.0,0.0,0.0,0,0,0,0.0,,,0.0,0.0,0.0,INT,,,610.0,,0.0,0.0,0.0,0
1063957,0.0,0.0,0.0,0.0,0.0,0.0,udp,0.0,,cs0,,249.0,,7.0,,Start,1,1,0,74,74,0,74.0,0.0,0.0,0.0,0.0,0,0,0,0.0,,,0.0,0.0,0.0,INT,,,610.0,,0.0,0.0,0.0,0
1064044,0.0,0.0,0.0,0.0,0.0,0.0,udp,0.0,,cs0,,249.0,,7.0,,Start,1,1,0,74,74,0,74.0,0.0,0.0,0.0,0.0,0,0,0,0.0,,,0.0,0.0,0.0,INT,,,610.0,,0.0,0.0,0.0,0
1064120,0.0,0.0,0.0,0.0,0.0,0.0,udp,0.0,,cs0,,249.0,,7.0,,Start,1,1,0,74,74,0,74.0,0.0,0.0,0.0,0.0,0,0,0,0.0,,,0.0,0.0,0.0,INT,,,610.0,,0.0,0.0,0.0,0
1064187,0.0,0.0,0.0,0.0,0.0,0.0,udp,0.0,,cs0,,249.0,,7.0,,Start,1,1,0,74,74,0,74.0,0.0,0.0,0.0,0.0,0,0,0,0.0,,,0.0,0.0,0.0,INT,,,610.0,,0.0,0.0,0.0,0
1064198,0.0,0.0,0.0,0.0,0.0,0.0,udp,0.0,,cs0,,249.0,,7.0,,Start,1,1,0,74,74,0,74.0,0.0,0.0,0.0,0.0,0,0,0,0.0,,,0.0,0.0,0.0,INT,,,610.0,,0.0,0.0,0.0,0
1064215,0.0,0.0,0.0,0.0,0.0,0.0,udp,0.0,,cs0,,249.0,,7.0,,Start,1,1,0,74,74,0,74.0,0.0,0.0,0.0,0.0,0,0,0,0.0,,,0.0,0.0,0.0,INT,,,610.0,,0.0,0.0,0.0,0
1064227,0.0,0.0,0.0,0.0,0.0,0.0,udp,0.0,,cs0,,249.0,,7.0,,Start,1,1,0,74,74,0,74.0,0.0,0.0,0.0,0.0,0,0,0,0.0,,,0.0,0.0,0.0,INT,,,610.0,,0.0,0.0,0.0,0
1064238,0.0,0.0,0.0,0.0,0.0,0.0,udp,0.0,,cs0,,249.0,,7.0,,Start,1,1,0,74,74,0,74.0,0.0,0.0,0.0,0.0,0,0,0,0.0,,,0.0,0.0,0.0,INT,,,610.0,,0.0,0.0,0.0,0
1064252,0.0,0.0,0.0,0.0,0.0,0.0,udp,0.0,,cs0,,249.0,,7.0,,Start,1,1,0,74,74,0,74.0,0.0,0.0,0.0,0.0,0,0,0,0.0,,,0.0,0.0,0.0,INT,,,610.0,,0.0,0.0,0.0,0
1064358,0.0,0.0,0.0,0.0,0.0,0.0,udp,0.0,,cs0,,249.0,,7.0,,Start,1,1,0,74,74,0,74.0,0.0,0.0,0.0,0.0,0,0,0,0.0,,,0.0,0.0,0.0,INT,,,610.0,,0.0,0.0,0.0,0
1064443,0.0,0.0,0.0,0.0,0.0,0.0,udp,0.0,,cs0,,249.0,,7.0,,Start,1,1,0,74,74,0,74.0,0.0,0.0,0.0,0.0,0,0,0,0.0,,,0.0,0.0,0.0,INT,,,610.0,,0.0,0.0,0.0,0
1064445,0.0,0.0,0.0,0.0,0.0,0.0,udp,0.0,,cs0,,249.0,,7.0,,Start,1,1,0,74,74,0,74.0,0.0,0.0,0.0,0.0,0,0,0,0.0,,,0.0,0.0,0.0,INT,,,610.0,,0.0,0.0,0.0,0
1064508,0.0,0.0,0.0,0.0,0.0,0.0,udp,0.0,,cs0,,249.0,,7.0,,Start,1,1,0,74,74,0,74.0,0.0,0.0,0.0,0.0,0,0,0,0.0,,,0.0,0.0,0.0,INT,,,610.0,,0.0,0.0,0.0,0
1064512,0.0,0.0,0.0,0.0,0.0,0.0,udp,0.0,,cs0,,249.0,,7.0,,Start,1,1,0,74,74,0,74.0,0.0,0.0,0.0,0.0,0,0,0,0.0,,,0.0,0.0,0.0,INT,,,610.0,,0.0,0.0,0.0,0
1064571,0.0,0.0,0.0,0.0,0.0,0.0,udp,0.0,,cs0,,249.0,,7.0,,Start,1,1,0,74,74,0,74.0,0.0,0.0,0.0,0.0,0,0,0,0.0,,,0.0,0.0,0.0,INT,,,610.0,,0.0,0.0,0.0,0
1064589,0.0,0.0,0.0,0.0,0.0,0.0,udp,0.0,,cs0,,249.0,,7.0,,Start,1,1,0,74,74,0,74.0,0.0,0.0,0.0,0.0,0,0,0,0.0,,,0.0,0.0,0.0,INT,,,610.0,,0.0,0.0,0.0,0
1064594,0.0,0.0,0.0,0.0,0.0,0.0,udp,0.0,,cs0,,249.0,,7.0,,Start,1,1,0,74,74,0,74.0,0.0,0.0,0.0,0.0,0,0,0,0.0,,,0.0,0.0,0.0,INT,,,610.0,,0.0,0.0,0.0,0
1064642,0.0,0.0,0.0,0.0,0.0,0.0,udp,0.0,,cs0,,249.0,,7.0,,Start,1,1,0,74,74,0,74.0,0.0,0.0,0.0,0.0,0,0,0,0.0,,,0.0,0.0,0.0,INT,,,610.0,,0.0,0.0,0.0,0
1064698,0.0,0.0,0.0,0.0,0.0,0.0,udp,0.0,,cs0,,249.0,,7.0,,Start,1,1,0,74,74,0,74.0,0.0,0.0,0.0,0.0,0,0,0,0.0,,,0.0,0.0,0.0,INT,,,610.0,,0.0,0.0,0.0,0
1064719,0.0,0.0,0.0,0.0,0.0,0.0,udp,0.0,,cs0,,249.0,,7.0,,Start,1,1,0,74,74,0,74.0,0.0,0.0,0.0,0.0,0,0,0,0.0,,,0.0,0.0,0.0,INT,,,610.0,,0.0,0.0,0.0,0
1064801,0.0,0.0,0.0,0.0,0.0,0.0,udp,0.0,,cs0,,249.0,,7.0,,Start,1,1,0,74,74,0,74.0,0.0,0.0,0.0,0.0,0,0,0,0.0,,,0.0,0.0,0.0,INT,,,610.0,,0.0,0.0,0.0,0
1064865,0.0,0.0,0.0,0.0,0.0,0.0,udp,0.0,,cs0,,249.0,,7.0,,Start,1,1,0,74,74,0,74.0,0.0,0.0,0.0,0.0,0,0,0,0.0,,,0.0,0.0,0.0,INT,,,610.0,,0.0,0.0,0.0,0
1064869,0.0,0.0,0.0,0.0,0.0,0.0,udp,0.0,,cs0,,249.0,,7.0,,Start,1,1,0,74,74,0,74.0,0.0,0.0,0.0,0.0,0,0,0,0.0,,,0.0,0.0,0.0,INT,,,610.0,,0.0,0.0,0.0,0
1064886,0.0,0.0,0.0,0.0,0.0,0.0,udp,0.0,,cs0,,249.0,,7.0,,Start,1,1,0,74,74,0,74.0,0.0,0.0,0.0,0.0,0,0,0,0.0,,,0.0,0.0,0.0,INT,,,610.0,,0.0,0.0,0.0,0
1064897,0.0,0.0,0.0,0.0,0.0,0.0,udp,0.0,,cs0,,249.0,,7.0,,Start,1,1,0,74,74,0,74.0,0.0,0.0,0.0,0.0,0,0,0,0.0,,,0.0,0.0,0.0,INT,,,610.0,,0.0,0.0,0.0,0
1064956,0.0,0.0,0.0,0.0,0.0,0.0,udp,0.0,,cs0,,249.0,,7.0,,Start,1,1,0,74,74,0,74.0,0.0,0.0,0.0,0.0,0,0,0,0.0,,,0.0,0.0,0.0,INT,,,610.0,,0.0,0.0,0.0,0
1064960,0.0,0.0,0.0,0.0,0.0,0.0,udp,0.0,,cs0,,249.0,,7.0,,Start,1,1,0,74,74,0,74.0,0.0,0.0,0.0,0.0,0,0,0,0.0,,,0.0,0.0,0.0,INT,,,610.0,,0.0,0.0,0.0,0
1065052,0.0,0.0,0.0,0.0,0.0,0.0,udp,0.0,,cs0,,249.0,,7.0,,Start,1,1,0,74,74,0,74.0,0.0,0.0,0.0,0.0,0,0,0,0.0,,,0.0,0.0,0.0,INT,,,610.0,,0.0,0.0,0.0,0
1065092,0.0,0.0,0.0,0.0,0.0,0.0,udp,0.0,,cs0,,249.0,,7.0,,Start,1,1,0,74,74,0,74.0,0.0,0.0,0.0,0.0,0,0,0,0.0,,,0.0,0.0,0.0,INT,,,610.0,,0.0,0.0,0.0,0
1065093,0.0,0.0,0.0,0.0,0.0,0.0,udp,0.0,,cs0,,249.0,,7.0,,Start,1,1,0,74,74,0,74.0,0.0,0.0,0.0,0.0,0,0,0,0.0,,,0.0,0.0,0.0,INT,,,610.0,,0.0,0.0,0.0,0
1065195,0.0,0.0,0.0,0.0,0.0,0.0,udp,0.0,,cs0,,249.0,,7.0,,Start,1,1,0,74,74,0,74.0,0.0,0.0,0.0,0.0,0,0,0,0.0,,,0.0,0.0,0.0,INT,,,610.0,,0.0,0.0,0.0,0
1065197,0.0,0.0,0.0,0.0,0.0,0.0,udp,0.0,,cs0,,249.0,,7.0,,Start,1,1,0,74,74,0,74.0,0.0,0.0,0.0,0.0,0,0,0,0.0,,,0.0,0.0,0.0,INT,,,610.0,,0.0,0.0,0.0,0
1065231,0.0,0.0,0.0,0.0,0.0,0.0,udp,0.0,,cs0,,249.0,,7.0,,Start,1,1,0,74,74,0,74.0,0.0,0.0,0.0,0.0,0,0,0,0.0,,,0.0,0.0,0.0,INT,,,610.0,,0.0,0.0,0.0,0
1065239,0.0,0.0,0.0,0.0,0.0,0.0,udp,0.0,,cs0,,249.0,,7.0,,Start,1,1,0,74,74,0,74.0,0.0,0.0,0.0,0.0,0,0,0,0.0,,,0.0,0.0,0.0,INT,,,610.0,,0.0,0.0,0.0,0
1065341,0.0,0.0,0.0,0.0,0.0,0.0,udp,0.0,,cs0,,249.0,,7.0,,Start,1,1,0,74,74,0,74.0,0.0,0.0,0.0,0.0,0,0,0,0.0,,,0.0,0.0,0.0,INT,,,610.0,,0.0,0.0,0.0,0
1065531,0.079994,0.079994,0.079994,0.079994,0.079994,0.079994,udp,0.0,0.0,cs0,cs0,64.0,117.0,0.0,11.0,Status,4,2,2,438,300,138,150.0,69.0,21901.64258,15001.125,6900.517578,0,0,0,0.0,,,37.502811,12.500937,12.500937,CON,,,,,0.0,0.0,0.0,0
1065727,0.0,0.0,0.0,0.0,0.0,0.0,udp,0.0,,cs0,,249.0,,7.0,,Start,1,1,0,74,74,0,74.0,0.0,0.0,0.0,0.0,0,0,0,0.0,,,0.0,0.0,0.0,INT,,,610.0,,0.0,0.0,0.0,0
1065772,0.0,0.0,0.0,0.0,0.0,0.0,udp,0.0,,cs0,,249.0,,7.0,,Start,1,1,0,74,74,0,74.0,0.0,0.0,0.0,0.0,0,0,0,0.0,,,0.0,0.0,0.0,INT,,,610.0,,0.0,0.0,0.0,0
1065837,0.0,0.0,0.0,0.0,0.0,0.0,udp,0.0,,cs0,,249.0,,7.0,,Start,1,1,0,74,74,0,74.0,0.0,0.0,0.0,0.0,0,0,0,0.0,,,0.0,0.0,0.0,INT,,,610.0,,0.0,0.0,0.0,0
1065981,0.0,0.0,0.0,0.0,0.0,0.0,udp,0.0,,cs0,,249.0,,7.0,,Start,1,1,0,74,74,0,74.0,0.0,0.0,0.0,0.0,0,0,0,0.0,,,0.0,0.0,0.0,INT,,,610.0,,0.0,0.0,0.0,0
1066031,0.0,0.0,0.0,0.0,0.0,0.0,udp,0.0,,cs0,,249.0,,7.0,,Start,1,1,0,74,74,0,74.0,0.0,0.0,0.0,0.0,0,0,0,0.0,,,0.0,0.0,0.0,INT,,,610.0,,0.0,0.0,0.0,0
1066045,0.0,0.0,0.0,0.0,0.0,0.0,udp,0.0,,cs0,,249.0,,7.0,,Start,1,1,0,74,74,0,74.0,0.0,0.0,0.0,0.0,0,0,0,0.0,,,0.0,0.0,0.0,INT,,,610.0,,0.0,0.0,0.0,0
1066090,0.0,0.0,0.0,0.0,0.0,0.0,udp,0.0,,cs0,,249.0,,7.0,,Start,1,1,0,74,74,0,74.0,0.0,0.0,0.0,0.0,0,0,0,0.0,,,0.0,0.0,0.0,INT,,,610.0,,0.0,0.0,0.0,0
1066096,0.0,0.0,0.0,0.0,0.0,0.0,udp,0.0,,cs0,,249.0,,7.0,,Start,1,1,0,74,74,0,74.0,0.0,0.0,0.0,0.0,0,0,0,0.0,,,0.0,0.0,0.0,INT,,,610.0,,0.0,0.0,0.0,0
1066097,0.0,0.0,0.0,0.0,0.0,0.0,udp,0.0,,cs0,,249.0,,7.0,,Start,1,1,0,74,74,0,74.0,0.0,0.0,0.0,0.0,0,0,0,0.0,,,0.0,0.0,0.0,INT,,,610.0,,0.0,0.0,0.0,0
1066263,0.0,0.0,0.0,0.0,0.0,0.0,udp,0.0,,cs0,,249.0,,7.0,,Start,1,1,0,74,74,0,74.0,0.0,0.0,0.0,0.0,0,0,0,0.0,,,0.0,0.0,0.0,INT,,,610.0,,0.0,0.0,0.0,0
1066274,0.0,0.0,0.0,0.0,0.0,0.0,udp,0.0,,cs0,,249.0,,7.0,,Start,1,1,0,74,74,0,74.0,0.0,0.0,0.0,0.0,0,0,0,0.0,,,0.0,0.0,0.0,INT,,,610.0,,0.0,0.0,0.0,0
1066356,0.0,0.0,0.0,0.0,0.0,0.0,udp,0.0,,cs0,,249.0,,7.0,,Start,1,1,0,74,74,0,74.0,0.0,0.0,0.0,0.0,0,0,0,0.0,,,0.0,0.0,0.0,INT,,,610.0,,0.0,0.0,0.0,0
1066368,0.0,0.0,0.0,0.0,0.0,0.0,udp,0.0,,cs0,,249.0,,7.0,,Start,1,1,0,74,74,0,74.0,0.0,0.0,0.0,0.0,0,0,0,0.0,,,0.0,0.0,0.0,INT,,,610.0,,0.0,0.0,0.0,0
1066439,0.0,0.0,0.0,0.0,0.0,0.0,udp,0.0,,cs0,,249.0,,7.0,,Start,1,1,0,74,74,0,74.0,0.0,0.0,0.0,0.0,0,0,0,0.0,,,0.0,0.0,0.0,INT,,,610.0,,0.0,0.0,0.0,0
1066550,0.0,0.0,0.0,0.0,0.0,0.0,udp,0.0,,cs0,,249.0,,7.0,,Start,1,1,0,74,74,0,74.0,0.0,0.0,0.0,0.0,0,0,0,0.0,,,0.0,0.0,0.0,INT,,,610.0,,0.0,0.0,0.0,0
1066623,0.0,0.0,0.0,0.0,0.0,0.0,udp,0.0,,cs0,,249.0,,7.0,,Start,1,1,0,74,74,0,74.0,0.0,0.0,0.0,0.0,0,0,0,0.0,,,0.0,0.0,0.0,INT,,,610.0,,0.0,0.0,0.0,0
1066642,0.0,0.0,0.0,0.0,0.0,0.0,udp,0.0,,cs0,,249.0,,7.0,,Start,1,1,0,74,74,0,74.0,0.0,0.0,0.0,0.0,0,0,0,0.0,,,0.0,0.0,0.0,INT,,,610.0,,0.0,0.0,0.0,0
1066825,0.0,0.0,0.0,0.0,0.0,0.0,udp,0.0,,cs0,,249.0,,7.0,,Start,1,1,0,74,74,0,74.0,0.0,0.0,0.0,0.0,0,0,0,0.0,,,0.0,0.0,0.0,INT,,,610.0,,0.0,0.0,0.0,0
1066831,0.0,0.0,0.0,0.0,0.0,0.0,udp,0.0,,cs0,,249.0,,7.0,,Start,1,1,0,74,74,0,74.0,0.0,0.0,0.0,0.0,0,0,0,0.0,,,0.0,0.0,0.0,INT,,,610.0,,0.0,0.0,0.0,0
1067126,0.0,0.0,0.0,0.0,0.0,0.0,udp,0.0,,cs0,,249.0,,7.0,,Start,1,1,0,74,74,0,74.0,0.0,0.0,0.0,0.0,0,0,0,0.0,,,0.0,0.0,0.0,INT,,,610.0,,0.0,0.0,0.0,0
1067128,0.0,0.0,0.0,0.0,0.0,0.0,udp,0.0,,cs0,,249.0,,7.0,,Start,1,1,0,74,74,0,74.0,0.0,0.0,0.0,0.0,0,0,0,0.0,,,0.0,0.0,0.0,INT,,,610.0,,0.0,0.0,0.0,0
1067239,0.0,0.0,0.0,0.0,0.0,0.0,udp,0.0,,cs0,,249.0,,7.0,,Start,1,1,0,74,74,0,74.0,0.0,0.0,0.0,0.0,0,0,0,0.0,,,0.0,0.0,0.0,INT,,,610.0,,0.0,0.0,0.0,0
1067268,0.0,0.0,0.0,0.0,0.0,0.0,udp,0.0,,cs0,,249.0,,7.0,,Start,1,1,0,74,74,0,74.0,0.0,0.0,0.0,0.0,0,0,0,0.0,,,0.0,0.0,0.0,INT,,,610.0,,0.0,0.0,0.0,0
1067304,0.0,0.0,0.0,0.0,0.0,0.0,udp,0.0,,cs0,,249.0,,7.0,,Start,1,1,0,74,74,0,74.0,0.0,0.0,0.0,0.0,0,0,0,0.0,,,0.0,0.0,0.0,INT,,,610.0,,0.0,0.0,0.0,0
1067406,0.0,0.0,0.0,0.0,0.0,0.0,udp,0.0,,cs0,,249.0,,7.0,,Start,1,1,0,74,74,0,74.0,0.0,0.0,0.0,0.0,0,0,0,0.0,,,0.0,0.0,0.0,INT,,,610.0,,0.0,0.0,0.0,0
1067435,0.0,0.0,0.0,0.0,0.0,0.0,udp,0.0,,cs0,,249.0,,7.0,,Start,1,1,0,74,74,0,74.0,0.0,0.0,0.0,0.0,0,0,0,0.0,,,0.0,0.0,0.0,INT,,,610.0,,0.0,0.0,0.0,0
1067552,0.0,0.0,0.0,0.0,0.0,0.0,udp,0.0,,cs0,,249.0,,7.0,,Start,1,1,0,74,74,0,74.0,0.0,0.0,0.0,0.0,0,0,0,0.0,,,0.0,0.0,0.0,INT,,,610.0,,0.0,0.0,0.0,0
1067597,0.0,0.0,0.0,0.0,0.0,0.0,udp,0.0,,cs0,,249.0,,7.0,,Start,1,1,0,74,74,0,74.0,0.0,0.0,0.0,0.0,0,0,0,0.0,,,0.0,0.0,0.0,INT,,,610.0,,0.0,0.0,0.0,0
1067614,0.0,0.0,0.0,0.0,0.0,0.0,udp,0.0,,cs0,,249.0,,7.0,,Start,1,1,0,74,74,0,74.0,0.0,0.0,0.0,0.0,0,0,0,0.0,,,0.0,0.0,0.0,INT,,,610.0,,0.0,0.0,0.0,0
1067657,0.000208,0.000208,0.000208,0.000208,0.000208,0.000208,sctp,186.0,186.0,ef,ef,252.0,255.0,4.0,1.0,Status,2,1,1,200,102,98,102.0,98.0,0.0,0.0,0.0,0,0,0,0.0,,,4807.692383,0.0,0.0,CON,,,610.0,,0.0,0.0,0.0,0
1067770,0.0,0.0,0.0,0.0,0.0,0.0,udp,0.0,,cs0,,249.0,,7.0,,Start,1,1,0,74,74,0,74.0,0.0,0.0,0.0,0.0,0,0,0,0.0,,,0.0,0.0,0.0,INT,,,610.0,,0.0,0.0,0.0,0
1067771,0.0,0.0,0.0,0.0,0.0,0.0,udp,0.0,,cs0,,249.0,,7.0,,Start,1,1,0,74,74,0,74.0,0.0,0.0,0.0,0.0,0,0,0,0.0,,,0.0,0.0,0.0,INT,,,610.0,,0.0,0.0,0.0,0
1067853,0.0,0.0,0.0,0.0,0.0,0.0,udp,0.0,,cs0,,249.0,,7.0,,Start,1,1,0,74,74,0,74.0,0.0,0.0,0.0,0.0,0,0,0,0.0,,,0.0,0.0,0.0,INT,,,610.0,,0.0,0.0,0.0,0
1067979,0.0,0.0,0.0,0.0,0.0,0.0,udp,0.0,,cs0,,249.0,,7.0,,Start,1,1,0,74,74,0,74.0,0.0,0.0,0.0,0.0,0,0,0,0.0,,,0.0,0.0,0.0,INT,,,610.0,,0.0,0.0,0.0,0
1068211,0.0,0.0,0.0,0.0,0.0,0.0,udp,0.0,,cs0,,249.0,,7.0,,Start,1,1,0,74,74,0,74.0,0.0,0.0,0.0,0.0,0,0,0,0.0,,,0.0,0.0,0.0,INT,,,610.0,,0.0,0.0,0.0,0
1068315,0.0,0.0,0.0,0.0,0.0,0.0,udp,0.0,,cs0,,249.0,,7.0,,Start,1,1,0,74,74,0,74.0,0.0,0.0,0.0,0.0,0,0,0,0.0,,,0.0,0.0,0.0,INT,,,610.0,,0.0,0.0,0.0,0
1068359,0.0,0.0,0.0,0.0,0.0,0.0,udp,0.0,,cs0,,249.0,,7.0,,Start,1,1,0,74,74,0,74.0,0.0,0.0,0.0,0.0,0,0,0,0.0,,,0.0,0.0,0.0,INT,,,610.0,,0.0,0.0,0.0,0
1068528,0.0,0.0,0.0,0.0,0.0,0.0,udp,0.0,,cs0,,249.0,,7.0,,Start,1,1,0,74,74,0,74.0,0.0,0.0,0.0,0.0,0,0,0,0.0,,,0.0,0.0,0.0,INT,,,610.0,,0.0,0.0,0.0,0
1068747,0.0,0.0,0.0,0.0,0.0,0.0,udp,0.0,,cs0,,249.0,,7.0,,Start,1,1,0,74,74,0,74.0,0.0,0.0,0.0,0.0,0,0,0,0.0,,,0.0,0.0,0.0,INT,,,610.0,,0.0,0.0,0.0,0
1068868,0.0,0.0,0.0,0.0,0.0,0.0,udp,0.0,,cs0,,249.0,,7.0,,Start,1,1,0,74,74,0,74.0,0.0,0.0,0.0,0.0,0,0,0,0.0,,,0.0,0.0,0.0,INT,,,610.0,,0.0,0.0,0.0,0
1068916,0.0,0.0,0.0,0.0,0.0,0.0,udp,0.0,,cs0,,249.0,,7.0,,Start,1,1,0,74,74,0,74.0,0.0,0.0,0.0,0.0,0,0,0,0.0,,,0.0,0.0,0.0,INT,,,610.0,,0.0,0.0,0.0,0
1069005,0.0,0.0,0.0,0.0,0.0,0.0,udp,0.0,,cs0,,249.0,,7.0,,Start,1,1,0,74,74,0,74.0,0.0,0.0,0.0,0.0,0,0,0,0.0,,,0.0,0.0,0.0,INT,,,610.0,,0.0,0.0,0.0,0
1069154,0.0,0.0,0.0,0.0,0.0,0.0,udp,0.0,,cs0,,249.0,,7.0,,Start,1,1,0,74,74,0,74.0,0.0,0.0,0.0,0.0,0,0,0,0.0,,,0.0,0.0,0.0,INT,,,610.0,,0.0,0.0,0.0,0
1069165,0.0,0.0,0.0,0.0,0.0,0.0,udp,0.0,,cs0,,249.0,,7.0,,Start,1,1,0,74,74,0,74.0,0.0,0.0,0.0,0.0,0,0,0,0.0,,,0.0,0.0,0.0,INT,,,610.0,,0.0,0.0,0.0,0
1069183,0.0,0.0,0.0,0.0,0.0,0.0,udp,0.0,,cs0,,249.0,,7.0,,Start,1,1,0,74,74,0,74.0,0.0,0.0,0.0,0.0,0,0,0,0.0,,,0.0,0.0,0.0,INT,,,610.0,,0.0,0.0,0.0,0
1069185,0.0,0.0,0.0,0.0,0.0,0.0,udp,0.0,,cs0,,249.0,,7.0,,Start,1,1,0,74,74,0,74.0,0.0,0.0,0.0,0.0,0,0,0,0.0,,,0.0,0.0,0.0,INT,,,610.0,,0.0,0.0,0.0,0
1069208,0.0,0.0,0.0,0.0,0.0,0.0,udp,0.0,,cs0,,249.0,,7.0,,Start,1,1,0,74,74,0,74.0,0.0,0.0,0.0,0.0,0,0,0,0.0,,,0.0,0.0,0.0,INT,,,610.0,,0.0,0.0,0.0,0
1069463,0.0,0.0,0.0,0.0,0.0,0.0,udp,0.0,,cs0,,249.0,,7.0,,Start,1,1,0,74,74,0,74.0,0.0,0.0,0.0,0.0,0,0,0,0.0,,,0.0,0.0,0.0,INT,,,610.0,,0.0,0.0,0.0,0
1069468,0.0,0.0,0.0,0.0,0.0,0.0,udp,0.0,,cs0,,249.0,,7.0,,Start,1,1,0,74,74,0,74.0,0.0,0.0,0.0,0.0,0,0,0,0.0,,,0.0,0.0,0.0,INT,,,610.0,,0.0,0.0,0.0,0
1069488,0.0,0.0,0.0,0.0,0.0,0.0,udp,0.0,,cs0,,249.0,,7.0,,Start,1,1,0,74,74,0,74.0,0.0,0.0,0.0,0.0,0,0,0,0.0,,,0.0,0.0,0.0,INT,,,610.0,,0.0,0.0,0.0,0
1069540,0.0,0.0,0.0,0.0,0.0,0.0,udp,0.0,,cs0,,249.0,,7.0,,Start,1,1,0,74,74,0,74.0,0.0,0.0,0.0,0.0,0,0,0,0.0,,,0.0,0.0,0.0,INT,,,610.0,,0.0,0.0,0.0,0
1069551,0.0,0.0,0.0,0.0,0.0,0.0,udp,0.0,,cs0,,249.0,,7.0,,Start,1,1,0,74,74,0,74.0,0.0,0.0,0.0,0.0,0,0,0,0.0,,,0.0,0.0,0.0,INT,,,610.0,,0.0,0.0,0.0,0
1069701,0.0,0.0,0.0,0.0,0.0,0.0,udp,0.0,,cs0,,249.0,,7.0,,Start,1,1,0,74,74,0,74.0,0.0,0.0,0.0,0.0,0,0,0,0.0,,,0.0,0.0,0.0,INT,,,610.0,,0.0,0.0,0.0,0
1069929,0.0,0.0,0.0,0.0,0.0,0.0,udp,0.0,,cs0,,249.0,,7.0,,Start,1,1,0,74,74,0,74.0,0.0,0.0,0.0,0.0,0,0,0,0.0,,,0.0,0.0,0.0,INT,,,610.0,,0.0,0.0,0.0,0
1069968,0.0,0.0,0.0,0.0,0.0,0.0,udp,0.0,,cs0,,249.0,,7.0,,Start,1,1,0,74,74,0,74.0,0.0,0.0,0.0,0.0,0,0,0,0.0,,,0.0,0.0,0.0,INT,,,610.0,,0.0,0.0,0.0,0
1069988,0.0,0.0,0.0,0.0,0.0,0.0,udp,0.0,,cs0,,249.0,,7.0,,Start,1,1,0,74,74,0,74.0,0.0,0.0,0.0,0.0,0,0,0,0.0,,,0.0,0.0,0.0,INT,,,610.0,,0.0,0.0,0.0,0
1070080,0.0,0.0,0.0,0.0,0.0,0.0,udp,0.0,,cs0,,249.0,,7.0,,Start,1,1,0,74,74,0,74.0,0.0,0.0,0.0,0.0,0,0,0,0.0,,,0.0,0.0,0.0,INT,,,610.0,,0.0,0.0,0.0,0
1070086,0.0,0.0,0.0,0.0,0.0,0.0,udp,0.0,,cs0,,249.0,,7.0,,Start,1,1,0,74,74,0,74.0,0.0,0.0,0.0,0.0,0,0,0,0.0,,,0.0,0.0,0.0,INT,,,610.0,,0.0,0.0,0.0,0
1070170,0.0,0.0,0.0,0.0,0.0,0.0,udp,0.0,,cs0,,249.0,,7.0,,Start,1,1,0,74,74,0,74.0,0.0,0.0,0.0,0.0,0,0,0,0.0,,,0.0,0.0,0.0,INT,,,610.0,,0.0,0.0,0.0,0
1070253,0.0,0.0,0.0,0.0,0.0,0.0,udp,0.0,,cs0,,249.0,,7.0,,Start,1,1,0,74,74,0,74.0,0.0,0.0,0.0,0.0,0,0,0,0.0,,,0.0,0.0,0.0,INT,,,610.0,,0.0,0.0,0.0,0
1070267,0.0,0.0,0.0,0.0,0.0,0.0,udp,0.0,,cs0,,249.0,,7.0,,Start,1,1,0,74,74,0,74.0,0.0,0.0,0.0,0.0,0,0,0,0.0,,,0.0,0.0,0.0,INT,,,610.0,,0.0,0.0,0.0,0
1070322,0.0,0.0,0.0,0.0,0.0,0.0,udp,0.0,,cs0,,249.0,,7.0,,Start,1,1,0,74,74,0,74.0,0.0,0.0,0.0,0.0,0,0,0,0.0,,,0.0,0.0,0.0,INT,,,610.0,,0.0,0.0,0.0,0
1070329,0.0,0.0,0.0,0.0,0.0,0.0,udp,0.0,,cs0,,249.0,,7.0,,Start,1,1,0,74,74,0,74.0,0.0,0.0,0.0,0.0,0,0,0,0.0,,,0.0,0.0,0.0,INT,,,610.0,,0.0,0.0,0.0,0
1070610,0.0,0.0,0.0,0.0,0.0,0.0,udp,0.0,,cs0,,249.0,,7.0,,Start,1,1,0,74,74,0,74.0,0.0,0.0,0.0,0.0,0,0,0,0.0,,,0.0,0.0,0.0,INT,,,610.0,,0.0,0.0,0.0,0
1070718,0.0,0.0,0.0,0.0,0.0,0.0,udp,0.0,,cs0,,249.0,,7.0,,Start,1,1,0,74,74,0,74.0,0.0,0.0,0.0,0.0,0,0,0,0.0,,,0.0,0.0,0.0,INT,,,610.0,,0.0,0.0,0.0,0
1070737,0.0,0.0,0.0,0.0,0.0,0.0,udp,0.0,,cs0,,249.0,,7.0,,Start,1,1,0,74,74,0,74.0,0.0,0.0,0.0,0.0,0,0,0,0.0,,,0.0,0.0,0.0,INT,,,610.0,,0.0,0.0,0.0,0
1070881,0.0,0.0,0.0,0.0,0.0,0.0,udp,0.0,,cs0,,249.0,,7.0,,Start,1,1,0,74,74,0,74.0,0.0,0.0,0.0,0.0,0,0,0,0.0,,,0.0,0.0,0.0,INT,,,610.0,,0.0,0.0,0.0,0
1070893,0.0,0.0,0.0,0.0,0.0,0.0,udp,0.0,,cs0,,249.0,,7.0,,Start,1,1,0,74,74,0,74.0,0.0,0.0,0.0,0.0,0,0,0,0.0,,,0.0,0.0,0.0,INT,,,610.0,,0.0,0.0,0.0,0
1071027,0.0,0.0,0.0,0.0,0.0,0.0,udp,0.0,,cs0,,249.0,,7.0,,Start,1,1,0,74,74,0,74.0,0.0,0.0,0.0,0.0,0,0,0,0.0,,,0.0,0.0,0.0,INT,,,610.0,,0.0,0.0,0.0,0
1071116,0.0,0.0,0.0,0.0,0.0,0.0,udp,0.0,,cs0,,249.0,,7.0,,Start,1,1,0,74,74,0,74.0,0.0,0.0,0.0,0.0,0,0,0,0.0,,,0.0,0.0,0.0,INT,,,610.0,,0.0,0.0,0.0,0
1071133,0.0,0.0,0.0,0.0,0.0,0.0,udp,0.0,,cs0,,249.0,,7.0,,Start,1,1,0,74,74,0,74.0,0.0,0.0,0.0,0.0,0,0,0,0.0,,,0.0,0.0,0.0,INT,,,610.0,,0.0,0.0,0.0,0
1071158,0.0,0.0,0.0,0.0,0.0,0.0,udp,0.0,,cs0,,249.0,,7.0,,Start,1,1,0,74,74,0,74.0,0.0,0.0,0.0,0.0,0,0,0,0.0,,,0.0,0.0,0.0,INT,,,610.0,,0.0,0.0,0.0,0
1071284,0.0,0.0,0.0,0.0,0.0,0.0,udp,0.0,,cs0,,249.0,,7.0,,Start,1,1,0,74,74,0,74.0,0.0,0.0,0.0,0.0,0,0,0,0.0,,,0.0,0.0,0.0,INT,,,610.0,,0.0,0.0,0.0,0
1071317,0.0,0.0,0.0,0.0,0.0,0.0,udp,0.0,,cs0,,249.0,,7.0,,Start,1,1,0,74,74,0,74.0,0.0,0.0,0.0,0.0,0,0,0,0.0,,,0.0,0.0,0.0,INT,,,610.0,,0.0,0.0,0.0,0
1071326,0.0,0.0,0.0,0.0,0.0,0.0,udp,0.0,,cs0,,249.0,,7.0,,Start,1,1,0,74,74,0,74.0,0.0,0.0,0.0,0.0,0,0,0,0.0,,,0.0,0.0,0.0,INT,,,610.0,,0.0,0.0,0.0,0
1071381,0.000208,0.000208,0.000208,0.000208,0.000208,0.000208,sctp,186.0,186.0,ef,ef,252.0,255.0,4.0,1.0,Status,2,1,1,200,102,98,102.0,98.0,0.0,0.0,0.0,0,0,0,0.0,,,4807.692383,0.0,0.0,CON,,,610.0,,0.0,0.0,0.0,0
1071434,0.0,0.0,0.0,0.0,0.0,0.0,udp,0.0,,cs0,,249.0,,7.0,,Start,1,1,0,74,74,0,74.0,0.0,0.0,0.0,0.0,0,0,0,0.0,,,0.0,0.0,0.0,INT,,,610.0,,0.0,0.0,0.0,0
1071474,0.0,0.0,0.0,0.0,0.0,0.0,udp,0.0,,cs0,,249.0,,7.0,,Start,1,1,0,74,74,0,74.0,0.0,0.0,0.0,0.0,0,0,0,0.0,,,0.0,0.0,0.0,INT,,,610.0,,0.0,0.0,0.0,0
1071497,0.0,0.0,0.0,0.0,0.0,0.0,udp,0.0,,cs0,,249.0,,7.0,,Start,1,1,0,74,74,0,74.0,0.0,0.0,0.0,0.0,0,0,0,0.0,,,0.0,0.0,0.0,INT,,,610.0,,0.0,0.0,0.0,0
1071637,0.0,0.0,0.0,0.0,0.0,0.0,udp,0.0,,cs0,,249.0,,7.0,,Start,1,1,0,74,74,0,74.0,0.0,0.0,0.0,0.0,0,0,0,0.0,,,0.0,0.0,0.0,INT,,,610.0,,0.0,0.0,0.0,0
1071642,0.0,0.0,0.0,0.0,0.0,0.0,udp,0.0,,cs0,,249.0,,7.0,,Start,1,1,0,74,74,0,74.0,0.0,0.0,0.0,0.0,0,0,0,0.0,,,0.0,0.0,0.0,INT,,,610.0,,0.0,0.0,0.0,0
1071728,0.0,0.0,0.0,0.0,0.0,0.0,udp,0.0,,cs0,,249.0,,7.0,,Start,1,1,0,74,74,0,74.0,0.0,0.0,0.0,0.0,0,0,0,0.0,,,0.0,0.0,0.0,INT,,,610.0,,0.0,0.0,0.0,0
1071789,0.0,0.0,0.0,0.0,0.0,0.0,udp,0.0,,cs0,,249.0,,7.0,,Start,1,1,0,74,74,0,74.0,0.0,0.0,0.0,0.0,0,0,0,0.0,,,0.0,0.0,0.0,INT,,,610.0,,0.0,0.0,0.0,0
1071820,0.0,0.0,0.0,0.0,0.0,0.0,udp,0.0,,cs0,,249.0,,7.0,,Start,1,1,0,74,74,0,74.0,0.0,0.0,0.0,0.0,0,0,0,0.0,,,0.0,0.0,0.0,INT,,,610.0,,0.0,0.0,0.0,0
1071833,0.0,0.0,0.0,0.0,0.0,0.0,udp,0.0,,cs0,,249.0,,7.0,,Start,1,1,0,74,74,0,74.0,0.0,0.0,0.0,0.0,0,0,0,0.0,,,0.0,0.0,0.0,INT,,,610.0,,0.0,0.0,0.0,0
1071918,0.0,0.0,0.0,0.0,0.0,0.0,udp,0.0,,cs0,,249.0,,7.0,,Start,1,1,0,74,74,0,74.0,0.0,0.0,0.0,0.0,0,0,0,0.0,,,0.0,0.0,0.0,INT,,,610.0,,0.0,0.0,0.0,0
1071981,0.0,0.0,0.0,0.0,0.0,0.0,udp,0.0,,cs0,,249.0,,7.0,,Start,1,1,0,74,74,0,74.0,0.0,0.0,0.0,0.0,0,0,0,0.0,,,0.0,0.0,0.0,INT,,,610.0,,0.0,0.0,0.0,0
1072013,0.0,0.0,0.0,0.0,0.0,0.0,udp,0.0,,cs0,,249.0,,7.0,,Start,1,1,0,74,74,0,74.0,0.0,0.0,0.0,0.0,0,0,0,0.0,,,0.0,0.0,0.0,INT,,,610.0,,0.0,0.0,0.0,0
1072090,0.0,0.0,0.0,0.0,0.0,0.0,udp,0.0,,cs0,,249.0,,7.0,,Start,1,1,0,74,74,0,74.0,0.0,0.0,0.0,0.0,0,0,0,0.0,,,0.0,0.0,0.0,INT,,,610.0,,0.0,0.0,0.0,0
1072257,4.913328,4.913328,4.913328,4.913328,4.913328,4.913328,tcp,0.0,0.0,cs0,cs0,64.0,117.0,0.0,11.0,Status,55,10,45,60245,3006,57239,300.600006,1271.977783,95534.42969,4405.974609,91128.45313,0,0,0,0.0,0.0,0.0,10.990514,1.831752,8.955234,CON,1051648.0,142848.0,,,0.053745,0.020691,0.033054,0
1072258,0.0,0.0,0.0,0.0,0.0,0.0,udp,0.0,,cs0,,249.0,,7.0,,Start,1,1,0,74,74,0,74.0,0.0,0.0,0.0,0.0,0,0,0,0.0,,,0.0,0.0,0.0,INT,,,610.0,,0.0,0.0,0.0,0
1072354,0.0,0.0,0.0,0.0,0.0,0.0,udp,0.0,,cs0,,249.0,,7.0,,Start,1,1,0,74,74,0,74.0,0.0,0.0,0.0,0.0,0,0,0,0.0,,,0.0,0.0,0.0,INT,,,610.0,,0.0,0.0,0.0,0
1072529,0.0,0.0,0.0,0.0,0.0,0.0,udp,0.0,,cs0,,249.0,,7.0,,Start,1,1,0,74,74,0,74.0,0.0,0.0,0.0,0.0,0,0,0,0.0,,,0.0,0.0,0.0,INT,,,610.0,,0.0,0.0,0.0,0
1072555,0.137135,0.137135,0.137135,0.137135,0.137135,0.137135,udp,0.0,0.0,cs0,cs0,64.0,53.0,0.0,11.0,Status,13,7,6,5857,3992,1865,570.285706,310.833344,290341.625,199628.1094,90713.53125,0,0,0,0.0,,,87.505013,43.752506,36.460423,CON,,,,,0.0,0.0,0.0,0
1072635,0.0,0.0,0.0,0.0,0.0,0.0,udp,0.0,,cs0,,249.0,,7.0,,Start,1,1,0,74,74,0,74.0,0.0,0.0,0.0,0.0,0,0,0,0.0,,,0.0,0.0,0.0,INT,,,610.0,,0.0,0.0,0.0,0
1072878,0.0,0.0,0.0,0.0,0.0,0.0,udp,0.0,,cs0,,249.0,,7.0,,Start,1,1,0,74,74,0,74.0,0.0,0.0,0.0,0.0,0,0,0,0.0,,,0.0,0.0,0.0,INT,,,610.0,,0.0,0.0,0.0,0
1072920,0.000118,0.000118,0.000118,0.000118,0.000118,0.000118,sctp,186.0,186.0,ef,ef,252.0,255.0,4.0,1.0,Status,2,1,1,200,102,98,102.0,98.0,0.0,0.0,0.0,0,0,0,0.0,,,8474.576172,0.0,0.0,CON,,,610.0,,0.0,0.0,0.0,0
1073076,0.0,0.0,0.0,0.0,0.0,0.0,udp,0.0,,cs0,,249.0,,7.0,,Start,1,1,0,74,74,0,74.0,0.0,0.0,0.0,0.0,0,0,0,0.0,,,0.0,0.0,0.0,INT,,,610.0,,0.0,0.0,0.0,0
1073091,0.0,0.0,0.0,0.0,0.0,0.0,udp,0.0,,cs0,,249.0,,7.0,,Start,1,1,0,74,74,0,74.0,0.0,0.0,0.0,0.0,0,0,0,0.0,,,0.0,0.0,0.0,INT,,,610.0,,0.0,0.0,0.0,0
1073108,0.0,0.0,0.0,0.0,0.0,0.0,udp,0.0,,cs0,,249.0,,7.0,,Start,1,1,0,74,74,0,74.0,0.0,0.0,0.0,0.0,0,0,0,0.0,,,0.0,0.0,0.0,INT,,,610.0,,0.0,0.0,0.0,0
1073197,0.0,0.0,0.0,0.0,0.0,0.0,udp,0.0,,cs0,,249.0,,7.0,,Start,1,1,0,74,74,0,74.0,0.0,0.0,0.0,0.0,0,0,0,0.0,,,0.0,0.0,0.0,INT,,,610.0,,0.0,0.0,0.0,0
1073229,0.0,0.0,0.0,0.0,0.0,0.0,udp,0.0,,cs0,,249.0,,7.0,,Start,1,1,0,74,74,0,74.0,0.0,0.0,0.0,0.0,0,0,0,0.0,,,0.0,0.0,0.0,INT,,,610.0,,0.0,0.0,0.0,0
1073303,0.0,0.0,0.0,0.0,0.0,0.0,udp,0.0,,cs0,,249.0,,7.0,,Start,1,1,0,74,74,0,74.0,0.0,0.0,0.0,0.0,0,0,0,0.0,,,0.0,0.0,0.0,INT,,,610.0,,0.0,0.0,0.0,0
1073309,0.0,0.0,0.0,0.0,0.0,0.0,udp,0.0,,cs0,,249.0,,7.0,,Start,1,1,0,74,74,0,74.0,0.0,0.0,0.0,0.0,0,0,0,0.0,,,0.0,0.0,0.0,INT,,,610.0,,0.0,0.0,0.0,0
1073312,0.0,0.0,0.0,0.0,0.0,0.0,udp,0.0,,cs0,,249.0,,7.0,,Start,1,1,0,74,74,0,74.0,0.0,0.0,0.0,0.0,0,0,0,0.0,,,0.0,0.0,0.0,INT,,,610.0,,0.0,0.0,0.0,0
1073400,0.0,0.0,0.0,0.0,0.0,0.0,udp,0.0,,cs0,,249.0,,7.0,,Start,1,1,0,74,74,0,74.0,0.0,0.0,0.0,0.0,0,0,0,0.0,,,0.0,0.0,0.0,INT,,,610.0,,0.0,0.0,0.0,0
1073416,0.0,0.0,0.0,0.0,0.0,0.0,udp,0.0,,cs0,,249.0,,7.0,,Start,1,1,0,74,74,0,74.0,0.0,0.0,0.0,0.0,0,0,0,0.0,,,0.0,0.0,0.0,INT,,,610.0,,0.0,0.0,0.0,0
1073495,0.0,0.0,0.0,0.0,0.0,0.0,udp,0.0,,cs0,,249.0,,7.0,,Start,1,1,0,74,74,0,74.0,0.0,0.0,0.0,0.0,0,0,0,0.0,,,0.0,0.0,0.0,INT,,,610.0,,0.0,0.0,0.0,0
1073589,0.0,0.0,0.0,0.0,0.0,0.0,udp,0.0,,cs0,,249.0,,7.0,,Start,1,1,0,74,74,0,74.0,0.0,0.0,0.0,0.0,0,0,0,0.0,,,0.0,0.0,0.0,INT,,,610.0,,0.0,0.0,0.0,0
1073599,0.0,0.0,0.0,0.0,0.0,0.0,udp,0.0,,cs0,,249.0,,7.0,,Start,1,1,0,74,74,0,74.0,0.0,0.0,0.0,0.0,0,0,0,0.0,,,0.0,0.0,0.0,INT,,,610.0,,0.0,0.0,0.0,0
1073661,0.0,0.0,0.0,0.0,0.0,0.0,udp,0.0,,cs0,,249.0,,7.0,,Start,1,1,0,74,74,0,74.0,0.0,0.0,0.0,0.0,0,0,0,0.0,,,0.0,0.0,0.0,INT,,,610.0,,0.0,0.0,0.0,0
1073774,0.0,0.0,0.0,0.0,0.0,0.0,udp,0.0,,cs0,,249.0,,7.0,,Start,1,1,0,74,74,0,74.0,0.0,0.0,0.0,0.0,0,0,0,0.0,,,0.0,0.0,0.0,INT,,,610.0,,0.0,0.0,0.0,0
1073777,0.0,0.0,0.0,0.0,0.0,0.0,udp,0.0,,cs0,,249.0,,7.0,,Start,1,1,0,74,74,0,74.0,0.0,0.0,0.0,0.0,0,0,0,0.0,,,0.0,0.0,0.0,INT,,,610.0,,0.0,0.0,0.0,0
1073946,0.0,0.0,0.0,0.0,0.0,0.0,udp,0.0,,cs0,,249.0,,7.0,,Start,1,1,0,74,74,0,74.0,0.0,0.0,0.0,0.0,0,0,0,0.0,,,0.0,0.0,0.0,INT,,,610.0,,0.0,0.0,0.0,0
1073956,0.0,0.0,0.0,0.0,0.0,0.0,udp,0.0,,cs0,,249.0,,7.0,,Start,1,1,0,74,74,0,74.0,0.0,0.0,0.0,0.0,0,0,0,0.0,,,0.0,0.0,0.0,INT,,,610.0,,0.0,0.0,0.0,0
1074072,0.0,0.0,0.0,0.0,0.0,0.0,udp,0.0,,cs0,,249.0,,7.0,,Start,1,1,0,74,74,0,74.0,0.0,0.0,0.0,0.0,0,0,0,0.0,,,0.0,0.0,0.0,INT,,,610.0,,0.0,0.0,0.0,0
1074158,0.0,0.0,0.0,0.0,0.0,0.0,udp,0.0,,cs0,,249.0,,7.0,,Start,1,1,0,74,74,0,74.0,0.0,0.0,0.0,0.0,0,0,0,0.0,,,0.0,0.0,0.0,INT,,,610.0,,0.0,0.0,0.0,0
1074160,0.0,0.0,0.0,0.0,0.0,0.0,udp,0.0,,cs0,,249.0,,7.0,,Start,1,1,0,74,74,0,74.0,0.0,0.0,0.0,0.0,0,0,0,0.0,,,0.0,0.0,0.0,INT,,,610.0,,0.0,0.0,0.0,0
1074164,0.0,0.0,0.0,0.0,0.0,0.0,udp,0.0,,cs0,,249.0,,7.0,,Start,1,1,0,74,74,0,74.0,0.0,0.0,0.0,0.0,0,0,0,0.0,,,0.0,0.0,0.0,INT,,,610.0,,0.0,0.0,0.0,0
1074251,0.0,0.0,0.0,0.0,0.0,0.0,udp,0.0,,cs0,,249.0,,7.0,,Start,1,1,0,74,74,0,74.0,0.0,0.0,0.0,0.0,0,0,0,0.0,,,0.0,0.0,0.0,INT,,,610.0,,0.0,0.0,0.0,0
1074354,0.0,0.0,0.0,0.0,0.0,0.0,udp,0.0,,cs0,,249.0,,7.0,,Start,1,1,0,74,74,0,74.0,0.0,0.0,0.0,0.0,0,0,0,0.0,,,0.0,0.0,0.0,INT,,,610.0,,0.0,0.0,0.0,0
1074440,0.0,0.0,0.0,0.0,0.0,0.0,udp,0.0,,cs0,,249.0,,7.0,,Start,1,1,0,74,74,0,74.0,0.0,0.0,0.0,0.0,0,0,0,0.0,,,0.0,0.0,0.0,INT,,,610.0,,0.0,0.0,0.0,0
1074682,0.0,0.0,0.0,0.0,0.0,0.0,udp,0.0,,cs0,,249.0,,7.0,,Start,1,1,0,74,74,0,74.0,0.0,0.0,0.0,0.0,0,0,0,0.0,,,0.0,0.0,0.0,INT,,,610.0,,0.0,0.0,0.0,0
1075420,0.07991,0.07991,0.07991,0.07991,0.07991,0.07991,udp,0.0,0.0,cs0,cs0,64.0,117.0,0.0,11.0,Status,4,2,2,438,300,138,150.0,69.0,21924.66406,15016.89356,6907.770996,0,0,0,0.0,,,37.542233,12.514078,12.514078,CON,,,,,0.0,0.0,0.0,0
1076264,0.00115,0.00115,0.00115,0.00115,0.00115,0.00115,tcp,0.0,0.0,cs0,cs0,64.0,62.0,0.0,2.0,Status,2,1,1,132,66,66,66.0,66.0,0.0,0.0,0.0,0,0,0,0.0,0.0,0.0,869.565186,0.0,0.0,CON,68096.0,31104.0,,,0.017043,0.001175,0.015868,0
1076294,0.106398,0.106398,0.106398,0.106398,0.106398,0.106398,udp,0.0,0.0,cs0,cs0,64.0,52.0,0.0,12.0,Status,7,3,4,1072,748,324,249.333328,81.0,55790.52344,37519.5,18271.01953,0,0,0,0.0,,,56.392036,18.797346,28.196018,CON,,,,,0.0,0.0,0.0,0
1076303,0.692907,0.692907,0.692907,0.692907,0.692907,0.692907,udp,0.0,0.0,cs0,cs0,64.0,117.0,0.0,11.0,Status,56,10,46,56914,4483,52431,448.299988,1139.804321,638781.25,46586.33984,592194.9375,0,0,0,0.0,,,79.375732,12.988756,64.943779,CON,,,,,0.0,0.0,0.0,0
1076314,0.108844,0.108844,0.108844,0.108844,0.108844,0.108844,udp,0.0,0.0,cs0,cs0,64.0,53.0,0.0,11.0,Start,15,8,7,5466,2104,3362,263.0,480.285706,347139.0313,135312.9219,211826.1094,0,0,0,0.0,,,128.624451,64.312225,55.124767,CON,,,,,0.0,0.0,0.0,0
1076361,0.129866,0.129866,0.129866,0.129866,0.129866,0.129866,udp,0.0,0.0,cs0,cs0,64.0,52.0,0.0,12.0,Start,12,7,5,5277,2034,3243,290.571442,648.599976,267290.9063,107433.8125,159857.0781,0,0,0,0.0,,,84.70269,46.201469,30.800978,CON,,,,,0.0,0.0,0.0,0
1076427,0.136832,0.136832,0.136832,0.136832,0.136832,0.136832,udp,0.0,0.0,cs0,cs0,64.0,53.0,0.0,11.0,Status,13,7,6,5899,3992,1907,570.285706,317.833344,293030.875,200070.1563,92960.71094,0,0,0,0.0,,,87.698784,43.849392,36.541161,CON,,,,,0.0,0.0,0.0,0
1076462,0.102648,0.102648,0.102648,0.102648,0.102648,0.102648,udp,0.0,0.0,cs0,cs0,64.0,53.0,0.0,11.0,Start,15,8,7,5494,2104,3390,263.0,484.285706,369963.375,143480.6406,226482.75,0,0,0,0.0,,,136.388443,68.194221,58.452187,CON,,,,,0.0,0.0,0.0,0
1076575,0.024058,0.024058,0.024058,0.024058,0.024058,0.024058,tcp,0.0,0.0,cs0,cs0,64.0,52.0,0.0,12.0,Start,4,2,2,271,163,108,81.5,54.0,45224.04297,27267.4375,17956.60547,0,0,0,0.0,0.0,0.0,124.698647,41.566216,41.566216,RST,962.0,0.0,,,0.0,0.0,0.0,0
1076667,0.233904,0.233904,0.233904,0.233904,0.233904,0.233904,tcp,0.0,0.0,cs0,cs0,64.0,116.0,0.0,12.0,Start,17,10,7,7435,1295,6140,129.5,877.142883,219885.0781,39879.60938,180005.4688,1,0,1,5.555556,0.0,0.0,68.404129,38.477322,25.651548,CON,78336.0,66816.0,,,0.069788,0.056029,0.013759,0
1076688,2.992859,2.992859,2.992859,2.992859,2.992859,2.992859,udp,0.0,0.0,cs0,cs0,64.0,52.0,0.0,12.0,Status,30,18,12,17631,12729,4902,707.166687,408.5,44147.75391,32135.16016,12012.59473,0,0,0,0.0,,,9.689732,5.680188,3.675416,CON,,,,,0.0,0.0,0.0,0
1076702,0.229937,0.229937,0.229937,0.229937,0.229937,0.229937,tcp,0.0,0.0,cs0,cs0,64.0,116.0,0.0,12.0,Start,16,9,7,7369,1229,6140,136.555557,877.142883,221138.8281,38027.80859,183111.0313,0,0,0,0.0,0.0,0.0,65.23526,34.792137,26.094103,CON,78336.0,66816.0,,,0.05689,0.041545,0.015345,0
1076710,0.0,0.0,0.0,0.0,0.0,0.0,udp,0.0,,cs0,,249.0,,7.0,,Start,1,1,0,64,64,0,64.0,0.0,0.0,0.0,0.0,0,0,0,0.0,,,0.0,0.0,0.0,INT,,,610.0,,0.0,0.0,0.0,0
1076712,0.0,0.0,0.0,0.0,0.0,0.0,udp,0.0,,cs0,,249.0,,7.0,,Start,1,1,0,64,64,0,64.0,0.0,0.0,0.0,0.0,0,0,0,0.0,,,0.0,0.0,0.0,INT,,,610.0,,0.0,0.0,0.0,0
1076758,0.1183,0.1183,0.1183,0.1183,0.1183,0.1183,udp,0.0,0.0,cs0,cs0,64.0,52.0,0.0,12.0,Start,22,12,10,8305,3907,4398,325.583344,439.799988,509957.75,242231.625,267726.125,0,0,0,0.0,,,177.514801,92.98394,76.077766,CON,,,,,0.0,0.0,0.0,0
1076774,0.0,0.0,0.0,0.0,0.0,0.0,icmp,0.0,,cs0,,58.0,,6.0,,Start,1,1,0,98,98,0,98.0,0.0,0.0,0.0,0.0,0,0,0,0.0,,,0.0,0.0,0.0,ECO,,,,,0.0,0.0,0.0,0
1076833,0.0,0.0,0.0,0.0,0.0,0.0,icmp,0.0,,cs0,,58.0,,6.0,,Start,1,1,0,98,98,0,98.0,0.0,0.0,0.0,0.0,0,0,0,0.0,,,0.0,0.0,0.0,ECO,,,,,0.0,0.0,0.0,0
1076904,0.224434,0.224434,0.224434,0.224434,0.224434,0.224434,udp,0.0,0.0,cs0,cs0,117.0,64.0,11.0,0.0,Status,107,97,10,133411,129980,3431,1340.0,343.100006,4695474.0,4585401.5,110072.4453,0,0,0,0.0,,,472.299194,427.742676,40.100876,CON,,,,,0.0,0.0,0.0,0
1076960,0.027488,0.027488,0.027488,0.027488,0.027488,0.027488,tcp,0.0,0.0,cs0,cs0,116.0,64.0,12.0,0.0,Start,2,1,1,205,139,66,139.0,66.0,0.0,0.0,0.0,0,0,0,0.0,0.0,0.0,36.379509,0.0,0.0,CON,261.0,162.0,,,0.0,0.0,0.0,0
1077004,0.000297,0.000297,0.000297,0.000297,0.000297,0.000297,udp,224.0,184.0,cs7,ef,250.0,255.0,6.0,1.0,Start,2,1,1,124,64,60,64.0,60.0,0.0,0.0,0.0,0,0,0,0.0,,,3367.003418,0.0,0.0,CON,,,610.0,,0.0,0.0,0.0,0
1077006,0.0,0.0,0.0,0.0,0.0,0.0,icmp,0.0,,cs0,,58.0,,6.0,,Start,1,1,0,98,98,0,98.0,0.0,0.0,0.0,0.0,0,0,0,0.0,,,0.0,0.0,0.0,ECO,,,,,0.0,0.0,0.0,0
1077030,0.0,0.0,0.0,0.0,0.0,0.0,icmp,0.0,,cs0,,58.0,,6.0,,Start,1,1,0,98,98,0,98.0,0.0,0.0,0.0,0.0,0,0,0,0.0,,,0.0,0.0,0.0,ECO,,,,,0.0,0.0,0.0,0
1077074,0.0,0.0,0.0,0.0,0.0,0.0,icmp,0.0,,cs0,,58.0,,6.0,,Start,1,1,0,98,98,0,98.0,0.0,0.0,0.0,0.0,0,0,0,0.0,,,0.0,0.0,0.0,ECO,,,,,0.0,0.0,0.0,0
1077125,0.238717,0.238717,0.238717,0.238717,0.238717,0.238717,udp,0.0,0.0,cs0,cs0,117.0,64.0,11.0,0.0,Status,110,96,14,132195,127337,4858,1326.427124,347.0,4374116.5,4222941.5,151174.8125,0,0,0,0.0,,,456.607605,397.960754,54.457787,CON,,,,,0.0,0.0,0.0,0
1077128,4.344036,4.344036,4.344036,4.344036,4.344036,4.344036,udp,0.0,0.0,cs0,cs0,64.0,53.0,0.0,11.0,Status,28,15,13,15653,10362,5291,690.799988,407.0,26806.40625,17812.00586,8994.400391,0,0,0,0.0,,,6.215418,3.222809,2.762408,CON,,,,,0.0,0.0,0.0,0
1077143,0.0,0.0,0.0,0.0,0.0,0.0,udp,0.0,,cs0,,249.0,,7.0,,Start,1,1,0,74,74,0,74.0,0.0,0.0,0.0,0.0,0,0,0,0.0,,,0.0,0.0,0.0,INT,,,610.0,,0.0,0.0,0.0,0
1077161,0.0,0.0,0.0,0.0,0.0,0.0,sctp,186.0,186.0,ef,ef,255.0,252.0,1.0,4.0,Status,2,1,1,200,98,102,98.0,102.0,0.0,0.0,0.0,0,0,0,0.0,,,0.0,0.0,0.0,CON,,,,610.0,0.0,0.0,0.0,0
1077172,0.0,0.0,0.0,0.0,0.0,0.0,icmp,0.0,,cs0,,58.0,,6.0,,Start,1,1,0,98,98,0,98.0,0.0,0.0,0.0,0.0,0,0,0,0.0,,,0.0,0.0,0.0,ECO,,,,,0.0,0.0,0.0,0
1077183,0.000281,0.000281,0.000281,0.000281,0.000281,0.000281,sctp,186.0,186.0,ef,ef,255.0,252.0,1.0,4.0,Status,2,1,1,192,94,98,94.0,98.0,0.0,0.0,0.0,0,0,0,0.0,,,3558.718994,0.0,0.0,CON,,,,610.0,0.0,0.0,0.0,0
1077360,0.076725,0.076725,0.076725,0.076725,0.076725,0.076725,udp,0.0,0.0,cs0,cs0,64.0,117.0,0.0,11.0,Status,6,3,3,726,528,198,176.0,66.0,50465.94922,36702.50781,13763.44141,0,0,0,0.0,,,65.167809,26.067123,26.067123,CON,,,,,0.0,0.0,0.0,0
1077382,0.030877,0.030877,0.030877,0.030877,0.030877,0.030877,tcp,0.0,0.0,cs0,cs0,53.0,64.0,11.0,0.0,Status,2,0,2,132,0,132,0.0,66.0,17100.10742,0.0,17100.10742,0,0,0,0.0,0.0,0.0,32.386566,0.0,32.386566,FIN,,,,,0.0,0.0,0.0,0
1077403,0.0,0.0,0.0,0.0,0.0,0.0,tcp,0.0,0.0,cs0,cs0,116.0,64.0,12.0,0.0,Status,4,2,2,264,108,156,54.0,78.0,0.0,0.0,0.0,0,0,0,0.0,0.0,0.0,0.0,0.0,0.0,RST,281.0,173.0,,,0.0,0.0,0.0,0
1077483,4.997651,4.997651,4.997651,4.997651,4.997651,4.997651,udp,0.0,0.0,cs0,cs0,117.0,64.0,11.0,0.0,Status,68,60,8,83019,79262,3757,1321.033325,469.625,130027.4844,124764.2109,5263.272461,0,0,0,0.0,,,13.406298,11.805546,1.400658,CON,,,,,0.0,0.0,0.0,0
1077536,0.000409,0.000409,0.000409,0.000409,0.000409,0.000409,sctp,186.0,40.0,ef,af11,255.0,250.0,1.0,6.0,Status,2,1,1,192,94,98,94.0,98.0,0.0,0.0,0.0,0,0,0,0.0,,,2444.987793,0.0,0.0,CON,,,,610.0,0.0,0.0,0.0,0
1077551,0.0,0.0,0.0,0.0,0.0,0.0,icmp,0.0,,cs0,,58.0,,6.0,,Start,1,1,0,98,98,0,98.0,0.0,0.0,0.0,0.0,0,0,0,0.0,,,0.0,0.0,0.0,ECO,,,,,0.0,0.0,0.0,0
1077586,0.072915,0.072915,0.072915,0.072915,0.072915,0.072915,udp,0.0,0.0,cs0,cs0,64.0,117.0,0.0,11.0,Status,4,2,2,437,299,138,149.5,69.0,24027.97461,16457.51758,7570.458496,0,0,0,0.0,,,41.143795,13.714599,13.714599,CON,,,,,0.0,0.0,0.0,0
1077603,0.0,0.0,0.0,0.0,0.0,0.0,icmp,0.0,,cs0,,58.0,,6.0,,Start,1,1,0,98,98,0,98.0,0.0,0.0,0.0,0.0,0,0,0,0.0,,,0.0,0.0,0.0,ECO,,,,,0.0,0.0,0.0,0
1077605,0.202683,0.202683,0.202683,0.202683,0.202683,0.202683,udp,0.0,0.0,cs0,cs0,117.0,64.0,11.0,0.0,Status,43,31,12,42253,38680,3573,1247.741943,297.75,1606804.75,1477499.375,129305.3672,0,0,0,0.0,,,207.220139,148.014389,54.271942,CON,,,,,0.0,0.0,0.0,0
1077608,0.0,0.0,0.0,0.0,0.0,0.0,icmp,0.0,,cs0,,58.0,,6.0,,Start,1,1,0,98,98,0,98.0,0.0,0.0,0.0,0.0,0,0,0,0.0,,,0.0,0.0,0.0,ECO,,,,,0.0,0.0,0.0,0
1077614,0.0,0.0,0.0,0.0,0.0,0.0,icmp,0.0,,cs0,,58.0,,6.0,,Start,1,1,0,98,98,0,98.0,0.0,0.0,0.0,0.0,0,0,0,0.0,,,0.0,0.0,0.0,ECO,,,,,0.0,0.0,0.0,0
1077633,0.0,0.0,0.0,0.0,0.0,0.0,icmp,0.0,,cs0,,58.0,,6.0,,Start,1,1,0,98,98,0,98.0,0.0,0.0,0.0,0.0,0,0,0,0.0,,,0.0,0.0,0.0,ECO,,,,,0.0,0.0,0.0,0
1077636,4.492858,4.492858,4.492858,4.492858,4.492858,4.492858,udp,0.0,0.0,cs0,cs0,64.0,53.0,0.0,11.0,Status,28,15,13,15890,10362,5528,690.799988,425.230774,26308.42188,17222.0,9086.420898,0,0,0,0.0,,,6.009538,3.116057,2.670906,CON,,,,,0.0,0.0,0.0,0
1077658,0.0,0.0,0.0,0.0,0.0,0.0,icmp,0.0,,cs0,,58.0,,6.0,,Start,1,1,0,98,98,0,98.0,0.0,0.0,0.0,0.0,0,0,0,0.0,,,0.0,0.0,0.0,ECO,,,,,0.0,0.0,0.0,0
1077706,0.079956,0.079956,0.079956,0.079956,0.079956,0.079956,udp,0.0,0.0,cs0,cs0,64.0,117.0,0.0,11.0,Status,4,2,2,437,299,138,149.5,69.0,21912.05078,15008.25391,6903.796875,0,0,0,0.0,,,37.520634,12.506879,12.506879,CON,,,,,0.0,0.0,0.0,0
1077716,0.0,0.0,0.0,0.0,0.0,0.0,icmp,0.0,,cs0,,58.0,,6.0,,Start,1,1,0,98,98,0,98.0,0.0,0.0,0.0,0.0,0,0,0,0.0,,,0.0,0.0,0.0,ECO,,,,,0.0,0.0,0.0,0
1077753,0.0,0.0,0.0,0.0,0.0,0.0,icmp,0.0,,cs0,,58.0,,6.0,,Start,1,1,0,98,98,0,98.0,0.0,0.0,0.0,0.0,0,0,0,0.0,,,0.0,0.0,0.0,ECO,,,,,0.0,0.0,0.0,0
1077832,2.130948,2.130948,2.130948,2.130948,2.130948,2.130948,udp,0.0,0.0,cs0,cs0,117.0,64.0,11.0,0.0,Status,85,77,8,95808,91486,4322,1188.129883,540.25,353194.9063,338996.5313,14198.375,0,0,0,0.0,,,39.419075,35.664875,3.284923,CON,,,,,0.0,0.0,0.0,0
1077835,1.277111,1.277111,1.277111,1.277111,1.277111,1.277111,sctp,186.0,186.0,ef,ef,255.0,252.0,1.0,4.0,Status,4,2,2,392,192,200,96.0,100.0,1227.771118,601.357239,626.413818,0,0,0,0.0,,,2.349052,0.783017,0.783017,CON,,,,610.0,0.0,0.0,0.0,0
1077857,0.0,0.0,0.0,0.0,0.0,0.0,icmp,0.0,,cs0,,58.0,,6.0,,Start,1,1,0,98,98,0,98.0,0.0,0.0,0.0,0.0,0,0,0,0.0,,,0.0,0.0,0.0,ECO,,,,,0.0,0.0,0.0,0
1077887,0.0,0.0,0.0,0.0,0.0,0.0,icmp,0.0,,cs0,,58.0,,6.0,,Start,1,1,0,98,98,0,98.0,0.0,0.0,0.0,0.0,0,0,0,0.0,,,0.0,0.0,0.0,ECO,,,,,0.0,0.0,0.0,0
1077897,4.965072,4.965072,4.965072,4.965072,4.965072,4.965072,udp,0.0,0.0,cs0,cs0,117.0,64.0,11.0,0.0,Status,167,152,15,210720,204859,5861,1347.756592,390.733337,336725.0313,327909.8438,8815.178711,0,0,0,0.0,,,33.433552,30.412449,2.819697,CON,,,,,0.0,0.0,0.0,0
1077910,0.0,0.0,0.0,0.0,0.0,0.0,icmp,0.0,,cs0,,58.0,,6.0,,Start,1,1,0,98,98,0,98.0,0.0,0.0,0.0,0.0,0,0,0,0.0,,,0.0,0.0,0.0,ECO,,,,,0.0,0.0,0.0,0
1077960,0.0,0.0,0.0,0.0,0.0,0.0,icmp,0.0,,cs0,,58.0,,6.0,,Start,1,1,0,98,98,0,98.0,0.0,0.0,0.0,0.0,0,0,0,0.0,,,0.0,0.0,0.0,ECO,,,,,0.0,0.0,0.0,0
1078023,1.796275,1.796275,1.796275,1.796275,1.796275,1.796275,udp,0.0,0.0,cs0,cs0,117.0,64.0,11.0,0.0,Status,105,96,9,121587,117201,4386,1220.84375,487.333344,533904.875,516540.0625,17364.82422,0,0,0,0.0,,,57.897594,52.887226,4.453661,CON,,,,,0.0,0.0,0.0,0
1078104,0.0,0.0,0.0,0.0,0.0,0.0,icmp,0.0,,cs0,,58.0,,6.0,,Start,1,1,0,98,98,0,98.0,0.0,0.0,0.0,0.0,0,0,0,0.0,,,0.0,0.0,0.0,ECO,,,,,0.0,0.0,0.0,0
1078128,3.13388,3.13388,3.13388,3.13388,3.13388,3.13388,udp,0.0,0.0,cs0,cs0,64.0,52.0,0.0,12.0,Status,30,18,12,17520,12732,4788,707.333313,399.0,41900.77734,30696.77344,11204.00293,0,0,0,0.0,,,9.253705,5.424586,3.510026,CON,,,,,0.0,0.0,0.0,0
1078209,0.131826,0.131826,0.131826,0.131826,0.131826,0.131826,udp,0.0,0.0,cs0,cs0,64.0,53.0,0.0,11.0,Start,29,14,15,8877,5430,3447,387.857147,229.800003,501327.5,306039.7813,195287.7344,0,0,0,0.0,,,212.401199,98.614845,106.2006,CON,,,,,0.0,0.0,0.0,0
1078296,0.0,0.0,0.0,0.0,0.0,0.0,icmp,0.0,,cs0,,58.0,,6.0,,Start,1,1,0,98,98,0,98.0,0.0,0.0,0.0,0.0,0,0,0,0.0,,,0.0,0.0,0.0,ECO,,,,,0.0,0.0,0.0,0
1078315,4.333001,4.333001,4.333001,4.333001,4.333001,4.333001,udp,0.0,0.0,cs0,cs0,64.0,53.0,0.0,11.0,Status,27,15,12,15706,10362,5344,690.799988,445.333344,26902.36914,17857.36914,9045.000977,0,0,0,0.0,,,6.00046,3.231017,2.538656,CON,,,,,0.0,0.0,0.0,0
1078395,4.932793,4.932793,4.932793,4.932793,4.932793,4.932793,udp,0.0,0.0,cs0,cs0,117.0,64.0,11.0,0.0,Status,146,137,9,188297,184937,3360,1349.905151,373.333344,302587.1875,297742.875,4844.314453,0,0,0,0.0,,,29.395111,27.570587,1.621799,CON,,,,,0.0,0.0,0.0,0
1078409,4.865573,4.865573,4.865573,4.865573,4.865573,4.865573,udp,0.0,0.0,cs0,cs0,117.0,64.0,11.0,0.0,Status,167,140,27,195049,186748,8301,1333.914307,307.444458,318004.0313,304860.2813,13143.77539,0,0,0,0.0,,,34.117256,28.568064,5.343667,CON,,,,,0.0,0.0,0.0,0
1078423,4.987948,4.987948,4.987948,4.987948,4.987948,4.987948,udp,0.0,0.0,cs0,cs0,117.0,64.0,11.0,0.0,Status,142,136,6,185681,185255,426,1362.169067,71.0,295509.0938,294939.7188,569.372437,0,0,0,0.0,,,28.268137,27.065239,1.002416,CON,,,,,0.0,0.0,0.0,0
1078525,0.075867,0.075867,0.075867,0.075867,0.075867,0.075867,udp,0.0,0.0,cs0,cs0,64.0,117.0,0.0,11.0,Status,4,2,2,438,300,138,150.0,69.0,23093.04492,15817.1543,7275.891113,0,0,0,0.0,,,39.542885,13.180962,13.180962,CON,,,,,0.0,0.0,0.0,0
1078528,4.492844,4.492844,4.492844,4.492844,4.492844,4.492844,udp,0.0,0.0,cs0,cs0,64.0,53.0,0.0,11.0,Status,27,15,12,16875,10362,6513,690.799988,542.75,27854.07227,17222.05273,10632.01856,0,0,0,0.0,,,5.78698,3.116066,2.448338,CON,,,,,0.0,0.0,0.0,0
1078537,0.163159,0.163159,0.163159,0.163159,0.163159,0.163159,sctp,186.0,186.0,ef,ef,255.0,252.0,1.0,4.0,Status,4,2,2,392,192,200,96.0,100.0,9610.257812,4707.064941,4903.192871,0,0,0,0.0,,,18.386972,6.128991,6.128991,CON,,,,610.0,0.0,0.0,0.0,0
1078539,0.059105,0.059105,0.059105,0.059105,0.059105,0.059105,udp,0.0,0.0,cs0,cs0,64.0,117.0,0.0,11.0,Status,6,3,3,730,530,200,176.666672,66.666664,66051.9375,47914.72656,18137.21289,0,0,0,0.0,,,84.595207,33.838085,33.838085,CON,,,,,0.0,0.0,0.0,0
1078557,0.0,0.0,0.0,0.0,0.0,0.0,icmp,0.0,,cs0,,58.0,,6.0,,Start,1,1,0,98,98,0,98.0,0.0,0.0,0.0,0.0,0,0,0,0.0,,,0.0,0.0,0.0,ECO,,,,,0.0,0.0,0.0,0
1078578,3.47382,3.47382,3.47382,3.47382,3.47382,3.47382,udp,0.0,0.0,cs0,cs0,64.0,52.0,0.0,12.0,Status,23,14,9,13454,9722,3732,694.428589,414.666656,28432.10156,20790.94531,7641.155762,0,0,0,0.0,,,6.333086,3.742278,2.30294,CON,,,,,0.0,0.0,0.0,0
1078638,0.0,0.0,0.0,0.0,0.0,0.0,icmp,0.0,,cs0,,58.0,,6.0,,Start,1,1,0,98,98,0,98.0,0.0,0.0,0.0,0.0,0,0,0,0.0,,,0.0,0.0,0.0,ECO,,,,,0.0,0.0,0.0,0
1078674,0.0,0.0,0.0,0.0,0.0,0.0,icmp,0.0,,cs0,,58.0,,6.0,,Start,1,1,0,98,98,0,98.0,0.0,0.0,0.0,0.0,0,0,0,0.0,,,0.0,0.0,0.0,ECO,,,,,0.0,0.0,0.0,0
1078814,3.798973,3.798973,3.798973,3.798973,3.798973,3.798973,udp,0.0,0.0,cs0,cs0,64.0,53.0,0.0,11.0,Status,5,5,0,3487,3487,0,697.400024,0.0,5875.271973,5875.271973,0.0,0,0,0,0.0,,,1.052916,1.052916,0.0,REQ,,,,,0.0,0.0,0.0,0
1078870,0.0,0.0,0.0,0.0,0.0,0.0,tcp,0.0,0.0,cs0,cs0,64.0,62.0,0.0,2.0,Status,1,1,0,225,225,0,225.0,0.0,0.0,0.0,0.0,0,0,0,0.0,0.0,0.0,0.0,0.0,0.0,CON,69120.0,,,,0.015948,0.001001,0.014947,0
1078889,3.137185,3.137185,3.137185,3.137185,3.137185,3.137185,udp,0.0,0.0,cs0,cs0,64.0,117.0,0.0,11.0,Status,12,12,0,2754,2754,0,229.5,0.0,6438.893066,6438.893066,0.0,0,0,0,0.0,,,3.506328,3.506328,0.0,REQ,,,,,0.0,0.0,0.0,0
1078929,0.0,0.0,0.0,0.0,0.0,0.0,tcp,0.0,0.0,cs0,cs0,64.0,62.0,0.0,2.0,Status,1,1,0,225,225,0,225.0,0.0,0.0,0.0,0.0,0,0,0,0.0,0.0,0.0,0.0,0.0,0.0,CON,81408.0,,,,0.016994,0.001193,0.015801,0
1078957,0.0,0.0,0.0,0.0,0.0,0.0,tcp,0.0,,cs0,,64.0,,0.0,,Status,1,1,0,74,74,0,74.0,0.0,0.0,0.0,0.0,1,1,0,50.0,0.0,0.0,0.0,0.0,0.0,REQ,33553920.0,,,,0.0,0.0,0.0,0
1079039,0.0,0.0,0.0,0.0,0.0,0.0,tcp,0.0,0.0,cs0,cs0,64.0,62.0,0.0,2.0,Status,1,1,0,225,225,0,225.0,0.0,0.0,0.0,0.0,0,0,0,0.0,0.0,0.0,0.0,0.0,0.0,CON,69120.0,,,,0.015948,0.001001,0.014947,0
1079099,0.0,0.0,0.0,0.0,0.0,0.0,udp,0.0,,cs0,,64.0,,0.0,,Start,1,1,0,170,170,0,170.0,0.0,0.0,0.0,0.0,0,0,0,0.0,,,0.0,0.0,0.0,INT,,,,,0.0,0.0,0.0,0
1079171,0.0,0.0,0.0,0.0,0.0,0.0,tcp,0.0,,cs0,,64.0,,0.0,,Status,1,1,0,74,74,0,74.0,0.0,0.0,0.0,0.0,1,1,0,50.0,0.0,0.0,0.0,0.0,0.0,REQ,33553920.0,,,,0.0,0.0,0.0,0
1079234,3.01305,3.01305,3.01305,3.01305,3.01305,3.01305,tcp,0.0,,cs0,,64.0,,0.0,,Start,3,3,0,222,222,0,74.0,0.0,392.957306,392.957306,0.0,2,2,0,40.0,0.0,0.0,0.663779,0.663779,0.0,REQ,33553920.0,,,,0.0,0.0,0.0,0
1079291,0.169751,0.169751,0.169751,0.169751,0.169751,0.169751,tcp,0.0,0.0,cs0,cs0,64.0,62.0,0.0,2.0,Start,21,11,10,5563,1090,4473,99.090912,447.299988,236440.4219,46703.69922,189736.7344,0,0,0,0.0,0.0,0.0,117.819626,58.909813,53.018833,FIN,75776.0,30080.0,,,0.059885,0.001438,0.058447,0
1079335,0.0,0.0,0.0,0.0,0.0,0.0,udp,0.0,,cs0,,249.0,,7.0,,Start,1,1,0,64,64,0,64.0,0.0,0.0,0.0,0.0,0,0,0,0.0,,,0.0,0.0,0.0,INT,,,610.0,,0.0,0.0,0.0,0
1079417,0.0,0.0,0.0,0.0,0.0,0.0,udp,0.0,,cs0,,249.0,,7.0,,Start,1,1,0,74,74,0,74.0,0.0,0.0,0.0,0.0,0,0,0,0.0,,,0.0,0.0,0.0,INT,,,610.0,,0.0,0.0,0.0,0
1079499,0.0,0.0,0.0,0.0,0.0,0.0,udp,0.0,,cs0,,249.0,,7.0,,Start,1,1,0,74,74,0,74.0,0.0,0.0,0.0,0.0,0,0,0,0.0,,,0.0,0.0,0.0,INT,,,610.0,,0.0,0.0,0.0,0
1079505,0.0,0.0,0.0,0.0,0.0,0.0,udp,0.0,,cs0,,249.0,,7.0,,Start,1,1,0,74,74,0,74.0,0.0,0.0,0.0,0.0,0,0,0,0.0,,,0.0,0.0,0.0,INT,,,610.0,,0.0,0.0,0.0,0
1079513,0.0,0.0,0.0,0.0,0.0,0.0,udp,0.0,,cs0,,249.0,,7.0,,Start,1,1,0,74,74,0,74.0,0.0,0.0,0.0,0.0,0,0,0,0.0,,,0.0,0.0,0.0,INT,,,610.0,,0.0,0.0,0.0,0
1079570,0.0,0.0,0.0,0.0,0.0,0.0,udp,0.0,,cs0,,249.0,,7.0,,Start,1,1,0,74,74,0,74.0,0.0,0.0,0.0,0.0,0,0,0,0.0,,,0.0,0.0,0.0,INT,,,610.0,,0.0,0.0,0.0,0
1079615,0.0,0.0,0.0,0.0,0.0,0.0,udp,0.0,,cs0,,249.0,,7.0,,Start,1,1,0,74,74,0,74.0,0.0,0.0,0.0,0.0,0,0,0,0.0,,,0.0,0.0,0.0,INT,,,610.0,,0.0,0.0,0.0,0
1079621,0.0,0.0,0.0,0.0,0.0,0.0,udp,0.0,,cs0,,249.0,,7.0,,Start,1,1,0,74,74,0,74.0,0.0,0.0,0.0,0.0,0,0,0,0.0,,,0.0,0.0,0.0,INT,,,610.0,,0.0,0.0,0.0,0
1079624,0.0,0.0,0.0,0.0,0.0,0.0,udp,0.0,,cs0,,249.0,,7.0,,Start,1,1,0,74,74,0,74.0,0.0,0.0,0.0,0.0,0,0,0,0.0,,,0.0,0.0,0.0,INT,,,610.0,,0.0,0.0,0.0,0
1079786,0.0,0.0,0.0,0.0,0.0,0.0,udp,0.0,,cs0,,249.0,,7.0,,Start,1,1,0,74,74,0,74.0,0.0,0.0,0.0,0.0,0,0,0,0.0,,,0.0,0.0,0.0,INT,,,610.0,,0.0,0.0,0.0,0
1079876,0.0,0.0,0.0,0.0,0.0,0.0,udp,0.0,,cs0,,249.0,,7.0,,Start,1,1,0,74,74,0,74.0,0.0,0.0,0.0,0.0,0,0,0,0.0,,,0.0,0.0,0.0,INT,,,610.0,,0.0,0.0,0.0,0
1079897,0.0,0.0,0.0,0.0,0.0,0.0,udp,0.0,,cs0,,249.0,,7.0,,Start,1,1,0,74,74,0,74.0,0.0,0.0,0.0,0.0,0,0,0,0.0,,,0.0,0.0,0.0,INT,,,610.0,,0.0,0.0,0.0,0
1079942,0.001456,0.001456,0.001456,0.001456,0.001456,0.001456,tcp,0.0,0.0,cs0,cs0,64.0,62.0,0.0,2.0,Start,2,1,1,128,74,54,74.0,54.0,0.0,0.0,0.0,0,0,0,0.0,0.0,0.0,686.813171,0.0,0.0,RST,33553920.0,0.0,,,0.0,0.0,0.0,0
1079962,0.0,0.0,0.0,0.0,0.0,0.0,udp,0.0,,cs0,,249.0,,7.0,,Start,1,1,0,74,74,0,74.0,0.0,0.0,0.0,0.0,0,0,0,0.0,,,0.0,0.0,0.0,INT,,,610.0,,0.0,0.0,0.0,0
1080039,0.0,0.0,0.0,0.0,0.0,0.0,udp,0.0,,cs0,,249.0,,7.0,,Start,1,1,0,74,74,0,74.0,0.0,0.0,0.0,0.0,0,0,0,0.0,,,0.0,0.0,0.0,INT,,,610.0,,0.0,0.0,0.0,0
1080047,0.0,0.0,0.0,0.0,0.0,0.0,udp,0.0,,cs0,,249.0,,7.0,,Start,1,1,0,74,74,0,74.0,0.0,0.0,0.0,0.0,0,0,0,0.0,,,0.0,0.0,0.0,INT,,,610.0,,0.0,0.0,0.0,0
1080081,0.0,0.0,0.0,0.0,0.0,0.0,udp,0.0,,cs0,,249.0,,7.0,,Start,1,1,0,74,74,0,74.0,0.0,0.0,0.0,0.0,0,0,0,0.0,,,0.0,0.0,0.0,INT,,,610.0,,0.0,0.0,0.0,0
1080115,3.077172,3.077172,3.077172,3.077172,3.077172,3.077172,tcp,0.0,0.0,cs0,cs0,53.0,64.0,11.0,0.0,Start,6,3,3,384,222,162,74.0,54.0,665.546143,384.76886,280.777283,0,0,0,0.0,0.0,0.0,1.624869,0.649947,0.649947,RST,16776960.0,0.0,,,0.0,0.0,0.0,0
1080142,0.0,0.0,0.0,0.0,0.0,0.0,udp,0.0,,cs0,,249.0,,7.0,,Start,1,1,0,74,74,0,74.0,0.0,0.0,0.0,0.0,0,0,0,0.0,,,0.0,0.0,0.0,INT,,,610.0,,0.0,0.0,0.0,0
1080171,0.0,0.0,0.0,0.0,0.0,0.0,udp,0.0,,cs0,,249.0,,7.0,,Start,1,1,0,74,74,0,74.0,0.0,0.0,0.0,0.0,0,0,0,0.0,,,0.0,0.0,0.0,INT,,,610.0,,0.0,0.0,0.0,0
1080242,0.0,0.0,0.0,0.0,0.0,0.0,udp,0.0,,cs0,,249.0,,7.0,,Start,1,1,0,74,74,0,74.0,0.0,0.0,0.0,0.0,0,0,0,0.0,,,0.0,0.0,0.0,INT,,,610.0,,0.0,0.0,0.0,0
1080254,0.0,0.0,0.0,0.0,0.0,0.0,udp,0.0,,cs0,,249.0,,7.0,,Start,1,1,0,74,74,0,74.0,0.0,0.0,0.0,0.0,0,0,0,0.0,,,0.0,0.0,0.0,INT,,,610.0,,0.0,0.0,0.0,0
1080268,0.0,0.0,0.0,0.0,0.0,0.0,udp,0.0,,cs0,,249.0,,7.0,,Start,1,1,0,74,74,0,74.0,0.0,0.0,0.0,0.0,0,0,0,0.0,,,0.0,0.0,0.0,INT,,,610.0,,0.0,0.0,0.0,0
1080290,0.0,0.0,0.0,0.0,0.0,0.0,udp,0.0,,cs0,,249.0,,7.0,,Start,1,1,0,74,74,0,74.0,0.0,0.0,0.0,0.0,0,0,0,0.0,,,0.0,0.0,0.0,INT,,,610.0,,0.0,0.0,0.0,0
1080306,0.0,0.0,0.0,0.0,0.0,0.0,udp,0.0,,cs0,,249.0,,7.0,,Start,1,1,0,74,74,0,74.0,0.0,0.0,0.0,0.0,0,0,0,0.0,,,0.0,0.0,0.0,INT,,,610.0,,0.0,0.0,0.0,0
1080318,0.049797,0.049797,0.049797,0.049797,0.049797,0.049797,tcp,0.0,0.0,cs0,cs0,114.0,64.0,14.0,0.0,Status,2,1,1,128,74,54,74.0,54.0,0.0,0.0,0.0,0,0,0,0.0,0.0,0.0,20.081532,0.0,0.0,RST,16776960.0,0.0,,,0.0,0.0,0.0,0
1080349,0.0,0.0,0.0,0.0,0.0,0.0,udp,0.0,,cs0,,249.0,,7.0,,Start,1,1,0,74,74,0,74.0,0.0,0.0,0.0,0.0,0,0,0,0.0,,,0.0,0.0,0.0,INT,,,610.0,,0.0,0.0,0.0,0
1080362,0.0,0.0,0.0,0.0,0.0,0.0,udp,0.0,,cs0,,249.0,,7.0,,Start,1,1,0,74,74,0,74.0,0.0,0.0,0.0,0.0,0,0,0,0.0,,,0.0,0.0,0.0,INT,,,610.0,,0.0,0.0,0.0,0
1080367,0.0,0.0,0.0,0.0,0.0,0.0,udp,0.0,,cs0,,249.0,,7.0,,Start,1,1,0,74,74,0,74.0,0.0,0.0,0.0,0.0,0,0,0,0.0,,,0.0,0.0,0.0,INT,,,610.0,,0.0,0.0,0.0,0
1080373,0.0,0.0,0.0,0.0,0.0,0.0,udp,0.0,,cs0,,249.0,,7.0,,Start,1,1,0,74,74,0,74.0,0.0,0.0,0.0,0.0,0,0,0,0.0,,,0.0,0.0,0.0,INT,,,610.0,,0.0,0.0,0.0,0
1080406,0.0,0.0,0.0,0.0,0.0,0.0,udp,0.0,,cs0,,249.0,,7.0,,Start,1,1,0,74,74,0,74.0,0.0,0.0,0.0,0.0,0,0,0,0.0,,,0.0,0.0,0.0,INT,,,610.0,,0.0,0.0,0.0,0
1080478,0.0,0.0,0.0,0.0,0.0,0.0,udp,0.0,,cs0,,249.0,,7.0,,Start,1,1,0,74,74,0,74.0,0.0,0.0,0.0,0.0,0,0,0,0.0,,,0.0,0.0,0.0,INT,,,610.0,,0.0,0.0,0.0,0
1080492,0.0,0.0,0.0,0.0,0.0,0.0,udp,0.0,,cs0,,249.0,,7.0,,Start,1,1,0,74,74,0,74.0,0.0,0.0,0.0,0.0,0,0,0,0.0,,,0.0,0.0,0.0,INT,,,610.0,,0.0,0.0,0.0,0
1080544,0.0,0.0,0.0,0.0,0.0,0.0,udp,0.0,,cs0,,249.0,,7.0,,Start,1,1,0,74,74,0,74.0,0.0,0.0,0.0,0.0,0,0,0,0.0,,,0.0,0.0,0.0,INT,,,610.0,,0.0,0.0,0.0,0
1080555,0.0,0.0,0.0,0.0,0.0,0.0,udp,0.0,,cs0,,249.0,,7.0,,Start,1,1,0,74,74,0,74.0,0.0,0.0,0.0,0.0,0,0,0,0.0,,,0.0,0.0,0.0,INT,,,610.0,,0.0,0.0,0.0,0
1080571,0.0,0.0,0.0,0.0,0.0,0.0,udp,0.0,,cs0,,249.0,,7.0,,Start,1,1,0,74,74,0,74.0,0.0,0.0,0.0,0.0,0,0,0,0.0,,,0.0,0.0,0.0,INT,,,610.0,,0.0,0.0,0.0,0
1080580,0.0,0.0,0.0,0.0,0.0,0.0,udp,0.0,,cs0,,249.0,,7.0,,Start,1,1,0,74,74,0,74.0,0.0,0.0,0.0,0.0,0,0,0,0.0,,,0.0,0.0,0.0,INT,,,610.0,,0.0,0.0,0.0,0
1080651,0.0,0.0,0.0,0.0,0.0,0.0,udp,0.0,,cs0,,249.0,,7.0,,Start,1,1,0,74,74,0,74.0,0.0,0.0,0.0,0.0,0,0,0,0.0,,,0.0,0.0,0.0,INT,,,610.0,,0.0,0.0,0.0,0
1080788,0.0,0.0,0.0,0.0,0.0,0.0,udp,0.0,,cs0,,249.0,,7.0,,Start,1,1,0,74,74,0,74.0,0.0,0.0,0.0,0.0,0,0,0,0.0,,,0.0,0.0,0.0,INT,,,610.0,,0.0,0.0,0.0,0
1080853,0.0,0.0,0.0,0.0,0.0,0.0,udp,0.0,,cs0,,249.0,,7.0,,Start,1,1,0,74,74,0,74.0,0.0,0.0,0.0,0.0,0,0,0,0.0,,,0.0,0.0,0.0,INT,,,610.0,,0.0,0.0,0.0,0
1080917,0.0,0.0,0.0,0.0,0.0,0.0,udp,0.0,,cs0,,249.0,,7.0,,Start,1,1,0,74,74,0,74.0,0.0,0.0,0.0,0.0,0,0,0,0.0,,,0.0,0.0,0.0,INT,,,610.0,,0.0,0.0,0.0,0
1080918,0.0,0.0,0.0,0.0,0.0,0.0,udp,0.0,,cs0,,249.0,,7.0,,Start,1,1,0,74,74,0,74.0,0.0,0.0,0.0,0.0,0,0,0,0.0,,,0.0,0.0,0.0,INT,,,610.0,,0.0,0.0,0.0,0
1080920,0.0,0.0,0.0,0.0,0.0,0.0,udp,0.0,,cs0,,249.0,,7.0,,Start,1,1,0,74,74,0,74.0,0.0,0.0,0.0,0.0,0,0,0,0.0,,,0.0,0.0,0.0,INT,,,610.0,,0.0,0.0,0.0,0
1080945,0.0,0.0,0.0,0.0,0.0,0.0,udp,0.0,,cs0,,249.0,,7.0,,Start,1,1,0,74,74,0,74.0,0.0,0.0,0.0,0.0,0,0,0,0.0,,,0.0,0.0,0.0,INT,,,610.0,,0.0,0.0,0.0,0
1080987,0.0,0.0,0.0,0.0,0.0,0.0,udp,0.0,,cs0,,249.0,,7.0,,Start,1,1,0,74,74,0,74.0,0.0,0.0,0.0,0.0,0,0,0,0.0,,,0.0,0.0,0.0,INT,,,610.0,,0.0,0.0,0.0,0
1081003,0.0,0.0,0.0,0.0,0.0,0.0,udp,0.0,,cs0,,249.0,,7.0,,Start,1,1,0,74,74,0,74.0,0.0,0.0,0.0,0.0,0,0,0,0.0,,,0.0,0.0,0.0,INT,,,610.0,,0.0,0.0,0.0,0
1081070,0.0,0.0,0.0,0.0,0.0,0.0,udp,0.0,,cs0,,249.0,,7.0,,Start,1,1,0,74,74,0,74.0,0.0,0.0,0.0,0.0,0,0,0,0.0,,,0.0,0.0,0.0,INT,,,610.0,,0.0,0.0,0.0,0
1081114,0.0,0.0,0.0,0.0,0.0,0.0,udp,0.0,,cs0,,249.0,,7.0,,Start,1,1,0,74,74,0,74.0,0.0,0.0,0.0,0.0,0,0,0,0.0,,,0.0,0.0,0.0,INT,,,610.0,,0.0,0.0,0.0,0
1081120,0.0,0.0,0.0,0.0,0.0,0.0,udp,0.0,,cs0,,249.0,,7.0,,Start,1,1,0,74,74,0,74.0,0.0,0.0,0.0,0.0,0,0,0,0.0,,,0.0,0.0,0.0,INT,,,610.0,,0.0,0.0,0.0,0
1081145,0.0,0.0,0.0,0.0,0.0,0.0,udp,0.0,,cs0,,249.0,,7.0,,Start,1,1,0,74,74,0,74.0,0.0,0.0,0.0,0.0,0,0,0,0.0,,,0.0,0.0,0.0,INT,,,610.0,,0.0,0.0,0.0,0
1081196,0.0,0.0,0.0,0.0,0.0,0.0,udp,0.0,,cs0,,249.0,,7.0,,Start,1,1,0,74,74,0,74.0,0.0,0.0,0.0,0.0,0,0,0,0.0,,,0.0,0.0,0.0,INT,,,610.0,,0.0,0.0,0.0,0
1081247,0.0,0.0,0.0,0.0,0.0,0.0,udp,0.0,,cs0,,249.0,,7.0,,Start,1,1,0,74,74,0,74.0,0.0,0.0,0.0,0.0,0,0,0,0.0,,,0.0,0.0,0.0,INT,,,610.0,,0.0,0.0,0.0,0
1081248,0.0,0.0,0.0,0.0,0.0,0.0,udp,0.0,,cs0,,249.0,,7.0,,Start,1,1,0,74,74,0,74.0,0.0,0.0,0.0,0.0,0,0,0,0.0,,,0.0,0.0,0.0,INT,,,610.0,,0.0,0.0,0.0,0
1081568,0.0,0.0,0.0,0.0,0.0,0.0,udp,0.0,,cs0,,249.0,,7.0,,Start,1,1,0,74,74,0,74.0,0.0,0.0,0.0,0.0,0,0,0,0.0,,,0.0,0.0,0.0,INT,,,610.0,,0.0,0.0,0.0,0
1081586,0.0,0.0,0.0,0.0,0.0,0.0,udp,0.0,,cs0,,249.0,,7.0,,Start,1,1,0,74,74,0,74.0,0.0,0.0,0.0,0.0,0,0,0,0.0,,,0.0,0.0,0.0,INT,,,610.0,,0.0,0.0,0.0,0
1081756,0.0,0.0,0.0,0.0,0.0,0.0,udp,0.0,,cs0,,249.0,,7.0,,Start,1,1,0,74,74,0,74.0,0.0,0.0,0.0,0.0,0,0,0,0.0,,,0.0,0.0,0.0,INT,,,610.0,,0.0,0.0,0.0,0
1081766,0.0,0.0,0.0,0.0,0.0,0.0,udp,0.0,,cs0,,249.0,,7.0,,Start,1,1,0,74,74,0,74.0,0.0,0.0,0.0,0.0,0,0,0,0.0,,,0.0,0.0,0.0,INT,,,610.0,,0.0,0.0,0.0,0
1081855,0.0,0.0,0.0,0.0,0.0,0.0,udp,0.0,,cs0,,249.0,,7.0,,Start,1,1,0,74,74,0,74.0,0.0,0.0,0.0,0.0,0,0,0,0.0,,,0.0,0.0,0.0,INT,,,610.0,,0.0,0.0,0.0,0
1081868,0.0,0.0,0.0,0.0,0.0,0.0,udp,0.0,,cs0,,249.0,,7.0,,Start,1,1,0,74,74,0,74.0,0.0,0.0,0.0,0.0,0,0,0,0.0,,,0.0,0.0,0.0,INT,,,610.0,,0.0,0.0,0.0,0
1081906,0.0,0.0,0.0,0.0,0.0,0.0,udp,0.0,,cs0,,249.0,,7.0,,Start,1,1,0,74,74,0,74.0,0.0,0.0,0.0,0.0,0,0,0,0.0,,,0.0,0.0,0.0,INT,,,610.0,,0.0,0.0,0.0,0
1081923,0.085009,0.085009,0.085009,0.085009,0.085009,0.085009,udp,0.0,0.0,cs0,cs0,64.0,117.0,0.0,11.0,Status,6,3,3,728,528,200,176.0,66.666664,45736.33203,33125.90234,12610.42969,0,0,0,0.0,,,58.817303,23.52692,23.52692,CON,,,,,0.0,0.0,0.0,0
1081932,0.052624,0.052624,0.052624,0.052624,0.052624,0.052624,udp,0.0,,cs0,,62.0,,2.0,,Status,1,1,0,435,435,0,435.0,0.0,0.0,0.0,0.0,0,0,0,0.0,,,0.0,0.0,0.0,REQ,,,,,0.0,0.0,0.0,0
1081947,0.0,0.0,0.0,0.0,0.0,0.0,udp,0.0,,cs0,,249.0,,7.0,,Start,1,1,0,74,74,0,74.0,0.0,0.0,0.0,0.0,0,0,0,0.0,,,0.0,0.0,0.0,INT,,,610.0,,0.0,0.0,0.0,0
1082028,0.0,0.0,0.0,0.0,0.0,0.0,udp,0.0,,cs0,,249.0,,7.0,,Start,1,1,0,74,74,0,74.0,0.0,0.0,0.0,0.0,0,0,0,0.0,,,0.0,0.0,0.0,INT,,,610.0,,0.0,0.0,0.0,0
1082053,0.0,0.0,0.0,0.0,0.0,0.0,udp,0.0,,cs0,,249.0,,7.0,,Start,1,1,0,74,74,0,74.0,0.0,0.0,0.0,0.0,0,0,0,0.0,,,0.0,0.0,0.0,INT,,,610.0,,0.0,0.0,0.0,0
1082077,0.0,0.0,0.0,0.0,0.0,0.0,udp,0.0,,cs0,,249.0,,7.0,,Start,1,1,0,64,64,0,64.0,0.0,0.0,0.0,0.0,0,0,0,0.0,,,0.0,0.0,0.0,INT,,,610.0,,0.0,0.0,0.0,0
1082089,0.0,0.0,0.0,0.0,0.0,0.0,udp,0.0,,cs0,,249.0,,7.0,,Start,1,1,0,74,74,0,74.0,0.0,0.0,0.0,0.0,0,0,0,0.0,,,0.0,0.0,0.0,INT,,,610.0,,0.0,0.0,0.0,0
1082123,0.0,0.0,0.0,0.0,0.0,0.0,udp,0.0,,cs0,,249.0,,7.0,,Start,1,1,0,74,74,0,74.0,0.0,0.0,0.0,0.0,0,0,0,0.0,,,0.0,0.0,0.0,INT,,,610.0,,0.0,0.0,0.0,0
1082135,0.0,0.0,0.0,0.0,0.0,0.0,udp,0.0,,cs0,,249.0,,7.0,,Start,1,1,0,74,74,0,74.0,0.0,0.0,0.0,0.0,0,0,0,0.0,,,0.0,0.0,0.0,INT,,,610.0,,0.0,0.0,0.0,0
1082141,0.0,0.0,0.0,0.0,0.0,0.0,udp,0.0,,cs0,,249.0,,7.0,,Start,1,1,0,74,74,0,74.0,0.0,0.0,0.0,0.0,0,0,0,0.0,,,0.0,0.0,0.0,INT,,,610.0,,0.0,0.0,0.0,0
1082143,0.0,0.0,0.0,0.0,0.0,0.0,udp,0.0,,cs0,,249.0,,7.0,,Start,1,1,0,74,74,0,74.0,0.0,0.0,0.0,0.0,0,0,0,0.0,,,0.0,0.0,0.0,INT,,,610.0,,0.0,0.0,0.0,0
1082191,0.0,0.0,0.0,0.0,0.0,0.0,udp,0.0,,cs0,,249.0,,7.0,,Start,1,1,0,74,74,0,74.0,0.0,0.0,0.0,0.0,0,0,0,0.0,,,0.0,0.0,0.0,INT,,,610.0,,0.0,0.0,0.0,0
1082288,0.0,0.0,0.0,0.0,0.0,0.0,udp,0.0,,cs0,,249.0,,7.0,,Start,1,1,0,74,74,0,74.0,0.0,0.0,0.0,0.0,0,0,0,0.0,,,0.0,0.0,0.0,INT,,,610.0,,0.0,0.0,0.0,0
1082370,0.0,0.0,0.0,0.0,0.0,0.0,udp,0.0,,cs0,,249.0,,7.0,,Start,1,1,0,74,74,0,74.0,0.0,0.0,0.0,0.0,0,0,0,0.0,,,0.0,0.0,0.0,INT,,,610.0,,0.0,0.0,0.0,0
1082389,0.0,0.0,0.0,0.0,0.0,0.0,udp,0.0,,cs0,,249.0,,7.0,,Start,1,1,0,74,74,0,74.0,0.0,0.0,0.0,0.0,0,0,0,0.0,,,0.0,0.0,0.0,INT,,,610.0,,0.0,0.0,0.0,0
1082395,0.0,0.0,0.0,0.0,0.0,0.0,udp,0.0,,cs0,,249.0,,7.0,,Start,1,1,0,74,74,0,74.0,0.0,0.0,0.0,0.0,0,0,0,0.0,,,0.0,0.0,0.0,INT,,,610.0,,0.0,0.0,0.0,0
1082426,0.0,0.0,0.0,0.0,0.0,0.0,udp,0.0,,cs0,,249.0,,7.0,,Start,1,1,0,74,74,0,74.0,0.0,0.0,0.0,0.0,0,0,0,0.0,,,0.0,0.0,0.0,INT,,,610.0,,0.0,0.0,0.0,0
1082452,0.0,0.0,0.0,0.0,0.0,0.0,udp,0.0,,cs0,,249.0,,7.0,,Start,1,1,0,74,74,0,74.0,0.0,0.0,0.0,0.0,0,0,0,0.0,,,0.0,0.0,0.0,INT,,,610.0,,0.0,0.0,0.0,0
1082453,0.0,0.0,0.0,0.0,0.0,0.0,udp,0.0,,cs0,,249.0,,7.0,,Start,1,1,0,74,74,0,74.0,0.0,0.0,0.0,0.0,0,0,0,0.0,,,0.0,0.0,0.0,INT,,,610.0,,0.0,0.0,0.0,0
1082495,0.0,0.0,0.0,0.0,0.0,0.0,udp,0.0,,cs0,,249.0,,7.0,,Start,1,1,0,74,74,0,74.0,0.0,0.0,0.0,0.0,0,0,0,0.0,,,0.0,0.0,0.0,INT,,,610.0,,0.0,0.0,0.0,0
1082500,0.0,0.0,0.0,0.0,0.0,0.0,udp,0.0,,cs0,,249.0,,7.0,,Start,1,1,0,74,74,0,74.0,0.0,0.0,0.0,0.0,0,0,0,0.0,,,0.0,0.0,0.0,INT,,,610.0,,0.0,0.0,0.0,0
1082534,0.0,0.0,0.0,0.0,0.0,0.0,udp,0.0,,cs0,,249.0,,7.0,,Start,1,1,0,74,74,0,74.0,0.0,0.0,0.0,0.0,0,0,0,0.0,,,0.0,0.0,0.0,INT,,,610.0,,0.0,0.0,0.0,0
1082538,0.0,0.0,0.0,0.0,0.0,0.0,udp,0.0,,cs0,,249.0,,7.0,,Start,1,1,0,74,74,0,74.0,0.0,0.0,0.0,0.0,0,0,0,0.0,,,0.0,0.0,0.0,INT,,,610.0,,0.0,0.0,0.0,0
1082596,0.0,0.0,0.0,0.0,0.0,0.0,udp,0.0,,cs0,,249.0,,7.0,,Start,1,1,0,74,74,0,74.0,0.0,0.0,0.0,0.0,0,0,0,0.0,,,0.0,0.0,0.0,INT,,,610.0,,0.0,0.0,0.0,0
1082611,0.0,0.0,0.0,0.0,0.0,0.0,udp,0.0,,cs0,,249.0,,7.0,,Start,1,1,0,74,74,0,74.0,0.0,0.0,0.0,0.0,0,0,0,0.0,,,0.0,0.0,0.0,INT,,,610.0,,0.0,0.0,0.0,0
1082627,0.0,0.0,0.0,0.0,0.0,0.0,udp,0.0,,cs0,,249.0,,7.0,,Start,1,1,0,74,74,0,74.0,0.0,0.0,0.0,0.0,0,0,0,0.0,,,0.0,0.0,0.0,INT,,,610.0,,0.0,0.0,0.0,0
1082650,0.0,0.0,0.0,0.0,0.0,0.0,udp,0.0,,cs0,,249.0,,7.0,,Start,1,1,0,74,74,0,74.0,0.0,0.0,0.0,0.0,0,0,0,0.0,,,0.0,0.0,0.0,INT,,,610.0,,0.0,0.0,0.0,0
1082670,0.0,0.0,0.0,0.0,0.0,0.0,udp,0.0,,cs0,,249.0,,7.0,,Start,1,1,0,74,74,0,74.0,0.0,0.0,0.0,0.0,0,0,0,0.0,,,0.0,0.0,0.0,INT,,,610.0,,0.0,0.0,0.0,0
1082680,0.0,0.0,0.0,0.0,0.0,0.0,udp,0.0,,cs0,,249.0,,7.0,,Start,1,1,0,74,74,0,74.0,0.0,0.0,0.0,0.0,0,0,0,0.0,,,0.0,0.0,0.0,INT,,,610.0,,0.0,0.0,0.0,0
1082711,0.0,0.0,0.0,0.0,0.0,0.0,udp,0.0,,cs0,,249.0,,7.0,,Start,1,1,0,74,74,0,74.0,0.0,0.0,0.0,0.0,0,0,0,0.0,,,0.0,0.0,0.0,INT,,,610.0,,0.0,0.0,0.0,0
1082759,0.0,0.0,0.0,0.0,0.0,0.0,udp,0.0,,cs0,,249.0,,7.0,,Start,1,1,0,74,74,0,74.0,0.0,0.0,0.0,0.0,0,0,0,0.0,,,0.0,0.0,0.0,INT,,,610.0,,0.0,0.0,0.0,0
1082773,0.0,0.0,0.0,0.0,0.0,0.0,udp,0.0,,cs0,,249.0,,7.0,,Start,1,1,0,74,74,0,74.0,0.0,0.0,0.0,0.0,0,0,0,0.0,,,0.0,0.0,0.0,INT,,,610.0,,0.0,0.0,0.0,0
1082819,0.0,0.0,0.0,0.0,0.0,0.0,udp,0.0,,cs0,,249.0,,7.0,,Start,1,1,0,74,74,0,74.0,0.0,0.0,0.0,0.0,0,0,0,0.0,,,0.0,0.0,0.0,INT,,,610.0,,0.0,0.0,0.0,0
1082851,3.119141,3.119141,3.119141,3.119141,3.119141,3.119141,tcp,0.0,0.0,cs0,cs0,53.0,64.0,11.0,0.0,Start,6,3,3,384,222,162,74.0,54.0,656.591003,379.591675,276.999329,0,0,0,0.0,0.0,0.0,1.603005,0.641202,0.641202,RST,16776960.0,0.0,,,0.0,0.0,0.0,0
1082873,0.0,0.0,0.0,0.0,0.0,0.0,udp,0.0,,cs0,,249.0,,7.0,,Start,1,1,0,74,74,0,74.0,0.0,0.0,0.0,0.0,0,0,0,0.0,,,0.0,0.0,0.0,INT,,,610.0,,0.0,0.0,0.0,0
1082902,0.0,0.0,0.0,0.0,0.0,0.0,udp,0.0,,cs0,,249.0,,7.0,,Start,1,1,0,74,74,0,74.0,0.0,0.0,0.0,0.0,0,0,0,0.0,,,0.0,0.0,0.0,INT,,,610.0,,0.0,0.0,0.0,0
1082923,0.0,0.0,0.0,0.0,0.0,0.0,udp,0.0,,cs0,,249.0,,7.0,,Start,1,1,0,74,74,0,74.0,0.0,0.0,0.0,0.0,0,0,0,0.0,,,0.0,0.0,0.0,INT,,,610.0,,0.0,0.0,0.0,0
1082948,0.0,0.0,0.0,0.0,0.0,0.0,udp,0.0,,cs0,,249.0,,7.0,,Start,1,1,0,74,74,0,74.0,0.0,0.0,0.0,0.0,0,0,0,0.0,,,0.0,0.0,0.0,INT,,,610.0,,0.0,0.0,0.0,0
1082959,0.0,0.0,0.0,0.0,0.0,0.0,udp,0.0,,cs0,,249.0,,7.0,,Start,1,1,0,74,74,0,74.0,0.0,0.0,0.0,0.0,0,0,0,0.0,,,0.0,0.0,0.0,INT,,,610.0,,0.0,0.0,0.0,0
1082968,0.0,0.0,0.0,0.0,0.0,0.0,udp,0.0,,cs0,,249.0,,7.0,,Start,1,1,0,74,74,0,74.0,0.0,0.0,0.0,0.0,0,0,0,0.0,,,0.0,0.0,0.0,INT,,,610.0,,0.0,0.0,0.0,0
1083019,0.0,0.0,0.0,0.0,0.0,0.0,udp,0.0,,cs0,,249.0,,7.0,,Start,1,1,0,74,74,0,74.0,0.0,0.0,0.0,0.0,0,0,0,0.0,,,0.0,0.0,0.0,INT,,,610.0,,0.0,0.0,0.0,0
1083047,0.0,0.0,0.0,0.0,0.0,0.0,udp,0.0,,cs0,,249.0,,7.0,,Start,1,1,0,74,74,0,74.0,0.0,0.0,0.0,0.0,0,0,0,0.0,,,0.0,0.0,0.0,INT,,,610.0,,0.0,0.0,0.0,0
1083062,0.0,0.0,0.0,0.0,0.0,0.0,udp,0.0,,cs0,,249.0,,7.0,,Start,1,1,0,74,74,0,74.0,0.0,0.0,0.0,0.0,0,0,0,0.0,,,0.0,0.0,0.0,INT,,,610.0,,0.0,0.0,0.0,0
1083069,0.0,0.0,0.0,0.0,0.0,0.0,udp,0.0,,cs0,,249.0,,7.0,,Start,1,1,0,74,74,0,74.0,0.0,0.0,0.0,0.0,0,0,0,0.0,,,0.0,0.0,0.0,INT,,,610.0,,0.0,0.0,0.0,0
1083075,0.0,0.0,0.0,0.0,0.0,0.0,udp,0.0,,cs0,,249.0,,7.0,,Start,1,1,0,74,74,0,74.0,0.0,0.0,0.0,0.0,0,0,0,0.0,,,0.0,0.0,0.0,INT,,,610.0,,0.0,0.0,0.0,0
1083129,0.0,0.0,0.0,0.0,0.0,0.0,udp,0.0,,cs0,,249.0,,7.0,,Start,1,1,0,74,74,0,74.0,0.0,0.0,0.0,0.0,0,0,0,0.0,,,0.0,0.0,0.0,INT,,,610.0,,0.0,0.0,0.0,0
1083131,0.0,0.0,0.0,0.0,0.0,0.0,udp,0.0,,cs0,,249.0,,7.0,,Start,1,1,0,74,74,0,74.0,0.0,0.0,0.0,0.0,0,0,0,0.0,,,0.0,0.0,0.0,INT,,,610.0,,0.0,0.0,0.0,0
1083167,0.0,0.0,0.0,0.0,0.0,0.0,udp,0.0,,cs0,,249.0,,7.0,,Start,1,1,0,74,74,0,74.0,0.0,0.0,0.0,0.0,0,0,0,0.0,,,0.0,0.0,0.0,INT,,,610.0,,0.0,0.0,0.0,0
1083190,0.0,0.0,0.0,0.0,0.0,0.0,udp,0.0,,cs0,,249.0,,7.0,,Start,1,1,0,74,74,0,74.0,0.0,0.0,0.0,0.0,0,0,0,0.0,,,0.0,0.0,0.0,INT,,,610.0,,0.0,0.0,0.0,0
1083198,0.0,0.0,0.0,0.0,0.0,0.0,udp,0.0,,cs0,,249.0,,7.0,,Start,1,1,0,74,74,0,74.0,0.0,0.0,0.0,0.0,0,0,0,0.0,,,0.0,0.0,0.0,INT,,,610.0,,0.0,0.0,0.0,0
1083205,4.998872,4.998872,4.998872,4.998872,4.998872,4.998872,tcp,0.0,0.0,cs0,cs0,64.0,117.0,0.0,11.0,Status,91,28,63,90587,5014,85573,179.071426,1358.301636,142512.1563,7737.746094,134774.4063,0,0,0,0.0,0.0,0.0,18.004063,5.401219,12.402799,CON,1162240.0,139776.0,,,0.035881,0.020743,0.015138,0
1083255,0.0,0.0,0.0,0.0,0.0,0.0,udp,0.0,,cs0,,249.0,,7.0,,Start,1,1,0,74,74,0,74.0,0.0,0.0,0.0,0.0,0,0,0,0.0,,,0.0,0.0,0.0,INT,,,610.0,,0.0,0.0,0.0,0
1083257,0.0,0.0,0.0,0.0,0.0,0.0,udp,0.0,,cs0,,249.0,,7.0,,Start,1,1,0,74,74,0,74.0,0.0,0.0,0.0,0.0,0,0,0,0.0,,,0.0,0.0,0.0,INT,,,610.0,,0.0,0.0,0.0,0
1083260,0.0,0.0,0.0,0.0,0.0,0.0,udp,0.0,,cs0,,249.0,,7.0,,Start,1,1,0,74,74,0,74.0,0.0,0.0,0.0,0.0,0,0,0,0.0,,,0.0,0.0,0.0,INT,,,610.0,,0.0,0.0,0.0,0
1083426,0.0,0.0,0.0,0.0,0.0,0.0,udp,0.0,,cs0,,249.0,,7.0,,Start,1,1,0,74,74,0,74.0,0.0,0.0,0.0,0.0,0,0,0,0.0,,,0.0,0.0,0.0,INT,,,610.0,,0.0,0.0,0.0,0
1083462,0.0,0.0,0.0,0.0,0.0,0.0,udp,0.0,,cs0,,249.0,,7.0,,Start,1,1,0,74,74,0,74.0,0.0,0.0,0.0,0.0,0,0,0,0.0,,,0.0,0.0,0.0,INT,,,610.0,,0.0,0.0,0.0,0
1083545,0.0,0.0,0.0,0.0,0.0,0.0,udp,0.0,,cs0,,249.0,,7.0,,Start,1,1,0,74,74,0,74.0,0.0,0.0,0.0,0.0,0,0,0,0.0,,,0.0,0.0,0.0,INT,,,610.0,,0.0,0.0,0.0,0
1083571,0.0,0.0,0.0,0.0,0.0,0.0,udp,0.0,,cs0,,249.0,,7.0,,Start,1,1,0,74,74,0,74.0,0.0,0.0,0.0,0.0,0,0,0,0.0,,,0.0,0.0,0.0,INT,,,610.0,,0.0,0.0,0.0,0
1083604,0.0,0.0,0.0,0.0,0.0,0.0,udp,0.0,,cs0,,249.0,,7.0,,Start,1,1,0,74,74,0,74.0,0.0,0.0,0.0,0.0,0,0,0,0.0,,,0.0,0.0,0.0,INT,,,610.0,,0.0,0.0,0.0,0
1083628,0.0,0.0,0.0,0.0,0.0,0.0,udp,0.0,,cs0,,249.0,,7.0,,Start,1,1,0,74,74,0,74.0,0.0,0.0,0.0,0.0,0,0,0,0.0,,,0.0,0.0,0.0,INT,,,610.0,,0.0,0.0,0.0,0
1083669,2.000182,2.000182,2.000182,2.000182,2.000182,2.000182,udp,0.0,,cs0,,64.0,,0.0,,Start,2,2,0,180,180,0,90.0,0.0,359.967255,359.967255,0.0,0,0,0,0.0,,,0.499955,0.499955,0.0,INT,,,,,0.0,0.0,0.0,0
1083717,0.0,0.0,0.0,0.0,0.0,0.0,udp,0.0,,cs0,,249.0,,7.0,,Start,1,1,0,74,74,0,74.0,0.0,0.0,0.0,0.0,0,0,0,0.0,,,0.0,0.0,0.0,INT,,,610.0,,0.0,0.0,0.0,0
1083804,0.0,0.0,0.0,0.0,0.0,0.0,udp,0.0,,cs0,,249.0,,7.0,,Start,1,1,0,74,74,0,74.0,0.0,0.0,0.0,0.0,0,0,0,0.0,,,0.0,0.0,0.0,INT,,,610.0,,0.0,0.0,0.0,0
1083812,0.0,0.0,0.0,0.0,0.0,0.0,udp,0.0,,cs0,,249.0,,7.0,,Start,1,1,0,74,74,0,74.0,0.0,0.0,0.0,0.0,0,0,0,0.0,,,0.0,0.0,0.0,INT,,,610.0,,0.0,0.0,0.0,0
1084466,0.0,0.0,0.0,0.0,0.0,0.0,udp,0.0,,cs0,,249.0,,7.0,,Start,1,1,0,74,74,0,74.0,0.0,0.0,0.0,0.0,0,0,0,0.0,,,0.0,0.0,0.0,INT,,,610.0,,0.0,0.0,0.0,0
1084537,0.0,0.0,0.0,0.0,0.0,0.0,udp,0.0,,cs0,,249.0,,7.0,,Start,1,1,0,74,74,0,74.0,0.0,0.0,0.0,0.0,0,0,0,0.0,,,0.0,0.0,0.0,INT,,,610.0,,0.0,0.0,0.0,0
1084557,0.0,0.0,0.0,0.0,0.0,0.0,udp,0.0,,cs0,,249.0,,7.0,,Start,1,1,0,74,74,0,74.0,0.0,0.0,0.0,0.0,0,0,0,0.0,,,0.0,0.0,0.0,INT,,,610.0,,0.0,0.0,0.0,0
1085615,0.0,0.0,0.0,0.0,0.0,0.0,udp,0.0,,cs0,,249.0,,7.0,,Start,1,1,0,74,74,0,74.0,0.0,0.0,0.0,0.0,0,0,0,0.0,,,0.0,0.0,0.0,INT,,,610.0,,0.0,0.0,0.0,0
1085677,0.0,0.0,0.0,0.0,0.0,0.0,udp,0.0,,cs0,,249.0,,7.0,,Start,1,1,0,74,74,0,74.0,0.0,0.0,0.0,0.0,0,0,0,0.0,,,0.0,0.0,0.0,INT,,,610.0,,0.0,0.0,0.0,0
1085692,0.0,0.0,0.0,0.0,0.0,0.0,udp,0.0,,cs0,,249.0,,7.0,,Start,1,1,0,74,74,0,74.0,0.0,0.0,0.0,0.0,0,0,0,0.0,,,0.0,0.0,0.0,INT,,,610.0,,0.0,0.0,0.0,0
1085730,0.0,0.0,0.0,0.0,0.0,0.0,udp,0.0,,cs0,,249.0,,7.0,,Start,1,1,0,74,74,0,74.0,0.0,0.0,0.0,0.0,0,0,0,0.0,,,0.0,0.0,0.0,INT,,,610.0,,0.0,0.0,0.0,0
1085752,0.0,0.0,0.0,0.0,0.0,0.0,udp,0.0,,cs0,,249.0,,7.0,,Start,1,1,0,74,74,0,74.0,0.0,0.0,0.0,0.0,0,0,0,0.0,,,0.0,0.0,0.0,INT,,,610.0,,0.0,0.0,0.0,0
1086475,0.015906,0.015906,0.015906,0.015906,0.015906,0.015906,tcp,0.0,0.0,cs0,cs0,116.0,64.0,12.0,0.0,Status,2,1,1,128,74,54,74.0,54.0,0.0,0.0,0.0,0,0,0,0.0,0.0,0.0,62.869354,0.0,0.0,RST,16776960.0,0.0,,,0.0,0.0,0.0,0
1086883,0.0,0.0,0.0,0.0,0.0,0.0,udp,0.0,,cs0,,249.0,,7.0,,Start,1,1,0,74,74,0,74.0,0.0,0.0,0.0,0.0,0,0,0,0.0,,,0.0,0.0,0.0,INT,,,610.0,,0.0,0.0,0.0,0
1086908,0.0,0.0,0.0,0.0,0.0,0.0,udp,0.0,,cs0,,249.0,,7.0,,Start,1,1,0,74,74,0,74.0,0.0,0.0,0.0,0.0,0,0,0,0.0,,,0.0,0.0,0.0,INT,,,610.0,,0.0,0.0,0.0,0
1087011,0.0,0.0,0.0,0.0,0.0,0.0,udp,0.0,,cs0,,249.0,,7.0,,Start,1,1,0,74,74,0,74.0,0.0,0.0,0.0,0.0,0,0,0,0.0,,,0.0,0.0,0.0,INT,,,610.0,,0.0,0.0,0.0,0
1087017,0.0,0.0,0.0,0.0,0.0,0.0,udp,0.0,,cs0,,249.0,,7.0,,Start,1,1,0,74,74,0,74.0,0.0,0.0,0.0,0.0,0,0,0,0.0,,,0.0,0.0,0.0,INT,,,610.0,,0.0,0.0,0.0,0
1087079,0.0,0.0,0.0,0.0,0.0,0.0,udp,0.0,,cs0,,249.0,,7.0,,Start,1,1,0,74,74,0,74.0,0.0,0.0,0.0,0.0,0,0,0,0.0,,,0.0,0.0,0.0,INT,,,610.0,,0.0,0.0,0.0,0
1087086,0.0,0.0,0.0,0.0,0.0,0.0,udp,0.0,,cs0,,249.0,,7.0,,Start,1,1,0,74,74,0,74.0,0.0,0.0,0.0,0.0,0,0,0,0.0,,,0.0,0.0,0.0,INT,,,610.0,,0.0,0.0,0.0,0
1087632,0.095587,0.095587,0.095587,0.095587,0.095587,0.095587,udp,0.0,,cs0,,62.0,,2.0,,Start,1,1,0,403,403,0,403.0,0.0,0.0,0.0,0.0,0,0,0,0.0,,,0.0,0.0,0.0,INT,,,,,0.0,0.0,0.0,0
1088257,0.0,0.0,0.0,0.0,0.0,0.0,udp,0.0,,cs0,,249.0,,7.0,,Start,1,1,0,74,74,0,74.0,0.0,0.0,0.0,0.0,0,0,0,0.0,,,0.0,0.0,0.0,INT,,,610.0,,0.0,0.0,0.0,0
1088336,4.998878,4.998878,4.998878,4.998878,4.998878,4.998878,udp,0.0,,cs0,,249.0,,7.0,,Start,2,2,0,148,148,0,74.0,0.0,118.426575,118.426575,0.0,0,0,0,0.0,,,0.200045,0.200045,0.0,INT,,,610.0,,0.0,0.0,0.0,0
1088345,0.0,0.0,0.0,0.0,0.0,0.0,udp,0.0,,cs0,,249.0,,7.0,,Start,1,1,0,74,74,0,74.0,0.0,0.0,0.0,0.0,0,0,0,0.0,,,0.0,0.0,0.0,INT,,,610.0,,0.0,0.0,0.0,0
1088390,0.0,0.0,0.0,0.0,0.0,0.0,udp,0.0,,cs0,,249.0,,7.0,,Start,1,1,0,74,74,0,74.0,0.0,0.0,0.0,0.0,0,0,0,0.0,,,0.0,0.0,0.0,INT,,,610.0,,0.0,0.0,0.0,0
1088658,0.0,0.0,0.0,0.0,0.0,0.0,udp,0.0,,cs0,,62.0,,2.0,,Start,1,1,0,415,415,0,415.0,0.0,0.0,0.0,0.0,0,0,0,0.0,,,0.0,0.0,0.0,INT,,,,,0.0,0.0,0.0,0
1088803,0.0,0.0,0.0,0.0,0.0,0.0,icmp,0.0,,cs0,,58.0,,6.0,,Start,1,1,0,98,98,0,98.0,0.0,0.0,0.0,0.0,0,0,0,0.0,,,0.0,0.0,0.0,ECO,,,,,0.0,0.0,0.0,0
1089457,0.0,0.0,0.0,0.0,0.0,0.0,udp,0.0,,cs0,,249.0,,7.0,,Start,1,1,0,74,74,0,74.0,0.0,0.0,0.0,0.0,0,0,0,0.0,,,0.0,0.0,0.0,INT,,,610.0,,0.0,0.0,0.0,0
1089492,0.0,0.0,0.0,0.0,0.0,0.0,udp,0.0,,cs0,,249.0,,7.0,,Status,1,1,0,74,74,0,74.0,0.0,0.0,0.0,0.0,0,0,0,0.0,,,0.0,0.0,0.0,REQ,,,610.0,,0.0,0.0,0.0,0
1089518,0.0,0.0,0.0,0.0,0.0,0.0,udp,0.0,,cs0,,249.0,,7.0,,Start,1,1,0,74,74,0,74.0,0.0,0.0,0.0,0.0,0,0,0,0.0,,,0.0,0.0,0.0,INT,,,610.0,,0.0,0.0,0.0,0
1089576,0.0,0.0,0.0,0.0,0.0,0.0,udp,0.0,,cs0,,249.0,,7.0,,Start,1,1,0,74,74,0,74.0,0.0,0.0,0.0,0.0,0,0,0,0.0,,,0.0,0.0,0.0,INT,,,610.0,,0.0,0.0,0.0,0
1089902,3.06536,3.06536,3.06536,3.06536,3.06536,3.06536,tcp,0.0,0.0,cs0,cs0,53.0,64.0,11.0,0.0,Start,6,3,3,384,222,162,74.0,54.0,668.110718,386.251526,281.859222,0,0,0,0.0,0.0,0.0,1.63113,0.652452,0.652452,RST,16776960.0,0.0,,,0.0,0.0,0.0,0
1089923,0.0,0.0,0.0,0.0,0.0,0.0,icmp,0.0,,cs0,,58.0,,6.0,,Start,1,1,0,98,98,0,98.0,0.0,0.0,0.0,0.0,0,0,0,0.0,,,0.0,0.0,0.0,ECO,,,,,0.0,0.0,0.0,0
1090423,0.0,0.0,0.0,0.0,0.0,0.0,tcp,0.0,,cs0,,52.0,,12.0,,Status,1,1,0,74,74,0,74.0,0.0,0.0,0.0,0.0,1,1,0,50.0,0.0,0.0,0.0,0.0,0.0,ACC,16776960.0,,,,0.0,0.0,0.0,0
1090629,0.0,0.0,0.0,0.0,0.0,0.0,udp,0.0,,cs0,,249.0,,7.0,,Start,1,1,0,74,74,0,74.0,0.0,0.0,0.0,0.0,0,0,0,0.0,,,0.0,0.0,0.0,INT,,,610.0,,0.0,0.0,0.0,0
1090659,0.0,0.0,0.0,0.0,0.0,0.0,udp,0.0,,cs0,,249.0,,7.0,,Start,1,1,0,74,74,0,74.0,0.0,0.0,0.0,0.0,0,0,0,0.0,,,0.0,0.0,0.0,INT,,,610.0,,0.0,0.0,0.0,0
1090678,0.0,0.0,0.0,0.0,0.0,0.0,udp,0.0,,cs0,,249.0,,7.0,,Start,1,1,0,74,74,0,74.0,0.0,0.0,0.0,0.0,0,0,0,0.0,,,0.0,0.0,0.0,INT,,,610.0,,0.0,0.0,0.0,0
1090724,0.0,0.0,0.0,0.0,0.0,0.0,udp,0.0,,cs0,,249.0,,7.0,,Start,1,1,0,74,74,0,74.0,0.0,0.0,0.0,0.0,0,0,0,0.0,,,0.0,0.0,0.0,INT,,,610.0,,0.0,0.0,0.0,0
1090764,4.994921,4.994921,4.994921,4.994921,4.994921,4.994921,udp,0.0,0.0,cs0,cs0,64.0,117.0,0.0,11.0,Status,202,13,189,257589,4428,253161,340.615387,1339.476196,409872.3438,6547.450684,403324.875,0,0,0,0.0,,,40.240875,2.40244,37.638233,CON,,,,,0.0,0.0,0.0,0
1091827,0.0,0.0,0.0,0.0,0.0,0.0,udp,0.0,,cs0,,249.0,,7.0,,Start,1,1,0,74,74,0,74.0,0.0,0.0,0.0,0.0,0,0,0,0.0,,,0.0,0.0,0.0,INT,,,610.0,,0.0,0.0,0.0,0
1091840,0.0,0.0,0.0,0.0,0.0,0.0,udp,0.0,,cs0,,249.0,,7.0,,Start,1,1,0,74,74,0,74.0,0.0,0.0,0.0,0.0,0,0,0,0.0,,,0.0,0.0,0.0,INT,,,610.0,,0.0,0.0,0.0,0
1091882,0.0,0.0,0.0,0.0,0.0,0.0,udp,0.0,,cs0,,249.0,,7.0,,Start,1,1,0,74,74,0,74.0,0.0,0.0,0.0,0.0,0,0,0,0.0,,,0.0,0.0,0.0,INT,,,610.0,,0.0,0.0,0.0,0
1091889,0.0,0.0,0.0,0.0,0.0,0.0,udp,0.0,,cs0,,249.0,,7.0,,Start,1,1,0,74,74,0,74.0,0.0,0.0,0.0,0.0,0,0,0,0.0,,,0.0,0.0,0.0,INT,,,610.0,,0.0,0.0,0.0,0
1094240,2.252306,2.252306,2.252306,2.252306,2.252306,2.252306,udp,0.0,,cs0,,53.0,,11.0,,Start,5,5,0,6960,6960,0,1392.0,0.0,19777.06445,19777.06445,0.0,0,0,0,0.0,,,1.775958,1.775958,0.0,INT,,,,,0.0,0.0,0.0,0
1094944,0.0,0.0,0.0,0.0,0.0,0.0,udp,0.0,,cs0,,249.0,,7.0,,Start,1,1,0,74,74,0,74.0,0.0,0.0,0.0,0.0,0,0,0,0.0,,,0.0,0.0,0.0,INT,,,610.0,,0.0,0.0,0.0,0
1094961,0.0,0.0,0.0,0.0,0.0,0.0,udp,0.0,,cs0,,249.0,,7.0,,Start,1,1,0,74,74,0,74.0,0.0,0.0,0.0,0.0,0,0,0,0.0,,,0.0,0.0,0.0,INT,,,610.0,,0.0,0.0,0.0,0
1094999,0.0,0.0,0.0,0.0,0.0,0.0,udp,0.0,,cs0,,249.0,,7.0,,Start,1,1,0,74,74,0,74.0,0.0,0.0,0.0,0.0,0,0,0,0.0,,,0.0,0.0,0.0,INT,,,610.0,,0.0,0.0,0.0,0
1095003,0.0,0.0,0.0,0.0,0.0,0.0,udp,0.0,,cs0,,249.0,,7.0,,Start,1,1,0,74,74,0,74.0,0.0,0.0,0.0,0.0,0,0,0,0.0,,,0.0,0.0,0.0,INT,,,610.0,,0.0,0.0,0.0,0
1095042,0.0,0.0,0.0,0.0,0.0,0.0,udp,0.0,,cs0,,249.0,,7.0,,Start,1,1,0,74,74,0,74.0,0.0,0.0,0.0,0.0,0,0,0,0.0,,,0.0,0.0,0.0,INT,,,610.0,,0.0,0.0,0.0,0
1095585,0.046569,0.046569,0.046569,0.046569,0.046569,0.046569,tcp,0.0,0.0,cs0,cs0,117.0,64.0,11.0,0.0,Status,2,1,1,128,74,54,74.0,54.0,0.0,0.0,0.0,0,0,0,0.0,0.0,0.0,21.473513,0.0,0.0,RST,16776960.0,0.0,,,0.0,0.0,0.0,0
1096715,0.0,0.0,0.0,0.0,0.0,0.0,udp,0.0,,cs0,,249.0,,7.0,,Start,1,1,0,74,74,0,74.0,0.0,0.0,0.0,0.0,0,0,0,0.0,,,0.0,0.0,0.0,INT,,,610.0,,0.0,0.0,0.0,0
1096732,4.941333,4.941333,4.941333,4.941333,4.941333,4.941333,udp,0.0,,cs0,,249.0,,7.0,,Start,2,2,0,148,148,0,74.0,0.0,119.805733,119.805733,0.0,0,0,0,0.0,,,0.202375,0.202375,0.0,INT,,,610.0,,0.0,0.0,0.0,0
1097121,0.0,0.0,0.0,0.0,0.0,0.0,udp,0.0,,cs0,,249.0,,7.0,,Start,1,1,0,74,74,0,74.0,0.0,0.0,0.0,0.0,0,0,0,0.0,,,0.0,0.0,0.0,INT,,,610.0,,0.0,0.0,0.0,0
1097245,0.0,0.0,0.0,0.0,0.0,0.0,udp,0.0,,cs0,,249.0,,7.0,,Start,1,1,0,74,74,0,74.0,0.0,0.0,0.0,0.0,0,0,0,0.0,,,0.0,0.0,0.0,INT,,,610.0,,0.0,0.0,0.0,0
1097264,0.0,0.0,0.0,0.0,0.0,0.0,udp,0.0,,cs0,,249.0,,7.0,,Start,1,1,0,74,74,0,74.0,0.0,0.0,0.0,0.0,0,0,0,0.0,,,0.0,0.0,0.0,INT,,,610.0,,0.0,0.0,0.0,0
1097333,0.0,0.0,0.0,0.0,0.0,0.0,udp,0.0,,cs0,,249.0,,7.0,,Start,1,1,0,74,74,0,74.0,0.0,0.0,0.0,0.0,0,0,0,0.0,,,0.0,0.0,0.0,INT,,,610.0,,0.0,0.0,0.0,0
1097341,0.0,0.0,0.0,0.0,0.0,0.0,udp,0.0,,cs0,,249.0,,7.0,,Start,1,1,0,74,74,0,74.0,0.0,0.0,0.0,0.0,0,0,0,0.0,,,0.0,0.0,0.0,INT,,,610.0,,0.0,0.0,0.0,0
1097365,0.0,0.0,0.0,0.0,0.0,0.0,udp,0.0,,cs0,,249.0,,7.0,,Start,1,1,0,74,74,0,74.0,0.0,0.0,0.0,0.0,0,0,0,0.0,,,0.0,0.0,0.0,INT,,,610.0,,0.0,0.0,0.0,0
1097421,0.0,0.0,0.0,0.0,0.0,0.0,udp,0.0,,cs0,,249.0,,7.0,,Start,1,1,0,74,74,0,74.0,0.0,0.0,0.0,0.0,0,0,0,0.0,,,0.0,0.0,0.0,INT,,,610.0,,0.0,0.0,0.0,0
1097427,0.0,0.0,0.0,0.0,0.0,0.0,udp,0.0,,cs0,,249.0,,7.0,,Start,1,1,0,74,74,0,74.0,0.0,0.0,0.0,0.0,0,0,0,0.0,,,0.0,0.0,0.0,INT,,,610.0,,0.0,0.0,0.0,0
1097441,0.0,0.0,0.0,0.0,0.0,0.0,udp,0.0,,cs0,,249.0,,7.0,,Start,1,1,0,74,74,0,74.0,0.0,0.0,0.0,0.0,0,0,0,0.0,,,0.0,0.0,0.0,INT,,,610.0,,0.0,0.0,0.0,0
1097496,0.0,0.0,0.0,0.0,0.0,0.0,udp,0.0,,cs0,,249.0,,7.0,,Start,1,1,0,74,74,0,74.0,0.0,0.0,0.0,0.0,0,0,0,0.0,,,0.0,0.0,0.0,INT,,,610.0,,0.0,0.0,0.0,0
1097507,0.0,0.0,0.0,0.0,0.0,0.0,udp,0.0,,cs0,,249.0,,7.0,,Start,1,1,0,74,74,0,74.0,0.0,0.0,0.0,0.0,0,0,0,0.0,,,0.0,0.0,0.0,INT,,,610.0,,0.0,0.0,0.0,0
1097532,0.0,0.0,0.0,0.0,0.0,0.0,udp,0.0,,cs0,,249.0,,7.0,,Start,1,1,0,74,74,0,74.0,0.0,0.0,0.0,0.0,0,0,0,0.0,,,0.0,0.0,0.0,INT,,,610.0,,0.0,0.0,0.0,0
1097540,0.0,0.0,0.0,0.0,0.0,0.0,udp,0.0,,cs0,,249.0,,7.0,,Start,1,1,0,74,74,0,74.0,0.0,0.0,0.0,0.0,0,0,0,0.0,,,0.0,0.0,0.0,INT,,,610.0,,0.0,0.0,0.0,0
1097586,0.0,0.0,0.0,0.0,0.0,0.0,udp,0.0,,cs0,,249.0,,7.0,,Start,1,1,0,74,74,0,74.0,0.0,0.0,0.0,0.0,0,0,0,0.0,,,0.0,0.0,0.0,INT,,,610.0,,0.0,0.0,0.0,0
1097593,0.0,0.0,0.0,0.0,0.0,0.0,udp,0.0,,cs0,,249.0,,7.0,,Start,1,1,0,74,74,0,74.0,0.0,0.0,0.0,0.0,0,0,0,0.0,,,0.0,0.0,0.0,INT,,,610.0,,0.0,0.0,0.0,0
1097616,0.0,0.0,0.0,0.0,0.0,0.0,udp,0.0,,cs0,,249.0,,7.0,,Start,1,1,0,74,74,0,74.0,0.0,0.0,0.0,0.0,0,0,0,0.0,,,0.0,0.0,0.0,INT,,,610.0,,0.0,0.0,0.0,0
1097650,0.0,0.0,0.0,0.0,0.0,0.0,udp,0.0,,cs0,,249.0,,7.0,,Start,1,1,0,74,74,0,74.0,0.0,0.0,0.0,0.0,0,0,0,0.0,,,0.0,0.0,0.0,INT,,,610.0,,0.0,0.0,0.0,0
1097753,0.0,0.0,0.0,0.0,0.0,0.0,udp,0.0,,cs0,,249.0,,7.0,,Start,1,1,0,74,74,0,74.0,0.0,0.0,0.0,0.0,0,0,0,0.0,,,0.0,0.0,0.0,INT,,,610.0,,0.0,0.0,0.0,0
1097764,0.0,0.0,0.0,0.0,0.0,0.0,udp,0.0,,cs0,,249.0,,7.0,,Start,1,1,0,74,74,0,74.0,0.0,0.0,0.0,0.0,0,0,0,0.0,,,0.0,0.0,0.0,INT,,,610.0,,0.0,0.0,0.0,0
1097809,0.0,0.0,0.0,0.0,0.0,0.0,udp,0.0,,cs0,,249.0,,7.0,,Start,1,1,0,74,74,0,74.0,0.0,0.0,0.0,0.0,0,0,0,0.0,,,0.0,0.0,0.0,INT,,,610.0,,0.0,0.0,0.0,0
1097812,0.0,0.0,0.0,0.0,0.0,0.0,udp,0.0,,cs0,,249.0,,7.0,,Start,1,1,0,74,74,0,74.0,0.0,0.0,0.0,0.0,0,0,0,0.0,,,0.0,0.0,0.0,INT,,,610.0,,0.0,0.0,0.0,0
1097966,0.0,0.0,0.0,0.0,0.0,0.0,udp,0.0,,cs0,,249.0,,7.0,,Start,1,1,0,74,74,0,74.0,0.0,0.0,0.0,0.0,0,0,0,0.0,,,0.0,0.0,0.0,INT,,,610.0,,0.0,0.0,0.0,0
1097983,0.0,0.0,0.0,0.0,0.0,0.0,udp,0.0,,cs0,,249.0,,7.0,,Start,1,1,0,74,74,0,74.0,0.0,0.0,0.0,0.0,0,0,0,0.0,,,0.0,0.0,0.0,INT,,,610.0,,0.0,0.0,0.0,0
1098782,0.0,0.0,0.0,0.0,0.0,0.0,udp,0.0,,cs0,,249.0,,7.0,,Start,1,1,0,74,74,0,74.0,0.0,0.0,0.0,0.0,0,0,0,0.0,,,0.0,0.0,0.0,INT,,,610.0,,0.0,0.0,0.0,0
1098817,0.0,0.0,0.0,0.0,0.0,0.0,udp,0.0,,cs0,,249.0,,7.0,,Start,1,1,0,74,74,0,74.0,0.0,0.0,0.0,0.0,0,0,0,0.0,,,0.0,0.0,0.0,INT,,,610.0,,0.0,0.0,0.0,0
1099085,0.0,0.0,0.0,0.0,0.0,0.0,udp,0.0,,cs0,,249.0,,7.0,,Start,1,1,0,74,74,0,74.0,0.0,0.0,0.0,0.0,0,0,0,0.0,,,0.0,0.0,0.0,INT,,,610.0,,0.0,0.0,0.0,0
1099176,0.0,0.0,0.0,0.0,0.0,0.0,udp,0.0,,cs0,,249.0,,7.0,,Start,1,1,0,74,74,0,74.0,0.0,0.0,0.0,0.0,0,0,0,0.0,,,0.0,0.0,0.0,INT,,,610.0,,0.0,0.0,0.0,0
1102709,0.0,0.0,0.0,0.0,0.0,0.0,udp,0.0,,cs0,,249.0,,7.0,,Start,1,1,0,74,74,0,74.0,0.0,0.0,0.0,0.0,0,0,0,0.0,,,0.0,0.0,0.0,INT,,,610.0,,0.0,0.0,0.0,0
1102748,0.0,0.0,0.0,0.0,0.0,0.0,udp,0.0,,cs0,,249.0,,7.0,,Start,1,1,0,74,74,0,74.0,0.0,0.0,0.0,0.0,0,0,0,0.0,,,0.0,0.0,0.0,INT,,,610.0,,0.0,0.0,0.0,0
1103390,0.0,0.0,0.0,0.0,0.0,0.0,udp,0.0,,cs0,,249.0,,7.0,,Start,1,1,0,74,74,0,74.0,0.0,0.0,0.0,0.0,0,0,0,0.0,,,0.0,0.0,0.0,INT,,,610.0,,0.0,0.0,0.0,0
1103487,0.0,0.0,0.0,0.0,0.0,0.0,udp,0.0,,cs0,,249.0,,7.0,,Start,1,1,0,74,74,0,74.0,0.0,0.0,0.0,0.0,0,0,0,0.0,,,0.0,0.0,0.0,INT,,,610.0,,0.0,0.0,0.0,0
1103915,0.0,0.0,0.0,0.0,0.0,0.0,udp,0.0,,cs0,,249.0,,7.0,,Start,1,1,0,74,74,0,74.0,0.0,0.0,0.0,0.0,0,0,0,0.0,,,0.0,0.0,0.0,INT,,,610.0,,0.0,0.0,0.0,0
1104005,0.0,0.0,0.0,0.0,0.0,0.0,udp,0.0,,cs0,,249.0,,7.0,,Start,1,1,0,74,74,0,74.0,0.0,0.0,0.0,0.0,0,0,0,0.0,,,0.0,0.0,0.0,INT,,,610.0,,0.0,0.0,0.0,0
1104046,0.0,0.0,0.0,0.0,0.0,0.0,udp,0.0,,cs0,,249.0,,7.0,,Start,1,1,0,74,74,0,74.0,0.0,0.0,0.0,0.0,0,0,0,0.0,,,0.0,0.0,0.0,INT,,,610.0,,0.0,0.0,0.0,0
1104096,0.063839,0.063839,0.063839,0.063839,0.063839,0.063839,udp,0.0,0.0,cs0,cs0,64.0,117.0,0.0,11.0,Status,6,3,3,730,530,200,176.666672,66.666664,61153.83594,44361.59375,16792.24219,0,0,0,0.0,,,78.322021,31.32881,31.32881,CON,,,,,0.0,0.0,0.0,0
1104172,0.0,0.0,0.0,0.0,0.0,0.0,udp,0.0,,cs0,,249.0,,7.0,,Start,1,1,0,74,74,0,74.0,0.0,0.0,0.0,0.0,0,0,0,0.0,,,0.0,0.0,0.0,INT,,,610.0,,0.0,0.0,0.0,0
1104190,0.0,0.0,0.0,0.0,0.0,0.0,udp,0.0,,cs0,,249.0,,7.0,,Start,1,1,0,74,74,0,74.0,0.0,0.0,0.0,0.0,0,0,0,0.0,,,0.0,0.0,0.0,INT,,,610.0,,0.0,0.0,0.0,0
1104230,0.0,0.0,0.0,0.0,0.0,0.0,udp,0.0,,cs0,,249.0,,7.0,,Start,1,1,0,74,74,0,74.0,0.0,0.0,0.0,0.0,0,0,0,0.0,,,0.0,0.0,0.0,INT,,,610.0,,0.0,0.0,0.0,0
1104355,0.0,0.0,0.0,0.0,0.0,0.0,udp,0.0,,cs0,,249.0,,7.0,,Start,1,1,0,74,74,0,74.0,0.0,0.0,0.0,0.0,0,0,0,0.0,,,0.0,0.0,0.0,INT,,,610.0,,0.0,0.0,0.0,0
1104387,0.0,0.0,0.0,0.0,0.0,0.0,udp,0.0,,cs0,,249.0,,7.0,,Start,1,1,0,74,74,0,74.0,0.0,0.0,0.0,0.0,0,0,0,0.0,,,0.0,0.0,0.0,INT,,,610.0,,0.0,0.0,0.0,0
1104432,0.0,0.0,0.0,0.0,0.0,0.0,udp,0.0,,cs0,,249.0,,7.0,,Start,1,1,0,74,74,0,74.0,0.0,0.0,0.0,0.0,0,0,0,0.0,,,0.0,0.0,0.0,INT,,,610.0,,0.0,0.0,0.0,0
1104531,0.0,0.0,0.0,0.0,0.0,0.0,udp,0.0,,cs0,,249.0,,7.0,,Start,1,1,0,74,74,0,74.0,0.0,0.0,0.0,0.0,0,0,0,0.0,,,0.0,0.0,0.0,INT,,,610.0,,0.0,0.0,0.0,0
1104547,0.0,0.0,0.0,0.0,0.0,0.0,udp,0.0,,cs0,,249.0,,7.0,,Start,1,1,0,74,74,0,74.0,0.0,0.0,0.0,0.0,0,0,0,0.0,,,0.0,0.0,0.0,INT,,,610.0,,0.0,0.0,0.0,0
1104549,0.0,0.0,0.0,0.0,0.0,0.0,udp,0.0,,cs0,,249.0,,7.0,,Start,1,1,0,74,74,0,74.0,0.0,0.0,0.0,0.0,0,0,0,0.0,,,0.0,0.0,0.0,INT,,,610.0,,0.0,0.0,0.0,0
1104550,0.0,0.0,0.0,0.0,0.0,0.0,udp,0.0,,cs0,,249.0,,7.0,,Start,1,1,0,74,74,0,74.0,0.0,0.0,0.0,0.0,0,0,0,0.0,,,0.0,0.0,0.0,INT,,,610.0,,0.0,0.0,0.0,0
1104551,0.0,0.0,0.0,0.0,0.0,0.0,udp,0.0,,cs0,,249.0,,7.0,,Start,1,1,0,74,74,0,74.0,0.0,0.0,0.0,0.0,0,0,0,0.0,,,0.0,0.0,0.0,INT,,,610.0,,0.0,0.0,0.0,0
1104632,0.0,0.0,0.0,0.0,0.0,0.0,udp,0.0,,cs0,,249.0,,7.0,,Start,1,1,0,74,74,0,74.0,0.0,0.0,0.0,0.0,0,0,0,0.0,,,0.0,0.0,0.0,INT,,,610.0,,0.0,0.0,0.0,0
1104658,0.0,0.0,0.0,0.0,0.0,0.0,udp,0.0,,cs0,,249.0,,7.0,,Start,1,1,0,74,74,0,74.0,0.0,0.0,0.0,0.0,0,0,0,0.0,,,0.0,0.0,0.0,INT,,,610.0,,0.0,0.0,0.0,0
1104707,0.0,0.0,0.0,0.0,0.0,0.0,udp,0.0,,cs0,,249.0,,7.0,,Start,1,1,0,74,74,0,74.0,0.0,0.0,0.0,0.0,0,0,0,0.0,,,0.0,0.0,0.0,INT,,,610.0,,0.0,0.0,0.0,0
1104768,0.0,0.0,0.0,0.0,0.0,0.0,udp,0.0,,cs0,,249.0,,7.0,,Start,1,1,0,74,74,0,74.0,0.0,0.0,0.0,0.0,0,0,0,0.0,,,0.0,0.0,0.0,INT,,,610.0,,0.0,0.0,0.0,0
1104770,0.0,0.0,0.0,0.0,0.0,0.0,udp,0.0,,cs0,,249.0,,7.0,,Start,1,1,0,74,74,0,74.0,0.0,0.0,0.0,0.0,0,0,0,0.0,,,0.0,0.0,0.0,INT,,,610.0,,0.0,0.0,0.0,0
1104799,0.0,0.0,0.0,0.0,0.0,0.0,udp,0.0,,cs0,,249.0,,7.0,,Start,1,1,0,74,74,0,74.0,0.0,0.0,0.0,0.0,0,0,0,0.0,,,0.0,0.0,0.0,INT,,,610.0,,0.0,0.0,0.0,0
1104816,0.0,0.0,0.0,0.0,0.0,0.0,udp,0.0,,cs0,,249.0,,7.0,,Start,1,1,0,74,74,0,74.0,0.0,0.0,0.0,0.0,0,0,0,0.0,,,0.0,0.0,0.0,INT,,,610.0,,0.0,0.0,0.0,0
1104853,4.999125,4.999125,4.999125,4.999125,4.999125,4.999125,udp,0.0,,cs0,,249.0,,7.0,,Start,2,2,0,148,148,0,74.0,0.0,118.420723,118.420723,0.0,0,0,0,0.0,,,0.200035,0.200035,0.0,INT,,,610.0,,0.0,0.0,0.0,0
1104860,0.0,0.0,0.0,0.0,0.0,0.0,udp,0.0,,cs0,,249.0,,7.0,,Start,1,1,0,74,74,0,74.0,0.0,0.0,0.0,0.0,0,0,0,0.0,,,0.0,0.0,0.0,INT,,,610.0,,0.0,0.0,0.0,0
1104874,4.998097,4.998097,4.998097,4.998097,4.998097,4.998097,udp,0.0,,cs0,,249.0,,7.0,,Start,2,2,0,148,148,0,74.0,0.0,118.445084,118.445084,0.0,0,0,0,0.0,,,0.200076,0.200076,0.0,INT,,,610.0,,0.0,0.0,0.0,0
1104901,0.025555,0.025555,0.025555,0.025555,0.025555,0.025555,tcp,0.0,0.0,cs0,cs0,116.0,64.0,12.0,0.0,Status,2,1,1,128,74,54,74.0,54.0,0.0,0.0,0.0,0,0,0,0.0,0.0,0.0,39.131287,0.0,0.0,RST,16776960.0,0.0,,,0.0,0.0,0.0,0
1104932,0.041007,0.041007,0.041007,0.041007,0.041007,0.041007,tcp,0.0,0.0,cs0,cs0,64.0,52.0,0.0,12.0,Start,3,2,1,198,132,66,66.0,66.0,12875.85059,12875.85059,0.0,0,0,0,0.0,0.0,0.0,48.77216,24.38608,0.0,FIN,153.0,0.0,,,0.0,0.0,0.0,0
1105956,4.935152,4.935152,4.935152,4.935152,4.935152,4.935152,tcp,0.0,0.0,cs0,cs0,64.0,117.0,0.0,11.0,Status,117,29,88,128707,3500,125207,120.689651,1422.806763,206137.5156,5479.061035,200658.4531,0,0,0,0.0,0.0,0.0,23.504848,5.673584,17.628635,CON,889344.0,207616.0,,,0.034979,0.020783,0.014196,0
1105970,0.0,0.0,0.0,0.0,0.0,0.0,udp,0.0,,cs0,,249.0,,7.0,,Start,1,1,0,74,74,0,74.0,0.0,0.0,0.0,0.0,0,0,0,0.0,,,0.0,0.0,0.0,INT,,,610.0,,0.0,0.0,0.0,0
1105985,0.0,0.0,0.0,0.0,0.0,0.0,udp,0.0,,cs0,,249.0,,7.0,,Status,1,1,0,74,74,0,74.0,0.0,0.0,0.0,0.0,0,0,0,0.0,,,0.0,0.0,0.0,REQ,,,610.0,,0.0,0.0,0.0,0
1105996,0.0,0.0,0.0,0.0,0.0,0.0,udp,0.0,,cs0,,249.0,,7.0,,Start,1,1,0,74,74,0,74.0,0.0,0.0,0.0,0.0,0,0,0,0.0,,,0.0,0.0,0.0,INT,,,610.0,,0.0,0.0,0.0,0
1106019,0.0,0.0,0.0,0.0,0.0,0.0,udp,0.0,,cs0,,249.0,,7.0,,Start,1,1,0,74,74,0,74.0,0.0,0.0,0.0,0.0,0,0,0,0.0,,,0.0,0.0,0.0,INT,,,610.0,,0.0,0.0,0.0,0
1106022,0.0,0.0,0.0,0.0,0.0,0.0,udp,0.0,,cs0,,249.0,,7.0,,Start,1,1,0,74,74,0,74.0,0.0,0.0,0.0,0.0,0,0,0,0.0,,,0.0,0.0,0.0,INT,,,610.0,,0.0,0.0,0.0,0
1106029,0.0,0.0,0.0,0.0,0.0,0.0,udp,0.0,,cs0,,249.0,,7.0,,Start,1,1,0,74,74,0,74.0,0.0,0.0,0.0,0.0,0,0,0,0.0,,,0.0,0.0,0.0,INT,,,610.0,,0.0,0.0,0.0,0
1107186,0.0,0.0,0.0,0.0,0.0,0.0,udp,0.0,,cs0,,249.0,,7.0,,Start,1,1,0,74,74,0,74.0,0.0,0.0,0.0,0.0,0,0,0,0.0,,,0.0,0.0,0.0,INT,,,610.0,,0.0,0.0,0.0,0
1107204,0.0,0.0,0.0,0.0,0.0,0.0,udp,0.0,,cs0,,249.0,,7.0,,Start,1,1,0,74,74,0,74.0,0.0,0.0,0.0,0.0,0,0,0,0.0,,,0.0,0.0,0.0,INT,,,610.0,,0.0,0.0,0.0,0
1107216,0.0,0.0,0.0,0.0,0.0,0.0,udp,0.0,,cs0,,249.0,,7.0,,Start,1,1,0,74,74,0,74.0,0.0,0.0,0.0,0.0,0,0,0,0.0,,,0.0,0.0,0.0,INT,,,610.0,,0.0,0.0,0.0,0
1107259,0.0,0.0,0.0,0.0,0.0,0.0,udp,0.0,,cs0,,249.0,,7.0,,Start,1,1,0,74,74,0,74.0,0.0,0.0,0.0,0.0,0,0,0,0.0,,,0.0,0.0,0.0,INT,,,610.0,,0.0,0.0,0.0,0
1107353,0.085456,0.085456,0.085456,0.085456,0.085456,0.085456,tcp,0.0,0.0,cs0,cs0,117.0,64.0,11.0,0.0,Status,2,1,1,128,74,54,74.0,54.0,0.0,0.0,0.0,0,0,0,0.0,0.0,0.0,11.701929,0.0,0.0,RST,16776960.0,0.0,,,0.0,0.0,0.0,0
1107416,0.0,0.0,0.0,0.0,0.0,0.0,tcp,0.0,,cs0,,62.0,,2.0,,Status,1,1,0,74,74,0,74.0,0.0,0.0,0.0,0.0,1,1,0,50.0,0.0,0.0,0.0,0.0,0.0,ACC,3706880.0,,,,0.0,0.0,0.0,0
1108280,0.10861,0.10861,0.10861,0.10861,0.10861,0.10861,udp,48.0,,af12,,62.0,,2.0,,Start,1,1,0,360,360,0,360.0,0.0,0.0,0.0,0.0,0,0,0,0.0,,,0.0,0.0,0.0,INT,,,,,0.0,0.0,0.0,0
1108375,0.0,0.0,0.0,0.0,0.0,0.0,udp,0.0,,cs0,,249.0,,7.0,,Start,1,1,0,74,74,0,74.0,0.0,0.0,0.0,0.0,0,0,0,0.0,,,0.0,0.0,0.0,INT,,,610.0,,0.0,0.0,0.0,0
1109514,3.028066,3.028066,3.028066,3.028066,3.028066,3.028066,tcp,0.0,,cs0,,62.0,,2.0,,Start,4,4,0,296,296,0,74.0,0.0,586.513,586.513,0.0,3,3,0,42.857143,0.0,0.0,0.990731,0.990731,0.0,ACC,3706880.0,,,,0.0,0.0,0.0,0
1109558,0.0,0.0,0.0,0.0,0.0,0.0,udp,0.0,,cs0,,249.0,,7.0,,Start,1,1,0,74,74,0,74.0,0.0,0.0,0.0,0.0,0,0,0,0.0,,,0.0,0.0,0.0,INT,,,610.0,,0.0,0.0,0.0,0
1109580,0.0,0.0,0.0,0.0,0.0,0.0,udp,0.0,,cs0,,249.0,,7.0,,Start,1,1,0,74,74,0,74.0,0.0,0.0,0.0,0.0,0,0,0,0.0,,,0.0,0.0,0.0,INT,,,610.0,,0.0,0.0,0.0,0
1109585,4.95656,4.95656,4.95656,4.95656,4.95656,4.95656,udp,0.0,,cs0,,249.0,,7.0,,Start,2,2,0,148,148,0,74.0,0.0,119.437668,119.437668,0.0,0,0,0,0.0,,,0.201753,0.201753,0.0,INT,,,610.0,,0.0,0.0,0.0,0
1110941,0.0,0.0,0.0,0.0,0.0,0.0,udp,0.0,,cs0,,249.0,,7.0,,Start,1,1,0,74,74,0,74.0,0.0,0.0,0.0,0.0,0,0,0,0.0,,,0.0,0.0,0.0,INT,,,610.0,,0.0,0.0,0.0,0
1110945,0.0,0.0,0.0,0.0,0.0,0.0,udp,0.0,,cs0,,249.0,,7.0,,Start,1,1,0,74,74,0,74.0,0.0,0.0,0.0,0.0,0,0,0,0.0,,,0.0,0.0,0.0,INT,,,610.0,,0.0,0.0,0.0,0
1110964,0.0,0.0,0.0,0.0,0.0,0.0,udp,0.0,,cs0,,249.0,,7.0,,Start,1,1,0,74,74,0,74.0,0.0,0.0,0.0,0.0,0,0,0,0.0,,,0.0,0.0,0.0,INT,,,610.0,,0.0,0.0,0.0,0
1111008,0.0,0.0,0.0,0.0,0.0,0.0,udp,0.0,,cs0,,249.0,,7.0,,Start,1,1,0,74,74,0,74.0,0.0,0.0,0.0,0.0,0,0,0,0.0,,,0.0,0.0,0.0,INT,,,610.0,,0.0,0.0,0.0,0
1111013,0.0,0.0,0.0,0.0,0.0,0.0,udp,0.0,,cs0,,249.0,,7.0,,Start,1,1,0,74,74,0,74.0,0.0,0.0,0.0,0.0,0,0,0,0.0,,,0.0,0.0,0.0,INT,,,610.0,,0.0,0.0,0.0,0
1112579,0.0,0.0,0.0,0.0,0.0,0.0,udp,0.0,,cs0,,249.0,,7.0,,Start,1,1,0,74,74,0,74.0,0.0,0.0,0.0,0.0,0,0,0,0.0,,,0.0,0.0,0.0,INT,,,610.0,,0.0,0.0,0.0,0
1112588,0.0,0.0,0.0,0.0,0.0,0.0,udp,0.0,,cs0,,249.0,,7.0,,Start,1,1,0,74,74,0,74.0,0.0,0.0,0.0,0.0,0,0,0,0.0,,,0.0,0.0,0.0,INT,,,610.0,,0.0,0.0,0.0,0
1112623,0.0,0.0,0.0,0.0,0.0,0.0,udp,0.0,,cs0,,249.0,,7.0,,Start,1,1,0,74,74,0,74.0,0.0,0.0,0.0,0.0,0,0,0,0.0,,,0.0,0.0,0.0,INT,,,610.0,,0.0,0.0,0.0,0
1112641,0.0,0.0,0.0,0.0,0.0,0.0,udp,0.0,,cs0,,249.0,,7.0,,Start,1,1,0,74,74,0,74.0,0.0,0.0,0.0,0.0,0,0,0,0.0,,,0.0,0.0,0.0,INT,,,610.0,,0.0,0.0,0.0,0
1112663,0.0,0.0,0.0,0.0,0.0,0.0,udp,0.0,,cs0,,249.0,,7.0,,Start,1,1,0,74,74,0,74.0,0.0,0.0,0.0,0.0,0,0,0,0.0,,,0.0,0.0,0.0,INT,,,610.0,,0.0,0.0,0.0,0
1112757,4.996998,4.996998,4.996998,4.996998,4.996998,4.996998,tcp,0.0,0.0,cs0,cs0,64.0,117.0,0.0,11.0,Status,38,10,28,36887,3016,33871,301.600006,1209.678589,56637.20703,4346.609863,52290.59766,0,0,0,0.0,0.0,0.0,7.404446,1.801081,5.403244,CON,872448.0,175360.0,,,0.038956,0.020581,0.018375,0
1112772,0.0,0.0,0.0,0.0,0.0,0.0,udp,0.0,,cs0,,249.0,,7.0,,Start,1,1,0,74,74,0,74.0,0.0,0.0,0.0,0.0,0,0,0,0.0,,,0.0,0.0,0.0,INT,,,610.0,,0.0,0.0,0.0,0
1114336,0.0,0.0,0.0,0.0,0.0,0.0,udp,0.0,,cs0,,249.0,,7.0,,Start,1,1,0,74,74,0,74.0,0.0,0.0,0.0,0.0,0,0,0,0.0,,,0.0,0.0,0.0,INT,,,610.0,,0.0,0.0,0.0,0
1114402,0.0,0.0,0.0,0.0,0.0,0.0,udp,0.0,,cs0,,249.0,,7.0,,Start,1,1,0,74,74,0,74.0,0.0,0.0,0.0,0.0,0,0,0,0.0,,,0.0,0.0,0.0,INT,,,610.0,,0.0,0.0,0.0,0
1114434,0.0,0.0,0.0,0.0,0.0,0.0,udp,0.0,,cs0,,249.0,,7.0,,Start,1,1,0,74,74,0,74.0,0.0,0.0,0.0,0.0,0,0,0,0.0,,,0.0,0.0,0.0,INT,,,610.0,,0.0,0.0,0.0,0
1114442,0.0,0.0,0.0,0.0,0.0,0.0,udp,0.0,,cs0,,249.0,,7.0,,Start,1,1,0,74,74,0,74.0,0.0,0.0,0.0,0.0,0,0,0,0.0,,,0.0,0.0,0.0,INT,,,610.0,,0.0,0.0,0.0,0
1114448,0.0,0.0,0.0,0.0,0.0,0.0,udp,0.0,,cs0,,249.0,,7.0,,Start,1,1,0,74,74,0,74.0,0.0,0.0,0.0,0.0,0,0,0,0.0,,,0.0,0.0,0.0,INT,,,610.0,,0.0,0.0,0.0,0
1114501,0.0,0.0,0.0,0.0,0.0,0.0,udp,0.0,,cs0,,249.0,,7.0,,Start,1,1,0,74,74,0,74.0,0.0,0.0,0.0,0.0,0,0,0,0.0,,,0.0,0.0,0.0,INT,,,610.0,,0.0,0.0,0.0,0
1114521,0.0,0.0,0.0,0.0,0.0,0.0,udp,0.0,,cs0,,249.0,,7.0,,Start,1,1,0,74,74,0,74.0,0.0,0.0,0.0,0.0,0,0,0,0.0,,,0.0,0.0,0.0,INT,,,610.0,,0.0,0.0,0.0,0
1116125,0.0,0.0,0.0,0.0,0.0,0.0,udp,0.0,,cs0,,249.0,,7.0,,Start,1,1,0,74,74,0,74.0,0.0,0.0,0.0,0.0,0,0,0,0.0,,,0.0,0.0,0.0,INT,,,610.0,,0.0,0.0,0.0,0
1116126,0.0,0.0,0.0,0.0,0.0,0.0,udp,0.0,,cs0,,249.0,,7.0,,Start,1,1,0,74,74,0,74.0,0.0,0.0,0.0,0.0,0,0,0,0.0,,,0.0,0.0,0.0,INT,,,610.0,,0.0,0.0,0.0,0
1116211,0.0,0.0,0.0,0.0,0.0,0.0,udp,0.0,,cs0,,249.0,,7.0,,Start,1,1,0,74,74,0,74.0,0.0,0.0,0.0,0.0,0,0,0,0.0,,,0.0,0.0,0.0,INT,,,610.0,,0.0,0.0,0.0,0
1116226,0.0,0.0,0.0,0.0,0.0,0.0,udp,0.0,,cs0,,249.0,,7.0,,Start,1,1,0,74,74,0,74.0,0.0,0.0,0.0,0.0,0,0,0,0.0,,,0.0,0.0,0.0,INT,,,610.0,,0.0,0.0,0.0,0
1117836,0.0,0.0,0.0,0.0,0.0,0.0,udp,0.0,,cs0,,249.0,,7.0,,Start,1,1,0,74,74,0,74.0,0.0,0.0,0.0,0.0,0,0,0,0.0,,,0.0,0.0,0.0,INT,,,610.0,,0.0,0.0,0.0,0
1117882,0.0,0.0,0.0,0.0,0.0,0.0,udp,0.0,,cs0,,249.0,,7.0,,Start,1,1,0,74,74,0,74.0,0.0,0.0,0.0,0.0,0,0,0,0.0,,,0.0,0.0,0.0,INT,,,610.0,,0.0,0.0,0.0,0
1117905,0.0,0.0,0.0,0.0,0.0,0.0,udp,0.0,,cs0,,249.0,,7.0,,Start,1,1,0,74,74,0,74.0,0.0,0.0,0.0,0.0,0,0,0,0.0,,,0.0,0.0,0.0,INT,,,610.0,,0.0,0.0,0.0,0
1118006,4.937205,4.937205,4.937205,4.937205,4.937205,4.937205,tcp,0.0,0.0,cs0,cs0,64.0,117.0,0.0,11.0,Status,93,32,61,89540,3677,85863,114.90625,1407.59021,142621.5938,5773.307129,136848.2813,1,0,1,1.06383,0.0,0.0,18.634026,6.278856,12.152625,CON,1162240.0,268544.0,,,0.035881,0.020743,0.015138,0
1118008,4.970186,4.970186,4.970186,4.970186,4.970186,4.970186,tcp,0.0,0.0,cs0,cs0,64.0,117.0,0.0,11.0,Status,142,20,122,179799,2906,176893,145.300003,1449.942627,286838.3438,4444.099121,282394.25,0,0,0,0.0,0.0,0.0,28.369158,3.822794,24.345163,CON,889344.0,249344.0,,,0.034979,0.020783,0.014196,0
1118234,0.032813,0.032813,0.032813,0.032813,0.032813,0.032813,tcp,0.0,0.0,cs0,cs0,53.0,64.0,11.0,0.0,Status,2,1,1,128,74,54,74.0,54.0,0.0,0.0,0.0,0,0,0,0.0,0.0,0.0,30.475725,0.0,0.0,RST,16776960.0,0.0,,,0.0,0.0,0.0,0
1119561,0.0,0.0,0.0,0.0,0.0,0.0,udp,0.0,,cs0,,249.0,,7.0,,Start,1,1,0,74,74,0,74.0,0.0,0.0,0.0,0.0,0,0,0,0.0,,,0.0,0.0,0.0,INT,,,610.0,,0.0,0.0,0.0,0
1119586,0.0,0.0,0.0,0.0,0.0,0.0,udp,0.0,,cs0,,249.0,,7.0,,Start,1,1,0,74,74,0,74.0,0.0,0.0,0.0,0.0,0,0,0,0.0,,,0.0,0.0,0.0,INT,,,610.0,,0.0,0.0,0.0,0
1119641,0.0,0.0,0.0,0.0,0.0,0.0,udp,48.0,,af12,,62.0,,2.0,,Start,1,1,0,415,415,0,415.0,0.0,0.0,0.0,0.0,0,0,0,0.0,,,0.0,0.0,0.0,INT,,,,,0.0,0.0,0.0,0
1121110,0.03341,0.03341,0.03341,0.03341,0.03341,0.03341,tcp,0.0,0.0,cs0,cs0,117.0,64.0,11.0,0.0,Status,2,1,1,128,74,54,74.0,54.0,0.0,0.0,0.0,0,0,0,0.0,0.0,0.0,29.931156,0.0,0.0,RST,16776960.0,0.0,,,0.0,0.0,0.0,0
1121277,0.0,0.0,0.0,0.0,0.0,0.0,udp,0.0,,cs0,,249.0,,7.0,,Start,1,1,0,74,74,0,74.0,0.0,0.0,0.0,0.0,0,0,0,0.0,,,0.0,0.0,0.0,INT,,,610.0,,0.0,0.0,0.0,0
1122876,0.0,0.0,0.0,0.0,0.0,0.0,udp,0.0,,cs0,,249.0,,7.0,,Start,1,1,0,74,74,0,74.0,0.0,0.0,0.0,0.0,0,0,0,0.0,,,0.0,0.0,0.0,INT,,,610.0,,0.0,0.0,0.0,0
1122931,0.0,0.0,0.0,0.0,0.0,0.0,udp,0.0,,cs0,,249.0,,7.0,,Start,1,1,0,74,74,0,74.0,0.0,0.0,0.0,0.0,0,0,0,0.0,,,0.0,0.0,0.0,INT,,,610.0,,0.0,0.0,0.0,0
1122965,0.0,0.0,0.0,0.0,0.0,0.0,udp,0.0,,cs0,,249.0,,7.0,,Start,1,1,0,74,74,0,74.0,0.0,0.0,0.0,0.0,0,0,0,0.0,,,0.0,0.0,0.0,INT,,,610.0,,0.0,0.0,0.0,0
1123007,0.0,0.0,0.0,0.0,0.0,0.0,udp,0.0,,cs0,,249.0,,7.0,,Start,1,1,0,74,74,0,74.0,0.0,0.0,0.0,0.0,0,0,0,0.0,,,0.0,0.0,0.0,INT,,,610.0,,0.0,0.0,0.0,0
1123018,0.0,0.0,0.0,0.0,0.0,0.0,udp,0.0,,cs0,,249.0,,7.0,,Start,1,1,0,74,74,0,74.0,0.0,0.0,0.0,0.0,0,0,0,0.0,,,0.0,0.0,0.0,INT,,,610.0,,0.0,0.0,0.0,0
1123026,0.0,0.0,0.0,0.0,0.0,0.0,udp,0.0,,cs0,,249.0,,7.0,,Start,1,1,0,74,74,0,74.0,0.0,0.0,0.0,0.0,0,0,0,0.0,,,0.0,0.0,0.0,INT,,,610.0,,0.0,0.0,0.0,0
1124570,0.0,0.0,0.0,0.0,0.0,0.0,udp,0.0,,cs0,,249.0,,7.0,,Start,1,1,0,74,74,0,74.0,0.0,0.0,0.0,0.0,0,0,0,0.0,,,0.0,0.0,0.0,INT,,,610.0,,0.0,0.0,0.0,0
1124703,3.09231,3.09231,3.09231,3.09231,3.09231,3.09231,tcp,0.0,0.0,cs0,cs0,53.0,64.0,11.0,0.0,Start,6,3,3,384,222,162,74.0,54.0,662.288086,382.885284,279.402771,0,0,0,0.0,0.0,0.0,1.616914,0.646766,0.646766,RST,16776960.0,0.0,,,0.0,0.0,0.0,0
1126286,0.0,0.0,0.0,0.0,0.0,0.0,udp,0.0,,cs0,,249.0,,7.0,,Start,1,1,0,74,74,0,74.0,0.0,0.0,0.0,0.0,0,0,0,0.0,,,0.0,0.0,0.0,INT,,,610.0,,0.0,0.0,0.0,0
1126295,0.063356,0.063356,0.063356,0.063356,0.063356,0.063356,tcp,0.0,0.0,cs0,cs0,64.0,117.0,0.0,11.0,Status,92,19,73,107369,3623,103746,190.684204,1421.178101,13354125.0,433486.9688,12920639.0,0,0,0,0.0,0.0,0.0,1436.328125,284.108856,1136.435425,CON,875008.0,218624.0,,,0.038956,0.020581,0.018375,0
1126336,0.0,0.0,0.0,0.0,0.0,0.0,udp,0.0,,cs0,,249.0,,7.0,,Start,1,1,0,74,74,0,74.0,0.0,0.0,0.0,0.0,0,0,0,0.0,,,0.0,0.0,0.0,INT,,,610.0,,0.0,0.0,0.0,0
1126462,0.0,0.0,0.0,0.0,0.0,0.0,udp,0.0,,cs0,,249.0,,7.0,,Start,1,1,0,74,74,0,74.0,0.0,0.0,0.0,0.0,0,0,0,0.0,,,0.0,0.0,0.0,INT,,,610.0,,0.0,0.0,0.0,0
1126542,4.974859,4.974859,4.974859,4.974859,4.974859,4.974859,tcp,0.0,0.0,cs0,cs0,64.0,117.0,0.0,11.0,Status,151,27,124,179807,3356,176451,124.296295,1422.991943,286658.9688,5197.333008,281461.625,0,0,0,0.0,0.0,0.0,30.151608,5.226278,24.724318,CON,1162240.0,268544.0,,,0.035881,0.020743,0.015138,0
1128068,0.0,0.0,0.0,0.0,0.0,0.0,udp,0.0,,cs0,,249.0,,7.0,,Start,1,1,0,74,74,0,74.0,0.0,0.0,0.0,0.0,0,0,0,0.0,,,0.0,0.0,0.0,INT,,,610.0,,0.0,0.0,0.0,0
1128112,0.0,0.0,0.0,0.0,0.0,0.0,udp,0.0,,cs0,,249.0,,7.0,,Start,1,1,0,74,74,0,74.0,0.0,0.0,0.0,0.0,0,0,0,0.0,,,0.0,0.0,0.0,INT,,,610.0,,0.0,0.0,0.0,0
1128197,0.0,0.0,0.0,0.0,0.0,0.0,udp,0.0,,cs0,,249.0,,7.0,,Start,1,1,0,74,74,0,74.0,0.0,0.0,0.0,0.0,0,0,0,0.0,,,0.0,0.0,0.0,INT,,,610.0,,0.0,0.0,0.0,0
1128207,0.0,0.0,0.0,0.0,0.0,0.0,udp,0.0,,cs0,,249.0,,7.0,,Start,1,1,0,74,74,0,74.0,0.0,0.0,0.0,0.0,0,0,0,0.0,,,0.0,0.0,0.0,INT,,,610.0,,0.0,0.0,0.0,0
1129917,0.0,0.0,0.0,0.0,0.0,0.0,udp,0.0,,cs0,,249.0,,7.0,,Start,1,1,0,74,74,0,74.0,0.0,0.0,0.0,0.0,0,0,0,0.0,,,0.0,0.0,0.0,INT,,,610.0,,0.0,0.0,0.0,0
1129924,0.0,0.0,0.0,0.0,0.0,0.0,udp,0.0,,cs0,,249.0,,7.0,,Start,1,1,0,74,74,0,74.0,0.0,0.0,0.0,0.0,0,0,0,0.0,,,0.0,0.0,0.0,INT,,,610.0,,0.0,0.0,0.0,0
1130578,0.103614,0.103614,0.103614,0.103614,0.103614,0.103614,tcp,0.0,,cs0,,52.0,,12.0,,Status,2,2,0,148,148,0,74.0,0.0,5713.513672,5713.513672,0.0,2,2,0,50.0,0.0,0.0,9.651205,9.651205,0.0,ACC,16776960.0,,,,0.0,0.0,0.0,0
1131559,0.085465,0.085465,0.085465,0.085465,0.085465,0.085465,tcp,0.0,,cs0,,52.0,,12.0,,Status,2,2,0,148,148,0,74.0,0.0,6926.812012,6926.812012,0.0,2,2,0,50.0,0.0,0.0,11.700696,11.700696,0.0,ACC,16776960.0,,,,0.0,0.0,0.0,0
1131595,0.0,0.0,0.0,0.0,0.0,0.0,udp,0.0,,cs0,,249.0,,7.0,,Start,1,1,0,74,74,0,74.0,0.0,0.0,0.0,0.0,0,0,0,0.0,,,0.0,0.0,0.0,INT,,,610.0,,0.0,0.0,0.0,0
1131689,0.0,0.0,0.0,0.0,0.0,0.0,udp,0.0,,cs0,,249.0,,7.0,,Start,1,1,0,74,74,0,74.0,0.0,0.0,0.0,0.0,0,0,0,0.0,,,0.0,0.0,0.0,INT,,,610.0,,0.0,0.0,0.0,0
1131773,0.0,0.0,0.0,0.0,0.0,0.0,udp,0.0,,cs0,,249.0,,7.0,,Start,1,1,0,74,74,0,74.0,0.0,0.0,0.0,0.0,0,0,0,0.0,,,0.0,0.0,0.0,INT,,,610.0,,0.0,0.0,0.0,0
1131787,0.0,0.0,0.0,0.0,0.0,0.0,udp,0.0,,cs0,,249.0,,7.0,,Start,1,1,0,74,74,0,74.0,0.0,0.0,0.0,0.0,0,0,0,0.0,,,0.0,0.0,0.0,INT,,,610.0,,0.0,0.0,0.0,0
1131810,0.0,0.0,0.0,0.0,0.0,0.0,udp,0.0,,cs0,,249.0,,7.0,,Start,1,1,0,74,74,0,74.0,0.0,0.0,0.0,0.0,0,0,0,0.0,,,0.0,0.0,0.0,INT,,,610.0,,0.0,0.0,0.0,0
1133555,0.0,0.0,0.0,0.0,0.0,0.0,udp,0.0,,cs0,,249.0,,7.0,,Start,1,1,0,74,74,0,74.0,0.0,0.0,0.0,0.0,0,0,0,0.0,,,0.0,0.0,0.0,INT,,,610.0,,0.0,0.0,0.0,0
1133590,0.0,0.0,0.0,0.0,0.0,0.0,udp,0.0,,cs0,,249.0,,7.0,,Start,1,1,0,74,74,0,74.0,0.0,0.0,0.0,0.0,0,0,0,0.0,,,0.0,0.0,0.0,INT,,,610.0,,0.0,0.0,0.0,0
1133591,0.0,0.0,0.0,0.0,0.0,0.0,udp,0.0,,cs0,,249.0,,7.0,,Start,1,1,0,74,74,0,74.0,0.0,0.0,0.0,0.0,0,0,0,0.0,,,0.0,0.0,0.0,INT,,,610.0,,0.0,0.0,0.0,0
1134056,0.133259,0.133259,0.133259,0.133259,0.133259,0.133259,udp,0.0,0.0,cs0,cs0,64.0,53.0,0.0,11.0,Start,21,11,10,6860,2519,4341,229.0,434.100006,372027.4063,137476.6406,234550.7656,0,0,0,0.0,,,150.083679,75.04184,67.537651,CON,,,,,0.0,0.0,0.0,0
1135456,0.0,0.0,0.0,0.0,0.0,0.0,udp,0.0,,cs0,,249.0,,7.0,,Start,1,1,0,74,74,0,74.0,0.0,0.0,0.0,0.0,0,0,0,0.0,,,0.0,0.0,0.0,INT,,,610.0,,0.0,0.0,0.0,0
1135485,0.0,0.0,0.0,0.0,0.0,0.0,udp,0.0,,cs0,,249.0,,7.0,,Start,1,1,0,74,74,0,74.0,0.0,0.0,0.0,0.0,0,0,0,0.0,,,0.0,0.0,0.0,INT,,,610.0,,0.0,0.0,0.0,0
1135551,0.0,0.0,0.0,0.0,0.0,0.0,udp,0.0,,cs0,,249.0,,7.0,,Start,1,1,0,74,74,0,74.0,0.0,0.0,0.0,0.0,0,0,0,0.0,,,0.0,0.0,0.0,INT,,,610.0,,0.0,0.0,0.0,0
1135565,0.0,0.0,0.0,0.0,0.0,0.0,udp,0.0,,cs0,,249.0,,7.0,,Start,1,1,0,74,74,0,74.0,0.0,0.0,0.0,0.0,0,0,0,0.0,,,0.0,0.0,0.0,INT,,,610.0,,0.0,0.0,0.0,0
1135568,0.0,0.0,0.0,0.0,0.0,0.0,udp,0.0,,cs0,,249.0,,7.0,,Start,1,1,0,74,74,0,74.0,0.0,0.0,0.0,0.0,0,0,0,0.0,,,0.0,0.0,0.0,INT,,,610.0,,0.0,0.0,0.0,0
1136201,4.191763,4.191763,4.191763,4.191763,4.191763,4.191763,tcp,0.0,,cs0,,117.0,,11.0,,Status,2,2,0,148,148,0,74.0,0.0,141.229355,141.229355,0.0,2,2,0,50.0,0.0,0.0,0.238563,0.238563,0.0,ACC,16776960.0,,,,0.0,0.0,0.0,0
1139283,0.0,0.0,0.0,0.0,0.0,0.0,udp,0.0,,cs0,,249.0,,7.0,,Start,1,1,0,74,74,0,74.0,0.0,0.0,0.0,0.0,0,0,0,0.0,,,0.0,0.0,0.0,INT,,,610.0,,0.0,0.0,0.0,0
1139289,4.969893,4.969893,4.969893,4.969893,4.969893,4.969893,udp,0.0,,cs0,,249.0,,7.0,,Start,2,2,0,148,148,0,74.0,0.0,119.117256,119.117256,0.0,0,0,0,0.0,,,0.201212,0.201212,0.0,INT,,,610.0,,0.0,0.0,0.0,0
1139294,0.0,0.0,0.0,0.0,0.0,0.0,udp,0.0,,cs0,,249.0,,7.0,,Start,1,1,0,74,74,0,74.0,0.0,0.0,0.0,0.0,0,0,0,0.0,,,0.0,0.0,0.0,INT,,,610.0,,0.0,0.0,0.0,0
1139376,0.0,0.0,0.0,0.0,0.0,0.0,udp,0.0,,cs0,,249.0,,7.0,,Start,1,1,0,74,74,0,74.0,0.0,0.0,0.0,0.0,0,0,0,0.0,,,0.0,0.0,0.0,INT,,,610.0,,0.0,0.0,0.0,0
1139407,0.0,0.0,0.0,0.0,0.0,0.0,udp,0.0,,cs0,,249.0,,7.0,,Start,1,1,0,74,74,0,74.0,0.0,0.0,0.0,0.0,0,0,0,0.0,,,0.0,0.0,0.0,INT,,,610.0,,0.0,0.0,0.0,0
1139419,4.957293,4.957293,4.957293,4.957293,4.957293,4.957293,udp,0.0,,cs0,,249.0,,7.0,,Start,2,2,0,148,148,0,74.0,0.0,119.420013,119.420013,0.0,0,0,0,0.0,,,0.201723,0.201723,0.0,INT,,,610.0,,0.0,0.0,0.0,0
1139428,4.954901,4.954901,4.954901,4.954901,4.954901,4.954901,udp,0.0,,cs0,,249.0,,7.0,,Start,2,2,0,148,148,0,74.0,0.0,119.477661,119.477661,0.0,0,0,0,0.0,,,0.20182,0.20182,0.0,INT,,,610.0,,0.0,0.0,0.0,0
1140637,0.0,0.0,0.0,0.0,0.0,0.0,udp,0.0,,cs0,,249.0,,7.0,,Start,1,1,0,74,74,0,74.0,0.0,0.0,0.0,0.0,0,0,0,0.0,,,0.0,0.0,0.0,INT,,,610.0,,0.0,0.0,0.0,0
1140690,0.0,0.0,0.0,0.0,0.0,0.0,udp,0.0,,cs0,,249.0,,7.0,,Start,1,1,0,74,74,0,74.0,0.0,0.0,0.0,0.0,0,0,0,0.0,,,0.0,0.0,0.0,INT,,,610.0,,0.0,0.0,0.0,0
1140734,0.0,0.0,0.0,0.0,0.0,0.0,udp,0.0,,cs0,,249.0,,7.0,,Start,1,1,0,74,74,0,74.0,0.0,0.0,0.0,0.0,0,0,0,0.0,,,0.0,0.0,0.0,INT,,,610.0,,0.0,0.0,0.0,0
1140755,0.0,0.0,0.0,0.0,0.0,0.0,udp,0.0,,cs0,,249.0,,7.0,,Start,1,1,0,74,74,0,74.0,0.0,0.0,0.0,0.0,0,0,0,0.0,,,0.0,0.0,0.0,INT,,,610.0,,0.0,0.0,0.0,0
1140769,0.0,0.0,0.0,0.0,0.0,0.0,udp,0.0,,cs0,,249.0,,7.0,,Start,1,1,0,74,74,0,74.0,0.0,0.0,0.0,0.0,0,0,0,0.0,,,0.0,0.0,0.0,INT,,,610.0,,0.0,0.0,0.0,0
1140805,0.0,0.0,0.0,0.0,0.0,0.0,udp,0.0,,cs0,,249.0,,7.0,,Start,1,1,0,74,74,0,74.0,0.0,0.0,0.0,0.0,0,0,0,0.0,,,0.0,0.0,0.0,INT,,,610.0,,0.0,0.0,0.0,0
1140843,0.0,0.0,0.0,0.0,0.0,0.0,udp,0.0,,cs0,,249.0,,7.0,,Start,1,1,0,74,74,0,74.0,0.0,0.0,0.0,0.0,0,0,0,0.0,,,0.0,0.0,0.0,INT,,,610.0,,0.0,0.0,0.0,0
1141262,0.080789,0.080789,0.080789,0.080789,0.080789,0.080789,udp,0.0,,cs0,,62.0,,2.0,,Status,1,1,0,338,338,0,338.0,0.0,0.0,0.0,0.0,0,0,0,0.0,,,0.0,0.0,0.0,REQ,,,,,0.0,0.0,0.0,0
1142046,0.0,0.0,0.0,0.0,0.0,0.0,udp,0.0,,cs0,,249.0,,7.0,,Start,1,1,0,74,74,0,74.0,0.0,0.0,0.0,0.0,0,0,0,0.0,,,0.0,0.0,0.0,INT,,,610.0,,0.0,0.0,0.0,0
1142078,0.0,0.0,0.0,0.0,0.0,0.0,udp,0.0,,cs0,,249.0,,7.0,,Start,1,1,0,74,74,0,74.0,0.0,0.0,0.0,0.0,0,0,0,0.0,,,0.0,0.0,0.0,INT,,,610.0,,0.0,0.0,0.0,0
1142108,0.0,0.0,0.0,0.0,0.0,0.0,udp,0.0,,cs0,,249.0,,7.0,,Start,1,1,0,74,74,0,74.0,0.0,0.0,0.0,0.0,0,0,0,0.0,,,0.0,0.0,0.0,INT,,,610.0,,0.0,0.0,0.0,0
1142167,0.0,0.0,0.0,0.0,0.0,0.0,udp,0.0,,cs0,,249.0,,7.0,,Start,1,1,0,74,74,0,74.0,0.0,0.0,0.0,0.0,0,0,0,0.0,,,0.0,0.0,0.0,INT,,,610.0,,0.0,0.0,0.0,0
1142168,0.0,0.0,0.0,0.0,0.0,0.0,udp,0.0,,cs0,,249.0,,7.0,,Start,1,1,0,74,74,0,74.0,0.0,0.0,0.0,0.0,0,0,0,0.0,,,0.0,0.0,0.0,INT,,,610.0,,0.0,0.0,0.0,0
1142171,0.0,0.0,0.0,0.0,0.0,0.0,udp,0.0,,cs0,,249.0,,7.0,,Start,1,1,0,74,74,0,74.0,0.0,0.0,0.0,0.0,0,0,0,0.0,,,0.0,0.0,0.0,INT,,,610.0,,0.0,0.0,0.0,0
1142184,0.0,0.0,0.0,0.0,0.0,0.0,udp,0.0,,cs0,,249.0,,7.0,,Start,1,1,0,74,74,0,74.0,0.0,0.0,0.0,0.0,0,0,0,0.0,,,0.0,0.0,0.0,INT,,,610.0,,0.0,0.0,0.0,0
1142222,0.0,0.0,0.0,0.0,0.0,0.0,udp,0.0,,cs0,,249.0,,7.0,,Start,1,1,0,74,74,0,74.0,0.0,0.0,0.0,0.0,0,0,0,0.0,,,0.0,0.0,0.0,INT,,,610.0,,0.0,0.0,0.0,0
1143320,0.0,0.0,0.0,0.0,0.0,0.0,udp,0.0,,cs0,,249.0,,7.0,,Start,1,1,0,74,74,0,74.0,0.0,0.0,0.0,0.0,0,0,0,0.0,,,0.0,0.0,0.0,INT,,,610.0,,0.0,0.0,0.0,0
1143375,0.0,0.0,0.0,0.0,0.0,0.0,udp,0.0,,cs0,,249.0,,7.0,,Start,1,1,0,74,74,0,74.0,0.0,0.0,0.0,0.0,0,0,0,0.0,,,0.0,0.0,0.0,INT,,,610.0,,0.0,0.0,0.0,0
1143407,0.0,0.0,0.0,0.0,0.0,0.0,udp,0.0,,cs0,,249.0,,7.0,,Start,1,1,0,74,74,0,74.0,0.0,0.0,0.0,0.0,0,0,0,0.0,,,0.0,0.0,0.0,INT,,,610.0,,0.0,0.0,0.0,0
1143433,0.0,0.0,0.0,0.0,0.0,0.0,udp,0.0,,cs0,,249.0,,7.0,,Start,1,1,0,74,74,0,74.0,0.0,0.0,0.0,0.0,0,0,0,0.0,,,0.0,0.0,0.0,INT,,,610.0,,0.0,0.0,0.0,0
1143671,0.061761,0.061761,0.061761,0.061761,0.061761,0.061761,udp,0.0,0.0,cs0,cs0,64.0,117.0,0.0,11.0,Status,5,3,2,666,528,138,176.0,69.0,54532.79688,45595.11719,8937.679688,0,0,0,0.0,,,64.765793,32.382896,16.191448,CON,,,,,0.0,0.0,0.0,0
1144105,0.0,0.0,0.0,0.0,0.0,0.0,tcp,0.0,,cs0,,115.0,,13.0,,Status,1,1,0,74,74,0,74.0,0.0,0.0,0.0,0.0,1,1,0,50.0,0.0,0.0,0.0,0.0,0.0,ACC,16776960.0,,,,0.0,0.0,0.0,0
1144545,0.032228,0.032228,0.032228,0.032228,0.032228,0.032228,tcp,0.0,0.0,cs0,cs0,115.0,64.0,13.0,0.0,Status,2,1,1,128,74,54,74.0,54.0,0.0,0.0,0.0,0,0,0,0.0,0.0,0.0,31.028919,0.0,0.0,RST,16776960.0,0.0,,,0.0,0.0,0.0,0
1144559,0.0,0.0,0.0,0.0,0.0,0.0,udp,0.0,,cs0,,249.0,,7.0,,Start,1,1,0,74,74,0,74.0,0.0,0.0,0.0,0.0,0,0,0,0.0,,,0.0,0.0,0.0,INT,,,610.0,,0.0,0.0,0.0,0
1144627,0.0,0.0,0.0,0.0,0.0,0.0,udp,0.0,,cs0,,249.0,,7.0,,Start,1,1,0,74,74,0,74.0,0.0,0.0,0.0,0.0,0,0,0,0.0,,,0.0,0.0,0.0,INT,,,610.0,,0.0,0.0,0.0,0
1144756,0.0,0.0,0.0,0.0,0.0,0.0,udp,0.0,,cs0,,249.0,,7.0,,Start,1,1,0,74,74,0,74.0,0.0,0.0,0.0,0.0,0,0,0,0.0,,,0.0,0.0,0.0,INT,,,610.0,,0.0,0.0,0.0,0
1145899,0.0,0.0,0.0,0.0,0.0,0.0,udp,0.0,,cs0,,249.0,,7.0,,Start,1,1,0,74,74,0,74.0,0.0,0.0,0.0,0.0,0,0,0,0.0,,,0.0,0.0,0.0,INT,,,610.0,,0.0,0.0,0.0,0
1145908,4.969071,4.969071,4.969071,4.969071,4.969071,4.969071,udp,0.0,,cs0,,249.0,,7.0,,Start,2,2,0,148,148,0,74.0,0.0,119.136963,119.136963,0.0,0,0,0,0.0,,,0.201245,0.201245,0.0,INT,,,610.0,,0.0,0.0,0.0,0
1145917,0.0,0.0,0.0,0.0,0.0,0.0,udp,0.0,,cs0,,249.0,,7.0,,Start,1,1,0,74,74,0,74.0,0.0,0.0,0.0,0.0,0,0,0,0.0,,,0.0,0.0,0.0,INT,,,610.0,,0.0,0.0,0.0,0
1145933,4.877831,4.877831,4.877831,4.877831,4.877831,4.877831,udp,0.0,,cs0,,249.0,,7.0,,Start,2,2,0,148,148,0,74.0,0.0,121.365417,121.365417,0.0,0,0,0,0.0,,,0.205009,0.205009,0.0,INT,,,610.0,,0.0,0.0,0.0,0
1145936,0.0,0.0,0.0,0.0,0.0,0.0,udp,0.0,,cs0,,249.0,,7.0,,Start,1,1,0,74,74,0,74.0,0.0,0.0,0.0,0.0,0,0,0,0.0,,,0.0,0.0,0.0,INT,,,610.0,,0.0,0.0,0.0,0
1145953,0.0,0.0,0.0,0.0,0.0,0.0,udp,0.0,,cs0,,249.0,,7.0,,Start,1,1,0,74,74,0,74.0,0.0,0.0,0.0,0.0,0,0,0,0.0,,,0.0,0.0,0.0,INT,,,610.0,,0.0,0.0,0.0,0
1145984,0.0,0.0,0.0,0.0,0.0,0.0,udp,0.0,,cs0,,249.0,,7.0,,Start,1,1,0,74,74,0,74.0,0.0,0.0,0.0,0.0,0,0,0,0.0,,,0.0,0.0,0.0,INT,,,610.0,,0.0,0.0,0.0,0
1146357,0.0,0.0,0.0,0.0,0.0,0.0,icmp,0.0,,cs0,,58.0,,6.0,,Start,1,1,0,98,98,0,98.0,0.0,0.0,0.0,0.0,0,0,0,0.0,,,0.0,0.0,0.0,ECO,,,,,0.0,0.0,0.0,0
1147078,0.0,0.0,0.0,0.0,0.0,0.0,udp,0.0,,cs0,,249.0,,7.0,,Start,1,1,0,74,74,0,74.0,0.0,0.0,0.0,0.0,0,0,0,0.0,,,0.0,0.0,0.0,INT,,,610.0,,0.0,0.0,0.0,0
1147113,0.0,0.0,0.0,0.0,0.0,0.0,udp,0.0,,cs0,,249.0,,7.0,,Start,1,1,0,74,74,0,74.0,0.0,0.0,0.0,0.0,0,0,0,0.0,,,0.0,0.0,0.0,INT,,,610.0,,0.0,0.0,0.0,0
1148854,0.0,0.0,0.0,0.0,0.0,0.0,tcp,0.0,,cs0,,53.0,,11.0,,Status,1,1,0,74,74,0,74.0,0.0,0.0,0.0,0.0,1,1,0,50.0,0.0,0.0,0.0,0.0,0.0,ACC,16776960.0,,,,0.0,0.0,0.0,0
1148874,0.0,0.0,0.0,0.0,0.0,0.0,udp,0.0,,cs0,,249.0,,7.0,,Start,1,1,0,74,74,0,74.0,0.0,0.0,0.0,0.0,0,0,0,0.0,,,0.0,0.0,0.0,INT,,,610.0,,0.0,0.0,0.0,0
1148927,0.0,0.0,0.0,0.0,0.0,0.0,udp,0.0,,cs0,,249.0,,7.0,,Start,1,1,0,74,74,0,74.0,0.0,0.0,0.0,0.0,0,0,0,0.0,,,0.0,0.0,0.0,INT,,,610.0,,0.0,0.0,0.0,0
1148935,0.0,0.0,0.0,0.0,0.0,0.0,udp,0.0,,cs0,,249.0,,7.0,,Start,1,1,0,74,74,0,74.0,0.0,0.0,0.0,0.0,0,0,0,0.0,,,0.0,0.0,0.0,INT,,,610.0,,0.0,0.0,0.0,0
1148973,0.0,0.0,0.0,0.0,0.0,0.0,udp,0.0,,cs0,,249.0,,7.0,,Start,1,1,0,74,74,0,74.0,0.0,0.0,0.0,0.0,0,0,0,0.0,,,0.0,0.0,0.0,INT,,,610.0,,0.0,0.0,0.0,0
1148999,0.0,0.0,0.0,0.0,0.0,0.0,udp,0.0,,cs0,,249.0,,7.0,,Start,1,1,0,74,74,0,74.0,0.0,0.0,0.0,0.0,0,0,0,0.0,,,0.0,0.0,0.0,INT,,,610.0,,0.0,0.0,0.0,0
1149009,0.0,0.0,0.0,0.0,0.0,0.0,udp,0.0,,cs0,,249.0,,7.0,,Start,1,1,0,74,74,0,74.0,0.0,0.0,0.0,0.0,0,0,0,0.0,,,0.0,0.0,0.0,INT,,,610.0,,0.0,0.0,0.0,0
1149034,0.0,0.0,0.0,0.0,0.0,0.0,udp,0.0,,cs0,,249.0,,7.0,,Start,1,1,0,74,74,0,74.0,0.0,0.0,0.0,0.0,0,0,0,0.0,,,0.0,0.0,0.0,INT,,,610.0,,0.0,0.0,0.0,0
1149075,0.0,0.0,0.0,0.0,0.0,0.0,udp,0.0,,cs0,,249.0,,7.0,,Start,1,1,0,74,74,0,74.0,0.0,0.0,0.0,0.0,0,0,0,0.0,,,0.0,0.0,0.0,INT,,,610.0,,0.0,0.0,0.0,0
1149097,4.949034,4.949034,4.949034,4.949034,4.949034,4.949034,tcp,0.0,,cs0,,53.0,,11.0,,Start,5,5,0,370,370,0,74.0,0.0,478.477203,478.477203,0.0,4,4,0,44.444444,0.0,0.0,0.808239,0.808239,0.0,ACC,16776960.0,,,,0.0,0.0,0.0,0
1150644,0.0,0.0,0.0,0.0,0.0,0.0,icmp,192.0,,cs6,,64.0,,0.0,,Status,1,1,0,378,378,0,378.0,0.0,0.0,0.0,0.0,0,0,0,0.0,,,0.0,0.0,0.0,URP,,,,,0.0,0.0,0.0,0
1150700,0.0,0.0,0.0,0.0,0.0,0.0,udp,0.0,,cs0,,249.0,,7.0,,Start,1,1,0,74,74,0,74.0,0.0,0.0,0.0,0.0,0,0,0,0.0,,,0.0,0.0,0.0,INT,,,610.0,,0.0,0.0,0.0,0
1150722,0.0,0.0,0.0,0.0,0.0,0.0,udp,0.0,,cs0,,249.0,,7.0,,Start,1,1,0,74,74,0,74.0,0.0,0.0,0.0,0.0,0,0,0,0.0,,,0.0,0.0,0.0,INT,,,610.0,,0.0,0.0,0.0,0
1150759,0.0,0.0,0.0,0.0,0.0,0.0,udp,0.0,,cs0,,249.0,,7.0,,Start,1,1,0,74,74,0,74.0,0.0,0.0,0.0,0.0,0,0,0,0.0,,,0.0,0.0,0.0,INT,,,610.0,,0.0,0.0,0.0,0
1150765,0.0,0.0,0.0,0.0,0.0,0.0,udp,0.0,,cs0,,249.0,,7.0,,Start,1,1,0,74,74,0,74.0,0.0,0.0,0.0,0.0,0,0,0,0.0,,,0.0,0.0,0.0,INT,,,610.0,,0.0,0.0,0.0,0
1150792,0.0,0.0,0.0,0.0,0.0,0.0,udp,0.0,,cs0,,249.0,,7.0,,Start,1,1,0,74,74,0,74.0,0.0,0.0,0.0,0.0,0,0,0,0.0,,,0.0,0.0,0.0,INT,,,610.0,,0.0,0.0,0.0,0
1152394,0.0,0.0,0.0,0.0,0.0,0.0,udp,0.0,,cs0,,249.0,,7.0,,Start,1,1,0,74,74,0,74.0,0.0,0.0,0.0,0.0,0,0,0,0.0,,,0.0,0.0,0.0,INT,,,610.0,,0.0,0.0,0.0,0
1152401,0.0,0.0,0.0,0.0,0.0,0.0,udp,0.0,,cs0,,249.0,,7.0,,Start,1,1,0,74,74,0,74.0,0.0,0.0,0.0,0.0,0,0,0,0.0,,,0.0,0.0,0.0,INT,,,610.0,,0.0,0.0,0.0,0
1152499,0.0,0.0,0.0,0.0,0.0,0.0,udp,0.0,,cs0,,249.0,,7.0,,Start,1,1,0,74,74,0,74.0,0.0,0.0,0.0,0.0,0,0,0,0.0,,,0.0,0.0,0.0,INT,,,610.0,,0.0,0.0,0.0,0
1152559,0.0,0.0,0.0,0.0,0.0,0.0,udp,0.0,,cs0,,249.0,,7.0,,Start,1,1,0,74,74,0,74.0,0.0,0.0,0.0,0.0,0,0,0,0.0,,,0.0,0.0,0.0,INT,,,610.0,,0.0,0.0,0.0,0
1154153,0.0,0.0,0.0,0.0,0.0,0.0,udp,0.0,,cs0,,249.0,,7.0,,Start,1,1,0,74,74,0,74.0,0.0,0.0,0.0,0.0,0,0,0,0.0,,,0.0,0.0,0.0,INT,,,610.0,,0.0,0.0,0.0,0
1154164,0.0,0.0,0.0,0.0,0.0,0.0,udp,0.0,,cs0,,249.0,,7.0,,Start,1,1,0,74,74,0,74.0,0.0,0.0,0.0,0.0,0,0,0,0.0,,,0.0,0.0,0.0,INT,,,610.0,,0.0,0.0,0.0,0
1154191,0.0,0.0,0.0,0.0,0.0,0.0,udp,0.0,,cs0,,249.0,,7.0,,Start,1,1,0,74,74,0,74.0,0.0,0.0,0.0,0.0,0,0,0,0.0,,,0.0,0.0,0.0,INT,,,610.0,,0.0,0.0,0.0,0
1154235,0.0,0.0,0.0,0.0,0.0,0.0,udp,0.0,,cs0,,249.0,,7.0,,Start,1,1,0,74,74,0,74.0,0.0,0.0,0.0,0.0,0,0,0,0.0,,,0.0,0.0,0.0,INT,,,610.0,,0.0,0.0,0.0,0
1155693,0.031598,0.031598,0.031598,0.031598,0.031598,0.031598,tcp,0.0,0.0,cs0,cs0,117.0,64.0,11.0,0.0,Status,2,1,1,128,74,54,74.0,54.0,0.0,0.0,0.0,0,0,0,0.0,0.0,0.0,31.647572,0.0,0.0,RST,16776960.0,0.0,,,0.0,0.0,0.0,0
1156005,0.0,0.0,0.0,0.0,0.0,0.0,udp,0.0,,cs0,,249.0,,7.0,,Start,1,1,0,74,74,0,74.0,0.0,0.0,0.0,0.0,0,0,0,0.0,,,0.0,0.0,0.0,INT,,,610.0,,0.0,0.0,0.0,0
1156009,0.0,0.0,0.0,0.0,0.0,0.0,udp,0.0,,cs0,,249.0,,7.0,,Start,1,1,0,74,74,0,74.0,0.0,0.0,0.0,0.0,0,0,0,0.0,,,0.0,0.0,0.0,INT,,,610.0,,0.0,0.0,0.0,0
1156014,0.0,0.0,0.0,0.0,0.0,0.0,udp,0.0,,cs0,,249.0,,7.0,,Start,1,1,0,74,74,0,74.0,0.0,0.0,0.0,0.0,0,0,0,0.0,,,0.0,0.0,0.0,INT,,,610.0,,0.0,0.0,0.0,0
1156085,0.0,0.0,0.0,0.0,0.0,0.0,udp,0.0,,cs0,,249.0,,7.0,,Start,1,1,0,74,74,0,74.0,0.0,0.0,0.0,0.0,0,0,0,0.0,,,0.0,0.0,0.0,INT,,,610.0,,0.0,0.0,0.0,0
1156127,0.0,0.0,0.0,0.0,0.0,0.0,udp,0.0,,cs0,,249.0,,7.0,,Start,1,1,0,74,74,0,74.0,0.0,0.0,0.0,0.0,0,0,0,0.0,,,0.0,0.0,0.0,INT,,,610.0,,0.0,0.0,0.0,0
1156217,0.300787,0.300787,0.300787,0.300787,0.300787,0.300787,udp,0.0,0.0,cs0,cs0,64.0,53.0,0.0,11.0,Start,23,12,11,12002,7494,4508,624.5,409.818176,291741.3438,182720.6563,109020.6719,0,0,0,0.0,,,73.141457,36.570728,33.246117,CON,,,,,0.0,0.0,0.0,0
1156649,4.997873,4.997873,4.997873,4.997873,4.997873,4.997873,tcp,0.0,,cs0,,117.0,,11.0,,Start,5,5,0,370,370,0,74.0,0.0,473.801575,473.801575,0.0,4,4,0,44.444444,0.0,0.0,0.80034,0.80034,0.0,ACC,16776960.0,,,,0.0,0.0,0.0,0
1156986,2.990094,2.990094,2.990094,2.990094,2.990094,2.990094,tcp,136.0,,af41,,255.0,,1.0,,Start,3,3,0,222,222,0,74.0,0.0,395.974182,395.974182,0.0,2,2,0,40.0,0.0,0.0,0.668875,0.668875,0.0,REQ,3737600.0,,,,0.0,0.0,0.0,0
1158474,0.0,0.0,0.0,0.0,0.0,0.0,udp,0.0,,cs0,,249.0,,7.0,,Start,1,1,0,74,74,0,74.0,0.0,0.0,0.0,0.0,0,0,0,0.0,,,0.0,0.0,0.0,INT,,,610.0,,0.0,0.0,0.0,0
1158530,0.0,0.0,0.0,0.0,0.0,0.0,udp,0.0,,cs0,,249.0,,7.0,,Start,1,1,0,74,74,0,74.0,0.0,0.0,0.0,0.0,0,0,0,0.0,,,0.0,0.0,0.0,INT,,,610.0,,0.0,0.0,0.0,0
1158538,0.0,0.0,0.0,0.0,0.0,0.0,udp,0.0,,cs0,,249.0,,7.0,,Start,1,1,0,74,74,0,74.0,0.0,0.0,0.0,0.0,0,0,0,0.0,,,0.0,0.0,0.0,INT,,,610.0,,0.0,0.0,0.0,0
1159096,0.0,0.0,0.0,0.0,0.0,0.0,udp,0.0,,cs0,,249.0,,7.0,,Start,1,1,0,74,74,0,74.0,0.0,0.0,0.0,0.0,0,0,0,0.0,,,0.0,0.0,0.0,INT,,,610.0,,0.0,0.0,0.0,0
1159173,0.0,0.0,0.0,0.0,0.0,0.0,udp,0.0,,cs0,,249.0,,7.0,,Start,1,1,0,74,74,0,74.0,0.0,0.0,0.0,0.0,0,0,0,0.0,,,0.0,0.0,0.0,INT,,,610.0,,0.0,0.0,0.0,0
1159765,0.036764,0.036764,0.036764,0.036764,0.036764,0.036764,udp,48.0,,af12,,62.0,,2.0,,Start,1,1,0,360,360,0,360.0,0.0,0.0,0.0,0.0,0,0,0,0.0,,,0.0,0.0,0.0,INT,,,,,0.0,0.0,0.0,0
1159781,0.0,0.0,0.0,0.0,0.0,0.0,udp,0.0,,cs0,,249.0,,7.0,,Start,1,1,0,74,74,0,74.0,0.0,0.0,0.0,0.0,0,0,0,0.0,,,0.0,0.0,0.0,INT,,,610.0,,0.0,0.0,0.0,0
1159782,0.0,0.0,0.0,0.0,0.0,0.0,udp,0.0,,cs0,,249.0,,7.0,,Start,1,1,0,74,74,0,74.0,0.0,0.0,0.0,0.0,0,0,0,0.0,,,0.0,0.0,0.0,INT,,,610.0,,0.0,0.0,0.0,0
1159793,0.0,0.0,0.0,0.0,0.0,0.0,udp,0.0,,cs0,,249.0,,7.0,,Start,1,1,0,74,74,0,74.0,0.0,0.0,0.0,0.0,0,0,0,0.0,,,0.0,0.0,0.0,INT,,,610.0,,0.0,0.0,0.0,0
1159800,0.0,0.0,0.0,0.0,0.0,0.0,udp,0.0,,cs0,,249.0,,7.0,,Start,1,1,0,74,74,0,74.0,0.0,0.0,0.0,0.0,0,0,0,0.0,,,0.0,0.0,0.0,INT,,,610.0,,0.0,0.0,0.0,0
1159801,0.0,0.0,0.0,0.0,0.0,0.0,udp,0.0,,cs0,,249.0,,7.0,,Start,1,1,0,74,74,0,74.0,0.0,0.0,0.0,0.0,0,0,0,0.0,,,0.0,0.0,0.0,INT,,,610.0,,0.0,0.0,0.0,0
1159834,0.0,0.0,0.0,0.0,0.0,0.0,udp,0.0,,cs0,,249.0,,7.0,,Start,1,1,0,74,74,0,74.0,0.0,0.0,0.0,0.0,0,0,0,0.0,,,0.0,0.0,0.0,INT,,,610.0,,0.0,0.0,0.0,0
1159835,0.0,0.0,0.0,0.0,0.0,0.0,udp,0.0,,cs0,,249.0,,7.0,,Start,1,1,0,74,74,0,74.0,0.0,0.0,0.0,0.0,0,0,0,0.0,,,0.0,0.0,0.0,INT,,,610.0,,0.0,0.0,0.0,0
1159915,0.0,0.0,0.0,0.0,0.0,0.0,udp,0.0,,cs0,,249.0,,7.0,,Start,1,1,0,74,74,0,74.0,0.0,0.0,0.0,0.0,0,0,0,0.0,,,0.0,0.0,0.0,INT,,,610.0,,0.0,0.0,0.0,0
1159918,0.0,0.0,0.0,0.0,0.0,0.0,udp,0.0,,cs0,,249.0,,7.0,,Start,1,1,0,74,74,0,74.0,0.0,0.0,0.0,0.0,0,0,0,0.0,,,0.0,0.0,0.0,INT,,,610.0,,0.0,0.0,0.0,0
1160486,0.077004,0.077004,0.077004,0.077004,0.077004,0.077004,tcp,0.0,0.0,cs0,cs0,64.0,116.0,0.0,12.0,Start,5,3,2,1947,551,1396,183.666672,698.0,110747.4922,38231.78125,72515.71094,0,0,0,0.0,0.0,0.0,51.945354,25.972677,12.986339,CON,191.0,282.0,,,0.0,0.0,0.0,0
1160578,0.0,0.0,0.0,0.0,0.0,0.0,udp,0.0,,cs0,,249.0,,7.0,,Start,1,1,0,74,74,0,74.0,0.0,0.0,0.0,0.0,0,0,0,0.0,,,0.0,0.0,0.0,INT,,,610.0,,0.0,0.0,0.0,0
1160675,0.0,0.0,0.0,0.0,0.0,0.0,udp,0.0,,cs0,,249.0,,7.0,,Start,1,1,0,74,74,0,74.0,0.0,0.0,0.0,0.0,0,0,0,0.0,,,0.0,0.0,0.0,INT,,,610.0,,0.0,0.0,0.0,0
1160708,0.0,0.0,0.0,0.0,0.0,0.0,icmp,0.0,,cs0,,58.0,,6.0,,Start,1,1,0,98,98,0,98.0,0.0,0.0,0.0,0.0,0,0,0,0.0,,,0.0,0.0,0.0,ECO,,,,,0.0,0.0,0.0,0
1161201,0.0,0.0,0.0,0.0,0.0,0.0,udp,0.0,,cs0,,249.0,,7.0,,Start,1,1,0,74,74,0,74.0,0.0,0.0,0.0,0.0,0,0,0,0.0,,,0.0,0.0,0.0,INT,,,610.0,,0.0,0.0,0.0,0
1161234,0.0,0.0,0.0,0.0,0.0,0.0,udp,0.0,,cs0,,249.0,,7.0,,Start,1,1,0,74,74,0,74.0,0.0,0.0,0.0,0.0,0,0,0,0.0,,,0.0,0.0,0.0,INT,,,610.0,,0.0,0.0,0.0,0
1161272,0.0,0.0,0.0,0.0,0.0,0.0,udp,0.0,,cs0,,249.0,,7.0,,Start,1,1,0,74,74,0,74.0,0.0,0.0,0.0,0.0,0,0,0,0.0,,,0.0,0.0,0.0,INT,,,610.0,,0.0,0.0,0.0,0
1161316,0.0,0.0,0.0,0.0,0.0,0.0,udp,0.0,,cs0,,249.0,,7.0,,Start,1,1,0,74,74,0,74.0,0.0,0.0,0.0,0.0,0,0,0,0.0,,,0.0,0.0,0.0,INT,,,610.0,,0.0,0.0,0.0,0
1161358,0.0,0.0,0.0,0.0,0.0,0.0,udp,0.0,,cs0,,249.0,,7.0,,Start,1,1,0,74,74,0,74.0,0.0,0.0,0.0,0.0,0,0,0,0.0,,,0.0,0.0,0.0,INT,,,610.0,,0.0,0.0,0.0,0
1161791,0.0,0.0,0.0,0.0,0.0,0.0,udp,0.0,,cs0,,249.0,,7.0,,Start,1,1,0,74,74,0,74.0,0.0,0.0,0.0,0.0,0,0,0,0.0,,,0.0,0.0,0.0,INT,,,610.0,,0.0,0.0,0.0,0
1161800,0.0,0.0,0.0,0.0,0.0,0.0,udp,0.0,,cs0,,249.0,,7.0,,Start,1,1,0,74,74,0,74.0,0.0,0.0,0.0,0.0,0,0,0,0.0,,,0.0,0.0,0.0,INT,,,610.0,,0.0,0.0,0.0,0
1161873,0.0,0.0,0.0,0.0,0.0,0.0,udp,0.0,,cs0,,249.0,,7.0,,Start,1,1,0,74,74,0,74.0,0.0,0.0,0.0,0.0,0,0,0,0.0,,,0.0,0.0,0.0,INT,,,610.0,,0.0,0.0,0.0,0
1162042,0.0,0.0,0.0,0.0,0.0,0.0,udp,0.0,,cs0,,249.0,,7.0,,Start,1,1,0,74,74,0,74.0,0.0,0.0,0.0,0.0,0,0,0,0.0,,,0.0,0.0,0.0,INT,,,610.0,,0.0,0.0,0.0,0
1162125,0.0,0.0,0.0,0.0,0.0,0.0,udp,0.0,,cs0,,249.0,,7.0,,Start,1,1,0,74,74,0,74.0,0.0,0.0,0.0,0.0,0,0,0,0.0,,,0.0,0.0,0.0,INT,,,610.0,,0.0,0.0,0.0,0
1162228,0.0,0.0,0.0,0.0,0.0,0.0,udp,0.0,,cs0,,249.0,,7.0,,Start,1,1,0,74,74,0,74.0,0.0,0.0,0.0,0.0,0,0,0,0.0,,,0.0,0.0,0.0,INT,,,610.0,,0.0,0.0,0.0,0
1162254,0.0,0.0,0.0,0.0,0.0,0.0,udp,0.0,,cs0,,249.0,,7.0,,Start,1,1,0,74,74,0,74.0,0.0,0.0,0.0,0.0,0,0,0,0.0,,,0.0,0.0,0.0,INT,,,610.0,,0.0,0.0,0.0,0
1162291,0.0,0.0,0.0,0.0,0.0,0.0,udp,0.0,,cs0,,249.0,,7.0,,Start,1,1,0,74,74,0,74.0,0.0,0.0,0.0,0.0,0,0,0,0.0,,,0.0,0.0,0.0,INT,,,610.0,,0.0,0.0,0.0,0
1162293,0.0,0.0,0.0,0.0,0.0,0.0,udp,0.0,,cs0,,249.0,,7.0,,Start,1,1,0,74,74,0,74.0,0.0,0.0,0.0,0.0,0,0,0,0.0,,,0.0,0.0,0.0,INT,,,610.0,,0.0,0.0,0.0,0
1162324,0.0,0.0,0.0,0.0,0.0,0.0,udp,0.0,,cs0,,249.0,,7.0,,Start,1,1,0,74,74,0,74.0,0.0,0.0,0.0,0.0,0,0,0,0.0,,,0.0,0.0,0.0,INT,,,610.0,,0.0,0.0,0.0,0
1162356,0.0,0.0,0.0,0.0,0.0,0.0,udp,0.0,,cs0,,249.0,,7.0,,Start,1,1,0,74,74,0,74.0,0.0,0.0,0.0,0.0,0,0,0,0.0,,,0.0,0.0,0.0,INT,,,610.0,,0.0,0.0,0.0,0
1162371,0.0,0.0,0.0,0.0,0.0,0.0,udp,0.0,,cs0,,249.0,,7.0,,Start,1,1,0,74,74,0,74.0,0.0,0.0,0.0,0.0,0,0,0,0.0,,,0.0,0.0,0.0,INT,,,610.0,,0.0,0.0,0.0,0
1162375,0.0,0.0,0.0,0.0,0.0,0.0,udp,0.0,,cs0,,249.0,,7.0,,Start,1,1,0,74,74,0,74.0,0.0,0.0,0.0,0.0,0,0,0,0.0,,,0.0,0.0,0.0,INT,,,610.0,,0.0,0.0,0.0,0
1162388,0.0,0.0,0.0,0.0,0.0,0.0,udp,0.0,,cs0,,249.0,,7.0,,Start,1,1,0,74,74,0,74.0,0.0,0.0,0.0,0.0,0,0,0,0.0,,,0.0,0.0,0.0,INT,,,610.0,,0.0,0.0,0.0,0
1162391,0.0,0.0,0.0,0.0,0.0,0.0,udp,0.0,,cs0,,249.0,,7.0,,Start,1,1,0,74,74,0,74.0,0.0,0.0,0.0,0.0,0,0,0,0.0,,,0.0,0.0,0.0,INT,,,610.0,,0.0,0.0,0.0,0
1162515,0.0,0.0,0.0,0.0,0.0,0.0,udp,0.0,,cs0,,249.0,,7.0,,Start,1,1,0,74,74,0,74.0,0.0,0.0,0.0,0.0,0,0,0,0.0,,,0.0,0.0,0.0,INT,,,610.0,,0.0,0.0,0.0,0
1162557,3.051177,3.051177,3.051177,3.051177,3.051177,3.051177,tcp,0.0,0.0,cs0,cs0,62.0,64.0,2.0,0.0,Start,6,3,3,384,222,162,74.0,54.0,671.21637,388.046967,283.169403,0,0,0,0.0,0.0,0.0,1.638712,0.655485,0.655485,RST,3706880.0,0.0,,,0.0,0.0,0.0,0
1162572,0.0,0.0,0.0,0.0,0.0,0.0,icmp,192.0,,cs6,,64.0,,0.0,,Status,1,1,0,388,388,0,388.0,0.0,0.0,0.0,0.0,0,0,0,0.0,,,0.0,0.0,0.0,URP,,,,,0.0,0.0,0.0,0
1162594,0.0,0.0,0.0,0.0,0.0,0.0,udp,0.0,,cs0,,249.0,,7.0,,Start,1,1,0,74,74,0,74.0,0.0,0.0,0.0,0.0,0,0,0,0.0,,,0.0,0.0,0.0,INT,,,610.0,,0.0,0.0,0.0,0
1162692,0.0,0.0,0.0,0.0,0.0,0.0,udp,0.0,,cs0,,249.0,,7.0,,Start,1,1,0,74,74,0,74.0,0.0,0.0,0.0,0.0,0,0,0,0.0,,,0.0,0.0,0.0,INT,,,610.0,,0.0,0.0,0.0,0
1162762,0.0,0.0,0.0,0.0,0.0,0.0,udp,0.0,,cs0,,249.0,,7.0,,Start,1,1,0,74,74,0,74.0,0.0,0.0,0.0,0.0,0,0,0,0.0,,,0.0,0.0,0.0,INT,,,610.0,,0.0,0.0,0.0,0
1162825,0.0,0.0,0.0,0.0,0.0,0.0,udp,0.0,,cs0,,249.0,,7.0,,Start,1,1,0,74,74,0,74.0,0.0,0.0,0.0,0.0,0,0,0,0.0,,,0.0,0.0,0.0,INT,,,610.0,,0.0,0.0,0.0,0
1162987,0.0,0.0,0.0,0.0,0.0,0.0,udp,0.0,,cs0,,249.0,,7.0,,Start,1,1,0,74,74,0,74.0,0.0,0.0,0.0,0.0,0,0,0,0.0,,,0.0,0.0,0.0,INT,,,610.0,,0.0,0.0,0.0,0
1163069,0.0,0.0,0.0,0.0,0.0,0.0,udp,0.0,,cs0,,249.0,,7.0,,Start,1,1,0,74,74,0,74.0,0.0,0.0,0.0,0.0,0,0,0,0.0,,,0.0,0.0,0.0,INT,,,610.0,,0.0,0.0,0.0,0
1163099,0.0,0.0,0.0,0.0,0.0,0.0,udp,0.0,,cs0,,249.0,,7.0,,Start,1,1,0,74,74,0,74.0,0.0,0.0,0.0,0.0,0,0,0,0.0,,,0.0,0.0,0.0,INT,,,610.0,,0.0,0.0,0.0,0
1163131,0.0,0.0,0.0,0.0,0.0,0.0,udp,0.0,,cs0,,249.0,,7.0,,Start,1,1,0,74,74,0,74.0,0.0,0.0,0.0,0.0,0,0,0,0.0,,,0.0,0.0,0.0,INT,,,610.0,,0.0,0.0,0.0,0
1163194,0.0,0.0,0.0,0.0,0.0,0.0,udp,0.0,,cs0,,249.0,,7.0,,Start,1,1,0,74,74,0,74.0,0.0,0.0,0.0,0.0,0,0,0,0.0,,,0.0,0.0,0.0,INT,,,610.0,,0.0,0.0,0.0,0
1163266,0.0,0.0,0.0,0.0,0.0,0.0,udp,0.0,,cs0,,249.0,,7.0,,Start,1,1,0,74,74,0,74.0,0.0,0.0,0.0,0.0,0,0,0,0.0,,,0.0,0.0,0.0,INT,,,610.0,,0.0,0.0,0.0,0
1163267,0.0,0.0,0.0,0.0,0.0,0.0,udp,0.0,,cs0,,249.0,,7.0,,Start,1,1,0,74,74,0,74.0,0.0,0.0,0.0,0.0,0,0,0,0.0,,,0.0,0.0,0.0,INT,,,610.0,,0.0,0.0,0.0,0
1163276,0.0,0.0,0.0,0.0,0.0,0.0,udp,0.0,,cs0,,249.0,,7.0,,Start,1,1,0,74,74,0,74.0,0.0,0.0,0.0,0.0,0,0,0,0.0,,,0.0,0.0,0.0,INT,,,610.0,,0.0,0.0,0.0,0
1163279,0.0,0.0,0.0,0.0,0.0,0.0,udp,0.0,,cs0,,249.0,,7.0,,Start,1,1,0,74,74,0,74.0,0.0,0.0,0.0,0.0,0,0,0,0.0,,,0.0,0.0,0.0,INT,,,610.0,,0.0,0.0,0.0,0
1163415,0.0,0.0,0.0,0.0,0.0,0.0,udp,0.0,,cs0,,249.0,,7.0,,Start,1,1,0,74,74,0,74.0,0.0,0.0,0.0,0.0,0,0,0,0.0,,,0.0,0.0,0.0,INT,,,610.0,,0.0,0.0,0.0,0
1163452,0.0,0.0,0.0,0.0,0.0,0.0,udp,0.0,,cs0,,249.0,,7.0,,Start,1,1,0,74,74,0,74.0,0.0,0.0,0.0,0.0,0,0,0,0.0,,,0.0,0.0,0.0,INT,,,610.0,,0.0,0.0,0.0,0
1163456,0.0,0.0,0.0,0.0,0.0,0.0,udp,0.0,,cs0,,249.0,,7.0,,Start,1,1,0,74,74,0,74.0,0.0,0.0,0.0,0.0,0,0,0,0.0,,,0.0,0.0,0.0,INT,,,610.0,,0.0,0.0,0.0,0
1163489,0.0,0.0,0.0,0.0,0.0,0.0,udp,0.0,,cs0,,249.0,,7.0,,Start,1,1,0,74,74,0,74.0,0.0,0.0,0.0,0.0,0,0,0,0.0,,,0.0,0.0,0.0,INT,,,610.0,,0.0,0.0,0.0,0
1163520,0.0,0.0,0.0,0.0,0.0,0.0,tcp,0.0,,cs0,,53.0,,11.0,,Status,1,1,0,74,74,0,74.0,0.0,0.0,0.0,0.0,1,1,0,50.0,0.0,0.0,0.0,0.0,0.0,ACC,16776960.0,,,,0.0,0.0,0.0,0
1163521,0.0,0.0,0.0,0.0,0.0,0.0,tcp,0.0,,cs0,,115.0,,13.0,,Status,1,1,0,74,74,0,74.0,0.0,0.0,0.0,0.0,1,1,0,50.0,0.0,0.0,0.0,0.0,0.0,ACC,16776960.0,,,,0.0,0.0,0.0,0
1163596,0.0,0.0,0.0,0.0,0.0,0.0,udp,0.0,,cs0,,249.0,,7.0,,Start,1,1,0,74,74,0,74.0,0.0,0.0,0.0,0.0,0,0,0,0.0,,,0.0,0.0,0.0,INT,,,610.0,,0.0,0.0,0.0,0
1163701,0.0,0.0,0.0,0.0,0.0,0.0,udp,0.0,,cs0,,249.0,,7.0,,Start,1,1,0,74,74,0,74.0,0.0,0.0,0.0,0.0,0,0,0,0.0,,,0.0,0.0,0.0,INT,,,610.0,,0.0,0.0,0.0,0
1163764,0.0,0.0,0.0,0.0,0.0,0.0,udp,0.0,,cs0,,62.0,,2.0,,Status,1,1,0,360,360,0,360.0,0.0,0.0,0.0,0.0,0,0,0,0.0,,,0.0,0.0,0.0,REQ,,,,,0.0,0.0,0.0,0
1163820,0.0,0.0,0.0,0.0,0.0,0.0,udp,0.0,,cs0,,249.0,,7.0,,Start,1,1,0,74,74,0,74.0,0.0,0.0,0.0,0.0,0,0,0,0.0,,,0.0,0.0,0.0,INT,,,610.0,,0.0,0.0,0.0,0
1163881,0.0,0.0,0.0,0.0,0.0,0.0,udp,0.0,,cs0,,249.0,,7.0,,Start,1,1,0,74,74,0,74.0,0.0,0.0,0.0,0.0,0,0,0,0.0,,,0.0,0.0,0.0,INT,,,610.0,,0.0,0.0,0.0,0
1163901,0.0,0.0,0.0,0.0,0.0,0.0,udp,0.0,,cs0,,249.0,,7.0,,Start,1,1,0,74,74,0,74.0,0.0,0.0,0.0,0.0,0,0,0,0.0,,,0.0,0.0,0.0,INT,,,610.0,,0.0,0.0,0.0,0
1163911,0.0,0.0,0.0,0.0,0.0,0.0,udp,0.0,,cs0,,249.0,,7.0,,Start,1,1,0,74,74,0,74.0,0.0,0.0,0.0,0.0,0,0,0,0.0,,,0.0,0.0,0.0,INT,,,610.0,,0.0,0.0,0.0,0
1163920,0.0,0.0,0.0,0.0,0.0,0.0,udp,0.0,,cs0,,249.0,,7.0,,Start,1,1,0,74,74,0,74.0,0.0,0.0,0.0,0.0,0,0,0,0.0,,,0.0,0.0,0.0,INT,,,610.0,,0.0,0.0,0.0,0
1163933,0.0,0.0,0.0,0.0,0.0,0.0,udp,0.0,,cs0,,249.0,,7.0,,Start,1,1,0,74,74,0,74.0,0.0,0.0,0.0,0.0,0,0,0,0.0,,,0.0,0.0,0.0,INT,,,610.0,,0.0,0.0,0.0,0
1164038,0.0,0.0,0.0,0.0,0.0,0.0,udp,0.0,,cs0,,249.0,,7.0,,Start,1,1,0,74,74,0,74.0,0.0,0.0,0.0,0.0,0,0,0,0.0,,,0.0,0.0,0.0,INT,,,610.0,,0.0,0.0,0.0,0
1164074,0.0,0.0,0.0,0.0,0.0,0.0,udp,0.0,,cs0,,249.0,,7.0,,Start,1,1,0,74,74,0,74.0,0.0,0.0,0.0,0.0,0,0,0,0.0,,,0.0,0.0,0.0,INT,,,610.0,,0.0,0.0,0.0,0
1164153,0.0,0.0,0.0,0.0,0.0,0.0,udp,0.0,,cs0,,249.0,,7.0,,Start,1,1,0,74,74,0,74.0,0.0,0.0,0.0,0.0,0,0,0,0.0,,,0.0,0.0,0.0,INT,,,610.0,,0.0,0.0,0.0,0
1164204,0.0,0.0,0.0,0.0,0.0,0.0,udp,0.0,,cs0,,249.0,,7.0,,Start,1,1,0,74,74,0,74.0,0.0,0.0,0.0,0.0,0,0,0,0.0,,,0.0,0.0,0.0,INT,,,610.0,,0.0,0.0,0.0,0
1164219,0.0,0.0,0.0,0.0,0.0,0.0,tcp,0.0,,cs0,,52.0,,12.0,,Status,1,1,0,74,74,0,74.0,0.0,0.0,0.0,0.0,1,1,0,50.0,0.0,0.0,0.0,0.0,0.0,ACC,16776960.0,,,,0.0,0.0,0.0,0
1164222,0.0,0.0,0.0,0.0,0.0,0.0,tcp,0.0,,cs0,,53.0,,11.0,,Status,1,1,0,74,74,0,74.0,0.0,0.0,0.0,0.0,1,1,0,50.0,0.0,0.0,0.0,0.0,0.0,ACC,16776960.0,,,,0.0,0.0,0.0,0
1164247,0.0,0.0,0.0,0.0,0.0,0.0,udp,0.0,,cs0,,249.0,,7.0,,Start,1,1,0,74,74,0,74.0,0.0,0.0,0.0,0.0,0,0,0,0.0,,,0.0,0.0,0.0,INT,,,610.0,,0.0,0.0,0.0,0
1164252,0.085564,0.085564,0.085564,0.085564,0.085564,0.085564,tcp,0.0,0.0,cs0,cs0,64.0,117.0,0.0,11.0,Status,35,7,28,36747,2831,33916,404.428558,1211.285767,3284745.75,226917.8594,3057828.0,0,0,0,0.0,0.0,0.0,397.363373,70.122948,315.553253,CON,741888.0,370432.0,,,0.038956,0.02081,0.018146,0
1164264,0.0,0.0,0.0,0.0,0.0,0.0,udp,0.0,,cs0,,249.0,,7.0,,Start,1,1,0,74,74,0,74.0,0.0,0.0,0.0,0.0,0,0,0,0.0,,,0.0,0.0,0.0,INT,,,610.0,,0.0,0.0,0.0,0
1164305,0.0,0.0,0.0,0.0,0.0,0.0,udp,0.0,,cs0,,249.0,,7.0,,Start,1,1,0,74,74,0,74.0,0.0,0.0,0.0,0.0,0,0,0,0.0,,,0.0,0.0,0.0,INT,,,610.0,,0.0,0.0,0.0,0
1164311,0.0,0.0,0.0,0.0,0.0,0.0,udp,0.0,,cs0,,249.0,,7.0,,Start,1,1,0,74,74,0,74.0,0.0,0.0,0.0,0.0,0,0,0,0.0,,,0.0,0.0,0.0,INT,,,610.0,,0.0,0.0,0.0,0
1164324,0.0,0.0,0.0,0.0,0.0,0.0,udp,0.0,,cs0,,249.0,,7.0,,Start,1,1,0,74,74,0,74.0,0.0,0.0,0.0,0.0,0,0,0,0.0,,,0.0,0.0,0.0,INT,,,610.0,,0.0,0.0,0.0,0
1164344,0.0,0.0,0.0,0.0,0.0,0.0,udp,0.0,,cs0,,249.0,,7.0,,Start,1,1,0,74,74,0,74.0,0.0,0.0,0.0,0.0,0,0,0,0.0,,,0.0,0.0,0.0,INT,,,610.0,,0.0,0.0,0.0,0
1164420,0.0,0.0,0.0,0.0,0.0,0.0,udp,0.0,,cs0,,249.0,,7.0,,Start,1,1,0,74,74,0,74.0,0.0,0.0,0.0,0.0,0,0,0,0.0,,,0.0,0.0,0.0,INT,,,610.0,,0.0,0.0,0.0,0
1164530,0.0,0.0,0.0,0.0,0.0,0.0,udp,0.0,,cs0,,249.0,,7.0,,Start,1,1,0,74,74,0,74.0,0.0,0.0,0.0,0.0,0,0,0,0.0,,,0.0,0.0,0.0,INT,,,610.0,,0.0,0.0,0.0,0
1164544,0.0,0.0,0.0,0.0,0.0,0.0,udp,0.0,,cs0,,249.0,,7.0,,Start,1,1,0,74,74,0,74.0,0.0,0.0,0.0,0.0,0,0,0,0.0,,,0.0,0.0,0.0,INT,,,610.0,,0.0,0.0,0.0,0
1164560,0.0,0.0,0.0,0.0,0.0,0.0,udp,0.0,,cs0,,249.0,,7.0,,Start,1,1,0,74,74,0,74.0,0.0,0.0,0.0,0.0,0,0,0,0.0,,,0.0,0.0,0.0,INT,,,610.0,,0.0,0.0,0.0,0
1164565,0.0,0.0,0.0,0.0,0.0,0.0,udp,0.0,,cs0,,249.0,,7.0,,Start,1,1,0,74,74,0,74.0,0.0,0.0,0.0,0.0,0,0,0,0.0,,,0.0,0.0,0.0,INT,,,610.0,,0.0,0.0,0.0,0
1164578,0.0,0.0,0.0,0.0,0.0,0.0,udp,0.0,,cs0,,249.0,,7.0,,Start,1,1,0,74,74,0,74.0,0.0,0.0,0.0,0.0,0,0,0,0.0,,,0.0,0.0,0.0,INT,,,610.0,,0.0,0.0,0.0,0
1164579,0.0,0.0,0.0,0.0,0.0,0.0,udp,0.0,,cs0,,249.0,,7.0,,Start,1,1,0,74,74,0,74.0,0.0,0.0,0.0,0.0,0,0,0,0.0,,,0.0,0.0,0.0,INT,,,610.0,,0.0,0.0,0.0,0
1164583,0.0,0.0,0.0,0.0,0.0,0.0,udp,0.0,,cs0,,249.0,,7.0,,Start,1,1,0,74,74,0,74.0,0.0,0.0,0.0,0.0,0,0,0,0.0,,,0.0,0.0,0.0,INT,,,610.0,,0.0,0.0,0.0,0
1164641,0.0,0.0,0.0,0.0,0.0,0.0,icmp,0.0,,cs0,,58.0,,6.0,,Start,1,1,0,98,98,0,98.0,0.0,0.0,0.0,0.0,0,0,0,0.0,,,0.0,0.0,0.0,ECO,,,,,0.0,0.0,0.0,0
1164676,2.124614,2.124614,2.124614,2.124614,2.124614,2.124614,tcp,0.0,,cs0,,115.0,,13.0,,Status,2,2,0,148,148,0,74.0,0.0,278.638855,278.638855,0.0,2,2,0,50.0,0.0,0.0,0.470674,0.470674,0.0,ACC,16776960.0,,,,0.0,0.0,0.0,0
1164684,0.0,0.0,0.0,0.0,0.0,0.0,udp,0.0,,cs0,,249.0,,7.0,,Start,1,1,0,74,74,0,74.0,0.0,0.0,0.0,0.0,0,0,0,0.0,,,0.0,0.0,0.0,INT,,,610.0,,0.0,0.0,0.0,0
1164781,0.0,0.0,0.0,0.0,0.0,0.0,udp,0.0,,cs0,,249.0,,7.0,,Start,1,1,0,74,74,0,74.0,0.0,0.0,0.0,0.0,0,0,0,0.0,,,0.0,0.0,0.0,INT,,,610.0,,0.0,0.0,0.0,0
1164783,0.0,0.0,0.0,0.0,0.0,0.0,udp,0.0,,cs0,,249.0,,7.0,,Start,1,1,0,74,74,0,74.0,0.0,0.0,0.0,0.0,0,0,0,0.0,,,0.0,0.0,0.0,INT,,,610.0,,0.0,0.0,0.0,0
1164793,0.0,0.0,0.0,0.0,0.0,0.0,udp,0.0,,cs0,,249.0,,7.0,,Start,1,1,0,74,74,0,74.0,0.0,0.0,0.0,0.0,0,0,0,0.0,,,0.0,0.0,0.0,INT,,,610.0,,0.0,0.0,0.0,0
1164914,0.0,0.0,0.0,0.0,0.0,0.0,udp,0.0,,cs0,,249.0,,7.0,,Start,1,1,0,74,74,0,74.0,0.0,0.0,0.0,0.0,0,0,0,0.0,,,0.0,0.0,0.0,INT,,,610.0,,0.0,0.0,0.0,0
1164942,0.0,0.0,0.0,0.0,0.0,0.0,udp,0.0,,cs0,,249.0,,7.0,,Start,1,1,0,74,74,0,74.0,0.0,0.0,0.0,0.0,0,0,0,0.0,,,0.0,0.0,0.0,INT,,,610.0,,0.0,0.0,0.0,0
1164993,0.0,0.0,0.0,0.0,0.0,0.0,udp,0.0,,cs0,,249.0,,7.0,,Start,1,1,0,74,74,0,74.0,0.0,0.0,0.0,0.0,0,0,0,0.0,,,0.0,0.0,0.0,INT,,,610.0,,0.0,0.0,0.0,0
1165025,0.0,0.0,0.0,0.0,0.0,0.0,udp,0.0,,cs0,,249.0,,7.0,,Start,1,1,0,74,74,0,74.0,0.0,0.0,0.0,0.0,0,0,0,0.0,,,0.0,0.0,0.0,INT,,,610.0,,0.0,0.0,0.0,0
1165053,0.0,0.0,0.0,0.0,0.0,0.0,udp,0.0,,cs0,,249.0,,7.0,,Start,1,1,0,74,74,0,74.0,0.0,0.0,0.0,0.0,0,0,0,0.0,,,0.0,0.0,0.0,INT,,,610.0,,0.0,0.0,0.0,0
1165075,0.0,0.0,0.0,0.0,0.0,0.0,icmp,0.0,,cs0,,58.0,,6.0,,Start,1,1,0,98,98,0,98.0,0.0,0.0,0.0,0.0,0,0,0,0.0,,,0.0,0.0,0.0,ECO,,,,,0.0,0.0,0.0,0
1165085,0.095139,0.095139,0.095139,0.095139,0.095139,0.095139,tcp,0.0,0.0,cs0,cs0,115.0,64.0,13.0,0.0,Status,2,1,1,128,74,54,74.0,54.0,0.0,0.0,0.0,0,0,0,0.0,0.0,0.0,10.510937,0.0,0.0,RST,16776960.0,0.0,,,0.0,0.0,0.0,0
1165114,0.0,0.0,0.0,0.0,0.0,0.0,udp,0.0,,cs0,,249.0,,7.0,,Start,1,1,0,74,74,0,74.0,0.0,0.0,0.0,0.0,0,0,0,0.0,,,0.0,0.0,0.0,INT,,,610.0,,0.0,0.0,0.0,0
1165149,0.0,0.0,0.0,0.0,0.0,0.0,udp,0.0,,cs0,,249.0,,7.0,,Start,1,1,0,74,74,0,74.0,0.0,0.0,0.0,0.0,0,0,0,0.0,,,0.0,0.0,0.0,INT,,,610.0,,0.0,0.0,0.0,0
1165200,0.0,0.0,0.0,0.0,0.0,0.0,udp,0.0,,cs0,,249.0,,7.0,,Start,1,1,0,74,74,0,74.0,0.0,0.0,0.0,0.0,0,0,0,0.0,,,0.0,0.0,0.0,INT,,,610.0,,0.0,0.0,0.0,0
1165226,0.0,0.0,0.0,0.0,0.0,0.0,udp,0.0,,cs0,,249.0,,7.0,,Start,1,1,0,74,74,0,74.0,0.0,0.0,0.0,0.0,0,0,0,0.0,,,0.0,0.0,0.0,INT,,,610.0,,0.0,0.0,0.0,0
1165239,0.0,0.0,0.0,0.0,0.0,0.0,udp,0.0,,cs0,,249.0,,7.0,,Start,1,1,0,74,74,0,74.0,0.0,0.0,0.0,0.0,0,0,0,0.0,,,0.0,0.0,0.0,INT,,,610.0,,0.0,0.0,0.0,0
1165264,3.071872,3.071872,3.071872,3.071872,3.071872,3.071872,tcp,0.0,0.0,cs0,cs0,114.0,64.0,14.0,0.0,Start,6,3,3,384,222,162,74.0,54.0,666.694458,385.432739,281.261719,0,0,0,0.0,0.0,0.0,1.627672,0.651069,0.651069,RST,16776960.0,0.0,,,0.0,0.0,0.0,0
1165270,0.0,0.0,0.0,0.0,0.0,0.0,icmp,192.0,,cs6,,64.0,,0.0,,Start,1,1,0,366,366,0,366.0,0.0,0.0,0.0,0.0,0,0,0,0.0,,,0.0,0.0,0.0,URP,,,,,0.0,0.0,0.0,0
1165306,0.0,0.0,0.0,0.0,0.0,0.0,udp,0.0,,cs0,,249.0,,7.0,,Start,1,1,0,74,74,0,74.0,0.0,0.0,0.0,0.0,0,0,0,0.0,,,0.0,0.0,0.0,INT,,,610.0,,0.0,0.0,0.0,0
1165323,0.0,0.0,0.0,0.0,0.0,0.0,udp,0.0,,cs0,,249.0,,7.0,,Start,1,1,0,74,74,0,74.0,0.0,0.0,0.0,0.0,0,0,0,0.0,,,0.0,0.0,0.0,INT,,,610.0,,0.0,0.0,0.0,0
1165377,0.0,0.0,0.0,0.0,0.0,0.0,udp,0.0,,cs0,,249.0,,7.0,,Start,1,1,0,74,74,0,74.0,0.0,0.0,0.0,0.0,0,0,0,0.0,,,0.0,0.0,0.0,INT,,,610.0,,0.0,0.0,0.0,0
1165382,0.0,0.0,0.0,0.0,0.0,0.0,udp,0.0,,cs0,,249.0,,7.0,,Start,1,1,0,74,74,0,74.0,0.0,0.0,0.0,0.0,0,0,0,0.0,,,0.0,0.0,0.0,INT,,,610.0,,0.0,0.0,0.0,0
1165400,0.0,0.0,0.0,0.0,0.0,0.0,udp,0.0,,cs0,,249.0,,7.0,,Start,1,1,0,74,74,0,74.0,0.0,0.0,0.0,0.0,0,0,0,0.0,,,0.0,0.0,0.0,INT,,,610.0,,0.0,0.0,0.0,0
1165487,0.0,0.0,0.0,0.0,0.0,0.0,tcp,0.0,,cs0,,115.0,,13.0,,Status,1,1,0,74,74,0,74.0,0.0,0.0,0.0,0.0,1,1,0,50.0,0.0,0.0,0.0,0.0,0.0,ACC,16776960.0,,,,0.0,0.0,0.0,0
1165515,0.0,0.0,0.0,0.0,0.0,0.0,udp,0.0,,cs0,,249.0,,7.0,,Start,1,1,0,74,74,0,74.0,0.0,0.0,0.0,0.0,0,0,0,0.0,,,0.0,0.0,0.0,INT,,,610.0,,0.0,0.0,0.0,0
1165560,0.0,0.0,0.0,0.0,0.0,0.0,udp,0.0,,cs0,,249.0,,7.0,,Start,1,1,0,74,74,0,74.0,0.0,0.0,0.0,0.0,0,0,0,0.0,,,0.0,0.0,0.0,INT,,,610.0,,0.0,0.0,0.0,0
1165624,0.0,0.0,0.0,0.0,0.0,0.0,udp,0.0,,cs0,,249.0,,7.0,,Start,1,1,0,74,74,0,74.0,0.0,0.0,0.0,0.0,0,0,0,0.0,,,0.0,0.0,0.0,INT,,,610.0,,0.0,0.0,0.0,0
1165648,0.0,0.0,0.0,0.0,0.0,0.0,udp,0.0,,cs0,,249.0,,7.0,,Start,1,1,0,74,74,0,74.0,0.0,0.0,0.0,0.0,0,0,0,0.0,,,0.0,0.0,0.0,INT,,,610.0,,0.0,0.0,0.0,0
1165730,0.0,0.0,0.0,0.0,0.0,0.0,udp,0.0,,cs0,,249.0,,7.0,,Start,1,1,0,74,74,0,74.0,0.0,0.0,0.0,0.0,0,0,0,0.0,,,0.0,0.0,0.0,INT,,,610.0,,0.0,0.0,0.0,0
1165737,0.0,0.0,0.0,0.0,0.0,0.0,udp,0.0,,cs0,,249.0,,7.0,,Start,1,1,0,74,74,0,74.0,0.0,0.0,0.0,0.0,0,0,0,0.0,,,0.0,0.0,0.0,INT,,,610.0,,0.0,0.0,0.0,0
1165749,0.0,0.0,0.0,0.0,0.0,0.0,udp,0.0,,cs0,,249.0,,7.0,,Start,1,1,0,74,74,0,74.0,0.0,0.0,0.0,0.0,0,0,0,0.0,,,0.0,0.0,0.0,INT,,,610.0,,0.0,0.0,0.0,0
1165778,0.0,0.0,0.0,0.0,0.0,0.0,udp,0.0,,cs0,,249.0,,7.0,,Start,1,1,0,74,74,0,74.0,0.0,0.0,0.0,0.0,0,0,0,0.0,,,0.0,0.0,0.0,INT,,,610.0,,0.0,0.0,0.0,0
1165855,0.0,0.0,0.0,0.0,0.0,0.0,udp,0.0,,cs0,,249.0,,7.0,,Start,1,1,0,74,74,0,74.0,0.0,0.0,0.0,0.0,0,0,0,0.0,,,0.0,0.0,0.0,INT,,,610.0,,0.0,0.0,0.0,0
1165895,0.0,0.0,0.0,0.0,0.0,0.0,udp,0.0,,cs0,,249.0,,7.0,,Start,1,1,0,74,74,0,74.0,0.0,0.0,0.0,0.0,0,0,0,0.0,,,0.0,0.0,0.0,INT,,,610.0,,0.0,0.0,0.0,0
1165918,0.0,0.0,0.0,0.0,0.0,0.0,udp,0.0,,cs0,,249.0,,7.0,,Start,1,1,0,74,74,0,74.0,0.0,0.0,0.0,0.0,0,0,0,0.0,,,0.0,0.0,0.0,INT,,,610.0,,0.0,0.0,0.0,0
1165932,0.0,0.0,0.0,0.0,0.0,0.0,udp,0.0,,cs0,,249.0,,7.0,,Start,1,1,0,74,74,0,74.0,0.0,0.0,0.0,0.0,0,0,0,0.0,,,0.0,0.0,0.0,INT,,,610.0,,0.0,0.0,0.0,0
1165980,0.0,0.0,0.0,0.0,0.0,0.0,udp,0.0,,cs0,,249.0,,7.0,,Start,1,1,0,74,74,0,74.0,0.0,0.0,0.0,0.0,0,0,0,0.0,,,0.0,0.0,0.0,INT,,,610.0,,0.0,0.0,0.0,0
1166054,0.0,0.0,0.0,0.0,0.0,0.0,udp,0.0,,cs0,,249.0,,7.0,,Start,1,1,0,74,74,0,74.0,0.0,0.0,0.0,0.0,0,0,0,0.0,,,0.0,0.0,0.0,INT,,,610.0,,0.0,0.0,0.0,0
1166074,0.0,0.0,0.0,0.0,0.0,0.0,udp,0.0,,cs0,,249.0,,7.0,,Start,1,1,0,74,74,0,74.0,0.0,0.0,0.0,0.0,0,0,0,0.0,,,0.0,0.0,0.0,INT,,,610.0,,0.0,0.0,0.0,0
1166081,0.0,0.0,0.0,0.0,0.0,0.0,udp,0.0,,cs0,,249.0,,7.0,,Start,1,1,0,74,74,0,74.0,0.0,0.0,0.0,0.0,0,0,0,0.0,,,0.0,0.0,0.0,INT,,,610.0,,0.0,0.0,0.0,0
1166100,0.0,0.0,0.0,0.0,0.0,0.0,tcp,0.0,,cs0,,115.0,,13.0,,Status,1,1,0,74,74,0,74.0,0.0,0.0,0.0,0.0,1,1,0,50.0,0.0,0.0,0.0,0.0,0.0,ACC,16776960.0,,,,0.0,0.0,0.0,0
1166147,0.0,0.0,0.0,0.0,0.0,0.0,udp,0.0,,cs0,,249.0,,7.0,,Start,1,1,0,74,74,0,74.0,0.0,0.0,0.0,0.0,0,0,0,0.0,,,0.0,0.0,0.0,INT,,,610.0,,0.0,0.0,0.0,0
1166305,0.0,0.0,0.0,0.0,0.0,0.0,udp,0.0,,cs0,,249.0,,7.0,,Start,1,1,0,74,74,0,74.0,0.0,0.0,0.0,0.0,0,0,0,0.0,,,0.0,0.0,0.0,INT,,,610.0,,0.0,0.0,0.0,0
1166334,0.0,0.0,0.0,0.0,0.0,0.0,udp,0.0,,cs0,,249.0,,7.0,,Start,1,1,0,74,74,0,74.0,0.0,0.0,0.0,0.0,0,0,0,0.0,,,0.0,0.0,0.0,INT,,,610.0,,0.0,0.0,0.0,0
1166375,0.0,0.0,0.0,0.0,0.0,0.0,udp,0.0,,cs0,,249.0,,7.0,,Start,1,1,0,74,74,0,74.0,0.0,0.0,0.0,0.0,0,0,0,0.0,,,0.0,0.0,0.0,INT,,,610.0,,0.0,0.0,0.0,0
1166386,4.95929,4.95929,4.95929,4.95929,4.95929,4.95929,tcp,0.0,0.0,cs0,cs0,64.0,117.0,0.0,11.0,Status,71,20,51,75122,3689,71433,184.449997,1400.647095,118626.6563,5654.035156,112972.625,0,0,0,0.0,0.0,0.0,14.114923,3.831193,10.082088,CON,875008.0,268544.0,,,0.038956,0.020581,0.018375,0
1166401,0.0,0.0,0.0,0.0,0.0,0.0,udp,0.0,,cs0,,249.0,,7.0,,Start,1,1,0,74,74,0,74.0,0.0,0.0,0.0,0.0,0,0,0,0.0,,,0.0,0.0,0.0,INT,,,610.0,,0.0,0.0,0.0,0
1166414,0.0,0.0,0.0,0.0,0.0,0.0,udp,0.0,,cs0,,249.0,,7.0,,Start,1,1,0,74,74,0,74.0,0.0,0.0,0.0,0.0,0,0,0,0.0,,,0.0,0.0,0.0,INT,,,610.0,,0.0,0.0,0.0,0
1166557,0.0,0.0,0.0,0.0,0.0,0.0,udp,0.0,,cs0,,249.0,,7.0,,Start,1,1,0,74,74,0,74.0,0.0,0.0,0.0,0.0,0,0,0,0.0,,,0.0,0.0,0.0,INT,,,610.0,,0.0,0.0,0.0,0
1166566,0.0,0.0,0.0,0.0,0.0,0.0,udp,0.0,,cs0,,249.0,,7.0,,Start,1,1,0,74,74,0,74.0,0.0,0.0,0.0,0.0,0,0,0,0.0,,,0.0,0.0,0.0,INT,,,610.0,,0.0,0.0,0.0,0
1166665,0.0,0.0,0.0,0.0,0.0,0.0,udp,0.0,,cs0,,249.0,,7.0,,Start,1,1,0,74,74,0,74.0,0.0,0.0,0.0,0.0,0,0,0,0.0,,,0.0,0.0,0.0,INT,,,610.0,,0.0,0.0,0.0,0
1166729,0.0,0.0,0.0,0.0,0.0,0.0,udp,0.0,,cs0,,249.0,,7.0,,Start,1,1,0,74,74,0,74.0,0.0,0.0,0.0,0.0,0,0,0,0.0,,,0.0,0.0,0.0,INT,,,610.0,,0.0,0.0,0.0,0
1166770,0.0,0.0,0.0,0.0,0.0,0.0,udp,0.0,,cs0,,249.0,,7.0,,Start,1,1,0,74,74,0,74.0,0.0,0.0,0.0,0.0,0,0,0,0.0,,,0.0,0.0,0.0,INT,,,610.0,,0.0,0.0,0.0,0
1166840,0.0,0.0,0.0,0.0,0.0,0.0,udp,0.0,,cs0,,249.0,,7.0,,Start,1,1,0,74,74,0,74.0,0.0,0.0,0.0,0.0,0,0,0,0.0,,,0.0,0.0,0.0,INT,,,610.0,,0.0,0.0,0.0,0
1166859,0.0,0.0,0.0,0.0,0.0,0.0,udp,0.0,,cs0,,249.0,,7.0,,Start,1,1,0,74,74,0,74.0,0.0,0.0,0.0,0.0,0,0,0,0.0,,,0.0,0.0,0.0,INT,,,610.0,,0.0,0.0,0.0,0
1166924,0.0,0.0,0.0,0.0,0.0,0.0,udp,0.0,,cs0,,249.0,,7.0,,Start,1,1,0,74,74,0,74.0,0.0,0.0,0.0,0.0,0,0,0,0.0,,,0.0,0.0,0.0,INT,,,610.0,,0.0,0.0,0.0,0
1166928,0.0,0.0,0.0,0.0,0.0,0.0,udp,0.0,,cs0,,249.0,,7.0,,Start,1,1,0,74,74,0,74.0,0.0,0.0,0.0,0.0,0,0,0,0.0,,,0.0,0.0,0.0,INT,,,610.0,,0.0,0.0,0.0,0
1166941,0.0,0.0,0.0,0.0,0.0,0.0,udp,0.0,,cs0,,249.0,,7.0,,Start,1,1,0,74,74,0,74.0,0.0,0.0,0.0,0.0,0,0,0,0.0,,,0.0,0.0,0.0,INT,,,610.0,,0.0,0.0,0.0,0
1167020,0.0,0.0,0.0,0.0,0.0,0.0,udp,0.0,,cs0,,249.0,,7.0,,Start,1,1,0,74,74,0,74.0,0.0,0.0,0.0,0.0,0,0,0,0.0,,,0.0,0.0,0.0,INT,,,610.0,,0.0,0.0,0.0,0
1167043,0.0,0.0,0.0,0.0,0.0,0.0,udp,0.0,,cs0,,249.0,,7.0,,Start,1,1,0,74,74,0,74.0,0.0,0.0,0.0,0.0,0,0,0,0.0,,,0.0,0.0,0.0,INT,,,610.0,,0.0,0.0,0.0,0
1167083,0.0,0.0,0.0,0.0,0.0,0.0,udp,0.0,,cs0,,249.0,,7.0,,Start,1,1,0,74,74,0,74.0,0.0,0.0,0.0,0.0,0,0,0,0.0,,,0.0,0.0,0.0,INT,,,610.0,,0.0,0.0,0.0,0
1167154,0.0,0.0,0.0,0.0,0.0,0.0,udp,0.0,,cs0,,249.0,,7.0,,Start,1,1,0,74,74,0,74.0,0.0,0.0,0.0,0.0,0,0,0,0.0,,,0.0,0.0,0.0,INT,,,610.0,,0.0,0.0,0.0,0
1167173,0.0,0.0,0.0,0.0,0.0,0.0,udp,0.0,,cs0,,249.0,,7.0,,Start,1,1,0,74,74,0,74.0,0.0,0.0,0.0,0.0,0,0,0,0.0,,,0.0,0.0,0.0,INT,,,610.0,,0.0,0.0,0.0,0
1167233,0.0,0.0,0.0,0.0,0.0,0.0,udp,0.0,,cs0,,249.0,,7.0,,Start,1,1,0,74,74,0,74.0,0.0,0.0,0.0,0.0,0,0,0,0.0,,,0.0,0.0,0.0,INT,,,610.0,,0.0,0.0,0.0,0
1167300,0.0,0.0,0.0,0.0,0.0,0.0,udp,0.0,,cs0,,249.0,,7.0,,Start,1,1,0,74,74,0,74.0,0.0,0.0,0.0,0.0,0,0,0,0.0,,,0.0,0.0,0.0,INT,,,610.0,,0.0,0.0,0.0,0
1167324,0.202159,0.202159,0.202159,0.202159,0.202159,0.202159,udp,0.0,0.0,cs0,cs0,64.0,52.0,0.0,12.0,Start,23,11,12,11980,7379,4601,670.818176,383.416656,432412.0938,265494.0,166918.1094,0,0,0,0.0,,,108.825233,49.466015,54.412617,CON,,,,,0.0,0.0,0.0,0
1167341,0.0,0.0,0.0,0.0,0.0,0.0,udp,0.0,,cs0,,249.0,,7.0,,Start,1,1,0,74,74,0,74.0,0.0,0.0,0.0,0.0,0,0,0,0.0,,,0.0,0.0,0.0,INT,,,610.0,,0.0,0.0,0.0,0
1167355,0.0,0.0,0.0,0.0,0.0,0.0,udp,0.0,,cs0,,249.0,,7.0,,Start,1,1,0,74,74,0,74.0,0.0,0.0,0.0,0.0,0,0,0,0.0,,,0.0,0.0,0.0,INT,,,610.0,,0.0,0.0,0.0,0
1167359,0.0,0.0,0.0,0.0,0.0,0.0,udp,0.0,,cs0,,249.0,,7.0,,Start,1,1,0,74,74,0,74.0,0.0,0.0,0.0,0.0,0,0,0,0.0,,,0.0,0.0,0.0,INT,,,610.0,,0.0,0.0,0.0,0
1167381,0.0,0.0,0.0,0.0,0.0,0.0,udp,0.0,,cs0,,249.0,,7.0,,Start,1,1,0,74,74,0,74.0,0.0,0.0,0.0,0.0,0,0,0,0.0,,,0.0,0.0,0.0,INT,,,610.0,,0.0,0.0,0.0,0
1167466,0.0,0.0,0.0,0.0,0.0,0.0,udp,0.0,,cs0,,249.0,,7.0,,Start,1,1,0,74,74,0,74.0,0.0,0.0,0.0,0.0,0,0,0,0.0,,,0.0,0.0,0.0,INT,,,610.0,,0.0,0.0,0.0,0
1167481,0.0,0.0,0.0,0.0,0.0,0.0,udp,0.0,,cs0,,249.0,,7.0,,Start,1,1,0,74,74,0,74.0,0.0,0.0,0.0,0.0,0,0,0,0.0,,,0.0,0.0,0.0,INT,,,610.0,,0.0,0.0,0.0,0
1167511,0.0,0.0,0.0,0.0,0.0,0.0,udp,0.0,,cs0,,249.0,,7.0,,Start,1,1,0,74,74,0,74.0,0.0,0.0,0.0,0.0,0,0,0,0.0,,,0.0,0.0,0.0,INT,,,610.0,,0.0,0.0,0.0,0
1167584,0.0,0.0,0.0,0.0,0.0,0.0,udp,0.0,,cs0,,249.0,,7.0,,Start,1,1,0,74,74,0,74.0,0.0,0.0,0.0,0.0,0,0,0,0.0,,,0.0,0.0,0.0,INT,,,610.0,,0.0,0.0,0.0,0
1167659,0.0,0.0,0.0,0.0,0.0,0.0,udp,0.0,,cs0,,249.0,,7.0,,Start,1,1,0,74,74,0,74.0,0.0,0.0,0.0,0.0,0,0,0,0.0,,,0.0,0.0,0.0,INT,,,610.0,,0.0,0.0,0.0,0
1167669,0.0,0.0,0.0,0.0,0.0,0.0,udp,0.0,,cs0,,249.0,,7.0,,Start,1,1,0,74,74,0,74.0,0.0,0.0,0.0,0.0,0,0,0,0.0,,,0.0,0.0,0.0,INT,,,610.0,,0.0,0.0,0.0,0
1167715,0.0,0.0,0.0,0.0,0.0,0.0,udp,0.0,,cs0,,249.0,,7.0,,Start,1,1,0,74,74,0,74.0,0.0,0.0,0.0,0.0,0,0,0,0.0,,,0.0,0.0,0.0,INT,,,610.0,,0.0,0.0,0.0,0
1167729,0.0,0.0,0.0,0.0,0.0,0.0,udp,0.0,,cs0,,249.0,,7.0,,Start,1,1,0,74,74,0,74.0,0.0,0.0,0.0,0.0,0,0,0,0.0,,,0.0,0.0,0.0,INT,,,610.0,,0.0,0.0,0.0,0
1167754,0.0,0.0,0.0,0.0,0.0,0.0,udp,0.0,,cs0,,249.0,,7.0,,Start,1,1,0,74,74,0,74.0,0.0,0.0,0.0,0.0,0,0,0,0.0,,,0.0,0.0,0.0,INT,,,610.0,,0.0,0.0,0.0,0
1167757,0.0,0.0,0.0,0.0,0.0,0.0,udp,0.0,,cs0,,249.0,,7.0,,Start,1,1,0,74,74,0,74.0,0.0,0.0,0.0,0.0,0,0,0,0.0,,,0.0,0.0,0.0,INT,,,610.0,,0.0,0.0,0.0,0
1167782,0.0,0.0,0.0,0.0,0.0,0.0,udp,0.0,,cs0,,249.0,,7.0,,Start,1,1,0,74,74,0,74.0,0.0,0.0,0.0,0.0,0,0,0,0.0,,,0.0,0.0,0.0,INT,,,610.0,,0.0,0.0,0.0,0
1167784,0.0,0.0,0.0,0.0,0.0,0.0,udp,0.0,,cs0,,249.0,,7.0,,Start,1,1,0,74,74,0,74.0,0.0,0.0,0.0,0.0,0,0,0,0.0,,,0.0,0.0,0.0,INT,,,610.0,,0.0,0.0,0.0,0
1167870,0.0,0.0,0.0,0.0,0.0,0.0,udp,0.0,,cs0,,249.0,,7.0,,Start,1,1,0,74,74,0,74.0,0.0,0.0,0.0,0.0,0,0,0,0.0,,,0.0,0.0,0.0,INT,,,610.0,,0.0,0.0,0.0,0
1168051,0.0,0.0,0.0,0.0,0.0,0.0,udp,0.0,,cs0,,249.0,,7.0,,Start,1,1,0,74,74,0,74.0,0.0,0.0,0.0,0.0,0,0,0,0.0,,,0.0,0.0,0.0,INT,,,610.0,,0.0,0.0,0.0,0
1168125,0.0,0.0,0.0,0.0,0.0,0.0,udp,0.0,,cs0,,249.0,,7.0,,Start,1,1,0,74,74,0,74.0,0.0,0.0,0.0,0.0,0,0,0,0.0,,,0.0,0.0,0.0,INT,,,610.0,,0.0,0.0,0.0,0
1168165,0.0,0.0,0.0,0.0,0.0,0.0,udp,0.0,,cs0,,249.0,,7.0,,Start,1,1,0,74,74,0,74.0,0.0,0.0,0.0,0.0,0,0,0,0.0,,,0.0,0.0,0.0,INT,,,610.0,,0.0,0.0,0.0,0
1168167,0.0,0.0,0.0,0.0,0.0,0.0,udp,0.0,,cs0,,249.0,,7.0,,Start,1,1,0,74,74,0,74.0,0.0,0.0,0.0,0.0,0,0,0,0.0,,,0.0,0.0,0.0,INT,,,610.0,,0.0,0.0,0.0,0
1168172,0.0,0.0,0.0,0.0,0.0,0.0,udp,0.0,,cs0,,249.0,,7.0,,Start,1,1,0,74,74,0,74.0,0.0,0.0,0.0,0.0,0,0,0,0.0,,,0.0,0.0,0.0,INT,,,610.0,,0.0,0.0,0.0,0
1168177,0.0,0.0,0.0,0.0,0.0,0.0,udp,0.0,,cs0,,249.0,,7.0,,Start,1,1,0,74,74,0,74.0,0.0,0.0,0.0,0.0,0,0,0,0.0,,,0.0,0.0,0.0,INT,,,610.0,,0.0,0.0,0.0,0
1168195,0.0,0.0,0.0,0.0,0.0,0.0,udp,0.0,,cs0,,249.0,,7.0,,Start,1,1,0,74,74,0,74.0,0.0,0.0,0.0,0.0,0,0,0,0.0,,,0.0,0.0,0.0,INT,,,610.0,,0.0,0.0,0.0,0
1168200,0.0,0.0,0.0,0.0,0.0,0.0,udp,0.0,,cs0,,249.0,,7.0,,Start,1,1,0,74,74,0,74.0,0.0,0.0,0.0,0.0,0,0,0,0.0,,,0.0,0.0,0.0,INT,,,610.0,,0.0,0.0,0.0,0
1168250,0.0,0.0,0.0,0.0,0.0,0.0,udp,0.0,,cs0,,249.0,,7.0,,Start,1,1,0,74,74,0,74.0,0.0,0.0,0.0,0.0,0,0,0,0.0,,,0.0,0.0,0.0,INT,,,610.0,,0.0,0.0,0.0,0
1168275,4.954934,4.954934,4.954934,4.954934,4.954934,4.954934,tcp,0.0,0.0,cs0,cs0,64.0,117.0,0.0,11.0,Status,57,4,53,67757,2607,65150,651.75,1229.245239,106361.8594,3158.064209,103203.7969,0,0,0,0.0,0.0,0.0,11.301866,0.605457,10.49459,CON,741888.0,371200.0,,,0.038956,0.02081,0.018146,0
1168298,0.0,0.0,0.0,0.0,0.0,0.0,udp,0.0,,cs0,,249.0,,7.0,,Start,1,1,0,74,74,0,74.0,0.0,0.0,0.0,0.0,0,0,0,0.0,,,0.0,0.0,0.0,INT,,,610.0,,0.0,0.0,0.0,0
1168339,0.0,0.0,0.0,0.0,0.0,0.0,udp,0.0,,cs0,,249.0,,7.0,,Start,1,1,0,74,74,0,74.0,0.0,0.0,0.0,0.0,0,0,0,0.0,,,0.0,0.0,0.0,INT,,,610.0,,0.0,0.0,0.0,0
1168362,0.0,0.0,0.0,0.0,0.0,0.0,udp,0.0,,cs0,,249.0,,7.0,,Start,1,1,0,74,74,0,74.0,0.0,0.0,0.0,0.0,0,0,0,0.0,,,0.0,0.0,0.0,INT,,,610.0,,0.0,0.0,0.0,0
1168381,0.0,0.0,0.0,0.0,0.0,0.0,udp,0.0,,cs0,,249.0,,7.0,,Start,1,1,0,74,74,0,74.0,0.0,0.0,0.0,0.0,0,0,0,0.0,,,0.0,0.0,0.0,INT,,,610.0,,0.0,0.0,0.0,0
1168450,0.0,0.0,0.0,0.0,0.0,0.0,udp,0.0,,cs0,,249.0,,7.0,,Start,1,1,0,74,74,0,74.0,0.0,0.0,0.0,0.0,0,0,0,0.0,,,0.0,0.0,0.0,INT,,,610.0,,0.0,0.0,0.0,0
1168455,0.0,0.0,0.0,0.0,0.0,0.0,udp,0.0,,cs0,,249.0,,7.0,,Start,1,1,0,74,74,0,74.0,0.0,0.0,0.0,0.0,0,0,0,0.0,,,0.0,0.0,0.0,INT,,,610.0,,0.0,0.0,0.0,0
1168457,0.0,0.0,0.0,0.0,0.0,0.0,udp,0.0,,cs0,,249.0,,7.0,,Start,1,1,0,74,74,0,74.0,0.0,0.0,0.0,0.0,0,0,0,0.0,,,0.0,0.0,0.0,INT,,,610.0,,0.0,0.0,0.0,0
1168579,0.0,0.0,0.0,0.0,0.0,0.0,udp,0.0,,cs0,,249.0,,7.0,,Start,1,1,0,74,74,0,74.0,0.0,0.0,0.0,0.0,0,0,0,0.0,,,0.0,0.0,0.0,INT,,,610.0,,0.0,0.0,0.0,0
1168626,0.0,0.0,0.0,0.0,0.0,0.0,udp,0.0,,cs0,,249.0,,7.0,,Start,1,1,0,74,74,0,74.0,0.0,0.0,0.0,0.0,0,0,0,0.0,,,0.0,0.0,0.0,INT,,,610.0,,0.0,0.0,0.0,0
1168702,0.0,0.0,0.0,0.0,0.0,0.0,udp,0.0,,cs0,,249.0,,7.0,,Start,1,1,0,74,74,0,74.0,0.0,0.0,0.0,0.0,0,0,0,0.0,,,0.0,0.0,0.0,INT,,,610.0,,0.0,0.0,0.0,0
1168963,0.0,0.0,0.0,0.0,0.0,0.0,udp,0.0,,cs0,,249.0,,7.0,,Start,1,1,0,74,74,0,74.0,0.0,0.0,0.0,0.0,0,0,0,0.0,,,0.0,0.0,0.0,INT,,,610.0,,0.0,0.0,0.0,0
1168978,0.0,0.0,0.0,0.0,0.0,0.0,udp,0.0,,cs0,,249.0,,7.0,,Start,1,1,0,74,74,0,74.0,0.0,0.0,0.0,0.0,0,0,0,0.0,,,0.0,0.0,0.0,INT,,,610.0,,0.0,0.0,0.0,0
1169046,0.0,0.0,0.0,0.0,0.0,0.0,udp,0.0,,cs0,,249.0,,7.0,,Start,1,1,0,74,74,0,74.0,0.0,0.0,0.0,0.0,0,0,0,0.0,,,0.0,0.0,0.0,INT,,,610.0,,0.0,0.0,0.0,0
1169074,0.0,0.0,0.0,0.0,0.0,0.0,udp,0.0,,cs0,,249.0,,7.0,,Start,1,1,0,74,74,0,74.0,0.0,0.0,0.0,0.0,0,0,0,0.0,,,0.0,0.0,0.0,INT,,,610.0,,0.0,0.0,0.0,0
1169075,0.0,0.0,0.0,0.0,0.0,0.0,udp,0.0,,cs0,,249.0,,7.0,,Start,1,1,0,74,74,0,74.0,0.0,0.0,0.0,0.0,0,0,0,0.0,,,0.0,0.0,0.0,INT,,,610.0,,0.0,0.0,0.0,0
1169136,0.0,0.0,0.0,0.0,0.0,0.0,udp,0.0,,cs0,,249.0,,7.0,,Start,1,1,0,64,64,0,64.0,0.0,0.0,0.0,0.0,0,0,0,0.0,,,0.0,0.0,0.0,INT,,,610.0,,0.0,0.0,0.0,0
1169150,0.0,0.0,0.0,0.0,0.0,0.0,udp,0.0,,cs0,,249.0,,7.0,,Start,1,1,0,74,74,0,74.0,0.0,0.0,0.0,0.0,0,0,0,0.0,,,0.0,0.0,0.0,INT,,,610.0,,0.0,0.0,0.0,0
1169154,0.0,0.0,0.0,0.0,0.0,0.0,udp,0.0,,cs0,,249.0,,7.0,,Start,1,1,0,74,74,0,74.0,0.0,0.0,0.0,0.0,0,0,0,0.0,,,0.0,0.0,0.0,INT,,,610.0,,0.0,0.0,0.0,0
1169169,0.0,0.0,0.0,0.0,0.0,0.0,udp,0.0,,cs0,,249.0,,7.0,,Start,1,1,0,74,74,0,74.0,0.0,0.0,0.0,0.0,0,0,0,0.0,,,0.0,0.0,0.0,INT,,,610.0,,0.0,0.0,0.0,0
1169176,0.0,0.0,0.0,0.0,0.0,0.0,udp,0.0,,cs0,,249.0,,7.0,,Start,1,1,0,74,74,0,74.0,0.0,0.0,0.0,0.0,0,0,0,0.0,,,0.0,0.0,0.0,INT,,,610.0,,0.0,0.0,0.0,0
1169256,0.0,0.0,0.0,0.0,0.0,0.0,udp,0.0,,cs0,,249.0,,7.0,,Start,1,1,0,74,74,0,74.0,0.0,0.0,0.0,0.0,0,0,0,0.0,,,0.0,0.0,0.0,INT,,,610.0,,0.0,0.0,0.0,0
1169263,0.0,0.0,0.0,0.0,0.0,0.0,udp,0.0,,cs0,,249.0,,7.0,,Start,1,1,0,74,74,0,74.0,0.0,0.0,0.0,0.0,0,0,0,0.0,,,0.0,0.0,0.0,INT,,,610.0,,0.0,0.0,0.0,0
1169454,0.0,0.0,0.0,0.0,0.0,0.0,udp,0.0,,cs0,,249.0,,7.0,,Start,1,1,0,74,74,0,74.0,0.0,0.0,0.0,0.0,0,0,0,0.0,,,0.0,0.0,0.0,INT,,,610.0,,0.0,0.0,0.0,0
1169457,0.0,0.0,0.0,0.0,0.0,0.0,udp,0.0,,cs0,,249.0,,7.0,,Start,1,1,0,74,74,0,74.0,0.0,0.0,0.0,0.0,0,0,0,0.0,,,0.0,0.0,0.0,INT,,,610.0,,0.0,0.0,0.0,0
1169461,4.985054,4.985054,4.985054,4.985054,4.985054,4.985054,udp,0.0,0.0,cs0,cs0,64.0,117.0,0.0,11.0,Status,392,67,325,454910,9785,445125,146.044769,1369.615356,727606.9375,15468.63867,712138.3125,0,0,0,0.0,,,78.434456,13.239575,64.994278,CON,,,,,0.0,0.0,0.0,0
1169465,0.0,0.0,0.0,0.0,0.0,0.0,icmp,0.0,,cs0,,58.0,,6.0,,Start,1,1,0,98,98,0,98.0,0.0,0.0,0.0,0.0,0,0,0,0.0,,,0.0,0.0,0.0,ECO,,,,,0.0,0.0,0.0,0
1169494,0.000299,0.000299,0.000299,0.000299,0.000299,0.000299,sctp,186.0,186.0,ef,ef,255.0,252.0,1.0,4.0,Status,2,1,1,192,94,98,94.0,98.0,0.0,0.0,0.0,0,0,0,0.0,,,3344.481445,0.0,0.0,CON,,,,610.0,0.0,0.0,0.0,0
1169500,0.0005,0.0005,0.0005,0.0005,0.0005,0.0005,sctp,186.0,40.0,ef,af11,255.0,250.0,1.0,6.0,Status,2,1,1,192,94,98,94.0,98.0,0.0,0.0,0.0,0,0,0,0.0,,,1999.999878,0.0,0.0,CON,,,,610.0,0.0,0.0,0.0,0
1169509,0.169441,0.169441,0.169441,0.169441,0.169441,0.169441,udp,0.0,0.0,cs0,cs0,64.0,53.0,0.0,11.0,Start,23,11,12,11977,7383,4594,671.181824,382.833344,515766.5625,316900.875,198865.6875,0,0,0,0.0,,,129.838699,59.017593,64.91935,CON,,,,,0.0,0.0,0.0,0
1169560,0.073206,0.073206,0.073206,0.073206,0.073206,0.073206,udp,0.0,0.0,cs0,cs0,64.0,117.0,0.0,11.0,Status,177,9,168,213845,4238,209607,470.888885,1247.660767,23181488.0,411769.5313,22769718.0,0,0,0,0.0,,,2404.174561,109.280663,2281.233887,CON,,,,,0.0,0.0,0.0,0
1169574,4.996682,4.996682,4.996682,4.996682,4.996682,4.996682,udp,0.0,0.0,cs0,cs0,64.0,117.0,0.0,11.0,Status,410,23,387,534628,4356,530272,189.391312,1370.211914,853476.75,6671.626953,846805.125,0,0,0,0.0,,,81.854317,4.402922,77.251259,CON,,,,,0.0,0.0,0.0,0
1169609,0.0,0.0,0.0,0.0,0.0,0.0,icmp,0.0,,cs0,,58.0,,6.0,,Start,1,1,0,98,98,0,98.0,0.0,0.0,0.0,0.0,0,0,0,0.0,,,0.0,0.0,0.0,ECO,,,,,0.0,0.0,0.0,0
1169618,0.0,0.0,0.0,0.0,0.0,0.0,icmp,0.0,,cs0,,58.0,,6.0,,Start,1,1,0,98,98,0,98.0,0.0,0.0,0.0,0.0,0,0,0,0.0,,,0.0,0.0,0.0,ECO,,,,,0.0,0.0,0.0,0
1169636,0.062979,0.062979,0.062979,0.062979,0.062979,0.062979,udp,0.0,0.0,cs0,cs0,64.0,117.0,0.0,11.0,Status,6,3,3,746,546,200,182.0,66.666664,63259.18359,46237.63672,17021.54688,0,0,0,0.0,,,79.391548,31.756618,31.756618,CON,,,,,0.0,0.0,0.0,0
1169673,0.0,0.0,0.0,0.0,0.0,0.0,sctp,186.0,40.0,ef,af11,255.0,250.0,1.0,6.0,Status,2,1,1,232,114,118,114.0,118.0,0.0,0.0,0.0,0,0,0,0.0,,,0.0,0.0,0.0,CON,,,,610.0,0.0,0.0,0.0,0
1169739,0.062995,0.062995,0.062995,0.062995,0.062995,0.062995,udp,0.0,0.0,cs0,cs0,64.0,117.0,0.0,11.0,Status,4,2,2,441,301,140,150.5,70.0,28065.71875,19176.125,8889.59375,0,0,0,0.0,,,47.622826,15.874275,15.874275,CON,,,,,0.0,0.0,0.0,0
1169806,4.997193,4.997193,4.997193,4.997193,4.997193,4.997193,udp,0.0,0.0,cs0,cs0,64.0,117.0,0.0,11.0,Status,277,26,251,340952,6109,334843,234.961533,1334.035889,543319.375,9405.280273,533914.125,0,0,0,0.0,,,55.231007,5.002809,50.028088,CON,,,,,0.0,0.0,0.0,0
1169913,0.0,0.0,0.0,0.0,0.0,0.0,icmp,0.0,,cs0,,58.0,,6.0,,Start,1,1,0,98,98,0,98.0,0.0,0.0,0.0,0.0,0,0,0,0.0,,,0.0,0.0,0.0,ECO,,,,,0.0,0.0,0.0,0
1169955,0.062615,0.062615,0.062615,0.062615,0.062615,0.062615,udp,0.0,0.0,cs0,cs0,64.0,117.0,0.0,11.0,Status,7,4,3,990,768,222,192.0,74.0,92501.79688,73592.59375,18909.20703,0,0,0,0.0,,,95.823685,47.911842,31.941229,CON,,,,,0.0,0.0,0.0,0
1169958,0.0,0.0,0.0,0.0,0.0,0.0,icmp,0.0,,cs0,,58.0,,6.0,,Start,1,1,0,98,98,0,98.0,0.0,0.0,0.0,0.0,0,0,0,0.0,,,0.0,0.0,0.0,ECO,,,,,0.0,0.0,0.0,0
1169975,0.001082,0.001082,0.001082,0.001082,0.001082,0.001082,tcp,0.0,0.0,cs0,cs0,64.0,62.0,0.0,2.0,Status,2,1,1,132,66,66,66.0,66.0,0.0,0.0,0.0,0,0,0,0.0,0.0,0.0,924.214417,0.0,0.0,CON,75776.0,31104.0,,,0.016889,0.001301,0.015588,0
1170084,4.963649,4.963649,4.963649,4.963649,4.963649,4.963649,udp,0.0,0.0,cs0,cs0,64.0,117.0,0.0,11.0,Status,144,13,131,179198,3644,175554,280.307678,1340.106812,286205.5625,5421.817871,280783.75,0,0,0,0.0,,,28.809452,2.417576,26.190411,CON,,,,,0.0,0.0,0.0,0
1170156,4.996907,4.996907,4.996907,4.996907,4.996907,4.996907,udp,0.0,0.0,cs0,cs0,64.0,117.0,0.0,11.0,Status,213,13,200,276050,4118,271932,316.769226,1359.660034,439271.7188,6086.965332,433184.75,0,0,0,0.0,,,42.426243,2.401485,39.824635,CON,,,,,0.0,0.0,0.0,0
1170158,4.239176,4.239176,4.239176,4.239176,4.239176,4.239176,udp,0.0,0.0,cs0,cs0,64.0,52.0,0.0,12.0,Status,12,5,7,2471,1824,647,364.799988,92.428574,3802.626221,2755.252686,1047.373413,0,0,0,0.0,,,2.594844,0.94358,1.41537,CON,,,,,0.0,0.0,0.0,0
1170165,0.0,0.0,0.0,0.0,0.0,0.0,icmp,0.0,,cs0,,58.0,,6.0,,Start,1,1,0,98,98,0,98.0,0.0,0.0,0.0,0.0,0,0,0,0.0,,,0.0,0.0,0.0,ECO,,,,,0.0,0.0,0.0,0
1170177,0.127693,0.127693,0.127693,0.127693,0.127693,0.127693,udp,0.0,0.0,cs0,cs0,64.0,53.0,0.0,11.0,Status,8,4,4,2421,2110,311,527.5,77.75,113835.5313,99175.36719,14660.16211,0,0,0,0.0,,,54.818981,23.493849,23.493849,CON,,,,,0.0,0.0,0.0,0
1170183,0.0,0.0,0.0,0.0,0.0,0.0,icmp,0.0,,cs0,,58.0,,6.0,,Start,1,1,0,98,98,0,98.0,0.0,0.0,0.0,0.0,0,0,0,0.0,,,0.0,0.0,0.0,ECO,,,,,0.0,0.0,0.0,0
1170197,0.0,0.0,0.0,0.0,0.0,0.0,icmp,0.0,,cs0,,58.0,,6.0,,Start,1,1,0,98,98,0,98.0,0.0,0.0,0.0,0.0,0,0,0,0.0,,,0.0,0.0,0.0,ECO,,,,,0.0,0.0,0.0,0
1170252,0.0,0.0,0.0,0.0,0.0,0.0,icmp,0.0,,cs0,,58.0,,6.0,,Start,1,1,0,98,98,0,98.0,0.0,0.0,0.0,0.0,0,0,0,0.0,,,0.0,0.0,0.0,ECO,,,,,0.0,0.0,0.0,0
1170254,0.0,0.0,0.0,0.0,0.0,0.0,icmp,0.0,,cs0,,58.0,,6.0,,Start,1,1,0,98,98,0,98.0,0.0,0.0,0.0,0.0,0,0,0,0.0,,,0.0,0.0,0.0,ECO,,,,,0.0,0.0,0.0,0
1170284,0.0,0.0,0.0,0.0,0.0,0.0,icmp,0.0,,cs0,,58.0,,6.0,,Start,1,1,0,98,98,0,98.0,0.0,0.0,0.0,0.0,0,0,0,0.0,,,0.0,0.0,0.0,ECO,,,,,0.0,0.0,0.0,0
1170299,0.0,0.0,0.0,0.0,0.0,0.0,icmp,0.0,,cs0,,58.0,,6.0,,Start,1,1,0,98,98,0,98.0,0.0,0.0,0.0,0.0,0,0,0,0.0,,,0.0,0.0,0.0,ECO,,,,,0.0,0.0,0.0,0
1170328,0.0,0.0,0.0,0.0,0.0,0.0,icmp,0.0,,cs0,,58.0,,6.0,,Start,1,1,0,98,98,0,98.0,0.0,0.0,0.0,0.0,0,0,0,0.0,,,0.0,0.0,0.0,ECO,,,,,0.0,0.0,0.0,0
1170570,0.256525,0.256525,0.256525,0.256525,0.256525,0.256525,udp,0.0,0.0,cs0,cs0,117.0,64.0,11.0,0.0,Status,150,139,11,174571,170179,4392,1224.309326,399.272736,5393564.0,5269038.0,124525.8672,0,0,0,0.0,,,580.840027,537.959229,38.982555,CON,,,,,0.0,0.0,0.0,0
1170587,0.062179,0.062179,0.062179,0.062179,0.062179,0.062179,udp,0.0,0.0,cs0,cs0,64.0,117.0,0.0,11.0,Status,6,3,3,733,531,202,177.0,67.333336,62915.13281,45545.92578,17369.20898,0,0,0,0.0,,,80.413002,32.165199,32.165199,CON,,,,,0.0,0.0,0.0,0
1170678,0.0,0.0,0.0,0.0,0.0,0.0,icmp,0.0,,cs0,,58.0,,6.0,,Start,1,1,0,98,98,0,98.0,0.0,0.0,0.0,0.0,0,0,0,0.0,,,0.0,0.0,0.0,ECO,,,,,0.0,0.0,0.0,0
1170685,8.7e-05,8.7e-05,8.7e-05,8.7e-05,8.7e-05,8.7e-05,sctp,186.0,186.0,ef,ef,252.0,255.0,4.0,1.0,Status,2,1,1,200,102,98,102.0,98.0,0.0,0.0,0.0,0,0,0,0.0,,,11494.25293,0.0,0.0,CON,,,610.0,,0.0,0.0,0.0,0
1170802,0.0,0.0,0.0,0.0,0.0,0.0,icmp,0.0,,cs0,,58.0,,6.0,,Start,1,1,0,98,98,0,98.0,0.0,0.0,0.0,0.0,0,0,0,0.0,,,0.0,0.0,0.0,ECO,,,,,0.0,0.0,0.0,0
1170950,0.147943,0.147943,0.147943,0.147943,0.147943,0.147943,tcp,0.0,0.0,cs0,cs0,64.0,62.0,0.0,2.0,Start,15,8,7,2371,1072,1299,134.0,185.571426,110961.6484,50722.23438,60239.41406,0,0,0,0.0,0.0,0.0,94.631035,47.315517,40.55616,CON,69120.0,31104.0,,,0.01605,0.001065,0.014985,0
1170971,0.001313,0.001313,0.001313,0.001313,0.001313,0.001313,tcp,0.0,0.0,cs0,cs0,64.0,62.0,0.0,2.0,Status,2,1,1,132,66,66,66.0,66.0,0.0,0.0,0.0,0,0,0,0.0,0.0,0.0,761.614624,0.0,0.0,CON,69120.0,32256.0,,,0.016008,0.001322,0.014686,0
1170982,0.145981,0.145981,0.145981,0.145981,0.145981,0.145981,udp,0.0,0.0,cs0,cs0,64.0,52.0,0.0,12.0,Status,7,3,4,1017,679,338,226.333328,84.5,38744.76953,24825.14844,13919.62012,0,0,0,0.0,,,41.101238,13.700413,20.550619,CON,,,,,0.0,0.0,0.0,0
1170987,4.860723,4.860723,4.860723,4.860723,4.860723,4.860723,udp,0.0,0.0,cs0,cs0,117.0,64.0,11.0,0.0,Status,66,54,12,67174,62568,4606,1158.666626,383.833344,108021.7891,101071.3828,6950.40625,0,0,0,0.0,,,13.372497,10.903728,2.263038,CON,,,,,0.0,0.0,0.0,0
1171099,4.983403,4.983403,4.983403,4.983403,4.983403,4.983403,udp,0.0,0.0,cs0,cs0,117.0,64.0,11.0,0.0,Status,85,73,12,89746,85126,4620,1166.109619,385.0,141581.9688,134783.3906,6798.566895,0,0,0,0.0,,,16.855951,14.447958,2.207327,CON,,,,,0.0,0.0,0.0,0
1171191,0.0,0.0,0.0,0.0,0.0,0.0,icmp,0.0,,cs0,,58.0,,6.0,,Start,1,1,0,98,98,0,98.0,0.0,0.0,0.0,0.0,0,0,0,0.0,,,0.0,0.0,0.0,ECO,,,,,0.0,0.0,0.0,0
1171238,0.0,0.0,0.0,0.0,0.0,0.0,icmp,0.0,,cs0,,58.0,,6.0,,Start,1,1,0,98,98,0,98.0,0.0,0.0,0.0,0.0,0,0,0,0.0,,,0.0,0.0,0.0,ECO,,,,,0.0,0.0,0.0,0
1171287,0.0,0.0,0.0,0.0,0.0,0.0,icmp,0.0,,cs0,,58.0,,6.0,,Start,1,1,0,98,98,0,98.0,0.0,0.0,0.0,0.0,0,0,0,0.0,,,0.0,0.0,0.0,ECO,,,,,0.0,0.0,0.0,0
1171303,4.998706,4.998706,4.998706,4.998706,4.998706,4.998706,udp,0.0,0.0,cs0,cs0,117.0,64.0,11.0,0.0,Status,195,189,6,239755,235734,4021,1247.269897,670.166687,380639.3125,375276.3438,5362.988281,0,0,0,0.0,,,38.810043,37.609734,1.000259,CON,,,,,0.0,0.0,0.0,0
1171307,0.131618,0.131618,0.131618,0.131618,0.131618,0.131618,udp,0.0,0.0,cs0,cs0,64.0,53.0,0.0,11.0,Start,18,10,8,6670,2446,4224,244.600006,528.0,358492.0313,133841.875,224650.1406,0,0,0,0.0,,,129.161667,68.379707,53.184219,CON,,,,,0.0,0.0,0.0,0
1171310,0.066053,0.066053,0.066053,0.066053,0.066053,0.066053,udp,0.0,0.0,cs0,cs0,64.0,117.0,0.0,11.0,Status,6,3,3,734,531,203,177.0,67.666664,59346.28125,42874.66016,16471.62109,0,0,0,0.0,,,75.696785,30.278713,30.278713,CON,,,,,0.0,0.0,0.0,0
1171350,0.0,0.0,0.0,0.0,0.0,0.0,icmp,0.0,,cs0,,58.0,,6.0,,Start,1,1,0,98,98,0,98.0,0.0,0.0,0.0,0.0,0,0,0,0.0,,,0.0,0.0,0.0,ECO,,,,,0.0,0.0,0.0,0
1171369,4.999227,4.999227,4.999227,4.999227,4.999227,4.999227,udp,0.0,0.0,cs0,cs0,117.0,64.0,11.0,0.0,Status,301,286,15,396073,392262,3811,1371.54541,254.066666,631214.375,625522.3125,5692.080078,0,0,0,0.0,,,60.009277,57.008812,2.800433,CON,,,,,0.0,0.0,0.0,0
1171405,0.20543,0.20543,0.20543,0.20543,0.20543,0.20543,udp,0.0,0.0,cs0,cs0,117.0,64.0,11.0,0.0,Status,102,92,10,115323,111018,4305,1206.717407,430.5,4427279.5,4276376.5,150902.9844,0,0,0,0.0,,,491.651642,442.973267,43.810543,CON,,,,,0.0,0.0,0.0,0
1171414,4.992806,4.992806,4.992806,4.992806,4.992806,4.992806,udp,0.0,0.0,cs0,cs0,117.0,64.0,11.0,0.0,Status,280,264,16,363055,359173,3882,1360.503784,242.625,579158.125,573325.6875,5832.391602,0,0,0,0.0,,,55.880402,52.675789,3.004323,CON,,,,,0.0,0.0,0.0,0
1171429,0.072954,0.072954,0.072954,0.072954,0.072954,0.072954,udp,0.0,0.0,cs0,cs0,64.0,117.0,0.0,11.0,Status,6,3,3,734,531,203,177.0,67.666664,53732.48438,38818.98047,14913.50781,0,0,0,0.0,,,68.536339,27.414536,27.414536,CON,,,,,0.0,0.0,0.0,0
1171503,0.0,0.0,0.0,0.0,0.0,0.0,icmp,0.0,,cs0,,58.0,,6.0,,Start,1,1,0,98,98,0,98.0,0.0,0.0,0.0,0.0,0,0,0,0.0,,,0.0,0.0,0.0,ECO,,,,,0.0,0.0,0.0,0
1171509,4.797799,4.797799,4.797799,4.797799,4.797799,4.797799,tcp,0.0,0.0,cs0,cs0,64.0,62.0,0.0,2.0,Status,8,4,4,571,295,276,73.75,69.0,715.328003,370.169739,345.158264,0,0,0,0.0,0.0,0.0,1.459002,0.625287,0.625287,FIN,69120.0,32256.0,,,0.015994,0.001196,0.014798,0
1171541,0.0,0.0,0.0,0.0,0.0,0.0,icmp,0.0,,cs0,,58.0,,6.0,,Start,1,1,0,98,98,0,98.0,0.0,0.0,0.0,0.0,0,0,0,0.0,,,0.0,0.0,0.0,ECO,,,,,0.0,0.0,0.0,0
1171542,0.060002,0.060002,0.060002,0.060002,0.060002,0.060002,udp,0.0,0.0,cs0,cs0,64.0,117.0,0.0,11.0,Status,6,3,3,733,531,202,177.0,67.333336,65197.82813,47198.42578,17999.40039,0,0,0,0.0,,,83.330559,33.332222,33.332222,CON,,,,,0.0,0.0,0.0,0
1171589,0.0,0.0,0.0,0.0,0.0,0.0,icmp,0.0,,cs0,,58.0,,6.0,,Start,1,1,0,98,98,0,98.0,0.0,0.0,0.0,0.0,0,0,0,0.0,,,0.0,0.0,0.0,ECO,,,,,0.0,0.0,0.0,0
1171597,0.080689,0.080689,0.080689,0.080689,0.080689,0.080689,udp,0.0,0.0,cs0,cs0,64.0,117.0,0.0,11.0,Status,6,3,3,733,531,202,177.0,67.333336,48482.44531,35097.72266,13384.72461,0,0,0,0.0,,,61.966316,24.786526,24.786526,CON,,,,,0.0,0.0,0.0,0
1171630,4.989332,4.989332,4.989332,4.989332,4.989332,4.989332,udp,0.0,0.0,cs0,cs0,117.0,64.0,11.0,0.0,Status,213,199,14,249918,245156,4762,1231.939697,340.142853,398204.7813,391114.4688,7090.327637,0,0,0,0.0,,,42.490658,39.684669,2.605559,CON,,,,,0.0,0.0,0.0,0
1171996,0.060023,0.060023,0.060023,0.060023,0.060023,0.060023,udp,0.0,0.0,cs0,cs0,64.0,117.0,0.0,11.0,Status,4,2,2,443,301,142,150.5,71.0,29588.6582,20125.61914,9463.039062,0,0,0,0.0,,,49.980843,16.66028,16.66028,CON,,,,,0.0,0.0,0.0,0
1172177,4.899052,4.899052,4.899052,4.899052,4.899052,4.899052,udp,0.0,0.0,cs0,cs0,117.0,64.0,11.0,0.0,Status,147,136,11,187543,184025,3518,1353.125,319.818176,303521.5313,298297.6875,5223.867676,0,0,0,0.0,,,29.801683,27.556351,2.041211,CON,,,,,0.0,0.0,0.0,0
1172325,0.0,0.0,0.0,0.0,0.0,0.0,icmp,0.0,,cs0,,58.0,,6.0,,Start,1,1,0,98,98,0,98.0,0.0,0.0,0.0,0.0,0,0,0,0.0,,,0.0,0.0,0.0,ECO,,,,,0.0,0.0,0.0,0
1172801,4.969983,4.969983,4.969983,4.969983,4.969983,4.969983,udp,0.0,0.0,cs0,cs0,117.0,64.0,11.0,0.0,Status,225,216,9,296750,295502,1248,1368.064819,138.666672,475243.4688,473456.75,1786.72644,0,0,0,0.0,,,45.070576,43.259705,1.609663,CON,,,,,0.0,0.0,0.0,0
1172812,0.05801,0.05801,0.05801,0.05801,0.05801,0.05801,udp,0.0,0.0,cs0,cs0,64.0,117.0,0.0,11.0,Status,4,2,2,443,301,142,150.5,71.0,30615.41016,20823.99609,9791.415039,0,0,0,0.0,,,51.715221,17.238407,17.238407,CON,,,,,0.0,0.0,0.0,0
1173841,0.060913,0.060913,0.060913,0.060913,0.060913,0.060913,tcp,0.0,0.0,cs0,cs0,64.0,115.0,0.0,13.0,Start,3,2,1,252,160,92,80.0,92.0,10506.78809,10506.78809,0.0,0,0,0,0.0,0.0,0.0,32.833714,16.416857,0.0,CON,144.0,265.0,,,0.0,0.0,0.0,0
1173845,4.998322,4.998322,4.998322,4.998322,4.998322,4.998322,udp,0.0,0.0,cs0,cs0,117.0,64.0,11.0,0.0,Status,285,270,15,372908,368623,4285,1365.270386,285.666656,594212.1875,587810.0625,6402.148438,0,0,0,0.0,,,56.819069,53.818062,2.80094,CON,,,,,0.0,0.0,0.0,0
1174078,4.999117,4.999117,4.999117,4.999117,4.999117,4.999117,udp,0.0,0.0,cs0,cs0,117.0,64.0,11.0,0.0,Status,244,229,15,308944,304184,4760,1328.314453,317.333344,491765.25,484655.1875,7110.055664,0,0,0,0.0,,,48.608585,45.608055,2.800495,CON,,,,,0.0,0.0,0.0,0
1174790,0.179943,0.179943,0.179943,0.179943,0.179943,0.179943,udp,0.0,48.0,cs0,af12,64.0,62.0,0.0,2.0,Start,2,1,1,449,89,360,89.0,360.0,0.0,0.0,0.0,0,0,0,0.0,,,5.557315,0.0,0.0,CON,,,,,0.0,0.0,0.0,0
1175403,0.0,0.0,0.0,0.0,0.0,0.0,icmp,0.0,,cs0,,58.0,,6.0,,Start,1,1,0,98,98,0,98.0,0.0,0.0,0.0,0.0,0,0,0,0.0,,,0.0,0.0,0.0,ECO,,,,,0.0,0.0,0.0,0
1175577,0.0,0.0,0.0,0.0,0.0,0.0,sctp,186.0,40.0,ef,af11,255.0,250.0,1.0,6.0,Status,2,1,1,232,114,118,114.0,118.0,0.0,0.0,0.0,0,0,0,0.0,,,0.0,0.0,0.0,CON,,,,610.0,0.0,0.0,0.0,0
1176239,0.0,0.0,0.0,0.0,0.0,0.0,udp,0.0,,cs0,,249.0,,7.0,,Start,1,1,0,74,74,0,74.0,0.0,0.0,0.0,0.0,0,0,0,0.0,,,0.0,0.0,0.0,INT,,,610.0,,0.0,0.0,0.0,0
1176243,0.0,0.0,0.0,0.0,0.0,0.0,icmp,0.0,,cs0,,58.0,,6.0,,Start,1,1,0,98,98,0,98.0,0.0,0.0,0.0,0.0,0,0,0,0.0,,,0.0,0.0,0.0,ECO,,,,,0.0,0.0,0.0,0
1176454,0.0,0.0,0.0,0.0,0.0,0.0,icmp,0.0,,cs0,,58.0,,6.0,,Start,1,1,0,98,98,0,98.0,0.0,0.0,0.0,0.0,0,0,0,0.0,,,0.0,0.0,0.0,ECO,,,,,0.0,0.0,0.0,0
1176627,0.0,0.0,0.0,0.0,0.0,0.0,icmp,0.0,,cs0,,58.0,,6.0,,Start,1,1,0,98,98,0,98.0,0.0,0.0,0.0,0.0,0,0,0,0.0,,,0.0,0.0,0.0,ECO,,,,,0.0,0.0,0.0,0
1176986,0.0,0.0,0.0,0.0,0.0,0.0,sctp,186.0,40.0,ef,af11,255.0,250.0,1.0,6.0,Status,2,1,1,232,114,118,114.0,118.0,0.0,0.0,0.0,0,0,0,0.0,,,0.0,0.0,0.0,CON,,,,610.0,0.0,0.0,0.0,0
1177494,0.13344,0.13344,0.13344,0.13344,0.13344,0.13344,udp,0.0,0.0,cs0,cs0,64.0,117.0,0.0,11.0,Status,274,10,264,367725,2780,364945,278.0,1382.367432,21946342.0,150000.0,21796342.0,0,0,0,0.0,,,2045.863281,67.446045,1970.923218,CON,,,,,0.0,0.0,0.0,0
1177970,0.0,0.0,0.0,0.0,0.0,0.0,icmp,0.0,,cs0,,58.0,,6.0,,Start,1,1,0,98,98,0,98.0,0.0,0.0,0.0,0.0,0,0,0,0.0,,,0.0,0.0,0.0,ECO,,,,,0.0,0.0,0.0,0
1178035,0.0,0.0,0.0,0.0,0.0,0.0,icmp,0.0,,cs0,,58.0,,6.0,,Start,1,1,0,98,98,0,98.0,0.0,0.0,0.0,0.0,0,0,0,0.0,,,0.0,0.0,0.0,ECO,,,,,0.0,0.0,0.0,0
1178187,0.0,0.0,0.0,0.0,0.0,0.0,icmp,0.0,,cs0,,58.0,,6.0,,Start,1,1,0,98,98,0,98.0,0.0,0.0,0.0,0.0,0,0,0,0.0,,,0.0,0.0,0.0,ECO,,,,,0.0,0.0,0.0,0
1179382,0.0,0.0,0.0,0.0,0.0,0.0,icmp,0.0,,cs0,,58.0,,6.0,,Start,1,1,0,98,98,0,98.0,0.0,0.0,0.0,0.0,0,0,0,0.0,,,0.0,0.0,0.0,ECO,,,,,0.0,0.0,0.0,0
1179890,0.0,0.0,0.0,0.0,0.0,0.0,icmp,0.0,,cs0,,58.0,,6.0,,Start,1,1,0,98,98,0,98.0,0.0,0.0,0.0,0.0,0,0,0,0.0,,,0.0,0.0,0.0,ECO,,,,,0.0,0.0,0.0,0
1180014,0.0,0.0,0.0,0.0,0.0,0.0,icmp,0.0,,cs0,,58.0,,6.0,,Start,1,1,0,98,98,0,98.0,0.0,0.0,0.0,0.0,0,0,0,0.0,,,0.0,0.0,0.0,ECO,,,,,0.0,0.0,0.0,0
1180094,0.0,0.0,0.0,0.0,0.0,0.0,icmp,0.0,,cs0,,58.0,,6.0,,Start,1,1,0,98,98,0,98.0,0.0,0.0,0.0,0.0,0,0,0,0.0,,,0.0,0.0,0.0,ECO,,,,,0.0,0.0,0.0,0
1180125,0.0,0.0,0.0,0.0,0.0,0.0,icmp,0.0,,cs0,,58.0,,6.0,,Start,1,1,0,98,98,0,98.0,0.0,0.0,0.0,0.0,0,0,0,0.0,,,0.0,0.0,0.0,ECO,,,,,0.0,0.0,0.0,0
1180243,4.939319,4.939319,4.939319,4.939319,4.939319,4.939319,udp,0.0,0.0,cs0,cs0,117.0,64.0,11.0,0.0,Status,56,47,9,58417,54177,4240,1152.702148,471.111115,91986.76563,85882.28125,6104.484863,0,0,0,0.0,,,11.135138,9.313025,1.619656,CON,,,,,0.0,0.0,0.0,0
1180262,0.0,0.0,0.0,0.0,0.0,0.0,icmp,0.0,,cs0,,58.0,,6.0,,Start,1,1,0,98,98,0,98.0,0.0,0.0,0.0,0.0,0,0,0,0.0,,,0.0,0.0,0.0,ECO,,,,,0.0,0.0,0.0,0
1180263,4.999943,4.999943,4.999943,4.999943,4.999943,4.999943,udp,0.0,0.0,cs0,cs0,117.0,64.0,11.0,0.0,Status,65,60,5,74671,70723,3948,1178.716675,789.599976,116327.7344,111273.2734,5054.458008,0,0,0,0.0,,,12.800146,11.800135,0.800009,CON,,,,,0.0,0.0,0.0,0
1180312,0.0,0.0,0.0,0.0,0.0,0.0,icmp,0.0,,cs0,,58.0,,6.0,,Start,1,1,0,98,98,0,98.0,0.0,0.0,0.0,0.0,0,0,0,0.0,,,0.0,0.0,0.0,ECO,,,,,0.0,0.0,0.0,0
1180327,0.124952,0.124952,0.124952,0.124952,0.124952,0.124952,udp,0.0,0.0,cs0,cs0,64.0,117.0,0.0,11.0,Start,10,6,4,6724,3628,3096,604.666687,774.0,342275.4375,193610.3438,148665.0781,0,0,0,0.0,,,72.027657,40.015366,24.009218,CON,,,,,0.0,0.0,0.0,0
1180579,0.0,0.0,0.0,0.0,0.0,0.0,tcp,0.0,,cs0,,64.0,,0.0,,Status,1,1,0,74,74,0,74.0,0.0,0.0,0.0,0.0,1,1,0,50.0,0.0,0.0,0.0,0.0,0.0,REQ,33553920.0,,,,0.0,0.0,0.0,0
1180618,4.912502,4.912502,4.912502,4.912502,4.912502,4.912502,sctp,186.0,40.0,ef,af11,255.0,250.0,1.0,6.0,Status,25,12,13,2958,1536,1422,128.0,109.384613,4431.143555,2292.925293,2138.218018,0,0,0,0.0,,,4.885494,2.239185,2.442747,CON,,,,610.0,0.0,0.0,0.0,0
1180673,3.012098,3.012098,3.012098,3.012098,3.012098,3.012098,tcp,0.0,,cs0,,64.0,,0.0,,Start,3,3,0,222,222,0,74.0,0.0,393.081482,393.081482,0.0,2,2,0,40.0,0.0,0.0,0.663989,0.663989,0.0,REQ,33553920.0,,,,0.0,0.0,0.0,0
1180749,0.0,0.0,0.0,0.0,0.0,0.0,tcp,0.0,,cs0,,64.0,,0.0,,Status,1,1,0,74,74,0,74.0,0.0,0.0,0.0,0.0,1,1,0,50.0,0.0,0.0,0.0,0.0,0.0,REQ,33553920.0,,,,0.0,0.0,0.0,0
1180756,3.047955,3.047955,3.047955,3.047955,3.047955,3.047955,tcp,0.0,,cs0,,64.0,,0.0,,Start,3,3,0,222,222,0,74.0,0.0,388.457184,388.457184,0.0,2,2,0,40.0,0.0,0.0,0.656178,0.656178,0.0,REQ,33553920.0,,,,0.0,0.0,0.0,0
1180810,0.0,0.0,0.0,0.0,0.0,0.0,tcp,0.0,,cs0,,64.0,,0.0,,Status,1,1,0,74,74,0,74.0,0.0,0.0,0.0,0.0,1,1,0,50.0,0.0,0.0,0.0,0.0,0.0,REQ,33553920.0,,,,0.0,0.0,0.0,0
1180874,0.0,0.0,0.0,0.0,0.0,0.0,tcp,0.0,,cs0,,64.0,,0.0,,Status,1,1,0,74,74,0,74.0,0.0,0.0,0.0,0.0,1,1,0,50.0,0.0,0.0,0.0,0.0,0.0,REQ,33553920.0,,,,0.0,0.0,0.0,0
1180962,0.0,0.0,0.0,0.0,0.0,0.0,tcp,0.0,,cs0,,64.0,,0.0,,Status,1,1,0,74,74,0,74.0,0.0,0.0,0.0,0.0,1,1,0,50.0,0.0,0.0,0.0,0.0,0.0,REQ,33553920.0,,,,0.0,0.0,0.0,0
1180968,0.0,0.0,0.0,0.0,0.0,0.0,udp,0.0,,cs0,,64.0,,0.0,,Status,1,1,0,74,74,0,74.0,0.0,0.0,0.0,0.0,0,0,0,0.0,,,0.0,0.0,0.0,REQ,,,,,0.0,0.0,0.0,0
1181050,0.0,0.0,0.0,0.0,0.0,0.0,udp,0.0,,cs0,,249.0,,7.0,,Start,1,1,0,74,74,0,74.0,0.0,0.0,0.0,0.0,0,0,0,0.0,,,0.0,0.0,0.0,INT,,,610.0,,0.0,0.0,0.0,0
1181129,0.0,0.0,0.0,0.0,0.0,0.0,udp,0.0,,cs0,,249.0,,7.0,,Start,1,1,0,74,74,0,74.0,0.0,0.0,0.0,0.0,0,0,0,0.0,,,0.0,0.0,0.0,INT,,,610.0,,0.0,0.0,0.0,0
1181301,0.21213,0.21213,0.21213,0.21213,0.21213,0.21213,tcp,0.0,0.0,cs0,cs0,64.0,115.0,0.0,13.0,Start,18,9,9,3192,1491,1701,165.666672,189.0,107028.7109,50007.07031,57021.64063,0,0,0,0.0,0.0,0.0,80.139542,37.712723,37.712723,RST,69632.0,67840.0,,,0.037916,0.021087,0.016829,0
1181317,0.0,0.0,0.0,0.0,0.0,0.0,udp,0.0,,cs0,,249.0,,7.0,,Start,1,1,0,74,74,0,74.0,0.0,0.0,0.0,0.0,0,0,0,0.0,,,0.0,0.0,0.0,INT,,,610.0,,0.0,0.0,0.0,0
1181413,0.0,0.0,0.0,0.0,0.0,0.0,udp,0.0,,cs0,,249.0,,7.0,,Start,1,1,0,74,74,0,74.0,0.0,0.0,0.0,0.0,0,0,0,0.0,,,0.0,0.0,0.0,INT,,,610.0,,0.0,0.0,0.0,0
1181424,0.0,0.0,0.0,0.0,0.0,0.0,udp,0.0,,cs0,,249.0,,7.0,,Start,1,1,0,74,74,0,74.0,0.0,0.0,0.0,0.0,0,0,0,0.0,,,0.0,0.0,0.0,INT,,,610.0,,0.0,0.0,0.0,0
1181428,0.0,0.0,0.0,0.0,0.0,0.0,udp,0.0,,cs0,,249.0,,7.0,,Start,1,1,0,74,74,0,74.0,0.0,0.0,0.0,0.0,0,0,0,0.0,,,0.0,0.0,0.0,INT,,,610.0,,0.0,0.0,0.0,0
1181538,0.0,0.0,0.0,0.0,0.0,0.0,udp,0.0,,cs0,,249.0,,7.0,,Start,1,1,0,74,74,0,74.0,0.0,0.0,0.0,0.0,0,0,0,0.0,,,0.0,0.0,0.0,INT,,,610.0,,0.0,0.0,0.0,0
1181589,0.0,0.0,0.0,0.0,0.0,0.0,udp,0.0,,cs0,,249.0,,7.0,,Start,1,1,0,74,74,0,74.0,0.0,0.0,0.0,0.0,0,0,0,0.0,,,0.0,0.0,0.0,INT,,,610.0,,0.0,0.0,0.0,0
1181617,0.0,0.0,0.0,0.0,0.0,0.0,udp,0.0,,cs0,,249.0,,7.0,,Start,1,1,0,74,74,0,74.0,0.0,0.0,0.0,0.0,0,0,0,0.0,,,0.0,0.0,0.0,INT,,,610.0,,0.0,0.0,0.0,0
1181758,0.0,0.0,0.0,0.0,0.0,0.0,udp,0.0,,cs0,,249.0,,7.0,,Start,1,1,0,74,74,0,74.0,0.0,0.0,0.0,0.0,0,0,0,0.0,,,0.0,0.0,0.0,INT,,,610.0,,0.0,0.0,0.0,0
1181813,0.0,0.0,0.0,0.0,0.0,0.0,udp,0.0,,cs0,,249.0,,7.0,,Start,1,1,0,74,74,0,74.0,0.0,0.0,0.0,0.0,0,0,0,0.0,,,0.0,0.0,0.0,INT,,,610.0,,0.0,0.0,0.0,0
1181886,0.0,0.0,0.0,0.0,0.0,0.0,sctp,186.0,40.0,ef,af11,255.0,250.0,1.0,6.0,Status,2,1,1,232,114,118,114.0,118.0,0.0,0.0,0.0,0,0,0,0.0,,,0.0,0.0,0.0,CON,,,,610.0,0.0,0.0,0.0,0
1181894,0.0,0.0,0.0,0.0,0.0,0.0,udp,0.0,,cs0,,249.0,,7.0,,Start,1,1,0,74,74,0,74.0,0.0,0.0,0.0,0.0,0,0,0,0.0,,,0.0,0.0,0.0,INT,,,610.0,,0.0,0.0,0.0,0
1181941,0.0,0.0,0.0,0.0,0.0,0.0,udp,0.0,,cs0,,249.0,,7.0,,Start,1,1,0,74,74,0,74.0,0.0,0.0,0.0,0.0,0,0,0,0.0,,,0.0,0.0,0.0,INT,,,610.0,,0.0,0.0,0.0,0
1181954,0.0,0.0,0.0,0.0,0.0,0.0,udp,0.0,,cs0,,249.0,,7.0,,Start,1,1,0,74,74,0,74.0,0.0,0.0,0.0,0.0,0,0,0,0.0,,,0.0,0.0,0.0,INT,,,610.0,,0.0,0.0,0.0,0
1181970,4.999068,4.999068,4.999068,4.999068,4.999068,4.999068,udp,0.0,0.0,cs0,cs0,64.0,117.0,0.0,11.0,Status,130,5,125,167229,1387,165842,277.399994,1326.735962,265051.0313,1776.331177,263274.6875,0,0,0,0.0,,,25.804811,0.800149,24.804625,CON,,,,,0.0,0.0,0.0,0
1181982,0.0,0.0,0.0,0.0,0.0,0.0,udp,0.0,,cs0,,249.0,,7.0,,Start,1,1,0,74,74,0,74.0,0.0,0.0,0.0,0.0,0,0,0,0.0,,,0.0,0.0,0.0,INT,,,610.0,,0.0,0.0,0.0,0
1182158,0.0,0.0,0.0,0.0,0.0,0.0,udp,0.0,,cs0,,249.0,,7.0,,Start,1,1,0,74,74,0,74.0,0.0,0.0,0.0,0.0,0,0,0,0.0,,,0.0,0.0,0.0,INT,,,610.0,,0.0,0.0,0.0,0
1182216,0.0,0.0,0.0,0.0,0.0,0.0,udp,0.0,,cs0,,249.0,,7.0,,Start,1,1,0,74,74,0,74.0,0.0,0.0,0.0,0.0,0,0,0,0.0,,,0.0,0.0,0.0,INT,,,610.0,,0.0,0.0,0.0,0
1182279,4.865597,4.865597,4.865597,4.865597,4.865597,4.865597,tcp,0.0,0.0,cs0,cs0,64.0,117.0,0.0,11.0,Status,40,4,36,50355,2635,47720,658.75,1325.555542,79533.10156,3250.577637,76282.52344,0,0,0,0.0,0.0,0.0,8.015461,0.616574,7.193362,CON,1597952.0,158976.0,,,0.037896,0.022012,0.015884,0
1182295,0.0,0.0,0.0,0.0,0.0,0.0,udp,0.0,,cs0,,249.0,,7.0,,Start,1,1,0,74,74,0,74.0,0.0,0.0,0.0,0.0,0,0,0,0.0,,,0.0,0.0,0.0,INT,,,610.0,,0.0,0.0,0.0,0
1182321,0.0,0.0,0.0,0.0,0.0,0.0,udp,0.0,,cs0,,249.0,,7.0,,Start,1,1,0,74,74,0,74.0,0.0,0.0,0.0,0.0,0,0,0,0.0,,,0.0,0.0,0.0,INT,,,610.0,,0.0,0.0,0.0,0
1182430,0.0,0.0,0.0,0.0,0.0,0.0,udp,0.0,,cs0,,249.0,,7.0,,Start,1,1,0,74,74,0,74.0,0.0,0.0,0.0,0.0,0,0,0,0.0,,,0.0,0.0,0.0,INT,,,610.0,,0.0,0.0,0.0,0
1182449,0.0,0.0,0.0,0.0,0.0,0.0,udp,0.0,,cs0,,249.0,,7.0,,Start,1,1,0,74,74,0,74.0,0.0,0.0,0.0,0.0,0,0,0,0.0,,,0.0,0.0,0.0,INT,,,610.0,,0.0,0.0,0.0,0
1182488,0.0,0.0,0.0,0.0,0.0,0.0,udp,0.0,,cs0,,249.0,,7.0,,Start,1,1,0,74,74,0,74.0,0.0,0.0,0.0,0.0,0,0,0,0.0,,,0.0,0.0,0.0,INT,,,610.0,,0.0,0.0,0.0,0
1182633,0.0,0.0,0.0,0.0,0.0,0.0,udp,0.0,,cs0,,249.0,,7.0,,Start,1,1,0,74,74,0,74.0,0.0,0.0,0.0,0.0,0,0,0,0.0,,,0.0,0.0,0.0,INT,,,610.0,,0.0,0.0,0.0,0
1182699,0.0,0.0,0.0,0.0,0.0,0.0,udp,0.0,,cs0,,249.0,,7.0,,Start,1,1,0,74,74,0,74.0,0.0,0.0,0.0,0.0,0,0,0,0.0,,,0.0,0.0,0.0,INT,,,610.0,,0.0,0.0,0.0,0
1182750,0.0,0.0,0.0,0.0,0.0,0.0,udp,0.0,,cs0,,249.0,,7.0,,Start,1,1,0,74,74,0,74.0,0.0,0.0,0.0,0.0,0,0,0,0.0,,,0.0,0.0,0.0,INT,,,610.0,,0.0,0.0,0.0,0
1182806,0.0,0.0,0.0,0.0,0.0,0.0,udp,0.0,,cs0,,249.0,,7.0,,Start,1,1,0,74,74,0,74.0,0.0,0.0,0.0,0.0,0,0,0,0.0,,,0.0,0.0,0.0,INT,,,610.0,,0.0,0.0,0.0,0
1182884,4.998556,4.998556,4.998556,4.998556,4.998556,4.998556,udp,0.0,0.0,cs0,cs0,117.0,64.0,11.0,0.0,Status,257,241,16,334044,330184,3860,1370.058105,241.25,532046.4375,526254.375,5792.072754,0,0,0,0.0,,,51.21479,48.013866,3.000867,CON,,,,,0.0,0.0,0.0,0
1182906,0.056218,0.056218,0.056218,0.056218,0.056218,0.056218,tcp,0.0,0.0,cs0,cs0,117.0,64.0,11.0,0.0,Start,2,1,1,132,66,66,66.0,66.0,0.0,0.0,0.0,0,0,0,0.0,0.0,0.0,17.787897,0.0,0.0,FIN,1049.0,3123.0,,,0.0,0.0,0.0,0
1182925,2.998385,2.998385,2.998385,2.998385,2.998385,2.998385,tcp,136.0,,af41,,255.0,,1.0,,Start,3,3,0,222,222,0,74.0,0.0,394.879242,394.879242,0.0,2,2,0,40.0,0.0,0.0,0.667026,0.667026,0.0,REQ,3737600.0,,,,0.0,0.0,0.0,0
1182940,0.042249,0.042249,0.042249,0.042249,0.042249,0.042249,udp,0.0,48.0,cs0,af12,64.0,62.0,0.0,2.0,Start,2,1,1,410,89,321,89.0,321.0,0.0,0.0,0.0,0,0,0,0.0,,,23.669199,0.0,0.0,CON,,,,,0.0,0.0,0.0,0
1182955,0.134643,0.134643,0.134643,0.134643,0.134643,0.134643,tcp,0.0,0.0,cs0,cs0,64.0,62.0,0.0,2.0,Start,13,7,6,1749,847,902,121.0,150.333328,87817.41406,43136.29297,44681.11719,0,0,0,0.0,0.0,0.0,89.124573,44.562286,37.135239,CON,68096.0,31104.0,,,0.016676,0.001114,0.015562,0
1182969,4.875839,4.875839,4.875839,4.875839,4.875839,4.875839,tcp,0.0,0.0,cs0,cs0,64.0,62.0,0.0,2.0,Status,8,4,4,571,295,276,73.75,69.0,703.878845,364.244995,339.63385,0,0,0,0.0,0.0,0.0,1.43565,0.615279,0.615279,FIN,68096.0,31104.0,,,0.016676,0.001114,0.015562,0
1183002,4.996921,4.996921,4.996921,4.996921,4.996921,4.996921,udp,0.0,0.0,cs0,cs0,117.0,64.0,11.0,0.0,Status,206,194,12,265858,262285,3573,1351.984497,297.75,422996.4688,417751.6563,5244.82959,0,0,0,0.0,,,41.025265,38.623783,2.201355,CON,,,,,0.0,0.0,0.0,0
1183048,4.998919,4.998919,4.998919,4.998919,4.998919,4.998919,udp,0.0,0.0,cs0,cs0,117.0,64.0,11.0,0.0,Status,184,174,10,239718,236290,3428,1357.988525,342.799988,380912.75,375974.0938,4938.667969,0,0,0,0.0,,,36.607914,34.607483,1.800389,CON,,,,,0.0,0.0,0.0,0
1183196,4.958947,4.958947,4.958947,4.958947,4.958947,4.958947,udp,0.0,0.0,cs0,cs0,117.0,64.0,11.0,0.0,Status,56,48,8,51865,47543,4322,990.479187,540.25,81202.71094,75101.42188,6101.294922,0,0,0,0.0,,,11.091063,9.477818,1.41159,CON,,,,,0.0,0.0,0.0,0
1183326,4.999077,4.999077,4.999077,4.999077,4.999077,4.999077,udp,0.0,0.0,cs0,cs0,117.0,64.0,11.0,0.0,Status,212,199,13,275251,271601,3650,1364.829102,280.769226,437852.0313,432459.0313,5392.995605,0,0,0,0.0,,,42.207794,39.607311,2.400443,CON,,,,,0.0,0.0,0.0,0
1183341,0.073,0.073,0.073,0.073,0.073,0.073,udp,0.0,0.0,cs0,cs0,64.0,117.0,0.0,11.0,Status,4,2,2,447,309,138,154.5,69.0,24547.94336,16986.30078,7561.644043,0,0,0,0.0,,,41.09589,13.69863,13.69863,CON,,,,,0.0,0.0,0.0,0
1183953,4.952875,4.952875,4.952875,4.952875,4.952875,4.952875,udp,0.0,0.0,cs0,cs0,117.0,64.0,11.0,0.0,Status,109,104,5,131031,127082,3949,1221.942261,789.799988,208397.75,203293.6406,5104.105957,0,0,0,0.0,,,21.805517,20.796001,0.807612,CON,,,,,0.0,0.0,0.0,0
1184454,4.323217,4.323217,4.323217,4.323217,4.323217,4.323217,sctp,186.0,186.0,ef,ef,252.0,255.0,4.0,1.0,Status,4,2,2,392,200,192,100.0,96.0,362.692871,185.047394,177.645493,0,0,0,0.0,,,0.693928,0.231309,0.231309,CON,,,610.0,,0.0,0.0,0.0,0
1184457,4.997382,4.997382,4.997382,4.997382,4.997382,4.997382,udp,0.0,0.0,cs0,cs0,117.0,64.0,11.0,0.0,Status,159,154,5,195613,193453,2160,1256.188354,432.0,310442.5313,307676.2813,2766.248291,0,0,0,0.0,,,31.616554,30.61603,0.800419,CON,,,,,0.0,0.0,0.0,0
1186020,0.072996,0.072996,0.072996,0.072996,0.072996,0.072996,udp,0.0,0.0,cs0,cs0,64.0,117.0,0.0,11.0,Status,4,2,2,438,300,138,150.0,69.0,24001.31641,16439.25781,7562.058594,0,0,0,0.0,,,41.098145,13.699381,13.699381,CON,,,,,0.0,0.0,0.0,0
1189257,4.976312,4.976312,4.976312,4.976312,4.976312,4.976312,udp,0.0,0.0,cs0,cs0,117.0,64.0,11.0,0.0,Status,341,327,14,449784,446065,3719,1364.113159,265.642853,720461.1875,714908.5,5552.706543,0,0,0,0.0,,,68.323685,65.510361,2.612376,CON,,,,,0.0,0.0,0.0,0
1191796,0.128001,0.128001,0.128001,0.128001,0.128001,0.128001,tcp,0.0,0.0,cs0,cs0,64.0,62.0,0.0,2.0,Start,13,7,6,1820,851,969,121.571426,161.5,96124.24219,45624.64063,50499.60547,0,0,0,0.0,0.0,0.0,93.749268,46.874634,39.062195,CON,68096.0,31104.0,,,0.016088,0.001038,0.01505,0
1191875,4.968122,4.968122,4.968122,4.968122,4.968122,4.968122,udp,0.0,0.0,cs0,cs0,117.0,64.0,11.0,0.0,Status,197,192,5,263780,260709,3071,1357.859375,614.200012,421582.25,417625.8125,3956.424561,0,0,0,0.0,,,39.451527,38.44511,0.805133,CON,,,,,0.0,0.0,0.0,0
1194749,4.957385,4.957385,4.957385,4.957385,4.957385,4.957385,udp,0.0,0.0,cs0,cs0,117.0,64.0,11.0,0.0,Status,118,105,13,143533,139889,3644,1332.276245,280.307678,229025.5781,223596.9063,5428.668457,0,0,0,0.0,,,23.601152,20.978802,2.420631,CON,,,,,0.0,0.0,0.0,0
1196822,0.000568,0.000568,0.000568,0.000568,0.000568,0.000568,sctp,186.0,40.0,ef,af11,255.0,250.0,1.0,6.0,Status,2,1,1,192,94,98,94.0,98.0,0.0,0.0,0.0,0,0,0,0.0,,,1760.563354,0.0,0.0,CON,,,,610.0,0.0,0.0,0.0,0
1200760,0.073066,0.073066,0.073066,0.073066,0.073066,0.073066,udp,0.0,0.0,cs0,cs0,64.0,117.0,0.0,11.0,Status,4,2,2,438,300,138,150.0,69.0,23978.31836,16423.50586,7554.812988,0,0,0,0.0,,,41.058765,13.686255,13.686255,CON,,,,,0.0,0.0,0.0,0
1202588,4.999286,4.999286,4.999286,4.999286,4.999286,4.999286,udp,0.0,0.0,cs0,cs0,117.0,64.0,11.0,0.0,Status,75,70,5,87901,83945,3956,1199.214233,791.200012,137477.2344,132412.5,5064.723145,0,0,0,0.0,,,14.802114,13.80197,0.800114,CON,,,,,0.0,0.0,0.0,0
1203640,0.056827,0.056827,0.056827,0.056827,0.056827,0.056827,udp,0.0,0.0,cs0,cs0,64.0,117.0,0.0,11.0,Status,4,2,2,438,300,138,150.0,69.0,30830.41406,21116.72266,9713.692383,0,0,0,0.0,,,52.791805,17.597269,17.597269,CON,,,,,0.0,0.0,0.0,0
1205864,0.192999,0.192999,0.192999,0.192999,0.192999,0.192999,udp,0.0,0.0,cs0,cs0,64.0,52.0,0.0,12.0,Start,18,10,8,12231,8018,4213,801.799988,526.625,451981.5938,299151.8125,152829.7969,0,0,0,0.0,,,88.083359,46.632366,36.269615,CON,,,,,0.0,0.0,0.0,0
1207554,0.079954,0.079954,0.079954,0.079954,0.079954,0.079954,udp,0.0,0.0,cs0,cs0,64.0,117.0,0.0,11.0,Status,4,2,2,438,300,138,150.0,69.0,21912.59961,15008.62988,6903.969727,0,0,0,0.0,,,37.521576,12.507192,12.507192,CON,,,,,0.0,0.0,0.0,0
1209709,0.061613,0.061613,0.061613,0.061613,0.061613,0.061613,udp,0.0,0.0,cs0,cs0,64.0,117.0,0.0,11.0,Status,10,5,5,1358,991,367,198.199997,73.400002,141139.0469,102965.2813,38173.76172,0,0,0,0.0,,,146.073074,64.921364,64.921364,CON,,,,,0.0,0.0,0.0,0
1210083,0.000169,0.000169,0.000169,0.000169,0.000169,0.000169,sctp,186.0,186.0,ef,ef,252.0,255.0,4.0,1.0,Status,2,1,1,200,102,98,102.0,98.0,0.0,0.0,0.0,0,0,0,0.0,,,5917.159668,0.0,0.0,CON,,,610.0,,0.0,0.0,0.0,0
1212160,0.192111,0.192111,0.192111,0.192111,0.192111,0.192111,udp,0.0,0.0,cs0,cs0,64.0,52.0,0.0,12.0,Start,18,10,8,11899,8017,3882,801.700012,485.25,441952.8438,300492.9375,141459.8906,0,0,0,0.0,,,88.490509,46.847916,36.437267,CON,,,,,0.0,0.0,0.0,0
1212313,0.072918,0.072918,0.072918,0.072918,0.072918,0.072918,udp,0.0,0.0,cs0,cs0,64.0,117.0,0.0,11.0,Status,8,5,3,1228,991,237,198.199997,79.0,104336.3906,87001.84375,17334.54102,0,0,0,0.0,,,95.998245,54.85614,27.42807,CON,,,,,0.0,0.0,0.0,0
1214027,0.073161,0.073161,0.073161,0.073161,0.073161,0.073161,udp,0.0,0.0,cs0,cs0,64.0,117.0,0.0,11.0,Status,11,5,6,1409,1009,400,201.800003,66.666664,124875.2813,88353.08594,36522.19141,0,0,0,0.0,,,136.684845,54.673939,68.342422,CON,,,,,0.0,0.0,0.0,0
1214036,0.053065,0.053065,0.053065,0.053065,0.053065,0.053065,udp,0.0,0.0,cs0,cs0,64.0,117.0,0.0,11.0,Status,4,2,2,438,300,138,150.0,69.0,33016.11328,22613.77539,10402.33691,0,0,0,0.0,,,56.534439,18.844814,18.844814,CON,,,,,0.0,0.0,0.0,0
1214121,0.510336,0.510336,0.510336,0.510336,0.510336,0.510336,udp,0.0,0.0,cs0,cs0,64.0,53.0,0.0,11.0,Start,30,18,12,17541,12605,4936,700.277771,411.333344,257555.8125,186622.1563,70933.66406,0,0,0,0.0,,,56.82531,33.31139,21.554428,CON,,,,,0.0,0.0,0.0,0
1214145,0.125775,0.125775,0.125775,0.125775,0.125775,0.125775,udp,0.0,0.0,cs0,cs0,64.0,117.0,0.0,11.0,Start,10,6,4,6720,3624,3096,604.0,774.0,339781.375,192089.0625,147692.3125,0,0,0,0.0,,,71.556351,39.753529,23.852118,CON,,,,,0.0,0.0,0.0,0
1214254,2.996032,2.996032,2.996032,2.996032,2.996032,2.996032,tcp,136.0,,af41,,255.0,,1.0,,Start,3,3,0,222,222,0,74.0,0.0,395.189362,395.189362,0.0,2,2,0,40.0,0.0,0.0,0.66755,0.66755,0.0,REQ,3737600.0,,,,0.0,0.0,0.0,0
1214289,0.0,0.0,0.0,0.0,0.0,0.0,udp,0.0,,cs0,,249.0,,7.0,,Start,1,1,0,74,74,0,74.0,0.0,0.0,0.0,0.0,0,0,0,0.0,,,0.0,0.0,0.0,INT,,,610.0,,0.0,0.0,0.0,0
1214406,0.064895,0.064895,0.064895,0.064895,0.064895,0.064895,udp,0.0,0.0,cs0,cs0,64.0,117.0,0.0,11.0,Status,6,3,3,732,532,200,177.333328,66.666664,60281.99609,43763.00391,16518.99219,0,0,0,0.0,,,77.047539,30.819017,30.819017,CON,,,,,0.0,0.0,0.0,0
1214412,0.231294,0.231294,0.231294,0.231294,0.231294,0.231294,udp,0.0,0.0,cs0,cs0,117.0,64.0,11.0,0.0,Status,166,153,13,210351,206693,3658,1350.934692,281.384613,7219210.0,7102406.5,116803.7188,0,0,0,0.0,,,713.377747,657.172241,51.882019,CON,,,,,0.0,0.0,0.0,0
1214422,4.999544,4.999544,4.999544,4.999544,4.999544,4.999544,udp,0.0,0.0,cs0,cs0,117.0,64.0,11.0,0.0,Status,146,132,14,174503,170138,4365,1288.924194,311.785706,276671.625,270184.625,6486.991211,0,0,0,0.0,,,29.002644,26.202389,2.600237,CON,,,,,0.0,0.0,0.0,0
1214462,4.997996,4.997996,4.997996,4.997996,4.997996,4.997996,udp,0.0,0.0,cs0,cs0,117.0,64.0,11.0,0.0,Status,131,119,12,162962,159366,3596,1339.210083,299.666656,258221.9063,252944.5938,5277.31543,0,0,0,0.0,,,26.010426,23.609463,2.200882,CON,,,,,0.0,0.0,0.0,0
1214476,0.073044,0.073044,0.073044,0.073044,0.073044,0.073044,udp,0.0,0.0,cs0,cs0,64.0,117.0,0.0,11.0,Status,4,2,2,438,300,138,150.0,69.0,23985.54297,16428.45313,7557.088867,0,0,0,0.0,,,41.071133,13.690378,13.690378,CON,,,,,0.0,0.0,0.0,0
1214610,0.042759,0.042759,0.042759,0.042759,0.042759,0.042759,tcp,0.0,0.0,cs0,cs0,53.0,64.0,11.0,0.0,Start,5,3,2,354,198,156,66.0,78.0,39289.97266,24696.55469,14593.41895,0,0,0,0.0,0.0,0.0,93.547554,46.773777,23.386889,FIN,283.0,166.0,,,0.0,0.0,0.0,0
1214637,0.0,0.0,0.0,0.0,0.0,0.0,tcp,0.0,0.0,cs0,cs0,116.0,64.0,12.0,0.0,Status,2,1,1,144,54,90,54.0,90.0,0.0,0.0,0.0,0,0,0,0.0,0.0,0.0,0.0,0.0,0.0,RST,305.0,164.0,,,0.0,0.0,0.0,0
1214674,0.000326,0.000326,0.000326,0.000326,0.000326,0.000326,udp,224.0,184.0,cs7,ef,250.0,255.0,6.0,1.0,Start,2,1,1,124,64,60,64.0,60.0,0.0,0.0,0.0,0,0,0,0.0,,,3067.484619,0.0,0.0,CON,,,610.0,,0.0,0.0,0.0,0
1214680,0.770814,0.770814,0.770814,0.770814,0.770814,0.770814,sctp,186.0,40.0,ef,af11,255.0,250.0,1.0,6.0,Status,8,4,4,3228,348,2880,87.0,720.0,25126.68359,2708.824707,22417.85938,0,0,0,0.0,,,9.081308,3.891989,3.891989,CON,,,,610.0,0.0,0.0,0.0,0
1214681,4.600357,4.600357,4.600357,4.600357,4.600357,4.600357,tcp,0.0,0.0,cs0,cs0,64.0,64.0,0.0,0.0,Start,26,15,11,5292,2622,2670,174.800003,242.72728,8479.341797,4257.061035,4222.280762,0,0,0,0.0,0.0,0.0,5.434361,3.043242,2.173744,CON,189.0,140.0,,,0.0,0.0,0.0,0
1214685,0.0,0.0,0.0,0.0,0.0,0.0,udp,0.0,,cs0,,249.0,,7.0,,Start,1,1,0,74,74,0,74.0,0.0,0.0,0.0,0.0,0,0,0,0.0,,,0.0,0.0,0.0,INT,,,610.0,,0.0,0.0,0.0,0
1214746,0.000558,0.000558,0.000558,0.000558,0.000558,0.000558,sctp,186.0,40.0,ef,af11,255.0,250.0,1.0,6.0,Status,2,1,1,192,94,98,94.0,98.0,0.0,0.0,0.0,0,0,0,0.0,,,1792.114746,0.0,0.0,CON,,,,610.0,0.0,0.0,0.0,0
1214762,0.0,0.0,0.0,0.0,0.0,0.0,udp,0.0,,cs0,,249.0,,7.0,,Start,1,1,0,64,64,0,64.0,0.0,0.0,0.0,0.0,0,0,0,0.0,,,0.0,0.0,0.0,INT,,,610.0,,0.0,0.0,0.0,0
1214835,0.0,0.0,0.0,0.0,0.0,0.0,sctp,186.0,40.0,ef,af11,255.0,250.0,1.0,6.0,Status,3,1,2,298,114,184,114.0,92.0,0.0,0.0,0.0,0,0,0,0.0,,,0.0,0.0,0.0,CON,,,,610.0,0.0,0.0,0.0,0
1215078,0.0,0.0,0.0,0.0,0.0,0.0,udp,0.0,,cs0,,249.0,,7.0,,Start,1,1,0,64,64,0,64.0,0.0,0.0,0.0,0.0,0,0,0,0.0,,,0.0,0.0,0.0,INT,,,610.0,,0.0,0.0,0.0,0
1215150,0.0,0.0,0.0,0.0,0.0,0.0,udp,0.0,,cs0,,249.0,,7.0,,Start,1,1,0,74,74,0,74.0,0.0,0.0,0.0,0.0,0,0,0,0.0,,,0.0,0.0,0.0,INT,,,610.0,,0.0,0.0,0.0,0
1215169,0.0,0.0,0.0,0.0,0.0,0.0,sctp,186.0,186.0,ef,ef,252.0,255.0,4.0,1.0,Status,2,1,1,200,102,98,102.0,98.0,0.0,0.0,0.0,0,0,0,0.0,,,0.0,0.0,0.0,CON,,,610.0,,0.0,0.0,0.0,0
1215318,0.0,0.0,0.0,0.0,0.0,0.0,udp,0.0,,cs0,,249.0,,7.0,,Start,1,1,0,74,74,0,74.0,0.0,0.0,0.0,0.0,0,0,0,0.0,,,0.0,0.0,0.0,INT,,,610.0,,0.0,0.0,0.0,0
1215323,0.0,0.0,0.0,0.0,0.0,0.0,udp,0.0,,cs0,,249.0,,7.0,,Start,1,1,0,74,74,0,74.0,0.0,0.0,0.0,0.0,0,0,0,0.0,,,0.0,0.0,0.0,INT,,,610.0,,0.0,0.0,0.0,0
1215396,0.0,0.0,0.0,0.0,0.0,0.0,udp,0.0,,cs0,,249.0,,7.0,,Start,1,1,0,74,74,0,74.0,0.0,0.0,0.0,0.0,0,0,0,0.0,,,0.0,0.0,0.0,INT,,,610.0,,0.0,0.0,0.0,0
1215408,0.0,0.0,0.0,0.0,0.0,0.0,udp,0.0,,cs0,,249.0,,7.0,,Start,1,1,0,74,74,0,74.0,0.0,0.0,0.0,0.0,0,0,0,0.0,,,0.0,0.0,0.0,INT,,,610.0,,0.0,0.0,0.0,0
1215410,0.0,0.0,0.0,0.0,0.0,0.0,udp,0.0,,cs0,,249.0,,7.0,,Start,1,1,0,74,74,0,74.0,0.0,0.0,0.0,0.0,0,0,0,0.0,,,0.0,0.0,0.0,INT,,,610.0,,0.0,0.0,0.0,0
1215580,0.000673,0.000673,0.000673,0.000673,0.000673,0.000673,sctp,186.0,40.0,ef,af11,255.0,250.0,1.0,6.0,Status,2,1,1,192,94,98,94.0,98.0,0.0,0.0,0.0,0,0,0,0.0,,,1485.884155,0.0,0.0,CON,,,,610.0,0.0,0.0,0.0,0
1215584,1e-06,1e-06,1e-06,1e-06,1e-06,1e-06,sctp,186.0,186.0,ef,ef,252.0,255.0,4.0,1.0,Status,2,1,1,200,102,98,102.0,98.0,0.0,0.0,0.0,0,0,0,0.0,,,1000000.0,0.0,0.0,CON,,,610.0,,0.0,0.0,0.0,0
1215596,3.461122,3.461122,3.461122,3.461122,3.461122,3.461122,tcp,0.0,0.0,cs0,cs0,64.0,63.0,0.0,1.0,Start,16,9,7,2511,1142,1369,126.888885,195.571426,5061.942383,2348.371338,2713.570801,0,0,0,0.0,0.0,0.0,4.333855,2.311389,1.733542,CON,69120.0,32256.0,,,0.015956,0.001212,0.014744,0
1215597,0.402755,0.402755,0.402755,0.402755,0.402755,0.402755,tcp,0.0,0.0,cs0,cs0,64.0,53.0,0.0,11.0,Start,30,17,13,9772,3208,6564,188.705887,504.923065,180357.7969,59986.83984,120370.9453,0,0,0,0.0,0.0,0.0,72.004074,39.726387,29.794788,CON,82944.0,69376.0,,,0.05601,0.02266,0.03335,0
1215627,0.0,0.0,0.0,0.0,0.0,0.0,udp,0.0,,cs0,,249.0,,7.0,,Start,1,1,0,74,74,0,74.0,0.0,0.0,0.0,0.0,0,0,0,0.0,,,0.0,0.0,0.0,INT,,,610.0,,0.0,0.0,0.0,0
1215711,0.0,0.0,0.0,0.0,0.0,0.0,udp,0.0,,cs0,,255.0,,1.0,,Start,1,1,0,60,60,0,60.0,0.0,0.0,0.0,0.0,0,0,0,0.0,,,0.0,0.0,0.0,INT,,,,,0.0,0.0,0.0,0
1215759,4.970206,4.970206,4.970206,4.970206,4.970206,4.970206,tcp,0.0,0.0,cs0,cs0,64.0,64.0,0.0,0.0,Status,27,18,9,2982,1764,1218,98.0,135.333328,4424.766602,2681.579102,1743.187378,0,0,0,0.0,0.0,0.0,5.231172,3.420382,1.609591,CON,91648.0,68608.0,,,0.110032,0.08565,0.024382,0
1215804,0.203636,0.203636,0.203636,0.203636,0.203636,0.203636,sctp,186.0,40.0,ef,af11,255.0,250.0,1.0,6.0,Status,4,2,2,364,192,172,96.0,86.0,7150.012695,3771.435303,3378.577393,0,0,0,0.0,,,14.732169,4.910723,4.910723,CON,,,,610.0,0.0,0.0,0.0,0
